n0096.etna0: [0/1]
>>>Initialized default header
[0;36m>>>[0mFound 1 input configurational files
[0mfluid165.conf 
fluid165.conf [[0;32mopened[0m]
getname: fluid165
step: 100000
specie: 384
	particle_diameter: 1.0000000000000000
	interaction_length: 1.1000000000000001
	number_of_patches: 3
	interaction_matrix:  1.000000 1.000000 1.000000 1.000000 1.000000 1.000000 1.000000 1.000000 1.000000
	patch_type: symmetric
	patch_width: 6.0000000000000000
	patch_angle: 0.0000000000000000
	angles:  0.000000 0.000000 0.000000
	grand_canonical: 0
	chemical_potential: 0.0000000000000000
box: 25.461460 25.461460
copy: 1.000000 1.000000
epsilon: 7.0471204188481673
end_epsilon: 0.0000000000000000
pressure: 0.1000000000000000
lambda: 1.0000000000000000
lambda_coupling: 1.0000000000000000
uy: 0.0000000000000000
maximum_displacement: 0.0699930027469087
maximum_rotation: 0.2798711777263940
maximum_volume: 0.0022919784105890
maximum_shape: 0.0000001000000000
maximum_dsigma: 0.0100000000000000
mod: 50
pmod: 50
optimize: 1
verbose: 0
snapshot: 0
seed: 1313
fluid165.en [[0;32mopened[0m]
fluid165.rho [[0;32mopened[0m]
fluid165.vol [[0;32mopened[0m]
>>>[0] Running NPT simulation
[0menergy=[0;31m492[0m energy_check=[0;31m492
[0m[0mChecksum: [0;32mpass
[0mfluid165.conf [[0;32mopened[0m]
fluid165.eps [[0;32mopened[0m]
