#Configurational_file created 2018-09-14 13:46:41  started 2018-09-14 13:46:41 run for 0.0s steps 0
name: gc_167
step: 10000
specie: 12
	particle_diameter: 1.0000000000000000
	interaction_length: 1.2000000000000000
	number_of_patches: 3
	number_of_particles_per_compound: 1
	rod_length: 1.0000000000000000
	interaction_matrix:  1.000000 1.000000 1.000000 1.000000 1.000000 1.000000 1.000000 1.000000 1.000000
	patch_type: symmetric
	patch_width: 8.0000000000000000
	patch_angle: 0.0000000000000000
	angles:  0.000000 0.000000 0.000000
	grand_canonical: 1
	chemical_potential: -2.3103449999999999
box: 10.000000 10.000000
copy: 1.000000 1.000000
epsilon: 0.2758630000000000
end_epsilon: 0.0000000000000000
pressure: 1.0000000000000000
lambda: 0.0000000000000000
lambda_coupling: 1.0000000000000000
uy: 0.0000000000000000
maximum_displacement: 1.0000000000000000
maximum_rotation: 1.0000000000000000
maximum_volume: 0.0000001000000000
maximum_shape: 0.0000001000000000
maximum_dsigma: 0.0100000000000000
mod: 10
pmod: 10
optimize: 1
verbose: 1
snapshot: 0
display: 1
explore: 1
npt: 0
nptxy: 0
nptdxdy: 0
shape: 0
seed: 192670
4.763631778016 22.301003336139 0.866025403784 0.500000000000
2.257126889239 10.396976652845 0.866025403784 -0.500000000000
25.268402992306 30.795163845442 0.866025403784 0.500000000000
26.182054792505 -7.808112769454 0.866025403784 0.500000000000
-1.516337662758 6.523352108366 0.866025403784 0.500000000000
-3.815156502992 -5.963943419501 0.866025403784 -0.500000000000
16.018921861556 8.061385088998 0.866025403784 0.500000000000
-2.195089723247 4.968042116858 0.000000000000 1.000000000000
12.140037281463 2.594571313434 0.000000000000 1.000000000000
2.865129600442 9.116590442300 0.866025403784 -0.500000000000
10.736492517805 -0.802255992434 0.866025403784 0.500000000000
3.612227538568 3.740105168295 0.866025403784 0.500000000000
