#Configurational_file created 2018-09-14 13:46:09  started 2018-09-14 13:46:09 run for 0.0s steps 0
name: gc_115
step: 10000
specie: 8
	particle_diameter: 1.0000000000000000
	interaction_length: 1.2000000000000000
	number_of_patches: 3
	number_of_particles_per_compound: 1
	rod_length: 1.0000000000000000
	interaction_matrix:  1.000000 1.000000 1.000000 1.000000 1.000000 1.000000 1.000000 1.000000 1.000000
	patch_type: symmetric
	patch_width: 8.0000000000000000
	patch_angle: 0.0000000000000000
	angles:  0.000000 0.000000 0.000000
	grand_canonical: 1
	chemical_potential: -2.5862069999999999
box: 10.000000 10.000000
copy: 1.000000 1.000000
epsilon: 0.4137930000000000
end_epsilon: 0.0000000000000000
pressure: 1.0000000000000000
lambda: 0.0000000000000000
lambda_coupling: 1.0000000000000000
uy: 0.0000000000000000
maximum_displacement: 1.0000000000000000
maximum_rotation: 1.0000000000000000
maximum_volume: 0.0000001000000000
maximum_shape: 0.0000001000000000
maximum_dsigma: 0.0100000000000000
mod: 10
pmod: 10
optimize: 1
verbose: 1
snapshot: 0
display: 1
explore: 1
npt: 0
nptxy: 0
nptdxdy: 0
shape: 0
seed: 133546
0.491604576099 3.090738806817 0.000000000000 1.000000000000
2.397212180621 14.266271371477 0.866025403784 0.500000000000
2.113464012579 10.027231749199 0.000000000000 1.000000000000
2.810785558524 8.101296286944 0.000000000000 1.000000000000
-6.764296487409 0.613810925057 0.866025403784 -0.500000000000
-3.377348706212 -1.335504970536 0.866025403784 -0.500000000000
13.647669641198 2.685156079521 0.866025403784 0.500000000000
3.759718129769 4.891413411839 0.000000000000 1.000000000000
