#Configurational_file created 2018-09-14 11:23:45  started 2018-09-14 11:23:44 run for 1.0s steps 0
name: gc_197
step: 10000
specie: 14
	particle_diameter: 1.0000000000000000
	interaction_length: 1.2000000000000000
	number_of_patches: 3
	number_of_particles_per_compound: 1
	rod_length: 1.0000000000000000
	interaction_matrix:  1.000000 1.000000 1.000000 1.000000 1.000000 1.000000 1.000000 1.000000 1.000000
	patch_type: symmetric
	patch_width: 8.0000000000000000
	patch_angle: 0.0000000000000000
	angles:  0.000000 0.000000 0.000000
	grand_canonical: 1
	chemical_potential: -1.8333330000000001
box: 10.000000 10.000000
copy: 1.000000 1.000000
epsilon: 1.7500119999999999
end_epsilon: 0.0000000000000000
pressure: 1.0000000000000000
lambda: 0.0000000000000000
lambda_coupling: 1.0000000000000000
uy: 0.0000000000000000
maximum_displacement: 1.0000000000000000
maximum_rotation: 1.0000000000000000
maximum_volume: 0.0000001000000000
maximum_shape: 0.0000001000000000
maximum_dsigma: 0.0100000000000000
mod: 10
pmod: 10
optimize: 1
verbose: 1
snapshot: 0
display: 1
explore: 1
npt: 0
nptxy: 0
nptdxdy: 0
shape: 0
seed: 226780
2.884896348162 4.651378176631 0.000000000000 1.000000000000
-4.726746886044 14.537773705917 0.000000000000 1.000000000000
-0.992439389259 9.282453302353 0.866025403784 -0.500000000000
0.244067072126 5.410862383024 0.866025403784 0.500000000000
-6.023252318814 -0.145305966302 0.866025403784 0.500000000000
11.437743106133 5.758171931245 0.000000000000 1.000000000000
-8.969375586130 6.839113739398 0.000000000000 1.000000000000
-0.529580244791 1.280158855667 0.866025403784 0.500000000000
11.962326976964 2.367420025131 0.866025403784 0.500000000000
2.099058992303 0.388995613505 0.866025403784 0.500000000000
9.169025116622 4.302959400474 0.866025403784 -0.500000000000
10.170268403332 -0.305389323600 0.000000000000 1.000000000000
5.899000491103 -2.225157247491 0.000000000000 1.000000000000
9.292052818575 1.864043106090 0.866025403784 -0.500000000000
