#Configurational_file created 2018-09-14 13:46:37  started 2018-09-14 13:46:36 run for 1.0s steps 0
name: gc_160
step: 10000
specie: 8
	particle_diameter: 1.0000000000000000
	interaction_length: 1.2000000000000000
	number_of_patches: 3
	number_of_particles_per_compound: 1
	rod_length: 1.0000000000000000
	interaction_matrix:  1.000000 1.000000 1.000000 1.000000 1.000000 1.000000 1.000000 1.000000 1.000000
	patch_type: symmetric
	patch_width: 8.0000000000000000
	patch_angle: 0.0000000000000000
	angles:  0.000000 0.000000 0.000000
	grand_canonical: 1
	chemical_potential: -2.3103449999999999
box: 10.000000 10.000000
copy: 1.000000 1.000000
epsilon: 0.1551730000000000
end_epsilon: 0.0000000000000000
pressure: 1.0000000000000000
lambda: 0.0000000000000000
lambda_coupling: 1.0000000000000000
uy: 0.0000000000000000
maximum_displacement: 1.0000000000000000
maximum_rotation: 1.0000000000000000
maximum_volume: 0.0000001000000000
maximum_shape: 0.0000001000000000
maximum_dsigma: 0.0100000000000000
mod: 10
pmod: 10
optimize: 1
verbose: 1
snapshot: 0
display: 1
explore: 1
npt: 0
nptxy: 0
nptdxdy: 0
shape: 0
seed: 184711
0.345275326541 1.467786931499 0.866025403784 -0.500000000000
15.275147700572 7.658279409307 0.000000000000 1.000000000000
0.939094880066 8.319835027676 0.866025403784 -0.500000000000
9.961673044649 -16.001597625238 0.000000000000 1.000000000000
7.743759529766 1.742198802871 0.866025403784 -0.500000000000
3.117427677121 1.610471950729 0.866025403784 -0.500000000000
8.835997167861 0.162892800477 0.866025403784 -0.500000000000
7.257637440566 7.233610091629 0.866025403784 0.500000000000
