#Configurational_file created 2018-09-14 11:51:08  started 2018-09-14 11:51:07 run for 1.0s steps 0
name: gc_173
step: 10000
specie: 8
	particle_diameter: 1.0000000000000000
	interaction_length: 1.2000000000000000
	number_of_patches: 3
	number_of_particles_per_compound: 1
	rod_length: 1.0000000000000000
	interaction_matrix:  1.000000 1.000000 1.000000 1.000000 1.000000 1.000000 1.000000 1.000000 1.000000
	patch_type: symmetric
	patch_width: 8.0000000000000000
	patch_angle: 0.0000000000000000
	angles:  0.000000 0.000000 0.000000
	grand_canonical: 1
	chemical_potential: -2.0000000000000000
box: 10.000000 10.000000
copy: 1.000000 1.000000
epsilon: 0.0916670000000000
end_epsilon: 0.0000000000000000
pressure: 1.0000000000000000
lambda: 0.0000000000000000
lambda_coupling: 1.0000000000000000
uy: 0.0000000000000000
maximum_displacement: 1.0000000000000000
maximum_rotation: 1.0000000000000000
maximum_volume: 0.0000001000000000
maximum_shape: 0.0000001000000000
maximum_dsigma: 0.0100000000000000
mod: 10
pmod: 10
optimize: 1
verbose: 1
snapshot: 0
display: 1
explore: 1
npt: 0
nptxy: 0
nptdxdy: 0
shape: 0
seed: 199492
-4.339675781682 14.180692509909 0.866025403784 0.500000000000
3.034570705489 18.904373771878 0.866025403784 0.500000000000
-0.687062810752 5.822625622391 0.866025403784 -0.500000000000
1.093129238817 0.240782046399 0.000000000000 1.000000000000
14.570106697344 -4.039184091997 0.866025403784 -0.500000000000
2.372272561892 13.116034505498 0.866025403784 0.500000000000
9.085939248055 0.251550063949 0.866025403784 -0.500000000000
4.725204853555 0.153275068119 0.866025403784 -0.500000000000
