#Configurational_file created 2018-09-14 12:19:31  started 2018-09-14 12:19:31 run for 0.0s steps 0
name: gc_14
step: 10000
specie: 12
	particle_diameter: 1.0000000000000000
	interaction_length: 1.2000000000000000
	number_of_patches: 3
	number_of_particles_per_compound: 1
	rod_length: 1.0000000000000000
	interaction_matrix:  1.000000 1.000000 1.000000 1.000000 1.000000 1.000000 1.000000 1.000000 1.000000
	patch_type: symmetric
	patch_width: 8.0000000000000000
	patch_angle: 0.0000000000000000
	angles:  0.000000 0.000000 0.000000
	grand_canonical: 1
	chemical_potential: -2.0000000000000000
box: 10.000000 10.000000
copy: 1.000000 1.000000
epsilon: 0.1000000000000000
end_epsilon: 0.0000000000000000
pressure: 1.0000000000000000
lambda: 0.0000000000000000
lambda_coupling: 1.0000000000000000
uy: 0.0000000000000000
maximum_displacement: 1.0000000000000000
maximum_rotation: 1.0000000000000000
maximum_volume: 0.0000001000000000
maximum_shape: 0.0000001000000000
maximum_dsigma: 0.0100000000000000
mod: 10
pmod: 10
optimize: 1
verbose: 1
snapshot: 0
display: 1
explore: 1
npt: 0
nptxy: 0
nptdxdy: 0
shape: 0
seed: 18709
-3.281423592016 -0.201282736117 0.866025403784 -0.500000000000
-6.198928373156 -1.261712764022 0.866025403784 0.500000000000
3.272572812832 10.737315807062 0.000000000000 1.000000000000
7.277637933279 3.966421008814 0.866025403784 0.500000000000
11.792206265672 23.386468173981 0.866025403784 -0.500000000000
9.194354355470 4.256925896454 0.866025403784 -0.500000000000
8.337289394883 5.661962620429 0.866025403784 0.500000000000
8.747567239502 -3.389041326740 0.866025403784 -0.500000000000
7.094114313936 12.302061781939 0.866025403784 0.500000000000
-3.489509364733 7.206302022528 0.000000000000 1.000000000000
5.572570900727 3.386239291231 0.866025403784 0.500000000000
1.229387047739 0.650892546929 0.866025403784 0.500000000000
