#Configurational_file created 2018-09-14 11:23:33  started 2018-09-14 11:23:33 run for 0.0s steps 0
name: gc_180
step: 10000
specie: 7
	particle_diameter: 1.0000000000000000
	interaction_length: 1.2000000000000000
	number_of_patches: 3
	number_of_particles_per_compound: 1
	rod_length: 1.0000000000000000
	interaction_matrix:  1.000000 1.000000 1.000000 1.000000 1.000000 1.000000 1.000000 1.000000 1.000000
	patch_type: symmetric
	patch_width: 8.0000000000000000
	patch_angle: 0.0000000000000000
	angles:  0.000000 0.000000 0.000000
	grand_canonical: 1
	chemical_potential: -1.8333330000000001
box: 10.000000 10.000000
copy: 1.000000 1.000000
epsilon: 0.3334170000000000
end_epsilon: 0.0000000000000000
pressure: 1.0000000000000000
lambda: 0.0000000000000000
lambda_coupling: 1.0000000000000000
uy: 0.0000000000000000
maximum_displacement: 1.0000000000000000
maximum_rotation: 1.0000000000000000
maximum_volume: 0.0000001000000000
maximum_shape: 0.0000001000000000
maximum_dsigma: 0.0100000000000000
mod: 10
pmod: 10
optimize: 1
verbose: 1
snapshot: 0
display: 1
explore: 1
npt: 0
nptxy: 0
nptdxdy: 0
shape: 0
seed: 207451
-1.190323754606 12.615580640298 0.866025403784 0.500000000000
-3.308118146255 16.193893244128 0.866025403784 0.500000000000
5.090762153415 -38.838203304640 0.866025403784 0.500000000000
7.437186274636 4.865100302998 0.866025403784 0.500000000000
3.521131063480 -2.065882907500 0.866025403784 0.500000000000
9.569105736423 -0.235805725795 0.000000000000 1.000000000000
8.029403327979 9.115847368744 0.866025403784 -0.500000000000
