#Configurational_file created 2018-09-14 11:50:42  started 2018-09-14 11:50:41 run for 1.0s steps 0
name: gc_135
step: 10000
specie: 13
	particle_diameter: 1.0000000000000000
	interaction_length: 1.2000000000000000
	number_of_patches: 3
	number_of_particles_per_compound: 1
	rod_length: 1.0000000000000000
	interaction_matrix:  1.000000 1.000000 1.000000 1.000000 1.000000 1.000000 1.000000 1.000000 1.000000
	patch_type: symmetric
	patch_width: 8.0000000000000000
	patch_angle: 0.0000000000000000
	angles:  0.000000 0.000000 0.000000
	grand_canonical: 1
	chemical_potential: -2.1666669999999999
box: 10.000000 10.000000
copy: 1.000000 1.000000
epsilon: 0.0375010000000000
end_epsilon: 0.0000000000000000
pressure: 1.0000000000000000
lambda: 0.0000000000000000
lambda_coupling: 1.0000000000000000
uy: 0.0000000000000000
maximum_displacement: 1.0000000000000000
maximum_rotation: 1.0000000000000000
maximum_volume: 0.0000001000000000
maximum_shape: 0.0000001000000000
maximum_dsigma: 0.0100000000000000
mod: 10
pmod: 10
optimize: 1
verbose: 1
snapshot: 0
display: 1
explore: 1
npt: 0
nptxy: 0
nptdxdy: 0
shape: 0
seed: 156286
1.857559370638 1.070149989415 0.866025403784 0.500000000000
9.755878626250 0.678154983540 0.000000000000 1.000000000000
0.968182681666 -1.707131162595 0.866025403784 -0.500000000000
6.420447374770 -1.646395817921 0.866025403784 -0.500000000000
2.476536982339 16.145878444486 0.000000000000 1.000000000000
23.225671519361 0.477612461117 0.000000000000 1.000000000000
3.027113269580 3.188091141272 0.866025403784 -0.500000000000
4.848386288687 -4.229060382358 0.000000000000 1.000000000000
1.441717026725 3.628369492385 0.000000000000 1.000000000000
0.308009395670 3.755837611072 0.000000000000 1.000000000000
3.660692218579 17.837224784236 0.866025403784 -0.500000000000
10.300390395408 7.788326850327 0.000000000000 1.000000000000
9.026250603118 5.714450622540 0.000000000000 1.000000000000
