#Configurational_file created 2018-09-14 11:50:50  started 2018-09-14 11:50:49 run for 1.0s steps 0
name: gc_147
step: 10000
specie: 11
	particle_diameter: 1.0000000000000000
	interaction_length: 1.2000000000000000
	number_of_patches: 3
	number_of_particles_per_compound: 1
	rod_length: 1.0000000000000000
	interaction_matrix:  1.000000 1.000000 1.000000 1.000000 1.000000 1.000000 1.000000 1.000000 1.000000
	patch_type: symmetric
	patch_width: 8.0000000000000000
	patch_angle: 0.0000000000000000
	angles:  0.000000 0.000000 0.000000
	grand_canonical: 1
	chemical_potential: -2.1666669999999999
box: 10.000000 10.000000
copy: 1.000000 1.000000
epsilon: 0.0875000000000000
end_epsilon: 0.0000000000000000
pressure: 1.0000000000000000
lambda: 0.0000000000000000
lambda_coupling: 1.0000000000000000
uy: 0.0000000000000000
maximum_displacement: 1.0000000000000000
maximum_rotation: 1.0000000000000000
maximum_volume: 0.0000001000000000
maximum_shape: 0.0000001000000000
maximum_dsigma: 0.0100000000000000
mod: 10
pmod: 10
optimize: 1
verbose: 1
snapshot: 0
display: 1
explore: 1
npt: 0
nptxy: 0
nptdxdy: 0
shape: 0
seed: 169930
-6.588299600382 3.471289235316 0.000000000000 1.000000000000
5.789041463258 -0.283688807992 0.866025403784 -0.500000000000
3.665028382820 -3.822288367896 0.000000000000 1.000000000000
9.384257235357 7.580841608221 0.866025403784 0.500000000000
3.907849278769 -2.350353019546 0.000000000000 1.000000000000
2.511122081499 6.075345979730 0.866025403784 0.500000000000
10.270977415612 3.438379492735 0.000000000000 1.000000000000
-1.927700460915 2.752434716661 0.866025403784 -0.500000000000
5.131077347586 -4.489857014855 0.000000000000 1.000000000000
0.922774919962 7.398706337857 0.866025403784 -0.500000000000
0.240095590589 0.277457694915 0.000000000000 1.000000000000
