#Configurational_file created 2018-09-14 11:23:36  started 2018-09-14 11:23:35 run for 1.0s steps 0
name: gc_184
step: 10000
specie: 15
	particle_diameter: 1.0000000000000000
	interaction_length: 1.2000000000000000
	number_of_patches: 3
	number_of_particles_per_compound: 1
	rod_length: 1.0000000000000000
	interaction_matrix:  1.000000 1.000000 1.000000 1.000000 1.000000 1.000000 1.000000 1.000000 1.000000
	patch_type: symmetric
	patch_width: 8.0000000000000000
	patch_angle: 0.0000000000000000
	angles:  0.000000 0.000000 0.000000
	grand_canonical: 1
	chemical_potential: -1.8333330000000001
box: 10.000000 10.000000
copy: 1.000000 1.000000
epsilon: 0.6667330000000000
end_epsilon: 0.0000000000000000
pressure: 1.0000000000000000
lambda: 0.0000000000000000
lambda_coupling: 1.0000000000000000
uy: 0.0000000000000000
maximum_displacement: 1.0000000000000000
maximum_rotation: 1.0000000000000000
maximum_volume: 0.0000001000000000
maximum_shape: 0.0000001000000000
maximum_dsigma: 0.0100000000000000
mod: 10
pmod: 10
optimize: 1
verbose: 1
snapshot: 0
display: 1
explore: 1
npt: 0
nptxy: 0
nptdxdy: 0
shape: 0
seed: 211999
-8.727789241826 -13.368792624216 0.866025403784 0.500000000000
11.076050376819 8.462620575586 0.866025403784 -0.500000000000
-3.453958854271 -1.571955635013 0.866025403784 0.500000000000
1.617792859000 5.103129954515 0.866025403784 -0.500000000000
-3.973389186662 -8.576056833146 0.000000000000 1.000000000000
13.082561370035 3.038407225395 0.866025403784 0.500000000000
11.393052671864 -12.077506537338 0.000000000000 1.000000000000
-0.014973635074 8.511366755522 0.866025403784 0.500000000000
3.432699469190 -4.765982422956 0.000000000000 1.000000000000
2.488725857742 -3.280571183341 0.866025403784 0.500000000000
2.323771313508 -1.017801743972 0.866025403784 0.500000000000
3.894260933381 1.015209443186 0.866025403784 -0.500000000000
12.670115194149 1.094376726184 0.866025403784 0.500000000000
7.560151280243 1.422545910745 0.866025403784 -0.500000000000
4.595762580989 6.407994606695 0.866025403784 0.500000000000
