#Configurational_file created 2018-09-14 13:46:59  started 2018-09-14 13:46:58 run for 1.0s steps 0
name: gc_194
step: 10000
specie: 7
	particle_diameter: 1.0000000000000000
	interaction_length: 1.2000000000000000
	number_of_patches: 3
	number_of_particles_per_compound: 1
	rod_length: 1.0000000000000000
	interaction_matrix:  1.000000 1.000000 1.000000 1.000000 1.000000 1.000000 1.000000 1.000000 1.000000
	patch_type: symmetric
	patch_width: 8.0000000000000000
	patch_angle: 0.0000000000000000
	angles:  0.000000 0.000000 0.000000
	grand_canonical: 1
	chemical_potential: -2.1724139999999998
box: 10.000000 10.000000
copy: 1.000000 1.000000
epsilon: 0.2241380000000000
end_epsilon: 0.0000000000000000
pressure: 1.0000000000000000
lambda: 0.0000000000000000
lambda_coupling: 1.0000000000000000
uy: 0.0000000000000000
maximum_displacement: 1.0000000000000000
maximum_rotation: 1.0000000000000000
maximum_volume: 0.0000001000000000
maximum_shape: 0.0000001000000000
maximum_dsigma: 0.0100000000000000
mod: 10
pmod: 10
optimize: 1
verbose: 1
snapshot: 0
display: 1
explore: 1
npt: 0
nptxy: 0
nptdxdy: 0
shape: 0
seed: 223369
6.834471374951 20.093944346842 0.000000000000 1.000000000000
0.522884814696 32.707191027387 0.000000000000 1.000000000000
6.073298598194 17.122479155988 0.866025403784 0.500000000000
2.322238664334 5.687413883397 0.866025403784 0.500000000000
4.304069123770 13.319170925185 0.000000000000 1.000000000000
0.143079391040 6.745557413914 0.000000000000 1.000000000000
9.782791295145 3.853453356900 0.866025403784 0.500000000000
