#Configurational_file created 2018-09-14 11:22:57  started 2018-09-14 11:22:56 run for 1.0s steps 0
name: gc_124
step: 10000
specie: 9
	particle_diameter: 1.0000000000000000
	interaction_length: 1.2000000000000000
	number_of_patches: 3
	number_of_particles_per_compound: 1
	rod_length: 1.0000000000000000
	interaction_matrix:  1.000000 1.000000 1.000000 1.000000 1.000000 1.000000 1.000000 1.000000 1.000000
	patch_type: symmetric
	patch_width: 8.0000000000000000
	patch_angle: 0.0000000000000000
	angles:  0.000000 0.000000 0.000000
	grand_canonical: 1
	chemical_potential: -2.3333330000000001
box: 10.000000 10.000000
copy: 1.000000 1.000000
epsilon: 1.9166710000000000
end_epsilon: 0.0000000000000000
pressure: 1.0000000000000000
lambda: 0.0000000000000000
lambda_coupling: 1.0000000000000000
uy: 0.0000000000000000
maximum_displacement: 1.0000000000000000
maximum_rotation: 1.0000000000000000
maximum_volume: 0.0000001000000000
maximum_shape: 0.0000001000000000
maximum_dsigma: 0.0100000000000000
mod: 10
pmod: 10
optimize: 1
verbose: 1
snapshot: 0
display: 1
explore: 1
npt: 0
nptxy: 0
nptdxdy: 0
shape: 0
seed: 143779
9.081242634024 6.940731877871 0.866025403784 0.500000000000
0.448593625349 -4.230896318243 0.866025403784 -0.500000000000
3.268288682166 9.178093673034 0.000000000000 1.000000000000
1.073530823391 -1.897638627185 0.000000000000 1.000000000000
10.745678502463 -4.862934230519 0.866025403784 0.500000000000
5.723218189447 -1.720215611026 0.866025403784 -0.500000000000
5.326091437563 5.312883621630 0.866025403784 0.500000000000
7.074661858528 4.880320606391 0.866025403784 0.500000000000
4.124459432500 1.967996219073 0.866025403784 0.500000000000
