#Configurational_file created 2018-09-14 13:46:53  started 2018-09-14 13:46:52 run for 1.0s steps 0
name: gc_185
step: 10000
specie: 12
	particle_diameter: 1.0000000000000000
	interaction_length: 1.2000000000000000
	number_of_patches: 3
	number_of_particles_per_compound: 1
	rod_length: 1.0000000000000000
	interaction_matrix:  1.000000 1.000000 1.000000 1.000000 1.000000 1.000000 1.000000 1.000000 1.000000
	patch_type: symmetric
	patch_width: 8.0000000000000000
	patch_angle: 0.0000000000000000
	angles:  0.000000 0.000000 0.000000
	grand_canonical: 1
	chemical_potential: -2.1724139999999998
box: 10.000000 10.000000
copy: 1.000000 1.000000
epsilon: 0.0689660000000000
end_epsilon: 0.0000000000000000
pressure: 1.0000000000000000
lambda: 0.0000000000000000
lambda_coupling: 1.0000000000000000
uy: 0.0000000000000000
maximum_displacement: 1.0000000000000000
maximum_rotation: 1.0000000000000000
maximum_volume: 0.0000001000000000
maximum_shape: 0.0000001000000000
maximum_dsigma: 0.0100000000000000
mod: 10
pmod: 10
optimize: 1
verbose: 1
snapshot: 0
display: 1
explore: 1
npt: 0
nptxy: 0
nptdxdy: 0
shape: 0
seed: 213136
-2.056529087038 10.343512939414 0.000000000000 1.000000000000
-0.462602168708 11.529570949383 0.866025403784 0.500000000000
5.300130467820 -1.312162109604 0.866025403784 0.500000000000
8.534081761901 18.641933826952 0.866025403784 0.500000000000
3.691243476656 6.850046757195 0.866025403784 0.500000000000
-10.627312253194 4.514028943480 0.866025403784 -0.500000000000
3.783884628553 -0.541571458196 0.866025403784 -0.500000000000
12.485017411854 4.048830366559 0.866025403784 0.500000000000
6.114409795173 1.713707398066 0.866025403784 -0.500000000000
6.338161162369 3.471741159793 0.866025403784 0.500000000000
-7.030475283330 2.567394418178 0.866025403784 -0.500000000000
0.393042283347 -1.866579325939 0.866025403784 0.500000000000
