#Configurational_file created 2018-09-14 13:46:27  started 2018-09-14 13:46:26 run for 1.0s steps 0
name: gc_143
step: 10000
specie: 9
	particle_diameter: 1.0000000000000000
	interaction_length: 1.2000000000000000
	number_of_patches: 3
	number_of_particles_per_compound: 1
	rod_length: 1.0000000000000000
	interaction_matrix:  1.000000 1.000000 1.000000 1.000000 1.000000 1.000000 1.000000 1.000000 1.000000
	patch_type: symmetric
	patch_width: 8.0000000000000000
	patch_angle: 0.0000000000000000
	angles:  0.000000 0.000000 0.000000
	grand_canonical: 1
	chemical_potential: -2.4482759999999999
box: 10.000000 10.000000
copy: 1.000000 1.000000
epsilon: 0.3793110000000000
end_epsilon: 0.0000000000000000
pressure: 1.0000000000000000
lambda: 0.0000000000000000
lambda_coupling: 1.0000000000000000
uy: 0.0000000000000000
maximum_displacement: 1.0000000000000000
maximum_rotation: 1.0000000000000000
maximum_volume: 0.0000001000000000
maximum_shape: 0.0000001000000000
maximum_dsigma: 0.0100000000000000
mod: 10
pmod: 10
optimize: 1
verbose: 1
snapshot: 0
display: 1
explore: 1
npt: 0
nptxy: 0
nptdxdy: 0
shape: 0
seed: 165382
-9.511314169428 8.297826217546 0.000000000000 1.000000000000
5.821699318301 5.131213383578 0.866025403784 0.500000000000
-4.896062614732 -2.887637838189 0.866025403784 0.500000000000
8.394252804397 7.949821320815 0.000000000000 1.000000000000
13.706279223055 2.419551071221 0.000000000000 1.000000000000
5.461592018999 2.516770843261 0.000000000000 1.000000000000
5.550625310592 9.593760596460 0.000000000000 1.000000000000
0.941220398615 2.429303470527 0.000000000000 1.000000000000
-3.737387021024 0.343684789693 0.000000000000 1.000000000000
