#Configurational_file created 2018-09-11 17:03:40  started 2018-09-11 17:03:40 run for 0.0s steps 0
name: gc_13
step: 10000
specie: 13
	particle_diameter: 1.0000000000000000
	interaction_length: 1.2000000000000000
	number_of_patches: 3
	number_of_particles_per_compound: 1
	rod_length: 1.0000000000000000
	interaction_matrix:  1.000000 1.000000 1.000000 1.000000 1.000000 1.000000 1.000000 1.000000 1.000000
	patch_type: symmetric
	patch_width: 8.0000000000000000
	patch_angle: 0.0000000000000000
	angles:  0.000000 0.000000 0.000000
	grand_canonical: 1
	chemical_potential: -2.0000000000000000
box: 10.000000 10.000000
copy: 1.000000 1.000000
epsilon: 1.6666829999999999
end_epsilon: 0.0000000000000000
pressure: 1.0000000000000000
lambda: 0.0000000000000000
lambda_coupling: 1.0000000000000000
uy: 0.0000000000000000
maximum_displacement: 1.0000000000000000
maximum_rotation: 1.0000000000000000
maximum_volume: 0.0000001000000000
maximum_shape: 0.0000001000000000
maximum_dsigma: 0.0100000000000000
mod: 10
pmod: 10
optimize: 1
verbose: 1
snapshot: 0
display: 1
explore: 1
npt: 0
nptxy: 0
nptdxdy: 0
shape: 0
seed: 17651
16.208126522605 6.958990348253 0.000000000000 1.000000000000
11.951931499942 14.467364698677 0.000000000000 1.000000000000
-0.265262712753 2.130351724063 0.000000000000 1.000000000000
4.016063621394 -15.178261686086 0.866025403784 -0.500000000000
1.105850809201 -3.065555547221 0.866025403784 0.500000000000
-10.860950333030 13.052285715602 0.866025403784 -0.500000000000
5.417539229234 7.541397604101 0.866025403784 0.500000000000
-8.174336866446 -1.443196812647 0.866025403784 -0.500000000000
2.702214596956 2.364391708424 0.866025403784 0.500000000000
5.686095968890 3.314751919734 0.866025403784 0.500000000000
8.489661077162 1.062995177911 0.866025403784 -0.500000000000
4.520033773516 3.121621504681 0.866025403784 0.500000000000
-0.718595154291 0.173754354820 0.866025403784 -0.500000000000
