#Configurational_file created 2018-09-14 11:50:32  started 2018-09-14 11:50:31 run for 1.0s steps 0
name: gc_120
step: 10000
specie: 6
	particle_diameter: 1.0000000000000000
	interaction_length: 1.2000000000000000
	number_of_patches: 3
	number_of_particles_per_compound: 1
	rod_length: 1.0000000000000000
	interaction_matrix:  1.000000 1.000000 1.000000 1.000000 1.000000 1.000000 1.000000 1.000000 1.000000
	patch_type: symmetric
	patch_width: 8.0000000000000000
	patch_angle: 0.0000000000000000
	angles:  0.000000 0.000000 0.000000
	grand_canonical: 1
	chemical_potential: -2.3333330000000001
box: 10.000000 10.000000
copy: 1.000000 1.000000
epsilon: 0.0791670000000000
end_epsilon: 0.0000000000000000
pressure: 1.0000000000000000
lambda: 0.0000000000000000
lambda_coupling: 1.0000000000000000
uy: 0.0000000000000000
maximum_displacement: 1.0000000000000000
maximum_rotation: 1.0000000000000000
maximum_volume: 0.0000001000000000
maximum_shape: 0.0000001000000000
maximum_dsigma: 0.0100000000000000
mod: 10
pmod: 10
optimize: 1
verbose: 1
snapshot: 0
display: 1
explore: 1
npt: 0
nptxy: 0
nptdxdy: 0
shape: 0
seed: 139231
-8.784414876604 -0.285264812603 0.866025403784 -0.500000000000
10.901191752590 5.699838092276 0.866025403784 -0.500000000000
-2.289548355436 3.284861306307 0.866025403784 -0.500000000000
2.227042990857 8.948749596572 0.866025403784 -0.500000000000
-2.407804138962 -0.858801917824 0.866025403784 -0.500000000000
1.518131303202 14.433448626842 0.866025403784 0.500000000000
