#Configurational_file created 2018-09-14 11:50:35  started 2018-09-14 11:50:34 run for 1.0s steps 0
name: gc_124
step: 10000
specie: 8
	particle_diameter: 1.0000000000000000
	interaction_length: 1.2000000000000000
	number_of_patches: 3
	number_of_particles_per_compound: 1
	rod_length: 1.0000000000000000
	interaction_matrix:  1.000000 1.000000 1.000000 1.000000 1.000000 1.000000 1.000000 1.000000 1.000000
	patch_type: symmetric
	patch_width: 8.0000000000000000
	patch_angle: 0.0000000000000000
	angles:  0.000000 0.000000 0.000000
	grand_canonical: 1
	chemical_potential: -2.3333330000000001
box: 10.000000 10.000000
copy: 1.000000 1.000000
epsilon: 0.0958330000000000
end_epsilon: 0.0000000000000000
pressure: 1.0000000000000000
lambda: 0.0000000000000000
lambda_coupling: 1.0000000000000000
uy: 0.0000000000000000
maximum_displacement: 1.0000000000000000
maximum_rotation: 1.0000000000000000
maximum_volume: 0.0000001000000000
maximum_shape: 0.0000001000000000
maximum_dsigma: 0.0100000000000000
mod: 10
pmod: 10
optimize: 1
verbose: 1
snapshot: 0
display: 1
explore: 1
npt: 0
nptxy: 0
nptdxdy: 0
shape: 0
seed: 143779
4.835515959283 5.330891484328 0.866025403784 -0.500000000000
8.224630775027 2.228767668262 0.866025403784 0.500000000000
8.151741726671 -4.380573538445 0.866025403784 0.500000000000
-9.079185085813 -1.726967410723 0.866025403784 -0.500000000000
10.586135185975 7.685228845970 0.000000000000 1.000000000000
7.800298394514 20.696875520758 0.866025403784 0.500000000000
3.270933623687 3.907079248875 0.000000000000 1.000000000000
3.945976794916 8.623426584280 0.000000000000 1.000000000000
