#Configurational_file created 2018-09-14 11:50:57  started 2018-09-14 11:50:57 run for 0.0s steps 0
name: gc_158
step: 10000
specie: 10
	particle_diameter: 1.0000000000000000
	interaction_length: 1.2000000000000000
	number_of_patches: 3
	number_of_particles_per_compound: 1
	rod_length: 1.0000000000000000
	interaction_matrix:  1.000000 1.000000 1.000000 1.000000 1.000000 1.000000 1.000000 1.000000 1.000000
	patch_type: symmetric
	patch_width: 8.0000000000000000
	patch_angle: 0.0000000000000000
	angles:  0.000000 0.000000 0.000000
	grand_canonical: 1
	chemical_potential: -2.0000000000000000
box: 10.000000 10.000000
copy: 1.000000 1.000000
epsilon: 0.0291670000000000
end_epsilon: 0.0000000000000000
pressure: 1.0000000000000000
lambda: 0.0000000000000000
lambda_coupling: 1.0000000000000000
uy: 0.0000000000000000
maximum_displacement: 1.0000000000000000
maximum_rotation: 1.0000000000000000
maximum_volume: 0.0000001000000000
maximum_shape: 0.0000001000000000
maximum_dsigma: 0.0100000000000000
mod: 10
pmod: 10
optimize: 1
verbose: 1
snapshot: 0
display: 1
explore: 1
npt: 0
nptxy: 0
nptdxdy: 0
shape: 0
seed: 182437
2.325812372101 6.808708213913 0.866025403784 -0.500000000000
3.311815459451 10.272294933456 0.866025403784 0.500000000000
10.423203539441 7.370851409780 0.000000000000 1.000000000000
-2.163708062789 2.595836418803 0.866025403784 0.500000000000
13.356384188268 4.661486840032 0.000000000000 1.000000000000
-14.175272586191 -21.041082542687 0.866025403784 -0.500000000000
1.296390660405 9.919160743125 0.000000000000 1.000000000000
-6.144638032406 3.408388146874 0.000000000000 1.000000000000
3.185000810611 11.561608144821 0.866025403784 -0.500000000000
4.851563245176 8.744756261671 0.866025403784 0.500000000000
