#Configurational_file created 2018-09-14 11:23:40  started 2018-09-14 11:23:39 run for 1.0s steps 0
name: gc_190
step: 10000
specie: 15
	particle_diameter: 1.0000000000000000
	interaction_length: 1.2000000000000000
	number_of_patches: 3
	number_of_particles_per_compound: 1
	rod_length: 1.0000000000000000
	interaction_matrix:  1.000000 1.000000 1.000000 1.000000 1.000000 1.000000 1.000000 1.000000 1.000000
	patch_type: symmetric
	patch_width: 8.0000000000000000
	patch_angle: 0.0000000000000000
	angles:  0.000000 0.000000 0.000000
	grand_canonical: 1
	chemical_potential: -1.8333330000000001
box: 10.000000 10.000000
copy: 1.000000 1.000000
epsilon: 1.1667080000000001
end_epsilon: 0.0000000000000000
pressure: 1.0000000000000000
lambda: 0.0000000000000000
lambda_coupling: 1.0000000000000000
uy: 0.0000000000000000
maximum_displacement: 1.0000000000000000
maximum_rotation: 1.0000000000000000
maximum_volume: 0.0000001000000000
maximum_shape: 0.0000001000000000
maximum_dsigma: 0.0100000000000000
mod: 10
pmod: 10
optimize: 1
verbose: 1
snapshot: 0
display: 1
explore: 1
npt: 0
nptxy: 0
nptdxdy: 0
shape: 0
seed: 218821
21.937128789072 -6.154288599972 0.866025403784 0.500000000000
-23.338832875918 19.337439314837 0.000000000000 1.000000000000
9.134254845353 -0.349347380956 0.000000000000 1.000000000000
9.412242810482 3.998777081099 0.866025403784 0.500000000000
-0.378085985590 -2.669447353100 0.000000000000 1.000000000000
3.204091947604 -3.433394027908 0.866025403784 0.500000000000
-1.825767903866 13.156931977610 0.866025403784 -0.500000000000
0.581649259320 1.189410614105 0.866025403784 0.500000000000
8.573265410706 8.989917424206 0.866025403784 0.500000000000
3.963060147734 4.693989182870 0.866025403784 -0.500000000000
4.664002886445 8.908930995618 0.000000000000 1.000000000000
8.591201172748 10.553736196501 0.866025403784 -0.500000000000
12.956307992549 4.635072962027 0.866025403784 0.500000000000
2.833503394577 1.849104456632 0.000000000000 1.000000000000
2.863965547895 8.837466662078 0.866025403784 -0.500000000000
