#Configurational_file created 2018-09-14 11:22:49  started 2018-09-14 11:22:49 run for 0.0s steps 0
name: gc_112
step: 10000
specie: 7
	particle_diameter: 1.0000000000000000
	interaction_length: 1.2000000000000000
	number_of_patches: 3
	number_of_particles_per_compound: 1
	rod_length: 1.0000000000000000
	interaction_matrix:  1.000000 1.000000 1.000000 1.000000 1.000000 1.000000 1.000000 1.000000 1.000000
	patch_type: symmetric
	patch_width: 8.0000000000000000
	patch_angle: 0.0000000000000000
	angles:  0.000000 0.000000 0.000000
	grand_canonical: 1
	chemical_potential: -2.3333330000000001
box: 10.000000 10.000000
copy: 1.000000 1.000000
epsilon: 0.9167210000000000
end_epsilon: 0.0000000000000000
pressure: 1.0000000000000000
lambda: 0.0000000000000000
lambda_coupling: 1.0000000000000000
uy: 0.0000000000000000
maximum_displacement: 1.0000000000000000
maximum_rotation: 1.0000000000000000
maximum_volume: 0.0000001000000000
maximum_shape: 0.0000001000000000
maximum_dsigma: 0.0100000000000000
mod: 10
pmod: 10
optimize: 1
verbose: 1
snapshot: 0
display: 1
explore: 1
npt: 0
nptxy: 0
nptdxdy: 0
shape: 0
seed: 130135
8.607384292367 7.367131697817 0.866025403784 0.500000000000
15.744843908555 16.329448973685 0.866025403784 -0.500000000000
17.546404388169 3.594627990308 0.000000000000 1.000000000000
-6.024942953891 -3.448639173038 0.866025403784 0.500000000000
1.980027632447 -0.019229969603 0.866025403784 0.500000000000
2.393987313563 -1.311735582896 0.000000000000 1.000000000000
11.138814988797 7.605929668902 0.000000000000 1.000000000000
