#Configurational_file created 2018-09-14 11:23:46  started 2018-09-14 11:23:46 run for 0.0s steps 0
name: gc_199
step: 10000
specie: 7
	particle_diameter: 1.0000000000000000
	interaction_length: 1.2000000000000000
	number_of_patches: 3
	number_of_particles_per_compound: 1
	rod_length: 1.0000000000000000
	interaction_matrix:  1.000000 1.000000 1.000000 1.000000 1.000000 1.000000 1.000000 1.000000 1.000000
	patch_type: symmetric
	patch_width: 8.0000000000000000
	patch_angle: 0.0000000000000000
	angles:  0.000000 0.000000 0.000000
	grand_canonical: 1
	chemical_potential: -1.8333330000000001
box: 10.000000 10.000000
copy: 1.000000 1.000000
epsilon: 1.9166710000000000
end_epsilon: 0.0000000000000000
pressure: 1.0000000000000000
lambda: 0.0000000000000000
lambda_coupling: 1.0000000000000000
uy: 0.0000000000000000
maximum_displacement: 1.0000000000000000
maximum_rotation: 1.0000000000000000
maximum_volume: 0.0000001000000000
maximum_shape: 0.0000001000000000
maximum_dsigma: 0.0100000000000000
mod: 10
pmod: 10
optimize: 1
verbose: 1
snapshot: 0
display: 1
explore: 1
npt: 0
nptxy: 0
nptdxdy: 0
shape: 0
seed: 229054
-4.137656133702 10.885011120268 0.866025403784 0.500000000000
-0.244672669844 2.158919129635 0.000000000000 1.000000000000
-0.097267844485 5.409172618477 0.000000000000 1.000000000000
-1.016981851114 7.504959219940 0.866025403784 0.500000000000
12.198986218313 4.154418729291 0.866025403784 0.500000000000
17.152767301166 6.364488450643 0.866025403784 -0.500000000000
5.743021669273 3.787190773204 0.866025403784 -0.500000000000
