#Configurational_file created 2018-09-14 11:23:01  started 2018-09-14 11:23:01 run for 0.0s steps 0
name: gc_131
step: 10000
specie: 7
	particle_diameter: 1.0000000000000000
	interaction_length: 1.2000000000000000
	number_of_patches: 3
	number_of_particles_per_compound: 1
	rod_length: 1.0000000000000000
	interaction_matrix:  1.000000 1.000000 1.000000 1.000000 1.000000 1.000000 1.000000 1.000000 1.000000
	patch_type: symmetric
	patch_width: 8.0000000000000000
	patch_angle: 0.0000000000000000
	angles:  0.000000 0.000000 0.000000
	grand_canonical: 1
	chemical_potential: -2.1666669999999999
box: 10.000000 10.000000
copy: 1.000000 1.000000
epsilon: 0.4167460000000000
end_epsilon: 0.0000000000000000
pressure: 1.0000000000000000
lambda: 0.0000000000000000
lambda_coupling: 1.0000000000000000
uy: 0.0000000000000000
maximum_displacement: 1.0000000000000000
maximum_rotation: 1.0000000000000000
maximum_volume: 0.0000001000000000
maximum_shape: 0.0000001000000000
maximum_dsigma: 0.0100000000000000
mod: 10
pmod: 10
optimize: 1
verbose: 1
snapshot: 0
display: 1
explore: 1
npt: 0
nptxy: 0
nptdxdy: 0
shape: 0
seed: 151738
10.628045771007 2.672571038777 0.866025403784 -0.500000000000
24.601340980056 7.630795524090 0.866025403784 -0.500000000000
-0.401579362317 -5.764074917675 0.000000000000 1.000000000000
2.401357923636 7.964464682154 0.866025403784 0.500000000000
12.198141629291 6.567948284962 0.000000000000 1.000000000000
0.004464706885 5.663734030855 0.866025403784 0.500000000000
5.371657570418 7.133908721449 0.866025403784 0.500000000000
