#Configurational_file created 2018-09-11 17:03:45  started 2018-09-11 17:03:44 run for 1.0s steps 0
name: gc_19
step: 10000
specie: 21
	particle_diameter: 1.0000000000000000
	interaction_length: 1.2000000000000000
	number_of_patches: 3
	number_of_particles_per_compound: 1
	rod_length: 1.0000000000000000
	interaction_matrix:  1.000000 1.000000 1.000000 1.000000 1.000000 1.000000 1.000000 1.000000 1.000000
	patch_type: symmetric
	patch_width: 8.0000000000000000
	patch_angle: 0.0000000000000000
	angles:  0.000000 0.000000 0.000000
	grand_canonical: 1
	chemical_potential: -1.0000000000000000
box: 10.000000 10.000000
copy: 1.000000 1.000000
epsilon: 1.3333670000000000
end_epsilon: 0.0000000000000000
pressure: 1.0000000000000000
lambda: 0.0000000000000000
lambda_coupling: 1.0000000000000000
uy: 0.0000000000000000
maximum_displacement: 1.0000000000000000
maximum_rotation: 1.0000000000000000
maximum_volume: 0.0000001000000000
maximum_shape: 0.0000001000000000
maximum_dsigma: 0.0100000000000000
mod: 10
pmod: 10
optimize: 1
verbose: 1
snapshot: 0
display: 1
explore: 1
npt: 0
nptxy: 0
nptdxdy: 0
shape: 0
seed: 24473
1.715404636491 22.326008565718 0.000000000000 1.000000000000
5.246317775819 -3.946158730949 0.000000000000 1.000000000000
6.392876201078 10.427446445326 0.866025403784 0.500000000000
1.327195311626 -4.448396986699 0.866025403784 0.500000000000
8.033025937832 -1.483987787488 0.866025403784 0.500000000000
3.908507422463 4.766974745061 0.000000000000 1.000000000000
3.598301576537 7.188773310516 0.000000000000 1.000000000000
5.041465015421 -8.673460064475 0.000000000000 1.000000000000
13.320363722591 7.306722450417 0.866025403784 -0.500000000000
2.557096900317 3.399660523361 0.866025403784 -0.500000000000
13.423119320016 18.680668714475 0.866025403784 -0.500000000000
9.451954853999 4.585355496867 0.000000000000 1.000000000000
7.270982646176 7.381886032153 0.866025403784 0.500000000000
9.998342808645 -2.754967202854 0.866025403784 -0.500000000000
13.816019211481 1.682972274304 0.866025403784 -0.500000000000
16.064794751952 -1.351274474025 0.866025403784 0.500000000000
19.030981269015 17.338150590663 0.866025403784 0.500000000000
12.581688922795 10.001296650703 0.866025403784 0.500000000000
11.854481270364 6.352283690785 0.000000000000 1.000000000000
1.686333823180 11.003741767132 0.866025403784 0.500000000000
4.986954313925 8.177509591116 0.866025403784 -0.500000000000
