#Configurational_file created 2018-09-14 11:50:50  started 2018-09-14 11:50:50 run for 0.0s steps 0
name: gc_148
step: 10000
specie: 6
	particle_diameter: 1.0000000000000000
	interaction_length: 1.2000000000000000
	number_of_patches: 3
	number_of_particles_per_compound: 1
	rod_length: 1.0000000000000000
	interaction_matrix:  1.000000 1.000000 1.000000 1.000000 1.000000 1.000000 1.000000 1.000000 1.000000
	patch_type: symmetric
	patch_width: 8.0000000000000000
	patch_angle: 0.0000000000000000
	angles:  0.000000 0.000000 0.000000
	grand_canonical: 1
	chemical_potential: -2.1666669999999999
box: 10.000000 10.000000
copy: 1.000000 1.000000
epsilon: 0.0916670000000000
end_epsilon: 0.0000000000000000
pressure: 1.0000000000000000
lambda: 0.0000000000000000
lambda_coupling: 1.0000000000000000
uy: 0.0000000000000000
maximum_displacement: 1.0000000000000000
maximum_rotation: 1.0000000000000000
maximum_volume: 0.0000001000000000
maximum_shape: 0.0000001000000000
maximum_dsigma: 0.0100000000000000
mod: 10
pmod: 10
optimize: 1
verbose: 1
snapshot: 0
display: 1
explore: 1
npt: 0
nptxy: 0
nptdxdy: 0
shape: 0
seed: 171067
-3.738431023918 16.247108783094 0.000000000000 1.000000000000
1.707690762112 1.444216556974 0.000000000000 1.000000000000
5.687057551492 -12.330903127109 0.866025403784 0.500000000000
18.494236588698 7.888460933585 0.866025403784 0.500000000000
-12.111035834358 5.068510375437 0.866025403784 -0.500000000000
4.767456629612 3.237019574215 0.866025403784 -0.500000000000
