#Configurational_file created 2018-09-14 11:23:33  started 2018-09-14 11:23:32 run for 1.0s steps 0
name: gc_179
step: 10000
specie: 11
	particle_diameter: 1.0000000000000000
	interaction_length: 1.2000000000000000
	number_of_patches: 3
	number_of_particles_per_compound: 1
	rod_length: 1.0000000000000000
	interaction_matrix:  1.000000 1.000000 1.000000 1.000000 1.000000 1.000000 1.000000 1.000000 1.000000
	patch_type: symmetric
	patch_width: 8.0000000000000000
	patch_angle: 0.0000000000000000
	angles:  0.000000 0.000000 0.000000
	grand_canonical: 1
	chemical_potential: -1.8333330000000001
box: 10.000000 10.000000
copy: 1.000000 1.000000
epsilon: 0.2500870000000000
end_epsilon: 0.0000000000000000
pressure: 1.0000000000000000
lambda: 0.0000000000000000
lambda_coupling: 1.0000000000000000
uy: 0.0000000000000000
maximum_displacement: 1.0000000000000000
maximum_rotation: 1.0000000000000000
maximum_volume: 0.0000001000000000
maximum_shape: 0.0000001000000000
maximum_dsigma: 0.0100000000000000
mod: 10
pmod: 10
optimize: 1
verbose: 1
snapshot: 0
display: 1
explore: 1
npt: 0
nptxy: 0
nptdxdy: 0
shape: 0
seed: 206314
1.674669678089 14.770997997472 0.000000000000 1.000000000000
-6.056927559742 11.391731124570 0.866025403784 -0.500000000000
2.008464455751 -1.067587271163 0.000000000000 1.000000000000
16.257475915705 14.473279775966 0.866025403784 0.500000000000
3.680461640987 5.690827355654 0.866025403784 -0.500000000000
9.107108935998 8.149417570546 0.866025403784 -0.500000000000
-4.843482992856 1.194312147452 0.866025403784 -0.500000000000
-2.839586128365 -4.474172422292 0.866025403784 -0.500000000000
10.744014367024 -4.099768145582 0.866025403784 -0.500000000000
0.517341544400 10.163806294045 0.000000000000 1.000000000000
4.706504012662 3.076639018889 0.000000000000 1.000000000000
