#Configurational_file created 2018-09-14 11:51:22  started 2018-09-14 11:51:21 run for 1.0s steps 0
name: gc_194
step: 10000
specie: 8
	particle_diameter: 1.0000000000000000
	interaction_length: 1.2000000000000000
	number_of_patches: 3
	number_of_particles_per_compound: 1
	rod_length: 1.0000000000000000
	interaction_matrix:  1.000000 1.000000 1.000000 1.000000 1.000000 1.000000 1.000000 1.000000 1.000000
	patch_type: symmetric
	patch_width: 8.0000000000000000
	patch_angle: 0.0000000000000000
	angles:  0.000000 0.000000 0.000000
	grand_canonical: 1
	chemical_potential: -1.8333330000000001
box: 10.000000 10.000000
copy: 1.000000 1.000000
epsilon: 0.0750000000000000
end_epsilon: 0.0000000000000000
pressure: 1.0000000000000000
lambda: 0.0000000000000000
lambda_coupling: 1.0000000000000000
uy: 0.0000000000000000
maximum_displacement: 1.0000000000000000
maximum_rotation: 1.0000000000000000
maximum_volume: 0.0000001000000000
maximum_shape: 0.0000001000000000
maximum_dsigma: 0.0100000000000000
mod: 10
pmod: 10
optimize: 1
verbose: 1
snapshot: 0
display: 1
explore: 1
npt: 0
nptxy: 0
nptdxdy: 0
shape: 0
seed: 223369
3.159689082998 11.788838989881 0.866025403784 -0.500000000000
8.959201246385 14.018397392026 0.866025403784 -0.500000000000
10.987648774146 3.726231481389 0.866025403784 0.500000000000
2.971130491518 9.939828597446 0.866025403784 0.500000000000
4.677113878499 11.041775048207 0.000000000000 1.000000000000
8.268793046774 11.667288091223 0.866025403784 -0.500000000000
10.250049090410 12.521299943836 0.000000000000 1.000000000000
5.582129233851 18.211973901744 0.866025403784 0.500000000000
