#Configurational_file created 2018-09-14 12:19:35  started 2018-09-14 12:19:34 run for 1.0s steps 0
name: gc_19
step: 10000
specie: 14
	particle_diameter: 1.0000000000000000
	interaction_length: 1.2000000000000000
	number_of_patches: 3
	number_of_particles_per_compound: 1
	rod_length: 1.0000000000000000
	interaction_matrix:  1.000000 1.000000 1.000000 1.000000 1.000000 1.000000 1.000000 1.000000 1.000000
	patch_type: symmetric
	patch_width: 8.0000000000000000
	patch_angle: 0.0000000000000000
	angles:  0.000000 0.000000 0.000000
	grand_canonical: 1
	chemical_potential: -1.5000000000000000
box: 10.000000 10.000000
copy: 1.000000 1.000000
epsilon: 0.0000010000000000
end_epsilon: 0.0000000000000000
pressure: 1.0000000000000000
lambda: 0.0000000000000000
lambda_coupling: 1.0000000000000000
uy: 0.0000000000000000
maximum_displacement: 1.0000000000000000
maximum_rotation: 1.0000000000000000
maximum_volume: 0.0000001000000000
maximum_shape: 0.0000001000000000
maximum_dsigma: 0.0100000000000000
mod: 10
pmod: 10
optimize: 1
verbose: 1
snapshot: 0
display: 1
explore: 1
npt: 0
nptxy: 0
nptdxdy: 0
shape: 0
seed: 24394
-0.037122722948 5.223483991190 0.866025403784 0.500000000000
0.074491724160 11.925542640165 0.866025403784 -0.500000000000
12.147137479910 17.207823322971 0.000000000000 1.000000000000
4.663498543058 12.076314023122 0.866025403784 0.500000000000
6.485347991439 7.901503412838 0.866025403784 0.500000000000
11.035314309609 17.772303036584 0.000000000000 1.000000000000
20.555834141320 -0.843039930330 0.866025403784 -0.500000000000
8.301750035272 -13.414449566492 0.000000000000 1.000000000000
2.394681582466 -9.062230293338 0.866025403784 -0.500000000000
9.053285178778 2.891935172093 0.866025403784 -0.500000000000
18.451681501882 4.075308297712 0.866025403784 -0.500000000000
7.822505380395 9.621864611127 0.000000000000 1.000000000000
3.612788290421 11.628348821760 0.866025403784 0.500000000000
4.841747475186 6.759995284936 0.866025403784 -0.500000000000
