#Configurational_file created 2018-09-14 11:23:06  started 2018-09-14 11:23:06 run for 0.0s steps 0
name: gc_139
step: 10000
specie: 11
	particle_diameter: 1.0000000000000000
	interaction_length: 1.2000000000000000
	number_of_patches: 3
	number_of_particles_per_compound: 1
	rod_length: 1.0000000000000000
	interaction_matrix:  1.000000 1.000000 1.000000 1.000000 1.000000 1.000000 1.000000 1.000000 1.000000
	patch_type: symmetric
	patch_width: 8.0000000000000000
	patch_angle: 0.0000000000000000
	angles:  0.000000 0.000000 0.000000
	grand_canonical: 1
	chemical_potential: -2.1666669999999999
box: 10.000000 10.000000
copy: 1.000000 1.000000
epsilon: 1.0833790000000001
end_epsilon: 0.0000000000000000
pressure: 1.0000000000000000
lambda: 0.0000000000000000
lambda_coupling: 1.0000000000000000
uy: 0.0000000000000000
maximum_displacement: 1.0000000000000000
maximum_rotation: 1.0000000000000000
maximum_volume: 0.0000001000000000
maximum_shape: 0.0000001000000000
maximum_dsigma: 0.0100000000000000
mod: 10
pmod: 10
optimize: 1
verbose: 1
snapshot: 0
display: 1
explore: 1
npt: 0
nptxy: 0
nptdxdy: 0
shape: 0
seed: 160834
6.727316885775 -5.427870143786 0.000000000000 1.000000000000
1.261795812803 3.596911531657 0.866025403784 0.500000000000
17.123045099952 22.184843702019 0.866025403784 -0.500000000000
4.926651764656 7.758388604829 0.000000000000 1.000000000000
2.464990632516 6.124786918626 0.000000000000 1.000000000000
-1.471603567860 27.948587620026 0.000000000000 1.000000000000
-8.931084352738 -7.538766591646 0.000000000000 1.000000000000
12.510827389457 8.443540432512 0.866025403784 -0.500000000000
8.132433786629 -0.832100091399 0.866025403784 -0.500000000000
5.832173211563 1.375551142263 0.866025403784 -0.500000000000
5.549736048492 4.530204865773 0.866025403784 -0.500000000000
