#Configurational_file created 2018-09-14 11:50:58  started 2018-09-14 11:50:57 run for 1.0s steps 0
name: gc_159
step: 10000
specie: 9
	particle_diameter: 1.0000000000000000
	interaction_length: 1.2000000000000000
	number_of_patches: 3
	number_of_particles_per_compound: 1
	rod_length: 1.0000000000000000
	interaction_matrix:  1.000000 1.000000 1.000000 1.000000 1.000000 1.000000 1.000000 1.000000 1.000000
	patch_type: symmetric
	patch_width: 8.0000000000000000
	patch_angle: 0.0000000000000000
	angles:  0.000000 0.000000 0.000000
	grand_canonical: 1
	chemical_potential: -2.0000000000000000
box: 10.000000 10.000000
copy: 1.000000 1.000000
epsilon: 0.0333340000000000
end_epsilon: 0.0000000000000000
pressure: 1.0000000000000000
lambda: 0.0000000000000000
lambda_coupling: 1.0000000000000000
uy: 0.0000000000000000
maximum_displacement: 1.0000000000000000
maximum_rotation: 1.0000000000000000
maximum_volume: 0.0000001000000000
maximum_shape: 0.0000001000000000
maximum_dsigma: 0.0100000000000000
mod: 10
pmod: 10
optimize: 1
verbose: 1
snapshot: 0
display: 1
explore: 1
npt: 0
nptxy: 0
nptdxdy: 0
shape: 0
seed: 183574
-4.906128227493 12.857956316192 0.000000000000 1.000000000000
2.835943814795 -0.571794475879 0.866025403784 0.500000000000
3.102835572502 4.031429770951 0.866025403784 0.500000000000
-11.254473273376 5.405236202595 0.000000000000 1.000000000000
9.965762948355 12.971334925422 0.000000000000 1.000000000000
7.785393595149 -5.230141559895 0.000000000000 1.000000000000
8.032061936904 2.677008134375 0.000000000000 1.000000000000
5.820038222707 7.720908730190 0.000000000000 1.000000000000
4.175424834488 6.009626019228 0.866025403784 -0.500000000000
