#Configurational_file created 2018-09-14 11:50:44  started 2018-09-14 11:50:43 run for 1.0s steps 0
name: gc_138
step: 10000
specie: 8
	particle_diameter: 1.0000000000000000
	interaction_length: 1.2000000000000000
	number_of_patches: 3
	number_of_particles_per_compound: 1
	rod_length: 1.0000000000000000
	interaction_matrix:  1.000000 1.000000 1.000000 1.000000 1.000000 1.000000 1.000000 1.000000 1.000000
	patch_type: symmetric
	patch_width: 8.0000000000000000
	patch_angle: 0.0000000000000000
	angles:  0.000000 0.000000 0.000000
	grand_canonical: 1
	chemical_potential: -2.1666669999999999
box: 10.000000 10.000000
copy: 1.000000 1.000000
epsilon: 0.0500010000000000
end_epsilon: 0.0000000000000000
pressure: 1.0000000000000000
lambda: 0.0000000000000000
lambda_coupling: 1.0000000000000000
uy: 0.0000000000000000
maximum_displacement: 1.0000000000000000
maximum_rotation: 1.0000000000000000
maximum_volume: 0.0000001000000000
maximum_shape: 0.0000001000000000
maximum_dsigma: 0.0100000000000000
mod: 10
pmod: 10
optimize: 1
verbose: 1
snapshot: 0
display: 1
explore: 1
npt: 0
nptxy: 0
nptdxdy: 0
shape: 0
seed: 159697
12.469122854391 -9.565590566375 0.000000000000 1.000000000000
-22.376181742406 8.085019768846 0.866025403784 -0.500000000000
11.191376065085 4.257496126829 0.000000000000 1.000000000000
0.535793909989 6.165089763739 0.000000000000 1.000000000000
1.882946281506 1.323912901746 0.866025403784 0.500000000000
-1.845828938687 4.112888198942 0.866025403784 0.500000000000
3.540653042253 0.405285461043 0.000000000000 1.000000000000
0.840226520852 7.275656057839 0.000000000000 1.000000000000
