#Configurational_file created 2018-09-14 11:22:56  started 2018-09-14 11:22:55 run for 1.0s steps 0
name: gc_122
step: 10000
specie: 10
	particle_diameter: 1.0000000000000000
	interaction_length: 1.2000000000000000
	number_of_patches: 3
	number_of_particles_per_compound: 1
	rod_length: 1.0000000000000000
	interaction_matrix:  1.000000 1.000000 1.000000 1.000000 1.000000 1.000000 1.000000 1.000000 1.000000
	patch_type: symmetric
	patch_width: 8.0000000000000000
	patch_angle: 0.0000000000000000
	angles:  0.000000 0.000000 0.000000
	grand_canonical: 1
	chemical_potential: -2.3333330000000001
box: 10.000000 10.000000
copy: 1.000000 1.000000
epsilon: 1.7500119999999999
end_epsilon: 0.0000000000000000
pressure: 1.0000000000000000
lambda: 0.0000000000000000
lambda_coupling: 1.0000000000000000
uy: 0.0000000000000000
maximum_displacement: 1.0000000000000000
maximum_rotation: 1.0000000000000000
maximum_volume: 0.0000001000000000
maximum_shape: 0.0000001000000000
maximum_dsigma: 0.0100000000000000
mod: 10
pmod: 10
optimize: 1
verbose: 1
snapshot: 0
display: 1
explore: 1
npt: 0
nptxy: 0
nptdxdy: 0
shape: 0
seed: 141505
4.894478949880 0.070685677447 0.000000000000 1.000000000000
9.106495600001 4.955718005511 0.866025403784 -0.500000000000
20.238240766572 12.096264601747 0.866025403784 0.500000000000
-2.821423488484 1.757311213799 0.000000000000 1.000000000000
3.023773532701 5.356940758701 0.000000000000 1.000000000000
11.299256063809 2.814650178259 0.866025403784 0.500000000000
3.629418913354 2.548155103916 0.000000000000 1.000000000000
4.152050298728 13.678508513138 0.866025403784 0.500000000000
7.483776482657 13.896119057898 0.866025403784 -0.500000000000
4.912018047431 8.444380653819 0.000000000000 1.000000000000
