#Configurational_file created 2018-09-14 11:51:03  started 2018-09-14 11:51:03 run for 0.0s steps 0
name: gc_167
step: 10000
specie: 10
	particle_diameter: 1.0000000000000000
	interaction_length: 1.2000000000000000
	number_of_patches: 3
	number_of_particles_per_compound: 1
	rod_length: 1.0000000000000000
	interaction_matrix:  1.000000 1.000000 1.000000 1.000000 1.000000 1.000000 1.000000 1.000000 1.000000
	patch_type: symmetric
	patch_width: 8.0000000000000000
	patch_angle: 0.0000000000000000
	angles:  0.000000 0.000000 0.000000
	grand_canonical: 1
	chemical_potential: -2.0000000000000000
box: 10.000000 10.000000
copy: 1.000000 1.000000
epsilon: 0.0666670000000000
end_epsilon: 0.0000000000000000
pressure: 1.0000000000000000
lambda: 0.0000000000000000
lambda_coupling: 1.0000000000000000
uy: 0.0000000000000000
maximum_displacement: 1.0000000000000000
maximum_rotation: 1.0000000000000000
maximum_volume: 0.0000001000000000
maximum_shape: 0.0000001000000000
maximum_dsigma: 0.0100000000000000
mod: 10
pmod: 10
optimize: 1
verbose: 1
snapshot: 0
display: 1
explore: 1
npt: 0
nptxy: 0
nptdxdy: 0
shape: 0
seed: 192670
4.810555406895 -1.004416754379 0.866025403784 -0.500000000000
3.862213571633 14.380145445557 0.866025403784 0.500000000000
4.624471058211 3.973338843374 0.000000000000 1.000000000000
15.651598872429 4.227923265354 0.000000000000 1.000000000000
9.911039736195 0.621178506625 0.000000000000 1.000000000000
-6.376627043375 0.085775406073 0.866025403784 -0.500000000000
5.922396451110 -0.070304162080 0.866025403784 -0.500000000000
-6.354906513698 16.603553320836 0.866025403784 0.500000000000
13.435849106754 12.201768709347 0.866025403784 -0.500000000000
4.845860633777 4.769196347175 0.866025403784 -0.500000000000
