#Configurational_file created 2018-09-14 11:51:06  started 2018-09-14 11:51:05 run for 1.0s steps 0
name: gc_170
step: 10000
specie: 8
	particle_diameter: 1.0000000000000000
	interaction_length: 1.2000000000000000
	number_of_patches: 3
	number_of_particles_per_compound: 1
	rod_length: 1.0000000000000000
	interaction_matrix:  1.000000 1.000000 1.000000 1.000000 1.000000 1.000000 1.000000 1.000000 1.000000
	patch_type: symmetric
	patch_width: 8.0000000000000000
	patch_angle: 0.0000000000000000
	angles:  0.000000 0.000000 0.000000
	grand_canonical: 1
	chemical_potential: -2.0000000000000000
box: 10.000000 10.000000
copy: 1.000000 1.000000
epsilon: 0.0791670000000000
end_epsilon: 0.0000000000000000
pressure: 1.0000000000000000
lambda: 0.0000000000000000
lambda_coupling: 1.0000000000000000
uy: 0.0000000000000000
maximum_displacement: 1.0000000000000000
maximum_rotation: 1.0000000000000000
maximum_volume: 0.0000001000000000
maximum_shape: 0.0000001000000000
maximum_dsigma: 0.0100000000000000
mod: 10
pmod: 10
optimize: 1
verbose: 1
snapshot: 0
display: 1
explore: 1
npt: 0
nptxy: 0
nptdxdy: 0
shape: 0
seed: 196081
5.942325252318 1.773036962034 0.866025403784 -0.500000000000
0.108709113896 14.127426174836 0.866025403784 -0.500000000000
-2.113325086540 11.571459010517 0.866025403784 0.500000000000
7.216845425106 9.624901330684 0.866025403784 -0.500000000000
3.926462403057 -6.350213411830 0.866025403784 0.500000000000
4.869975873289 -1.943903042704 0.000000000000 1.000000000000
9.343218655694 1.631619194933 0.866025403784 0.500000000000
8.586998000757 3.456248138161 0.866025403784 -0.500000000000
