#Configurational_file created 2018-09-14 11:23:25  started 2018-09-14 11:23:24 run for 1.0s steps 0
name: gc_167
step: 10000
specie: 11
	particle_diameter: 1.0000000000000000
	interaction_length: 1.2000000000000000
	number_of_patches: 3
	number_of_particles_per_compound: 1
	rod_length: 1.0000000000000000
	interaction_matrix:  1.000000 1.000000 1.000000 1.000000 1.000000 1.000000 1.000000 1.000000 1.000000
	patch_type: symmetric
	patch_width: 8.0000000000000000
	patch_angle: 0.0000000000000000
	angles:  0.000000 0.000000 0.000000
	grand_canonical: 1
	chemical_potential: -2.0000000000000000
box: 10.000000 10.000000
copy: 1.000000 1.000000
epsilon: 1.3333670000000000
end_epsilon: 0.0000000000000000
pressure: 1.0000000000000000
lambda: 0.0000000000000000
lambda_coupling: 1.0000000000000000
uy: 0.0000000000000000
maximum_displacement: 1.0000000000000000
maximum_rotation: 1.0000000000000000
maximum_volume: 0.0000001000000000
maximum_shape: 0.0000001000000000
maximum_dsigma: 0.0100000000000000
mod: 10
pmod: 10
optimize: 1
verbose: 1
snapshot: 0
display: 1
explore: 1
npt: 0
nptxy: 0
nptdxdy: 0
shape: 0
seed: 192670
-14.816740138418 -24.612636312554 0.866025403784 -0.500000000000
12.085058249342 -4.454627690501 0.866025403784 0.500000000000
-10.846083820997 -7.791726205776 0.866025403784 -0.500000000000
6.735404997329 5.224233673529 0.866025403784 -0.500000000000
1.019157747041 0.555072843841 0.000000000000 1.000000000000
17.680917686635 9.042856417776 0.866025403784 -0.500000000000
10.887631522146 5.802307227385 0.866025403784 -0.500000000000
3.916514036912 -4.323608798989 0.866025403784 0.500000000000
3.408667664616 7.236235972216 0.000000000000 1.000000000000
3.011062669717 9.207252667174 0.866025403784 -0.500000000000
6.981680718417 0.802750702452 0.000000000000 1.000000000000
