#Configurational_file created 2018-09-14 11:50:54  started 2018-09-14 11:50:53 run for 1.0s steps 0
name: gc_153
step: 10000
specie: 9
	particle_diameter: 1.0000000000000000
	interaction_length: 1.2000000000000000
	number_of_patches: 3
	number_of_particles_per_compound: 1
	rod_length: 1.0000000000000000
	interaction_matrix:  1.000000 1.000000 1.000000 1.000000 1.000000 1.000000 1.000000 1.000000 1.000000
	patch_type: symmetric
	patch_width: 8.0000000000000000
	patch_angle: 0.0000000000000000
	angles:  0.000000 0.000000 0.000000
	grand_canonical: 1
	chemical_potential: -2.0000000000000000
box: 10.000000 10.000000
copy: 1.000000 1.000000
epsilon: 0.0083340000000000
end_epsilon: 0.0000000000000000
pressure: 1.0000000000000000
lambda: 0.0000000000000000
lambda_coupling: 1.0000000000000000
uy: 0.0000000000000000
maximum_displacement: 1.0000000000000000
maximum_rotation: 1.0000000000000000
maximum_volume: 0.0000001000000000
maximum_shape: 0.0000001000000000
maximum_dsigma: 0.0100000000000000
mod: 10
pmod: 10
optimize: 1
verbose: 1
snapshot: 0
display: 1
explore: 1
npt: 0
nptxy: 0
nptdxdy: 0
shape: 0
seed: 176752
3.142492051216 19.962872282450 0.000000000000 1.000000000000
6.669449583543 4.466344554399 0.000000000000 1.000000000000
-5.795285121359 16.377941899412 0.866025403784 0.500000000000
11.252488802849 9.533691332846 0.000000000000 1.000000000000
5.629130054553 10.166023303469 0.000000000000 1.000000000000
9.494849820326 2.351982961792 0.000000000000 1.000000000000
0.181334099174 -3.524450498126 0.000000000000 1.000000000000
7.534646897973 5.951586183503 0.866025403784 0.500000000000
1.741258057086 7.108478338960 0.866025403784 -0.500000000000
