#Configurational_file created 2018-09-14 11:23:46  started 2018-09-14 11:23:45 run for 1.0s steps 0
name: gc_198
step: 10000
specie: 15
	particle_diameter: 1.0000000000000000
	interaction_length: 1.2000000000000000
	number_of_patches: 3
	number_of_particles_per_compound: 1
	rod_length: 1.0000000000000000
	interaction_matrix:  1.000000 1.000000 1.000000 1.000000 1.000000 1.000000 1.000000 1.000000 1.000000
	patch_type: symmetric
	patch_width: 8.0000000000000000
	patch_angle: 0.0000000000000000
	angles:  0.000000 0.000000 0.000000
	grand_canonical: 1
	chemical_potential: -1.8333330000000001
box: 10.000000 10.000000
copy: 1.000000 1.000000
epsilon: 1.8333420000000000
end_epsilon: 0.0000000000000000
pressure: 1.0000000000000000
lambda: 0.0000000000000000
lambda_coupling: 1.0000000000000000
uy: 0.0000000000000000
maximum_displacement: 1.0000000000000000
maximum_rotation: 1.0000000000000000
maximum_volume: 0.0000001000000000
maximum_shape: 0.0000001000000000
maximum_dsigma: 0.0100000000000000
mod: 10
pmod: 10
optimize: 1
verbose: 1
snapshot: 0
display: 1
explore: 1
npt: 0
nptxy: 0
nptdxdy: 0
shape: 0
seed: 227917
6.618329469752 9.198674429669 0.866025403784 0.500000000000
2.691327885573 -1.326772195133 0.866025403784 0.500000000000
5.971684416766 5.174647010674 0.866025403784 -0.500000000000
6.706376646299 2.068770795944 0.000000000000 1.000000000000
9.156591071804 10.108705679647 0.866025403784 -0.500000000000
11.497684349166 -12.552253514297 0.000000000000 1.000000000000
6.053313313915 9.613239155032 0.866025403784 -0.500000000000
14.889308596305 7.195423373688 0.000000000000 1.000000000000
-2.875649190164 5.730620166582 0.866025403784 -0.500000000000
8.604176581381 6.098180370596 0.866025403784 0.500000000000
-0.202603087775 5.591433500833 0.866025403784 -0.500000000000
9.452305980157 1.727429314767 0.000000000000 1.000000000000
13.427256560422 14.641872870763 0.866025403784 0.500000000000
10.367959766228 8.337693885641 0.000000000000 1.000000000000
4.894321679665 9.645254308483 0.866025403784 -0.500000000000
