#Configurational_file created 2018-09-14 13:46:35  started 2018-09-14 13:46:34 run for 1.0s steps 0
name: gc_156
step: 10000
specie: 13
	particle_diameter: 1.0000000000000000
	interaction_length: 1.2000000000000000
	number_of_patches: 3
	number_of_particles_per_compound: 1
	rod_length: 1.0000000000000000
	interaction_matrix:  1.000000 1.000000 1.000000 1.000000 1.000000 1.000000 1.000000 1.000000 1.000000
	patch_type: symmetric
	patch_width: 8.0000000000000000
	patch_angle: 0.0000000000000000
	angles:  0.000000 0.000000 0.000000
	grand_canonical: 1
	chemical_potential: -2.3103449999999999
box: 10.000000 10.000000
copy: 1.000000 1.000000
epsilon: 0.0862080000000000
end_epsilon: 0.0000000000000000
pressure: 1.0000000000000000
lambda: 0.0000000000000000
lambda_coupling: 1.0000000000000000
uy: 0.0000000000000000
maximum_displacement: 1.0000000000000000
maximum_rotation: 1.0000000000000000
maximum_volume: 0.0000001000000000
maximum_shape: 0.0000001000000000
maximum_dsigma: 0.0100000000000000
mod: 10
pmod: 10
optimize: 1
verbose: 1
snapshot: 0
display: 1
explore: 1
npt: 0
nptxy: 0
nptdxdy: 0
shape: 0
seed: 180163
11.530071293730 7.635258664168 0.866025403784 0.500000000000
7.597900150566 -2.477858878637 0.000000000000 1.000000000000
8.366357608789 13.579581813262 0.866025403784 -0.500000000000
19.943739386907 6.494528584619 0.866025403784 0.500000000000
11.023678389549 10.537624587575 0.000000000000 1.000000000000
9.450770239208 10.887706479160 0.866025403784 -0.500000000000
2.967398006345 6.687933563555 0.866025403784 -0.500000000000
16.439356934629 0.737131295199 0.866025403784 -0.500000000000
4.091689604961 7.063788206701 0.866025403784 0.500000000000
-1.960770978737 -0.651586767876 0.000000000000 1.000000000000
4.960828329870 1.314904510894 0.866025403784 -0.500000000000
3.571664679823 8.189634658369 0.866025403784 -0.500000000000
4.320318919135 3.371505485172 0.866025403784 -0.500000000000
