#Configurational_file created 2018-09-14 11:50:24  started 2018-09-14 11:50:24 run for 0.0s steps 0
name: gc_108
step: 10000
specie: 10
	particle_diameter: 1.0000000000000000
	interaction_length: 1.2000000000000000
	number_of_patches: 3
	number_of_particles_per_compound: 1
	rod_length: 1.0000000000000000
	interaction_matrix:  1.000000 1.000000 1.000000 1.000000 1.000000 1.000000 1.000000 1.000000 1.000000
	patch_type: symmetric
	patch_width: 8.0000000000000000
	patch_angle: 0.0000000000000000
	angles:  0.000000 0.000000 0.000000
	grand_canonical: 1
	chemical_potential: -2.3333330000000001
box: 10.000000 10.000000
copy: 1.000000 1.000000
epsilon: 0.0291670000000000
end_epsilon: 0.0000000000000000
pressure: 1.0000000000000000
lambda: 0.0000000000000000
lambda_coupling: 1.0000000000000000
uy: 0.0000000000000000
maximum_displacement: 1.0000000000000000
maximum_rotation: 1.0000000000000000
maximum_volume: 0.0000001000000000
maximum_shape: 0.0000001000000000
maximum_dsigma: 0.0100000000000000
mod: 10
pmod: 10
optimize: 1
verbose: 1
snapshot: 0
display: 1
explore: 1
npt: 0
nptxy: 0
nptdxdy: 0
shape: 0
seed: 125587
4.442362020001 21.032851551697 0.000000000000 1.000000000000
8.814749854480 5.007828939771 0.866025403784 0.500000000000
-14.635439720446 6.654155354025 0.866025403784 0.500000000000
-3.461822168986 14.852903066094 0.866025403784 0.500000000000
7.209388067296 2.806941232220 0.000000000000 1.000000000000
3.522229456943 4.319006299883 0.866025403784 -0.500000000000
8.281257417164 6.364976671355 0.866025403784 -0.500000000000
7.186438592077 0.276102957965 0.866025403784 0.500000000000
1.310681159833 5.637749457084 0.000000000000 1.000000000000
9.117564406849 3.322812639771 0.000000000000 1.000000000000
