#Configurational_file created 2018-09-14 13:46:45  started 2018-09-14 13:46:44 run for 1.0s steps 0
name: gc_172
step: 10000
specie: 7
	particle_diameter: 1.0000000000000000
	interaction_length: 1.2000000000000000
	number_of_patches: 3
	number_of_particles_per_compound: 1
	rod_length: 1.0000000000000000
	interaction_matrix:  1.000000 1.000000 1.000000 1.000000 1.000000 1.000000 1.000000 1.000000 1.000000
	patch_type: symmetric
	patch_width: 8.0000000000000000
	patch_angle: 0.0000000000000000
	angles:  0.000000 0.000000 0.000000
	grand_canonical: 1
	chemical_potential: -2.3103449999999999
box: 10.000000 10.000000
copy: 1.000000 1.000000
epsilon: 0.3620690000000000
end_epsilon: 0.0000000000000000
pressure: 1.0000000000000000
lambda: 0.0000000000000000
lambda_coupling: 1.0000000000000000
uy: 0.0000000000000000
maximum_displacement: 1.0000000000000000
maximum_rotation: 1.0000000000000000
maximum_volume: 0.0000001000000000
maximum_shape: 0.0000001000000000
maximum_dsigma: 0.0100000000000000
mod: 10
pmod: 10
optimize: 1
verbose: 1
snapshot: 0
display: 1
explore: 1
npt: 0
nptxy: 0
nptdxdy: 0
shape: 0
seed: 198355
-4.263710821774 -2.809895257530 0.000000000000 1.000000000000
4.944024658433 -0.482661097099 0.866025403784 0.500000000000
14.213294950813 1.426704120490 0.866025403784 0.500000000000
3.739083317748 5.423156044630 0.000000000000 1.000000000000
-4.916472381640 17.645049493932 0.866025403784 0.500000000000
8.963685865123 2.439290338782 0.866025403784 -0.500000000000
11.990987685970 0.369627776697 0.866025403784 -0.500000000000
