#Configurational_file created 2018-09-14 11:50:59  started 2018-09-14 11:50:59 run for 0.0s steps 0
name: gc_161
step: 10000
specie: 7
	particle_diameter: 1.0000000000000000
	interaction_length: 1.2000000000000000
	number_of_patches: 3
	number_of_particles_per_compound: 1
	rod_length: 1.0000000000000000
	interaction_matrix:  1.000000 1.000000 1.000000 1.000000 1.000000 1.000000 1.000000 1.000000 1.000000
	patch_type: symmetric
	patch_width: 8.0000000000000000
	patch_angle: 0.0000000000000000
	angles:  0.000000 0.000000 0.000000
	grand_canonical: 1
	chemical_potential: -2.0000000000000000
box: 10.000000 10.000000
copy: 1.000000 1.000000
epsilon: 0.0416670000000000
end_epsilon: 0.0000000000000000
pressure: 1.0000000000000000
lambda: 0.0000000000000000
lambda_coupling: 1.0000000000000000
uy: 0.0000000000000000
maximum_displacement: 1.0000000000000000
maximum_rotation: 1.0000000000000000
maximum_volume: 0.0000001000000000
maximum_shape: 0.0000001000000000
maximum_dsigma: 0.0100000000000000
mod: 10
pmod: 10
optimize: 1
verbose: 1
snapshot: 0
display: 1
explore: 1
npt: 0
nptxy: 0
nptdxdy: 0
shape: 0
seed: 185848
5.530624482556 1.957459371310 0.866025403784 -0.500000000000
-6.180121187630 5.623854047520 0.866025403784 0.500000000000
7.356250517360 -3.982976863703 0.866025403784 -0.500000000000
-3.872740113560 23.245295160918 0.000000000000 1.000000000000
10.714481703803 8.890004423964 0.866025403784 -0.500000000000
13.025923343556 9.247600766143 0.000000000000 1.000000000000
9.017069702980 5.904989996885 0.866025403784 0.500000000000
