#Configurational_file created 2018-09-14 11:51:20  started 2018-09-14 11:51:20 run for 0.0s steps 0
name: gc_192
step: 10000
specie: 11
	particle_diameter: 1.0000000000000000
	interaction_length: 1.2000000000000000
	number_of_patches: 3
	number_of_particles_per_compound: 1
	rod_length: 1.0000000000000000
	interaction_matrix:  1.000000 1.000000 1.000000 1.000000 1.000000 1.000000 1.000000 1.000000 1.000000
	patch_type: symmetric
	patch_width: 8.0000000000000000
	patch_angle: 0.0000000000000000
	angles:  0.000000 0.000000 0.000000
	grand_canonical: 1
	chemical_potential: -1.8333330000000001
box: 10.000000 10.000000
copy: 1.000000 1.000000
epsilon: 0.0666670000000000
end_epsilon: 0.0000000000000000
pressure: 1.0000000000000000
lambda: 0.0000000000000000
lambda_coupling: 1.0000000000000000
uy: 0.0000000000000000
maximum_displacement: 1.0000000000000000
maximum_rotation: 1.0000000000000000
maximum_volume: 0.0000001000000000
maximum_shape: 0.0000001000000000
maximum_dsigma: 0.0100000000000000
mod: 10
pmod: 10
optimize: 1
verbose: 1
snapshot: 0
display: 1
explore: 1
npt: 0
nptxy: 0
nptdxdy: 0
shape: 0
seed: 221095
11.356059181494 -16.910590201783 0.866025403784 0.500000000000
-2.256189130369 13.979230767195 0.000000000000 1.000000000000
7.218716473448 4.897741078965 0.866025403784 0.500000000000
8.862376428923 2.962595355834 0.000000000000 1.000000000000
6.046711277906 -2.719434203295 0.866025403784 0.500000000000
4.405314581568 -3.440341411970 0.866025403784 -0.500000000000
22.376948743488 6.541523174373 0.866025403784 -0.500000000000
12.390445784314 12.602163702871 0.866025403784 0.500000000000
-0.360888686076 4.186290570476 0.866025403784 0.500000000000
-0.380834378632 10.012502842150 0.866025403784 -0.500000000000
4.651153378794 3.225019403155 0.866025403784 -0.500000000000
