#Configurational_file created 2018-09-14 13:46:28  started 2018-09-14 13:46:27 run for 1.0s steps 0
name: gc_145
step: 10000
specie: 12
	particle_diameter: 1.0000000000000000
	interaction_length: 1.2000000000000000
	number_of_patches: 3
	number_of_particles_per_compound: 1
	rod_length: 1.0000000000000000
	interaction_matrix:  1.000000 1.000000 1.000000 1.000000 1.000000 1.000000 1.000000 1.000000 1.000000
	patch_type: symmetric
	patch_width: 8.0000000000000000
	patch_angle: 0.0000000000000000
	angles:  0.000000 0.000000 0.000000
	grand_canonical: 1
	chemical_potential: -2.4482759999999999
box: 10.000000 10.000000
copy: 1.000000 1.000000
epsilon: 0.4137930000000000
end_epsilon: 0.0000000000000000
pressure: 1.0000000000000000
lambda: 0.0000000000000000
lambda_coupling: 1.0000000000000000
uy: 0.0000000000000000
maximum_displacement: 1.0000000000000000
maximum_rotation: 1.0000000000000000
maximum_volume: 0.0000001000000000
maximum_shape: 0.0000001000000000
maximum_dsigma: 0.0100000000000000
mod: 10
pmod: 10
optimize: 1
verbose: 1
snapshot: 0
display: 1
explore: 1
npt: 0
nptxy: 0
nptdxdy: 0
shape: 0
seed: 167656
0.355723041768 -1.603701786730 0.000000000000 1.000000000000
-1.842204340414 11.530106859098 0.866025403784 -0.500000000000
11.298948875474 4.337252847264 0.866025403784 0.500000000000
13.620074979268 11.024213815683 0.866025403784 0.500000000000
15.314474606648 3.487128396448 0.866025403784 -0.500000000000
7.829229455282 5.428921127217 0.866025403784 0.500000000000
7.531711723670 -2.538584507445 0.000000000000 1.000000000000
8.989245842421 4.907239153254 0.866025403784 0.500000000000
7.261519736526 -1.347238982607 0.866025403784 0.500000000000
1.429458727278 2.754611089521 0.866025403784 0.500000000000
1.445119936788 -0.512048733826 0.866025403784 0.500000000000
-0.661610901878 4.443881757443 0.000000000000 1.000000000000
