#Configurational_file created 2018-09-14 11:23:07  started 2018-09-14 11:23:06 run for 1.0s steps 0
name: gc_140
step: 10000
specie: 6
	particle_diameter: 1.0000000000000000
	interaction_length: 1.2000000000000000
	number_of_patches: 3
	number_of_particles_per_compound: 1
	rod_length: 1.0000000000000000
	interaction_matrix:  1.000000 1.000000 1.000000 1.000000 1.000000 1.000000 1.000000 1.000000 1.000000
	patch_type: symmetric
	patch_width: 8.0000000000000000
	patch_angle: 0.0000000000000000
	angles:  0.000000 0.000000 0.000000
	grand_canonical: 1
	chemical_potential: -2.1666669999999999
box: 10.000000 10.000000
copy: 1.000000 1.000000
epsilon: 1.1667080000000001
end_epsilon: 0.0000000000000000
pressure: 1.0000000000000000
lambda: 0.0000000000000000
lambda_coupling: 1.0000000000000000
uy: 0.0000000000000000
maximum_displacement: 1.0000000000000000
maximum_rotation: 1.0000000000000000
maximum_volume: 0.0000001000000000
maximum_shape: 0.0000001000000000
maximum_dsigma: 0.0100000000000000
mod: 10
pmod: 10
optimize: 1
verbose: 1
snapshot: 0
display: 1
explore: 1
npt: 0
nptxy: 0
nptdxdy: 0
shape: 0
seed: 161971
-10.263400799589 -10.286626565387 0.866025403784 -0.500000000000
0.236795275157 5.046322399776 0.866025403784 -0.500000000000
10.122078579565 13.189057253599 0.000000000000 1.000000000000
12.382280601561 -3.201943073961 0.866025403784 0.500000000000
7.860392091683 6.685593721473 0.000000000000 1.000000000000
5.692234927706 7.692435270715 0.000000000000 1.000000000000
