#Configurational_file created 2018-09-14 13:46:10  started 2018-09-14 13:46:09 run for 1.0s steps 0
name: gc_116
step: 10000
specie: 10
	particle_diameter: 1.0000000000000000
	interaction_length: 1.2000000000000000
	number_of_patches: 3
	number_of_particles_per_compound: 1
	rod_length: 1.0000000000000000
	interaction_matrix:  1.000000 1.000000 1.000000 1.000000 1.000000 1.000000 1.000000 1.000000 1.000000
	patch_type: symmetric
	patch_width: 8.0000000000000000
	patch_angle: 0.0000000000000000
	angles:  0.000000 0.000000 0.000000
	grand_canonical: 1
	chemical_potential: -2.5862069999999999
box: 10.000000 10.000000
copy: 1.000000 1.000000
epsilon: 0.4310350000000000
end_epsilon: 0.0000000000000000
pressure: 1.0000000000000000
lambda: 0.0000000000000000
lambda_coupling: 1.0000000000000000
uy: 0.0000000000000000
maximum_displacement: 1.0000000000000000
maximum_rotation: 1.0000000000000000
maximum_volume: 0.0000001000000000
maximum_shape: 0.0000001000000000
maximum_dsigma: 0.0100000000000000
mod: 10
pmod: 10
optimize: 1
verbose: 1
snapshot: 0
display: 1
explore: 1
npt: 0
nptxy: 0
nptdxdy: 0
shape: 0
seed: 134683
9.385453197945 -2.843725017716 0.000000000000 1.000000000000
-0.256492499327 1.401936454828 0.000000000000 1.000000000000
-0.093931594042 13.912511112963 0.000000000000 1.000000000000
-14.558976136368 -16.214373806972 0.000000000000 1.000000000000
2.017021491713 4.509309775372 0.866025403784 -0.500000000000
5.227151287152 -2.817624916349 0.000000000000 1.000000000000
5.573271424011 8.205229351469 0.866025403784 0.500000000000
4.927313384824 9.657105249761 0.000000000000 1.000000000000
-9.698856530063 8.524387648379 0.000000000000 1.000000000000
12.471281650765 7.503673503565 0.000000000000 1.000000000000
