#Configurational_file created 2018-09-14 11:23:37  started 2018-09-14 11:23:36 run for 1.0s steps 0
name: gc_185
step: 10000
specie: 11
	particle_diameter: 1.0000000000000000
	interaction_length: 1.2000000000000000
	number_of_patches: 3
	number_of_particles_per_compound: 1
	rod_length: 1.0000000000000000
	interaction_matrix:  1.000000 1.000000 1.000000 1.000000 1.000000 1.000000 1.000000 1.000000 1.000000
	patch_type: symmetric
	patch_width: 8.0000000000000000
	patch_angle: 0.0000000000000000
	angles:  0.000000 0.000000 0.000000
	grand_canonical: 1
	chemical_potential: -1.8333330000000001
box: 10.000000 10.000000
copy: 1.000000 1.000000
epsilon: 0.7500620000000000
end_epsilon: 0.0000000000000000
pressure: 1.0000000000000000
lambda: 0.0000000000000000
lambda_coupling: 1.0000000000000000
uy: 0.0000000000000000
maximum_displacement: 1.0000000000000000
maximum_rotation: 1.0000000000000000
maximum_volume: 0.0000001000000000
maximum_shape: 0.0000001000000000
maximum_dsigma: 0.0100000000000000
mod: 10
pmod: 10
optimize: 1
verbose: 1
snapshot: 0
display: 1
explore: 1
npt: 0
nptxy: 0
nptdxdy: 0
shape: 0
seed: 213136
-1.833676861012 4.206285920561 0.866025403784 0.500000000000
9.208931000883 -1.513993394177 0.866025403784 0.500000000000
13.404996827371 6.553197479333 0.866025403784 -0.500000000000
4.508488806167 -6.052321378883 0.866025403784 -0.500000000000
-9.473293574087 6.826240868246 0.866025403784 0.500000000000
-14.285676051868 8.871684783103 0.000000000000 1.000000000000
1.456659640028 6.252630994548 0.000000000000 1.000000000000
1.737313537047 10.739761401475 0.866025403784 -0.500000000000
-1.965826491952 7.372778355571 0.866025403784 -0.500000000000
6.287401841280 10.143204222352 0.866025403784 0.500000000000
2.284006657551 8.448909329177 0.866025403784 -0.500000000000
