#Configurational_file created 2018-09-14 11:23:02  started 2018-09-14 11:23:01 run for 1.0s steps 0
name: gc_132
step: 10000
specie: 16
	particle_diameter: 1.0000000000000000
	interaction_length: 1.2000000000000000
	number_of_patches: 3
	number_of_particles_per_compound: 1
	rod_length: 1.0000000000000000
	interaction_matrix:  1.000000 1.000000 1.000000 1.000000 1.000000 1.000000 1.000000 1.000000 1.000000
	patch_type: symmetric
	patch_width: 8.0000000000000000
	patch_angle: 0.0000000000000000
	angles:  0.000000 0.000000 0.000000
	grand_canonical: 1
	chemical_potential: -2.1666669999999999
box: 10.000000 10.000000
copy: 1.000000 1.000000
epsilon: 0.5000750000000000
end_epsilon: 0.0000000000000000
pressure: 1.0000000000000000
lambda: 0.0000000000000000
lambda_coupling: 1.0000000000000000
uy: 0.0000000000000000
maximum_displacement: 1.0000000000000000
maximum_rotation: 1.0000000000000000
maximum_volume: 0.0000001000000000
maximum_shape: 0.0000001000000000
maximum_dsigma: 0.0100000000000000
mod: 10
pmod: 10
optimize: 1
verbose: 1
snapshot: 0
display: 1
explore: 1
npt: 0
nptxy: 0
nptdxdy: 0
shape: 0
seed: 152875
9.838716626028 7.585341812610 0.866025403784 0.500000000000
3.010915929937 -11.640070719354 0.000000000000 1.000000000000
9.896052943574 2.954397410092 0.866025403784 0.500000000000
-0.725482417733 8.630434330682 0.866025403784 0.500000000000
7.119210241296 -1.275047878051 0.866025403784 0.500000000000
1.952540282221 5.288358174221 0.866025403784 -0.500000000000
0.650468805539 7.878517039661 0.000000000000 1.000000000000
7.758827722561 10.148137042069 0.866025403784 0.500000000000
1.701768858681 -0.798080360831 0.000000000000 1.000000000000
5.526663072212 -4.812990296556 0.866025403784 0.500000000000
3.140382379346 3.148229236789 0.866025403784 -0.500000000000
3.249404202558 5.371308463261 0.000000000000 1.000000000000
7.874509265040 -6.795601633683 0.000000000000 1.000000000000
8.637068899242 -0.531818974873 0.866025403784 0.500000000000
4.597465305700 10.777585293373 0.866025403784 0.500000000000
9.570124114726 5.331499975042 0.866025403784 0.500000000000
