#Configurational_file created 2018-09-14 13:46:50  started 2018-09-14 13:46:49 run for 1.0s steps 0
name: gc_180
step: 10000
specie: 9
	particle_diameter: 1.0000000000000000
	interaction_length: 1.2000000000000000
	number_of_patches: 3
	number_of_particles_per_compound: 1
	rod_length: 1.0000000000000000
	interaction_matrix:  1.000000 1.000000 1.000000 1.000000 1.000000 1.000000 1.000000 1.000000 1.000000
	patch_type: symmetric
	patch_width: 8.0000000000000000
	patch_angle: 0.0000000000000000
	angles:  0.000000 0.000000 0.000000
	grand_canonical: 1
	chemical_potential: -2.3103449999999999
box: 10.000000 10.000000
copy: 1.000000 1.000000
epsilon: 0.5000000000000000
end_epsilon: 0.0000000000000000
pressure: 1.0000000000000000
lambda: 0.0000000000000000
lambda_coupling: 1.0000000000000000
uy: 0.0000000000000000
maximum_displacement: 1.0000000000000000
maximum_rotation: 1.0000000000000000
maximum_volume: 0.0000001000000000
maximum_shape: 0.0000001000000000
maximum_dsigma: 0.0100000000000000
mod: 10
pmod: 10
optimize: 1
verbose: 1
snapshot: 0
display: 1
explore: 1
npt: 0
nptxy: 0
nptdxdy: 0
shape: 0
seed: 207451
15.630920883089 10.156443959758 0.866025403784 0.500000000000
14.214225133139 8.261234067093 0.866025403784 -0.500000000000
12.256881515348 -19.435647143289 0.866025403784 0.500000000000
-7.720658302252 -7.259869828691 0.866025403784 0.500000000000
6.051246578731 -1.016945568292 0.866025403784 0.500000000000
19.021081088673 9.031240845713 0.866025403784 0.500000000000
8.470359213605 3.650075528162 0.000000000000 1.000000000000
2.796928121732 10.272060122368 0.000000000000 1.000000000000
2.680937949508 6.179298431644 0.866025403784 0.500000000000
