#Configurational_file created 2018-09-14 11:23:31  started 2018-09-14 11:23:31 run for 0.0s steps 0
name: gc_177
step: 10000
specie: 10
	particle_diameter: 1.0000000000000000
	interaction_length: 1.2000000000000000
	number_of_patches: 3
	number_of_particles_per_compound: 1
	rod_length: 1.0000000000000000
	interaction_matrix:  1.000000 1.000000 1.000000 1.000000 1.000000 1.000000 1.000000 1.000000 1.000000
	patch_type: symmetric
	patch_width: 8.0000000000000000
	patch_angle: 0.0000000000000000
	angles:  0.000000 0.000000 0.000000
	grand_canonical: 1
	chemical_potential: -1.8333330000000001
box: 10.000000 10.000000
copy: 1.000000 1.000000
epsilon: 0.0834290000000000
end_epsilon: 0.0000000000000000
pressure: 1.0000000000000000
lambda: 0.0000000000000000
lambda_coupling: 1.0000000000000000
uy: 0.0000000000000000
maximum_displacement: 1.0000000000000000
maximum_rotation: 1.0000000000000000
maximum_volume: 0.0000001000000000
maximum_shape: 0.0000001000000000
maximum_dsigma: 0.0100000000000000
mod: 10
pmod: 10
optimize: 1
verbose: 1
snapshot: 0
display: 1
explore: 1
npt: 0
nptxy: 0
nptdxdy: 0
shape: 0
seed: 204040
14.574528149397 13.852127142972 0.000000000000 1.000000000000
10.577182470478 7.453114638836 0.000000000000 1.000000000000
9.444543442062 1.021286053522 0.866025403784 0.500000000000
4.786360875665 -11.851761625017 0.866025403784 0.500000000000
3.475139299850 -4.790365132773 0.866025403784 0.500000000000
9.658189300327 -1.080805667724 0.000000000000 1.000000000000
9.179703256721 12.884702836514 0.000000000000 1.000000000000
-4.504729663029 -1.497859991533 0.000000000000 1.000000000000
7.872728390861 10.255122023057 0.866025403784 0.500000000000
2.259079658966 3.014689200354 0.000000000000 1.000000000000
