#Configurational_file created 2018-09-14 11:51:08  started 2018-09-14 11:51:08 run for 0.0s steps 0
name: gc_174
step: 10000
specie: 12
	particle_diameter: 1.0000000000000000
	interaction_length: 1.2000000000000000
	number_of_patches: 3
	number_of_particles_per_compound: 1
	rod_length: 1.0000000000000000
	interaction_matrix:  1.000000 1.000000 1.000000 1.000000 1.000000 1.000000 1.000000 1.000000 1.000000
	patch_type: symmetric
	patch_width: 8.0000000000000000
	patch_angle: 0.0000000000000000
	angles:  0.000000 0.000000 0.000000
	grand_canonical: 1
	chemical_potential: -2.0000000000000000
box: 10.000000 10.000000
copy: 1.000000 1.000000
epsilon: 0.0958330000000000
end_epsilon: 0.0000000000000000
pressure: 1.0000000000000000
lambda: 0.0000000000000000
lambda_coupling: 1.0000000000000000
uy: 0.0000000000000000
maximum_displacement: 1.0000000000000000
maximum_rotation: 1.0000000000000000
maximum_volume: 0.0000001000000000
maximum_shape: 0.0000001000000000
maximum_dsigma: 0.0100000000000000
mod: 10
pmod: 10
optimize: 1
verbose: 1
snapshot: 0
display: 1
explore: 1
npt: 0
nptxy: 0
nptdxdy: 0
shape: 0
seed: 200629
7.209193113692 -8.366265170273 0.866025403784 0.500000000000
5.543180482793 20.237269613743 0.000000000000 1.000000000000
4.027639590352 -1.244956704430 0.866025403784 0.500000000000
7.678424889351 7.754229000419 0.000000000000 1.000000000000
12.658001040114 14.277881436364 0.866025403784 -0.500000000000
-5.809067716167 -14.514103091179 0.866025403784 0.500000000000
-3.040814217979 3.204953449819 0.866025403784 0.500000000000
-4.038587213739 -3.210604148043 0.000000000000 1.000000000000
8.281724740363 3.959019887710 0.000000000000 1.000000000000
11.680472250515 0.723680399437 0.866025403784 -0.500000000000
6.043138969241 3.233645184323 0.866025403784 -0.500000000000
8.615491567563 0.061488649123 0.866025403784 0.500000000000
