#Configurational_file created 2018-09-14 13:46:17  started 2018-09-14 13:46:17 run for 0.0s steps 0
name: gc_128
step: 10000
specie: 10
	particle_diameter: 1.0000000000000000
	interaction_length: 1.2000000000000000
	number_of_patches: 3
	number_of_particles_per_compound: 1
	rod_length: 1.0000000000000000
	interaction_matrix:  1.000000 1.000000 1.000000 1.000000 1.000000 1.000000 1.000000 1.000000 1.000000
	patch_type: symmetric
	patch_width: 8.0000000000000000
	patch_angle: 0.0000000000000000
	angles:  0.000000 0.000000 0.000000
	grand_canonical: 1
	chemical_potential: -2.4482759999999999
box: 10.000000 10.000000
copy: 1.000000 1.000000
epsilon: 0.1206900000000000
end_epsilon: 0.0000000000000000
pressure: 1.0000000000000000
lambda: 0.0000000000000000
lambda_coupling: 1.0000000000000000
uy: 0.0000000000000000
maximum_displacement: 1.0000000000000000
maximum_rotation: 1.0000000000000000
maximum_volume: 0.0000001000000000
maximum_shape: 0.0000001000000000
maximum_dsigma: 0.0100000000000000
mod: 10
pmod: 10
optimize: 1
verbose: 1
snapshot: 0
display: 1
explore: 1
npt: 0
nptxy: 0
nptdxdy: 0
shape: 0
seed: 148327
-1.976184040237 5.128750432553 0.000000000000 1.000000000000
3.718695234024 -7.580531719816 0.866025403784 -0.500000000000
-6.806098373377 7.556034616308 0.866025403784 -0.500000000000
10.728234324452 9.391115294765 0.000000000000 1.000000000000
12.533495301030 -1.411241129976 0.866025403784 -0.500000000000
5.552159578411 1.707983225443 0.866025403784 0.500000000000
7.407416753006 8.900944079054 0.866025403784 0.500000000000
4.003251432459 0.400829642622 0.000000000000 1.000000000000
7.765637606146 2.342452097894 0.000000000000 1.000000000000
6.622385705283 4.605704160816 0.000000000000 1.000000000000
