#Configurational_file created 2018-09-14 13:46:14  started 2018-09-14 13:46:14 run for 0.0s steps 0
name: gc_123
step: 10000
specie: 6
	particle_diameter: 1.0000000000000000
	interaction_length: 1.2000000000000000
	number_of_patches: 3
	number_of_particles_per_compound: 1
	rod_length: 1.0000000000000000
	interaction_matrix:  1.000000 1.000000 1.000000 1.000000 1.000000 1.000000 1.000000 1.000000 1.000000
	patch_type: symmetric
	patch_width: 8.0000000000000000
	patch_angle: 0.0000000000000000
	angles:  0.000000 0.000000 0.000000
	grand_canonical: 1
	chemical_potential: -2.4482759999999999
box: 10.000000 10.000000
copy: 1.000000 1.000000
epsilon: 0.0344840000000000
end_epsilon: 0.0000000000000000
pressure: 1.0000000000000000
lambda: 0.0000000000000000
lambda_coupling: 1.0000000000000000
uy: 0.0000000000000000
maximum_displacement: 1.0000000000000000
maximum_rotation: 1.0000000000000000
maximum_volume: 0.0000001000000000
maximum_shape: 0.0000001000000000
maximum_dsigma: 0.0100000000000000
mod: 10
pmod: 10
optimize: 1
verbose: 1
snapshot: 0
display: 1
explore: 1
npt: 0
nptxy: 0
nptdxdy: 0
shape: 0
seed: 142642
13.133198061745 9.026692479890 0.866025403784 0.500000000000
10.494848841721 13.310496134595 0.866025403784 0.500000000000
-4.503381204592 8.222163022373 0.866025403784 0.500000000000
4.755531218974 0.191296475532 0.866025403784 -0.500000000000
7.076408816311 8.784271333504 0.866025403784 0.500000000000
-7.170922159620 -13.428443345348 0.866025403784 0.500000000000
