#Configurational_file created 2018-09-14 11:50:55  started 2018-09-14 11:50:55 run for 0.0s steps 0
name: gc_155
step: 10000
specie: 10
	particle_diameter: 1.0000000000000000
	interaction_length: 1.2000000000000000
	number_of_patches: 3
	number_of_particles_per_compound: 1
	rod_length: 1.0000000000000000
	interaction_matrix:  1.000000 1.000000 1.000000 1.000000 1.000000 1.000000 1.000000 1.000000 1.000000
	patch_type: symmetric
	patch_width: 8.0000000000000000
	patch_angle: 0.0000000000000000
	angles:  0.000000 0.000000 0.000000
	grand_canonical: 1
	chemical_potential: -2.0000000000000000
box: 10.000000 10.000000
copy: 1.000000 1.000000
epsilon: 0.0166680000000000
end_epsilon: 0.0000000000000000
pressure: 1.0000000000000000
lambda: 0.0000000000000000
lambda_coupling: 1.0000000000000000
uy: 0.0000000000000000
maximum_displacement: 1.0000000000000000
maximum_rotation: 1.0000000000000000
maximum_volume: 0.0000001000000000
maximum_shape: 0.0000001000000000
maximum_dsigma: 0.0100000000000000
mod: 10
pmod: 10
optimize: 1
verbose: 1
snapshot: 0
display: 1
explore: 1
npt: 0
nptxy: 0
nptdxdy: 0
shape: 0
seed: 179026
22.606561805338 11.187015522936 0.866025403784 -0.500000000000
2.353378712717 3.363042915814 0.000000000000 1.000000000000
4.570377120425 0.829526514950 0.000000000000 1.000000000000
-6.141415333053 6.614342727799 0.866025403784 0.500000000000
-3.841886652177 10.760554584866 0.000000000000 1.000000000000
8.127540369360 11.886169350126 0.866025403784 0.500000000000
11.758964470928 5.299150322960 0.000000000000 1.000000000000
9.712568659938 8.454816825908 0.866025403784 0.500000000000
17.373681179968 4.678992194930 0.866025403784 0.500000000000
0.744359481379 0.150021497279 0.000000000000 1.000000000000
