#Configurational_file created 2018-09-14 11:50:53  started 2018-09-14 11:50:53 run for 0.0s steps 0
name: gc_152
step: 10000
specie: 13
	particle_diameter: 1.0000000000000000
	interaction_length: 1.2000000000000000
	number_of_patches: 3
	number_of_particles_per_compound: 1
	rod_length: 1.0000000000000000
	interaction_matrix:  1.000000 1.000000 1.000000 1.000000 1.000000 1.000000 1.000000 1.000000 1.000000
	patch_type: symmetric
	patch_width: 8.0000000000000000
	patch_angle: 0.0000000000000000
	angles:  0.000000 0.000000 0.000000
	grand_canonical: 1
	chemical_potential: -2.0000000000000000
box: 10.000000 10.000000
copy: 1.000000 1.000000
epsilon: 0.0041680000000000
end_epsilon: 0.0000000000000000
pressure: 1.0000000000000000
lambda: 0.0000000000000000
lambda_coupling: 1.0000000000000000
uy: 0.0000000000000000
maximum_displacement: 1.0000000000000000
maximum_rotation: 1.0000000000000000
maximum_volume: 0.0000001000000000
maximum_shape: 0.0000001000000000
maximum_dsigma: 0.0100000000000000
mod: 10
pmod: 10
optimize: 1
verbose: 1
snapshot: 0
display: 1
explore: 1
npt: 0
nptxy: 0
nptdxdy: 0
shape: 0
seed: 175615
2.633978592828 5.558945957091 0.866025403784 -0.500000000000
8.360272147521 -4.884302508753 0.000000000000 1.000000000000
5.960961129844 4.445465048433 0.866025403784 -0.500000000000
5.799172008480 7.481075346772 0.000000000000 1.000000000000
17.363261721924 5.979737439678 0.000000000000 1.000000000000
24.912164865270 -0.756639714685 0.000000000000 1.000000000000
2.594088632641 -5.405284039145 0.866025403784 0.500000000000
9.196471796124 3.321427153957 0.866025403784 0.500000000000
-0.675863277234 5.744030336704 0.000000000000 1.000000000000
4.190585004007 -0.020235164052 0.866025403784 0.500000000000
10.074420709610 8.341748615347 0.866025403784 0.500000000000
5.787342492840 20.251906287539 0.866025403784 0.500000000000
0.036328846876 1.407058989421 0.866025403784 -0.500000000000
