#Configurational_file created 2018-09-14 11:23:06  started 2018-09-14 11:23:05 run for 1.0s steps 0
name: gc_138
step: 10000
specie: 10
	particle_diameter: 1.0000000000000000
	interaction_length: 1.2000000000000000
	number_of_patches: 3
	number_of_particles_per_compound: 1
	rod_length: 1.0000000000000000
	interaction_matrix:  1.000000 1.000000 1.000000 1.000000 1.000000 1.000000 1.000000 1.000000 1.000000
	patch_type: symmetric
	patch_width: 8.0000000000000000
	patch_angle: 0.0000000000000000
	angles:  0.000000 0.000000 0.000000
	grand_canonical: 1
	chemical_potential: -2.1666669999999999
box: 10.000000 10.000000
copy: 1.000000 1.000000
epsilon: 1.0000500000000001
end_epsilon: 0.0000000000000000
pressure: 1.0000000000000000
lambda: 0.0000000000000000
lambda_coupling: 1.0000000000000000
uy: 0.0000000000000000
maximum_displacement: 1.0000000000000000
maximum_rotation: 1.0000000000000000
maximum_volume: 0.0000001000000000
maximum_shape: 0.0000001000000000
maximum_dsigma: 0.0100000000000000
mod: 10
pmod: 10
optimize: 1
verbose: 1
snapshot: 0
display: 1
explore: 1
npt: 0
nptxy: 0
nptdxdy: 0
shape: 0
seed: 159697
9.814798611304 3.450723308208 0.866025403784 -0.500000000000
2.239445775182 3.159424335210 0.866025403784 0.500000000000
-14.370809868943 8.281601764744 0.866025403784 0.500000000000
3.630577712383 10.401557985072 0.866025403784 -0.500000000000
6.269887863832 11.281132510029 0.000000000000 1.000000000000
8.575914697281 2.510957176353 0.000000000000 1.000000000000
7.990921256954 12.207361242844 0.866025403784 0.500000000000
4.015077233183 12.758582015353 0.866025403784 -0.500000000000
5.870903003981 3.920622084552 0.866025403784 0.500000000000
3.961682378995 5.347326678627 0.000000000000 1.000000000000
