#Configurational_file created 2018-09-14 11:22:52  started 2018-09-14 11:22:52 run for 0.0s steps 0
name: gc_117
step: 10000
specie: 12
	particle_diameter: 1.0000000000000000
	interaction_length: 1.2000000000000000
	number_of_patches: 3
	number_of_particles_per_compound: 1
	rod_length: 1.0000000000000000
	interaction_matrix:  1.000000 1.000000 1.000000 1.000000 1.000000 1.000000 1.000000 1.000000 1.000000
	patch_type: symmetric
	patch_width: 8.0000000000000000
	patch_angle: 0.0000000000000000
	angles:  0.000000 0.000000 0.000000
	grand_canonical: 1
	chemical_potential: -2.3333330000000001
box: 10.000000 10.000000
copy: 1.000000 1.000000
epsilon: 1.3333670000000000
end_epsilon: 0.0000000000000000
pressure: 1.0000000000000000
lambda: 0.0000000000000000
lambda_coupling: 1.0000000000000000
uy: 0.0000000000000000
maximum_displacement: 1.0000000000000000
maximum_rotation: 1.0000000000000000
maximum_volume: 0.0000001000000000
maximum_shape: 0.0000001000000000
maximum_dsigma: 0.0100000000000000
mod: 10
pmod: 10
optimize: 1
verbose: 1
snapshot: 0
display: 1
explore: 1
npt: 0
nptxy: 0
nptdxdy: 0
shape: 0
seed: 135820
3.859677032684 7.160648381095 0.000000000000 1.000000000000
18.026011013406 13.617656032411 0.866025403784 -0.500000000000
-1.386509364187 4.583551131444 0.000000000000 1.000000000000
9.622410598674 11.627234055374 0.866025403784 0.500000000000
2.876044445646 10.809593081065 0.000000000000 1.000000000000
-19.306707217992 13.772353536212 0.000000000000 1.000000000000
-0.972341961553 10.855701777271 0.000000000000 1.000000000000
6.571892871723 -0.624469488309 0.000000000000 1.000000000000
0.527340349488 7.233868658463 0.866025403784 -0.500000000000
2.056491308287 5.571169585626 0.866025403784 -0.500000000000
5.680159660699 2.218118377368 0.000000000000 1.000000000000
5.878261907879 7.377017755500 0.866025403784 0.500000000000
