#Configurational_file created 2018-09-14 11:21:51  started 2018-09-14 11:21:51 run for 0.0s steps 0
name: gc_16
step: 10000
specie: 7
	particle_diameter: 1.0000000000000000
	interaction_length: 1.2000000000000000
	number_of_patches: 3
	number_of_particles_per_compound: 1
	rod_length: 1.0000000000000000
	interaction_matrix:  1.000000 1.000000 1.000000 1.000000 1.000000 1.000000 1.000000 1.000000 1.000000
	patch_type: symmetric
	patch_width: 8.0000000000000000
	patch_angle: 0.0000000000000000
	angles:  0.000000 0.000000 0.000000
	grand_canonical: 1
	chemical_potential: -3.0000000000000000
box: 10.000000 10.000000
copy: 1.000000 1.000000
epsilon: 1.2500370000000001
end_epsilon: 0.0000000000000000
pressure: 1.0000000000000000
lambda: 0.0000000000000000
lambda_coupling: 1.0000000000000000
uy: 0.0000000000000000
maximum_displacement: 1.0000000000000000
maximum_rotation: 1.0000000000000000
maximum_volume: 0.0000001000000000
maximum_shape: 0.0000001000000000
maximum_dsigma: 0.0100000000000000
mod: 10
pmod: 10
optimize: 1
verbose: 1
snapshot: 0
display: 1
explore: 1
npt: 0
nptxy: 0
nptdxdy: 0
shape: 0
seed: 20983
3.220015698046 11.711615674510 0.866025403784 0.500000000000
8.923861936302 8.800430666731 0.866025403784 0.500000000000
-10.661329608995 0.819218390456 0.000000000000 1.000000000000
1.714457056564 -4.024076074119 0.866025403784 0.500000000000
12.785395346508 8.180875117872 0.000000000000 1.000000000000
2.163781950544 0.919984696564 0.866025403784 -0.500000000000
3.168337947587 -0.977430907305 0.866025403784 0.500000000000
