#Configurational_file created 2018-09-14 11:51:12  started 2018-09-14 11:51:11 run for 1.0s steps 0
name: gc_179
step: 10000
specie: 11
	particle_diameter: 1.0000000000000000
	interaction_length: 1.2000000000000000
	number_of_patches: 3
	number_of_particles_per_compound: 1
	rod_length: 1.0000000000000000
	interaction_matrix:  1.000000 1.000000 1.000000 1.000000 1.000000 1.000000 1.000000 1.000000 1.000000
	patch_type: symmetric
	patch_width: 8.0000000000000000
	patch_angle: 0.0000000000000000
	angles:  0.000000 0.000000 0.000000
	grand_canonical: 1
	chemical_potential: -1.8333330000000001
box: 10.000000 10.000000
copy: 1.000000 1.000000
epsilon: 0.0125010000000000
end_epsilon: 0.0000000000000000
pressure: 1.0000000000000000
lambda: 0.0000000000000000
lambda_coupling: 1.0000000000000000
uy: 0.0000000000000000
maximum_displacement: 1.0000000000000000
maximum_rotation: 1.0000000000000000
maximum_volume: 0.0000001000000000
maximum_shape: 0.0000001000000000
maximum_dsigma: 0.0100000000000000
mod: 10
pmod: 10
optimize: 1
verbose: 1
snapshot: 0
display: 1
explore: 1
npt: 0
nptxy: 0
nptdxdy: 0
shape: 0
seed: 206314
-0.504061662737 5.795365439390 0.866025403784 -0.500000000000
1.634627808676 6.604987743687 0.866025403784 0.500000000000
4.931982818496 11.101670641960 0.866025403784 0.500000000000
8.731367217801 13.899227768309 0.866025403784 0.500000000000
8.400764500339 5.573695454043 0.866025403784 0.500000000000
-2.836533029285 -8.979794797510 0.866025403784 0.500000000000
7.778874875144 11.796679045253 0.000000000000 1.000000000000
-3.927083739353 6.203535792651 0.866025403784 0.500000000000
3.832331411933 -0.343664840860 0.000000000000 1.000000000000
7.046187542534 2.388553892647 0.866025403784 -0.500000000000
4.646692595762 6.800087585964 0.866025403784 0.500000000000
