#Configurational_file created 2018-09-14 11:23:25  started 2018-09-14 11:23:25 run for 0.0s steps 0
name: gc_168
step: 10000
specie: 11
	particle_diameter: 1.0000000000000000
	interaction_length: 1.2000000000000000
	number_of_patches: 3
	number_of_particles_per_compound: 1
	rod_length: 1.0000000000000000
	interaction_matrix:  1.000000 1.000000 1.000000 1.000000 1.000000 1.000000 1.000000 1.000000 1.000000
	patch_type: symmetric
	patch_width: 8.0000000000000000
	patch_angle: 0.0000000000000000
	angles:  0.000000 0.000000 0.000000
	grand_canonical: 1
	chemical_potential: -2.0000000000000000
box: 10.000000 10.000000
copy: 1.000000 1.000000
epsilon: 1.4166960000000000
end_epsilon: 0.0000000000000000
pressure: 1.0000000000000000
lambda: 0.0000000000000000
lambda_coupling: 1.0000000000000000
uy: 0.0000000000000000
maximum_displacement: 1.0000000000000000
maximum_rotation: 1.0000000000000000
maximum_volume: 0.0000001000000000
maximum_shape: 0.0000001000000000
maximum_dsigma: 0.0100000000000000
mod: 10
pmod: 10
optimize: 1
verbose: 1
snapshot: 0
display: 1
explore: 1
npt: 0
nptxy: 0
nptdxdy: 0
shape: 0
seed: 193807
16.107221160994 7.655162167210 0.866025403784 -0.500000000000
11.304797818800 8.297300221606 0.866025403784 -0.500000000000
6.367233385269 9.135654128029 0.866025403784 0.500000000000
-2.775184051221 3.359391838672 0.866025403784 0.500000000000
15.093265289446 0.479592057133 0.866025403784 -0.500000000000
-1.700110942545 5.724222629102 0.000000000000 1.000000000000
6.544375565598 6.593325402957 0.000000000000 1.000000000000
7.324380101588 -0.040904522082 0.866025403784 -0.500000000000
-0.107138465706 -1.008019140114 0.866025403784 0.500000000000
1.625020573442 5.611771390356 0.000000000000 1.000000000000
8.889510996898 3.581820552409 0.866025403784 -0.500000000000
