#Configurational_file created 2018-09-14 13:47:00  started 2018-09-14 13:46:59 run for 1.0s steps 0
name: gc_196
step: 10000
specie: 13
	particle_diameter: 1.0000000000000000
	interaction_length: 1.2000000000000000
	number_of_patches: 3
	number_of_particles_per_compound: 1
	rod_length: 1.0000000000000000
	interaction_matrix:  1.000000 1.000000 1.000000 1.000000 1.000000 1.000000 1.000000 1.000000 1.000000
	patch_type: symmetric
	patch_width: 8.0000000000000000
	patch_angle: 0.0000000000000000
	angles:  0.000000 0.000000 0.000000
	grand_canonical: 1
	chemical_potential: -2.1724139999999998
box: 10.000000 10.000000
copy: 1.000000 1.000000
epsilon: 0.2586210000000000
end_epsilon: 0.0000000000000000
pressure: 1.0000000000000000
lambda: 0.0000000000000000
lambda_coupling: 1.0000000000000000
uy: 0.0000000000000000
maximum_displacement: 1.0000000000000000
maximum_rotation: 1.0000000000000000
maximum_volume: 0.0000001000000000
maximum_shape: 0.0000001000000000
maximum_dsigma: 0.0100000000000000
mod: 10
pmod: 10
optimize: 1
verbose: 1
snapshot: 0
display: 1
explore: 1
npt: 0
nptxy: 0
nptdxdy: 0
shape: 0
seed: 225643
12.624483768742 14.455591687510 0.000000000000 1.000000000000
0.081821771880 16.320858912117 0.866025403784 -0.500000000000
-5.561797721540 17.479777121653 0.000000000000 1.000000000000
4.527488948418 20.090431197933 0.866025403784 0.500000000000
-1.865895632334 16.545325263111 0.000000000000 1.000000000000
8.549169381633 -1.934125632288 0.866025403784 0.500000000000
6.881051831853 3.415858981620 0.866025403784 -0.500000000000
9.580682467177 12.409248151254 0.000000000000 1.000000000000
8.467489829579 2.003879062338 0.000000000000 1.000000000000
11.843481807527 5.240291659520 0.866025403784 0.500000000000
5.776929528896 4.010353843455 0.866025403784 -0.500000000000
6.588106329889 -0.384896760046 0.000000000000 1.000000000000
4.126511984300 5.488705155990 0.866025403784 0.500000000000
