#Configurational_file created 2018-09-14 13:46:46  started 2018-09-14 13:46:45 run for 1.0s steps 0
name: gc_174
step: 10000
specie: 9
	particle_diameter: 1.0000000000000000
	interaction_length: 1.2000000000000000
	number_of_patches: 3
	number_of_particles_per_compound: 1
	rod_length: 1.0000000000000000
	interaction_matrix:  1.000000 1.000000 1.000000 1.000000 1.000000 1.000000 1.000000 1.000000 1.000000
	patch_type: symmetric
	patch_width: 8.0000000000000000
	patch_angle: 0.0000000000000000
	angles:  0.000000 0.000000 0.000000
	grand_canonical: 1
	chemical_potential: -2.3103449999999999
box: 10.000000 10.000000
copy: 1.000000 1.000000
epsilon: 0.3965520000000000
end_epsilon: 0.0000000000000000
pressure: 1.0000000000000000
lambda: 0.0000000000000000
lambda_coupling: 1.0000000000000000
uy: 0.0000000000000000
maximum_displacement: 1.0000000000000000
maximum_rotation: 1.0000000000000000
maximum_volume: 0.0000001000000000
maximum_shape: 0.0000001000000000
maximum_dsigma: 0.0100000000000000
mod: 10
pmod: 10
optimize: 1
verbose: 1
snapshot: 0
display: 1
explore: 1
npt: 0
nptxy: 0
nptdxdy: 0
shape: 0
seed: 200629
6.737058267557 2.167115262805 0.866025403784 -0.500000000000
12.172968226120 8.129870907120 0.866025403784 -0.500000000000
-5.509217420129 18.559470640335 0.866025403784 0.500000000000
-16.526707956812 0.513977867174 0.866025403784 -0.500000000000
8.934810495675 -0.737390493223 0.866025403784 0.500000000000
-4.625796815055 -6.126362514689 0.866025403784 -0.500000000000
14.888062069638 11.880089899111 0.866025403784 -0.500000000000
5.101064001741 5.468283505875 0.866025403784 0.500000000000
9.832825849025 3.265139387678 0.866025403784 -0.500000000000
