#Configurational_file created 2018-09-14 13:46:52  started 2018-09-14 13:46:51 run for 1.0s steps 0
name: gc_183
step: 10000
specie: 11
	particle_diameter: 1.0000000000000000
	interaction_length: 1.2000000000000000
	number_of_patches: 3
	number_of_particles_per_compound: 1
	rod_length: 1.0000000000000000
	interaction_matrix:  1.000000 1.000000 1.000000 1.000000 1.000000 1.000000 1.000000 1.000000 1.000000
	patch_type: symmetric
	patch_width: 8.0000000000000000
	patch_angle: 0.0000000000000000
	angles:  0.000000 0.000000 0.000000
	grand_canonical: 1
	chemical_potential: -2.1724139999999998
box: 10.000000 10.000000
copy: 1.000000 1.000000
epsilon: 0.0344840000000000
end_epsilon: 0.0000000000000000
pressure: 1.0000000000000000
lambda: 0.0000000000000000
lambda_coupling: 1.0000000000000000
uy: 0.0000000000000000
maximum_displacement: 1.0000000000000000
maximum_rotation: 1.0000000000000000
maximum_volume: 0.0000001000000000
maximum_shape: 0.0000001000000000
maximum_dsigma: 0.0100000000000000
mod: 10
pmod: 10
optimize: 1
verbose: 1
snapshot: 0
display: 1
explore: 1
npt: 0
nptxy: 0
nptdxdy: 0
shape: 0
seed: 210862
10.961006771607 -18.347785268370 0.000000000000 1.000000000000
-0.097617298170 2.354166002869 0.000000000000 1.000000000000
5.117359084130 12.103362795825 0.000000000000 1.000000000000
10.740704014213 14.988618107239 0.866025403784 -0.500000000000
7.498156084725 20.229304296628 0.000000000000 1.000000000000
2.204227093779 5.608911669991 0.866025403784 -0.500000000000
-3.346207043388 -7.844502017451 0.866025403784 -0.500000000000
-0.362275806616 -1.692281386850 0.866025403784 0.500000000000
-0.209274472177 9.881736768728 0.866025403784 0.500000000000
5.252842207359 6.153384666769 0.000000000000 1.000000000000
5.867548106542 -0.934030643443 0.000000000000 1.000000000000
