#Configurational_file created 2018-09-14 11:23:28  started 2018-09-14 11:23:27 run for 1.0s steps 0
name: gc_172
step: 10000
specie: 12
	particle_diameter: 1.0000000000000000
	interaction_length: 1.2000000000000000
	number_of_patches: 3
	number_of_particles_per_compound: 1
	rod_length: 1.0000000000000000
	interaction_matrix:  1.000000 1.000000 1.000000 1.000000 1.000000 1.000000 1.000000 1.000000 1.000000
	patch_type: symmetric
	patch_width: 8.0000000000000000
	patch_angle: 0.0000000000000000
	angles:  0.000000 0.000000 0.000000
	grand_canonical: 1
	chemical_potential: -2.0000000000000000
box: 10.000000 10.000000
copy: 1.000000 1.000000
epsilon: 1.7500119999999999
end_epsilon: 0.0000000000000000
pressure: 1.0000000000000000
lambda: 0.0000000000000000
lambda_coupling: 1.0000000000000000
uy: 0.0000000000000000
maximum_displacement: 1.0000000000000000
maximum_rotation: 1.0000000000000000
maximum_volume: 0.0000001000000000
maximum_shape: 0.0000001000000000
maximum_dsigma: 0.0100000000000000
mod: 10
pmod: 10
optimize: 1
verbose: 1
snapshot: 0
display: 1
explore: 1
npt: 0
nptxy: 0
nptdxdy: 0
shape: 0
seed: 198355
12.722775651570 -1.489491471115 0.866025403784 0.500000000000
4.652647216611 4.617406517366 0.866025403784 0.500000000000
-1.491628351040 5.140935666372 0.000000000000 1.000000000000
6.791085699993 4.955516085458 0.000000000000 1.000000000000
2.087043689535 -3.389701495346 0.866025403784 -0.500000000000
0.276205405685 8.607532997833 0.866025403784 0.500000000000
1.142816244931 10.880380722504 0.866025403784 0.500000000000
4.734327819061 3.084007555142 0.866025403784 -0.500000000000
7.327999514858 1.982063868712 0.000000000000 1.000000000000
6.865051540776 3.385670807872 0.866025403784 0.500000000000
7.764030183973 10.048723485135 0.866025403784 -0.500000000000
4.093819709873 2.609862093021 0.000000000000 1.000000000000
