#Configurational_file created 2018-09-14 13:46:50  started 2018-09-14 13:46:50 run for 0.0s steps 0
name: gc_181
step: 10000
specie: 13
	particle_diameter: 1.0000000000000000
	interaction_length: 1.2000000000000000
	number_of_patches: 3
	number_of_particles_per_compound: 1
	rod_length: 1.0000000000000000
	interaction_matrix:  1.000000 1.000000 1.000000 1.000000 1.000000 1.000000 1.000000 1.000000 1.000000
	patch_type: symmetric
	patch_width: 8.0000000000000000
	patch_angle: 0.0000000000000000
	angles:  0.000000 0.000000 0.000000
	grand_canonical: 1
	chemical_potential: -2.1724139999999998
box: 10.000000 10.000000
copy: 1.000000 1.000000
epsilon: 0.0000010000000000
end_epsilon: 0.0000000000000000
pressure: 1.0000000000000000
lambda: 0.0000000000000000
lambda_coupling: 1.0000000000000000
uy: 0.0000000000000000
maximum_displacement: 1.0000000000000000
maximum_rotation: 1.0000000000000000
maximum_volume: 0.0000001000000000
maximum_shape: 0.0000001000000000
maximum_dsigma: 0.0100000000000000
mod: 10
pmod: 10
optimize: 1
verbose: 1
snapshot: 0
display: 1
explore: 1
npt: 0
nptxy: 0
nptdxdy: 0
shape: 0
seed: 208588
12.526943651378 5.887645552282 0.000000000000 1.000000000000
2.485239545476 10.160648820819 0.866025403784 0.500000000000
6.052043283135 12.153768251433 0.866025403784 -0.500000000000
5.543709286709 9.223051630239 0.866025403784 0.500000000000
9.260825228699 10.041834519814 0.866025403784 0.500000000000
1.861332601578 5.894881693762 0.866025403784 0.500000000000
-2.062126585430 2.369513362887 0.866025403784 0.500000000000
3.333472543673 6.602848249667 0.866025403784 -0.500000000000
-2.187253497753 14.201079795293 0.866025403784 -0.500000000000
5.721431641982 -2.046150011599 0.866025403784 0.500000000000
6.607924041827 -1.024846027813 0.866025403784 0.500000000000
8.764019988935 -5.379583881144 0.866025403784 -0.500000000000
0.805767246529 -0.403127966814 0.866025403784 -0.500000000000
