#Configurational_file created 2018-09-14 11:50:44  started 2018-09-14 11:50:44 run for 0.0s steps 0
name: gc_139
step: 10000
specie: 17
	particle_diameter: 1.0000000000000000
	interaction_length: 1.2000000000000000
	number_of_patches: 3
	number_of_particles_per_compound: 1
	rod_length: 1.0000000000000000
	interaction_matrix:  1.000000 1.000000 1.000000 1.000000 1.000000 1.000000 1.000000 1.000000 1.000000
	patch_type: symmetric
	patch_width: 8.0000000000000000
	patch_angle: 0.0000000000000000
	angles:  0.000000 0.000000 0.000000
	grand_canonical: 1
	chemical_potential: -2.1666669999999999
box: 10.000000 10.000000
copy: 1.000000 1.000000
epsilon: 0.0541670000000000
end_epsilon: 0.0000000000000000
pressure: 1.0000000000000000
lambda: 0.0000000000000000
lambda_coupling: 1.0000000000000000
uy: 0.0000000000000000
maximum_displacement: 1.0000000000000000
maximum_rotation: 1.0000000000000000
maximum_volume: 0.0000001000000000
maximum_shape: 0.0000001000000000
maximum_dsigma: 0.0100000000000000
mod: 10
pmod: 10
optimize: 1
verbose: 1
snapshot: 0
display: 1
explore: 1
npt: 0
nptxy: 0
nptdxdy: 0
shape: 0
seed: 160834
5.518646693062 7.937058717846 0.000000000000 1.000000000000
8.944277602197 5.081267987052 0.866025403784 -0.500000000000
0.876388680182 1.717685987308 0.866025403784 0.500000000000
6.694616520332 -9.405190896501 0.866025403784 -0.500000000000
10.544616752156 13.405200103712 0.866025403784 0.500000000000
3.818561554794 4.336383966411 0.866025403784 -0.500000000000
3.608194948686 -0.350706350317 0.866025403784 -0.500000000000
0.028355842692 -0.657082065208 0.866025403784 0.500000000000
9.649918982289 14.617014628703 0.866025403784 0.500000000000
3.825055922180 7.710960907218 0.000000000000 1.000000000000
12.687143332933 9.672593874182 0.866025403784 0.500000000000
2.023273986113 12.676074719923 0.866025403784 0.500000000000
2.368060191085 12.228835453901 0.000000000000 1.000000000000
7.470285703599 4.158412104840 0.000000000000 1.000000000000
2.085823466546 4.817662240576 0.866025403784 0.500000000000
0.270169953942 5.367729848223 0.866025403784 -0.500000000000
7.357380488646 0.368839227817 0.000000000000 1.000000000000
