#Configurational_file created 2018-09-14 11:51:15  started 2018-09-14 11:51:14 run for 1.0s steps 0
name: gc_184
step: 10000
specie: 11
	particle_diameter: 1.0000000000000000
	interaction_length: 1.2000000000000000
	number_of_patches: 3
	number_of_particles_per_compound: 1
	rod_length: 1.0000000000000000
	interaction_matrix:  1.000000 1.000000 1.000000 1.000000 1.000000 1.000000 1.000000 1.000000 1.000000
	patch_type: symmetric
	patch_width: 8.0000000000000000
	patch_angle: 0.0000000000000000
	angles:  0.000000 0.000000 0.000000
	grand_canonical: 1
	chemical_potential: -1.8333330000000001
box: 10.000000 10.000000
copy: 1.000000 1.000000
epsilon: 0.0333340000000000
end_epsilon: 0.0000000000000000
pressure: 1.0000000000000000
lambda: 0.0000000000000000
lambda_coupling: 1.0000000000000000
uy: 0.0000000000000000
maximum_displacement: 1.0000000000000000
maximum_rotation: 1.0000000000000000
maximum_volume: 0.0000001000000000
maximum_shape: 0.0000001000000000
maximum_dsigma: 0.0100000000000000
mod: 10
pmod: 10
optimize: 1
verbose: 1
snapshot: 0
display: 1
explore: 1
npt: 0
nptxy: 0
nptdxdy: 0
shape: 0
seed: 211999
6.454214649665 13.868175257440 0.866025403784 -0.500000000000
1.309386429583 0.272561841741 0.866025403784 -0.500000000000
5.390818975816 9.438281691221 0.866025403784 0.500000000000
-1.869747810964 5.641712262820 0.866025403784 0.500000000000
-3.673792728402 8.474191689207 0.000000000000 1.000000000000
14.278975762160 0.030555619836 0.866025403784 0.500000000000
19.359110392576 -12.987620190758 0.866025403784 -0.500000000000
1.417364187848 12.174968566987 0.866025403784 -0.500000000000
-4.851869652004 2.846448059205 0.000000000000 1.000000000000
0.218536448362 3.014687542210 0.866025403784 0.500000000000
4.106046470311 8.233236644742 0.866025403784 -0.500000000000
