#Configurational_file created 2018-09-14 11:50:23  started 2018-09-14 11:50:22 run for 1.0s steps 0
name: gc_106
step: 10000
specie: 9
	particle_diameter: 1.0000000000000000
	interaction_length: 1.2000000000000000
	number_of_patches: 3
	number_of_particles_per_compound: 1
	rod_length: 1.0000000000000000
	interaction_matrix:  1.000000 1.000000 1.000000 1.000000 1.000000 1.000000 1.000000 1.000000 1.000000
	patch_type: symmetric
	patch_width: 8.0000000000000000
	patch_angle: 0.0000000000000000
	angles:  0.000000 0.000000 0.000000
	grand_canonical: 1
	chemical_potential: -2.3333330000000001
box: 10.000000 10.000000
copy: 1.000000 1.000000
epsilon: 0.0208340000000000
end_epsilon: 0.0000000000000000
pressure: 1.0000000000000000
lambda: 0.0000000000000000
lambda_coupling: 1.0000000000000000
uy: 0.0000000000000000
maximum_displacement: 1.0000000000000000
maximum_rotation: 1.0000000000000000
maximum_volume: 0.0000001000000000
maximum_shape: 0.0000001000000000
maximum_dsigma: 0.0100000000000000
mod: 10
pmod: 10
optimize: 1
verbose: 1
snapshot: 0
display: 1
explore: 1
npt: 0
nptxy: 0
nptdxdy: 0
shape: 0
seed: 123313
7.485150714551 2.494265267885 0.866025403784 -0.500000000000
-10.276053192598 2.529137492160 0.000000000000 1.000000000000
4.042432207895 5.813746047429 0.866025403784 0.500000000000
5.093976136434 -0.698165758113 0.000000000000 1.000000000000
-4.345194985364 6.650961399856 0.000000000000 1.000000000000
10.692336866077 9.126185473985 0.866025403784 -0.500000000000
8.716943360298 -2.150500197057 0.866025403784 -0.500000000000
-1.042619170519 1.793608067118 0.866025403784 0.500000000000
2.610237433050 -1.402939403800 0.000000000000 1.000000000000
