#Configurational_file created 2018-09-14 11:23:18  started 2018-09-14 11:23:17 run for 1.0s steps 0
name: gc_157
step: 10000
specie: 9
	particle_diameter: 1.0000000000000000
	interaction_length: 1.2000000000000000
	number_of_patches: 3
	number_of_particles_per_compound: 1
	rod_length: 1.0000000000000000
	interaction_matrix:  1.000000 1.000000 1.000000 1.000000 1.000000 1.000000 1.000000 1.000000 1.000000
	patch_type: symmetric
	patch_width: 8.0000000000000000
	patch_angle: 0.0000000000000000
	angles:  0.000000 0.000000 0.000000
	grand_canonical: 1
	chemical_potential: -2.0000000000000000
box: 10.000000 10.000000
copy: 1.000000 1.000000
epsilon: 0.5000750000000000
end_epsilon: 0.0000000000000000
pressure: 1.0000000000000000
lambda: 0.0000000000000000
lambda_coupling: 1.0000000000000000
uy: 0.0000000000000000
maximum_displacement: 1.0000000000000000
maximum_rotation: 1.0000000000000000
maximum_volume: 0.0000001000000000
maximum_shape: 0.0000001000000000
maximum_dsigma: 0.0100000000000000
mod: 10
pmod: 10
optimize: 1
verbose: 1
snapshot: 0
display: 1
explore: 1
npt: 0
nptxy: 0
nptdxdy: 0
shape: 0
seed: 181300
4.608773835487 4.293330170793 0.866025403784 0.500000000000
8.157290576460 8.646605545156 0.866025403784 0.500000000000
-11.399102781802 9.227673455958 0.866025403784 -0.500000000000
16.325768064897 -1.864385961930 0.000000000000 1.000000000000
7.525554560615 4.862958488803 0.866025403784 0.500000000000
11.263836837233 11.906306718265 0.000000000000 1.000000000000
11.922650593755 15.154638959579 0.000000000000 1.000000000000
10.990630131341 2.736594022824 0.866025403784 0.500000000000
7.629603483109 3.241757085534 0.866025403784 0.500000000000
