#Configurational_file created 2018-09-14 11:51:16  started 2018-09-14 11:51:15 run for 1.0s steps 0
name: gc_185
step: 10000
specie: 9
	particle_diameter: 1.0000000000000000
	interaction_length: 1.2000000000000000
	number_of_patches: 3
	number_of_particles_per_compound: 1
	rod_length: 1.0000000000000000
	interaction_matrix:  1.000000 1.000000 1.000000 1.000000 1.000000 1.000000 1.000000 1.000000 1.000000
	patch_type: symmetric
	patch_width: 8.0000000000000000
	patch_angle: 0.0000000000000000
	angles:  0.000000 0.000000 0.000000
	grand_canonical: 1
	chemical_potential: -1.8333330000000001
box: 10.000000 10.000000
copy: 1.000000 1.000000
epsilon: 0.0375010000000000
end_epsilon: 0.0000000000000000
pressure: 1.0000000000000000
lambda: 0.0000000000000000
lambda_coupling: 1.0000000000000000
uy: 0.0000000000000000
maximum_displacement: 1.0000000000000000
maximum_rotation: 1.0000000000000000
maximum_volume: 0.0000001000000000
maximum_shape: 0.0000001000000000
maximum_dsigma: 0.0100000000000000
mod: 10
pmod: 10
optimize: 1
verbose: 1
snapshot: 0
display: 1
explore: 1
npt: 0
nptxy: 0
nptdxdy: 0
shape: 0
seed: 213136
12.114745061982 13.998745535560 0.866025403784 -0.500000000000
16.238809517858 29.782764265106 0.866025403784 0.500000000000
-0.698126379186 11.483069031231 0.866025403784 -0.500000000000
11.098322711160 0.895897948941 0.000000000000 1.000000000000
4.815981580804 -2.080338325084 0.866025403784 -0.500000000000
5.008349898083 2.748778770803 0.866025403784 -0.500000000000
8.603813813602 5.897907508591 0.866025403784 0.500000000000
6.389855609616 11.105486797603 0.866025403784 0.500000000000
2.540245749194 3.186227620365 0.000000000000 1.000000000000
