#Configurational_file created 2018-09-14 13:46:49  started 2018-09-14 13:46:48 run for 1.0s steps 0
name: gc_179
step: 10000
specie: 10
	particle_diameter: 1.0000000000000000
	interaction_length: 1.2000000000000000
	number_of_patches: 3
	number_of_particles_per_compound: 1
	rod_length: 1.0000000000000000
	interaction_matrix:  1.000000 1.000000 1.000000 1.000000 1.000000 1.000000 1.000000 1.000000 1.000000
	patch_type: symmetric
	patch_width: 8.0000000000000000
	patch_angle: 0.0000000000000000
	angles:  0.000000 0.000000 0.000000
	grand_canonical: 1
	chemical_potential: -2.3103449999999999
box: 10.000000 10.000000
copy: 1.000000 1.000000
epsilon: 0.4827590000000000
end_epsilon: 0.0000000000000000
pressure: 1.0000000000000000
lambda: 0.0000000000000000
lambda_coupling: 1.0000000000000000
uy: 0.0000000000000000
maximum_displacement: 1.0000000000000000
maximum_rotation: 1.0000000000000000
maximum_volume: 0.0000001000000000
maximum_shape: 0.0000001000000000
maximum_dsigma: 0.0100000000000000
mod: 10
pmod: 10
optimize: 1
verbose: 1
snapshot: 0
display: 1
explore: 1
npt: 0
nptxy: 0
nptdxdy: 0
shape: 0
seed: 206314
7.135525114227 6.711765910260 0.866025403784 0.500000000000
-1.729757187642 11.405194968652 0.866025403784 -0.500000000000
4.218253502691 6.855802890547 0.866025403784 -0.500000000000
15.191243580662 11.894932453979 0.866025403784 -0.500000000000
1.107889524600 2.929864800585 0.000000000000 1.000000000000
19.018116820167 18.606541152452 0.000000000000 1.000000000000
-3.111193094869 20.367302212524 0.000000000000 1.000000000000
7.023689964776 -1.395363730196 0.866025403784 -0.500000000000
3.302928901144 4.869493235598 0.866025403784 0.500000000000
3.070910418059 1.458279686665 0.866025403784 0.500000000000
