#Configurational_file created 2018-09-14 11:50:51  started 2018-09-14 11:50:50 run for 1.0s steps 0
name: gc_149
step: 10000
specie: 8
	particle_diameter: 1.0000000000000000
	interaction_length: 1.2000000000000000
	number_of_patches: 3
	number_of_particles_per_compound: 1
	rod_length: 1.0000000000000000
	interaction_matrix:  1.000000 1.000000 1.000000 1.000000 1.000000 1.000000 1.000000 1.000000 1.000000
	patch_type: symmetric
	patch_width: 8.0000000000000000
	patch_angle: 0.0000000000000000
	angles:  0.000000 0.000000 0.000000
	grand_canonical: 1
	chemical_potential: -2.1666669999999999
box: 10.000000 10.000000
copy: 1.000000 1.000000
epsilon: 0.0958330000000000
end_epsilon: 0.0000000000000000
pressure: 1.0000000000000000
lambda: 0.0000000000000000
lambda_coupling: 1.0000000000000000
uy: 0.0000000000000000
maximum_displacement: 1.0000000000000000
maximum_rotation: 1.0000000000000000
maximum_volume: 0.0000001000000000
maximum_shape: 0.0000001000000000
maximum_dsigma: 0.0100000000000000
mod: 10
pmod: 10
optimize: 1
verbose: 1
snapshot: 0
display: 1
explore: 1
npt: 0
nptxy: 0
nptdxdy: 0
shape: 0
seed: 172204
27.743092952346 -8.724333142707 0.000000000000 1.000000000000
7.453966089993 5.933989758993 0.866025403784 0.500000000000
-7.208382242044 -0.737742050050 0.866025403784 0.500000000000
10.057524167965 3.056476916533 0.866025403784 -0.500000000000
7.765934290679 4.216990199876 0.866025403784 0.500000000000
6.917432160872 1.987345973873 0.866025403784 0.500000000000
21.689771750317 1.420003818320 0.866025403784 0.500000000000
1.282134368842 3.024300473417 0.866025403784 -0.500000000000
