#Configurational_file created 2018-09-14 11:23:17  started 2018-09-14 11:23:16 run for 1.0s steps 0
name: gc_155
step: 10000
specie: 11
	particle_diameter: 1.0000000000000000
	interaction_length: 1.2000000000000000
	number_of_patches: 3
	number_of_particles_per_compound: 1
	rod_length: 1.0000000000000000
	interaction_matrix:  1.000000 1.000000 1.000000 1.000000 1.000000 1.000000 1.000000 1.000000 1.000000
	patch_type: symmetric
	patch_width: 8.0000000000000000
	patch_angle: 0.0000000000000000
	angles:  0.000000 0.000000 0.000000
	grand_canonical: 1
	chemical_potential: -2.0000000000000000
box: 10.000000 10.000000
copy: 1.000000 1.000000
epsilon: 0.3334170000000000
end_epsilon: 0.0000000000000000
pressure: 1.0000000000000000
lambda: 0.0000000000000000
lambda_coupling: 1.0000000000000000
uy: 0.0000000000000000
maximum_displacement: 1.0000000000000000
maximum_rotation: 1.0000000000000000
maximum_volume: 0.0000001000000000
maximum_shape: 0.0000001000000000
maximum_dsigma: 0.0100000000000000
mod: 10
pmod: 10
optimize: 1
verbose: 1
snapshot: 0
display: 1
explore: 1
npt: 0
nptxy: 0
nptdxdy: 0
shape: 0
seed: 179026
1.212657688950 13.329850449841 0.866025403784 0.500000000000
-6.013456676847 4.886492781310 0.866025403784 -0.500000000000
15.020299349613 -1.231055955073 0.866025403784 0.500000000000
4.961817613898 14.688292073586 0.866025403784 0.500000000000
8.840287466989 7.988294631758 0.866025403784 0.500000000000
4.851653200480 3.115558552202 0.866025403784 0.500000000000
13.481710041163 1.428223282142 0.000000000000 1.000000000000
5.957615603588 1.593684544924 0.000000000000 1.000000000000
-0.284442823218 6.701005242857 0.866025403784 0.500000000000
8.461332834520 12.939147961196 0.866025403784 -0.500000000000
7.920858491236 0.078553733360 0.866025403784 -0.500000000000
