#Configurational_file created 2018-09-14 11:50:52  started 2018-09-14 11:50:51 run for 1.0s steps 0
name: gc_150
step: 10000
specie: 11
	particle_diameter: 1.0000000000000000
	interaction_length: 1.2000000000000000
	number_of_patches: 3
	number_of_particles_per_compound: 1
	rod_length: 1.0000000000000000
	interaction_matrix:  1.000000 1.000000 1.000000 1.000000 1.000000 1.000000 1.000000 1.000000 1.000000
	patch_type: symmetric
	patch_width: 8.0000000000000000
	patch_angle: 0.0000000000000000
	angles:  0.000000 0.000000 0.000000
	grand_canonical: 1
	chemical_potential: -2.1666669999999999
box: 10.000000 10.000000
copy: 1.000000 1.000000
epsilon: 0.1000000000000000
end_epsilon: 0.0000000000000000
pressure: 1.0000000000000000
lambda: 0.0000000000000000
lambda_coupling: 1.0000000000000000
uy: 0.0000000000000000
maximum_displacement: 1.0000000000000000
maximum_rotation: 1.0000000000000000
maximum_volume: 0.0000001000000000
maximum_shape: 0.0000001000000000
maximum_dsigma: 0.0100000000000000
mod: 10
pmod: 10
optimize: 1
verbose: 1
snapshot: 0
display: 1
explore: 1
npt: 0
nptxy: 0
nptdxdy: 0
shape: 0
seed: 173341
-12.535490012480 39.521311820391 0.000000000000 1.000000000000
7.639274179151 -18.371422854556 0.000000000000 1.000000000000
-3.403732415290 7.834911848976 0.866025403784 0.500000000000
2.764231051734 -0.632204743052 0.000000000000 1.000000000000
-2.413635217275 -2.766852627997 0.000000000000 1.000000000000
5.469835765475 5.658313507733 0.000000000000 1.000000000000
-0.825071094722 7.377374398741 0.000000000000 1.000000000000
1.170814900471 3.447793899115 0.000000000000 1.000000000000
6.627750005123 9.011685883686 0.866025403784 0.500000000000
9.904347855407 3.252458094273 0.866025403784 -0.500000000000
4.928040322046 4.486317345537 0.000000000000 1.000000000000
