#Configurational_file created 2018-09-14 11:23:19  started 2018-09-14 11:23:18 run for 1.0s steps 0
name: gc_158
step: 10000
specie: 7
	particle_diameter: 1.0000000000000000
	interaction_length: 1.2000000000000000
	number_of_patches: 3
	number_of_particles_per_compound: 1
	rod_length: 1.0000000000000000
	interaction_matrix:  1.000000 1.000000 1.000000 1.000000 1.000000 1.000000 1.000000 1.000000 1.000000
	patch_type: symmetric
	patch_width: 8.0000000000000000
	patch_angle: 0.0000000000000000
	angles:  0.000000 0.000000 0.000000
	grand_canonical: 1
	chemical_potential: -2.0000000000000000
box: 10.000000 10.000000
copy: 1.000000 1.000000
epsilon: 0.5834040000000000
end_epsilon: 0.0000000000000000
pressure: 1.0000000000000000
lambda: 0.0000000000000000
lambda_coupling: 1.0000000000000000
uy: 0.0000000000000000
maximum_displacement: 1.0000000000000000
maximum_rotation: 1.0000000000000000
maximum_volume: 0.0000001000000000
maximum_shape: 0.0000001000000000
maximum_dsigma: 0.0100000000000000
mod: 10
pmod: 10
optimize: 1
verbose: 1
snapshot: 0
display: 1
explore: 1
npt: 0
nptxy: 0
nptdxdy: 0
shape: 0
seed: 182437
4.520356057263 -4.750846107185 0.000000000000 1.000000000000
14.786856925912 6.716203127865 0.000000000000 1.000000000000
2.449359706739 9.399852351557 0.866025403784 0.500000000000
-0.713819949442 9.871249520805 0.866025403784 -0.500000000000
8.735187965291 2.402078243151 0.866025403784 -0.500000000000
0.273076254260 0.769650480073 0.866025403784 0.500000000000
-0.469211008241 6.349273017513 0.866025403784 0.500000000000
