#Configurational_file created 2018-09-14 12:19:32  started 2018-09-14 12:19:31 run for 1.0s steps 0
name: gc_15
step: 10000
specie: 12
	particle_diameter: 1.0000000000000000
	interaction_length: 1.2000000000000000
	number_of_patches: 3
	number_of_particles_per_compound: 1
	rod_length: 1.0000000000000000
	interaction_matrix:  1.000000 1.000000 1.000000 1.000000 1.000000 1.000000 1.000000 1.000000 1.000000
	patch_type: symmetric
	patch_width: 8.0000000000000000
	patch_angle: 0.0000000000000000
	angles:  0.000000 0.000000 0.000000
	grand_canonical: 1
	chemical_potential: -1.8333330000000001
box: 10.000000 10.000000
copy: 1.000000 1.000000
epsilon: 0.0000010000000000
end_epsilon: 0.0000000000000000
pressure: 1.0000000000000000
lambda: 0.0000000000000000
lambda_coupling: 1.0000000000000000
uy: 0.0000000000000000
maximum_displacement: 1.0000000000000000
maximum_rotation: 1.0000000000000000
maximum_volume: 0.0000001000000000
maximum_shape: 0.0000001000000000
maximum_dsigma: 0.0100000000000000
mod: 10
pmod: 10
optimize: 1
verbose: 1
snapshot: 0
display: 1
explore: 1
npt: 0
nptxy: 0
nptdxdy: 0
shape: 0
seed: 19846
5.982885926050 12.256405364189 0.866025403784 0.500000000000
-6.327838417355 1.290042313238 0.866025403784 0.500000000000
-6.571174589418 7.578740624308 0.866025403784 -0.500000000000
2.250080363713 -7.117541113987 0.866025403784 -0.500000000000
5.202476927754 -0.022875650043 0.000000000000 1.000000000000
2.054193042999 2.189889177583 0.000000000000 1.000000000000
-11.885705002457 2.784379657281 0.000000000000 1.000000000000
-19.163732381109 2.321220904648 0.000000000000 1.000000000000
4.548362707350 4.045920732654 0.000000000000 1.000000000000
-2.771627364219 13.958996454643 0.000000000000 1.000000000000
10.035869556511 2.349796967192 0.866025403784 -0.500000000000
6.699470062161 8.778330212635 0.866025403784 0.500000000000
