#Configurational_file created 2018-09-14 13:46:07  started 2018-09-14 13:46:06 run for 1.0s steps 0
name: gc_111
step: 10000
specie: 5
	particle_diameter: 1.0000000000000000
	interaction_length: 1.2000000000000000
	number_of_patches: 3
	number_of_particles_per_compound: 1
	rod_length: 1.0000000000000000
	interaction_matrix:  1.000000 1.000000 1.000000 1.000000 1.000000 1.000000 1.000000 1.000000 1.000000
	patch_type: symmetric
	patch_width: 8.0000000000000000
	patch_angle: 0.0000000000000000
	angles:  0.000000 0.000000 0.000000
	grand_canonical: 1
	chemical_potential: -2.5862069999999999
box: 10.000000 10.000000
copy: 1.000000 1.000000
epsilon: 0.3448280000000000
end_epsilon: 0.0000000000000000
pressure: 1.0000000000000000
lambda: 0.0000000000000000
lambda_coupling: 1.0000000000000000
uy: 0.0000000000000000
maximum_displacement: 1.0000000000000000
maximum_rotation: 1.0000000000000000
maximum_volume: 0.0000001000000000
maximum_shape: 0.0000001000000000
maximum_dsigma: 0.0100000000000000
mod: 10
pmod: 10
optimize: 1
verbose: 1
snapshot: 0
display: 1
explore: 1
npt: 0
nptxy: 0
nptdxdy: 0
shape: 0
seed: 128998
5.048255082334 7.159588407057 0.866025403784 0.500000000000
-2.759980132410 9.545809355952 0.000000000000 1.000000000000
4.070684532207 5.580956934034 0.866025403784 -0.500000000000
25.066657053118 -3.627066749589 0.000000000000 1.000000000000
9.825372802986 8.314594181994 0.000000000000 1.000000000000
