#Configurational_file created 2018-09-14 11:51:10  started 2018-09-14 11:51:09 run for 1.0s steps 0
name: gc_176
step: 10000
specie: 16
	particle_diameter: 1.0000000000000000
	interaction_length: 1.2000000000000000
	number_of_patches: 3
	number_of_particles_per_compound: 1
	rod_length: 1.0000000000000000
	interaction_matrix:  1.000000 1.000000 1.000000 1.000000 1.000000 1.000000 1.000000 1.000000 1.000000
	patch_type: symmetric
	patch_width: 8.0000000000000000
	patch_angle: 0.0000000000000000
	angles:  0.000000 0.000000 0.000000
	grand_canonical: 1
	chemical_potential: -1.8333330000000001
box: 10.000000 10.000000
copy: 1.000000 1.000000
epsilon: 0.0000010000000000
end_epsilon: 0.0000000000000000
pressure: 1.0000000000000000
lambda: 0.0000000000000000
lambda_coupling: 1.0000000000000000
uy: 0.0000000000000000
maximum_displacement: 1.0000000000000000
maximum_rotation: 1.0000000000000000
maximum_volume: 0.0000001000000000
maximum_shape: 0.0000001000000000
maximum_dsigma: 0.0100000000000000
mod: 10
pmod: 10
optimize: 1
verbose: 1
snapshot: 0
display: 1
explore: 1
npt: 0
nptxy: 0
nptdxdy: 0
shape: 0
seed: 202903
-9.798073780181 23.558982357436 0.866025403784 0.500000000000
-1.708235820176 9.081646132485 0.000000000000 1.000000000000
10.610352020231 20.370733443715 0.866025403784 -0.500000000000
4.342407954238 1.570680364705 0.000000000000 1.000000000000
-6.470458989112 3.538761921944 0.866025403784 0.500000000000
2.881634846715 7.388688461083 0.000000000000 1.000000000000
-22.627107339242 25.042045402723 0.000000000000 1.000000000000
8.227923174519 -9.824068194493 0.866025403784 -0.500000000000
10.455714728430 -11.024790344330 0.000000000000 1.000000000000
11.354971107325 10.558228227433 0.000000000000 1.000000000000
3.764403141378 -0.337558015821 0.000000000000 1.000000000000
1.443587526348 6.405626736905 0.866025403784 -0.500000000000
7.900035825552 6.592501108646 0.866025403784 0.500000000000
-2.377249938767 8.583244444977 0.866025403784 -0.500000000000
5.556757329865 10.883024509091 0.000000000000 1.000000000000
6.683018652701 14.547286115155 0.866025403784 -0.500000000000
