#Configurational_file created 2018-09-11 17:03:43  started 2018-09-11 17:03:42 run for 1.0s steps 0
name: gc_16
step: 10000
specie: 20
	particle_diameter: 1.0000000000000000
	interaction_length: 1.2000000000000000
	number_of_patches: 3
	number_of_particles_per_compound: 1
	rod_length: 1.0000000000000000
	interaction_matrix:  1.000000 1.000000 1.000000 1.000000 1.000000 1.000000 1.000000 1.000000 1.000000
	patch_type: symmetric
	patch_width: 8.0000000000000000
	patch_angle: 0.0000000000000000
	angles:  0.000000 0.000000 0.000000
	grand_canonical: 1
	chemical_potential: -1.0000000000000000
box: 10.000000 10.000000
copy: 1.000000 1.000000
epsilon: 0.3334170000000000
end_epsilon: 0.0000000000000000
pressure: 1.0000000000000000
lambda: 0.0000000000000000
lambda_coupling: 1.0000000000000000
uy: 0.0000000000000000
maximum_displacement: 1.0000000000000000
maximum_rotation: 1.0000000000000000
maximum_volume: 0.0000001000000000
maximum_shape: 0.0000001000000000
maximum_dsigma: 0.0100000000000000
mod: 10
pmod: 10
optimize: 1
verbose: 1
snapshot: 0
display: 1
explore: 1
npt: 0
nptxy: 0
nptdxdy: 0
shape: 0
seed: 21062
-2.396465175058 12.715155721974 0.866025403784 -0.500000000000
-13.651820348624 14.791398821117 0.866025403784 -0.500000000000
8.233101039611 2.977287749732 0.000000000000 1.000000000000
-0.527484292619 0.969883011720 0.866025403784 -0.500000000000
9.729664172157 -3.436915478685 0.000000000000 1.000000000000
18.689579211698 7.014702428399 0.866025403784 -0.500000000000
15.307066750556 -7.689083091463 0.000000000000 1.000000000000
-15.401399968007 -2.935625893796 0.866025403784 -0.500000000000
21.453272860529 17.786913660829 0.866025403784 -0.500000000000
10.128601077392 -0.891460238310 0.000000000000 1.000000000000
3.959663169967 8.477586769029 0.866025403784 0.500000000000
7.161698485109 0.378556026417 0.866025403784 0.500000000000
1.621989600671 19.541413491537 0.866025403784 -0.500000000000
12.309153184475 2.091473120633 0.000000000000 1.000000000000
3.712082966497 14.920033387119 0.866025403784 0.500000000000
10.858993711605 3.761743856037 0.866025403784 -0.500000000000
7.039263823130 6.277509002221 0.000000000000 1.000000000000
5.852273650286 9.709275548656 0.000000000000 1.000000000000
-0.059156395188 0.851138852381 0.000000000000 1.000000000000
4.207330059993 5.461552383074 0.866025403784 -0.500000000000
