#Configurational_file created 2018-09-14 11:23:44  started 2018-09-14 11:23:43 run for 1.0s steps 0
name: gc_196
step: 10000
specie: 16
	particle_diameter: 1.0000000000000000
	interaction_length: 1.2000000000000000
	number_of_patches: 3
	number_of_particles_per_compound: 1
	rod_length: 1.0000000000000000
	interaction_matrix:  1.000000 1.000000 1.000000 1.000000 1.000000 1.000000 1.000000 1.000000 1.000000
	patch_type: symmetric
	patch_width: 8.0000000000000000
	patch_angle: 0.0000000000000000
	angles:  0.000000 0.000000 0.000000
	grand_canonical: 1
	chemical_potential: -1.8333330000000001
box: 10.000000 10.000000
copy: 1.000000 1.000000
epsilon: 1.6666829999999999
end_epsilon: 0.0000000000000000
pressure: 1.0000000000000000
lambda: 0.0000000000000000
lambda_coupling: 1.0000000000000000
uy: 0.0000000000000000
maximum_displacement: 1.0000000000000000
maximum_rotation: 1.0000000000000000
maximum_volume: 0.0000001000000000
maximum_shape: 0.0000001000000000
maximum_dsigma: 0.0100000000000000
mod: 10
pmod: 10
optimize: 1
verbose: 1
snapshot: 0
display: 1
explore: 1
npt: 0
nptxy: 0
nptdxdy: 0
shape: 0
seed: 225643
6.442286242005 4.346337416658 0.866025403784 -0.500000000000
5.918118141973 9.846627994978 0.866025403784 0.500000000000
-3.431058827446 16.557528098801 0.866025403784 -0.500000000000
9.943223375071 2.625713377677 0.000000000000 1.000000000000
1.449006789894 4.809124050984 0.866025403784 -0.500000000000
13.180997042101 1.771622975263 0.000000000000 1.000000000000
7.497768765681 6.140534775165 0.000000000000 1.000000000000
5.478199355671 -4.530396252925 0.866025403784 -0.500000000000
-0.974226065139 -2.580635661300 0.000000000000 1.000000000000
6.053866615530 1.429046860179 0.866025403784 0.500000000000
7.079228532158 11.017727970193 0.866025403784 -0.500000000000
2.752213657057 6.877105378817 0.000000000000 1.000000000000
5.139703685091 13.679881695178 0.866025403784 -0.500000000000
5.355430569792 2.463545727946 0.866025403784 -0.500000000000
2.460422961751 4.857868969633 0.866025403784 0.500000000000
8.366382192433 2.302950752921 0.866025403784 -0.500000000000
