#Configurational_file created 2018-09-14 11:23:15  started 2018-09-14 11:23:14 run for 1.0s steps 0
name: gc_152
step: 10000
specie: 13
	particle_diameter: 1.0000000000000000
	interaction_length: 1.2000000000000000
	number_of_patches: 3
	number_of_particles_per_compound: 1
	rod_length: 1.0000000000000000
	interaction_matrix:  1.000000 1.000000 1.000000 1.000000 1.000000 1.000000 1.000000 1.000000 1.000000
	patch_type: symmetric
	patch_width: 8.0000000000000000
	patch_angle: 0.0000000000000000
	angles:  0.000000 0.000000 0.000000
	grand_canonical: 1
	chemical_potential: -2.0000000000000000
box: 10.000000 10.000000
copy: 1.000000 1.000000
epsilon: 0.0834290000000000
end_epsilon: 0.0000000000000000
pressure: 1.0000000000000000
lambda: 0.0000000000000000
lambda_coupling: 1.0000000000000000
uy: 0.0000000000000000
maximum_displacement: 1.0000000000000000
maximum_rotation: 1.0000000000000000
maximum_volume: 0.0000001000000000
maximum_shape: 0.0000001000000000
maximum_dsigma: 0.0100000000000000
mod: 10
pmod: 10
optimize: 1
verbose: 1
snapshot: 0
display: 1
explore: 1
npt: 0
nptxy: 0
nptdxdy: 0
shape: 0
seed: 175615
2.866368140701 6.064461452023 0.000000000000 1.000000000000
1.330702711653 4.507061082449 0.866025403784 0.500000000000
6.816590285932 8.911616874943 0.866025403784 -0.500000000000
19.410222674161 -12.183666495313 0.866025403784 -0.500000000000
11.131045673730 -1.002793738812 0.000000000000 1.000000000000
-6.990273343235 1.993834459330 0.866025403784 -0.500000000000
12.248043727230 5.488227222961 0.866025403784 0.500000000000
5.120496929548 -1.792304216885 0.866025403784 -0.500000000000
2.068701196178 1.802375228926 0.866025403784 0.500000000000
-3.539242559082 8.022381207250 0.000000000000 1.000000000000
5.604706426555 14.937726589606 0.866025403784 0.500000000000
6.265907279520 5.238974044269 0.866025403784 -0.500000000000
6.017678599350 -5.892557301137 0.000000000000 1.000000000000
