#Configurational_file created 2018-09-14 11:23:31  started 2018-09-14 11:23:30 run for 1.0s steps 0
name: gc_176
step: 10000
specie: 11
	particle_diameter: 1.0000000000000000
	interaction_length: 1.2000000000000000
	number_of_patches: 3
	number_of_particles_per_compound: 1
	rod_length: 1.0000000000000000
	interaction_matrix:  1.000000 1.000000 1.000000 1.000000 1.000000 1.000000 1.000000 1.000000 1.000000
	patch_type: symmetric
	patch_width: 8.0000000000000000
	patch_angle: 0.0000000000000000
	angles:  0.000000 0.000000 0.000000
	grand_canonical: 1
	chemical_potential: -1.8333330000000001
box: 10.000000 10.000000
copy: 1.000000 1.000000
epsilon: 0.0001000000000000
end_epsilon: 0.0000000000000000
pressure: 1.0000000000000000
lambda: 0.0000000000000000
lambda_coupling: 1.0000000000000000
uy: 0.0000000000000000
maximum_displacement: 1.0000000000000000
maximum_rotation: 1.0000000000000000
maximum_volume: 0.0000001000000000
maximum_shape: 0.0000001000000000
maximum_dsigma: 0.0100000000000000
mod: 10
pmod: 10
optimize: 1
verbose: 1
snapshot: 0
display: 1
explore: 1
npt: 0
nptxy: 0
nptdxdy: 0
shape: 0
seed: 202903
-1.937427481870 16.002621814873 0.866025403784 0.500000000000
10.066124006066 12.443819874807 0.866025403784 -0.500000000000
-2.642357633518 4.859070392552 0.000000000000 1.000000000000
-1.656678479423 3.242693503368 0.866025403784 -0.500000000000
11.182314772268 20.090787343519 0.000000000000 1.000000000000
21.730870682691 -3.002648521818 0.000000000000 1.000000000000
12.664152579709 -7.546087417700 0.866025403784 0.500000000000
-2.850121519096 1.793170065688 0.866025403784 -0.500000000000
-15.129861262740 14.365448218723 0.866025403784 0.500000000000
4.410206955428 0.150274089524 0.000000000000 1.000000000000
-0.398585933998 4.910402103369 0.866025403784 -0.500000000000
