#Configurational_file created 2018-09-14 11:23:29  started 2018-09-14 11:23:28 run for 1.0s steps 0
name: gc_173
step: 10000
specie: 17
	particle_diameter: 1.0000000000000000
	interaction_length: 1.2000000000000000
	number_of_patches: 3
	number_of_particles_per_compound: 1
	rod_length: 1.0000000000000000
	interaction_matrix:  1.000000 1.000000 1.000000 1.000000 1.000000 1.000000 1.000000 1.000000 1.000000
	patch_type: symmetric
	patch_width: 8.0000000000000000
	patch_angle: 0.0000000000000000
	angles:  0.000000 0.000000 0.000000
	grand_canonical: 1
	chemical_potential: -2.0000000000000000
box: 10.000000 10.000000
copy: 1.000000 1.000000
epsilon: 1.8333420000000000
end_epsilon: 0.0000000000000000
pressure: 1.0000000000000000
lambda: 0.0000000000000000
lambda_coupling: 1.0000000000000000
uy: 0.0000000000000000
maximum_displacement: 1.0000000000000000
maximum_rotation: 1.0000000000000000
maximum_volume: 0.0000001000000000
maximum_shape: 0.0000001000000000
maximum_dsigma: 0.0100000000000000
mod: 10
pmod: 10
optimize: 1
verbose: 1
snapshot: 0
display: 1
explore: 1
npt: 0
nptxy: 0
nptdxdy: 0
shape: 0
seed: 199492
8.041294587755 7.525371750506 0.866025403784 0.500000000000
1.450451741091 4.916340108814 0.866025403784 0.500000000000
-2.698341153049 11.545086193275 0.866025403784 0.500000000000
-2.660183171110 -5.913441861176 0.866025403784 0.500000000000
14.672467655648 7.017826576564 0.866025403784 0.500000000000
6.492274697332 -1.768575396998 0.000000000000 1.000000000000
2.998360750746 11.565651874196 0.866025403784 0.500000000000
9.736887792395 12.330487979564 0.000000000000 1.000000000000
33.983104060359 -7.242374770412 0.000000000000 1.000000000000
-1.195054569097 3.556217724946 0.866025403784 0.500000000000
-14.311598238521 9.273021483677 0.866025403784 0.500000000000
5.251589233587 4.526107186072 0.000000000000 1.000000000000
0.694527076440 6.644852332108 0.866025403784 0.500000000000
14.205823279922 4.697896997839 0.000000000000 1.000000000000
3.539815416419 5.851949966202 0.866025403784 0.500000000000
9.212466437643 -2.369135013284 0.000000000000 1.000000000000
12.470278201100 4.830256709833 0.000000000000 1.000000000000
