#Configurational_file created 2018-09-14 11:22:55  started 2018-09-14 11:22:54 run for 1.0s steps 0
name: gc_121
step: 10000
specie: 5
	particle_diameter: 1.0000000000000000
	interaction_length: 1.2000000000000000
	number_of_patches: 3
	number_of_particles_per_compound: 1
	rod_length: 1.0000000000000000
	interaction_matrix:  1.000000 1.000000 1.000000 1.000000 1.000000 1.000000 1.000000 1.000000 1.000000
	patch_type: symmetric
	patch_width: 8.0000000000000000
	patch_angle: 0.0000000000000000
	angles:  0.000000 0.000000 0.000000
	grand_canonical: 1
	chemical_potential: -2.3333330000000001
box: 10.000000 10.000000
copy: 1.000000 1.000000
epsilon: 1.6666829999999999
end_epsilon: 0.0000000000000000
pressure: 1.0000000000000000
lambda: 0.0000000000000000
lambda_coupling: 1.0000000000000000
uy: 0.0000000000000000
maximum_displacement: 1.0000000000000000
maximum_rotation: 1.0000000000000000
maximum_volume: 0.0000001000000000
maximum_shape: 0.0000001000000000
maximum_dsigma: 0.0100000000000000
mod: 10
pmod: 10
optimize: 1
verbose: 1
snapshot: 0
display: 1
explore: 1
npt: 0
nptxy: 0
nptdxdy: 0
shape: 0
seed: 140368
1.234918901389 -0.263280449084 0.866025403784 0.500000000000
10.933943558046 6.590896753793 0.866025403784 -0.500000000000
6.474073122091 10.398339066275 0.866025403784 0.500000000000
6.460839763411 13.279097854953 0.000000000000 1.000000000000
1.478494247227 13.999023414063 0.866025403784 0.500000000000
