#Configurational_file created 2018-09-14 11:50:20  started 2018-09-14 11:50:20 run for 0.0s steps 0
name: gc_102
step: 10000
specie: 8
	particle_diameter: 1.0000000000000000
	interaction_length: 1.2000000000000000
	number_of_patches: 3
	number_of_particles_per_compound: 1
	rod_length: 1.0000000000000000
	interaction_matrix:  1.000000 1.000000 1.000000 1.000000 1.000000 1.000000 1.000000 1.000000 1.000000
	patch_type: symmetric
	patch_width: 8.0000000000000000
	patch_angle: 0.0000000000000000
	angles:  0.000000 0.000000 0.000000
	grand_canonical: 1
	chemical_potential: -2.3333330000000001
box: 10.000000 10.000000
copy: 1.000000 1.000000
epsilon: 0.0041680000000000
end_epsilon: 0.0000000000000000
pressure: 1.0000000000000000
lambda: 0.0000000000000000
lambda_coupling: 1.0000000000000000
uy: 0.0000000000000000
maximum_displacement: 1.0000000000000000
maximum_rotation: 1.0000000000000000
maximum_volume: 0.0000001000000000
maximum_shape: 0.0000001000000000
maximum_dsigma: 0.0100000000000000
mod: 10
pmod: 10
optimize: 1
verbose: 1
snapshot: 0
display: 1
explore: 1
npt: 0
nptxy: 0
nptdxdy: 0
shape: 0
seed: 118765
2.338688632162 6.505107495191 0.866025403784 0.500000000000
-12.490331112282 -3.367102400708 0.866025403784 -0.500000000000
0.628247727222 2.707598856077 0.000000000000 1.000000000000
5.668576910695 9.308480988558 0.866025403784 -0.500000000000
8.917714492654 7.389118304656 0.866025403784 0.500000000000
8.441613373120 2.926637357752 0.866025403784 0.500000000000
-8.660134556691 4.064268113274 0.866025403784 -0.500000000000
6.226869275801 5.466388971745 0.000000000000 1.000000000000
