#Configurational_file created 2018-09-14 11:51:01  started 2018-09-14 11:51:01 run for 0.0s steps 0
name: gc_164
step: 10000
specie: 7
	particle_diameter: 1.0000000000000000
	interaction_length: 1.2000000000000000
	number_of_patches: 3
	number_of_particles_per_compound: 1
	rod_length: 1.0000000000000000
	interaction_matrix:  1.000000 1.000000 1.000000 1.000000 1.000000 1.000000 1.000000 1.000000 1.000000
	patch_type: symmetric
	patch_width: 8.0000000000000000
	patch_angle: 0.0000000000000000
	angles:  0.000000 0.000000 0.000000
	grand_canonical: 1
	chemical_potential: -2.0000000000000000
box: 10.000000 10.000000
copy: 1.000000 1.000000
epsilon: 0.0541670000000000
end_epsilon: 0.0000000000000000
pressure: 1.0000000000000000
lambda: 0.0000000000000000
lambda_coupling: 1.0000000000000000
uy: 0.0000000000000000
maximum_displacement: 1.0000000000000000
maximum_rotation: 1.0000000000000000
maximum_volume: 0.0000001000000000
maximum_shape: 0.0000001000000000
maximum_dsigma: 0.0100000000000000
mod: 10
pmod: 10
optimize: 1
verbose: 1
snapshot: 0
display: 1
explore: 1
npt: 0
nptxy: 0
nptdxdy: 0
shape: 0
seed: 189259
30.853637691316 -14.802086086354 0.866025403784 0.500000000000
-3.304700691932 18.880495975428 0.000000000000 1.000000000000
17.000303533950 5.958208579530 0.000000000000 1.000000000000
9.868681730702 1.010168486364 0.000000000000 1.000000000000
13.536796995998 4.828074423496 0.866025403784 0.500000000000
8.472087613082 3.970750632896 0.000000000000 1.000000000000
6.353435782591 -4.666885229305 0.866025403784 0.500000000000
