#Configurational_file created 2018-09-14 11:51:11  started 2018-09-14 11:51:10 run for 1.0s steps 0
name: gc_178
step: 10000
specie: 12
	particle_diameter: 1.0000000000000000
	interaction_length: 1.2000000000000000
	number_of_patches: 3
	number_of_particles_per_compound: 1
	rod_length: 1.0000000000000000
	interaction_matrix:  1.000000 1.000000 1.000000 1.000000 1.000000 1.000000 1.000000 1.000000 1.000000
	patch_type: symmetric
	patch_width: 8.0000000000000000
	patch_angle: 0.0000000000000000
	angles:  0.000000 0.000000 0.000000
	grand_canonical: 1
	chemical_potential: -1.8333330000000001
box: 10.000000 10.000000
copy: 1.000000 1.000000
epsilon: 0.0083340000000000
end_epsilon: 0.0000000000000000
pressure: 1.0000000000000000
lambda: 0.0000000000000000
lambda_coupling: 1.0000000000000000
uy: 0.0000000000000000
maximum_displacement: 1.0000000000000000
maximum_rotation: 1.0000000000000000
maximum_volume: 0.0000001000000000
maximum_shape: 0.0000001000000000
maximum_dsigma: 0.0100000000000000
mod: 10
pmod: 10
optimize: 1
verbose: 1
snapshot: 0
display: 1
explore: 1
npt: 0
nptxy: 0
nptdxdy: 0
shape: 0
seed: 205177
-6.263439068258 6.354767361284 0.866025403784 -0.500000000000
1.897967504251 15.212152982558 0.000000000000 1.000000000000
5.443599912362 7.890191235666 0.866025403784 -0.500000000000
8.579082393274 7.055184014695 0.866025403784 0.500000000000
9.713191795946 -2.468849035231 0.866025403784 0.500000000000
2.371422069238 8.351077643977 0.866025403784 -0.500000000000
-2.298368660664 1.714067296357 0.866025403784 -0.500000000000
-0.786595158531 6.619100851229 0.000000000000 1.000000000000
2.165865924992 -3.720483599193 0.866025403784 0.500000000000
3.167972482260 3.949440317177 0.000000000000 1.000000000000
3.955294858804 2.211351709494 0.866025403784 -0.500000000000
5.049489750033 2.604102319916 0.866025403784 0.500000000000
