#Configurational_file created 2018-09-14 11:51:14  started 2018-09-14 11:51:14 run for 0.0s steps 0
name: gc_183
step: 10000
specie: 11
	particle_diameter: 1.0000000000000000
	interaction_length: 1.2000000000000000
	number_of_patches: 3
	number_of_particles_per_compound: 1
	rod_length: 1.0000000000000000
	interaction_matrix:  1.000000 1.000000 1.000000 1.000000 1.000000 1.000000 1.000000 1.000000 1.000000
	patch_type: symmetric
	patch_width: 8.0000000000000000
	patch_angle: 0.0000000000000000
	angles:  0.000000 0.000000 0.000000
	grand_canonical: 1
	chemical_potential: -1.8333330000000001
box: 10.000000 10.000000
copy: 1.000000 1.000000
epsilon: 0.0291670000000000
end_epsilon: 0.0000000000000000
pressure: 1.0000000000000000
lambda: 0.0000000000000000
lambda_coupling: 1.0000000000000000
uy: 0.0000000000000000
maximum_displacement: 1.0000000000000000
maximum_rotation: 1.0000000000000000
maximum_volume: 0.0000001000000000
maximum_shape: 0.0000001000000000
maximum_dsigma: 0.0100000000000000
mod: 10
pmod: 10
optimize: 1
verbose: 1
snapshot: 0
display: 1
explore: 1
npt: 0
nptxy: 0
nptdxdy: 0
shape: 0
seed: 210862
14.623786609286 7.228232084682 0.866025403784 0.500000000000
2.933304859878 2.301350805533 0.866025403784 0.500000000000
-4.901510152528 8.954421834056 0.866025403784 0.500000000000
7.969176751433 -21.138380949205 0.000000000000 1.000000000000
7.640901917942 9.700177656522 0.866025403784 -0.500000000000
9.232564101837 -12.715728921877 0.000000000000 1.000000000000
-0.164966100321 9.886328072775 0.866025403784 0.500000000000
4.052495824327 -8.065782242511 0.866025403784 0.500000000000
6.912066974258 14.377559011838 0.000000000000 1.000000000000
-3.786274551607 3.485342853154 0.866025403784 0.500000000000
3.915117381015 8.451322666129 0.866025403784 -0.500000000000
