#Configurational_file created 2018-09-14 13:46:40  started 2018-09-14 13:46:39 run for 1.0s steps 0
name: gc_164
step: 10000
specie: 9
	particle_diameter: 1.0000000000000000
	interaction_length: 1.2000000000000000
	number_of_patches: 3
	number_of_particles_per_compound: 1
	rod_length: 1.0000000000000000
	interaction_matrix:  1.000000 1.000000 1.000000 1.000000 1.000000 1.000000 1.000000 1.000000 1.000000
	patch_type: symmetric
	patch_width: 8.0000000000000000
	patch_angle: 0.0000000000000000
	angles:  0.000000 0.000000 0.000000
	grand_canonical: 1
	chemical_potential: -2.3103449999999999
box: 10.000000 10.000000
copy: 1.000000 1.000000
epsilon: 0.2241380000000000
end_epsilon: 0.0000000000000000
pressure: 1.0000000000000000
lambda: 0.0000000000000000
lambda_coupling: 1.0000000000000000
uy: 0.0000000000000000
maximum_displacement: 1.0000000000000000
maximum_rotation: 1.0000000000000000
maximum_volume: 0.0000001000000000
maximum_shape: 0.0000001000000000
maximum_dsigma: 0.0100000000000000
mod: 10
pmod: 10
optimize: 1
verbose: 1
snapshot: 0
display: 1
explore: 1
npt: 0
nptxy: 0
nptdxdy: 0
shape: 0
seed: 189259
5.566029697787 27.201323661886 0.866025403784 -0.500000000000
6.685259425895 13.273884092296 0.866025403784 -0.500000000000
-11.112622969824 2.633732104165 0.866025403784 0.500000000000
12.094675860558 3.530535691553 0.866025403784 -0.500000000000
-5.055814184497 -1.343497733594 0.866025403784 0.500000000000
9.395066174679 15.607097894031 0.000000000000 1.000000000000
1.215900816960 7.528081966942 0.000000000000 1.000000000000
3.496928591167 9.190913747225 0.866025403784 0.500000000000
8.688436274347 8.169550042675 0.866025403784 -0.500000000000
