#Configurational_file created 2018-09-14 11:50:41  started 2018-09-14 11:50:41 run for 0.0s steps 0
name: gc_134
step: 10000
specie: 8
	particle_diameter: 1.0000000000000000
	interaction_length: 1.2000000000000000
	number_of_patches: 3
	number_of_particles_per_compound: 1
	rod_length: 1.0000000000000000
	interaction_matrix:  1.000000 1.000000 1.000000 1.000000 1.000000 1.000000 1.000000 1.000000 1.000000
	patch_type: symmetric
	patch_width: 8.0000000000000000
	patch_angle: 0.0000000000000000
	angles:  0.000000 0.000000 0.000000
	grand_canonical: 1
	chemical_potential: -2.1666669999999999
box: 10.000000 10.000000
copy: 1.000000 1.000000
epsilon: 0.0333340000000000
end_epsilon: 0.0000000000000000
pressure: 1.0000000000000000
lambda: 0.0000000000000000
lambda_coupling: 1.0000000000000000
uy: 0.0000000000000000
maximum_displacement: 1.0000000000000000
maximum_rotation: 1.0000000000000000
maximum_volume: 0.0000001000000000
maximum_shape: 0.0000001000000000
maximum_dsigma: 0.0100000000000000
mod: 10
pmod: 10
optimize: 1
verbose: 1
snapshot: 0
display: 1
explore: 1
npt: 0
nptxy: 0
nptdxdy: 0
shape: 0
seed: 155149
-25.064199859667 16.394291362300 0.866025403784 0.500000000000
4.515893386127 14.292008506835 0.866025403784 -0.500000000000
10.108621329399 12.723450629970 0.866025403784 -0.500000000000
9.846119856486 10.577601526699 0.866025403784 0.500000000000
10.007221282101 -15.164492181015 0.866025403784 -0.500000000000
4.482674318187 -0.996703361737 0.866025403784 0.500000000000
3.028570945326 0.874921726016 0.866025403784 0.500000000000
-7.914855790830 -3.738627741270 0.866025403784 0.500000000000
