#Configurational_file created 2018-09-14 11:22:45  started 2018-09-14 11:22:45 run for 0.0s steps 0
name: gc_106
step: 10000
specie: 8
	particle_diameter: 1.0000000000000000
	interaction_length: 1.2000000000000000
	number_of_patches: 3
	number_of_particles_per_compound: 1
	rod_length: 1.0000000000000000
	interaction_matrix:  1.000000 1.000000 1.000000 1.000000 1.000000 1.000000 1.000000 1.000000 1.000000
	patch_type: symmetric
	patch_width: 8.0000000000000000
	patch_angle: 0.0000000000000000
	angles:  0.000000 0.000000 0.000000
	grand_canonical: 1
	chemical_potential: -2.3333330000000001
box: 10.000000 10.000000
copy: 1.000000 1.000000
epsilon: 0.4167460000000000
end_epsilon: 0.0000000000000000
pressure: 1.0000000000000000
lambda: 0.0000000000000000
lambda_coupling: 1.0000000000000000
uy: 0.0000000000000000
maximum_displacement: 1.0000000000000000
maximum_rotation: 1.0000000000000000
maximum_volume: 0.0000001000000000
maximum_shape: 0.0000001000000000
maximum_dsigma: 0.0100000000000000
mod: 10
pmod: 10
optimize: 1
verbose: 1
snapshot: 0
display: 1
explore: 1
npt: 0
nptxy: 0
nptdxdy: 0
shape: 0
seed: 123313
5.711643382656 12.277578821926 0.866025403784 0.500000000000
-3.535213599054 20.815488424289 0.866025403784 -0.500000000000
6.050271557312 12.927260042538 0.866025403784 -0.500000000000
-2.252305687374 12.316717868236 0.866025403784 -0.500000000000
-8.672539039445 4.743279477656 0.866025403784 0.500000000000
1.084367848302 3.192196770765 0.866025403784 -0.500000000000
-5.379554693341 5.755059688178 0.866025403784 0.500000000000
-0.844774791610 0.670690847425 0.866025403784 -0.500000000000
