#Configurational_file created 2018-09-14 11:23:15  started 2018-09-14 11:23:15 run for 0.0s steps 0
name: gc_153
step: 10000
specie: 7
	particle_diameter: 1.0000000000000000
	interaction_length: 1.2000000000000000
	number_of_patches: 3
	number_of_particles_per_compound: 1
	rod_length: 1.0000000000000000
	interaction_matrix:  1.000000 1.000000 1.000000 1.000000 1.000000 1.000000 1.000000 1.000000 1.000000
	patch_type: symmetric
	patch_width: 8.0000000000000000
	patch_angle: 0.0000000000000000
	angles:  0.000000 0.000000 0.000000
	grand_canonical: 1
	chemical_potential: -2.0000000000000000
box: 10.000000 10.000000
copy: 1.000000 1.000000
epsilon: 0.1667580000000000
end_epsilon: 0.0000000000000000
pressure: 1.0000000000000000
lambda: 0.0000000000000000
lambda_coupling: 1.0000000000000000
uy: 0.0000000000000000
maximum_displacement: 1.0000000000000000
maximum_rotation: 1.0000000000000000
maximum_volume: 0.0000001000000000
maximum_shape: 0.0000001000000000
maximum_dsigma: 0.0100000000000000
mod: 10
pmod: 10
optimize: 1
verbose: 1
snapshot: 0
display: 1
explore: 1
npt: 0
nptxy: 0
nptdxdy: 0
shape: 0
seed: 176752
1.973514342721 5.854518360981 0.866025403784 -0.500000000000
8.240339389864 4.710195811048 0.000000000000 1.000000000000
-6.011617428239 33.683965848022 0.866025403784 -0.500000000000
-2.304627704589 21.753688605149 0.866025403784 0.500000000000
7.112115470429 -5.539140618582 0.000000000000 1.000000000000
4.402173332105 -9.090663694699 0.000000000000 1.000000000000
4.478954984580 9.864235911230 0.000000000000 1.000000000000
