#Configurational_file created 2018-09-14 13:46:17  started 2018-09-14 13:46:16 run for 1.0s steps 0
name: gc_127
step: 10000
specie: 10
	particle_diameter: 1.0000000000000000
	interaction_length: 1.2000000000000000
	number_of_patches: 3
	number_of_particles_per_compound: 1
	rod_length: 1.0000000000000000
	interaction_matrix:  1.000000 1.000000 1.000000 1.000000 1.000000 1.000000 1.000000 1.000000 1.000000
	patch_type: symmetric
	patch_width: 8.0000000000000000
	patch_angle: 0.0000000000000000
	angles:  0.000000 0.000000 0.000000
	grand_canonical: 1
	chemical_potential: -2.4482759999999999
box: 10.000000 10.000000
copy: 1.000000 1.000000
epsilon: 0.1034490000000000
end_epsilon: 0.0000000000000000
pressure: 1.0000000000000000
lambda: 0.0000000000000000
lambda_coupling: 1.0000000000000000
uy: 0.0000000000000000
maximum_displacement: 1.0000000000000000
maximum_rotation: 1.0000000000000000
maximum_volume: 0.0000001000000000
maximum_shape: 0.0000001000000000
maximum_dsigma: 0.0100000000000000
mod: 10
pmod: 10
optimize: 1
verbose: 1
snapshot: 0
display: 1
explore: 1
npt: 0
nptxy: 0
nptdxdy: 0
shape: 0
seed: 147190
11.667959227714 27.159080103861 0.866025403784 0.500000000000
6.512580541622 4.268291418421 0.866025403784 -0.500000000000
4.502644552197 14.758278589515 0.866025403784 -0.500000000000
8.820939400435 8.981939543652 0.866025403784 -0.500000000000
17.162061955016 13.794197632552 0.000000000000 1.000000000000
5.535848600013 9.166252468121 0.866025403784 0.500000000000
5.461867255208 17.351461470002 0.866025403784 -0.500000000000
12.706008768926 3.312318497427 0.866025403784 0.500000000000
3.140793150448 7.303352476100 0.000000000000 1.000000000000
8.217862011772 7.747937016573 0.866025403784 -0.500000000000
