#Configurational_file created 2018-09-14 13:46:54  started 2018-09-14 13:46:53 run for 1.0s steps 0
name: gc_187
step: 10000
specie: 6
	particle_diameter: 1.0000000000000000
	interaction_length: 1.2000000000000000
	number_of_patches: 3
	number_of_particles_per_compound: 1
	rod_length: 1.0000000000000000
	interaction_matrix:  1.000000 1.000000 1.000000 1.000000 1.000000 1.000000 1.000000 1.000000 1.000000
	patch_type: symmetric
	patch_width: 8.0000000000000000
	patch_angle: 0.0000000000000000
	angles:  0.000000 0.000000 0.000000
	grand_canonical: 1
	chemical_potential: -2.1724139999999998
box: 10.000000 10.000000
copy: 1.000000 1.000000
epsilon: 0.1034490000000000
end_epsilon: 0.0000000000000000
pressure: 1.0000000000000000
lambda: 0.0000000000000000
lambda_coupling: 1.0000000000000000
uy: 0.0000000000000000
maximum_displacement: 1.0000000000000000
maximum_rotation: 1.0000000000000000
maximum_volume: 0.0000001000000000
maximum_shape: 0.0000001000000000
maximum_dsigma: 0.0100000000000000
mod: 10
pmod: 10
optimize: 1
verbose: 1
snapshot: 0
display: 1
explore: 1
npt: 0
nptxy: 0
nptdxdy: 0
shape: 0
seed: 215410
9.039231228504 12.064929609091 0.000000000000 1.000000000000
-10.690220224027 -9.402540702218 0.866025403784 0.500000000000
4.509469561844 4.258239192994 0.866025403784 -0.500000000000
-0.826753313305 6.215532231241 0.866025403784 0.500000000000
2.280105545110 6.974161121290 0.000000000000 1.000000000000
2.595413664501 9.160764678448 0.866025403784 0.500000000000
