#Configurational_file created 2018-09-14 13:46:44  started 2018-09-14 13:46:43 run for 1.0s steps 0
name: gc_171
step: 10000
specie: 10
	particle_diameter: 1.0000000000000000
	interaction_length: 1.2000000000000000
	number_of_patches: 3
	number_of_particles_per_compound: 1
	rod_length: 1.0000000000000000
	interaction_matrix:  1.000000 1.000000 1.000000 1.000000 1.000000 1.000000 1.000000 1.000000 1.000000
	patch_type: symmetric
	patch_width: 8.0000000000000000
	patch_angle: 0.0000000000000000
	angles:  0.000000 0.000000 0.000000
	grand_canonical: 1
	chemical_potential: -2.3103449999999999
box: 10.000000 10.000000
copy: 1.000000 1.000000
epsilon: 0.3448280000000000
end_epsilon: 0.0000000000000000
pressure: 1.0000000000000000
lambda: 0.0000000000000000
lambda_coupling: 1.0000000000000000
uy: 0.0000000000000000
maximum_displacement: 1.0000000000000000
maximum_rotation: 1.0000000000000000
maximum_volume: 0.0000001000000000
maximum_shape: 0.0000001000000000
maximum_dsigma: 0.0100000000000000
mod: 10
pmod: 10
optimize: 1
verbose: 1
snapshot: 0
display: 1
explore: 1
npt: 0
nptxy: 0
nptdxdy: 0
shape: 0
seed: 197218
-0.519370053977 2.069478805974 0.000000000000 1.000000000000
-3.982093842821 4.711841361066 0.866025403784 0.500000000000
8.349586630040 -1.196489879427 0.866025403784 0.500000000000
2.910735440885 7.721362270785 0.866025403784 -0.500000000000
-2.672412118913 9.263922469563 0.866025403784 -0.500000000000
0.492556504706 14.915911930596 0.000000000000 1.000000000000
11.509542689605 8.543074478205 0.866025403784 -0.500000000000
5.828499332130 1.239156558241 0.866025403784 0.500000000000
6.683012521031 8.796259653587 0.000000000000 1.000000000000
2.538757916276 -3.722760732888 0.866025403784 -0.500000000000
