#Configurational_file created 2018-09-14 11:23:42  started 2018-09-14 11:23:41 run for 1.0s steps 0
name: gc_193
step: 10000
specie: 10
	particle_diameter: 1.0000000000000000
	interaction_length: 1.2000000000000000
	number_of_patches: 3
	number_of_particles_per_compound: 1
	rod_length: 1.0000000000000000
	interaction_matrix:  1.000000 1.000000 1.000000 1.000000 1.000000 1.000000 1.000000 1.000000 1.000000
	patch_type: symmetric
	patch_width: 8.0000000000000000
	patch_angle: 0.0000000000000000
	angles:  0.000000 0.000000 0.000000
	grand_canonical: 1
	chemical_potential: -1.8333330000000001
box: 10.000000 10.000000
copy: 1.000000 1.000000
epsilon: 1.4166960000000000
end_epsilon: 0.0000000000000000
pressure: 1.0000000000000000
lambda: 0.0000000000000000
lambda_coupling: 1.0000000000000000
uy: 0.0000000000000000
maximum_displacement: 1.0000000000000000
maximum_rotation: 1.0000000000000000
maximum_volume: 0.0000001000000000
maximum_shape: 0.0000001000000000
maximum_dsigma: 0.0100000000000000
mod: 10
pmod: 10
optimize: 1
verbose: 1
snapshot: 0
display: 1
explore: 1
npt: 0
nptxy: 0
nptdxdy: 0
shape: 0
seed: 222232
3.281928927622 3.839601875808 0.000000000000 1.000000000000
6.154558503611 -2.460003988429 0.866025403784 0.500000000000
7.484838874916 -1.748799031587 0.000000000000 1.000000000000
3.300685080247 -1.434961724834 0.000000000000 1.000000000000
-8.872357068350 -1.525000336323 0.000000000000 1.000000000000
2.251923299597 -2.360928707040 0.000000000000 1.000000000000
4.489710528714 10.945662218763 0.866025403784 0.500000000000
10.032677167441 1.268206487514 0.000000000000 1.000000000000
2.392575948369 0.516207171426 0.000000000000 1.000000000000
11.045268523779 5.832370227679 0.000000000000 1.000000000000
