#Configurational_file created 2018-09-14 13:46:57  started 2018-09-14 13:46:57 run for 0.0s steps 0
name: gc_192
step: 10000
specie: 8
	particle_diameter: 1.0000000000000000
	interaction_length: 1.2000000000000000
	number_of_patches: 3
	number_of_particles_per_compound: 1
	rod_length: 1.0000000000000000
	interaction_matrix:  1.000000 1.000000 1.000000 1.000000 1.000000 1.000000 1.000000 1.000000 1.000000
	patch_type: symmetric
	patch_width: 8.0000000000000000
	patch_angle: 0.0000000000000000
	angles:  0.000000 0.000000 0.000000
	grand_canonical: 1
	chemical_potential: -2.1724139999999998
box: 10.000000 10.000000
copy: 1.000000 1.000000
epsilon: 0.1896560000000000
end_epsilon: 0.0000000000000000
pressure: 1.0000000000000000
lambda: 0.0000000000000000
lambda_coupling: 1.0000000000000000
uy: 0.0000000000000000
maximum_displacement: 1.0000000000000000
maximum_rotation: 1.0000000000000000
maximum_volume: 0.0000001000000000
maximum_shape: 0.0000001000000000
maximum_dsigma: 0.0100000000000000
mod: 10
pmod: 10
optimize: 1
verbose: 1
snapshot: 0
display: 1
explore: 1
npt: 0
nptxy: 0
nptdxdy: 0
shape: 0
seed: 221095
-14.545319758418 -4.884744681527 0.000000000000 1.000000000000
-5.205484015826 -13.612698467220 0.000000000000 1.000000000000
10.402024699888 -5.941770673041 0.000000000000 1.000000000000
4.364168530268 11.833188962416 0.000000000000 1.000000000000
7.414281209276 5.179881472183 0.866025403784 0.500000000000
6.533790936177 3.385823553655 0.866025403784 0.500000000000
10.419734938905 10.076277882484 0.000000000000 1.000000000000
3.625698161230 -3.821170474431 0.866025403784 -0.500000000000
