#Configurational_file created 2018-09-14 11:23:41  started 2018-09-14 11:23:41 run for 0.0s steps 0
name: gc_192
step: 10000
specie: 7
	particle_diameter: 1.0000000000000000
	interaction_length: 1.2000000000000000
	number_of_patches: 3
	number_of_particles_per_compound: 1
	rod_length: 1.0000000000000000
	interaction_matrix:  1.000000 1.000000 1.000000 1.000000 1.000000 1.000000 1.000000 1.000000 1.000000
	patch_type: symmetric
	patch_width: 8.0000000000000000
	patch_angle: 0.0000000000000000
	angles:  0.000000 0.000000 0.000000
	grand_canonical: 1
	chemical_potential: -1.8333330000000001
box: 10.000000 10.000000
copy: 1.000000 1.000000
epsilon: 1.3333670000000000
end_epsilon: 0.0000000000000000
pressure: 1.0000000000000000
lambda: 0.0000000000000000
lambda_coupling: 1.0000000000000000
uy: 0.0000000000000000
maximum_displacement: 1.0000000000000000
maximum_rotation: 1.0000000000000000
maximum_volume: 0.0000001000000000
maximum_shape: 0.0000001000000000
maximum_dsigma: 0.0100000000000000
mod: 10
pmod: 10
optimize: 1
verbose: 1
snapshot: 0
display: 1
explore: 1
npt: 0
nptxy: 0
nptdxdy: 0
shape: 0
seed: 221095
9.065214093999 -2.233779393883 0.866025403784 0.500000000000
-1.788303848578 -9.980060347415 0.000000000000 1.000000000000
-5.995738431509 17.903573049476 0.000000000000 1.000000000000
-3.213045581085 6.396637644890 0.866025403784 0.500000000000
10.264043694183 17.063753782018 0.866025403784 0.500000000000
7.471767941320 1.176020008144 0.866025403784 -0.500000000000
1.847408905826 5.141499875854 0.866025403784 0.500000000000
