#Configurational_file created 2018-09-14 11:50:47  started 2018-09-14 11:50:46 run for 1.0s steps 0
name: gc_143
step: 10000
specie: 7
	particle_diameter: 1.0000000000000000
	interaction_length: 1.2000000000000000
	number_of_patches: 3
	number_of_particles_per_compound: 1
	rod_length: 1.0000000000000000
	interaction_matrix:  1.000000 1.000000 1.000000 1.000000 1.000000 1.000000 1.000000 1.000000 1.000000
	patch_type: symmetric
	patch_width: 8.0000000000000000
	patch_angle: 0.0000000000000000
	angles:  0.000000 0.000000 0.000000
	grand_canonical: 1
	chemical_potential: -2.1666669999999999
box: 10.000000 10.000000
copy: 1.000000 1.000000
epsilon: 0.0708340000000000
end_epsilon: 0.0000000000000000
pressure: 1.0000000000000000
lambda: 0.0000000000000000
lambda_coupling: 1.0000000000000000
uy: 0.0000000000000000
maximum_displacement: 1.0000000000000000
maximum_rotation: 1.0000000000000000
maximum_volume: 0.0000001000000000
maximum_shape: 0.0000001000000000
maximum_dsigma: 0.0100000000000000
mod: 10
pmod: 10
optimize: 1
verbose: 1
snapshot: 0
display: 1
explore: 1
npt: 0
nptxy: 0
nptdxdy: 0
shape: 0
seed: 165382
3.599670096242 10.163334167968 0.866025403784 0.500000000000
2.163650337434 3.497830844269 0.866025403784 0.500000000000
9.589418780009 2.009369920073 0.866025403784 -0.500000000000
-9.580615147526 -1.287116705981 0.866025403784 -0.500000000000
8.153312915318 -0.601135800074 0.866025403784 0.500000000000
5.163296868764 8.706501676414 0.000000000000 1.000000000000
-0.754740253724 7.146564150033 0.866025403784 0.500000000000
