#Configurational_file created 2018-09-14 11:51:17  started 2018-09-14 11:51:16 run for 1.0s steps 0
name: gc_187
step: 10000
specie: 11
	particle_diameter: 1.0000000000000000
	interaction_length: 1.2000000000000000
	number_of_patches: 3
	number_of_particles_per_compound: 1
	rod_length: 1.0000000000000000
	interaction_matrix:  1.000000 1.000000 1.000000 1.000000 1.000000 1.000000 1.000000 1.000000 1.000000
	patch_type: symmetric
	patch_width: 8.0000000000000000
	patch_angle: 0.0000000000000000
	angles:  0.000000 0.000000 0.000000
	grand_canonical: 1
	chemical_potential: -1.8333330000000001
box: 10.000000 10.000000
copy: 1.000000 1.000000
epsilon: 0.0458340000000000
end_epsilon: 0.0000000000000000
pressure: 1.0000000000000000
lambda: 0.0000000000000000
lambda_coupling: 1.0000000000000000
uy: 0.0000000000000000
maximum_displacement: 1.0000000000000000
maximum_rotation: 1.0000000000000000
maximum_volume: 0.0000001000000000
maximum_shape: 0.0000001000000000
maximum_dsigma: 0.0100000000000000
mod: 10
pmod: 10
optimize: 1
verbose: 1
snapshot: 0
display: 1
explore: 1
npt: 0
nptxy: 0
nptdxdy: 0
shape: 0
seed: 215410
-19.065775445496 10.977808233660 0.866025403784 -0.500000000000
-4.732560460872 -17.907499689592 0.866025403784 -0.500000000000
-0.539125596728 4.551186252929 0.866025403784 0.500000000000
4.399615960040 0.860262647667 0.866025403784 0.500000000000
3.843295682365 -3.470212892549 0.866025403784 0.500000000000
3.272343920382 17.767287255050 0.866025403784 -0.500000000000
7.175911829115 -2.466235586054 0.866025403784 0.500000000000
-2.158033318683 14.304928972365 0.866025403784 0.500000000000
3.768283981929 4.802336141287 0.866025403784 -0.500000000000
6.296972006383 0.179843997170 0.000000000000 1.000000000000
1.397993626319 10.833681006131 0.000000000000 1.000000000000
