#Configurational_file created 2018-09-14 11:50:34  started 2018-09-14 11:50:34 run for 0.0s steps 0
name: gc_123
step: 10000
specie: 7
	particle_diameter: 1.0000000000000000
	interaction_length: 1.2000000000000000
	number_of_patches: 3
	number_of_particles_per_compound: 1
	rod_length: 1.0000000000000000
	interaction_matrix:  1.000000 1.000000 1.000000 1.000000 1.000000 1.000000 1.000000 1.000000 1.000000
	patch_type: symmetric
	patch_width: 8.0000000000000000
	patch_angle: 0.0000000000000000
	angles:  0.000000 0.000000 0.000000
	grand_canonical: 1
	chemical_potential: -2.3333330000000001
box: 10.000000 10.000000
copy: 1.000000 1.000000
epsilon: 0.0916670000000000
end_epsilon: 0.0000000000000000
pressure: 1.0000000000000000
lambda: 0.0000000000000000
lambda_coupling: 1.0000000000000000
uy: 0.0000000000000000
maximum_displacement: 1.0000000000000000
maximum_rotation: 1.0000000000000000
maximum_volume: 0.0000001000000000
maximum_shape: 0.0000001000000000
maximum_dsigma: 0.0100000000000000
mod: 10
pmod: 10
optimize: 1
verbose: 1
snapshot: 0
display: 1
explore: 1
npt: 0
nptxy: 0
nptdxdy: 0
shape: 0
seed: 142642
1.031253566362 9.808236391331 0.866025403784 -0.500000000000
25.773800168185 4.735913841945 0.866025403784 0.500000000000
1.516379122693 6.184159376251 0.866025403784 -0.500000000000
3.685281006631 -2.672304259030 0.866025403784 -0.500000000000
16.806051194250 6.759926947624 0.866025403784 0.500000000000
12.694526832707 3.261983165347 0.866025403784 -0.500000000000
6.447103013507 5.712556146115 0.000000000000 1.000000000000
