#Configurational_file created 2018-09-14 13:46:32  started 2018-09-14 13:46:31 run for 1.0s steps 0
name: gc_152
step: 10000
specie: 12
	particle_diameter: 1.0000000000000000
	interaction_length: 1.2000000000000000
	number_of_patches: 3
	number_of_particles_per_compound: 1
	rod_length: 1.0000000000000000
	interaction_matrix:  1.000000 1.000000 1.000000 1.000000 1.000000 1.000000 1.000000 1.000000 1.000000
	patch_type: symmetric
	patch_width: 8.0000000000000000
	patch_angle: 0.0000000000000000
	angles:  0.000000 0.000000 0.000000
	grand_canonical: 1
	chemical_potential: -2.3103449999999999
box: 10.000000 10.000000
copy: 1.000000 1.000000
epsilon: 0.0172420000000000
end_epsilon: 0.0000000000000000
pressure: 1.0000000000000000
lambda: 0.0000000000000000
lambda_coupling: 1.0000000000000000
uy: 0.0000000000000000
maximum_displacement: 1.0000000000000000
maximum_rotation: 1.0000000000000000
maximum_volume: 0.0000001000000000
maximum_shape: 0.0000001000000000
maximum_dsigma: 0.0100000000000000
mod: 10
pmod: 10
optimize: 1
verbose: 1
snapshot: 0
display: 1
explore: 1
npt: 0
nptxy: 0
nptdxdy: 0
shape: 0
seed: 175615
8.868064737893 11.174172202501 0.866025403784 0.500000000000
2.435293615672 7.386082962652 0.000000000000 1.000000000000
-5.640522368751 9.587514027610 0.000000000000 1.000000000000
12.718819279663 5.233859977139 0.866025403784 0.500000000000
1.286883171711 8.662064700506 0.866025403784 0.500000000000
7.453916385933 -0.276573394772 0.866025403784 0.500000000000
9.727542469453 -0.688671740770 0.866025403784 -0.500000000000
1.639812349156 5.281012476248 0.866025403784 -0.500000000000
5.331906601809 6.407342377762 0.866025403784 0.500000000000
10.579966650962 0.172054212145 0.866025403784 -0.500000000000
10.556548707025 7.247229097111 0.866025403784 -0.500000000000
2.715734914839 8.900151068198 0.000000000000 1.000000000000
