#Configurational_file created 2018-09-14 11:23:01  started 2018-09-14 11:23:00 run for 1.0s steps 0
name: gc_130
step: 10000
specie: 9
	particle_diameter: 1.0000000000000000
	interaction_length: 1.2000000000000000
	number_of_patches: 3
	number_of_particles_per_compound: 1
	rod_length: 1.0000000000000000
	interaction_matrix:  1.000000 1.000000 1.000000 1.000000 1.000000 1.000000 1.000000 1.000000 1.000000
	patch_type: symmetric
	patch_width: 8.0000000000000000
	patch_angle: 0.0000000000000000
	angles:  0.000000 0.000000 0.000000
	grand_canonical: 1
	chemical_potential: -2.1666669999999999
box: 10.000000 10.000000
copy: 1.000000 1.000000
epsilon: 0.3334170000000000
end_epsilon: 0.0000000000000000
pressure: 1.0000000000000000
lambda: 0.0000000000000000
lambda_coupling: 1.0000000000000000
uy: 0.0000000000000000
maximum_displacement: 1.0000000000000000
maximum_rotation: 1.0000000000000000
maximum_volume: 0.0000001000000000
maximum_shape: 0.0000001000000000
maximum_dsigma: 0.0100000000000000
mod: 10
pmod: 10
optimize: 1
verbose: 1
snapshot: 0
display: 1
explore: 1
npt: 0
nptxy: 0
nptdxdy: 0
shape: 0
seed: 150601
0.204392033554 -7.838156487147 0.866025403784 -0.500000000000
3.868913778282 12.714432626222 0.866025403784 0.500000000000
27.239680261997 13.211051654747 0.866025403784 -0.500000000000
9.539940577640 6.252802373951 0.866025403784 -0.500000000000
4.495944536330 -14.422773572344 0.000000000000 1.000000000000
2.013180849529 -4.312414177473 0.866025403784 -0.500000000000
10.528612026108 7.535677500435 0.000000000000 1.000000000000
1.533565396398 3.913374575546 0.866025403784 -0.500000000000
9.249516227434 3.890392524336 0.000000000000 1.000000000000
