#Configurational_file created 2018-09-14 11:50:22  started 2018-09-14 11:50:21 run for 1.0s steps 0
name: gc_104
step: 10000
specie: 7
	particle_diameter: 1.0000000000000000
	interaction_length: 1.2000000000000000
	number_of_patches: 3
	number_of_particles_per_compound: 1
	rod_length: 1.0000000000000000
	interaction_matrix:  1.000000 1.000000 1.000000 1.000000 1.000000 1.000000 1.000000 1.000000 1.000000
	patch_type: symmetric
	patch_width: 8.0000000000000000
	patch_angle: 0.0000000000000000
	angles:  0.000000 0.000000 0.000000
	grand_canonical: 1
	chemical_potential: -2.3333330000000001
box: 10.000000 10.000000
copy: 1.000000 1.000000
epsilon: 0.0125010000000000
end_epsilon: 0.0000000000000000
pressure: 1.0000000000000000
lambda: 0.0000000000000000
lambda_coupling: 1.0000000000000000
uy: 0.0000000000000000
maximum_displacement: 1.0000000000000000
maximum_rotation: 1.0000000000000000
maximum_volume: 0.0000001000000000
maximum_shape: 0.0000001000000000
maximum_dsigma: 0.0100000000000000
mod: 10
pmod: 10
optimize: 1
verbose: 1
snapshot: 0
display: 1
explore: 1
npt: 0
nptxy: 0
nptdxdy: 0
shape: 0
seed: 121039
-13.910621754701 -1.567589702279 0.866025403784 -0.500000000000
0.240343831304 2.435237386427 0.866025403784 -0.500000000000
1.493220735631 -4.580502820255 0.866025403784 0.500000000000
9.038399487284 9.319338297615 0.000000000000 1.000000000000
5.476169748917 1.380615564693 0.000000000000 1.000000000000
7.264532740334 -1.180250265230 0.866025403784 -0.500000000000
0.966133956905 -0.907032014140 0.000000000000 1.000000000000
