#Configurational_file created 2018-09-14 13:46:05  started 2018-09-14 13:46:04 run for 1.0s steps 0
name: gc_108
step: 10000
specie: 6
	particle_diameter: 1.0000000000000000
	interaction_length: 1.2000000000000000
	number_of_patches: 3
	number_of_particles_per_compound: 1
	rod_length: 1.0000000000000000
	interaction_matrix:  1.000000 1.000000 1.000000 1.000000 1.000000 1.000000 1.000000 1.000000 1.000000
	patch_type: symmetric
	patch_width: 8.0000000000000000
	patch_angle: 0.0000000000000000
	angles:  0.000000 0.000000 0.000000
	grand_canonical: 1
	chemical_potential: -2.5862069999999999
box: 10.000000 10.000000
copy: 1.000000 1.000000
epsilon: 0.2931040000000000
end_epsilon: 0.0000000000000000
pressure: 1.0000000000000000
lambda: 0.0000000000000000
lambda_coupling: 1.0000000000000000
uy: 0.0000000000000000
maximum_displacement: 1.0000000000000000
maximum_rotation: 1.0000000000000000
maximum_volume: 0.0000001000000000
maximum_shape: 0.0000001000000000
maximum_dsigma: 0.0100000000000000
mod: 10
pmod: 10
optimize: 1
verbose: 1
snapshot: 0
display: 1
explore: 1
npt: 0
nptxy: 0
nptdxdy: 0
shape: 0
seed: 125587
-4.205411625446 1.185029916060 0.866025403784 -0.500000000000
4.877132389277 7.841145601917 0.866025403784 -0.500000000000
8.753152187852 9.366544269309 0.866025403784 0.500000000000
16.016425132137 -2.649417018798 0.000000000000 1.000000000000
10.273663991173 -4.213013760051 0.866025403784 0.500000000000
9.793843639622 9.753513094384 0.866025403784 -0.500000000000
