#Configurational_file created 2018-09-11 17:03:41  started 2018-09-11 17:03:40 run for 1.0s steps 0
name: gc_14
step: 10000
specie: 10
	particle_diameter: 1.0000000000000000
	interaction_length: 1.2000000000000000
	number_of_patches: 3
	number_of_particles_per_compound: 1
	rod_length: 1.0000000000000000
	interaction_matrix:  1.000000 1.000000 1.000000 1.000000 1.000000 1.000000 1.000000 1.000000 1.000000
	patch_type: symmetric
	patch_width: 8.0000000000000000
	patch_angle: 0.0000000000000000
	angles:  0.000000 0.000000 0.000000
	grand_canonical: 1
	chemical_potential: -2.0000000000000000
box: 10.000000 10.000000
copy: 1.000000 1.000000
epsilon: 2.0000000000000000
end_epsilon: 0.0000000000000000
pressure: 1.0000000000000000
lambda: 0.0000000000000000
lambda_coupling: 1.0000000000000000
uy: 0.0000000000000000
maximum_displacement: 1.0000000000000000
maximum_rotation: 1.0000000000000000
maximum_volume: 0.0000001000000000
maximum_shape: 0.0000001000000000
maximum_dsigma: 0.0100000000000000
mod: 10
pmod: 10
optimize: 1
verbose: 1
snapshot: 0
display: 1
explore: 1
npt: 0
nptxy: 0
nptdxdy: 0
shape: 0
seed: 18788
16.399074452380 20.643077197073 0.866025403784 0.500000000000
-13.731015046171 8.241062074882 0.866025403784 -0.500000000000
-12.982724601136 17.674286281824 0.866025403784 0.500000000000
-1.484458069763 -0.446350148806 0.866025403784 0.500000000000
-2.656184402798 13.053130140500 0.000000000000 1.000000000000
0.966083543976 4.058410569896 0.866025403784 0.500000000000
2.148756238022 5.034615041685 0.866025403784 0.500000000000
5.694360126224 -3.764979038072 0.866025403784 -0.500000000000
2.062895329557 1.397290416194 0.866025403784 0.500000000000
0.506843814381 0.374820665035 0.000000000000 1.000000000000
