#Configurational_file created 2018-09-14 11:21:49  started 2018-09-14 11:21:49 run for 0.0s steps 0
name: gc_13
step: 10000
specie: 7
	particle_diameter: 1.0000000000000000
	interaction_length: 1.2000000000000000
	number_of_patches: 3
	number_of_particles_per_compound: 1
	rod_length: 1.0000000000000000
	interaction_matrix:  1.000000 1.000000 1.000000 1.000000 1.000000 1.000000 1.000000 1.000000 1.000000
	patch_type: symmetric
	patch_width: 8.0000000000000000
	patch_angle: 0.0000000000000000
	angles:  0.000000 0.000000 0.000000
	grand_canonical: 1
	chemical_potential: -3.0000000000000000
box: 10.000000 10.000000
copy: 1.000000 1.000000
epsilon: 1.0000500000000001
end_epsilon: 0.0000000000000000
pressure: 1.0000000000000000
lambda: 0.0000000000000000
lambda_coupling: 1.0000000000000000
uy: 0.0000000000000000
maximum_displacement: 1.0000000000000000
maximum_rotation: 1.0000000000000000
maximum_volume: 0.0000001000000000
maximum_shape: 0.0000001000000000
maximum_dsigma: 0.0100000000000000
mod: 10
pmod: 10
optimize: 1
verbose: 1
snapshot: 0
display: 1
explore: 1
npt: 0
nptxy: 0
nptdxdy: 0
shape: 0
seed: 17572
5.281518764819 2.070975321412 0.866025403784 0.500000000000
12.428992789601 18.316716821989 0.866025403784 -0.500000000000
1.168573861482 3.736614263698 0.866025403784 0.500000000000
4.487526207792 4.163410616750 0.000000000000 1.000000000000
3.667177594249 1.961981863242 0.000000000000 1.000000000000
9.058790927686 0.863067833359 0.866025403784 -0.500000000000
0.048160599113 1.807113108658 0.000000000000 1.000000000000
