#Configurational_file created 2018-09-14 13:46:58  started 2018-09-14 13:46:57 run for 1.0s steps 0
name: gc_193
step: 10000
specie: 12
	particle_diameter: 1.0000000000000000
	interaction_length: 1.2000000000000000
	number_of_patches: 3
	number_of_particles_per_compound: 1
	rod_length: 1.0000000000000000
	interaction_matrix:  1.000000 1.000000 1.000000 1.000000 1.000000 1.000000 1.000000 1.000000 1.000000
	patch_type: symmetric
	patch_width: 8.0000000000000000
	patch_angle: 0.0000000000000000
	angles:  0.000000 0.000000 0.000000
	grand_canonical: 1
	chemical_potential: -2.1724139999999998
box: 10.000000 10.000000
copy: 1.000000 1.000000
epsilon: 0.2068970000000000
end_epsilon: 0.0000000000000000
pressure: 1.0000000000000000
lambda: 0.0000000000000000
lambda_coupling: 1.0000000000000000
uy: 0.0000000000000000
maximum_displacement: 1.0000000000000000
maximum_rotation: 1.0000000000000000
maximum_volume: 0.0000001000000000
maximum_shape: 0.0000001000000000
maximum_dsigma: 0.0100000000000000
mod: 10
pmod: 10
optimize: 1
verbose: 1
snapshot: 0
display: 1
explore: 1
npt: 0
nptxy: 0
nptdxdy: 0
shape: 0
seed: 222232
5.846925720668 -13.328037622264 0.866025403784 -0.500000000000
9.877696252742 4.447254214741 0.000000000000 1.000000000000
-6.670924589409 8.017467344479 0.866025403784 -0.500000000000
-8.054153259882 4.895508912923 0.000000000000 1.000000000000
-2.793711774701 6.524456282821 0.866025403784 -0.500000000000
-2.892494525285 12.590461588002 0.866025403784 -0.500000000000
0.589809573578 9.383581691151 0.866025403784 0.500000000000
8.667786626632 3.575096583883 0.000000000000 1.000000000000
9.068587707796 5.236810515229 0.866025403784 0.500000000000
4.734982889233 3.476870458997 0.866025403784 0.500000000000
2.851382918696 0.640619948182 0.866025403784 0.500000000000
-3.120325109275 2.293499323424 0.000000000000 1.000000000000
