#Configurational_file created 2018-09-14 11:23:30  started 2018-09-14 11:23:29 run for 1.0s steps 0
name: gc_175
step: 10000
specie: 9
	particle_diameter: 1.0000000000000000
	interaction_length: 1.2000000000000000
	number_of_patches: 3
	number_of_particles_per_compound: 1
	rod_length: 1.0000000000000000
	interaction_matrix:  1.000000 1.000000 1.000000 1.000000 1.000000 1.000000 1.000000 1.000000 1.000000
	patch_type: symmetric
	patch_width: 8.0000000000000000
	patch_angle: 0.0000000000000000
	angles:  0.000000 0.000000 0.000000
	grand_canonical: 1
	chemical_potential: -2.0000000000000000
box: 10.000000 10.000000
copy: 1.000000 1.000000
epsilon: 2.0000000000000000
end_epsilon: 0.0000000000000000
pressure: 1.0000000000000000
lambda: 0.0000000000000000
lambda_coupling: 1.0000000000000000
uy: 0.0000000000000000
maximum_displacement: 1.0000000000000000
maximum_rotation: 1.0000000000000000
maximum_volume: 0.0000001000000000
maximum_shape: 0.0000001000000000
maximum_dsigma: 0.0100000000000000
mod: 10
pmod: 10
optimize: 1
verbose: 1
snapshot: 0
display: 1
explore: 1
npt: 0
nptxy: 0
nptdxdy: 0
shape: 0
seed: 201766
10.457572772979 4.996115691758 0.866025403784 0.500000000000
10.986855560721 -24.301604712956 0.000000000000 1.000000000000
-10.145684137499 -2.528060881249 0.000000000000 1.000000000000
7.461082330297 20.488222893363 0.866025403784 0.500000000000
-7.867579509789 13.247167808172 0.866025403784 0.500000000000
-5.662746499327 5.178440777290 0.866025403784 0.500000000000
5.021543966011 6.414397091259 0.000000000000 1.000000000000
3.738896870618 4.394067234201 0.000000000000 1.000000000000
2.628090818778 11.604399989272 0.866025403784 0.500000000000
