#Configurational_file created 2018-09-14 11:50:43  started 2018-09-14 11:50:42 run for 1.0s steps 0
name: gc_136
step: 10000
specie: 7
	particle_diameter: 1.0000000000000000
	interaction_length: 1.2000000000000000
	number_of_patches: 3
	number_of_particles_per_compound: 1
	rod_length: 1.0000000000000000
	interaction_matrix:  1.000000 1.000000 1.000000 1.000000 1.000000 1.000000 1.000000 1.000000 1.000000
	patch_type: symmetric
	patch_width: 8.0000000000000000
	patch_angle: 0.0000000000000000
	angles:  0.000000 0.000000 0.000000
	grand_canonical: 1
	chemical_potential: -2.1666669999999999
box: 10.000000 10.000000
copy: 1.000000 1.000000
epsilon: 0.0416670000000000
end_epsilon: 0.0000000000000000
pressure: 1.0000000000000000
lambda: 0.0000000000000000
lambda_coupling: 1.0000000000000000
uy: 0.0000000000000000
maximum_displacement: 1.0000000000000000
maximum_rotation: 1.0000000000000000
maximum_volume: 0.0000001000000000
maximum_shape: 0.0000001000000000
maximum_dsigma: 0.0100000000000000
mod: 10
pmod: 10
optimize: 1
verbose: 1
snapshot: 0
display: 1
explore: 1
npt: 0
nptxy: 0
nptdxdy: 0
shape: 0
seed: 157423
1.250329898366 4.780648952197 0.866025403784 -0.500000000000
14.654001796706 2.992929172835 0.866025403784 -0.500000000000
-27.878569731370 -16.139205541653 0.866025403784 0.500000000000
0.447868945911 2.288966778389 0.000000000000 1.000000000000
5.236261403687 -1.084216612892 0.000000000000 1.000000000000
4.673914107985 0.039602689726 0.866025403784 0.500000000000
3.435328551125 7.118274482594 0.866025403784 0.500000000000
