#Configurational_file created 2018-09-14 11:23:37  started 2018-09-14 11:23:37 run for 0.0s steps 0
name: gc_186
step: 10000
specie: 16
	particle_diameter: 1.0000000000000000
	interaction_length: 1.2000000000000000
	number_of_patches: 3
	number_of_particles_per_compound: 1
	rod_length: 1.0000000000000000
	interaction_matrix:  1.000000 1.000000 1.000000 1.000000 1.000000 1.000000 1.000000 1.000000 1.000000
	patch_type: symmetric
	patch_width: 8.0000000000000000
	patch_angle: 0.0000000000000000
	angles:  0.000000 0.000000 0.000000
	grand_canonical: 1
	chemical_potential: -1.8333330000000001
box: 10.000000 10.000000
copy: 1.000000 1.000000
epsilon: 0.8333920000000000
end_epsilon: 0.0000000000000000
pressure: 1.0000000000000000
lambda: 0.0000000000000000
lambda_coupling: 1.0000000000000000
uy: 0.0000000000000000
maximum_displacement: 1.0000000000000000
maximum_rotation: 1.0000000000000000
maximum_volume: 0.0000001000000000
maximum_shape: 0.0000001000000000
maximum_dsigma: 0.0100000000000000
mod: 10
pmod: 10
optimize: 1
verbose: 1
snapshot: 0
display: 1
explore: 1
npt: 0
nptxy: 0
nptdxdy: 0
shape: 0
seed: 214273
3.613133939419 6.486794848583 0.866025403784 -0.500000000000
1.075087984306 -1.941915424116 0.866025403784 -0.500000000000
2.767083804256 -1.979661410767 0.866025403784 0.500000000000
11.686272203654 17.086472177078 0.866025403784 -0.500000000000
-1.405465446883 -2.621186119078 0.866025403784 -0.500000000000
2.681592760818 1.578342330336 0.000000000000 1.000000000000
-13.637945403322 -2.220293414122 0.000000000000 1.000000000000
6.829794876109 8.709713293162 0.866025403784 0.500000000000
14.340342440863 3.880178002464 0.866025403784 0.500000000000
8.479795658307 -1.603400391691 0.866025403784 -0.500000000000
8.987520217560 -4.328385704518 0.866025403784 0.500000000000
17.405737850467 5.683331699487 0.000000000000 1.000000000000
5.953293911099 3.869931022420 0.866025403784 -0.500000000000
0.804598719279 3.860618340171 0.866025403784 -0.500000000000
0.888586206864 2.467414356128 0.866025403784 0.500000000000
0.212902319752 7.884004265650 0.866025403784 0.500000000000
