#Configurational_file created 2018-09-14 11:23:16  started 2018-09-14 11:23:15 run for 1.0s steps 0
name: gc_154
step: 10000
specie: 13
	particle_diameter: 1.0000000000000000
	interaction_length: 1.2000000000000000
	number_of_patches: 3
	number_of_particles_per_compound: 1
	rod_length: 1.0000000000000000
	interaction_matrix:  1.000000 1.000000 1.000000 1.000000 1.000000 1.000000 1.000000 1.000000 1.000000
	patch_type: symmetric
	patch_width: 8.0000000000000000
	patch_angle: 0.0000000000000000
	angles:  0.000000 0.000000 0.000000
	grand_canonical: 1
	chemical_potential: -2.0000000000000000
box: 10.000000 10.000000
copy: 1.000000 1.000000
epsilon: 0.2500870000000000
end_epsilon: 0.0000000000000000
pressure: 1.0000000000000000
lambda: 0.0000000000000000
lambda_coupling: 1.0000000000000000
uy: 0.0000000000000000
maximum_displacement: 1.0000000000000000
maximum_rotation: 1.0000000000000000
maximum_volume: 0.0000001000000000
maximum_shape: 0.0000001000000000
maximum_dsigma: 0.0100000000000000
mod: 10
pmod: 10
optimize: 1
verbose: 1
snapshot: 0
display: 1
explore: 1
npt: 0
nptxy: 0
nptdxdy: 0
shape: 0
seed: 177889
-3.593359683669 1.966319800814 0.866025403784 0.500000000000
4.343981752824 13.254200691664 0.000000000000 1.000000000000
-5.916732911390 -3.800470867666 0.866025403784 -0.500000000000
-1.937305435422 -3.178241176793 0.866025403784 0.500000000000
-1.620369886450 18.039284773355 0.866025403784 -0.500000000000
8.990548589335 -2.882569395720 0.000000000000 1.000000000000
7.278339643278 -0.571445946155 0.866025403784 -0.500000000000
2.066209899338 1.063826897525 0.866025403784 -0.500000000000
6.368563644797 7.956649423842 0.866025403784 -0.500000000000
0.809186437922 -3.668916546195 0.000000000000 1.000000000000
8.228228352841 11.485128502694 0.866025403784 0.500000000000
2.735789570488 2.680928343351 0.866025403784 0.500000000000
6.818584273339 4.450059728649 0.000000000000 1.000000000000
