#Configurational_file created 2018-09-14 13:46:06  started 2018-09-14 13:46:06 run for 0.0s steps 0
name: gc_110
step: 10000
specie: 9
	particle_diameter: 1.0000000000000000
	interaction_length: 1.2000000000000000
	number_of_patches: 3
	number_of_particles_per_compound: 1
	rod_length: 1.0000000000000000
	interaction_matrix:  1.000000 1.000000 1.000000 1.000000 1.000000 1.000000 1.000000 1.000000 1.000000
	patch_type: symmetric
	patch_width: 8.0000000000000000
	patch_angle: 0.0000000000000000
	angles:  0.000000 0.000000 0.000000
	grand_canonical: 1
	chemical_potential: -2.5862069999999999
box: 10.000000 10.000000
copy: 1.000000 1.000000
epsilon: 0.3275870000000000
end_epsilon: 0.0000000000000000
pressure: 1.0000000000000000
lambda: 0.0000000000000000
lambda_coupling: 1.0000000000000000
uy: 0.0000000000000000
maximum_displacement: 1.0000000000000000
maximum_rotation: 1.0000000000000000
maximum_volume: 0.0000001000000000
maximum_shape: 0.0000001000000000
maximum_dsigma: 0.0100000000000000
mod: 10
pmod: 10
optimize: 1
verbose: 1
snapshot: 0
display: 1
explore: 1
npt: 0
nptxy: 0
nptdxdy: 0
shape: 0
seed: 127861
8.708702805127 5.216446989260 0.866025403784 0.500000000000
4.363913066043 9.865782920843 0.866025403784 0.500000000000
1.160075674946 -1.584114991142 0.866025403784 -0.500000000000
13.093047895071 -0.307552872603 0.866025403784 0.500000000000
14.050076119391 -28.823388039054 0.866025403784 0.500000000000
-3.872420311646 13.225037208883 0.866025403784 -0.500000000000
-1.764347377471 1.273651272906 0.866025403784 -0.500000000000
-1.728936852208 6.971687836506 0.000000000000 1.000000000000
1.403552429931 7.746154784670 0.000000000000 1.000000000000
