#Configurational_file created 2018-09-14 11:23:11  started 2018-09-14 11:23:10 run for 1.0s steps 0
name: gc_146
step: 10000
specie: 6
	particle_diameter: 1.0000000000000000
	interaction_length: 1.2000000000000000
	number_of_patches: 3
	number_of_particles_per_compound: 1
	rod_length: 1.0000000000000000
	interaction_matrix:  1.000000 1.000000 1.000000 1.000000 1.000000 1.000000 1.000000 1.000000 1.000000
	patch_type: symmetric
	patch_width: 8.0000000000000000
	patch_angle: 0.0000000000000000
	angles:  0.000000 0.000000 0.000000
	grand_canonical: 1
	chemical_potential: -2.1666669999999999
box: 10.000000 10.000000
copy: 1.000000 1.000000
epsilon: 1.6666829999999999
end_epsilon: 0.0000000000000000
pressure: 1.0000000000000000
lambda: 0.0000000000000000
lambda_coupling: 1.0000000000000000
uy: 0.0000000000000000
maximum_displacement: 1.0000000000000000
maximum_rotation: 1.0000000000000000
maximum_volume: 0.0000001000000000
maximum_shape: 0.0000001000000000
maximum_dsigma: 0.0100000000000000
mod: 10
pmod: 10
optimize: 1
verbose: 1
snapshot: 0
display: 1
explore: 1
npt: 0
nptxy: 0
nptdxdy: 0
shape: 0
seed: 168793
-10.703500709903 -2.120830946568 0.866025403784 -0.500000000000
4.767671667635 -1.780032329130 0.000000000000 1.000000000000
18.755415625967 -4.802302577302 0.866025403784 0.500000000000
10.432521777045 3.833318219242 0.866025403784 -0.500000000000
-2.672520398113 3.231530931345 0.000000000000 1.000000000000
6.080898139560 7.270373202743 0.000000000000 1.000000000000
