#Configurational_file created 2018-09-14 11:50:28  started 2018-09-14 11:50:28 run for 0.0s steps 0
name: gc_114
step: 10000
specie: 11
	particle_diameter: 1.0000000000000000
	interaction_length: 1.2000000000000000
	number_of_patches: 3
	number_of_particles_per_compound: 1
	rod_length: 1.0000000000000000
	interaction_matrix:  1.000000 1.000000 1.000000 1.000000 1.000000 1.000000 1.000000 1.000000 1.000000
	patch_type: symmetric
	patch_width: 8.0000000000000000
	patch_angle: 0.0000000000000000
	angles:  0.000000 0.000000 0.000000
	grand_canonical: 1
	chemical_potential: -2.3333330000000001
box: 10.000000 10.000000
copy: 1.000000 1.000000
epsilon: 0.0541670000000000
end_epsilon: 0.0000000000000000
pressure: 1.0000000000000000
lambda: 0.0000000000000000
lambda_coupling: 1.0000000000000000
uy: 0.0000000000000000
maximum_displacement: 1.0000000000000000
maximum_rotation: 1.0000000000000000
maximum_volume: 0.0000001000000000
maximum_shape: 0.0000001000000000
maximum_dsigma: 0.0100000000000000
mod: 10
pmod: 10
optimize: 1
verbose: 1
snapshot: 0
display: 1
explore: 1
npt: 0
nptxy: 0
nptdxdy: 0
shape: 0
seed: 132409
-3.617160103964 3.498047775699 0.866025403784 -0.500000000000
2.683088817841 -1.759832564953 0.866025403784 -0.500000000000
16.520901009724 10.944163102770 0.000000000000 1.000000000000
9.662698369126 -5.106278812152 0.866025403784 -0.500000000000
10.598232317930 3.103343625646 0.866025403784 0.500000000000
8.438156338511 7.045856496708 0.866025403784 -0.500000000000
-11.406955816457 14.364743335757 0.866025403784 -0.500000000000
3.749421682384 7.442405986831 0.866025403784 -0.500000000000
0.601478875450 6.167420388194 0.866025403784 0.500000000000
4.714581056835 1.999346964588 0.866025403784 0.500000000000
2.909527462283 4.488866276556 0.866025403784 -0.500000000000
