#Configurational_file created 2018-09-14 11:23:21  started 2018-09-14 11:23:20 run for 1.0s steps 0
name: gc_161
step: 10000
specie: 10
	particle_diameter: 1.0000000000000000
	interaction_length: 1.2000000000000000
	number_of_patches: 3
	number_of_particles_per_compound: 1
	rod_length: 1.0000000000000000
	interaction_matrix:  1.000000 1.000000 1.000000 1.000000 1.000000 1.000000 1.000000 1.000000 1.000000
	patch_type: symmetric
	patch_width: 8.0000000000000000
	patch_angle: 0.0000000000000000
	angles:  0.000000 0.000000 0.000000
	grand_canonical: 1
	chemical_potential: -2.0000000000000000
box: 10.000000 10.000000
copy: 1.000000 1.000000
epsilon: 0.8333920000000000
end_epsilon: 0.0000000000000000
pressure: 1.0000000000000000
lambda: 0.0000000000000000
lambda_coupling: 1.0000000000000000
uy: 0.0000000000000000
maximum_displacement: 1.0000000000000000
maximum_rotation: 1.0000000000000000
maximum_volume: 0.0000001000000000
maximum_shape: 0.0000001000000000
maximum_dsigma: 0.0100000000000000
mod: 10
pmod: 10
optimize: 1
verbose: 1
snapshot: 0
display: 1
explore: 1
npt: 0
nptxy: 0
nptdxdy: 0
shape: 0
seed: 185848
10.732141178228 6.516983915126 0.000000000000 1.000000000000
37.768909740372 -7.481401472722 0.866025403784 -0.500000000000
9.571161330097 1.885762917804 0.866025403784 0.500000000000
7.272922700953 6.312156457785 0.000000000000 1.000000000000
15.725967500820 -9.793140462932 0.866025403784 -0.500000000000
8.046415109467 15.102722838024 0.866025403784 0.500000000000
-7.412039867132 -7.699284917338 0.866025403784 -0.500000000000
-0.773682110140 -0.399489010951 0.866025403784 0.500000000000
1.535414086351 -2.710229867484 0.866025403784 -0.500000000000
4.629452113919 6.277737844490 0.000000000000 1.000000000000
