#Configurational_file created 2018-09-14 12:19:31  started 2018-09-14 12:19:30 run for 1.0s steps 0
name: gc_13
step: 10000
specie: 11
	particle_diameter: 1.0000000000000000
	interaction_length: 1.2000000000000000
	number_of_patches: 3
	number_of_particles_per_compound: 1
	rod_length: 1.0000000000000000
	interaction_matrix:  1.000000 1.000000 1.000000 1.000000 1.000000 1.000000 1.000000 1.000000 1.000000
	patch_type: symmetric
	patch_width: 8.0000000000000000
	patch_angle: 0.0000000000000000
	angles:  0.000000 0.000000 0.000000
	grand_canonical: 1
	chemical_potential: -2.0000000000000000
box: 10.000000 10.000000
copy: 1.000000 1.000000
epsilon: 0.0000010000000000
end_epsilon: 0.0000000000000000
pressure: 1.0000000000000000
lambda: 0.0000000000000000
lambda_coupling: 1.0000000000000000
uy: 0.0000000000000000
maximum_displacement: 1.0000000000000000
maximum_rotation: 1.0000000000000000
maximum_volume: 0.0000001000000000
maximum_shape: 0.0000001000000000
maximum_dsigma: 0.0100000000000000
mod: 10
pmod: 10
optimize: 1
verbose: 1
snapshot: 0
display: 1
explore: 1
npt: 0
nptxy: 0
nptdxdy: 0
shape: 0
seed: 17572
-0.942816777624 0.788397112449 0.000000000000 1.000000000000
2.643443602934 2.779882553291 0.866025403784 -0.500000000000
8.439139678567 5.120410098007 0.866025403784 0.500000000000
-12.041120366112 -12.127518840240 0.866025403784 0.500000000000
2.185807297539 10.743518885481 0.866025403784 0.500000000000
2.719774324154 12.094813967036 0.000000000000 1.000000000000
1.197201518767 8.310893383323 0.000000000000 1.000000000000
-8.571164109759 2.907321825731 0.866025403784 -0.500000000000
-5.234425956285 4.668236934644 0.000000000000 1.000000000000
5.207536379296 1.373957580766 0.000000000000 1.000000000000
-3.237950448781 4.406552941317 0.000000000000 1.000000000000
