#Configurational_file created 2018-09-14 11:23:32  started 2018-09-14 11:23:31 run for 1.0s steps 0
name: gc_178
step: 10000
specie: 11
	particle_diameter: 1.0000000000000000
	interaction_length: 1.2000000000000000
	number_of_patches: 3
	number_of_particles_per_compound: 1
	rod_length: 1.0000000000000000
	interaction_matrix:  1.000000 1.000000 1.000000 1.000000 1.000000 1.000000 1.000000 1.000000 1.000000
	patch_type: symmetric
	patch_width: 8.0000000000000000
	patch_angle: 0.0000000000000000
	angles:  0.000000 0.000000 0.000000
	grand_canonical: 1
	chemical_potential: -1.8333330000000001
box: 10.000000 10.000000
copy: 1.000000 1.000000
epsilon: 0.1667580000000000
end_epsilon: 0.0000000000000000
pressure: 1.0000000000000000
lambda: 0.0000000000000000
lambda_coupling: 1.0000000000000000
uy: 0.0000000000000000
maximum_displacement: 1.0000000000000000
maximum_rotation: 1.0000000000000000
maximum_volume: 0.0000001000000000
maximum_shape: 0.0000001000000000
maximum_dsigma: 0.0100000000000000
mod: 10
pmod: 10
optimize: 1
verbose: 1
snapshot: 0
display: 1
explore: 1
npt: 0
nptxy: 0
nptdxdy: 0
shape: 0
seed: 205177
6.795379463508 5.276154535709 0.866025403784 0.500000000000
3.387552647605 0.249567010620 0.866025403784 0.500000000000
4.224979259792 6.685416741601 0.866025403784 0.500000000000
9.077484832879 0.982094687319 0.866025403784 0.500000000000
19.865950173279 8.929882479565 0.866025403784 -0.500000000000
15.412758555181 3.835348672702 0.866025403784 0.500000000000
11.628894618360 9.559936502575 0.866025403784 -0.500000000000
8.348244834274 10.054315434904 0.866025403784 0.500000000000
2.931612760542 7.302023550501 0.866025403784 0.500000000000
5.451217011042 5.172596093205 0.866025403784 0.500000000000
0.552271813594 7.670516443076 0.866025403784 -0.500000000000
