#Configurational_file created 2018-09-14 11:50:25  started 2018-09-14 11:50:25 run for 0.0s steps 0
name: gc_109
step: 10000
specie: 7
	particle_diameter: 1.0000000000000000
	interaction_length: 1.2000000000000000
	number_of_patches: 3
	number_of_particles_per_compound: 1
	rod_length: 1.0000000000000000
	interaction_matrix:  1.000000 1.000000 1.000000 1.000000 1.000000 1.000000 1.000000 1.000000 1.000000
	patch_type: symmetric
	patch_width: 8.0000000000000000
	patch_angle: 0.0000000000000000
	angles:  0.000000 0.000000 0.000000
	grand_canonical: 1
	chemical_potential: -2.3333330000000001
box: 10.000000 10.000000
copy: 1.000000 1.000000
epsilon: 0.0333340000000000
end_epsilon: 0.0000000000000000
pressure: 1.0000000000000000
lambda: 0.0000000000000000
lambda_coupling: 1.0000000000000000
uy: 0.0000000000000000
maximum_displacement: 1.0000000000000000
maximum_rotation: 1.0000000000000000
maximum_volume: 0.0000001000000000
maximum_shape: 0.0000001000000000
maximum_dsigma: 0.0100000000000000
mod: 10
pmod: 10
optimize: 1
verbose: 1
snapshot: 0
display: 1
explore: 1
npt: 0
nptxy: 0
nptdxdy: 0
shape: 0
seed: 126724
6.960692302807 18.420318744448 0.000000000000 1.000000000000
6.643037276569 -1.523433981365 0.866025403784 -0.500000000000
7.657163674678 2.723121560285 0.000000000000 1.000000000000
2.274175645192 2.926683321073 0.000000000000 1.000000000000
6.691177709826 3.093546800802 0.000000000000 1.000000000000
-9.740354931036 2.498881142656 0.866025403784 0.500000000000
4.330199419354 7.086374713182 0.866025403784 -0.500000000000
