#Configurational_file created 2018-09-14 11:50:39  started 2018-09-14 11:50:38 run for 1.0s steps 0
name: gc_130
step: 10000
specie: 7
	particle_diameter: 1.0000000000000000
	interaction_length: 1.2000000000000000
	number_of_patches: 3
	number_of_particles_per_compound: 1
	rod_length: 1.0000000000000000
	interaction_matrix:  1.000000 1.000000 1.000000 1.000000 1.000000 1.000000 1.000000 1.000000 1.000000
	patch_type: symmetric
	patch_width: 8.0000000000000000
	patch_angle: 0.0000000000000000
	angles:  0.000000 0.000000 0.000000
	grand_canonical: 1
	chemical_potential: -2.1666669999999999
box: 10.000000 10.000000
copy: 1.000000 1.000000
epsilon: 0.0166680000000000
end_epsilon: 0.0000000000000000
pressure: 1.0000000000000000
lambda: 0.0000000000000000
lambda_coupling: 1.0000000000000000
uy: 0.0000000000000000
maximum_displacement: 1.0000000000000000
maximum_rotation: 1.0000000000000000
maximum_volume: 0.0000001000000000
maximum_shape: 0.0000001000000000
maximum_dsigma: 0.0100000000000000
mod: 10
pmod: 10
optimize: 1
verbose: 1
snapshot: 0
display: 1
explore: 1
npt: 0
nptxy: 0
nptdxdy: 0
shape: 0
seed: 150601
4.194904324878 5.924194193618 0.000000000000 1.000000000000
9.054137749548 9.656318946655 0.866025403784 -0.500000000000
8.294649376871 2.341181961440 0.000000000000 1.000000000000
13.289357233055 2.287513599314 0.000000000000 1.000000000000
3.897022667158 3.692582823610 0.866025403784 -0.500000000000
11.793539026877 0.312606450264 0.866025403784 -0.500000000000
3.166191978034 8.266833356010 0.866025403784 0.500000000000
