#Configurational_file created 2018-09-14 11:23:43  started 2018-09-14 11:23:42 run for 1.0s steps 0
name: gc_194
step: 10000
specie: 10
	particle_diameter: 1.0000000000000000
	interaction_length: 1.2000000000000000
	number_of_patches: 3
	number_of_particles_per_compound: 1
	rod_length: 1.0000000000000000
	interaction_matrix:  1.000000 1.000000 1.000000 1.000000 1.000000 1.000000 1.000000 1.000000 1.000000
	patch_type: symmetric
	patch_width: 8.0000000000000000
	patch_angle: 0.0000000000000000
	angles:  0.000000 0.000000 0.000000
	grand_canonical: 1
	chemical_potential: -1.8333330000000001
box: 10.000000 10.000000
copy: 1.000000 1.000000
epsilon: 1.5000249999999999
end_epsilon: 0.0000000000000000
pressure: 1.0000000000000000
lambda: 0.0000000000000000
lambda_coupling: 1.0000000000000000
uy: 0.0000000000000000
maximum_displacement: 1.0000000000000000
maximum_rotation: 1.0000000000000000
maximum_volume: 0.0000001000000000
maximum_shape: 0.0000001000000000
maximum_dsigma: 0.0100000000000000
mod: 10
pmod: 10
optimize: 1
verbose: 1
snapshot: 0
display: 1
explore: 1
npt: 0
nptxy: 0
nptdxdy: 0
shape: 0
seed: 223369
8.413886516089 10.068704760904 0.000000000000 1.000000000000
6.438432605444 6.621423470977 0.866025403784 -0.500000000000
9.252574013895 6.549367065916 0.000000000000 1.000000000000
-3.209508725996 9.135414372431 0.866025403784 0.500000000000
1.287975294058 5.001058377373 0.866025403784 0.500000000000
8.982392457905 4.456198939316 0.866025403784 0.500000000000
7.223739533502 -3.148395449572 0.000000000000 1.000000000000
1.870775891717 6.899901962419 0.866025403784 -0.500000000000
11.299937161216 0.447954686870 0.000000000000 1.000000000000
0.830932195229 9.242365547768 0.000000000000 1.000000000000
