#Configurational_file created 2018-09-14 13:46:52  started 2018-09-14 13:46:52 run for 0.0s steps 0
name: gc_184
step: 10000
specie: 7
	particle_diameter: 1.0000000000000000
	interaction_length: 1.2000000000000000
	number_of_patches: 3
	number_of_particles_per_compound: 1
	rod_length: 1.0000000000000000
	interaction_matrix:  1.000000 1.000000 1.000000 1.000000 1.000000 1.000000 1.000000 1.000000 1.000000
	patch_type: symmetric
	patch_width: 8.0000000000000000
	patch_angle: 0.0000000000000000
	angles:  0.000000 0.000000 0.000000
	grand_canonical: 1
	chemical_potential: -2.1724139999999998
box: 10.000000 10.000000
copy: 1.000000 1.000000
epsilon: 0.0517250000000000
end_epsilon: 0.0000000000000000
pressure: 1.0000000000000000
lambda: 0.0000000000000000
lambda_coupling: 1.0000000000000000
uy: 0.0000000000000000
maximum_displacement: 1.0000000000000000
maximum_rotation: 1.0000000000000000
maximum_volume: 0.0000001000000000
maximum_shape: 0.0000001000000000
maximum_dsigma: 0.0100000000000000
mod: 10
pmod: 10
optimize: 1
verbose: 1
snapshot: 0
display: 1
explore: 1
npt: 0
nptxy: 0
nptdxdy: 0
shape: 0
seed: 211999
11.638635418363 6.485027488846 0.000000000000 1.000000000000
-6.506192530498 16.731455429742 0.000000000000 1.000000000000
7.111084810213 -0.163405802695 0.866025403784 -0.500000000000
0.772310850542 6.742531335863 0.866025403784 0.500000000000
2.938567907497 9.269995995834 0.000000000000 1.000000000000
3.236844800753 3.090907107978 0.866025403784 -0.500000000000
4.478092342069 7.652148108282 0.866025403784 -0.500000000000
