#Configurational_file created 2018-09-14 13:46:12  started 2018-09-14 13:46:12 run for 0.0s steps 0
name: gc_120
step: 10000
specie: 7
	particle_diameter: 1.0000000000000000
	interaction_length: 1.2000000000000000
	number_of_patches: 3
	number_of_particles_per_compound: 1
	rod_length: 1.0000000000000000
	interaction_matrix:  1.000000 1.000000 1.000000 1.000000 1.000000 1.000000 1.000000 1.000000 1.000000
	patch_type: symmetric
	patch_width: 8.0000000000000000
	patch_angle: 0.0000000000000000
	angles:  0.000000 0.000000 0.000000
	grand_canonical: 1
	chemical_potential: -2.5862069999999999
box: 10.000000 10.000000
copy: 1.000000 1.000000
epsilon: 0.5000000000000000
end_epsilon: 0.0000000000000000
pressure: 1.0000000000000000
lambda: 0.0000000000000000
lambda_coupling: 1.0000000000000000
uy: 0.0000000000000000
maximum_displacement: 1.0000000000000000
maximum_rotation: 1.0000000000000000
maximum_volume: 0.0000001000000000
maximum_shape: 0.0000001000000000
maximum_dsigma: 0.0100000000000000
mod: 10
pmod: 10
optimize: 1
verbose: 1
snapshot: 0
display: 1
explore: 1
npt: 0
nptxy: 0
nptdxdy: 0
shape: 0
seed: 139231
13.599266978483 -1.324702705947 0.866025403784 -0.500000000000
9.148098287910 7.576032607785 0.866025403784 0.500000000000
0.577556296785 2.743839082766 0.866025403784 -0.500000000000
7.843357017737 4.736610234833 0.000000000000 1.000000000000
8.705817437730 8.855193123618 0.866025403784 -0.500000000000
5.701202117502 -7.673605857417 0.000000000000 1.000000000000
5.041973983676 3.955718550485 0.000000000000 1.000000000000
