#Configurational_file created 2018-09-14 11:50:48  started 2018-09-14 11:50:47 run for 1.0s steps 0
name: gc_144
step: 10000
specie: 13
	particle_diameter: 1.0000000000000000
	interaction_length: 1.2000000000000000
	number_of_patches: 3
	number_of_particles_per_compound: 1
	rod_length: 1.0000000000000000
	interaction_matrix:  1.000000 1.000000 1.000000 1.000000 1.000000 1.000000 1.000000 1.000000 1.000000
	patch_type: symmetric
	patch_width: 8.0000000000000000
	patch_angle: 0.0000000000000000
	angles:  0.000000 0.000000 0.000000
	grand_canonical: 1
	chemical_potential: -2.1666669999999999
box: 10.000000 10.000000
copy: 1.000000 1.000000
epsilon: 0.0750000000000000
end_epsilon: 0.0000000000000000
pressure: 1.0000000000000000
lambda: 0.0000000000000000
lambda_coupling: 1.0000000000000000
uy: 0.0000000000000000
maximum_displacement: 1.0000000000000000
maximum_rotation: 1.0000000000000000
maximum_volume: 0.0000001000000000
maximum_shape: 0.0000001000000000
maximum_dsigma: 0.0100000000000000
mod: 10
pmod: 10
optimize: 1
verbose: 1
snapshot: 0
display: 1
explore: 1
npt: 0
nptxy: 0
nptdxdy: 0
shape: 0
seed: 166519
5.234675312135 11.687643774873 0.866025403784 -0.500000000000
8.496989672865 9.204796037237 0.000000000000 1.000000000000
11.797500605438 14.728368730962 0.866025403784 -0.500000000000
-4.801531446720 7.477047300412 0.866025403784 -0.500000000000
2.781129005033 7.644720283266 0.866025403784 -0.500000000000
-4.864904054436 13.967249553649 0.000000000000 1.000000000000
-10.187804559367 1.000205689050 0.866025403784 0.500000000000
6.264263712225 11.750078889872 0.000000000000 1.000000000000
7.313489966707 9.296832386836 0.000000000000 1.000000000000
-0.019945469547 8.083400789751 0.000000000000 1.000000000000
6.684758169590 -1.558703530220 0.000000000000 1.000000000000
5.823703903174 6.249825991449 0.866025403784 -0.500000000000
2.461726850624 12.881140668408 0.866025403784 0.500000000000
