#Configurational_file created 2018-09-14 11:51:18  started 2018-09-14 11:51:18 run for 0.0s steps 0
name: gc_189
step: 10000
specie: 10
	particle_diameter: 1.0000000000000000
	interaction_length: 1.2000000000000000
	number_of_patches: 3
	number_of_particles_per_compound: 1
	rod_length: 1.0000000000000000
	interaction_matrix:  1.000000 1.000000 1.000000 1.000000 1.000000 1.000000 1.000000 1.000000 1.000000
	patch_type: symmetric
	patch_width: 8.0000000000000000
	patch_angle: 0.0000000000000000
	angles:  0.000000 0.000000 0.000000
	grand_canonical: 1
	chemical_potential: -1.8333330000000001
box: 10.000000 10.000000
copy: 1.000000 1.000000
epsilon: 0.0541670000000000
end_epsilon: 0.0000000000000000
pressure: 1.0000000000000000
lambda: 0.0000000000000000
lambda_coupling: 1.0000000000000000
uy: 0.0000000000000000
maximum_displacement: 1.0000000000000000
maximum_rotation: 1.0000000000000000
maximum_volume: 0.0000001000000000
maximum_shape: 0.0000001000000000
maximum_dsigma: 0.0100000000000000
mod: 10
pmod: 10
optimize: 1
verbose: 1
snapshot: 0
display: 1
explore: 1
npt: 0
nptxy: 0
nptdxdy: 0
shape: 0
seed: 217684
3.725964859763 2.874609192882 0.866025403784 0.500000000000
4.963994354753 2.356422453819 0.000000000000 1.000000000000
5.604868058348 16.486360864903 0.866025403784 0.500000000000
-8.165238996036 12.201963300519 0.000000000000 1.000000000000
9.248385618316 4.402095842407 0.000000000000 1.000000000000
15.221298902447 -2.413598960933 0.866025403784 0.500000000000
-2.912592094287 4.860230400051 0.866025403784 -0.500000000000
-1.375788055900 1.266434264525 0.866025403784 -0.500000000000
3.165070574773 -6.290857682065 0.866025403784 -0.500000000000
8.416943875048 2.934326813428 0.866025403784 -0.500000000000
