#Configurational_file created 2018-09-14 13:46:55  started 2018-09-14 13:46:54 run for 1.0s steps 0
name: gc_188
step: 10000
specie: 10
	particle_diameter: 1.0000000000000000
	interaction_length: 1.2000000000000000
	number_of_patches: 3
	number_of_particles_per_compound: 1
	rod_length: 1.0000000000000000
	interaction_matrix:  1.000000 1.000000 1.000000 1.000000 1.000000 1.000000 1.000000 1.000000 1.000000
	patch_type: symmetric
	patch_width: 8.0000000000000000
	patch_angle: 0.0000000000000000
	angles:  0.000000 0.000000 0.000000
	grand_canonical: 1
	chemical_potential: -2.1724139999999998
box: 10.000000 10.000000
copy: 1.000000 1.000000
epsilon: 0.1206900000000000
end_epsilon: 0.0000000000000000
pressure: 1.0000000000000000
lambda: 0.0000000000000000
lambda_coupling: 1.0000000000000000
uy: 0.0000000000000000
maximum_displacement: 1.0000000000000000
maximum_rotation: 1.0000000000000000
maximum_volume: 0.0000001000000000
maximum_shape: 0.0000001000000000
maximum_dsigma: 0.0100000000000000
mod: 10
pmod: 10
optimize: 1
verbose: 1
snapshot: 0
display: 1
explore: 1
npt: 0
nptxy: 0
nptdxdy: 0
shape: 0
seed: 216547
4.997961533784 4.471721121141 0.866025403784 -0.500000000000
3.329100524647 9.290499577169 0.866025403784 0.500000000000
-2.440467940977 11.760711152708 0.000000000000 1.000000000000
9.705153584583 12.106966636782 0.866025403784 -0.500000000000
-0.567364805489 20.015056958368 0.000000000000 1.000000000000
6.232775382324 4.026009257062 0.000000000000 1.000000000000
-5.761408635513 5.433533833764 0.866025403784 -0.500000000000
10.710325260136 22.744504935923 0.000000000000 1.000000000000
12.926395971335 14.027093279695 0.866025403784 -0.500000000000
11.345937054196 14.642916329489 0.000000000000 1.000000000000
