#Configurational_file created 2018-09-14 13:46:40  started 2018-09-14 13:46:40 run for 0.0s steps 0
name: gc_165
step: 10000
specie: 8
	particle_diameter: 1.0000000000000000
	interaction_length: 1.2000000000000000
	number_of_patches: 3
	number_of_particles_per_compound: 1
	rod_length: 1.0000000000000000
	interaction_matrix:  1.000000 1.000000 1.000000 1.000000 1.000000 1.000000 1.000000 1.000000 1.000000
	patch_type: symmetric
	patch_width: 8.0000000000000000
	patch_angle: 0.0000000000000000
	angles:  0.000000 0.000000 0.000000
	grand_canonical: 1
	chemical_potential: -2.3103449999999999
box: 10.000000 10.000000
copy: 1.000000 1.000000
epsilon: 0.2413800000000000
end_epsilon: 0.0000000000000000
pressure: 1.0000000000000000
lambda: 0.0000000000000000
lambda_coupling: 1.0000000000000000
uy: 0.0000000000000000
maximum_displacement: 1.0000000000000000
maximum_rotation: 1.0000000000000000
maximum_volume: 0.0000001000000000
maximum_shape: 0.0000001000000000
maximum_dsigma: 0.0100000000000000
mod: 10
pmod: 10
optimize: 1
verbose: 1
snapshot: 0
display: 1
explore: 1
npt: 0
nptxy: 0
nptdxdy: 0
shape: 0
seed: 190396
3.689956302861 7.164710415122 0.866025403784 0.500000000000
17.370500281400 -6.032487186906 0.866025403784 -0.500000000000
-6.855493598761 3.633763354472 0.866025403784 0.500000000000
9.632364288253 3.437236718387 0.000000000000 1.000000000000
2.327632218987 18.986715721393 0.866025403784 0.500000000000
7.544433107568 1.413952948004 0.000000000000 1.000000000000
4.770944214088 -1.060834871192 0.866025403784 -0.500000000000
9.897028736921 7.694799448567 0.866025403784 -0.500000000000
