#Configurational_file created 2018-09-14 11:23:23  started 2018-09-14 11:23:22 run for 1.0s steps 0
name: gc_164
step: 10000
specie: 8
	particle_diameter: 1.0000000000000000
	interaction_length: 1.2000000000000000
	number_of_patches: 3
	number_of_particles_per_compound: 1
	rod_length: 1.0000000000000000
	interaction_matrix:  1.000000 1.000000 1.000000 1.000000 1.000000 1.000000 1.000000 1.000000 1.000000
	patch_type: symmetric
	patch_width: 8.0000000000000000
	patch_angle: 0.0000000000000000
	angles:  0.000000 0.000000 0.000000
	grand_canonical: 1
	chemical_potential: -2.0000000000000000
box: 10.000000 10.000000
copy: 1.000000 1.000000
epsilon: 1.0833790000000001
end_epsilon: 0.0000000000000000
pressure: 1.0000000000000000
lambda: 0.0000000000000000
lambda_coupling: 1.0000000000000000
uy: 0.0000000000000000
maximum_displacement: 1.0000000000000000
maximum_rotation: 1.0000000000000000
maximum_volume: 0.0000001000000000
maximum_shape: 0.0000001000000000
maximum_dsigma: 0.0100000000000000
mod: 10
pmod: 10
optimize: 1
verbose: 1
snapshot: 0
display: 1
explore: 1
npt: 0
nptxy: 0
nptdxdy: 0
shape: 0
seed: 189259
10.209134912288 -13.713219820085 0.000000000000 1.000000000000
8.472920468277 8.803631792969 0.866025403784 0.500000000000
39.470507293631 4.148771653017 0.866025403784 -0.500000000000
7.052132192811 10.087560411358 0.000000000000 1.000000000000
2.092814804022 11.320385452737 0.866025403784 -0.500000000000
5.644742441508 2.689603355644 0.866025403784 0.500000000000
12.307852585230 -3.299855982834 0.866025403784 -0.500000000000
3.925551071491 3.044088084009 0.866025403784 0.500000000000
