#Configurational_file created 2018-09-14 13:46:23  started 2018-09-14 13:46:22 run for 1.0s steps 0
name: gc_137
step: 10000
specie: 10
	particle_diameter: 1.0000000000000000
	interaction_length: 1.2000000000000000
	number_of_patches: 3
	number_of_particles_per_compound: 1
	rod_length: 1.0000000000000000
	interaction_matrix:  1.000000 1.000000 1.000000 1.000000 1.000000 1.000000 1.000000 1.000000 1.000000
	patch_type: symmetric
	patch_width: 8.0000000000000000
	patch_angle: 0.0000000000000000
	angles:  0.000000 0.000000 0.000000
	grand_canonical: 1
	chemical_potential: -2.4482759999999999
box: 10.000000 10.000000
copy: 1.000000 1.000000
epsilon: 0.2758630000000000
end_epsilon: 0.0000000000000000
pressure: 1.0000000000000000
lambda: 0.0000000000000000
lambda_coupling: 1.0000000000000000
uy: 0.0000000000000000
maximum_displacement: 1.0000000000000000
maximum_rotation: 1.0000000000000000
maximum_volume: 0.0000001000000000
maximum_shape: 0.0000001000000000
maximum_dsigma: 0.0100000000000000
mod: 10
pmod: 10
optimize: 1
verbose: 1
snapshot: 0
display: 1
explore: 1
npt: 0
nptxy: 0
nptdxdy: 0
shape: 0
seed: 158560
2.342893769047 13.805360172912 0.866025403784 0.500000000000
-3.083936559318 5.470991228601 0.866025403784 -0.500000000000
-10.315016457633 13.091752500309 0.000000000000 1.000000000000
3.387378362335 4.514149817105 0.000000000000 1.000000000000
1.965990313545 9.349364831662 0.866025403784 -0.500000000000
1.095379035723 8.374970437189 0.866025403784 0.500000000000
9.121042496328 4.733322754684 0.866025403784 0.500000000000
-6.174777885805 3.195718587501 0.000000000000 1.000000000000
10.228391883603 6.433563612910 0.866025403784 -0.500000000000
1.198278272200 5.440161657142 0.000000000000 1.000000000000
