#Configurational_file created 2018-09-14 11:22:58  started 2018-09-14 11:22:57 run for 1.0s steps 0
name: gc_126
step: 10000
specie: 12
	particle_diameter: 1.0000000000000000
	interaction_length: 1.2000000000000000
	number_of_patches: 3
	number_of_particles_per_compound: 1
	rod_length: 1.0000000000000000
	interaction_matrix:  1.000000 1.000000 1.000000 1.000000 1.000000 1.000000 1.000000 1.000000 1.000000
	patch_type: symmetric
	patch_width: 8.0000000000000000
	patch_angle: 0.0000000000000000
	angles:  0.000000 0.000000 0.000000
	grand_canonical: 1
	chemical_potential: -2.1666669999999999
box: 10.000000 10.000000
copy: 1.000000 1.000000
epsilon: 0.0001000000000000
end_epsilon: 0.0000000000000000
pressure: 1.0000000000000000
lambda: 0.0000000000000000
lambda_coupling: 1.0000000000000000
uy: 0.0000000000000000
maximum_displacement: 1.0000000000000000
maximum_rotation: 1.0000000000000000
maximum_volume: 0.0000001000000000
maximum_shape: 0.0000001000000000
maximum_dsigma: 0.0100000000000000
mod: 10
pmod: 10
optimize: 1
verbose: 1
snapshot: 0
display: 1
explore: 1
npt: 0
nptxy: 0
nptdxdy: 0
shape: 0
seed: 146053
13.281168769952 7.958131039125 0.000000000000 1.000000000000
2.606598201097 5.871498377233 0.866025403784 0.500000000000
-1.931150199602 1.112953429574 0.000000000000 1.000000000000
15.612803377227 11.726547390196 0.866025403784 -0.500000000000
6.181404615633 13.723386002235 0.866025403784 -0.500000000000
1.511321232763 0.807945584278 0.866025403784 -0.500000000000
10.929915816524 -7.473244336462 0.866025403784 -0.500000000000
-2.240147291516 9.273876648298 0.000000000000 1.000000000000
6.478697636365 7.369212610358 0.000000000000 1.000000000000
4.734282215765 5.986230234367 0.000000000000 1.000000000000
2.976436322292 2.863830096614 0.866025403784 0.500000000000
0.406150770554 8.101106571429 0.866025403784 0.500000000000
