#Configurational_file created 2018-09-14 11:51:14  started 2018-09-14 11:51:13 run for 1.0s steps 0
name: gc_182
step: 10000
specie: 11
	particle_diameter: 1.0000000000000000
	interaction_length: 1.2000000000000000
	number_of_patches: 3
	number_of_particles_per_compound: 1
	rod_length: 1.0000000000000000
	interaction_matrix:  1.000000 1.000000 1.000000 1.000000 1.000000 1.000000 1.000000 1.000000 1.000000
	patch_type: symmetric
	patch_width: 8.0000000000000000
	patch_angle: 0.0000000000000000
	angles:  0.000000 0.000000 0.000000
	grand_canonical: 1
	chemical_potential: -1.8333330000000001
box: 10.000000 10.000000
copy: 1.000000 1.000000
epsilon: 0.0250010000000000
end_epsilon: 0.0000000000000000
pressure: 1.0000000000000000
lambda: 0.0000000000000000
lambda_coupling: 1.0000000000000000
uy: 0.0000000000000000
maximum_displacement: 1.0000000000000000
maximum_rotation: 1.0000000000000000
maximum_volume: 0.0000001000000000
maximum_shape: 0.0000001000000000
maximum_dsigma: 0.0100000000000000
mod: 10
pmod: 10
optimize: 1
verbose: 1
snapshot: 0
display: 1
explore: 1
npt: 0
nptxy: 0
nptdxdy: 0
shape: 0
seed: 209725
18.304382049699 35.237482225354 0.866025403784 -0.500000000000
-3.746767046461 0.247267695827 0.866025403784 0.500000000000
6.388141458145 7.782192384401 0.000000000000 1.000000000000
12.075921053078 -5.964682988736 0.000000000000 1.000000000000
-3.145017817445 -7.620612222526 0.866025403784 -0.500000000000
-19.976133213719 -1.417880101102 0.866025403784 -0.500000000000
9.728983440305 -4.652048591635 0.866025403784 -0.500000000000
7.062066876912 5.471790132240 0.866025403784 0.500000000000
0.740159346988 22.422327985986 0.866025403784 0.500000000000
3.577067213360 5.221502839311 0.000000000000 1.000000000000
2.665399056814 6.574544564858 0.866025403784 -0.500000000000
