#Configurational_file created 2018-09-14 11:50:26  started 2018-09-14 11:50:26 run for 0.0s steps 0
name: gc_111
step: 10000
specie: 8
	particle_diameter: 1.0000000000000000
	interaction_length: 1.2000000000000000
	number_of_patches: 3
	number_of_particles_per_compound: 1
	rod_length: 1.0000000000000000
	interaction_matrix:  1.000000 1.000000 1.000000 1.000000 1.000000 1.000000 1.000000 1.000000 1.000000
	patch_type: symmetric
	patch_width: 8.0000000000000000
	patch_angle: 0.0000000000000000
	angles:  0.000000 0.000000 0.000000
	grand_canonical: 1
	chemical_potential: -2.3333330000000001
box: 10.000000 10.000000
copy: 1.000000 1.000000
epsilon: 0.0416670000000000
end_epsilon: 0.0000000000000000
pressure: 1.0000000000000000
lambda: 0.0000000000000000
lambda_coupling: 1.0000000000000000
uy: 0.0000000000000000
maximum_displacement: 1.0000000000000000
maximum_rotation: 1.0000000000000000
maximum_volume: 0.0000001000000000
maximum_shape: 0.0000001000000000
maximum_dsigma: 0.0100000000000000
mod: 10
pmod: 10
optimize: 1
verbose: 1
snapshot: 0
display: 1
explore: 1
npt: 0
nptxy: 0
nptdxdy: 0
shape: 0
seed: 128998
-1.806634504462 1.901464159843 0.866025403784 -0.500000000000
18.026012627640 -0.273300572664 0.866025403784 -0.500000000000
3.070060141342 23.153277311177 0.000000000000 1.000000000000
30.557321118854 5.893694763522 0.866025403784 0.500000000000
4.120641231262 10.703766859476 0.866025403784 -0.500000000000
1.803032186787 7.370868048148 0.000000000000 1.000000000000
2.823907858287 5.198738615778 0.000000000000 1.000000000000
5.495191129544 6.196985199120 0.000000000000 1.000000000000
