#Configurational_file created 2018-09-14 12:19:33  started 2018-09-14 12:19:33 run for 0.0s steps 0
name: gc_17
step: 10000
specie: 11
	particle_diameter: 1.0000000000000000
	interaction_length: 1.2000000000000000
	number_of_patches: 3
	number_of_particles_per_compound: 1
	rod_length: 1.0000000000000000
	interaction_matrix:  1.000000 1.000000 1.000000 1.000000 1.000000 1.000000 1.000000 1.000000 1.000000
	patch_type: symmetric
	patch_width: 8.0000000000000000
	patch_angle: 0.0000000000000000
	angles:  0.000000 0.000000 0.000000
	grand_canonical: 1
	chemical_potential: -1.6666669999999999
box: 10.000000 10.000000
copy: 1.000000 1.000000
epsilon: 0.0000010000000000
end_epsilon: 0.0000000000000000
pressure: 1.0000000000000000
lambda: 0.0000000000000000
lambda_coupling: 1.0000000000000000
uy: 0.0000000000000000
maximum_displacement: 1.0000000000000000
maximum_rotation: 1.0000000000000000
maximum_volume: 0.0000001000000000
maximum_shape: 0.0000001000000000
maximum_dsigma: 0.0100000000000000
mod: 10
pmod: 10
optimize: 1
verbose: 1
snapshot: 0
display: 1
explore: 1
npt: 0
nptxy: 0
nptdxdy: 0
shape: 0
seed: 22120
-1.118661367059 1.177746373675 0.866025403784 -0.500000000000
6.378831978392 3.511825487912 0.000000000000 1.000000000000
1.168444005377 5.752103023908 0.866025403784 0.500000000000
1.120328337763 1.336189215081 0.866025403784 -0.500000000000
4.873344231328 -2.281465625407 0.866025403784 -0.500000000000
6.022940487347 -3.598678673505 0.866025403784 -0.500000000000
8.320616444496 13.686962932504 0.000000000000 1.000000000000
3.211904707913 -5.557892402209 0.866025403784 -0.500000000000
2.457981548379 2.062999617883 0.866025403784 -0.500000000000
6.348631254284 4.584034049407 0.000000000000 1.000000000000
0.642499626486 0.210501174216 0.866025403784 -0.500000000000
