#Configurational_file created 2018-09-14 11:23:22  started 2018-09-14 11:23:21 run for 1.0s steps 0
name: gc_163
step: 10000
specie: 11
	particle_diameter: 1.0000000000000000
	interaction_length: 1.2000000000000000
	number_of_patches: 3
	number_of_particles_per_compound: 1
	rod_length: 1.0000000000000000
	interaction_matrix:  1.000000 1.000000 1.000000 1.000000 1.000000 1.000000 1.000000 1.000000 1.000000
	patch_type: symmetric
	patch_width: 8.0000000000000000
	patch_angle: 0.0000000000000000
	angles:  0.000000 0.000000 0.000000
	grand_canonical: 1
	chemical_potential: -2.0000000000000000
box: 10.000000 10.000000
copy: 1.000000 1.000000
epsilon: 1.0000500000000001
end_epsilon: 0.0000000000000000
pressure: 1.0000000000000000
lambda: 0.0000000000000000
lambda_coupling: 1.0000000000000000
uy: 0.0000000000000000
maximum_displacement: 1.0000000000000000
maximum_rotation: 1.0000000000000000
maximum_volume: 0.0000001000000000
maximum_shape: 0.0000001000000000
maximum_dsigma: 0.0100000000000000
mod: 10
pmod: 10
optimize: 1
verbose: 1
snapshot: 0
display: 1
explore: 1
npt: 0
nptxy: 0
nptdxdy: 0
shape: 0
seed: 188122
-20.513186246305 18.100002566675 0.866025403784 0.500000000000
2.364025001672 9.870426779097 0.000000000000 1.000000000000
3.250275169988 1.040802788330 0.866025403784 -0.500000000000
-18.568772411934 8.838258326828 0.866025403784 0.500000000000
5.594110227146 11.181121348491 0.866025403784 -0.500000000000
4.177602186784 11.123154273960 0.000000000000 1.000000000000
7.369576310859 3.241840740894 0.866025403784 0.500000000000
4.998548652355 -7.285172925201 0.866025403784 0.500000000000
6.526579493015 -1.542709158949 0.866025403784 0.500000000000
7.962633453477 5.861057118622 0.866025403784 0.500000000000
10.586682184788 4.731506758488 0.866025403784 0.500000000000
