#Configurational_file created 2018-09-14 11:22:54  started 2018-09-14 11:22:53 run for 1.0s steps 0
name: gc_119
step: 10000
specie: 7
	particle_diameter: 1.0000000000000000
	interaction_length: 1.2000000000000000
	number_of_patches: 3
	number_of_particles_per_compound: 1
	rod_length: 1.0000000000000000
	interaction_matrix:  1.000000 1.000000 1.000000 1.000000 1.000000 1.000000 1.000000 1.000000 1.000000
	patch_type: symmetric
	patch_width: 8.0000000000000000
	patch_angle: 0.0000000000000000
	angles:  0.000000 0.000000 0.000000
	grand_canonical: 1
	chemical_potential: -2.3333330000000001
box: 10.000000 10.000000
copy: 1.000000 1.000000
epsilon: 1.5000249999999999
end_epsilon: 0.0000000000000000
pressure: 1.0000000000000000
lambda: 0.0000000000000000
lambda_coupling: 1.0000000000000000
uy: 0.0000000000000000
maximum_displacement: 1.0000000000000000
maximum_rotation: 1.0000000000000000
maximum_volume: 0.0000001000000000
maximum_shape: 0.0000001000000000
maximum_dsigma: 0.0100000000000000
mod: 10
pmod: 10
optimize: 1
verbose: 1
snapshot: 0
display: 1
explore: 1
npt: 0
nptxy: 0
nptdxdy: 0
shape: 0
seed: 138094
21.509287878528 -10.221378974229 0.866025403784 0.500000000000
5.872641628152 -0.722401939099 0.866025403784 0.500000000000
-1.383697721372 12.914737067266 0.866025403784 -0.500000000000
3.049431290214 7.312438819316 0.866025403784 -0.500000000000
5.845157772725 6.211467211238 0.866025403784 -0.500000000000
7.149289820338 5.351423022455 0.000000000000 1.000000000000
1.680336964276 2.926506949763 0.000000000000 1.000000000000
