#Configurational_file created 2018-09-14 11:23:41  started 2018-09-14 11:23:40 run for 1.0s steps 0
name: gc_191
step: 10000
specie: 13
	particle_diameter: 1.0000000000000000
	interaction_length: 1.2000000000000000
	number_of_patches: 3
	number_of_particles_per_compound: 1
	rod_length: 1.0000000000000000
	interaction_matrix:  1.000000 1.000000 1.000000 1.000000 1.000000 1.000000 1.000000 1.000000 1.000000
	patch_type: symmetric
	patch_width: 8.0000000000000000
	patch_angle: 0.0000000000000000
	angles:  0.000000 0.000000 0.000000
	grand_canonical: 1
	chemical_potential: -1.8333330000000001
box: 10.000000 10.000000
copy: 1.000000 1.000000
epsilon: 1.2500370000000001
end_epsilon: 0.0000000000000000
pressure: 1.0000000000000000
lambda: 0.0000000000000000
lambda_coupling: 1.0000000000000000
uy: 0.0000000000000000
maximum_displacement: 1.0000000000000000
maximum_rotation: 1.0000000000000000
maximum_volume: 0.0000001000000000
maximum_shape: 0.0000001000000000
maximum_dsigma: 0.0100000000000000
mod: 10
pmod: 10
optimize: 1
verbose: 1
snapshot: 0
display: 1
explore: 1
npt: 0
nptxy: 0
nptdxdy: 0
shape: 0
seed: 219958
30.718529697753 15.832772962920 0.866025403784 -0.500000000000
-6.561023554078 3.322564456064 0.000000000000 1.000000000000
3.555692775900 4.450396281052 0.866025403784 -0.500000000000
11.805582474829 0.233146596785 0.866025403784 0.500000000000
7.343097609472 8.069614683320 0.866025403784 0.500000000000
22.056503360028 -25.962399496045 0.866025403784 -0.500000000000
16.384670243746 11.563162598931 0.866025403784 -0.500000000000
7.065121332413 2.378818157768 0.000000000000 1.000000000000
7.263196016081 6.760919724362 0.866025403784 0.500000000000
1.668218038047 1.815120046196 0.000000000000 1.000000000000
5.222183007378 9.550642594510 0.866025403784 0.500000000000
8.451792873041 4.285531094649 0.866025403784 0.500000000000
9.267126921406 5.639843145561 0.866025403784 -0.500000000000
