#Configurational_file created 2018-09-14 11:50:20  started 2018-09-14 11:50:19 run for 1.0s steps 0
name: gc_101
step: 10000
specie: 11
	particle_diameter: 1.0000000000000000
	interaction_length: 1.2000000000000000
	number_of_patches: 3
	number_of_particles_per_compound: 1
	rod_length: 1.0000000000000000
	interaction_matrix:  1.000000 1.000000 1.000000 1.000000 1.000000 1.000000 1.000000 1.000000 1.000000
	patch_type: symmetric
	patch_width: 8.0000000000000000
	patch_angle: 0.0000000000000000
	angles:  0.000000 0.000000 0.000000
	grand_canonical: 1
	chemical_potential: -2.3333330000000001
box: 10.000000 10.000000
copy: 1.000000 1.000000
epsilon: 0.0000010000000000
end_epsilon: 0.0000000000000000
pressure: 1.0000000000000000
lambda: 0.0000000000000000
lambda_coupling: 1.0000000000000000
uy: 0.0000000000000000
maximum_displacement: 1.0000000000000000
maximum_rotation: 1.0000000000000000
maximum_volume: 0.0000001000000000
maximum_shape: 0.0000001000000000
maximum_dsigma: 0.0100000000000000
mod: 10
pmod: 10
optimize: 1
verbose: 1
snapshot: 0
display: 1
explore: 1
npt: 0
nptxy: 0
nptdxdy: 0
shape: 0
seed: 117628
26.594639945475 -19.265525464648 0.866025403784 -0.500000000000
4.688177470746 6.901539425598 0.866025403784 0.500000000000
7.434570214412 8.845114847481 0.866025403784 0.500000000000
11.876583082691 8.240014461424 0.866025403784 -0.500000000000
20.550205290213 4.350999987378 0.000000000000 1.000000000000
-7.591907453462 9.328664012193 0.000000000000 1.000000000000
-0.983703218436 0.889324752427 0.000000000000 1.000000000000
12.552703291942 6.715466941315 0.866025403784 -0.500000000000
3.652704936953 5.864718559751 0.000000000000 1.000000000000
8.357004700200 4.135586369863 0.866025403784 -0.500000000000
8.849786295723 3.372958078914 0.000000000000 1.000000000000
