#Configurational_file created 2018-09-14 13:46:13  started 2018-09-14 13:46:12 run for 1.0s steps 0
name: gc_121
step: 10000
specie: 7
	particle_diameter: 1.0000000000000000
	interaction_length: 1.2000000000000000
	number_of_patches: 3
	number_of_particles_per_compound: 1
	rod_length: 1.0000000000000000
	interaction_matrix:  1.000000 1.000000 1.000000 1.000000 1.000000 1.000000 1.000000 1.000000 1.000000
	patch_type: symmetric
	patch_width: 8.0000000000000000
	patch_angle: 0.0000000000000000
	angles:  0.000000 0.000000 0.000000
	grand_canonical: 1
	chemical_potential: -2.4482759999999999
box: 10.000000 10.000000
copy: 1.000000 1.000000
epsilon: 0.0000010000000000
end_epsilon: 0.0000000000000000
pressure: 1.0000000000000000
lambda: 0.0000000000000000
lambda_coupling: 1.0000000000000000
uy: 0.0000000000000000
maximum_displacement: 1.0000000000000000
maximum_rotation: 1.0000000000000000
maximum_volume: 0.0000001000000000
maximum_shape: 0.0000001000000000
maximum_dsigma: 0.0100000000000000
mod: 10
pmod: 10
optimize: 1
verbose: 1
snapshot: 0
display: 1
explore: 1
npt: 0
nptxy: 0
nptdxdy: 0
shape: 0
seed: 140368
-6.423486577807 14.421931084625 0.866025403784 -0.500000000000
7.286240352160 4.878606957620 0.866025403784 0.500000000000
4.683553025077 -5.019894144426 0.000000000000 1.000000000000
-0.834662502924 22.782128039704 0.000000000000 1.000000000000
0.507685727752 9.135523446481 0.866025403784 0.500000000000
0.670358071041 -1.479963901607 0.000000000000 1.000000000000
5.557327886981 13.339862729652 0.000000000000 1.000000000000
