#Configurational_file created 2018-09-14 11:23:13  started 2018-09-14 11:23:12 run for 1.0s steps 0
name: gc_149
step: 10000
specie: 7
	particle_diameter: 1.0000000000000000
	interaction_length: 1.2000000000000000
	number_of_patches: 3
	number_of_particles_per_compound: 1
	rod_length: 1.0000000000000000
	interaction_matrix:  1.000000 1.000000 1.000000 1.000000 1.000000 1.000000 1.000000 1.000000 1.000000
	patch_type: symmetric
	patch_width: 8.0000000000000000
	patch_angle: 0.0000000000000000
	angles:  0.000000 0.000000 0.000000
	grand_canonical: 1
	chemical_potential: -2.1666669999999999
box: 10.000000 10.000000
copy: 1.000000 1.000000
epsilon: 1.9166710000000000
end_epsilon: 0.0000000000000000
pressure: 1.0000000000000000
lambda: 0.0000000000000000
lambda_coupling: 1.0000000000000000
uy: 0.0000000000000000
maximum_displacement: 1.0000000000000000
maximum_rotation: 1.0000000000000000
maximum_volume: 0.0000001000000000
maximum_shape: 0.0000001000000000
maximum_dsigma: 0.0100000000000000
mod: 10
pmod: 10
optimize: 1
verbose: 1
snapshot: 0
display: 1
explore: 1
npt: 0
nptxy: 0
nptdxdy: 0
shape: 0
seed: 172204
5.587029845278 14.653506569518 0.866025403784 -0.500000000000
11.944521096561 2.497750833927 0.866025403784 0.500000000000
-2.055524544029 6.687859235077 0.866025403784 -0.500000000000
5.370153561044 -6.339495373620 0.866025403784 -0.500000000000
8.141162618990 4.665707860280 0.000000000000 1.000000000000
-0.156203167202 -8.709438168643 0.866025403784 -0.500000000000
-1.909755829112 -0.648480348495 0.000000000000 1.000000000000
