#Configurational_file created 2018-09-14 12:19:34  started 2018-09-14 12:19:33 run for 1.0s steps 0
name: gc_18
step: 10000
specie: 17
	particle_diameter: 1.0000000000000000
	interaction_length: 1.2000000000000000
	number_of_patches: 3
	number_of_particles_per_compound: 1
	rod_length: 1.0000000000000000
	interaction_matrix:  1.000000 1.000000 1.000000 1.000000 1.000000 1.000000 1.000000 1.000000 1.000000
	patch_type: symmetric
	patch_width: 8.0000000000000000
	patch_angle: 0.0000000000000000
	angles:  0.000000 0.000000 0.000000
	grand_canonical: 1
	chemical_potential: -1.6666669999999999
box: 10.000000 10.000000
copy: 1.000000 1.000000
epsilon: 0.1000000000000000
end_epsilon: 0.0000000000000000
pressure: 1.0000000000000000
lambda: 0.0000000000000000
lambda_coupling: 1.0000000000000000
uy: 0.0000000000000000
maximum_displacement: 1.0000000000000000
maximum_rotation: 1.0000000000000000
maximum_volume: 0.0000001000000000
maximum_shape: 0.0000001000000000
maximum_dsigma: 0.0100000000000000
mod: 10
pmod: 10
optimize: 1
verbose: 1
snapshot: 0
display: 1
explore: 1
npt: 0
nptxy: 0
nptdxdy: 0
shape: 0
seed: 23257
-18.593182443830 11.685434662035 0.866025403784 -0.500000000000
3.651615659825 9.908156306974 0.000000000000 1.000000000000
-2.275645711564 11.310073031845 0.866025403784 -0.500000000000
-7.034370205262 4.993666701195 0.866025403784 0.500000000000
14.729204655149 -8.178023576291 0.000000000000 1.000000000000
8.356568865536 5.109162729511 0.866025403784 -0.500000000000
19.411353195390 3.265914602015 0.866025403784 0.500000000000
10.480095084210 9.315327506179 0.866025403784 -0.500000000000
7.375704449850 6.878245930911 0.866025403784 -0.500000000000
6.882635829301 9.164105999065 0.866025403784 0.500000000000
3.711999549394 8.245797864464 0.866025403784 0.500000000000
2.646519447213 17.965468912398 0.866025403784 0.500000000000
10.725853237496 4.115446331853 0.866025403784 -0.500000000000
6.337059616787 3.116641476993 0.866025403784 -0.500000000000
0.033112783384 5.873347539552 0.866025403784 -0.500000000000
1.243210865956 13.484498037893 0.000000000000 1.000000000000
7.454052651272 8.814383358327 0.000000000000 1.000000000000
