#Configurational_file created 2018-09-14 11:22:43  started 2018-09-14 11:22:42 run for 1.0s steps 0
name: gc_102
step: 10000
specie: 9
	particle_diameter: 1.0000000000000000
	interaction_length: 1.2000000000000000
	number_of_patches: 3
	number_of_particles_per_compound: 1
	rod_length: 1.0000000000000000
	interaction_matrix:  1.000000 1.000000 1.000000 1.000000 1.000000 1.000000 1.000000 1.000000 1.000000
	patch_type: symmetric
	patch_width: 8.0000000000000000
	patch_angle: 0.0000000000000000
	angles:  0.000000 0.000000 0.000000
	grand_canonical: 1
	chemical_potential: -2.3333330000000001
box: 10.000000 10.000000
copy: 1.000000 1.000000
epsilon: 0.0834290000000000
end_epsilon: 0.0000000000000000
pressure: 1.0000000000000000
lambda: 0.0000000000000000
lambda_coupling: 1.0000000000000000
uy: 0.0000000000000000
maximum_displacement: 1.0000000000000000
maximum_rotation: 1.0000000000000000
maximum_volume: 0.0000001000000000
maximum_shape: 0.0000001000000000
maximum_dsigma: 0.0100000000000000
mod: 10
pmod: 10
optimize: 1
verbose: 1
snapshot: 0
display: 1
explore: 1
npt: 0
nptxy: 0
nptdxdy: 0
shape: 0
seed: 118765
-9.120463505005 10.533626512473 0.866025403784 -0.500000000000
-2.850741953007 -3.065246872847 0.866025403784 0.500000000000
3.560212072605 13.436148762317 0.000000000000 1.000000000000
4.407622542424 0.194447537558 0.000000000000 1.000000000000
0.720362782619 -3.718415045065 0.866025403784 0.500000000000
2.808539778844 1.256331587057 0.866025403784 -0.500000000000
13.074321719528 6.676628695875 0.866025403784 -0.500000000000
7.517879941868 4.977283063430 0.866025403784 -0.500000000000
-0.025092983183 -0.026387447646 0.000000000000 1.000000000000
