#Configurational_file created 2018-09-14 11:51:20  started 2018-09-14 11:51:19 run for 1.0s steps 0
name: gc_191
step: 10000
specie: 12
	particle_diameter: 1.0000000000000000
	interaction_length: 1.2000000000000000
	number_of_patches: 3
	number_of_particles_per_compound: 1
	rod_length: 1.0000000000000000
	interaction_matrix:  1.000000 1.000000 1.000000 1.000000 1.000000 1.000000 1.000000 1.000000 1.000000
	patch_type: symmetric
	patch_width: 8.0000000000000000
	patch_angle: 0.0000000000000000
	angles:  0.000000 0.000000 0.000000
	grand_canonical: 1
	chemical_potential: -1.8333330000000001
box: 10.000000 10.000000
copy: 1.000000 1.000000
epsilon: 0.0625000000000000
end_epsilon: 0.0000000000000000
pressure: 1.0000000000000000
lambda: 0.0000000000000000
lambda_coupling: 1.0000000000000000
uy: 0.0000000000000000
maximum_displacement: 1.0000000000000000
maximum_rotation: 1.0000000000000000
maximum_volume: 0.0000001000000000
maximum_shape: 0.0000001000000000
maximum_dsigma: 0.0100000000000000
mod: 10
pmod: 10
optimize: 1
verbose: 1
snapshot: 0
display: 1
explore: 1
npt: 0
nptxy: 0
nptdxdy: 0
shape: 0
seed: 219958
4.995658797997 -2.552017080762 0.000000000000 1.000000000000
8.938709390625 12.775824687512 0.866025403784 -0.500000000000
-3.410120753722 5.243696503162 0.000000000000 1.000000000000
6.036261299812 3.664422572490 0.866025403784 0.500000000000
7.176602392160 8.862264158741 0.866025403784 -0.500000000000
12.056711724369 8.719987867571 0.866025403784 -0.500000000000
-2.007148614035 11.780789441805 0.866025403784 -0.500000000000
3.575718907920 2.875124918883 0.866025403784 -0.500000000000
7.926301524019 10.943956701443 0.866025403784 0.500000000000
16.420674346013 1.282139026346 0.000000000000 1.000000000000
-6.407952914349 -0.352542347447 0.866025403784 0.500000000000
4.444355472912 13.970150944985 0.866025403784 0.500000000000
