#Configurational_file created 2018-09-14 11:51:18  started 2018-09-14 11:51:17 run for 1.0s steps 0
name: gc_188
step: 10000
specie: 9
	particle_diameter: 1.0000000000000000
	interaction_length: 1.2000000000000000
	number_of_patches: 3
	number_of_particles_per_compound: 1
	rod_length: 1.0000000000000000
	interaction_matrix:  1.000000 1.000000 1.000000 1.000000 1.000000 1.000000 1.000000 1.000000 1.000000
	patch_type: symmetric
	patch_width: 8.0000000000000000
	patch_angle: 0.0000000000000000
	angles:  0.000000 0.000000 0.000000
	grand_canonical: 1
	chemical_potential: -1.8333330000000001
box: 10.000000 10.000000
copy: 1.000000 1.000000
epsilon: 0.0500010000000000
end_epsilon: 0.0000000000000000
pressure: 1.0000000000000000
lambda: 0.0000000000000000
lambda_coupling: 1.0000000000000000
uy: 0.0000000000000000
maximum_displacement: 1.0000000000000000
maximum_rotation: 1.0000000000000000
maximum_volume: 0.0000001000000000
maximum_shape: 0.0000001000000000
maximum_dsigma: 0.0100000000000000
mod: 10
pmod: 10
optimize: 1
verbose: 1
snapshot: 0
display: 1
explore: 1
npt: 0
nptxy: 0
nptdxdy: 0
shape: 0
seed: 216547
-5.087653935332 5.873464401833 0.866025403784 -0.500000000000
9.110575130386 10.314542059518 0.000000000000 1.000000000000
-2.130511029414 0.888020173298 0.866025403784 -0.500000000000
2.948782820464 -2.084284142413 0.866025403784 -0.500000000000
13.358968356929 -0.506961216052 0.000000000000 1.000000000000
-2.558571861881 5.560857019044 0.866025403784 0.500000000000
9.779471058990 18.168651499582 0.866025403784 0.500000000000
5.657042073015 7.255482232629 0.866025403784 -0.500000000000
1.658002035695 5.752690802293 0.866025403784 -0.500000000000
