#Configurational_file created 2018-09-14 11:23:35  started 2018-09-14 11:23:35 run for 0.0s steps 0
name: gc_183
step: 10000
specie: 15
	particle_diameter: 1.0000000000000000
	interaction_length: 1.2000000000000000
	number_of_patches: 3
	number_of_particles_per_compound: 1
	rod_length: 1.0000000000000000
	interaction_matrix:  1.000000 1.000000 1.000000 1.000000 1.000000 1.000000 1.000000 1.000000 1.000000
	patch_type: symmetric
	patch_width: 8.0000000000000000
	patch_angle: 0.0000000000000000
	angles:  0.000000 0.000000 0.000000
	grand_canonical: 1
	chemical_potential: -1.8333330000000001
box: 10.000000 10.000000
copy: 1.000000 1.000000
epsilon: 0.5834040000000000
end_epsilon: 0.0000000000000000
pressure: 1.0000000000000000
lambda: 0.0000000000000000
lambda_coupling: 1.0000000000000000
uy: 0.0000000000000000
maximum_displacement: 1.0000000000000000
maximum_rotation: 1.0000000000000000
maximum_volume: 0.0000001000000000
maximum_shape: 0.0000001000000000
maximum_dsigma: 0.0100000000000000
mod: 10
pmod: 10
optimize: 1
verbose: 1
snapshot: 0
display: 1
explore: 1
npt: 0
nptxy: 0
nptdxdy: 0
shape: 0
seed: 210862
1.396630279461 6.189628247086 0.866025403784 0.500000000000
24.201006116782 14.528820341767 0.000000000000 1.000000000000
9.252092614039 -4.778238657686 0.866025403784 0.500000000000
21.554928498905 4.440433930381 0.866025403784 0.500000000000
7.618361819304 8.991635359800 0.866025403784 0.500000000000
11.383411334244 1.601969332091 0.866025403784 0.500000000000
10.200280380129 -11.322315395297 0.866025403784 -0.500000000000
6.847870786706 6.680747153655 0.866025403784 0.500000000000
-4.580204363779 1.858205888673 0.866025403784 0.500000000000
0.644367148131 -1.780135866866 0.000000000000 1.000000000000
2.567062718843 13.374058587541 0.000000000000 1.000000000000
6.607634893620 7.691204324473 0.866025403784 -0.500000000000
2.620236134168 0.658517702810 0.866025403784 0.500000000000
-0.064684871348 2.676616702392 0.866025403784 -0.500000000000
9.174479130751 1.226210638707 0.000000000000 1.000000000000
