#Configurational_file created 2018-09-14 13:45:11  started 2018-09-14 13:45:10 run for 1.0s steps 0
name: gc_17
step: 10000
specie: 6
	particle_diameter: 1.0000000000000000
	interaction_length: 1.2000000000000000
	number_of_patches: 3
	number_of_particles_per_compound: 1
	rod_length: 1.0000000000000000
	interaction_matrix:  1.000000 1.000000 1.000000 1.000000 1.000000 1.000000 1.000000 1.000000 1.000000
	patch_type: symmetric
	patch_width: 8.0000000000000000
	patch_angle: 0.0000000000000000
	angles:  0.000000 0.000000 0.000000
	grand_canonical: 1
	chemical_potential: -3.0000000000000000
box: 10.000000 10.000000
copy: 1.000000 1.000000
epsilon: 0.2758630000000000
end_epsilon: 0.0000000000000000
pressure: 1.0000000000000000
lambda: 0.0000000000000000
lambda_coupling: 1.0000000000000000
uy: 0.0000000000000000
maximum_displacement: 1.0000000000000000
maximum_rotation: 1.0000000000000000
maximum_volume: 0.0000001000000000
maximum_shape: 0.0000001000000000
maximum_dsigma: 0.0100000000000000
mod: 10
pmod: 10
optimize: 1
verbose: 1
snapshot: 0
display: 1
explore: 1
npt: 0
nptxy: 0
nptdxdy: 0
shape: 0
seed: 22120
-2.627374488817 -21.748435304024 0.866025403784 -0.500000000000
-26.538244745317 1.622764365768 0.866025403784 -0.500000000000
8.052344022465 6.574834750165 0.866025403784 -0.500000000000
7.548638762615 3.991020495246 0.866025403784 -0.500000000000
5.094957359579 9.341060798840 0.866025403784 0.500000000000
5.463497199462 6.675548523407 0.866025403784 -0.500000000000
