#Configurational_file created 2018-09-14 13:46:25  started 2018-09-14 13:46:25 run for 0.0s steps 0
name: gc_141
step: 10000
specie: 9
	particle_diameter: 1.0000000000000000
	interaction_length: 1.2000000000000000
	number_of_patches: 3
	number_of_particles_per_compound: 1
	rod_length: 1.0000000000000000
	interaction_matrix:  1.000000 1.000000 1.000000 1.000000 1.000000 1.000000 1.000000 1.000000 1.000000
	patch_type: symmetric
	patch_width: 8.0000000000000000
	patch_angle: 0.0000000000000000
	angles:  0.000000 0.000000 0.000000
	grand_canonical: 1
	chemical_potential: -2.4482759999999999
box: 10.000000 10.000000
copy: 1.000000 1.000000
epsilon: 0.3448280000000000
end_epsilon: 0.0000000000000000
pressure: 1.0000000000000000
lambda: 0.0000000000000000
lambda_coupling: 1.0000000000000000
uy: 0.0000000000000000
maximum_displacement: 1.0000000000000000
maximum_rotation: 1.0000000000000000
maximum_volume: 0.0000001000000000
maximum_shape: 0.0000001000000000
maximum_dsigma: 0.0100000000000000
mod: 10
pmod: 10
optimize: 1
verbose: 1
snapshot: 0
display: 1
explore: 1
npt: 0
nptxy: 0
nptdxdy: 0
shape: 0
seed: 163108
14.093358891561 8.905187890310 0.866025403784 -0.500000000000
10.523141429103 24.351859185050 0.000000000000 1.000000000000
5.809243341737 -0.824246888277 0.866025403784 0.500000000000
-4.343037518292 5.778391506222 0.866025403784 0.500000000000
3.455122373961 3.940380907130 0.000000000000 1.000000000000
2.905093330627 11.219205033612 0.866025403784 -0.500000000000
-1.511509180774 -4.122150808153 0.866025403784 -0.500000000000
11.705592478654 -7.195663862065 0.000000000000 1.000000000000
3.837148538698 7.940523161038 0.000000000000 1.000000000000
