#Configurational_file created 2018-09-14 11:23:13  started 2018-09-14 11:23:13 run for 0.0s steps 0
name: gc_150
step: 10000
specie: 6
	particle_diameter: 1.0000000000000000
	interaction_length: 1.2000000000000000
	number_of_patches: 3
	number_of_particles_per_compound: 1
	rod_length: 1.0000000000000000
	interaction_matrix:  1.000000 1.000000 1.000000 1.000000 1.000000 1.000000 1.000000 1.000000 1.000000
	patch_type: symmetric
	patch_width: 8.0000000000000000
	patch_angle: 0.0000000000000000
	angles:  0.000000 0.000000 0.000000
	grand_canonical: 1
	chemical_potential: -2.1666669999999999
box: 10.000000 10.000000
copy: 1.000000 1.000000
epsilon: 2.0000000000000000
end_epsilon: 0.0000000000000000
pressure: 1.0000000000000000
lambda: 0.0000000000000000
lambda_coupling: 1.0000000000000000
uy: 0.0000000000000000
maximum_displacement: 1.0000000000000000
maximum_rotation: 1.0000000000000000
maximum_volume: 0.0000001000000000
maximum_shape: 0.0000001000000000
maximum_dsigma: 0.0100000000000000
mod: 10
pmod: 10
optimize: 1
verbose: 1
snapshot: 0
display: 1
explore: 1
npt: 0
nptxy: 0
nptdxdy: 0
shape: 0
seed: 173341
5.498191998575 28.678282699826 0.866025403784 -0.500000000000
3.615457227499 -2.281351077131 0.000000000000 1.000000000000
14.682604100892 -1.808278380702 0.000000000000 1.000000000000
2.006266425457 -6.996741077105 0.000000000000 1.000000000000
10.916250143158 3.345395611089 0.000000000000 1.000000000000
7.015018251776 4.960465247774 0.866025403784 -0.500000000000
