#Configurational_file created 2018-09-14 11:23:29  started 2018-09-14 11:23:29 run for 0.0s steps 0
name: gc_174
step: 10000
specie: 12
	particle_diameter: 1.0000000000000000
	interaction_length: 1.2000000000000000
	number_of_patches: 3
	number_of_particles_per_compound: 1
	rod_length: 1.0000000000000000
	interaction_matrix:  1.000000 1.000000 1.000000 1.000000 1.000000 1.000000 1.000000 1.000000 1.000000
	patch_type: symmetric
	patch_width: 8.0000000000000000
	patch_angle: 0.0000000000000000
	angles:  0.000000 0.000000 0.000000
	grand_canonical: 1
	chemical_potential: -2.0000000000000000
box: 10.000000 10.000000
copy: 1.000000 1.000000
epsilon: 1.9166710000000000
end_epsilon: 0.0000000000000000
pressure: 1.0000000000000000
lambda: 0.0000000000000000
lambda_coupling: 1.0000000000000000
uy: 0.0000000000000000
maximum_displacement: 1.0000000000000000
maximum_rotation: 1.0000000000000000
maximum_volume: 0.0000001000000000
maximum_shape: 0.0000001000000000
maximum_dsigma: 0.0100000000000000
mod: 10
pmod: 10
optimize: 1
verbose: 1
snapshot: 0
display: 1
explore: 1
npt: 0
nptxy: 0
nptdxdy: 0
shape: 0
seed: 200629
3.698944349431 14.011657010479 0.866025403784 0.500000000000
4.693286401876 6.017997657236 0.866025403784 -0.500000000000
7.589353287171 -0.359906307782 0.866025403784 -0.500000000000
-6.541023730726 17.120405941455 0.866025403784 0.500000000000
9.965529191146 5.962073486576 0.866025403784 0.500000000000
6.721317175283 0.209231369314 0.866025403784 -0.500000000000
6.372815575435 8.776776917232 0.000000000000 1.000000000000
5.515213013730 -3.893176854041 0.000000000000 1.000000000000
-1.161259452446 -2.066421722141 0.866025403784 0.500000000000
7.547234090496 -5.849798061571 0.866025403784 -0.500000000000
1.864586804432 -3.036369528873 0.000000000000 1.000000000000
7.392438108334 2.085145045556 0.000000000000 1.000000000000
