#Configurational_file created 2018-09-14 11:22:53  started 2018-09-14 11:22:52 run for 1.0s steps 0
name: gc_118
step: 10000
specie: 10
	particle_diameter: 1.0000000000000000
	interaction_length: 1.2000000000000000
	number_of_patches: 3
	number_of_particles_per_compound: 1
	rod_length: 1.0000000000000000
	interaction_matrix:  1.000000 1.000000 1.000000 1.000000 1.000000 1.000000 1.000000 1.000000 1.000000
	patch_type: symmetric
	patch_width: 8.0000000000000000
	patch_angle: 0.0000000000000000
	angles:  0.000000 0.000000 0.000000
	grand_canonical: 1
	chemical_potential: -2.3333330000000001
box: 10.000000 10.000000
copy: 1.000000 1.000000
epsilon: 1.4166960000000000
end_epsilon: 0.0000000000000000
pressure: 1.0000000000000000
lambda: 0.0000000000000000
lambda_coupling: 1.0000000000000000
uy: 0.0000000000000000
maximum_displacement: 1.0000000000000000
maximum_rotation: 1.0000000000000000
maximum_volume: 0.0000001000000000
maximum_shape: 0.0000001000000000
maximum_dsigma: 0.0100000000000000
mod: 10
pmod: 10
optimize: 1
verbose: 1
snapshot: 0
display: 1
explore: 1
npt: 0
nptxy: 0
nptdxdy: 0
shape: 0
seed: 136957
4.060093785351 8.817808983523 0.000000000000 1.000000000000
4.155030749369 14.619998450430 0.866025403784 0.500000000000
9.201700913224 3.580943880835 0.000000000000 1.000000000000
-0.806754692840 -13.496501774518 0.866025403784 0.500000000000
27.471966622046 4.588317342781 0.000000000000 1.000000000000
0.127003753024 -11.920960553029 0.000000000000 1.000000000000
19.074325011607 4.577201394976 0.000000000000 1.000000000000
4.333070724950 5.309272778307 0.866025403784 -0.500000000000
11.185028656674 2.497354886222 0.000000000000 1.000000000000
7.639653287990 8.209291347967 0.866025403784 0.500000000000
