#Configurational_file created 2018-09-14 11:23:43  started 2018-09-14 11:23:43 run for 0.0s steps 0
name: gc_195
step: 10000
specie: 10
	particle_diameter: 1.0000000000000000
	interaction_length: 1.2000000000000000
	number_of_patches: 3
	number_of_particles_per_compound: 1
	rod_length: 1.0000000000000000
	interaction_matrix:  1.000000 1.000000 1.000000 1.000000 1.000000 1.000000 1.000000 1.000000 1.000000
	patch_type: symmetric
	patch_width: 8.0000000000000000
	patch_angle: 0.0000000000000000
	angles:  0.000000 0.000000 0.000000
	grand_canonical: 1
	chemical_potential: -1.8333330000000001
box: 10.000000 10.000000
copy: 1.000000 1.000000
epsilon: 1.5833539999999999
end_epsilon: 0.0000000000000000
pressure: 1.0000000000000000
lambda: 0.0000000000000000
lambda_coupling: 1.0000000000000000
uy: 0.0000000000000000
maximum_displacement: 1.0000000000000000
maximum_rotation: 1.0000000000000000
maximum_volume: 0.0000001000000000
maximum_shape: 0.0000001000000000
maximum_dsigma: 0.0100000000000000
mod: 10
pmod: 10
optimize: 1
verbose: 1
snapshot: 0
display: 1
explore: 1
npt: 0
nptxy: 0
nptdxdy: 0
shape: 0
seed: 224506
0.988526470054 15.042650542052 0.000000000000 1.000000000000
-12.033706142103 16.238672736125 0.000000000000 1.000000000000
22.615068313168 -10.016481292391 0.866025403784 -0.500000000000
2.721293822417 8.177305678172 0.866025403784 -0.500000000000
-3.944515236558 -2.587039774043 0.000000000000 1.000000000000
27.458420307705 9.862794494474 0.000000000000 1.000000000000
4.266490791804 9.067744405547 0.000000000000 1.000000000000
5.534022132699 0.135335748242 0.000000000000 1.000000000000
0.588716169529 13.812119536458 0.000000000000 1.000000000000
3.276897855746 2.436102373289 0.000000000000 1.000000000000
