#Configurational_file created 2018-09-14 13:46:14  started 2018-09-14 13:46:13 run for 1.0s steps 0
name: gc_122
step: 10000
specie: 8
	particle_diameter: 1.0000000000000000
	interaction_length: 1.2000000000000000
	number_of_patches: 3
	number_of_particles_per_compound: 1
	rod_length: 1.0000000000000000
	interaction_matrix:  1.000000 1.000000 1.000000 1.000000 1.000000 1.000000 1.000000 1.000000 1.000000
	patch_type: symmetric
	patch_width: 8.0000000000000000
	patch_angle: 0.0000000000000000
	angles:  0.000000 0.000000 0.000000
	grand_canonical: 1
	chemical_potential: -2.4482759999999999
box: 10.000000 10.000000
copy: 1.000000 1.000000
epsilon: 0.0172420000000000
end_epsilon: 0.0000000000000000
pressure: 1.0000000000000000
lambda: 0.0000000000000000
lambda_coupling: 1.0000000000000000
uy: 0.0000000000000000
maximum_displacement: 1.0000000000000000
maximum_rotation: 1.0000000000000000
maximum_volume: 0.0000001000000000
maximum_shape: 0.0000001000000000
maximum_dsigma: 0.0100000000000000
mod: 10
pmod: 10
optimize: 1
verbose: 1
snapshot: 0
display: 1
explore: 1
npt: 0
nptxy: 0
nptdxdy: 0
shape: 0
seed: 141505
3.751473571041 25.785247967069 0.866025403784 -0.500000000000
-8.338870544985 5.054538225731 0.866025403784 -0.500000000000
0.546945452275 0.090678472374 0.000000000000 1.000000000000
9.521600218078 -8.911913247516 0.866025403784 0.500000000000
-4.336291463345 14.161444441892 0.866025403784 -0.500000000000
7.748507216402 4.833779562112 0.866025403784 0.500000000000
-1.738333540472 8.687211972594 0.000000000000 1.000000000000
9.627543231955 9.582556913734 0.000000000000 1.000000000000
