#Configurational_file created 2018-09-11 17:03:42  started 2018-09-11 17:03:41 run for 1.0s steps 0
name: gc_15
step: 10000
specie: 13
	particle_diameter: 1.0000000000000000
	interaction_length: 1.2000000000000000
	number_of_patches: 3
	number_of_particles_per_compound: 1
	rod_length: 1.0000000000000000
	interaction_matrix:  1.000000 1.000000 1.000000 1.000000 1.000000 1.000000 1.000000 1.000000 1.000000
	patch_type: symmetric
	patch_width: 8.0000000000000000
	patch_angle: 0.0000000000000000
	angles:  0.000000 0.000000 0.000000
	grand_canonical: 1
	chemical_potential: -1.0000000000000000
box: 10.000000 10.000000
copy: 1.000000 1.000000
epsilon: 0.0001000000000000
end_epsilon: 0.0000000000000000
pressure: 1.0000000000000000
lambda: 0.0000000000000000
lambda_coupling: 1.0000000000000000
uy: 0.0000000000000000
maximum_displacement: 1.0000000000000000
maximum_rotation: 1.0000000000000000
maximum_volume: 0.0000001000000000
maximum_shape: 0.0000001000000000
maximum_dsigma: 0.0100000000000000
mod: 10
pmod: 10
optimize: 1
verbose: 1
snapshot: 0
display: 1
explore: 1
npt: 0
nptxy: 0
nptdxdy: 0
shape: 0
seed: 19925
13.958233499709 20.967993622336 0.866025403784 -0.500000000000
-3.564201352756 -0.814647810803 0.000000000000 1.000000000000
-5.222711406550 8.150455481484 0.866025403784 -0.500000000000
16.728250182953 0.281159987659 0.000000000000 1.000000000000
25.177339457996 9.517168920367 0.866025403784 -0.500000000000
10.330318759721 4.686419881919 0.000000000000 1.000000000000
7.339461267332 2.044582819169 0.866025403784 0.500000000000
2.988564422992 6.378532980630 0.000000000000 1.000000000000
4.433141395251 4.135397829246 0.866025403784 0.500000000000
-10.241380513557 11.549981578511 0.866025403784 0.500000000000
-20.375967858370 -5.582860803202 0.866025403784 0.500000000000
-1.507911594045 10.967636662942 0.000000000000 1.000000000000
-9.875629771481 2.055460397447 0.866025403784 -0.500000000000
