#Configurational_file created 2018-09-14 13:46:27  started 2018-09-14 13:46:27 run for 0.0s steps 0
name: gc_144
step: 10000
specie: 4
	particle_diameter: 1.0000000000000000
	interaction_length: 1.2000000000000000
	number_of_patches: 3
	number_of_particles_per_compound: 1
	rod_length: 1.0000000000000000
	interaction_matrix:  1.000000 1.000000 1.000000 1.000000 1.000000 1.000000 1.000000 1.000000 1.000000
	patch_type: symmetric
	patch_width: 8.0000000000000000
	patch_angle: 0.0000000000000000
	angles:  0.000000 0.000000 0.000000
	grand_canonical: 1
	chemical_potential: -2.4482759999999999
box: 10.000000 10.000000
copy: 1.000000 1.000000
epsilon: 0.3965520000000000
end_epsilon: 0.0000000000000000
pressure: 1.0000000000000000
lambda: 0.0000000000000000
lambda_coupling: 1.0000000000000000
uy: 0.0000000000000000
maximum_displacement: 1.0000000000000000
maximum_rotation: 1.0000000000000000
maximum_volume: 0.0000001000000000
maximum_shape: 0.0000001000000000
maximum_dsigma: 0.0100000000000000
mod: 10
pmod: 10
optimize: 1
verbose: 1
snapshot: 0
display: 1
explore: 1
npt: 0
nptxy: 0
nptdxdy: 0
shape: 0
seed: 166519
-17.160484592084 0.237786121260 0.000000000000 1.000000000000
-0.429383185908 2.475129008800 0.000000000000 1.000000000000
2.571384730455 4.078690419412 0.000000000000 1.000000000000
25.309358790741 -3.421948212470 0.000000000000 1.000000000000
