#Configurational_file created 2018-09-14 13:46:35  started 2018-09-14 13:46:35 run for 0.0s steps 0
name: gc_157
step: 10000
specie: 10
	particle_diameter: 1.0000000000000000
	interaction_length: 1.2000000000000000
	number_of_patches: 3
	number_of_particles_per_compound: 1
	rod_length: 1.0000000000000000
	interaction_matrix:  1.000000 1.000000 1.000000 1.000000 1.000000 1.000000 1.000000 1.000000 1.000000
	patch_type: symmetric
	patch_width: 8.0000000000000000
	patch_angle: 0.0000000000000000
	angles:  0.000000 0.000000 0.000000
	grand_canonical: 1
	chemical_potential: -2.3103449999999999
box: 10.000000 10.000000
copy: 1.000000 1.000000
epsilon: 0.1034490000000000
end_epsilon: 0.0000000000000000
pressure: 1.0000000000000000
lambda: 0.0000000000000000
lambda_coupling: 1.0000000000000000
uy: 0.0000000000000000
maximum_displacement: 1.0000000000000000
maximum_rotation: 1.0000000000000000
maximum_volume: 0.0000001000000000
maximum_shape: 0.0000001000000000
maximum_dsigma: 0.0100000000000000
mod: 10
pmod: 10
optimize: 1
verbose: 1
snapshot: 0
display: 1
explore: 1
npt: 0
nptxy: 0
nptdxdy: 0
shape: 0
seed: 181300
-5.066357924261 12.832987490451 0.866025403784 -0.500000000000
-5.289436373683 8.773224028501 0.000000000000 1.000000000000
11.183599498491 12.547558060656 0.000000000000 1.000000000000
-7.732841582729 13.671603633203 0.866025403784 -0.500000000000
11.013700170839 10.629910437953 0.000000000000 1.000000000000
6.424491409248 7.818160255071 0.000000000000 1.000000000000
8.077019006520 4.155382359934 0.866025403784 -0.500000000000
6.344549377890 5.717091885802 0.000000000000 1.000000000000
7.396301793694 9.144311638555 0.866025403784 0.500000000000
6.825457996032 2.439540591547 0.866025403784 -0.500000000000
