#Configurational_file created 2018-09-14 11:50:26  started 2018-09-14 11:50:25 run for 1.0s steps 0
name: gc_110
step: 10000
specie: 9
	particle_diameter: 1.0000000000000000
	interaction_length: 1.2000000000000000
	number_of_patches: 3
	number_of_particles_per_compound: 1
	rod_length: 1.0000000000000000
	interaction_matrix:  1.000000 1.000000 1.000000 1.000000 1.000000 1.000000 1.000000 1.000000 1.000000
	patch_type: symmetric
	patch_width: 8.0000000000000000
	patch_angle: 0.0000000000000000
	angles:  0.000000 0.000000 0.000000
	grand_canonical: 1
	chemical_potential: -2.3333330000000001
box: 10.000000 10.000000
copy: 1.000000 1.000000
epsilon: 0.0375010000000000
end_epsilon: 0.0000000000000000
pressure: 1.0000000000000000
lambda: 0.0000000000000000
lambda_coupling: 1.0000000000000000
uy: 0.0000000000000000
maximum_displacement: 1.0000000000000000
maximum_rotation: 1.0000000000000000
maximum_volume: 0.0000001000000000
maximum_shape: 0.0000001000000000
maximum_dsigma: 0.0100000000000000
mod: 10
pmod: 10
optimize: 1
verbose: 1
snapshot: 0
display: 1
explore: 1
npt: 0
nptxy: 0
nptdxdy: 0
shape: 0
seed: 127861
5.257858863323 4.174703765738 0.000000000000 1.000000000000
-5.476783810346 36.255809978585 0.000000000000 1.000000000000
15.802864294157 7.255638113430 0.866025403784 0.500000000000
4.807538308136 3.284148008672 0.866025403784 0.500000000000
8.826415368933 0.815482012876 0.000000000000 1.000000000000
-9.895452861553 -3.480848395935 0.000000000000 1.000000000000
-6.369524214696 0.289519608702 0.866025403784 0.500000000000
4.291207519727 -1.143963356477 0.866025403784 0.500000000000
1.704899042932 -0.313791049830 0.866025403784 0.500000000000
