#Configurational_file created 2018-09-14 13:46:26  started 2018-09-14 13:46:25 run for 1.0s steps 0
name: gc_142
step: 10000
specie: 8
	particle_diameter: 1.0000000000000000
	interaction_length: 1.2000000000000000
	number_of_patches: 3
	number_of_particles_per_compound: 1
	rod_length: 1.0000000000000000
	interaction_matrix:  1.000000 1.000000 1.000000 1.000000 1.000000 1.000000 1.000000 1.000000 1.000000
	patch_type: symmetric
	patch_width: 8.0000000000000000
	patch_angle: 0.0000000000000000
	angles:  0.000000 0.000000 0.000000
	grand_canonical: 1
	chemical_potential: -2.4482759999999999
box: 10.000000 10.000000
copy: 1.000000 1.000000
epsilon: 0.3620690000000000
end_epsilon: 0.0000000000000000
pressure: 1.0000000000000000
lambda: 0.0000000000000000
lambda_coupling: 1.0000000000000000
uy: 0.0000000000000000
maximum_displacement: 1.0000000000000000
maximum_rotation: 1.0000000000000000
maximum_volume: 0.0000001000000000
maximum_shape: 0.0000001000000000
maximum_dsigma: 0.0100000000000000
mod: 10
pmod: 10
optimize: 1
verbose: 1
snapshot: 0
display: 1
explore: 1
npt: 0
nptxy: 0
nptdxdy: 0
shape: 0
seed: 164245
8.256437468466 -7.304026435809 0.000000000000 1.000000000000
-6.090320608373 -11.415828012300 0.866025403784 -0.500000000000
12.631142226427 3.090598451484 0.866025403784 -0.500000000000
0.866987303825 9.450464675617 0.866025403784 0.500000000000
6.033092634558 -0.867749483257 0.866025403784 -0.500000000000
1.973440709383 0.864203457521 0.866025403784 0.500000000000
8.514344616203 7.799437555524 0.000000000000 1.000000000000
0.663926605375 8.207963762413 0.000000000000 1.000000000000
