#Configurational_file created 2018-09-14 11:22:50  started 2018-09-14 11:22:49 run for 1.0s steps 0
name: gc_113
step: 10000
specie: 9
	particle_diameter: 1.0000000000000000
	interaction_length: 1.2000000000000000
	number_of_patches: 3
	number_of_particles_per_compound: 1
	rod_length: 1.0000000000000000
	interaction_matrix:  1.000000 1.000000 1.000000 1.000000 1.000000 1.000000 1.000000 1.000000 1.000000
	patch_type: symmetric
	patch_width: 8.0000000000000000
	patch_angle: 0.0000000000000000
	angles:  0.000000 0.000000 0.000000
	grand_canonical: 1
	chemical_potential: -2.3333330000000001
box: 10.000000 10.000000
copy: 1.000000 1.000000
epsilon: 1.0000500000000001
end_epsilon: 0.0000000000000000
pressure: 1.0000000000000000
lambda: 0.0000000000000000
lambda_coupling: 1.0000000000000000
uy: 0.0000000000000000
maximum_displacement: 1.0000000000000000
maximum_rotation: 1.0000000000000000
maximum_volume: 0.0000001000000000
maximum_shape: 0.0000001000000000
maximum_dsigma: 0.0100000000000000
mod: 10
pmod: 10
optimize: 1
verbose: 1
snapshot: 0
display: 1
explore: 1
npt: 0
nptxy: 0
nptdxdy: 0
shape: 0
seed: 131272
-0.977063543148 3.964947648990 0.866025403784 -0.500000000000
10.982251907054 8.943167420931 0.866025403784 -0.500000000000
6.154742775438 5.577083360854 0.000000000000 1.000000000000
7.580075874836 -1.466115487553 0.866025403784 0.500000000000
6.263784896881 -8.776930845524 0.000000000000 1.000000000000
17.190422824489 3.853249788590 0.000000000000 1.000000000000
8.785145289590 5.144465095156 0.866025403784 -0.500000000000
-1.286871448650 19.081552330442 0.000000000000 1.000000000000
7.849550926068 2.801839791105 0.000000000000 1.000000000000
