#Configurational_file created 2018-09-14 11:23:10  started 2018-09-14 11:23:09 run for 1.0s steps 0
name: gc_144
step: 10000
specie: 8
	particle_diameter: 1.0000000000000000
	interaction_length: 1.2000000000000000
	number_of_patches: 3
	number_of_particles_per_compound: 1
	rod_length: 1.0000000000000000
	interaction_matrix:  1.000000 1.000000 1.000000 1.000000 1.000000 1.000000 1.000000 1.000000 1.000000
	patch_type: symmetric
	patch_width: 8.0000000000000000
	patch_angle: 0.0000000000000000
	angles:  0.000000 0.000000 0.000000
	grand_canonical: 1
	chemical_potential: -2.1666669999999999
box: 10.000000 10.000000
copy: 1.000000 1.000000
epsilon: 1.5000249999999999
end_epsilon: 0.0000000000000000
pressure: 1.0000000000000000
lambda: 0.0000000000000000
lambda_coupling: 1.0000000000000000
uy: 0.0000000000000000
maximum_displacement: 1.0000000000000000
maximum_rotation: 1.0000000000000000
maximum_volume: 0.0000001000000000
maximum_shape: 0.0000001000000000
maximum_dsigma: 0.0100000000000000
mod: 10
pmod: 10
optimize: 1
verbose: 1
snapshot: 0
display: 1
explore: 1
npt: 0
nptxy: 0
nptdxdy: 0
shape: 0
seed: 166519
5.256238038763 2.104452282008 0.000000000000 1.000000000000
-4.151040601178 5.035213712114 0.866025403784 -0.500000000000
-8.585224978030 -4.850617909261 0.866025403784 -0.500000000000
1.381329996280 0.344979421744 0.866025403784 0.500000000000
-3.178713691598 4.860866109927 0.000000000000 1.000000000000
-0.409354386693 -1.299013963160 0.000000000000 1.000000000000
7.260840269668 2.509160605201 0.866025403784 0.500000000000
9.542285668932 0.027629795350 0.000000000000 1.000000000000
