#Configurational_file created 2018-09-14 13:46:36  started 2018-09-14 13:46:36 run for 0.0s steps 0
name: gc_159
step: 10000
specie: 8
	particle_diameter: 1.0000000000000000
	interaction_length: 1.2000000000000000
	number_of_patches: 3
	number_of_particles_per_compound: 1
	rod_length: 1.0000000000000000
	interaction_matrix:  1.000000 1.000000 1.000000 1.000000 1.000000 1.000000 1.000000 1.000000 1.000000
	patch_type: symmetric
	patch_width: 8.0000000000000000
	patch_angle: 0.0000000000000000
	angles:  0.000000 0.000000 0.000000
	grand_canonical: 1
	chemical_potential: -2.3103449999999999
box: 10.000000 10.000000
copy: 1.000000 1.000000
epsilon: 0.1379320000000000
end_epsilon: 0.0000000000000000
pressure: 1.0000000000000000
lambda: 0.0000000000000000
lambda_coupling: 1.0000000000000000
uy: 0.0000000000000000
maximum_displacement: 1.0000000000000000
maximum_rotation: 1.0000000000000000
maximum_volume: 0.0000001000000000
maximum_shape: 0.0000001000000000
maximum_dsigma: 0.0100000000000000
mod: 10
pmod: 10
optimize: 1
verbose: 1
snapshot: 0
display: 1
explore: 1
npt: 0
nptxy: 0
nptdxdy: 0
shape: 0
seed: 183574
4.319849732086 6.316356399613 0.000000000000 1.000000000000
4.585468640777 9.867262319642 0.866025403784 0.500000000000
4.398142517647 4.826340228480 0.000000000000 1.000000000000
9.099725867224 -12.269230350252 0.866025403784 -0.500000000000
1.954102057721 4.901744104600 0.000000000000 1.000000000000
4.563398320089 2.314240383733 0.866025403784 0.500000000000
11.643281318124 7.869878399806 0.866025403784 -0.500000000000
7.104693039683 7.453919166209 0.000000000000 1.000000000000
