#Configurational_file created 2018-09-14 11:51:12  started 2018-09-14 11:51:12 run for 0.0s steps 0
name: gc_180
step: 10000
specie: 11
	particle_diameter: 1.0000000000000000
	interaction_length: 1.2000000000000000
	number_of_patches: 3
	number_of_particles_per_compound: 1
	rod_length: 1.0000000000000000
	interaction_matrix:  1.000000 1.000000 1.000000 1.000000 1.000000 1.000000 1.000000 1.000000 1.000000
	patch_type: symmetric
	patch_width: 8.0000000000000000
	patch_angle: 0.0000000000000000
	angles:  0.000000 0.000000 0.000000
	grand_canonical: 1
	chemical_potential: -1.8333330000000001
box: 10.000000 10.000000
copy: 1.000000 1.000000
epsilon: 0.0166680000000000
end_epsilon: 0.0000000000000000
pressure: 1.0000000000000000
lambda: 0.0000000000000000
lambda_coupling: 1.0000000000000000
uy: 0.0000000000000000
maximum_displacement: 1.0000000000000000
maximum_rotation: 1.0000000000000000
maximum_volume: 0.0000001000000000
maximum_shape: 0.0000001000000000
maximum_dsigma: 0.0100000000000000
mod: 10
pmod: 10
optimize: 1
verbose: 1
snapshot: 0
display: 1
explore: 1
npt: 0
nptxy: 0
nptdxdy: 0
shape: 0
seed: 207451
2.846771830087 11.803044170493 0.866025403784 -0.500000000000
12.109571182615 -25.182476401583 0.866025403784 -0.500000000000
-10.741336094658 24.673156100968 0.866025403784 -0.500000000000
9.119826941131 -2.272180283382 0.866025403784 -0.500000000000
-4.445405316883 1.204523409828 0.000000000000 1.000000000000
5.629178800252 -2.801042629869 0.866025403784 0.500000000000
11.316196906856 10.824822174191 0.866025403784 0.500000000000
12.914693499712 6.520895396697 0.866025403784 -0.500000000000
8.971932393691 1.460168935582 0.866025403784 0.500000000000
4.838423855149 1.674406757686 0.866025403784 -0.500000000000
6.746675587733 3.449566010283 0.000000000000 1.000000000000
