#Configurational_file created 2018-09-14 11:23:39  started 2018-09-14 11:23:39 run for 0.0s steps 0
name: gc_189
step: 10000
specie: 13
	particle_diameter: 1.0000000000000000
	interaction_length: 1.2000000000000000
	number_of_patches: 3
	number_of_particles_per_compound: 1
	rod_length: 1.0000000000000000
	interaction_matrix:  1.000000 1.000000 1.000000 1.000000 1.000000 1.000000 1.000000 1.000000 1.000000
	patch_type: symmetric
	patch_width: 8.0000000000000000
	patch_angle: 0.0000000000000000
	angles:  0.000000 0.000000 0.000000
	grand_canonical: 1
	chemical_potential: -1.8333330000000001
box: 10.000000 10.000000
copy: 1.000000 1.000000
epsilon: 1.0833790000000001
end_epsilon: 0.0000000000000000
pressure: 1.0000000000000000
lambda: 0.0000000000000000
lambda_coupling: 1.0000000000000000
uy: 0.0000000000000000
maximum_displacement: 1.0000000000000000
maximum_rotation: 1.0000000000000000
maximum_volume: 0.0000001000000000
maximum_shape: 0.0000001000000000
maximum_dsigma: 0.0100000000000000
mod: 10
pmod: 10
optimize: 1
verbose: 1
snapshot: 0
display: 1
explore: 1
npt: 0
nptxy: 0
nptdxdy: 0
shape: 0
seed: 217684
15.098181847801 5.819679886605 0.866025403784 -0.500000000000
7.146003231386 4.338530304445 0.866025403784 0.500000000000
28.036896590448 21.962687292223 0.866025403784 0.500000000000
13.737743188179 3.426186561002 0.000000000000 1.000000000000
-10.636560746052 6.307393824598 0.866025403784 -0.500000000000
13.952514103574 6.979493775228 0.866025403784 -0.500000000000
7.076224095007 8.885504389110 0.866025403784 -0.500000000000
0.582896500290 4.626094018123 0.866025403784 -0.500000000000
-2.487222675715 0.353351264050 0.000000000000 1.000000000000
9.242177333816 -1.457053997932 0.000000000000 1.000000000000
4.403176674042 15.211934356432 0.000000000000 1.000000000000
6.298328622242 5.708431668530 0.000000000000 1.000000000000
7.482632927127 6.722051828893 0.000000000000 1.000000000000
