#Configurational_file created 2018-09-14 11:23:23  started 2018-09-14 11:23:23 run for 0.0s steps 0
name: gc_165
step: 10000
specie: 11
	particle_diameter: 1.0000000000000000
	interaction_length: 1.2000000000000000
	number_of_patches: 3
	number_of_particles_per_compound: 1
	rod_length: 1.0000000000000000
	interaction_matrix:  1.000000 1.000000 1.000000 1.000000 1.000000 1.000000 1.000000 1.000000 1.000000
	patch_type: symmetric
	patch_width: 8.0000000000000000
	patch_angle: 0.0000000000000000
	angles:  0.000000 0.000000 0.000000
	grand_canonical: 1
	chemical_potential: -2.0000000000000000
box: 10.000000 10.000000
copy: 1.000000 1.000000
epsilon: 1.1667080000000001
end_epsilon: 0.0000000000000000
pressure: 1.0000000000000000
lambda: 0.0000000000000000
lambda_coupling: 1.0000000000000000
uy: 0.0000000000000000
maximum_displacement: 1.0000000000000000
maximum_rotation: 1.0000000000000000
maximum_volume: 0.0000001000000000
maximum_shape: 0.0000001000000000
maximum_dsigma: 0.0100000000000000
mod: 10
pmod: 10
optimize: 1
verbose: 1
snapshot: 0
display: 1
explore: 1
npt: 0
nptxy: 0
nptdxdy: 0
shape: 0
seed: 190396
2.027367750901 5.835812713691 0.866025403784 -0.500000000000
7.113916553499 11.585506577730 0.866025403784 -0.500000000000
25.625927125390 11.391375662770 0.866025403784 0.500000000000
10.769627080843 27.628637252211 0.000000000000 1.000000000000
5.208394724363 -10.861582425613 0.000000000000 1.000000000000
-0.637445672604 -1.157534890524 0.000000000000 1.000000000000
-9.540547657130 2.005456124750 0.000000000000 1.000000000000
7.251378461195 13.224123748512 0.866025403784 0.500000000000
4.697829966546 9.418971038904 0.866025403784 0.500000000000
3.179071387849 4.759511220699 0.000000000000 1.000000000000
3.411146747667 2.368849399707 0.866025403784 -0.500000000000
