#Configurational_file created 2018-09-14 11:50:37  started 2018-09-14 11:50:36 run for 1.0s steps 0
name: gc_127
step: 10000
specie: 10
	particle_diameter: 1.0000000000000000
	interaction_length: 1.2000000000000000
	number_of_patches: 3
	number_of_particles_per_compound: 1
	rod_length: 1.0000000000000000
	interaction_matrix:  1.000000 1.000000 1.000000 1.000000 1.000000 1.000000 1.000000 1.000000 1.000000
	patch_type: symmetric
	patch_width: 8.0000000000000000
	patch_angle: 0.0000000000000000
	angles:  0.000000 0.000000 0.000000
	grand_canonical: 1
	chemical_potential: -2.1666669999999999
box: 10.000000 10.000000
copy: 1.000000 1.000000
epsilon: 0.0041680000000000
end_epsilon: 0.0000000000000000
pressure: 1.0000000000000000
lambda: 0.0000000000000000
lambda_coupling: 1.0000000000000000
uy: 0.0000000000000000
maximum_displacement: 1.0000000000000000
maximum_rotation: 1.0000000000000000
maximum_volume: 0.0000001000000000
maximum_shape: 0.0000001000000000
maximum_dsigma: 0.0100000000000000
mod: 10
pmod: 10
optimize: 1
verbose: 1
snapshot: 0
display: 1
explore: 1
npt: 0
nptxy: 0
nptdxdy: 0
shape: 0
seed: 147190
-11.005774072792 12.610092223639 0.866025403784 0.500000000000
1.756229505711 7.204269691086 0.000000000000 1.000000000000
3.126182410946 -10.293682448103 0.866025403784 -0.500000000000
7.089112024547 7.767470562274 0.866025403784 0.500000000000
10.226040519426 -2.381009861762 0.866025403784 -0.500000000000
-2.040232114875 10.381134260099 0.000000000000 1.000000000000
1.576162587075 5.919942815105 0.000000000000 1.000000000000
-0.697652446223 11.046716466969 0.866025403784 -0.500000000000
3.149949221870 1.821783115677 0.866025403784 0.500000000000
8.851818150701 4.919161821637 0.000000000000 1.000000000000
