#Configurational_file created 2018-09-14 13:46:24  started 2018-09-14 13:46:24 run for 0.0s steps 0
name: gc_139
step: 10000
specie: 9
	particle_diameter: 1.0000000000000000
	interaction_length: 1.2000000000000000
	number_of_patches: 3
	number_of_particles_per_compound: 1
	rod_length: 1.0000000000000000
	interaction_matrix:  1.000000 1.000000 1.000000 1.000000 1.000000 1.000000 1.000000 1.000000 1.000000
	patch_type: symmetric
	patch_width: 8.0000000000000000
	patch_angle: 0.0000000000000000
	angles:  0.000000 0.000000 0.000000
	grand_canonical: 1
	chemical_potential: -2.4482759999999999
box: 10.000000 10.000000
copy: 1.000000 1.000000
epsilon: 0.3103450000000000
end_epsilon: 0.0000000000000000
pressure: 1.0000000000000000
lambda: 0.0000000000000000
lambda_coupling: 1.0000000000000000
uy: 0.0000000000000000
maximum_displacement: 1.0000000000000000
maximum_rotation: 1.0000000000000000
maximum_volume: 0.0000001000000000
maximum_shape: 0.0000001000000000
maximum_dsigma: 0.0100000000000000
mod: 10
pmod: 10
optimize: 1
verbose: 1
snapshot: 0
display: 1
explore: 1
npt: 0
nptxy: 0
nptdxdy: 0
shape: 0
seed: 160834
8.018537228730 -2.927339359906 0.866025403784 -0.500000000000
-6.471483516465 16.782051605021 0.000000000000 1.000000000000
15.752920750247 -9.307473493131 0.000000000000 1.000000000000
7.747817392112 10.013215481442 0.866025403784 0.500000000000
-8.064166626302 6.714031530742 0.866025403784 -0.500000000000
1.367067150892 4.397376553003 0.866025403784 0.500000000000
-0.205533652143 6.443973438708 0.000000000000 1.000000000000
3.663222521978 1.078920244656 0.866025403784 0.500000000000
1.871553608712 3.954607963859 0.000000000000 1.000000000000
