#Configurational_file created 2018-09-14 13:46:41  started 2018-09-14 13:46:40 run for 1.0s steps 0
name: gc_166
step: 10000
specie: 9
	particle_diameter: 1.0000000000000000
	interaction_length: 1.2000000000000000
	number_of_patches: 3
	number_of_particles_per_compound: 1
	rod_length: 1.0000000000000000
	interaction_matrix:  1.000000 1.000000 1.000000 1.000000 1.000000 1.000000 1.000000 1.000000 1.000000
	patch_type: symmetric
	patch_width: 8.0000000000000000
	patch_angle: 0.0000000000000000
	angles:  0.000000 0.000000 0.000000
	grand_canonical: 1
	chemical_potential: -2.3103449999999999
box: 10.000000 10.000000
copy: 1.000000 1.000000
epsilon: 0.2586210000000000
end_epsilon: 0.0000000000000000
pressure: 1.0000000000000000
lambda: 0.0000000000000000
lambda_coupling: 1.0000000000000000
uy: 0.0000000000000000
maximum_displacement: 1.0000000000000000
maximum_rotation: 1.0000000000000000
maximum_volume: 0.0000001000000000
maximum_shape: 0.0000001000000000
maximum_dsigma: 0.0100000000000000
mod: 10
pmod: 10
optimize: 1
verbose: 1
snapshot: 0
display: 1
explore: 1
npt: 0
nptxy: 0
nptdxdy: 0
shape: 0
seed: 191533
-14.754107745426 23.340726572785 0.000000000000 1.000000000000
8.844608531407 8.134319547848 0.000000000000 1.000000000000
5.446639267433 -2.688309059643 0.866025403784 -0.500000000000
-7.538413311645 -0.788109722901 0.866025403784 0.500000000000
3.402631021025 8.756664289356 0.000000000000 1.000000000000
-4.986814922008 5.921637212046 0.000000000000 1.000000000000
3.033295263527 5.578165650008 0.866025403784 0.500000000000
10.847957865936 3.795587085930 0.866025403784 -0.500000000000
0.666579287544 5.560743064739 0.866025403784 -0.500000000000
