#Configurational_file created 2018-09-14 11:50:30  started 2018-09-14 11:50:30 run for 0.0s steps 0
name: gc_117
step: 10000
specie: 9
	particle_diameter: 1.0000000000000000
	interaction_length: 1.2000000000000000
	number_of_patches: 3
	number_of_particles_per_compound: 1
	rod_length: 1.0000000000000000
	interaction_matrix:  1.000000 1.000000 1.000000 1.000000 1.000000 1.000000 1.000000 1.000000 1.000000
	patch_type: symmetric
	patch_width: 8.0000000000000000
	patch_angle: 0.0000000000000000
	angles:  0.000000 0.000000 0.000000
	grand_canonical: 1
	chemical_potential: -2.3333330000000001
box: 10.000000 10.000000
copy: 1.000000 1.000000
epsilon: 0.0666670000000000
end_epsilon: 0.0000000000000000
pressure: 1.0000000000000000
lambda: 0.0000000000000000
lambda_coupling: 1.0000000000000000
uy: 0.0000000000000000
maximum_displacement: 1.0000000000000000
maximum_rotation: 1.0000000000000000
maximum_volume: 0.0000001000000000
maximum_shape: 0.0000001000000000
maximum_dsigma: 0.0100000000000000
mod: 10
pmod: 10
optimize: 1
verbose: 1
snapshot: 0
display: 1
explore: 1
npt: 0
nptxy: 0
nptdxdy: 0
shape: 0
seed: 135820
-2.518466077934 -3.486388390382 0.866025403784 -0.500000000000
-13.461036846386 -0.844172897576 0.866025403784 0.500000000000
10.063826215857 15.591540913892 0.866025403784 -0.500000000000
13.312576317395 -12.107280735881 0.866025403784 -0.500000000000
9.018999900492 8.629485886679 0.000000000000 1.000000000000
-21.630732110670 -6.189712321126 0.866025403784 -0.500000000000
23.060672785124 10.857275572999 0.000000000000 1.000000000000
0.728670116737 7.434612279095 0.866025403784 0.500000000000
3.259639546332 2.253682341680 0.866025403784 -0.500000000000
