#Configurational_file created 2018-09-14 11:50:39  started 2018-09-14 11:50:39 run for 0.0s steps 0
name: gc_131
step: 10000
specie: 7
	particle_diameter: 1.0000000000000000
	interaction_length: 1.2000000000000000
	number_of_patches: 3
	number_of_particles_per_compound: 1
	rod_length: 1.0000000000000000
	interaction_matrix:  1.000000 1.000000 1.000000 1.000000 1.000000 1.000000 1.000000 1.000000 1.000000
	patch_type: symmetric
	patch_width: 8.0000000000000000
	patch_angle: 0.0000000000000000
	angles:  0.000000 0.000000 0.000000
	grand_canonical: 1
	chemical_potential: -2.1666669999999999
box: 10.000000 10.000000
copy: 1.000000 1.000000
epsilon: 0.0208340000000000
end_epsilon: 0.0000000000000000
pressure: 1.0000000000000000
lambda: 0.0000000000000000
lambda_coupling: 1.0000000000000000
uy: 0.0000000000000000
maximum_displacement: 1.0000000000000000
maximum_rotation: 1.0000000000000000
maximum_volume: 0.0000001000000000
maximum_shape: 0.0000001000000000
maximum_dsigma: 0.0100000000000000
mod: 10
pmod: 10
optimize: 1
verbose: 1
snapshot: 0
display: 1
explore: 1
npt: 0
nptxy: 0
nptdxdy: 0
shape: 0
seed: 151738
9.360081846172 9.677566789881 0.000000000000 1.000000000000
7.770045994892 15.301138990005 0.866025403784 0.500000000000
-4.747841747647 4.335222768778 0.000000000000 1.000000000000
9.773457309834 4.359514955579 0.866025403784 -0.500000000000
18.737348096201 8.972310637236 0.866025403784 0.500000000000
2.028790649442 5.644439666604 0.866025403784 0.500000000000
4.292510434171 12.440990195336 0.000000000000 1.000000000000
