#Configurational_file created 2018-09-14 11:51:05  started 2018-09-14 11:51:04 run for 1.0s steps 0
name: gc_169
step: 10000
specie: 10
	particle_diameter: 1.0000000000000000
	interaction_length: 1.2000000000000000
	number_of_patches: 3
	number_of_particles_per_compound: 1
	rod_length: 1.0000000000000000
	interaction_matrix:  1.000000 1.000000 1.000000 1.000000 1.000000 1.000000 1.000000 1.000000 1.000000
	patch_type: symmetric
	patch_width: 8.0000000000000000
	patch_angle: 0.0000000000000000
	angles:  0.000000 0.000000 0.000000
	grand_canonical: 1
	chemical_potential: -2.0000000000000000
box: 10.000000 10.000000
copy: 1.000000 1.000000
epsilon: 0.0750000000000000
end_epsilon: 0.0000000000000000
pressure: 1.0000000000000000
lambda: 0.0000000000000000
lambda_coupling: 1.0000000000000000
uy: 0.0000000000000000
maximum_displacement: 1.0000000000000000
maximum_rotation: 1.0000000000000000
maximum_volume: 0.0000001000000000
maximum_shape: 0.0000001000000000
maximum_dsigma: 0.0100000000000000
mod: 10
pmod: 10
optimize: 1
verbose: 1
snapshot: 0
display: 1
explore: 1
npt: 0
nptxy: 0
nptdxdy: 0
shape: 0
seed: 194944
7.849537497213 3.537813284701 0.866025403784 0.500000000000
20.435163020037 3.434417489367 0.866025403784 0.500000000000
2.935968404683 11.357413976110 0.866025403784 0.500000000000
10.238452903860 -2.252563283717 0.866025403784 -0.500000000000
16.957337109465 20.801048968855 0.866025403784 -0.500000000000
8.394693105309 1.286251632075 0.866025403784 -0.500000000000
1.028168079100 1.782420592655 0.000000000000 1.000000000000
-3.061688098003 19.063663592972 0.000000000000 1.000000000000
10.888369486049 9.456833768596 0.866025403784 -0.500000000000
3.083621925836 9.516258823200 0.866025403784 -0.500000000000
