#Configurational_file created 2018-09-14 11:23:20  started 2018-09-14 11:23:19 run for 1.0s steps 0
name: gc_160
step: 10000
specie: 8
	particle_diameter: 1.0000000000000000
	interaction_length: 1.2000000000000000
	number_of_patches: 3
	number_of_particles_per_compound: 1
	rod_length: 1.0000000000000000
	interaction_matrix:  1.000000 1.000000 1.000000 1.000000 1.000000 1.000000 1.000000 1.000000 1.000000
	patch_type: symmetric
	patch_width: 8.0000000000000000
	patch_angle: 0.0000000000000000
	angles:  0.000000 0.000000 0.000000
	grand_canonical: 1
	chemical_potential: -2.0000000000000000
box: 10.000000 10.000000
copy: 1.000000 1.000000
epsilon: 0.7500620000000000
end_epsilon: 0.0000000000000000
pressure: 1.0000000000000000
lambda: 0.0000000000000000
lambda_coupling: 1.0000000000000000
uy: 0.0000000000000000
maximum_displacement: 1.0000000000000000
maximum_rotation: 1.0000000000000000
maximum_volume: 0.0000001000000000
maximum_shape: 0.0000001000000000
maximum_dsigma: 0.0100000000000000
mod: 10
pmod: 10
optimize: 1
verbose: 1
snapshot: 0
display: 1
explore: 1
npt: 0
nptxy: 0
nptdxdy: 0
shape: 0
seed: 184711
1.777347386654 3.650302670298 0.000000000000 1.000000000000
5.157799215492 10.958002900957 0.000000000000 1.000000000000
4.800844543431 14.376307125671 0.866025403784 0.500000000000
8.595295868301 3.249793694724 0.000000000000 1.000000000000
6.107180550043 4.072355663952 0.866025403784 0.500000000000
1.982152495111 7.030277808942 0.866025403784 0.500000000000
7.717217390291 -1.890618658691 0.000000000000 1.000000000000
5.884043134097 6.729717882638 0.000000000000 1.000000000000
