#Configurational_file created 2018-09-14 13:46:59  started 2018-09-14 13:46:59 run for 0.0s steps 0
name: gc_195
step: 10000
specie: 10
	particle_diameter: 1.0000000000000000
	interaction_length: 1.2000000000000000
	number_of_patches: 3
	number_of_particles_per_compound: 1
	rod_length: 1.0000000000000000
	interaction_matrix:  1.000000 1.000000 1.000000 1.000000 1.000000 1.000000 1.000000 1.000000 1.000000
	patch_type: symmetric
	patch_width: 8.0000000000000000
	patch_angle: 0.0000000000000000
	angles:  0.000000 0.000000 0.000000
	grand_canonical: 1
	chemical_potential: -2.1724139999999998
box: 10.000000 10.000000
copy: 1.000000 1.000000
epsilon: 0.2413800000000000
end_epsilon: 0.0000000000000000
pressure: 1.0000000000000000
lambda: 0.0000000000000000
lambda_coupling: 1.0000000000000000
uy: 0.0000000000000000
maximum_displacement: 1.0000000000000000
maximum_rotation: 1.0000000000000000
maximum_volume: 0.0000001000000000
maximum_shape: 0.0000001000000000
maximum_dsigma: 0.0100000000000000
mod: 10
pmod: 10
optimize: 1
verbose: 1
snapshot: 0
display: 1
explore: 1
npt: 0
nptxy: 0
nptdxdy: 0
shape: 0
seed: 224506
12.083072925022 6.181165007395 0.866025403784 -0.500000000000
2.284748887335 1.491034175650 0.866025403784 0.500000000000
1.122391579441 10.196124717000 0.866025403784 0.500000000000
7.756636949891 9.389499372039 0.866025403784 -0.500000000000
3.393140441550 0.396504737745 0.866025403784 0.500000000000
6.526786164848 6.249183626454 0.000000000000 1.000000000000
0.591040546231 4.201852151367 0.000000000000 1.000000000000
4.482028363366 1.519391419236 0.866025403784 0.500000000000
-0.475122300459 7.740701600144 0.866025403784 0.500000000000
4.954376709860 6.487261479199 0.866025403784 -0.500000000000
