#Configurational_file created 2018-09-14 11:23:27  started 2018-09-14 11:23:27 run for 0.0s steps 0
name: gc_171
step: 10000
specie: 9
	particle_diameter: 1.0000000000000000
	interaction_length: 1.2000000000000000
	number_of_patches: 3
	number_of_particles_per_compound: 1
	rod_length: 1.0000000000000000
	interaction_matrix:  1.000000 1.000000 1.000000 1.000000 1.000000 1.000000 1.000000 1.000000 1.000000
	patch_type: symmetric
	patch_width: 8.0000000000000000
	patch_angle: 0.0000000000000000
	angles:  0.000000 0.000000 0.000000
	grand_canonical: 1
	chemical_potential: -2.0000000000000000
box: 10.000000 10.000000
copy: 1.000000 1.000000
epsilon: 1.6666829999999999
end_epsilon: 0.0000000000000000
pressure: 1.0000000000000000
lambda: 0.0000000000000000
lambda_coupling: 1.0000000000000000
uy: 0.0000000000000000
maximum_displacement: 1.0000000000000000
maximum_rotation: 1.0000000000000000
maximum_volume: 0.0000001000000000
maximum_shape: 0.0000001000000000
maximum_dsigma: 0.0100000000000000
mod: 10
pmod: 10
optimize: 1
verbose: 1
snapshot: 0
display: 1
explore: 1
npt: 0
nptxy: 0
nptdxdy: 0
shape: 0
seed: 197218
1.851044570508 -3.699038973670 0.000000000000 1.000000000000
9.652944286245 15.889214221491 0.866025403784 -0.500000000000
11.021365183894 6.142199485747 0.866025403784 0.500000000000
-9.237587739945 10.426639015388 0.866025403784 -0.500000000000
4.059095587634 0.596864223911 0.866025403784 -0.500000000000
0.463070318536 -6.102519896534 0.866025403784 -0.500000000000
23.620669928152 19.034217813096 0.866025403784 -0.500000000000
5.348684404104 6.865281536995 0.866025403784 -0.500000000000
7.212002444333 5.696781760655 0.000000000000 1.000000000000
