#Configurational_file created 2018-09-14 13:46:33  started 2018-09-14 13:46:33 run for 0.0s steps 0
name: gc_154
step: 10000
specie: 11
	particle_diameter: 1.0000000000000000
	interaction_length: 1.2000000000000000
	number_of_patches: 3
	number_of_particles_per_compound: 1
	rod_length: 1.0000000000000000
	interaction_matrix:  1.000000 1.000000 1.000000 1.000000 1.000000 1.000000 1.000000 1.000000 1.000000
	patch_type: symmetric
	patch_width: 8.0000000000000000
	patch_angle: 0.0000000000000000
	angles:  0.000000 0.000000 0.000000
	grand_canonical: 1
	chemical_potential: -2.3103449999999999
box: 10.000000 10.000000
copy: 1.000000 1.000000
epsilon: 0.0517250000000000
end_epsilon: 0.0000000000000000
pressure: 1.0000000000000000
lambda: 0.0000000000000000
lambda_coupling: 1.0000000000000000
uy: 0.0000000000000000
maximum_displacement: 1.0000000000000000
maximum_rotation: 1.0000000000000000
maximum_volume: 0.0000001000000000
maximum_shape: 0.0000001000000000
maximum_dsigma: 0.0100000000000000
mod: 10
pmod: 10
optimize: 1
verbose: 1
snapshot: 0
display: 1
explore: 1
npt: 0
nptxy: 0
nptdxdy: 0
shape: 0
seed: 177889
7.365761461005 8.681764398110 0.866025403784 0.500000000000
10.845787698204 -6.788262167532 0.866025403784 -0.500000000000
1.664711349720 8.216132893996 0.866025403784 0.500000000000
7.085601551832 0.168028640850 0.000000000000 1.000000000000
-4.202586096322 13.560349867126 0.866025403784 0.500000000000
0.688941421727 10.653577219806 0.866025403784 -0.500000000000
2.784723416836 -6.851580253616 0.000000000000 1.000000000000
-1.081785902011 7.213156428532 0.000000000000 1.000000000000
-0.913684657777 4.643175448751 0.000000000000 1.000000000000
7.757652490156 3.928687307932 0.866025403784 -0.500000000000
8.052455588869 2.081574368841 0.866025403784 -0.500000000000
