#Configurational_file created 2018-09-14 11:50:53  started 2018-09-14 11:50:52 run for 1.0s steps 0
name: gc_151
step: 10000
specie: 10
	particle_diameter: 1.0000000000000000
	interaction_length: 1.2000000000000000
	number_of_patches: 3
	number_of_particles_per_compound: 1
	rod_length: 1.0000000000000000
	interaction_matrix:  1.000000 1.000000 1.000000 1.000000 1.000000 1.000000 1.000000 1.000000 1.000000
	patch_type: symmetric
	patch_width: 8.0000000000000000
	patch_angle: 0.0000000000000000
	angles:  0.000000 0.000000 0.000000
	grand_canonical: 1
	chemical_potential: -2.0000000000000000
box: 10.000000 10.000000
copy: 1.000000 1.000000
epsilon: 0.0000010000000000
end_epsilon: 0.0000000000000000
pressure: 1.0000000000000000
lambda: 0.0000000000000000
lambda_coupling: 1.0000000000000000
uy: 0.0000000000000000
maximum_displacement: 1.0000000000000000
maximum_rotation: 1.0000000000000000
maximum_volume: 0.0000001000000000
maximum_shape: 0.0000001000000000
maximum_dsigma: 0.0100000000000000
mod: 10
pmod: 10
optimize: 1
verbose: 1
snapshot: 0
display: 1
explore: 1
npt: 0
nptxy: 0
nptdxdy: 0
shape: 0
seed: 174478
10.643849690044 2.094860687948 0.866025403784 -0.500000000000
21.381257077334 11.447617391320 0.000000000000 1.000000000000
16.278052304916 10.047989732318 0.866025403784 -0.500000000000
16.041378864327 -7.014991436675 0.866025403784 0.500000000000
-13.097286407690 0.079136825967 0.000000000000 1.000000000000
2.187787375009 7.162486309823 0.000000000000 1.000000000000
3.072484709720 1.485815455589 0.000000000000 1.000000000000
1.748103470920 8.110332227655 0.866025403784 -0.500000000000
3.063268953790 -0.221438430203 0.866025403784 0.500000000000
-1.161455389559 0.691453154504 0.866025403784 0.500000000000
