#Configurational_file created 2018-09-14 11:51:00  started 2018-09-14 11:50:59 run for 1.0s steps 0
name: gc_162
step: 10000
specie: 8
	particle_diameter: 1.0000000000000000
	interaction_length: 1.2000000000000000
	number_of_patches: 3
	number_of_particles_per_compound: 1
	rod_length: 1.0000000000000000
	interaction_matrix:  1.000000 1.000000 1.000000 1.000000 1.000000 1.000000 1.000000 1.000000 1.000000
	patch_type: symmetric
	patch_width: 8.0000000000000000
	patch_angle: 0.0000000000000000
	angles:  0.000000 0.000000 0.000000
	grand_canonical: 1
	chemical_potential: -2.0000000000000000
box: 10.000000 10.000000
copy: 1.000000 1.000000
epsilon: 0.0458340000000000
end_epsilon: 0.0000000000000000
pressure: 1.0000000000000000
lambda: 0.0000000000000000
lambda_coupling: 1.0000000000000000
uy: 0.0000000000000000
maximum_displacement: 1.0000000000000000
maximum_rotation: 1.0000000000000000
maximum_volume: 0.0000001000000000
maximum_shape: 0.0000001000000000
maximum_dsigma: 0.0100000000000000
mod: 10
pmod: 10
optimize: 1
verbose: 1
snapshot: 0
display: 1
explore: 1
npt: 0
nptxy: 0
nptdxdy: 0
shape: 0
seed: 186985
-14.950593688938 1.591264935970 0.866025403784 -0.500000000000
0.978005537971 -1.793759120461 0.866025403784 -0.500000000000
6.085901337588 6.186550904027 0.866025403784 0.500000000000
8.826485519980 1.201947433374 0.866025403784 0.500000000000
1.202538342057 1.614865094411 0.866025403784 -0.500000000000
4.500629184786 -1.128042633281 0.866025403784 -0.500000000000
9.601588842550 8.420092224918 0.000000000000 1.000000000000
2.651949895184 1.984407915949 0.866025403784 0.500000000000
