#Configurational_file created 2018-09-14 11:23:27  started 2018-09-14 11:23:26 run for 1.0s steps 0
name: gc_170
step: 10000
specie: 10
	particle_diameter: 1.0000000000000000
	interaction_length: 1.2000000000000000
	number_of_patches: 3
	number_of_particles_per_compound: 1
	rod_length: 1.0000000000000000
	interaction_matrix:  1.000000 1.000000 1.000000 1.000000 1.000000 1.000000 1.000000 1.000000 1.000000
	patch_type: symmetric
	patch_width: 8.0000000000000000
	patch_angle: 0.0000000000000000
	angles:  0.000000 0.000000 0.000000
	grand_canonical: 1
	chemical_potential: -2.0000000000000000
box: 10.000000 10.000000
copy: 1.000000 1.000000
epsilon: 1.5833539999999999
end_epsilon: 0.0000000000000000
pressure: 1.0000000000000000
lambda: 0.0000000000000000
lambda_coupling: 1.0000000000000000
uy: 0.0000000000000000
maximum_displacement: 1.0000000000000000
maximum_rotation: 1.0000000000000000
maximum_volume: 0.0000001000000000
maximum_shape: 0.0000001000000000
maximum_dsigma: 0.0100000000000000
mod: 10
pmod: 10
optimize: 1
verbose: 1
snapshot: 0
display: 1
explore: 1
npt: 0
nptxy: 0
nptdxdy: 0
shape: 0
seed: 196081
8.004524480062 -1.139088016627 0.000000000000 1.000000000000
5.221703081737 4.597085300941 0.866025403784 -0.500000000000
2.876934348398 5.153459961323 0.866025403784 0.500000000000
10.037914360767 7.071016109041 0.866025403784 -0.500000000000
10.884321708760 6.957881025043 0.866025403784 0.500000000000
1.586427537245 5.872754686955 0.866025403784 0.500000000000
12.793873472659 0.232297472371 0.866025403784 0.500000000000
5.238166868792 8.717960559893 0.866025403784 0.500000000000
7.061381400635 0.814306648866 0.866025403784 0.500000000000
9.068423148578 1.960305704898 0.000000000000 1.000000000000
