#Configurational_file created 2018-09-14 11:51:13  started 2018-09-14 11:51:12 run for 1.0s steps 0
name: gc_181
step: 10000
specie: 14
	particle_diameter: 1.0000000000000000
	interaction_length: 1.2000000000000000
	number_of_patches: 3
	number_of_particles_per_compound: 1
	rod_length: 1.0000000000000000
	interaction_matrix:  1.000000 1.000000 1.000000 1.000000 1.000000 1.000000 1.000000 1.000000 1.000000
	patch_type: symmetric
	patch_width: 8.0000000000000000
	patch_angle: 0.0000000000000000
	angles:  0.000000 0.000000 0.000000
	grand_canonical: 1
	chemical_potential: -1.8333330000000001
box: 10.000000 10.000000
copy: 1.000000 1.000000
epsilon: 0.0208340000000000
end_epsilon: 0.0000000000000000
pressure: 1.0000000000000000
lambda: 0.0000000000000000
lambda_coupling: 1.0000000000000000
uy: 0.0000000000000000
maximum_displacement: 1.0000000000000000
maximum_rotation: 1.0000000000000000
maximum_volume: 0.0000001000000000
maximum_shape: 0.0000001000000000
maximum_dsigma: 0.0100000000000000
mod: 10
pmod: 10
optimize: 1
verbose: 1
snapshot: 0
display: 1
explore: 1
npt: 0
nptxy: 0
nptdxdy: 0
shape: 0
seed: 208588
4.431973485251 7.464729010080 0.000000000000 1.000000000000
3.096317220831 18.451214872237 0.866025403784 0.500000000000
2.972475633655 -0.554158970999 0.866025403784 -0.500000000000
-0.316034291530 3.281294199233 0.866025403784 -0.500000000000
13.593841292457 3.989071099937 0.866025403784 0.500000000000
13.977614527421 19.092892715134 0.866025403784 0.500000000000
6.994620286754 12.221937574470 0.866025403784 -0.500000000000
8.571768590575 11.785060995133 0.866025403784 -0.500000000000
5.303596644454 9.521622999418 0.866025403784 0.500000000000
5.882535988354 1.459584959113 0.866025403784 -0.500000000000
7.578229704990 7.728502546175 0.866025403784 -0.500000000000
0.674699216287 2.251075867242 0.000000000000 1.000000000000
1.270444307960 7.459972161435 0.000000000000 1.000000000000
5.525308684098 4.340284771143 0.866025403784 -0.500000000000
