#Configurational_file created 2018-09-14 11:51:02  started 2018-09-14 11:51:01 run for 1.0s steps 0
name: gc_165
step: 10000
specie: 13
	particle_diameter: 1.0000000000000000
	interaction_length: 1.2000000000000000
	number_of_patches: 3
	number_of_particles_per_compound: 1
	rod_length: 1.0000000000000000
	interaction_matrix:  1.000000 1.000000 1.000000 1.000000 1.000000 1.000000 1.000000 1.000000 1.000000
	patch_type: symmetric
	patch_width: 8.0000000000000000
	patch_angle: 0.0000000000000000
	angles:  0.000000 0.000000 0.000000
	grand_canonical: 1
	chemical_potential: -2.0000000000000000
box: 10.000000 10.000000
copy: 1.000000 1.000000
epsilon: 0.0583340000000000
end_epsilon: 0.0000000000000000
pressure: 1.0000000000000000
lambda: 0.0000000000000000
lambda_coupling: 1.0000000000000000
uy: 0.0000000000000000
maximum_displacement: 1.0000000000000000
maximum_rotation: 1.0000000000000000
maximum_volume: 0.0000001000000000
maximum_shape: 0.0000001000000000
maximum_dsigma: 0.0100000000000000
mod: 10
pmod: 10
optimize: 1
verbose: 1
snapshot: 0
display: 1
explore: 1
npt: 0
nptxy: 0
nptdxdy: 0
shape: 0
seed: 190396
3.823174928875 -1.981552548160 0.000000000000 1.000000000000
6.833095290286 0.601321394339 0.866025403784 -0.500000000000
-11.194296003236 1.469541362142 0.000000000000 1.000000000000
2.267602211649 10.322106724035 0.000000000000 1.000000000000
14.523901500295 5.894536921435 0.866025403784 0.500000000000
11.015858924798 6.381067343207 0.866025403784 -0.500000000000
4.771499169483 2.284438858327 0.866025403784 -0.500000000000
-6.512155054149 -0.955905385861 0.000000000000 1.000000000000
10.869772548625 13.784601799666 0.866025403784 -0.500000000000
-6.479708506700 5.451649219459 0.866025403784 0.500000000000
-0.637596522077 9.222588277419 0.000000000000 1.000000000000
-1.786850941033 -4.031830078116 0.866025403784 -0.500000000000
5.383529483389 3.742838190800 0.866025403784 0.500000000000
