#Configurational_file created 2018-09-11 17:03:33  started 2018-09-11 17:03:32 run for 1.0s steps 0
name: gc_1
step: 10000
specie: 6
	particle_diameter: 1.0000000000000000
	interaction_length: 1.2000000000000000
	number_of_patches: 3
	number_of_particles_per_compound: 1
	rod_length: 1.0000000000000000
	interaction_matrix:  1.000000 1.000000 1.000000 1.000000 1.000000 1.000000 1.000000 1.000000 1.000000
	patch_type: symmetric
	patch_width: 8.0000000000000000
	patch_angle: 0.0000000000000000
	angles:  0.000000 0.000000 0.000000
	grand_canonical: 1
	chemical_potential: -3.0000000000000000
box: 10.000000 10.000000
copy: 1.000000 1.000000
epsilon: 0.0001000000000000
end_epsilon: 0.0000000000000000
pressure: 1.0000000000000000
lambda: 0.0000000000000000
lambda_coupling: 1.0000000000000000
uy: 0.0000000000000000
maximum_displacement: 1.0000000000000000
maximum_rotation: 1.0000000000000000
maximum_volume: 0.0000001000000000
maximum_shape: 0.0000001000000000
maximum_dsigma: 0.0100000000000000
mod: 10
pmod: 10
optimize: 1
verbose: 1
snapshot: 0
display: 1
explore: 1
npt: 0
nptxy: 0
nptdxdy: 0
shape: 0
seed: 4007
24.868779314242 17.162263873422 0.000000000000 1.000000000000
-6.036834374570 1.176917030851 0.866025403784 -0.500000000000
0.696345767336 3.109388045486 0.866025403784 0.500000000000
2.586717273123 8.655335359751 0.000000000000 1.000000000000
7.198811683278 1.953568313563 0.866025403784 -0.500000000000
5.438576905573 -0.046085249905 0.866025403784 -0.500000000000
