#Configurational_file created 2018-09-14 11:23:39  started 2018-09-14 11:23:38 run for 1.0s steps 0
name: gc_188
step: 10000
specie: 13
	particle_diameter: 1.0000000000000000
	interaction_length: 1.2000000000000000
	number_of_patches: 3
	number_of_particles_per_compound: 1
	rod_length: 1.0000000000000000
	interaction_matrix:  1.000000 1.000000 1.000000 1.000000 1.000000 1.000000 1.000000 1.000000 1.000000
	patch_type: symmetric
	patch_width: 8.0000000000000000
	patch_angle: 0.0000000000000000
	angles:  0.000000 0.000000 0.000000
	grand_canonical: 1
	chemical_potential: -1.8333330000000001
box: 10.000000 10.000000
copy: 1.000000 1.000000
epsilon: 1.0000500000000001
end_epsilon: 0.0000000000000000
pressure: 1.0000000000000000
lambda: 0.0000000000000000
lambda_coupling: 1.0000000000000000
uy: 0.0000000000000000
maximum_displacement: 1.0000000000000000
maximum_rotation: 1.0000000000000000
maximum_volume: 0.0000001000000000
maximum_shape: 0.0000001000000000
maximum_dsigma: 0.0100000000000000
mod: 10
pmod: 10
optimize: 1
verbose: 1
snapshot: 0
display: 1
explore: 1
npt: 0
nptxy: 0
nptdxdy: 0
shape: 0
seed: 216547
12.302015519251 9.475050455570 0.866025403784 0.500000000000
-2.023289284505 4.609432900796 0.866025403784 0.500000000000
-0.537306978289 -1.552289294467 0.000000000000 1.000000000000
4.251513799292 -13.622355410752 0.866025403784 -0.500000000000
21.388787490673 8.071558247205 0.866025403784 -0.500000000000
3.241854867008 -5.252477037070 0.866025403784 -0.500000000000
-5.771677890931 -1.228565377846 0.000000000000 1.000000000000
10.228228930164 12.587440070033 0.000000000000 1.000000000000
10.783822769531 5.756360309864 0.000000000000 1.000000000000
3.120409229316 1.132515376658 0.000000000000 1.000000000000
1.834436289086 7.566978798345 0.866025403784 0.500000000000
9.096801460948 3.859522405694 0.866025403784 0.500000000000
2.052082936804 14.282860319471 0.866025403784 0.500000000000
