#Configurational_file created 2018-09-14 11:50:40  started 2018-09-14 11:50:39 run for 1.0s steps 0
name: gc_132
step: 10000
specie: 9
	particle_diameter: 1.0000000000000000
	interaction_length: 1.2000000000000000
	number_of_patches: 3
	number_of_particles_per_compound: 1
	rod_length: 1.0000000000000000
	interaction_matrix:  1.000000 1.000000 1.000000 1.000000 1.000000 1.000000 1.000000 1.000000 1.000000
	patch_type: symmetric
	patch_width: 8.0000000000000000
	patch_angle: 0.0000000000000000
	angles:  0.000000 0.000000 0.000000
	grand_canonical: 1
	chemical_potential: -2.1666669999999999
box: 10.000000 10.000000
copy: 1.000000 1.000000
epsilon: 0.0250010000000000
end_epsilon: 0.0000000000000000
pressure: 1.0000000000000000
lambda: 0.0000000000000000
lambda_coupling: 1.0000000000000000
uy: 0.0000000000000000
maximum_displacement: 1.0000000000000000
maximum_rotation: 1.0000000000000000
maximum_volume: 0.0000001000000000
maximum_shape: 0.0000001000000000
maximum_dsigma: 0.0100000000000000
mod: 10
pmod: 10
optimize: 1
verbose: 1
snapshot: 0
display: 1
explore: 1
npt: 0
nptxy: 0
nptdxdy: 0
shape: 0
seed: 152875
11.430567244376 11.631197556539 0.866025403784 -0.500000000000
4.798946417591 10.405218207394 0.866025403784 0.500000000000
14.034505743557 2.891775205720 0.866025403784 0.500000000000
1.633003758663 13.354024475212 0.866025403784 -0.500000000000
-2.501977871111 9.447848456367 0.866025403784 0.500000000000
17.380461404883 10.709236288407 0.866025403784 0.500000000000
1.099842549269 6.714436281420 0.000000000000 1.000000000000
8.182534317181 2.266419756054 0.866025403784 0.500000000000
5.449268758114 4.175347513856 0.000000000000 1.000000000000
