#Configurational_file created 2018-09-14 11:50:41  started 2018-09-14 11:50:40 run for 1.0s steps 0
name: gc_133
step: 10000
specie: 8
	particle_diameter: 1.0000000000000000
	interaction_length: 1.2000000000000000
	number_of_patches: 3
	number_of_particles_per_compound: 1
	rod_length: 1.0000000000000000
	interaction_matrix:  1.000000 1.000000 1.000000 1.000000 1.000000 1.000000 1.000000 1.000000 1.000000
	patch_type: symmetric
	patch_width: 8.0000000000000000
	patch_angle: 0.0000000000000000
	angles:  0.000000 0.000000 0.000000
	grand_canonical: 1
	chemical_potential: -2.1666669999999999
box: 10.000000 10.000000
copy: 1.000000 1.000000
epsilon: 0.0291670000000000
end_epsilon: 0.0000000000000000
pressure: 1.0000000000000000
lambda: 0.0000000000000000
lambda_coupling: 1.0000000000000000
uy: 0.0000000000000000
maximum_displacement: 1.0000000000000000
maximum_rotation: 1.0000000000000000
maximum_volume: 0.0000001000000000
maximum_shape: 0.0000001000000000
maximum_dsigma: 0.0100000000000000
mod: 10
pmod: 10
optimize: 1
verbose: 1
snapshot: 0
display: 1
explore: 1
npt: 0
nptxy: 0
nptdxdy: 0
shape: 0
seed: 154012
8.170362474990 -1.568959077478 0.866025403784 0.500000000000
19.036112240689 15.327986788075 0.866025403784 0.500000000000
-8.083868162609 30.100720024554 0.866025403784 0.500000000000
9.984396000416 -0.859046902186 0.000000000000 1.000000000000
7.320877312387 7.288614651246 0.000000000000 1.000000000000
0.212928424303 7.573853301189 0.000000000000 1.000000000000
8.961524017320 8.775951347753 0.866025403784 -0.500000000000
-0.077044755155 0.452847285245 0.866025403784 -0.500000000000
