#Configurational_file created 2018-09-14 11:50:37  started 2018-09-14 11:50:37 run for 0.0s steps 0
name: gc_128
step: 10000
specie: 12
	particle_diameter: 1.0000000000000000
	interaction_length: 1.2000000000000000
	number_of_patches: 3
	number_of_particles_per_compound: 1
	rod_length: 1.0000000000000000
	interaction_matrix:  1.000000 1.000000 1.000000 1.000000 1.000000 1.000000 1.000000 1.000000 1.000000
	patch_type: symmetric
	patch_width: 8.0000000000000000
	patch_angle: 0.0000000000000000
	angles:  0.000000 0.000000 0.000000
	grand_canonical: 1
	chemical_potential: -2.1666669999999999
box: 10.000000 10.000000
copy: 1.000000 1.000000
epsilon: 0.0083340000000000
end_epsilon: 0.0000000000000000
pressure: 1.0000000000000000
lambda: 0.0000000000000000
lambda_coupling: 1.0000000000000000
uy: 0.0000000000000000
maximum_displacement: 1.0000000000000000
maximum_rotation: 1.0000000000000000
maximum_volume: 0.0000001000000000
maximum_shape: 0.0000001000000000
maximum_dsigma: 0.0100000000000000
mod: 10
pmod: 10
optimize: 1
verbose: 1
snapshot: 0
display: 1
explore: 1
npt: 0
nptxy: 0
nptdxdy: 0
shape: 0
seed: 148327
-2.125907517989 17.260868824698 0.000000000000 1.000000000000
14.787513501026 5.683197532434 0.866025403784 -0.500000000000
10.799858804942 -0.008105807133 0.866025403784 -0.500000000000
10.323425639529 8.221621867159 0.866025403784 -0.500000000000
8.043585105888 8.367542223047 0.866025403784 0.500000000000
3.557779933095 0.117018368160 0.866025403784 -0.500000000000
-0.882025508670 9.766059583613 0.866025403784 0.500000000000
15.285861201924 8.781362296727 0.000000000000 1.000000000000
11.994492117927 -3.547645791577 0.866025403784 -0.500000000000
-13.072361091486 23.675056991645 0.866025403784 -0.500000000000
-3.918755074495 6.941756535717 0.866025403784 0.500000000000
6.648863237123 0.963940354999 0.866025403784 -0.500000000000
