#Configurational_file created 2018-09-14 11:51:06  started 2018-09-14 11:51:06 run for 0.0s steps 0
name: gc_171
step: 10000
specie: 10
	particle_diameter: 1.0000000000000000
	interaction_length: 1.2000000000000000
	number_of_patches: 3
	number_of_particles_per_compound: 1
	rod_length: 1.0000000000000000
	interaction_matrix:  1.000000 1.000000 1.000000 1.000000 1.000000 1.000000 1.000000 1.000000 1.000000
	patch_type: symmetric
	patch_width: 8.0000000000000000
	patch_angle: 0.0000000000000000
	angles:  0.000000 0.000000 0.000000
	grand_canonical: 1
	chemical_potential: -2.0000000000000000
box: 10.000000 10.000000
copy: 1.000000 1.000000
epsilon: 0.0833340000000000
end_epsilon: 0.0000000000000000
pressure: 1.0000000000000000
lambda: 0.0000000000000000
lambda_coupling: 1.0000000000000000
uy: 0.0000000000000000
maximum_displacement: 1.0000000000000000
maximum_rotation: 1.0000000000000000
maximum_volume: 0.0000001000000000
maximum_shape: 0.0000001000000000
maximum_dsigma: 0.0100000000000000
mod: 10
pmod: 10
optimize: 1
verbose: 1
snapshot: 0
display: 1
explore: 1
npt: 0
nptxy: 0
nptdxdy: 0
shape: 0
seed: 197218
-15.314604629950 -1.810382577556 0.866025403784 0.500000000000
30.678332117380 21.303105000075 0.866025403784 -0.500000000000
2.104074203800 4.389589211359 0.866025403784 0.500000000000
3.704439524658 7.004176830745 0.866025403784 -0.500000000000
2.244740814384 6.462625383224 0.866025403784 -0.500000000000
6.493565035384 9.524071413305 0.866025403784 0.500000000000
3.985272582557 10.895469926340 0.866025403784 -0.500000000000
3.460547063614 3.689948755925 0.866025403784 0.500000000000
7.368227141241 6.006578535629 0.000000000000 1.000000000000
0.544871682414 4.474910206101 0.866025403784 0.500000000000
