#Configurational_file created 2018-09-14 13:46:28  started 2018-09-14 13:46:28 run for 0.0s steps 0
name: gc_146
step: 10000
specie: 6
	particle_diameter: 1.0000000000000000
	interaction_length: 1.2000000000000000
	number_of_patches: 3
	number_of_particles_per_compound: 1
	rod_length: 1.0000000000000000
	interaction_matrix:  1.000000 1.000000 1.000000 1.000000 1.000000 1.000000 1.000000 1.000000 1.000000
	patch_type: symmetric
	patch_width: 8.0000000000000000
	patch_angle: 0.0000000000000000
	angles:  0.000000 0.000000 0.000000
	grand_canonical: 1
	chemical_potential: -2.4482759999999999
box: 10.000000 10.000000
copy: 1.000000 1.000000
epsilon: 0.4310350000000000
end_epsilon: 0.0000000000000000
pressure: 1.0000000000000000
lambda: 0.0000000000000000
lambda_coupling: 1.0000000000000000
uy: 0.0000000000000000
maximum_displacement: 1.0000000000000000
maximum_rotation: 1.0000000000000000
maximum_volume: 0.0000001000000000
maximum_shape: 0.0000001000000000
maximum_dsigma: 0.0100000000000000
mod: 10
pmod: 10
optimize: 1
verbose: 1
snapshot: 0
display: 1
explore: 1
npt: 0
nptxy: 0
nptdxdy: 0
shape: 0
seed: 168793
12.578507043722 -12.499425065520 0.000000000000 1.000000000000
27.153129665232 16.517947749680 0.866025403784 0.500000000000
15.891142150331 23.939197853916 0.866025403784 -0.500000000000
9.785936383220 13.143303897222 0.866025403784 0.500000000000
4.379985190427 4.139066454765 0.866025403784 0.500000000000
9.724366849341 5.577064841393 0.000000000000 1.000000000000
