#Configurational_file created 2018-09-14 11:50:49  started 2018-09-14 11:50:48 run for 1.0s steps 0
name: gc_146
step: 10000
specie: 12
	particle_diameter: 1.0000000000000000
	interaction_length: 1.2000000000000000
	number_of_patches: 3
	number_of_particles_per_compound: 1
	rod_length: 1.0000000000000000
	interaction_matrix:  1.000000 1.000000 1.000000 1.000000 1.000000 1.000000 1.000000 1.000000 1.000000
	patch_type: symmetric
	patch_width: 8.0000000000000000
	patch_angle: 0.0000000000000000
	angles:  0.000000 0.000000 0.000000
	grand_canonical: 1
	chemical_potential: -2.1666669999999999
box: 10.000000 10.000000
copy: 1.000000 1.000000
epsilon: 0.0833340000000000
end_epsilon: 0.0000000000000000
pressure: 1.0000000000000000
lambda: 0.0000000000000000
lambda_coupling: 1.0000000000000000
uy: 0.0000000000000000
maximum_displacement: 1.0000000000000000
maximum_rotation: 1.0000000000000000
maximum_volume: 0.0000001000000000
maximum_shape: 0.0000001000000000
maximum_dsigma: 0.0100000000000000
mod: 10
pmod: 10
optimize: 1
verbose: 1
snapshot: 0
display: 1
explore: 1
npt: 0
nptxy: 0
nptdxdy: 0
shape: 0
seed: 168793
5.952631196293 7.035733111576 0.866025403784 -0.500000000000
-15.086918869060 12.150154910040 0.866025403784 -0.500000000000
26.702550320909 20.784681321646 0.866025403784 -0.500000000000
6.106274244076 2.990749827243 0.866025403784 -0.500000000000
7.844659697727 4.345596605821 0.000000000000 1.000000000000
-5.756830690242 10.451495090150 0.000000000000 1.000000000000
-3.984282768544 0.302804244964 0.000000000000 1.000000000000
18.663056799397 0.512447392129 0.866025403784 0.500000000000
7.322445849304 12.696710393912 0.000000000000 1.000000000000
-2.039622420567 5.710168611267 0.000000000000 1.000000000000
9.822138933491 1.420981544528 0.000000000000 1.000000000000
0.294749699987 4.363510068574 0.866025403784 0.500000000000
