#Configurational_file created 2018-09-14 11:50:29  started 2018-09-14 11:50:29 run for 0.0s steps 0
name: gc_116
step: 10000
specie: 9
	particle_diameter: 1.0000000000000000
	interaction_length: 1.2000000000000000
	number_of_patches: 3
	number_of_particles_per_compound: 1
	rod_length: 1.0000000000000000
	interaction_matrix:  1.000000 1.000000 1.000000 1.000000 1.000000 1.000000 1.000000 1.000000 1.000000
	patch_type: symmetric
	patch_width: 8.0000000000000000
	patch_angle: 0.0000000000000000
	angles:  0.000000 0.000000 0.000000
	grand_canonical: 1
	chemical_potential: -2.3333330000000001
box: 10.000000 10.000000
copy: 1.000000 1.000000
epsilon: 0.0625000000000000
end_epsilon: 0.0000000000000000
pressure: 1.0000000000000000
lambda: 0.0000000000000000
lambda_coupling: 1.0000000000000000
uy: 0.0000000000000000
maximum_displacement: 1.0000000000000000
maximum_rotation: 1.0000000000000000
maximum_volume: 0.0000001000000000
maximum_shape: 0.0000001000000000
maximum_dsigma: 0.0100000000000000
mod: 10
pmod: 10
optimize: 1
verbose: 1
snapshot: 0
display: 1
explore: 1
npt: 0
nptxy: 0
nptdxdy: 0
shape: 0
seed: 134683
1.471724382501 -1.032392299922 0.866025403784 -0.500000000000
12.372683321294 1.928833942825 0.866025403784 0.500000000000
-5.538918864236 13.170251971916 0.866025403784 -0.500000000000
5.011891317155 10.371136110206 0.000000000000 1.000000000000
3.108041886674 0.231929913970 0.866025403784 0.500000000000
-6.199227252772 15.488273852462 0.000000000000 1.000000000000
-1.381178167806 7.554120474158 0.866025403784 0.500000000000
-2.524397653216 -0.337810560831 0.000000000000 1.000000000000
7.045705389250 0.686433786105 0.866025403784 -0.500000000000
