#Configurational_file created 2018-09-14 11:22:59  started 2018-09-14 11:22:58 run for 1.0s steps 0
name: gc_127
step: 10000
specie: 10
	particle_diameter: 1.0000000000000000
	interaction_length: 1.2000000000000000
	number_of_patches: 3
	number_of_particles_per_compound: 1
	rod_length: 1.0000000000000000
	interaction_matrix:  1.000000 1.000000 1.000000 1.000000 1.000000 1.000000 1.000000 1.000000 1.000000
	patch_type: symmetric
	patch_width: 8.0000000000000000
	patch_angle: 0.0000000000000000
	angles:  0.000000 0.000000 0.000000
	grand_canonical: 1
	chemical_potential: -2.1666669999999999
box: 10.000000 10.000000
copy: 1.000000 1.000000
epsilon: 0.0834290000000000
end_epsilon: 0.0000000000000000
pressure: 1.0000000000000000
lambda: 0.0000000000000000
lambda_coupling: 1.0000000000000000
uy: 0.0000000000000000
maximum_displacement: 1.0000000000000000
maximum_rotation: 1.0000000000000000
maximum_volume: 0.0000001000000000
maximum_shape: 0.0000001000000000
maximum_dsigma: 0.0100000000000000
mod: 10
pmod: 10
optimize: 1
verbose: 1
snapshot: 0
display: 1
explore: 1
npt: 0
nptxy: 0
nptdxdy: 0
shape: 0
seed: 147190
-1.005496060002 -2.706824988584 0.000000000000 1.000000000000
16.561118953391 0.694364478425 0.866025403784 0.500000000000
4.470467411280 12.820371081080 0.866025403784 0.500000000000
10.283796125834 -0.945700813573 0.000000000000 1.000000000000
1.370625133721 13.571301386762 0.000000000000 1.000000000000
3.270912449046 1.730851636297 0.866025403784 0.500000000000
8.911124289543 2.211066507934 0.866025403784 -0.500000000000
3.755701287252 7.330358316677 0.000000000000 1.000000000000
8.362261449684 5.136068450382 0.000000000000 1.000000000000
7.469316473092 2.434725731624 0.866025403784 -0.500000000000
