#Configurational_file created 2018-09-14 11:23:26  started 2018-09-14 11:23:25 run for 1.0s steps 0
name: gc_169
step: 10000
specie: 14
	particle_diameter: 1.0000000000000000
	interaction_length: 1.2000000000000000
	number_of_patches: 3
	number_of_particles_per_compound: 1
	rod_length: 1.0000000000000000
	interaction_matrix:  1.000000 1.000000 1.000000 1.000000 1.000000 1.000000 1.000000 1.000000 1.000000
	patch_type: symmetric
	patch_width: 8.0000000000000000
	patch_angle: 0.0000000000000000
	angles:  0.000000 0.000000 0.000000
	grand_canonical: 1
	chemical_potential: -2.0000000000000000
box: 10.000000 10.000000
copy: 1.000000 1.000000
epsilon: 1.5000249999999999
end_epsilon: 0.0000000000000000
pressure: 1.0000000000000000
lambda: 0.0000000000000000
lambda_coupling: 1.0000000000000000
uy: 0.0000000000000000
maximum_displacement: 1.0000000000000000
maximum_rotation: 1.0000000000000000
maximum_volume: 0.0000001000000000
maximum_shape: 0.0000001000000000
maximum_dsigma: 0.0100000000000000
mod: 10
pmod: 10
optimize: 1
verbose: 1
snapshot: 0
display: 1
explore: 1
npt: 0
nptxy: 0
nptdxdy: 0
shape: 0
seed: 194944
3.063686682855 7.838732100922 0.866025403784 0.500000000000
31.413305747494 6.581407525648 0.866025403784 -0.500000000000
-11.887961576293 0.440063365336 0.866025403784 -0.500000000000
-6.489303682288 2.051629517913 0.866025403784 -0.500000000000
1.750365756575 8.741894723190 0.000000000000 1.000000000000
4.719257272966 4.084749440457 0.866025403784 0.500000000000
26.847728476058 3.478190928331 0.866025403784 0.500000000000
6.076932253690 -4.928847551081 0.866025403784 0.500000000000
-1.936455791652 2.435183120235 0.866025403784 0.500000000000
1.674255618625 -0.258166367113 0.866025403784 -0.500000000000
18.760328822475 7.910726900416 0.000000000000 1.000000000000
9.280155699057 5.546822444253 0.000000000000 1.000000000000
7.984841585526 7.072669810794 0.866025403784 0.500000000000
7.972803748304 7.893649601824 0.866025403784 -0.500000000000
