#Configurational_file created 2018-09-14 11:50:56  started 2018-09-14 11:50:55 run for 1.0s steps 0
name: gc_156
step: 10000
specie: 8
	particle_diameter: 1.0000000000000000
	interaction_length: 1.2000000000000000
	number_of_patches: 3
	number_of_particles_per_compound: 1
	rod_length: 1.0000000000000000
	interaction_matrix:  1.000000 1.000000 1.000000 1.000000 1.000000 1.000000 1.000000 1.000000 1.000000
	patch_type: symmetric
	patch_width: 8.0000000000000000
	patch_angle: 0.0000000000000000
	angles:  0.000000 0.000000 0.000000
	grand_canonical: 1
	chemical_potential: -2.0000000000000000
box: 10.000000 10.000000
copy: 1.000000 1.000000
epsilon: 0.0208340000000000
end_epsilon: 0.0000000000000000
pressure: 1.0000000000000000
lambda: 0.0000000000000000
lambda_coupling: 1.0000000000000000
uy: 0.0000000000000000
maximum_displacement: 1.0000000000000000
maximum_rotation: 1.0000000000000000
maximum_volume: 0.0000001000000000
maximum_shape: 0.0000001000000000
maximum_dsigma: 0.0100000000000000
mod: 10
pmod: 10
optimize: 1
verbose: 1
snapshot: 0
display: 1
explore: 1
npt: 0
nptxy: 0
nptdxdy: 0
shape: 0
seed: 180163
6.530201425522 1.184404779195 0.866025403784 -0.500000000000
0.772265529298 13.331661981697 0.866025403784 0.500000000000
23.006527836575 -9.220510837829 0.866025403784 -0.500000000000
0.591175768987 -1.696778845834 0.000000000000 1.000000000000
-5.958566638149 23.979286980737 0.000000000000 1.000000000000
-0.770024916552 2.117017494394 0.866025403784 -0.500000000000
-15.968896392168 17.931552578316 0.866025403784 -0.500000000000
6.412856426249 7.742308310658 0.866025403784 -0.500000000000
