#Configurational_file created 2018-09-14 13:46:30  started 2018-09-14 13:46:30 run for 0.0s steps 0
name: gc_149
step: 10000
specie: 9
	particle_diameter: 1.0000000000000000
	interaction_length: 1.2000000000000000
	number_of_patches: 3
	number_of_particles_per_compound: 1
	rod_length: 1.0000000000000000
	interaction_matrix:  1.000000 1.000000 1.000000 1.000000 1.000000 1.000000 1.000000 1.000000 1.000000
	patch_type: symmetric
	patch_width: 8.0000000000000000
	patch_angle: 0.0000000000000000
	angles:  0.000000 0.000000 0.000000
	grand_canonical: 1
	chemical_potential: -2.4482759999999999
box: 10.000000 10.000000
copy: 1.000000 1.000000
epsilon: 0.4827590000000000
end_epsilon: 0.0000000000000000
pressure: 1.0000000000000000
lambda: 0.0000000000000000
lambda_coupling: 1.0000000000000000
uy: 0.0000000000000000
maximum_displacement: 1.0000000000000000
maximum_rotation: 1.0000000000000000
maximum_volume: 0.0000001000000000
maximum_shape: 0.0000001000000000
maximum_dsigma: 0.0100000000000000
mod: 10
pmod: 10
optimize: 1
verbose: 1
snapshot: 0
display: 1
explore: 1
npt: 0
nptxy: 0
nptdxdy: 0
shape: 0
seed: 172204
11.436142127367 3.125682541888 0.866025403784 -0.500000000000
13.605067299614 -3.484148149411 0.000000000000 1.000000000000
4.665921822852 9.704896418185 0.000000000000 1.000000000000
1.302554079281 6.180250185340 0.866025403784 -0.500000000000
-0.718147815925 -13.482162476746 0.866025403784 0.500000000000
4.652810069414 7.452398006875 0.866025403784 0.500000000000
-0.736342665401 8.139934104922 0.866025403784 -0.500000000000
11.949628032946 1.183842407429 0.866025403784 -0.500000000000
6.250562640017 0.366163343052 0.866025403784 0.500000000000
