#Configurational_file created 2018-09-14 13:46:02  started 2018-09-14 13:46:01 run for 1.0s steps 0
name: gc_103
step: 10000
specie: 8
	particle_diameter: 1.0000000000000000
	interaction_length: 1.2000000000000000
	number_of_patches: 3
	number_of_particles_per_compound: 1
	rod_length: 1.0000000000000000
	interaction_matrix:  1.000000 1.000000 1.000000 1.000000 1.000000 1.000000 1.000000 1.000000 1.000000
	patch_type: symmetric
	patch_width: 8.0000000000000000
	patch_angle: 0.0000000000000000
	angles:  0.000000 0.000000 0.000000
	grand_canonical: 1
	chemical_potential: -2.5862069999999999
box: 10.000000 10.000000
copy: 1.000000 1.000000
epsilon: 0.2068970000000000
end_epsilon: 0.0000000000000000
pressure: 1.0000000000000000
lambda: 0.0000000000000000
lambda_coupling: 1.0000000000000000
uy: 0.0000000000000000
maximum_displacement: 1.0000000000000000
maximum_rotation: 1.0000000000000000
maximum_volume: 0.0000001000000000
maximum_shape: 0.0000001000000000
maximum_dsigma: 0.0100000000000000
mod: 10
pmod: 10
optimize: 1
verbose: 1
snapshot: 0
display: 1
explore: 1
npt: 0
nptxy: 0
nptdxdy: 0
shape: 0
seed: 119902
7.518427704107 0.989087689858 0.000000000000 1.000000000000
5.731579196847 7.934502536915 0.000000000000 1.000000000000
-5.559454367048 22.021362393659 0.866025403784 -0.500000000000
2.859421930517 -3.867085843849 0.866025403784 0.500000000000
-2.496724573178 -4.309367522969 0.866025403784 0.500000000000
-5.103784092114 -1.309274264480 0.866025403784 -0.500000000000
9.405565652480 10.065071447800 0.000000000000 1.000000000000
12.827149891877 12.291436793325 0.000000000000 1.000000000000
