#Configurational_file created 2018-09-14 11:51:25  started 2018-09-14 11:51:24 run for 1.0s steps 0
name: gc_198
step: 10000
specie: 9
	particle_diameter: 1.0000000000000000
	interaction_length: 1.2000000000000000
	number_of_patches: 3
	number_of_particles_per_compound: 1
	rod_length: 1.0000000000000000
	interaction_matrix:  1.000000 1.000000 1.000000 1.000000 1.000000 1.000000 1.000000 1.000000 1.000000
	patch_type: symmetric
	patch_width: 8.0000000000000000
	patch_angle: 0.0000000000000000
	angles:  0.000000 0.000000 0.000000
	grand_canonical: 1
	chemical_potential: -1.8333330000000001
box: 10.000000 10.000000
copy: 1.000000 1.000000
epsilon: 0.0916670000000000
end_epsilon: 0.0000000000000000
pressure: 1.0000000000000000
lambda: 0.0000000000000000
lambda_coupling: 1.0000000000000000
uy: 0.0000000000000000
maximum_displacement: 1.0000000000000000
maximum_rotation: 1.0000000000000000
maximum_volume: 0.0000001000000000
maximum_shape: 0.0000001000000000
maximum_dsigma: 0.0100000000000000
mod: 10
pmod: 10
optimize: 1
verbose: 1
snapshot: 0
display: 1
explore: 1
npt: 0
nptxy: 0
nptdxdy: 0
shape: 0
seed: 227917
2.218044220944 9.005940409044 0.866025403784 0.500000000000
-17.343359064321 16.306198027579 0.000000000000 1.000000000000
-1.768967393741 0.123850333659 0.866025403784 -0.500000000000
10.321813152051 -5.091052208330 0.866025403784 0.500000000000
-2.262124563463 2.196192812756 0.000000000000 1.000000000000
-5.891172487351 0.249810018859 0.866025403784 -0.500000000000
2.272227971265 3.226163090746 0.000000000000 1.000000000000
11.359245665655 0.628018860467 0.866025403784 -0.500000000000
2.243971277320 1.118136838165 0.866025403784 -0.500000000000
