#Configurational_file created 2018-09-14 11:51:19  started 2018-09-14 11:51:18 run for 1.0s steps 0
name: gc_190
step: 10000
specie: 12
	particle_diameter: 1.0000000000000000
	interaction_length: 1.2000000000000000
	number_of_patches: 3
	number_of_particles_per_compound: 1
	rod_length: 1.0000000000000000
	interaction_matrix:  1.000000 1.000000 1.000000 1.000000 1.000000 1.000000 1.000000 1.000000 1.000000
	patch_type: symmetric
	patch_width: 8.0000000000000000
	patch_angle: 0.0000000000000000
	angles:  0.000000 0.000000 0.000000
	grand_canonical: 1
	chemical_potential: -1.8333330000000001
box: 10.000000 10.000000
copy: 1.000000 1.000000
epsilon: 0.0583340000000000
end_epsilon: 0.0000000000000000
pressure: 1.0000000000000000
lambda: 0.0000000000000000
lambda_coupling: 1.0000000000000000
uy: 0.0000000000000000
maximum_displacement: 1.0000000000000000
maximum_rotation: 1.0000000000000000
maximum_volume: 0.0000001000000000
maximum_shape: 0.0000001000000000
maximum_dsigma: 0.0100000000000000
mod: 10
pmod: 10
optimize: 1
verbose: 1
snapshot: 0
display: 1
explore: 1
npt: 0
nptxy: 0
nptdxdy: 0
shape: 0
seed: 218821
7.037296174587 11.506178421151 0.866025403784 0.500000000000
1.166832921767 7.906201372270 0.000000000000 1.000000000000
10.427231626491 -1.744093884233 0.866025403784 0.500000000000
4.046370317084 -2.664919952885 0.000000000000 1.000000000000
1.772321588936 -0.933387756796 0.866025403784 -0.500000000000
-1.693851891389 1.505525924427 0.000000000000 1.000000000000
-1.803860369201 -3.186059409127 0.000000000000 1.000000000000
-11.345071667929 -7.728790726979 0.866025403784 0.500000000000
9.676639495983 8.937072155793 0.866025403784 0.500000000000
14.623960646775 13.610846294391 0.866025403784 0.500000000000
10.518728898492 5.853071131613 0.866025403784 0.500000000000
3.353011114669 3.424292924974 0.866025403784 -0.500000000000
