#Configurational_file created 2018-09-14 11:50:36  started 2018-09-14 11:50:35 run for 1.0s steps 0
name: gc_125
step: 10000
specie: 8
	particle_diameter: 1.0000000000000000
	interaction_length: 1.2000000000000000
	number_of_patches: 3
	number_of_particles_per_compound: 1
	rod_length: 1.0000000000000000
	interaction_matrix:  1.000000 1.000000 1.000000 1.000000 1.000000 1.000000 1.000000 1.000000 1.000000
	patch_type: symmetric
	patch_width: 8.0000000000000000
	patch_angle: 0.0000000000000000
	angles:  0.000000 0.000000 0.000000
	grand_canonical: 1
	chemical_potential: -2.3333330000000001
box: 10.000000 10.000000
copy: 1.000000 1.000000
epsilon: 0.1000000000000000
end_epsilon: 0.0000000000000000
pressure: 1.0000000000000000
lambda: 0.0000000000000000
lambda_coupling: 1.0000000000000000
uy: 0.0000000000000000
maximum_displacement: 1.0000000000000000
maximum_rotation: 1.0000000000000000
maximum_volume: 0.0000001000000000
maximum_shape: 0.0000001000000000
maximum_dsigma: 0.0100000000000000
mod: 10
pmod: 10
optimize: 1
verbose: 1
snapshot: 0
display: 1
explore: 1
npt: 0
nptxy: 0
nptdxdy: 0
shape: 0
seed: 144916
9.612065428302 8.359589066097 0.000000000000 1.000000000000
1.013646551698 -3.974485721240 0.866025403784 0.500000000000
6.511084039005 -19.904071604617 0.866025403784 -0.500000000000
13.066772143724 1.521641360069 0.866025403784 -0.500000000000
5.415694327478 -2.522882740233 0.866025403784 0.500000000000
8.407718819814 2.748903055191 0.866025403784 -0.500000000000
7.509300146474 3.323511736740 0.866025403784 -0.500000000000
0.208576750750 -0.699509969614 0.866025403784 0.500000000000
