#Configurational_file created 2018-09-14 13:46:42  started 2018-09-14 13:46:41 run for 1.0s steps 0
name: gc_168
step: 10000
specie: 10
	particle_diameter: 1.0000000000000000
	interaction_length: 1.2000000000000000
	number_of_patches: 3
	number_of_particles_per_compound: 1
	rod_length: 1.0000000000000000
	interaction_matrix:  1.000000 1.000000 1.000000 1.000000 1.000000 1.000000 1.000000 1.000000 1.000000
	patch_type: symmetric
	patch_width: 8.0000000000000000
	patch_angle: 0.0000000000000000
	angles:  0.000000 0.000000 0.000000
	grand_canonical: 1
	chemical_potential: -2.3103449999999999
box: 10.000000 10.000000
copy: 1.000000 1.000000
epsilon: 0.2931040000000000
end_epsilon: 0.0000000000000000
pressure: 1.0000000000000000
lambda: 0.0000000000000000
lambda_coupling: 1.0000000000000000
uy: 0.0000000000000000
maximum_displacement: 1.0000000000000000
maximum_rotation: 1.0000000000000000
maximum_volume: 0.0000001000000000
maximum_shape: 0.0000001000000000
maximum_dsigma: 0.0100000000000000
mod: 10
pmod: 10
optimize: 1
verbose: 1
snapshot: 0
display: 1
explore: 1
npt: 0
nptxy: 0
nptdxdy: 0
shape: 0
seed: 193807
-4.755298584743 2.791080928755 0.866025403784 0.500000000000
2.896020479918 4.179044824236 0.866025403784 0.500000000000
24.970011049190 -1.208435501143 0.866025403784 -0.500000000000
4.854087585259 6.727211377693 0.866025403784 0.500000000000
-2.530069475994 9.107768444791 0.000000000000 1.000000000000
1.015854240138 4.930060815463 0.000000000000 1.000000000000
9.965983417861 3.041175787915 0.866025403784 -0.500000000000
4.714795760632 15.683233430173 0.000000000000 1.000000000000
-8.921050866479 11.452335686985 0.866025403784 -0.500000000000
-3.261538385358 -2.779104575494 0.866025403784 0.500000000000
