#Configurational_file created 2018-09-14 11:23:34  started 2018-09-14 11:23:33 run for 1.0s steps 0
name: gc_181
step: 10000
specie: 14
	particle_diameter: 1.0000000000000000
	interaction_length: 1.2000000000000000
	number_of_patches: 3
	number_of_particles_per_compound: 1
	rod_length: 1.0000000000000000
	interaction_matrix:  1.000000 1.000000 1.000000 1.000000 1.000000 1.000000 1.000000 1.000000 1.000000
	patch_type: symmetric
	patch_width: 8.0000000000000000
	patch_angle: 0.0000000000000000
	angles:  0.000000 0.000000 0.000000
	grand_canonical: 1
	chemical_potential: -1.8333330000000001
box: 10.000000 10.000000
copy: 1.000000 1.000000
epsilon: 0.4167460000000000
end_epsilon: 0.0000000000000000
pressure: 1.0000000000000000
lambda: 0.0000000000000000
lambda_coupling: 1.0000000000000000
uy: 0.0000000000000000
maximum_displacement: 1.0000000000000000
maximum_rotation: 1.0000000000000000
maximum_volume: 0.0000001000000000
maximum_shape: 0.0000001000000000
maximum_dsigma: 0.0100000000000000
mod: 10
pmod: 10
optimize: 1
verbose: 1
snapshot: 0
display: 1
explore: 1
npt: 0
nptxy: 0
nptdxdy: 0
shape: 0
seed: 208588
6.836387223955 21.496525728524 0.866025403784 -0.500000000000
-6.052175032180 3.102625998678 0.866025403784 0.500000000000
11.289578097481 -7.045246395697 0.866025403784 -0.500000000000
6.325059242461 -6.215310041333 0.866025403784 0.500000000000
8.041470026175 8.003408675089 0.866025403784 0.500000000000
6.496013538537 5.354020524736 0.000000000000 1.000000000000
4.768996522540 7.523520850879 0.000000000000 1.000000000000
2.995873441162 4.199381033414 0.866025403784 -0.500000000000
-7.243171513510 6.395431973432 0.866025403784 0.500000000000
9.124932287886 4.900040351184 0.866025403784 0.500000000000
4.730198703104 5.479727646763 0.866025403784 -0.500000000000
11.027336216115 1.665570393856 0.866025403784 -0.500000000000
8.269351142648 2.928801483187 0.866025403784 -0.500000000000
5.680285398997 0.113812632723 0.866025403784 -0.500000000000
