#Configurational_file created 2018-09-14 11:24:01  started 2018-09-14 11:24:01 run for 0.0s steps 0
name: gc_221
step: 10000
specie: 14
	particle_diameter: 1.0000000000000000
	interaction_length: 1.2000000000000000
	number_of_patches: 3
	number_of_particles_per_compound: 1
	rod_length: 1.0000000000000000
	interaction_matrix:  1.000000 1.000000 1.000000 1.000000 1.000000 1.000000 1.000000 1.000000 1.000000
	patch_type: symmetric
	patch_width: 8.0000000000000000
	patch_angle: 0.0000000000000000
	angles:  0.000000 0.000000 0.000000
	grand_canonical: 1
	chemical_potential: -1.6666669999999999
box: 10.000000 10.000000
copy: 1.000000 1.000000
epsilon: 1.6666829999999999
end_epsilon: 0.0000000000000000
pressure: 1.0000000000000000
lambda: 0.0000000000000000
lambda_coupling: 1.0000000000000000
uy: 0.0000000000000000
maximum_displacement: 1.0000000000000000
maximum_rotation: 1.0000000000000000
maximum_volume: 0.0000001000000000
maximum_shape: 0.0000001000000000
maximum_dsigma: 0.0100000000000000
mod: 10
pmod: 10
optimize: 1
verbose: 1
snapshot: 0
display: 1
explore: 1
npt: 0
nptxy: 0
nptdxdy: 0
shape: 0
seed: 254068
8.437878468771 7.493870869257 0.866025403784 -0.500000000000
9.221394928933 4.122753876494 0.000000000000 1.000000000000
6.786075573678 5.623058749514 0.000000000000 1.000000000000
-8.861923219007 2.602130898793 0.866025403784 0.500000000000
15.765978067651 2.076077398872 0.000000000000 1.000000000000
4.470931189103 15.626183489797 0.866025403784 0.500000000000
5.026087376330 1.397729600448 0.866025403784 -0.500000000000
17.438898886333 -2.955834472577 0.000000000000 1.000000000000
6.268425109675 3.674627415072 0.866025403784 -0.500000000000
18.199458670633 -5.891823000896 0.000000000000 1.000000000000
3.560743496568 -2.633182385028 0.866025403784 0.500000000000
1.190415670358 -3.457764120151 0.866025403784 0.500000000000
7.103453361999 11.219975386241 0.866025403784 0.500000000000
-2.872453315881 13.751294802018 0.000000000000 1.000000000000
