#Configurational_file created 2018-09-14 11:24:16  started 2018-09-14 11:24:15 run for 1.0s steps 0
name: gc_241
step: 10000
specie: 12
	particle_diameter: 1.0000000000000000
	interaction_length: 1.2000000000000000
	number_of_patches: 3
	number_of_particles_per_compound: 1
	rod_length: 1.0000000000000000
	interaction_matrix:  1.000000 1.000000 1.000000 1.000000 1.000000 1.000000 1.000000 1.000000 1.000000
	patch_type: symmetric
	patch_width: 8.0000000000000000
	patch_angle: 0.0000000000000000
	angles:  0.000000 0.000000 0.000000
	grand_canonical: 1
	chemical_potential: -1.5000000000000000
box: 10.000000 10.000000
copy: 1.000000 1.000000
epsilon: 1.2500370000000001
end_epsilon: 0.0000000000000000
pressure: 1.0000000000000000
lambda: 0.0000000000000000
lambda_coupling: 1.0000000000000000
uy: 0.0000000000000000
maximum_displacement: 1.0000000000000000
maximum_rotation: 1.0000000000000000
maximum_volume: 0.0000001000000000
maximum_shape: 0.0000001000000000
maximum_dsigma: 0.0100000000000000
mod: 10
pmod: 10
optimize: 1
verbose: 1
snapshot: 0
display: 1
explore: 1
npt: 0
nptxy: 0
nptdxdy: 0
shape: 0
seed: 276808
0.167606263718 22.568062662940 0.866025403784 0.500000000000
10.700343789330 5.909482303427 0.866025403784 -0.500000000000
1.821796101975 2.144334362450 0.000000000000 1.000000000000
7.948638759431 2.222702032117 0.000000000000 1.000000000000
11.804130305187 6.540791041126 0.866025403784 0.500000000000
4.593606101033 -1.222787364122 0.866025403784 -0.500000000000
-6.683899999955 -4.750652027422 0.866025403784 -0.500000000000
13.621324771859 1.845899670629 0.866025403784 0.500000000000
5.827673173950 11.420164030507 0.000000000000 1.000000000000
5.698384035984 9.266875170909 0.866025403784 0.500000000000
6.556816011383 2.454776598677 0.866025403784 -0.500000000000
6.063889514395 5.080673075019 0.866025403784 -0.500000000000
