#Configurational_file created 2018-09-11 17:03:46  started 2018-09-11 17:03:46 run for 0.0s steps 0
name: gc_21
step: 10000
specie: 20
	particle_diameter: 1.0000000000000000
	interaction_length: 1.2000000000000000
	number_of_patches: 3
	number_of_particles_per_compound: 1
	rod_length: 1.0000000000000000
	interaction_matrix:  1.000000 1.000000 1.000000 1.000000 1.000000 1.000000 1.000000 1.000000 1.000000
	patch_type: symmetric
	patch_width: 8.0000000000000000
	patch_angle: 0.0000000000000000
	angles:  0.000000 0.000000 0.000000
	grand_canonical: 1
	chemical_potential: -1.0000000000000000
box: 10.000000 10.000000
copy: 1.000000 1.000000
epsilon: 2.0000000000000000
end_epsilon: 0.0000000000000000
pressure: 1.0000000000000000
lambda: 0.0000000000000000
lambda_coupling: 1.0000000000000000
uy: 0.0000000000000000
maximum_displacement: 1.0000000000000000
maximum_rotation: 1.0000000000000000
maximum_volume: 0.0000001000000000
maximum_shape: 0.0000001000000000
maximum_dsigma: 0.0100000000000000
mod: 10
pmod: 10
optimize: 1
verbose: 1
snapshot: 0
display: 1
explore: 1
npt: 0
nptxy: 0
nptdxdy: 0
shape: 0
seed: 26747
12.460018941014 6.219778006920 0.000000000000 1.000000000000
-0.115525182755 2.697018675420 0.866025403784 -0.500000000000
-0.892247710444 17.110291476386 0.866025403784 -0.500000000000
-0.404096569930 11.021941404084 0.000000000000 1.000000000000
15.420082293561 11.183685873772 0.000000000000 1.000000000000
5.468311066227 2.160514756715 0.866025403784 0.500000000000
5.145605637996 4.312185761090 0.866025403784 -0.500000000000
3.610616522714 28.823574757931 0.866025403784 -0.500000000000
5.765715600770 13.518485698853 0.866025403784 0.500000000000
5.652304240230 -2.467891115405 0.866025403784 0.500000000000
12.517790974137 2.311204610765 0.866025403784 0.500000000000
4.668379832812 6.869661657141 0.000000000000 1.000000000000
5.793884183895 -0.744842881467 0.000000000000 1.000000000000
-2.917373311345 -0.015508190638 0.000000000000 1.000000000000
-1.415287452467 4.373353810824 0.866025403784 -0.500000000000
7.504352005684 5.192666369514 0.866025403784 0.500000000000
-2.382050699002 17.180817829760 0.000000000000 1.000000000000
0.957380714339 10.195678564411 0.866025403784 0.500000000000
3.583652120920 6.197136544861 0.866025403784 -0.500000000000
4.768990226950 9.255428551409 0.000000000000 1.000000000000
