#Configurational_file created 2018-09-14 12:19:42  started 2018-09-14 12:19:41 run for 1.0s steps 0
name: gc_28
step: 10000
specie: 21
	particle_diameter: 1.0000000000000000
	interaction_length: 1.2000000000000000
	number_of_patches: 3
	number_of_particles_per_compound: 1
	rod_length: 1.0000000000000000
	interaction_matrix:  1.000000 1.000000 1.000000 1.000000 1.000000 1.000000 1.000000 1.000000 1.000000
	patch_type: symmetric
	patch_width: 8.0000000000000000
	patch_angle: 0.0000000000000000
	angles:  0.000000 0.000000 0.000000
	grand_canonical: 1
	chemical_potential: -0.8333330000000000
box: 10.000000 10.000000
copy: 1.000000 1.000000
epsilon: 0.1000000000000000
end_epsilon: 0.0000000000000000
pressure: 1.0000000000000000
lambda: 0.0000000000000000
lambda_coupling: 1.0000000000000000
uy: 0.0000000000000000
maximum_displacement: 1.0000000000000000
maximum_rotation: 1.0000000000000000
maximum_volume: 0.0000001000000000
maximum_shape: 0.0000001000000000
maximum_dsigma: 0.0100000000000000
mod: 10
pmod: 10
optimize: 1
verbose: 1
snapshot: 0
display: 1
explore: 1
npt: 0
nptxy: 0
nptdxdy: 0
shape: 0
seed: 34627
9.774867597251 6.155572069075 0.866025403784 -0.500000000000
5.379442737130 6.661218245074 0.866025403784 0.500000000000
3.068743859118 9.409120050396 0.000000000000 1.000000000000
0.908058252226 23.923162290697 0.866025403784 -0.500000000000
8.373967000558 5.887734112885 0.866025403784 0.500000000000
-1.343228579359 17.055074549034 0.866025403784 0.500000000000
3.292746643131 4.358307765295 0.866025403784 -0.500000000000
9.465375601455 17.930410836738 0.000000000000 1.000000000000
-0.330427980391 20.819155791750 0.866025403784 -0.500000000000
1.803826832049 8.275140591108 0.866025403784 -0.500000000000
16.910961897271 8.976548668277 0.866025403784 -0.500000000000
5.954092037537 4.558614610564 0.000000000000 1.000000000000
0.537568321500 -0.368925533862 0.866025403784 -0.500000000000
15.511173866314 22.695458643891 0.866025403784 0.500000000000
14.168609562850 10.810184338475 0.000000000000 1.000000000000
2.404912849494 1.276714821372 0.866025403784 0.500000000000
2.412173275427 0.401726586064 0.000000000000 1.000000000000
11.190891847012 16.763528576103 0.866025403784 0.500000000000
2.574888827600 2.565579982594 0.866025403784 0.500000000000
0.748813071471 5.889026725817 0.000000000000 1.000000000000
7.456959291393 2.061079760255 0.866025403784 -0.500000000000
