#Configurational_file created 2018-09-14 13:47:47  started 2018-09-14 13:47:46 run for 1.0s steps 0
name: gc_268
step: 10000
specie: 8
	particle_diameter: 1.0000000000000000
	interaction_length: 1.2000000000000000
	number_of_patches: 3
	number_of_particles_per_compound: 1
	rod_length: 1.0000000000000000
	interaction_matrix:  1.000000 1.000000 1.000000 1.000000 1.000000 1.000000 1.000000 1.000000 1.000000
	patch_type: symmetric
	patch_width: 8.0000000000000000
	patch_angle: 0.0000000000000000
	angles:  0.000000 0.000000 0.000000
	grand_canonical: 1
	chemical_potential: -1.8965520000000000
box: 10.000000 10.000000
copy: 1.000000 1.000000
epsilon: 0.4655170000000000
end_epsilon: 0.0000000000000000
pressure: 1.0000000000000000
lambda: 0.0000000000000000
lambda_coupling: 1.0000000000000000
uy: 0.0000000000000000
maximum_displacement: 1.0000000000000000
maximum_rotation: 1.0000000000000000
maximum_volume: 0.0000001000000000
maximum_shape: 0.0000001000000000
maximum_dsigma: 0.0100000000000000
mod: 10
pmod: 10
optimize: 1
verbose: 1
snapshot: 0
display: 1
explore: 1
npt: 0
nptxy: 0
nptdxdy: 0
shape: 0
seed: 307507
4.271560657534 3.953289629304 0.000000000000 1.000000000000
-1.534230029713 5.598475864667 0.000000000000 1.000000000000
6.498021440751 6.913650952326 0.866025403784 -0.500000000000
24.028413284718 -1.651553528665 0.866025403784 0.500000000000
14.344012537511 6.465377341083 0.866025403784 0.500000000000
4.777242806470 -10.498323125127 0.866025403784 0.500000000000
7.345810522188 2.399636911336 0.866025403784 0.500000000000
2.400528303582 4.169698575960 0.866025403784 -0.500000000000
