#Configurational_file created 2018-09-14 11:23:59  started 2018-09-14 11:23:58 run for 1.0s steps 0
name: gc_217
step: 10000
specie: 14
	particle_diameter: 1.0000000000000000
	interaction_length: 1.2000000000000000
	number_of_patches: 3
	number_of_particles_per_compound: 1
	rod_length: 1.0000000000000000
	interaction_matrix:  1.000000 1.000000 1.000000 1.000000 1.000000 1.000000 1.000000 1.000000 1.000000
	patch_type: symmetric
	patch_width: 8.0000000000000000
	patch_angle: 0.0000000000000000
	angles:  0.000000 0.000000 0.000000
	grand_canonical: 1
	chemical_potential: -1.6666669999999999
box: 10.000000 10.000000
copy: 1.000000 1.000000
epsilon: 1.3333670000000000
end_epsilon: 0.0000000000000000
pressure: 1.0000000000000000
lambda: 0.0000000000000000
lambda_coupling: 1.0000000000000000
uy: 0.0000000000000000
maximum_displacement: 1.0000000000000000
maximum_rotation: 1.0000000000000000
maximum_volume: 0.0000001000000000
maximum_shape: 0.0000001000000000
maximum_dsigma: 0.0100000000000000
mod: 10
pmod: 10
optimize: 1
verbose: 1
snapshot: 0
display: 1
explore: 1
npt: 0
nptxy: 0
nptdxdy: 0
shape: 0
seed: 249520
9.010693724514 7.431643888549 0.000000000000 1.000000000000
1.298765090826 7.507477855165 0.866025403784 0.500000000000
8.718357936870 3.803764841513 0.866025403784 -0.500000000000
3.791435743426 2.248113473429 0.866025403784 0.500000000000
2.826055124402 2.302027192911 0.866025403784 -0.500000000000
17.737237615661 6.702638278748 0.000000000000 1.000000000000
-2.885881181509 16.825044027328 0.866025403784 0.500000000000
9.004805722000 8.962489632473 0.866025403784 -0.500000000000
-6.668979810400 10.756052353152 0.866025403784 0.500000000000
2.582412264156 6.502997142913 0.866025403784 -0.500000000000
9.891857000871 4.825134757695 0.000000000000 1.000000000000
6.657870705548 10.933818377443 0.000000000000 1.000000000000
3.866606720566 5.717512570423 0.000000000000 1.000000000000
9.515541299118 4.878199058158 0.866025403784 -0.500000000000
