#Configurational_file created 2018-09-14 11:24:43  started 2018-09-14 11:24:42 run for 1.0s steps 0
name: gc_278
step: 10000
specie: 22
	particle_diameter: 1.0000000000000000
	interaction_length: 1.2000000000000000
	number_of_patches: 3
	number_of_particles_per_compound: 1
	rod_length: 1.0000000000000000
	interaction_matrix:  1.000000 1.000000 1.000000 1.000000 1.000000 1.000000 1.000000 1.000000 1.000000
	patch_type: symmetric
	patch_width: 8.0000000000000000
	patch_angle: 0.0000000000000000
	angles:  0.000000 0.000000 0.000000
	grand_canonical: 1
	chemical_potential: -1.1666669999999999
box: 10.000000 10.000000
copy: 1.000000 1.000000
epsilon: 0.1667580000000000
end_epsilon: 0.0000000000000000
pressure: 1.0000000000000000
lambda: 0.0000000000000000
lambda_coupling: 1.0000000000000000
uy: 0.0000000000000000
maximum_displacement: 1.0000000000000000
maximum_rotation: 1.0000000000000000
maximum_volume: 0.0000001000000000
maximum_shape: 0.0000001000000000
maximum_dsigma: 0.0100000000000000
mod: 10
pmod: 10
optimize: 1
verbose: 1
snapshot: 0
display: 1
explore: 1
npt: 0
nptxy: 0
nptdxdy: 0
shape: 0
seed: 318877
-7.744503459646 -0.672518338216 0.866025403784 -0.500000000000
8.385240333409 5.734112583081 0.866025403784 0.500000000000
6.285507518082 1.305869769185 0.866025403784 0.500000000000
12.192989396961 2.232847012356 0.000000000000 1.000000000000
-1.003970264239 6.990960205832 0.866025403784 0.500000000000
19.764415042383 -4.530617089877 0.866025403784 0.500000000000
-16.073361367990 4.328146863003 0.866025403784 0.500000000000
3.916230075592 -0.702301311894 0.866025403784 0.500000000000
7.582364874853 9.971725794541 0.866025403784 -0.500000000000
-3.086375447122 6.548852449976 0.866025403784 0.500000000000
5.612487884794 -1.501236997053 0.866025403784 -0.500000000000
11.549845717910 14.723578920898 0.866025403784 -0.500000000000
10.517340778143 -11.915681013331 0.000000000000 1.000000000000
10.644094181053 4.259182283147 0.866025403784 0.500000000000
18.197369716952 8.570938169280 0.866025403784 -0.500000000000
5.328271800689 7.789763990794 0.866025403784 0.500000000000
12.455378813005 6.361309035622 0.000000000000 1.000000000000
1.756380486275 3.166263052798 0.866025403784 -0.500000000000
3.777790776173 0.869607507770 0.866025403784 -0.500000000000
1.002219310549 1.644746106672 0.000000000000 1.000000000000
5.431217097759 6.344780044402 0.000000000000 1.000000000000
2.469506405755 0.975656975445 0.866025403784 0.500000000000
