#Configurational_file created 2018-09-14 13:47:05  started 2018-09-14 13:47:04 run for 1.0s steps 0
name: gc_204
step: 10000
specie: 15
	particle_diameter: 1.0000000000000000
	interaction_length: 1.2000000000000000
	number_of_patches: 3
	number_of_particles_per_compound: 1
	rod_length: 1.0000000000000000
	interaction_matrix:  1.000000 1.000000 1.000000 1.000000 1.000000 1.000000 1.000000 1.000000 1.000000
	patch_type: symmetric
	patch_width: 8.0000000000000000
	patch_angle: 0.0000000000000000
	angles:  0.000000 0.000000 0.000000
	grand_canonical: 1
	chemical_potential: -2.1724139999999998
box: 10.000000 10.000000
copy: 1.000000 1.000000
epsilon: 0.3965520000000000
end_epsilon: 0.0000000000000000
pressure: 1.0000000000000000
lambda: 0.0000000000000000
lambda_coupling: 1.0000000000000000
uy: 0.0000000000000000
maximum_displacement: 1.0000000000000000
maximum_rotation: 1.0000000000000000
maximum_volume: 0.0000001000000000
maximum_shape: 0.0000001000000000
maximum_dsigma: 0.0100000000000000
mod: 10
pmod: 10
optimize: 1
verbose: 1
snapshot: 0
display: 1
explore: 1
npt: 0
nptxy: 0
nptdxdy: 0
shape: 0
seed: 234739
4.806675805502 29.249839876570 0.000000000000 1.000000000000
7.909375651026 18.471650690574 0.000000000000 1.000000000000
14.266808039848 4.231311705063 0.866025403784 0.500000000000
13.213464858492 11.012816190482 0.866025403784 0.500000000000
10.873488994194 8.146390586786 0.866025403784 -0.500000000000
-3.789546093389 0.227510542365 0.866025403784 -0.500000000000
2.559968694070 -11.622891779547 0.000000000000 1.000000000000
2.301565512634 -4.684849173725 0.000000000000 1.000000000000
11.509742805764 12.727321383348 0.866025403784 -0.500000000000
8.876789890440 5.664792117433 0.866025403784 0.500000000000
4.080120723511 10.984350693726 0.000000000000 1.000000000000
10.188563486430 2.869440184356 0.866025403784 -0.500000000000
5.664644890204 12.359162187484 0.866025403784 0.500000000000
6.208522580184 6.622596586591 0.000000000000 1.000000000000
1.693917645903 1.855108455321 0.866025403784 0.500000000000
