#Configurational_file created 2018-09-14 11:51:58  started 2018-09-14 11:51:57 run for 1.0s steps 0
name: gc_245
step: 10000
specie: 12
	particle_diameter: 1.0000000000000000
	interaction_length: 1.2000000000000000
	number_of_patches: 3
	number_of_particles_per_compound: 1
	rod_length: 1.0000000000000000
	interaction_matrix:  1.000000 1.000000 1.000000 1.000000 1.000000 1.000000 1.000000 1.000000 1.000000
	patch_type: symmetric
	patch_width: 8.0000000000000000
	patch_angle: 0.0000000000000000
	angles:  0.000000 0.000000 0.000000
	grand_canonical: 1
	chemical_potential: -1.5000000000000000
box: 10.000000 10.000000
copy: 1.000000 1.000000
epsilon: 0.0791670000000000
end_epsilon: 0.0000000000000000
pressure: 1.0000000000000000
lambda: 0.0000000000000000
lambda_coupling: 1.0000000000000000
uy: 0.0000000000000000
maximum_displacement: 1.0000000000000000
maximum_rotation: 1.0000000000000000
maximum_volume: 0.0000001000000000
maximum_shape: 0.0000001000000000
maximum_dsigma: 0.0100000000000000
mod: 10
pmod: 10
optimize: 1
verbose: 1
snapshot: 0
display: 1
explore: 1
npt: 0
nptxy: 0
nptdxdy: 0
shape: 0
seed: 281356
9.480486519096 -3.458311732988 0.866025403784 -0.500000000000
-5.742389981899 8.746504151154 0.866025403784 -0.500000000000
2.159452350375 16.166066848886 0.866025403784 0.500000000000
7.780423121121 11.683574110394 0.866025403784 -0.500000000000
-5.171226986235 5.714184251425 0.866025403784 0.500000000000
9.300181729088 10.892427323551 0.866025403784 0.500000000000
-0.109423288528 -4.741185409329 0.000000000000 1.000000000000
-5.269347950227 9.982903578062 0.000000000000 1.000000000000
4.320508240507 3.211997275275 0.000000000000 1.000000000000
13.803674704010 9.941138033359 0.866025403784 -0.500000000000
5.149421519209 4.532128878645 0.866025403784 0.500000000000
1.173829433338 12.073401155439 0.866025403784 0.500000000000
