#Configurational_file created 2018-09-14 11:52:14  started 2018-09-14 11:52:13 run for 1.0s steps 0
name: gc_266
step: 10000
specie: 18
	particle_diameter: 1.0000000000000000
	interaction_length: 1.2000000000000000
	number_of_patches: 3
	number_of_particles_per_compound: 1
	rod_length: 1.0000000000000000
	interaction_matrix:  1.000000 1.000000 1.000000 1.000000 1.000000 1.000000 1.000000 1.000000 1.000000
	patch_type: symmetric
	patch_width: 8.0000000000000000
	patch_angle: 0.0000000000000000
	angles:  0.000000 0.000000 0.000000
	grand_canonical: 1
	chemical_potential: -1.3333330000000001
box: 10.000000 10.000000
copy: 1.000000 1.000000
epsilon: 0.0625000000000000
end_epsilon: 0.0000000000000000
pressure: 1.0000000000000000
lambda: 0.0000000000000000
lambda_coupling: 1.0000000000000000
uy: 0.0000000000000000
maximum_displacement: 1.0000000000000000
maximum_rotation: 1.0000000000000000
maximum_volume: 0.0000001000000000
maximum_shape: 0.0000001000000000
maximum_dsigma: 0.0100000000000000
mod: 10
pmod: 10
optimize: 1
verbose: 1
snapshot: 0
display: 1
explore: 1
npt: 0
nptxy: 0
nptdxdy: 0
shape: 0
seed: 305233
-0.226421871255 2.877141214198 0.866025403784 0.500000000000
2.678887212247 9.240818300879 0.866025403784 0.500000000000
9.293401965161 1.038756361610 0.866025403784 0.500000000000
3.295933704239 11.516428291136 0.000000000000 1.000000000000
-7.153944356835 -2.657779222255 0.866025403784 -0.500000000000
-5.606709348612 8.118480606783 0.866025403784 0.500000000000
10.956157846955 16.059713856921 0.866025403784 -0.500000000000
6.344870103749 23.940521743130 0.000000000000 1.000000000000
-3.824512721984 6.888839899843 0.866025403784 -0.500000000000
14.834634814114 13.381304157979 0.866025403784 -0.500000000000
4.566998238779 15.745832606436 0.000000000000 1.000000000000
11.010014939460 10.229388683432 0.866025403784 -0.500000000000
1.724533558181 5.470717467109 0.000000000000 1.000000000000
-2.300131650325 3.410684351416 0.000000000000 1.000000000000
0.317530641070 3.917185685199 0.866025403784 0.500000000000
0.615261420948 -2.459311015610 0.866025403784 0.500000000000
8.698171931402 7.099707027041 0.000000000000 1.000000000000
5.094781542315 8.608404730714 0.000000000000 1.000000000000
