#Configurational_file created 2018-09-14 11:24:09  started 2018-09-14 11:24:08 run for 1.0s steps 0
name: gc_231
step: 10000
specie: 12
	particle_diameter: 1.0000000000000000
	interaction_length: 1.2000000000000000
	number_of_patches: 3
	number_of_particles_per_compound: 1
	rod_length: 1.0000000000000000
	interaction_matrix:  1.000000 1.000000 1.000000 1.000000 1.000000 1.000000 1.000000 1.000000 1.000000
	patch_type: symmetric
	patch_width: 8.0000000000000000
	patch_angle: 0.0000000000000000
	angles:  0.000000 0.000000 0.000000
	grand_canonical: 1
	chemical_potential: -1.5000000000000000
box: 10.000000 10.000000
copy: 1.000000 1.000000
epsilon: 0.4167460000000000
end_epsilon: 0.0000000000000000
pressure: 1.0000000000000000
lambda: 0.0000000000000000
lambda_coupling: 1.0000000000000000
uy: 0.0000000000000000
maximum_displacement: 1.0000000000000000
maximum_rotation: 1.0000000000000000
maximum_volume: 0.0000001000000000
maximum_shape: 0.0000001000000000
maximum_dsigma: 0.0100000000000000
mod: 10
pmod: 10
optimize: 1
verbose: 1
snapshot: 0
display: 1
explore: 1
npt: 0
nptxy: 0
nptdxdy: 0
shape: 0
seed: 265438
4.751185910773 7.849188464239 0.000000000000 1.000000000000
-1.854909753013 -6.180863582731 0.866025403784 -0.500000000000
5.145743200735 3.184864150308 0.866025403784 -0.500000000000
2.038346563044 7.571618425448 0.866025403784 0.500000000000
-2.570974532239 17.728321298422 0.866025403784 0.500000000000
5.816284204183 1.501074889219 0.866025403784 0.500000000000
4.991503821377 0.464707251056 0.866025403784 0.500000000000
4.087643830798 1.293330880563 0.866025403784 -0.500000000000
0.228160742333 5.243793551425 0.866025403784 -0.500000000000
0.237844641328 3.807426125202 0.866025403784 -0.500000000000
-0.970231868493 7.555396590440 0.866025403784 -0.500000000000
6.547431958439 12.505179504010 0.000000000000 1.000000000000
