#Configurational_file created 2018-09-14 11:24:15  started 2018-09-14 11:24:14 run for 1.0s steps 0
name: gc_240
step: 10000
specie: 15
	particle_diameter: 1.0000000000000000
	interaction_length: 1.2000000000000000
	number_of_patches: 3
	number_of_particles_per_compound: 1
	rod_length: 1.0000000000000000
	interaction_matrix:  1.000000 1.000000 1.000000 1.000000 1.000000 1.000000 1.000000 1.000000 1.000000
	patch_type: symmetric
	patch_width: 8.0000000000000000
	patch_angle: 0.0000000000000000
	angles:  0.000000 0.000000 0.000000
	grand_canonical: 1
	chemical_potential: -1.5000000000000000
box: 10.000000 10.000000
copy: 1.000000 1.000000
epsilon: 1.1667080000000001
end_epsilon: 0.0000000000000000
pressure: 1.0000000000000000
lambda: 0.0000000000000000
lambda_coupling: 1.0000000000000000
uy: 0.0000000000000000
maximum_displacement: 1.0000000000000000
maximum_rotation: 1.0000000000000000
maximum_volume: 0.0000001000000000
maximum_shape: 0.0000001000000000
maximum_dsigma: 0.0100000000000000
mod: 10
pmod: 10
optimize: 1
verbose: 1
snapshot: 0
display: 1
explore: 1
npt: 0
nptxy: 0
nptdxdy: 0
shape: 0
seed: 275671
-5.924991818663 12.002674510022 0.866025403784 0.500000000000
6.434314566899 0.431471509043 0.866025403784 0.500000000000
0.937846761009 3.136029808552 0.866025403784 -0.500000000000
-17.225873984582 24.003654299633 0.866025403784 0.500000000000
-8.199084734731 2.999223932299 0.866025403784 0.500000000000
-11.500245893796 58.993526434574 0.866025403784 -0.500000000000
11.719445455512 -0.069034886086 0.866025403784 0.500000000000
1.769540465321 4.428572076517 0.866025403784 0.500000000000
6.446281156305 4.660479604573 0.866025403784 0.500000000000
-1.697610923514 -7.279811601806 0.866025403784 0.500000000000
-0.949929380022 6.249289819163 0.866025403784 0.500000000000
3.773363740132 7.521855654887 0.000000000000 1.000000000000
2.127747735884 1.413212890029 0.866025403784 -0.500000000000
9.275134950630 7.386097744884 0.000000000000 1.000000000000
2.729191082712 7.516672779357 0.866025403784 0.500000000000
