#Configurational_file created 2018-09-14 11:24:32  started 2018-09-14 11:24:31 run for 1.0s steps 0
name: gc_263
step: 10000
specie: 16
	particle_diameter: 1.0000000000000000
	interaction_length: 1.2000000000000000
	number_of_patches: 3
	number_of_particles_per_compound: 1
	rod_length: 1.0000000000000000
	interaction_matrix:  1.000000 1.000000 1.000000 1.000000 1.000000 1.000000 1.000000 1.000000 1.000000
	patch_type: symmetric
	patch_width: 8.0000000000000000
	patch_angle: 0.0000000000000000
	angles:  0.000000 0.000000 0.000000
	grand_canonical: 1
	chemical_potential: -1.3333330000000001
box: 10.000000 10.000000
copy: 1.000000 1.000000
epsilon: 1.0000500000000001
end_epsilon: 0.0000000000000000
pressure: 1.0000000000000000
lambda: 0.0000000000000000
lambda_coupling: 1.0000000000000000
uy: 0.0000000000000000
maximum_displacement: 1.0000000000000000
maximum_rotation: 1.0000000000000000
maximum_volume: 0.0000001000000000
maximum_shape: 0.0000001000000000
maximum_dsigma: 0.0100000000000000
mod: 10
pmod: 10
optimize: 1
verbose: 1
snapshot: 0
display: 1
explore: 1
npt: 0
nptxy: 0
nptdxdy: 0
shape: 0
seed: 301822
12.438778686268 11.304527003549 0.866025403784 0.500000000000
4.573498782467 12.059345413495 0.866025403784 0.500000000000
-0.013689194350 1.741105899302 0.866025403784 0.500000000000
6.965305152187 7.034876146504 0.866025403784 -0.500000000000
6.211153681085 14.270974773354 0.866025403784 0.500000000000
6.663744383731 -0.121323939917 0.866025403784 0.500000000000
6.639012466316 2.310351445819 0.866025403784 -0.500000000000
0.985993864418 -1.914003963831 0.866025403784 0.500000000000
-1.062434902643 4.240799344443 0.866025403784 -0.500000000000
9.864360748649 7.293357468301 0.866025403784 -0.500000000000
21.277926656555 -4.668797665552 0.866025403784 0.500000000000
-5.581578594239 -0.171570145663 0.000000000000 1.000000000000
7.742011465452 9.252117556200 0.866025403784 -0.500000000000
10.214847429390 9.208506174158 0.866025403784 0.500000000000
6.223637638112 -1.806683326805 0.866025403784 -0.500000000000
13.439503528173 -1.907675745517 0.866025403784 -0.500000000000
