#Configurational_file created 2018-09-14 11:24:53  started 2018-09-14 11:24:52 run for 1.0s steps 0
name: gc_292
step: 10000
specie: 15
	particle_diameter: 1.0000000000000000
	interaction_length: 1.2000000000000000
	number_of_patches: 3
	number_of_particles_per_compound: 1
	rod_length: 1.0000000000000000
	interaction_matrix:  1.000000 1.000000 1.000000 1.000000 1.000000 1.000000 1.000000 1.000000 1.000000
	patch_type: symmetric
	patch_width: 8.0000000000000000
	patch_angle: 0.0000000000000000
	angles:  0.000000 0.000000 0.000000
	grand_canonical: 1
	chemical_potential: -1.1666669999999999
box: 10.000000 10.000000
copy: 1.000000 1.000000
epsilon: 1.3333670000000000
end_epsilon: 0.0000000000000000
pressure: 1.0000000000000000
lambda: 0.0000000000000000
lambda_coupling: 1.0000000000000000
uy: 0.0000000000000000
maximum_displacement: 1.0000000000000000
maximum_rotation: 1.0000000000000000
maximum_volume: 0.0000001000000000
maximum_shape: 0.0000001000000000
maximum_dsigma: 0.0100000000000000
mod: 10
pmod: 10
optimize: 1
verbose: 1
snapshot: 0
display: 1
explore: 1
npt: 0
nptxy: 0
nptdxdy: 0
shape: 0
seed: 334795
12.273598949680 9.191083377454 0.000000000000 1.000000000000
4.173212929726 -7.963147087264 0.866025403784 0.500000000000
3.091750322166 11.322242932462 0.866025403784 0.500000000000
8.119986523156 14.874018001729 0.000000000000 1.000000000000
-4.397081502736 9.919676443976 0.866025403784 -0.500000000000
10.995441779219 19.456183425549 0.866025403784 0.500000000000
9.298613925193 23.601507875864 0.866025403784 0.500000000000
6.279320911622 5.655057755171 0.866025403784 -0.500000000000
4.747791524250 12.609993284916 0.000000000000 1.000000000000
11.047325286248 7.850033646044 0.000000000000 1.000000000000
13.797207303112 13.473542934460 0.000000000000 1.000000000000
5.408079943760 14.750686167188 0.866025403784 -0.500000000000
2.132648860160 -4.348387861777 0.000000000000 1.000000000000
0.246181186835 -3.177381862891 0.000000000000 1.000000000000
6.746459398592 9.158677212373 0.000000000000 1.000000000000
