#Configurational_file created 2018-09-14 11:52:06  started 2018-09-14 11:52:05 run for 1.0s steps 0
name: gc_256
step: 10000
specie: 10
	particle_diameter: 1.0000000000000000
	interaction_length: 1.2000000000000000
	number_of_patches: 3
	number_of_particles_per_compound: 1
	rod_length: 1.0000000000000000
	interaction_matrix:  1.000000 1.000000 1.000000 1.000000 1.000000 1.000000 1.000000 1.000000 1.000000
	patch_type: symmetric
	patch_width: 8.0000000000000000
	patch_angle: 0.0000000000000000
	angles:  0.000000 0.000000 0.000000
	grand_canonical: 1
	chemical_potential: -1.3333330000000001
box: 10.000000 10.000000
copy: 1.000000 1.000000
epsilon: 0.0208340000000000
end_epsilon: 0.0000000000000000
pressure: 1.0000000000000000
lambda: 0.0000000000000000
lambda_coupling: 1.0000000000000000
uy: 0.0000000000000000
maximum_displacement: 1.0000000000000000
maximum_rotation: 1.0000000000000000
maximum_volume: 0.0000001000000000
maximum_shape: 0.0000001000000000
maximum_dsigma: 0.0100000000000000
mod: 10
pmod: 10
optimize: 1
verbose: 1
snapshot: 0
display: 1
explore: 1
npt: 0
nptxy: 0
nptdxdy: 0
shape: 0
seed: 293863
32.947526323806 36.237106007258 0.866025403784 -0.500000000000
6.909588996624 11.756277627895 0.000000000000 1.000000000000
9.577161719588 4.817833316116 0.000000000000 1.000000000000
4.941121521665 7.198482977268 0.866025403784 0.500000000000
3.321229372587 1.763792604857 0.866025403784 0.500000000000
7.437242963621 5.239920514805 0.866025403784 -0.500000000000
12.102699998473 13.136779940948 0.866025403784 0.500000000000
25.905411845252 -6.286638005695 0.866025403784 -0.500000000000
6.192705838321 10.673512723800 0.866025403784 0.500000000000
9.684952727697 7.851717341202 0.000000000000 1.000000000000
