#Configurational_file created 2018-09-14 11:23:50  started 2018-09-14 11:23:49 run for 1.0s steps 0
name: gc_204
step: 10000
specie: 13
	particle_diameter: 1.0000000000000000
	interaction_length: 1.2000000000000000
	number_of_patches: 3
	number_of_particles_per_compound: 1
	rod_length: 1.0000000000000000
	interaction_matrix:  1.000000 1.000000 1.000000 1.000000 1.000000 1.000000 1.000000 1.000000 1.000000
	patch_type: symmetric
	patch_width: 8.0000000000000000
	patch_angle: 0.0000000000000000
	angles:  0.000000 0.000000 0.000000
	grand_canonical: 1
	chemical_potential: -1.6666669999999999
box: 10.000000 10.000000
copy: 1.000000 1.000000
epsilon: 0.2500870000000000
end_epsilon: 0.0000000000000000
pressure: 1.0000000000000000
lambda: 0.0000000000000000
lambda_coupling: 1.0000000000000000
uy: 0.0000000000000000
maximum_displacement: 1.0000000000000000
maximum_rotation: 1.0000000000000000
maximum_volume: 0.0000001000000000
maximum_shape: 0.0000001000000000
maximum_dsigma: 0.0100000000000000
mod: 10
pmod: 10
optimize: 1
verbose: 1
snapshot: 0
display: 1
explore: 1
npt: 0
nptxy: 0
nptdxdy: 0
shape: 0
seed: 234739
-3.163972424614 2.676943979343 0.866025403784 -0.500000000000
4.923967123564 8.008674255652 0.866025403784 0.500000000000
4.973604322194 2.095324539836 0.866025403784 -0.500000000000
2.295211822457 7.974030745366 0.866025403784 0.500000000000
15.746663423989 6.261655435921 0.000000000000 1.000000000000
-0.872846057773 14.245683295723 0.866025403784 -0.500000000000
-2.311419365740 -5.061232707953 0.000000000000 1.000000000000
9.216025498427 6.955148768388 0.866025403784 0.500000000000
3.368565898441 7.952085461884 0.866025403784 -0.500000000000
7.489782631579 7.357588945029 0.866025403784 0.500000000000
0.748850162856 3.178651632778 0.866025403784 -0.500000000000
1.138633191200 -0.117984367981 0.000000000000 1.000000000000
3.563910444080 6.005953622179 0.866025403784 0.500000000000
