#Configurational_file created 2018-09-14 11:51:49  started 2018-09-14 11:51:49 run for 0.0s steps 0
name: gc_233
step: 10000
specie: 10
	particle_diameter: 1.0000000000000000
	interaction_length: 1.2000000000000000
	number_of_patches: 3
	number_of_particles_per_compound: 1
	rod_length: 1.0000000000000000
	interaction_matrix:  1.000000 1.000000 1.000000 1.000000 1.000000 1.000000 1.000000 1.000000 1.000000
	patch_type: symmetric
	patch_width: 8.0000000000000000
	patch_angle: 0.0000000000000000
	angles:  0.000000 0.000000 0.000000
	grand_canonical: 1
	chemical_potential: -1.5000000000000000
box: 10.000000 10.000000
copy: 1.000000 1.000000
epsilon: 0.0291670000000000
end_epsilon: 0.0000000000000000
pressure: 1.0000000000000000
lambda: 0.0000000000000000
lambda_coupling: 1.0000000000000000
uy: 0.0000000000000000
maximum_displacement: 1.0000000000000000
maximum_rotation: 1.0000000000000000
maximum_volume: 0.0000001000000000
maximum_shape: 0.0000001000000000
maximum_dsigma: 0.0100000000000000
mod: 10
pmod: 10
optimize: 1
verbose: 1
snapshot: 0
display: 1
explore: 1
npt: 0
nptxy: 0
nptdxdy: 0
shape: 0
seed: 267712
3.072303279744 7.676466805966 0.866025403784 0.500000000000
10.442491869897 8.837848430463 0.000000000000 1.000000000000
3.800812204296 8.671982106550 0.866025403784 0.500000000000
8.615915183842 6.159136235195 0.866025403784 -0.500000000000
18.976751258560 17.810643836920 0.866025403784 0.500000000000
6.511624496660 4.281581757503 0.000000000000 1.000000000000
11.411513722911 1.975923474385 0.866025403784 0.500000000000
12.157656791056 6.632758641765 0.866025403784 0.500000000000
0.023789808897 11.609109025691 0.000000000000 1.000000000000
8.773765363637 0.262601969809 0.866025403784 0.500000000000
