#Configurational_file created 2018-09-14 11:52:30  started 2018-09-14 11:52:29 run for 1.0s steps 0
name: gc_287
step: 10000
specie: 15
	particle_diameter: 1.0000000000000000
	interaction_length: 1.2000000000000000
	number_of_patches: 3
	number_of_particles_per_compound: 1
	rod_length: 1.0000000000000000
	interaction_matrix:  1.000000 1.000000 1.000000 1.000000 1.000000 1.000000 1.000000 1.000000 1.000000
	patch_type: symmetric
	patch_width: 8.0000000000000000
	patch_angle: 0.0000000000000000
	angles:  0.000000 0.000000 0.000000
	grand_canonical: 1
	chemical_potential: -1.1666669999999999
box: 10.000000 10.000000
copy: 1.000000 1.000000
epsilon: 0.0458340000000000
end_epsilon: 0.0000000000000000
pressure: 1.0000000000000000
lambda: 0.0000000000000000
lambda_coupling: 1.0000000000000000
uy: 0.0000000000000000
maximum_displacement: 1.0000000000000000
maximum_rotation: 1.0000000000000000
maximum_volume: 0.0000001000000000
maximum_shape: 0.0000001000000000
maximum_dsigma: 0.0100000000000000
mod: 10
pmod: 10
optimize: 1
verbose: 1
snapshot: 0
display: 1
explore: 1
npt: 0
nptxy: 0
nptdxdy: 0
shape: 0
seed: 329110
7.256034936794 -6.574445579325 0.866025403784 -0.500000000000
-5.377160911297 4.230798026089 0.866025403784 0.500000000000
9.114201325660 7.363629538381 0.000000000000 1.000000000000
-20.872690598135 -6.693486407370 0.000000000000 1.000000000000
1.071214202877 12.980011003999 0.866025403784 0.500000000000
-1.827492713984 6.336231832216 0.866025403784 -0.500000000000
10.501681106049 4.873552541890 0.866025403784 -0.500000000000
6.261862726737 6.698711874050 0.000000000000 1.000000000000
17.395937899255 19.798267258706 0.000000000000 1.000000000000
3.551567196369 2.420750229566 0.000000000000 1.000000000000
11.179070989605 -0.398736621458 0.000000000000 1.000000000000
-3.532289835261 2.818312213411 0.866025403784 0.500000000000
2.278742172185 10.359238990098 0.866025403784 0.500000000000
23.409908412143 -5.578485554022 0.866025403784 -0.500000000000
9.490063657713 0.162916416504 0.866025403784 0.500000000000
