#Configurational_file created 2018-09-14 11:24:06  started 2018-09-14 11:24:06 run for 0.0s steps 0
name: gc_228
step: 10000
specie: 19
	particle_diameter: 1.0000000000000000
	interaction_length: 1.2000000000000000
	number_of_patches: 3
	number_of_particles_per_compound: 1
	rod_length: 1.0000000000000000
	interaction_matrix:  1.000000 1.000000 1.000000 1.000000 1.000000 1.000000 1.000000 1.000000 1.000000
	patch_type: symmetric
	patch_width: 8.0000000000000000
	patch_angle: 0.0000000000000000
	angles:  0.000000 0.000000 0.000000
	grand_canonical: 1
	chemical_potential: -1.5000000000000000
box: 10.000000 10.000000
copy: 1.000000 1.000000
epsilon: 0.1667580000000000
end_epsilon: 0.0000000000000000
pressure: 1.0000000000000000
lambda: 0.0000000000000000
lambda_coupling: 1.0000000000000000
uy: 0.0000000000000000
maximum_displacement: 1.0000000000000000
maximum_rotation: 1.0000000000000000
maximum_volume: 0.0000001000000000
maximum_shape: 0.0000001000000000
maximum_dsigma: 0.0100000000000000
mod: 10
pmod: 10
optimize: 1
verbose: 1
snapshot: 0
display: 1
explore: 1
npt: 0
nptxy: 0
nptdxdy: 0
shape: 0
seed: 262027
9.244735642322 -10.920643519954 0.866025403784 -0.500000000000
16.099307409990 11.170566096945 0.866025403784 -0.500000000000
5.865803073450 8.102012598693 0.000000000000 1.000000000000
11.306887666679 8.369479498964 0.866025403784 -0.500000000000
-4.840847549120 -9.965278324635 0.000000000000 1.000000000000
7.102641577349 2.254929682697 0.866025403784 -0.500000000000
9.661197057965 24.475498471141 0.866025403784 0.500000000000
4.761698752745 1.676045361065 0.866025403784 0.500000000000
-1.147530119878 -2.149880308634 0.866025403784 -0.500000000000
6.421310512731 4.317819153839 0.000000000000 1.000000000000
-2.228852158239 1.963762543097 0.000000000000 1.000000000000
8.250677519383 -4.341915227272 0.000000000000 1.000000000000
8.771641562868 12.675580665458 0.866025403784 -0.500000000000
4.046125791090 6.979321079525 0.866025403784 0.500000000000
-2.607197540819 -3.295651271485 0.866025403784 -0.500000000000
1.989215041015 2.430611818601 0.866025403784 -0.500000000000
4.093531199582 -2.015572283846 0.866025403784 0.500000000000
4.498850368261 6.030373634510 0.000000000000 1.000000000000
-0.207329773077 7.413411077530 0.866025403784 0.500000000000
