#Configurational_file created 2018-09-14 11:52:36  started 2018-09-14 11:52:35 run for 1.0s steps 0
name: gc_295
step: 10000
specie: 14
	particle_diameter: 1.0000000000000000
	interaction_length: 1.2000000000000000
	number_of_patches: 3
	number_of_particles_per_compound: 1
	rod_length: 1.0000000000000000
	interaction_matrix:  1.000000 1.000000 1.000000 1.000000 1.000000 1.000000 1.000000 1.000000 1.000000
	patch_type: symmetric
	patch_width: 8.0000000000000000
	patch_angle: 0.0000000000000000
	angles:  0.000000 0.000000 0.000000
	grand_canonical: 1
	chemical_potential: -1.1666669999999999
box: 10.000000 10.000000
copy: 1.000000 1.000000
epsilon: 0.0791670000000000
end_epsilon: 0.0000000000000000
pressure: 1.0000000000000000
lambda: 0.0000000000000000
lambda_coupling: 1.0000000000000000
uy: 0.0000000000000000
maximum_displacement: 1.0000000000000000
maximum_rotation: 1.0000000000000000
maximum_volume: 0.0000001000000000
maximum_shape: 0.0000001000000000
maximum_dsigma: 0.0100000000000000
mod: 10
pmod: 10
optimize: 1
verbose: 1
snapshot: 0
display: 1
explore: 1
npt: 0
nptxy: 0
nptdxdy: 0
shape: 0
seed: 338206
-16.198485470796 23.183402297236 0.866025403784 -0.500000000000
1.415517403882 10.241391601657 0.866025403784 -0.500000000000
28.259828522956 7.134339864260 0.000000000000 1.000000000000
5.842116840254 -1.200164742426 0.866025403784 0.500000000000
10.075689745771 -0.710792962366 0.000000000000 1.000000000000
2.678696277891 2.214870527166 0.866025403784 0.500000000000
3.428154654955 -5.886040545950 0.866025403784 -0.500000000000
-6.947734093127 9.832170842908 0.866025403784 -0.500000000000
1.713484931298 -1.172819691224 0.866025403784 -0.500000000000
6.186009294825 10.099634158208 0.866025403784 0.500000000000
10.124779168119 0.122109220020 0.866025403784 0.500000000000
0.171944338225 2.986073099660 0.000000000000 1.000000000000
1.052032399239 2.051726063205 0.000000000000 1.000000000000
0.577892591737 7.378860067267 0.866025403784 0.500000000000
