#Configurational_file created 2018-09-14 11:24:29  started 2018-09-14 11:24:28 run for 1.0s steps 0
name: gc_259
step: 10000
specie: 11
	particle_diameter: 1.0000000000000000
	interaction_length: 1.2000000000000000
	number_of_patches: 3
	number_of_particles_per_compound: 1
	rod_length: 1.0000000000000000
	interaction_matrix:  1.000000 1.000000 1.000000 1.000000 1.000000 1.000000 1.000000 1.000000 1.000000
	patch_type: symmetric
	patch_width: 8.0000000000000000
	patch_angle: 0.0000000000000000
	angles:  0.000000 0.000000 0.000000
	grand_canonical: 1
	chemical_potential: -1.3333330000000001
box: 10.000000 10.000000
copy: 1.000000 1.000000
epsilon: 0.6667330000000000
end_epsilon: 0.0000000000000000
pressure: 1.0000000000000000
lambda: 0.0000000000000000
lambda_coupling: 1.0000000000000000
uy: 0.0000000000000000
maximum_displacement: 1.0000000000000000
maximum_rotation: 1.0000000000000000
maximum_volume: 0.0000001000000000
maximum_shape: 0.0000001000000000
maximum_dsigma: 0.0100000000000000
mod: 10
pmod: 10
optimize: 1
verbose: 1
snapshot: 0
display: 1
explore: 1
npt: 0
nptxy: 0
nptdxdy: 0
shape: 0
seed: 297274
19.132557199632 13.587050631675 0.000000000000 1.000000000000
1.470845705955 5.766902980087 0.866025403784 0.500000000000
5.743673539594 6.136005318589 0.866025403784 0.500000000000
12.503126668438 11.354238144795 0.866025403784 -0.500000000000
1.969232513566 6.993097413464 0.000000000000 1.000000000000
-10.337740438000 -1.649587775626 0.866025403784 -0.500000000000
-7.242408675861 0.436971735286 0.000000000000 1.000000000000
15.733020338048 -30.929554734432 0.866025403784 -0.500000000000
-1.285356664946 -0.332895880062 0.866025403784 -0.500000000000
3.697976114703 7.201289618069 0.866025403784 -0.500000000000
-3.905335052733 11.804168879123 0.866025403784 -0.500000000000
