#Configurational_file created 2018-09-14 11:24:28  started 2018-09-14 11:24:27 run for 1.0s steps 0
name: gc_258
step: 10000
specie: 16
	particle_diameter: 1.0000000000000000
	interaction_length: 1.2000000000000000
	number_of_patches: 3
	number_of_particles_per_compound: 1
	rod_length: 1.0000000000000000
	interaction_matrix:  1.000000 1.000000 1.000000 1.000000 1.000000 1.000000 1.000000 1.000000 1.000000
	patch_type: symmetric
	patch_width: 8.0000000000000000
	patch_angle: 0.0000000000000000
	angles:  0.000000 0.000000 0.000000
	grand_canonical: 1
	chemical_potential: -1.3333330000000001
box: 10.000000 10.000000
copy: 1.000000 1.000000
epsilon: 0.5834040000000000
end_epsilon: 0.0000000000000000
pressure: 1.0000000000000000
lambda: 0.0000000000000000
lambda_coupling: 1.0000000000000000
uy: 0.0000000000000000
maximum_displacement: 1.0000000000000000
maximum_rotation: 1.0000000000000000
maximum_volume: 0.0000001000000000
maximum_shape: 0.0000001000000000
maximum_dsigma: 0.0100000000000000
mod: 10
pmod: 10
optimize: 1
verbose: 1
snapshot: 0
display: 1
explore: 1
npt: 0
nptxy: 0
nptdxdy: 0
shape: 0
seed: 296137
8.053930874822 -6.461686056413 0.000000000000 1.000000000000
10.047336219167 5.197449538653 0.000000000000 1.000000000000
6.046986068679 6.067222957930 0.866025403784 0.500000000000
2.334927292565 1.995733509954 0.866025403784 0.500000000000
0.814998708140 2.265555470672 0.866025403784 0.500000000000
10.132422214794 6.100885408310 0.866025403784 -0.500000000000
13.912379103614 -6.706622752974 0.000000000000 1.000000000000
-20.943371168266 21.295579111283 0.866025403784 0.500000000000
-1.999616247178 0.414963929039 0.866025403784 0.500000000000
13.879899058523 8.831099394184 0.000000000000 1.000000000000
17.994995527983 0.968644893337 0.866025403784 -0.500000000000
-1.464737173444 4.866564061108 0.000000000000 1.000000000000
4.879574477107 5.066833023805 0.866025403784 -0.500000000000
0.638551627531 7.887528403498 0.000000000000 1.000000000000
9.803018300145 8.998993556975 0.866025403784 -0.500000000000
5.810739394471 8.742360919473 0.866025403784 0.500000000000
