#Configurational_file created 2018-09-14 13:47:41  started 2018-09-14 13:47:40 run for 1.0s steps 0
name: gc_259
step: 10000
specie: 11
	particle_diameter: 1.0000000000000000
	interaction_length: 1.2000000000000000
	number_of_patches: 3
	number_of_particles_per_compound: 1
	rod_length: 1.0000000000000000
	interaction_matrix:  1.000000 1.000000 1.000000 1.000000 1.000000 1.000000 1.000000 1.000000 1.000000
	patch_type: symmetric
	patch_width: 8.0000000000000000
	patch_angle: 0.0000000000000000
	angles:  0.000000 0.000000 0.000000
	grand_canonical: 1
	chemical_potential: -1.8965520000000000
box: 10.000000 10.000000
copy: 1.000000 1.000000
epsilon: 0.3103450000000000
end_epsilon: 0.0000000000000000
pressure: 1.0000000000000000
lambda: 0.0000000000000000
lambda_coupling: 1.0000000000000000
uy: 0.0000000000000000
maximum_displacement: 1.0000000000000000
maximum_rotation: 1.0000000000000000
maximum_volume: 0.0000001000000000
maximum_shape: 0.0000001000000000
maximum_dsigma: 0.0100000000000000
mod: 10
pmod: 10
optimize: 1
verbose: 1
snapshot: 0
display: 1
explore: 1
npt: 0
nptxy: 0
nptdxdy: 0
shape: 0
seed: 297274
21.092427075841 8.309044081429 0.866025403784 0.500000000000
5.402338523099 2.629777138695 0.866025403784 -0.500000000000
16.421890087740 3.129646585487 0.866025403784 0.500000000000
7.401716942175 1.148521133358 0.866025403784 -0.500000000000
11.640219868346 15.425130797220 0.866025403784 -0.500000000000
0.322494873375 3.337909914737 0.866025403784 0.500000000000
2.094703964011 3.747638242418 0.866025403784 -0.500000000000
2.566020092332 8.650517085234 0.866025403784 0.500000000000
7.035376902549 16.771266422927 0.000000000000 1.000000000000
5.275968679251 5.851941993962 0.000000000000 1.000000000000
9.692330689775 4.075927817040 0.866025403784 -0.500000000000
