#Configurational_file created 2018-09-14 11:24:19  started 2018-09-14 11:24:18 run for 1.0s steps 0
name: gc_246
step: 10000
specie: 14
	particle_diameter: 1.0000000000000000
	interaction_length: 1.2000000000000000
	number_of_patches: 3
	number_of_particles_per_compound: 1
	rod_length: 1.0000000000000000
	interaction_matrix:  1.000000 1.000000 1.000000 1.000000 1.000000 1.000000 1.000000 1.000000 1.000000
	patch_type: symmetric
	patch_width: 8.0000000000000000
	patch_angle: 0.0000000000000000
	angles:  0.000000 0.000000 0.000000
	grand_canonical: 1
	chemical_potential: -1.5000000000000000
box: 10.000000 10.000000
copy: 1.000000 1.000000
epsilon: 1.6666829999999999
end_epsilon: 0.0000000000000000
pressure: 1.0000000000000000
lambda: 0.0000000000000000
lambda_coupling: 1.0000000000000000
uy: 0.0000000000000000
maximum_displacement: 1.0000000000000000
maximum_rotation: 1.0000000000000000
maximum_volume: 0.0000001000000000
maximum_shape: 0.0000001000000000
maximum_dsigma: 0.0100000000000000
mod: 10
pmod: 10
optimize: 1
verbose: 1
snapshot: 0
display: 1
explore: 1
npt: 0
nptxy: 0
nptdxdy: 0
shape: 0
seed: 282493
19.296403523576 45.071007992107 0.866025403784 -0.500000000000
20.797906530627 0.535126192845 0.866025403784 0.500000000000
8.356556455048 11.778412541124 0.866025403784 0.500000000000
16.412355506745 -2.051351696783 0.866025403784 0.500000000000
10.303755831096 -15.077217975261 0.866025403784 0.500000000000
4.909936235534 1.827045231546 0.866025403784 0.500000000000
4.125012303263 5.608209147737 0.866025403784 -0.500000000000
-3.152043360553 18.523237632750 0.866025403784 -0.500000000000
32.523376763461 0.443259588076 0.866025403784 0.500000000000
-0.225812605105 -1.492361532330 0.000000000000 1.000000000000
5.857946015170 9.964815011251 0.866025403784 -0.500000000000
1.276655821020 3.066240656773 0.866025403784 0.500000000000
8.339126248877 -0.171954605004 0.866025403784 -0.500000000000
2.636450429350 6.968476203157 0.000000000000 1.000000000000
