#Configurational_file created 2018-09-14 11:24:16  started 2018-09-14 11:24:16 run for 0.0s steps 0
name: gc_242
step: 10000
specie: 16
	particle_diameter: 1.0000000000000000
	interaction_length: 1.2000000000000000
	number_of_patches: 3
	number_of_particles_per_compound: 1
	rod_length: 1.0000000000000000
	interaction_matrix:  1.000000 1.000000 1.000000 1.000000 1.000000 1.000000 1.000000 1.000000 1.000000
	patch_type: symmetric
	patch_width: 8.0000000000000000
	patch_angle: 0.0000000000000000
	angles:  0.000000 0.000000 0.000000
	grand_canonical: 1
	chemical_potential: -1.5000000000000000
box: 10.000000 10.000000
copy: 1.000000 1.000000
epsilon: 1.3333670000000000
end_epsilon: 0.0000000000000000
pressure: 1.0000000000000000
lambda: 0.0000000000000000
lambda_coupling: 1.0000000000000000
uy: 0.0000000000000000
maximum_displacement: 1.0000000000000000
maximum_rotation: 1.0000000000000000
maximum_volume: 0.0000001000000000
maximum_shape: 0.0000001000000000
maximum_dsigma: 0.0100000000000000
mod: 10
pmod: 10
optimize: 1
verbose: 1
snapshot: 0
display: 1
explore: 1
npt: 0
nptxy: 0
nptdxdy: 0
shape: 0
seed: 277945
1.326820772755 0.474989500643 0.866025403784 0.500000000000
10.206969883085 -5.820140214784 0.866025403784 -0.500000000000
2.204897536391 -3.650037892893 0.000000000000 1.000000000000
-11.127132663512 -0.613327475785 0.000000000000 1.000000000000
3.024564081616 8.493950987278 0.866025403784 0.500000000000
4.903921781391 3.257530012954 0.866025403784 -0.500000000000
3.257673310075 4.225502359232 0.000000000000 1.000000000000
4.165706436986 0.564057815985 0.866025403784 -0.500000000000
1.307917826230 22.306142562429 0.866025403784 -0.500000000000
-13.322515020082 7.296215634891 0.866025403784 -0.500000000000
13.977841828596 -13.781401107509 0.866025403784 -0.500000000000
-0.445918142552 -2.106481942826 0.000000000000 1.000000000000
8.423718232688 9.812740432594 0.866025403784 0.500000000000
8.093285445872 1.558666467635 0.000000000000 1.000000000000
1.625513035839 0.036254674520 0.000000000000 1.000000000000
7.273578469692 8.463721138289 0.866025403784 -0.500000000000
