#Configurational_file created 2018-09-14 11:24:31  started 2018-09-14 11:24:30 run for 1.0s steps 0
name: gc_262
step: 10000
specie: 10
	particle_diameter: 1.0000000000000000
	interaction_length: 1.2000000000000000
	number_of_patches: 3
	number_of_particles_per_compound: 1
	rod_length: 1.0000000000000000
	interaction_matrix:  1.000000 1.000000 1.000000 1.000000 1.000000 1.000000 1.000000 1.000000 1.000000
	patch_type: symmetric
	patch_width: 8.0000000000000000
	patch_angle: 0.0000000000000000
	angles:  0.000000 0.000000 0.000000
	grand_canonical: 1
	chemical_potential: -1.3333330000000001
box: 10.000000 10.000000
copy: 1.000000 1.000000
epsilon: 0.9167210000000000
end_epsilon: 0.0000000000000000
pressure: 1.0000000000000000
lambda: 0.0000000000000000
lambda_coupling: 1.0000000000000000
uy: 0.0000000000000000
maximum_displacement: 1.0000000000000000
maximum_rotation: 1.0000000000000000
maximum_volume: 0.0000001000000000
maximum_shape: 0.0000001000000000
maximum_dsigma: 0.0100000000000000
mod: 10
pmod: 10
optimize: 1
verbose: 1
snapshot: 0
display: 1
explore: 1
npt: 0
nptxy: 0
nptdxdy: 0
shape: 0
seed: 300685
1.585081107285 0.025409498632 0.000000000000 1.000000000000
10.511007912985 13.085078600201 0.000000000000 1.000000000000
5.541017909824 2.464243876194 0.000000000000 1.000000000000
-5.925823683292 -0.394863539327 0.866025403784 -0.500000000000
10.291838810641 -3.174100531893 0.000000000000 1.000000000000
1.717837016082 -17.181547408915 0.000000000000 1.000000000000
14.527992185260 3.022123869943 0.000000000000 1.000000000000
-1.820879002318 17.401919126122 0.866025403784 0.500000000000
3.617601247590 -3.210248803558 0.866025403784 0.500000000000
4.484993848994 14.310372722797 0.866025403784 0.500000000000
