#Configurational_file created 2018-09-14 11:24:46  started 2018-09-14 11:24:45 run for 1.0s steps 0
name: gc_282
step: 10000
specie: 12
	particle_diameter: 1.0000000000000000
	interaction_length: 1.2000000000000000
	number_of_patches: 3
	number_of_particles_per_compound: 1
	rod_length: 1.0000000000000000
	interaction_matrix:  1.000000 1.000000 1.000000 1.000000 1.000000 1.000000 1.000000 1.000000 1.000000
	patch_type: symmetric
	patch_width: 8.0000000000000000
	patch_angle: 0.0000000000000000
	angles:  0.000000 0.000000 0.000000
	grand_canonical: 1
	chemical_potential: -1.1666669999999999
box: 10.000000 10.000000
copy: 1.000000 1.000000
epsilon: 0.5000750000000000
end_epsilon: 0.0000000000000000
pressure: 1.0000000000000000
lambda: 0.0000000000000000
lambda_coupling: 1.0000000000000000
uy: 0.0000000000000000
maximum_displacement: 1.0000000000000000
maximum_rotation: 1.0000000000000000
maximum_volume: 0.0000001000000000
maximum_shape: 0.0000001000000000
maximum_dsigma: 0.0100000000000000
mod: 10
pmod: 10
optimize: 1
verbose: 1
snapshot: 0
display: 1
explore: 1
npt: 0
nptxy: 0
nptdxdy: 0
shape: 0
seed: 323425
19.387736090695 11.876690002179 0.000000000000 1.000000000000
16.947596635482 10.198169091200 0.866025403784 -0.500000000000
4.649427493424 16.730535327139 0.866025403784 0.500000000000
8.145097679685 18.825994011113 0.000000000000 1.000000000000
-4.051626775081 4.885406370155 0.866025403784 -0.500000000000
17.292921162678 5.773160249925 0.866025403784 -0.500000000000
0.595290099242 -1.676364940037 0.866025403784 -0.500000000000
12.502772628297 6.018987408707 0.866025403784 -0.500000000000
2.393076629231 12.169547923957 0.866025403784 -0.500000000000
38.678202564693 -12.778277583225 0.000000000000 1.000000000000
4.489398496841 -1.853134811790 0.000000000000 1.000000000000
1.025957535479 3.630345422983 0.866025403784 0.500000000000
