#Configurational_file created 2018-09-14 11:51:56  started 2018-09-14 11:51:55 run for 1.0s steps 0
name: gc_242
step: 10000
specie: 18
	particle_diameter: 1.0000000000000000
	interaction_length: 1.2000000000000000
	number_of_patches: 3
	number_of_particles_per_compound: 1
	rod_length: 1.0000000000000000
	interaction_matrix:  1.000000 1.000000 1.000000 1.000000 1.000000 1.000000 1.000000 1.000000 1.000000
	patch_type: symmetric
	patch_width: 8.0000000000000000
	patch_angle: 0.0000000000000000
	angles:  0.000000 0.000000 0.000000
	grand_canonical: 1
	chemical_potential: -1.5000000000000000
box: 10.000000 10.000000
copy: 1.000000 1.000000
epsilon: 0.0666670000000000
end_epsilon: 0.0000000000000000
pressure: 1.0000000000000000
lambda: 0.0000000000000000
lambda_coupling: 1.0000000000000000
uy: 0.0000000000000000
maximum_displacement: 1.0000000000000000
maximum_rotation: 1.0000000000000000
maximum_volume: 0.0000001000000000
maximum_shape: 0.0000001000000000
maximum_dsigma: 0.0100000000000000
mod: 10
pmod: 10
optimize: 1
verbose: 1
snapshot: 0
display: 1
explore: 1
npt: 0
nptxy: 0
nptdxdy: 0
shape: 0
seed: 277945
4.841742912420 2.226557123386 0.866025403784 0.500000000000
5.786946854030 8.393613154244 0.000000000000 1.000000000000
10.510891451489 0.803926412423 0.866025403784 -0.500000000000
3.067504187085 -2.646966860339 0.000000000000 1.000000000000
-6.480711047573 4.714353770485 0.866025403784 -0.500000000000
22.847696024027 -1.097856970966 0.000000000000 1.000000000000
7.871293777947 -27.062157037683 0.866025403784 -0.500000000000
1.032069944770 5.784568026934 0.000000000000 1.000000000000
0.533085096646 19.757223483172 0.866025403784 -0.500000000000
12.582703331027 -2.083472942336 0.866025403784 0.500000000000
11.503705646505 11.075777867425 0.000000000000 1.000000000000
12.220580176934 22.205087977632 0.866025403784 0.500000000000
22.141164026958 -6.582619499376 0.866025403784 0.500000000000
0.197282418291 3.150532544242 0.866025403784 0.500000000000
-0.134945586337 -5.691036272936 0.866025403784 -0.500000000000
9.327332243773 2.000333854679 0.866025403784 -0.500000000000
6.904529493698 0.436171338557 0.866025403784 -0.500000000000
5.396321757859 4.796016400809 0.866025403784 -0.500000000000
