#Configurational_file created 2018-09-14 11:51:39  started 2018-09-14 11:51:38 run for 1.0s steps 0
name: gc_218
step: 10000
specie: 8
	particle_diameter: 1.0000000000000000
	interaction_length: 1.2000000000000000
	number_of_patches: 3
	number_of_particles_per_compound: 1
	rod_length: 1.0000000000000000
	interaction_matrix:  1.000000 1.000000 1.000000 1.000000 1.000000 1.000000 1.000000 1.000000 1.000000
	patch_type: symmetric
	patch_width: 8.0000000000000000
	patch_angle: 0.0000000000000000
	angles:  0.000000 0.000000 0.000000
	grand_canonical: 1
	chemical_potential: -1.6666669999999999
box: 10.000000 10.000000
copy: 1.000000 1.000000
epsilon: 0.0708340000000000
end_epsilon: 0.0000000000000000
pressure: 1.0000000000000000
lambda: 0.0000000000000000
lambda_coupling: 1.0000000000000000
uy: 0.0000000000000000
maximum_displacement: 1.0000000000000000
maximum_rotation: 1.0000000000000000
maximum_volume: 0.0000001000000000
maximum_shape: 0.0000001000000000
maximum_dsigma: 0.0100000000000000
mod: 10
pmod: 10
optimize: 1
verbose: 1
snapshot: 0
display: 1
explore: 1
npt: 0
nptxy: 0
nptdxdy: 0
shape: 0
seed: 250657
-5.637899889501 3.136380984964 0.866025403784 0.500000000000
5.558313359309 4.738212661898 0.000000000000 1.000000000000
3.108854221643 -1.783773907337 0.866025403784 -0.500000000000
3.144968398110 5.608835140192 0.000000000000 1.000000000000
-2.802361053232 -5.613273918082 0.866025403784 -0.500000000000
-5.036273892570 7.835028671140 0.866025403784 0.500000000000
5.132567251140 -0.609697060923 0.000000000000 1.000000000000
1.935304386753 9.476775771044 0.866025403784 -0.500000000000
