#Configurational_file created 2018-09-14 11:52:39  started 2018-09-14 11:52:38 run for 1.0s steps 0
name: gc_299
step: 10000
specie: 18
	particle_diameter: 1.0000000000000000
	interaction_length: 1.2000000000000000
	number_of_patches: 3
	number_of_particles_per_compound: 1
	rod_length: 1.0000000000000000
	interaction_matrix:  1.000000 1.000000 1.000000 1.000000 1.000000 1.000000 1.000000 1.000000 1.000000
	patch_type: symmetric
	patch_width: 8.0000000000000000
	patch_angle: 0.0000000000000000
	angles:  0.000000 0.000000 0.000000
	grand_canonical: 1
	chemical_potential: -1.1666669999999999
box: 10.000000 10.000000
copy: 1.000000 1.000000
epsilon: 0.0958330000000000
end_epsilon: 0.0000000000000000
pressure: 1.0000000000000000
lambda: 0.0000000000000000
lambda_coupling: 1.0000000000000000
uy: 0.0000000000000000
maximum_displacement: 1.0000000000000000
maximum_rotation: 1.0000000000000000
maximum_volume: 0.0000001000000000
maximum_shape: 0.0000001000000000
maximum_dsigma: 0.0100000000000000
mod: 10
pmod: 10
optimize: 1
verbose: 1
snapshot: 0
display: 1
explore: 1
npt: 0
nptxy: 0
nptdxdy: 0
shape: 0
seed: 342754
-2.916552506826 14.285178696978 0.866025403784 -0.500000000000
7.355443421499 19.694459137248 0.000000000000 1.000000000000
-30.110946161784 14.338524099073 0.866025403784 0.500000000000
2.649697848481 -0.501297002276 0.866025403784 -0.500000000000
18.471720046148 -16.663324593715 0.866025403784 0.500000000000
11.414581302043 9.589619063372 0.866025403784 -0.500000000000
-8.678933360903 2.226320255963 0.866025403784 -0.500000000000
10.880458777887 8.346808248295 0.000000000000 1.000000000000
-6.534100297305 13.197681173930 0.000000000000 1.000000000000
18.043988150723 15.227543501134 0.866025403784 -0.500000000000
-11.417127976565 4.551777885769 0.866025403784 0.500000000000
13.112290627721 4.159264240044 0.866025403784 -0.500000000000
12.332975960541 7.836834431615 0.000000000000 1.000000000000
-3.305966330835 -4.340045128165 0.866025403784 -0.500000000000
15.100768260207 9.479928683300 0.000000000000 1.000000000000
-2.149500598743 10.465076762031 0.866025403784 0.500000000000
-9.819658438407 1.188150908200 0.866025403784 -0.500000000000
4.664133744712 9.979169141905 0.866025403784 0.500000000000
