#Configurational_file created 2018-09-14 13:47:43  started 2018-09-14 13:47:43 run for 0.0s steps 0
name: gc_263
step: 10000
specie: 12
	particle_diameter: 1.0000000000000000
	interaction_length: 1.2000000000000000
	number_of_patches: 3
	number_of_particles_per_compound: 1
	rod_length: 1.0000000000000000
	interaction_matrix:  1.000000 1.000000 1.000000 1.000000 1.000000 1.000000 1.000000 1.000000 1.000000
	patch_type: symmetric
	patch_width: 8.0000000000000000
	patch_angle: 0.0000000000000000
	angles:  0.000000 0.000000 0.000000
	grand_canonical: 1
	chemical_potential: -1.8965520000000000
box: 10.000000 10.000000
copy: 1.000000 1.000000
epsilon: 0.3793110000000000
end_epsilon: 0.0000000000000000
pressure: 1.0000000000000000
lambda: 0.0000000000000000
lambda_coupling: 1.0000000000000000
uy: 0.0000000000000000
maximum_displacement: 1.0000000000000000
maximum_rotation: 1.0000000000000000
maximum_volume: 0.0000001000000000
maximum_shape: 0.0000001000000000
maximum_dsigma: 0.0100000000000000
mod: 10
pmod: 10
optimize: 1
verbose: 1
snapshot: 0
display: 1
explore: 1
npt: 0
nptxy: 0
nptdxdy: 0
shape: 0
seed: 301822
19.303493693685 7.277510793776 0.866025403784 0.500000000000
4.348440620803 -2.599693458644 0.866025403784 0.500000000000
11.054954980212 -9.668344653132 0.866025403784 -0.500000000000
7.458741739594 -1.985215182401 0.866025403784 0.500000000000
-3.496566296978 3.020636557093 0.000000000000 1.000000000000
6.380900688951 1.393323496008 0.866025403784 0.500000000000
4.700123170779 16.488423541247 0.000000000000 1.000000000000
9.596978657499 8.951778433872 0.866025403784 0.500000000000
21.833597448298 8.294479782753 0.866025403784 0.500000000000
13.408383433624 6.717962031954 0.000000000000 1.000000000000
13.309013380215 3.450706519058 0.866025403784 -0.500000000000
9.712329555007 9.958760063522 0.866025403784 0.500000000000
