#Configurational_file created 2018-09-14 13:47:25  started 2018-09-14 13:47:24 run for 1.0s steps 0
name: gc_235
step: 10000
specie: 10
	particle_diameter: 1.0000000000000000
	interaction_length: 1.2000000000000000
	number_of_patches: 3
	number_of_particles_per_compound: 1
	rod_length: 1.0000000000000000
	interaction_matrix:  1.000000 1.000000 1.000000 1.000000 1.000000 1.000000 1.000000 1.000000 1.000000
	patch_type: symmetric
	patch_width: 8.0000000000000000
	patch_angle: 0.0000000000000000
	angles:  0.000000 0.000000 0.000000
	grand_canonical: 1
	chemical_potential: -2.0344829999999998
box: 10.000000 10.000000
copy: 1.000000 1.000000
epsilon: 0.4137930000000000
end_epsilon: 0.0000000000000000
pressure: 1.0000000000000000
lambda: 0.0000000000000000
lambda_coupling: 1.0000000000000000
uy: 0.0000000000000000
maximum_displacement: 1.0000000000000000
maximum_rotation: 1.0000000000000000
maximum_volume: 0.0000001000000000
maximum_shape: 0.0000001000000000
maximum_dsigma: 0.0100000000000000
mod: 10
pmod: 10
optimize: 1
verbose: 1
snapshot: 0
display: 1
explore: 1
npt: 0
nptxy: 0
nptdxdy: 0
shape: 0
seed: 269986
5.044714456683 10.448388120621 0.000000000000 1.000000000000
11.936456384930 3.713548784341 0.866025403784 0.500000000000
2.808991377882 9.086690037103 0.866025403784 -0.500000000000
0.704227054054 1.473292561388 0.866025403784 -0.500000000000
-1.659693863785 -3.386772889225 0.866025403784 0.500000000000
13.030583846765 7.458717401685 0.000000000000 1.000000000000
8.838439380819 5.374778873967 0.866025403784 0.500000000000
3.712820929504 3.484881637473 0.000000000000 1.000000000000
1.353959217107 16.017634423999 0.000000000000 1.000000000000
10.808174107185 3.905675488953 0.866025403784 -0.500000000000
