#Configurational_file created 2018-09-14 11:51:33  started 2018-09-14 11:51:32 run for 1.0s steps 0
name: gc_209
step: 10000
specie: 12
	particle_diameter: 1.0000000000000000
	interaction_length: 1.2000000000000000
	number_of_patches: 3
	number_of_particles_per_compound: 1
	rod_length: 1.0000000000000000
	interaction_matrix:  1.000000 1.000000 1.000000 1.000000 1.000000 1.000000 1.000000 1.000000 1.000000
	patch_type: symmetric
	patch_width: 8.0000000000000000
	patch_angle: 0.0000000000000000
	angles:  0.000000 0.000000 0.000000
	grand_canonical: 1
	chemical_potential: -1.6666669999999999
box: 10.000000 10.000000
copy: 1.000000 1.000000
epsilon: 0.0333340000000000
end_epsilon: 0.0000000000000000
pressure: 1.0000000000000000
lambda: 0.0000000000000000
lambda_coupling: 1.0000000000000000
uy: 0.0000000000000000
maximum_displacement: 1.0000000000000000
maximum_rotation: 1.0000000000000000
maximum_volume: 0.0000001000000000
maximum_shape: 0.0000001000000000
maximum_dsigma: 0.0100000000000000
mod: 10
pmod: 10
optimize: 1
verbose: 1
snapshot: 0
display: 1
explore: 1
npt: 0
nptxy: 0
nptdxdy: 0
shape: 0
seed: 240424
5.357685835546 12.387261918405 0.866025403784 0.500000000000
13.415742194094 -1.535702012758 0.866025403784 0.500000000000
14.622418106569 4.653649817195 0.866025403784 -0.500000000000
26.943464251817 12.564345002971 0.000000000000 1.000000000000
10.588025547800 -0.766666311461 0.000000000000 1.000000000000
-0.334053312885 7.574518215785 0.866025403784 0.500000000000
8.131264908663 16.938536808126 0.000000000000 1.000000000000
0.689651720608 12.459082549562 0.000000000000 1.000000000000
6.154440706921 3.166214748662 0.866025403784 0.500000000000
19.436838340552 22.308632838165 0.866025403784 -0.500000000000
4.675019844105 8.645844291439 0.866025403784 0.500000000000
1.944617519676 6.724247421073 0.866025403784 0.500000000000
