#Configurational_file created 2018-09-14 11:21:58  started 2018-09-14 11:21:57 run for 1.0s steps 0
name: gc_27
step: 10000
specie: 7
	particle_diameter: 1.0000000000000000
	interaction_length: 1.2000000000000000
	number_of_patches: 3
	number_of_particles_per_compound: 1
	rod_length: 1.0000000000000000
	interaction_matrix:  1.000000 1.000000 1.000000 1.000000 1.000000 1.000000 1.000000 1.000000 1.000000
	patch_type: symmetric
	patch_width: 8.0000000000000000
	patch_angle: 0.0000000000000000
	angles:  0.000000 0.000000 0.000000
	grand_canonical: 1
	chemical_potential: -2.8333330000000001
box: 10.000000 10.000000
copy: 1.000000 1.000000
epsilon: 0.0834290000000000
end_epsilon: 0.0000000000000000
pressure: 1.0000000000000000
lambda: 0.0000000000000000
lambda_coupling: 1.0000000000000000
uy: 0.0000000000000000
maximum_displacement: 1.0000000000000000
maximum_rotation: 1.0000000000000000
maximum_volume: 0.0000001000000000
maximum_shape: 0.0000001000000000
maximum_dsigma: 0.0100000000000000
mod: 10
pmod: 10
optimize: 1
verbose: 1
snapshot: 0
display: 1
explore: 1
npt: 0
nptxy: 0
nptdxdy: 0
shape: 0
seed: 33490
15.644085707342 -18.025705354493 0.866025403784 -0.500000000000
0.973903704723 7.124002699576 0.866025403784 0.500000000000
0.857731149229 0.683687259795 0.866025403784 -0.500000000000
-5.826919183606 16.960333339981 0.866025403784 0.500000000000
-2.267858850620 4.918554901648 0.000000000000 1.000000000000
2.723136085820 2.972063908839 0.000000000000 1.000000000000
5.809259181627 9.452619587875 0.000000000000 1.000000000000
