#Configurational_file created 2018-09-14 11:51:48  started 2018-09-14 11:51:47 run for 1.0s steps 0
name: gc_231
step: 10000
specie: 12
	particle_diameter: 1.0000000000000000
	interaction_length: 1.2000000000000000
	number_of_patches: 3
	number_of_particles_per_compound: 1
	rod_length: 1.0000000000000000
	interaction_matrix:  1.000000 1.000000 1.000000 1.000000 1.000000 1.000000 1.000000 1.000000 1.000000
	patch_type: symmetric
	patch_width: 8.0000000000000000
	patch_angle: 0.0000000000000000
	angles:  0.000000 0.000000 0.000000
	grand_canonical: 1
	chemical_potential: -1.5000000000000000
box: 10.000000 10.000000
copy: 1.000000 1.000000
epsilon: 0.0208340000000000
end_epsilon: 0.0000000000000000
pressure: 1.0000000000000000
lambda: 0.0000000000000000
lambda_coupling: 1.0000000000000000
uy: 0.0000000000000000
maximum_displacement: 1.0000000000000000
maximum_rotation: 1.0000000000000000
maximum_volume: 0.0000001000000000
maximum_shape: 0.0000001000000000
maximum_dsigma: 0.0100000000000000
mod: 10
pmod: 10
optimize: 1
verbose: 1
snapshot: 0
display: 1
explore: 1
npt: 0
nptxy: 0
nptdxdy: 0
shape: 0
seed: 265438
5.383580979212 2.317904786547 0.866025403784 -0.500000000000
19.501898383469 17.851080039385 0.866025403784 -0.500000000000
-2.907874844056 16.075929923713 0.000000000000 1.000000000000
20.455880597658 -4.182332230084 0.866025403784 -0.500000000000
-6.352062356122 -14.000303116506 0.000000000000 1.000000000000
-11.447017507907 12.896269128515 0.866025403784 0.500000000000
11.049201567664 6.972628176179 0.000000000000 1.000000000000
5.077411858775 -4.933414207148 0.000000000000 1.000000000000
5.707876597476 10.073946551867 0.000000000000 1.000000000000
6.248143067223 4.061739989631 0.866025403784 0.500000000000
10.195575008305 12.623344827605 0.866025403784 -0.500000000000
11.630655766566 4.880637408358 0.000000000000 1.000000000000
