#Configurational_file created 2018-09-14 11:52:20  started 2018-09-14 11:52:19 run for 1.0s steps 0
name: gc_274
step: 10000
specie: 13
	particle_diameter: 1.0000000000000000
	interaction_length: 1.2000000000000000
	number_of_patches: 3
	number_of_particles_per_compound: 1
	rod_length: 1.0000000000000000
	interaction_matrix:  1.000000 1.000000 1.000000 1.000000 1.000000 1.000000 1.000000 1.000000 1.000000
	patch_type: symmetric
	patch_width: 8.0000000000000000
	patch_angle: 0.0000000000000000
	angles:  0.000000 0.000000 0.000000
	grand_canonical: 1
	chemical_potential: -1.3333330000000001
box: 10.000000 10.000000
copy: 1.000000 1.000000
epsilon: 0.0958330000000000
end_epsilon: 0.0000000000000000
pressure: 1.0000000000000000
lambda: 0.0000000000000000
lambda_coupling: 1.0000000000000000
uy: 0.0000000000000000
maximum_displacement: 1.0000000000000000
maximum_rotation: 1.0000000000000000
maximum_volume: 0.0000001000000000
maximum_shape: 0.0000001000000000
maximum_dsigma: 0.0100000000000000
mod: 10
pmod: 10
optimize: 1
verbose: 1
snapshot: 0
display: 1
explore: 1
npt: 0
nptxy: 0
nptdxdy: 0
shape: 0
seed: 314329
13.176711641462 9.619788189354 0.866025403784 -0.500000000000
8.777172156543 22.175238367495 0.000000000000 1.000000000000
3.510149232508 -2.120504394276 0.866025403784 -0.500000000000
14.776943710152 2.885753518821 0.866025403784 -0.500000000000
6.961952918919 5.804807138067 0.000000000000 1.000000000000
13.073177221775 6.076472104419 0.866025403784 0.500000000000
7.500418162332 9.873054197543 0.866025403784 -0.500000000000
4.315009932488 1.851901235992 0.000000000000 1.000000000000
6.338472757560 3.947034288490 0.000000000000 1.000000000000
23.324978496414 3.757829372998 0.000000000000 1.000000000000
19.895424297039 8.875926424496 0.866025403784 -0.500000000000
-0.792123397474 5.976655547331 0.866025403784 0.500000000000
-34.023134736609 -2.283951597175 0.000000000000 1.000000000000
