#Configurational_file created 2018-09-14 11:52:21  started 2018-09-14 11:52:21 run for 0.0s steps 0
name: gc_276
step: 10000
specie: 21
	particle_diameter: 1.0000000000000000
	interaction_length: 1.2000000000000000
	number_of_patches: 3
	number_of_particles_per_compound: 1
	rod_length: 1.0000000000000000
	interaction_matrix:  1.000000 1.000000 1.000000 1.000000 1.000000 1.000000 1.000000 1.000000 1.000000
	patch_type: symmetric
	patch_width: 8.0000000000000000
	patch_angle: 0.0000000000000000
	angles:  0.000000 0.000000 0.000000
	grand_canonical: 1
	chemical_potential: -1.1666669999999999
box: 10.000000 10.000000
copy: 1.000000 1.000000
epsilon: 0.0000010000000000
end_epsilon: 0.0000000000000000
pressure: 1.0000000000000000
lambda: 0.0000000000000000
lambda_coupling: 1.0000000000000000
uy: 0.0000000000000000
maximum_displacement: 1.0000000000000000
maximum_rotation: 1.0000000000000000
maximum_volume: 0.0000001000000000
maximum_shape: 0.0000001000000000
maximum_dsigma: 0.0100000000000000
mod: 10
pmod: 10
optimize: 1
verbose: 1
snapshot: 0
display: 1
explore: 1
npt: 0
nptxy: 0
nptdxdy: 0
shape: 0
seed: 316603
-0.878572823416 0.726931501758 0.000000000000 1.000000000000
9.981748754477 2.988227091989 0.866025403784 0.500000000000
1.600194224221 4.296298937711 0.866025403784 0.500000000000
5.596829487840 -0.747382097246 0.866025403784 -0.500000000000
1.257008911354 2.153777444179 0.866025403784 -0.500000000000
3.072161563361 0.245919434907 0.866025403784 -0.500000000000
19.504468583122 5.503700927284 0.866025403784 0.500000000000
4.823571325343 0.983362498659 0.000000000000 1.000000000000
4.378843655650 14.702159134614 0.866025403784 -0.500000000000
12.118268684454 9.294489729289 0.000000000000 1.000000000000
4.394954728049 17.035966250248 0.000000000000 1.000000000000
-24.726289026481 23.697334163312 0.866025403784 0.500000000000
6.763808567984 7.843977885126 0.866025403784 -0.500000000000
11.999329297575 6.541504375608 0.866025403784 0.500000000000
0.531400721990 -4.169433307580 0.866025403784 0.500000000000
1.134541762436 -0.722696465629 0.866025403784 0.500000000000
-0.142450172550 4.390104367789 0.000000000000 1.000000000000
-7.403435888814 6.252279179054 0.000000000000 1.000000000000
12.985259615172 -0.121256132097 0.000000000000 1.000000000000
9.817907554504 9.233633675310 0.866025403784 0.500000000000
13.517513569057 12.194063770843 0.000000000000 1.000000000000
