#Configurational_file created 2018-09-14 11:51:32  started 2018-09-14 11:51:31 run for 1.0s steps 0
name: gc_208
step: 10000
specie: 20
	particle_diameter: 1.0000000000000000
	interaction_length: 1.2000000000000000
	number_of_patches: 3
	number_of_particles_per_compound: 1
	rod_length: 1.0000000000000000
	interaction_matrix:  1.000000 1.000000 1.000000 1.000000 1.000000 1.000000 1.000000 1.000000 1.000000
	patch_type: symmetric
	patch_width: 8.0000000000000000
	patch_angle: 0.0000000000000000
	angles:  0.000000 0.000000 0.000000
	grand_canonical: 1
	chemical_potential: -1.6666669999999999
box: 10.000000 10.000000
copy: 1.000000 1.000000
epsilon: 0.0291670000000000
end_epsilon: 0.0000000000000000
pressure: 1.0000000000000000
lambda: 0.0000000000000000
lambda_coupling: 1.0000000000000000
uy: 0.0000000000000000
maximum_displacement: 1.0000000000000000
maximum_rotation: 1.0000000000000000
maximum_volume: 0.0000001000000000
maximum_shape: 0.0000001000000000
maximum_dsigma: 0.0100000000000000
mod: 10
pmod: 10
optimize: 1
verbose: 1
snapshot: 0
display: 1
explore: 1
npt: 0
nptxy: 0
nptdxdy: 0
shape: 0
seed: 239287
7.757724326451 -5.276844028065 0.866025403784 0.500000000000
7.698709344573 4.028933987054 0.000000000000 1.000000000000
16.528230591275 0.973481662847 0.000000000000 1.000000000000
6.412491989037 7.772623089426 0.866025403784 -0.500000000000
1.845753526165 3.270800756044 0.866025403784 -0.500000000000
8.174255973490 0.795589973135 0.000000000000 1.000000000000
7.001102461817 13.516524355860 0.866025403784 -0.500000000000
12.223565863822 4.271891999618 0.866025403784 -0.500000000000
9.777210772205 7.974786806405 0.866025403784 0.500000000000
-11.505182973051 -8.672193799447 0.866025403784 -0.500000000000
1.801553088171 -1.840312817894 0.866025403784 0.500000000000
4.413930194291 -1.134562068393 0.866025403784 -0.500000000000
2.219032926865 10.301324042195 0.000000000000 1.000000000000
8.385120943905 -2.413249058436 0.866025403784 -0.500000000000
9.466891968978 5.637009583353 0.866025403784 0.500000000000
3.710493212188 1.805390120472 0.866025403784 -0.500000000000
-1.860034282685 9.371706307888 0.000000000000 1.000000000000
4.448133495634 3.526186120893 0.866025403784 -0.500000000000
4.530038337667 10.717072653248 0.000000000000 1.000000000000
0.885624916915 5.236042292609 0.866025403784 0.500000000000
