#Configurational_file created 2018-09-14 11:52:09  started 2018-09-14 11:52:08 run for 1.0s steps 0
name: gc_260
step: 10000
specie: 14
	particle_diameter: 1.0000000000000000
	interaction_length: 1.2000000000000000
	number_of_patches: 3
	number_of_particles_per_compound: 1
	rod_length: 1.0000000000000000
	interaction_matrix:  1.000000 1.000000 1.000000 1.000000 1.000000 1.000000 1.000000 1.000000 1.000000
	patch_type: symmetric
	patch_width: 8.0000000000000000
	patch_angle: 0.0000000000000000
	angles:  0.000000 0.000000 0.000000
	grand_canonical: 1
	chemical_potential: -1.3333330000000001
box: 10.000000 10.000000
copy: 1.000000 1.000000
epsilon: 0.0375010000000000
end_epsilon: 0.0000000000000000
pressure: 1.0000000000000000
lambda: 0.0000000000000000
lambda_coupling: 1.0000000000000000
uy: 0.0000000000000000
maximum_displacement: 1.0000000000000000
maximum_rotation: 1.0000000000000000
maximum_volume: 0.0000001000000000
maximum_shape: 0.0000001000000000
maximum_dsigma: 0.0100000000000000
mod: 10
pmod: 10
optimize: 1
verbose: 1
snapshot: 0
display: 1
explore: 1
npt: 0
nptxy: 0
nptdxdy: 0
shape: 0
seed: 298411
-12.896706647313 6.755541598034 0.866025403784 0.500000000000
9.640429307418 8.151730246436 0.866025403784 -0.500000000000
14.675343690173 14.442400037323 0.866025403784 -0.500000000000
17.729090004794 11.507549382916 0.866025403784 -0.500000000000
1.828885633210 14.347871184996 0.000000000000 1.000000000000
-2.420839193088 0.947711565518 0.866025403784 0.500000000000
12.281079329702 7.987043735232 0.000000000000 1.000000000000
18.236489470377 1.514453726557 0.000000000000 1.000000000000
-4.308243373370 20.982411013901 0.000000000000 1.000000000000
35.928559463351 4.799966531082 0.000000000000 1.000000000000
-5.090419361739 2.065505143855 0.000000000000 1.000000000000
-8.157508810839 1.518480939930 0.866025403784 -0.500000000000
18.518849857785 9.314145482729 0.866025403784 0.500000000000
3.621003045613 7.821701035445 0.000000000000 1.000000000000
