#Configurational_file created 2018-09-14 13:47:43  started 2018-09-14 13:47:42 run for 1.0s steps 0
name: gc_262
step: 10000
specie: 10
	particle_diameter: 1.0000000000000000
	interaction_length: 1.2000000000000000
	number_of_patches: 3
	number_of_particles_per_compound: 1
	rod_length: 1.0000000000000000
	interaction_matrix:  1.000000 1.000000 1.000000 1.000000 1.000000 1.000000 1.000000 1.000000 1.000000
	patch_type: symmetric
	patch_width: 8.0000000000000000
	patch_angle: 0.0000000000000000
	angles:  0.000000 0.000000 0.000000
	grand_canonical: 1
	chemical_potential: -1.8965520000000000
box: 10.000000 10.000000
copy: 1.000000 1.000000
epsilon: 0.3620690000000000
end_epsilon: 0.0000000000000000
pressure: 1.0000000000000000
lambda: 0.0000000000000000
lambda_coupling: 1.0000000000000000
uy: 0.0000000000000000
maximum_displacement: 1.0000000000000000
maximum_rotation: 1.0000000000000000
maximum_volume: 0.0000001000000000
maximum_shape: 0.0000001000000000
maximum_dsigma: 0.0100000000000000
mod: 10
pmod: 10
optimize: 1
verbose: 1
snapshot: 0
display: 1
explore: 1
npt: 0
nptxy: 0
nptdxdy: 0
shape: 0
seed: 300685
3.307484351176 19.232497506757 0.000000000000 1.000000000000
5.696698809916 6.938319958050 0.866025403784 -0.500000000000
1.591821857266 6.396771035360 0.866025403784 -0.500000000000
3.571893467551 -14.390734094933 0.866025403784 -0.500000000000
-3.194950846635 2.514428893531 0.000000000000 1.000000000000
2.150284304626 2.660901616802 0.866025403784 -0.500000000000
-18.695586173889 -5.112821681328 0.866025403784 0.500000000000
-5.075280767495 3.697089746154 0.866025403784 0.500000000000
7.750776472182 -3.009327971686 0.866025403784 0.500000000000
12.816683312716 1.792583432965 0.866025403784 0.500000000000
