#Configurational_file created 2018-09-14 13:47:23  started 2018-09-14 13:47:22 run for 1.0s steps 0
name: gc_232
step: 10000
specie: 10
	particle_diameter: 1.0000000000000000
	interaction_length: 1.2000000000000000
	number_of_patches: 3
	number_of_particles_per_compound: 1
	rod_length: 1.0000000000000000
	interaction_matrix:  1.000000 1.000000 1.000000 1.000000 1.000000 1.000000 1.000000 1.000000 1.000000
	patch_type: symmetric
	patch_width: 8.0000000000000000
	patch_angle: 0.0000000000000000
	angles:  0.000000 0.000000 0.000000
	grand_canonical: 1
	chemical_potential: -2.0344829999999998
box: 10.000000 10.000000
copy: 1.000000 1.000000
epsilon: 0.3620690000000000
end_epsilon: 0.0000000000000000
pressure: 1.0000000000000000
lambda: 0.0000000000000000
lambda_coupling: 1.0000000000000000
uy: 0.0000000000000000
maximum_displacement: 1.0000000000000000
maximum_rotation: 1.0000000000000000
maximum_volume: 0.0000001000000000
maximum_shape: 0.0000001000000000
maximum_dsigma: 0.0100000000000000
mod: 10
pmod: 10
optimize: 1
verbose: 1
snapshot: 0
display: 1
explore: 1
npt: 0
nptxy: 0
nptdxdy: 0
shape: 0
seed: 266575
8.960007128619 22.043477820565 0.866025403784 -0.500000000000
16.605460129242 4.197474490774 0.866025403784 -0.500000000000
5.313003406710 9.139854308364 0.000000000000 1.000000000000
15.878618852230 1.347982120079 0.866025403784 0.500000000000
2.544736567366 8.224652178436 0.866025403784 -0.500000000000
7.029130379329 9.259306264489 0.000000000000 1.000000000000
-7.111644026465 4.835791461883 0.866025403784 0.500000000000
8.934577100506 0.593504707422 0.866025403784 0.500000000000
4.845798745534 -2.306766728859 0.866025403784 0.500000000000
9.579576300385 10.250982172513 0.000000000000 1.000000000000
