#Configurational_file created 2018-09-14 13:47:12  started 2018-09-14 13:47:11 run for 1.0s steps 0
name: gc_215
step: 10000
specie: 8
	particle_diameter: 1.0000000000000000
	interaction_length: 1.2000000000000000
	number_of_patches: 3
	number_of_particles_per_compound: 1
	rod_length: 1.0000000000000000
	interaction_matrix:  1.000000 1.000000 1.000000 1.000000 1.000000 1.000000 1.000000 1.000000 1.000000
	patch_type: symmetric
	patch_width: 8.0000000000000000
	patch_angle: 0.0000000000000000
	angles:  0.000000 0.000000 0.000000
	grand_canonical: 1
	chemical_potential: -2.0344829999999998
box: 10.000000 10.000000
copy: 1.000000 1.000000
epsilon: 0.0689660000000000
end_epsilon: 0.0000000000000000
pressure: 1.0000000000000000
lambda: 0.0000000000000000
lambda_coupling: 1.0000000000000000
uy: 0.0000000000000000
maximum_displacement: 1.0000000000000000
maximum_rotation: 1.0000000000000000
maximum_volume: 0.0000001000000000
maximum_shape: 0.0000001000000000
maximum_dsigma: 0.0100000000000000
mod: 10
pmod: 10
optimize: 1
verbose: 1
snapshot: 0
display: 1
explore: 1
npt: 0
nptxy: 0
nptdxdy: 0
shape: 0
seed: 247246
1.033205067178 -12.344911177228 0.000000000000 1.000000000000
11.341294460504 8.985369038014 0.866025403784 0.500000000000
3.997330752127 11.048046904991 0.866025403784 0.500000000000
-4.022471225285 8.731455541313 0.000000000000 1.000000000000
7.343297340814 8.418553975194 0.000000000000 1.000000000000
11.530295241310 4.891243395238 0.000000000000 1.000000000000
-1.628582239055 -0.963882852251 0.866025403784 0.500000000000
3.277114086884 3.725437594532 0.000000000000 1.000000000000
