#Configurational_file created 2018-09-14 11:24:25  started 2018-09-14 11:24:24 run for 1.0s steps 0
name: gc_254
step: 10000
specie: 16
	particle_diameter: 1.0000000000000000
	interaction_length: 1.2000000000000000
	number_of_patches: 3
	number_of_particles_per_compound: 1
	rod_length: 1.0000000000000000
	interaction_matrix:  1.000000 1.000000 1.000000 1.000000 1.000000 1.000000 1.000000 1.000000 1.000000
	patch_type: symmetric
	patch_width: 8.0000000000000000
	patch_angle: 0.0000000000000000
	angles:  0.000000 0.000000 0.000000
	grand_canonical: 1
	chemical_potential: -1.3333330000000001
box: 10.000000 10.000000
copy: 1.000000 1.000000
epsilon: 0.2500870000000000
end_epsilon: 0.0000000000000000
pressure: 1.0000000000000000
lambda: 0.0000000000000000
lambda_coupling: 1.0000000000000000
uy: 0.0000000000000000
maximum_displacement: 1.0000000000000000
maximum_rotation: 1.0000000000000000
maximum_volume: 0.0000001000000000
maximum_shape: 0.0000001000000000
maximum_dsigma: 0.0100000000000000
mod: 10
pmod: 10
optimize: 1
verbose: 1
snapshot: 0
display: 1
explore: 1
npt: 0
nptxy: 0
nptdxdy: 0
shape: 0
seed: 291589
5.230018088291 4.107515961866 0.866025403784 -0.500000000000
-6.430944523714 0.762805197023 0.866025403784 -0.500000000000
13.335804538510 -1.442179045136 0.866025403784 -0.500000000000
16.800800234498 -1.635286875694 0.866025403784 0.500000000000
0.490981978706 -0.883763880958 0.000000000000 1.000000000000
-2.265664554003 2.707020559116 0.866025403784 0.500000000000
4.097283881188 12.246477779972 0.000000000000 1.000000000000
8.359979465027 1.308435633881 0.000000000000 1.000000000000
-3.756306416685 -0.702590394482 0.866025403784 0.500000000000
6.523388482550 4.997724471845 0.866025403784 -0.500000000000
11.433465392633 6.776472537969 0.000000000000 1.000000000000
1.856946826317 3.516946071802 0.000000000000 1.000000000000
1.998090890867 10.768342710524 0.866025403784 0.500000000000
7.758910435700 9.245822804021 0.866025403784 -0.500000000000
4.358405331292 8.941870922867 0.866025403784 0.500000000000
1.041780087223 1.927580222900 0.000000000000 1.000000000000
