#Configurational_file created 2018-09-14 11:52:28  started 2018-09-14 11:52:27 run for 1.0s steps 0
name: gc_285
step: 10000
specie: 19
	particle_diameter: 1.0000000000000000
	interaction_length: 1.2000000000000000
	number_of_patches: 3
	number_of_particles_per_compound: 1
	rod_length: 1.0000000000000000
	interaction_matrix:  1.000000 1.000000 1.000000 1.000000 1.000000 1.000000 1.000000 1.000000 1.000000
	patch_type: symmetric
	patch_width: 8.0000000000000000
	patch_angle: 0.0000000000000000
	angles:  0.000000 0.000000 0.000000
	grand_canonical: 1
	chemical_potential: -1.1666669999999999
box: 10.000000 10.000000
copy: 1.000000 1.000000
epsilon: 0.0375010000000000
end_epsilon: 0.0000000000000000
pressure: 1.0000000000000000
lambda: 0.0000000000000000
lambda_coupling: 1.0000000000000000
uy: 0.0000000000000000
maximum_displacement: 1.0000000000000000
maximum_rotation: 1.0000000000000000
maximum_volume: 0.0000001000000000
maximum_shape: 0.0000001000000000
maximum_dsigma: 0.0100000000000000
mod: 10
pmod: 10
optimize: 1
verbose: 1
snapshot: 0
display: 1
explore: 1
npt: 0
nptxy: 0
nptdxdy: 0
shape: 0
seed: 326836
4.046120177181 21.475007475707 0.866025403784 -0.500000000000
9.012197091240 -1.604349043197 0.000000000000 1.000000000000
13.090772890878 16.793587459169 0.866025403784 0.500000000000
2.534519360917 12.049191177310 0.000000000000 1.000000000000
3.285317078462 9.167985632946 0.866025403784 0.500000000000
7.920528595925 10.231083001281 0.866025403784 -0.500000000000
-4.640081160206 -2.663121552565 0.866025403784 -0.500000000000
7.462110042094 2.354221099403 0.000000000000 1.000000000000
0.411751766383 -6.272651767894 0.866025403784 -0.500000000000
9.122824671991 6.339226860063 0.866025403784 0.500000000000
-1.866752452715 9.027447573352 0.866025403784 -0.500000000000
5.704438151942 4.957740619357 0.866025403784 0.500000000000
7.498537020130 -2.931600282260 0.866025403784 0.500000000000
8.186501450004 4.493827263835 0.866025403784 -0.500000000000
5.084156303250 9.937037871457 0.000000000000 1.000000000000
3.191133124854 5.660565306785 0.000000000000 1.000000000000
6.254396482823 5.415587022366 0.000000000000 1.000000000000
5.955729552504 3.590120578461 0.000000000000 1.000000000000
0.774771062114 11.398062823543 0.866025403784 0.500000000000
