#Configurational_file created 2018-09-14 13:47:28  started 2018-09-14 13:47:28 run for 0.0s steps 0
name: gc_240
step: 10000
specie: 17
	particle_diameter: 1.0000000000000000
	interaction_length: 1.2000000000000000
	number_of_patches: 3
	number_of_particles_per_compound: 1
	rod_length: 1.0000000000000000
	interaction_matrix:  1.000000 1.000000 1.000000 1.000000 1.000000 1.000000 1.000000 1.000000 1.000000
	patch_type: symmetric
	patch_width: 8.0000000000000000
	patch_angle: 0.0000000000000000
	angles:  0.000000 0.000000 0.000000
	grand_canonical: 1
	chemical_potential: -2.0344829999999998
box: 10.000000 10.000000
copy: 1.000000 1.000000
epsilon: 0.5000000000000000
end_epsilon: 0.0000000000000000
pressure: 1.0000000000000000
lambda: 0.0000000000000000
lambda_coupling: 1.0000000000000000
uy: 0.0000000000000000
maximum_displacement: 1.0000000000000000
maximum_rotation: 1.0000000000000000
maximum_volume: 0.0000001000000000
maximum_shape: 0.0000001000000000
maximum_dsigma: 0.0100000000000000
mod: 10
pmod: 10
optimize: 1
verbose: 1
snapshot: 0
display: 1
explore: 1
npt: 0
nptxy: 0
nptdxdy: 0
shape: 0
seed: 275671
-1.925042361641 -6.678383120953 0.866025403784 -0.500000000000
15.163485149775 -3.889869198590 0.000000000000 1.000000000000
20.573538528081 -0.968983798569 0.000000000000 1.000000000000
-13.514077251065 12.699013185462 0.866025403784 0.500000000000
14.906883612893 3.778032079865 0.000000000000 1.000000000000
-3.176100068599 -0.893564330514 0.000000000000 1.000000000000
12.086092790331 8.570685658537 0.000000000000 1.000000000000
7.191583183400 -5.636676865970 0.866025403784 -0.500000000000
30.045980531849 4.518171114749 0.866025403784 -0.500000000000
0.398188116669 2.664519865308 0.866025403784 -0.500000000000
-1.439661921224 -0.289502760331 0.000000000000 1.000000000000
12.171431919814 1.520932294288 0.866025403784 0.500000000000
3.172120873476 1.676591762579 0.866025403784 0.500000000000
5.653180470534 10.346221976618 0.866025403784 -0.500000000000
3.060661183919 6.200810430188 0.866025403784 -0.500000000000
5.365446269562 9.565386166608 0.000000000000 1.000000000000
4.280779428376 6.361056207000 0.866025403784 0.500000000000
