#Configurational_file created 2018-09-14 13:47:26  started 2018-09-14 13:47:25 run for 1.0s steps 0
name: gc_236
step: 10000
specie: 13
	particle_diameter: 1.0000000000000000
	interaction_length: 1.2000000000000000
	number_of_patches: 3
	number_of_particles_per_compound: 1
	rod_length: 1.0000000000000000
	interaction_matrix:  1.000000 1.000000 1.000000 1.000000 1.000000 1.000000 1.000000 1.000000 1.000000
	patch_type: symmetric
	patch_width: 8.0000000000000000
	patch_angle: 0.0000000000000000
	angles:  0.000000 0.000000 0.000000
	grand_canonical: 1
	chemical_potential: -2.0344829999999998
box: 10.000000 10.000000
copy: 1.000000 1.000000
epsilon: 0.4310350000000000
end_epsilon: 0.0000000000000000
pressure: 1.0000000000000000
lambda: 0.0000000000000000
lambda_coupling: 1.0000000000000000
uy: 0.0000000000000000
maximum_displacement: 1.0000000000000000
maximum_rotation: 1.0000000000000000
maximum_volume: 0.0000001000000000
maximum_shape: 0.0000001000000000
maximum_dsigma: 0.0100000000000000
mod: 10
pmod: 10
optimize: 1
verbose: 1
snapshot: 0
display: 1
explore: 1
npt: 0
nptxy: 0
nptdxdy: 0
shape: 0
seed: 271123
13.144016424191 -4.159266229982 0.000000000000 1.000000000000
-7.192385751833 8.585382755922 0.866025403784 0.500000000000
3.435933829609 11.285051652495 0.866025403784 0.500000000000
2.307042881481 4.732202692128 0.866025403784 -0.500000000000
0.286421684492 6.559283868844 0.866025403784 0.500000000000
16.909554332098 -3.221499264075 0.866025403784 0.500000000000
-28.426484142513 3.298858113847 0.866025403784 -0.500000000000
5.696214485625 -8.961751092967 0.866025403784 0.500000000000
11.612651853328 6.701062844066 0.000000000000 1.000000000000
-5.023580406008 7.301772395833 0.866025403784 0.500000000000
6.853541529802 1.931721351313 0.000000000000 1.000000000000
3.287308427145 6.846104797767 0.866025403784 -0.500000000000
0.193617111170 4.076243133894 0.866025403784 0.500000000000
