#Configurational_file created 2018-09-14 13:47:45  started 2018-09-14 13:47:44 run for 1.0s steps 0
name: gc_265
step: 10000
specie: 8
	particle_diameter: 1.0000000000000000
	interaction_length: 1.2000000000000000
	number_of_patches: 3
	number_of_particles_per_compound: 1
	rod_length: 1.0000000000000000
	interaction_matrix:  1.000000 1.000000 1.000000 1.000000 1.000000 1.000000 1.000000 1.000000 1.000000
	patch_type: symmetric
	patch_width: 8.0000000000000000
	patch_angle: 0.0000000000000000
	angles:  0.000000 0.000000 0.000000
	grand_canonical: 1
	chemical_potential: -1.8965520000000000
box: 10.000000 10.000000
copy: 1.000000 1.000000
epsilon: 0.4137930000000000
end_epsilon: 0.0000000000000000
pressure: 1.0000000000000000
lambda: 0.0000000000000000
lambda_coupling: 1.0000000000000000
uy: 0.0000000000000000
maximum_displacement: 1.0000000000000000
maximum_rotation: 1.0000000000000000
maximum_volume: 0.0000001000000000
maximum_shape: 0.0000001000000000
maximum_dsigma: 0.0100000000000000
mod: 10
pmod: 10
optimize: 1
verbose: 1
snapshot: 0
display: 1
explore: 1
npt: 0
nptxy: 0
nptdxdy: 0
shape: 0
seed: 304096
15.240892043722 -0.578842554330 0.866025403784 -0.500000000000
11.133710546941 4.613044226748 0.866025403784 -0.500000000000
0.915999958255 8.770617962464 0.866025403784 -0.500000000000
2.487239155807 10.564381393929 0.866025403784 0.500000000000
-0.807679416247 5.418722392192 0.866025403784 -0.500000000000
3.267213384769 -0.800286990603 0.000000000000 1.000000000000
2.841084379874 4.585475532402 0.866025403784 0.500000000000
7.836974363325 4.941937416791 0.866025403784 0.500000000000
