#Configurational_file created 2018-09-14 11:52:15  started 2018-09-14 11:52:15 run for 0.0s steps 0
name: gc_268
step: 10000
specie: 12
	particle_diameter: 1.0000000000000000
	interaction_length: 1.2000000000000000
	number_of_patches: 3
	number_of_particles_per_compound: 1
	rod_length: 1.0000000000000000
	interaction_matrix:  1.000000 1.000000 1.000000 1.000000 1.000000 1.000000 1.000000 1.000000 1.000000
	patch_type: symmetric
	patch_width: 8.0000000000000000
	patch_angle: 0.0000000000000000
	angles:  0.000000 0.000000 0.000000
	grand_canonical: 1
	chemical_potential: -1.3333330000000001
box: 10.000000 10.000000
copy: 1.000000 1.000000
epsilon: 0.0708340000000000
end_epsilon: 0.0000000000000000
pressure: 1.0000000000000000
lambda: 0.0000000000000000
lambda_coupling: 1.0000000000000000
uy: 0.0000000000000000
maximum_displacement: 1.0000000000000000
maximum_rotation: 1.0000000000000000
maximum_volume: 0.0000001000000000
maximum_shape: 0.0000001000000000
maximum_dsigma: 0.0100000000000000
mod: 10
pmod: 10
optimize: 1
verbose: 1
snapshot: 0
display: 1
explore: 1
npt: 0
nptxy: 0
nptdxdy: 0
shape: 0
seed: 307507
20.999970978596 6.501718995059 0.866025403784 -0.500000000000
6.421962606162 -0.298892771882 0.866025403784 0.500000000000
-6.265488246031 2.776960713382 0.866025403784 -0.500000000000
0.288952830762 -0.724041957315 0.866025403784 -0.500000000000
9.362436819666 8.089918710039 0.000000000000 1.000000000000
8.445627857204 -4.463439145873 0.000000000000 1.000000000000
14.714232108266 9.351303722770 0.866025403784 -0.500000000000
7.305629312748 2.880774764043 0.866025403784 0.500000000000
3.768488536813 11.285981103292 0.866025403784 -0.500000000000
33.868798866383 18.998341955226 0.866025403784 0.500000000000
8.392067501165 6.860379004641 0.866025403784 0.500000000000
11.610969226145 8.506217834131 0.866025403784 0.500000000000
