#Configurational_file created 2018-09-14 11:24:02  started 2018-09-14 11:24:01 run for 1.0s steps 0
name: gc_222
step: 10000
specie: 13
	particle_diameter: 1.0000000000000000
	interaction_length: 1.2000000000000000
	number_of_patches: 3
	number_of_particles_per_compound: 1
	rod_length: 1.0000000000000000
	interaction_matrix:  1.000000 1.000000 1.000000 1.000000 1.000000 1.000000 1.000000 1.000000 1.000000
	patch_type: symmetric
	patch_width: 8.0000000000000000
	patch_angle: 0.0000000000000000
	angles:  0.000000 0.000000 0.000000
	grand_canonical: 1
	chemical_potential: -1.6666669999999999
box: 10.000000 10.000000
copy: 1.000000 1.000000
epsilon: 1.7500119999999999
end_epsilon: 0.0000000000000000
pressure: 1.0000000000000000
lambda: 0.0000000000000000
lambda_coupling: 1.0000000000000000
uy: 0.0000000000000000
maximum_displacement: 1.0000000000000000
maximum_rotation: 1.0000000000000000
maximum_volume: 0.0000001000000000
maximum_shape: 0.0000001000000000
maximum_dsigma: 0.0100000000000000
mod: 10
pmod: 10
optimize: 1
verbose: 1
snapshot: 0
display: 1
explore: 1
npt: 0
nptxy: 0
nptdxdy: 0
shape: 0
seed: 255205
8.228993874935 7.473317303123 0.866025403784 -0.500000000000
9.118097552838 9.392295426197 0.866025403784 -0.500000000000
14.256143726124 5.950751754042 0.866025403784 -0.500000000000
10.256976375022 1.382949050714 0.866025403784 -0.500000000000
7.781469990011 12.010029874912 0.000000000000 1.000000000000
8.810138057160 7.936376066972 0.000000000000 1.000000000000
11.961967190242 8.302607979792 0.866025403784 0.500000000000
7.195080864928 11.274116441208 0.866025403784 0.500000000000
12.449796335317 0.567438469843 0.000000000000 1.000000000000
11.043241414777 2.681281450777 0.866025403784 -0.500000000000
3.659299018101 12.817013105774 0.000000000000 1.000000000000
3.021324925523 7.334845766135 0.000000000000 1.000000000000
3.243144537826 5.140816077591 0.866025403784 -0.500000000000
