#Configurational_file created 2018-09-14 11:24:12  started 2018-09-14 11:24:11 run for 1.0s steps 0
name: gc_236
step: 10000
specie: 13
	particle_diameter: 1.0000000000000000
	interaction_length: 1.2000000000000000
	number_of_patches: 3
	number_of_particles_per_compound: 1
	rod_length: 1.0000000000000000
	interaction_matrix:  1.000000 1.000000 1.000000 1.000000 1.000000 1.000000 1.000000 1.000000 1.000000
	patch_type: symmetric
	patch_width: 8.0000000000000000
	patch_angle: 0.0000000000000000
	angles:  0.000000 0.000000 0.000000
	grand_canonical: 1
	chemical_potential: -1.5000000000000000
box: 10.000000 10.000000
copy: 1.000000 1.000000
epsilon: 0.8333920000000000
end_epsilon: 0.0000000000000000
pressure: 1.0000000000000000
lambda: 0.0000000000000000
lambda_coupling: 1.0000000000000000
uy: 0.0000000000000000
maximum_displacement: 1.0000000000000000
maximum_rotation: 1.0000000000000000
maximum_volume: 0.0000001000000000
maximum_shape: 0.0000001000000000
maximum_dsigma: 0.0100000000000000
mod: 10
pmod: 10
optimize: 1
verbose: 1
snapshot: 0
display: 1
explore: 1
npt: 0
nptxy: 0
nptdxdy: 0
shape: 0
seed: 271123
5.233786655526 -2.827413298199 0.866025403784 -0.500000000000
2.615761090267 13.535360481013 0.866025403784 0.500000000000
0.342076809472 11.768720623599 0.866025403784 0.500000000000
-7.440411019330 15.949631596160 0.000000000000 1.000000000000
-1.695968729788 22.705889950492 0.000000000000 1.000000000000
36.794967291243 16.321408315244 0.000000000000 1.000000000000
-2.412477480067 17.440870452574 0.866025403784 0.500000000000
1.991639971092 8.240338590238 0.866025403784 -0.500000000000
4.596068953732 10.072666096697 0.866025403784 -0.500000000000
9.014240433184 8.247691072720 0.866025403784 -0.500000000000
8.414630967295 -0.471449216181 0.866025403784 -0.500000000000
4.547722736177 8.930094225376 0.000000000000 1.000000000000
0.129623043751 5.239139361421 0.866025403784 0.500000000000
