#Configurational_file created 2018-09-14 13:47:20  started 2018-09-14 13:47:20 run for 0.0s steps 0
name: gc_228
step: 10000
specie: 12
	particle_diameter: 1.0000000000000000
	interaction_length: 1.2000000000000000
	number_of_patches: 3
	number_of_particles_per_compound: 1
	rod_length: 1.0000000000000000
	interaction_matrix:  1.000000 1.000000 1.000000 1.000000 1.000000 1.000000 1.000000 1.000000 1.000000
	patch_type: symmetric
	patch_width: 8.0000000000000000
	patch_angle: 0.0000000000000000
	angles:  0.000000 0.000000 0.000000
	grand_canonical: 1
	chemical_potential: -2.0344829999999998
box: 10.000000 10.000000
copy: 1.000000 1.000000
epsilon: 0.2931040000000000
end_epsilon: 0.0000000000000000
pressure: 1.0000000000000000
lambda: 0.0000000000000000
lambda_coupling: 1.0000000000000000
uy: 0.0000000000000000
maximum_displacement: 1.0000000000000000
maximum_rotation: 1.0000000000000000
maximum_volume: 0.0000001000000000
maximum_shape: 0.0000001000000000
maximum_dsigma: 0.0100000000000000
mod: 10
pmod: 10
optimize: 1
verbose: 1
snapshot: 0
display: 1
explore: 1
npt: 0
nptxy: 0
nptdxdy: 0
shape: 0
seed: 262027
1.708110614401 2.389592904930 0.866025403784 0.500000000000
1.114448154806 9.756153620480 0.000000000000 1.000000000000
4.024688053213 15.490957872807 0.866025403784 0.500000000000
12.728836099115 -3.389053427658 0.866025403784 0.500000000000
23.870868392541 -8.148495534408 0.866025403784 -0.500000000000
5.579321977116 2.278560583717 0.866025403784 -0.500000000000
8.289647057822 6.458054086482 0.000000000000 1.000000000000
-4.326773209741 -8.216434413567 0.000000000000 1.000000000000
3.875568862961 11.136478393016 0.000000000000 1.000000000000
0.267844685475 0.406856984079 0.866025403784 0.500000000000
-1.272813354736 12.660449127010 0.866025403784 -0.500000000000
12.414864578776 3.614419783573 0.866025403784 0.500000000000
