#Configurational_file created 2018-09-14 13:47:39  started 2018-09-14 13:47:39 run for 0.0s steps 0
name: gc_257
step: 10000
specie: 16
	particle_diameter: 1.0000000000000000
	interaction_length: 1.2000000000000000
	number_of_patches: 3
	number_of_particles_per_compound: 1
	rod_length: 1.0000000000000000
	interaction_matrix:  1.000000 1.000000 1.000000 1.000000 1.000000 1.000000 1.000000 1.000000 1.000000
	patch_type: symmetric
	patch_width: 8.0000000000000000
	patch_angle: 0.0000000000000000
	angles:  0.000000 0.000000 0.000000
	grand_canonical: 1
	chemical_potential: -1.8965520000000000
box: 10.000000 10.000000
copy: 1.000000 1.000000
epsilon: 0.2758630000000000
end_epsilon: 0.0000000000000000
pressure: 1.0000000000000000
lambda: 0.0000000000000000
lambda_coupling: 1.0000000000000000
uy: 0.0000000000000000
maximum_displacement: 1.0000000000000000
maximum_rotation: 1.0000000000000000
maximum_volume: 0.0000001000000000
maximum_shape: 0.0000001000000000
maximum_dsigma: 0.0100000000000000
mod: 10
pmod: 10
optimize: 1
verbose: 1
snapshot: 0
display: 1
explore: 1
npt: 0
nptxy: 0
nptdxdy: 0
shape: 0
seed: 295000
6.274219829577 8.715189989382 0.866025403784 -0.500000000000
5.351553929398 6.474157360838 0.000000000000 1.000000000000
-1.386829919502 -1.509059371180 0.000000000000 1.000000000000
10.106647805177 4.355777189562 0.000000000000 1.000000000000
10.704400640042 7.105174207944 0.866025403784 -0.500000000000
-1.514737372241 -8.637382617745 0.866025403784 0.500000000000
2.966540463220 9.332612813125 0.866025403784 -0.500000000000
5.100100525007 18.257816448493 0.866025403784 -0.500000000000
4.893653654506 1.265507423504 0.000000000000 1.000000000000
0.909496630855 10.211469981315 0.000000000000 1.000000000000
6.270900693112 -6.025238071103 0.000000000000 1.000000000000
8.925336757322 3.553135995292 0.866025403784 0.500000000000
3.563854031762 8.890136621611 0.866025403784 0.500000000000
7.509711378681 10.649332994543 0.866025403784 0.500000000000
5.928080683115 4.791214535794 0.866025403784 0.500000000000
0.171772945065 1.453442602085 0.866025403784 -0.500000000000
