#Configurational_file created 2018-09-14 11:24:39  started 2018-09-14 11:24:38 run for 1.0s steps 0
name: gc_273
step: 10000
specie: 15
	particle_diameter: 1.0000000000000000
	interaction_length: 1.2000000000000000
	number_of_patches: 3
	number_of_particles_per_compound: 1
	rod_length: 1.0000000000000000
	interaction_matrix:  1.000000 1.000000 1.000000 1.000000 1.000000 1.000000 1.000000 1.000000 1.000000
	patch_type: symmetric
	patch_width: 8.0000000000000000
	patch_angle: 0.0000000000000000
	angles:  0.000000 0.000000 0.000000
	grand_canonical: 1
	chemical_potential: -1.3333330000000001
box: 10.000000 10.000000
copy: 1.000000 1.000000
epsilon: 1.8333420000000000
end_epsilon: 0.0000000000000000
pressure: 1.0000000000000000
lambda: 0.0000000000000000
lambda_coupling: 1.0000000000000000
uy: 0.0000000000000000
maximum_displacement: 1.0000000000000000
maximum_rotation: 1.0000000000000000
maximum_volume: 0.0000001000000000
maximum_shape: 0.0000001000000000
maximum_dsigma: 0.0100000000000000
mod: 10
pmod: 10
optimize: 1
verbose: 1
snapshot: 0
display: 1
explore: 1
npt: 0
nptxy: 0
nptdxdy: 0
shape: 0
seed: 313192
-0.571753525545 12.152391425983 0.866025403784 0.500000000000
4.234975236552 15.475986872786 0.000000000000 1.000000000000
5.170082642326 13.179271892142 0.866025403784 -0.500000000000
13.044910080403 -3.718089820992 0.000000000000 1.000000000000
5.043166421509 2.502482125742 0.000000000000 1.000000000000
-8.964097077681 12.011886435360 0.866025403784 0.500000000000
2.195828280884 7.262695376974 0.866025403784 0.500000000000
6.775138082521 10.391361312584 0.866025403784 0.500000000000
-2.897731414972 17.062446656445 0.000000000000 1.000000000000
9.567357252964 5.869443500833 0.866025403784 -0.500000000000
2.659204750275 2.098350896568 0.000000000000 1.000000000000
7.945450398748 4.718037204942 0.866025403784 0.500000000000
2.823933396109 9.343213864053 0.000000000000 1.000000000000
6.538353920770 5.450663272956 0.000000000000 1.000000000000
6.556930992723 6.253392106057 0.866025403784 0.500000000000
