#Configurational_file created 2018-09-14 11:51:44  started 2018-09-14 11:51:43 run for 1.0s steps 0
name: gc_225
step: 10000
specie: 10
	particle_diameter: 1.0000000000000000
	interaction_length: 1.2000000000000000
	number_of_patches: 3
	number_of_particles_per_compound: 1
	rod_length: 1.0000000000000000
	interaction_matrix:  1.000000 1.000000 1.000000 1.000000 1.000000 1.000000 1.000000 1.000000 1.000000
	patch_type: symmetric
	patch_width: 8.0000000000000000
	patch_angle: 0.0000000000000000
	angles:  0.000000 0.000000 0.000000
	grand_canonical: 1
	chemical_potential: -1.6666669999999999
box: 10.000000 10.000000
copy: 1.000000 1.000000
epsilon: 0.1000000000000000
end_epsilon: 0.0000000000000000
pressure: 1.0000000000000000
lambda: 0.0000000000000000
lambda_coupling: 1.0000000000000000
uy: 0.0000000000000000
maximum_displacement: 1.0000000000000000
maximum_rotation: 1.0000000000000000
maximum_volume: 0.0000001000000000
maximum_shape: 0.0000001000000000
maximum_dsigma: 0.0100000000000000
mod: 10
pmod: 10
optimize: 1
verbose: 1
snapshot: 0
display: 1
explore: 1
npt: 0
nptxy: 0
nptdxdy: 0
shape: 0
seed: 258616
16.519478458970 4.661742290727 0.866025403784 -0.500000000000
2.876040974517 3.425168020035 0.866025403784 -0.500000000000
2.159574378311 -8.800940119164 0.866025403784 -0.500000000000
-0.748435590224 2.730024087692 0.866025403784 0.500000000000
3.762094412773 -2.289832775289 0.866025403784 -0.500000000000
16.451451464209 21.707807518222 0.866025403784 -0.500000000000
8.330937233996 15.622270259013 0.866025403784 -0.500000000000
11.214313206360 5.524203414478 0.866025403784 -0.500000000000
2.985556773673 6.345077098173 0.866025403784 -0.500000000000
6.968787789207 0.126344617997 0.866025403784 0.500000000000
