#Configurational_file created 2018-09-14 13:47:54  started 2018-09-14 13:47:53 run for 1.0s steps 0
name: gc_279
step: 10000
specie: 8
	particle_diameter: 1.0000000000000000
	interaction_length: 1.2000000000000000
	number_of_patches: 3
	number_of_particles_per_compound: 1
	rod_length: 1.0000000000000000
	interaction_matrix:  1.000000 1.000000 1.000000 1.000000 1.000000 1.000000 1.000000 1.000000 1.000000
	patch_type: symmetric
	patch_width: 8.0000000000000000
	patch_angle: 0.0000000000000000
	angles:  0.000000 0.000000 0.000000
	grand_canonical: 1
	chemical_potential: -1.7586210000000000
box: 10.000000 10.000000
copy: 1.000000 1.000000
epsilon: 0.1379320000000000
end_epsilon: 0.0000000000000000
pressure: 1.0000000000000000
lambda: 0.0000000000000000
lambda_coupling: 1.0000000000000000
uy: 0.0000000000000000
maximum_displacement: 1.0000000000000000
maximum_rotation: 1.0000000000000000
maximum_volume: 0.0000001000000000
maximum_shape: 0.0000001000000000
maximum_dsigma: 0.0100000000000000
mod: 10
pmod: 10
optimize: 1
verbose: 1
snapshot: 0
display: 1
explore: 1
npt: 0
nptxy: 0
nptdxdy: 0
shape: 0
seed: 320014
18.537271981208 -3.639002277332 0.866025403784 0.500000000000
2.329764762265 8.517258517526 0.000000000000 1.000000000000
10.755506361655 16.789539660634 0.866025403784 0.500000000000
1.288181723867 15.427314224902 0.866025403784 -0.500000000000
7.968438594870 23.488993849995 0.866025403784 0.500000000000
0.022906391522 12.208543112407 0.866025403784 -0.500000000000
6.002310509479 5.474498555628 0.866025403784 -0.500000000000
8.764652196546 0.957877313515 0.866025403784 -0.500000000000
