#Configurational_file created 2018-09-14 13:45:17  started 2018-09-14 13:45:16 run for 1.0s steps 0
name: gc_27
step: 10000
specie: 8
	particle_diameter: 1.0000000000000000
	interaction_length: 1.2000000000000000
	number_of_patches: 3
	number_of_particles_per_compound: 1
	rod_length: 1.0000000000000000
	interaction_matrix:  1.000000 1.000000 1.000000 1.000000 1.000000 1.000000 1.000000 1.000000 1.000000
	patch_type: symmetric
	patch_width: 8.0000000000000000
	patch_angle: 0.0000000000000000
	angles:  0.000000 0.000000 0.000000
	grand_canonical: 1
	chemical_potential: -3.0000000000000000
box: 10.000000 10.000000
copy: 1.000000 1.000000
epsilon: 0.4482760000000000
end_epsilon: 0.0000000000000000
pressure: 1.0000000000000000
lambda: 0.0000000000000000
lambda_coupling: 1.0000000000000000
uy: 0.0000000000000000
maximum_displacement: 1.0000000000000000
maximum_rotation: 1.0000000000000000
maximum_volume: 0.0000001000000000
maximum_shape: 0.0000001000000000
maximum_dsigma: 0.0100000000000000
mod: 10
pmod: 10
optimize: 1
verbose: 1
snapshot: 0
display: 1
explore: 1
npt: 0
nptxy: 0
nptdxdy: 0
shape: 0
seed: 33490
13.794664967574 -13.341414277478 0.866025403784 0.500000000000
-1.034619385173 -0.472228814104 0.866025403784 -0.500000000000
11.575695817915 5.745930619783 0.000000000000 1.000000000000
10.960632365370 4.796704709476 0.866025403784 0.500000000000
4.387847145471 5.838251979427 0.000000000000 1.000000000000
4.891775432992 1.704357141229 0.866025403784 -0.500000000000
7.650454142455 10.988186629361 0.866025403784 -0.500000000000
9.232900231299 3.625533333426 0.866025403784 0.500000000000
