#Configurational_file created 2018-09-14 11:52:27  started 2018-09-14 11:52:26 run for 1.0s steps 0
name: gc_283
step: 10000
specie: 20
	particle_diameter: 1.0000000000000000
	interaction_length: 1.2000000000000000
	number_of_patches: 3
	number_of_particles_per_compound: 1
	rod_length: 1.0000000000000000
	interaction_matrix:  1.000000 1.000000 1.000000 1.000000 1.000000 1.000000 1.000000 1.000000 1.000000
	patch_type: symmetric
	patch_width: 8.0000000000000000
	patch_angle: 0.0000000000000000
	angles:  0.000000 0.000000 0.000000
	grand_canonical: 1
	chemical_potential: -1.1666669999999999
box: 10.000000 10.000000
copy: 1.000000 1.000000
epsilon: 0.0291670000000000
end_epsilon: 0.0000000000000000
pressure: 1.0000000000000000
lambda: 0.0000000000000000
lambda_coupling: 1.0000000000000000
uy: 0.0000000000000000
maximum_displacement: 1.0000000000000000
maximum_rotation: 1.0000000000000000
maximum_volume: 0.0000001000000000
maximum_shape: 0.0000001000000000
maximum_dsigma: 0.0100000000000000
mod: 10
pmod: 10
optimize: 1
verbose: 1
snapshot: 0
display: 1
explore: 1
npt: 0
nptxy: 0
nptdxdy: 0
shape: 0
seed: 324562
-11.901760130217 14.236350242944 0.866025403784 -0.500000000000
14.980914241965 13.285767945938 0.000000000000 1.000000000000
7.589227163820 6.052017588723 0.866025403784 0.500000000000
2.589969193669 2.701590916948 0.866025403784 -0.500000000000
1.661693420201 12.191601089486 0.000000000000 1.000000000000
-1.084086759375 3.356015936611 0.866025403784 -0.500000000000
6.496076697617 -0.536611740632 0.866025403784 -0.500000000000
16.147278829699 -3.338355873060 0.866025403784 0.500000000000
-3.332312673778 3.850209120273 0.866025403784 -0.500000000000
-12.393224146439 -1.561053430558 0.866025403784 0.500000000000
4.901959886644 7.965779490876 0.000000000000 1.000000000000
3.866458021973 -13.421176419304 0.866025403784 -0.500000000000
12.252120299521 6.489357163427 0.866025403784 0.500000000000
4.806004189014 -5.201531790777 0.000000000000 1.000000000000
0.182154757565 4.625253760961 0.866025403784 -0.500000000000
3.469912190193 8.537152400307 0.866025403784 -0.500000000000
-15.380530166043 1.424919248737 0.866025403784 0.500000000000
11.797601217921 10.683416974821 0.866025403784 0.500000000000
1.647792990066 7.593650334867 0.866025403784 0.500000000000
7.638911715597 2.292660057556 0.866025403784 0.500000000000
