#Configurational_file created 2018-09-14 11:24:34  started 2018-09-14 11:24:33 run for 1.0s steps 0
name: gc_266
step: 10000
specie: 11
	particle_diameter: 1.0000000000000000
	interaction_length: 1.2000000000000000
	number_of_patches: 3
	number_of_particles_per_compound: 1
	rod_length: 1.0000000000000000
	interaction_matrix:  1.000000 1.000000 1.000000 1.000000 1.000000 1.000000 1.000000 1.000000 1.000000
	patch_type: symmetric
	patch_width: 8.0000000000000000
	patch_angle: 0.0000000000000000
	angles:  0.000000 0.000000 0.000000
	grand_canonical: 1
	chemical_potential: -1.3333330000000001
box: 10.000000 10.000000
copy: 1.000000 1.000000
epsilon: 1.2500370000000001
end_epsilon: 0.0000000000000000
pressure: 1.0000000000000000
lambda: 0.0000000000000000
lambda_coupling: 1.0000000000000000
uy: 0.0000000000000000
maximum_displacement: 1.0000000000000000
maximum_rotation: 1.0000000000000000
maximum_volume: 0.0000001000000000
maximum_shape: 0.0000001000000000
maximum_dsigma: 0.0100000000000000
mod: 10
pmod: 10
optimize: 1
verbose: 1
snapshot: 0
display: 1
explore: 1
npt: 0
nptxy: 0
nptdxdy: 0
shape: 0
seed: 305233
6.830722477479 -0.802301575671 0.866025403784 -0.500000000000
0.198128924056 -2.746780509868 0.866025403784 0.500000000000
6.854779024951 1.910246405061 0.000000000000 1.000000000000
15.368943983110 7.300534976692 0.866025403784 -0.500000000000
14.306263024616 3.140010214382 0.000000000000 1.000000000000
10.139599035347 3.700759698689 0.866025403784 -0.500000000000
3.833651530891 8.949476892974 0.866025403784 -0.500000000000
14.152612909879 16.598007127327 0.000000000000 1.000000000000
4.035359226001 1.348489478407 0.000000000000 1.000000000000
23.919045407941 3.881931235263 0.866025403784 -0.500000000000
5.693074382051 0.085519874198 0.866025403784 0.500000000000
