#Configurational_file created 2018-09-14 11:24:32  started 2018-09-14 11:24:32 run for 0.0s steps 0
name: gc_264
step: 10000
specie: 13
	particle_diameter: 1.0000000000000000
	interaction_length: 1.2000000000000000
	number_of_patches: 3
	number_of_particles_per_compound: 1
	rod_length: 1.0000000000000000
	interaction_matrix:  1.000000 1.000000 1.000000 1.000000 1.000000 1.000000 1.000000 1.000000 1.000000
	patch_type: symmetric
	patch_width: 8.0000000000000000
	patch_angle: 0.0000000000000000
	angles:  0.000000 0.000000 0.000000
	grand_canonical: 1
	chemical_potential: -1.3333330000000001
box: 10.000000 10.000000
copy: 1.000000 1.000000
epsilon: 1.0833790000000001
end_epsilon: 0.0000000000000000
pressure: 1.0000000000000000
lambda: 0.0000000000000000
lambda_coupling: 1.0000000000000000
uy: 0.0000000000000000
maximum_displacement: 1.0000000000000000
maximum_rotation: 1.0000000000000000
maximum_volume: 0.0000001000000000
maximum_shape: 0.0000001000000000
maximum_dsigma: 0.0100000000000000
mod: 10
pmod: 10
optimize: 1
verbose: 1
snapshot: 0
display: 1
explore: 1
npt: 0
nptxy: 0
nptdxdy: 0
shape: 0
seed: 302959
24.863232290730 -19.906319432505 0.000000000000 1.000000000000
1.670441653314 9.977587434646 0.866025403784 -0.500000000000
-12.402964769095 12.444006926063 0.866025403784 0.500000000000
3.903064901984 -5.669770843808 0.000000000000 1.000000000000
6.986236719057 -11.384589942270 0.000000000000 1.000000000000
11.123332045089 1.793757204366 0.866025403784 0.500000000000
12.151533690951 7.284464034825 0.866025403784 0.500000000000
8.489932952659 3.802689445042 0.866025403784 0.500000000000
6.146426888759 5.631730964897 0.000000000000 1.000000000000
5.410429985055 -7.253645928985 0.866025403784 -0.500000000000
11.387503526365 13.913397467236 0.866025403784 0.500000000000
2.575466055980 3.381845929964 0.000000000000 1.000000000000
0.879218843277 4.433117294038 0.866025403784 -0.500000000000
