#Configurational_file created 2018-09-14 12:19:39  started 2018-09-14 12:19:38 run for 1.0s steps 0
name: gc_24
step: 10000
specie: 17
	particle_diameter: 1.0000000000000000
	interaction_length: 1.2000000000000000
	number_of_patches: 3
	number_of_particles_per_compound: 1
	rod_length: 1.0000000000000000
	interaction_matrix:  1.000000 1.000000 1.000000 1.000000 1.000000 1.000000 1.000000 1.000000 1.000000
	patch_type: symmetric
	patch_width: 8.0000000000000000
	patch_angle: 0.0000000000000000
	angles:  0.000000 0.000000 0.000000
	grand_canonical: 1
	chemical_potential: -1.1666669999999999
box: 10.000000 10.000000
copy: 1.000000 1.000000
epsilon: 0.1000000000000000
end_epsilon: 0.0000000000000000
pressure: 1.0000000000000000
lambda: 0.0000000000000000
lambda_coupling: 1.0000000000000000
uy: 0.0000000000000000
maximum_displacement: 1.0000000000000000
maximum_rotation: 1.0000000000000000
maximum_volume: 0.0000001000000000
maximum_shape: 0.0000001000000000
maximum_dsigma: 0.0100000000000000
mod: 10
pmod: 10
optimize: 1
verbose: 1
snapshot: 0
display: 1
explore: 1
npt: 0
nptxy: 0
nptdxdy: 0
shape: 0
seed: 30079
-4.425284089314 9.288212924495 0.866025403784 -0.500000000000
7.611763699716 -5.900173358233 0.866025403784 0.500000000000
7.887605010405 5.997629366189 0.866025403784 -0.500000000000
3.984603272014 2.480640303356 0.000000000000 1.000000000000
10.363407844747 14.890958413253 0.866025403784 0.500000000000
0.036429639793 12.469573174732 0.866025403784 -0.500000000000
15.338398017184 -22.007105226723 0.866025403784 0.500000000000
-0.011523396379 6.673698879410 0.000000000000 1.000000000000
-1.526393003305 -4.375331786033 0.866025403784 0.500000000000
-6.830375956634 6.478192158873 0.000000000000 1.000000000000
-0.016002959183 2.273770325484 0.000000000000 1.000000000000
11.488368450545 5.796232751666 0.866025403784 -0.500000000000
4.112998407880 8.615148794306 0.866025403784 -0.500000000000
5.204395020554 15.925208575631 0.866025403784 -0.500000000000
10.254597757175 7.822638650300 0.866025403784 -0.500000000000
-0.742651870870 9.514334191321 0.866025403784 0.500000000000
1.893536601554 -2.921502194245 0.866025403784 -0.500000000000
