#Configurational_file created 2018-09-14 13:47:24  started 2018-09-14 13:47:23 run for 1.0s steps 0
name: gc_233
step: 10000
specie: 11
	particle_diameter: 1.0000000000000000
	interaction_length: 1.2000000000000000
	number_of_patches: 3
	number_of_particles_per_compound: 1
	rod_length: 1.0000000000000000
	interaction_matrix:  1.000000 1.000000 1.000000 1.000000 1.000000 1.000000 1.000000 1.000000 1.000000
	patch_type: symmetric
	patch_width: 8.0000000000000000
	patch_angle: 0.0000000000000000
	angles:  0.000000 0.000000 0.000000
	grand_canonical: 1
	chemical_potential: -2.0344829999999998
box: 10.000000 10.000000
copy: 1.000000 1.000000
epsilon: 0.3793110000000000
end_epsilon: 0.0000000000000000
pressure: 1.0000000000000000
lambda: 0.0000000000000000
lambda_coupling: 1.0000000000000000
uy: 0.0000000000000000
maximum_displacement: 1.0000000000000000
maximum_rotation: 1.0000000000000000
maximum_volume: 0.0000001000000000
maximum_shape: 0.0000001000000000
maximum_dsigma: 0.0100000000000000
mod: 10
pmod: 10
optimize: 1
verbose: 1
snapshot: 0
display: 1
explore: 1
npt: 0
nptxy: 0
nptdxdy: 0
shape: 0
seed: 267712
8.169834633454 21.952931153203 0.866025403784 -0.500000000000
-6.319238533111 2.542293554150 0.866025403784 -0.500000000000
-1.241909764029 17.613870374331 0.866025403784 0.500000000000
0.569516588921 -0.516282129843 0.866025403784 0.500000000000
13.683518720645 14.031847174601 0.866025403784 -0.500000000000
12.589552469525 11.304390032906 0.000000000000 1.000000000000
7.384554964151 -7.345126882610 0.866025403784 -0.500000000000
4.890567873864 3.365729435085 0.000000000000 1.000000000000
0.976957011909 4.742805246574 0.866025403784 -0.500000000000
9.683550579826 3.895535506180 0.866025403784 0.500000000000
3.991098023036 7.500467643170 0.000000000000 1.000000000000
