#Configurational_file created 2018-09-14 13:48:01  started 2018-09-14 13:48:00 run for 1.0s steps 0
name: gc_289
step: 10000
specie: 12
	particle_diameter: 1.0000000000000000
	interaction_length: 1.2000000000000000
	number_of_patches: 3
	number_of_particles_per_compound: 1
	rod_length: 1.0000000000000000
	interaction_matrix:  1.000000 1.000000 1.000000 1.000000 1.000000 1.000000 1.000000 1.000000 1.000000
	patch_type: symmetric
	patch_width: 8.0000000000000000
	patch_angle: 0.0000000000000000
	angles:  0.000000 0.000000 0.000000
	grand_canonical: 1
	chemical_potential: -1.7586210000000000
box: 10.000000 10.000000
copy: 1.000000 1.000000
epsilon: 0.3103450000000000
end_epsilon: 0.0000000000000000
pressure: 1.0000000000000000
lambda: 0.0000000000000000
lambda_coupling: 1.0000000000000000
uy: 0.0000000000000000
maximum_displacement: 1.0000000000000000
maximum_rotation: 1.0000000000000000
maximum_volume: 0.0000001000000000
maximum_shape: 0.0000001000000000
maximum_dsigma: 0.0100000000000000
mod: 10
pmod: 10
optimize: 1
verbose: 1
snapshot: 0
display: 1
explore: 1
npt: 0
nptxy: 0
nptdxdy: 0
shape: 0
seed: 331384
12.433027410945 4.266304179849 0.866025403784 0.500000000000
-5.427329919133 -7.916244467369 0.000000000000 1.000000000000
4.714733276286 5.196919053173 0.866025403784 0.500000000000
5.722115855981 10.829867328670 0.866025403784 0.500000000000
-6.728491484743 3.637884807430 0.866025403784 0.500000000000
14.159097529385 8.446708182686 0.000000000000 1.000000000000
1.099703760181 9.004462188292 0.866025403784 -0.500000000000
1.249037981525 8.064593478329 0.000000000000 1.000000000000
0.593313189189 3.447505146577 0.866025403784 -0.500000000000
9.117394633158 4.330939611994 0.866025403784 -0.500000000000
-7.353695556021 -0.862945613213 0.000000000000 1.000000000000
8.818346994093 -3.170540439507 0.866025403784 0.500000000000
