#Configurational_file created 2018-09-14 11:51:46  started 2018-09-14 11:51:46 run for 0.0s steps 0
name: gc_229
step: 10000
specie: 15
	particle_diameter: 1.0000000000000000
	interaction_length: 1.2000000000000000
	number_of_patches: 3
	number_of_particles_per_compound: 1
	rod_length: 1.0000000000000000
	interaction_matrix:  1.000000 1.000000 1.000000 1.000000 1.000000 1.000000 1.000000 1.000000 1.000000
	patch_type: symmetric
	patch_width: 8.0000000000000000
	patch_angle: 0.0000000000000000
	angles:  0.000000 0.000000 0.000000
	grand_canonical: 1
	chemical_potential: -1.5000000000000000
box: 10.000000 10.000000
copy: 1.000000 1.000000
epsilon: 0.0125010000000000
end_epsilon: 0.0000000000000000
pressure: 1.0000000000000000
lambda: 0.0000000000000000
lambda_coupling: 1.0000000000000000
uy: 0.0000000000000000
maximum_displacement: 1.0000000000000000
maximum_rotation: 1.0000000000000000
maximum_volume: 0.0000001000000000
maximum_shape: 0.0000001000000000
maximum_dsigma: 0.0100000000000000
mod: 10
pmod: 10
optimize: 1
verbose: 1
snapshot: 0
display: 1
explore: 1
npt: 0
nptxy: 0
nptdxdy: 0
shape: 0
seed: 263164
1.304153219297 4.833317748187 0.000000000000 1.000000000000
-3.430814449103 26.026221089564 0.866025403784 0.500000000000
2.316088473333 -9.996351180773 0.000000000000 1.000000000000
6.307169146157 -18.798989726794 0.000000000000 1.000000000000
1.820583858700 8.010222418779 0.000000000000 1.000000000000
-5.690647391358 8.674153424002 0.866025403784 0.500000000000
0.282208510109 8.644849637061 0.866025403784 0.500000000000
9.498169329475 10.040683526431 0.866025403784 0.500000000000
0.777635668030 2.294502824312 0.866025403784 -0.500000000000
-4.361432041981 5.115494320136 0.000000000000 1.000000000000
13.715447898791 4.298887809759 0.866025403784 0.500000000000
-1.765249132867 12.114414561583 0.866025403784 0.500000000000
4.828238194926 4.046474517239 0.866025403784 -0.500000000000
3.337562036784 -2.213503727157 0.866025403784 -0.500000000000
4.704433052610 0.683401620499 0.866025403784 0.500000000000
