#Configurational_file created 2018-09-14 13:47:55  started 2018-09-14 13:47:54 run for 1.0s steps 0
name: gc_280
step: 10000
specie: 15
	particle_diameter: 1.0000000000000000
	interaction_length: 1.2000000000000000
	number_of_patches: 3
	number_of_particles_per_compound: 1
	rod_length: 1.0000000000000000
	interaction_matrix:  1.000000 1.000000 1.000000 1.000000 1.000000 1.000000 1.000000 1.000000 1.000000
	patch_type: symmetric
	patch_width: 8.0000000000000000
	patch_angle: 0.0000000000000000
	angles:  0.000000 0.000000 0.000000
	grand_canonical: 1
	chemical_potential: -1.7586210000000000
box: 10.000000 10.000000
copy: 1.000000 1.000000
epsilon: 0.1551730000000000
end_epsilon: 0.0000000000000000
pressure: 1.0000000000000000
lambda: 0.0000000000000000
lambda_coupling: 1.0000000000000000
uy: 0.0000000000000000
maximum_displacement: 1.0000000000000000
maximum_rotation: 1.0000000000000000
maximum_volume: 0.0000001000000000
maximum_shape: 0.0000001000000000
maximum_dsigma: 0.0100000000000000
mod: 10
pmod: 10
optimize: 1
verbose: 1
snapshot: 0
display: 1
explore: 1
npt: 0
nptxy: 0
nptdxdy: 0
shape: 0
seed: 321151
2.027236031136 4.984226272179 0.866025403784 -0.500000000000
-5.870332847415 -13.149863148436 0.866025403784 0.500000000000
9.218243769625 5.743747587114 0.000000000000 1.000000000000
16.137762134955 2.539140085126 0.000000000000 1.000000000000
6.890860072668 0.222504843816 0.866025403784 -0.500000000000
7.916243679335 -10.366214261270 0.866025403784 0.500000000000
10.364184437227 0.361315605201 0.866025403784 -0.500000000000
-1.147824894825 6.905538181813 0.000000000000 1.000000000000
3.159354928168 4.616477339580 0.866025403784 -0.500000000000
-2.554479407072 11.701973031841 0.866025403784 0.500000000000
11.723288084343 10.842425475693 0.000000000000 1.000000000000
9.144600385818 3.267704705804 0.866025403784 -0.500000000000
-1.475219619891 16.837704882025 0.866025403784 -0.500000000000
5.703981975437 0.795198279980 0.866025403784 0.500000000000
9.778638851784 8.416059747047 0.866025403784 -0.500000000000
