#Configurational_file created 2018-09-14 11:24:54  started 2018-09-14 11:24:53 run for 1.0s steps 0
name: gc_293
step: 10000
specie: 15
	particle_diameter: 1.0000000000000000
	interaction_length: 1.2000000000000000
	number_of_patches: 3
	number_of_particles_per_compound: 1
	rod_length: 1.0000000000000000
	interaction_matrix:  1.000000 1.000000 1.000000 1.000000 1.000000 1.000000 1.000000 1.000000 1.000000
	patch_type: symmetric
	patch_width: 8.0000000000000000
	patch_angle: 0.0000000000000000
	angles:  0.000000 0.000000 0.000000
	grand_canonical: 1
	chemical_potential: -1.1666669999999999
box: 10.000000 10.000000
copy: 1.000000 1.000000
epsilon: 1.4166960000000000
end_epsilon: 0.0000000000000000
pressure: 1.0000000000000000
lambda: 0.0000000000000000
lambda_coupling: 1.0000000000000000
uy: 0.0000000000000000
maximum_displacement: 1.0000000000000000
maximum_rotation: 1.0000000000000000
maximum_volume: 0.0000001000000000
maximum_shape: 0.0000001000000000
maximum_dsigma: 0.0100000000000000
mod: 10
pmod: 10
optimize: 1
verbose: 1
snapshot: 0
display: 1
explore: 1
npt: 0
nptxy: 0
nptdxdy: 0
shape: 0
seed: 335932
4.591706203674 9.650876868753 0.000000000000 1.000000000000
13.361415469638 6.462754486422 0.866025403784 0.500000000000
9.604744723491 14.420742383228 0.866025403784 -0.500000000000
-11.875960730798 6.841158559853 0.866025403784 0.500000000000
2.207892520379 -6.672632635583 0.000000000000 1.000000000000
3.600324166966 8.189202145698 0.000000000000 1.000000000000
5.137053303087 5.460398873698 0.000000000000 1.000000000000
0.828443896139 -0.888165273941 0.866025403784 -0.500000000000
8.939909058215 27.080858053992 0.000000000000 1.000000000000
7.250763899471 4.946326500671 0.000000000000 1.000000000000
3.479024374440 13.742840773289 0.866025403784 -0.500000000000
-9.427500569450 3.430810624854 0.866025403784 -0.500000000000
7.834846160516 8.286252170812 0.866025403784 -0.500000000000
-14.432849966521 3.630011835090 0.866025403784 0.500000000000
17.929586743645 5.328356761240 0.866025403784 -0.500000000000
