#Configurational_file created 2018-09-14 11:51:51  started 2018-09-14 11:51:51 run for 0.0s steps 0
name: gc_236
step: 10000
specie: 10
	particle_diameter: 1.0000000000000000
	interaction_length: 1.2000000000000000
	number_of_patches: 3
	number_of_particles_per_compound: 1
	rod_length: 1.0000000000000000
	interaction_matrix:  1.000000 1.000000 1.000000 1.000000 1.000000 1.000000 1.000000 1.000000 1.000000
	patch_type: symmetric
	patch_width: 8.0000000000000000
	patch_angle: 0.0000000000000000
	angles:  0.000000 0.000000 0.000000
	grand_canonical: 1
	chemical_potential: -1.5000000000000000
box: 10.000000 10.000000
copy: 1.000000 1.000000
epsilon: 0.0416670000000000
end_epsilon: 0.0000000000000000
pressure: 1.0000000000000000
lambda: 0.0000000000000000
lambda_coupling: 1.0000000000000000
uy: 0.0000000000000000
maximum_displacement: 1.0000000000000000
maximum_rotation: 1.0000000000000000
maximum_volume: 0.0000001000000000
maximum_shape: 0.0000001000000000
maximum_dsigma: 0.0100000000000000
mod: 10
pmod: 10
optimize: 1
verbose: 1
snapshot: 0
display: 1
explore: 1
npt: 0
nptxy: 0
nptdxdy: 0
shape: 0
seed: 271123
3.171898688004 11.018885084169 0.866025403784 0.500000000000
3.213481131483 2.935161507000 0.866025403784 0.500000000000
-3.328142299831 1.149860086312 0.866025403784 0.500000000000
9.414546286108 15.687522745620 0.866025403784 -0.500000000000
15.027693244939 -9.804094806104 0.000000000000 1.000000000000
17.220214022965 5.327907578350 0.866025403784 -0.500000000000
15.824066701586 11.394991417669 0.866025403784 -0.500000000000
8.114353840230 14.793495691848 0.866025403784 -0.500000000000
10.185209736140 3.775575195255 0.866025403784 -0.500000000000
9.306959925105 0.855549310248 0.866025403784 0.500000000000
