#Configurational_file created 2018-09-14 11:24:27  started 2018-09-14 11:24:27 run for 0.0s steps 0
name: gc_257
step: 10000
specie: 16
	particle_diameter: 1.0000000000000000
	interaction_length: 1.2000000000000000
	number_of_patches: 3
	number_of_particles_per_compound: 1
	rod_length: 1.0000000000000000
	interaction_matrix:  1.000000 1.000000 1.000000 1.000000 1.000000 1.000000 1.000000 1.000000 1.000000
	patch_type: symmetric
	patch_width: 8.0000000000000000
	patch_angle: 0.0000000000000000
	angles:  0.000000 0.000000 0.000000
	grand_canonical: 1
	chemical_potential: -1.3333330000000001
box: 10.000000 10.000000
copy: 1.000000 1.000000
epsilon: 0.5000750000000000
end_epsilon: 0.0000000000000000
pressure: 1.0000000000000000
lambda: 0.0000000000000000
lambda_coupling: 1.0000000000000000
uy: 0.0000000000000000
maximum_displacement: 1.0000000000000000
maximum_rotation: 1.0000000000000000
maximum_volume: 0.0000001000000000
maximum_shape: 0.0000001000000000
maximum_dsigma: 0.0100000000000000
mod: 10
pmod: 10
optimize: 1
verbose: 1
snapshot: 0
display: 1
explore: 1
npt: 0
nptxy: 0
nptdxdy: 0
shape: 0
seed: 295000
17.363618594273 -0.460709273495 0.000000000000 1.000000000000
7.746203664974 5.946061014387 0.866025403784 0.500000000000
8.579099171434 8.719379630922 0.000000000000 1.000000000000
9.145196381696 2.249333543036 0.866025403784 0.500000000000
-0.842354739885 9.517104495549 0.866025403784 -0.500000000000
2.966336975704 8.693273543940 0.866025403784 -0.500000000000
-4.047540299287 11.170874478923 0.866025403784 0.500000000000
1.578246525550 2.576552187079 0.866025403784 0.500000000000
2.492743729135 6.396831154510 0.000000000000 1.000000000000
8.066278422382 0.015674618081 0.866025403784 -0.500000000000
10.243067092213 15.486195560635 0.866025403784 -0.500000000000
15.375617023733 5.183797280526 0.866025403784 -0.500000000000
7.857421307323 -2.999031106124 0.866025403784 0.500000000000
6.008464915004 4.184478733973 0.866025403784 0.500000000000
-2.732745103859 4.223477873053 0.866025403784 -0.500000000000
3.028434371647 4.161336120813 0.866025403784 -0.500000000000
