#Configurational_file created 2018-09-14 13:47:07  started 2018-09-14 13:47:07 run for 0.0s steps 0
name: gc_208
step: 10000
specie: 12
	particle_diameter: 1.0000000000000000
	interaction_length: 1.2000000000000000
	number_of_patches: 3
	number_of_particles_per_compound: 1
	rod_length: 1.0000000000000000
	interaction_matrix:  1.000000 1.000000 1.000000 1.000000 1.000000 1.000000 1.000000 1.000000 1.000000
	patch_type: symmetric
	patch_width: 8.0000000000000000
	patch_angle: 0.0000000000000000
	angles:  0.000000 0.000000 0.000000
	grand_canonical: 1
	chemical_potential: -2.1724139999999998
box: 10.000000 10.000000
copy: 1.000000 1.000000
epsilon: 0.4655170000000000
end_epsilon: 0.0000000000000000
pressure: 1.0000000000000000
lambda: 0.0000000000000000
lambda_coupling: 1.0000000000000000
uy: 0.0000000000000000
maximum_displacement: 1.0000000000000000
maximum_rotation: 1.0000000000000000
maximum_volume: 0.0000001000000000
maximum_shape: 0.0000001000000000
maximum_dsigma: 0.0100000000000000
mod: 10
pmod: 10
optimize: 1
verbose: 1
snapshot: 0
display: 1
explore: 1
npt: 0
nptxy: 0
nptdxdy: 0
shape: 0
seed: 239287
14.991276601590 1.139634296757 0.000000000000 1.000000000000
2.697323973001 6.009672394994 0.000000000000 1.000000000000
5.690083945383 1.557801390619 0.866025403784 -0.500000000000
2.813876184803 7.426059746821 0.866025403784 0.500000000000
3.589576572542 3.125583489898 0.866025403784 0.500000000000
4.979882479622 6.802855723609 0.000000000000 1.000000000000
-18.483739583747 10.222609201473 0.866025403784 -0.500000000000
6.031623243969 9.067862926822 0.000000000000 1.000000000000
-2.153840595154 11.181541798141 0.866025403784 -0.500000000000
1.984065814735 4.092724057243 0.866025403784 -0.500000000000
6.878719897876 0.161826172058 0.000000000000 1.000000000000
1.313381083929 7.635020815265 0.866025403784 -0.500000000000
