#Configurational_file created 2018-09-14 13:47:58  started 2018-09-14 13:47:57 run for 1.0s steps 0
name: gc_285
step: 10000
specie: 12
	particle_diameter: 1.0000000000000000
	interaction_length: 1.2000000000000000
	number_of_patches: 3
	number_of_particles_per_compound: 1
	rod_length: 1.0000000000000000
	interaction_matrix:  1.000000 1.000000 1.000000 1.000000 1.000000 1.000000 1.000000 1.000000 1.000000
	patch_type: symmetric
	patch_width: 8.0000000000000000
	patch_angle: 0.0000000000000000
	angles:  0.000000 0.000000 0.000000
	grand_canonical: 1
	chemical_potential: -1.7586210000000000
box: 10.000000 10.000000
copy: 1.000000 1.000000
epsilon: 0.2413800000000000
end_epsilon: 0.0000000000000000
pressure: 1.0000000000000000
lambda: 0.0000000000000000
lambda_coupling: 1.0000000000000000
uy: 0.0000000000000000
maximum_displacement: 1.0000000000000000
maximum_rotation: 1.0000000000000000
maximum_volume: 0.0000001000000000
maximum_shape: 0.0000001000000000
maximum_dsigma: 0.0100000000000000
mod: 10
pmod: 10
optimize: 1
verbose: 1
snapshot: 0
display: 1
explore: 1
npt: 0
nptxy: 0
nptdxdy: 0
shape: 0
seed: 326836
6.447314456827 -2.036663337464 0.866025403784 0.500000000000
7.771356062253 1.704403746923 0.000000000000 1.000000000000
-3.746249149087 9.375386780636 0.000000000000 1.000000000000
30.227455159584 -19.282774380836 0.000000000000 1.000000000000
-4.321185938856 -7.507022739091 0.866025403784 0.500000000000
15.131739322587 -1.076735692327 0.000000000000 1.000000000000
4.161103358895 11.883260545058 0.866025403784 0.500000000000
3.270953244757 -1.270080010669 0.866025403784 -0.500000000000
2.125245112208 4.870153343763 0.866025403784 0.500000000000
12.667141288860 4.315656259392 0.000000000000 1.000000000000
0.779223670733 11.583262880010 0.866025403784 0.500000000000
5.182970383996 7.146671390664 0.000000000000 1.000000000000
