#Configurational_file created 2018-09-14 13:47:18  started 2018-09-14 13:47:17 run for 1.0s steps 0
name: gc_224
step: 10000
specie: 7
	particle_diameter: 1.0000000000000000
	interaction_length: 1.2000000000000000
	number_of_patches: 3
	number_of_particles_per_compound: 1
	rod_length: 1.0000000000000000
	interaction_matrix:  1.000000 1.000000 1.000000 1.000000 1.000000 1.000000 1.000000 1.000000 1.000000
	patch_type: symmetric
	patch_width: 8.0000000000000000
	patch_angle: 0.0000000000000000
	angles:  0.000000 0.000000 0.000000
	grand_canonical: 1
	chemical_potential: -2.0344829999999998
box: 10.000000 10.000000
copy: 1.000000 1.000000
epsilon: 0.2241380000000000
end_epsilon: 0.0000000000000000
pressure: 1.0000000000000000
lambda: 0.0000000000000000
lambda_coupling: 1.0000000000000000
uy: 0.0000000000000000
maximum_displacement: 1.0000000000000000
maximum_rotation: 1.0000000000000000
maximum_volume: 0.0000001000000000
maximum_shape: 0.0000001000000000
maximum_dsigma: 0.0100000000000000
mod: 10
pmod: 10
optimize: 1
verbose: 1
snapshot: 0
display: 1
explore: 1
npt: 0
nptxy: 0
nptdxdy: 0
shape: 0
seed: 257479
6.332018762246 9.683691349831 0.866025403784 0.500000000000
11.243918883518 -2.744785205275 0.866025403784 -0.500000000000
23.091363665905 7.885908696265 0.866025403784 0.500000000000
9.787278971367 6.052918336555 0.866025403784 0.500000000000
7.265385149702 8.553130890730 0.000000000000 1.000000000000
-24.428209940276 -11.728577444011 0.000000000000 1.000000000000
4.539567211662 4.754230003588 0.000000000000 1.000000000000
