#Configurational_file created 2018-09-14 13:47:06  started 2018-09-14 13:47:06 run for 0.0s steps 0
name: gc_206
step: 10000
specie: 13
	particle_diameter: 1.0000000000000000
	interaction_length: 1.2000000000000000
	number_of_patches: 3
	number_of_particles_per_compound: 1
	rod_length: 1.0000000000000000
	interaction_matrix:  1.000000 1.000000 1.000000 1.000000 1.000000 1.000000 1.000000 1.000000 1.000000
	patch_type: symmetric
	patch_width: 8.0000000000000000
	patch_angle: 0.0000000000000000
	angles:  0.000000 0.000000 0.000000
	grand_canonical: 1
	chemical_potential: -2.1724139999999998
box: 10.000000 10.000000
copy: 1.000000 1.000000
epsilon: 0.4310350000000000
end_epsilon: 0.0000000000000000
pressure: 1.0000000000000000
lambda: 0.0000000000000000
lambda_coupling: 1.0000000000000000
uy: 0.0000000000000000
maximum_displacement: 1.0000000000000000
maximum_rotation: 1.0000000000000000
maximum_volume: 0.0000001000000000
maximum_shape: 0.0000001000000000
maximum_dsigma: 0.0100000000000000
mod: 10
pmod: 10
optimize: 1
verbose: 1
snapshot: 0
display: 1
explore: 1
npt: 0
nptxy: 0
nptdxdy: 0
shape: 0
seed: 237013
-3.147810210643 13.685197597664 0.000000000000 1.000000000000
1.820842173939 3.540613994538 0.866025403784 0.500000000000
6.893302262566 10.629007816212 0.866025403784 0.500000000000
7.685859765129 4.901341863920 0.000000000000 1.000000000000
-1.729185530507 7.764500347559 0.000000000000 1.000000000000
1.283509003352 -0.793923046473 0.000000000000 1.000000000000
-1.997601601619 12.691792089531 0.866025403784 0.500000000000
-6.630693397614 -2.156884590702 0.866025403784 0.500000000000
10.231423913460 8.206128984790 0.000000000000 1.000000000000
9.092513251758 9.238751769188 0.000000000000 1.000000000000
9.824365040897 6.563420465008 0.000000000000 1.000000000000
1.884753721186 4.080256467175 0.866025403784 -0.500000000000
11.051370428830 0.484642026689 0.000000000000 1.000000000000
