#Configurational_file created 2018-09-14 11:52:17  started 2018-09-14 11:52:16 run for 1.0s steps 0
name: gc_270
step: 10000
specie: 15
	particle_diameter: 1.0000000000000000
	interaction_length: 1.2000000000000000
	number_of_patches: 3
	number_of_particles_per_compound: 1
	rod_length: 1.0000000000000000
	interaction_matrix:  1.000000 1.000000 1.000000 1.000000 1.000000 1.000000 1.000000 1.000000 1.000000
	patch_type: symmetric
	patch_width: 8.0000000000000000
	patch_angle: 0.0000000000000000
	angles:  0.000000 0.000000 0.000000
	grand_canonical: 1
	chemical_potential: -1.3333330000000001
box: 10.000000 10.000000
copy: 1.000000 1.000000
epsilon: 0.0791670000000000
end_epsilon: 0.0000000000000000
pressure: 1.0000000000000000
lambda: 0.0000000000000000
lambda_coupling: 1.0000000000000000
uy: 0.0000000000000000
maximum_displacement: 1.0000000000000000
maximum_rotation: 1.0000000000000000
maximum_volume: 0.0000001000000000
maximum_shape: 0.0000001000000000
maximum_dsigma: 0.0100000000000000
mod: 10
pmod: 10
optimize: 1
verbose: 1
snapshot: 0
display: 1
explore: 1
npt: 0
nptxy: 0
nptdxdy: 0
shape: 0
seed: 309781
2.942597473194 10.997485904265 0.866025403784 -0.500000000000
-1.343662435332 17.361071643252 0.866025403784 -0.500000000000
-10.028009462729 10.103226925435 0.000000000000 1.000000000000
16.123889425518 3.732897210276 0.000000000000 1.000000000000
-22.344964921980 5.978286531955 0.866025403784 0.500000000000
19.735523738082 12.383445109466 0.866025403784 0.500000000000
11.009386309126 19.104918283929 0.000000000000 1.000000000000
2.571781323562 7.984506812417 0.866025403784 0.500000000000
8.818433366035 10.764469672796 0.866025403784 0.500000000000
6.363293583230 0.349307143595 0.866025403784 0.500000000000
11.608143264986 16.057021756272 0.866025403784 0.500000000000
9.083699366985 5.918238445780 0.866025403784 0.500000000000
8.054185228341 7.002582235078 0.000000000000 1.000000000000
3.196346348401 3.634813242274 0.866025403784 -0.500000000000
0.891147033481 7.555429322434 0.000000000000 1.000000000000
