#Configurational_file created 2018-09-14 11:51:41  started 2018-09-14 11:51:40 run for 1.0s steps 0
name: gc_221
step: 10000
specie: 13
	particle_diameter: 1.0000000000000000
	interaction_length: 1.2000000000000000
	number_of_patches: 3
	number_of_particles_per_compound: 1
	rod_length: 1.0000000000000000
	interaction_matrix:  1.000000 1.000000 1.000000 1.000000 1.000000 1.000000 1.000000 1.000000 1.000000
	patch_type: symmetric
	patch_width: 8.0000000000000000
	patch_angle: 0.0000000000000000
	angles:  0.000000 0.000000 0.000000
	grand_canonical: 1
	chemical_potential: -1.6666669999999999
box: 10.000000 10.000000
copy: 1.000000 1.000000
epsilon: 0.0833340000000000
end_epsilon: 0.0000000000000000
pressure: 1.0000000000000000
lambda: 0.0000000000000000
lambda_coupling: 1.0000000000000000
uy: 0.0000000000000000
maximum_displacement: 1.0000000000000000
maximum_rotation: 1.0000000000000000
maximum_volume: 0.0000001000000000
maximum_shape: 0.0000001000000000
maximum_dsigma: 0.0100000000000000
mod: 10
pmod: 10
optimize: 1
verbose: 1
snapshot: 0
display: 1
explore: 1
npt: 0
nptxy: 0
nptdxdy: 0
shape: 0
seed: 254068
0.190488338766 3.109536681596 0.866025403784 0.500000000000
0.991628215511 5.881371358379 0.866025403784 0.500000000000
12.850097502900 5.070570445877 0.866025403784 -0.500000000000
9.057805210713 5.588287467425 0.866025403784 -0.500000000000
7.097921309859 -4.626685992842 0.866025403784 0.500000000000
9.416014632935 11.174104370485 0.866025403784 -0.500000000000
11.548067253145 -5.408714785606 0.000000000000 1.000000000000
10.224734974270 -2.566796236012 0.000000000000 1.000000000000
14.004411029803 9.480085770178 0.866025403784 -0.500000000000
5.427171156269 -1.999538190850 0.866025403784 -0.500000000000
6.416611208269 9.086435246863 0.000000000000 1.000000000000
7.423620056659 1.932973877952 0.866025403784 0.500000000000
5.079845305450 5.448025742561 0.000000000000 1.000000000000
