#Configurational_file created 2018-09-14 11:51:54  started 2018-09-14 11:51:53 run for 1.0s steps 0
name: gc_239
step: 10000
specie: 19
	particle_diameter: 1.0000000000000000
	interaction_length: 1.2000000000000000
	number_of_patches: 3
	number_of_particles_per_compound: 1
	rod_length: 1.0000000000000000
	interaction_matrix:  1.000000 1.000000 1.000000 1.000000 1.000000 1.000000 1.000000 1.000000 1.000000
	patch_type: symmetric
	patch_width: 8.0000000000000000
	patch_angle: 0.0000000000000000
	angles:  0.000000 0.000000 0.000000
	grand_canonical: 1
	chemical_potential: -1.5000000000000000
box: 10.000000 10.000000
copy: 1.000000 1.000000
epsilon: 0.0541670000000000
end_epsilon: 0.0000000000000000
pressure: 1.0000000000000000
lambda: 0.0000000000000000
lambda_coupling: 1.0000000000000000
uy: 0.0000000000000000
maximum_displacement: 1.0000000000000000
maximum_rotation: 1.0000000000000000
maximum_volume: 0.0000001000000000
maximum_shape: 0.0000001000000000
maximum_dsigma: 0.0100000000000000
mod: 10
pmod: 10
optimize: 1
verbose: 1
snapshot: 0
display: 1
explore: 1
npt: 0
nptxy: 0
nptdxdy: 0
shape: 0
seed: 274534
5.626310438291 4.031614396434 0.866025403784 -0.500000000000
11.101148843424 5.474109380726 0.866025403784 -0.500000000000
11.235065258453 7.035123845818 0.866025403784 0.500000000000
8.488930805644 8.688629475073 0.866025403784 -0.500000000000
-4.506664515989 -0.275719223898 0.866025403784 -0.500000000000
4.092487022310 14.120102476938 0.000000000000 1.000000000000
7.826717415904 6.057810850898 0.000000000000 1.000000000000
7.764223399040 -2.535289541652 0.866025403784 -0.500000000000
-2.336149814016 1.031354007280 0.866025403784 0.500000000000
0.723604432810 -8.948377900847 0.866025403784 0.500000000000
3.111504154557 -0.316824666622 0.866025403784 0.500000000000
3.909191973403 4.591617117789 0.866025403784 -0.500000000000
12.340610312799 13.634729361928 0.866025403784 -0.500000000000
-10.831025009074 12.181038485738 0.866025403784 -0.500000000000
2.744993448643 12.156299625490 0.866025403784 -0.500000000000
4.274273873258 -2.779479696584 0.866025403784 -0.500000000000
1.764032792689 8.161047134589 0.866025403784 -0.500000000000
-0.240997340428 3.256336198523 0.866025403784 -0.500000000000
6.093806868904 8.418527964098 0.866025403784 0.500000000000
