#Configurational_file created 2018-09-14 11:52:11  started 2018-09-14 11:52:11 run for 0.0s steps 0
name: gc_263
step: 10000
specie: 12
	particle_diameter: 1.0000000000000000
	interaction_length: 1.2000000000000000
	number_of_patches: 3
	number_of_particles_per_compound: 1
	rod_length: 1.0000000000000000
	interaction_matrix:  1.000000 1.000000 1.000000 1.000000 1.000000 1.000000 1.000000 1.000000 1.000000
	patch_type: symmetric
	patch_width: 8.0000000000000000
	patch_angle: 0.0000000000000000
	angles:  0.000000 0.000000 0.000000
	grand_canonical: 1
	chemical_potential: -1.3333330000000001
box: 10.000000 10.000000
copy: 1.000000 1.000000
epsilon: 0.0500010000000000
end_epsilon: 0.0000000000000000
pressure: 1.0000000000000000
lambda: 0.0000000000000000
lambda_coupling: 1.0000000000000000
uy: 0.0000000000000000
maximum_displacement: 1.0000000000000000
maximum_rotation: 1.0000000000000000
maximum_volume: 0.0000001000000000
maximum_shape: 0.0000001000000000
maximum_dsigma: 0.0100000000000000
mod: 10
pmod: 10
optimize: 1
verbose: 1
snapshot: 0
display: 1
explore: 1
npt: 0
nptxy: 0
nptdxdy: 0
shape: 0
seed: 301822
7.309806276067 0.567798593858 0.000000000000 1.000000000000
10.039705286716 17.165790212946 0.000000000000 1.000000000000
3.401172990943 -4.669263822103 0.000000000000 1.000000000000
6.427305730728 1.975495164853 0.866025403784 0.500000000000
11.515346370229 4.942801468904 0.866025403784 0.500000000000
0.610192991995 9.800069447156 0.866025403784 0.500000000000
-5.430708186581 2.924223244197 0.000000000000 1.000000000000
2.763094309589 -4.175380444295 0.866025403784 0.500000000000
10.275588712325 20.542456975913 0.866025403784 -0.500000000000
9.965761757580 3.664511307813 0.866025403784 -0.500000000000
4.070224392932 7.159052071687 0.866025403784 0.500000000000
7.546918433649 12.500949765672 0.000000000000 1.000000000000
