#Configurational_file created 2018-09-14 11:24:07  started 2018-09-14 11:24:06 run for 1.0s steps 0
name: gc_229
step: 10000
specie: 19
	particle_diameter: 1.0000000000000000
	interaction_length: 1.2000000000000000
	number_of_patches: 3
	number_of_particles_per_compound: 1
	rod_length: 1.0000000000000000
	interaction_matrix:  1.000000 1.000000 1.000000 1.000000 1.000000 1.000000 1.000000 1.000000 1.000000
	patch_type: symmetric
	patch_width: 8.0000000000000000
	patch_angle: 0.0000000000000000
	angles:  0.000000 0.000000 0.000000
	grand_canonical: 1
	chemical_potential: -1.5000000000000000
box: 10.000000 10.000000
copy: 1.000000 1.000000
epsilon: 0.2500870000000000
end_epsilon: 0.0000000000000000
pressure: 1.0000000000000000
lambda: 0.0000000000000000
lambda_coupling: 1.0000000000000000
uy: 0.0000000000000000
maximum_displacement: 1.0000000000000000
maximum_rotation: 1.0000000000000000
maximum_volume: 0.0000001000000000
maximum_shape: 0.0000001000000000
maximum_dsigma: 0.0100000000000000
mod: 10
pmod: 10
optimize: 1
verbose: 1
snapshot: 0
display: 1
explore: 1
npt: 0
nptxy: 0
nptdxdy: 0
shape: 0
seed: 263164
3.812798231141 7.134823613077 0.000000000000 1.000000000000
-8.183859793510 6.722947870658 0.866025403784 -0.500000000000
5.912830684686 -1.617835696589 0.866025403784 0.500000000000
5.247689355153 11.151752115019 0.866025403784 0.500000000000
6.036888984020 3.199380430244 0.866025403784 0.500000000000
9.329010847734 6.593140147331 0.866025403784 -0.500000000000
5.651930169453 6.806969368904 0.866025403784 0.500000000000
10.393157880094 4.051014332043 0.866025403784 -0.500000000000
6.338116754607 0.163664015347 0.866025403784 0.500000000000
-2.018546074458 10.109467733927 0.000000000000 1.000000000000
8.298513006436 11.470585364444 0.866025403784 0.500000000000
-0.230225336555 2.557793142651 0.000000000000 1.000000000000
3.733332204344 9.857138214856 0.000000000000 1.000000000000
5.207167352473 4.748747436144 0.866025403784 0.500000000000
15.916123104646 15.394732229247 0.000000000000 1.000000000000
0.061111708503 7.813114194080 0.866025403784 0.500000000000
8.250150863021 5.981851722041 0.866025403784 -0.500000000000
7.811976359179 8.457888427666 0.866025403784 -0.500000000000
2.255477697674 8.517265420750 0.000000000000 1.000000000000
