#Configurational_file created 2018-09-14 11:51:26  started 2018-09-14 11:51:25 run for 1.0s steps 0
name: gc_200
step: 10000
specie: 14
	particle_diameter: 1.0000000000000000
	interaction_length: 1.2000000000000000
	number_of_patches: 3
	number_of_particles_per_compound: 1
	rod_length: 1.0000000000000000
	interaction_matrix:  1.000000 1.000000 1.000000 1.000000 1.000000 1.000000 1.000000 1.000000 1.000000
	patch_type: symmetric
	patch_width: 8.0000000000000000
	patch_angle: 0.0000000000000000
	angles:  0.000000 0.000000 0.000000
	grand_canonical: 1
	chemical_potential: -1.8333330000000001
box: 10.000000 10.000000
copy: 1.000000 1.000000
epsilon: 0.1000000000000000
end_epsilon: 0.0000000000000000
pressure: 1.0000000000000000
lambda: 0.0000000000000000
lambda_coupling: 1.0000000000000000
uy: 0.0000000000000000
maximum_displacement: 1.0000000000000000
maximum_rotation: 1.0000000000000000
maximum_volume: 0.0000001000000000
maximum_shape: 0.0000001000000000
maximum_dsigma: 0.0100000000000000
mod: 10
pmod: 10
optimize: 1
verbose: 1
snapshot: 0
display: 1
explore: 1
npt: 0
nptxy: 0
nptdxdy: 0
shape: 0
seed: 230191
4.305644573259 2.194273620683 0.866025403784 0.500000000000
1.173520577697 17.385224699009 0.000000000000 1.000000000000
-0.004971205537 1.500519788941 0.866025403784 -0.500000000000
7.168396773552 7.501607717668 0.000000000000 1.000000000000
2.162424151430 4.876400102930 0.866025403784 0.500000000000
-1.475845701929 7.900807491917 0.000000000000 1.000000000000
7.373568591507 2.959712026112 0.866025403784 0.500000000000
1.108374176398 -1.607412030119 0.866025403784 -0.500000000000
3.499939341112 3.980772245701 0.000000000000 1.000000000000
9.028494043438 -1.262915204310 0.866025403784 -0.500000000000
3.432182245409 4.991566602267 0.866025403784 -0.500000000000
-4.031775535026 -1.954520264868 0.866025403784 -0.500000000000
3.773498447598 7.964285189453 0.000000000000 1.000000000000
5.546868895034 9.515684358872 0.866025403784 -0.500000000000
