#Configurational_file created 2018-09-14 11:52:03  started 2018-09-14 11:52:02 run for 1.0s steps 0
name: gc_252
step: 10000
specie: 12
	particle_diameter: 1.0000000000000000
	interaction_length: 1.2000000000000000
	number_of_patches: 3
	number_of_particles_per_compound: 1
	rod_length: 1.0000000000000000
	interaction_matrix:  1.000000 1.000000 1.000000 1.000000 1.000000 1.000000 1.000000 1.000000 1.000000
	patch_type: symmetric
	patch_width: 8.0000000000000000
	patch_angle: 0.0000000000000000
	angles:  0.000000 0.000000 0.000000
	grand_canonical: 1
	chemical_potential: -1.3333330000000001
box: 10.000000 10.000000
copy: 1.000000 1.000000
epsilon: 0.0041680000000000
end_epsilon: 0.0000000000000000
pressure: 1.0000000000000000
lambda: 0.0000000000000000
lambda_coupling: 1.0000000000000000
uy: 0.0000000000000000
maximum_displacement: 1.0000000000000000
maximum_rotation: 1.0000000000000000
maximum_volume: 0.0000001000000000
maximum_shape: 0.0000001000000000
maximum_dsigma: 0.0100000000000000
mod: 10
pmod: 10
optimize: 1
verbose: 1
snapshot: 0
display: 1
explore: 1
npt: 0
nptxy: 0
nptdxdy: 0
shape: 0
seed: 289315
7.549928670024 1.392873380103 0.866025403784 0.500000000000
-0.017103035425 15.704092278177 0.000000000000 1.000000000000
4.522548427935 5.120812762819 0.000000000000 1.000000000000
3.674389886230 -5.379861209938 0.866025403784 -0.500000000000
2.182547487815 8.775217275846 0.866025403784 -0.500000000000
9.560218621532 9.896162917459 0.866025403784 0.500000000000
15.592914873650 2.732610256577 0.866025403784 0.500000000000
-2.688896309853 10.365918982410 0.000000000000 1.000000000000
1.071596260040 10.925171660340 0.866025403784 -0.500000000000
-6.611222051376 -20.781293645750 0.866025403784 0.500000000000
7.143530566094 -0.649440459826 0.000000000000 1.000000000000
10.570761144637 7.510984803094 0.000000000000 1.000000000000
