#Configurational_file created 2018-09-14 11:52:26  started 2018-09-14 11:52:25 run for 1.0s steps 0
name: gc_282
step: 10000
specie: 21
	particle_diameter: 1.0000000000000000
	interaction_length: 1.2000000000000000
	number_of_patches: 3
	number_of_particles_per_compound: 1
	rod_length: 1.0000000000000000
	interaction_matrix:  1.000000 1.000000 1.000000 1.000000 1.000000 1.000000 1.000000 1.000000 1.000000
	patch_type: symmetric
	patch_width: 8.0000000000000000
	patch_angle: 0.0000000000000000
	angles:  0.000000 0.000000 0.000000
	grand_canonical: 1
	chemical_potential: -1.1666669999999999
box: 10.000000 10.000000
copy: 1.000000 1.000000
epsilon: 0.0250010000000000
end_epsilon: 0.0000000000000000
pressure: 1.0000000000000000
lambda: 0.0000000000000000
lambda_coupling: 1.0000000000000000
uy: 0.0000000000000000
maximum_displacement: 1.0000000000000000
maximum_rotation: 1.0000000000000000
maximum_volume: 0.0000001000000000
maximum_shape: 0.0000001000000000
maximum_dsigma: 0.0100000000000000
mod: 10
pmod: 10
optimize: 1
verbose: 1
snapshot: 0
display: 1
explore: 1
npt: 0
nptxy: 0
nptdxdy: 0
shape: 0
seed: 323425
0.424258126059 -2.157930017956 0.866025403784 -0.500000000000
-0.763514009396 19.947990258892 0.866025403784 -0.500000000000
8.376938650684 8.435098566138 0.866025403784 -0.500000000000
5.115721585791 10.192996309699 0.866025403784 0.500000000000
9.455001450204 5.916892264693 0.866025403784 -0.500000000000
-3.554652595470 -4.843085160506 0.866025403784 -0.500000000000
3.076199556563 18.863062318031 0.000000000000 1.000000000000
3.820751513890 3.502427466102 0.866025403784 0.500000000000
-3.943455905046 13.950318825580 0.000000000000 1.000000000000
11.002113651338 -18.464365292620 0.866025403784 -0.500000000000
14.655449790507 2.507992923711 0.866025403784 0.500000000000
1.939837606431 7.840137625977 0.000000000000 1.000000000000
4.222458201086 7.154751877608 0.866025403784 -0.500000000000
11.889012561863 6.206581420894 0.866025403784 -0.500000000000
7.672934500120 2.695681470579 0.866025403784 0.500000000000
0.363350166929 14.591425863776 0.866025403784 0.500000000000
0.157515395381 9.290393126805 0.866025403784 -0.500000000000
-1.869676731966 4.126762000793 0.866025403784 -0.500000000000
2.747643073831 9.275014506666 0.866025403784 -0.500000000000
8.746687250612 11.467380206952 0.866025403784 0.500000000000
6.105800827658 1.604740271940 0.000000000000 1.000000000000
