#Configurational_file created 2018-09-14 11:24:24  started 2018-09-14 11:24:24 run for 0.0s steps 0
name: gc_253
step: 10000
specie: 20
	particle_diameter: 1.0000000000000000
	interaction_length: 1.2000000000000000
	number_of_patches: 3
	number_of_particles_per_compound: 1
	rod_length: 1.0000000000000000
	interaction_matrix:  1.000000 1.000000 1.000000 1.000000 1.000000 1.000000 1.000000 1.000000 1.000000
	patch_type: symmetric
	patch_width: 8.0000000000000000
	patch_angle: 0.0000000000000000
	angles:  0.000000 0.000000 0.000000
	grand_canonical: 1
	chemical_potential: -1.3333330000000001
box: 10.000000 10.000000
copy: 1.000000 1.000000
epsilon: 0.1667580000000000
end_epsilon: 0.0000000000000000
pressure: 1.0000000000000000
lambda: 0.0000000000000000
lambda_coupling: 1.0000000000000000
uy: 0.0000000000000000
maximum_displacement: 1.0000000000000000
maximum_rotation: 1.0000000000000000
maximum_volume: 0.0000001000000000
maximum_shape: 0.0000001000000000
maximum_dsigma: 0.0100000000000000
mod: 10
pmod: 10
optimize: 1
verbose: 1
snapshot: 0
display: 1
explore: 1
npt: 0
nptxy: 0
nptdxdy: 0
shape: 0
seed: 290452
-0.840494221650 1.981040946254 0.000000000000 1.000000000000
10.135049700790 9.946592803523 0.000000000000 1.000000000000
11.446649423183 8.044354327194 0.866025403784 -0.500000000000
3.385029365135 -1.295352302337 0.000000000000 1.000000000000
-1.419899265662 11.403408787135 0.866025403784 -0.500000000000
-4.554684470573 0.868853760474 0.866025403784 0.500000000000
-4.141297192345 -0.514740956954 0.000000000000 1.000000000000
5.261421755929 8.173053743864 0.866025403784 -0.500000000000
7.076181501765 12.661912891349 0.866025403784 -0.500000000000
-9.808158096166 -5.767518570425 0.866025403784 -0.500000000000
7.478300152019 6.993326709887 0.866025403784 0.500000000000
5.531628165184 2.619811440464 0.000000000000 1.000000000000
14.421250721751 -2.933751647959 0.866025403784 0.500000000000
3.499857860849 4.603623875814 0.866025403784 0.500000000000
14.057522229339 1.176986764458 0.866025403784 -0.500000000000
11.685514304827 -2.124061582926 0.000000000000 1.000000000000
4.356313677067 2.810521101057 0.000000000000 1.000000000000
4.777242786765 5.539647997600 0.000000000000 1.000000000000
8.996951518412 5.704869194615 0.866025403784 0.500000000000
2.331873582139 2.807289386391 0.866025403784 0.500000000000
