#Configurational_file created 2018-09-14 11:24:38  started 2018-09-14 11:24:38 run for 0.0s steps 0
name: gc_272
step: 10000
specie: 20
	particle_diameter: 1.0000000000000000
	interaction_length: 1.2000000000000000
	number_of_patches: 3
	number_of_particles_per_compound: 1
	rod_length: 1.0000000000000000
	interaction_matrix:  1.000000 1.000000 1.000000 1.000000 1.000000 1.000000 1.000000 1.000000 1.000000
	patch_type: symmetric
	patch_width: 8.0000000000000000
	patch_angle: 0.0000000000000000
	angles:  0.000000 0.000000 0.000000
	grand_canonical: 1
	chemical_potential: -1.3333330000000001
box: 10.000000 10.000000
copy: 1.000000 1.000000
epsilon: 1.7500119999999999
end_epsilon: 0.0000000000000000
pressure: 1.0000000000000000
lambda: 0.0000000000000000
lambda_coupling: 1.0000000000000000
uy: 0.0000000000000000
maximum_displacement: 1.0000000000000000
maximum_rotation: 1.0000000000000000
maximum_volume: 0.0000001000000000
maximum_shape: 0.0000001000000000
maximum_dsigma: 0.0100000000000000
mod: 10
pmod: 10
optimize: 1
verbose: 1
snapshot: 0
display: 1
explore: 1
npt: 0
nptxy: 0
nptdxdy: 0
shape: 0
seed: 312055
0.457348417687 -0.117396926457 0.866025403784 0.500000000000
23.790366483484 -3.948085386595 0.000000000000 1.000000000000
4.101213620929 1.373061712500 0.866025403784 0.500000000000
9.879997409103 1.156069606235 0.866025403784 -0.500000000000
4.016693160474 4.857046227358 0.000000000000 1.000000000000
3.366925209195 3.616037211386 0.000000000000 1.000000000000
17.667723854202 9.292272442956 0.866025403784 -0.500000000000
1.609634232930 7.585933719517 0.866025403784 0.500000000000
13.062305636442 9.675634119841 0.866025403784 0.500000000000
8.077053899028 14.897120936914 0.866025403784 -0.500000000000
3.825213694388 18.857788138138 0.000000000000 1.000000000000
-1.759164103436 18.042292180038 0.866025403784 0.500000000000
6.426027526244 4.559109768617 0.000000000000 1.000000000000
11.661698393196 2.212765373628 0.866025403784 0.500000000000
12.729827167115 3.446491676366 0.866025403784 -0.500000000000
6.187156368154 2.160018192694 0.866025403784 0.500000000000
9.772339543738 5.425960788288 0.000000000000 1.000000000000
11.632783359371 -9.466408143976 0.866025403784 -0.500000000000
1.416652296441 5.108069923377 0.000000000000 1.000000000000
8.744566225139 7.071551033668 0.000000000000 1.000000000000
