#Configurational_file created 2018-09-14 13:48:06  started 2018-09-14 13:48:06 run for 0.0s steps 0
name: gc_297
step: 10000
specie: 15
	particle_diameter: 1.0000000000000000
	interaction_length: 1.2000000000000000
	number_of_patches: 3
	number_of_particles_per_compound: 1
	rod_length: 1.0000000000000000
	interaction_matrix:  1.000000 1.000000 1.000000 1.000000 1.000000 1.000000 1.000000 1.000000 1.000000
	patch_type: symmetric
	patch_width: 8.0000000000000000
	patch_angle: 0.0000000000000000
	angles:  0.000000 0.000000 0.000000
	grand_canonical: 1
	chemical_potential: -1.7586210000000000
box: 10.000000 10.000000
copy: 1.000000 1.000000
epsilon: 0.4482760000000000
end_epsilon: 0.0000000000000000
pressure: 1.0000000000000000
lambda: 0.0000000000000000
lambda_coupling: 1.0000000000000000
uy: 0.0000000000000000
maximum_displacement: 1.0000000000000000
maximum_rotation: 1.0000000000000000
maximum_volume: 0.0000001000000000
maximum_shape: 0.0000001000000000
maximum_dsigma: 0.0100000000000000
mod: 10
pmod: 10
optimize: 1
verbose: 1
snapshot: 0
display: 1
explore: 1
npt: 0
nptxy: 0
nptdxdy: 0
shape: 0
seed: 340480
4.338777194071 22.881346433129 0.866025403784 -0.500000000000
5.985326893643 -5.251220507584 0.866025403784 -0.500000000000
7.243184246500 19.565658776712 0.000000000000 1.000000000000
-0.041162733798 10.804281045218 0.866025403784 0.500000000000
-8.437923153184 -9.276734344688 0.866025403784 0.500000000000
2.055963199305 15.399540938096 0.000000000000 1.000000000000
11.489978480841 -4.952219565152 0.866025403784 -0.500000000000
-1.667309014477 -9.204416562446 0.866025403784 -0.500000000000
5.603826074876 7.453092326385 0.000000000000 1.000000000000
7.310163385561 21.553960880444 0.866025403784 0.500000000000
-5.566875461093 17.311735813470 0.866025403784 -0.500000000000
4.930458922119 2.150105005687 0.000000000000 1.000000000000
0.192989392288 1.974468594036 0.000000000000 1.000000000000
0.816138878406 7.178111288666 0.000000000000 1.000000000000
1.194882494183 3.464058235839 0.000000000000 1.000000000000
