#Configurational_file created 2018-09-14 13:47:37  started 2018-09-14 13:47:36 run for 1.0s steps 0
name: gc_253
step: 10000
specie: 9
	particle_diameter: 1.0000000000000000
	interaction_length: 1.2000000000000000
	number_of_patches: 3
	number_of_particles_per_compound: 1
	rod_length: 1.0000000000000000
	interaction_matrix:  1.000000 1.000000 1.000000 1.000000 1.000000 1.000000 1.000000 1.000000 1.000000
	patch_type: symmetric
	patch_width: 8.0000000000000000
	patch_angle: 0.0000000000000000
	angles:  0.000000 0.000000 0.000000
	grand_canonical: 1
	chemical_potential: -1.8965520000000000
box: 10.000000 10.000000
copy: 1.000000 1.000000
epsilon: 0.2068970000000000
end_epsilon: 0.0000000000000000
pressure: 1.0000000000000000
lambda: 0.0000000000000000
lambda_coupling: 1.0000000000000000
uy: 0.0000000000000000
maximum_displacement: 1.0000000000000000
maximum_rotation: 1.0000000000000000
maximum_volume: 0.0000001000000000
maximum_shape: 0.0000001000000000
maximum_dsigma: 0.0100000000000000
mod: 10
pmod: 10
optimize: 1
verbose: 1
snapshot: 0
display: 1
explore: 1
npt: 0
nptxy: 0
nptdxdy: 0
shape: 0
seed: 290452
17.440637438939 5.476918600176 0.000000000000 1.000000000000
8.060496610860 6.478075313300 0.000000000000 1.000000000000
14.782566583997 1.963790539886 0.000000000000 1.000000000000
9.724926787174 0.530620130745 0.866025403784 0.500000000000
12.154815854595 1.509843473326 0.000000000000 1.000000000000
-13.419097689049 10.770494383730 0.866025403784 -0.500000000000
-5.137285430920 -1.611212083455 0.866025403784 0.500000000000
9.002938631504 7.053316016319 0.866025403784 -0.500000000000
10.645998317590 -4.546979039399 0.000000000000 1.000000000000
