#Configurational_file created 2018-09-14 11:24:45  started 2018-09-14 11:24:44 run for 1.0s steps 0
name: gc_281
step: 10000
specie: 18
	particle_diameter: 1.0000000000000000
	interaction_length: 1.2000000000000000
	number_of_patches: 3
	number_of_particles_per_compound: 1
	rod_length: 1.0000000000000000
	interaction_matrix:  1.000000 1.000000 1.000000 1.000000 1.000000 1.000000 1.000000 1.000000 1.000000
	patch_type: symmetric
	patch_width: 8.0000000000000000
	patch_angle: 0.0000000000000000
	angles:  0.000000 0.000000 0.000000
	grand_canonical: 1
	chemical_potential: -1.1666669999999999
box: 10.000000 10.000000
copy: 1.000000 1.000000
epsilon: 0.4167460000000000
end_epsilon: 0.0000000000000000
pressure: 1.0000000000000000
lambda: 0.0000000000000000
lambda_coupling: 1.0000000000000000
uy: 0.0000000000000000
maximum_displacement: 1.0000000000000000
maximum_rotation: 1.0000000000000000
maximum_volume: 0.0000001000000000
maximum_shape: 0.0000001000000000
maximum_dsigma: 0.0100000000000000
mod: 10
pmod: 10
optimize: 1
verbose: 1
snapshot: 0
display: 1
explore: 1
npt: 0
nptxy: 0
nptdxdy: 0
shape: 0
seed: 322288
5.382257238264 -2.773884734060 0.866025403784 0.500000000000
1.830552555348 2.655234586404 0.866025403784 -0.500000000000
7.195683688648 6.119208399437 0.866025403784 0.500000000000
9.000180510500 9.497044807351 0.866025403784 0.500000000000
-1.105254009502 -6.580874997261 0.866025403784 0.500000000000
0.749417309953 3.678863259544 0.866025403784 -0.500000000000
-4.771488024629 1.558312839613 0.866025403784 -0.500000000000
17.436122707978 3.951994672322 0.866025403784 -0.500000000000
-28.080820314555 12.452877495391 0.000000000000 1.000000000000
0.769445510497 -1.490803236518 0.866025403784 0.500000000000
6.831269414219 2.999356913180 0.000000000000 1.000000000000
9.693418990090 -3.028021132340 0.000000000000 1.000000000000
5.897222697228 9.712481849833 0.866025403784 0.500000000000
4.610985430298 9.385224189495 0.000000000000 1.000000000000
4.642562802319 3.710189862446 0.866025403784 -0.500000000000
2.797991654824 6.168267073208 0.000000000000 1.000000000000
1.952688369300 7.972911515519 0.866025403784 -0.500000000000
6.799390736895 0.601765654896 0.866025403784 0.500000000000
