#Configurational_file created 2018-09-14 11:51:38  started 2018-09-14 11:51:37 run for 1.0s steps 0
name: gc_217
step: 10000
specie: 11
	particle_diameter: 1.0000000000000000
	interaction_length: 1.2000000000000000
	number_of_patches: 3
	number_of_particles_per_compound: 1
	rod_length: 1.0000000000000000
	interaction_matrix:  1.000000 1.000000 1.000000 1.000000 1.000000 1.000000 1.000000 1.000000 1.000000
	patch_type: symmetric
	patch_width: 8.0000000000000000
	patch_angle: 0.0000000000000000
	angles:  0.000000 0.000000 0.000000
	grand_canonical: 1
	chemical_potential: -1.6666669999999999
box: 10.000000 10.000000
copy: 1.000000 1.000000
epsilon: 0.0666670000000000
end_epsilon: 0.0000000000000000
pressure: 1.0000000000000000
lambda: 0.0000000000000000
lambda_coupling: 1.0000000000000000
uy: 0.0000000000000000
maximum_displacement: 1.0000000000000000
maximum_rotation: 1.0000000000000000
maximum_volume: 0.0000001000000000
maximum_shape: 0.0000001000000000
maximum_dsigma: 0.0100000000000000
mod: 10
pmod: 10
optimize: 1
verbose: 1
snapshot: 0
display: 1
explore: 1
npt: 0
nptxy: 0
nptdxdy: 0
shape: 0
seed: 249520
1.758120911846 -6.883611641943 0.866025403784 0.500000000000
9.707844581511 2.328817700492 0.866025403784 -0.500000000000
8.565077553289 8.262850488779 0.000000000000 1.000000000000
-12.705814852177 9.441053333162 0.866025403784 -0.500000000000
8.276499920660 5.124650743450 0.866025403784 -0.500000000000
13.041563300587 -1.042243463082 0.000000000000 1.000000000000
3.894599240714 21.076327730474 0.866025403784 -0.500000000000
2.922523158112 10.291587085695 0.000000000000 1.000000000000
6.132937239912 9.604467072518 0.866025403784 0.500000000000
2.373474735265 4.138472717948 0.866025403784 0.500000000000
-5.200629141965 4.843987680705 0.000000000000 1.000000000000
