#Configurational_file created 2018-09-14 13:47:02  started 2018-09-14 13:47:02 run for 0.0s steps 0
name: gc_200
step: 10000
specie: 9
	particle_diameter: 1.0000000000000000
	interaction_length: 1.2000000000000000
	number_of_patches: 3
	number_of_particles_per_compound: 1
	rod_length: 1.0000000000000000
	interaction_matrix:  1.000000 1.000000 1.000000 1.000000 1.000000 1.000000 1.000000 1.000000 1.000000
	patch_type: symmetric
	patch_width: 8.0000000000000000
	patch_angle: 0.0000000000000000
	angles:  0.000000 0.000000 0.000000
	grand_canonical: 1
	chemical_potential: -2.1724139999999998
box: 10.000000 10.000000
copy: 1.000000 1.000000
epsilon: 0.3275870000000000
end_epsilon: 0.0000000000000000
pressure: 1.0000000000000000
lambda: 0.0000000000000000
lambda_coupling: 1.0000000000000000
uy: 0.0000000000000000
maximum_displacement: 1.0000000000000000
maximum_rotation: 1.0000000000000000
maximum_volume: 0.0000001000000000
maximum_shape: 0.0000001000000000
maximum_dsigma: 0.0100000000000000
mod: 10
pmod: 10
optimize: 1
verbose: 1
snapshot: 0
display: 1
explore: 1
npt: 0
nptxy: 0
nptdxdy: 0
shape: 0
seed: 230191
-27.609563706207 3.765466330275 0.866025403784 -0.500000000000
4.560927843397 20.471496090787 0.866025403784 -0.500000000000
-0.123638095381 3.787562074371 0.866025403784 0.500000000000
17.581092233678 -2.255949616954 0.000000000000 1.000000000000
1.547661648803 8.061451970558 0.000000000000 1.000000000000
7.924423943428 3.028265850808 0.866025403784 -0.500000000000
5.509908082039 -1.623017860596 0.866025403784 -0.500000000000
0.137800710721 8.700760388438 0.866025403784 -0.500000000000
3.221492757510 4.652409498459 0.000000000000 1.000000000000
