#Configurational_file created 2018-09-14 11:52:16  started 2018-09-14 11:52:15 run for 1.0s steps 0
name: gc_269
step: 10000
specie: 18
	particle_diameter: 1.0000000000000000
	interaction_length: 1.2000000000000000
	number_of_patches: 3
	number_of_particles_per_compound: 1
	rod_length: 1.0000000000000000
	interaction_matrix:  1.000000 1.000000 1.000000 1.000000 1.000000 1.000000 1.000000 1.000000 1.000000
	patch_type: symmetric
	patch_width: 8.0000000000000000
	patch_angle: 0.0000000000000000
	angles:  0.000000 0.000000 0.000000
	grand_canonical: 1
	chemical_potential: -1.3333330000000001
box: 10.000000 10.000000
copy: 1.000000 1.000000
epsilon: 0.0750000000000000
end_epsilon: 0.0000000000000000
pressure: 1.0000000000000000
lambda: 0.0000000000000000
lambda_coupling: 1.0000000000000000
uy: 0.0000000000000000
maximum_displacement: 1.0000000000000000
maximum_rotation: 1.0000000000000000
maximum_volume: 0.0000001000000000
maximum_shape: 0.0000001000000000
maximum_dsigma: 0.0100000000000000
mod: 10
pmod: 10
optimize: 1
verbose: 1
snapshot: 0
display: 1
explore: 1
npt: 0
nptxy: 0
nptdxdy: 0
shape: 0
seed: 308644
8.780144416320 5.408413297600 0.866025403784 -0.500000000000
-5.523285523809 9.180827333715 0.000000000000 1.000000000000
11.112711514233 15.557581214500 0.000000000000 1.000000000000
1.311776034416 10.183997391474 0.000000000000 1.000000000000
-2.257765065637 10.127710014532 0.866025403784 0.500000000000
0.024639349767 3.338678469549 0.866025403784 0.500000000000
10.198027804562 6.395953061299 0.866025403784 0.500000000000
15.981713734926 17.130567863131 0.866025403784 -0.500000000000
2.563365782569 11.576342228890 0.866025403784 0.500000000000
-1.727683925807 2.024063382402 0.866025403784 -0.500000000000
10.116677273972 0.539481565986 0.866025403784 0.500000000000
12.813073977166 9.969543365122 0.866025403784 0.500000000000
5.972905846044 6.027390340304 0.866025403784 0.500000000000
7.195931589006 -3.054765788058 0.866025403784 0.500000000000
2.342921043204 5.885440364214 0.000000000000 1.000000000000
3.127292966318 2.122728792691 0.866025403784 -0.500000000000
4.401077544848 -0.058826376488 0.866025403784 0.500000000000
3.269848051561 9.464155911854 0.000000000000 1.000000000000
