#Configurational_file created 2018-09-14 11:51:42  started 2018-09-14 11:51:42 run for 0.0s steps 0
name: gc_223
step: 10000
specie: 12
	particle_diameter: 1.0000000000000000
	interaction_length: 1.2000000000000000
	number_of_patches: 3
	number_of_particles_per_compound: 1
	rod_length: 1.0000000000000000
	interaction_matrix:  1.000000 1.000000 1.000000 1.000000 1.000000 1.000000 1.000000 1.000000 1.000000
	patch_type: symmetric
	patch_width: 8.0000000000000000
	patch_angle: 0.0000000000000000
	angles:  0.000000 0.000000 0.000000
	grand_canonical: 1
	chemical_potential: -1.6666669999999999
box: 10.000000 10.000000
copy: 1.000000 1.000000
epsilon: 0.0916670000000000
end_epsilon: 0.0000000000000000
pressure: 1.0000000000000000
lambda: 0.0000000000000000
lambda_coupling: 1.0000000000000000
uy: 0.0000000000000000
maximum_displacement: 1.0000000000000000
maximum_rotation: 1.0000000000000000
maximum_volume: 0.0000001000000000
maximum_shape: 0.0000001000000000
maximum_dsigma: 0.0100000000000000
mod: 10
pmod: 10
optimize: 1
verbose: 1
snapshot: 0
display: 1
explore: 1
npt: 0
nptxy: 0
nptdxdy: 0
shape: 0
seed: 256342
9.473624343018 -10.985497061052 0.866025403784 -0.500000000000
-7.218650940030 13.761506411909 0.866025403784 -0.500000000000
9.349680123005 14.707305958667 0.866025403784 0.500000000000
15.988566377630 2.235729176104 0.000000000000 1.000000000000
1.555338889069 0.864045620213 0.866025403784 0.500000000000
-2.011966601504 -0.566825342188 0.866025403784 -0.500000000000
3.260374719549 6.943092991316 0.866025403784 0.500000000000
1.159153647306 14.041063661132 0.000000000000 1.000000000000
7.682916146373 9.178020453508 0.000000000000 1.000000000000
1.137980401408 7.570280288371 0.000000000000 1.000000000000
10.318380976906 7.010835405070 0.866025403784 -0.500000000000
5.637479848751 0.515755637167 0.866025403784 0.500000000000
