#Configurational_file created 2018-09-14 11:51:45  started 2018-09-14 11:51:44 run for 1.0s steps 0
name: gc_227
step: 10000
specie: 14
	particle_diameter: 1.0000000000000000
	interaction_length: 1.2000000000000000
	number_of_patches: 3
	number_of_particles_per_compound: 1
	rod_length: 1.0000000000000000
	interaction_matrix:  1.000000 1.000000 1.000000 1.000000 1.000000 1.000000 1.000000 1.000000 1.000000
	patch_type: symmetric
	patch_width: 8.0000000000000000
	patch_angle: 0.0000000000000000
	angles:  0.000000 0.000000 0.000000
	grand_canonical: 1
	chemical_potential: -1.5000000000000000
box: 10.000000 10.000000
copy: 1.000000 1.000000
epsilon: 0.0041680000000000
end_epsilon: 0.0000000000000000
pressure: 1.0000000000000000
lambda: 0.0000000000000000
lambda_coupling: 1.0000000000000000
uy: 0.0000000000000000
maximum_displacement: 1.0000000000000000
maximum_rotation: 1.0000000000000000
maximum_volume: 0.0000001000000000
maximum_shape: 0.0000001000000000
maximum_dsigma: 0.0100000000000000
mod: 10
pmod: 10
optimize: 1
verbose: 1
snapshot: 0
display: 1
explore: 1
npt: 0
nptxy: 0
nptdxdy: 0
shape: 0
seed: 260890
-2.508960263745 1.719859009215 0.866025403784 -0.500000000000
4.329936869947 -6.473999678860 0.866025403784 -0.500000000000
14.947603783898 0.997156179228 0.866025403784 0.500000000000
4.306726737667 -2.549386689184 0.000000000000 1.000000000000
-2.910723601816 -2.312895655741 0.866025403784 0.500000000000
-2.388775922847 -0.628287303211 0.000000000000 1.000000000000
3.317979526737 4.743036310249 0.866025403784 -0.500000000000
1.092235625001 3.245444508725 0.000000000000 1.000000000000
1.943978889130 -11.692727342505 0.000000000000 1.000000000000
6.032756423852 -0.253499964912 0.866025403784 -0.500000000000
1.437216130746 4.925645573019 0.866025403784 -0.500000000000
12.720413752489 -0.572150131450 0.866025403784 -0.500000000000
0.820907079479 6.346706915213 0.866025403784 0.500000000000
6.956188577168 5.244928279594 0.866025403784 0.500000000000
