#Configurational_file created 2018-09-14 13:47:33  started 2018-09-14 13:47:32 run for 1.0s steps 0
name: gc_247
step: 10000
specie: 14
	particle_diameter: 1.0000000000000000
	interaction_length: 1.2000000000000000
	number_of_patches: 3
	number_of_particles_per_compound: 1
	rod_length: 1.0000000000000000
	interaction_matrix:  1.000000 1.000000 1.000000 1.000000 1.000000 1.000000 1.000000 1.000000 1.000000
	patch_type: symmetric
	patch_width: 8.0000000000000000
	patch_angle: 0.0000000000000000
	angles:  0.000000 0.000000 0.000000
	grand_canonical: 1
	chemical_potential: -1.8965520000000000
box: 10.000000 10.000000
copy: 1.000000 1.000000
epsilon: 0.1034490000000000
end_epsilon: 0.0000000000000000
pressure: 1.0000000000000000
lambda: 0.0000000000000000
lambda_coupling: 1.0000000000000000
uy: 0.0000000000000000
maximum_displacement: 1.0000000000000000
maximum_rotation: 1.0000000000000000
maximum_volume: 0.0000001000000000
maximum_shape: 0.0000001000000000
maximum_dsigma: 0.0100000000000000
mod: 10
pmod: 10
optimize: 1
verbose: 1
snapshot: 0
display: 1
explore: 1
npt: 0
nptxy: 0
nptdxdy: 0
shape: 0
seed: 283630
34.128675461822 -26.687593666684 0.000000000000 1.000000000000
-0.676876920045 8.093053091218 0.000000000000 1.000000000000
6.189479269787 5.358823949637 0.866025403784 -0.500000000000
4.868453822775 11.743911124769 0.000000000000 1.000000000000
10.521518740905 1.505595351883 0.000000000000 1.000000000000
-14.470348125164 -4.978437318334 0.000000000000 1.000000000000
-10.001675558666 6.619768940362 0.000000000000 1.000000000000
6.322801120746 11.380769267722 0.000000000000 1.000000000000
13.962994401637 0.937014618689 0.866025403784 -0.500000000000
-1.373271578530 14.860064240811 0.866025403784 0.500000000000
4.848935987703 7.541952781690 0.866025403784 -0.500000000000
3.818373955748 -3.152834227381 0.866025403784 0.500000000000
2.839201182626 3.402155926917 0.000000000000 1.000000000000
8.222864310674 5.590095319302 0.866025403784 -0.500000000000
