#Configurational_file created 2018-09-14 11:52:08  started 2018-09-14 11:52:07 run for 1.0s steps 0
name: gc_258
step: 10000
specie: 16
	particle_diameter: 1.0000000000000000
	interaction_length: 1.2000000000000000
	number_of_patches: 3
	number_of_particles_per_compound: 1
	rod_length: 1.0000000000000000
	interaction_matrix:  1.000000 1.000000 1.000000 1.000000 1.000000 1.000000 1.000000 1.000000 1.000000
	patch_type: symmetric
	patch_width: 8.0000000000000000
	patch_angle: 0.0000000000000000
	angles:  0.000000 0.000000 0.000000
	grand_canonical: 1
	chemical_potential: -1.3333330000000001
box: 10.000000 10.000000
copy: 1.000000 1.000000
epsilon: 0.0291670000000000
end_epsilon: 0.0000000000000000
pressure: 1.0000000000000000
lambda: 0.0000000000000000
lambda_coupling: 1.0000000000000000
uy: 0.0000000000000000
maximum_displacement: 1.0000000000000000
maximum_rotation: 1.0000000000000000
maximum_volume: 0.0000001000000000
maximum_shape: 0.0000001000000000
maximum_dsigma: 0.0100000000000000
mod: 10
pmod: 10
optimize: 1
verbose: 1
snapshot: 0
display: 1
explore: 1
npt: 0
nptxy: 0
nptdxdy: 0
shape: 0
seed: 296137
-3.044571538502 -7.353148258980 0.866025403784 0.500000000000
23.660990842140 -1.183614375174 0.866025403784 -0.500000000000
4.297171463829 2.169472862993 0.866025403784 -0.500000000000
-5.273534762579 -3.777767744601 0.000000000000 1.000000000000
9.981680587597 3.067857598252 0.000000000000 1.000000000000
5.846246314086 6.091315624541 0.000000000000 1.000000000000
4.362025821707 4.719197614309 0.000000000000 1.000000000000
4.777194532315 8.996691463988 0.866025403784 0.500000000000
1.351223198557 -6.264808644916 0.866025403784 0.500000000000
15.841916871743 -0.174741294646 0.866025403784 -0.500000000000
-1.067030876676 2.218324906350 0.866025403784 0.500000000000
1.057412958418 -9.355995759199 0.866025403784 0.500000000000
-0.115629334220 8.538189661016 0.000000000000 1.000000000000
-0.749016498315 -1.896953295469 0.866025403784 -0.500000000000
1.708321642943 1.825786740112 0.866025403784 0.500000000000
6.726033259619 8.310181673627 0.866025403784 0.500000000000
