#Configurational_file created 2018-09-14 11:52:07  started 2018-09-14 11:52:06 run for 1.0s steps 0
name: gc_257
step: 10000
specie: 18
	particle_diameter: 1.0000000000000000
	interaction_length: 1.2000000000000000
	number_of_patches: 3
	number_of_particles_per_compound: 1
	rod_length: 1.0000000000000000
	interaction_matrix:  1.000000 1.000000 1.000000 1.000000 1.000000 1.000000 1.000000 1.000000 1.000000
	patch_type: symmetric
	patch_width: 8.0000000000000000
	patch_angle: 0.0000000000000000
	angles:  0.000000 0.000000 0.000000
	grand_canonical: 1
	chemical_potential: -1.3333330000000001
box: 10.000000 10.000000
copy: 1.000000 1.000000
epsilon: 0.0250010000000000
end_epsilon: 0.0000000000000000
pressure: 1.0000000000000000
lambda: 0.0000000000000000
lambda_coupling: 1.0000000000000000
uy: 0.0000000000000000
maximum_displacement: 1.0000000000000000
maximum_rotation: 1.0000000000000000
maximum_volume: 0.0000001000000000
maximum_shape: 0.0000001000000000
maximum_dsigma: 0.0100000000000000
mod: 10
pmod: 10
optimize: 1
verbose: 1
snapshot: 0
display: 1
explore: 1
npt: 0
nptxy: 0
nptdxdy: 0
shape: 0
seed: 295000
-3.263828835725 9.522142826563 0.000000000000 1.000000000000
3.923150428720 6.224271915466 0.866025403784 -0.500000000000
16.032088952924 14.614058373727 0.866025403784 -0.500000000000
14.965553519460 11.746452694399 0.866025403784 0.500000000000
17.584093696966 18.431010774842 0.000000000000 1.000000000000
2.790392218634 0.356013177689 0.866025403784 -0.500000000000
4.817440630425 7.423322546426 0.000000000000 1.000000000000
1.914325611797 2.847613096756 0.866025403784 0.500000000000
-23.518293302780 -6.380698557395 0.000000000000 1.000000000000
-3.460026365974 0.391795956513 0.866025403784 0.500000000000
10.261730955113 1.629061848153 0.000000000000 1.000000000000
21.847032035701 -0.260590865965 0.866025403784 -0.500000000000
-6.205956556607 0.345619150700 0.000000000000 1.000000000000
18.659404030910 9.589876424719 0.866025403784 -0.500000000000
5.113798958595 13.809837329835 0.866025403784 -0.500000000000
3.517751751422 -0.997951457583 0.866025403784 0.500000000000
1.286351527201 -5.108403911895 0.866025403784 -0.500000000000
-2.714193814272 5.011852828761 0.866025403784 -0.500000000000
