#Configurational_file created 2018-09-14 11:24:20  started 2018-09-14 11:24:19 run for 1.0s steps 0
name: gc_247
step: 10000
specie: 15
	particle_diameter: 1.0000000000000000
	interaction_length: 1.2000000000000000
	number_of_patches: 3
	number_of_particles_per_compound: 1
	rod_length: 1.0000000000000000
	interaction_matrix:  1.000000 1.000000 1.000000 1.000000 1.000000 1.000000 1.000000 1.000000 1.000000
	patch_type: symmetric
	patch_width: 8.0000000000000000
	patch_angle: 0.0000000000000000
	angles:  0.000000 0.000000 0.000000
	grand_canonical: 1
	chemical_potential: -1.5000000000000000
box: 10.000000 10.000000
copy: 1.000000 1.000000
epsilon: 1.7500119999999999
end_epsilon: 0.0000000000000000
pressure: 1.0000000000000000
lambda: 0.0000000000000000
lambda_coupling: 1.0000000000000000
uy: 0.0000000000000000
maximum_displacement: 1.0000000000000000
maximum_rotation: 1.0000000000000000
maximum_volume: 0.0000001000000000
maximum_shape: 0.0000001000000000
maximum_dsigma: 0.0100000000000000
mod: 10
pmod: 10
optimize: 1
verbose: 1
snapshot: 0
display: 1
explore: 1
npt: 0
nptxy: 0
nptdxdy: 0
shape: 0
seed: 283630
6.646155651599 -12.387314922949 0.866025403784 -0.500000000000
3.551760328381 1.459438898739 0.866025403784 0.500000000000
-0.565955918169 9.463748681703 0.866025403784 0.500000000000
-0.615628966939 3.802020975231 0.866025403784 0.500000000000
2.130610202190 7.536095875531 0.000000000000 1.000000000000
5.565168743139 4.350650574927 0.000000000000 1.000000000000
-1.631941666710 -0.238154809262 0.866025403784 -0.500000000000
6.969065985007 18.958022329107 0.866025403784 -0.500000000000
2.292871237986 1.171495518885 0.866025403784 0.500000000000
-2.382377108056 12.872160822029 0.866025403784 -0.500000000000
10.592130257712 -21.766720841912 0.866025403784 0.500000000000
7.328156727543 1.377064534626 0.866025403784 -0.500000000000
4.850985761167 -5.015520454213 0.866025403784 -0.500000000000
8.303845460538 7.510998218296 0.866025403784 -0.500000000000
0.175756189656 3.246182232877 0.000000000000 1.000000000000
