#Configurational_file created 2018-09-14 11:24:43  started 2018-09-14 11:24:43 run for 0.0s steps 0
name: gc_279
step: 10000
specie: 16
	particle_diameter: 1.0000000000000000
	interaction_length: 1.2000000000000000
	number_of_patches: 3
	number_of_particles_per_compound: 1
	rod_length: 1.0000000000000000
	interaction_matrix:  1.000000 1.000000 1.000000 1.000000 1.000000 1.000000 1.000000 1.000000 1.000000
	patch_type: symmetric
	patch_width: 8.0000000000000000
	patch_angle: 0.0000000000000000
	angles:  0.000000 0.000000 0.000000
	grand_canonical: 1
	chemical_potential: -1.1666669999999999
box: 10.000000 10.000000
copy: 1.000000 1.000000
epsilon: 0.2500870000000000
end_epsilon: 0.0000000000000000
pressure: 1.0000000000000000
lambda: 0.0000000000000000
lambda_coupling: 1.0000000000000000
uy: 0.0000000000000000
maximum_displacement: 1.0000000000000000
maximum_rotation: 1.0000000000000000
maximum_volume: 0.0000001000000000
maximum_shape: 0.0000001000000000
maximum_dsigma: 0.0100000000000000
mod: 10
pmod: 10
optimize: 1
verbose: 1
snapshot: 0
display: 1
explore: 1
npt: 0
nptxy: 0
nptdxdy: 0
shape: 0
seed: 320014
7.530576672863 7.606869732668 0.866025403784 0.500000000000
14.248895383636 20.723685958300 0.866025403784 0.500000000000
-11.618263220013 7.762304675020 0.000000000000 1.000000000000
5.390529969245 11.860640136767 0.000000000000 1.000000000000
2.093820083081 0.352018630593 0.000000000000 1.000000000000
4.698999672034 9.679677255231 0.866025403784 0.500000000000
-3.381447454650 9.143112446946 0.866025403784 -0.500000000000
6.649889254131 12.527889335157 0.000000000000 1.000000000000
6.312035851773 37.645046708719 0.866025403784 -0.500000000000
-3.876354422072 5.382212695481 0.000000000000 1.000000000000
-1.245484314259 16.291489646538 0.866025403784 0.500000000000
10.431395662761 3.920429579376 0.866025403784 0.500000000000
1.029952378715 5.924313168601 0.866025403784 0.500000000000
8.098527024000 9.692652903979 0.866025403784 0.500000000000
5.630470255178 5.141648670857 0.866025403784 -0.500000000000
0.879814380028 8.604739747648 0.866025403784 -0.500000000000
