#Configurational_file created 2018-09-14 11:51:40  started 2018-09-14 11:51:39 run for 1.0s steps 0
name: gc_220
step: 10000
specie: 9
	particle_diameter: 1.0000000000000000
	interaction_length: 1.2000000000000000
	number_of_patches: 3
	number_of_particles_per_compound: 1
	rod_length: 1.0000000000000000
	interaction_matrix:  1.000000 1.000000 1.000000 1.000000 1.000000 1.000000 1.000000 1.000000 1.000000
	patch_type: symmetric
	patch_width: 8.0000000000000000
	patch_angle: 0.0000000000000000
	angles:  0.000000 0.000000 0.000000
	grand_canonical: 1
	chemical_potential: -1.6666669999999999
box: 10.000000 10.000000
copy: 1.000000 1.000000
epsilon: 0.0791670000000000
end_epsilon: 0.0000000000000000
pressure: 1.0000000000000000
lambda: 0.0000000000000000
lambda_coupling: 1.0000000000000000
uy: 0.0000000000000000
maximum_displacement: 1.0000000000000000
maximum_rotation: 1.0000000000000000
maximum_volume: 0.0000001000000000
maximum_shape: 0.0000001000000000
maximum_dsigma: 0.0100000000000000
mod: 10
pmod: 10
optimize: 1
verbose: 1
snapshot: 0
display: 1
explore: 1
npt: 0
nptxy: 0
nptdxdy: 0
shape: 0
seed: 252931
4.337018802032 0.684110276847 0.000000000000 1.000000000000
9.349929759626 9.032231441782 0.866025403784 -0.500000000000
25.444455554651 17.706828891824 0.866025403784 0.500000000000
0.547379103315 6.187665913736 0.866025403784 0.500000000000
1.969935578142 15.822868194149 0.866025403784 -0.500000000000
-2.689108138343 7.884487019882 0.000000000000 1.000000000000
0.401308811750 10.620125515420 0.866025403784 -0.500000000000
2.222629658083 21.074695158958 0.866025403784 -0.500000000000
7.717471173385 13.090721121511 0.866025403784 -0.500000000000
