#Configurational_file created 2018-09-14 11:24:06  started 2018-09-14 11:24:05 run for 1.0s steps 0
name: gc_227
step: 10000
specie: 11
	particle_diameter: 1.0000000000000000
	interaction_length: 1.2000000000000000
	number_of_patches: 3
	number_of_particles_per_compound: 1
	rod_length: 1.0000000000000000
	interaction_matrix:  1.000000 1.000000 1.000000 1.000000 1.000000 1.000000 1.000000 1.000000 1.000000
	patch_type: symmetric
	patch_width: 8.0000000000000000
	patch_angle: 0.0000000000000000
	angles:  0.000000 0.000000 0.000000
	grand_canonical: 1
	chemical_potential: -1.5000000000000000
box: 10.000000 10.000000
copy: 1.000000 1.000000
epsilon: 0.0834290000000000
end_epsilon: 0.0000000000000000
pressure: 1.0000000000000000
lambda: 0.0000000000000000
lambda_coupling: 1.0000000000000000
uy: 0.0000000000000000
maximum_displacement: 1.0000000000000000
maximum_rotation: 1.0000000000000000
maximum_volume: 0.0000001000000000
maximum_shape: 0.0000001000000000
maximum_dsigma: 0.0100000000000000
mod: 10
pmod: 10
optimize: 1
verbose: 1
snapshot: 0
display: 1
explore: 1
npt: 0
nptxy: 0
nptdxdy: 0
shape: 0
seed: 260890
4.786862592593 4.679009749199 0.000000000000 1.000000000000
8.743327425983 17.421412211622 0.866025403784 -0.500000000000
24.927111752684 -0.209648355746 0.866025403784 -0.500000000000
-17.313576987665 17.692339783511 0.000000000000 1.000000000000
-0.389403492838 1.009764097948 0.866025403784 0.500000000000
5.421134295314 -14.255536753701 0.866025403784 -0.500000000000
7.381413017398 8.748946992384 0.000000000000 1.000000000000
-0.734308794331 4.288034383676 0.866025403784 0.500000000000
13.083779336927 5.765636968087 0.866025403784 -0.500000000000
6.480890023282 -2.717555995402 0.866025403784 0.500000000000
7.560370997256 0.641246645403 0.866025403784 -0.500000000000
