#Configurational_file created 2018-09-14 11:51:30  started 2018-09-14 11:51:29 run for 1.0s steps 0
name: gc_205
step: 10000
specie: 11
	particle_diameter: 1.0000000000000000
	interaction_length: 1.2000000000000000
	number_of_patches: 3
	number_of_particles_per_compound: 1
	rod_length: 1.0000000000000000
	interaction_matrix:  1.000000 1.000000 1.000000 1.000000 1.000000 1.000000 1.000000 1.000000 1.000000
	patch_type: symmetric
	patch_width: 8.0000000000000000
	patch_angle: 0.0000000000000000
	angles:  0.000000 0.000000 0.000000
	grand_canonical: 1
	chemical_potential: -1.6666669999999999
box: 10.000000 10.000000
copy: 1.000000 1.000000
epsilon: 0.0166680000000000
end_epsilon: 0.0000000000000000
pressure: 1.0000000000000000
lambda: 0.0000000000000000
lambda_coupling: 1.0000000000000000
uy: 0.0000000000000000
maximum_displacement: 1.0000000000000000
maximum_rotation: 1.0000000000000000
maximum_volume: 0.0000001000000000
maximum_shape: 0.0000001000000000
maximum_dsigma: 0.0100000000000000
mod: 10
pmod: 10
optimize: 1
verbose: 1
snapshot: 0
display: 1
explore: 1
npt: 0
nptxy: 0
nptdxdy: 0
shape: 0
seed: 235876
8.004390654029 -1.000008673190 0.866025403784 -0.500000000000
13.440149400075 1.431951549530 0.866025403784 -0.500000000000
-8.858860318934 12.709541432720 0.866025403784 0.500000000000
5.839215091056 -3.148688254953 0.000000000000 1.000000000000
5.955071531358 8.032137046719 0.866025403784 -0.500000000000
17.327720698588 1.412435264382 0.000000000000 1.000000000000
-3.917141712246 10.630782268216 0.866025403784 0.500000000000
30.172169188650 -15.848405664640 0.866025403784 -0.500000000000
2.487095203388 3.959983475855 0.866025403784 0.500000000000
1.974125181313 9.442021389684 0.866025403784 -0.500000000000
4.457768486803 11.124392821473 0.866025403784 0.500000000000
