#Configurational_file created 2018-09-14 11:24:40  started 2018-09-14 11:24:39 run for 1.0s steps 0
name: gc_274
step: 10000
specie: 19
	particle_diameter: 1.0000000000000000
	interaction_length: 1.2000000000000000
	number_of_patches: 3
	number_of_particles_per_compound: 1
	rod_length: 1.0000000000000000
	interaction_matrix:  1.000000 1.000000 1.000000 1.000000 1.000000 1.000000 1.000000 1.000000 1.000000
	patch_type: symmetric
	patch_width: 8.0000000000000000
	patch_angle: 0.0000000000000000
	angles:  0.000000 0.000000 0.000000
	grand_canonical: 1
	chemical_potential: -1.3333330000000001
box: 10.000000 10.000000
copy: 1.000000 1.000000
epsilon: 1.9166710000000000
end_epsilon: 0.0000000000000000
pressure: 1.0000000000000000
lambda: 0.0000000000000000
lambda_coupling: 1.0000000000000000
uy: 0.0000000000000000
maximum_displacement: 1.0000000000000000
maximum_rotation: 1.0000000000000000
maximum_volume: 0.0000001000000000
maximum_shape: 0.0000001000000000
maximum_dsigma: 0.0100000000000000
mod: 10
pmod: 10
optimize: 1
verbose: 1
snapshot: 0
display: 1
explore: 1
npt: 0
nptxy: 0
nptdxdy: 0
shape: 0
seed: 314329
-10.027881653324 29.740633877481 0.866025403784 0.500000000000
8.958766646420 1.177447675737 0.000000000000 1.000000000000
-21.821647023985 20.125930791560 0.866025403784 -0.500000000000
1.034835424297 8.922104771622 0.866025403784 -0.500000000000
1.336993985023 3.172623894985 0.866025403784 -0.500000000000
5.626364027843 2.673615363435 0.866025403784 0.500000000000
8.257987693382 14.025807034067 0.866025403784 0.500000000000
2.737109603900 12.244507774210 0.000000000000 1.000000000000
5.097288787399 -18.365366743031 0.000000000000 1.000000000000
9.489106826944 8.687807443967 0.000000000000 1.000000000000
9.978533889703 6.290030132724 0.000000000000 1.000000000000
1.605842042277 5.027423203324 0.866025403784 0.500000000000
-5.813427798222 3.498009096969 0.000000000000 1.000000000000
-13.326576849680 -10.260701853522 0.866025403784 -0.500000000000
0.776471250247 11.057492732507 0.866025403784 -0.500000000000
2.043891366751 -0.173909865514 0.866025403784 -0.500000000000
5.645090137942 8.753437606082 0.866025403784 0.500000000000
3.481564763022 8.000026299950 0.866025403784 0.500000000000
6.305589385665 -0.520551372075 0.000000000000 1.000000000000
