#Configurational_file created 2018-09-14 11:52:24  started 2018-09-14 11:52:24 run for 0.0s steps 0
name: gc_280
step: 10000
specie: 21
	particle_diameter: 1.0000000000000000
	interaction_length: 1.2000000000000000
	number_of_patches: 3
	number_of_particles_per_compound: 1
	rod_length: 1.0000000000000000
	interaction_matrix:  1.000000 1.000000 1.000000 1.000000 1.000000 1.000000 1.000000 1.000000 1.000000
	patch_type: symmetric
	patch_width: 8.0000000000000000
	patch_angle: 0.0000000000000000
	angles:  0.000000 0.000000 0.000000
	grand_canonical: 1
	chemical_potential: -1.1666669999999999
box: 10.000000 10.000000
copy: 1.000000 1.000000
epsilon: 0.0166680000000000
end_epsilon: 0.0000000000000000
pressure: 1.0000000000000000
lambda: 0.0000000000000000
lambda_coupling: 1.0000000000000000
uy: 0.0000000000000000
maximum_displacement: 1.0000000000000000
maximum_rotation: 1.0000000000000000
maximum_volume: 0.0000001000000000
maximum_shape: 0.0000001000000000
maximum_dsigma: 0.0100000000000000
mod: 10
pmod: 10
optimize: 1
verbose: 1
snapshot: 0
display: 1
explore: 1
npt: 0
nptxy: 0
nptdxdy: 0
shape: 0
seed: 321151
2.593823343218 3.864527263744 0.866025403784 0.500000000000
13.948752376655 10.194921185112 0.866025403784 -0.500000000000
5.942863559884 2.803114251574 0.866025403784 0.500000000000
15.737094057077 19.272605467744 0.866025403784 -0.500000000000
12.451693343047 -9.266590533466 0.866025403784 -0.500000000000
11.243077805178 6.613774540657 0.866025403784 0.500000000000
8.538693720946 0.139964885681 0.866025403784 0.500000000000
3.919329380570 5.052414610145 0.866025403784 -0.500000000000
24.395066581712 6.374083651307 0.000000000000 1.000000000000
7.760288394297 -7.327008509596 0.866025403784 0.500000000000
7.703930898290 -0.853864473651 0.000000000000 1.000000000000
-2.434124768080 -5.382093039955 0.000000000000 1.000000000000
-11.650723035742 7.595530213280 0.000000000000 1.000000000000
11.101826775838 -4.930467427676 0.866025403784 -0.500000000000
-6.964268669879 -1.957402205391 0.000000000000 1.000000000000
13.189110364364 -0.062000062318 0.866025403784 0.500000000000
0.099796479346 8.984183717409 0.866025403784 0.500000000000
9.273211294605 4.685172098402 0.866025403784 0.500000000000
5.204200790771 11.139346191125 0.866025403784 0.500000000000
7.303819794513 1.324671571368 0.000000000000 1.000000000000
2.789650938541 8.090482928360 0.866025403784 -0.500000000000
