#Configurational_file created 2018-09-14 11:24:59  started 2018-09-14 11:24:58 run for 1.0s steps 0
name: gc_299
step: 10000
specie: 20
	particle_diameter: 1.0000000000000000
	interaction_length: 1.2000000000000000
	number_of_patches: 3
	number_of_particles_per_compound: 1
	rod_length: 1.0000000000000000
	interaction_matrix:  1.000000 1.000000 1.000000 1.000000 1.000000 1.000000 1.000000 1.000000 1.000000
	patch_type: symmetric
	patch_width: 8.0000000000000000
	patch_angle: 0.0000000000000000
	angles:  0.000000 0.000000 0.000000
	grand_canonical: 1
	chemical_potential: -1.1666669999999999
box: 10.000000 10.000000
copy: 1.000000 1.000000
epsilon: 1.9166710000000000
end_epsilon: 0.0000000000000000
pressure: 1.0000000000000000
lambda: 0.0000000000000000
lambda_coupling: 1.0000000000000000
uy: 0.0000000000000000
maximum_displacement: 1.0000000000000000
maximum_rotation: 1.0000000000000000
maximum_volume: 0.0000001000000000
maximum_shape: 0.0000001000000000
maximum_dsigma: 0.0100000000000000
mod: 10
pmod: 10
optimize: 1
verbose: 1
snapshot: 0
display: 1
explore: 1
npt: 0
nptxy: 0
nptdxdy: 0
shape: 0
seed: 342754
2.639895169658 -3.452127109763 0.000000000000 1.000000000000
-7.550697524460 10.799838336928 0.000000000000 1.000000000000
6.358849220090 19.057945032058 0.000000000000 1.000000000000
-6.458237915741 -0.490550838601 0.866025403784 0.500000000000
1.529243365019 5.357630088418 0.866025403784 -0.500000000000
1.537431340549 1.679211440966 0.866025403784 0.500000000000
-1.338661540346 11.437046649858 0.000000000000 1.000000000000
-1.549888920222 16.269093288479 0.866025403784 -0.500000000000
6.197819815042 6.590180885806 0.000000000000 1.000000000000
9.076280853529 -1.862447833006 0.000000000000 1.000000000000
10.012612260650 21.149106105180 0.866025403784 -0.500000000000
8.534629110210 -6.167253749945 0.866025403784 0.500000000000
4.029547634585 12.824220780519 0.866025403784 0.500000000000
24.472497575876 14.399037285209 0.866025403784 0.500000000000
9.167731255005 3.047014183871 0.866025403784 0.500000000000
5.646353402404 3.624369954654 0.866025403784 -0.500000000000
1.988222128594 -4.414977794752 0.000000000000 1.000000000000
15.780143514019 8.354352116233 0.866025403784 0.500000000000
10.391330369128 4.670820406221 0.866025403784 0.500000000000
8.509067817410 -2.573866958999 0.866025403784 -0.500000000000
