#Configurational_file created 2018-09-14 11:51:42  started 2018-09-14 11:51:41 run for 1.0s steps 0
name: gc_222
step: 10000
specie: 14
	particle_diameter: 1.0000000000000000
	interaction_length: 1.2000000000000000
	number_of_patches: 3
	number_of_particles_per_compound: 1
	rod_length: 1.0000000000000000
	interaction_matrix:  1.000000 1.000000 1.000000 1.000000 1.000000 1.000000 1.000000 1.000000 1.000000
	patch_type: symmetric
	patch_width: 8.0000000000000000
	patch_angle: 0.0000000000000000
	angles:  0.000000 0.000000 0.000000
	grand_canonical: 1
	chemical_potential: -1.6666669999999999
box: 10.000000 10.000000
copy: 1.000000 1.000000
epsilon: 0.0875000000000000
end_epsilon: 0.0000000000000000
pressure: 1.0000000000000000
lambda: 0.0000000000000000
lambda_coupling: 1.0000000000000000
uy: 0.0000000000000000
maximum_displacement: 1.0000000000000000
maximum_rotation: 1.0000000000000000
maximum_volume: 0.0000001000000000
maximum_shape: 0.0000001000000000
maximum_dsigma: 0.0100000000000000
mod: 10
pmod: 10
optimize: 1
verbose: 1
snapshot: 0
display: 1
explore: 1
npt: 0
nptxy: 0
nptdxdy: 0
shape: 0
seed: 255205
0.139240084666 -2.187636870728 0.000000000000 1.000000000000
20.961924567339 15.647780558350 0.866025403784 -0.500000000000
17.367473220207 4.420677803292 0.000000000000 1.000000000000
-3.184969146963 19.493140479600 0.000000000000 1.000000000000
9.388286381223 13.140865061461 0.866025403784 -0.500000000000
-2.106494966273 -3.443166002143 0.866025403784 0.500000000000
2.282609167513 6.606584017163 0.866025403784 -0.500000000000
17.587806625586 0.147946985721 0.000000000000 1.000000000000
1.854803212541 -4.790666317987 0.866025403784 0.500000000000
5.140390814985 4.588179781529 0.000000000000 1.000000000000
-4.913795797007 14.869153687807 0.866025403784 -0.500000000000
3.200551267337 4.684186747697 0.000000000000 1.000000000000
4.232900043826 21.996405073056 0.866025403784 -0.500000000000
4.560125529031 9.356850860909 0.866025403784 0.500000000000
