#Configurational_file created 2018-09-14 11:52:21  started 2018-09-14 11:52:20 run for 1.0s steps 0
name: gc_275
step: 10000
specie: 14
	particle_diameter: 1.0000000000000000
	interaction_length: 1.2000000000000000
	number_of_patches: 3
	number_of_particles_per_compound: 1
	rod_length: 1.0000000000000000
	interaction_matrix:  1.000000 1.000000 1.000000 1.000000 1.000000 1.000000 1.000000 1.000000 1.000000
	patch_type: symmetric
	patch_width: 8.0000000000000000
	patch_angle: 0.0000000000000000
	angles:  0.000000 0.000000 0.000000
	grand_canonical: 1
	chemical_potential: -1.3333330000000001
box: 10.000000 10.000000
copy: 1.000000 1.000000
epsilon: 0.1000000000000000
end_epsilon: 0.0000000000000000
pressure: 1.0000000000000000
lambda: 0.0000000000000000
lambda_coupling: 1.0000000000000000
uy: 0.0000000000000000
maximum_displacement: 1.0000000000000000
maximum_rotation: 1.0000000000000000
maximum_volume: 0.0000001000000000
maximum_shape: 0.0000001000000000
maximum_dsigma: 0.0100000000000000
mod: 10
pmod: 10
optimize: 1
verbose: 1
snapshot: 0
display: 1
explore: 1
npt: 0
nptxy: 0
nptdxdy: 0
shape: 0
seed: 315466
5.686208358061 -0.075540979985 0.866025403784 0.500000000000
9.873620705539 4.295648746174 0.000000000000 1.000000000000
5.025536875018 5.163469053744 0.866025403784 -0.500000000000
-0.916294117873 17.991570566726 0.866025403784 -0.500000000000
1.846352762833 11.333082898879 0.866025403784 -0.500000000000
-7.224603781862 -1.989429661074 0.866025403784 -0.500000000000
-26.209771804921 -15.991761604081 0.866025403784 -0.500000000000
12.490951581765 -5.168793394753 0.866025403784 0.500000000000
7.730131288215 2.082531863380 0.000000000000 1.000000000000
0.795408652253 -10.222798070124 0.866025403784 0.500000000000
4.330554791852 8.374252216577 0.866025403784 0.500000000000
6.650915921154 0.425570032127 0.866025403784 0.500000000000
-4.774456845854 13.461899404014 0.866025403784 -0.500000000000
3.688655229613 0.447200722851 0.866025403784 -0.500000000000
