#Configurational_file created 2018-09-14 13:47:34  started 2018-09-14 13:47:33 run for 1.0s steps 0
name: gc_249
step: 10000
specie: 9
	particle_diameter: 1.0000000000000000
	interaction_length: 1.2000000000000000
	number_of_patches: 3
	number_of_particles_per_compound: 1
	rod_length: 1.0000000000000000
	interaction_matrix:  1.000000 1.000000 1.000000 1.000000 1.000000 1.000000 1.000000 1.000000 1.000000
	patch_type: symmetric
	patch_width: 8.0000000000000000
	patch_angle: 0.0000000000000000
	angles:  0.000000 0.000000 0.000000
	grand_canonical: 1
	chemical_potential: -1.8965520000000000
box: 10.000000 10.000000
copy: 1.000000 1.000000
epsilon: 0.1379320000000000
end_epsilon: 0.0000000000000000
pressure: 1.0000000000000000
lambda: 0.0000000000000000
lambda_coupling: 1.0000000000000000
uy: 0.0000000000000000
maximum_displacement: 1.0000000000000000
maximum_rotation: 1.0000000000000000
maximum_volume: 0.0000001000000000
maximum_shape: 0.0000001000000000
maximum_dsigma: 0.0100000000000000
mod: 10
pmod: 10
optimize: 1
verbose: 1
snapshot: 0
display: 1
explore: 1
npt: 0
nptxy: 0
nptdxdy: 0
shape: 0
seed: 285904
7.668611743004 5.836402662165 0.000000000000 1.000000000000
1.754739263099 23.923470955510 0.866025403784 0.500000000000
-12.256011536655 24.533531592049 0.866025403784 0.500000000000
-6.382346218335 1.267302567266 0.866025403784 -0.500000000000
6.761453393295 8.698824182933 0.000000000000 1.000000000000
9.183489409372 10.554949591064 0.866025403784 0.500000000000
15.002158582953 -3.873439876329 0.866025403784 -0.500000000000
-0.390789444405 7.628165130531 0.866025403784 -0.500000000000
5.329800004814 0.130600856178 0.000000000000 1.000000000000
