#Configurational_file created 2018-09-14 11:52:04  started 2018-09-14 11:52:03 run for 1.0s steps 0
name: gc_253
step: 10000
specie: 16
	particle_diameter: 1.0000000000000000
	interaction_length: 1.2000000000000000
	number_of_patches: 3
	number_of_particles_per_compound: 1
	rod_length: 1.0000000000000000
	interaction_matrix:  1.000000 1.000000 1.000000 1.000000 1.000000 1.000000 1.000000 1.000000 1.000000
	patch_type: symmetric
	patch_width: 8.0000000000000000
	patch_angle: 0.0000000000000000
	angles:  0.000000 0.000000 0.000000
	grand_canonical: 1
	chemical_potential: -1.3333330000000001
box: 10.000000 10.000000
copy: 1.000000 1.000000
epsilon: 0.0083340000000000
end_epsilon: 0.0000000000000000
pressure: 1.0000000000000000
lambda: 0.0000000000000000
lambda_coupling: 1.0000000000000000
uy: 0.0000000000000000
maximum_displacement: 1.0000000000000000
maximum_rotation: 1.0000000000000000
maximum_volume: 0.0000001000000000
maximum_shape: 0.0000001000000000
maximum_dsigma: 0.0100000000000000
mod: 10
pmod: 10
optimize: 1
verbose: 1
snapshot: 0
display: 1
explore: 1
npt: 0
nptxy: 0
nptdxdy: 0
shape: 0
seed: 290452
2.769000555642 5.128950164152 0.866025403784 0.500000000000
4.894293904907 8.466745566427 0.000000000000 1.000000000000
-3.552490925723 -3.500504122047 0.866025403784 -0.500000000000
-0.088639285814 6.853413854767 0.000000000000 1.000000000000
13.927904581235 4.005413198014 0.000000000000 1.000000000000
-1.774292435683 9.700809859896 0.000000000000 1.000000000000
3.674693633025 20.817482671577 0.000000000000 1.000000000000
17.016638758355 2.841307772888 0.866025403784 -0.500000000000
8.358907916309 4.533308578965 0.000000000000 1.000000000000
3.047251251035 -0.206874699605 0.866025403784 -0.500000000000
5.622883264161 15.341750203870 0.866025403784 -0.500000000000
0.504245724440 15.276741599228 0.000000000000 1.000000000000
1.558885370118 6.610084666631 0.866025403784 0.500000000000
6.304838526258 3.621892904741 0.866025403784 -0.500000000000
6.725082915455 2.101893853705 0.866025403784 0.500000000000
9.398895318078 9.680248274712 0.866025403784 -0.500000000000
