#Configurational_file created 2018-09-14 13:47:33  started 2018-09-14 13:47:33 run for 0.0s steps 0
name: gc_248
step: 10000
specie: 14
	particle_diameter: 1.0000000000000000
	interaction_length: 1.2000000000000000
	number_of_patches: 3
	number_of_particles_per_compound: 1
	rod_length: 1.0000000000000000
	interaction_matrix:  1.000000 1.000000 1.000000 1.000000 1.000000 1.000000 1.000000 1.000000 1.000000
	patch_type: symmetric
	patch_width: 8.0000000000000000
	patch_angle: 0.0000000000000000
	angles:  0.000000 0.000000 0.000000
	grand_canonical: 1
	chemical_potential: -1.8965520000000000
box: 10.000000 10.000000
copy: 1.000000 1.000000
epsilon: 0.1206900000000000
end_epsilon: 0.0000000000000000
pressure: 1.0000000000000000
lambda: 0.0000000000000000
lambda_coupling: 1.0000000000000000
uy: 0.0000000000000000
maximum_displacement: 1.0000000000000000
maximum_rotation: 1.0000000000000000
maximum_volume: 0.0000001000000000
maximum_shape: 0.0000001000000000
maximum_dsigma: 0.0100000000000000
mod: 10
pmod: 10
optimize: 1
verbose: 1
snapshot: 0
display: 1
explore: 1
npt: 0
nptxy: 0
nptdxdy: 0
shape: 0
seed: 284767
-8.241584356647 10.603570562234 0.000000000000 1.000000000000
9.224341699956 2.030657701006 0.866025403784 -0.500000000000
15.982289423844 1.143423918599 0.866025403784 -0.500000000000
-7.048192422716 11.106646676394 0.000000000000 1.000000000000
-1.591572801033 10.120005630872 0.000000000000 1.000000000000
-5.142874405697 15.348561801192 0.866025403784 0.500000000000
11.178919906482 -3.063963169699 0.866025403784 -0.500000000000
12.685924845614 6.175075682054 0.866025403784 0.500000000000
8.636183923369 8.024029512910 0.866025403784 -0.500000000000
1.129954762109 6.694091133318 0.000000000000 1.000000000000
12.293487874454 9.347930436448 0.866025403784 0.500000000000
8.232975806257 2.810376474541 0.866025403784 -0.500000000000
8.242628228173 7.581501783731 0.000000000000 1.000000000000
4.468050829305 3.665409231841 0.000000000000 1.000000000000
