#Configurational_file created 2018-09-14 13:47:11  started 2018-09-14 13:47:11 run for 0.0s steps 0
name: gc_214
step: 10000
specie: 8
	particle_diameter: 1.0000000000000000
	interaction_length: 1.2000000000000000
	number_of_patches: 3
	number_of_particles_per_compound: 1
	rod_length: 1.0000000000000000
	interaction_matrix:  1.000000 1.000000 1.000000 1.000000 1.000000 1.000000 1.000000 1.000000 1.000000
	patch_type: symmetric
	patch_width: 8.0000000000000000
	patch_angle: 0.0000000000000000
	angles:  0.000000 0.000000 0.000000
	grand_canonical: 1
	chemical_potential: -2.0344829999999998
box: 10.000000 10.000000
copy: 1.000000 1.000000
epsilon: 0.0517250000000000
end_epsilon: 0.0000000000000000
pressure: 1.0000000000000000
lambda: 0.0000000000000000
lambda_coupling: 1.0000000000000000
uy: 0.0000000000000000
maximum_displacement: 1.0000000000000000
maximum_rotation: 1.0000000000000000
maximum_volume: 0.0000001000000000
maximum_shape: 0.0000001000000000
maximum_dsigma: 0.0100000000000000
mod: 10
pmod: 10
optimize: 1
verbose: 1
snapshot: 0
display: 1
explore: 1
npt: 0
nptxy: 0
nptdxdy: 0
shape: 0
seed: 246109
8.257154446500 4.680565135474 0.000000000000 1.000000000000
14.104827215635 5.885459061747 0.866025403784 -0.500000000000
-1.335956087077 3.325491045856 0.000000000000 1.000000000000
-5.253630858882 1.674483200344 0.866025403784 0.500000000000
4.150680314312 -0.981699099224 0.866025403784 0.500000000000
18.035757304195 17.736045136049 0.866025403784 -0.500000000000
11.166966523434 18.219619157462 0.866025403784 -0.500000000000
-6.921892790910 7.652184604369 0.866025403784 -0.500000000000
