#Configurational_file created 2018-09-14 11:24:37  started 2018-09-14 11:24:36 run for 1.0s steps 0
name: gc_270
step: 10000
specie: 14
	particle_diameter: 1.0000000000000000
	interaction_length: 1.2000000000000000
	number_of_patches: 3
	number_of_particles_per_compound: 1
	rod_length: 1.0000000000000000
	interaction_matrix:  1.000000 1.000000 1.000000 1.000000 1.000000 1.000000 1.000000 1.000000 1.000000
	patch_type: symmetric
	patch_width: 8.0000000000000000
	patch_angle: 0.0000000000000000
	angles:  0.000000 0.000000 0.000000
	grand_canonical: 1
	chemical_potential: -1.3333330000000001
box: 10.000000 10.000000
copy: 1.000000 1.000000
epsilon: 1.5833539999999999
end_epsilon: 0.0000000000000000
pressure: 1.0000000000000000
lambda: 0.0000000000000000
lambda_coupling: 1.0000000000000000
uy: 0.0000000000000000
maximum_displacement: 1.0000000000000000
maximum_rotation: 1.0000000000000000
maximum_volume: 0.0000001000000000
maximum_shape: 0.0000001000000000
maximum_dsigma: 0.0100000000000000
mod: 10
pmod: 10
optimize: 1
verbose: 1
snapshot: 0
display: 1
explore: 1
npt: 0
nptxy: 0
nptdxdy: 0
shape: 0
seed: 309781
7.613221235026 -11.788442339021 0.866025403784 0.500000000000
-0.175561219771 4.911052329018 0.866025403784 -0.500000000000
2.791838266616 1.233927091062 0.000000000000 1.000000000000
4.236894750524 12.504125076883 0.000000000000 1.000000000000
9.108472800243 2.188125060707 0.866025403784 -0.500000000000
13.508445213721 -5.041090233814 0.000000000000 1.000000000000
-0.914844097522 -0.852639959819 0.866025403784 -0.500000000000
-10.026512993560 -2.321666607989 0.866025403784 -0.500000000000
14.193627719910 9.920685030515 0.866025403784 -0.500000000000
18.075487405752 -3.333237669605 0.866025403784 -0.500000000000
18.176345407504 8.654349794506 0.000000000000 1.000000000000
10.982766262546 4.417078557471 0.866025403784 0.500000000000
1.909783433228 -2.434437199275 0.866025403784 -0.500000000000
12.234565197205 5.833757598469 0.000000000000 1.000000000000
