#Configurational_file created 2018-09-14 11:23:58  started 2018-09-14 11:23:57 run for 1.0s steps 0
name: gc_216
step: 10000
specie: 11
	particle_diameter: 1.0000000000000000
	interaction_length: 1.2000000000000000
	number_of_patches: 3
	number_of_particles_per_compound: 1
	rod_length: 1.0000000000000000
	interaction_matrix:  1.000000 1.000000 1.000000 1.000000 1.000000 1.000000 1.000000 1.000000 1.000000
	patch_type: symmetric
	patch_width: 8.0000000000000000
	patch_angle: 0.0000000000000000
	angles:  0.000000 0.000000 0.000000
	grand_canonical: 1
	chemical_potential: -1.6666669999999999
box: 10.000000 10.000000
copy: 1.000000 1.000000
epsilon: 1.2500370000000001
end_epsilon: 0.0000000000000000
pressure: 1.0000000000000000
lambda: 0.0000000000000000
lambda_coupling: 1.0000000000000000
uy: 0.0000000000000000
maximum_displacement: 1.0000000000000000
maximum_rotation: 1.0000000000000000
maximum_volume: 0.0000001000000000
maximum_shape: 0.0000001000000000
maximum_dsigma: 0.0100000000000000
mod: 10
pmod: 10
optimize: 1
verbose: 1
snapshot: 0
display: 1
explore: 1
npt: 0
nptxy: 0
nptdxdy: 0
shape: 0
seed: 248383
8.711223723239 6.447282742605 0.866025403784 0.500000000000
10.078365534774 13.266583178806 0.866025403784 0.500000000000
1.519864056325 2.920540661144 0.866025403784 0.500000000000
-18.610518201192 -18.867459034042 0.866025403784 0.500000000000
-4.655723556787 11.173264526284 0.000000000000 1.000000000000
5.879530116633 13.963758816597 0.866025403784 0.500000000000
6.840449181138 -6.147763765706 0.866025403784 -0.500000000000
-2.696811922631 6.045885439097 0.866025403784 0.500000000000
6.100557180882 15.908950683606 0.866025403784 -0.500000000000
10.910798531561 16.569668624278 0.866025403784 -0.500000000000
5.090381933834 7.243232330740 0.866025403784 -0.500000000000
