#Configurational_file created 2018-09-14 11:51:37  started 2018-09-14 11:51:37 run for 0.0s steps 0
name: gc_216
step: 10000
specie: 16
	particle_diameter: 1.0000000000000000
	interaction_length: 1.2000000000000000
	number_of_patches: 3
	number_of_particles_per_compound: 1
	rod_length: 1.0000000000000000
	interaction_matrix:  1.000000 1.000000 1.000000 1.000000 1.000000 1.000000 1.000000 1.000000 1.000000
	patch_type: symmetric
	patch_width: 8.0000000000000000
	patch_angle: 0.0000000000000000
	angles:  0.000000 0.000000 0.000000
	grand_canonical: 1
	chemical_potential: -1.6666669999999999
box: 10.000000 10.000000
copy: 1.000000 1.000000
epsilon: 0.0625000000000000
end_epsilon: 0.0000000000000000
pressure: 1.0000000000000000
lambda: 0.0000000000000000
lambda_coupling: 1.0000000000000000
uy: 0.0000000000000000
maximum_displacement: 1.0000000000000000
maximum_rotation: 1.0000000000000000
maximum_volume: 0.0000001000000000
maximum_shape: 0.0000001000000000
maximum_dsigma: 0.0100000000000000
mod: 10
pmod: 10
optimize: 1
verbose: 1
snapshot: 0
display: 1
explore: 1
npt: 0
nptxy: 0
nptdxdy: 0
shape: 0
seed: 248383
-5.788709301880 -6.486607392775 0.866025403784 -0.500000000000
11.812575270515 8.439339954092 0.866025403784 0.500000000000
4.286507242254 19.684261796112 0.866025403784 -0.500000000000
13.375574366450 -5.188054199657 0.866025403784 0.500000000000
10.149688422222 -2.075519723911 0.866025403784 -0.500000000000
7.770793579880 -7.449852648669 0.866025403784 -0.500000000000
7.475977204237 8.196608584899 0.000000000000 1.000000000000
10.146274907128 1.978875431469 0.866025403784 0.500000000000
9.940700745158 3.423551824320 0.866025403784 0.500000000000
1.377995356816 2.023534056568 0.866025403784 -0.500000000000
4.191699387716 5.392033415714 0.866025403784 -0.500000000000
1.824349472992 1.131113911656 0.000000000000 1.000000000000
15.976500521750 5.629338343003 0.000000000000 1.000000000000
-1.178168785940 5.855755299884 0.000000000000 1.000000000000
2.842848342127 1.920350041809 0.866025403784 -0.500000000000
6.910589772587 8.634752645505 0.866025403784 -0.500000000000
