#Configurational_file created 2018-09-14 11:23:48  started 2018-09-14 11:23:48 run for 0.0s steps 0
name: gc_202
step: 10000
specie: 12
	particle_diameter: 1.0000000000000000
	interaction_length: 1.2000000000000000
	number_of_patches: 3
	number_of_particles_per_compound: 1
	rod_length: 1.0000000000000000
	interaction_matrix:  1.000000 1.000000 1.000000 1.000000 1.000000 1.000000 1.000000 1.000000 1.000000
	patch_type: symmetric
	patch_width: 8.0000000000000000
	patch_angle: 0.0000000000000000
	angles:  0.000000 0.000000 0.000000
	grand_canonical: 1
	chemical_potential: -1.6666669999999999
box: 10.000000 10.000000
copy: 1.000000 1.000000
epsilon: 0.0834290000000000
end_epsilon: 0.0000000000000000
pressure: 1.0000000000000000
lambda: 0.0000000000000000
lambda_coupling: 1.0000000000000000
uy: 0.0000000000000000
maximum_displacement: 1.0000000000000000
maximum_rotation: 1.0000000000000000
maximum_volume: 0.0000001000000000
maximum_shape: 0.0000001000000000
maximum_dsigma: 0.0100000000000000
mod: 10
pmod: 10
optimize: 1
verbose: 1
snapshot: 0
display: 1
explore: 1
npt: 0
nptxy: 0
nptdxdy: 0
shape: 0
seed: 232465
-0.956848788358 8.984695640343 0.000000000000 1.000000000000
11.456276286652 8.787282327958 0.866025403784 -0.500000000000
12.851372771046 17.742204064840 0.866025403784 0.500000000000
-1.067715763343 6.131680135333 0.866025403784 0.500000000000
11.206617802299 2.061615041519 0.000000000000 1.000000000000
2.799666282624 -1.520562702688 0.866025403784 -0.500000000000
10.003108976298 5.118059608594 0.866025403784 -0.500000000000
-9.631066988416 8.614950978312 0.000000000000 1.000000000000
3.482372593712 13.759575608728 0.000000000000 1.000000000000
4.402116389452 5.111836855994 0.000000000000 1.000000000000
7.467240285720 8.264289179539 0.866025403784 -0.500000000000
8.942064330246 9.541803921714 0.866025403784 -0.500000000000
