#Configurational_file created 2018-09-14 11:23:52  started 2018-09-14 11:23:52 run for 0.0s steps 0
name: gc_208
step: 10000
specie: 17
	particle_diameter: 1.0000000000000000
	interaction_length: 1.2000000000000000
	number_of_patches: 3
	number_of_particles_per_compound: 1
	rod_length: 1.0000000000000000
	interaction_matrix:  1.000000 1.000000 1.000000 1.000000 1.000000 1.000000 1.000000 1.000000 1.000000
	patch_type: symmetric
	patch_width: 8.0000000000000000
	patch_angle: 0.0000000000000000
	angles:  0.000000 0.000000 0.000000
	grand_canonical: 1
	chemical_potential: -1.6666669999999999
box: 10.000000 10.000000
copy: 1.000000 1.000000
epsilon: 0.5834040000000000
end_epsilon: 0.0000000000000000
pressure: 1.0000000000000000
lambda: 0.0000000000000000
lambda_coupling: 1.0000000000000000
uy: 0.0000000000000000
maximum_displacement: 1.0000000000000000
maximum_rotation: 1.0000000000000000
maximum_volume: 0.0000001000000000
maximum_shape: 0.0000001000000000
maximum_dsigma: 0.0100000000000000
mod: 10
pmod: 10
optimize: 1
verbose: 1
snapshot: 0
display: 1
explore: 1
npt: 0
nptxy: 0
nptdxdy: 0
shape: 0
seed: 239287
1.576711551219 3.621050588839 0.866025403784 -0.500000000000
-0.735402114587 -0.242023758578 0.866025403784 0.500000000000
0.092125221212 4.753004703965 0.000000000000 1.000000000000
-4.010522396297 13.213618183354 0.866025403784 -0.500000000000
6.864696937413 3.084650162026 0.866025403784 0.500000000000
-0.735676660578 11.951509958524 0.866025403784 -0.500000000000
5.435091415152 19.515753119386 0.000000000000 1.000000000000
11.254578990244 9.209463786957 0.000000000000 1.000000000000
7.306751604012 -12.080718524127 0.866025403784 -0.500000000000
12.979492954104 2.233695889324 0.000000000000 1.000000000000
1.638501890044 5.660724594684 0.866025403784 -0.500000000000
5.884500981502 1.011228320607 0.000000000000 1.000000000000
-4.288728809668 11.407629173636 0.866025403784 -0.500000000000
4.066417447934 10.130975674063 0.866025403784 -0.500000000000
11.134903553224 10.603501934665 0.866025403784 0.500000000000
3.534092821389 9.625131264407 0.000000000000 1.000000000000
1.986236144905 0.856343772877 0.000000000000 1.000000000000
