#Configurational_file created 2018-09-14 11:23:49  started 2018-09-14 11:23:48 run for 1.0s steps 0
name: gc_203
step: 10000
specie: 13
	particle_diameter: 1.0000000000000000
	interaction_length: 1.2000000000000000
	number_of_patches: 3
	number_of_particles_per_compound: 1
	rod_length: 1.0000000000000000
	interaction_matrix:  1.000000 1.000000 1.000000 1.000000 1.000000 1.000000 1.000000 1.000000 1.000000
	patch_type: symmetric
	patch_width: 8.0000000000000000
	patch_angle: 0.0000000000000000
	angles:  0.000000 0.000000 0.000000
	grand_canonical: 1
	chemical_potential: -1.6666669999999999
box: 10.000000 10.000000
copy: 1.000000 1.000000
epsilon: 0.1667580000000000
end_epsilon: 0.0000000000000000
pressure: 1.0000000000000000
lambda: 0.0000000000000000
lambda_coupling: 1.0000000000000000
uy: 0.0000000000000000
maximum_displacement: 1.0000000000000000
maximum_rotation: 1.0000000000000000
maximum_volume: 0.0000001000000000
maximum_shape: 0.0000001000000000
maximum_dsigma: 0.0100000000000000
mod: 10
pmod: 10
optimize: 1
verbose: 1
snapshot: 0
display: 1
explore: 1
npt: 0
nptxy: 0
nptdxdy: 0
shape: 0
seed: 233602
4.549981198425 5.453694856867 0.866025403784 0.500000000000
-5.116704154945 0.535715941297 0.000000000000 1.000000000000
4.854812063170 11.457338628609 0.866025403784 0.500000000000
-3.164874942452 19.175946660485 0.000000000000 1.000000000000
7.028927207000 -3.077892890805 0.000000000000 1.000000000000
-6.551483753474 0.129519308528 0.866025403784 0.500000000000
16.253588407899 8.237988951945 0.866025403784 -0.500000000000
0.051496122819 14.719321072490 0.000000000000 1.000000000000
5.695474094169 5.357485581739 0.000000000000 1.000000000000
-1.405143335371 10.146487728225 0.866025403784 0.500000000000
10.814589906503 10.118906786851 0.866025403784 -0.500000000000
4.693383067634 -1.123847571300 0.000000000000 1.000000000000
9.399935447760 9.162410582874 0.866025403784 0.500000000000
