#Configurational_file created 2018-09-14 12:19:40  started 2018-09-14 12:19:39 run for 1.0s steps 0
name: gc_26
step: 10000
specie: 15
	particle_diameter: 1.0000000000000000
	interaction_length: 1.2000000000000000
	number_of_patches: 3
	number_of_particles_per_compound: 1
	rod_length: 1.0000000000000000
	interaction_matrix:  1.000000 1.000000 1.000000 1.000000 1.000000 1.000000 1.000000 1.000000 1.000000
	patch_type: symmetric
	patch_width: 8.0000000000000000
	patch_angle: 0.0000000000000000
	angles:  0.000000 0.000000 0.000000
	grand_canonical: 1
	chemical_potential: -1.0000000000000000
box: 10.000000 10.000000
copy: 1.000000 1.000000
epsilon: 0.1000000000000000
end_epsilon: 0.0000000000000000
pressure: 1.0000000000000000
lambda: 0.0000000000000000
lambda_coupling: 1.0000000000000000
uy: 0.0000000000000000
maximum_displacement: 1.0000000000000000
maximum_rotation: 1.0000000000000000
maximum_volume: 0.0000001000000000
maximum_shape: 0.0000001000000000
maximum_dsigma: 0.0100000000000000
mod: 10
pmod: 10
optimize: 1
verbose: 1
snapshot: 0
display: 1
explore: 1
npt: 0
nptxy: 0
nptdxdy: 0
shape: 0
seed: 32353
18.668540743532 3.335529276143 0.866025403784 0.500000000000
-0.195341240028 6.887000673237 0.866025403784 0.500000000000
5.942573621697 0.324807071687 0.000000000000 1.000000000000
8.900345405035 -18.335026034818 0.000000000000 1.000000000000
8.147632611789 9.040036571279 0.866025403784 -0.500000000000
10.618764586148 -10.163671357797 0.000000000000 1.000000000000
-8.204503780850 6.763375768558 0.000000000000 1.000000000000
1.309741553442 4.719472990590 0.866025403784 0.500000000000
-0.365896273403 -1.756345195814 0.866025403784 -0.500000000000
14.272388673423 20.255903896698 0.866025403784 0.500000000000
2.555724397313 -8.814782629137 0.866025403784 -0.500000000000
5.748584966876 5.024291689408 0.866025403784 -0.500000000000
-1.892595684858 7.871320141196 0.866025403784 -0.500000000000
-11.060070753548 -4.424523532497 0.000000000000 1.000000000000
17.404538338942 6.958795125716 0.866025403784 -0.500000000000
