#Configurational_file created 2018-09-14 11:24:17  started 2018-09-14 11:24:16 run for 1.0s steps 0
name: gc_243
step: 10000
specie: 14
	particle_diameter: 1.0000000000000000
	interaction_length: 1.2000000000000000
	number_of_patches: 3
	number_of_particles_per_compound: 1
	rod_length: 1.0000000000000000
	interaction_matrix:  1.000000 1.000000 1.000000 1.000000 1.000000 1.000000 1.000000 1.000000 1.000000
	patch_type: symmetric
	patch_width: 8.0000000000000000
	patch_angle: 0.0000000000000000
	angles:  0.000000 0.000000 0.000000
	grand_canonical: 1
	chemical_potential: -1.5000000000000000
box: 10.000000 10.000000
copy: 1.000000 1.000000
epsilon: 1.4166960000000000
end_epsilon: 0.0000000000000000
pressure: 1.0000000000000000
lambda: 0.0000000000000000
lambda_coupling: 1.0000000000000000
uy: 0.0000000000000000
maximum_displacement: 1.0000000000000000
maximum_rotation: 1.0000000000000000
maximum_volume: 0.0000001000000000
maximum_shape: 0.0000001000000000
maximum_dsigma: 0.0100000000000000
mod: 10
pmod: 10
optimize: 1
verbose: 1
snapshot: 0
display: 1
explore: 1
npt: 0
nptxy: 0
nptdxdy: 0
shape: 0
seed: 279082
7.049333389499 10.259129753504 0.866025403784 0.500000000000
3.435641344485 11.647749863561 0.866025403784 -0.500000000000
-12.302905372192 14.113416793928 0.866025403784 -0.500000000000
6.015287383158 2.670428578017 0.000000000000 1.000000000000
0.086592539855 -3.163593040922 0.866025403784 -0.500000000000
8.247022184237 5.651269655716 0.866025403784 -0.500000000000
5.323534276300 1.177254594658 0.000000000000 1.000000000000
4.683073221617 4.541927939827 0.866025403784 -0.500000000000
-8.086547464432 9.468619927951 0.000000000000 1.000000000000
-6.218536879796 8.290142195504 0.000000000000 1.000000000000
13.064814145935 5.888253725445 0.000000000000 1.000000000000
-3.906480434861 9.428408789817 0.866025403784 0.500000000000
8.622759654145 12.835900059297 0.866025403784 -0.500000000000
0.932627501417 5.143525262120 0.000000000000 1.000000000000
