#Configurational_file created 2018-09-14 11:52:00  started 2018-09-14 11:51:59 run for 1.0s steps 0
name: gc_248
step: 10000
specie: 19
	particle_diameter: 1.0000000000000000
	interaction_length: 1.2000000000000000
	number_of_patches: 3
	number_of_particles_per_compound: 1
	rod_length: 1.0000000000000000
	interaction_matrix:  1.000000 1.000000 1.000000 1.000000 1.000000 1.000000 1.000000 1.000000 1.000000
	patch_type: symmetric
	patch_width: 8.0000000000000000
	patch_angle: 0.0000000000000000
	angles:  0.000000 0.000000 0.000000
	grand_canonical: 1
	chemical_potential: -1.5000000000000000
box: 10.000000 10.000000
copy: 1.000000 1.000000
epsilon: 0.0916670000000000
end_epsilon: 0.0000000000000000
pressure: 1.0000000000000000
lambda: 0.0000000000000000
lambda_coupling: 1.0000000000000000
uy: 0.0000000000000000
maximum_displacement: 1.0000000000000000
maximum_rotation: 1.0000000000000000
maximum_volume: 0.0000001000000000
maximum_shape: 0.0000001000000000
maximum_dsigma: 0.0100000000000000
mod: 10
pmod: 10
optimize: 1
verbose: 1
snapshot: 0
display: 1
explore: 1
npt: 0
nptxy: 0
nptdxdy: 0
shape: 0
seed: 284767
-0.046796705973 5.715632884043 0.866025403784 0.500000000000
10.370536441640 9.983794751188 0.866025403784 0.500000000000
-7.852084651055 -2.023253025123 0.000000000000 1.000000000000
9.525358273080 1.437067754390 0.866025403784 -0.500000000000
9.028232766317 -4.255177848759 0.866025403784 -0.500000000000
2.296624183148 5.357216800197 0.866025403784 0.500000000000
19.933761179098 14.103192222239 0.866025403784 -0.500000000000
0.676183314592 12.394666130261 0.866025403784 0.500000000000
-4.295617820641 -4.252313627651 0.866025403784 -0.500000000000
4.739691585413 5.221779271893 0.866025403784 -0.500000000000
1.844428183016 6.854798737163 0.000000000000 1.000000000000
8.236585983301 -2.346099344000 0.000000000000 1.000000000000
3.466169574285 4.884994615851 0.866025403784 0.500000000000
12.995369625730 12.498101757669 0.866025403784 0.500000000000
7.451847676610 4.455533034199 0.000000000000 1.000000000000
-0.090072033345 7.057703271571 0.866025403784 0.500000000000
-2.193499618708 5.464732105948 0.866025403784 0.500000000000
6.772377497693 8.236785251258 0.000000000000 1.000000000000
3.469037847377 9.585001899591 0.866025403784 0.500000000000
