#Configurational_file created 2018-09-14 13:47:49  started 2018-09-14 13:47:49 run for 0.0s steps 0
name: gc_272
step: 10000
specie: 15
	particle_diameter: 1.0000000000000000
	interaction_length: 1.2000000000000000
	number_of_patches: 3
	number_of_particles_per_compound: 1
	rod_length: 1.0000000000000000
	interaction_matrix:  1.000000 1.000000 1.000000 1.000000 1.000000 1.000000 1.000000 1.000000 1.000000
	patch_type: symmetric
	patch_width: 8.0000000000000000
	patch_angle: 0.0000000000000000
	angles:  0.000000 0.000000 0.000000
	grand_canonical: 1
	chemical_potential: -1.7586210000000000
box: 10.000000 10.000000
copy: 1.000000 1.000000
epsilon: 0.0172420000000000
end_epsilon: 0.0000000000000000
pressure: 1.0000000000000000
lambda: 0.0000000000000000
lambda_coupling: 1.0000000000000000
uy: 0.0000000000000000
maximum_displacement: 1.0000000000000000
maximum_rotation: 1.0000000000000000
maximum_volume: 0.0000001000000000
maximum_shape: 0.0000001000000000
maximum_dsigma: 0.0100000000000000
mod: 10
pmod: 10
optimize: 1
verbose: 1
snapshot: 0
display: 1
explore: 1
npt: 0
nptxy: 0
nptdxdy: 0
shape: 0
seed: 312055
6.757919022783 9.234460576035 0.866025403784 -0.500000000000
6.191741711550 2.058338111578 0.866025403784 -0.500000000000
10.737435740840 0.343481668674 0.000000000000 1.000000000000
5.809592860664 -5.861302409751 0.866025403784 -0.500000000000
3.215175067063 -4.240543749191 0.866025403784 -0.500000000000
4.440281379667 5.441326397760 0.000000000000 1.000000000000
-0.713748133469 2.748963642198 0.000000000000 1.000000000000
0.713917129336 2.694138455564 0.866025403784 -0.500000000000
8.984774240743 5.182251582638 0.000000000000 1.000000000000
6.814226771648 1.257423527352 0.866025403784 0.500000000000
7.105303995113 7.459696963922 0.866025403784 -0.500000000000
15.278023602493 11.036171975787 0.000000000000 1.000000000000
1.117042406136 8.248050998302 0.866025403784 -0.500000000000
5.720011715456 6.032885976040 0.000000000000 1.000000000000
8.431047873038 10.156804390708 0.866025403784 0.500000000000
