#Configurational_file created 2018-09-14 13:47:55  started 2018-09-14 13:47:55 run for 0.0s steps 0
name: gc_281
step: 10000
specie: 12
	particle_diameter: 1.0000000000000000
	interaction_length: 1.2000000000000000
	number_of_patches: 3
	number_of_particles_per_compound: 1
	rod_length: 1.0000000000000000
	interaction_matrix:  1.000000 1.000000 1.000000 1.000000 1.000000 1.000000 1.000000 1.000000 1.000000
	patch_type: symmetric
	patch_width: 8.0000000000000000
	patch_angle: 0.0000000000000000
	angles:  0.000000 0.000000 0.000000
	grand_canonical: 1
	chemical_potential: -1.7586210000000000
box: 10.000000 10.000000
copy: 1.000000 1.000000
epsilon: 0.1724140000000000
end_epsilon: 0.0000000000000000
pressure: 1.0000000000000000
lambda: 0.0000000000000000
lambda_coupling: 1.0000000000000000
uy: 0.0000000000000000
maximum_displacement: 1.0000000000000000
maximum_rotation: 1.0000000000000000
maximum_volume: 0.0000001000000000
maximum_shape: 0.0000001000000000
maximum_dsigma: 0.0100000000000000
mod: 10
pmod: 10
optimize: 1
verbose: 1
snapshot: 0
display: 1
explore: 1
npt: 0
nptxy: 0
nptdxdy: 0
shape: 0
seed: 322288
-5.334339271967 5.890833288686 0.866025403784 -0.500000000000
-9.377594924202 -15.318386450914 0.866025403784 -0.500000000000
7.107863895777 2.046146495437 0.866025403784 -0.500000000000
4.675861364900 3.103761860124 0.866025403784 0.500000000000
8.611377312932 -5.083823570445 0.866025403784 -0.500000000000
8.763444933396 -2.825010508993 0.866025403784 -0.500000000000
43.332751194809 -11.395142044614 0.866025403784 0.500000000000
5.652016563863 6.685372399103 0.866025403784 0.500000000000
-10.831325985815 11.770007819379 0.000000000000 1.000000000000
2.032130890302 8.764081466970 0.866025403784 -0.500000000000
-2.488618382200 0.567004319446 0.866025403784 -0.500000000000
4.403566665455 2.207296488873 0.000000000000 1.000000000000
