#Configurational_file created 2018-09-14 11:24:58  started 2018-09-14 11:24:57 run for 1.0s steps 0
name: gc_298
step: 10000
specie: 21
	particle_diameter: 1.0000000000000000
	interaction_length: 1.2000000000000000
	number_of_patches: 3
	number_of_particles_per_compound: 1
	rod_length: 1.0000000000000000
	interaction_matrix:  1.000000 1.000000 1.000000 1.000000 1.000000 1.000000 1.000000 1.000000 1.000000
	patch_type: symmetric
	patch_width: 8.0000000000000000
	patch_angle: 0.0000000000000000
	angles:  0.000000 0.000000 0.000000
	grand_canonical: 1
	chemical_potential: -1.1666669999999999
box: 10.000000 10.000000
copy: 1.000000 1.000000
epsilon: 1.8333420000000000
end_epsilon: 0.0000000000000000
pressure: 1.0000000000000000
lambda: 0.0000000000000000
lambda_coupling: 1.0000000000000000
uy: 0.0000000000000000
maximum_displacement: 1.0000000000000000
maximum_rotation: 1.0000000000000000
maximum_volume: 0.0000001000000000
maximum_shape: 0.0000001000000000
maximum_dsigma: 0.0100000000000000
mod: 10
pmod: 10
optimize: 1
verbose: 1
snapshot: 0
display: 1
explore: 1
npt: 0
nptxy: 0
nptdxdy: 0
shape: 0
seed: 341617
5.242016551850 17.045150068690 0.866025403784 0.500000000000
9.475349279155 2.154228810100 0.866025403784 0.500000000000
6.220218006026 7.811268601673 0.866025403784 0.500000000000
-6.884042743576 9.225048019025 0.866025403784 0.500000000000
3.275892147189 25.024926774428 0.000000000000 1.000000000000
3.071349003802 -2.908741077600 0.000000000000 1.000000000000
9.759551216863 3.916521211937 0.866025403784 -0.500000000000
0.012655832705 9.673941985749 0.000000000000 1.000000000000
3.791666800339 -7.613313294164 0.866025403784 -0.500000000000
6.886439114065 1.043106086256 0.866025403784 -0.500000000000
-0.247576288357 7.825726891262 0.866025403784 -0.500000000000
11.326453550794 8.750620458682 0.866025403784 0.500000000000
1.889843329258 22.406499503918 0.866025403784 -0.500000000000
4.399492243455 0.027591448840 0.866025403784 -0.500000000000
6.247056016676 10.151873281378 0.866025403784 -0.500000000000
10.955837771762 -2.118904613485 0.000000000000 1.000000000000
13.990397505248 -1.284514764507 0.000000000000 1.000000000000
7.899777951981 8.787749475645 0.866025403784 -0.500000000000
10.769713475355 -4.540364918946 0.866025403784 -0.500000000000
5.314736099094 2.719921496274 0.000000000000 1.000000000000
0.753450498727 1.787176473014 0.000000000000 1.000000000000
