#Configurational_file created 2018-09-14 11:51:53  started 2018-09-14 11:51:52 run for 1.0s steps 0
name: gc_238
step: 10000
specie: 11
	particle_diameter: 1.0000000000000000
	interaction_length: 1.2000000000000000
	number_of_patches: 3
	number_of_particles_per_compound: 1
	rod_length: 1.0000000000000000
	interaction_matrix:  1.000000 1.000000 1.000000 1.000000 1.000000 1.000000 1.000000 1.000000 1.000000
	patch_type: symmetric
	patch_width: 8.0000000000000000
	patch_angle: 0.0000000000000000
	angles:  0.000000 0.000000 0.000000
	grand_canonical: 1
	chemical_potential: -1.5000000000000000
box: 10.000000 10.000000
copy: 1.000000 1.000000
epsilon: 0.0500010000000000
end_epsilon: 0.0000000000000000
pressure: 1.0000000000000000
lambda: 0.0000000000000000
lambda_coupling: 1.0000000000000000
uy: 0.0000000000000000
maximum_displacement: 1.0000000000000000
maximum_rotation: 1.0000000000000000
maximum_volume: 0.0000001000000000
maximum_shape: 0.0000001000000000
maximum_dsigma: 0.0100000000000000
mod: 10
pmod: 10
optimize: 1
verbose: 1
snapshot: 0
display: 1
explore: 1
npt: 0
nptxy: 0
nptdxdy: 0
shape: 0
seed: 273397
0.917422086141 8.594650584033 0.000000000000 1.000000000000
13.848924985125 11.335311500765 0.000000000000 1.000000000000
5.831390655024 3.856224689716 0.000000000000 1.000000000000
16.577705195052 9.545144615383 0.000000000000 1.000000000000
-1.089172799787 4.891376691776 0.866025403784 0.500000000000
5.086570369830 11.383982845245 0.866025403784 -0.500000000000
4.514197796346 3.518448689399 0.866025403784 -0.500000000000
10.004242967098 12.800469855499 0.866025403784 0.500000000000
2.625053498326 1.673703827635 0.866025403784 -0.500000000000
19.962384822291 8.848189863802 0.866025403784 0.500000000000
2.841951003153 4.315902812988 0.866025403784 -0.500000000000
