#Configurational_file created 2018-09-14 11:51:49  started 2018-09-14 11:51:48 run for 1.0s steps 0
name: gc_232
step: 10000
specie: 15
	particle_diameter: 1.0000000000000000
	interaction_length: 1.2000000000000000
	number_of_patches: 3
	number_of_particles_per_compound: 1
	rod_length: 1.0000000000000000
	interaction_matrix:  1.000000 1.000000 1.000000 1.000000 1.000000 1.000000 1.000000 1.000000 1.000000
	patch_type: symmetric
	patch_width: 8.0000000000000000
	patch_angle: 0.0000000000000000
	angles:  0.000000 0.000000 0.000000
	grand_canonical: 1
	chemical_potential: -1.5000000000000000
box: 10.000000 10.000000
copy: 1.000000 1.000000
epsilon: 0.0250010000000000
end_epsilon: 0.0000000000000000
pressure: 1.0000000000000000
lambda: 0.0000000000000000
lambda_coupling: 1.0000000000000000
uy: 0.0000000000000000
maximum_displacement: 1.0000000000000000
maximum_rotation: 1.0000000000000000
maximum_volume: 0.0000001000000000
maximum_shape: 0.0000001000000000
maximum_dsigma: 0.0100000000000000
mod: 10
pmod: 10
optimize: 1
verbose: 1
snapshot: 0
display: 1
explore: 1
npt: 0
nptxy: 0
nptdxdy: 0
shape: 0
seed: 266575
-0.322655710604 5.010710442187 0.000000000000 1.000000000000
20.852692751758 3.232855276836 0.000000000000 1.000000000000
13.300536201707 15.771653707491 0.866025403784 0.500000000000
2.566288222877 -2.535157146625 0.000000000000 1.000000000000
1.020682783403 8.405294541557 0.866025403784 0.500000000000
-1.126865820319 6.310331661267 0.000000000000 1.000000000000
7.477362045273 3.403914250172 0.000000000000 1.000000000000
5.134493296422 7.940793890572 0.866025403784 0.500000000000
-6.716550027971 -9.959609499194 0.000000000000 1.000000000000
-6.624819023682 14.250620877107 0.866025403784 -0.500000000000
-2.391417337335 -4.367588270658 0.866025403784 0.500000000000
1.468637066284 15.129721392234 0.866025403784 -0.500000000000
10.199960646185 -3.139766829221 0.866025403784 -0.500000000000
8.279643424739 15.978459133785 0.866025403784 -0.500000000000
1.992781166643 3.949674762263 0.866025403784 -0.500000000000
