#Configurational_file created 2018-09-14 11:52:12  started 2018-09-14 11:52:11 run for 1.0s steps 0
name: gc_264
step: 10000
specie: 13
	particle_diameter: 1.0000000000000000
	interaction_length: 1.2000000000000000
	number_of_patches: 3
	number_of_particles_per_compound: 1
	rod_length: 1.0000000000000000
	interaction_matrix:  1.000000 1.000000 1.000000 1.000000 1.000000 1.000000 1.000000 1.000000 1.000000
	patch_type: symmetric
	patch_width: 8.0000000000000000
	patch_angle: 0.0000000000000000
	angles:  0.000000 0.000000 0.000000
	grand_canonical: 1
	chemical_potential: -1.3333330000000001
box: 10.000000 10.000000
copy: 1.000000 1.000000
epsilon: 0.0541670000000000
end_epsilon: 0.0000000000000000
pressure: 1.0000000000000000
lambda: 0.0000000000000000
lambda_coupling: 1.0000000000000000
uy: 0.0000000000000000
maximum_displacement: 1.0000000000000000
maximum_rotation: 1.0000000000000000
maximum_volume: 0.0000001000000000
maximum_shape: 0.0000001000000000
maximum_dsigma: 0.0100000000000000
mod: 10
pmod: 10
optimize: 1
verbose: 1
snapshot: 0
display: 1
explore: 1
npt: 0
nptxy: 0
nptdxdy: 0
shape: 0
seed: 302959
10.694570928028 0.808578192760 0.866025403784 -0.500000000000
1.989792627582 -2.710108499159 0.866025403784 -0.500000000000
-1.118932264515 9.048815745985 0.866025403784 0.500000000000
9.997192936551 17.992090419571 0.000000000000 1.000000000000
7.147545745012 2.294007460785 0.866025403784 0.500000000000
2.627497572628 5.713953727022 0.000000000000 1.000000000000
-4.328757508622 -0.456756021899 0.000000000000 1.000000000000
7.764055115458 -0.800374389474 0.866025403784 0.500000000000
9.990235400318 -6.398512994080 0.000000000000 1.000000000000
6.491796560461 11.121757524642 0.866025403784 0.500000000000
0.438493609470 9.537467954508 0.866025403784 0.500000000000
7.844075037756 16.507245841618 0.000000000000 1.000000000000
3.903975603652 0.054624955637 0.866025403784 -0.500000000000
