#Configurational_file created 2018-09-14 13:48:02  started 2018-09-14 13:48:01 run for 1.0s steps 0
name: gc_290
step: 10000
specie: 8
	particle_diameter: 1.0000000000000000
	interaction_length: 1.2000000000000000
	number_of_patches: 3
	number_of_particles_per_compound: 1
	rod_length: 1.0000000000000000
	interaction_matrix:  1.000000 1.000000 1.000000 1.000000 1.000000 1.000000 1.000000 1.000000 1.000000
	patch_type: symmetric
	patch_width: 8.0000000000000000
	patch_angle: 0.0000000000000000
	angles:  0.000000 0.000000 0.000000
	grand_canonical: 1
	chemical_potential: -1.7586210000000000
box: 10.000000 10.000000
copy: 1.000000 1.000000
epsilon: 0.3275870000000000
end_epsilon: 0.0000000000000000
pressure: 1.0000000000000000
lambda: 0.0000000000000000
lambda_coupling: 1.0000000000000000
uy: 0.0000000000000000
maximum_displacement: 1.0000000000000000
maximum_rotation: 1.0000000000000000
maximum_volume: 0.0000001000000000
maximum_shape: 0.0000001000000000
maximum_dsigma: 0.0100000000000000
mod: 10
pmod: 10
optimize: 1
verbose: 1
snapshot: 0
display: 1
explore: 1
npt: 0
nptxy: 0
nptdxdy: 0
shape: 0
seed: 332521
2.369965764616 14.424064626304 0.000000000000 1.000000000000
13.965903707307 7.464732910314 0.866025403784 -0.500000000000
8.445209130194 8.013597149152 0.866025403784 -0.500000000000
10.311331618141 6.566022962231 0.866025403784 -0.500000000000
-11.831393352694 3.048453269757 0.866025403784 -0.500000000000
12.729332528451 -4.002280505862 0.866025403784 0.500000000000
20.388070314630 2.833011890476 0.866025403784 0.500000000000
5.586457186463 20.771183606413 0.866025403784 0.500000000000
