#Configurational_file created 2018-09-14 13:47:17  started 2018-09-14 13:47:16 run for 1.0s steps 0
name: gc_223
step: 10000
specie: 9
	particle_diameter: 1.0000000000000000
	interaction_length: 1.2000000000000000
	number_of_patches: 3
	number_of_particles_per_compound: 1
	rod_length: 1.0000000000000000
	interaction_matrix:  1.000000 1.000000 1.000000 1.000000 1.000000 1.000000 1.000000 1.000000 1.000000
	patch_type: symmetric
	patch_width: 8.0000000000000000
	patch_angle: 0.0000000000000000
	angles:  0.000000 0.000000 0.000000
	grand_canonical: 1
	chemical_potential: -2.0344829999999998
box: 10.000000 10.000000
copy: 1.000000 1.000000
epsilon: 0.2068970000000000
end_epsilon: 0.0000000000000000
pressure: 1.0000000000000000
lambda: 0.0000000000000000
lambda_coupling: 1.0000000000000000
uy: 0.0000000000000000
maximum_displacement: 1.0000000000000000
maximum_rotation: 1.0000000000000000
maximum_volume: 0.0000001000000000
maximum_shape: 0.0000001000000000
maximum_dsigma: 0.0100000000000000
mod: 10
pmod: 10
optimize: 1
verbose: 1
snapshot: 0
display: 1
explore: 1
npt: 0
nptxy: 0
nptdxdy: 0
shape: 0
seed: 256342
23.256809872718 -5.803020803088 0.866025403784 -0.500000000000
9.847310502871 -0.430406009975 0.866025403784 -0.500000000000
3.762922356468 19.943965991155 0.866025403784 0.500000000000
5.016586614852 -9.470696766072 0.866025403784 -0.500000000000
3.235367368719 11.253935686666 0.000000000000 1.000000000000
7.578794179263 9.525590620985 0.866025403784 0.500000000000
-10.506670299821 4.704643865367 0.000000000000 1.000000000000
5.205048309026 5.564145364829 0.000000000000 1.000000000000
9.088326752632 5.767782969186 0.000000000000 1.000000000000
