#Configurational_file created 2018-09-14 11:24:44  started 2018-09-14 11:24:43 run for 1.0s steps 0
name: gc_280
step: 10000
specie: 18
	particle_diameter: 1.0000000000000000
	interaction_length: 1.2000000000000000
	number_of_patches: 3
	number_of_particles_per_compound: 1
	rod_length: 1.0000000000000000
	interaction_matrix:  1.000000 1.000000 1.000000 1.000000 1.000000 1.000000 1.000000 1.000000 1.000000
	patch_type: symmetric
	patch_width: 8.0000000000000000
	patch_angle: 0.0000000000000000
	angles:  0.000000 0.000000 0.000000
	grand_canonical: 1
	chemical_potential: -1.1666669999999999
box: 10.000000 10.000000
copy: 1.000000 1.000000
epsilon: 0.3334170000000000
end_epsilon: 0.0000000000000000
pressure: 1.0000000000000000
lambda: 0.0000000000000000
lambda_coupling: 1.0000000000000000
uy: 0.0000000000000000
maximum_displacement: 1.0000000000000000
maximum_rotation: 1.0000000000000000
maximum_volume: 0.0000001000000000
maximum_shape: 0.0000001000000000
maximum_dsigma: 0.0100000000000000
mod: 10
pmod: 10
optimize: 1
verbose: 1
snapshot: 0
display: 1
explore: 1
npt: 0
nptxy: 0
nptdxdy: 0
shape: 0
seed: 321151
-4.119547672637 21.163613209148 0.866025403784 0.500000000000
18.642290486805 -5.433224653398 0.866025403784 -0.500000000000
14.322757896141 -4.503594748807 0.866025403784 0.500000000000
8.711810433482 1.854293417726 0.000000000000 1.000000000000
13.463550880750 13.821561894955 0.000000000000 1.000000000000
-2.346588394288 2.455860455403 0.866025403784 -0.500000000000
28.334907275230 -3.186545562320 0.866025403784 -0.500000000000
22.081443032205 15.407463429508 0.866025403784 0.500000000000
17.680098485122 -10.191425689155 0.000000000000 1.000000000000
1.580266521614 1.149831705884 0.000000000000 1.000000000000
0.715172939150 7.871763178774 0.866025403784 -0.500000000000
13.198702901309 7.161888203427 0.000000000000 1.000000000000
4.171280258218 2.080241856482 0.000000000000 1.000000000000
-1.439684007775 13.818062320641 0.000000000000 1.000000000000
9.569008506373 8.850170302418 0.866025403784 0.500000000000
6.222352394734 9.469775433942 0.000000000000 1.000000000000
10.754116257985 2.871351173618 0.866025403784 0.500000000000
7.629114988776 4.742988866706 0.866025403784 -0.500000000000
