#Configurational_file created 2018-09-14 13:48:00  started 2018-09-14 13:47:59 run for 1.0s steps 0
name: gc_287
step: 10000
specie: 12
	particle_diameter: 1.0000000000000000
	interaction_length: 1.2000000000000000
	number_of_patches: 3
	number_of_particles_per_compound: 1
	rod_length: 1.0000000000000000
	interaction_matrix:  1.000000 1.000000 1.000000 1.000000 1.000000 1.000000 1.000000 1.000000 1.000000
	patch_type: symmetric
	patch_width: 8.0000000000000000
	patch_angle: 0.0000000000000000
	angles:  0.000000 0.000000 0.000000
	grand_canonical: 1
	chemical_potential: -1.7586210000000000
box: 10.000000 10.000000
copy: 1.000000 1.000000
epsilon: 0.2758630000000000
end_epsilon: 0.0000000000000000
pressure: 1.0000000000000000
lambda: 0.0000000000000000
lambda_coupling: 1.0000000000000000
uy: 0.0000000000000000
maximum_displacement: 1.0000000000000000
maximum_rotation: 1.0000000000000000
maximum_volume: 0.0000001000000000
maximum_shape: 0.0000001000000000
maximum_dsigma: 0.0100000000000000
mod: 10
pmod: 10
optimize: 1
verbose: 1
snapshot: 0
display: 1
explore: 1
npt: 0
nptxy: 0
nptdxdy: 0
shape: 0
seed: 329110
4.874127446674 20.961545148228 0.000000000000 1.000000000000
2.840110289448 5.306888233876 0.866025403784 -0.500000000000
3.277593397061 2.794288836541 0.866025403784 -0.500000000000
10.233220294538 -4.959947935452 0.866025403784 -0.500000000000
-1.726830106625 5.003422021379 0.866025403784 -0.500000000000
6.093559498535 -2.315106361087 0.000000000000 1.000000000000
3.679708689448 8.379579746624 0.866025403784 0.500000000000
2.531679958308 -1.262236009152 0.866025403784 -0.500000000000
5.038152032555 7.382226438972 0.866025403784 -0.500000000000
-3.438466906600 8.919963079811 0.866025403784 -0.500000000000
14.881605572472 5.550872822141 0.866025403784 0.500000000000
1.546956958327 -3.274193832095 0.000000000000 1.000000000000
