#Configurational_file created 2018-09-14 13:47:27  started 2018-09-14 13:47:26 run for 1.0s steps 0
name: gc_238
step: 10000
specie: 11
	particle_diameter: 1.0000000000000000
	interaction_length: 1.2000000000000000
	number_of_patches: 3
	number_of_particles_per_compound: 1
	rod_length: 1.0000000000000000
	interaction_matrix:  1.000000 1.000000 1.000000 1.000000 1.000000 1.000000 1.000000 1.000000 1.000000
	patch_type: symmetric
	patch_width: 8.0000000000000000
	patch_angle: 0.0000000000000000
	angles:  0.000000 0.000000 0.000000
	grand_canonical: 1
	chemical_potential: -2.0344829999999998
box: 10.000000 10.000000
copy: 1.000000 1.000000
epsilon: 0.4655170000000000
end_epsilon: 0.0000000000000000
pressure: 1.0000000000000000
lambda: 0.0000000000000000
lambda_coupling: 1.0000000000000000
uy: 0.0000000000000000
maximum_displacement: 1.0000000000000000
maximum_rotation: 1.0000000000000000
maximum_volume: 0.0000001000000000
maximum_shape: 0.0000001000000000
maximum_dsigma: 0.0100000000000000
mod: 10
pmod: 10
optimize: 1
verbose: 1
snapshot: 0
display: 1
explore: 1
npt: 0
nptxy: 0
nptdxdy: 0
shape: 0
seed: 273397
0.435071491737 8.308541797331 0.000000000000 1.000000000000
8.976501732647 2.466223020275 0.866025403784 0.500000000000
-4.817841339524 -5.553428101616 0.000000000000 1.000000000000
6.246872806371 14.472123755872 0.866025403784 -0.500000000000
2.735587115416 14.386349690458 0.000000000000 1.000000000000
7.398074491948 2.727317609021 0.000000000000 1.000000000000
9.866974351801 -5.927231157335 0.000000000000 1.000000000000
1.404322495165 10.208980224627 0.866025403784 0.500000000000
8.944206999453 10.204644081649 0.000000000000 1.000000000000
6.260161951942 10.084731698045 0.866025403784 -0.500000000000
3.823578865963 5.864614248115 0.866025403784 -0.500000000000
