#Configurational_file created 2018-09-14 11:52:13  started 2018-09-14 11:52:12 run for 1.0s steps 0
name: gc_265
step: 10000
specie: 18
	particle_diameter: 1.0000000000000000
	interaction_length: 1.2000000000000000
	number_of_patches: 3
	number_of_particles_per_compound: 1
	rod_length: 1.0000000000000000
	interaction_matrix:  1.000000 1.000000 1.000000 1.000000 1.000000 1.000000 1.000000 1.000000 1.000000
	patch_type: symmetric
	patch_width: 8.0000000000000000
	patch_angle: 0.0000000000000000
	angles:  0.000000 0.000000 0.000000
	grand_canonical: 1
	chemical_potential: -1.3333330000000001
box: 10.000000 10.000000
copy: 1.000000 1.000000
epsilon: 0.0583340000000000
end_epsilon: 0.0000000000000000
pressure: 1.0000000000000000
lambda: 0.0000000000000000
lambda_coupling: 1.0000000000000000
uy: 0.0000000000000000
maximum_displacement: 1.0000000000000000
maximum_rotation: 1.0000000000000000
maximum_volume: 0.0000001000000000
maximum_shape: 0.0000001000000000
maximum_dsigma: 0.0100000000000000
mod: 10
pmod: 10
optimize: 1
verbose: 1
snapshot: 0
display: 1
explore: 1
npt: 0
nptxy: 0
nptdxdy: 0
shape: 0
seed: 304096
6.018478407010 14.049715660814 0.000000000000 1.000000000000
-0.071458545507 6.767773064506 0.866025403784 0.500000000000
-5.382991215074 12.499097799618 0.866025403784 0.500000000000
5.306731610410 6.059561202940 0.000000000000 1.000000000000
-3.797553663564 1.549184027966 0.866025403784 -0.500000000000
5.893547707014 8.944416758257 0.866025403784 -0.500000000000
-2.945756188808 10.737990820732 0.866025403784 -0.500000000000
7.318756227085 5.893569277045 0.866025403784 0.500000000000
20.751035709408 17.612433996607 0.000000000000 1.000000000000
9.993387131215 -11.143311042590 0.866025403784 0.500000000000
13.729231914042 -1.310115278129 0.866025403784 -0.500000000000
1.805138952103 2.101778455737 0.866025403784 -0.500000000000
2.210419460976 20.010506404110 0.866025403784 0.500000000000
-0.751123588867 -10.492689986722 0.866025403784 -0.500000000000
2.233328842434 6.109331014332 0.866025403784 0.500000000000
8.377266268340 1.480753647712 0.866025403784 -0.500000000000
4.333738155274 0.120704728428 0.866025403784 0.500000000000
6.807812305286 7.832661006760 0.866025403784 0.500000000000
