#Configurational_file created 2018-09-14 11:51:54  started 2018-09-14 11:51:54 run for 0.0s steps 0
name: gc_240
step: 10000
specie: 14
	particle_diameter: 1.0000000000000000
	interaction_length: 1.2000000000000000
	number_of_patches: 3
	number_of_particles_per_compound: 1
	rod_length: 1.0000000000000000
	interaction_matrix:  1.000000 1.000000 1.000000 1.000000 1.000000 1.000000 1.000000 1.000000 1.000000
	patch_type: symmetric
	patch_width: 8.0000000000000000
	patch_angle: 0.0000000000000000
	angles:  0.000000 0.000000 0.000000
	grand_canonical: 1
	chemical_potential: -1.5000000000000000
box: 10.000000 10.000000
copy: 1.000000 1.000000
epsilon: 0.0583340000000000
end_epsilon: 0.0000000000000000
pressure: 1.0000000000000000
lambda: 0.0000000000000000
lambda_coupling: 1.0000000000000000
uy: 0.0000000000000000
maximum_displacement: 1.0000000000000000
maximum_rotation: 1.0000000000000000
maximum_volume: 0.0000001000000000
maximum_shape: 0.0000001000000000
maximum_dsigma: 0.0100000000000000
mod: 10
pmod: 10
optimize: 1
verbose: 1
snapshot: 0
display: 1
explore: 1
npt: 0
nptxy: 0
nptdxdy: 0
shape: 0
seed: 275671
6.060029075708 -11.395459410552 0.866025403784 -0.500000000000
4.072981723523 22.266642009918 0.866025403784 0.500000000000
3.147023504118 2.820776473471 0.866025403784 -0.500000000000
-4.782018187757 1.040075131226 0.866025403784 -0.500000000000
5.801152404831 3.988140551514 0.866025403784 -0.500000000000
6.997278523408 8.352551631643 0.000000000000 1.000000000000
7.947306495284 20.346385176864 0.000000000000 1.000000000000
14.638130442003 -0.681079116330 0.866025403784 0.500000000000
-5.539039210742 5.093651466264 0.866025403784 0.500000000000
-0.886644313681 -10.258442507081 0.000000000000 1.000000000000
-0.417155659950 -3.260339409366 0.866025403784 0.500000000000
0.262870123848 7.363643545707 0.000000000000 1.000000000000
0.894239415922 3.754502297442 0.866025403784 0.500000000000
7.319446768513 6.593745924900 0.866025403784 0.500000000000
