#Configurational_file created 2018-09-14 13:47:03  started 2018-09-14 13:47:02 run for 1.0s steps 0
name: gc_201
step: 10000
specie: 8
	particle_diameter: 1.0000000000000000
	interaction_length: 1.2000000000000000
	number_of_patches: 3
	number_of_particles_per_compound: 1
	rod_length: 1.0000000000000000
	interaction_matrix:  1.000000 1.000000 1.000000 1.000000 1.000000 1.000000 1.000000 1.000000 1.000000
	patch_type: symmetric
	patch_width: 8.0000000000000000
	patch_angle: 0.0000000000000000
	angles:  0.000000 0.000000 0.000000
	grand_canonical: 1
	chemical_potential: -2.1724139999999998
box: 10.000000 10.000000
copy: 1.000000 1.000000
epsilon: 0.3448280000000000
end_epsilon: 0.0000000000000000
pressure: 1.0000000000000000
lambda: 0.0000000000000000
lambda_coupling: 1.0000000000000000
uy: 0.0000000000000000
maximum_displacement: 1.0000000000000000
maximum_rotation: 1.0000000000000000
maximum_volume: 0.0000001000000000
maximum_shape: 0.0000001000000000
maximum_dsigma: 0.0100000000000000
mod: 10
pmod: 10
optimize: 1
verbose: 1
snapshot: 0
display: 1
explore: 1
npt: 0
nptxy: 0
nptdxdy: 0
shape: 0
seed: 231328
3.661911582319 4.111171634146 0.866025403784 0.500000000000
3.258644859120 9.256238777879 0.000000000000 1.000000000000
8.087980126998 17.997744636853 0.866025403784 0.500000000000
2.753397540171 1.870704243362 0.866025403784 0.500000000000
11.448389417048 17.985985413398 0.866025403784 -0.500000000000
-8.653781414882 5.089579933138 0.000000000000 1.000000000000
8.917696955562 1.222491883220 0.000000000000 1.000000000000
2.616560015630 7.191031012214 0.866025403784 -0.500000000000
