#Configurational_file created 2018-09-14 13:47:59  started 2018-09-14 13:47:58 run for 1.0s steps 0
name: gc_286
step: 10000
specie: 10
	particle_diameter: 1.0000000000000000
	interaction_length: 1.2000000000000000
	number_of_patches: 3
	number_of_particles_per_compound: 1
	rod_length: 1.0000000000000000
	interaction_matrix:  1.000000 1.000000 1.000000 1.000000 1.000000 1.000000 1.000000 1.000000 1.000000
	patch_type: symmetric
	patch_width: 8.0000000000000000
	patch_angle: 0.0000000000000000
	angles:  0.000000 0.000000 0.000000
	grand_canonical: 1
	chemical_potential: -1.7586210000000000
box: 10.000000 10.000000
copy: 1.000000 1.000000
epsilon: 0.2586210000000000
end_epsilon: 0.0000000000000000
pressure: 1.0000000000000000
lambda: 0.0000000000000000
lambda_coupling: 1.0000000000000000
uy: 0.0000000000000000
maximum_displacement: 1.0000000000000000
maximum_rotation: 1.0000000000000000
maximum_volume: 0.0000001000000000
maximum_shape: 0.0000001000000000
maximum_dsigma: 0.0100000000000000
mod: 10
pmod: 10
optimize: 1
verbose: 1
snapshot: 0
display: 1
explore: 1
npt: 0
nptxy: 0
nptdxdy: 0
shape: 0
seed: 327973
6.561953974832 14.102854176506 0.000000000000 1.000000000000
2.406325008365 -0.605391594174 0.866025403784 -0.500000000000
-5.880880002734 3.316402173959 0.866025403784 0.500000000000
6.764408619450 2.487468732380 0.866025403784 0.500000000000
11.086248159041 10.349662179153 0.866025403784 -0.500000000000
1.061391510619 8.361566377642 0.866025403784 0.500000000000
15.316235366789 -2.082984511118 0.000000000000 1.000000000000
3.527783629199 6.562422729090 0.000000000000 1.000000000000
-0.891502148160 6.687768004842 0.000000000000 1.000000000000
1.983314647599 8.088923494136 0.000000000000 1.000000000000
