#Configurational_file created 2018-09-14 13:47:14  started 2018-09-14 13:47:13 run for 1.0s steps 0
name: gc_218
step: 10000
specie: 9
	particle_diameter: 1.0000000000000000
	interaction_length: 1.2000000000000000
	number_of_patches: 3
	number_of_particles_per_compound: 1
	rod_length: 1.0000000000000000
	interaction_matrix:  1.000000 1.000000 1.000000 1.000000 1.000000 1.000000 1.000000 1.000000 1.000000
	patch_type: symmetric
	patch_width: 8.0000000000000000
	patch_angle: 0.0000000000000000
	angles:  0.000000 0.000000 0.000000
	grand_canonical: 1
	chemical_potential: -2.0344829999999998
box: 10.000000 10.000000
copy: 1.000000 1.000000
epsilon: 0.1206900000000000
end_epsilon: 0.0000000000000000
pressure: 1.0000000000000000
lambda: 0.0000000000000000
lambda_coupling: 1.0000000000000000
uy: 0.0000000000000000
maximum_displacement: 1.0000000000000000
maximum_rotation: 1.0000000000000000
maximum_volume: 0.0000001000000000
maximum_shape: 0.0000001000000000
maximum_dsigma: 0.0100000000000000
mod: 10
pmod: 10
optimize: 1
verbose: 1
snapshot: 0
display: 1
explore: 1
npt: 0
nptxy: 0
nptdxdy: 0
shape: 0
seed: 250657
14.744925252570 6.914121691364 0.000000000000 1.000000000000
22.209037166270 0.916440359937 0.000000000000 1.000000000000
9.134589853533 5.521973579701 0.000000000000 1.000000000000
9.055938103277 -9.627123744560 0.866025403784 0.500000000000
4.873697891738 4.044850096245 0.866025403784 -0.500000000000
3.380726253272 4.612310448741 0.000000000000 1.000000000000
-1.438152567937 3.484806201992 0.866025403784 -0.500000000000
7.143283258779 3.318741320115 0.866025403784 0.500000000000
0.304429093736 7.886985153476 0.000000000000 1.000000000000
