#Configurational_file created 2018-09-14 12:19:39  started 2018-09-14 12:19:39 run for 0.0s steps 0
name: gc_25
step: 10000
specie: 21
	particle_diameter: 1.0000000000000000
	interaction_length: 1.2000000000000000
	number_of_patches: 3
	number_of_particles_per_compound: 1
	rod_length: 1.0000000000000000
	interaction_matrix:  1.000000 1.000000 1.000000 1.000000 1.000000 1.000000 1.000000 1.000000 1.000000
	patch_type: symmetric
	patch_width: 8.0000000000000000
	patch_angle: 0.0000000000000000
	angles:  0.000000 0.000000 0.000000
	grand_canonical: 1
	chemical_potential: -1.0000000000000000
box: 10.000000 10.000000
copy: 1.000000 1.000000
epsilon: 0.0000010000000000
end_epsilon: 0.0000000000000000
pressure: 1.0000000000000000
lambda: 0.0000000000000000
lambda_coupling: 1.0000000000000000
uy: 0.0000000000000000
maximum_displacement: 1.0000000000000000
maximum_rotation: 1.0000000000000000
maximum_volume: 0.0000001000000000
maximum_shape: 0.0000001000000000
maximum_dsigma: 0.0100000000000000
mod: 10
pmod: 10
optimize: 1
verbose: 1
snapshot: 0
display: 1
explore: 1
npt: 0
nptxy: 0
nptdxdy: 0
shape: 0
seed: 31216
4.355660894148 5.586880552748 0.000000000000 1.000000000000
0.300550841321 -4.368415046955 0.000000000000 1.000000000000
5.311016570870 19.349577583537 0.866025403784 0.500000000000
-1.734560479671 5.577373208512 0.000000000000 1.000000000000
2.173782203023 7.148012373453 0.000000000000 1.000000000000
10.176838587907 -1.076680875814 0.866025403784 -0.500000000000
5.446661361059 10.918232495491 0.000000000000 1.000000000000
-7.035516860790 11.527987302750 0.866025403784 0.500000000000
8.639081859774 11.543461035464 0.000000000000 1.000000000000
14.147910495930 13.790117344493 0.866025403784 -0.500000000000
-0.860681972612 12.133708563535 0.866025403784 -0.500000000000
5.656467305418 3.641372600686 0.866025403784 -0.500000000000
8.850282589013 8.677668347566 0.000000000000 1.000000000000
8.345737588352 7.422490843624 0.866025403784 0.500000000000
3.233449128955 -2.240350041438 0.866025403784 -0.500000000000
7.724078487526 9.067794032521 0.866025403784 0.500000000000
4.313949928855 6.360915023564 0.866025403784 -0.500000000000
11.227633475765 -0.340107879971 0.000000000000 1.000000000000
3.373060785545 2.507977399268 0.866025403784 0.500000000000
0.257102799464 6.273373925478 0.866025403784 -0.500000000000
5.522418858294 2.325388905069 0.000000000000 1.000000000000
