#Configurational_file created 2018-09-14 11:24:22  started 2018-09-14 11:24:21 run for 1.0s steps 0
name: gc_250
step: 10000
specie: 15
	particle_diameter: 1.0000000000000000
	interaction_length: 1.2000000000000000
	number_of_patches: 3
	number_of_particles_per_compound: 1
	rod_length: 1.0000000000000000
	interaction_matrix:  1.000000 1.000000 1.000000 1.000000 1.000000 1.000000 1.000000 1.000000 1.000000
	patch_type: symmetric
	patch_width: 8.0000000000000000
	patch_angle: 0.0000000000000000
	angles:  0.000000 0.000000 0.000000
	grand_canonical: 1
	chemical_potential: -1.5000000000000000
box: 10.000000 10.000000
copy: 1.000000 1.000000
epsilon: 2.0000000000000000
end_epsilon: 0.0000000000000000
pressure: 1.0000000000000000
lambda: 0.0000000000000000
lambda_coupling: 1.0000000000000000
uy: 0.0000000000000000
maximum_displacement: 1.0000000000000000
maximum_rotation: 1.0000000000000000
maximum_volume: 0.0000001000000000
maximum_shape: 0.0000001000000000
maximum_dsigma: 0.0100000000000000
mod: 10
pmod: 10
optimize: 1
verbose: 1
snapshot: 0
display: 1
explore: 1
npt: 0
nptxy: 0
nptdxdy: 0
shape: 0
seed: 287041
1.832304777748 6.802952229514 0.866025403784 0.500000000000
24.644222801313 12.658872290993 0.866025403784 -0.500000000000
6.690041304842 9.670273695114 0.866025403784 -0.500000000000
-0.656512931427 -5.558835383641 0.866025403784 -0.500000000000
1.519277595748 -21.048066931814 0.000000000000 1.000000000000
8.417301728741 7.022709543454 0.866025403784 0.500000000000
-0.774390546580 7.434329324887 0.000000000000 1.000000000000
-1.615203452566 0.305635312468 0.866025403784 -0.500000000000
14.275385824665 8.473884070648 0.866025403784 -0.500000000000
2.274146753658 12.453733167316 0.000000000000 1.000000000000
1.713602803905 4.292925245635 0.000000000000 1.000000000000
5.609054538180 6.213140360708 0.866025403784 0.500000000000
3.193540165885 0.853510781838 0.866025403784 0.500000000000
4.871084241731 6.797523829000 0.866025403784 -0.500000000000
7.920163931408 6.124879318756 0.000000000000 1.000000000000
