#Configurational_file created 2018-09-14 11:24:56  started 2018-09-14 11:24:55 run for 1.0s steps 0
name: gc_295
step: 10000
specie: 15
	particle_diameter: 1.0000000000000000
	interaction_length: 1.2000000000000000
	number_of_patches: 3
	number_of_particles_per_compound: 1
	rod_length: 1.0000000000000000
	interaction_matrix:  1.000000 1.000000 1.000000 1.000000 1.000000 1.000000 1.000000 1.000000 1.000000
	patch_type: symmetric
	patch_width: 8.0000000000000000
	patch_angle: 0.0000000000000000
	angles:  0.000000 0.000000 0.000000
	grand_canonical: 1
	chemical_potential: -1.1666669999999999
box: 10.000000 10.000000
copy: 1.000000 1.000000
epsilon: 1.5833539999999999
end_epsilon: 0.0000000000000000
pressure: 1.0000000000000000
lambda: 0.0000000000000000
lambda_coupling: 1.0000000000000000
uy: 0.0000000000000000
maximum_displacement: 1.0000000000000000
maximum_rotation: 1.0000000000000000
maximum_volume: 0.0000001000000000
maximum_shape: 0.0000001000000000
maximum_dsigma: 0.0100000000000000
mod: 10
pmod: 10
optimize: 1
verbose: 1
snapshot: 0
display: 1
explore: 1
npt: 0
nptxy: 0
nptdxdy: 0
shape: 0
seed: 338206
-2.506820055681 11.073262639876 0.000000000000 1.000000000000
13.310574333235 10.244436723105 0.000000000000 1.000000000000
14.106109801478 12.584904972056 0.866025403784 0.500000000000
10.427275699754 1.789824114909 0.866025403784 0.500000000000
17.447746699587 -3.096588587954 0.866025403784 0.500000000000
-1.353779657763 -0.618744714342 0.000000000000 1.000000000000
-0.225392763211 2.621580954591 0.866025403784 0.500000000000
0.690060364836 2.782850783776 0.866025403784 -0.500000000000
5.504339978544 0.494608335358 0.000000000000 1.000000000000
-4.064592496946 6.143247967154 0.866025403784 -0.500000000000
8.823606526851 6.737466149010 0.866025403784 0.500000000000
5.110789745256 15.372413572441 0.866025403784 -0.500000000000
0.816807992126 7.445254290871 0.866025403784 0.500000000000
9.437832430730 5.269419100721 0.866025403784 -0.500000000000
5.899196702333 -8.512411482312 0.000000000000 1.000000000000
