#Configurational_file created 2018-09-14 11:24:30  started 2018-09-14 11:24:29 run for 1.0s steps 0
name: gc_261
step: 10000
specie: 14
	particle_diameter: 1.0000000000000000
	interaction_length: 1.2000000000000000
	number_of_patches: 3
	number_of_particles_per_compound: 1
	rod_length: 1.0000000000000000
	interaction_matrix:  1.000000 1.000000 1.000000 1.000000 1.000000 1.000000 1.000000 1.000000 1.000000
	patch_type: symmetric
	patch_width: 8.0000000000000000
	patch_angle: 0.0000000000000000
	angles:  0.000000 0.000000 0.000000
	grand_canonical: 1
	chemical_potential: -1.3333330000000001
box: 10.000000 10.000000
copy: 1.000000 1.000000
epsilon: 0.8333920000000000
end_epsilon: 0.0000000000000000
pressure: 1.0000000000000000
lambda: 0.0000000000000000
lambda_coupling: 1.0000000000000000
uy: 0.0000000000000000
maximum_displacement: 1.0000000000000000
maximum_rotation: 1.0000000000000000
maximum_volume: 0.0000001000000000
maximum_shape: 0.0000001000000000
maximum_dsigma: 0.0100000000000000
mod: 10
pmod: 10
optimize: 1
verbose: 1
snapshot: 0
display: 1
explore: 1
npt: 0
nptxy: 0
nptdxdy: 0
shape: 0
seed: 299548
9.618849377530 8.328308240978 0.866025403784 0.500000000000
1.092988432173 27.182369435909 0.866025403784 0.500000000000
1.855158248585 14.324725724038 0.000000000000 1.000000000000
3.193038598303 11.019951598779 0.866025403784 0.500000000000
20.333350670528 0.900835163294 0.866025403784 -0.500000000000
5.128791513047 1.647206188286 0.866025403784 -0.500000000000
9.657169711496 6.868265773906 0.866025403784 0.500000000000
10.933877430147 -4.370268319378 0.000000000000 1.000000000000
0.312928367570 5.490333005300 0.866025403784 -0.500000000000
13.954058286652 5.385059160632 0.866025403784 -0.500000000000
1.852868648645 -2.665722605884 0.866025403784 -0.500000000000
6.346655713466 8.459397613628 0.866025403784 0.500000000000
-0.419805449966 5.150798602868 0.866025403784 0.500000000000
4.089347274883 3.046505952693 0.866025403784 0.500000000000
