#Configurational_file created 2018-09-14 13:48:02  started 2018-09-14 13:48:02 run for 0.0s steps 0
name: gc_291
step: 10000
specie: 13
	particle_diameter: 1.0000000000000000
	interaction_length: 1.2000000000000000
	number_of_patches: 3
	number_of_particles_per_compound: 1
	rod_length: 1.0000000000000000
	interaction_matrix:  1.000000 1.000000 1.000000 1.000000 1.000000 1.000000 1.000000 1.000000 1.000000
	patch_type: symmetric
	patch_width: 8.0000000000000000
	patch_angle: 0.0000000000000000
	angles:  0.000000 0.000000 0.000000
	grand_canonical: 1
	chemical_potential: -1.7586210000000000
box: 10.000000 10.000000
copy: 1.000000 1.000000
epsilon: 0.3448280000000000
end_epsilon: 0.0000000000000000
pressure: 1.0000000000000000
lambda: 0.0000000000000000
lambda_coupling: 1.0000000000000000
uy: 0.0000000000000000
maximum_displacement: 1.0000000000000000
maximum_rotation: 1.0000000000000000
maximum_volume: 0.0000001000000000
maximum_shape: 0.0000001000000000
maximum_dsigma: 0.0100000000000000
mod: 10
pmod: 10
optimize: 1
verbose: 1
snapshot: 0
display: 1
explore: 1
npt: 0
nptxy: 0
nptdxdy: 0
shape: 0
seed: 333658
-2.490482453495 10.359778329047 0.866025403784 -0.500000000000
3.746215062989 5.392956723460 0.866025403784 -0.500000000000
9.460272513913 12.822416965137 0.866025403784 0.500000000000
-1.435829356798 5.773703776173 0.000000000000 1.000000000000
5.261581620463 1.115965076613 0.866025403784 0.500000000000
-1.543660116946 3.427807318774 0.866025403784 0.500000000000
22.936400883381 17.429088125359 0.866025403784 0.500000000000
9.934442938473 16.173689609135 0.866025403784 -0.500000000000
-4.195256687850 -2.465110663210 0.866025403784 0.500000000000
-4.149855420178 15.470102837613 0.000000000000 1.000000000000
-3.494341422288 10.699062368493 0.866025403784 0.500000000000
2.446821216656 3.640988823686 0.866025403784 -0.500000000000
4.766107464333 8.751406745723 0.866025403784 -0.500000000000
