#Configurational_file created 2018-09-14 11:21:55  started 2018-09-14 11:21:55 run for 0.0s steps 0
name: gc_23
step: 10000
specie: 7
	particle_diameter: 1.0000000000000000
	interaction_length: 1.2000000000000000
	number_of_patches: 3
	number_of_particles_per_compound: 1
	rod_length: 1.0000000000000000
	interaction_matrix:  1.000000 1.000000 1.000000 1.000000 1.000000 1.000000 1.000000 1.000000 1.000000
	patch_type: symmetric
	patch_width: 8.0000000000000000
	patch_angle: 0.0000000000000000
	angles:  0.000000 0.000000 0.000000
	grand_canonical: 1
	chemical_potential: -3.0000000000000000
box: 10.000000 10.000000
copy: 1.000000 1.000000
epsilon: 1.8333420000000000
end_epsilon: 0.0000000000000000
pressure: 1.0000000000000000
lambda: 0.0000000000000000
lambda_coupling: 1.0000000000000000
uy: 0.0000000000000000
maximum_displacement: 1.0000000000000000
maximum_rotation: 1.0000000000000000
maximum_volume: 0.0000001000000000
maximum_shape: 0.0000001000000000
maximum_dsigma: 0.0100000000000000
mod: 10
pmod: 10
optimize: 1
verbose: 1
snapshot: 0
display: 1
explore: 1
npt: 0
nptxy: 0
nptdxdy: 0
shape: 0
seed: 28942
12.962974240553 -7.919333569433 0.000000000000 1.000000000000
-4.599048248836 -4.707232370277 0.866025403784 0.500000000000
14.275422886223 -4.999587267851 0.866025403784 0.500000000000
7.248072723546 -9.236682121349 0.000000000000 1.000000000000
-1.530756170924 6.092313866426 0.866025403784 0.500000000000
8.368632689176 7.660264635442 0.866025403784 0.500000000000
1.314847029496 2.385870104702 0.866025403784 -0.500000000000
