#Configurational_file created 2018-09-14 11:24:55  started 2018-09-14 11:24:54 run for 1.0s steps 0
name: gc_294
step: 10000
specie: 13
	particle_diameter: 1.0000000000000000
	interaction_length: 1.2000000000000000
	number_of_patches: 3
	number_of_particles_per_compound: 1
	rod_length: 1.0000000000000000
	interaction_matrix:  1.000000 1.000000 1.000000 1.000000 1.000000 1.000000 1.000000 1.000000 1.000000
	patch_type: symmetric
	patch_width: 8.0000000000000000
	patch_angle: 0.0000000000000000
	angles:  0.000000 0.000000 0.000000
	grand_canonical: 1
	chemical_potential: -1.1666669999999999
box: 10.000000 10.000000
copy: 1.000000 1.000000
epsilon: 1.5000249999999999
end_epsilon: 0.0000000000000000
pressure: 1.0000000000000000
lambda: 0.0000000000000000
lambda_coupling: 1.0000000000000000
uy: 0.0000000000000000
maximum_displacement: 1.0000000000000000
maximum_rotation: 1.0000000000000000
maximum_volume: 0.0000001000000000
maximum_shape: 0.0000001000000000
maximum_dsigma: 0.0100000000000000
mod: 10
pmod: 10
optimize: 1
verbose: 1
snapshot: 0
display: 1
explore: 1
npt: 0
nptxy: 0
nptdxdy: 0
shape: 0
seed: 337069
7.862918560097 11.715777363441 0.000000000000 1.000000000000
16.411283704951 6.998319532368 0.866025403784 -0.500000000000
2.744457962477 3.342401085911 0.866025403784 0.500000000000
1.833886101997 5.814210862300 0.866025403784 -0.500000000000
1.412704528761 1.142809639370 0.866025403784 -0.500000000000
13.868770508822 -18.077422672600 0.866025403784 -0.500000000000
7.840633569213 -2.732519643463 0.866025403784 0.500000000000
9.532331426625 6.812689473734 0.000000000000 1.000000000000
0.213789488412 -8.786920252332 0.866025403784 -0.500000000000
2.212845983531 9.933931430073 0.866025403784 -0.500000000000
9.599624208203 -20.106111021812 0.866025403784 -0.500000000000
14.471740170596 5.584198233378 0.000000000000 1.000000000000
3.189289341528 0.512040910607 0.866025403784 -0.500000000000
