#Configurational_file created 2018-09-14 13:47:36  started 2018-09-14 13:47:35 run for 1.0s steps 0
name: gc_251
step: 10000
specie: 11
	particle_diameter: 1.0000000000000000
	interaction_length: 1.2000000000000000
	number_of_patches: 3
	number_of_particles_per_compound: 1
	rod_length: 1.0000000000000000
	interaction_matrix:  1.000000 1.000000 1.000000 1.000000 1.000000 1.000000 1.000000 1.000000 1.000000
	patch_type: symmetric
	patch_width: 8.0000000000000000
	patch_angle: 0.0000000000000000
	angles:  0.000000 0.000000 0.000000
	grand_canonical: 1
	chemical_potential: -1.8965520000000000
box: 10.000000 10.000000
copy: 1.000000 1.000000
epsilon: 0.1724140000000000
end_epsilon: 0.0000000000000000
pressure: 1.0000000000000000
lambda: 0.0000000000000000
lambda_coupling: 1.0000000000000000
uy: 0.0000000000000000
maximum_displacement: 1.0000000000000000
maximum_rotation: 1.0000000000000000
maximum_volume: 0.0000001000000000
maximum_shape: 0.0000001000000000
maximum_dsigma: 0.0100000000000000
mod: 10
pmod: 10
optimize: 1
verbose: 1
snapshot: 0
display: 1
explore: 1
npt: 0
nptxy: 0
nptdxdy: 0
shape: 0
seed: 288178
-5.459044100546 12.016837115452 0.866025403784 0.500000000000
16.225774322720 9.360023777089 0.000000000000 1.000000000000
-3.547931835886 1.368662958242 0.866025403784 0.500000000000
-3.831220069025 6.581506061192 0.866025403784 0.500000000000
2.331669375018 12.205261529505 0.866025403784 0.500000000000
1.182457129894 15.105545720178 0.866025403784 0.500000000000
7.997439140924 5.584276553650 0.866025403784 0.500000000000
8.973018166896 12.984531584829 0.866025403784 0.500000000000
-0.844386912717 -2.918579809698 0.866025403784 -0.500000000000
2.820782249522 -2.745681819097 0.866025403784 -0.500000000000
4.330059483012 4.706157893935 0.866025403784 0.500000000000
