#Configurational_file created 2018-09-14 11:24:26  started 2018-09-14 11:24:25 run for 1.0s steps 0
name: gc_255
step: 10000
specie: 19
	particle_diameter: 1.0000000000000000
	interaction_length: 1.2000000000000000
	number_of_patches: 3
	number_of_particles_per_compound: 1
	rod_length: 1.0000000000000000
	interaction_matrix:  1.000000 1.000000 1.000000 1.000000 1.000000 1.000000 1.000000 1.000000 1.000000
	patch_type: symmetric
	patch_width: 8.0000000000000000
	patch_angle: 0.0000000000000000
	angles:  0.000000 0.000000 0.000000
	grand_canonical: 1
	chemical_potential: -1.3333330000000001
box: 10.000000 10.000000
copy: 1.000000 1.000000
epsilon: 0.3334170000000000
end_epsilon: 0.0000000000000000
pressure: 1.0000000000000000
lambda: 0.0000000000000000
lambda_coupling: 1.0000000000000000
uy: 0.0000000000000000
maximum_displacement: 1.0000000000000000
maximum_rotation: 1.0000000000000000
maximum_volume: 0.0000001000000000
maximum_shape: 0.0000001000000000
maximum_dsigma: 0.0100000000000000
mod: 10
pmod: 10
optimize: 1
verbose: 1
snapshot: 0
display: 1
explore: 1
npt: 0
nptxy: 0
nptdxdy: 0
shape: 0
seed: 292726
1.399567237276 18.944082507316 0.866025403784 0.500000000000
13.500217726977 1.172036365521 0.000000000000 1.000000000000
10.993398472030 -0.591933847758 0.866025403784 -0.500000000000
1.834293250568 6.102449145247 0.000000000000 1.000000000000
5.951962027177 8.469121503729 0.000000000000 1.000000000000
6.190653837631 11.499526354773 0.000000000000 1.000000000000
-0.082180784998 3.717633499732 0.866025403784 0.500000000000
-35.914777144689 12.668278907444 0.866025403784 -0.500000000000
0.792685594045 2.099095696462 0.866025403784 -0.500000000000
-0.549945366519 -4.053258774431 0.866025403784 0.500000000000
8.372300077834 -1.612951980088 0.866025403784 -0.500000000000
1.155075636427 -4.315715444383 0.866025403784 -0.500000000000
11.708158955375 3.487511148387 0.866025403784 -0.500000000000
9.881539572622 -1.401328465477 0.000000000000 1.000000000000
13.832826154117 9.255161268203 0.000000000000 1.000000000000
9.810679721084 0.437005237977 0.866025403784 -0.500000000000
5.137339530582 3.512577363878 0.866025403784 -0.500000000000
8.774162269983 0.101835635458 0.866025403784 0.500000000000
1.982369039328 1.047177793757 0.000000000000 1.000000000000
