#Configurational_file created 2018-09-14 13:47:53  started 2018-09-14 13:47:53 run for 0.0s steps 0
name: gc_278
step: 10000
specie: 11
	particle_diameter: 1.0000000000000000
	interaction_length: 1.2000000000000000
	number_of_patches: 3
	number_of_particles_per_compound: 1
	rod_length: 1.0000000000000000
	interaction_matrix:  1.000000 1.000000 1.000000 1.000000 1.000000 1.000000 1.000000 1.000000 1.000000
	patch_type: symmetric
	patch_width: 8.0000000000000000
	patch_angle: 0.0000000000000000
	angles:  0.000000 0.000000 0.000000
	grand_canonical: 1
	chemical_potential: -1.7586210000000000
box: 10.000000 10.000000
copy: 1.000000 1.000000
epsilon: 0.1206900000000000
end_epsilon: 0.0000000000000000
pressure: 1.0000000000000000
lambda: 0.0000000000000000
lambda_coupling: 1.0000000000000000
uy: 0.0000000000000000
maximum_displacement: 1.0000000000000000
maximum_rotation: 1.0000000000000000
maximum_volume: 0.0000001000000000
maximum_shape: 0.0000001000000000
maximum_dsigma: 0.0100000000000000
mod: 10
pmod: 10
optimize: 1
verbose: 1
snapshot: 0
display: 1
explore: 1
npt: 0
nptxy: 0
nptdxdy: 0
shape: 0
seed: 318877
7.199458491120 -0.471257969902 0.000000000000 1.000000000000
3.339866443226 10.184110298883 0.866025403784 -0.500000000000
-28.943938250940 -16.406228033743 0.866025403784 -0.500000000000
9.441500456867 8.669230658660 0.866025403784 -0.500000000000
-2.105755375563 7.404622905749 0.000000000000 1.000000000000
-5.024217981132 10.037573026802 0.866025403784 0.500000000000
3.658443975076 4.009938466717 0.866025403784 0.500000000000
12.314527251920 6.999481769126 0.000000000000 1.000000000000
11.148176691843 21.243748426254 0.866025403784 0.500000000000
-0.977705070571 22.298110990057 0.866025403784 -0.500000000000
6.036875651197 8.686865932716 0.866025403784 -0.500000000000
