#Configurational_file created 2018-09-14 11:24:56  started 2018-09-14 11:24:56 run for 0.0s steps 0
name: gc_296
step: 10000
specie: 17
	particle_diameter: 1.0000000000000000
	interaction_length: 1.2000000000000000
	number_of_patches: 3
	number_of_particles_per_compound: 1
	rod_length: 1.0000000000000000
	interaction_matrix:  1.000000 1.000000 1.000000 1.000000 1.000000 1.000000 1.000000 1.000000 1.000000
	patch_type: symmetric
	patch_width: 8.0000000000000000
	patch_angle: 0.0000000000000000
	angles:  0.000000 0.000000 0.000000
	grand_canonical: 1
	chemical_potential: -1.1666669999999999
box: 10.000000 10.000000
copy: 1.000000 1.000000
epsilon: 1.6666829999999999
end_epsilon: 0.0000000000000000
pressure: 1.0000000000000000
lambda: 0.0000000000000000
lambda_coupling: 1.0000000000000000
uy: 0.0000000000000000
maximum_displacement: 1.0000000000000000
maximum_rotation: 1.0000000000000000
maximum_volume: 0.0000001000000000
maximum_shape: 0.0000001000000000
maximum_dsigma: 0.0100000000000000
mod: 10
pmod: 10
optimize: 1
verbose: 1
snapshot: 0
display: 1
explore: 1
npt: 0
nptxy: 0
nptdxdy: 0
shape: 0
seed: 339343
15.577209703734 6.471258474858 0.000000000000 1.000000000000
2.164176886914 -11.871753091361 0.000000000000 1.000000000000
6.279369616395 2.697276175264 0.866025403784 0.500000000000
8.674559317618 9.313794876857 0.866025403784 -0.500000000000
7.764988627248 8.552925071493 0.866025403784 0.500000000000
-6.021284414901 9.828763196892 0.866025403784 -0.500000000000
-9.739252555954 16.543244564310 0.866025403784 0.500000000000
12.558966597479 21.233902279071 0.000000000000 1.000000000000
4.890338316212 8.181092000394 0.000000000000 1.000000000000
11.044303009305 3.164564671178 0.866025403784 0.500000000000
10.064012436987 12.098656600722 0.866025403784 -0.500000000000
-0.777019492429 3.377258383098 0.866025403784 0.500000000000
-12.460683232785 2.221757289136 0.000000000000 1.000000000000
3.741339872844 11.915342338508 0.000000000000 1.000000000000
19.031040866028 21.861727829635 0.866025403784 0.500000000000
6.952644028849 0.893099526802 0.000000000000 1.000000000000
3.056978154128 3.827242094378 0.866025403784 -0.500000000000
