#Configurational_file created 2018-09-14 11:51:59  started 2018-09-14 11:51:58 run for 1.0s steps 0
name: gc_246
step: 10000
specie: 17
	particle_diameter: 1.0000000000000000
	interaction_length: 1.2000000000000000
	number_of_patches: 3
	number_of_particles_per_compound: 1
	rod_length: 1.0000000000000000
	interaction_matrix:  1.000000 1.000000 1.000000 1.000000 1.000000 1.000000 1.000000 1.000000 1.000000
	patch_type: symmetric
	patch_width: 8.0000000000000000
	patch_angle: 0.0000000000000000
	angles:  0.000000 0.000000 0.000000
	grand_canonical: 1
	chemical_potential: -1.5000000000000000
box: 10.000000 10.000000
copy: 1.000000 1.000000
epsilon: 0.0833340000000000
end_epsilon: 0.0000000000000000
pressure: 1.0000000000000000
lambda: 0.0000000000000000
lambda_coupling: 1.0000000000000000
uy: 0.0000000000000000
maximum_displacement: 1.0000000000000000
maximum_rotation: 1.0000000000000000
maximum_volume: 0.0000001000000000
maximum_shape: 0.0000001000000000
maximum_dsigma: 0.0100000000000000
mod: 10
pmod: 10
optimize: 1
verbose: 1
snapshot: 0
display: 1
explore: 1
npt: 0
nptxy: 0
nptdxdy: 0
shape: 0
seed: 282493
3.400288247149 -0.432322199252 0.866025403784 -0.500000000000
11.818678751979 3.488918257760 0.866025403784 -0.500000000000
-4.141001926444 3.671117109852 0.000000000000 1.000000000000
15.152731338001 11.660889562573 0.000000000000 1.000000000000
19.356825905618 -13.892120873031 0.866025403784 -0.500000000000
9.345156816899 -2.119137204631 0.866025403784 -0.500000000000
-7.840355594054 5.864907231399 0.866025403784 0.500000000000
8.824875456239 3.792721391802 0.866025403784 0.500000000000
14.213295639975 0.448970481394 0.866025403784 -0.500000000000
12.131859925954 13.035267096615 0.866025403784 0.500000000000
5.413240804644 5.438527536724 0.866025403784 0.500000000000
8.696009609200 5.393442837651 0.866025403784 0.500000000000
27.507948718415 -5.056310764178 0.866025403784 -0.500000000000
14.557709165401 7.324538044371 0.000000000000 1.000000000000
5.265009255848 -0.967138242197 0.866025403784 0.500000000000
12.426830416393 1.715905702359 0.866025403784 0.500000000000
3.060284201760 5.409836292210 0.866025403784 0.500000000000
