#Configurational_file created 2018-09-14 11:51:37  started 2018-09-14 11:51:36 run for 1.0s steps 0
name: gc_215
step: 10000
specie: 9
	particle_diameter: 1.0000000000000000
	interaction_length: 1.2000000000000000
	number_of_patches: 3
	number_of_particles_per_compound: 1
	rod_length: 1.0000000000000000
	interaction_matrix:  1.000000 1.000000 1.000000 1.000000 1.000000 1.000000 1.000000 1.000000 1.000000
	patch_type: symmetric
	patch_width: 8.0000000000000000
	patch_angle: 0.0000000000000000
	angles:  0.000000 0.000000 0.000000
	grand_canonical: 1
	chemical_potential: -1.6666669999999999
box: 10.000000 10.000000
copy: 1.000000 1.000000
epsilon: 0.0583340000000000
end_epsilon: 0.0000000000000000
pressure: 1.0000000000000000
lambda: 0.0000000000000000
lambda_coupling: 1.0000000000000000
uy: 0.0000000000000000
maximum_displacement: 1.0000000000000000
maximum_rotation: 1.0000000000000000
maximum_volume: 0.0000001000000000
maximum_shape: 0.0000001000000000
maximum_dsigma: 0.0100000000000000
mod: 10
pmod: 10
optimize: 1
verbose: 1
snapshot: 0
display: 1
explore: 1
npt: 0
nptxy: 0
nptdxdy: 0
shape: 0
seed: 247246
-1.359144045167 6.286193743074 0.866025403784 -0.500000000000
-0.661530759164 1.097489101088 0.866025403784 0.500000000000
11.460664186720 -0.432067715195 0.866025403784 -0.500000000000
12.726932729645 16.191462721268 0.866025403784 -0.500000000000
13.914097760302 4.784892151468 0.866025403784 0.500000000000
14.914900401013 -4.200655262438 0.000000000000 1.000000000000
9.302750039793 7.043153895136 0.000000000000 1.000000000000
6.514840611518 -5.885474803889 0.000000000000 1.000000000000
4.616618755500 6.195490695769 0.866025403784 -0.500000000000
