#Configurational_file created 2018-09-14 11:23:54  started 2018-09-14 11:23:54 run for 0.0s steps 0
name: gc_211
step: 10000
specie: 15
	particle_diameter: 1.0000000000000000
	interaction_length: 1.2000000000000000
	number_of_patches: 3
	number_of_particles_per_compound: 1
	rod_length: 1.0000000000000000
	interaction_matrix:  1.000000 1.000000 1.000000 1.000000 1.000000 1.000000 1.000000 1.000000 1.000000
	patch_type: symmetric
	patch_width: 8.0000000000000000
	patch_angle: 0.0000000000000000
	angles:  0.000000 0.000000 0.000000
	grand_canonical: 1
	chemical_potential: -1.6666669999999999
box: 10.000000 10.000000
copy: 1.000000 1.000000
epsilon: 0.8333920000000000
end_epsilon: 0.0000000000000000
pressure: 1.0000000000000000
lambda: 0.0000000000000000
lambda_coupling: 1.0000000000000000
uy: 0.0000000000000000
maximum_displacement: 1.0000000000000000
maximum_rotation: 1.0000000000000000
maximum_volume: 0.0000001000000000
maximum_shape: 0.0000001000000000
maximum_dsigma: 0.0100000000000000
mod: 10
pmod: 10
optimize: 1
verbose: 1
snapshot: 0
display: 1
explore: 1
npt: 0
nptxy: 0
nptdxdy: 0
shape: 0
seed: 242698
8.290905281755 -0.858718109329 0.000000000000 1.000000000000
12.064287396585 -12.382283946604 0.000000000000 1.000000000000
-1.233026813608 7.647000097588 0.866025403784 0.500000000000
19.729876085968 6.864680849295 0.866025403784 -0.500000000000
4.276859482188 5.168328404301 0.866025403784 0.500000000000
-3.039007463027 6.875131797418 0.866025403784 0.500000000000
3.782992210076 9.076903957184 0.866025403784 -0.500000000000
23.095226202221 13.440114512705 0.000000000000 1.000000000000
1.857102718279 11.420103978406 0.866025403784 0.500000000000
8.312020056451 3.864061641474 0.000000000000 1.000000000000
12.357329170896 10.160082026178 0.000000000000 1.000000000000
10.537917307261 2.143889497735 0.000000000000 1.000000000000
13.814815007630 6.550721155194 0.866025403784 -0.500000000000
0.568256582305 -1.368113706946 0.866025403784 -0.500000000000
4.870266346468 0.192609911303 0.000000000000 1.000000000000
