#Configurational_file created 2018-09-14 11:23:57  started 2018-09-14 11:23:57 run for 0.0s steps 0
name: gc_215
step: 10000
specie: 14
	particle_diameter: 1.0000000000000000
	interaction_length: 1.2000000000000000
	number_of_patches: 3
	number_of_particles_per_compound: 1
	rod_length: 1.0000000000000000
	interaction_matrix:  1.000000 1.000000 1.000000 1.000000 1.000000 1.000000 1.000000 1.000000 1.000000
	patch_type: symmetric
	patch_width: 8.0000000000000000
	patch_angle: 0.0000000000000000
	angles:  0.000000 0.000000 0.000000
	grand_canonical: 1
	chemical_potential: -1.6666669999999999
box: 10.000000 10.000000
copy: 1.000000 1.000000
epsilon: 1.1667080000000001
end_epsilon: 0.0000000000000000
pressure: 1.0000000000000000
lambda: 0.0000000000000000
lambda_coupling: 1.0000000000000000
uy: 0.0000000000000000
maximum_displacement: 1.0000000000000000
maximum_rotation: 1.0000000000000000
maximum_volume: 0.0000001000000000
maximum_shape: 0.0000001000000000
maximum_dsigma: 0.0100000000000000
mod: 10
pmod: 10
optimize: 1
verbose: 1
snapshot: 0
display: 1
explore: 1
npt: 0
nptxy: 0
nptdxdy: 0
shape: 0
seed: 247246
12.541547412486 5.916372767300 0.000000000000 1.000000000000
5.440530247709 -1.305517338314 0.866025403784 0.500000000000
5.995677329897 4.413315311267 0.866025403784 -0.500000000000
1.085751071785 0.018095321163 0.866025403784 -0.500000000000
-7.443873050550 8.644029614858 0.866025403784 -0.500000000000
6.773065930141 29.308978789301 0.866025403784 0.500000000000
-1.451399743584 -6.252535063415 0.000000000000 1.000000000000
3.810797525625 0.778131824696 0.866025403784 0.500000000000
9.775093691850 4.798293586186 0.000000000000 1.000000000000
3.700412337166 3.692287733725 0.866025403784 0.500000000000
8.201573532707 6.140515980163 0.866025403784 0.500000000000
-1.320314259935 -7.571186064582 0.866025403784 0.500000000000
3.161450165724 7.290446057608 0.866025403784 -0.500000000000
0.699655460624 6.741388259858 0.866025403784 -0.500000000000
