#Configurational_file created 2018-09-14 11:52:25  started 2018-09-14 11:52:24 run for 1.0s steps 0
name: gc_281
step: 10000
specie: 11
	particle_diameter: 1.0000000000000000
	interaction_length: 1.2000000000000000
	number_of_patches: 3
	number_of_particles_per_compound: 1
	rod_length: 1.0000000000000000
	interaction_matrix:  1.000000 1.000000 1.000000 1.000000 1.000000 1.000000 1.000000 1.000000 1.000000
	patch_type: symmetric
	patch_width: 8.0000000000000000
	patch_angle: 0.0000000000000000
	angles:  0.000000 0.000000 0.000000
	grand_canonical: 1
	chemical_potential: -1.1666669999999999
box: 10.000000 10.000000
copy: 1.000000 1.000000
epsilon: 0.0208340000000000
end_epsilon: 0.0000000000000000
pressure: 1.0000000000000000
lambda: 0.0000000000000000
lambda_coupling: 1.0000000000000000
uy: 0.0000000000000000
maximum_displacement: 1.0000000000000000
maximum_rotation: 1.0000000000000000
maximum_volume: 0.0000001000000000
maximum_shape: 0.0000001000000000
maximum_dsigma: 0.0100000000000000
mod: 10
pmod: 10
optimize: 1
verbose: 1
snapshot: 0
display: 1
explore: 1
npt: 0
nptxy: 0
nptdxdy: 0
shape: 0
seed: 322288
7.164436690321 1.914585547090 0.866025403784 0.500000000000
1.638293025580 2.247429741946 0.866025403784 -0.500000000000
-6.941613118847 3.687830407460 0.866025403784 0.500000000000
-1.655854906747 8.563834301402 0.866025403784 -0.500000000000
6.226920775597 8.096262606926 0.000000000000 1.000000000000
7.345050310532 -3.654023023814 0.866025403784 -0.500000000000
0.290189929736 4.253733381748 0.000000000000 1.000000000000
15.445184978689 9.791562558235 0.866025403784 0.500000000000
5.917009797658 -6.286752619115 0.000000000000 1.000000000000
9.615541679017 7.317408825350 0.866025403784 0.500000000000
5.255104418219 -1.172663703679 0.000000000000 1.000000000000
