#Configurational_file created 2018-09-14 11:52:08  started 2018-09-14 11:52:08 run for 0.0s steps 0
name: gc_259
step: 10000
specie: 16
	particle_diameter: 1.0000000000000000
	interaction_length: 1.2000000000000000
	number_of_patches: 3
	number_of_particles_per_compound: 1
	rod_length: 1.0000000000000000
	interaction_matrix:  1.000000 1.000000 1.000000 1.000000 1.000000 1.000000 1.000000 1.000000 1.000000
	patch_type: symmetric
	patch_width: 8.0000000000000000
	patch_angle: 0.0000000000000000
	angles:  0.000000 0.000000 0.000000
	grand_canonical: 1
	chemical_potential: -1.3333330000000001
box: 10.000000 10.000000
copy: 1.000000 1.000000
epsilon: 0.0333340000000000
end_epsilon: 0.0000000000000000
pressure: 1.0000000000000000
lambda: 0.0000000000000000
lambda_coupling: 1.0000000000000000
uy: 0.0000000000000000
maximum_displacement: 1.0000000000000000
maximum_rotation: 1.0000000000000000
maximum_volume: 0.0000001000000000
maximum_shape: 0.0000001000000000
maximum_dsigma: 0.0100000000000000
mod: 10
pmod: 10
optimize: 1
verbose: 1
snapshot: 0
display: 1
explore: 1
npt: 0
nptxy: 0
nptdxdy: 0
shape: 0
seed: 297274
7.010137659837 -0.522422595383 0.000000000000 1.000000000000
16.156793000586 4.216944286830 0.000000000000 1.000000000000
-1.842222647947 8.095328534871 0.000000000000 1.000000000000
10.351774034610 4.170960799132 0.000000000000 1.000000000000
8.774753739501 13.319022831427 0.866025403784 0.500000000000
12.909353245300 9.122681028734 0.866025403784 -0.500000000000
0.890219194996 -15.403020333744 0.866025403784 -0.500000000000
1.083094821030 9.932775006934 0.000000000000 1.000000000000
15.990282409160 1.305880995573 0.866025403784 -0.500000000000
7.836231960012 -5.048071352258 0.866025403784 0.500000000000
13.736905177403 6.731259945773 0.866025403784 -0.500000000000
4.340525261610 4.734358904631 0.866025403784 -0.500000000000
-5.938094598267 -13.753597513815 0.866025403784 0.500000000000
10.560578145785 12.087482509614 0.866025403784 0.500000000000
2.625915599687 11.357608001739 0.866025403784 0.500000000000
0.521630076321 9.562111605868 0.866025403784 0.500000000000
