#Configurational_file created 2018-09-14 11:23:48  started 2018-09-14 11:23:47 run for 1.0s steps 0
name: gc_201
step: 10000
specie: 13
	particle_diameter: 1.0000000000000000
	interaction_length: 1.2000000000000000
	number_of_patches: 3
	number_of_particles_per_compound: 1
	rod_length: 1.0000000000000000
	interaction_matrix:  1.000000 1.000000 1.000000 1.000000 1.000000 1.000000 1.000000 1.000000 1.000000
	patch_type: symmetric
	patch_width: 8.0000000000000000
	patch_angle: 0.0000000000000000
	angles:  0.000000 0.000000 0.000000
	grand_canonical: 1
	chemical_potential: -1.6666669999999999
box: 10.000000 10.000000
copy: 1.000000 1.000000
epsilon: 0.0001000000000000
end_epsilon: 0.0000000000000000
pressure: 1.0000000000000000
lambda: 0.0000000000000000
lambda_coupling: 1.0000000000000000
uy: 0.0000000000000000
maximum_displacement: 1.0000000000000000
maximum_rotation: 1.0000000000000000
maximum_volume: 0.0000001000000000
maximum_shape: 0.0000001000000000
maximum_dsigma: 0.0100000000000000
mod: 10
pmod: 10
optimize: 1
verbose: 1
snapshot: 0
display: 1
explore: 1
npt: 0
nptxy: 0
nptdxdy: 0
shape: 0
seed: 231328
13.679569373327 8.165882200917 0.866025403784 0.500000000000
2.980536289422 7.304837130296 0.866025403784 0.500000000000
8.554459803605 4.497374477139 0.866025403784 -0.500000000000
0.933251257428 -26.863023491238 0.866025403784 0.500000000000
2.301565915954 0.086659322883 0.866025403784 -0.500000000000
30.261726123386 5.082312128304 0.000000000000 1.000000000000
-0.168989855459 0.188290629226 0.866025403784 -0.500000000000
3.083985120454 9.090183746657 0.866025403784 0.500000000000
14.958954325016 20.587958321974 0.866025403784 0.500000000000
9.245160005329 19.278555746593 0.866025403784 0.500000000000
7.660517773267 4.234943020853 0.000000000000 1.000000000000
-0.437903179538 7.990869858287 0.000000000000 1.000000000000
7.199709066885 4.832997877989 0.866025403784 -0.500000000000
