#Configurational_file created 2018-09-14 11:24:08  started 2018-09-14 11:24:07 run for 1.0s steps 0
name: gc_230
step: 10000
specie: 11
	particle_diameter: 1.0000000000000000
	interaction_length: 1.2000000000000000
	number_of_patches: 3
	number_of_particles_per_compound: 1
	rod_length: 1.0000000000000000
	interaction_matrix:  1.000000 1.000000 1.000000 1.000000 1.000000 1.000000 1.000000 1.000000 1.000000
	patch_type: symmetric
	patch_width: 8.0000000000000000
	patch_angle: 0.0000000000000000
	angles:  0.000000 0.000000 0.000000
	grand_canonical: 1
	chemical_potential: -1.5000000000000000
box: 10.000000 10.000000
copy: 1.000000 1.000000
epsilon: 0.3334170000000000
end_epsilon: 0.0000000000000000
pressure: 1.0000000000000000
lambda: 0.0000000000000000
lambda_coupling: 1.0000000000000000
uy: 0.0000000000000000
maximum_displacement: 1.0000000000000000
maximum_rotation: 1.0000000000000000
maximum_volume: 0.0000001000000000
maximum_shape: 0.0000001000000000
maximum_dsigma: 0.0100000000000000
mod: 10
pmod: 10
optimize: 1
verbose: 1
snapshot: 0
display: 1
explore: 1
npt: 0
nptxy: 0
nptdxdy: 0
shape: 0
seed: 264301
25.519275572165 -2.569463842988 0.866025403784 -0.500000000000
1.655966039385 -1.940050619604 0.000000000000 1.000000000000
9.340168155258 2.147743215863 0.000000000000 1.000000000000
3.498182087950 -4.216053764247 0.866025403784 -0.500000000000
3.853129801553 1.382604563330 0.000000000000 1.000000000000
6.263214759018 1.622020748396 0.866025403784 0.500000000000
10.182082541720 -1.343624682079 0.866025403784 -0.500000000000
20.137190074892 15.775704657264 0.866025403784 0.500000000000
7.303823709826 7.888879098155 0.866025403784 -0.500000000000
4.237765146641 3.609434201543 0.866025403784 -0.500000000000
6.227959618365 -4.121495227444 0.866025403784 -0.500000000000
