#Configurational_file created 2018-09-14 11:52:10  started 2018-09-14 11:52:09 run for 1.0s steps 0
name: gc_261
step: 10000
specie: 13
	particle_diameter: 1.0000000000000000
	interaction_length: 1.2000000000000000
	number_of_patches: 3
	number_of_particles_per_compound: 1
	rod_length: 1.0000000000000000
	interaction_matrix:  1.000000 1.000000 1.000000 1.000000 1.000000 1.000000 1.000000 1.000000 1.000000
	patch_type: symmetric
	patch_width: 8.0000000000000000
	patch_angle: 0.0000000000000000
	angles:  0.000000 0.000000 0.000000
	grand_canonical: 1
	chemical_potential: -1.3333330000000001
box: 10.000000 10.000000
copy: 1.000000 1.000000
epsilon: 0.0416670000000000
end_epsilon: 0.0000000000000000
pressure: 1.0000000000000000
lambda: 0.0000000000000000
lambda_coupling: 1.0000000000000000
uy: 0.0000000000000000
maximum_displacement: 1.0000000000000000
maximum_rotation: 1.0000000000000000
maximum_volume: 0.0000001000000000
maximum_shape: 0.0000001000000000
maximum_dsigma: 0.0100000000000000
mod: 10
pmod: 10
optimize: 1
verbose: 1
snapshot: 0
display: 1
explore: 1
npt: 0
nptxy: 0
nptdxdy: 0
shape: 0
seed: 299548
-1.905806358457 8.514032728146 0.866025403784 0.500000000000
6.138426174367 13.169360568406 0.866025403784 -0.500000000000
16.708360463386 5.425652366438 0.866025403784 -0.500000000000
7.597041348028 -2.544508463849 0.000000000000 1.000000000000
15.576990593246 0.457480860948 0.000000000000 1.000000000000
0.398173041195 -7.967189900132 0.000000000000 1.000000000000
-7.181438828283 12.932100146483 0.866025403784 0.500000000000
2.024302089991 5.191311576524 0.866025403784 0.500000000000
9.269176458474 6.347188749737 0.000000000000 1.000000000000
10.462669379702 8.941990499548 0.866025403784 -0.500000000000
5.434559732946 11.955566118058 0.866025403784 -0.500000000000
-5.517312647830 12.036667449595 0.866025403784 0.500000000000
7.686246581854 11.581294561210 0.866025403784 -0.500000000000
