#Configurational_file created 2018-09-14 11:52:19  started 2018-09-14 11:52:18 run for 1.0s steps 0
name: gc_273
step: 10000
specie: 20
	particle_diameter: 1.0000000000000000
	interaction_length: 1.2000000000000000
	number_of_patches: 3
	number_of_particles_per_compound: 1
	rod_length: 1.0000000000000000
	interaction_matrix:  1.000000 1.000000 1.000000 1.000000 1.000000 1.000000 1.000000 1.000000 1.000000
	patch_type: symmetric
	patch_width: 8.0000000000000000
	patch_angle: 0.0000000000000000
	angles:  0.000000 0.000000 0.000000
	grand_canonical: 1
	chemical_potential: -1.3333330000000001
box: 10.000000 10.000000
copy: 1.000000 1.000000
epsilon: 0.0916670000000000
end_epsilon: 0.0000000000000000
pressure: 1.0000000000000000
lambda: 0.0000000000000000
lambda_coupling: 1.0000000000000000
uy: 0.0000000000000000
maximum_displacement: 1.0000000000000000
maximum_rotation: 1.0000000000000000
maximum_volume: 0.0000001000000000
maximum_shape: 0.0000001000000000
maximum_dsigma: 0.0100000000000000
mod: 10
pmod: 10
optimize: 1
verbose: 1
snapshot: 0
display: 1
explore: 1
npt: 0
nptxy: 0
nptdxdy: 0
shape: 0
seed: 313192
7.727589898035 24.097700655495 0.866025403784 -0.500000000000
-0.566167581120 7.966797538960 0.000000000000 1.000000000000
8.045776025383 -1.312740951729 0.866025403784 -0.500000000000
10.471115154633 11.834412020493 0.000000000000 1.000000000000
-4.218669574935 1.438263083209 0.866025403784 0.500000000000
13.772073134025 5.189191549021 0.866025403784 0.500000000000
5.610406150278 -3.309687772200 0.866025403784 0.500000000000
9.102069771589 -6.943481503597 0.000000000000 1.000000000000
6.329943750946 2.566308979473 0.866025403784 -0.500000000000
1.975877171278 5.709647349304 0.866025403784 0.500000000000
-7.527416325699 4.657895770933 0.000000000000 1.000000000000
1.329014980811 7.768616952005 0.866025403784 0.500000000000
9.009826268555 8.720818397319 0.866025403784 0.500000000000
2.610324796960 6.695644186199 0.866025403784 -0.500000000000
-0.533908406550 11.118458307543 0.866025403784 -0.500000000000
5.039060582216 4.254119178615 0.000000000000 1.000000000000
0.218774770598 4.226497574090 0.866025403784 -0.500000000000
11.455576639856 4.814864335875 0.866025403784 0.500000000000
2.474026177174 0.734140128643 0.866025403784 0.500000000000
2.943203960666 3.534018454567 0.000000000000 1.000000000000
