#Configurational_file created 2018-09-14 11:24:49  started 2018-09-14 11:24:49 run for 0.0s steps 0
name: gc_287
step: 10000
specie: 18
	particle_diameter: 1.0000000000000000
	interaction_length: 1.2000000000000000
	number_of_patches: 3
	number_of_particles_per_compound: 1
	rod_length: 1.0000000000000000
	interaction_matrix:  1.000000 1.000000 1.000000 1.000000 1.000000 1.000000 1.000000 1.000000 1.000000
	patch_type: symmetric
	patch_width: 8.0000000000000000
	patch_angle: 0.0000000000000000
	angles:  0.000000 0.000000 0.000000
	grand_canonical: 1
	chemical_potential: -1.1666669999999999
box: 10.000000 10.000000
copy: 1.000000 1.000000
epsilon: 0.9167210000000000
end_epsilon: 0.0000000000000000
pressure: 1.0000000000000000
lambda: 0.0000000000000000
lambda_coupling: 1.0000000000000000
uy: 0.0000000000000000
maximum_displacement: 1.0000000000000000
maximum_rotation: 1.0000000000000000
maximum_volume: 0.0000001000000000
maximum_shape: 0.0000001000000000
maximum_dsigma: 0.0100000000000000
mod: 10
pmod: 10
optimize: 1
verbose: 1
snapshot: 0
display: 1
explore: 1
npt: 0
nptxy: 0
nptdxdy: 0
shape: 0
seed: 329110
-3.890762557491 11.121156865272 0.866025403784 -0.500000000000
17.693664646114 6.563123829506 0.000000000000 1.000000000000
5.482242088669 17.538790056939 0.866025403784 -0.500000000000
18.882395911104 12.825081709202 0.000000000000 1.000000000000
6.556769206432 2.530176572494 0.000000000000 1.000000000000
-19.772495997484 -8.062833096461 0.000000000000 1.000000000000
3.233166401742 0.605442722966 0.000000000000 1.000000000000
19.510939515522 8.184520241597 0.000000000000 1.000000000000
4.286296745344 3.832999709248 0.866025403784 -0.500000000000
9.298259857552 9.823994008936 0.000000000000 1.000000000000
7.836869995529 -7.345724070332 0.000000000000 1.000000000000
-2.241494094269 -0.628064189679 0.000000000000 1.000000000000
-1.930421993466 5.011845052526 0.000000000000 1.000000000000
6.837044838327 -10.062931941279 0.866025403784 -0.500000000000
2.255286933825 12.266441426676 0.866025403784 0.500000000000
0.762701125518 -3.143239430792 0.866025403784 0.500000000000
2.630034707808 15.788041024578 0.866025403784 -0.500000000000
4.490631964019 7.233477324743 0.866025403784 0.500000000000
