#Configurational_file created 2018-09-14 11:52:34  started 2018-09-14 11:52:33 run for 1.0s steps 0
name: gc_292
step: 10000
specie: 21
	particle_diameter: 1.0000000000000000
	interaction_length: 1.2000000000000000
	number_of_patches: 3
	number_of_particles_per_compound: 1
	rod_length: 1.0000000000000000
	interaction_matrix:  1.000000 1.000000 1.000000 1.000000 1.000000 1.000000 1.000000 1.000000 1.000000
	patch_type: symmetric
	patch_width: 8.0000000000000000
	patch_angle: 0.0000000000000000
	angles:  0.000000 0.000000 0.000000
	grand_canonical: 1
	chemical_potential: -1.1666669999999999
box: 10.000000 10.000000
copy: 1.000000 1.000000
epsilon: 0.0666670000000000
end_epsilon: 0.0000000000000000
pressure: 1.0000000000000000
lambda: 0.0000000000000000
lambda_coupling: 1.0000000000000000
uy: 0.0000000000000000
maximum_displacement: 1.0000000000000000
maximum_rotation: 1.0000000000000000
maximum_volume: 0.0000001000000000
maximum_shape: 0.0000001000000000
maximum_dsigma: 0.0100000000000000
mod: 10
pmod: 10
optimize: 1
verbose: 1
snapshot: 0
display: 1
explore: 1
npt: 0
nptxy: 0
nptdxdy: 0
shape: 0
seed: 334795
6.134996234703 7.535209015206 0.000000000000 1.000000000000
22.325954511804 7.664029679748 0.866025403784 -0.500000000000
-7.473669382287 3.735908681736 0.000000000000 1.000000000000
-2.323033701147 6.673670207825 0.866025403784 -0.500000000000
7.240138886694 -6.355969698051 0.866025403784 0.500000000000
3.260885162014 -1.801255897768 0.000000000000 1.000000000000
5.392843379180 2.645632252131 0.866025403784 0.500000000000
10.157760475674 -4.928612507397 0.000000000000 1.000000000000
0.458176326142 9.149680335263 0.000000000000 1.000000000000
5.360619066815 7.263157471162 0.866025403784 0.500000000000
-8.712638103436 5.148564887675 0.000000000000 1.000000000000
0.444191206070 1.738718478744 0.866025403784 -0.500000000000
16.885993097271 11.382951469560 0.866025403784 0.500000000000
3.501999443795 9.620657765138 0.000000000000 1.000000000000
11.349135660740 7.563356499642 0.000000000000 1.000000000000
3.889365386546 4.133663047572 0.866025403784 0.500000000000
14.312514830405 2.406062353356 0.866025403784 0.500000000000
9.734980087797 6.097404524739 0.000000000000 1.000000000000
-0.808436416527 1.896684709296 0.866025403784 0.500000000000
7.530932745529 2.174120802902 0.000000000000 1.000000000000
3.227575078512 0.661626705145 0.866025403784 -0.500000000000
