#Configurational_file created 2018-09-14 13:47:57  started 2018-09-14 13:47:56 run for 1.0s steps 0
name: gc_283
step: 10000
specie: 12
	particle_diameter: 1.0000000000000000
	interaction_length: 1.2000000000000000
	number_of_patches: 3
	number_of_particles_per_compound: 1
	rod_length: 1.0000000000000000
	interaction_matrix:  1.000000 1.000000 1.000000 1.000000 1.000000 1.000000 1.000000 1.000000 1.000000
	patch_type: symmetric
	patch_width: 8.0000000000000000
	patch_angle: 0.0000000000000000
	angles:  0.000000 0.000000 0.000000
	grand_canonical: 1
	chemical_potential: -1.7586210000000000
box: 10.000000 10.000000
copy: 1.000000 1.000000
epsilon: 0.2068970000000000
end_epsilon: 0.0000000000000000
pressure: 1.0000000000000000
lambda: 0.0000000000000000
lambda_coupling: 1.0000000000000000
uy: 0.0000000000000000
maximum_displacement: 1.0000000000000000
maximum_rotation: 1.0000000000000000
maximum_volume: 0.0000001000000000
maximum_shape: 0.0000001000000000
maximum_dsigma: 0.0100000000000000
mod: 10
pmod: 10
optimize: 1
verbose: 1
snapshot: 0
display: 1
explore: 1
npt: 0
nptxy: 0
nptdxdy: 0
shape: 0
seed: 324562
9.688606775718 10.583036172345 0.866025403784 0.500000000000
0.034516262667 2.168356643068 0.000000000000 1.000000000000
9.703264651828 6.786452353718 0.866025403784 0.500000000000
13.282335411690 24.080352036636 0.000000000000 1.000000000000
10.850970500306 -7.547481879102 0.866025403784 -0.500000000000
3.585078545080 8.353570773188 0.866025403784 0.500000000000
3.370127531584 -0.985845019543 0.866025403784 -0.500000000000
5.455528902608 2.942973292915 0.000000000000 1.000000000000
-0.005425837266 -15.815159807499 0.866025403784 0.500000000000
8.811243669289 4.194312487836 0.866025403784 -0.500000000000
8.174073063415 -0.794001019626 0.866025403784 -0.500000000000
7.012504365812 1.351223713750 0.866025403784 0.500000000000
