#Configurational_file created 2018-09-14 11:51:28  started 2018-09-14 11:51:28 run for 0.0s steps 0
name: gc_203
step: 10000
specie: 11
	particle_diameter: 1.0000000000000000
	interaction_length: 1.2000000000000000
	number_of_patches: 3
	number_of_particles_per_compound: 1
	rod_length: 1.0000000000000000
	interaction_matrix:  1.000000 1.000000 1.000000 1.000000 1.000000 1.000000 1.000000 1.000000 1.000000
	patch_type: symmetric
	patch_width: 8.0000000000000000
	patch_angle: 0.0000000000000000
	angles:  0.000000 0.000000 0.000000
	grand_canonical: 1
	chemical_potential: -1.6666669999999999
box: 10.000000 10.000000
copy: 1.000000 1.000000
epsilon: 0.0083340000000000
end_epsilon: 0.0000000000000000
pressure: 1.0000000000000000
lambda: 0.0000000000000000
lambda_coupling: 1.0000000000000000
uy: 0.0000000000000000
maximum_displacement: 1.0000000000000000
maximum_rotation: 1.0000000000000000
maximum_volume: 0.0000001000000000
maximum_shape: 0.0000001000000000
maximum_dsigma: 0.0100000000000000
mod: 10
pmod: 10
optimize: 1
verbose: 1
snapshot: 0
display: 1
explore: 1
npt: 0
nptxy: 0
nptdxdy: 0
shape: 0
seed: 233602
11.129772178878 7.086190393417 0.000000000000 1.000000000000
13.379909408894 -10.790939232769 0.866025403784 0.500000000000
24.479142974786 11.783761543860 0.000000000000 1.000000000000
9.045504600550 10.492982501904 0.866025403784 -0.500000000000
5.067853021519 6.034763000836 0.866025403784 0.500000000000
8.350203431779 2.864916582720 0.000000000000 1.000000000000
6.239092383149 18.995331163149 0.866025403784 0.500000000000
-2.052388729418 4.957987676905 0.866025403784 -0.500000000000
7.510262555268 8.826409480591 0.866025403784 0.500000000000
13.538697033969 6.563136321935 0.000000000000 1.000000000000
19.068803514068 8.442954640844 0.866025403784 0.500000000000
