#Configurational_file created 2018-09-14 11:52:32  started 2018-09-14 11:52:31 run for 1.0s steps 0
name: gc_290
step: 10000
specie: 17
	particle_diameter: 1.0000000000000000
	interaction_length: 1.2000000000000000
	number_of_patches: 3
	number_of_particles_per_compound: 1
	rod_length: 1.0000000000000000
	interaction_matrix:  1.000000 1.000000 1.000000 1.000000 1.000000 1.000000 1.000000 1.000000 1.000000
	patch_type: symmetric
	patch_width: 8.0000000000000000
	patch_angle: 0.0000000000000000
	angles:  0.000000 0.000000 0.000000
	grand_canonical: 1
	chemical_potential: -1.1666669999999999
box: 10.000000 10.000000
copy: 1.000000 1.000000
epsilon: 0.0583340000000000
end_epsilon: 0.0000000000000000
pressure: 1.0000000000000000
lambda: 0.0000000000000000
lambda_coupling: 1.0000000000000000
uy: 0.0000000000000000
maximum_displacement: 1.0000000000000000
maximum_rotation: 1.0000000000000000
maximum_volume: 0.0000001000000000
maximum_shape: 0.0000001000000000
maximum_dsigma: 0.0100000000000000
mod: 10
pmod: 10
optimize: 1
verbose: 1
snapshot: 0
display: 1
explore: 1
npt: 0
nptxy: 0
nptdxdy: 0
shape: 0
seed: 332521
-4.278853073489 1.764400269087 0.866025403784 0.500000000000
-0.104196972119 -2.470914040930 0.000000000000 1.000000000000
0.798648433230 4.096819402192 0.000000000000 1.000000000000
22.702386452514 3.916221208212 0.000000000000 1.000000000000
8.875952574246 2.287701604323 0.866025403784 0.500000000000
11.408081548530 20.198309015359 0.866025403784 -0.500000000000
2.827522148347 -4.481645531911 0.000000000000 1.000000000000
-0.443591469692 4.344187871450 0.866025403784 -0.500000000000
6.203494432716 3.701115458155 0.866025403784 0.500000000000
3.166839376885 8.542647288736 0.000000000000 1.000000000000
-1.482206792187 10.743403655525 0.866025403784 -0.500000000000
6.833196416632 4.471302392722 0.000000000000 1.000000000000
23.238939701766 11.852657216391 0.000000000000 1.000000000000
-3.099909146552 5.495839324656 0.866025403784 0.500000000000
-4.828802638560 7.333030359961 0.000000000000 1.000000000000
1.550098240478 9.338231632484 0.000000000000 1.000000000000
0.747711783167 9.605147502253 0.866025403784 0.500000000000
