#Configurational_file created 2018-09-14 13:47:31  started 2018-09-14 13:47:30 run for 1.0s steps 0
name: gc_244
step: 10000
specie: 7
	particle_diameter: 1.0000000000000000
	interaction_length: 1.2000000000000000
	number_of_patches: 3
	number_of_particles_per_compound: 1
	rod_length: 1.0000000000000000
	interaction_matrix:  1.000000 1.000000 1.000000 1.000000 1.000000 1.000000 1.000000 1.000000 1.000000
	patch_type: symmetric
	patch_width: 8.0000000000000000
	patch_angle: 0.0000000000000000
	angles:  0.000000 0.000000 0.000000
	grand_canonical: 1
	chemical_potential: -1.8965520000000000
box: 10.000000 10.000000
copy: 1.000000 1.000000
epsilon: 0.0517250000000000
end_epsilon: 0.0000000000000000
pressure: 1.0000000000000000
lambda: 0.0000000000000000
lambda_coupling: 1.0000000000000000
uy: 0.0000000000000000
maximum_displacement: 1.0000000000000000
maximum_rotation: 1.0000000000000000
maximum_volume: 0.0000001000000000
maximum_shape: 0.0000001000000000
maximum_dsigma: 0.0100000000000000
mod: 10
pmod: 10
optimize: 1
verbose: 1
snapshot: 0
display: 1
explore: 1
npt: 0
nptxy: 0
nptdxdy: 0
shape: 0
seed: 280219
10.082655821136 13.766608258600 0.000000000000 1.000000000000
-0.450959027989 1.152364270398 0.000000000000 1.000000000000
2.926985243822 7.591253887805 0.866025403784 -0.500000000000
10.890661873265 12.833093076335 0.000000000000 1.000000000000
-13.469381896190 7.372091829462 0.000000000000 1.000000000000
8.555008045278 -5.897907370841 0.000000000000 1.000000000000
-0.562239074366 8.673484149686 0.866025403784 0.500000000000
