#Configurational_file created 2018-09-14 11:51:35  started 2018-09-14 11:51:35 run for 0.0s steps 0
name: gc_213
step: 10000
specie: 15
	particle_diameter: 1.0000000000000000
	interaction_length: 1.2000000000000000
	number_of_patches: 3
	number_of_particles_per_compound: 1
	rod_length: 1.0000000000000000
	interaction_matrix:  1.000000 1.000000 1.000000 1.000000 1.000000 1.000000 1.000000 1.000000 1.000000
	patch_type: symmetric
	patch_width: 8.0000000000000000
	patch_angle: 0.0000000000000000
	angles:  0.000000 0.000000 0.000000
	grand_canonical: 1
	chemical_potential: -1.6666669999999999
box: 10.000000 10.000000
copy: 1.000000 1.000000
epsilon: 0.0500010000000000
end_epsilon: 0.0000000000000000
pressure: 1.0000000000000000
lambda: 0.0000000000000000
lambda_coupling: 1.0000000000000000
uy: 0.0000000000000000
maximum_displacement: 1.0000000000000000
maximum_rotation: 1.0000000000000000
maximum_volume: 0.0000001000000000
maximum_shape: 0.0000001000000000
maximum_dsigma: 0.0100000000000000
mod: 10
pmod: 10
optimize: 1
verbose: 1
snapshot: 0
display: 1
explore: 1
npt: 0
nptxy: 0
nptdxdy: 0
shape: 0
seed: 244972
5.332276420433 17.849023899718 0.866025403784 0.500000000000
-10.880371660907 2.978334403405 0.866025403784 0.500000000000
0.048637495534 13.398996398535 0.000000000000 1.000000000000
-16.059554190700 -5.135075319240 0.866025403784 0.500000000000
8.293818857857 6.395334480622 0.000000000000 1.000000000000
2.960770544313 -3.243789507954 0.866025403784 -0.500000000000
7.473340138923 4.960161190717 0.866025403784 -0.500000000000
13.550774934758 7.924045753236 0.866025403784 -0.500000000000
-1.975062653451 8.550444263546 0.866025403784 -0.500000000000
-3.382315856703 13.019198497832 0.866025403784 -0.500000000000
14.409829625574 19.765266093774 0.000000000000 1.000000000000
5.114811901554 4.020861596021 0.000000000000 1.000000000000
6.512771222689 9.355819258765 0.866025403784 0.500000000000
-0.603529189190 7.088046116756 0.866025403784 -0.500000000000
8.064039148821 7.490083171938 0.866025403784 0.500000000000
