#Configurational_file created 2018-09-14 11:52:27  started 2018-09-14 11:52:27 run for 0.0s steps 0
name: gc_284
step: 10000
specie: 17
	particle_diameter: 1.0000000000000000
	interaction_length: 1.2000000000000000
	number_of_patches: 3
	number_of_particles_per_compound: 1
	rod_length: 1.0000000000000000
	interaction_matrix:  1.000000 1.000000 1.000000 1.000000 1.000000 1.000000 1.000000 1.000000 1.000000
	patch_type: symmetric
	patch_width: 8.0000000000000000
	patch_angle: 0.0000000000000000
	angles:  0.000000 0.000000 0.000000
	grand_canonical: 1
	chemical_potential: -1.1666669999999999
box: 10.000000 10.000000
copy: 1.000000 1.000000
epsilon: 0.0333340000000000
end_epsilon: 0.0000000000000000
pressure: 1.0000000000000000
lambda: 0.0000000000000000
lambda_coupling: 1.0000000000000000
uy: 0.0000000000000000
maximum_displacement: 1.0000000000000000
maximum_rotation: 1.0000000000000000
maximum_volume: 0.0000001000000000
maximum_shape: 0.0000001000000000
maximum_dsigma: 0.0100000000000000
mod: 10
pmod: 10
optimize: 1
verbose: 1
snapshot: 0
display: 1
explore: 1
npt: 0
nptxy: 0
nptdxdy: 0
shape: 0
seed: 325699
1.410461166983 -16.646805996999 0.866025403784 -0.500000000000
3.325542796849 5.467882026025 0.866025403784 0.500000000000
-1.909948096427 10.421013079543 0.866025403784 0.500000000000
1.087795221429 -4.677753429912 0.866025403784 0.500000000000
6.674156699648 7.423788683676 0.000000000000 1.000000000000
8.344670427378 -4.207702358567 0.000000000000 1.000000000000
10.188575824387 13.991496115346 0.866025403784 0.500000000000
14.986319425630 5.484506198225 0.000000000000 1.000000000000
6.091612728372 2.395516496353 0.866025403784 -0.500000000000
8.682651348733 18.341957505220 0.866025403784 0.500000000000
4.961258271298 10.473093017005 0.866025403784 0.500000000000
11.633930185077 11.986751121190 0.866025403784 0.500000000000
7.380064853722 14.881597133860 0.000000000000 1.000000000000
2.990899052487 -0.378784773065 0.000000000000 1.000000000000
-3.266019936875 10.503770221880 0.866025403784 -0.500000000000
0.400818702209 0.020364189344 0.866025403784 0.500000000000
0.236453876300 6.481427746526 0.866025403784 -0.500000000000
