#Configurational_file created 2018-09-14 11:23:54  started 2018-09-14 11:23:53 run for 1.0s steps 0
name: gc_210
step: 10000
specie: 10
	particle_diameter: 1.0000000000000000
	interaction_length: 1.2000000000000000
	number_of_patches: 3
	number_of_particles_per_compound: 1
	rod_length: 1.0000000000000000
	interaction_matrix:  1.000000 1.000000 1.000000 1.000000 1.000000 1.000000 1.000000 1.000000 1.000000
	patch_type: symmetric
	patch_width: 8.0000000000000000
	patch_angle: 0.0000000000000000
	angles:  0.000000 0.000000 0.000000
	grand_canonical: 1
	chemical_potential: -1.6666669999999999
box: 10.000000 10.000000
copy: 1.000000 1.000000
epsilon: 0.7500620000000000
end_epsilon: 0.0000000000000000
pressure: 1.0000000000000000
lambda: 0.0000000000000000
lambda_coupling: 1.0000000000000000
uy: 0.0000000000000000
maximum_displacement: 1.0000000000000000
maximum_rotation: 1.0000000000000000
maximum_volume: 0.0000001000000000
maximum_shape: 0.0000001000000000
maximum_dsigma: 0.0100000000000000
mod: 10
pmod: 10
optimize: 1
verbose: 1
snapshot: 0
display: 1
explore: 1
npt: 0
nptxy: 0
nptdxdy: 0
shape: 0
seed: 241561
-2.678346290249 22.792037310934 0.000000000000 1.000000000000
1.325432168630 1.161799509808 0.000000000000 1.000000000000
18.320478005001 -17.513638594787 0.000000000000 1.000000000000
-4.196612546170 5.556432136390 0.866025403784 -0.500000000000
8.260099380683 5.182945098150 0.000000000000 1.000000000000
2.229897400207 -4.364584443994 0.866025403784 0.500000000000
5.825776921346 9.428023853955 0.866025403784 -0.500000000000
7.016391998737 15.360365577611 0.866025403784 0.500000000000
4.512808137986 10.700127398165 0.866025403784 -0.500000000000
3.444519867069 9.894599219792 0.000000000000 1.000000000000
