#Configurational_file created 2018-09-14 12:19:38  started 2018-09-14 12:19:37 run for 1.0s steps 0
name: gc_23
step: 10000
specie: 19
	particle_diameter: 1.0000000000000000
	interaction_length: 1.2000000000000000
	number_of_patches: 3
	number_of_particles_per_compound: 1
	rod_length: 1.0000000000000000
	interaction_matrix:  1.000000 1.000000 1.000000 1.000000 1.000000 1.000000 1.000000 1.000000 1.000000
	patch_type: symmetric
	patch_width: 8.0000000000000000
	patch_angle: 0.0000000000000000
	angles:  0.000000 0.000000 0.000000
	grand_canonical: 1
	chemical_potential: -1.1666669999999999
box: 10.000000 10.000000
copy: 1.000000 1.000000
epsilon: 0.0000010000000000
end_epsilon: 0.0000000000000000
pressure: 1.0000000000000000
lambda: 0.0000000000000000
lambda_coupling: 1.0000000000000000
uy: 0.0000000000000000
maximum_displacement: 1.0000000000000000
maximum_rotation: 1.0000000000000000
maximum_volume: 0.0000001000000000
maximum_shape: 0.0000001000000000
maximum_dsigma: 0.0100000000000000
mod: 10
pmod: 10
optimize: 1
verbose: 1
snapshot: 0
display: 1
explore: 1
npt: 0
nptxy: 0
nptdxdy: 0
shape: 0
seed: 28942
16.002675244340 -14.035357875138 0.000000000000 1.000000000000
5.778956522555 -2.121753605162 0.866025403784 0.500000000000
9.126198935445 16.693219348853 0.866025403784 0.500000000000
6.253736346361 4.269721279630 0.866025403784 0.500000000000
-2.094923562398 8.629725157414 0.866025403784 -0.500000000000
3.960686748210 1.521631184737 0.866025403784 0.500000000000
8.428738995615 5.403253170406 0.866025403784 -0.500000000000
2.719338043722 10.927384236554 0.866025403784 -0.500000000000
2.607118714546 5.562198448607 0.000000000000 1.000000000000
-6.572574069331 9.963773691352 0.866025403784 -0.500000000000
-4.456520993495 30.811941088998 0.866025403784 -0.500000000000
21.730583778065 -6.436826444512 0.866025403784 0.500000000000
5.249778293204 8.592979953345 0.866025403784 -0.500000000000
2.377591029073 19.567735540103 0.866025403784 0.500000000000
6.422357930921 -1.167505658102 0.866025403784 0.500000000000
2.969992305134 6.326019569315 0.866025403784 0.500000000000
7.241600983151 6.884531454309 0.866025403784 0.500000000000
7.447173962507 8.147052411314 0.000000000000 1.000000000000
10.715199613128 8.850507808266 0.866025403784 -0.500000000000
