#Configurational_file created 2018-09-14 11:24:33  started 2018-09-14 11:24:32 run for 1.0s steps 0
name: gc_265
step: 10000
specie: 7
	particle_diameter: 1.0000000000000000
	interaction_length: 1.2000000000000000
	number_of_patches: 3
	number_of_particles_per_compound: 1
	rod_length: 1.0000000000000000
	interaction_matrix:  1.000000 1.000000 1.000000 1.000000 1.000000 1.000000 1.000000 1.000000 1.000000
	patch_type: symmetric
	patch_width: 8.0000000000000000
	patch_angle: 0.0000000000000000
	angles:  0.000000 0.000000 0.000000
	grand_canonical: 1
	chemical_potential: -1.3333330000000001
box: 10.000000 10.000000
copy: 1.000000 1.000000
epsilon: 1.1667080000000001
end_epsilon: 0.0000000000000000
pressure: 1.0000000000000000
lambda: 0.0000000000000000
lambda_coupling: 1.0000000000000000
uy: 0.0000000000000000
maximum_displacement: 1.0000000000000000
maximum_rotation: 1.0000000000000000
maximum_volume: 0.0000001000000000
maximum_shape: 0.0000001000000000
maximum_dsigma: 0.0100000000000000
mod: 10
pmod: 10
optimize: 1
verbose: 1
snapshot: 0
display: 1
explore: 1
npt: 0
nptxy: 0
nptdxdy: 0
shape: 0
seed: 304096
9.094410545953 14.250150326259 0.866025403784 0.500000000000
7.294177574692 -5.339471171292 0.866025403784 0.500000000000
6.359878272502 -6.405497791201 0.866025403784 -0.500000000000
9.867035299479 -4.602267404483 0.866025403784 -0.500000000000
-1.507168956249 13.276762806709 0.000000000000 1.000000000000
-1.371489506792 19.980273555110 0.000000000000 1.000000000000
13.025754963915 13.521818112102 0.866025403784 -0.500000000000
