#Configurational_file created 2018-09-14 13:47:46  started 2018-09-14 13:47:45 run for 1.0s steps 0
name: gc_267
step: 10000
specie: 11
	particle_diameter: 1.0000000000000000
	interaction_length: 1.2000000000000000
	number_of_patches: 3
	number_of_particles_per_compound: 1
	rod_length: 1.0000000000000000
	interaction_matrix:  1.000000 1.000000 1.000000 1.000000 1.000000 1.000000 1.000000 1.000000 1.000000
	patch_type: symmetric
	patch_width: 8.0000000000000000
	patch_angle: 0.0000000000000000
	angles:  0.000000 0.000000 0.000000
	grand_canonical: 1
	chemical_potential: -1.8965520000000000
box: 10.000000 10.000000
copy: 1.000000 1.000000
epsilon: 0.4482760000000000
end_epsilon: 0.0000000000000000
pressure: 1.0000000000000000
lambda: 0.0000000000000000
lambda_coupling: 1.0000000000000000
uy: 0.0000000000000000
maximum_displacement: 1.0000000000000000
maximum_rotation: 1.0000000000000000
maximum_volume: 0.0000001000000000
maximum_shape: 0.0000001000000000
maximum_dsigma: 0.0100000000000000
mod: 10
pmod: 10
optimize: 1
verbose: 1
snapshot: 0
display: 1
explore: 1
npt: 0
nptxy: 0
nptdxdy: 0
shape: 0
seed: 306370
10.962277244137 3.580389629056 0.866025403784 -0.500000000000
1.710714231944 8.318895625609 0.866025403784 -0.500000000000
-8.131044416354 -8.355981356225 0.866025403784 0.500000000000
-2.917150141454 7.981055110436 0.866025403784 0.500000000000
5.851111433706 10.725472090671 0.000000000000 1.000000000000
28.459889062126 -1.370854932480 0.866025403784 -0.500000000000
11.186067656361 2.488009676464 0.866025403784 0.500000000000
-2.222957275849 2.748110085444 0.866025403784 0.500000000000
6.227582540275 11.886081686586 0.866025403784 0.500000000000
-8.307288971628 6.410336204401 0.000000000000 1.000000000000
2.466827110467 2.633441587574 0.866025403784 0.500000000000
