#Configurational_file created 2018-09-14 11:24:40  started 2018-09-14 11:24:40 run for 0.0s steps 0
name: gc_275
step: 10000
specie: 16
	particle_diameter: 1.0000000000000000
	interaction_length: 1.2000000000000000
	number_of_patches: 3
	number_of_particles_per_compound: 1
	rod_length: 1.0000000000000000
	interaction_matrix:  1.000000 1.000000 1.000000 1.000000 1.000000 1.000000 1.000000 1.000000 1.000000
	patch_type: symmetric
	patch_width: 8.0000000000000000
	patch_angle: 0.0000000000000000
	angles:  0.000000 0.000000 0.000000
	grand_canonical: 1
	chemical_potential: -1.3333330000000001
box: 10.000000 10.000000
copy: 1.000000 1.000000
epsilon: 2.0000000000000000
end_epsilon: 0.0000000000000000
pressure: 1.0000000000000000
lambda: 0.0000000000000000
lambda_coupling: 1.0000000000000000
uy: 0.0000000000000000
maximum_displacement: 1.0000000000000000
maximum_rotation: 1.0000000000000000
maximum_volume: 0.0000001000000000
maximum_shape: 0.0000001000000000
maximum_dsigma: 0.0100000000000000
mod: 10
pmod: 10
optimize: 1
verbose: 1
snapshot: 0
display: 1
explore: 1
npt: 0
nptxy: 0
nptdxdy: 0
shape: 0
seed: 315466
3.662460253558 0.842799075702 0.866025403784 -0.500000000000
15.589710977976 4.534201903016 0.866025403784 0.500000000000
15.503426352504 -12.168537862865 0.000000000000 1.000000000000
4.901318203679 9.564884602789 0.866025403784 0.500000000000
19.938922476734 17.044893662698 0.866025403784 0.500000000000
6.619483499417 2.989963064166 0.000000000000 1.000000000000
-0.015132544332 -4.546465064331 0.866025403784 -0.500000000000
0.890593823281 5.496424810488 0.866025403784 0.500000000000
0.985393313639 3.625763914466 0.866025403784 0.500000000000
-16.249041777592 -6.427229299433 0.866025403784 -0.500000000000
1.751342220583 9.843430447898 0.866025403784 -0.500000000000
6.187099876320 11.618040662647 0.000000000000 1.000000000000
7.368493501245 6.297827360456 0.866025403784 0.500000000000
7.129247706708 0.543718172258 0.000000000000 1.000000000000
10.904404618043 12.123888175371 0.866025403784 -0.500000000000
0.117846536028 3.689886878793 0.866025403784 -0.500000000000
