#Configurational_file created 2018-09-14 11:52:05  started 2018-09-14 11:52:04 run for 1.0s steps 0
name: gc_255
step: 10000
specie: 12
	particle_diameter: 1.0000000000000000
	interaction_length: 1.2000000000000000
	number_of_patches: 3
	number_of_particles_per_compound: 1
	rod_length: 1.0000000000000000
	interaction_matrix:  1.000000 1.000000 1.000000 1.000000 1.000000 1.000000 1.000000 1.000000 1.000000
	patch_type: symmetric
	patch_width: 8.0000000000000000
	patch_angle: 0.0000000000000000
	angles:  0.000000 0.000000 0.000000
	grand_canonical: 1
	chemical_potential: -1.3333330000000001
box: 10.000000 10.000000
copy: 1.000000 1.000000
epsilon: 0.0166680000000000
end_epsilon: 0.0000000000000000
pressure: 1.0000000000000000
lambda: 0.0000000000000000
lambda_coupling: 1.0000000000000000
uy: 0.0000000000000000
maximum_displacement: 1.0000000000000000
maximum_rotation: 1.0000000000000000
maximum_volume: 0.0000001000000000
maximum_shape: 0.0000001000000000
maximum_dsigma: 0.0100000000000000
mod: 10
pmod: 10
optimize: 1
verbose: 1
snapshot: 0
display: 1
explore: 1
npt: 0
nptxy: 0
nptdxdy: 0
shape: 0
seed: 292726
5.349086837287 7.492877310551 0.000000000000 1.000000000000
21.069047259948 0.538374658495 0.866025403784 0.500000000000
4.478617648550 -4.388869543943 0.866025403784 -0.500000000000
-0.271767137439 9.107100420649 0.866025403784 0.500000000000
1.990719409078 17.108702521196 0.866025403784 0.500000000000
13.253676017794 8.882603207802 0.000000000000 1.000000000000
9.497524525650 -6.843530680998 0.866025403784 -0.500000000000
6.605710140191 6.469770821144 0.000000000000 1.000000000000
5.489557322590 9.702153708974 0.000000000000 1.000000000000
4.388177139422 2.318229802327 0.000000000000 1.000000000000
8.304286542060 12.211492081707 0.866025403784 0.500000000000
0.005222270055 6.842434004706 0.000000000000 1.000000000000
