#Configurational_file created 2018-09-14 11:51:31  started 2018-09-14 11:51:31 run for 0.0s steps 0
name: gc_207
step: 10000
specie: 13
	particle_diameter: 1.0000000000000000
	interaction_length: 1.2000000000000000
	number_of_patches: 3
	number_of_particles_per_compound: 1
	rod_length: 1.0000000000000000
	interaction_matrix:  1.000000 1.000000 1.000000 1.000000 1.000000 1.000000 1.000000 1.000000 1.000000
	patch_type: symmetric
	patch_width: 8.0000000000000000
	patch_angle: 0.0000000000000000
	angles:  0.000000 0.000000 0.000000
	grand_canonical: 1
	chemical_potential: -1.6666669999999999
box: 10.000000 10.000000
copy: 1.000000 1.000000
epsilon: 0.0250010000000000
end_epsilon: 0.0000000000000000
pressure: 1.0000000000000000
lambda: 0.0000000000000000
lambda_coupling: 1.0000000000000000
uy: 0.0000000000000000
maximum_displacement: 1.0000000000000000
maximum_rotation: 1.0000000000000000
maximum_volume: 0.0000001000000000
maximum_shape: 0.0000001000000000
maximum_dsigma: 0.0100000000000000
mod: 10
pmod: 10
optimize: 1
verbose: 1
snapshot: 0
display: 1
explore: 1
npt: 0
nptxy: 0
nptdxdy: 0
shape: 0
seed: 238150
0.739128196291 10.046457379828 0.000000000000 1.000000000000
7.351234193435 12.107479372480 0.866025403784 -0.500000000000
1.534873797425 25.818323252531 0.866025403784 0.500000000000
26.759052256890 -25.076012718556 0.866025403784 -0.500000000000
12.255897953844 24.145467153186 0.866025403784 -0.500000000000
8.768807221778 20.372818512122 0.866025403784 0.500000000000
5.412135949355 7.385380518023 0.866025403784 0.500000000000
-7.406731098787 -6.337488821761 0.000000000000 1.000000000000
8.024221996214 8.402241148842 0.000000000000 1.000000000000
5.845303432197 8.200218261294 0.000000000000 1.000000000000
0.989555066512 -6.741970878989 0.000000000000 1.000000000000
5.079151566160 9.333392031853 0.866025403784 -0.500000000000
8.008781534049 6.926974064239 0.000000000000 1.000000000000
