#Configurational_file created 2018-09-14 11:52:02  started 2018-09-14 11:52:01 run for 1.0s steps 0
name: gc_251
step: 10000
specie: 18
	particle_diameter: 1.0000000000000000
	interaction_length: 1.2000000000000000
	number_of_patches: 3
	number_of_particles_per_compound: 1
	rod_length: 1.0000000000000000
	interaction_matrix:  1.000000 1.000000 1.000000 1.000000 1.000000 1.000000 1.000000 1.000000 1.000000
	patch_type: symmetric
	patch_width: 8.0000000000000000
	patch_angle: 0.0000000000000000
	angles:  0.000000 0.000000 0.000000
	grand_canonical: 1
	chemical_potential: -1.3333330000000001
box: 10.000000 10.000000
copy: 1.000000 1.000000
epsilon: 0.0000010000000000
end_epsilon: 0.0000000000000000
pressure: 1.0000000000000000
lambda: 0.0000000000000000
lambda_coupling: 1.0000000000000000
uy: 0.0000000000000000
maximum_displacement: 1.0000000000000000
maximum_rotation: 1.0000000000000000
maximum_volume: 0.0000001000000000
maximum_shape: 0.0000001000000000
maximum_dsigma: 0.0100000000000000
mod: 10
pmod: 10
optimize: 1
verbose: 1
snapshot: 0
display: 1
explore: 1
npt: 0
nptxy: 0
nptdxdy: 0
shape: 0
seed: 288178
11.757992736715 13.043182663880 0.866025403784 -0.500000000000
5.931576916489 -14.116746092923 0.000000000000 1.000000000000
-1.857842417509 3.121290942726 0.000000000000 1.000000000000
2.653010028050 9.846260612135 0.866025403784 -0.500000000000
0.963181902502 -2.377984786559 0.866025403784 0.500000000000
5.413432085905 7.411643131717 0.866025403784 -0.500000000000
11.261231903806 -0.628313937851 0.866025403784 0.500000000000
6.377755387241 3.800050573886 0.866025403784 0.500000000000
6.864270612346 22.318887201809 0.000000000000 1.000000000000
11.755195368845 4.934318523730 0.866025403784 0.500000000000
19.614708634022 3.369306637164 0.866025403784 0.500000000000
-6.940115682870 7.781867316579 0.866025403784 -0.500000000000
14.937186625405 4.255921694177 0.000000000000 1.000000000000
6.567029529066 7.139281601235 0.866025403784 -0.500000000000
-5.180463641722 7.084251622081 0.000000000000 1.000000000000
-0.241380192758 4.457895955708 0.000000000000 1.000000000000
7.415798903130 5.842111375613 0.866025403784 -0.500000000000
7.507289915221 13.731157639136 0.866025403784 0.500000000000
