#Configurational_file created 2018-09-14 11:24:23  started 2018-09-14 11:24:22 run for 1.0s steps 0
name: gc_251
step: 10000
specie: 19
	particle_diameter: 1.0000000000000000
	interaction_length: 1.2000000000000000
	number_of_patches: 3
	number_of_particles_per_compound: 1
	rod_length: 1.0000000000000000
	interaction_matrix:  1.000000 1.000000 1.000000 1.000000 1.000000 1.000000 1.000000 1.000000 1.000000
	patch_type: symmetric
	patch_width: 8.0000000000000000
	patch_angle: 0.0000000000000000
	angles:  0.000000 0.000000 0.000000
	grand_canonical: 1
	chemical_potential: -1.3333330000000001
box: 10.000000 10.000000
copy: 1.000000 1.000000
epsilon: 0.0001000000000000
end_epsilon: 0.0000000000000000
pressure: 1.0000000000000000
lambda: 0.0000000000000000
lambda_coupling: 1.0000000000000000
uy: 0.0000000000000000
maximum_displacement: 1.0000000000000000
maximum_rotation: 1.0000000000000000
maximum_volume: 0.0000001000000000
maximum_shape: 0.0000001000000000
maximum_dsigma: 0.0100000000000000
mod: 10
pmod: 10
optimize: 1
verbose: 1
snapshot: 0
display: 1
explore: 1
npt: 0
nptxy: 0
nptdxdy: 0
shape: 0
seed: 288178
7.887068055219 14.828948576407 0.866025403784 0.500000000000
-2.651210633422 6.932984616747 0.866025403784 -0.500000000000
4.186382528522 7.708735591153 0.866025403784 -0.500000000000
17.218667866481 8.896460271937 0.866025403784 0.500000000000
-7.913066329458 7.253418054414 0.000000000000 1.000000000000
5.560328125074 10.686884059220 0.866025403784 0.500000000000
5.161277636807 6.885519782429 0.000000000000 1.000000000000
20.758932286382 -4.843125702250 0.866025403784 -0.500000000000
8.768583493675 6.502978135213 0.866025403784 -0.500000000000
-10.586749864409 1.261877353554 0.866025403784 0.500000000000
2.705399242629 -11.307341961407 0.000000000000 1.000000000000
11.515102233097 7.660670537559 0.866025403784 -0.500000000000
16.369404894820 1.956572480946 0.866025403784 -0.500000000000
15.011483004448 2.252117481114 0.866025403784 -0.500000000000
8.549029369310 2.297728227066 0.866025403784 -0.500000000000
3.828484147428 1.890918681104 0.866025403784 -0.500000000000
2.607348743327 1.211007037908 0.866025403784 0.500000000000
7.511689788726 10.317591889957 0.866025403784 0.500000000000
5.641538176429 4.612938204267 0.866025403784 0.500000000000
