#Configurational_file created 2018-09-14 11:52:18  started 2018-09-14 11:52:18 run for 0.0s steps 0
name: gc_272
step: 10000
specie: 20
	particle_diameter: 1.0000000000000000
	interaction_length: 1.2000000000000000
	number_of_patches: 3
	number_of_particles_per_compound: 1
	rod_length: 1.0000000000000000
	interaction_matrix:  1.000000 1.000000 1.000000 1.000000 1.000000 1.000000 1.000000 1.000000 1.000000
	patch_type: symmetric
	patch_width: 8.0000000000000000
	patch_angle: 0.0000000000000000
	angles:  0.000000 0.000000 0.000000
	grand_canonical: 1
	chemical_potential: -1.3333330000000001
box: 10.000000 10.000000
copy: 1.000000 1.000000
epsilon: 0.0875000000000000
end_epsilon: 0.0000000000000000
pressure: 1.0000000000000000
lambda: 0.0000000000000000
lambda_coupling: 1.0000000000000000
uy: 0.0000000000000000
maximum_displacement: 1.0000000000000000
maximum_rotation: 1.0000000000000000
maximum_volume: 0.0000001000000000
maximum_shape: 0.0000001000000000
maximum_dsigma: 0.0100000000000000
mod: 10
pmod: 10
optimize: 1
verbose: 1
snapshot: 0
display: 1
explore: 1
npt: 0
nptxy: 0
nptdxdy: 0
shape: 0
seed: 312055
0.564206108958 1.283433122371 0.866025403784 -0.500000000000
-8.288602954178 -0.021952237261 0.866025403784 0.500000000000
8.976371301743 20.470851519545 0.000000000000 1.000000000000
-8.720411946482 1.837871048004 0.000000000000 1.000000000000
3.695376618121 1.886543102327 0.000000000000 1.000000000000
2.521108762566 -1.271674974963 0.866025403784 -0.500000000000
0.996760573833 -6.567793612104 0.866025403784 -0.500000000000
12.313079637007 1.378954111560 0.000000000000 1.000000000000
-3.607567433018 -6.716584837015 0.000000000000 1.000000000000
17.848610680525 9.475531385923 0.866025403784 0.500000000000
-2.201566495659 1.548408557605 0.866025403784 -0.500000000000
4.450292730032 7.711106119055 0.000000000000 1.000000000000
4.052096796643 -3.847541273148 0.866025403784 -0.500000000000
8.456204426605 1.897029391665 0.000000000000 1.000000000000
-4.557751222138 6.697391986176 0.000000000000 1.000000000000
4.939280732259 12.257035926524 0.866025403784 0.500000000000
6.760249652099 5.162908606231 0.866025403784 0.500000000000
-2.028569567238 6.971881597224 0.866025403784 -0.500000000000
3.472794201902 12.602274356221 0.866025403784 -0.500000000000
2.194297524018 7.705235980855 0.866025403784 -0.500000000000
