#Configurational_file created 2018-09-14 13:47:28  started 2018-09-14 13:47:27 run for 1.0s steps 0
name: gc_239
step: 10000
specie: 15
	particle_diameter: 1.0000000000000000
	interaction_length: 1.2000000000000000
	number_of_patches: 3
	number_of_particles_per_compound: 1
	rod_length: 1.0000000000000000
	interaction_matrix:  1.000000 1.000000 1.000000 1.000000 1.000000 1.000000 1.000000 1.000000 1.000000
	patch_type: symmetric
	patch_width: 8.0000000000000000
	patch_angle: 0.0000000000000000
	angles:  0.000000 0.000000 0.000000
	grand_canonical: 1
	chemical_potential: -2.0344829999999998
box: 10.000000 10.000000
copy: 1.000000 1.000000
epsilon: 0.4827590000000000
end_epsilon: 0.0000000000000000
pressure: 1.0000000000000000
lambda: 0.0000000000000000
lambda_coupling: 1.0000000000000000
uy: 0.0000000000000000
maximum_displacement: 1.0000000000000000
maximum_rotation: 1.0000000000000000
maximum_volume: 0.0000001000000000
maximum_shape: 0.0000001000000000
maximum_dsigma: 0.0100000000000000
mod: 10
pmod: 10
optimize: 1
verbose: 1
snapshot: 0
display: 1
explore: 1
npt: 0
nptxy: 0
nptdxdy: 0
shape: 0
seed: 274534
14.816297564905 7.691359749898 0.000000000000 1.000000000000
-0.754966624112 0.686672438006 0.866025403784 0.500000000000
15.559681294398 4.029250444070 0.000000000000 1.000000000000
-1.571791142257 -3.107333596614 0.000000000000 1.000000000000
8.604396567235 3.030525854664 0.000000000000 1.000000000000
-6.724127301217 -2.832027890805 0.000000000000 1.000000000000
-1.545039410618 14.644506191125 0.000000000000 1.000000000000
-4.731291305124 -0.633319732386 0.866025403784 0.500000000000
9.981872579865 9.586197299882 0.000000000000 1.000000000000
7.826007534525 11.152982624618 0.000000000000 1.000000000000
4.146488784132 15.396468245228 0.000000000000 1.000000000000
2.154545235445 11.992872388335 0.000000000000 1.000000000000
0.075735310003 4.568083992262 0.866025403784 0.500000000000
7.852264066639 9.490666033743 0.866025403784 0.500000000000
3.449191289586 10.059297721336 0.866025403784 -0.500000000000
