#Configurational_file created 2018-09-14 11:51:46  started 2018-09-14 11:51:45 run for 1.0s steps 0
name: gc_228
step: 10000
specie: 11
	particle_diameter: 1.0000000000000000
	interaction_length: 1.2000000000000000
	number_of_patches: 3
	number_of_particles_per_compound: 1
	rod_length: 1.0000000000000000
	interaction_matrix:  1.000000 1.000000 1.000000 1.000000 1.000000 1.000000 1.000000 1.000000 1.000000
	patch_type: symmetric
	patch_width: 8.0000000000000000
	patch_angle: 0.0000000000000000
	angles:  0.000000 0.000000 0.000000
	grand_canonical: 1
	chemical_potential: -1.5000000000000000
box: 10.000000 10.000000
copy: 1.000000 1.000000
epsilon: 0.0083340000000000
end_epsilon: 0.0000000000000000
pressure: 1.0000000000000000
lambda: 0.0000000000000000
lambda_coupling: 1.0000000000000000
uy: 0.0000000000000000
maximum_displacement: 1.0000000000000000
maximum_rotation: 1.0000000000000000
maximum_volume: 0.0000001000000000
maximum_shape: 0.0000001000000000
maximum_dsigma: 0.0100000000000000
mod: 10
pmod: 10
optimize: 1
verbose: 1
snapshot: 0
display: 1
explore: 1
npt: 0
nptxy: 0
nptdxdy: 0
shape: 0
seed: 262027
-1.335243944426 7.326049715162 0.866025403784 0.500000000000
3.733461826257 0.297739829661 0.000000000000 1.000000000000
0.663325538724 5.317412961580 0.866025403784 0.500000000000
1.727233008239 5.133895604037 0.000000000000 1.000000000000
6.665510967783 7.269543508472 0.000000000000 1.000000000000
29.629125759887 -6.087543793934 0.866025403784 0.500000000000
0.883859795661 -0.943352899043 0.866025403784 0.500000000000
9.776824157524 11.044682523348 0.000000000000 1.000000000000
16.875807129017 17.565440556602 0.866025403784 -0.500000000000
5.665468701727 4.964219469597 0.866025403784 0.500000000000
1.843431241526 5.334570976045 0.866025403784 -0.500000000000
