#Configurational_file created 2018-09-14 11:24:11  started 2018-09-14 11:24:11 run for 0.0s steps 0
name: gc_235
step: 10000
specie: 13
	particle_diameter: 1.0000000000000000
	interaction_length: 1.2000000000000000
	number_of_patches: 3
	number_of_particles_per_compound: 1
	rod_length: 1.0000000000000000
	interaction_matrix:  1.000000 1.000000 1.000000 1.000000 1.000000 1.000000 1.000000 1.000000 1.000000
	patch_type: symmetric
	patch_width: 8.0000000000000000
	patch_angle: 0.0000000000000000
	angles:  0.000000 0.000000 0.000000
	grand_canonical: 1
	chemical_potential: -1.5000000000000000
box: 10.000000 10.000000
copy: 1.000000 1.000000
epsilon: 0.7500620000000000
end_epsilon: 0.0000000000000000
pressure: 1.0000000000000000
lambda: 0.0000000000000000
lambda_coupling: 1.0000000000000000
uy: 0.0000000000000000
maximum_displacement: 1.0000000000000000
maximum_rotation: 1.0000000000000000
maximum_volume: 0.0000001000000000
maximum_shape: 0.0000001000000000
maximum_dsigma: 0.0100000000000000
mod: 10
pmod: 10
optimize: 1
verbose: 1
snapshot: 0
display: 1
explore: 1
npt: 0
nptxy: 0
nptdxdy: 0
shape: 0
seed: 269986
-6.819770646722 -8.853028019391 0.000000000000 1.000000000000
1.562819851591 3.323555694137 0.866025403784 -0.500000000000
9.980148606896 15.517115704329 0.866025403784 -0.500000000000
15.233061474135 0.853577791831 0.000000000000 1.000000000000
2.156606428655 19.444834422319 0.000000000000 1.000000000000
2.612246528898 13.335404166063 0.866025403784 -0.500000000000
10.151524026110 8.372752845668 0.866025403784 -0.500000000000
22.559182901011 4.959210635974 0.866025403784 0.500000000000
1.667040359894 -12.595422847301 0.866025403784 0.500000000000
-3.665107120489 13.125882328039 0.866025403784 0.500000000000
8.559479774865 6.656755123271 0.000000000000 1.000000000000
5.486988074304 4.612478104181 0.866025403784 0.500000000000
1.039323199476 6.106582818598 0.866025403784 -0.500000000000
