#Configurational_file created 2018-09-14 13:47:20  started 2018-09-14 13:47:19 run for 1.0s steps 0
name: gc_227
step: 10000
specie: 14
	particle_diameter: 1.0000000000000000
	interaction_length: 1.2000000000000000
	number_of_patches: 3
	number_of_particles_per_compound: 1
	rod_length: 1.0000000000000000
	interaction_matrix:  1.000000 1.000000 1.000000 1.000000 1.000000 1.000000 1.000000 1.000000 1.000000
	patch_type: symmetric
	patch_width: 8.0000000000000000
	patch_angle: 0.0000000000000000
	angles:  0.000000 0.000000 0.000000
	grand_canonical: 1
	chemical_potential: -2.0344829999999998
box: 10.000000 10.000000
copy: 1.000000 1.000000
epsilon: 0.2758630000000000
end_epsilon: 0.0000000000000000
pressure: 1.0000000000000000
lambda: 0.0000000000000000
lambda_coupling: 1.0000000000000000
uy: 0.0000000000000000
maximum_displacement: 1.0000000000000000
maximum_rotation: 1.0000000000000000
maximum_volume: 0.0000001000000000
maximum_shape: 0.0000001000000000
maximum_dsigma: 0.0100000000000000
mod: 10
pmod: 10
optimize: 1
verbose: 1
snapshot: 0
display: 1
explore: 1
npt: 0
nptxy: 0
nptdxdy: 0
shape: 0
seed: 260890
5.292780897157 2.842072821443 0.866025403784 -0.500000000000
-1.198309325988 1.521406188071 0.866025403784 -0.500000000000
5.778947296100 4.871405928432 0.866025403784 -0.500000000000
4.349353530595 13.986334413973 0.866025403784 -0.500000000000
0.940025938592 13.552823760448 0.000000000000 1.000000000000
8.054700682318 -2.566054528578 0.866025403784 -0.500000000000
-6.645670737941 -1.873814926465 0.000000000000 1.000000000000
8.341753775754 10.617161135818 0.000000000000 1.000000000000
-3.599072610334 2.699702061426 0.866025403784 -0.500000000000
9.438061410551 7.928610863495 0.866025403784 0.500000000000
-4.366832435151 6.884813626439 0.866025403784 0.500000000000
-1.907973861276 3.843670941404 0.000000000000 1.000000000000
5.899370230608 10.202333697074 0.866025403784 -0.500000000000
5.631713222935 8.234342269355 0.866025403784 0.500000000000
