#Configurational_file created 2018-09-14 11:51:56  started 2018-09-14 11:51:56 run for 0.0s steps 0
name: gc_243
step: 10000
specie: 11
	particle_diameter: 1.0000000000000000
	interaction_length: 1.2000000000000000
	number_of_patches: 3
	number_of_particles_per_compound: 1
	rod_length: 1.0000000000000000
	interaction_matrix:  1.000000 1.000000 1.000000 1.000000 1.000000 1.000000 1.000000 1.000000 1.000000
	patch_type: symmetric
	patch_width: 8.0000000000000000
	patch_angle: 0.0000000000000000
	angles:  0.000000 0.000000 0.000000
	grand_canonical: 1
	chemical_potential: -1.5000000000000000
box: 10.000000 10.000000
copy: 1.000000 1.000000
epsilon: 0.0708340000000000
end_epsilon: 0.0000000000000000
pressure: 1.0000000000000000
lambda: 0.0000000000000000
lambda_coupling: 1.0000000000000000
uy: 0.0000000000000000
maximum_displacement: 1.0000000000000000
maximum_rotation: 1.0000000000000000
maximum_volume: 0.0000001000000000
maximum_shape: 0.0000001000000000
maximum_dsigma: 0.0100000000000000
mod: 10
pmod: 10
optimize: 1
verbose: 1
snapshot: 0
display: 1
explore: 1
npt: 0
nptxy: 0
nptdxdy: 0
shape: 0
seed: 279082
7.193294593193 2.058810058807 0.866025403784 0.500000000000
5.308348986696 5.041404958587 0.866025403784 0.500000000000
37.906533053527 19.629089665575 0.866025403784 -0.500000000000
5.603000506283 1.749301610870 0.866025403784 0.500000000000
1.248609285696 13.665511653569 0.866025403784 0.500000000000
8.704711570959 11.240017125332 0.000000000000 1.000000000000
-1.876367855767 9.441399573012 0.000000000000 1.000000000000
0.731257696329 -4.922106847446 0.866025403784 0.500000000000
4.303507057048 19.899386048425 0.866025403784 -0.500000000000
3.809696106182 4.225471634226 0.866025403784 0.500000000000
9.835153630932 -4.730706444452 0.866025403784 -0.500000000000
