#Configurational_file created 2018-09-14 13:48:00  started 2018-09-14 13:48:00 run for 0.0s steps 0
name: gc_288
step: 10000
specie: 12
	particle_diameter: 1.0000000000000000
	interaction_length: 1.2000000000000000
	number_of_patches: 3
	number_of_particles_per_compound: 1
	rod_length: 1.0000000000000000
	interaction_matrix:  1.000000 1.000000 1.000000 1.000000 1.000000 1.000000 1.000000 1.000000 1.000000
	patch_type: symmetric
	patch_width: 8.0000000000000000
	patch_angle: 0.0000000000000000
	angles:  0.000000 0.000000 0.000000
	grand_canonical: 1
	chemical_potential: -1.7586210000000000
box: 10.000000 10.000000
copy: 1.000000 1.000000
epsilon: 0.2931040000000000
end_epsilon: 0.0000000000000000
pressure: 1.0000000000000000
lambda: 0.0000000000000000
lambda_coupling: 1.0000000000000000
uy: 0.0000000000000000
maximum_displacement: 1.0000000000000000
maximum_rotation: 1.0000000000000000
maximum_volume: 0.0000001000000000
maximum_shape: 0.0000001000000000
maximum_dsigma: 0.0100000000000000
mod: 10
pmod: 10
optimize: 1
verbose: 1
snapshot: 0
display: 1
explore: 1
npt: 0
nptxy: 0
nptdxdy: 0
shape: 0
seed: 330247
4.444658047924 -1.960696180743 0.866025403784 0.500000000000
5.495425144388 1.051763410907 0.866025403784 0.500000000000
17.992156050028 7.814591950486 0.866025403784 0.500000000000
10.009626365516 6.493198922333 0.000000000000 1.000000000000
12.957468747693 5.572052861098 0.000000000000 1.000000000000
-3.553752832265 7.124299670365 0.000000000000 1.000000000000
-3.678828480834 7.385039702240 0.866025403784 -0.500000000000
9.464327802421 2.631029956222 0.866025403784 -0.500000000000
-3.862883809512 10.718966053478 0.000000000000 1.000000000000
2.936147707268 7.818043356472 0.866025403784 0.500000000000
4.539839435196 6.562724685136 0.866025403784 0.500000000000
13.262224211309 -18.048260178934 0.866025403784 -0.500000000000
