#Configurational_file created 2018-09-14 13:47:14  started 2018-09-14 13:47:14 run for 0.0s steps 0
name: gc_219
step: 10000
specie: 10
	particle_diameter: 1.0000000000000000
	interaction_length: 1.2000000000000000
	number_of_patches: 3
	number_of_particles_per_compound: 1
	rod_length: 1.0000000000000000
	interaction_matrix:  1.000000 1.000000 1.000000 1.000000 1.000000 1.000000 1.000000 1.000000 1.000000
	patch_type: symmetric
	patch_width: 8.0000000000000000
	patch_angle: 0.0000000000000000
	angles:  0.000000 0.000000 0.000000
	grand_canonical: 1
	chemical_potential: -2.0344829999999998
box: 10.000000 10.000000
copy: 1.000000 1.000000
epsilon: 0.1379320000000000
end_epsilon: 0.0000000000000000
pressure: 1.0000000000000000
lambda: 0.0000000000000000
lambda_coupling: 1.0000000000000000
uy: 0.0000000000000000
maximum_displacement: 1.0000000000000000
maximum_rotation: 1.0000000000000000
maximum_volume: 0.0000001000000000
maximum_shape: 0.0000001000000000
maximum_dsigma: 0.0100000000000000
mod: 10
pmod: 10
optimize: 1
verbose: 1
snapshot: 0
display: 1
explore: 1
npt: 0
nptxy: 0
nptdxdy: 0
shape: 0
seed: 251794
13.151608193423 15.399435600018 0.866025403784 0.500000000000
-5.866273216094 1.256713597527 0.000000000000 1.000000000000
1.661496482052 -0.803901595317 0.866025403784 -0.500000000000
5.700483212054 1.357137526430 0.866025403784 -0.500000000000
29.166358647565 2.879800905731 0.866025403784 0.500000000000
4.597666772363 6.959073886765 0.866025403784 0.500000000000
0.297237761399 2.704852258739 0.000000000000 1.000000000000
5.603817604439 19.168096746662 0.866025403784 -0.500000000000
2.285734010927 7.639958573104 0.866025403784 0.500000000000
0.659886168698 -3.188527114893 0.866025403784 -0.500000000000
