#Configurational_file created 2018-09-14 11:24:04  started 2018-09-14 11:24:04 run for 0.0s steps 0
name: gc_225
step: 10000
specie: 11
	particle_diameter: 1.0000000000000000
	interaction_length: 1.2000000000000000
	number_of_patches: 3
	number_of_particles_per_compound: 1
	rod_length: 1.0000000000000000
	interaction_matrix:  1.000000 1.000000 1.000000 1.000000 1.000000 1.000000 1.000000 1.000000 1.000000
	patch_type: symmetric
	patch_width: 8.0000000000000000
	patch_angle: 0.0000000000000000
	angles:  0.000000 0.000000 0.000000
	grand_canonical: 1
	chemical_potential: -1.6666669999999999
box: 10.000000 10.000000
copy: 1.000000 1.000000
epsilon: 2.0000000000000000
end_epsilon: 0.0000000000000000
pressure: 1.0000000000000000
lambda: 0.0000000000000000
lambda_coupling: 1.0000000000000000
uy: 0.0000000000000000
maximum_displacement: 1.0000000000000000
maximum_rotation: 1.0000000000000000
maximum_volume: 0.0000001000000000
maximum_shape: 0.0000001000000000
maximum_dsigma: 0.0100000000000000
mod: 10
pmod: 10
optimize: 1
verbose: 1
snapshot: 0
display: 1
explore: 1
npt: 0
nptxy: 0
nptdxdy: 0
shape: 0
seed: 258616
4.476269206078 10.592032950223 0.866025403784 0.500000000000
8.263234058779 2.975446396618 0.866025403784 0.500000000000
20.850826806408 18.025064862533 0.000000000000 1.000000000000
-11.385970046139 39.226928536175 0.866025403784 -0.500000000000
1.862268758983 13.405959292910 0.866025403784 0.500000000000
9.091736197728 3.256681866400 0.866025403784 -0.500000000000
3.592435673481 4.327982575922 0.000000000000 1.000000000000
3.184674415469 -5.218606993389 0.866025403784 0.500000000000
1.180615260016 8.948074731690 0.866025403784 -0.500000000000
8.102526396043 -5.041090857106 0.866025403784 0.500000000000
8.158996628525 8.687122175671 0.866025403784 0.500000000000
