#Configurational_file created 2018-09-14 11:24:09  started 2018-09-14 11:24:09 run for 0.0s steps 0
name: gc_232
step: 10000
specie: 15
	particle_diameter: 1.0000000000000000
	interaction_length: 1.2000000000000000
	number_of_patches: 3
	number_of_particles_per_compound: 1
	rod_length: 1.0000000000000000
	interaction_matrix:  1.000000 1.000000 1.000000 1.000000 1.000000 1.000000 1.000000 1.000000 1.000000
	patch_type: symmetric
	patch_width: 8.0000000000000000
	patch_angle: 0.0000000000000000
	angles:  0.000000 0.000000 0.000000
	grand_canonical: 1
	chemical_potential: -1.5000000000000000
box: 10.000000 10.000000
copy: 1.000000 1.000000
epsilon: 0.5000750000000000
end_epsilon: 0.0000000000000000
pressure: 1.0000000000000000
lambda: 0.0000000000000000
lambda_coupling: 1.0000000000000000
uy: 0.0000000000000000
maximum_displacement: 1.0000000000000000
maximum_rotation: 1.0000000000000000
maximum_volume: 0.0000001000000000
maximum_shape: 0.0000001000000000
maximum_dsigma: 0.0100000000000000
mod: 10
pmod: 10
optimize: 1
verbose: 1
snapshot: 0
display: 1
explore: 1
npt: 0
nptxy: 0
nptdxdy: 0
shape: 0
seed: 266575
7.730456285531 6.348608400525 0.866025403784 -0.500000000000
-1.221184120113 8.171654828456 0.866025403784 0.500000000000
13.637536056162 -10.238500744476 0.000000000000 1.000000000000
3.449608513515 5.905664522197 0.000000000000 1.000000000000
17.574359954788 -1.097863463856 0.866025403784 0.500000000000
-6.045927710116 1.159765565175 0.866025403784 -0.500000000000
7.196366965899 5.730569840216 0.866025403784 0.500000000000
12.312883117998 2.680191866964 0.866025403784 -0.500000000000
14.102580385526 2.488596647314 0.866025403784 -0.500000000000
6.401599115123 2.373740408869 0.000000000000 1.000000000000
-0.414102387276 1.324967996383 0.866025403784 0.500000000000
2.488485528734 7.555063984245 0.866025403784 0.500000000000
2.079410636022 5.707879420974 0.866025403784 0.500000000000
5.754420139657 10.504049260165 0.866025403784 -0.500000000000
11.235448274205 10.602771659215 0.866025403784 0.500000000000
