#Configurational_file created 2018-09-14 11:24:21  started 2018-09-14 11:24:20 run for 1.0s steps 0
name: gc_248
step: 10000
specie: 16
	particle_diameter: 1.0000000000000000
	interaction_length: 1.2000000000000000
	number_of_patches: 3
	number_of_particles_per_compound: 1
	rod_length: 1.0000000000000000
	interaction_matrix:  1.000000 1.000000 1.000000 1.000000 1.000000 1.000000 1.000000 1.000000 1.000000
	patch_type: symmetric
	patch_width: 8.0000000000000000
	patch_angle: 0.0000000000000000
	angles:  0.000000 0.000000 0.000000
	grand_canonical: 1
	chemical_potential: -1.5000000000000000
box: 10.000000 10.000000
copy: 1.000000 1.000000
epsilon: 1.8333420000000000
end_epsilon: 0.0000000000000000
pressure: 1.0000000000000000
lambda: 0.0000000000000000
lambda_coupling: 1.0000000000000000
uy: 0.0000000000000000
maximum_displacement: 1.0000000000000000
maximum_rotation: 1.0000000000000000
maximum_volume: 0.0000001000000000
maximum_shape: 0.0000001000000000
maximum_dsigma: 0.0100000000000000
mod: 10
pmod: 10
optimize: 1
verbose: 1
snapshot: 0
display: 1
explore: 1
npt: 0
nptxy: 0
nptdxdy: 0
shape: 0
seed: 284767
15.300952445529 13.053545939269 0.866025403784 0.500000000000
11.757841218651 9.934234997525 0.866025403784 0.500000000000
12.816657567386 39.954539168767 0.866025403784 -0.500000000000
13.924892767280 1.351965730806 0.000000000000 1.000000000000
-4.565928899811 8.966965237503 0.000000000000 1.000000000000
12.890547052808 -7.772615356356 0.866025403784 -0.500000000000
0.806564284079 6.522025115800 0.866025403784 -0.500000000000
4.258138305120 7.592754987585 0.000000000000 1.000000000000
12.276194676555 -14.775456902086 0.000000000000 1.000000000000
20.588537118196 7.911151300304 0.866025403784 -0.500000000000
7.013699982374 5.068093762436 0.866025403784 -0.500000000000
8.162373047067 6.570946306264 0.866025403784 0.500000000000
7.213599209667 9.286845311209 0.866025403784 0.500000000000
-0.432073482164 4.681107281220 0.866025403784 0.500000000000
0.258734374122 2.119758681745 0.866025403784 -0.500000000000
8.051312907239 1.798677174786 0.866025403784 0.500000000000
