#Configurational_file created 2018-09-14 11:23:56  started 2018-09-14 11:23:55 run for 1.0s steps 0
name: gc_213
step: 10000
specie: 14
	particle_diameter: 1.0000000000000000
	interaction_length: 1.2000000000000000
	number_of_patches: 3
	number_of_particles_per_compound: 1
	rod_length: 1.0000000000000000
	interaction_matrix:  1.000000 1.000000 1.000000 1.000000 1.000000 1.000000 1.000000 1.000000 1.000000
	patch_type: symmetric
	patch_width: 8.0000000000000000
	patch_angle: 0.0000000000000000
	angles:  0.000000 0.000000 0.000000
	grand_canonical: 1
	chemical_potential: -1.6666669999999999
box: 10.000000 10.000000
copy: 1.000000 1.000000
epsilon: 1.0000500000000001
end_epsilon: 0.0000000000000000
pressure: 1.0000000000000000
lambda: 0.0000000000000000
lambda_coupling: 1.0000000000000000
uy: 0.0000000000000000
maximum_displacement: 1.0000000000000000
maximum_rotation: 1.0000000000000000
maximum_volume: 0.0000001000000000
maximum_shape: 0.0000001000000000
maximum_dsigma: 0.0100000000000000
mod: 10
pmod: 10
optimize: 1
verbose: 1
snapshot: 0
display: 1
explore: 1
npt: 0
nptxy: 0
nptdxdy: 0
shape: 0
seed: 244972
-16.224496402882 -7.062347914551 0.866025403784 -0.500000000000
-2.180584800533 8.205609093590 0.866025403784 -0.500000000000
32.397692547017 -3.549326526856 0.866025403784 0.500000000000
-4.251913959709 3.304175284764 0.000000000000 1.000000000000
9.437952576450 -0.072645496546 0.866025403784 -0.500000000000
0.672955448377 -10.523395536792 0.866025403784 0.500000000000
9.108503357611 -3.184254498902 0.866025403784 0.500000000000
3.058235052904 9.363339927578 0.866025403784 0.500000000000
11.409195312689 3.676374446714 0.000000000000 1.000000000000
11.957978405132 -1.384576598493 0.000000000000 1.000000000000
9.531471665133 8.411613138459 0.000000000000 1.000000000000
0.837743733295 16.846815462075 0.866025403784 -0.500000000000
7.800161100823 0.980237380041 0.866025403784 -0.500000000000
3.755226323467 2.372203884059 0.000000000000 1.000000000000
