#Configurational_file created 2018-09-14 13:47:08  started 2018-09-14 13:47:07 run for 1.0s steps 0
name: gc_209
step: 10000
specie: 10
	particle_diameter: 1.0000000000000000
	interaction_length: 1.2000000000000000
	number_of_patches: 3
	number_of_particles_per_compound: 1
	rod_length: 1.0000000000000000
	interaction_matrix:  1.000000 1.000000 1.000000 1.000000 1.000000 1.000000 1.000000 1.000000 1.000000
	patch_type: symmetric
	patch_width: 8.0000000000000000
	patch_angle: 0.0000000000000000
	angles:  0.000000 0.000000 0.000000
	grand_canonical: 1
	chemical_potential: -2.1724139999999998
box: 10.000000 10.000000
copy: 1.000000 1.000000
epsilon: 0.4827590000000000
end_epsilon: 0.0000000000000000
pressure: 1.0000000000000000
lambda: 0.0000000000000000
lambda_coupling: 1.0000000000000000
uy: 0.0000000000000000
maximum_displacement: 1.0000000000000000
maximum_rotation: 1.0000000000000000
maximum_volume: 0.0000001000000000
maximum_shape: 0.0000001000000000
maximum_dsigma: 0.0100000000000000
mod: 10
pmod: 10
optimize: 1
verbose: 1
snapshot: 0
display: 1
explore: 1
npt: 0
nptxy: 0
nptdxdy: 0
shape: 0
seed: 240424
3.757130964226 3.768968204995 0.000000000000 1.000000000000
13.221999812923 7.781747854409 0.866025403784 0.500000000000
7.872219903559 -4.662262261644 0.866025403784 -0.500000000000
2.637438532926 4.906769047469 0.866025403784 0.500000000000
9.950754658410 13.916373339382 0.866025403784 0.500000000000
12.032137468319 -1.562998724193 0.866025403784 0.500000000000
-9.621581688167 -0.231647895552 0.000000000000 1.000000000000
6.993410077726 8.778564064698 0.866025403784 0.500000000000
-0.050562280599 -4.202404287911 0.000000000000 1.000000000000
6.485096238738 0.319926470758 0.866025403784 -0.500000000000
