#Configurational_file created 2018-09-14 11:24:18  started 2018-09-14 11:24:17 run for 1.0s steps 0
name: gc_244
step: 10000
specie: 16
	particle_diameter: 1.0000000000000000
	interaction_length: 1.2000000000000000
	number_of_patches: 3
	number_of_particles_per_compound: 1
	rod_length: 1.0000000000000000
	interaction_matrix:  1.000000 1.000000 1.000000 1.000000 1.000000 1.000000 1.000000 1.000000 1.000000
	patch_type: symmetric
	patch_width: 8.0000000000000000
	patch_angle: 0.0000000000000000
	angles:  0.000000 0.000000 0.000000
	grand_canonical: 1
	chemical_potential: -1.5000000000000000
box: 10.000000 10.000000
copy: 1.000000 1.000000
epsilon: 1.5000249999999999
end_epsilon: 0.0000000000000000
pressure: 1.0000000000000000
lambda: 0.0000000000000000
lambda_coupling: 1.0000000000000000
uy: 0.0000000000000000
maximum_displacement: 1.0000000000000000
maximum_rotation: 1.0000000000000000
maximum_volume: 0.0000001000000000
maximum_shape: 0.0000001000000000
maximum_dsigma: 0.0100000000000000
mod: 10
pmod: 10
optimize: 1
verbose: 1
snapshot: 0
display: 1
explore: 1
npt: 0
nptxy: 0
nptdxdy: 0
shape: 0
seed: 280219
10.040104977461 5.782476143182 0.000000000000 1.000000000000
-0.274438672470 1.039596678325 0.866025403784 0.500000000000
6.743079123394 2.712359960673 0.000000000000 1.000000000000
9.834556768534 8.412669027514 0.000000000000 1.000000000000
9.168702312592 5.280046583366 0.866025403784 -0.500000000000
0.702241450141 -0.136063645733 0.866025403784 -0.500000000000
4.103105546016 13.147942665559 0.866025403784 0.500000000000
10.679112022516 11.436713498686 0.866025403784 0.500000000000
12.687092036547 4.770514751140 0.000000000000 1.000000000000
13.022720617519 6.288005370228 0.866025403784 -0.500000000000
6.025513375218 5.313833430586 0.866025403784 -0.500000000000
11.376630982905 17.036994870064 0.866025403784 0.500000000000
1.893598404931 3.973053361605 0.866025403784 -0.500000000000
5.982475612761 7.157305168629 0.866025403784 0.500000000000
5.232978753712 1.882100852232 0.866025403784 -0.500000000000
5.509595515188 8.456531968594 0.866025403784 0.500000000000
