#Configurational_file created 2018-09-14 11:51:47  started 2018-09-14 11:51:46 run for 1.0s steps 0
name: gc_230
step: 10000
specie: 19
	particle_diameter: 1.0000000000000000
	interaction_length: 1.2000000000000000
	number_of_patches: 3
	number_of_particles_per_compound: 1
	rod_length: 1.0000000000000000
	interaction_matrix:  1.000000 1.000000 1.000000 1.000000 1.000000 1.000000 1.000000 1.000000 1.000000
	patch_type: symmetric
	patch_width: 8.0000000000000000
	patch_angle: 0.0000000000000000
	angles:  0.000000 0.000000 0.000000
	grand_canonical: 1
	chemical_potential: -1.5000000000000000
box: 10.000000 10.000000
copy: 1.000000 1.000000
epsilon: 0.0166680000000000
end_epsilon: 0.0000000000000000
pressure: 1.0000000000000000
lambda: 0.0000000000000000
lambda_coupling: 1.0000000000000000
uy: 0.0000000000000000
maximum_displacement: 1.0000000000000000
maximum_rotation: 1.0000000000000000
maximum_volume: 0.0000001000000000
maximum_shape: 0.0000001000000000
maximum_dsigma: 0.0100000000000000
mod: 10
pmod: 10
optimize: 1
verbose: 1
snapshot: 0
display: 1
explore: 1
npt: 0
nptxy: 0
nptdxdy: 0
shape: 0
seed: 264301
9.756721950086 -5.585986994299 0.866025403784 0.500000000000
11.679605448781 3.993216658667 0.866025403784 0.500000000000
5.777524261055 6.332487534567 0.866025403784 -0.500000000000
3.639405814224 -3.909473807612 0.866025403784 -0.500000000000
23.255834397907 -9.683726466380 0.000000000000 1.000000000000
-1.604320841475 11.068601181843 0.866025403784 -0.500000000000
-9.688371855601 2.577225995109 0.866025403784 0.500000000000
9.151390112728 7.569754407611 0.866025403784 0.500000000000
7.652306759493 6.941022835509 0.000000000000 1.000000000000
2.475992776247 12.677000021024 0.000000000000 1.000000000000
5.014007225867 3.589586319038 0.866025403784 0.500000000000
12.161045710138 9.644774068178 0.000000000000 1.000000000000
4.100121799283 -8.805515731407 0.866025403784 -0.500000000000
11.133331458409 10.073642630603 0.000000000000 1.000000000000
7.180206864114 5.014624053421 0.000000000000 1.000000000000
13.026184309449 3.879980255897 0.866025403784 0.500000000000
1.705212701655 11.326267740388 0.000000000000 1.000000000000
3.302961561461 7.704380106947 0.866025403784 -0.500000000000
2.003065460726 6.045145080141 0.866025403784 -0.500000000000
