#Configurational_file created 2018-09-14 11:24:52  started 2018-09-14 11:24:51 run for 1.0s steps 0
name: gc_290
step: 10000
specie: 16
	particle_diameter: 1.0000000000000000
	interaction_length: 1.2000000000000000
	number_of_patches: 3
	number_of_particles_per_compound: 1
	rod_length: 1.0000000000000000
	interaction_matrix:  1.000000 1.000000 1.000000 1.000000 1.000000 1.000000 1.000000 1.000000 1.000000
	patch_type: symmetric
	patch_width: 8.0000000000000000
	patch_angle: 0.0000000000000000
	angles:  0.000000 0.000000 0.000000
	grand_canonical: 1
	chemical_potential: -1.1666669999999999
box: 10.000000 10.000000
copy: 1.000000 1.000000
epsilon: 1.1667080000000001
end_epsilon: 0.0000000000000000
pressure: 1.0000000000000000
lambda: 0.0000000000000000
lambda_coupling: 1.0000000000000000
uy: 0.0000000000000000
maximum_displacement: 1.0000000000000000
maximum_rotation: 1.0000000000000000
maximum_volume: 0.0000001000000000
maximum_shape: 0.0000001000000000
maximum_dsigma: 0.0100000000000000
mod: 10
pmod: 10
optimize: 1
verbose: 1
snapshot: 0
display: 1
explore: 1
npt: 0
nptxy: 0
nptdxdy: 0
shape: 0
seed: 332521
9.846017501997 -1.012435293666 0.866025403784 -0.500000000000
6.697057460861 12.203753992835 0.866025403784 -0.500000000000
3.521755417341 6.687501493414 0.866025403784 0.500000000000
5.586137669649 -2.728799323785 0.000000000000 1.000000000000
1.590847232461 -1.565715717134 0.000000000000 1.000000000000
8.270631871816 -12.347607024697 0.000000000000 1.000000000000
7.880433018228 -7.294190922999 0.866025403784 0.500000000000
7.344213382663 20.736944763507 0.866025403784 0.500000000000
1.388664442392 1.219808530947 0.866025403784 -0.500000000000
4.303204011876 10.189880509120 0.866025403784 0.500000000000
-2.112222724613 -0.639263153388 0.000000000000 1.000000000000
12.865435093441 1.326820995537 0.866025403784 -0.500000000000
3.708800181632 -5.794776404683 0.000000000000 1.000000000000
10.417452180779 0.248125931815 0.866025403784 -0.500000000000
5.809878130836 7.837808877061 0.866025403784 -0.500000000000
1.069156583313 3.943782587246 0.000000000000 1.000000000000
