#Configurational_file created 2018-09-14 11:51:31  started 2018-09-14 11:51:30 run for 1.0s steps 0
name: gc_206
step: 10000
specie: 15
	particle_diameter: 1.0000000000000000
	interaction_length: 1.2000000000000000
	number_of_patches: 3
	number_of_particles_per_compound: 1
	rod_length: 1.0000000000000000
	interaction_matrix:  1.000000 1.000000 1.000000 1.000000 1.000000 1.000000 1.000000 1.000000 1.000000
	patch_type: symmetric
	patch_width: 8.0000000000000000
	patch_angle: 0.0000000000000000
	angles:  0.000000 0.000000 0.000000
	grand_canonical: 1
	chemical_potential: -1.6666669999999999
box: 10.000000 10.000000
copy: 1.000000 1.000000
epsilon: 0.0208340000000000
end_epsilon: 0.0000000000000000
pressure: 1.0000000000000000
lambda: 0.0000000000000000
lambda_coupling: 1.0000000000000000
uy: 0.0000000000000000
maximum_displacement: 1.0000000000000000
maximum_rotation: 1.0000000000000000
maximum_volume: 0.0000001000000000
maximum_shape: 0.0000001000000000
maximum_dsigma: 0.0100000000000000
mod: 10
pmod: 10
optimize: 1
verbose: 1
snapshot: 0
display: 1
explore: 1
npt: 0
nptxy: 0
nptdxdy: 0
shape: 0
seed: 237013
4.350685840673 35.265434941736 0.000000000000 1.000000000000
2.663699469377 -7.364550232816 0.000000000000 1.000000000000
4.047880829545 3.794997341346 0.866025403784 -0.500000000000
4.265750900559 -0.034229192604 0.866025403784 -0.500000000000
9.150730264281 3.054619582356 0.866025403784 0.500000000000
11.533245259753 -7.083142695264 0.866025403784 -0.500000000000
4.942430475332 12.556579863624 0.866025403784 -0.500000000000
16.422038013343 -4.077454300588 0.866025403784 -0.500000000000
17.687503034468 3.321967971879 0.000000000000 1.000000000000
17.850932749427 14.733187636838 0.866025403784 0.500000000000
7.823800879213 -2.151999842141 0.000000000000 1.000000000000
12.216769784736 5.107604459674 0.866025403784 -0.500000000000
3.521662268333 -0.281224618604 0.866025403784 0.500000000000
-0.935397010300 9.737084932722 0.866025403784 0.500000000000
1.804097433492 6.736482045475 0.866025403784 -0.500000000000
