#Configurational_file created 2018-09-14 11:24:11  started 2018-09-14 11:24:10 run for 1.0s steps 0
name: gc_234
step: 10000
specie: 16
	particle_diameter: 1.0000000000000000
	interaction_length: 1.2000000000000000
	number_of_patches: 3
	number_of_particles_per_compound: 1
	rod_length: 1.0000000000000000
	interaction_matrix:  1.000000 1.000000 1.000000 1.000000 1.000000 1.000000 1.000000 1.000000 1.000000
	patch_type: symmetric
	patch_width: 8.0000000000000000
	patch_angle: 0.0000000000000000
	angles:  0.000000 0.000000 0.000000
	grand_canonical: 1
	chemical_potential: -1.5000000000000000
box: 10.000000 10.000000
copy: 1.000000 1.000000
epsilon: 0.6667330000000000
end_epsilon: 0.0000000000000000
pressure: 1.0000000000000000
lambda: 0.0000000000000000
lambda_coupling: 1.0000000000000000
uy: 0.0000000000000000
maximum_displacement: 1.0000000000000000
maximum_rotation: 1.0000000000000000
maximum_volume: 0.0000001000000000
maximum_shape: 0.0000001000000000
maximum_dsigma: 0.0100000000000000
mod: 10
pmod: 10
optimize: 1
verbose: 1
snapshot: 0
display: 1
explore: 1
npt: 0
nptxy: 0
nptdxdy: 0
shape: 0
seed: 268849
4.216992449667 3.876802887773 0.866025403784 0.500000000000
20.099206003763 -29.086134114409 0.866025403784 0.500000000000
-1.450819690387 16.346179692640 0.866025403784 0.500000000000
8.505041456227 1.857791394466 0.866025403784 0.500000000000
6.458160604956 3.403762955938 0.866025403784 0.500000000000
5.083535191765 1.303207393596 0.866025403784 0.500000000000
12.892722191824 -0.891371464663 0.866025403784 0.500000000000
3.631191353182 -0.836131406580 0.000000000000 1.000000000000
10.252390680916 5.490133436365 0.866025403784 -0.500000000000
1.154800247739 7.030872148961 0.866025403784 0.500000000000
6.170796211778 5.907198914936 0.866025403784 0.500000000000
8.537973680319 -2.194265478428 0.866025403784 0.500000000000
-2.899638602216 -2.499086594299 0.866025403784 -0.500000000000
10.132341451325 -1.401886629649 0.866025403784 0.500000000000
-6.997739682480 5.417230489707 0.866025403784 0.500000000000
2.360274822715 7.883206398670 0.866025403784 0.500000000000
