#Configurational_file created 2018-09-14 11:23:50  started 2018-09-14 11:23:50 run for 0.0s steps 0
name: gc_205
step: 10000
specie: 12
	particle_diameter: 1.0000000000000000
	interaction_length: 1.2000000000000000
	number_of_patches: 3
	number_of_particles_per_compound: 1
	rod_length: 1.0000000000000000
	interaction_matrix:  1.000000 1.000000 1.000000 1.000000 1.000000 1.000000 1.000000 1.000000 1.000000
	patch_type: symmetric
	patch_width: 8.0000000000000000
	patch_angle: 0.0000000000000000
	angles:  0.000000 0.000000 0.000000
	grand_canonical: 1
	chemical_potential: -1.6666669999999999
box: 10.000000 10.000000
copy: 1.000000 1.000000
epsilon: 0.3334170000000000
end_epsilon: 0.0000000000000000
pressure: 1.0000000000000000
lambda: 0.0000000000000000
lambda_coupling: 1.0000000000000000
uy: 0.0000000000000000
maximum_displacement: 1.0000000000000000
maximum_rotation: 1.0000000000000000
maximum_volume: 0.0000001000000000
maximum_shape: 0.0000001000000000
maximum_dsigma: 0.0100000000000000
mod: 10
pmod: 10
optimize: 1
verbose: 1
snapshot: 0
display: 1
explore: 1
npt: 0
nptxy: 0
nptdxdy: 0
shape: 0
seed: 235876
3.918389884261 0.970779855412 0.000000000000 1.000000000000
12.443633029613 6.947437216005 0.866025403784 0.500000000000
7.148363314425 8.468264400791 0.866025403784 0.500000000000
4.479711514552 -1.814155294816 0.866025403784 0.500000000000
-0.524030063987 2.978129250207 0.000000000000 1.000000000000
36.819621739283 23.899652278861 0.000000000000 1.000000000000
9.791126923419 -5.867149690948 0.866025403784 0.500000000000
10.721143446991 -10.144483487524 0.866025403784 0.500000000000
6.327722472703 5.691006576817 0.000000000000 1.000000000000
12.980940134237 -0.451916104212 0.866025403784 -0.500000000000
5.712917850898 9.752384397035 0.866025403784 0.500000000000
1.789688955913 5.858688513630 0.866025403784 0.500000000000
