#Configurational_file created 2018-09-14 11:24:00  started 2018-09-14 11:23:59 run for 1.0s steps 0
name: gc_219
step: 10000
specie: 10
	particle_diameter: 1.0000000000000000
	interaction_length: 1.2000000000000000
	number_of_patches: 3
	number_of_particles_per_compound: 1
	rod_length: 1.0000000000000000
	interaction_matrix:  1.000000 1.000000 1.000000 1.000000 1.000000 1.000000 1.000000 1.000000 1.000000
	patch_type: symmetric
	patch_width: 8.0000000000000000
	patch_angle: 0.0000000000000000
	angles:  0.000000 0.000000 0.000000
	grand_canonical: 1
	chemical_potential: -1.6666669999999999
box: 10.000000 10.000000
copy: 1.000000 1.000000
epsilon: 1.5000249999999999
end_epsilon: 0.0000000000000000
pressure: 1.0000000000000000
lambda: 0.0000000000000000
lambda_coupling: 1.0000000000000000
uy: 0.0000000000000000
maximum_displacement: 1.0000000000000000
maximum_rotation: 1.0000000000000000
maximum_volume: 0.0000001000000000
maximum_shape: 0.0000001000000000
maximum_dsigma: 0.0100000000000000
mod: 10
pmod: 10
optimize: 1
verbose: 1
snapshot: 0
display: 1
explore: 1
npt: 0
nptxy: 0
nptdxdy: 0
shape: 0
seed: 251794
-2.279099314237 -1.063531829398 0.000000000000 1.000000000000
-2.330925162754 12.267125850829 0.866025403784 0.500000000000
9.741212474309 18.055610708617 0.866025403784 0.500000000000
-7.407692283235 16.942547589791 0.866025403784 0.500000000000
-0.718348925095 4.269942519209 0.000000000000 1.000000000000
16.626811316964 23.879596116327 0.866025403784 -0.500000000000
-1.333728274591 6.021031925185 0.866025403784 0.500000000000
9.859525505681 1.478027004472 0.000000000000 1.000000000000
15.742231402902 6.497167490567 0.866025403784 0.500000000000
8.403454547875 -12.595622129886 0.000000000000 1.000000000000
