#Configurational_file created 2018-09-14 11:52:18  started 2018-09-14 11:52:17 run for 1.0s steps 0
name: gc_271
step: 10000
specie: 14
	particle_diameter: 1.0000000000000000
	interaction_length: 1.2000000000000000
	number_of_patches: 3
	number_of_particles_per_compound: 1
	rod_length: 1.0000000000000000
	interaction_matrix:  1.000000 1.000000 1.000000 1.000000 1.000000 1.000000 1.000000 1.000000 1.000000
	patch_type: symmetric
	patch_width: 8.0000000000000000
	patch_angle: 0.0000000000000000
	angles:  0.000000 0.000000 0.000000
	grand_canonical: 1
	chemical_potential: -1.3333330000000001
box: 10.000000 10.000000
copy: 1.000000 1.000000
epsilon: 0.0833340000000000
end_epsilon: 0.0000000000000000
pressure: 1.0000000000000000
lambda: 0.0000000000000000
lambda_coupling: 1.0000000000000000
uy: 0.0000000000000000
maximum_displacement: 1.0000000000000000
maximum_rotation: 1.0000000000000000
maximum_volume: 0.0000001000000000
maximum_shape: 0.0000001000000000
maximum_dsigma: 0.0100000000000000
mod: 10
pmod: 10
optimize: 1
verbose: 1
snapshot: 0
display: 1
explore: 1
npt: 0
nptxy: 0
nptdxdy: 0
shape: 0
seed: 310918
2.578698524424 4.487562459442 0.866025403784 0.500000000000
-6.962374774657 -8.137883177944 0.866025403784 0.500000000000
8.851565855820 1.617916895728 0.866025403784 -0.500000000000
-11.416336788956 3.447161732493 0.866025403784 0.500000000000
-2.148390312163 6.163276813977 0.866025403784 -0.500000000000
-9.793791349836 -13.391073335241 0.000000000000 1.000000000000
5.374734700844 3.088503988851 0.866025403784 0.500000000000
3.619108303242 13.813277222183 0.866025403784 0.500000000000
-8.863964585790 -0.243864093389 0.000000000000 1.000000000000
-3.822500117409 -7.424635732736 0.000000000000 1.000000000000
12.513642935884 10.251089270429 0.866025403784 -0.500000000000
9.207780456475 1.119410486464 0.000000000000 1.000000000000
7.701443948451 -0.025822566333 0.866025403784 -0.500000000000
4.820425901632 7.807124462128 0.866025403784 -0.500000000000
