#Configurational_file created 2018-09-14 13:47:29  started 2018-09-14 13:47:28 run for 1.0s steps 0
name: gc_241
step: 10000
specie: 9
	particle_diameter: 1.0000000000000000
	interaction_length: 1.2000000000000000
	number_of_patches: 3
	number_of_particles_per_compound: 1
	rod_length: 1.0000000000000000
	interaction_matrix:  1.000000 1.000000 1.000000 1.000000 1.000000 1.000000 1.000000 1.000000 1.000000
	patch_type: symmetric
	patch_width: 8.0000000000000000
	patch_angle: 0.0000000000000000
	angles:  0.000000 0.000000 0.000000
	grand_canonical: 1
	chemical_potential: -1.8965520000000000
box: 10.000000 10.000000
copy: 1.000000 1.000000
epsilon: 0.0000010000000000
end_epsilon: 0.0000000000000000
pressure: 1.0000000000000000
lambda: 0.0000000000000000
lambda_coupling: 1.0000000000000000
uy: 0.0000000000000000
maximum_displacement: 1.0000000000000000
maximum_rotation: 1.0000000000000000
maximum_volume: 0.0000001000000000
maximum_shape: 0.0000001000000000
maximum_dsigma: 0.0100000000000000
mod: 10
pmod: 10
optimize: 1
verbose: 1
snapshot: 0
display: 1
explore: 1
npt: 0
nptxy: 0
nptdxdy: 0
shape: 0
seed: 276808
10.512104891789 9.053781369121 0.866025403784 -0.500000000000
8.599488183469 6.813527034641 0.866025403784 -0.500000000000
1.481263909307 6.880299361388 0.866025403784 -0.500000000000
-9.688480679382 5.396154532575 0.866025403784 0.500000000000
4.543862798847 12.795121322758 0.866025403784 -0.500000000000
12.063842845208 -0.938314287807 0.000000000000 1.000000000000
7.772404906831 2.928737084413 0.866025403784 -0.500000000000
8.036796448150 4.692973706868 0.000000000000 1.000000000000
-7.079973090875 -2.600303563382 0.000000000000 1.000000000000
