#Configurational_file created 2018-09-14 11:51:33  started 2018-09-14 11:51:33 run for 0.0s steps 0
name: gc_210
step: 10000
specie: 16
	particle_diameter: 1.0000000000000000
	interaction_length: 1.2000000000000000
	number_of_patches: 3
	number_of_particles_per_compound: 1
	rod_length: 1.0000000000000000
	interaction_matrix:  1.000000 1.000000 1.000000 1.000000 1.000000 1.000000 1.000000 1.000000 1.000000
	patch_type: symmetric
	patch_width: 8.0000000000000000
	patch_angle: 0.0000000000000000
	angles:  0.000000 0.000000 0.000000
	grand_canonical: 1
	chemical_potential: -1.6666669999999999
box: 10.000000 10.000000
copy: 1.000000 1.000000
epsilon: 0.0375010000000000
end_epsilon: 0.0000000000000000
pressure: 1.0000000000000000
lambda: 0.0000000000000000
lambda_coupling: 1.0000000000000000
uy: 0.0000000000000000
maximum_displacement: 1.0000000000000000
maximum_rotation: 1.0000000000000000
maximum_volume: 0.0000001000000000
maximum_shape: 0.0000001000000000
maximum_dsigma: 0.0100000000000000
mod: 10
pmod: 10
optimize: 1
verbose: 1
snapshot: 0
display: 1
explore: 1
npt: 0
nptxy: 0
nptdxdy: 0
shape: 0
seed: 241561
0.303339259778 -7.444838260930 0.866025403784 -0.500000000000
1.786487874856 12.138900516705 0.866025403784 -0.500000000000
5.885832070346 -2.327404198823 0.866025403784 -0.500000000000
-14.455803301003 1.452936946590 0.866025403784 -0.500000000000
13.687148911702 17.327154741358 0.866025403784 -0.500000000000
0.101447092573 -1.667550598602 0.866025403784 -0.500000000000
5.103634447630 -5.021526094463 0.866025403784 0.500000000000
0.261606782395 14.874673458122 0.866025403784 0.500000000000
-1.279080788491 0.519053348611 0.866025403784 0.500000000000
10.501095932781 -1.719837393193 0.000000000000 1.000000000000
0.343115644488 5.935669435015 0.866025403784 -0.500000000000
4.216027229322 6.910201985207 0.866025403784 0.500000000000
3.282445626466 12.264980083911 0.866025403784 0.500000000000
6.305318239239 0.865223565030 0.000000000000 1.000000000000
7.699347457748 3.966245330971 0.866025403784 0.500000000000
6.962902700842 1.941967503408 0.866025403784 0.500000000000
