#Configurational_file created 2018-09-14 13:47:35  started 2018-09-14 13:47:34 run for 1.0s steps 0
name: gc_250
step: 10000
specie: 10
	particle_diameter: 1.0000000000000000
	interaction_length: 1.2000000000000000
	number_of_patches: 3
	number_of_particles_per_compound: 1
	rod_length: 1.0000000000000000
	interaction_matrix:  1.000000 1.000000 1.000000 1.000000 1.000000 1.000000 1.000000 1.000000 1.000000
	patch_type: symmetric
	patch_width: 8.0000000000000000
	patch_angle: 0.0000000000000000
	angles:  0.000000 0.000000 0.000000
	grand_canonical: 1
	chemical_potential: -1.8965520000000000
box: 10.000000 10.000000
copy: 1.000000 1.000000
epsilon: 0.1551730000000000
end_epsilon: 0.0000000000000000
pressure: 1.0000000000000000
lambda: 0.0000000000000000
lambda_coupling: 1.0000000000000000
uy: 0.0000000000000000
maximum_displacement: 1.0000000000000000
maximum_rotation: 1.0000000000000000
maximum_volume: 0.0000001000000000
maximum_shape: 0.0000001000000000
maximum_dsigma: 0.0100000000000000
mod: 10
pmod: 10
optimize: 1
verbose: 1
snapshot: 0
display: 1
explore: 1
npt: 0
nptxy: 0
nptdxdy: 0
shape: 0
seed: 287041
-3.868870942864 4.266492689259 0.866025403784 0.500000000000
8.646408774303 11.182606602288 0.000000000000 1.000000000000
4.971599501333 10.815211074178 0.000000000000 1.000000000000
8.854451405433 1.449732226875 0.866025403784 -0.500000000000
8.557205467724 8.273439097327 0.000000000000 1.000000000000
-9.219453571150 -1.234972007780 0.866025403784 0.500000000000
-4.583930859524 8.640910079574 0.866025403784 0.500000000000
4.812674748517 6.802135630146 0.000000000000 1.000000000000
7.801826421136 -5.645649337505 0.000000000000 1.000000000000
1.694095252488 1.037048159433 0.000000000000 1.000000000000
