#Configurational_file created 2018-09-14 11:52:37  started 2018-09-14 11:52:36 run for 1.0s steps 0
name: gc_296
step: 10000
specie: 16
	particle_diameter: 1.0000000000000000
	interaction_length: 1.2000000000000000
	number_of_patches: 3
	number_of_particles_per_compound: 1
	rod_length: 1.0000000000000000
	interaction_matrix:  1.000000 1.000000 1.000000 1.000000 1.000000 1.000000 1.000000 1.000000 1.000000
	patch_type: symmetric
	patch_width: 8.0000000000000000
	patch_angle: 0.0000000000000000
	angles:  0.000000 0.000000 0.000000
	grand_canonical: 1
	chemical_potential: -1.1666669999999999
box: 10.000000 10.000000
copy: 1.000000 1.000000
epsilon: 0.0833340000000000
end_epsilon: 0.0000000000000000
pressure: 1.0000000000000000
lambda: 0.0000000000000000
lambda_coupling: 1.0000000000000000
uy: 0.0000000000000000
maximum_displacement: 1.0000000000000000
maximum_rotation: 1.0000000000000000
maximum_volume: 0.0000001000000000
maximum_shape: 0.0000001000000000
maximum_dsigma: 0.0100000000000000
mod: 10
pmod: 10
optimize: 1
verbose: 1
snapshot: 0
display: 1
explore: 1
npt: 0
nptxy: 0
nptdxdy: 0
shape: 0
seed: 339343
17.480680561368 -10.577776747416 0.000000000000 1.000000000000
10.376430018121 15.902208859814 0.866025403784 -0.500000000000
-8.045150666780 15.243860168712 0.866025403784 -0.500000000000
10.560629974556 -2.556538598954 0.000000000000 1.000000000000
-4.156803725415 22.256930858434 0.866025403784 0.500000000000
-6.333881372899 8.729587321085 0.866025403784 -0.500000000000
4.781976992382 6.733889525483 0.000000000000 1.000000000000
3.882145466653 10.372477227739 0.866025403784 -0.500000000000
-1.426349537305 -5.788108860986 0.000000000000 1.000000000000
1.874816579225 9.989478844244 0.866025403784 0.500000000000
-4.573163393043 8.394161368125 0.000000000000 1.000000000000
6.937298293339 17.316687131504 0.866025403784 0.500000000000
6.080170106349 1.556267269929 0.000000000000 1.000000000000
10.752197434059 3.423054711844 0.000000000000 1.000000000000
-0.627193476429 7.593649576778 0.866025403784 -0.500000000000
4.958617742127 4.173024118922 0.000000000000 1.000000000000
