#Configurational_file created 2018-09-14 11:23:59  started 2018-09-14 11:23:59 run for 0.0s steps 0
name: gc_218
step: 10000
specie: 14
	particle_diameter: 1.0000000000000000
	interaction_length: 1.2000000000000000
	number_of_patches: 3
	number_of_particles_per_compound: 1
	rod_length: 1.0000000000000000
	interaction_matrix:  1.000000 1.000000 1.000000 1.000000 1.000000 1.000000 1.000000 1.000000 1.000000
	patch_type: symmetric
	patch_width: 8.0000000000000000
	patch_angle: 0.0000000000000000
	angles:  0.000000 0.000000 0.000000
	grand_canonical: 1
	chemical_potential: -1.6666669999999999
box: 10.000000 10.000000
copy: 1.000000 1.000000
epsilon: 1.4166960000000000
end_epsilon: 0.0000000000000000
pressure: 1.0000000000000000
lambda: 0.0000000000000000
lambda_coupling: 1.0000000000000000
uy: 0.0000000000000000
maximum_displacement: 1.0000000000000000
maximum_rotation: 1.0000000000000000
maximum_volume: 0.0000001000000000
maximum_shape: 0.0000001000000000
maximum_dsigma: 0.0100000000000000
mod: 10
pmod: 10
optimize: 1
verbose: 1
snapshot: 0
display: 1
explore: 1
npt: 0
nptxy: 0
nptdxdy: 0
shape: 0
seed: 250657
0.348393460792 12.538578008573 0.000000000000 1.000000000000
-0.665570983980 -0.369769613224 0.000000000000 1.000000000000
-2.722264844470 9.592959646048 0.866025403784 0.500000000000
7.812393722405 0.738194772969 0.866025403784 0.500000000000
3.666047014188 -0.217075144400 0.866025403784 -0.500000000000
2.139516870223 4.276433075849 0.866025403784 0.500000000000
1.526362300340 -1.339008723641 0.866025403784 -0.500000000000
6.378497135845 0.436748081455 0.866025403784 -0.500000000000
9.562763782637 16.928288055549 0.000000000000 1.000000000000
-1.674833169146 7.366904324668 0.000000000000 1.000000000000
-1.473839223456 18.235339531602 0.866025403784 -0.500000000000
6.350815221628 7.573027364893 0.866025403784 -0.500000000000
5.194400245936 5.924494729421 0.866025403784 0.500000000000
3.088242166325 7.701444517496 0.000000000000 1.000000000000
