#Configurational_file created 2018-09-14 11:52:35  started 2018-09-14 11:52:34 run for 1.0s steps 0
name: gc_294
step: 10000
specie: 18
	particle_diameter: 1.0000000000000000
	interaction_length: 1.2000000000000000
	number_of_patches: 3
	number_of_particles_per_compound: 1
	rod_length: 1.0000000000000000
	interaction_matrix:  1.000000 1.000000 1.000000 1.000000 1.000000 1.000000 1.000000 1.000000 1.000000
	patch_type: symmetric
	patch_width: 8.0000000000000000
	patch_angle: 0.0000000000000000
	angles:  0.000000 0.000000 0.000000
	grand_canonical: 1
	chemical_potential: -1.1666669999999999
box: 10.000000 10.000000
copy: 1.000000 1.000000
epsilon: 0.0750000000000000
end_epsilon: 0.0000000000000000
pressure: 1.0000000000000000
lambda: 0.0000000000000000
lambda_coupling: 1.0000000000000000
uy: 0.0000000000000000
maximum_displacement: 1.0000000000000000
maximum_rotation: 1.0000000000000000
maximum_volume: 0.0000001000000000
maximum_shape: 0.0000001000000000
maximum_dsigma: 0.0100000000000000
mod: 10
pmod: 10
optimize: 1
verbose: 1
snapshot: 0
display: 1
explore: 1
npt: 0
nptxy: 0
nptdxdy: 0
shape: 0
seed: 337069
4.804275729090 13.609963610039 0.000000000000 1.000000000000
6.401332878618 -3.630672321396 0.000000000000 1.000000000000
-5.897069913795 14.719005048242 0.000000000000 1.000000000000
22.122829824443 21.681720681841 0.000000000000 1.000000000000
-1.345374546554 1.952136042552 0.000000000000 1.000000000000
0.022117623636 9.036987722427 0.000000000000 1.000000000000
16.394079693706 4.981443090101 0.866025403784 0.500000000000
15.779097537813 11.341236637778 0.866025403784 -0.500000000000
-1.194995470727 -10.882780147810 0.866025403784 0.500000000000
18.136446714156 -5.920084689482 0.866025403784 0.500000000000
1.504338830854 17.820579948180 0.000000000000 1.000000000000
-0.308985000889 -0.757709136499 0.866025403784 -0.500000000000
4.072540515128 12.925113330051 0.866025403784 0.500000000000
9.759381538283 6.978612732553 0.866025403784 0.500000000000
2.406478335186 0.115403362948 0.866025403784 0.500000000000
9.187107348361 7.942315379310 0.866025403784 0.500000000000
-1.967054180912 1.743197022022 0.866025403784 -0.500000000000
-3.087385222286 8.032976896222 0.000000000000 1.000000000000
