#Configurational_file created 2018-09-14 13:47:32  started 2018-09-14 13:47:31 run for 1.0s steps 0
name: gc_246
step: 10000
specie: 11
	particle_diameter: 1.0000000000000000
	interaction_length: 1.2000000000000000
	number_of_patches: 3
	number_of_particles_per_compound: 1
	rod_length: 1.0000000000000000
	interaction_matrix:  1.000000 1.000000 1.000000 1.000000 1.000000 1.000000 1.000000 1.000000 1.000000
	patch_type: symmetric
	patch_width: 8.0000000000000000
	patch_angle: 0.0000000000000000
	angles:  0.000000 0.000000 0.000000
	grand_canonical: 1
	chemical_potential: -1.8965520000000000
box: 10.000000 10.000000
copy: 1.000000 1.000000
epsilon: 0.0862080000000000
end_epsilon: 0.0000000000000000
pressure: 1.0000000000000000
lambda: 0.0000000000000000
lambda_coupling: 1.0000000000000000
uy: 0.0000000000000000
maximum_displacement: 1.0000000000000000
maximum_rotation: 1.0000000000000000
maximum_volume: 0.0000001000000000
maximum_shape: 0.0000001000000000
maximum_dsigma: 0.0100000000000000
mod: 10
pmod: 10
optimize: 1
verbose: 1
snapshot: 0
display: 1
explore: 1
npt: 0
nptxy: 0
nptdxdy: 0
shape: 0
seed: 282493
5.467392218538 8.674905020366 0.000000000000 1.000000000000
7.779827736933 -1.296405116153 0.866025403784 0.500000000000
2.072003867989 7.679908272719 0.866025403784 0.500000000000
4.473994118239 -5.066281637278 0.866025403784 -0.500000000000
8.389725412653 0.636319932450 0.866025403784 0.500000000000
-9.933309305921 2.999931218643 0.866025403784 -0.500000000000
14.635523745591 -9.092268357495 0.000000000000 1.000000000000
4.380368877686 -2.881763215344 0.866025403784 0.500000000000
8.552946006672 4.065853407760 0.000000000000 1.000000000000
5.020365229501 -5.433146449576 0.866025403784 0.500000000000
5.824574079105 3.269364909760 0.866025403784 0.500000000000
