#Configurational_file created 2018-09-14 11:52:34  started 2018-09-14 11:52:34 run for 0.0s steps 0
name: gc_293
step: 10000
specie: 9
	particle_diameter: 1.0000000000000000
	interaction_length: 1.2000000000000000
	number_of_patches: 3
	number_of_particles_per_compound: 1
	rod_length: 1.0000000000000000
	interaction_matrix:  1.000000 1.000000 1.000000 1.000000 1.000000 1.000000 1.000000 1.000000 1.000000
	patch_type: symmetric
	patch_width: 8.0000000000000000
	patch_angle: 0.0000000000000000
	angles:  0.000000 0.000000 0.000000
	grand_canonical: 1
	chemical_potential: -1.1666669999999999
box: 10.000000 10.000000
copy: 1.000000 1.000000
epsilon: 0.0708340000000000
end_epsilon: 0.0000000000000000
pressure: 1.0000000000000000
lambda: 0.0000000000000000
lambda_coupling: 1.0000000000000000
uy: 0.0000000000000000
maximum_displacement: 1.0000000000000000
maximum_rotation: 1.0000000000000000
maximum_volume: 0.0000001000000000
maximum_shape: 0.0000001000000000
maximum_dsigma: 0.0100000000000000
mod: 10
pmod: 10
optimize: 1
verbose: 1
snapshot: 0
display: 1
explore: 1
npt: 0
nptxy: 0
nptdxdy: 0
shape: 0
seed: 335932
-2.031728100272 -3.369460426810 0.866025403784 0.500000000000
5.111979035039 2.296682887049 0.866025403784 0.500000000000
9.246937286176 12.590984470217 0.000000000000 1.000000000000
3.319511784926 5.363797094431 0.866025403784 -0.500000000000
6.320224747010 -0.158013389589 0.866025403784 -0.500000000000
12.587556522101 10.449740569926 0.000000000000 1.000000000000
3.849630995148 10.558587965280 0.866025403784 -0.500000000000
0.919521482484 -1.170385099906 0.000000000000 1.000000000000
7.070891434106 3.701461790601 0.866025403784 0.500000000000
