#Configurational_file created 2018-09-14 11:52:38  started 2018-09-14 11:52:37 run for 1.0s steps 0
name: gc_298
step: 10000
specie: 15
	particle_diameter: 1.0000000000000000
	interaction_length: 1.2000000000000000
	number_of_patches: 3
	number_of_particles_per_compound: 1
	rod_length: 1.0000000000000000
	interaction_matrix:  1.000000 1.000000 1.000000 1.000000 1.000000 1.000000 1.000000 1.000000 1.000000
	patch_type: symmetric
	patch_width: 8.0000000000000000
	patch_angle: 0.0000000000000000
	angles:  0.000000 0.000000 0.000000
	grand_canonical: 1
	chemical_potential: -1.1666669999999999
box: 10.000000 10.000000
copy: 1.000000 1.000000
epsilon: 0.0916670000000000
end_epsilon: 0.0000000000000000
pressure: 1.0000000000000000
lambda: 0.0000000000000000
lambda_coupling: 1.0000000000000000
uy: 0.0000000000000000
maximum_displacement: 1.0000000000000000
maximum_rotation: 1.0000000000000000
maximum_volume: 0.0000001000000000
maximum_shape: 0.0000001000000000
maximum_dsigma: 0.0100000000000000
mod: 10
pmod: 10
optimize: 1
verbose: 1
snapshot: 0
display: 1
explore: 1
npt: 0
nptxy: 0
nptdxdy: 0
shape: 0
seed: 341617
9.468891209157 -0.111575298025 0.000000000000 1.000000000000
12.215873774963 -3.451534823307 0.866025403784 0.500000000000
4.958734247439 13.540554151560 0.000000000000 1.000000000000
16.501121355005 16.862629698855 0.866025403784 0.500000000000
10.071845550497 -11.640042599106 0.000000000000 1.000000000000
4.703700814757 4.910635161052 0.866025403784 -0.500000000000
13.173101014452 0.967070977387 0.000000000000 1.000000000000
17.188698515383 9.587157875850 0.000000000000 1.000000000000
3.351502665110 14.301907510792 0.000000000000 1.000000000000
0.140256891162 4.788993836459 0.866025403784 -0.500000000000
19.980698275943 16.720846172128 0.866025403784 0.500000000000
-5.147510861676 -1.333636221761 0.000000000000 1.000000000000
4.893356123399 5.926425408457 0.866025403784 -0.500000000000
0.919358902795 3.755402439700 0.000000000000 1.000000000000
2.476510454560 8.066969918136 0.000000000000 1.000000000000
