#Configurational_file created 2018-09-14 11:24:57  started 2018-09-14 11:24:56 run for 1.0s steps 0
name: gc_297
step: 10000
specie: 15
	particle_diameter: 1.0000000000000000
	interaction_length: 1.2000000000000000
	number_of_patches: 3
	number_of_particles_per_compound: 1
	rod_length: 1.0000000000000000
	interaction_matrix:  1.000000 1.000000 1.000000 1.000000 1.000000 1.000000 1.000000 1.000000 1.000000
	patch_type: symmetric
	patch_width: 8.0000000000000000
	patch_angle: 0.0000000000000000
	angles:  0.000000 0.000000 0.000000
	grand_canonical: 1
	chemical_potential: -1.1666669999999999
box: 10.000000 10.000000
copy: 1.000000 1.000000
epsilon: 1.7500119999999999
end_epsilon: 0.0000000000000000
pressure: 1.0000000000000000
lambda: 0.0000000000000000
lambda_coupling: 1.0000000000000000
uy: 0.0000000000000000
maximum_displacement: 1.0000000000000000
maximum_rotation: 1.0000000000000000
maximum_volume: 0.0000001000000000
maximum_shape: 0.0000001000000000
maximum_dsigma: 0.0100000000000000
mod: 10
pmod: 10
optimize: 1
verbose: 1
snapshot: 0
display: 1
explore: 1
npt: 0
nptxy: 0
nptdxdy: 0
shape: 0
seed: 340480
6.304291222749 6.967972649436 0.000000000000 1.000000000000
11.444681626241 8.711095740806 0.866025403784 -0.500000000000
-14.303417560052 15.832985219093 0.866025403784 -0.500000000000
11.858801588576 23.226446646993 0.866025403784 0.500000000000
11.453749286491 -2.130345288176 0.866025403784 0.500000000000
19.424389788117 12.220998856245 0.000000000000 1.000000000000
4.756237520494 14.303278778949 0.000000000000 1.000000000000
28.113929391144 10.284706127130 0.866025403784 -0.500000000000
-4.530531220392 -0.026021523184 0.866025403784 -0.500000000000
7.810203792617 5.412310251789 0.866025403784 0.500000000000
11.042300874919 0.350216280311 0.866025403784 -0.500000000000
12.226929798477 26.421297482884 0.866025403784 0.500000000000
9.650169937232 18.701429545882 0.000000000000 1.000000000000
3.287025729142 -0.638845442248 0.866025403784 0.500000000000
12.143319414830 10.638461816584 0.000000000000 1.000000000000
