#Configurational_file created 2018-09-14 11:52:15  started 2018-09-14 11:52:14 run for 1.0s steps 0
name: gc_267
step: 10000
specie: 14
	particle_diameter: 1.0000000000000000
	interaction_length: 1.2000000000000000
	number_of_patches: 3
	number_of_particles_per_compound: 1
	rod_length: 1.0000000000000000
	interaction_matrix:  1.000000 1.000000 1.000000 1.000000 1.000000 1.000000 1.000000 1.000000 1.000000
	patch_type: symmetric
	patch_width: 8.0000000000000000
	patch_angle: 0.0000000000000000
	angles:  0.000000 0.000000 0.000000
	grand_canonical: 1
	chemical_potential: -1.3333330000000001
box: 10.000000 10.000000
copy: 1.000000 1.000000
epsilon: 0.0666670000000000
end_epsilon: 0.0000000000000000
pressure: 1.0000000000000000
lambda: 0.0000000000000000
lambda_coupling: 1.0000000000000000
uy: 0.0000000000000000
maximum_displacement: 1.0000000000000000
maximum_rotation: 1.0000000000000000
maximum_volume: 0.0000001000000000
maximum_shape: 0.0000001000000000
maximum_dsigma: 0.0100000000000000
mod: 10
pmod: 10
optimize: 1
verbose: 1
snapshot: 0
display: 1
explore: 1
npt: 0
nptxy: 0
nptdxdy: 0
shape: 0
seed: 306370
1.568345434301 7.452928853111 0.866025403784 -0.500000000000
15.148327293798 -10.445222530717 0.000000000000 1.000000000000
8.142623851023 13.743571291298 0.866025403784 0.500000000000
-0.366427546643 3.640040502066 0.000000000000 1.000000000000
9.838153311679 10.225038102506 0.866025403784 0.500000000000
-19.322215642294 -0.582161641663 0.866025403784 0.500000000000
-19.403833219280 15.047119157814 0.000000000000 1.000000000000
0.263703199621 -2.743937671355 0.866025403784 0.500000000000
4.353883999199 1.021396948969 0.866025403784 0.500000000000
1.129819232858 2.797128565169 0.866025403784 -0.500000000000
2.029434388886 3.094486945352 0.000000000000 1.000000000000
12.502827652640 6.880042191159 0.866025403784 0.500000000000
5.109585444055 0.244001224528 0.866025403784 0.500000000000
9.037815302329 8.854456414709 0.000000000000 1.000000000000
