#Configurational_file created 2018-09-14 13:47:16  started 2018-09-14 13:47:15 run for 1.0s steps 0
name: gc_221
step: 10000
specie: 11
	particle_diameter: 1.0000000000000000
	interaction_length: 1.2000000000000000
	number_of_patches: 3
	number_of_particles_per_compound: 1
	rod_length: 1.0000000000000000
	interaction_matrix:  1.000000 1.000000 1.000000 1.000000 1.000000 1.000000 1.000000 1.000000 1.000000
	patch_type: symmetric
	patch_width: 8.0000000000000000
	patch_angle: 0.0000000000000000
	angles:  0.000000 0.000000 0.000000
	grand_canonical: 1
	chemical_potential: -2.0344829999999998
box: 10.000000 10.000000
copy: 1.000000 1.000000
epsilon: 0.1724140000000000
end_epsilon: 0.0000000000000000
pressure: 1.0000000000000000
lambda: 0.0000000000000000
lambda_coupling: 1.0000000000000000
uy: 0.0000000000000000
maximum_displacement: 1.0000000000000000
maximum_rotation: 1.0000000000000000
maximum_volume: 0.0000001000000000
maximum_shape: 0.0000001000000000
maximum_dsigma: 0.0100000000000000
mod: 10
pmod: 10
optimize: 1
verbose: 1
snapshot: 0
display: 1
explore: 1
npt: 0
nptxy: 0
nptdxdy: 0
shape: 0
seed: 254068
-3.745588976084 -5.405555346054 0.866025403784 0.500000000000
-5.632084996850 10.348968188300 0.866025403784 -0.500000000000
15.359852457106 8.522909764862 0.866025403784 -0.500000000000
3.692097220132 1.774566419024 0.866025403784 -0.500000000000
10.157426463767 3.330183395693 0.866025403784 0.500000000000
1.508239691837 6.369405433493 0.866025403784 -0.500000000000
2.257673239480 11.840296663135 0.000000000000 1.000000000000
11.499061884288 9.186559240419 0.866025403784 0.500000000000
10.874247570969 -0.262960932262 0.866025403784 -0.500000000000
6.693330854265 3.332745423948 0.000000000000 1.000000000000
9.233281258933 2.642189323374 0.000000000000 1.000000000000
