#Configurational_file created 2018-09-14 11:52:37  started 2018-09-14 11:52:37 run for 0.0s steps 0
name: gc_297
step: 10000
specie: 17
	particle_diameter: 1.0000000000000000
	interaction_length: 1.2000000000000000
	number_of_patches: 3
	number_of_particles_per_compound: 1
	rod_length: 1.0000000000000000
	interaction_matrix:  1.000000 1.000000 1.000000 1.000000 1.000000 1.000000 1.000000 1.000000 1.000000
	patch_type: symmetric
	patch_width: 8.0000000000000000
	patch_angle: 0.0000000000000000
	angles:  0.000000 0.000000 0.000000
	grand_canonical: 1
	chemical_potential: -1.1666669999999999
box: 10.000000 10.000000
copy: 1.000000 1.000000
epsilon: 0.0875000000000000
end_epsilon: 0.0000000000000000
pressure: 1.0000000000000000
lambda: 0.0000000000000000
lambda_coupling: 1.0000000000000000
uy: 0.0000000000000000
maximum_displacement: 1.0000000000000000
maximum_rotation: 1.0000000000000000
maximum_volume: 0.0000001000000000
maximum_shape: 0.0000001000000000
maximum_dsigma: 0.0100000000000000
mod: 10
pmod: 10
optimize: 1
verbose: 1
snapshot: 0
display: 1
explore: 1
npt: 0
nptxy: 0
nptdxdy: 0
shape: 0
seed: 340480
10.415319667856 5.933543930814 0.866025403784 0.500000000000
18.167251061016 4.413588090486 0.000000000000 1.000000000000
-5.171830438706 -1.016026622376 0.866025403784 0.500000000000
10.758339057281 13.627724257706 0.866025403784 0.500000000000
6.119045318933 2.038378801887 0.866025403784 0.500000000000
2.314413691320 2.213690825871 0.000000000000 1.000000000000
6.279196891032 9.240406268217 0.000000000000 1.000000000000
11.905922197859 11.233661567353 0.000000000000 1.000000000000
17.135309272597 16.794616953008 0.866025403784 0.500000000000
11.862980071187 13.282954208177 0.000000000000 1.000000000000
1.837979743540 17.153365917085 0.866025403784 0.500000000000
6.887521025795 4.244645969389 0.866025403784 0.500000000000
3.039875443335 15.351604660671 0.000000000000 1.000000000000
3.750440897044 -0.954812124102 0.866025403784 0.500000000000
3.911758869453 1.309347105913 0.000000000000 1.000000000000
4.157097821410 -2.381212853047 0.000000000000 1.000000000000
3.036085721411 5.978617188747 0.866025403784 -0.500000000000
