#Configurational_file created 2018-09-14 13:47:40  started 2018-09-14 13:47:39 run for 1.0s steps 0
name: gc_258
step: 10000
specie: 15
	particle_diameter: 1.0000000000000000
	interaction_length: 1.2000000000000000
	number_of_patches: 3
	number_of_particles_per_compound: 1
	rod_length: 1.0000000000000000
	interaction_matrix:  1.000000 1.000000 1.000000 1.000000 1.000000 1.000000 1.000000 1.000000 1.000000
	patch_type: symmetric
	patch_width: 8.0000000000000000
	patch_angle: 0.0000000000000000
	angles:  0.000000 0.000000 0.000000
	grand_canonical: 1
	chemical_potential: -1.8965520000000000
box: 10.000000 10.000000
copy: 1.000000 1.000000
epsilon: 0.2931040000000000
end_epsilon: 0.0000000000000000
pressure: 1.0000000000000000
lambda: 0.0000000000000000
lambda_coupling: 1.0000000000000000
uy: 0.0000000000000000
maximum_displacement: 1.0000000000000000
maximum_rotation: 1.0000000000000000
maximum_volume: 0.0000001000000000
maximum_shape: 0.0000001000000000
maximum_dsigma: 0.0100000000000000
mod: 10
pmod: 10
optimize: 1
verbose: 1
snapshot: 0
display: 1
explore: 1
npt: 0
nptxy: 0
nptdxdy: 0
shape: 0
seed: 296137
11.404417626362 1.840051623984 0.866025403784 -0.500000000000
18.073958028364 -3.299303233776 0.866025403784 -0.500000000000
4.799445589199 1.019052900931 0.000000000000 1.000000000000
4.184723237856 -0.561887536105 0.866025403784 -0.500000000000
14.214792093117 -13.438487945215 0.866025403784 -0.500000000000
-0.758976487014 10.721415232395 0.000000000000 1.000000000000
2.356866335689 4.554225461843 0.866025403784 0.500000000000
13.097447816203 17.095695124092 0.866025403784 0.500000000000
0.733540698538 0.654436679209 0.866025403784 -0.500000000000
14.563509247291 2.951249239453 0.866025403784 -0.500000000000
9.134160876696 7.266704572170 0.000000000000 1.000000000000
7.180052026694 -4.098003863896 0.866025403784 0.500000000000
6.863291491880 7.671193049545 0.866025403784 -0.500000000000
3.081658175478 5.467434780976 0.866025403784 0.500000000000
7.189594920305 2.094823793146 0.000000000000 1.000000000000
