#Configurational_file created 2018-09-14 11:51:27  started 2018-09-14 11:51:26 run for 1.0s steps 0
name: gc_201
step: 10000
specie: 10
	particle_diameter: 1.0000000000000000
	interaction_length: 1.2000000000000000
	number_of_patches: 3
	number_of_particles_per_compound: 1
	rod_length: 1.0000000000000000
	interaction_matrix:  1.000000 1.000000 1.000000 1.000000 1.000000 1.000000 1.000000 1.000000 1.000000
	patch_type: symmetric
	patch_width: 8.0000000000000000
	patch_angle: 0.0000000000000000
	angles:  0.000000 0.000000 0.000000
	grand_canonical: 1
	chemical_potential: -1.6666669999999999
box: 10.000000 10.000000
copy: 1.000000 1.000000
epsilon: 0.0000010000000000
end_epsilon: 0.0000000000000000
pressure: 1.0000000000000000
lambda: 0.0000000000000000
lambda_coupling: 1.0000000000000000
uy: 0.0000000000000000
maximum_displacement: 1.0000000000000000
maximum_rotation: 1.0000000000000000
maximum_volume: 0.0000001000000000
maximum_shape: 0.0000001000000000
maximum_dsigma: 0.0100000000000000
mod: 10
pmod: 10
optimize: 1
verbose: 1
snapshot: 0
display: 1
explore: 1
npt: 0
nptxy: 0
nptdxdy: 0
shape: 0
seed: 231328
11.846921656463 9.543882284336 0.866025403784 -0.500000000000
2.386154006496 12.106441192181 0.866025403784 -0.500000000000
0.277574045193 15.414696583061 0.000000000000 1.000000000000
8.713976734314 -32.506431566065 0.000000000000 1.000000000000
8.036431375335 13.380981363185 0.866025403784 0.500000000000
4.015829404588 -1.607781765346 0.866025403784 0.500000000000
-16.737304630660 24.192401512407 0.866025403784 -0.500000000000
-1.794216150487 4.257041927697 0.866025403784 -0.500000000000
3.914994878856 23.814385554542 0.866025403784 0.500000000000
6.808950347773 13.016080265619 0.866025403784 -0.500000000000
