#Configurational_file created 2018-09-14 11:52:33  started 2018-09-14 11:52:32 run for 1.0s steps 0
name: gc_291
step: 10000
specie: 17
	particle_diameter: 1.0000000000000000
	interaction_length: 1.2000000000000000
	number_of_patches: 3
	number_of_particles_per_compound: 1
	rod_length: 1.0000000000000000
	interaction_matrix:  1.000000 1.000000 1.000000 1.000000 1.000000 1.000000 1.000000 1.000000 1.000000
	patch_type: symmetric
	patch_width: 8.0000000000000000
	patch_angle: 0.0000000000000000
	angles:  0.000000 0.000000 0.000000
	grand_canonical: 1
	chemical_potential: -1.1666669999999999
box: 10.000000 10.000000
copy: 1.000000 1.000000
epsilon: 0.0625000000000000
end_epsilon: 0.0000000000000000
pressure: 1.0000000000000000
lambda: 0.0000000000000000
lambda_coupling: 1.0000000000000000
uy: 0.0000000000000000
maximum_displacement: 1.0000000000000000
maximum_rotation: 1.0000000000000000
maximum_volume: 0.0000001000000000
maximum_shape: 0.0000001000000000
maximum_dsigma: 0.0100000000000000
mod: 10
pmod: 10
optimize: 1
verbose: 1
snapshot: 0
display: 1
explore: 1
npt: 0
nptxy: 0
nptdxdy: 0
shape: 0
seed: 333658
3.837507404012 4.560153997837 0.000000000000 1.000000000000
9.374084175635 -2.316646930282 0.866025403784 -0.500000000000
9.020748483605 14.235874792750 0.866025403784 -0.500000000000
0.307414098267 2.819299181323 0.866025403784 -0.500000000000
0.269317630054 0.186609617097 0.000000000000 1.000000000000
0.297838755727 3.992584044318 0.866025403784 -0.500000000000
-2.376722636407 22.679590338639 0.866025403784 0.500000000000
-7.285800700583 2.864672551585 0.000000000000 1.000000000000
-8.271261289542 5.729632543286 0.000000000000 1.000000000000
9.352211581745 6.173293625504 0.866025403784 -0.500000000000
5.516606556295 13.827889284812 0.866025403784 0.500000000000
11.654788238314 1.218598247635 0.866025403784 -0.500000000000
1.501665422550 6.268646817189 0.866025403784 -0.500000000000
2.628703123027 11.256105377674 0.000000000000 1.000000000000
3.779063241921 4.800093518012 0.866025403784 -0.500000000000
1.194188575562 -1.869480848338 0.866025403784 -0.500000000000
6.705027119603 4.649802368042 0.866025403784 -0.500000000000
