#Configurational_file created 2018-09-14 11:24:13  started 2018-09-14 11:24:12 run for 1.0s steps 0
name: gc_237
step: 10000
specie: 13
	particle_diameter: 1.0000000000000000
	interaction_length: 1.2000000000000000
	number_of_patches: 3
	number_of_particles_per_compound: 1
	rod_length: 1.0000000000000000
	interaction_matrix:  1.000000 1.000000 1.000000 1.000000 1.000000 1.000000 1.000000 1.000000 1.000000
	patch_type: symmetric
	patch_width: 8.0000000000000000
	patch_angle: 0.0000000000000000
	angles:  0.000000 0.000000 0.000000
	grand_canonical: 1
	chemical_potential: -1.5000000000000000
box: 10.000000 10.000000
copy: 1.000000 1.000000
epsilon: 0.9167210000000000
end_epsilon: 0.0000000000000000
pressure: 1.0000000000000000
lambda: 0.0000000000000000
lambda_coupling: 1.0000000000000000
uy: 0.0000000000000000
maximum_displacement: 1.0000000000000000
maximum_rotation: 1.0000000000000000
maximum_volume: 0.0000001000000000
maximum_shape: 0.0000001000000000
maximum_dsigma: 0.0100000000000000
mod: 10
pmod: 10
optimize: 1
verbose: 1
snapshot: 0
display: 1
explore: 1
npt: 0
nptxy: 0
nptdxdy: 0
shape: 0
seed: 272260
8.063318327095 3.406854963610 0.000000000000 1.000000000000
8.454518317975 3.791107586049 0.866025403784 -0.500000000000
-6.049790988532 6.220550674292 0.000000000000 1.000000000000
3.368895266307 11.476304624802 0.866025403784 -0.500000000000
3.761636183971 7.402016695761 0.000000000000 1.000000000000
10.663203561647 3.743592387636 0.866025403784 -0.500000000000
5.670819673160 4.196508872488 0.000000000000 1.000000000000
11.168765318985 4.772908266289 0.866025403784 -0.500000000000
13.566450097125 13.174290048896 0.000000000000 1.000000000000
1.316644106836 0.766630615774 0.866025403784 0.500000000000
2.722059023563 9.015632716426 0.000000000000 1.000000000000
9.576277660894 7.322840623071 0.866025403784 -0.500000000000
-5.066304886429 11.196690052403 0.866025403784 -0.500000000000
