#Configurational_file created 2018-09-14 11:51:52  started 2018-09-14 11:51:51 run for 1.0s steps 0
name: gc_237
step: 10000
specie: 10
	particle_diameter: 1.0000000000000000
	interaction_length: 1.2000000000000000
	number_of_patches: 3
	number_of_particles_per_compound: 1
	rod_length: 1.0000000000000000
	interaction_matrix:  1.000000 1.000000 1.000000 1.000000 1.000000 1.000000 1.000000 1.000000 1.000000
	patch_type: symmetric
	patch_width: 8.0000000000000000
	patch_angle: 0.0000000000000000
	angles:  0.000000 0.000000 0.000000
	grand_canonical: 1
	chemical_potential: -1.5000000000000000
box: 10.000000 10.000000
copy: 1.000000 1.000000
epsilon: 0.0458340000000000
end_epsilon: 0.0000000000000000
pressure: 1.0000000000000000
lambda: 0.0000000000000000
lambda_coupling: 1.0000000000000000
uy: 0.0000000000000000
maximum_displacement: 1.0000000000000000
maximum_rotation: 1.0000000000000000
maximum_volume: 0.0000001000000000
maximum_shape: 0.0000001000000000
maximum_dsigma: 0.0100000000000000
mod: 10
pmod: 10
optimize: 1
verbose: 1
snapshot: 0
display: 1
explore: 1
npt: 0
nptxy: 0
nptdxdy: 0
shape: 0
seed: 272260
16.789412696256 -10.155294080582 0.866025403784 0.500000000000
-4.966484243551 -1.826621246812 0.866025403784 -0.500000000000
-0.638680475316 17.313702328061 0.866025403784 -0.500000000000
4.204028247018 2.694564016064 0.000000000000 1.000000000000
10.266532268082 1.757718109050 0.866025403784 -0.500000000000
3.287710606111 7.378885851341 0.866025403784 -0.500000000000
8.644569676515 -5.270444785112 0.000000000000 1.000000000000
13.343341113421 10.305557803886 0.000000000000 1.000000000000
13.901769430684 16.737322843573 0.000000000000 1.000000000000
4.947197881013 -3.053594409757 0.000000000000 1.000000000000
