#Configurational_file created 2018-09-14 13:47:51  started 2018-09-14 13:47:51 run for 0.0s steps 0
name: gc_275
step: 10000
specie: 8
	particle_diameter: 1.0000000000000000
	interaction_length: 1.2000000000000000
	number_of_patches: 3
	number_of_particles_per_compound: 1
	rod_length: 1.0000000000000000
	interaction_matrix:  1.000000 1.000000 1.000000 1.000000 1.000000 1.000000 1.000000 1.000000 1.000000
	patch_type: symmetric
	patch_width: 8.0000000000000000
	patch_angle: 0.0000000000000000
	angles:  0.000000 0.000000 0.000000
	grand_canonical: 1
	chemical_potential: -1.7586210000000000
box: 10.000000 10.000000
copy: 1.000000 1.000000
epsilon: 0.0689660000000000
end_epsilon: 0.0000000000000000
pressure: 1.0000000000000000
lambda: 0.0000000000000000
lambda_coupling: 1.0000000000000000
uy: 0.0000000000000000
maximum_displacement: 1.0000000000000000
maximum_rotation: 1.0000000000000000
maximum_volume: 0.0000001000000000
maximum_shape: 0.0000001000000000
maximum_dsigma: 0.0100000000000000
mod: 10
pmod: 10
optimize: 1
verbose: 1
snapshot: 0
display: 1
explore: 1
npt: 0
nptxy: 0
nptdxdy: 0
shape: 0
seed: 315466
21.327161614541 -0.118944189495 0.866025403784 0.500000000000
-2.229033411812 18.258091133181 0.000000000000 1.000000000000
3.672907629876 6.670627054431 0.866025403784 -0.500000000000
-0.296850446221 9.482888985589 0.000000000000 1.000000000000
7.810915312564 3.946741384598 0.866025403784 0.500000000000
10.323986610307 7.408487277374 0.866025403784 -0.500000000000
2.772436450274 3.912852492073 0.000000000000 1.000000000000
5.728989432016 4.616246224193 0.866025403784 -0.500000000000
