#Configurational_file created 2018-09-14 12:19:36  started 2018-09-14 12:19:36 run for 0.0s steps 0
name: gc_21
step: 10000
specie: 15
	particle_diameter: 1.0000000000000000
	interaction_length: 1.2000000000000000
	number_of_patches: 3
	number_of_particles_per_compound: 1
	rod_length: 1.0000000000000000
	interaction_matrix:  1.000000 1.000000 1.000000 1.000000 1.000000 1.000000 1.000000 1.000000 1.000000
	patch_type: symmetric
	patch_width: 8.0000000000000000
	patch_angle: 0.0000000000000000
	angles:  0.000000 0.000000 0.000000
	grand_canonical: 1
	chemical_potential: -1.3333330000000001
box: 10.000000 10.000000
copy: 1.000000 1.000000
epsilon: 0.0000010000000000
end_epsilon: 0.0000000000000000
pressure: 1.0000000000000000
lambda: 0.0000000000000000
lambda_coupling: 1.0000000000000000
uy: 0.0000000000000000
maximum_displacement: 1.0000000000000000
maximum_rotation: 1.0000000000000000
maximum_volume: 0.0000001000000000
maximum_shape: 0.0000001000000000
maximum_dsigma: 0.0100000000000000
mod: 10
pmod: 10
optimize: 1
verbose: 1
snapshot: 0
display: 1
explore: 1
npt: 0
nptxy: 0
nptdxdy: 0
shape: 0
seed: 26668
12.931178016740 -6.443845278017 0.866025403784 -0.500000000000
-2.899034890720 2.602496250943 0.000000000000 1.000000000000
3.922924760435 16.055940675678 0.866025403784 0.500000000000
2.934007626462 22.780128678452 0.866025403784 0.500000000000
-1.830189379272 9.756774308604 0.000000000000 1.000000000000
5.254962852761 10.969634257758 0.866025403784 0.500000000000
-0.581453660352 28.010503146485 0.000000000000 1.000000000000
2.031618052471 15.887446411610 0.000000000000 1.000000000000
-2.536339981787 0.803746571568 0.866025403784 0.500000000000
5.665056167704 7.457819817963 0.866025403784 -0.500000000000
3.899981780684 9.428699661636 0.866025403784 -0.500000000000
6.312452513396 -0.475902325155 0.000000000000 1.000000000000
-15.114636351620 -15.360027653561 0.866025403784 -0.500000000000
6.387852176729 12.757930890453 0.866025403784 0.500000000000
7.600153276582 4.107922349561 0.866025403784 -0.500000000000
