#Configurational_file created 2018-09-14 11:24:52  started 2018-09-14 11:24:52 run for 0.0s steps 0
name: gc_291
step: 10000
specie: 14
	particle_diameter: 1.0000000000000000
	interaction_length: 1.2000000000000000
	number_of_patches: 3
	number_of_particles_per_compound: 1
	rod_length: 1.0000000000000000
	interaction_matrix:  1.000000 1.000000 1.000000 1.000000 1.000000 1.000000 1.000000 1.000000 1.000000
	patch_type: symmetric
	patch_width: 8.0000000000000000
	patch_angle: 0.0000000000000000
	angles:  0.000000 0.000000 0.000000
	grand_canonical: 1
	chemical_potential: -1.1666669999999999
box: 10.000000 10.000000
copy: 1.000000 1.000000
epsilon: 1.2500370000000001
end_epsilon: 0.0000000000000000
pressure: 1.0000000000000000
lambda: 0.0000000000000000
lambda_coupling: 1.0000000000000000
uy: 0.0000000000000000
maximum_displacement: 1.0000000000000000
maximum_rotation: 1.0000000000000000
maximum_volume: 0.0000001000000000
maximum_shape: 0.0000001000000000
maximum_dsigma: 0.0100000000000000
mod: 10
pmod: 10
optimize: 1
verbose: 1
snapshot: 0
display: 1
explore: 1
npt: 0
nptxy: 0
nptdxdy: 0
shape: 0
seed: 333658
7.389463380239 1.397390762015 0.866025403784 -0.500000000000
11.836267452956 15.533304005446 0.866025403784 0.500000000000
5.111253190841 2.438949751981 0.866025403784 0.500000000000
16.218848630027 5.272747577464 0.866025403784 -0.500000000000
-1.526657180495 11.831585447917 0.866025403784 0.500000000000
-8.025976910882 18.310271544185 0.866025403784 -0.500000000000
-2.082165128745 9.380901394763 0.866025403784 0.500000000000
7.510630254609 -2.223763305572 0.866025403784 -0.500000000000
0.566643854084 9.005642841558 0.866025403784 0.500000000000
15.017868648049 7.446265251448 0.866025403784 -0.500000000000
-1.123573749847 -6.016080866057 0.866025403784 0.500000000000
3.669224925713 4.484432429891 0.866025403784 0.500000000000
0.963955145072 13.500886685595 0.000000000000 1.000000000000
3.663911414359 1.779094551036 0.866025403784 -0.500000000000
