#Configurational_file created 2018-09-14 11:24:14  started 2018-09-14 11:24:13 run for 1.0s steps 0
name: gc_239
step: 10000
specie: 14
	particle_diameter: 1.0000000000000000
	interaction_length: 1.2000000000000000
	number_of_patches: 3
	number_of_particles_per_compound: 1
	rod_length: 1.0000000000000000
	interaction_matrix:  1.000000 1.000000 1.000000 1.000000 1.000000 1.000000 1.000000 1.000000 1.000000
	patch_type: symmetric
	patch_width: 8.0000000000000000
	patch_angle: 0.0000000000000000
	angles:  0.000000 0.000000 0.000000
	grand_canonical: 1
	chemical_potential: -1.5000000000000000
box: 10.000000 10.000000
copy: 1.000000 1.000000
epsilon: 1.0833790000000001
end_epsilon: 0.0000000000000000
pressure: 1.0000000000000000
lambda: 0.0000000000000000
lambda_coupling: 1.0000000000000000
uy: 0.0000000000000000
maximum_displacement: 1.0000000000000000
maximum_rotation: 1.0000000000000000
maximum_volume: 0.0000001000000000
maximum_shape: 0.0000001000000000
maximum_dsigma: 0.0100000000000000
mod: 10
pmod: 10
optimize: 1
verbose: 1
snapshot: 0
display: 1
explore: 1
npt: 0
nptxy: 0
nptdxdy: 0
shape: 0
seed: 274534
-11.406450382372 -0.202780145784 0.000000000000 1.000000000000
2.163177680901 8.782136589793 0.866025403784 0.500000000000
-34.955588179282 14.706475111496 0.866025403784 -0.500000000000
5.304955617284 -1.478124976836 0.866025403784 0.500000000000
0.149661840177 1.395139989563 0.000000000000 1.000000000000
-3.516785891838 15.126418041290 0.000000000000 1.000000000000
16.480566078543 9.315123686373 0.866025403784 0.500000000000
-2.669800776590 0.467470081131 0.866025403784 0.500000000000
-0.350824449756 6.810369376405 0.866025403784 -0.500000000000
-1.151088578859 -3.880449694276 0.866025403784 -0.500000000000
-4.040930694878 11.417931699146 0.000000000000 1.000000000000
3.367154989799 4.961435368380 0.000000000000 1.000000000000
6.763579153683 7.724799861226 0.866025403784 -0.500000000000
7.703492914477 1.334980552325 0.000000000000 1.000000000000
