#Configurational_file created 2018-09-14 13:48:04  started 2018-09-14 13:48:04 run for 0.0s steps 0
name: gc_294
step: 10000
specie: 17
	particle_diameter: 1.0000000000000000
	interaction_length: 1.2000000000000000
	number_of_patches: 3
	number_of_particles_per_compound: 1
	rod_length: 1.0000000000000000
	interaction_matrix:  1.000000 1.000000 1.000000 1.000000 1.000000 1.000000 1.000000 1.000000 1.000000
	patch_type: symmetric
	patch_width: 8.0000000000000000
	patch_angle: 0.0000000000000000
	angles:  0.000000 0.000000 0.000000
	grand_canonical: 1
	chemical_potential: -1.7586210000000000
box: 10.000000 10.000000
copy: 1.000000 1.000000
epsilon: 0.3965520000000000
end_epsilon: 0.0000000000000000
pressure: 1.0000000000000000
lambda: 0.0000000000000000
lambda_coupling: 1.0000000000000000
uy: 0.0000000000000000
maximum_displacement: 1.0000000000000000
maximum_rotation: 1.0000000000000000
maximum_volume: 0.0000001000000000
maximum_shape: 0.0000001000000000
maximum_dsigma: 0.0100000000000000
mod: 10
pmod: 10
optimize: 1
verbose: 1
snapshot: 0
display: 1
explore: 1
npt: 0
nptxy: 0
nptdxdy: 0
shape: 0
seed: 337069
2.959210316109 6.066308585825 0.866025403784 -0.500000000000
-1.254546097579 -6.346994462093 0.000000000000 1.000000000000
12.106688325018 -0.127987212913 0.000000000000 1.000000000000
10.796914329727 6.595765436817 0.000000000000 1.000000000000
7.976927883813 4.806070411062 0.000000000000 1.000000000000
0.905299389101 8.641225966007 0.000000000000 1.000000000000
16.502284122931 17.583211878464 0.866025403784 -0.500000000000
-3.948899127036 5.228446958742 0.000000000000 1.000000000000
4.005600092275 4.720699637189 0.866025403784 -0.500000000000
3.881112879836 0.482029118648 0.000000000000 1.000000000000
3.984389470087 1.514856461712 0.866025403784 0.500000000000
-6.410285056640 4.205384567916 0.866025403784 0.500000000000
3.165926847395 -0.574805496146 0.000000000000 1.000000000000
-0.151985243931 12.281509822913 0.866025403784 0.500000000000
7.211544554931 -19.312239345920 0.866025403784 0.500000000000
24.199711441411 6.494128062585 0.866025403784 0.500000000000
9.104980614125 7.346543867238 0.866025403784 0.500000000000
