#Configurational_file created 2018-09-14 13:47:04  started 2018-09-14 13:47:03 run for 1.0s steps 0
name: gc_202
step: 10000
specie: 11
	particle_diameter: 1.0000000000000000
	interaction_length: 1.2000000000000000
	number_of_patches: 3
	number_of_particles_per_compound: 1
	rod_length: 1.0000000000000000
	interaction_matrix:  1.000000 1.000000 1.000000 1.000000 1.000000 1.000000 1.000000 1.000000 1.000000
	patch_type: symmetric
	patch_width: 8.0000000000000000
	patch_angle: 0.0000000000000000
	angles:  0.000000 0.000000 0.000000
	grand_canonical: 1
	chemical_potential: -2.1724139999999998
box: 10.000000 10.000000
copy: 1.000000 1.000000
epsilon: 0.3620690000000000
end_epsilon: 0.0000000000000000
pressure: 1.0000000000000000
lambda: 0.0000000000000000
lambda_coupling: 1.0000000000000000
uy: 0.0000000000000000
maximum_displacement: 1.0000000000000000
maximum_rotation: 1.0000000000000000
maximum_volume: 0.0000001000000000
maximum_shape: 0.0000001000000000
maximum_dsigma: 0.0100000000000000
mod: 10
pmod: 10
optimize: 1
verbose: 1
snapshot: 0
display: 1
explore: 1
npt: 0
nptxy: 0
nptdxdy: 0
shape: 0
seed: 232465
8.112977491480 11.184137432979 0.000000000000 1.000000000000
10.354659577758 3.328386897772 0.000000000000 1.000000000000
-3.332890093681 -3.543053543826 0.866025403784 0.500000000000
-4.344275100529 10.555851782611 0.866025403784 0.500000000000
4.224656300953 0.884096391791 0.866025403784 -0.500000000000
0.278523534606 8.578018733903 0.000000000000 1.000000000000
5.268151440710 -7.066603152399 0.866025403784 -0.500000000000
7.604505502964 7.916858486175 0.866025403784 -0.500000000000
-1.220712313089 4.679041930462 0.000000000000 1.000000000000
0.059244850456 -1.000332487680 0.866025403784 -0.500000000000
3.531268499470 4.191766956545 0.000000000000 1.000000000000
