#Configurational_file created 2018-09-14 11:24:03  started 2018-09-14 11:24:02 run for 1.0s steps 0
name: gc_223
step: 10000
specie: 13
	particle_diameter: 1.0000000000000000
	interaction_length: 1.2000000000000000
	number_of_patches: 3
	number_of_particles_per_compound: 1
	rod_length: 1.0000000000000000
	interaction_matrix:  1.000000 1.000000 1.000000 1.000000 1.000000 1.000000 1.000000 1.000000 1.000000
	patch_type: symmetric
	patch_width: 8.0000000000000000
	patch_angle: 0.0000000000000000
	angles:  0.000000 0.000000 0.000000
	grand_canonical: 1
	chemical_potential: -1.6666669999999999
box: 10.000000 10.000000
copy: 1.000000 1.000000
epsilon: 1.8333420000000000
end_epsilon: 0.0000000000000000
pressure: 1.0000000000000000
lambda: 0.0000000000000000
lambda_coupling: 1.0000000000000000
uy: 0.0000000000000000
maximum_displacement: 1.0000000000000000
maximum_rotation: 1.0000000000000000
maximum_volume: 0.0000001000000000
maximum_shape: 0.0000001000000000
maximum_dsigma: 0.0100000000000000
mod: 10
pmod: 10
optimize: 1
verbose: 1
snapshot: 0
display: 1
explore: 1
npt: 0
nptxy: 0
nptdxdy: 0
shape: 0
seed: 256342
11.816617719349 -4.265684563935 0.000000000000 1.000000000000
6.747791310556 0.816142980211 0.866025403784 0.500000000000
-1.695254263432 6.195436056268 0.000000000000 1.000000000000
-0.075790063384 9.416499148739 0.000000000000 1.000000000000
3.713222629975 -6.154371585431 0.866025403784 -0.500000000000
6.802286886168 -1.148146800892 0.866025403784 -0.500000000000
-5.664670743236 -2.688182448897 0.000000000000 1.000000000000
6.406200475031 5.081354035898 0.000000000000 1.000000000000
3.958785425330 0.831795739348 0.866025403784 -0.500000000000
-4.379616769924 -2.640545846853 0.866025403784 -0.500000000000
8.730529064307 8.456405570984 0.866025403784 0.500000000000
8.944512364024 2.539280807368 0.000000000000 1.000000000000
7.319600442406 6.218008431145 0.866025403784 0.500000000000
