#Configurational_file created 2018-09-14 11:52:22  started 2018-09-14 11:52:21 run for 1.0s steps 0
name: gc_277
step: 10000
specie: 13
	particle_diameter: 1.0000000000000000
	interaction_length: 1.2000000000000000
	number_of_patches: 3
	number_of_particles_per_compound: 1
	rod_length: 1.0000000000000000
	interaction_matrix:  1.000000 1.000000 1.000000 1.000000 1.000000 1.000000 1.000000 1.000000 1.000000
	patch_type: symmetric
	patch_width: 8.0000000000000000
	patch_angle: 0.0000000000000000
	angles:  0.000000 0.000000 0.000000
	grand_canonical: 1
	chemical_potential: -1.1666669999999999
box: 10.000000 10.000000
copy: 1.000000 1.000000
epsilon: 0.0041680000000000
end_epsilon: 0.0000000000000000
pressure: 1.0000000000000000
lambda: 0.0000000000000000
lambda_coupling: 1.0000000000000000
uy: 0.0000000000000000
maximum_displacement: 1.0000000000000000
maximum_rotation: 1.0000000000000000
maximum_volume: 0.0000001000000000
maximum_shape: 0.0000001000000000
maximum_dsigma: 0.0100000000000000
mod: 10
pmod: 10
optimize: 1
verbose: 1
snapshot: 0
display: 1
explore: 1
npt: 0
nptxy: 0
nptdxdy: 0
shape: 0
seed: 317740
6.695154526320 6.285208888256 0.866025403784 -0.500000000000
2.018798704174 -9.642948370102 0.866025403784 -0.500000000000
-3.929137703937 -0.828232583952 0.866025403784 0.500000000000
-5.326004715268 2.295083229456 0.000000000000 1.000000000000
5.549326198330 -4.095398575023 0.866025403784 0.500000000000
3.354409924925 1.782699580396 0.866025403784 -0.500000000000
16.147894842613 2.552226588202 0.866025403784 0.500000000000
15.150568269477 -6.330986742576 0.866025403784 -0.500000000000
9.052666013494 21.621337823537 0.000000000000 1.000000000000
-21.273351132779 26.989109554672 0.000000000000 1.000000000000
-0.201366721939 10.158845382187 0.000000000000 1.000000000000
4.035790261264 4.232757790112 0.866025403784 -0.500000000000
3.902560280769 10.473826624777 0.866025403784 0.500000000000
