#Configurational_file created 2018-09-14 12:19:41  started 2018-09-14 12:19:40 run for 1.0s steps 0
name: gc_27
step: 10000
specie: 18
	particle_diameter: 1.0000000000000000
	interaction_length: 1.2000000000000000
	number_of_patches: 3
	number_of_particles_per_compound: 1
	rod_length: 1.0000000000000000
	interaction_matrix:  1.000000 1.000000 1.000000 1.000000 1.000000 1.000000 1.000000 1.000000 1.000000
	patch_type: symmetric
	patch_width: 8.0000000000000000
	patch_angle: 0.0000000000000000
	angles:  0.000000 0.000000 0.000000
	grand_canonical: 1
	chemical_potential: -0.8333330000000000
box: 10.000000 10.000000
copy: 1.000000 1.000000
epsilon: 0.0000010000000000
end_epsilon: 0.0000000000000000
pressure: 1.0000000000000000
lambda: 0.0000000000000000
lambda_coupling: 1.0000000000000000
uy: 0.0000000000000000
maximum_displacement: 1.0000000000000000
maximum_rotation: 1.0000000000000000
maximum_volume: 0.0000001000000000
maximum_shape: 0.0000001000000000
maximum_dsigma: 0.0100000000000000
mod: 10
pmod: 10
optimize: 1
verbose: 1
snapshot: 0
display: 1
explore: 1
npt: 0
nptxy: 0
nptdxdy: 0
shape: 0
seed: 33490
5.808900624413 -1.103738526879 0.000000000000 1.000000000000
1.890561013775 -1.004641776694 0.000000000000 1.000000000000
4.595592730290 0.868551635039 0.000000000000 1.000000000000
22.360795145482 2.155897879612 0.866025403784 -0.500000000000
17.902942896314 13.149510802174 0.866025403784 0.500000000000
13.467992021964 -7.097669744391 0.866025403784 -0.500000000000
0.735731923594 0.141765497629 0.866025403784 0.500000000000
27.480271169933 8.237159384920 0.866025403784 -0.500000000000
8.971673156516 3.291826561328 0.000000000000 1.000000000000
-5.785497208487 6.040793000025 0.866025403784 -0.500000000000
2.532114132477 6.445446390687 0.000000000000 1.000000000000
9.266455386465 8.315566534377 0.866025403784 0.500000000000
10.807985046878 8.185090664250 0.000000000000 1.000000000000
-5.032595935465 8.370096552415 0.866025403784 -0.500000000000
17.220920285258 15.829823678645 0.866025403784 0.500000000000
10.505475256833 8.316578472196 0.866025403784 -0.500000000000
4.885436096080 4.098216171914 0.866025403784 0.500000000000
3.579523310535 8.111735683092 0.866025403784 0.500000000000
