#Configurational_file created 2018-09-14 11:51:59  started 2018-09-14 11:51:59 run for 0.0s steps 0
name: gc_247
step: 10000
specie: 9
	particle_diameter: 1.0000000000000000
	interaction_length: 1.2000000000000000
	number_of_patches: 3
	number_of_particles_per_compound: 1
	rod_length: 1.0000000000000000
	interaction_matrix:  1.000000 1.000000 1.000000 1.000000 1.000000 1.000000 1.000000 1.000000 1.000000
	patch_type: symmetric
	patch_width: 8.0000000000000000
	patch_angle: 0.0000000000000000
	angles:  0.000000 0.000000 0.000000
	grand_canonical: 1
	chemical_potential: -1.5000000000000000
box: 10.000000 10.000000
copy: 1.000000 1.000000
epsilon: 0.0875000000000000
end_epsilon: 0.0000000000000000
pressure: 1.0000000000000000
lambda: 0.0000000000000000
lambda_coupling: 1.0000000000000000
uy: 0.0000000000000000
maximum_displacement: 1.0000000000000000
maximum_rotation: 1.0000000000000000
maximum_volume: 0.0000001000000000
maximum_shape: 0.0000001000000000
maximum_dsigma: 0.0100000000000000
mod: 10
pmod: 10
optimize: 1
verbose: 1
snapshot: 0
display: 1
explore: 1
npt: 0
nptxy: 0
nptdxdy: 0
shape: 0
seed: 283630
11.448315758224 -13.364788958905 0.866025403784 0.500000000000
4.648200588415 4.564872305963 0.866025403784 0.500000000000
-2.621416636119 7.067273325353 0.866025403784 0.500000000000
0.222657110308 -4.381309500140 0.000000000000 1.000000000000
17.133087218248 4.408563008301 0.866025403784 0.500000000000
5.121038317973 -3.700228900460 0.866025403784 0.500000000000
-1.811104337365 -8.073427698533 0.000000000000 1.000000000000
0.615705290022 0.553465611998 0.000000000000 1.000000000000
12.677164076995 10.174360908254 0.866025403784 0.500000000000
