#Configurational_file created 2018-09-14 13:48:04  started 2018-09-14 13:48:03 run for 1.0s steps 0
name: gc_293
step: 10000
specie: 11
	particle_diameter: 1.0000000000000000
	interaction_length: 1.2000000000000000
	number_of_patches: 3
	number_of_particles_per_compound: 1
	rod_length: 1.0000000000000000
	interaction_matrix:  1.000000 1.000000 1.000000 1.000000 1.000000 1.000000 1.000000 1.000000 1.000000
	patch_type: symmetric
	patch_width: 8.0000000000000000
	patch_angle: 0.0000000000000000
	angles:  0.000000 0.000000 0.000000
	grand_canonical: 1
	chemical_potential: -1.7586210000000000
box: 10.000000 10.000000
copy: 1.000000 1.000000
epsilon: 0.3793110000000000
end_epsilon: 0.0000000000000000
pressure: 1.0000000000000000
lambda: 0.0000000000000000
lambda_coupling: 1.0000000000000000
uy: 0.0000000000000000
maximum_displacement: 1.0000000000000000
maximum_rotation: 1.0000000000000000
maximum_volume: 0.0000001000000000
maximum_shape: 0.0000001000000000
maximum_dsigma: 0.0100000000000000
mod: 10
pmod: 10
optimize: 1
verbose: 1
snapshot: 0
display: 1
explore: 1
npt: 0
nptxy: 0
nptdxdy: 0
shape: 0
seed: 335932
6.138629269292 10.563022871223 0.866025403784 0.500000000000
16.466496584971 -2.679528500544 0.866025403784 -0.500000000000
18.973681729064 6.994454970278 0.866025403784 0.500000000000
22.329847033045 -0.806898449367 0.866025403784 -0.500000000000
5.734919224624 13.156632512400 0.866025403784 0.500000000000
-13.752754630584 -3.644838838073 0.000000000000 1.000000000000
3.641696808994 4.796631637356 0.866025403784 -0.500000000000
1.171061860801 11.093680228565 0.866025403784 -0.500000000000
10.020297304444 4.484342979846 0.000000000000 1.000000000000
-2.101803489748 3.466688338692 0.000000000000 1.000000000000
5.685237220622 -13.164004539230 0.866025403784 0.500000000000
