#Configurational_file created 2018-09-14 13:47:22  started 2018-09-14 13:47:21 run for 1.0s steps 0
name: gc_230
step: 10000
specie: 6
	particle_diameter: 1.0000000000000000
	interaction_length: 1.2000000000000000
	number_of_patches: 3
	number_of_particles_per_compound: 1
	rod_length: 1.0000000000000000
	interaction_matrix:  1.000000 1.000000 1.000000 1.000000 1.000000 1.000000 1.000000 1.000000 1.000000
	patch_type: symmetric
	patch_width: 8.0000000000000000
	patch_angle: 0.0000000000000000
	angles:  0.000000 0.000000 0.000000
	grand_canonical: 1
	chemical_potential: -2.0344829999999998
box: 10.000000 10.000000
copy: 1.000000 1.000000
epsilon: 0.3275870000000000
end_epsilon: 0.0000000000000000
pressure: 1.0000000000000000
lambda: 0.0000000000000000
lambda_coupling: 1.0000000000000000
uy: 0.0000000000000000
maximum_displacement: 1.0000000000000000
maximum_rotation: 1.0000000000000000
maximum_volume: 0.0000001000000000
maximum_shape: 0.0000001000000000
maximum_dsigma: 0.0100000000000000
mod: 10
pmod: 10
optimize: 1
verbose: 1
snapshot: 0
display: 1
explore: 1
npt: 0
nptxy: 0
nptdxdy: 0
shape: 0
seed: 264301
16.181010767454 17.128865326297 0.866025403784 -0.500000000000
0.066628431658 0.723447586061 0.866025403784 -0.500000000000
4.530592987248 2.730368805975 0.866025403784 -0.500000000000
-1.319838367654 1.454184227346 0.866025403784 0.500000000000
7.850446537827 -4.286261256339 0.866025403784 -0.500000000000
16.135573194677 -7.865233781908 0.866025403784 0.500000000000
