#Configurational_file created 2018-09-14 13:48:08  started 2018-09-14 13:48:07 run for 1.0s steps 0
name: gc_299
step: 10000
specie: 8
	particle_diameter: 1.0000000000000000
	interaction_length: 1.2000000000000000
	number_of_patches: 3
	number_of_particles_per_compound: 1
	rod_length: 1.0000000000000000
	interaction_matrix:  1.000000 1.000000 1.000000 1.000000 1.000000 1.000000 1.000000 1.000000 1.000000
	patch_type: symmetric
	patch_width: 8.0000000000000000
	patch_angle: 0.0000000000000000
	angles:  0.000000 0.000000 0.000000
	grand_canonical: 1
	chemical_potential: -1.7586210000000000
box: 10.000000 10.000000
copy: 1.000000 1.000000
epsilon: 0.4827590000000000
end_epsilon: 0.0000000000000000
pressure: 1.0000000000000000
lambda: 0.0000000000000000
lambda_coupling: 1.0000000000000000
uy: 0.0000000000000000
maximum_displacement: 1.0000000000000000
maximum_rotation: 1.0000000000000000
maximum_volume: 0.0000001000000000
maximum_shape: 0.0000001000000000
maximum_dsigma: 0.0100000000000000
mod: 10
pmod: 10
optimize: 1
verbose: 1
snapshot: 0
display: 1
explore: 1
npt: 0
nptxy: 0
nptdxdy: 0
shape: 0
seed: 342754
6.157518780881 3.879246331524 0.000000000000 1.000000000000
8.893010116673 4.630609330941 0.000000000000 1.000000000000
-14.949419833541 2.607408942234 0.866025403784 -0.500000000000
-16.394300979733 17.289876913601 0.866025403784 0.500000000000
-0.125511201504 7.072700083084 0.000000000000 1.000000000000
4.832943778689 11.505143357267 0.866025403784 0.500000000000
5.529646363494 -4.828551223623 0.866025403784 0.500000000000
9.878332005302 -0.662467268789 0.000000000000 1.000000000000
