#Configurational_file created 2018-09-14 11:24:50  started 2018-09-14 11:24:49 run for 1.0s steps 0
name: gc_288
step: 10000
specie: 13
	particle_diameter: 1.0000000000000000
	interaction_length: 1.2000000000000000
	number_of_patches: 3
	number_of_particles_per_compound: 1
	rod_length: 1.0000000000000000
	interaction_matrix:  1.000000 1.000000 1.000000 1.000000 1.000000 1.000000 1.000000 1.000000 1.000000
	patch_type: symmetric
	patch_width: 8.0000000000000000
	patch_angle: 0.0000000000000000
	angles:  0.000000 0.000000 0.000000
	grand_canonical: 1
	chemical_potential: -1.1666669999999999
box: 10.000000 10.000000
copy: 1.000000 1.000000
epsilon: 1.0000500000000001
end_epsilon: 0.0000000000000000
pressure: 1.0000000000000000
lambda: 0.0000000000000000
lambda_coupling: 1.0000000000000000
uy: 0.0000000000000000
maximum_displacement: 1.0000000000000000
maximum_rotation: 1.0000000000000000
maximum_volume: 0.0000001000000000
maximum_shape: 0.0000001000000000
maximum_dsigma: 0.0100000000000000
mod: 10
pmod: 10
optimize: 1
verbose: 1
snapshot: 0
display: 1
explore: 1
npt: 0
nptxy: 0
nptdxdy: 0
shape: 0
seed: 330247
1.957861120384 7.467049559520 0.866025403784 0.500000000000
6.500063964006 6.787716733630 0.866025403784 0.500000000000
2.442989921108 15.001005780736 0.000000000000 1.000000000000
-2.487742782500 17.070303435436 0.866025403784 0.500000000000
-7.310545804959 2.046437693556 0.000000000000 1.000000000000
18.701677337834 11.116391686890 0.866025403784 0.500000000000
4.792151589300 11.448365011676 0.000000000000 1.000000000000
2.315315523322 -4.361700471762 0.866025403784 -0.500000000000
12.181318857018 2.498612824993 0.866025403784 -0.500000000000
20.664092403563 2.300601370071 0.866025403784 0.500000000000
8.743910358665 5.048925505457 0.866025403784 0.500000000000
6.582471075219 11.436439312680 0.866025403784 -0.500000000000
0.803733214543 4.028880768884 0.866025403784 -0.500000000000
