#Configurational_file created 2018-09-14 11:24:47  started 2018-09-14 11:24:46 run for 1.0s steps 0
name: gc_284
step: 10000
specie: 11
	particle_diameter: 1.0000000000000000
	interaction_length: 1.2000000000000000
	number_of_patches: 3
	number_of_particles_per_compound: 1
	rod_length: 1.0000000000000000
	interaction_matrix:  1.000000 1.000000 1.000000 1.000000 1.000000 1.000000 1.000000 1.000000 1.000000
	patch_type: symmetric
	patch_width: 8.0000000000000000
	patch_angle: 0.0000000000000000
	angles:  0.000000 0.000000 0.000000
	grand_canonical: 1
	chemical_potential: -1.1666669999999999
box: 10.000000 10.000000
copy: 1.000000 1.000000
epsilon: 0.6667330000000000
end_epsilon: 0.0000000000000000
pressure: 1.0000000000000000
lambda: 0.0000000000000000
lambda_coupling: 1.0000000000000000
uy: 0.0000000000000000
maximum_displacement: 1.0000000000000000
maximum_rotation: 1.0000000000000000
maximum_volume: 0.0000001000000000
maximum_shape: 0.0000001000000000
maximum_dsigma: 0.0100000000000000
mod: 10
pmod: 10
optimize: 1
verbose: 1
snapshot: 0
display: 1
explore: 1
npt: 0
nptxy: 0
nptdxdy: 0
shape: 0
seed: 325699
-2.117956888377 0.853635713948 0.866025403784 0.500000000000
-0.477605759130 7.091797934480 0.866025403784 0.500000000000
-6.964752607185 4.190052232467 0.866025403784 -0.500000000000
10.456531427624 -1.186351952329 0.000000000000 1.000000000000
19.196443284767 -9.063782460111 0.000000000000 1.000000000000
10.248354076116 5.026990751124 0.866025403784 0.500000000000
11.162184893197 10.378607013341 0.866025403784 -0.500000000000
8.198701449979 -2.057222531858 0.866025403784 0.500000000000
5.218755255867 18.125816031997 0.866025403784 0.500000000000
4.163967655438 2.365815433878 0.000000000000 1.000000000000
14.363413828453 10.399774729531 0.000000000000 1.000000000000
