#Configurational_file created 2018-09-14 13:47:50  started 2018-09-14 13:47:49 run for 1.0s steps 0
name: gc_273
step: 10000
specie: 13
	particle_diameter: 1.0000000000000000
	interaction_length: 1.2000000000000000
	number_of_patches: 3
	number_of_particles_per_compound: 1
	rod_length: 1.0000000000000000
	interaction_matrix:  1.000000 1.000000 1.000000 1.000000 1.000000 1.000000 1.000000 1.000000 1.000000
	patch_type: symmetric
	patch_width: 8.0000000000000000
	patch_angle: 0.0000000000000000
	angles:  0.000000 0.000000 0.000000
	grand_canonical: 1
	chemical_potential: -1.7586210000000000
box: 10.000000 10.000000
copy: 1.000000 1.000000
epsilon: 0.0344840000000000
end_epsilon: 0.0000000000000000
pressure: 1.0000000000000000
lambda: 0.0000000000000000
lambda_coupling: 1.0000000000000000
uy: 0.0000000000000000
maximum_displacement: 1.0000000000000000
maximum_rotation: 1.0000000000000000
maximum_volume: 0.0000001000000000
maximum_shape: 0.0000001000000000
maximum_dsigma: 0.0100000000000000
mod: 10
pmod: 10
optimize: 1
verbose: 1
snapshot: 0
display: 1
explore: 1
npt: 0
nptxy: 0
nptdxdy: 0
shape: 0
seed: 313192
4.304401673673 5.307572574759 0.866025403784 -0.500000000000
16.042748952821 -5.014368795382 0.000000000000 1.000000000000
7.963553476509 1.198233147469 0.866025403784 0.500000000000
4.827355311428 15.081825079503 0.000000000000 1.000000000000
-8.622315089451 9.783559635303 0.866025403784 -0.500000000000
6.838133408272 21.181044659974 0.866025403784 0.500000000000
4.475161078577 2.131782757163 0.000000000000 1.000000000000
13.192775212158 15.135372818071 0.866025403784 0.500000000000
7.878060263098 -7.645683524690 0.866025403784 0.500000000000
23.269346458777 13.470341799912 0.000000000000 1.000000000000
3.380946150437 7.530738530833 0.866025403784 0.500000000000
4.358589797843 9.952941375483 0.000000000000 1.000000000000
-0.454300812841 3.119674307083 0.866025403784 0.500000000000
