#Configurational_file created 2018-09-14 11:52:31  started 2018-09-14 11:52:30 run for 1.0s steps 0
name: gc_288
step: 10000
specie: 20
	particle_diameter: 1.0000000000000000
	interaction_length: 1.2000000000000000
	number_of_patches: 3
	number_of_particles_per_compound: 1
	rod_length: 1.0000000000000000
	interaction_matrix:  1.000000 1.000000 1.000000 1.000000 1.000000 1.000000 1.000000 1.000000 1.000000
	patch_type: symmetric
	patch_width: 8.0000000000000000
	patch_angle: 0.0000000000000000
	angles:  0.000000 0.000000 0.000000
	grand_canonical: 1
	chemical_potential: -1.1666669999999999
box: 10.000000 10.000000
copy: 1.000000 1.000000
epsilon: 0.0500010000000000
end_epsilon: 0.0000000000000000
pressure: 1.0000000000000000
lambda: 0.0000000000000000
lambda_coupling: 1.0000000000000000
uy: 0.0000000000000000
maximum_displacement: 1.0000000000000000
maximum_rotation: 1.0000000000000000
maximum_volume: 0.0000001000000000
maximum_shape: 0.0000001000000000
maximum_dsigma: 0.0100000000000000
mod: 10
pmod: 10
optimize: 1
verbose: 1
snapshot: 0
display: 1
explore: 1
npt: 0
nptxy: 0
nptdxdy: 0
shape: 0
seed: 330247
12.015115793682 6.701093977547 0.866025403784 0.500000000000
-1.106750951076 22.284000643507 0.866025403784 0.500000000000
4.268389220072 5.385531524705 0.866025403784 0.500000000000
-2.443102494985 0.653952625273 0.000000000000 1.000000000000
1.748381085292 15.914745868473 0.000000000000 1.000000000000
8.873658939157 13.325814549407 0.866025403784 0.500000000000
2.166941413716 1.832796971482 0.866025403784 0.500000000000
-3.847915930471 -13.748521501898 0.866025403784 0.500000000000
17.982179621945 4.992306759241 0.000000000000 1.000000000000
-1.349723430250 8.347803214917 0.866025403784 0.500000000000
2.392734346826 0.096102698563 0.866025403784 -0.500000000000
0.664627505674 7.791781341620 0.866025403784 0.500000000000
4.342511700731 -6.357846008712 0.000000000000 1.000000000000
7.149845546776 -1.193774501162 0.866025403784 0.500000000000
-1.221178139961 9.845045438817 0.000000000000 1.000000000000
5.408104852718 5.282908806446 0.000000000000 1.000000000000
1.421352137090 -0.919352752906 0.000000000000 1.000000000000
0.229811082546 8.867842657896 0.866025403784 0.500000000000
10.145259338628 1.918838902696 0.866025403784 0.500000000000
3.181575133299 2.974954984803 0.866025403784 -0.500000000000
