#Configurational_file created 2018-09-14 12:19:37  started 2018-09-14 12:19:36 run for 1.0s steps 0
name: gc_22
step: 10000
specie: 9
	particle_diameter: 1.0000000000000000
	interaction_length: 1.2000000000000000
	number_of_patches: 3
	number_of_particles_per_compound: 1
	rod_length: 1.0000000000000000
	interaction_matrix:  1.000000 1.000000 1.000000 1.000000 1.000000 1.000000 1.000000 1.000000 1.000000
	patch_type: symmetric
	patch_width: 8.0000000000000000
	patch_angle: 0.0000000000000000
	angles:  0.000000 0.000000 0.000000
	grand_canonical: 1
	chemical_potential: -1.3333330000000001
box: 10.000000 10.000000
copy: 1.000000 1.000000
epsilon: 0.1000000000000000
end_epsilon: 0.0000000000000000
pressure: 1.0000000000000000
lambda: 0.0000000000000000
lambda_coupling: 1.0000000000000000
uy: 0.0000000000000000
maximum_displacement: 1.0000000000000000
maximum_rotation: 1.0000000000000000
maximum_volume: 0.0000001000000000
maximum_shape: 0.0000001000000000
maximum_dsigma: 0.0100000000000000
mod: 10
pmod: 10
optimize: 1
verbose: 1
snapshot: 0
display: 1
explore: 1
npt: 0
nptxy: 0
nptdxdy: 0
shape: 0
seed: 27805
-4.924336844232 5.688783488325 0.866025403784 0.500000000000
9.801719955637 8.680884936885 0.000000000000 1.000000000000
-4.620052649602 -2.835661297233 0.866025403784 -0.500000000000
4.886736781594 0.487529660138 0.866025403784 -0.500000000000
14.423687164808 -1.316255450755 0.866025403784 -0.500000000000
6.171152076547 0.756303040232 0.000000000000 1.000000000000
8.946633177816 10.159896221145 0.000000000000 1.000000000000
10.796217143934 12.585516001372 0.000000000000 1.000000000000
3.869021074920 5.702652143828 0.866025403784 -0.500000000000
