#Configurational_file created 2018-09-14 11:24:18  started 2018-09-14 11:24:18 run for 0.0s steps 0
name: gc_245
step: 10000
specie: 17
	particle_diameter: 1.0000000000000000
	interaction_length: 1.2000000000000000
	number_of_patches: 3
	number_of_particles_per_compound: 1
	rod_length: 1.0000000000000000
	interaction_matrix:  1.000000 1.000000 1.000000 1.000000 1.000000 1.000000 1.000000 1.000000 1.000000
	patch_type: symmetric
	patch_width: 8.0000000000000000
	patch_angle: 0.0000000000000000
	angles:  0.000000 0.000000 0.000000
	grand_canonical: 1
	chemical_potential: -1.5000000000000000
box: 10.000000 10.000000
copy: 1.000000 1.000000
epsilon: 1.5833539999999999
end_epsilon: 0.0000000000000000
pressure: 1.0000000000000000
lambda: 0.0000000000000000
lambda_coupling: 1.0000000000000000
uy: 0.0000000000000000
maximum_displacement: 1.0000000000000000
maximum_rotation: 1.0000000000000000
maximum_volume: 0.0000001000000000
maximum_shape: 0.0000001000000000
maximum_dsigma: 0.0100000000000000
mod: 10
pmod: 10
optimize: 1
verbose: 1
snapshot: 0
display: 1
explore: 1
npt: 0
nptxy: 0
nptdxdy: 0
shape: 0
seed: 281356
10.260786758280 17.426004378141 0.866025403784 0.500000000000
9.573650200813 8.314229359842 0.866025403784 0.500000000000
2.182456945248 17.558183195093 0.000000000000 1.000000000000
11.909861662045 4.200346953813 0.866025403784 0.500000000000
-24.658977130184 -15.056933778851 0.866025403784 -0.500000000000
5.626397261806 0.906856701539 0.866025403784 0.500000000000
-4.490693171262 9.205393357107 0.000000000000 1.000000000000
-12.308715291597 11.634734538616 0.000000000000 1.000000000000
10.926243797096 10.149320818195 0.866025403784 0.500000000000
0.213295915000 12.982813416897 0.866025403784 -0.500000000000
-7.162953634093 2.843899051165 0.866025403784 -0.500000000000
11.767180987528 1.332198219324 0.866025403784 -0.500000000000
0.787541893203 5.385178649243 0.000000000000 1.000000000000
10.331673973349 2.633522420031 0.000000000000 1.000000000000
11.431382377956 3.360532204618 0.000000000000 1.000000000000
2.925806506401 11.003335824986 0.866025403784 -0.500000000000
8.944316447505 -0.202422070513 0.866025403784 -0.500000000000
