#Configurational_file created 2018-09-14 13:48:07  started 2018-09-14 13:48:06 run for 1.0s steps 0
name: gc_298
step: 10000
specie: 10
	particle_diameter: 1.0000000000000000
	interaction_length: 1.2000000000000000
	number_of_patches: 3
	number_of_particles_per_compound: 1
	rod_length: 1.0000000000000000
	interaction_matrix:  1.000000 1.000000 1.000000 1.000000 1.000000 1.000000 1.000000 1.000000 1.000000
	patch_type: symmetric
	patch_width: 8.0000000000000000
	patch_angle: 0.0000000000000000
	angles:  0.000000 0.000000 0.000000
	grand_canonical: 1
	chemical_potential: -1.7586210000000000
box: 10.000000 10.000000
copy: 1.000000 1.000000
epsilon: 0.4655170000000000
end_epsilon: 0.0000000000000000
pressure: 1.0000000000000000
lambda: 0.0000000000000000
lambda_coupling: 1.0000000000000000
uy: 0.0000000000000000
maximum_displacement: 1.0000000000000000
maximum_rotation: 1.0000000000000000
maximum_volume: 0.0000001000000000
maximum_shape: 0.0000001000000000
maximum_dsigma: 0.0100000000000000
mod: 10
pmod: 10
optimize: 1
verbose: 1
snapshot: 0
display: 1
explore: 1
npt: 0
nptxy: 0
nptdxdy: 0
shape: 0
seed: 341617
21.059538898728 -0.490843171711 0.866025403784 0.500000000000
7.915624338601 4.065417652681 0.866025403784 -0.500000000000
9.323188906581 13.401997533016 0.000000000000 1.000000000000
3.190675667471 0.756158927949 0.866025403784 -0.500000000000
-0.469719693489 -1.793891373890 0.000000000000 1.000000000000
-1.998623580894 0.948579927770 0.866025403784 0.500000000000
12.171977214712 15.716991394404 0.866025403784 0.500000000000
14.998105692566 2.194177233384 0.000000000000 1.000000000000
1.787797543293 0.983840619264 0.866025403784 0.500000000000
2.190980026488 8.002531597998 0.000000000000 1.000000000000
