#Configurational_file created 2018-09-14 11:24:51  started 2018-09-14 11:24:50 run for 1.0s steps 0
name: gc_289
step: 10000
specie: 19
	particle_diameter: 1.0000000000000000
	interaction_length: 1.2000000000000000
	number_of_patches: 3
	number_of_particles_per_compound: 1
	rod_length: 1.0000000000000000
	interaction_matrix:  1.000000 1.000000 1.000000 1.000000 1.000000 1.000000 1.000000 1.000000 1.000000
	patch_type: symmetric
	patch_width: 8.0000000000000000
	patch_angle: 0.0000000000000000
	angles:  0.000000 0.000000 0.000000
	grand_canonical: 1
	chemical_potential: -1.1666669999999999
box: 10.000000 10.000000
copy: 1.000000 1.000000
epsilon: 1.0833790000000001
end_epsilon: 0.0000000000000000
pressure: 1.0000000000000000
lambda: 0.0000000000000000
lambda_coupling: 1.0000000000000000
uy: 0.0000000000000000
maximum_displacement: 1.0000000000000000
maximum_rotation: 1.0000000000000000
maximum_volume: 0.0000001000000000
maximum_shape: 0.0000001000000000
maximum_dsigma: 0.0100000000000000
mod: 10
pmod: 10
optimize: 1
verbose: 1
snapshot: 0
display: 1
explore: 1
npt: 0
nptxy: 0
nptdxdy: 0
shape: 0
seed: 331384
2.633613384450 9.274842848662 0.866025403784 -0.500000000000
7.891184442590 -0.997642806178 0.866025403784 0.500000000000
11.577319919142 12.070116316385 0.866025403784 -0.500000000000
9.430462563430 14.102869350490 0.866025403784 0.500000000000
7.324614887266 4.106358782170 0.000000000000 1.000000000000
12.597861982799 2.349616679235 0.866025403784 0.500000000000
3.706379943382 6.596410129730 0.866025403784 0.500000000000
5.278136813061 -0.033650653411 0.866025403784 -0.500000000000
11.005698318131 8.287809704255 0.000000000000 1.000000000000
-3.382784619163 10.860882371288 0.866025403784 0.500000000000
15.394474480994 -5.247834046213 0.000000000000 1.000000000000
5.510534210692 7.866872723376 0.000000000000 1.000000000000
8.004495607901 5.252932246092 0.000000000000 1.000000000000
12.222002269094 -2.580820407217 0.000000000000 1.000000000000
10.082325208795 4.806686591271 0.000000000000 1.000000000000
-0.391335643503 -0.378409910143 0.866025403784 -0.500000000000
8.286116943305 6.683834398063 0.000000000000 1.000000000000
1.801980402636 6.595984478062 0.866025403784 0.500000000000
7.074538277360 5.244974546049 0.866025403784 -0.500000000000
