#Configurational_file created 2018-09-14 11:23:55  started 2018-09-14 11:23:54 run for 1.0s steps 0
name: gc_212
step: 10000
specie: 10
	particle_diameter: 1.0000000000000000
	interaction_length: 1.2000000000000000
	number_of_patches: 3
	number_of_particles_per_compound: 1
	rod_length: 1.0000000000000000
	interaction_matrix:  1.000000 1.000000 1.000000 1.000000 1.000000 1.000000 1.000000 1.000000 1.000000
	patch_type: symmetric
	patch_width: 8.0000000000000000
	patch_angle: 0.0000000000000000
	angles:  0.000000 0.000000 0.000000
	grand_canonical: 1
	chemical_potential: -1.6666669999999999
box: 10.000000 10.000000
copy: 1.000000 1.000000
epsilon: 0.9167210000000000
end_epsilon: 0.0000000000000000
pressure: 1.0000000000000000
lambda: 0.0000000000000000
lambda_coupling: 1.0000000000000000
uy: 0.0000000000000000
maximum_displacement: 1.0000000000000000
maximum_rotation: 1.0000000000000000
maximum_volume: 0.0000001000000000
maximum_shape: 0.0000001000000000
maximum_dsigma: 0.0100000000000000
mod: 10
pmod: 10
optimize: 1
verbose: 1
snapshot: 0
display: 1
explore: 1
npt: 0
nptxy: 0
nptdxdy: 0
shape: 0
seed: 243835
4.528023007252 5.439891243135 0.000000000000 1.000000000000
5.630380945589 10.582346566541 0.000000000000 1.000000000000
1.728956806895 10.529492754721 0.866025403784 0.500000000000
-0.725085844128 19.640266942115 0.866025403784 -0.500000000000
11.023715351674 8.954824141570 0.000000000000 1.000000000000
5.897898348116 3.508618661271 0.000000000000 1.000000000000
3.856593039066 -0.481343768373 0.866025403784 0.500000000000
15.065693044688 -0.049463313046 0.866025403784 -0.500000000000
4.851169613951 5.887666761883 0.866025403784 -0.500000000000
8.014839038690 7.455416578704 0.000000000000 1.000000000000
