#Configurational_file created 2018-09-14 11:51:55  started 2018-09-14 11:51:54 run for 1.0s steps 0
name: gc_241
step: 10000
specie: 11
	particle_diameter: 1.0000000000000000
	interaction_length: 1.2000000000000000
	number_of_patches: 3
	number_of_particles_per_compound: 1
	rod_length: 1.0000000000000000
	interaction_matrix:  1.000000 1.000000 1.000000 1.000000 1.000000 1.000000 1.000000 1.000000 1.000000
	patch_type: symmetric
	patch_width: 8.0000000000000000
	patch_angle: 0.0000000000000000
	angles:  0.000000 0.000000 0.000000
	grand_canonical: 1
	chemical_potential: -1.5000000000000000
box: 10.000000 10.000000
copy: 1.000000 1.000000
epsilon: 0.0625000000000000
end_epsilon: 0.0000000000000000
pressure: 1.0000000000000000
lambda: 0.0000000000000000
lambda_coupling: 1.0000000000000000
uy: 0.0000000000000000
maximum_displacement: 1.0000000000000000
maximum_rotation: 1.0000000000000000
maximum_volume: 0.0000001000000000
maximum_shape: 0.0000001000000000
maximum_dsigma: 0.0100000000000000
mod: 10
pmod: 10
optimize: 1
verbose: 1
snapshot: 0
display: 1
explore: 1
npt: 0
nptxy: 0
nptdxdy: 0
shape: 0
seed: 276808
-9.374460321813 -4.314615317694 0.866025403784 0.500000000000
11.946842696140 7.752353388609 0.866025403784 0.500000000000
1.014286363026 1.892664945024 0.866025403784 0.500000000000
3.426838930300 9.148903096988 0.866025403784 -0.500000000000
17.797096491729 11.780817708010 0.000000000000 1.000000000000
5.882481430955 -2.965678170756 0.866025403784 0.500000000000
11.168858020296 2.397287240060 0.866025403784 -0.500000000000
11.232182338358 -1.528965318724 0.866025403784 0.500000000000
9.447949805137 2.621023964291 0.866025403784 0.500000000000
5.552830200175 0.124669078379 0.866025403784 0.500000000000
8.282464410670 6.622839230627 0.866025403784 -0.500000000000
