#Configurational_file created 2018-09-14 13:48:03  started 2018-09-14 13:48:02 run for 1.0s steps 0
name: gc_292
step: 10000
specie: 10
	particle_diameter: 1.0000000000000000
	interaction_length: 1.2000000000000000
	number_of_patches: 3
	number_of_particles_per_compound: 1
	rod_length: 1.0000000000000000
	interaction_matrix:  1.000000 1.000000 1.000000 1.000000 1.000000 1.000000 1.000000 1.000000 1.000000
	patch_type: symmetric
	patch_width: 8.0000000000000000
	patch_angle: 0.0000000000000000
	angles:  0.000000 0.000000 0.000000
	grand_canonical: 1
	chemical_potential: -1.7586210000000000
box: 10.000000 10.000000
copy: 1.000000 1.000000
epsilon: 0.3620690000000000
end_epsilon: 0.0000000000000000
pressure: 1.0000000000000000
lambda: 0.0000000000000000
lambda_coupling: 1.0000000000000000
uy: 0.0000000000000000
maximum_displacement: 1.0000000000000000
maximum_rotation: 1.0000000000000000
maximum_volume: 0.0000001000000000
maximum_shape: 0.0000001000000000
maximum_dsigma: 0.0100000000000000
mod: 10
pmod: 10
optimize: 1
verbose: 1
snapshot: 0
display: 1
explore: 1
npt: 0
nptxy: 0
nptdxdy: 0
shape: 0
seed: 334795
-3.565471770251 4.088039611695 0.866025403784 -0.500000000000
16.816745630930 16.289603800691 0.866025403784 0.500000000000
12.753743270014 40.396495764886 0.866025403784 -0.500000000000
-7.689377208490 7.946524226141 0.866025403784 0.500000000000
3.658001595649 -0.606267717333 0.866025403784 0.500000000000
6.064204945807 2.441398257787 0.000000000000 1.000000000000
5.154191567943 4.981653701932 0.866025403784 -0.500000000000
-0.904448513254 -1.912677539644 0.866025403784 -0.500000000000
-4.458925184215 0.718531246345 0.866025403784 0.500000000000
-3.095977832618 7.791999078344 0.000000000000 1.000000000000
