#Configurational_file created 2018-09-14 11:24:36  started 2018-09-14 11:24:35 run for 1.0s steps 0
name: gc_269
step: 10000
specie: 20
	particle_diameter: 1.0000000000000000
	interaction_length: 1.2000000000000000
	number_of_patches: 3
	number_of_particles_per_compound: 1
	rod_length: 1.0000000000000000
	interaction_matrix:  1.000000 1.000000 1.000000 1.000000 1.000000 1.000000 1.000000 1.000000 1.000000
	patch_type: symmetric
	patch_width: 8.0000000000000000
	patch_angle: 0.0000000000000000
	angles:  0.000000 0.000000 0.000000
	grand_canonical: 1
	chemical_potential: -1.3333330000000001
box: 10.000000 10.000000
copy: 1.000000 1.000000
epsilon: 1.5000249999999999
end_epsilon: 0.0000000000000000
pressure: 1.0000000000000000
lambda: 0.0000000000000000
lambda_coupling: 1.0000000000000000
uy: 0.0000000000000000
maximum_displacement: 1.0000000000000000
maximum_rotation: 1.0000000000000000
maximum_volume: 0.0000001000000000
maximum_shape: 0.0000001000000000
maximum_dsigma: 0.0100000000000000
mod: 10
pmod: 10
optimize: 1
verbose: 1
snapshot: 0
display: 1
explore: 1
npt: 0
nptxy: 0
nptdxdy: 0
shape: 0
seed: 308644
-0.941876996553 1.878467168158 0.866025403784 -0.500000000000
3.193594229119 4.367907032226 0.000000000000 1.000000000000
-13.276064925843 4.989816431811 0.866025403784 -0.500000000000
22.685442802112 2.067765333984 0.866025403784 -0.500000000000
-5.942832590040 1.178032960306 0.000000000000 1.000000000000
3.735437139649 9.216892169829 0.000000000000 1.000000000000
11.863571815103 10.764165438052 0.000000000000 1.000000000000
6.489166454001 -2.057175001723 0.866025403784 0.500000000000
6.223434963773 11.789828137109 0.866025403784 0.500000000000
0.200094697018 22.771291242551 0.866025403784 0.500000000000
-3.932573683696 -4.041101603221 0.866025403784 -0.500000000000
7.345597362726 9.248303857757 0.000000000000 1.000000000000
33.212194993762 9.572317597135 0.866025403784 0.500000000000
2.221737783550 3.608303922996 0.866025403784 -0.500000000000
8.180579799824 4.436008501436 0.000000000000 1.000000000000
10.395916272130 8.580170906415 0.866025403784 -0.500000000000
0.504967860908 7.720257087273 0.000000000000 1.000000000000
3.741604903214 7.392981007216 0.866025403784 0.500000000000
15.112789710305 -4.409640616722 0.866025403784 -0.500000000000
3.188459342704 5.654284065460 0.000000000000 1.000000000000
