#Configurational_file created 2018-09-14 13:47:51  started 2018-09-14 13:47:50 run for 1.0s steps 0
name: gc_274
step: 10000
specie: 16
	particle_diameter: 1.0000000000000000
	interaction_length: 1.2000000000000000
	number_of_patches: 3
	number_of_particles_per_compound: 1
	rod_length: 1.0000000000000000
	interaction_matrix:  1.000000 1.000000 1.000000 1.000000 1.000000 1.000000 1.000000 1.000000 1.000000
	patch_type: symmetric
	patch_width: 8.0000000000000000
	patch_angle: 0.0000000000000000
	angles:  0.000000 0.000000 0.000000
	grand_canonical: 1
	chemical_potential: -1.7586210000000000
box: 10.000000 10.000000
copy: 1.000000 1.000000
epsilon: 0.0517250000000000
end_epsilon: 0.0000000000000000
pressure: 1.0000000000000000
lambda: 0.0000000000000000
lambda_coupling: 1.0000000000000000
uy: 0.0000000000000000
maximum_displacement: 1.0000000000000000
maximum_rotation: 1.0000000000000000
maximum_volume: 0.0000001000000000
maximum_shape: 0.0000001000000000
maximum_dsigma: 0.0100000000000000
mod: 10
pmod: 10
optimize: 1
verbose: 1
snapshot: 0
display: 1
explore: 1
npt: 0
nptxy: 0
nptdxdy: 0
shape: 0
seed: 314329
-2.791094109271 15.873005224648 0.866025403784 0.500000000000
17.090907579584 42.158708853610 0.866025403784 -0.500000000000
14.494356701509 14.101099376730 0.000000000000 1.000000000000
22.447990224789 5.100912783872 0.000000000000 1.000000000000
2.743353147252 -2.287917483289 0.866025403784 -0.500000000000
6.354818175330 9.479881535590 0.000000000000 1.000000000000
-0.983340579339 4.853817885205 0.866025403784 0.500000000000
15.818610580098 2.346802000756 0.000000000000 1.000000000000
23.865216425535 3.497687247545 0.866025403784 0.500000000000
7.199608407279 -6.041101610860 0.000000000000 1.000000000000
-3.135897590182 -0.102128403552 0.866025403784 -0.500000000000
12.905215375152 16.487914188392 0.866025403784 0.500000000000
9.846071538143 3.340159375679 0.000000000000 1.000000000000
4.759483536455 5.777015817395 0.866025403784 0.500000000000
6.101889851169 4.197725999057 0.866025403784 0.500000000000
4.899548255958 6.914275727608 0.866025403784 0.500000000000
