#Configurational_file created 2018-09-14 13:47:52  started 2018-09-14 13:47:51 run for 1.0s steps 0
name: gc_276
step: 10000
specie: 9
	particle_diameter: 1.0000000000000000
	interaction_length: 1.2000000000000000
	number_of_patches: 3
	number_of_particles_per_compound: 1
	rod_length: 1.0000000000000000
	interaction_matrix:  1.000000 1.000000 1.000000 1.000000 1.000000 1.000000 1.000000 1.000000 1.000000
	patch_type: symmetric
	patch_width: 8.0000000000000000
	patch_angle: 0.0000000000000000
	angles:  0.000000 0.000000 0.000000
	grand_canonical: 1
	chemical_potential: -1.7586210000000000
box: 10.000000 10.000000
copy: 1.000000 1.000000
epsilon: 0.0862080000000000
end_epsilon: 0.0000000000000000
pressure: 1.0000000000000000
lambda: 0.0000000000000000
lambda_coupling: 1.0000000000000000
uy: 0.0000000000000000
maximum_displacement: 1.0000000000000000
maximum_rotation: 1.0000000000000000
maximum_volume: 0.0000001000000000
maximum_shape: 0.0000001000000000
maximum_dsigma: 0.0100000000000000
mod: 10
pmod: 10
optimize: 1
verbose: 1
snapshot: 0
display: 1
explore: 1
npt: 0
nptxy: 0
nptdxdy: 0
shape: 0
seed: 316603
-6.779239382654 11.362428893998 0.000000000000 1.000000000000
1.818263772572 -1.976608034550 0.866025403784 -0.500000000000
-7.247106295354 1.919534738813 0.866025403784 -0.500000000000
-4.589242732062 22.105619071266 0.866025403784 0.500000000000
9.178049627466 4.113151294693 0.866025403784 -0.500000000000
2.053211791936 4.942429139060 0.866025403784 -0.500000000000
-6.021091967100 3.043640800449 0.866025403784 -0.500000000000
11.599238158589 10.218114856535 0.000000000000 1.000000000000
10.357542550974 10.001997395573 0.866025403784 0.500000000000
