#Configurational_file created 2018-09-14 11:24:48  started 2018-09-14 11:24:47 run for 1.0s steps 0
name: gc_285
step: 10000
specie: 13
	particle_diameter: 1.0000000000000000
	interaction_length: 1.2000000000000000
	number_of_patches: 3
	number_of_particles_per_compound: 1
	rod_length: 1.0000000000000000
	interaction_matrix:  1.000000 1.000000 1.000000 1.000000 1.000000 1.000000 1.000000 1.000000 1.000000
	patch_type: symmetric
	patch_width: 8.0000000000000000
	patch_angle: 0.0000000000000000
	angles:  0.000000 0.000000 0.000000
	grand_canonical: 1
	chemical_potential: -1.1666669999999999
box: 10.000000 10.000000
copy: 1.000000 1.000000
epsilon: 0.7500620000000000
end_epsilon: 0.0000000000000000
pressure: 1.0000000000000000
lambda: 0.0000000000000000
lambda_coupling: 1.0000000000000000
uy: 0.0000000000000000
maximum_displacement: 1.0000000000000000
maximum_rotation: 1.0000000000000000
maximum_volume: 0.0000001000000000
maximum_shape: 0.0000001000000000
maximum_dsigma: 0.0100000000000000
mod: 10
pmod: 10
optimize: 1
verbose: 1
snapshot: 0
display: 1
explore: 1
npt: 0
nptxy: 0
nptdxdy: 0
shape: 0
seed: 326836
-10.705037607405 1.623342050843 0.000000000000 1.000000000000
-1.116150067338 3.859046994019 0.866025403784 0.500000000000
6.191772471946 6.432390578454 0.000000000000 1.000000000000
-4.767958172926 -7.059237820607 0.866025403784 -0.500000000000
2.383605341368 7.113932428000 0.866025403784 0.500000000000
2.616262507831 5.130725830808 0.866025403784 -0.500000000000
13.452100895842 -1.979885627961 0.866025403784 0.500000000000
-9.088002781176 -1.872201469725 0.866025403784 0.500000000000
-6.555444728932 3.126158904191 0.000000000000 1.000000000000
3.718673529426 -8.192490559059 0.866025403784 0.500000000000
0.078841473787 5.929228547589 0.866025403784 0.500000000000
-6.521892784368 -1.338148119738 0.866025403784 -0.500000000000
12.068947290480 -0.747909869617 0.866025403784 -0.500000000000
