#Configurational_file created 2018-09-14 13:47:36  started 2018-09-14 13:47:36 run for 0.0s steps 0
name: gc_252
step: 10000
specie: 13
	particle_diameter: 1.0000000000000000
	interaction_length: 1.2000000000000000
	number_of_patches: 3
	number_of_particles_per_compound: 1
	rod_length: 1.0000000000000000
	interaction_matrix:  1.000000 1.000000 1.000000 1.000000 1.000000 1.000000 1.000000 1.000000 1.000000
	patch_type: symmetric
	patch_width: 8.0000000000000000
	patch_angle: 0.0000000000000000
	angles:  0.000000 0.000000 0.000000
	grand_canonical: 1
	chemical_potential: -1.8965520000000000
box: 10.000000 10.000000
copy: 1.000000 1.000000
epsilon: 0.1896560000000000
end_epsilon: 0.0000000000000000
pressure: 1.0000000000000000
lambda: 0.0000000000000000
lambda_coupling: 1.0000000000000000
uy: 0.0000000000000000
maximum_displacement: 1.0000000000000000
maximum_rotation: 1.0000000000000000
maximum_volume: 0.0000001000000000
maximum_shape: 0.0000001000000000
maximum_dsigma: 0.0100000000000000
mod: 10
pmod: 10
optimize: 1
verbose: 1
snapshot: 0
display: 1
explore: 1
npt: 0
nptxy: 0
nptdxdy: 0
shape: 0
seed: 289315
6.796488080168 3.666939020667 0.866025403784 -0.500000000000
14.801344066112 3.110282999887 0.866025403784 0.500000000000
0.756533373400 14.945201870726 0.866025403784 -0.500000000000
-7.716148486822 9.692514763890 0.866025403784 0.500000000000
17.978645258886 7.809032333238 0.000000000000 1.000000000000
9.118215744015 8.643460675020 0.866025403784 0.500000000000
10.666149617335 6.391122905289 0.866025403784 -0.500000000000
5.312975983876 0.609482616433 0.000000000000 1.000000000000
12.177019622570 -1.726618569625 0.866025403784 0.500000000000
15.609142570689 11.073733129854 0.866025403784 -0.500000000000
16.887187213607 5.701097225990 0.866025403784 -0.500000000000
0.014062985569 11.952083032638 0.866025403784 0.500000000000
7.451183664257 1.178206845322 0.000000000000 1.000000000000
