#Configurational_file created 2018-09-14 11:24:46  started 2018-09-14 11:24:46 run for 0.0s steps 0
name: gc_283
step: 10000
specie: 14
	particle_diameter: 1.0000000000000000
	interaction_length: 1.2000000000000000
	number_of_patches: 3
	number_of_particles_per_compound: 1
	rod_length: 1.0000000000000000
	interaction_matrix:  1.000000 1.000000 1.000000 1.000000 1.000000 1.000000 1.000000 1.000000 1.000000
	patch_type: symmetric
	patch_width: 8.0000000000000000
	patch_angle: 0.0000000000000000
	angles:  0.000000 0.000000 0.000000
	grand_canonical: 1
	chemical_potential: -1.1666669999999999
box: 10.000000 10.000000
copy: 1.000000 1.000000
epsilon: 0.5834040000000000
end_epsilon: 0.0000000000000000
pressure: 1.0000000000000000
lambda: 0.0000000000000000
lambda_coupling: 1.0000000000000000
uy: 0.0000000000000000
maximum_displacement: 1.0000000000000000
maximum_rotation: 1.0000000000000000
maximum_volume: 0.0000001000000000
maximum_shape: 0.0000001000000000
maximum_dsigma: 0.0100000000000000
mod: 10
pmod: 10
optimize: 1
verbose: 1
snapshot: 0
display: 1
explore: 1
npt: 0
nptxy: 0
nptdxdy: 0
shape: 0
seed: 324562
6.397196167699 3.577886990453 0.866025403784 0.500000000000
19.730805712565 8.810144700321 0.866025403784 0.500000000000
15.095066385408 -1.615517314610 0.866025403784 0.500000000000
12.049540383541 -0.308254852552 0.866025403784 -0.500000000000
-6.946339112691 11.506782810776 0.866025403784 0.500000000000
-1.309987964254 -5.396412669327 0.866025403784 -0.500000000000
6.450442080221 5.852937854115 0.866025403784 0.500000000000
8.521499007520 8.358492350094 0.000000000000 1.000000000000
11.769017874759 -1.531700083027 0.866025403784 0.500000000000
-3.791918163709 6.516703882427 0.866025403784 -0.500000000000
-3.860689360975 8.539145197320 0.866025403784 0.500000000000
-1.177698537156 -3.508829880340 0.866025403784 0.500000000000
0.807106155480 10.804849607059 0.866025403784 -0.500000000000
-3.179664263499 11.716860677634 0.000000000000 1.000000000000
