#Configurational_file created 2018-09-14 11:23:53  started 2018-09-14 11:23:52 run for 1.0s steps 0
name: gc_209
step: 10000
specie: 13
	particle_diameter: 1.0000000000000000
	interaction_length: 1.2000000000000000
	number_of_patches: 3
	number_of_particles_per_compound: 1
	rod_length: 1.0000000000000000
	interaction_matrix:  1.000000 1.000000 1.000000 1.000000 1.000000 1.000000 1.000000 1.000000 1.000000
	patch_type: symmetric
	patch_width: 8.0000000000000000
	patch_angle: 0.0000000000000000
	angles:  0.000000 0.000000 0.000000
	grand_canonical: 1
	chemical_potential: -1.6666669999999999
box: 10.000000 10.000000
copy: 1.000000 1.000000
epsilon: 0.6667330000000000
end_epsilon: 0.0000000000000000
pressure: 1.0000000000000000
lambda: 0.0000000000000000
lambda_coupling: 1.0000000000000000
uy: 0.0000000000000000
maximum_displacement: 1.0000000000000000
maximum_rotation: 1.0000000000000000
maximum_volume: 0.0000001000000000
maximum_shape: 0.0000001000000000
maximum_dsigma: 0.0100000000000000
mod: 10
pmod: 10
optimize: 1
verbose: 1
snapshot: 0
display: 1
explore: 1
npt: 0
nptxy: 0
nptdxdy: 0
shape: 0
seed: 240424
-2.625826169142 -12.637958254410 0.000000000000 1.000000000000
8.873741197709 -11.257580324463 0.000000000000 1.000000000000
12.766698473596 0.478181045005 0.000000000000 1.000000000000
5.282421657177 -1.077765288153 0.866025403784 0.500000000000
11.799342369054 8.202452660013 0.866025403784 0.500000000000
25.325208890852 -15.548427293578 0.866025403784 0.500000000000
8.468819445670 3.426658032936 0.000000000000 1.000000000000
9.940429593340 4.053528599754 0.866025403784 0.500000000000
4.189080641991 4.220242155231 0.866025403784 -0.500000000000
7.125779151414 5.497536561510 0.866025403784 0.500000000000
9.550960899621 9.734080451025 0.866025403784 0.500000000000
1.272313882313 3.774580248661 0.866025403784 -0.500000000000
1.744599128531 6.583403681233 0.866025403784 0.500000000000
