#Configurational_file created 2018-09-14 13:47:21  started 2018-09-14 13:47:20 run for 1.0s steps 0
name: gc_229
step: 10000
specie: 11
	particle_diameter: 1.0000000000000000
	interaction_length: 1.2000000000000000
	number_of_patches: 3
	number_of_particles_per_compound: 1
	rod_length: 1.0000000000000000
	interaction_matrix:  1.000000 1.000000 1.000000 1.000000 1.000000 1.000000 1.000000 1.000000 1.000000
	patch_type: symmetric
	patch_width: 8.0000000000000000
	patch_angle: 0.0000000000000000
	angles:  0.000000 0.000000 0.000000
	grand_canonical: 1
	chemical_potential: -2.0344829999999998
box: 10.000000 10.000000
copy: 1.000000 1.000000
epsilon: 0.3103450000000000
end_epsilon: 0.0000000000000000
pressure: 1.0000000000000000
lambda: 0.0000000000000000
lambda_coupling: 1.0000000000000000
uy: 0.0000000000000000
maximum_displacement: 1.0000000000000000
maximum_rotation: 1.0000000000000000
maximum_volume: 0.0000001000000000
maximum_shape: 0.0000001000000000
maximum_dsigma: 0.0100000000000000
mod: 10
pmod: 10
optimize: 1
verbose: 1
snapshot: 0
display: 1
explore: 1
npt: 0
nptxy: 0
nptdxdy: 0
shape: 0
seed: 263164
9.176166365462 13.891999827383 0.000000000000 1.000000000000
0.470149889194 10.784934974691 0.866025403784 -0.500000000000
-3.054362877564 12.584735619799 0.000000000000 1.000000000000
13.248763157002 -19.057039368329 0.866025403784 0.500000000000
11.784310636954 11.217072799393 0.866025403784 0.500000000000
17.856588392100 10.209973106126 0.866025403784 -0.500000000000
2.692236049472 6.952512062203 0.000000000000 1.000000000000
3.220378443471 -1.388300087658 0.000000000000 1.000000000000
1.023544527113 5.246279644637 0.866025403784 -0.500000000000
1.491973688911 8.852421874522 0.866025403784 0.500000000000
8.396955097615 3.164200002880 0.866025403784 0.500000000000
