#Configurational_file created 2018-09-14 11:24:35  started 2018-09-14 11:24:35 run for 0.0s steps 0
name: gc_268
step: 10000
specie: 17
	particle_diameter: 1.0000000000000000
	interaction_length: 1.2000000000000000
	number_of_patches: 3
	number_of_particles_per_compound: 1
	rod_length: 1.0000000000000000
	interaction_matrix:  1.000000 1.000000 1.000000 1.000000 1.000000 1.000000 1.000000 1.000000 1.000000
	patch_type: symmetric
	patch_width: 8.0000000000000000
	patch_angle: 0.0000000000000000
	angles:  0.000000 0.000000 0.000000
	grand_canonical: 1
	chemical_potential: -1.3333330000000001
box: 10.000000 10.000000
copy: 1.000000 1.000000
epsilon: 1.4166960000000000
end_epsilon: 0.0000000000000000
pressure: 1.0000000000000000
lambda: 0.0000000000000000
lambda_coupling: 1.0000000000000000
uy: 0.0000000000000000
maximum_displacement: 1.0000000000000000
maximum_rotation: 1.0000000000000000
maximum_volume: 0.0000001000000000
maximum_shape: 0.0000001000000000
maximum_dsigma: 0.0100000000000000
mod: 10
pmod: 10
optimize: 1
verbose: 1
snapshot: 0
display: 1
explore: 1
npt: 0
nptxy: 0
nptdxdy: 0
shape: 0
seed: 307507
5.221938347300 -5.775958495073 0.000000000000 1.000000000000
3.925358371562 1.201403000861 0.866025403784 -0.500000000000
3.859858914381 7.108228899771 0.000000000000 1.000000000000
11.242196360292 -4.086895829898 0.000000000000 1.000000000000
0.729956953040 1.254865897482 0.000000000000 1.000000000000
-2.768517903924 3.939025041879 0.866025403784 -0.500000000000
7.147737647167 5.735449884578 0.866025403784 -0.500000000000
6.308934177852 1.296398645084 0.000000000000 1.000000000000
10.091360428387 15.951984361236 0.000000000000 1.000000000000
15.804785294568 9.136203390204 0.000000000000 1.000000000000
8.981403783034 -7.003081298751 0.000000000000 1.000000000000
4.739868408352 8.290028360376 0.000000000000 1.000000000000
8.138779896096 6.421390748129 0.000000000000 1.000000000000
0.383031731795 2.954963536173 0.866025403784 -0.500000000000
14.057947972289 4.607450589213 0.866025403784 -0.500000000000
-6.460794046671 -6.913388303571 0.866025403784 0.500000000000
0.310955974877 -2.368890421494 0.866025403784 -0.500000000000
