#Configurational_file created 2018-09-14 11:24:24  started 2018-09-14 11:24:23 run for 1.0s steps 0
name: gc_252
step: 10000
specie: 14
	particle_diameter: 1.0000000000000000
	interaction_length: 1.2000000000000000
	number_of_patches: 3
	number_of_particles_per_compound: 1
	rod_length: 1.0000000000000000
	interaction_matrix:  1.000000 1.000000 1.000000 1.000000 1.000000 1.000000 1.000000 1.000000 1.000000
	patch_type: symmetric
	patch_width: 8.0000000000000000
	patch_angle: 0.0000000000000000
	angles:  0.000000 0.000000 0.000000
	grand_canonical: 1
	chemical_potential: -1.3333330000000001
box: 10.000000 10.000000
copy: 1.000000 1.000000
epsilon: 0.0834290000000000
end_epsilon: 0.0000000000000000
pressure: 1.0000000000000000
lambda: 0.0000000000000000
lambda_coupling: 1.0000000000000000
uy: 0.0000000000000000
maximum_displacement: 1.0000000000000000
maximum_rotation: 1.0000000000000000
maximum_volume: 0.0000001000000000
maximum_shape: 0.0000001000000000
maximum_dsigma: 0.0100000000000000
mod: 10
pmod: 10
optimize: 1
verbose: 1
snapshot: 0
display: 1
explore: 1
npt: 0
nptxy: 0
nptdxdy: 0
shape: 0
seed: 289315
2.306762193222 8.966842717571 0.866025403784 -0.500000000000
1.870947923007 6.879956853107 0.866025403784 -0.500000000000
6.166067918108 3.647966835699 0.866025403784 -0.500000000000
10.934390637866 12.415527477628 0.000000000000 1.000000000000
0.059530431299 1.244699341536 0.866025403784 0.500000000000
-0.669607221652 6.000836454665 0.866025403784 -0.500000000000
17.317974060062 6.147825552820 0.000000000000 1.000000000000
-5.942287704488 14.469474163370 0.866025403784 0.500000000000
-0.641694456904 4.984006521372 0.000000000000 1.000000000000
15.351566860577 5.566055355215 0.000000000000 1.000000000000
-1.904015835613 11.100327820502 0.000000000000 1.000000000000
5.117990269629 2.937155999295 0.866025403784 0.500000000000
3.048486090993 -9.495096343023 0.000000000000 1.000000000000
6.584217269082 10.266457337779 0.866025403784 0.500000000000
