#Configurational_file created 2018-09-14 11:52:01  started 2018-09-14 11:52:00 run for 1.0s steps 0
name: gc_249
step: 10000
specie: 12
	particle_diameter: 1.0000000000000000
	interaction_length: 1.2000000000000000
	number_of_patches: 3
	number_of_particles_per_compound: 1
	rod_length: 1.0000000000000000
	interaction_matrix:  1.000000 1.000000 1.000000 1.000000 1.000000 1.000000 1.000000 1.000000 1.000000
	patch_type: symmetric
	patch_width: 8.0000000000000000
	patch_angle: 0.0000000000000000
	angles:  0.000000 0.000000 0.000000
	grand_canonical: 1
	chemical_potential: -1.5000000000000000
box: 10.000000 10.000000
copy: 1.000000 1.000000
epsilon: 0.0958330000000000
end_epsilon: 0.0000000000000000
pressure: 1.0000000000000000
lambda: 0.0000000000000000
lambda_coupling: 1.0000000000000000
uy: 0.0000000000000000
maximum_displacement: 1.0000000000000000
maximum_rotation: 1.0000000000000000
maximum_volume: 0.0000001000000000
maximum_shape: 0.0000001000000000
maximum_dsigma: 0.0100000000000000
mod: 10
pmod: 10
optimize: 1
verbose: 1
snapshot: 0
display: 1
explore: 1
npt: 0
nptxy: 0
nptdxdy: 0
shape: 0
seed: 285904
1.646537544255 1.364852910926 0.866025403784 -0.500000000000
4.750656338184 6.796431454493 0.866025403784 0.500000000000
5.837005916526 -0.185100325610 0.000000000000 1.000000000000
4.315801829705 1.154593177343 0.000000000000 1.000000000000
9.141372590298 4.502385852924 0.866025403784 -0.500000000000
6.763728569517 7.237155670515 0.000000000000 1.000000000000
2.185638007889 4.417718066688 0.866025403784 0.500000000000
-2.731537968011 9.484531280163 0.000000000000 1.000000000000
3.102991476734 -2.920078144238 0.000000000000 1.000000000000
13.317506048323 3.737901952542 0.866025403784 -0.500000000000
-0.428803291260 7.728654425101 0.866025403784 0.500000000000
0.502801362101 3.441358117207 0.866025403784 -0.500000000000
