#Configurational_file created 2018-09-14 11:24:10  started 2018-09-14 11:24:09 run for 1.0s steps 0
name: gc_233
step: 10000
specie: 11
	particle_diameter: 1.0000000000000000
	interaction_length: 1.2000000000000000
	number_of_patches: 3
	number_of_particles_per_compound: 1
	rod_length: 1.0000000000000000
	interaction_matrix:  1.000000 1.000000 1.000000 1.000000 1.000000 1.000000 1.000000 1.000000 1.000000
	patch_type: symmetric
	patch_width: 8.0000000000000000
	patch_angle: 0.0000000000000000
	angles:  0.000000 0.000000 0.000000
	grand_canonical: 1
	chemical_potential: -1.5000000000000000
box: 10.000000 10.000000
copy: 1.000000 1.000000
epsilon: 0.5834040000000000
end_epsilon: 0.0000000000000000
pressure: 1.0000000000000000
lambda: 0.0000000000000000
lambda_coupling: 1.0000000000000000
uy: 0.0000000000000000
maximum_displacement: 1.0000000000000000
maximum_rotation: 1.0000000000000000
maximum_volume: 0.0000001000000000
maximum_shape: 0.0000001000000000
maximum_dsigma: 0.0100000000000000
mod: 10
pmod: 10
optimize: 1
verbose: 1
snapshot: 0
display: 1
explore: 1
npt: 0
nptxy: 0
nptdxdy: 0
shape: 0
seed: 267712
5.973074712803 8.337767812481 0.866025403784 0.500000000000
0.078871121243 1.979750311341 0.866025403784 -0.500000000000
19.448453725643 -5.970247367965 0.866025403784 -0.500000000000
7.558298615539 10.029380962905 0.000000000000 1.000000000000
3.943794254063 8.092068523910 0.866025403784 0.500000000000
8.915055499963 7.686433195582 0.000000000000 1.000000000000
-0.558875817878 -1.804872725035 0.866025403784 -0.500000000000
-2.172773760081 35.008142956404 0.000000000000 1.000000000000
2.673836985814 17.025710399276 0.866025403784 -0.500000000000
23.784755008174 21.919421413059 0.000000000000 1.000000000000
5.169437554729 7.053528794590 0.866025403784 -0.500000000000
