#Configurational_file created 2018-09-14 11:51:28  started 2018-09-14 11:51:27 run for 1.0s steps 0
name: gc_202
step: 10000
specie: 13
	particle_diameter: 1.0000000000000000
	interaction_length: 1.2000000000000000
	number_of_patches: 3
	number_of_particles_per_compound: 1
	rod_length: 1.0000000000000000
	interaction_matrix:  1.000000 1.000000 1.000000 1.000000 1.000000 1.000000 1.000000 1.000000 1.000000
	patch_type: symmetric
	patch_width: 8.0000000000000000
	patch_angle: 0.0000000000000000
	angles:  0.000000 0.000000 0.000000
	grand_canonical: 1
	chemical_potential: -1.6666669999999999
box: 10.000000 10.000000
copy: 1.000000 1.000000
epsilon: 0.0041680000000000
end_epsilon: 0.0000000000000000
pressure: 1.0000000000000000
lambda: 0.0000000000000000
lambda_coupling: 1.0000000000000000
uy: 0.0000000000000000
maximum_displacement: 1.0000000000000000
maximum_rotation: 1.0000000000000000
maximum_volume: 0.0000001000000000
maximum_shape: 0.0000001000000000
maximum_dsigma: 0.0100000000000000
mod: 10
pmod: 10
optimize: 1
verbose: 1
snapshot: 0
display: 1
explore: 1
npt: 0
nptxy: 0
nptdxdy: 0
shape: 0
seed: 232465
12.218748851196 1.988404334537 0.866025403784 -0.500000000000
5.632138736311 6.582800369525 0.866025403784 0.500000000000
3.810329242445 18.560837579236 0.000000000000 1.000000000000
5.854520346784 11.226403685214 0.000000000000 1.000000000000
-3.589876903137 4.665307183305 0.866025403784 0.500000000000
-17.464567521053 5.947704552004 0.866025403784 -0.500000000000
8.328296992227 1.448188523707 0.866025403784 0.500000000000
21.845986167008 -3.169604024218 0.866025403784 -0.500000000000
-3.981042977759 -17.443126152451 0.000000000000 1.000000000000
2.356572254763 0.257473442538 0.000000000000 1.000000000000
-2.446460778990 5.660616664684 0.866025403784 -0.500000000000
-2.674058743110 0.524944935034 0.866025403784 0.500000000000
3.762348331641 5.958057322290 0.000000000000 1.000000000000
