#Configurational_file created 2018-09-14 11:51:35  started 2018-09-14 11:51:34 run for 1.0s steps 0
name: gc_212
step: 10000
specie: 13
	particle_diameter: 1.0000000000000000
	interaction_length: 1.2000000000000000
	number_of_patches: 3
	number_of_particles_per_compound: 1
	rod_length: 1.0000000000000000
	interaction_matrix:  1.000000 1.000000 1.000000 1.000000 1.000000 1.000000 1.000000 1.000000 1.000000
	patch_type: symmetric
	patch_width: 8.0000000000000000
	patch_angle: 0.0000000000000000
	angles:  0.000000 0.000000 0.000000
	grand_canonical: 1
	chemical_potential: -1.6666669999999999
box: 10.000000 10.000000
copy: 1.000000 1.000000
epsilon: 0.0458340000000000
end_epsilon: 0.0000000000000000
pressure: 1.0000000000000000
lambda: 0.0000000000000000
lambda_coupling: 1.0000000000000000
uy: 0.0000000000000000
maximum_displacement: 1.0000000000000000
maximum_rotation: 1.0000000000000000
maximum_volume: 0.0000001000000000
maximum_shape: 0.0000001000000000
maximum_dsigma: 0.0100000000000000
mod: 10
pmod: 10
optimize: 1
verbose: 1
snapshot: 0
display: 1
explore: 1
npt: 0
nptxy: 0
nptdxdy: 0
shape: 0
seed: 243835
-1.038420990526 0.265328219743 0.866025403784 0.500000000000
10.617423098903 15.789049556589 0.866025403784 -0.500000000000
5.282525028301 -2.996069834433 0.000000000000 1.000000000000
7.838806092796 8.172490983873 0.000000000000 1.000000000000
8.830444449632 2.761156670899 0.000000000000 1.000000000000
16.718409135752 12.101665618433 0.000000000000 1.000000000000
4.783897225879 -6.145441915138 0.000000000000 1.000000000000
-2.225095273670 12.263950765827 0.866025403784 -0.500000000000
-8.757270273847 -12.013744722162 0.866025403784 -0.500000000000
5.038893187737 -1.965719668573 0.000000000000 1.000000000000
-1.659638088228 6.010036060836 0.866025403784 0.500000000000
0.770078730896 7.030671476943 0.866025403784 -0.500000000000
2.331174053256 1.289596484388 0.000000000000 1.000000000000
