#Configurational_file created 2018-09-14 11:24:01  started 2018-09-14 11:24:00 run for 1.0s steps 0
name: gc_220
step: 10000
specie: 11
	particle_diameter: 1.0000000000000000
	interaction_length: 1.2000000000000000
	number_of_patches: 3
	number_of_particles_per_compound: 1
	rod_length: 1.0000000000000000
	interaction_matrix:  1.000000 1.000000 1.000000 1.000000 1.000000 1.000000 1.000000 1.000000 1.000000
	patch_type: symmetric
	patch_width: 8.0000000000000000
	patch_angle: 0.0000000000000000
	angles:  0.000000 0.000000 0.000000
	grand_canonical: 1
	chemical_potential: -1.6666669999999999
box: 10.000000 10.000000
copy: 1.000000 1.000000
epsilon: 1.5833539999999999
end_epsilon: 0.0000000000000000
pressure: 1.0000000000000000
lambda: 0.0000000000000000
lambda_coupling: 1.0000000000000000
uy: 0.0000000000000000
maximum_displacement: 1.0000000000000000
maximum_rotation: 1.0000000000000000
maximum_volume: 0.0000001000000000
maximum_shape: 0.0000001000000000
maximum_dsigma: 0.0100000000000000
mod: 10
pmod: 10
optimize: 1
verbose: 1
snapshot: 0
display: 1
explore: 1
npt: 0
nptxy: 0
nptdxdy: 0
shape: 0
seed: 252931
2.809227234828 7.097651443785 0.866025403784 0.500000000000
2.082590131400 1.083893570869 0.866025403784 0.500000000000
31.455142851622 8.064167234728 0.000000000000 1.000000000000
-0.774938438587 -1.919373492627 0.866025403784 -0.500000000000
1.934256234802 33.397562224276 0.866025403784 -0.500000000000
-19.414843973884 17.939191650603 0.866025403784 -0.500000000000
12.190247672012 5.599768777221 0.000000000000 1.000000000000
3.391586094105 9.373759780984 0.866025403784 0.500000000000
-1.584685941271 15.721733306914 0.000000000000 1.000000000000
-1.749847270458 2.582490535222 0.866025403784 -0.500000000000
4.493507261823 12.484201636274 0.866025403784 -0.500000000000
