#Configurational_file created 2018-09-14 11:24:37  started 2018-09-14 11:24:37 run for 0.0s steps 0
name: gc_271
step: 10000
specie: 16
	particle_diameter: 1.0000000000000000
	interaction_length: 1.2000000000000000
	number_of_patches: 3
	number_of_particles_per_compound: 1
	rod_length: 1.0000000000000000
	interaction_matrix:  1.000000 1.000000 1.000000 1.000000 1.000000 1.000000 1.000000 1.000000 1.000000
	patch_type: symmetric
	patch_width: 8.0000000000000000
	patch_angle: 0.0000000000000000
	angles:  0.000000 0.000000 0.000000
	grand_canonical: 1
	chemical_potential: -1.3333330000000001
box: 10.000000 10.000000
copy: 1.000000 1.000000
epsilon: 1.6666829999999999
end_epsilon: 0.0000000000000000
pressure: 1.0000000000000000
lambda: 0.0000000000000000
lambda_coupling: 1.0000000000000000
uy: 0.0000000000000000
maximum_displacement: 1.0000000000000000
maximum_rotation: 1.0000000000000000
maximum_volume: 0.0000001000000000
maximum_shape: 0.0000001000000000
maximum_dsigma: 0.0100000000000000
mod: 10
pmod: 10
optimize: 1
verbose: 1
snapshot: 0
display: 1
explore: 1
npt: 0
nptxy: 0
nptdxdy: 0
shape: 0
seed: 310918
-11.058440124292 -9.364677594847 0.866025403784 -0.500000000000
5.515786430757 8.492768949953 0.866025403784 -0.500000000000
14.448106250133 26.209565425450 0.866025403784 -0.500000000000
13.855082375861 12.103619506744 0.866025403784 0.500000000000
5.314717545752 1.218301669659 0.866025403784 -0.500000000000
6.098160084668 3.600239420853 0.866025403784 -0.500000000000
29.033924716546 -0.374711527884 0.866025403784 -0.500000000000
7.475117709895 12.636828315078 0.866025403784 -0.500000000000
-2.733233191411 9.437870136765 0.866025403784 0.500000000000
-0.492679626693 7.998822038881 0.866025403784 -0.500000000000
9.940569709214 3.297842792927 0.866025403784 0.500000000000
10.969048445507 4.307241382618 0.866025403784 -0.500000000000
8.454328581117 2.273518876735 0.866025403784 -0.500000000000
-4.360790732537 10.004692904913 0.866025403784 0.500000000000
4.775798491086 2.234322149977 0.866025403784 -0.500000000000
10.633485942039 3.472270515631 0.000000000000 1.000000000000
