#Configurational_file created 2018-09-14 13:48:06  started 2018-09-14 13:48:05 run for 1.0s steps 0
name: gc_296
step: 10000
specie: 7
	particle_diameter: 1.0000000000000000
	interaction_length: 1.2000000000000000
	number_of_patches: 3
	number_of_particles_per_compound: 1
	rod_length: 1.0000000000000000
	interaction_matrix:  1.000000 1.000000 1.000000 1.000000 1.000000 1.000000 1.000000 1.000000 1.000000
	patch_type: symmetric
	patch_width: 8.0000000000000000
	patch_angle: 0.0000000000000000
	angles:  0.000000 0.000000 0.000000
	grand_canonical: 1
	chemical_potential: -1.7586210000000000
box: 10.000000 10.000000
copy: 1.000000 1.000000
epsilon: 0.4310350000000000
end_epsilon: 0.0000000000000000
pressure: 1.0000000000000000
lambda: 0.0000000000000000
lambda_coupling: 1.0000000000000000
uy: 0.0000000000000000
maximum_displacement: 1.0000000000000000
maximum_rotation: 1.0000000000000000
maximum_volume: 0.0000001000000000
maximum_shape: 0.0000001000000000
maximum_dsigma: 0.0100000000000000
mod: 10
pmod: 10
optimize: 1
verbose: 1
snapshot: 0
display: 1
explore: 1
npt: 0
nptxy: 0
nptdxdy: 0
shape: 0
seed: 339343
-1.680665311192 9.349226905665 0.866025403784 -0.500000000000
6.733011528792 0.783451141915 0.866025403784 -0.500000000000
1.319698209830 2.432927869177 0.000000000000 1.000000000000
4.838376097391 5.659985888986 0.866025403784 0.500000000000
10.380499790905 11.071831541474 0.866025403784 -0.500000000000
6.471004013106 6.256880680832 0.866025403784 0.500000000000
-1.716694493720 16.795145743636 0.000000000000 1.000000000000
