#Configurational_file created 2018-09-14 11:52:24  started 2018-09-14 11:52:23 run for 1.0s steps 0
name: gc_279
step: 10000
specie: 17
	particle_diameter: 1.0000000000000000
	interaction_length: 1.2000000000000000
	number_of_patches: 3
	number_of_particles_per_compound: 1
	rod_length: 1.0000000000000000
	interaction_matrix:  1.000000 1.000000 1.000000 1.000000 1.000000 1.000000 1.000000 1.000000 1.000000
	patch_type: symmetric
	patch_width: 8.0000000000000000
	patch_angle: 0.0000000000000000
	angles:  0.000000 0.000000 0.000000
	grand_canonical: 1
	chemical_potential: -1.1666669999999999
box: 10.000000 10.000000
copy: 1.000000 1.000000
epsilon: 0.0125010000000000
end_epsilon: 0.0000000000000000
pressure: 1.0000000000000000
lambda: 0.0000000000000000
lambda_coupling: 1.0000000000000000
uy: 0.0000000000000000
maximum_displacement: 1.0000000000000000
maximum_rotation: 1.0000000000000000
maximum_volume: 0.0000001000000000
maximum_shape: 0.0000001000000000
maximum_dsigma: 0.0100000000000000
mod: 10
pmod: 10
optimize: 1
verbose: 1
snapshot: 0
display: 1
explore: 1
npt: 0
nptxy: 0
nptdxdy: 0
shape: 0
seed: 320014
10.437727197763 16.772682131983 0.000000000000 1.000000000000
4.136296275309 13.126995958345 0.866025403784 0.500000000000
-22.161086044704 14.212165066284 0.866025403784 -0.500000000000
2.486653348771 5.905262991053 0.866025403784 0.500000000000
3.040669024991 6.976197210876 0.866025403784 0.500000000000
-4.213291626368 -1.803129814803 0.000000000000 1.000000000000
8.256543742966 19.174885703181 0.866025403784 -0.500000000000
9.750297462185 6.498847400904 0.866025403784 -0.500000000000
11.894926183679 -7.826859662094 0.866025403784 -0.500000000000
8.358269829917 -8.487019738690 0.000000000000 1.000000000000
2.918820525133 3.806242245076 0.866025403784 -0.500000000000
7.042006024400 2.128828849374 0.866025403784 0.500000000000
9.260372272025 0.241960524431 0.866025403784 0.500000000000
1.397507024580 4.232738257999 0.000000000000 1.000000000000
4.926160735602 -5.735047175196 0.000000000000 1.000000000000
5.622446657056 16.287032386907 0.000000000000 1.000000000000
8.584964409271 4.029327931738 0.000000000000 1.000000000000
