#Configurational_file created 2018-09-14 13:47:31  started 2018-09-14 13:47:31 run for 0.0s steps 0
name: gc_245
step: 10000
specie: 8
	particle_diameter: 1.0000000000000000
	interaction_length: 1.2000000000000000
	number_of_patches: 3
	number_of_particles_per_compound: 1
	rod_length: 1.0000000000000000
	interaction_matrix:  1.000000 1.000000 1.000000 1.000000 1.000000 1.000000 1.000000 1.000000 1.000000
	patch_type: symmetric
	patch_width: 8.0000000000000000
	patch_angle: 0.0000000000000000
	angles:  0.000000 0.000000 0.000000
	grand_canonical: 1
	chemical_potential: -1.8965520000000000
box: 10.000000 10.000000
copy: 1.000000 1.000000
epsilon: 0.0689660000000000
end_epsilon: 0.0000000000000000
pressure: 1.0000000000000000
lambda: 0.0000000000000000
lambda_coupling: 1.0000000000000000
uy: 0.0000000000000000
maximum_displacement: 1.0000000000000000
maximum_rotation: 1.0000000000000000
maximum_volume: 0.0000001000000000
maximum_shape: 0.0000001000000000
maximum_dsigma: 0.0100000000000000
mod: 10
pmod: 10
optimize: 1
verbose: 1
snapshot: 0
display: 1
explore: 1
npt: 0
nptxy: 0
nptdxdy: 0
shape: 0
seed: 281356
3.179853349648 12.870196408163 0.866025403784 0.500000000000
-12.049807768708 18.151123260724 0.000000000000 1.000000000000
5.658942326830 17.886137938674 0.866025403784 -0.500000000000
-1.069938001667 -0.996043477441 0.866025403784 -0.500000000000
15.705047397479 13.522112835693 0.866025403784 -0.500000000000
6.480965325177 -9.532486749776 0.866025403784 0.500000000000
3.727549236785 4.655801278338 0.000000000000 1.000000000000
6.821397143746 3.667652310476 0.000000000000 1.000000000000
