#Configurational_file created 2018-09-14 13:47:39  started 2018-09-14 13:47:38 run for 1.0s steps 0
name: gc_256
step: 10000
specie: 8
	particle_diameter: 1.0000000000000000
	interaction_length: 1.2000000000000000
	number_of_patches: 3
	number_of_particles_per_compound: 1
	rod_length: 1.0000000000000000
	interaction_matrix:  1.000000 1.000000 1.000000 1.000000 1.000000 1.000000 1.000000 1.000000 1.000000
	patch_type: symmetric
	patch_width: 8.0000000000000000
	patch_angle: 0.0000000000000000
	angles:  0.000000 0.000000 0.000000
	grand_canonical: 1
	chemical_potential: -1.8965520000000000
box: 10.000000 10.000000
copy: 1.000000 1.000000
epsilon: 0.2586210000000000
end_epsilon: 0.0000000000000000
pressure: 1.0000000000000000
lambda: 0.0000000000000000
lambda_coupling: 1.0000000000000000
uy: 0.0000000000000000
maximum_displacement: 1.0000000000000000
maximum_rotation: 1.0000000000000000
maximum_volume: 0.0000001000000000
maximum_shape: 0.0000001000000000
maximum_dsigma: 0.0100000000000000
mod: 10
pmod: 10
optimize: 1
verbose: 1
snapshot: 0
display: 1
explore: 1
npt: 0
nptxy: 0
nptdxdy: 0
shape: 0
seed: 293863
2.468656111524 11.004161048244 0.866025403784 0.500000000000
0.917311297153 10.592331232598 0.866025403784 -0.500000000000
1.515177700289 10.322639239489 0.000000000000 1.000000000000
-0.547783991575 21.126008838528 0.866025403784 0.500000000000
5.610056375600 4.468165965283 0.866025403784 0.500000000000
-0.721093561354 5.565443546380 0.000000000000 1.000000000000
-0.205145797936 -10.811141572495 0.866025403784 0.500000000000
5.136816779734 0.534566007709 0.000000000000 1.000000000000
