#Configurational_file created 2018-09-14 13:47:48  started 2018-09-14 13:47:47 run for 1.0s steps 0
name: gc_270
step: 10000
specie: 15
	particle_diameter: 1.0000000000000000
	interaction_length: 1.2000000000000000
	number_of_patches: 3
	number_of_particles_per_compound: 1
	rod_length: 1.0000000000000000
	interaction_matrix:  1.000000 1.000000 1.000000 1.000000 1.000000 1.000000 1.000000 1.000000 1.000000
	patch_type: symmetric
	patch_width: 8.0000000000000000
	patch_angle: 0.0000000000000000
	angles:  0.000000 0.000000 0.000000
	grand_canonical: 1
	chemical_potential: -1.8965520000000000
box: 10.000000 10.000000
copy: 1.000000 1.000000
epsilon: 0.5000000000000000
end_epsilon: 0.0000000000000000
pressure: 1.0000000000000000
lambda: 0.0000000000000000
lambda_coupling: 1.0000000000000000
uy: 0.0000000000000000
maximum_displacement: 1.0000000000000000
maximum_rotation: 1.0000000000000000
maximum_volume: 0.0000001000000000
maximum_shape: 0.0000001000000000
maximum_dsigma: 0.0100000000000000
mod: 10
pmod: 10
optimize: 1
verbose: 1
snapshot: 0
display: 1
explore: 1
npt: 0
nptxy: 0
nptdxdy: 0
shape: 0
seed: 309781
6.565945910953 12.667303865522 0.000000000000 1.000000000000
0.505934258463 21.764698427479 0.000000000000 1.000000000000
1.482854222837 9.629056769253 0.866025403784 0.500000000000
6.722542932814 6.431515666511 0.000000000000 1.000000000000
11.356590814934 12.208191635555 0.866025403784 -0.500000000000
3.688242706803 4.066501310210 0.866025403784 0.500000000000
3.335031466722 -5.117741838034 0.866025403784 -0.500000000000
4.001422790236 5.977317160176 0.000000000000 1.000000000000
17.429952553523 11.333710866266 0.000000000000 1.000000000000
15.451324478805 -2.680639829529 0.866025403784 -0.500000000000
5.126487237830 0.601102835221 0.000000000000 1.000000000000
5.720916106529 6.855352674345 0.000000000000 1.000000000000
3.404458245990 -0.290280582277 0.866025403784 -0.500000000000
11.140808257104 8.100722801924 0.866025403784 0.500000000000
9.151241641292 5.047128048737 0.866025403784 0.500000000000
