#Configurational_file created 2018-09-14 11:24:05  started 2018-09-14 11:24:04 run for 1.0s steps 0
name: gc_226
step: 10000
specie: 16
	particle_diameter: 1.0000000000000000
	interaction_length: 1.2000000000000000
	number_of_patches: 3
	number_of_particles_per_compound: 1
	rod_length: 1.0000000000000000
	interaction_matrix:  1.000000 1.000000 1.000000 1.000000 1.000000 1.000000 1.000000 1.000000 1.000000
	patch_type: symmetric
	patch_width: 8.0000000000000000
	patch_angle: 0.0000000000000000
	angles:  0.000000 0.000000 0.000000
	grand_canonical: 1
	chemical_potential: -1.5000000000000000
box: 10.000000 10.000000
copy: 1.000000 1.000000
epsilon: 0.0001000000000000
end_epsilon: 0.0000000000000000
pressure: 1.0000000000000000
lambda: 0.0000000000000000
lambda_coupling: 1.0000000000000000
uy: 0.0000000000000000
maximum_displacement: 1.0000000000000000
maximum_rotation: 1.0000000000000000
maximum_volume: 0.0000001000000000
maximum_shape: 0.0000001000000000
maximum_dsigma: 0.0100000000000000
mod: 10
pmod: 10
optimize: 1
verbose: 1
snapshot: 0
display: 1
explore: 1
npt: 0
nptxy: 0
nptdxdy: 0
shape: 0
seed: 259753
13.480246827681 -12.561718570971 0.000000000000 1.000000000000
31.795220474011 -7.774737253943 0.866025403784 0.500000000000
-12.834656345517 21.908500841146 0.866025403784 -0.500000000000
7.837131880324 4.733678623869 0.000000000000 1.000000000000
-1.737946688110 16.979075547723 0.000000000000 1.000000000000
10.073465343595 -0.319446408112 0.866025403784 -0.500000000000
1.357449805455 10.774771943955 0.000000000000 1.000000000000
20.938245647321 -10.204540414668 0.000000000000 1.000000000000
16.696484265422 7.347312733934 0.866025403784 -0.500000000000
-7.310719284714 2.790170159313 0.000000000000 1.000000000000
7.369749790496 8.107628303050 0.000000000000 1.000000000000
17.432300250247 10.704681399518 0.866025403784 -0.500000000000
5.497683286507 9.689648512240 0.000000000000 1.000000000000
1.723654408871 -2.341838754576 0.866025403784 -0.500000000000
3.617221584420 -0.060268294998 0.866025403784 -0.500000000000
6.726662021360 -0.129038796953 0.866025403784 -0.500000000000
