#Configurational_file created 2018-09-14 11:24:13  started 2018-09-14 11:24:13 run for 0.0s steps 0
name: gc_238
step: 10000
specie: 17
	particle_diameter: 1.0000000000000000
	interaction_length: 1.2000000000000000
	number_of_patches: 3
	number_of_particles_per_compound: 1
	rod_length: 1.0000000000000000
	interaction_matrix:  1.000000 1.000000 1.000000 1.000000 1.000000 1.000000 1.000000 1.000000 1.000000
	patch_type: symmetric
	patch_width: 8.0000000000000000
	patch_angle: 0.0000000000000000
	angles:  0.000000 0.000000 0.000000
	grand_canonical: 1
	chemical_potential: -1.5000000000000000
box: 10.000000 10.000000
copy: 1.000000 1.000000
epsilon: 1.0000500000000001
end_epsilon: 0.0000000000000000
pressure: 1.0000000000000000
lambda: 0.0000000000000000
lambda_coupling: 1.0000000000000000
uy: 0.0000000000000000
maximum_displacement: 1.0000000000000000
maximum_rotation: 1.0000000000000000
maximum_volume: 0.0000001000000000
maximum_shape: 0.0000001000000000
maximum_dsigma: 0.0100000000000000
mod: 10
pmod: 10
optimize: 1
verbose: 1
snapshot: 0
display: 1
explore: 1
npt: 0
nptxy: 0
nptdxdy: 0
shape: 0
seed: 273397
6.704439079731 6.873631993447 0.866025403784 -0.500000000000
-2.250332431829 3.824109425811 0.866025403784 0.500000000000
4.195608452339 34.311855679849 0.866025403784 0.500000000000
9.318968337897 0.952885843581 0.000000000000 1.000000000000
4.826829788677 11.062508979771 0.866025403784 -0.500000000000
0.974336486825 4.498402519067 0.866025403784 -0.500000000000
11.278159168594 11.349230296215 0.866025403784 0.500000000000
3.665910481066 2.717772566521 0.866025403784 -0.500000000000
12.309811860473 18.126080066425 0.866025403784 -0.500000000000
-2.532135279910 11.325121636941 0.866025403784 -0.500000000000
-0.348981103151 -1.163167992283 0.866025403784 -0.500000000000
3.960777967541 9.827493438449 0.000000000000 1.000000000000
6.274760201487 6.341439039934 0.000000000000 1.000000000000
3.828180629395 10.945044157124 0.866025403784 0.500000000000
2.764274790327 2.157009234455 0.866025403784 -0.500000000000
5.502698974708 -2.744584694866 0.866025403784 0.500000000000
8.655896578834 -0.889907088103 0.866025403784 0.500000000000
