#Configurational_file created 2018-09-14 11:23:57  started 2018-09-14 11:23:56 run for 1.0s steps 0
name: gc_214
step: 10000
specie: 14
	particle_diameter: 1.0000000000000000
	interaction_length: 1.2000000000000000
	number_of_patches: 3
	number_of_particles_per_compound: 1
	rod_length: 1.0000000000000000
	interaction_matrix:  1.000000 1.000000 1.000000 1.000000 1.000000 1.000000 1.000000 1.000000 1.000000
	patch_type: symmetric
	patch_width: 8.0000000000000000
	patch_angle: 0.0000000000000000
	angles:  0.000000 0.000000 0.000000
	grand_canonical: 1
	chemical_potential: -1.6666669999999999
box: 10.000000 10.000000
copy: 1.000000 1.000000
epsilon: 1.0833790000000001
end_epsilon: 0.0000000000000000
pressure: 1.0000000000000000
lambda: 0.0000000000000000
lambda_coupling: 1.0000000000000000
uy: 0.0000000000000000
maximum_displacement: 1.0000000000000000
maximum_rotation: 1.0000000000000000
maximum_volume: 0.0000001000000000
maximum_shape: 0.0000001000000000
maximum_dsigma: 0.0100000000000000
mod: 10
pmod: 10
optimize: 1
verbose: 1
snapshot: 0
display: 1
explore: 1
npt: 0
nptxy: 0
nptdxdy: 0
shape: 0
seed: 246109
1.102087515721 4.477429933048 0.866025403784 -0.500000000000
6.401816318788 2.002420452989 0.866025403784 -0.500000000000
6.323229642453 0.573717420054 0.866025403784 -0.500000000000
4.484770009491 -0.644263683422 0.000000000000 1.000000000000
3.421946191191 17.828841311959 0.000000000000 1.000000000000
4.897717242059 4.120617641475 0.000000000000 1.000000000000
10.840834982089 3.897676268080 0.000000000000 1.000000000000
9.021472565360 -3.697242309583 0.866025403784 0.500000000000
3.619652694912 4.112891421241 0.866025403784 0.500000000000
5.797524345595 6.706904978258 0.000000000000 1.000000000000
7.006500690400 13.546448085381 0.866025403784 -0.500000000000
-0.664570136507 2.106498738183 0.000000000000 1.000000000000
5.726060261417 8.703666990535 0.000000000000 1.000000000000
2.497183126351 7.270949167874 0.866025403784 0.500000000000
