#Configurational_file created 2018-09-14 11:23:51  started 2018-09-14 11:23:50 run for 1.0s steps 0
name: gc_206
step: 10000
specie: 18
	particle_diameter: 1.0000000000000000
	interaction_length: 1.2000000000000000
	number_of_patches: 3
	number_of_particles_per_compound: 1
	rod_length: 1.0000000000000000
	interaction_matrix:  1.000000 1.000000 1.000000 1.000000 1.000000 1.000000 1.000000 1.000000 1.000000
	patch_type: symmetric
	patch_width: 8.0000000000000000
	patch_angle: 0.0000000000000000
	angles:  0.000000 0.000000 0.000000
	grand_canonical: 1
	chemical_potential: -1.6666669999999999
box: 10.000000 10.000000
copy: 1.000000 1.000000
epsilon: 0.4167460000000000
end_epsilon: 0.0000000000000000
pressure: 1.0000000000000000
lambda: 0.0000000000000000
lambda_coupling: 1.0000000000000000
uy: 0.0000000000000000
maximum_displacement: 1.0000000000000000
maximum_rotation: 1.0000000000000000
maximum_volume: 0.0000001000000000
maximum_shape: 0.0000001000000000
maximum_dsigma: 0.0100000000000000
mod: 10
pmod: 10
optimize: 1
verbose: 1
snapshot: 0
display: 1
explore: 1
npt: 0
nptxy: 0
nptdxdy: 0
shape: 0
seed: 237013
7.706225578472 2.033045814756 0.000000000000 1.000000000000
11.084174509083 2.064628779841 0.866025403784 -0.500000000000
0.657483209814 11.091220365484 0.000000000000 1.000000000000
14.551341090592 3.850165686329 0.000000000000 1.000000000000
1.612995561494 27.344524438905 0.866025403784 -0.500000000000
15.781275763623 6.207771350603 0.000000000000 1.000000000000
3.312161603606 -0.012818929466 0.000000000000 1.000000000000
14.068434382210 2.501297893148 0.866025403784 -0.500000000000
22.257797446247 10.353527034354 0.866025403784 -0.500000000000
0.159066547459 8.153177827537 0.866025403784 0.500000000000
9.460290351192 4.301644704508 0.866025403784 0.500000000000
2.561264071655 7.700305708308 0.000000000000 1.000000000000
-3.112661542896 0.493001285634 0.000000000000 1.000000000000
-3.088204105274 6.600767728814 0.866025403784 -0.500000000000
3.476462366652 -4.200265952604 0.866025403784 -0.500000000000
6.738547118027 4.588598341166 0.866025403784 0.500000000000
2.911316549120 4.769753492832 0.866025403784 0.500000000000
5.793417295661 8.918862207553 0.866025403784 -0.500000000000
