#Configurational_file created 2018-09-14 13:47:22  started 2018-09-14 13:47:22 run for 0.0s steps 0
name: gc_231
step: 10000
specie: 9
	particle_diameter: 1.0000000000000000
	interaction_length: 1.2000000000000000
	number_of_patches: 3
	number_of_particles_per_compound: 1
	rod_length: 1.0000000000000000
	interaction_matrix:  1.000000 1.000000 1.000000 1.000000 1.000000 1.000000 1.000000 1.000000 1.000000
	patch_type: symmetric
	patch_width: 8.0000000000000000
	patch_angle: 0.0000000000000000
	angles:  0.000000 0.000000 0.000000
	grand_canonical: 1
	chemical_potential: -2.0344829999999998
box: 10.000000 10.000000
copy: 1.000000 1.000000
epsilon: 0.3448280000000000
end_epsilon: 0.0000000000000000
pressure: 1.0000000000000000
lambda: 0.0000000000000000
lambda_coupling: 1.0000000000000000
uy: 0.0000000000000000
maximum_displacement: 1.0000000000000000
maximum_rotation: 1.0000000000000000
maximum_volume: 0.0000001000000000
maximum_shape: 0.0000001000000000
maximum_dsigma: 0.0100000000000000
mod: 10
pmod: 10
optimize: 1
verbose: 1
snapshot: 0
display: 1
explore: 1
npt: 0
nptxy: 0
nptdxdy: 0
shape: 0
seed: 265438
2.946398212684 5.734117310027 0.866025403784 -0.500000000000
17.296538420296 19.468465880965 0.000000000000 1.000000000000
9.113573394544 8.071567238714 0.866025403784 -0.500000000000
16.166356551021 -2.669251075532 0.866025403784 -0.500000000000
1.582033441996 1.013492009969 0.866025403784 -0.500000000000
-6.280316871931 9.699054698354 0.866025403784 0.500000000000
7.086998716307 5.561034446012 0.000000000000 1.000000000000
-2.211383733624 10.703844708044 0.866025403784 -0.500000000000
-0.536069773205 6.981509819624 0.866025403784 -0.500000000000
