#Configurational_file created 2018-09-14 11:51:51  started 2018-09-14 11:51:50 run for 1.0s steps 0
name: gc_235
step: 10000
specie: 10
	particle_diameter: 1.0000000000000000
	interaction_length: 1.2000000000000000
	number_of_patches: 3
	number_of_particles_per_compound: 1
	rod_length: 1.0000000000000000
	interaction_matrix:  1.000000 1.000000 1.000000 1.000000 1.000000 1.000000 1.000000 1.000000 1.000000
	patch_type: symmetric
	patch_width: 8.0000000000000000
	patch_angle: 0.0000000000000000
	angles:  0.000000 0.000000 0.000000
	grand_canonical: 1
	chemical_potential: -1.5000000000000000
box: 10.000000 10.000000
copy: 1.000000 1.000000
epsilon: 0.0375010000000000
end_epsilon: 0.0000000000000000
pressure: 1.0000000000000000
lambda: 0.0000000000000000
lambda_coupling: 1.0000000000000000
uy: 0.0000000000000000
maximum_displacement: 1.0000000000000000
maximum_rotation: 1.0000000000000000
maximum_volume: 0.0000001000000000
maximum_shape: 0.0000001000000000
maximum_dsigma: 0.0100000000000000
mod: 10
pmod: 10
optimize: 1
verbose: 1
snapshot: 0
display: 1
explore: 1
npt: 0
nptxy: 0
nptdxdy: 0
shape: 0
seed: 269986
6.090982493760 1.191182053203 0.866025403784 0.500000000000
-4.999512431038 -3.234823076601 0.000000000000 1.000000000000
12.957069849797 -8.263612766836 0.866025403784 0.500000000000
3.869453241658 10.501812286416 0.866025403784 0.500000000000
12.848844033957 -0.979247716642 0.866025403784 -0.500000000000
-30.309481948687 -4.983294062796 0.000000000000 1.000000000000
4.962459812358 -0.614753145074 0.866025403784 -0.500000000000
16.220771286227 6.643170812575 0.866025403784 -0.500000000000
6.343259562166 -0.760171882345 0.000000000000 1.000000000000
11.077144923278 -6.073456811056 0.866025403784 0.500000000000
