#Configurational_file created 2018-09-14 13:47:05  started 2018-09-14 13:47:05 run for 0.0s steps 0
name: gc_205
step: 10000
specie: 10
	particle_diameter: 1.0000000000000000
	interaction_length: 1.2000000000000000
	number_of_patches: 3
	number_of_particles_per_compound: 1
	rod_length: 1.0000000000000000
	interaction_matrix:  1.000000 1.000000 1.000000 1.000000 1.000000 1.000000 1.000000 1.000000 1.000000
	patch_type: symmetric
	patch_width: 8.0000000000000000
	patch_angle: 0.0000000000000000
	angles:  0.000000 0.000000 0.000000
	grand_canonical: 1
	chemical_potential: -2.1724139999999998
box: 10.000000 10.000000
copy: 1.000000 1.000000
epsilon: 0.4137930000000000
end_epsilon: 0.0000000000000000
pressure: 1.0000000000000000
lambda: 0.0000000000000000
lambda_coupling: 1.0000000000000000
uy: 0.0000000000000000
maximum_displacement: 1.0000000000000000
maximum_rotation: 1.0000000000000000
maximum_volume: 0.0000001000000000
maximum_shape: 0.0000001000000000
maximum_dsigma: 0.0100000000000000
mod: 10
pmod: 10
optimize: 1
verbose: 1
snapshot: 0
display: 1
explore: 1
npt: 0
nptxy: 0
nptdxdy: 0
shape: 0
seed: 235876
5.649281937176 14.265532323885 0.866025403784 0.500000000000
3.993346935894 11.305757361016 0.866025403784 -0.500000000000
14.641092056301 17.202037712965 0.000000000000 1.000000000000
7.725345012423 1.586409760521 0.000000000000 1.000000000000
-4.851204971702 9.544274899550 0.000000000000 1.000000000000
10.980672583226 0.444776902492 0.866025403784 0.500000000000
5.268976147125 2.820366782793 0.866025403784 0.500000000000
6.725893106526 7.876737596008 0.866025403784 0.500000000000
13.540017401632 9.484543954388 0.866025403784 0.500000000000
11.424869554812 5.534317562935 0.866025403784 0.500000000000
