#Configurational_file created 2018-09-14 11:52:11  started 2018-09-14 11:52:10 run for 1.0s steps 0
name: gc_262
step: 10000
specie: 16
	particle_diameter: 1.0000000000000000
	interaction_length: 1.2000000000000000
	number_of_patches: 3
	number_of_particles_per_compound: 1
	rod_length: 1.0000000000000000
	interaction_matrix:  1.000000 1.000000 1.000000 1.000000 1.000000 1.000000 1.000000 1.000000 1.000000
	patch_type: symmetric
	patch_width: 8.0000000000000000
	patch_angle: 0.0000000000000000
	angles:  0.000000 0.000000 0.000000
	grand_canonical: 1
	chemical_potential: -1.3333330000000001
box: 10.000000 10.000000
copy: 1.000000 1.000000
epsilon: 0.0458340000000000
end_epsilon: 0.0000000000000000
pressure: 1.0000000000000000
lambda: 0.0000000000000000
lambda_coupling: 1.0000000000000000
uy: 0.0000000000000000
maximum_displacement: 1.0000000000000000
maximum_rotation: 1.0000000000000000
maximum_volume: 0.0000001000000000
maximum_shape: 0.0000001000000000
maximum_dsigma: 0.0100000000000000
mod: 10
pmod: 10
optimize: 1
verbose: 1
snapshot: 0
display: 1
explore: 1
npt: 0
nptxy: 0
nptdxdy: 0
shape: 0
seed: 300685
1.243438807114 -1.935712267376 0.000000000000 1.000000000000
0.072163890011 5.084842794882 0.000000000000 1.000000000000
6.994889723206 4.500289511488 0.000000000000 1.000000000000
7.038612602467 11.266877388012 0.866025403784 0.500000000000
7.479354906020 6.038232556186 0.000000000000 1.000000000000
7.925853662202 13.552336025728 0.000000000000 1.000000000000
16.552861727639 -7.444456925692 0.866025403784 0.500000000000
4.734641530868 9.711225538563 0.000000000000 1.000000000000
1.646739483906 -2.921100891548 0.000000000000 1.000000000000
6.330544895476 -2.004726193250 0.000000000000 1.000000000000
6.295888568412 8.534675093017 0.866025403784 -0.500000000000
0.405861651665 8.109338216695 0.866025403784 0.500000000000
5.487081402289 -9.250666927076 0.000000000000 1.000000000000
13.229741688187 13.210038479162 0.866025403784 -0.500000000000
-1.009224665473 2.476767932681 0.000000000000 1.000000000000
-1.251118029133 0.606572590132 0.000000000000 1.000000000000
