#Configurational_file created 2018-09-14 11:51:36  started 2018-09-14 11:51:35 run for 1.0s steps 0
name: gc_214
step: 10000
specie: 18
	particle_diameter: 1.0000000000000000
	interaction_length: 1.2000000000000000
	number_of_patches: 3
	number_of_particles_per_compound: 1
	rod_length: 1.0000000000000000
	interaction_matrix:  1.000000 1.000000 1.000000 1.000000 1.000000 1.000000 1.000000 1.000000 1.000000
	patch_type: symmetric
	patch_width: 8.0000000000000000
	patch_angle: 0.0000000000000000
	angles:  0.000000 0.000000 0.000000
	grand_canonical: 1
	chemical_potential: -1.6666669999999999
box: 10.000000 10.000000
copy: 1.000000 1.000000
epsilon: 0.0541670000000000
end_epsilon: 0.0000000000000000
pressure: 1.0000000000000000
lambda: 0.0000000000000000
lambda_coupling: 1.0000000000000000
uy: 0.0000000000000000
maximum_displacement: 1.0000000000000000
maximum_rotation: 1.0000000000000000
maximum_volume: 0.0000001000000000
maximum_shape: 0.0000001000000000
maximum_dsigma: 0.0100000000000000
mod: 10
pmod: 10
optimize: 1
verbose: 1
snapshot: 0
display: 1
explore: 1
npt: 0
nptxy: 0
nptdxdy: 0
shape: 0
seed: 246109
-1.474042068475 5.221924166025 0.000000000000 1.000000000000
1.591204889237 5.333598139838 0.866025403784 -0.500000000000
4.292076331861 11.283998354899 0.000000000000 1.000000000000
13.672182502344 14.938440418446 0.866025403784 0.500000000000
4.339437159054 4.068594731666 0.866025403784 0.500000000000
2.803236811298 1.722815456368 0.866025403784 -0.500000000000
-1.107413245170 6.962893858220 0.000000000000 1.000000000000
-0.259445131333 9.814787390002 0.000000000000 1.000000000000
5.902060247514 -5.427608069859 0.000000000000 1.000000000000
-12.904166937079 6.541023960564 0.866025403784 -0.500000000000
2.616807097058 3.588001192071 0.866025403784 0.500000000000
0.057277729955 12.998553212643 0.866025403784 -0.500000000000
0.821123606813 -0.390129470276 0.000000000000 1.000000000000
-1.642206409673 0.041861060063 0.866025403784 0.500000000000
4.933919774478 6.181427675057 0.866025403784 -0.500000000000
9.266576181475 1.200720642225 0.000000000000 1.000000000000
3.129124514265 8.708173030059 0.866025403784 -0.500000000000
3.765624641619 1.406166632909 0.866025403784 -0.500000000000
