#Configurational_file created 2018-09-14 11:52:04  started 2018-09-14 11:52:04 run for 0.0s steps 0
name: gc_254
step: 10000
specie: 18
	particle_diameter: 1.0000000000000000
	interaction_length: 1.2000000000000000
	number_of_patches: 3
	number_of_particles_per_compound: 1
	rod_length: 1.0000000000000000
	interaction_matrix:  1.000000 1.000000 1.000000 1.000000 1.000000 1.000000 1.000000 1.000000 1.000000
	patch_type: symmetric
	patch_width: 8.0000000000000000
	patch_angle: 0.0000000000000000
	angles:  0.000000 0.000000 0.000000
	grand_canonical: 1
	chemical_potential: -1.3333330000000001
box: 10.000000 10.000000
copy: 1.000000 1.000000
epsilon: 0.0125010000000000
end_epsilon: 0.0000000000000000
pressure: 1.0000000000000000
lambda: 0.0000000000000000
lambda_coupling: 1.0000000000000000
uy: 0.0000000000000000
maximum_displacement: 1.0000000000000000
maximum_rotation: 1.0000000000000000
maximum_volume: 0.0000001000000000
maximum_shape: 0.0000001000000000
maximum_dsigma: 0.0100000000000000
mod: 10
pmod: 10
optimize: 1
verbose: 1
snapshot: 0
display: 1
explore: 1
npt: 0
nptxy: 0
nptdxdy: 0
shape: 0
seed: 291589
9.335426062226 -3.203294937299 0.866025403784 -0.500000000000
8.062609306869 6.244052673257 0.866025403784 -0.500000000000
0.726145953758 0.889618008429 0.866025403784 -0.500000000000
1.463665798730 -5.796363225701 0.866025403784 -0.500000000000
13.335201391004 6.648893575014 0.000000000000 1.000000000000
-2.847910614497 -9.774634098722 0.000000000000 1.000000000000
14.018602111229 10.661969686056 0.000000000000 1.000000000000
6.310677602904 7.595342092144 0.000000000000 1.000000000000
9.224406399990 5.890441221136 0.866025403784 0.500000000000
5.919059945326 -2.360155139878 0.866025403784 -0.500000000000
-0.336061858388 9.088456256759 0.866025403784 0.500000000000
5.718464150787 10.809885956678 0.866025403784 -0.500000000000
-2.308809972168 15.127074044847 0.000000000000 1.000000000000
19.669536895626 4.145985251506 0.000000000000 1.000000000000
15.372152224229 14.372716840034 0.866025403784 0.500000000000
5.478904955959 5.844672322331 0.000000000000 1.000000000000
8.277595215262 2.403032682070 0.000000000000 1.000000000000
0.113804847220 7.694332157572 0.000000000000 1.000000000000
