#Configurational_file created 2018-09-14 13:48:27  started 2018-09-14 13:48:26 run for 1.0s steps 0
name: gc_327
step: 10000
specie: 9
	particle_diameter: 1.0000000000000000
	interaction_length: 1.2000000000000000
	number_of_patches: 3
	number_of_particles_per_compound: 1
	rod_length: 1.0000000000000000
	interaction_matrix:  1.000000 1.000000 1.000000 1.000000 1.000000 1.000000 1.000000 1.000000 1.000000
	patch_type: symmetric
	patch_width: 8.0000000000000000
	patch_angle: 0.0000000000000000
	angles:  0.000000 0.000000 0.000000
	grand_canonical: 1
	chemical_potential: -1.6206900000000000
box: 10.000000 10.000000
copy: 1.000000 1.000000
epsilon: 0.4482760000000000
end_epsilon: 0.0000000000000000
pressure: 1.0000000000000000
lambda: 0.0000000000000000
lambda_coupling: 1.0000000000000000
uy: 0.0000000000000000
maximum_displacement: 1.0000000000000000
maximum_rotation: 1.0000000000000000
maximum_volume: 0.0000001000000000
maximum_shape: 0.0000001000000000
maximum_dsigma: 0.0100000000000000
mod: 10
pmod: 10
optimize: 1
verbose: 1
snapshot: 0
display: 1
explore: 1
npt: 0
nptxy: 0
nptdxdy: 0
shape: 0
seed: 374590
7.539205990802 7.132811297013 0.000000000000 1.000000000000
10.947227798117 11.871987435907 0.866025403784 0.500000000000
-1.910328270014 4.971045097474 0.866025403784 -0.500000000000
-24.531188084136 16.121883300689 0.866025403784 0.500000000000
3.014297501648 -4.065479928477 0.866025403784 -0.500000000000
13.259315200748 14.793295287407 0.000000000000 1.000000000000
-7.336770126145 1.211236462564 0.000000000000 1.000000000000
18.907049625877 -13.202330320334 0.000000000000 1.000000000000
2.882611149586 9.209491990717 0.000000000000 1.000000000000
