#Configurational_file created 2018-09-14 11:53:09  started 2018-09-14 11:53:08 run for 1.0s steps 0
name: gc_337
step: 10000
specie: 18
	particle_diameter: 1.0000000000000000
	interaction_length: 1.2000000000000000
	number_of_patches: 3
	number_of_particles_per_compound: 1
	rod_length: 1.0000000000000000
	interaction_matrix:  1.000000 1.000000 1.000000 1.000000 1.000000 1.000000 1.000000 1.000000 1.000000
	patch_type: symmetric
	patch_width: 8.0000000000000000
	patch_angle: 0.0000000000000000
	angles:  0.000000 0.000000 0.000000
	grand_canonical: 1
	chemical_potential: -0.8333330000000000
box: 10.000000 10.000000
copy: 1.000000 1.000000
epsilon: 0.0458340000000000
end_epsilon: 0.0000000000000000
pressure: 1.0000000000000000
lambda: 0.0000000000000000
lambda_coupling: 1.0000000000000000
uy: 0.0000000000000000
maximum_displacement: 1.0000000000000000
maximum_rotation: 1.0000000000000000
maximum_volume: 0.0000001000000000
maximum_shape: 0.0000001000000000
maximum_dsigma: 0.0100000000000000
mod: 10
pmod: 10
optimize: 1
verbose: 1
snapshot: 0
display: 1
explore: 1
npt: 0
nptxy: 0
nptdxdy: 0
shape: 0
seed: 385960
1.844774706944 15.018988712378 0.000000000000 1.000000000000
-17.262898581325 5.712781486642 0.866025403784 0.500000000000
7.032916353920 -17.671375787949 0.000000000000 1.000000000000
-5.539876637673 -7.455535288159 0.866025403784 -0.500000000000
19.483360055136 -4.427480602540 0.866025403784 -0.500000000000
5.588815697392 -6.959725814218 0.866025403784 0.500000000000
1.187850603311 7.690585338548 0.866025403784 0.500000000000
9.307089028021 9.051498889142 0.866025403784 0.500000000000
6.900664865513 -1.913599232905 0.866025403784 0.500000000000
6.656361793697 4.843462793186 0.866025403784 -0.500000000000
1.400678220243 9.866231005360 0.000000000000 1.000000000000
5.251896403810 1.415460182523 0.866025403784 0.500000000000
-17.023782478035 5.217550222694 0.000000000000 1.000000000000
16.693160320695 2.994605834487 0.866025403784 -0.500000000000
1.153817516963 6.504679403529 0.866025403784 0.500000000000
13.885842536681 2.121073983282 0.866025403784 0.500000000000
-3.295917146290 0.922043927892 0.866025403784 -0.500000000000
6.012574606830 8.976496431723 0.866025403784 -0.500000000000
