#Configurational_file created 2018-09-14 13:48:53  started 2018-09-14 13:48:52 run for 1.0s steps 0
name: gc_364
step: 10000
specie: 14
	particle_diameter: 1.0000000000000000
	interaction_length: 1.2000000000000000
	number_of_patches: 3
	number_of_particles_per_compound: 1
	rod_length: 1.0000000000000000
	interaction_matrix:  1.000000 1.000000 1.000000 1.000000 1.000000 1.000000 1.000000 1.000000 1.000000
	patch_type: symmetric
	patch_width: 8.0000000000000000
	patch_angle: 0.0000000000000000
	angles:  0.000000 0.000000 0.000000
	grand_canonical: 1
	chemical_potential: -1.3448279999999999
box: 10.000000 10.000000
copy: 1.000000 1.000000
epsilon: 0.0517250000000000
end_epsilon: 0.0000000000000000
pressure: 1.0000000000000000
lambda: 0.0000000000000000
lambda_coupling: 1.0000000000000000
uy: 0.0000000000000000
maximum_displacement: 1.0000000000000000
maximum_rotation: 1.0000000000000000
maximum_volume: 0.0000001000000000
maximum_shape: 0.0000001000000000
maximum_dsigma: 0.0100000000000000
mod: 10
pmod: 10
optimize: 1
verbose: 1
snapshot: 0
display: 1
explore: 1
npt: 0
nptxy: 0
nptdxdy: 0
shape: 0
seed: 416659
5.235768218427 1.093454553495 0.866025403784 0.500000000000
2.626863277007 18.258879989336 0.000000000000 1.000000000000
1.047063493665 9.024468095579 0.866025403784 0.500000000000
8.965056619055 -2.348961303083 0.866025403784 -0.500000000000
4.743883432171 -0.629026043920 0.866025403784 -0.500000000000
9.199622038261 4.694203566819 0.866025403784 -0.500000000000
11.021438934055 7.782072492931 0.866025403784 0.500000000000
4.139859270951 3.755456007380 0.866025403784 0.500000000000
7.014266177148 8.173020147080 0.000000000000 1.000000000000
9.802557368572 1.375201992510 0.866025403784 0.500000000000
9.104127396753 3.298726035813 0.000000000000 1.000000000000
6.593991084024 -0.430085794461 0.866025403784 -0.500000000000
5.216327962053 6.374770797816 0.866025403784 -0.500000000000
6.752361609409 1.515390790575 0.866025403784 -0.500000000000
