#Configurational_file created 2018-09-14 11:25:22  started 2018-09-14 11:25:21 run for 1.0s steps 0
name: gc_329
step: 10000
specie: 21
	particle_diameter: 1.0000000000000000
	interaction_length: 1.2000000000000000
	number_of_patches: 3
	number_of_particles_per_compound: 1
	rod_length: 1.0000000000000000
	interaction_matrix:  1.000000 1.000000 1.000000 1.000000 1.000000 1.000000 1.000000 1.000000 1.000000
	patch_type: symmetric
	patch_width: 8.0000000000000000
	patch_angle: 0.0000000000000000
	angles:  0.000000 0.000000 0.000000
	grand_canonical: 1
	chemical_potential: -0.8333330000000000
box: 10.000000 10.000000
copy: 1.000000 1.000000
epsilon: 0.2500870000000000
end_epsilon: 0.0000000000000000
pressure: 1.0000000000000000
lambda: 0.0000000000000000
lambda_coupling: 1.0000000000000000
uy: 0.0000000000000000
maximum_displacement: 1.0000000000000000
maximum_rotation: 1.0000000000000000
maximum_volume: 0.0000001000000000
maximum_shape: 0.0000001000000000
maximum_dsigma: 0.0100000000000000
mod: 10
pmod: 10
optimize: 1
verbose: 1
snapshot: 0
display: 1
explore: 1
npt: 0
nptxy: 0
nptdxdy: 0
shape: 0
seed: 376864
11.529164399702 7.242611468106 0.866025403784 -0.500000000000
-2.223215402849 2.808462831552 0.866025403784 0.500000000000
11.816927741467 -0.098469987224 0.000000000000 1.000000000000
12.183965514352 2.361328545934 0.866025403784 -0.500000000000
21.333778489527 -3.757108614466 0.866025403784 -0.500000000000
-0.175521575108 15.047759927780 0.000000000000 1.000000000000
1.069621709255 10.762861331622 0.866025403784 0.500000000000
4.312060333338 -1.661158070041 0.866025403784 0.500000000000
-0.562003105094 6.729987597869 0.000000000000 1.000000000000
1.965118339354 -1.819161212465 0.866025403784 -0.500000000000
-2.900928655959 10.175203816159 0.000000000000 1.000000000000
8.505775656389 0.120626600718 0.866025403784 -0.500000000000
-4.580526539451 12.964725341304 0.866025403784 0.500000000000
-4.471034521143 -2.312933007633 0.866025403784 -0.500000000000
-1.961123140937 7.178292159300 0.866025403784 -0.500000000000
6.874189717750 1.274815816805 0.000000000000 1.000000000000
-5.574365842776 6.840065740786 0.866025403784 0.500000000000
18.632209684765 -4.213792162853 0.866025403784 0.500000000000
12.539751216260 7.394823751506 0.866025403784 0.500000000000
5.278392626281 -0.293598049747 0.866025403784 0.500000000000
0.956231268738 4.003496607503 0.000000000000 1.000000000000
