#Configurational_file created 2018-09-14 11:25:38  started 2018-09-14 11:25:37 run for 1.0s steps 0
name: gc_349
step: 10000
specie: 18
	particle_diameter: 1.0000000000000000
	interaction_length: 1.2000000000000000
	number_of_patches: 3
	number_of_particles_per_compound: 1
	rod_length: 1.0000000000000000
	interaction_matrix:  1.000000 1.000000 1.000000 1.000000 1.000000 1.000000 1.000000 1.000000 1.000000
	patch_type: symmetric
	patch_width: 8.0000000000000000
	patch_angle: 0.0000000000000000
	angles:  0.000000 0.000000 0.000000
	grand_canonical: 1
	chemical_potential: -0.8333330000000000
box: 10.000000 10.000000
copy: 1.000000 1.000000
epsilon: 1.9166710000000000
end_epsilon: 0.0000000000000000
pressure: 1.0000000000000000
lambda: 0.0000000000000000
lambda_coupling: 1.0000000000000000
uy: 0.0000000000000000
maximum_displacement: 1.0000000000000000
maximum_rotation: 1.0000000000000000
maximum_volume: 0.0000001000000000
maximum_shape: 0.0000001000000000
maximum_dsigma: 0.0100000000000000
mod: 10
pmod: 10
optimize: 1
verbose: 1
snapshot: 0
display: 1
explore: 1
npt: 0
nptxy: 0
nptdxdy: 0
shape: 0
seed: 399604
13.827010889812 0.182855253306 0.866025403784 0.500000000000
-5.737639319562 7.814160957166 0.866025403784 0.500000000000
10.628951407906 9.164008367251 0.000000000000 1.000000000000
1.559967711439 12.225788358363 0.000000000000 1.000000000000
-1.719531421715 -8.652084855539 0.000000000000 1.000000000000
0.753063926564 6.658958317011 0.866025403784 -0.500000000000
4.643240739327 4.348598247129 0.866025403784 0.500000000000
-4.765609454679 -8.205546074739 0.866025403784 0.500000000000
-9.968587934442 25.627480766630 0.866025403784 -0.500000000000
2.342307620870 17.383504467267 0.866025403784 -0.500000000000
12.244865869355 4.138845482842 0.000000000000 1.000000000000
7.518604798099 21.379789250732 0.866025403784 -0.500000000000
8.318694688506 8.377668888629 0.866025403784 -0.500000000000
1.612050230117 6.619617984938 0.866025403784 0.500000000000
11.775284966525 5.122201074116 0.000000000000 1.000000000000
3.067580238076 10.628081445365 0.866025403784 -0.500000000000
-3.519631327756 5.010895519953 0.866025403784 -0.500000000000
-0.376725474010 3.576280144151 0.866025403784 -0.500000000000
