#Configurational_file created 2018-09-14 11:25:16  started 2018-09-14 11:25:15 run for 1.0s steps 0
name: gc_321
step: 10000
specie: 15
	particle_diameter: 1.0000000000000000
	interaction_length: 1.2000000000000000
	number_of_patches: 3
	number_of_particles_per_compound: 1
	rod_length: 1.0000000000000000
	interaction_matrix:  1.000000 1.000000 1.000000 1.000000 1.000000 1.000000 1.000000 1.000000 1.000000
	patch_type: symmetric
	patch_width: 8.0000000000000000
	patch_angle: 0.0000000000000000
	angles:  0.000000 0.000000 0.000000
	grand_canonical: 1
	chemical_potential: -1.0000000000000000
box: 10.000000 10.000000
copy: 1.000000 1.000000
epsilon: 1.6666829999999999
end_epsilon: 0.0000000000000000
pressure: 1.0000000000000000
lambda: 0.0000000000000000
lambda_coupling: 1.0000000000000000
uy: 0.0000000000000000
maximum_displacement: 1.0000000000000000
maximum_rotation: 1.0000000000000000
maximum_volume: 0.0000001000000000
maximum_shape: 0.0000001000000000
maximum_dsigma: 0.0100000000000000
mod: 10
pmod: 10
optimize: 1
verbose: 1
snapshot: 0
display: 1
explore: 1
npt: 0
nptxy: 0
nptdxdy: 0
shape: 0
seed: 367768
6.429070532556 14.846443765495 0.000000000000 1.000000000000
18.598256403508 10.468276974348 0.866025403784 0.500000000000
4.576913815278 5.736801256733 0.000000000000 1.000000000000
14.583842118773 6.864217151682 0.866025403784 0.500000000000
-0.218489932527 8.304325178296 0.866025403784 -0.500000000000
3.752631112971 0.795527775380 0.866025403784 0.500000000000
-3.121822455494 2.705957895662 0.866025403784 -0.500000000000
5.344589058805 11.223888217776 0.866025403784 0.500000000000
4.579168576850 19.219849248904 0.866025403784 0.500000000000
7.847073527249 2.267520115844 0.866025403784 -0.500000000000
7.235652559064 -1.033782461973 0.866025403784 0.500000000000
13.462325041538 1.992108892078 0.866025403784 -0.500000000000
0.944904616886 9.399003228075 0.000000000000 1.000000000000
9.138983826435 1.949936268193 0.000000000000 1.000000000000
5.494803436165 0.261291972280 0.000000000000 1.000000000000
