#Configurational_file created 2018-09-14 11:26:17  started 2018-09-14 11:26:17 run for 0.0s steps 0
name: gc_396
step: 10000
specie: 21
	particle_diameter: 1.0000000000000000
	interaction_length: 1.2000000000000000
	number_of_patches: 3
	number_of_particles_per_compound: 1
	rod_length: 1.0000000000000000
	interaction_matrix:  1.000000 1.000000 1.000000 1.000000 1.000000 1.000000 1.000000 1.000000 1.000000
	patch_type: symmetric
	patch_width: 8.0000000000000000
	patch_angle: 0.0000000000000000
	angles:  0.000000 0.000000 0.000000
	grand_canonical: 1
	chemical_potential: -0.5000000000000000
box: 10.000000 10.000000
copy: 1.000000 1.000000
epsilon: 1.6666829999999999
end_epsilon: 0.0000000000000000
pressure: 1.0000000000000000
lambda: 0.0000000000000000
lambda_coupling: 1.0000000000000000
uy: 0.0000000000000000
maximum_displacement: 1.0000000000000000
maximum_rotation: 1.0000000000000000
maximum_volume: 0.0000001000000000
maximum_shape: 0.0000001000000000
maximum_dsigma: 0.0100000000000000
mod: 10
pmod: 10
optimize: 1
verbose: 1
snapshot: 0
display: 1
explore: 1
npt: 0
nptxy: 0
nptdxdy: 0
shape: 0
seed: 453043
10.921866472889 4.208557703682 0.000000000000 1.000000000000
16.504442062563 22.179181842885 0.000000000000 1.000000000000
9.213873252107 7.838324938757 0.866025403784 -0.500000000000
1.334739585775 -1.631647263412 0.866025403784 0.500000000000
14.447534504100 4.540753433500 0.866025403784 -0.500000000000
2.046602703741 5.890297820051 0.866025403784 -0.500000000000
8.046154350547 8.177336484965 0.866025403784 -0.500000000000
24.910190369578 -10.688078691587 0.000000000000 1.000000000000
10.284621329878 8.919438489653 0.866025403784 -0.500000000000
27.492897415035 7.324415907595 0.866025403784 -0.500000000000
10.478244947708 14.736637102270 0.866025403784 0.500000000000
43.289920641839 27.058899990541 0.866025403784 0.500000000000
-4.527561865119 -9.788657029539 0.866025403784 -0.500000000000
7.931617162811 4.492573234928 0.866025403784 0.500000000000
10.943477670064 11.774681493725 0.000000000000 1.000000000000
14.717642752936 -2.218714744962 0.000000000000 1.000000000000
16.326399827016 -3.845766351536 0.000000000000 1.000000000000
8.518323722902 5.726884006324 0.866025403784 0.500000000000
1.796975196753 2.458963592325 0.000000000000 1.000000000000
12.348096356105 4.143446796572 0.000000000000 1.000000000000
0.922003587331 10.650453173182 0.000000000000 1.000000000000
