#Configurational_file created 2018-09-14 11:25:11  started 2018-09-14 11:25:10 run for 1.0s steps 0
name: gc_315
step: 10000
specie: 20
	particle_diameter: 1.0000000000000000
	interaction_length: 1.2000000000000000
	number_of_patches: 3
	number_of_particles_per_compound: 1
	rod_length: 1.0000000000000000
	interaction_matrix:  1.000000 1.000000 1.000000 1.000000 1.000000 1.000000 1.000000 1.000000 1.000000
	patch_type: symmetric
	patch_width: 8.0000000000000000
	patch_angle: 0.0000000000000000
	angles:  0.000000 0.000000 0.000000
	grand_canonical: 1
	chemical_potential: -1.0000000000000000
box: 10.000000 10.000000
copy: 1.000000 1.000000
epsilon: 1.1667080000000001
end_epsilon: 0.0000000000000000
pressure: 1.0000000000000000
lambda: 0.0000000000000000
lambda_coupling: 1.0000000000000000
uy: 0.0000000000000000
maximum_displacement: 1.0000000000000000
maximum_rotation: 1.0000000000000000
maximum_volume: 0.0000001000000000
maximum_shape: 0.0000001000000000
maximum_dsigma: 0.0100000000000000
mod: 10
pmod: 10
optimize: 1
verbose: 1
snapshot: 0
display: 1
explore: 1
npt: 0
nptxy: 0
nptdxdy: 0
shape: 0
seed: 360946
10.031667814799 2.545019150633 0.866025403784 0.500000000000
0.265761991230 4.995967534624 0.000000000000 1.000000000000
7.196520441851 24.200581892927 0.866025403784 0.500000000000
-16.382188601230 11.849644996907 0.866025403784 0.500000000000
17.144020308116 0.294533754045 0.000000000000 1.000000000000
1.339810529762 10.844338440737 0.866025403784 -0.500000000000
-9.749484327067 6.710180830227 0.866025403784 -0.500000000000
8.252604677139 7.016388282399 0.866025403784 -0.500000000000
6.312733138297 13.088474583244 0.866025403784 0.500000000000
6.181909178864 4.327827625134 0.866025403784 -0.500000000000
-9.875203126559 19.328758494389 0.000000000000 1.000000000000
23.150712156580 -5.177512842673 0.866025403784 0.500000000000
12.566673096585 18.584944463689 0.866025403784 0.500000000000
14.703622124723 6.867598566278 0.000000000000 1.000000000000
1.069292330010 10.312236200911 0.000000000000 1.000000000000
3.555091743304 17.066099590538 0.000000000000 1.000000000000
2.300380946120 1.555970663869 0.000000000000 1.000000000000
5.156310882435 10.819599997293 0.000000000000 1.000000000000
2.867916045693 6.989026900275 0.866025403784 0.500000000000
9.364600516383 8.121085807273 0.866025403784 -0.500000000000
