#Configurational_file created 2018-09-14 11:52:46  started 2018-09-14 11:52:45 run for 1.0s steps 0
name: gc_308
step: 10000
specie: 20
	particle_diameter: 1.0000000000000000
	interaction_length: 1.2000000000000000
	number_of_patches: 3
	number_of_particles_per_compound: 1
	rod_length: 1.0000000000000000
	interaction_matrix:  1.000000 1.000000 1.000000 1.000000 1.000000 1.000000 1.000000 1.000000 1.000000
	patch_type: symmetric
	patch_width: 8.0000000000000000
	patch_angle: 0.0000000000000000
	angles:  0.000000 0.000000 0.000000
	grand_canonical: 1
	chemical_potential: -1.0000000000000000
box: 10.000000 10.000000
copy: 1.000000 1.000000
epsilon: 0.0291670000000000
end_epsilon: 0.0000000000000000
pressure: 1.0000000000000000
lambda: 0.0000000000000000
lambda_coupling: 1.0000000000000000
uy: 0.0000000000000000
maximum_displacement: 1.0000000000000000
maximum_rotation: 1.0000000000000000
maximum_volume: 0.0000001000000000
maximum_shape: 0.0000001000000000
maximum_dsigma: 0.0100000000000000
mod: 10
pmod: 10
optimize: 1
verbose: 1
snapshot: 0
display: 1
explore: 1
npt: 0
nptxy: 0
nptdxdy: 0
shape: 0
seed: 352987
7.214157232224 -9.683481517514 0.866025403784 -0.500000000000
-1.303169448448 6.669626106397 0.866025403784 -0.500000000000
-2.602310752413 3.821475783077 0.866025403784 -0.500000000000
4.176916725513 3.132782041305 0.866025403784 -0.500000000000
7.858724173895 11.678983081749 0.866025403784 0.500000000000
3.830363703141 2.783584260042 0.000000000000 1.000000000000
-10.652069725296 1.761772438347 0.866025403784 0.500000000000
3.607528315633 5.555385810844 0.866025403784 0.500000000000
2.431650604461 7.081886044122 0.000000000000 1.000000000000
2.169257488519 9.071254019896 0.000000000000 1.000000000000
-11.967559778336 3.309103574420 0.000000000000 1.000000000000
14.503739691359 -13.579949098976 0.866025403784 -0.500000000000
5.746066623713 -2.293255959433 0.000000000000 1.000000000000
8.142686493205 16.180787299305 0.866025403784 0.500000000000
0.531517276740 11.672213572051 0.866025403784 -0.500000000000
2.791585174920 0.712226340361 0.866025403784 -0.500000000000
4.719030682665 0.821621640011 0.000000000000 1.000000000000
-0.471144795340 10.152554736625 0.866025403784 -0.500000000000
0.953498222882 2.923094642817 0.866025403784 -0.500000000000
7.601151791056 8.310716622723 0.866025403784 -0.500000000000
