#Configurational_file created 2018-09-14 11:53:38  started 2018-09-14 11:53:37 run for 1.0s steps 0
name: gc_372
step: 10000
specie: 19
	particle_diameter: 1.0000000000000000
	interaction_length: 1.2000000000000000
	number_of_patches: 3
	number_of_particles_per_compound: 1
	rod_length: 1.0000000000000000
	interaction_matrix:  1.000000 1.000000 1.000000 1.000000 1.000000 1.000000 1.000000 1.000000 1.000000
	patch_type: symmetric
	patch_width: 8.0000000000000000
	patch_angle: 0.0000000000000000
	angles:  0.000000 0.000000 0.000000
	grand_canonical: 1
	chemical_potential: -0.6666670000000000
box: 10.000000 10.000000
copy: 1.000000 1.000000
epsilon: 0.0875000000000000
end_epsilon: 0.0000000000000000
pressure: 1.0000000000000000
lambda: 0.0000000000000000
lambda_coupling: 1.0000000000000000
uy: 0.0000000000000000
maximum_displacement: 1.0000000000000000
maximum_rotation: 1.0000000000000000
maximum_volume: 0.0000001000000000
maximum_shape: 0.0000001000000000
maximum_dsigma: 0.0100000000000000
mod: 10
pmod: 10
optimize: 1
verbose: 1
snapshot: 0
display: 1
explore: 1
npt: 0
nptxy: 0
nptdxdy: 0
shape: 0
seed: 425755
10.307291573557 -7.381075044422 0.866025403784 -0.500000000000
15.704181100781 -3.537738543322 0.000000000000 1.000000000000
8.201551576574 15.920000851655 0.000000000000 1.000000000000
1.486080672066 -14.799500860343 0.866025403784 0.500000000000
4.211223105096 6.136019460721 0.000000000000 1.000000000000
18.362265938759 10.052766572621 0.866025403784 -0.500000000000
10.475254772354 -10.424976621259 0.000000000000 1.000000000000
-12.509139573253 5.014373795057 0.000000000000 1.000000000000
8.367206448310 8.356129119296 0.866025403784 -0.500000000000
9.767963274050 5.463081605003 0.866025403784 -0.500000000000
16.356639516171 7.400514365913 0.000000000000 1.000000000000
14.662268162189 7.803458836995 0.866025403784 -0.500000000000
15.952786041875 -1.946236669816 0.866025403784 -0.500000000000
16.955821469328 -17.050613103714 0.000000000000 1.000000000000
1.493236563327 33.149215572108 0.000000000000 1.000000000000
3.556921659458 6.966564104210 0.866025403784 -0.500000000000
10.014838112891 10.906272181065 0.000000000000 1.000000000000
1.475955582922 7.919459584180 0.866025403784 0.500000000000
9.482034714651 1.471641496531 0.866025403784 0.500000000000
