#Configurational_file created 2018-09-14 13:48:11  started 2018-09-14 13:48:10 run for 1.0s steps 0
name: gc_304
step: 10000
specie: 20
	particle_diameter: 1.0000000000000000
	interaction_length: 1.2000000000000000
	number_of_patches: 3
	number_of_particles_per_compound: 1
	rod_length: 1.0000000000000000
	interaction_matrix:  1.000000 1.000000 1.000000 1.000000 1.000000 1.000000 1.000000 1.000000 1.000000
	patch_type: symmetric
	patch_width: 8.0000000000000000
	patch_angle: 0.0000000000000000
	angles:  0.000000 0.000000 0.000000
	grand_canonical: 1
	chemical_potential: -1.6206900000000000
box: 10.000000 10.000000
copy: 1.000000 1.000000
epsilon: 0.0517250000000000
end_epsilon: 0.0000000000000000
pressure: 1.0000000000000000
lambda: 0.0000000000000000
lambda_coupling: 1.0000000000000000
uy: 0.0000000000000000
maximum_displacement: 1.0000000000000000
maximum_rotation: 1.0000000000000000
maximum_volume: 0.0000001000000000
maximum_shape: 0.0000001000000000
maximum_dsigma: 0.0100000000000000
mod: 10
pmod: 10
optimize: 1
verbose: 1
snapshot: 0
display: 1
explore: 1
npt: 0
nptxy: 0
nptdxdy: 0
shape: 0
seed: 348439
6.661104750085 2.464955055314 0.866025403784 0.500000000000
11.495632498300 4.995435772666 0.866025403784 -0.500000000000
5.058788097913 11.407332454361 0.866025403784 0.500000000000
2.775624402812 3.402535084541 0.866025403784 0.500000000000
-6.403983560343 11.462077384341 0.866025403784 -0.500000000000
-4.870427894832 -2.114898232405 0.000000000000 1.000000000000
9.505221263397 14.381445924690 0.866025403784 -0.500000000000
13.690957181908 9.020410696034 0.866025403784 0.500000000000
-5.817779179363 9.740871853407 0.000000000000 1.000000000000
11.229805825466 -2.489094575842 0.866025403784 0.500000000000
9.298196437967 11.519801494908 0.866025403784 0.500000000000
9.621230568152 13.474322511601 0.000000000000 1.000000000000
5.857590278770 5.569108530409 0.866025403784 -0.500000000000
6.079851591007 0.871927799499 0.000000000000 1.000000000000
3.136489094330 6.621479017399 0.866025403784 0.500000000000
1.022779965228 -0.062576043756 0.866025403784 0.500000000000
7.793758097280 15.203401843214 0.866025403784 0.500000000000
1.989386078627 9.004605888432 0.000000000000 1.000000000000
1.133422264599 3.701996643614 0.866025403784 0.500000000000
4.816552303056 4.258904463243 0.000000000000 1.000000000000
