#Configurational_file created 2018-09-14 11:53:28  started 2018-09-14 11:53:27 run for 1.0s steps 0
name: gc_360
step: 10000
specie: 17
	particle_diameter: 1.0000000000000000
	interaction_length: 1.2000000000000000
	number_of_patches: 3
	number_of_particles_per_compound: 1
	rod_length: 1.0000000000000000
	interaction_matrix:  1.000000 1.000000 1.000000 1.000000 1.000000 1.000000 1.000000 1.000000 1.000000
	patch_type: symmetric
	patch_width: 8.0000000000000000
	patch_angle: 0.0000000000000000
	angles:  0.000000 0.000000 0.000000
	grand_canonical: 1
	chemical_potential: -0.6666670000000000
box: 10.000000 10.000000
copy: 1.000000 1.000000
epsilon: 0.0375010000000000
end_epsilon: 0.0000000000000000
pressure: 1.0000000000000000
lambda: 0.0000000000000000
lambda_coupling: 1.0000000000000000
uy: 0.0000000000000000
maximum_displacement: 1.0000000000000000
maximum_rotation: 1.0000000000000000
maximum_volume: 0.0000001000000000
maximum_shape: 0.0000001000000000
maximum_dsigma: 0.0100000000000000
mod: 10
pmod: 10
optimize: 1
verbose: 1
snapshot: 0
display: 1
explore: 1
npt: 0
nptxy: 0
nptdxdy: 0
shape: 0
seed: 412111
-7.933001285240 -5.918084142130 0.866025403784 -0.500000000000
10.441777453699 4.468711006673 0.866025403784 -0.500000000000
9.508630434531 2.921888368349 0.000000000000 1.000000000000
18.807464191774 16.535298064750 0.000000000000 1.000000000000
-5.121462376910 20.010541985419 0.000000000000 1.000000000000
-4.677321959514 12.819793957160 0.866025403784 -0.500000000000
1.504202962491 -1.207595614814 0.866025403784 -0.500000000000
0.506973658555 7.949429386982 0.000000000000 1.000000000000
10.014492096196 1.253967710997 0.000000000000 1.000000000000
-10.504054524458 24.053826370043 0.866025403784 -0.500000000000
8.519654714892 29.763198906612 0.000000000000 1.000000000000
10.718000771570 -3.100193494005 0.000000000000 1.000000000000
3.281984246618 4.886991423913 0.866025403784 -0.500000000000
1.084984080217 1.305697842241 0.866025403784 -0.500000000000
16.286980338213 18.657090316137 0.866025403784 -0.500000000000
3.010813599143 12.715580110719 0.866025403784 -0.500000000000
-3.773662117515 1.945950436335 0.000000000000 1.000000000000
