#Configurational_file created 2018-09-14 11:25:29  started 2018-09-14 11:25:28 run for 1.0s steps 0
name: gc_338
step: 10000
specie: 19
	particle_diameter: 1.0000000000000000
	interaction_length: 1.2000000000000000
	number_of_patches: 3
	number_of_particles_per_compound: 1
	rod_length: 1.0000000000000000
	interaction_matrix:  1.000000 1.000000 1.000000 1.000000 1.000000 1.000000 1.000000 1.000000 1.000000
	patch_type: symmetric
	patch_width: 8.0000000000000000
	patch_angle: 0.0000000000000000
	angles:  0.000000 0.000000 0.000000
	grand_canonical: 1
	chemical_potential: -0.8333330000000000
box: 10.000000 10.000000
copy: 1.000000 1.000000
epsilon: 1.0000500000000001
end_epsilon: 0.0000000000000000
pressure: 1.0000000000000000
lambda: 0.0000000000000000
lambda_coupling: 1.0000000000000000
uy: 0.0000000000000000
maximum_displacement: 1.0000000000000000
maximum_rotation: 1.0000000000000000
maximum_volume: 0.0000001000000000
maximum_shape: 0.0000001000000000
maximum_dsigma: 0.0100000000000000
mod: 10
pmod: 10
optimize: 1
verbose: 1
snapshot: 0
display: 1
explore: 1
npt: 0
nptxy: 0
nptdxdy: 0
shape: 0
seed: 387097
5.480664969881 5.466271485712 0.866025403784 0.500000000000
9.563319789267 7.843617253248 0.866025403784 -0.500000000000
-5.634165384539 14.298104839066 0.000000000000 1.000000000000
-1.304714480593 7.148072523115 0.866025403784 0.500000000000
8.345578981902 -0.608538961172 0.000000000000 1.000000000000
-6.343333883999 24.635425408958 0.866025403784 -0.500000000000
-2.693910871051 2.948519255620 0.866025403784 0.500000000000
0.916308173234 15.610227420701 0.866025403784 -0.500000000000
3.392422968647 16.940950899362 0.000000000000 1.000000000000
-0.308622097278 22.541469872040 0.866025403784 -0.500000000000
3.517750439198 -27.141889470308 0.866025403784 0.500000000000
21.636397589146 7.320634135346 0.866025403784 0.500000000000
-9.091255021079 24.260446336658 0.866025403784 0.500000000000
1.512007780696 10.699705724263 0.866025403784 0.500000000000
2.540886098222 10.807502892604 0.000000000000 1.000000000000
6.636067498428 -9.432813087473 0.000000000000 1.000000000000
-0.802006907052 4.435879400271 0.866025403784 0.500000000000
-4.473921714349 9.900739942357 0.866025403784 0.500000000000
6.180951239361 7.894060957591 0.866025403784 0.500000000000
