#Configurational_file created 2018-09-14 11:53:24  started 2018-09-14 11:53:23 run for 1.0s steps 0
name: gc_355
step: 10000
specie: 21
	particle_diameter: 1.0000000000000000
	interaction_length: 1.2000000000000000
	number_of_patches: 3
	number_of_particles_per_compound: 1
	rod_length: 1.0000000000000000
	interaction_matrix:  1.000000 1.000000 1.000000 1.000000 1.000000 1.000000 1.000000 1.000000 1.000000
	patch_type: symmetric
	patch_width: 8.0000000000000000
	patch_angle: 0.0000000000000000
	angles:  0.000000 0.000000 0.000000
	grand_canonical: 1
	chemical_potential: -0.6666670000000000
box: 10.000000 10.000000
copy: 1.000000 1.000000
epsilon: 0.0166680000000000
end_epsilon: 0.0000000000000000
pressure: 1.0000000000000000
lambda: 0.0000000000000000
lambda_coupling: 1.0000000000000000
uy: 0.0000000000000000
maximum_displacement: 1.0000000000000000
maximum_rotation: 1.0000000000000000
maximum_volume: 0.0000001000000000
maximum_shape: 0.0000001000000000
maximum_dsigma: 0.0100000000000000
mod: 10
pmod: 10
optimize: 1
verbose: 1
snapshot: 0
display: 1
explore: 1
npt: 0
nptxy: 0
nptdxdy: 0
shape: 0
seed: 406426
-0.807657781554 7.972721068791 0.866025403784 -0.500000000000
4.247739772134 8.683516646283 0.000000000000 1.000000000000
21.204879806482 4.354362924001 0.866025403784 0.500000000000
3.501770150743 7.547743600560 0.866025403784 0.500000000000
18.427340245761 -10.216862681807 0.866025403784 0.500000000000
3.824608369214 2.214209873029 0.866025403784 -0.500000000000
-4.847514659745 5.301839359567 0.000000000000 1.000000000000
2.252693441359 7.419705580742 0.866025403784 -0.500000000000
0.051023027489 -7.097851551156 0.866025403784 -0.500000000000
8.392142070164 1.830996510515 0.000000000000 1.000000000000
7.208658512142 4.264461740515 0.866025403784 0.500000000000
7.012812738639 11.494319191580 0.866025403784 0.500000000000
0.139831631591 15.065080955429 0.866025403784 -0.500000000000
6.155356260048 8.748414999134 0.000000000000 1.000000000000
-2.972193081734 3.117551152569 0.866025403784 0.500000000000
-1.304799248114 2.510644115717 0.866025403784 -0.500000000000
-5.113540388674 8.949572879954 0.866025403784 -0.500000000000
8.227720116282 -4.645215061522 0.000000000000 1.000000000000
-2.745475525245 -2.838864442244 0.866025403784 0.500000000000
3.749406210328 10.481066447917 0.000000000000 1.000000000000
3.539865026567 6.353544713468 0.000000000000 1.000000000000
