#Configurational_file created 2018-09-14 11:25:32  started 2018-09-14 11:25:31 run for 1.0s steps 0
name: gc_341
step: 10000
specie: 18
	particle_diameter: 1.0000000000000000
	interaction_length: 1.2000000000000000
	number_of_patches: 3
	number_of_particles_per_compound: 1
	rod_length: 1.0000000000000000
	interaction_matrix:  1.000000 1.000000 1.000000 1.000000 1.000000 1.000000 1.000000 1.000000 1.000000
	patch_type: symmetric
	patch_width: 8.0000000000000000
	patch_angle: 0.0000000000000000
	angles:  0.000000 0.000000 0.000000
	grand_canonical: 1
	chemical_potential: -0.8333330000000000
box: 10.000000 10.000000
copy: 1.000000 1.000000
epsilon: 1.2500370000000001
end_epsilon: 0.0000000000000000
pressure: 1.0000000000000000
lambda: 0.0000000000000000
lambda_coupling: 1.0000000000000000
uy: 0.0000000000000000
maximum_displacement: 1.0000000000000000
maximum_rotation: 1.0000000000000000
maximum_volume: 0.0000001000000000
maximum_shape: 0.0000001000000000
maximum_dsigma: 0.0100000000000000
mod: 10
pmod: 10
optimize: 1
verbose: 1
snapshot: 0
display: 1
explore: 1
npt: 0
nptxy: 0
nptdxdy: 0
shape: 0
seed: 390508
-1.213730952041 18.871121595416 0.000000000000 1.000000000000
-6.669120597887 4.309106993415 0.000000000000 1.000000000000
16.885694244910 -4.278403599367 0.000000000000 1.000000000000
-23.658221524172 -22.481837040101 0.000000000000 1.000000000000
-1.382184084119 -3.331062958574 0.000000000000 1.000000000000
18.061325323237 7.792875722829 0.000000000000 1.000000000000
9.439582890398 11.905161326906 0.866025403784 -0.500000000000
-17.961134143549 -6.333768364441 0.866025403784 -0.500000000000
5.767185431822 6.790773327931 0.866025403784 0.500000000000
-0.171711648555 -0.309042370720 0.866025403784 0.500000000000
14.549984836418 0.548662512106 0.866025403784 -0.500000000000
-6.884310642762 9.633264412340 0.866025403784 -0.500000000000
-2.395953603819 4.189191503665 0.866025403784 0.500000000000
6.214323874375 9.377054704941 0.866025403784 0.500000000000
0.704998211586 9.682566791354 0.866025403784 -0.500000000000
1.071132402070 2.479546348631 0.866025403784 0.500000000000
2.900888117805 6.230841380415 0.866025403784 0.500000000000
6.271851172772 13.010056561611 0.000000000000 1.000000000000
