#Configurational_file created 2018-09-14 11:22:04  started 2018-09-14 11:22:04 run for 0.0s steps 0
name: gc_38
step: 10000
specie: 6
	particle_diameter: 1.0000000000000000
	interaction_length: 1.2000000000000000
	number_of_patches: 3
	number_of_particles_per_compound: 1
	rod_length: 1.0000000000000000
	interaction_matrix:  1.000000 1.000000 1.000000 1.000000 1.000000 1.000000 1.000000 1.000000 1.000000
	patch_type: symmetric
	patch_width: 8.0000000000000000
	patch_angle: 0.0000000000000000
	angles:  0.000000 0.000000 0.000000
	grand_canonical: 1
	chemical_potential: -2.8333330000000001
box: 10.000000 10.000000
copy: 1.000000 1.000000
epsilon: 1.0000500000000001
end_epsilon: 0.0000000000000000
pressure: 1.0000000000000000
lambda: 0.0000000000000000
lambda_coupling: 1.0000000000000000
uy: 0.0000000000000000
maximum_displacement: 1.0000000000000000
maximum_rotation: 1.0000000000000000
maximum_volume: 0.0000001000000000
maximum_shape: 0.0000001000000000
maximum_dsigma: 0.0100000000000000
mod: 10
pmod: 10
optimize: 1
verbose: 1
snapshot: 0
display: 1
explore: 1
npt: 0
nptxy: 0
nptdxdy: 0
shape: 0
seed: 45997
-0.161462342094 18.555950938142 0.866025403784 -0.500000000000
1.685924893346 6.417415225618 0.866025403784 0.500000000000
11.891268824371 10.824642457298 0.866025403784 -0.500000000000
5.209668784822 -2.095732771299 0.866025403784 -0.500000000000
-9.774160242523 5.765326400239 0.000000000000 1.000000000000
7.404546224046 5.977630541125 0.866025403784 -0.500000000000
