#Configurational_file created 2018-09-14 11:25:04  started 2018-09-14 11:25:03 run for 1.0s steps 0
name: gc_306
step: 10000
specie: 18
	particle_diameter: 1.0000000000000000
	interaction_length: 1.2000000000000000
	number_of_patches: 3
	number_of_particles_per_compound: 1
	rod_length: 1.0000000000000000
	interaction_matrix:  1.000000 1.000000 1.000000 1.000000 1.000000 1.000000 1.000000 1.000000 1.000000
	patch_type: symmetric
	patch_width: 8.0000000000000000
	patch_angle: 0.0000000000000000
	angles:  0.000000 0.000000 0.000000
	grand_canonical: 1
	chemical_potential: -1.0000000000000000
box: 10.000000 10.000000
copy: 1.000000 1.000000
epsilon: 0.4167460000000000
end_epsilon: 0.0000000000000000
pressure: 1.0000000000000000
lambda: 0.0000000000000000
lambda_coupling: 1.0000000000000000
uy: 0.0000000000000000
maximum_displacement: 1.0000000000000000
maximum_rotation: 1.0000000000000000
maximum_volume: 0.0000001000000000
maximum_shape: 0.0000001000000000
maximum_dsigma: 0.0100000000000000
mod: 10
pmod: 10
optimize: 1
verbose: 1
snapshot: 0
display: 1
explore: 1
npt: 0
nptxy: 0
nptdxdy: 0
shape: 0
seed: 350713
9.846798130743 11.579468954620 0.866025403784 -0.500000000000
-4.257079005590 -1.363511280054 0.866025403784 -0.500000000000
12.071190371751 -1.234077984100 0.866025403784 0.500000000000
-9.399157376368 -54.262289642098 0.866025403784 -0.500000000000
8.182730998008 -6.557265733000 0.866025403784 0.500000000000
10.238853546966 10.217537872683 0.000000000000 1.000000000000
-7.384890682425 8.764933414919 0.000000000000 1.000000000000
0.520769702603 -1.196395221549 0.866025403784 0.500000000000
-2.973126455724 3.512690256024 0.866025403784 0.500000000000
-3.665389993654 7.780818920185 0.866025403784 -0.500000000000
15.347729255105 6.287007995443 0.866025403784 -0.500000000000
12.266166466938 10.694551573980 0.000000000000 1.000000000000
7.650386092267 -9.844754089959 0.000000000000 1.000000000000
-3.088527095398 -0.323970654189 0.866025403784 0.500000000000
4.463946499129 2.096239578980 0.000000000000 1.000000000000
4.865442989400 5.400346101220 0.866025403784 -0.500000000000
1.359321654688 10.810167649775 0.866025403784 -0.500000000000
5.615464479323 0.854514874317 0.866025403784 0.500000000000
