#Configurational_file created 2018-09-14 11:53:57  started 2018-09-14 11:53:56 run for 1.0s steps 0
name: gc_395
step: 10000
specie: 18
	particle_diameter: 1.0000000000000000
	interaction_length: 1.2000000000000000
	number_of_patches: 3
	number_of_particles_per_compound: 1
	rod_length: 1.0000000000000000
	interaction_matrix:  1.000000 1.000000 1.000000 1.000000 1.000000 1.000000 1.000000 1.000000 1.000000
	patch_type: symmetric
	patch_width: 8.0000000000000000
	patch_angle: 0.0000000000000000
	angles:  0.000000 0.000000 0.000000
	grand_canonical: 1
	chemical_potential: -0.5000000000000000
box: 10.000000 10.000000
copy: 1.000000 1.000000
epsilon: 0.0791670000000000
end_epsilon: 0.0000000000000000
pressure: 1.0000000000000000
lambda: 0.0000000000000000
lambda_coupling: 1.0000000000000000
uy: 0.0000000000000000
maximum_displacement: 1.0000000000000000
maximum_rotation: 1.0000000000000000
maximum_volume: 0.0000001000000000
maximum_shape: 0.0000001000000000
maximum_dsigma: 0.0100000000000000
mod: 10
pmod: 10
optimize: 1
verbose: 1
snapshot: 0
display: 1
explore: 1
npt: 0
nptxy: 0
nptdxdy: 0
shape: 0
seed: 451906
7.414645710621 0.989577549757 0.866025403784 -0.500000000000
11.223199379900 8.432107156610 0.866025403784 -0.500000000000
10.477633909529 8.246250498930 0.866025403784 0.500000000000
7.475851444541 7.920742457692 0.000000000000 1.000000000000
3.206700962560 -7.789882952147 0.000000000000 1.000000000000
8.703481279692 8.269845584263 0.866025403784 -0.500000000000
-12.336747895669 -7.500663306889 0.866025403784 0.500000000000
21.883743817331 -1.846562466789 0.866025403784 0.500000000000
8.915001251909 2.517645041014 0.866025403784 0.500000000000
6.528998452963 8.166541858208 0.866025403784 -0.500000000000
-14.694808611262 -7.481264638109 0.866025403784 -0.500000000000
-5.131629741032 -5.295432855955 0.000000000000 1.000000000000
6.078061489013 6.508847356650 0.866025403784 -0.500000000000
1.339533587218 6.525385180498 0.000000000000 1.000000000000
8.707577154126 -3.922547244500 0.866025403784 -0.500000000000
17.836906799211 19.413853409414 0.866025403784 0.500000000000
-2.873244326925 -5.155788512380 0.000000000000 1.000000000000
4.356245333728 0.852254700057 0.000000000000 1.000000000000
