#Configurational_file created 2018-09-14 11:25:19  started 2018-09-14 11:25:18 run for 1.0s steps 0
name: gc_325
step: 10000
specie: 18
	particle_diameter: 1.0000000000000000
	interaction_length: 1.2000000000000000
	number_of_patches: 3
	number_of_particles_per_compound: 1
	rod_length: 1.0000000000000000
	interaction_matrix:  1.000000 1.000000 1.000000 1.000000 1.000000 1.000000 1.000000 1.000000 1.000000
	patch_type: symmetric
	patch_width: 8.0000000000000000
	patch_angle: 0.0000000000000000
	angles:  0.000000 0.000000 0.000000
	grand_canonical: 1
	chemical_potential: -1.0000000000000000
box: 10.000000 10.000000
copy: 1.000000 1.000000
epsilon: 2.0000000000000000
end_epsilon: 0.0000000000000000
pressure: 1.0000000000000000
lambda: 0.0000000000000000
lambda_coupling: 1.0000000000000000
uy: 0.0000000000000000
maximum_displacement: 1.0000000000000000
maximum_rotation: 1.0000000000000000
maximum_volume: 0.0000001000000000
maximum_shape: 0.0000001000000000
maximum_dsigma: 0.0100000000000000
mod: 10
pmod: 10
optimize: 1
verbose: 1
snapshot: 0
display: 1
explore: 1
npt: 0
nptxy: 0
nptdxdy: 0
shape: 0
seed: 372316
19.273036781888 8.989681441847 0.866025403784 -0.500000000000
3.868026691267 2.220341134825 0.000000000000 1.000000000000
4.437513805332 5.363468399887 0.000000000000 1.000000000000
7.932095594311 -2.797527362584 0.000000000000 1.000000000000
3.764086872737 17.238656690738 0.866025403784 0.500000000000
7.030840395080 8.888933485193 0.000000000000 1.000000000000
-8.930491813735 -5.098906209331 0.000000000000 1.000000000000
13.984488856954 3.617657683070 0.000000000000 1.000000000000
11.316511175821 8.927707889444 0.866025403784 0.500000000000
33.033340270257 18.763519052313 0.866025403784 -0.500000000000
0.195067154391 8.046155779396 0.866025403784 -0.500000000000
-17.326820479954 14.007850489922 0.866025403784 0.500000000000
-1.696223668494 0.826143909329 0.000000000000 1.000000000000
12.448146995100 7.050260279264 0.866025403784 0.500000000000
8.503691275289 4.213404510354 0.866025403784 0.500000000000
1.412718868514 -0.150716692849 0.866025403784 -0.500000000000
7.817880701056 1.445764300311 0.866025403784 -0.500000000000
3.183882218270 5.220349517639 0.000000000000 1.000000000000
