#Configurational_file created 2018-09-14 11:25:03  started 2018-09-14 11:25:03 run for 0.0s steps 0
name: gc_305
step: 10000
specie: 16
	particle_diameter: 1.0000000000000000
	interaction_length: 1.2000000000000000
	number_of_patches: 3
	number_of_particles_per_compound: 1
	rod_length: 1.0000000000000000
	interaction_matrix:  1.000000 1.000000 1.000000 1.000000 1.000000 1.000000 1.000000 1.000000 1.000000
	patch_type: symmetric
	patch_width: 8.0000000000000000
	patch_angle: 0.0000000000000000
	angles:  0.000000 0.000000 0.000000
	grand_canonical: 1
	chemical_potential: -1.0000000000000000
box: 10.000000 10.000000
copy: 1.000000 1.000000
epsilon: 0.3334170000000000
end_epsilon: 0.0000000000000000
pressure: 1.0000000000000000
lambda: 0.0000000000000000
lambda_coupling: 1.0000000000000000
uy: 0.0000000000000000
maximum_displacement: 1.0000000000000000
maximum_rotation: 1.0000000000000000
maximum_volume: 0.0000001000000000
maximum_shape: 0.0000001000000000
maximum_dsigma: 0.0100000000000000
mod: 10
pmod: 10
optimize: 1
verbose: 1
snapshot: 0
display: 1
explore: 1
npt: 0
nptxy: 0
nptdxdy: 0
shape: 0
seed: 349576
7.323428774990 12.581281308763 0.866025403784 0.500000000000
13.202205301502 -9.588161060338 0.866025403784 -0.500000000000
8.298316875765 5.292922837306 0.866025403784 0.500000000000
-7.461609736237 -2.171212890135 0.866025403784 -0.500000000000
-8.927881241420 4.598483582327 0.866025403784 0.500000000000
2.589808322348 9.936602737513 0.000000000000 1.000000000000
11.224683124729 38.820886511224 0.866025403784 0.500000000000
0.410797594377 6.441648314927 0.000000000000 1.000000000000
0.309508367372 11.705359924042 0.866025403784 -0.500000000000
-0.642685358913 -4.296135470669 0.866025403784 -0.500000000000
6.536499299336 -5.526186940760 0.866025403784 -0.500000000000
9.107273364125 10.187037579762 0.866025403784 -0.500000000000
6.335661466962 2.387596911009 0.866025403784 -0.500000000000
7.322102081018 9.096918936015 0.000000000000 1.000000000000
4.369999815523 0.681256423376 0.866025403784 0.500000000000
9.737928544002 4.849391978775 0.866025403784 0.500000000000
