#Configurational_file created 2018-09-14 11:53:05  started 2018-09-14 11:53:04 run for 1.0s steps 0
name: gc_332
step: 10000
specie: 15
	particle_diameter: 1.0000000000000000
	interaction_length: 1.2000000000000000
	number_of_patches: 3
	number_of_particles_per_compound: 1
	rod_length: 1.0000000000000000
	interaction_matrix:  1.000000 1.000000 1.000000 1.000000 1.000000 1.000000 1.000000 1.000000 1.000000
	patch_type: symmetric
	patch_width: 8.0000000000000000
	patch_angle: 0.0000000000000000
	angles:  0.000000 0.000000 0.000000
	grand_canonical: 1
	chemical_potential: -0.8333330000000000
box: 10.000000 10.000000
copy: 1.000000 1.000000
epsilon: 0.0250010000000000
end_epsilon: 0.0000000000000000
pressure: 1.0000000000000000
lambda: 0.0000000000000000
lambda_coupling: 1.0000000000000000
uy: 0.0000000000000000
maximum_displacement: 1.0000000000000000
maximum_rotation: 1.0000000000000000
maximum_volume: 0.0000001000000000
maximum_shape: 0.0000001000000000
maximum_dsigma: 0.0100000000000000
mod: 10
pmod: 10
optimize: 1
verbose: 1
snapshot: 0
display: 1
explore: 1
npt: 0
nptxy: 0
nptdxdy: 0
shape: 0
seed: 380275
8.164280218235 12.224088150706 0.000000000000 1.000000000000
14.293965787538 1.208062012425 0.866025403784 -0.500000000000
24.793393866588 -10.586229604200 0.866025403784 -0.500000000000
0.903423463914 8.992767692168 0.000000000000 1.000000000000
12.871324994165 -5.983874551651 0.866025403784 0.500000000000
-0.833188727972 -4.591358545465 0.866025403784 -0.500000000000
4.204932491478 5.416640071558 0.866025403784 -0.500000000000
10.025367643204 7.226913786910 0.866025403784 0.500000000000
-1.474444440162 8.533162476345 0.000000000000 1.000000000000
4.820881678614 2.148197033152 0.866025403784 -0.500000000000
6.504951561310 5.134930653619 0.866025403784 0.500000000000
6.154521648458 12.449582808539 0.000000000000 1.000000000000
5.412429775049 -2.946643284170 0.866025403784 0.500000000000
13.829093463620 -0.735820172177 0.000000000000 1.000000000000
2.347090441801 5.524137908563 0.000000000000 1.000000000000
