#Configurational_file created 2018-09-14 11:53:03  started 2018-09-14 11:53:03 run for 0.0s steps 0
name: gc_330
step: 10000
specie: 17
	particle_diameter: 1.0000000000000000
	interaction_length: 1.2000000000000000
	number_of_patches: 3
	number_of_particles_per_compound: 1
	rod_length: 1.0000000000000000
	interaction_matrix:  1.000000 1.000000 1.000000 1.000000 1.000000 1.000000 1.000000 1.000000 1.000000
	patch_type: symmetric
	patch_width: 8.0000000000000000
	patch_angle: 0.0000000000000000
	angles:  0.000000 0.000000 0.000000
	grand_canonical: 1
	chemical_potential: -0.8333330000000000
box: 10.000000 10.000000
copy: 1.000000 1.000000
epsilon: 0.0166680000000000
end_epsilon: 0.0000000000000000
pressure: 1.0000000000000000
lambda: 0.0000000000000000
lambda_coupling: 1.0000000000000000
uy: 0.0000000000000000
maximum_displacement: 1.0000000000000000
maximum_rotation: 1.0000000000000000
maximum_volume: 0.0000001000000000
maximum_shape: 0.0000001000000000
maximum_dsigma: 0.0100000000000000
mod: 10
pmod: 10
optimize: 1
verbose: 1
snapshot: 0
display: 1
explore: 1
npt: 0
nptxy: 0
nptdxdy: 0
shape: 0
seed: 378001
0.926820047245 5.973399160430 0.866025403784 -0.500000000000
7.801816520667 10.281500973865 0.866025403784 -0.500000000000
-2.627988623217 8.537343108477 0.866025403784 -0.500000000000
1.623722580611 11.141658632677 0.866025403784 0.500000000000
5.901657704813 0.312061844624 0.866025403784 -0.500000000000
-6.009517975137 14.337977199895 0.866025403784 -0.500000000000
8.342515888745 4.801225528727 0.000000000000 1.000000000000
10.807034012979 9.802301345952 0.000000000000 1.000000000000
10.675595344656 7.713289559385 0.000000000000 1.000000000000
-4.059327363177 4.853805170204 0.866025403784 -0.500000000000
18.667266341834 -21.320074201975 0.866025403784 -0.500000000000
21.713445991634 12.728834643343 0.866025403784 -0.500000000000
3.850775519281 -1.969615214790 0.866025403784 0.500000000000
12.521550403245 7.082710814302 0.000000000000 1.000000000000
-2.437093626911 1.333222090607 0.866025403784 -0.500000000000
8.298169809292 6.878010507862 0.000000000000 1.000000000000
2.281138379288 4.313964816068 0.866025403784 0.500000000000
