#Configurational_file created 2018-09-14 13:48:08  started 2018-09-14 13:48:08 run for 0.0s steps 0
name: gc_300
step: 10000
specie: 10
	particle_diameter: 1.0000000000000000
	interaction_length: 1.2000000000000000
	number_of_patches: 3
	number_of_particles_per_compound: 1
	rod_length: 1.0000000000000000
	interaction_matrix:  1.000000 1.000000 1.000000 1.000000 1.000000 1.000000 1.000000 1.000000 1.000000
	patch_type: symmetric
	patch_width: 8.0000000000000000
	patch_angle: 0.0000000000000000
	angles:  0.000000 0.000000 0.000000
	grand_canonical: 1
	chemical_potential: -1.7586210000000000
box: 10.000000 10.000000
copy: 1.000000 1.000000
epsilon: 0.5000000000000000
end_epsilon: 0.0000000000000000
pressure: 1.0000000000000000
lambda: 0.0000000000000000
lambda_coupling: 1.0000000000000000
uy: 0.0000000000000000
maximum_displacement: 1.0000000000000000
maximum_rotation: 1.0000000000000000
maximum_volume: 0.0000001000000000
maximum_shape: 0.0000001000000000
maximum_dsigma: 0.0100000000000000
mod: 10
pmod: 10
optimize: 1
verbose: 1
snapshot: 0
display: 1
explore: 1
npt: 0
nptxy: 0
nptdxdy: 0
shape: 0
seed: 343891
-1.413999787532 3.545683499954 0.866025403784 -0.500000000000
8.010080521173 8.039053229317 0.000000000000 1.000000000000
6.119055067832 -3.069736516518 0.866025403784 0.500000000000
2.543106724446 -5.047192936996 0.000000000000 1.000000000000
29.545294623929 5.532064239911 0.000000000000 1.000000000000
2.762157053555 5.747091214493 0.866025403784 0.500000000000
4.157970144420 0.836834592638 0.000000000000 1.000000000000
0.227746495064 -0.611801572519 0.000000000000 1.000000000000
4.796617501573 9.836479760518 0.000000000000 1.000000000000
2.135308994253 -3.840144132018 0.866025403784 -0.500000000000
