#Configurational_file created 2018-09-14 13:48:17  started 2018-09-14 13:48:16 run for 1.0s steps 0
name: gc_312
step: 10000
specie: 12
	particle_diameter: 1.0000000000000000
	interaction_length: 1.2000000000000000
	number_of_patches: 3
	number_of_particles_per_compound: 1
	rod_length: 1.0000000000000000
	interaction_matrix:  1.000000 1.000000 1.000000 1.000000 1.000000 1.000000 1.000000 1.000000 1.000000
	patch_type: symmetric
	patch_width: 8.0000000000000000
	patch_angle: 0.0000000000000000
	angles:  0.000000 0.000000 0.000000
	grand_canonical: 1
	chemical_potential: -1.6206900000000000
box: 10.000000 10.000000
copy: 1.000000 1.000000
epsilon: 0.1896560000000000
end_epsilon: 0.0000000000000000
pressure: 1.0000000000000000
lambda: 0.0000000000000000
lambda_coupling: 1.0000000000000000
uy: 0.0000000000000000
maximum_displacement: 1.0000000000000000
maximum_rotation: 1.0000000000000000
maximum_volume: 0.0000001000000000
maximum_shape: 0.0000001000000000
maximum_dsigma: 0.0100000000000000
mod: 10
pmod: 10
optimize: 1
verbose: 1
snapshot: 0
display: 1
explore: 1
npt: 0
nptxy: 0
nptdxdy: 0
shape: 0
seed: 357535
4.851548645121 3.923926049903 0.866025403784 -0.500000000000
-7.822491676589 7.872704779486 0.866025403784 0.500000000000
-3.613042961613 8.495338410364 0.866025403784 -0.500000000000
28.020831482991 6.289793148781 0.866025403784 0.500000000000
1.976836194843 0.251573647330 0.866025403784 0.500000000000
15.001969358605 5.604874388748 0.000000000000 1.000000000000
-11.218324195764 13.931306638563 0.000000000000 1.000000000000
4.488420348792 3.358202555229 0.000000000000 1.000000000000
7.010112193722 -5.863606607170 0.866025403784 -0.500000000000
9.399324629281 -1.051814864488 0.866025403784 -0.500000000000
10.611929936043 6.254791253392 0.866025403784 -0.500000000000
4.274335787257 5.213141832536 0.866025403784 -0.500000000000
