#Configurational_file created 2018-09-14 11:53:42  started 2018-09-14 11:53:41 run for 1.0s steps 0
name: gc_377
step: 10000
specie: 18
	particle_diameter: 1.0000000000000000
	interaction_length: 1.2000000000000000
	number_of_patches: 3
	number_of_particles_per_compound: 1
	rod_length: 1.0000000000000000
	interaction_matrix:  1.000000 1.000000 1.000000 1.000000 1.000000 1.000000 1.000000 1.000000 1.000000
	patch_type: symmetric
	patch_width: 8.0000000000000000
	patch_angle: 0.0000000000000000
	angles:  0.000000 0.000000 0.000000
	grand_canonical: 1
	chemical_potential: -0.5000000000000000
box: 10.000000 10.000000
copy: 1.000000 1.000000
epsilon: 0.0041680000000000
end_epsilon: 0.0000000000000000
pressure: 1.0000000000000000
lambda: 0.0000000000000000
lambda_coupling: 1.0000000000000000
uy: 0.0000000000000000
maximum_displacement: 1.0000000000000000
maximum_rotation: 1.0000000000000000
maximum_volume: 0.0000001000000000
maximum_shape: 0.0000001000000000
maximum_dsigma: 0.0100000000000000
mod: 10
pmod: 10
optimize: 1
verbose: 1
snapshot: 0
display: 1
explore: 1
npt: 0
nptxy: 0
nptdxdy: 0
shape: 0
seed: 431440
-1.571560506077 -3.233843799927 0.000000000000 1.000000000000
9.318827953056 1.436484847574 0.866025403784 -0.500000000000
-5.599421029648 4.170137824247 0.866025403784 -0.500000000000
11.505656137174 2.221155233748 0.866025403784 -0.500000000000
4.681069846036 23.073486419944 0.866025403784 -0.500000000000
1.587781163174 4.368094101859 0.866025403784 -0.500000000000
-6.013634484852 8.416756302258 0.866025403784 0.500000000000
21.115023375989 17.271550846280 0.866025403784 -0.500000000000
5.740795477217 -1.825847784146 0.866025403784 -0.500000000000
-2.654353931292 -4.457183879010 0.866025403784 -0.500000000000
16.407947602280 16.648374987052 0.866025403784 0.500000000000
-2.671907849481 13.763254192894 0.000000000000 1.000000000000
2.851530116705 7.809211473171 0.866025403784 -0.500000000000
28.716634808889 29.245040233019 0.866025403784 0.500000000000
9.952187967486 0.365290051493 0.866025403784 -0.500000000000
2.344905816467 12.949370282250 0.866025403784 -0.500000000000
-12.276813665410 9.777267987655 0.866025403784 -0.500000000000
0.676803240566 5.551641664121 0.866025403784 0.500000000000
