#Configurational_file created 2018-09-14 13:49:04  started 2018-09-14 13:49:03 run for 1.0s steps 0
name: gc_379
step: 10000
specie: 14
	particle_diameter: 1.0000000000000000
	interaction_length: 1.2000000000000000
	number_of_patches: 3
	number_of_particles_per_compound: 1
	rod_length: 1.0000000000000000
	interaction_matrix:  1.000000 1.000000 1.000000 1.000000 1.000000 1.000000 1.000000 1.000000 1.000000
	patch_type: symmetric
	patch_width: 8.0000000000000000
	patch_angle: 0.0000000000000000
	angles:  0.000000 0.000000 0.000000
	grand_canonical: 1
	chemical_potential: -1.3448279999999999
box: 10.000000 10.000000
copy: 1.000000 1.000000
epsilon: 0.3103450000000000
end_epsilon: 0.0000000000000000
pressure: 1.0000000000000000
lambda: 0.0000000000000000
lambda_coupling: 1.0000000000000000
uy: 0.0000000000000000
maximum_displacement: 1.0000000000000000
maximum_rotation: 1.0000000000000000
maximum_volume: 0.0000001000000000
maximum_shape: 0.0000001000000000
maximum_dsigma: 0.0100000000000000
mod: 10
pmod: 10
optimize: 1
verbose: 1
snapshot: 0
display: 1
explore: 1
npt: 0
nptxy: 0
nptdxdy: 0
shape: 0
seed: 433714
-0.498027176013 3.467979175207 0.000000000000 1.000000000000
3.059450878071 13.923664398275 0.000000000000 1.000000000000
-7.921697582183 -0.112789224425 0.866025403784 -0.500000000000
-4.373507112898 3.735157926437 0.866025403784 -0.500000000000
-4.257771441380 6.734932808615 0.866025403784 0.500000000000
-10.788193724144 9.279729416132 0.866025403784 0.500000000000
14.405100259750 10.194057616766 0.866025403784 0.500000000000
2.262862790392 7.237871282043 0.866025403784 -0.500000000000
-32.518182941899 -5.149802897848 0.000000000000 1.000000000000
9.411937606654 7.148137403415 0.000000000000 1.000000000000
1.040492172484 9.462627637617 0.866025403784 0.500000000000
-3.471047582987 9.768479938030 0.866025403784 0.500000000000
15.655139511714 1.795895722095 0.866025403784 0.500000000000
8.988899263492 15.129914481883 0.000000000000 1.000000000000
