#Configurational_file created 2018-09-14 11:52:55  started 2018-09-14 11:52:54 run for 1.0s steps 0
name: gc_319
step: 10000
specie: 17
	particle_diameter: 1.0000000000000000
	interaction_length: 1.2000000000000000
	number_of_patches: 3
	number_of_particles_per_compound: 1
	rod_length: 1.0000000000000000
	interaction_matrix:  1.000000 1.000000 1.000000 1.000000 1.000000 1.000000 1.000000 1.000000 1.000000
	patch_type: symmetric
	patch_width: 8.0000000000000000
	patch_angle: 0.0000000000000000
	angles:  0.000000 0.000000 0.000000
	grand_canonical: 1
	chemical_potential: -1.0000000000000000
box: 10.000000 10.000000
copy: 1.000000 1.000000
epsilon: 0.0750000000000000
end_epsilon: 0.0000000000000000
pressure: 1.0000000000000000
lambda: 0.0000000000000000
lambda_coupling: 1.0000000000000000
uy: 0.0000000000000000
maximum_displacement: 1.0000000000000000
maximum_rotation: 1.0000000000000000
maximum_volume: 0.0000001000000000
maximum_shape: 0.0000001000000000
maximum_dsigma: 0.0100000000000000
mod: 10
pmod: 10
optimize: 1
verbose: 1
snapshot: 0
display: 1
explore: 1
npt: 0
nptxy: 0
nptdxdy: 0
shape: 0
seed: 365494
9.711249230896 9.853574040570 0.000000000000 1.000000000000
-2.741769383024 11.615987946264 0.866025403784 0.500000000000
8.190701841701 2.388199428479 0.000000000000 1.000000000000
2.902186318105 -12.936329565289 0.866025403784 -0.500000000000
-18.291961607336 -4.173335453467 0.000000000000 1.000000000000
4.472955738424 4.579659442074 0.866025403784 -0.500000000000
-2.214710355213 13.381119402256 0.866025403784 0.500000000000
12.879485001313 3.423722535901 0.866025403784 0.500000000000
6.605815139666 -22.605312084814 0.866025403784 -0.500000000000
-4.165344465605 11.912489940471 0.866025403784 0.500000000000
3.796082935621 3.621113591799 0.866025403784 -0.500000000000
0.433181998165 7.702110296474 0.000000000000 1.000000000000
21.188600727387 25.946843892275 0.866025403784 0.500000000000
11.318318091618 9.518357837762 0.000000000000 1.000000000000
5.960458802870 4.289061593903 0.866025403784 0.500000000000
-4.624272988759 3.364247431063 0.000000000000 1.000000000000
9.130618773334 -3.019667766038 0.866025403784 0.500000000000
