#Configurational_file created 2018-09-14 11:53:03  started 2018-09-14 11:53:02 run for 1.0s steps 0
name: gc_329
step: 10000
specie: 20
	particle_diameter: 1.0000000000000000
	interaction_length: 1.2000000000000000
	number_of_patches: 3
	number_of_particles_per_compound: 1
	rod_length: 1.0000000000000000
	interaction_matrix:  1.000000 1.000000 1.000000 1.000000 1.000000 1.000000 1.000000 1.000000 1.000000
	patch_type: symmetric
	patch_width: 8.0000000000000000
	patch_angle: 0.0000000000000000
	angles:  0.000000 0.000000 0.000000
	grand_canonical: 1
	chemical_potential: -0.8333330000000000
box: 10.000000 10.000000
copy: 1.000000 1.000000
epsilon: 0.0125010000000000
end_epsilon: 0.0000000000000000
pressure: 1.0000000000000000
lambda: 0.0000000000000000
lambda_coupling: 1.0000000000000000
uy: 0.0000000000000000
maximum_displacement: 1.0000000000000000
maximum_rotation: 1.0000000000000000
maximum_volume: 0.0000001000000000
maximum_shape: 0.0000001000000000
maximum_dsigma: 0.0100000000000000
mod: 10
pmod: 10
optimize: 1
verbose: 1
snapshot: 0
display: 1
explore: 1
npt: 0
nptxy: 0
nptdxdy: 0
shape: 0
seed: 376864
4.477767772625 6.323970106197 0.866025403784 0.500000000000
-2.845794268926 -4.790413406801 0.000000000000 1.000000000000
-3.735704235854 9.728581211951 0.866025403784 -0.500000000000
-7.054449637843 -1.879140642148 0.000000000000 1.000000000000
8.475626432477 7.133184543826 0.866025403784 0.500000000000
4.935784117026 8.254079875907 0.866025403784 0.500000000000
11.633440345371 7.743777968046 0.000000000000 1.000000000000
-0.081382035758 11.233642387577 0.866025403784 -0.500000000000
9.654618927149 2.790243727172 0.866025403784 0.500000000000
3.242016401779 3.449208028380 0.000000000000 1.000000000000
10.687620004155 14.760885812620 0.866025403784 -0.500000000000
18.115694666859 2.761731417389 0.866025403784 -0.500000000000
-5.506857204876 13.905613527793 0.000000000000 1.000000000000
29.322922593211 -9.139567670150 0.866025403784 0.500000000000
7.910499531047 9.931674241602 0.866025403784 0.500000000000
6.235640273856 5.700279936341 0.866025403784 0.500000000000
12.861921142276 11.045933812659 0.866025403784 -0.500000000000
5.782658263912 4.796063509195 0.000000000000 1.000000000000
3.344465785440 10.493660316307 0.000000000000 1.000000000000
6.474111850369 8.598441448829 0.000000000000 1.000000000000
