#Configurational_file created 2018-09-14 11:25:10  started 2018-09-14 11:25:10 run for 0.0s steps 0
name: gc_314
step: 10000
specie: 20
	particle_diameter: 1.0000000000000000
	interaction_length: 1.2000000000000000
	number_of_patches: 3
	number_of_particles_per_compound: 1
	rod_length: 1.0000000000000000
	interaction_matrix:  1.000000 1.000000 1.000000 1.000000 1.000000 1.000000 1.000000 1.000000 1.000000
	patch_type: symmetric
	patch_width: 8.0000000000000000
	patch_angle: 0.0000000000000000
	angles:  0.000000 0.000000 0.000000
	grand_canonical: 1
	chemical_potential: -1.0000000000000000
box: 10.000000 10.000000
copy: 1.000000 1.000000
epsilon: 1.0833790000000001
end_epsilon: 0.0000000000000000
pressure: 1.0000000000000000
lambda: 0.0000000000000000
lambda_coupling: 1.0000000000000000
uy: 0.0000000000000000
maximum_displacement: 1.0000000000000000
maximum_rotation: 1.0000000000000000
maximum_volume: 0.0000001000000000
maximum_shape: 0.0000001000000000
maximum_dsigma: 0.0100000000000000
mod: 10
pmod: 10
optimize: 1
verbose: 1
snapshot: 0
display: 1
explore: 1
npt: 0
nptxy: 0
nptdxdy: 0
shape: 0
seed: 359809
6.568351889995 12.193941157331 0.866025403784 0.500000000000
-2.594688823283 -11.646152018666 0.866025403784 -0.500000000000
-4.806018715929 3.750595181471 0.866025403784 -0.500000000000
3.534605029915 -1.163774329574 0.866025403784 0.500000000000
2.073319723031 -0.889638357241 0.000000000000 1.000000000000
18.142825452074 -0.276807299426 0.866025403784 0.500000000000
9.361184706266 2.046199790874 0.000000000000 1.000000000000
-0.097334715885 6.050963581864 0.000000000000 1.000000000000
-10.556572254273 9.407814174350 0.866025403784 0.500000000000
-3.001059534046 -9.249723129800 0.866025403784 -0.500000000000
-0.957776756350 10.788883144502 0.866025403784 0.500000000000
16.929970593652 -15.209553789144 0.866025403784 0.500000000000
15.621433647437 8.520640301424 0.866025403784 -0.500000000000
0.519630183306 8.059305980565 0.866025403784 -0.500000000000
14.850374666965 -19.231175333189 0.866025403784 0.500000000000
3.181852386725 5.217823954735 0.866025403784 -0.500000000000
4.881726166711 7.569516337129 0.000000000000 1.000000000000
11.688605355851 3.444380160326 0.866025403784 0.500000000000
7.729434939777 5.830630695673 0.000000000000 1.000000000000
3.018849174915 7.580124815588 0.000000000000 1.000000000000
