#Configurational_file created 2018-09-14 13:48:28  started 2018-09-14 13:48:27 run for 1.0s steps 0
name: gc_328
step: 10000
specie: 14
	particle_diameter: 1.0000000000000000
	interaction_length: 1.2000000000000000
	number_of_patches: 3
	number_of_particles_per_compound: 1
	rod_length: 1.0000000000000000
	interaction_matrix:  1.000000 1.000000 1.000000 1.000000 1.000000 1.000000 1.000000 1.000000 1.000000
	patch_type: symmetric
	patch_width: 8.0000000000000000
	patch_angle: 0.0000000000000000
	angles:  0.000000 0.000000 0.000000
	grand_canonical: 1
	chemical_potential: -1.6206900000000000
box: 10.000000 10.000000
copy: 1.000000 1.000000
epsilon: 0.4655170000000000
end_epsilon: 0.0000000000000000
pressure: 1.0000000000000000
lambda: 0.0000000000000000
lambda_coupling: 1.0000000000000000
uy: 0.0000000000000000
maximum_displacement: 1.0000000000000000
maximum_rotation: 1.0000000000000000
maximum_volume: 0.0000001000000000
maximum_shape: 0.0000001000000000
maximum_dsigma: 0.0100000000000000
mod: 10
pmod: 10
optimize: 1
verbose: 1
snapshot: 0
display: 1
explore: 1
npt: 0
nptxy: 0
nptdxdy: 0
shape: 0
seed: 375727
5.669914896956 12.125238048156 0.866025403784 -0.500000000000
5.528789734403 9.471246552781 0.866025403784 0.500000000000
12.038064854066 8.798617964553 0.000000000000 1.000000000000
8.258458535792 13.197426251534 0.866025403784 -0.500000000000
5.589446471003 7.388056903519 0.866025403784 -0.500000000000
6.787510751755 4.529790337597 0.866025403784 0.500000000000
-8.966752782570 12.048729703054 0.000000000000 1.000000000000
4.683565674632 4.563149805334 0.866025403784 0.500000000000
13.753697431691 2.643287022121 0.866025403784 -0.500000000000
-0.771162376575 4.815518772305 0.866025403784 -0.500000000000
11.060260590204 -4.518064523976 0.866025403784 -0.500000000000
1.417468134777 2.816347379796 0.866025403784 -0.500000000000
4.697681945651 10.108684434718 0.866025403784 0.500000000000
-0.260012243981 3.982848087236 0.866025403784 0.500000000000
