#Configurational_file created 2018-09-14 13:48:33  started 2018-09-14 13:48:32 run for 1.0s steps 0
name: gc_335
step: 10000
specie: 19
	particle_diameter: 1.0000000000000000
	interaction_length: 1.2000000000000000
	number_of_patches: 3
	number_of_particles_per_compound: 1
	rod_length: 1.0000000000000000
	interaction_matrix:  1.000000 1.000000 1.000000 1.000000 1.000000 1.000000 1.000000 1.000000 1.000000
	patch_type: symmetric
	patch_width: 8.0000000000000000
	patch_angle: 0.0000000000000000
	angles:  0.000000 0.000000 0.000000
	grand_canonical: 1
	chemical_potential: -1.4827589999999999
box: 10.000000 10.000000
copy: 1.000000 1.000000
epsilon: 0.0689660000000000
end_epsilon: 0.0000000000000000
pressure: 1.0000000000000000
lambda: 0.0000000000000000
lambda_coupling: 1.0000000000000000
uy: 0.0000000000000000
maximum_displacement: 1.0000000000000000
maximum_rotation: 1.0000000000000000
maximum_volume: 0.0000001000000000
maximum_shape: 0.0000001000000000
maximum_dsigma: 0.0100000000000000
mod: 10
pmod: 10
optimize: 1
verbose: 1
snapshot: 0
display: 1
explore: 1
npt: 0
nptxy: 0
nptdxdy: 0
shape: 0
seed: 383686
14.451967400838 7.746779279835 0.866025403784 -0.500000000000
-7.477445350247 16.751301287063 0.000000000000 1.000000000000
17.587104356510 -0.153382850400 0.866025403784 0.500000000000
23.514739978436 12.259147349285 0.866025403784 -0.500000000000
4.553682467159 5.128315669565 0.866025403784 0.500000000000
6.544486793542 1.465654107000 0.866025403784 0.500000000000
15.514371281419 0.287110922720 0.000000000000 1.000000000000
4.092028153223 10.506532968842 0.866025403784 0.500000000000
6.703177773870 15.758558853819 0.000000000000 1.000000000000
10.215139389646 -0.261141110931 0.866025403784 0.500000000000
0.480442362823 1.695118035484 0.000000000000 1.000000000000
-5.558883465355 3.276877360844 0.866025403784 0.500000000000
11.286776556706 18.325747233218 0.866025403784 0.500000000000
-0.182109944561 2.494063802793 0.866025403784 0.500000000000
-0.155942178069 6.264402727561 0.866025403784 0.500000000000
8.668501289843 10.008348243759 0.866025403784 -0.500000000000
1.876308125584 3.403117270653 0.000000000000 1.000000000000
2.200482798921 5.638639044835 0.000000000000 1.000000000000
10.450682862207 4.326048145070 0.866025403784 0.500000000000
