#Configurational_file created 2018-09-14 13:49:07  started 2018-09-14 13:49:06 run for 1.0s steps 0
name: gc_383
step: 10000
specie: 22
	particle_diameter: 1.0000000000000000
	interaction_length: 1.2000000000000000
	number_of_patches: 3
	number_of_particles_per_compound: 1
	rod_length: 1.0000000000000000
	interaction_matrix:  1.000000 1.000000 1.000000 1.000000 1.000000 1.000000 1.000000 1.000000 1.000000
	patch_type: symmetric
	patch_width: 8.0000000000000000
	patch_angle: 0.0000000000000000
	angles:  0.000000 0.000000 0.000000
	grand_canonical: 1
	chemical_potential: -1.3448279999999999
box: 10.000000 10.000000
copy: 1.000000 1.000000
epsilon: 0.3793110000000000
end_epsilon: 0.0000000000000000
pressure: 1.0000000000000000
lambda: 0.0000000000000000
lambda_coupling: 1.0000000000000000
uy: 0.0000000000000000
maximum_displacement: 1.0000000000000000
maximum_rotation: 1.0000000000000000
maximum_volume: 0.0000001000000000
maximum_shape: 0.0000001000000000
maximum_dsigma: 0.0100000000000000
mod: 10
pmod: 10
optimize: 1
verbose: 1
snapshot: 0
display: 1
explore: 1
npt: 0
nptxy: 0
nptdxdy: 0
shape: 0
seed: 438262
11.115542621878 0.409842625550 0.866025403784 -0.500000000000
13.901179836684 -4.012371030753 0.866025403784 0.500000000000
7.312849536431 6.090747443468 0.000000000000 1.000000000000
-0.678378374137 3.868954365798 0.866025403784 -0.500000000000
3.333652610467 4.345225618289 0.866025403784 0.500000000000
8.724410073772 6.009402718024 0.000000000000 1.000000000000
8.503484096274 9.220186053390 0.866025403784 0.500000000000
6.818525328501 -6.323633370113 0.000000000000 1.000000000000
9.190798510239 1.362387182240 0.000000000000 1.000000000000
13.439659988234 -8.832481170951 0.000000000000 1.000000000000
12.162175818392 18.709172047588 0.000000000000 1.000000000000
-3.205661472309 -1.909371217620 0.866025403784 -0.500000000000
-2.707158950853 6.895809665595 0.866025403784 -0.500000000000
1.435680018517 4.314048133642 0.866025403784 -0.500000000000
-6.084708933617 -0.263273663912 0.000000000000 1.000000000000
8.630156098723 2.908528952036 0.866025403784 -0.500000000000
10.584752576879 -12.410828301109 0.866025403784 0.500000000000
7.005872136018 14.745931768637 0.000000000000 1.000000000000
5.793997921104 11.757349569345 0.866025403784 0.500000000000
2.442143026221 1.166964014518 0.866025403784 0.500000000000
4.239298885509 7.155621452360 0.866025403784 -0.500000000000
6.927829282054 11.534317824902 0.866025403784 -0.500000000000
