#Configurational_file created 2018-09-14 13:48:19  started 2018-09-14 13:48:18 run for 1.0s steps 0
name: gc_315
step: 10000
specie: 11
	particle_diameter: 1.0000000000000000
	interaction_length: 1.2000000000000000
	number_of_patches: 3
	number_of_particles_per_compound: 1
	rod_length: 1.0000000000000000
	interaction_matrix:  1.000000 1.000000 1.000000 1.000000 1.000000 1.000000 1.000000 1.000000 1.000000
	patch_type: symmetric
	patch_width: 8.0000000000000000
	patch_angle: 0.0000000000000000
	angles:  0.000000 0.000000 0.000000
	grand_canonical: 1
	chemical_potential: -1.6206900000000000
box: 10.000000 10.000000
copy: 1.000000 1.000000
epsilon: 0.2413800000000000
end_epsilon: 0.0000000000000000
pressure: 1.0000000000000000
lambda: 0.0000000000000000
lambda_coupling: 1.0000000000000000
uy: 0.0000000000000000
maximum_displacement: 1.0000000000000000
maximum_rotation: 1.0000000000000000
maximum_volume: 0.0000001000000000
maximum_shape: 0.0000001000000000
maximum_dsigma: 0.0100000000000000
mod: 10
pmod: 10
optimize: 1
verbose: 1
snapshot: 0
display: 1
explore: 1
npt: 0
nptxy: 0
nptdxdy: 0
shape: 0
seed: 360946
22.459786761895 20.474187979774 0.866025403784 -0.500000000000
21.960157981503 -12.346163700875 0.000000000000 1.000000000000
-1.911293173366 -4.591328509314 0.866025403784 0.500000000000
5.663024610489 -0.771482962765 0.866025403784 -0.500000000000
9.069654586586 9.455704359604 0.866025403784 -0.500000000000
7.455021478418 18.301983112811 0.866025403784 -0.500000000000
10.180028162734 1.925637008450 0.866025403784 0.500000000000
2.772200963181 8.706124192383 0.866025403784 0.500000000000
-1.258500767081 -8.575343816912 0.866025403784 -0.500000000000
7.395206382350 5.837096031178 0.866025403784 -0.500000000000
3.844941111451 9.392640376822 0.000000000000 1.000000000000
