#Configurational_file created 2018-09-14 11:53:25  started 2018-09-14 11:53:24 run for 1.0s steps 0
name: gc_357
step: 10000
specie: 21
	particle_diameter: 1.0000000000000000
	interaction_length: 1.2000000000000000
	number_of_patches: 3
	number_of_particles_per_compound: 1
	rod_length: 1.0000000000000000
	interaction_matrix:  1.000000 1.000000 1.000000 1.000000 1.000000 1.000000 1.000000 1.000000 1.000000
	patch_type: symmetric
	patch_width: 8.0000000000000000
	patch_angle: 0.0000000000000000
	angles:  0.000000 0.000000 0.000000
	grand_canonical: 1
	chemical_potential: -0.6666670000000000
box: 10.000000 10.000000
copy: 1.000000 1.000000
epsilon: 0.0250010000000000
end_epsilon: 0.0000000000000000
pressure: 1.0000000000000000
lambda: 0.0000000000000000
lambda_coupling: 1.0000000000000000
uy: 0.0000000000000000
maximum_displacement: 1.0000000000000000
maximum_rotation: 1.0000000000000000
maximum_volume: 0.0000001000000000
maximum_shape: 0.0000001000000000
maximum_dsigma: 0.0100000000000000
mod: 10
pmod: 10
optimize: 1
verbose: 1
snapshot: 0
display: 1
explore: 1
npt: 0
nptxy: 0
nptdxdy: 0
shape: 0
seed: 408700
5.386415107049 6.388682642139 0.866025403784 -0.500000000000
-0.546773369130 11.515829102904 0.000000000000 1.000000000000
-1.520833659939 14.003710927420 0.866025403784 0.500000000000
-2.086069099356 5.788539635283 0.866025403784 -0.500000000000
9.353353325804 7.559088515227 0.000000000000 1.000000000000
27.380745381384 22.308231681769 0.866025403784 0.500000000000
3.270537727097 8.187345969686 0.000000000000 1.000000000000
-2.684589176442 4.687841238353 0.866025403784 0.500000000000
4.273250397959 -4.229971131200 0.866025403784 0.500000000000
6.817116811953 9.778328552970 0.000000000000 1.000000000000
22.369144529637 3.745400300180 0.866025403784 0.500000000000
3.994795806869 -3.525327268755 0.866025403784 -0.500000000000
2.757090514988 15.250886322531 0.866025403784 -0.500000000000
4.202253727779 0.534919343392 0.866025403784 -0.500000000000
-5.192574959273 10.836727316988 0.000000000000 1.000000000000
13.718901465552 1.499012679817 0.866025403784 -0.500000000000
8.705506815391 8.945321086695 0.866025403784 0.500000000000
3.472275703117 23.324539695750 0.866025403784 -0.500000000000
9.527298326172 -1.675840493439 0.866025403784 0.500000000000
21.101555947039 9.308386171360 0.866025403784 0.500000000000
6.411230492564 1.373857241312 0.000000000000 1.000000000000
