#Configurational_file created 2018-09-14 13:48:45  started 2018-09-14 13:48:44 run for 1.0s steps 0
name: gc_352
step: 10000
specie: 9
	particle_diameter: 1.0000000000000000
	interaction_length: 1.2000000000000000
	number_of_patches: 3
	number_of_particles_per_compound: 1
	rod_length: 1.0000000000000000
	interaction_matrix:  1.000000 1.000000 1.000000 1.000000 1.000000 1.000000 1.000000 1.000000 1.000000
	patch_type: symmetric
	patch_width: 8.0000000000000000
	patch_angle: 0.0000000000000000
	angles:  0.000000 0.000000 0.000000
	grand_canonical: 1
	chemical_potential: -1.4827589999999999
box: 10.000000 10.000000
copy: 1.000000 1.000000
epsilon: 0.3620690000000000
end_epsilon: 0.0000000000000000
pressure: 1.0000000000000000
lambda: 0.0000000000000000
lambda_coupling: 1.0000000000000000
uy: 0.0000000000000000
maximum_displacement: 1.0000000000000000
maximum_rotation: 1.0000000000000000
maximum_volume: 0.0000001000000000
maximum_shape: 0.0000001000000000
maximum_dsigma: 0.0100000000000000
mod: 10
pmod: 10
optimize: 1
verbose: 1
snapshot: 0
display: 1
explore: 1
npt: 0
nptxy: 0
nptdxdy: 0
shape: 0
seed: 403015
15.879396785657 8.486711742042 0.866025403784 0.500000000000
10.239992351261 4.422006362014 0.000000000000 1.000000000000
7.707765972018 4.451966085514 0.866025403784 0.500000000000
-20.682848472136 12.856566431863 0.866025403784 -0.500000000000
18.140191603485 5.926319475799 0.000000000000 1.000000000000
-8.786700866711 -3.901038253118 0.866025403784 0.500000000000
7.827637515176 21.959589942719 0.000000000000 1.000000000000
8.788071987569 9.272315327505 0.000000000000 1.000000000000
11.422498677306 2.933384885964 0.866025403784 -0.500000000000
