#Configurational_file created 2018-09-14 11:25:52  started 2018-09-14 11:25:51 run for 1.0s steps 0
name: gc_366
step: 10000
specie: 22
	particle_diameter: 1.0000000000000000
	interaction_length: 1.2000000000000000
	number_of_patches: 3
	number_of_particles_per_compound: 1
	rod_length: 1.0000000000000000
	interaction_matrix:  1.000000 1.000000 1.000000 1.000000 1.000000 1.000000 1.000000 1.000000 1.000000
	patch_type: symmetric
	patch_width: 8.0000000000000000
	patch_angle: 0.0000000000000000
	angles:  0.000000 0.000000 0.000000
	grand_canonical: 1
	chemical_potential: -0.6666670000000000
box: 10.000000 10.000000
copy: 1.000000 1.000000
epsilon: 1.2500370000000001
end_epsilon: 0.0000000000000000
pressure: 1.0000000000000000
lambda: 0.0000000000000000
lambda_coupling: 1.0000000000000000
uy: 0.0000000000000000
maximum_displacement: 1.0000000000000000
maximum_rotation: 1.0000000000000000
maximum_volume: 0.0000001000000000
maximum_shape: 0.0000001000000000
maximum_dsigma: 0.0100000000000000
mod: 10
pmod: 10
optimize: 1
verbose: 1
snapshot: 0
display: 1
explore: 1
npt: 0
nptxy: 0
nptdxdy: 0
shape: 0
seed: 418933
14.818404584607 12.908164692570 0.000000000000 1.000000000000
5.616254415016 5.316166423954 0.866025403784 -0.500000000000
11.006553462055 10.645642235637 0.000000000000 1.000000000000
1.981242183732 13.452112958970 0.866025403784 -0.500000000000
-3.897757283954 2.708822955259 0.866025403784 -0.500000000000
8.186364795259 8.895666124090 0.866025403784 -0.500000000000
5.145644677154 -5.748022790789 0.866025403784 0.500000000000
6.948757343125 -12.671166571195 0.866025403784 -0.500000000000
-0.475228876783 -5.071393733495 0.000000000000 1.000000000000
4.044294600186 12.220913544899 0.000000000000 1.000000000000
28.138544898616 8.241771921601 0.866025403784 0.500000000000
-3.562709272822 1.486718603427 0.866025403784 -0.500000000000
6.106092524932 6.538876086116 0.000000000000 1.000000000000
11.055560432314 3.251654462431 0.866025403784 0.500000000000
7.134736509986 -1.569291698599 0.866025403784 -0.500000000000
-0.089476461325 1.760774882126 0.000000000000 1.000000000000
15.403265595947 21.441231332918 0.866025403784 0.500000000000
-0.297993583637 -11.229242557151 0.866025403784 0.500000000000
8.319049471144 -5.236104397803 0.000000000000 1.000000000000
5.569790152095 9.894042249934 0.000000000000 1.000000000000
2.131916654592 8.109150243056 0.866025403784 0.500000000000
4.537724460832 0.154458415458 0.000000000000 1.000000000000
