#Configurational_file created 2018-09-14 11:53:24  started 2018-09-14 11:53:24 run for 0.0s steps 0
name: gc_356
step: 10000
specie: 18
	particle_diameter: 1.0000000000000000
	interaction_length: 1.2000000000000000
	number_of_patches: 3
	number_of_particles_per_compound: 1
	rod_length: 1.0000000000000000
	interaction_matrix:  1.000000 1.000000 1.000000 1.000000 1.000000 1.000000 1.000000 1.000000 1.000000
	patch_type: symmetric
	patch_width: 8.0000000000000000
	patch_angle: 0.0000000000000000
	angles:  0.000000 0.000000 0.000000
	grand_canonical: 1
	chemical_potential: -0.6666670000000000
box: 10.000000 10.000000
copy: 1.000000 1.000000
epsilon: 0.0208340000000000
end_epsilon: 0.0000000000000000
pressure: 1.0000000000000000
lambda: 0.0000000000000000
lambda_coupling: 1.0000000000000000
uy: 0.0000000000000000
maximum_displacement: 1.0000000000000000
maximum_rotation: 1.0000000000000000
maximum_volume: 0.0000001000000000
maximum_shape: 0.0000001000000000
maximum_dsigma: 0.0100000000000000
mod: 10
pmod: 10
optimize: 1
verbose: 1
snapshot: 0
display: 1
explore: 1
npt: 0
nptxy: 0
nptdxdy: 0
shape: 0
seed: 407563
2.964238124728 -20.736024060581 0.866025403784 0.500000000000
-7.151561293413 -5.506649296888 0.000000000000 1.000000000000
-13.856024764444 25.978179796673 0.866025403784 -0.500000000000
2.316101783127 5.445420113296 0.866025403784 0.500000000000
14.114859664923 5.328213383989 0.866025403784 0.500000000000
-0.049901892739 2.234851733959 0.866025403784 0.500000000000
22.427340894566 7.601589242655 0.866025403784 -0.500000000000
4.322740059458 10.428590097466 0.866025403784 0.500000000000
14.210766225210 -13.403276427873 0.000000000000 1.000000000000
5.279814508545 2.111651429987 0.000000000000 1.000000000000
4.284468332767 17.574814375036 0.866025403784 0.500000000000
17.706570500108 2.462737559519 0.866025403784 -0.500000000000
-8.140447309528 -0.252233259843 0.866025403784 0.500000000000
-4.904693616101 4.712962007248 0.866025403784 0.500000000000
2.426877216527 1.594821694009 0.866025403784 -0.500000000000
0.671793661076 3.559959836417 0.000000000000 1.000000000000
8.917618424862 9.980778227713 0.866025403784 0.500000000000
6.761347879483 4.305766037421 0.866025403784 0.500000000000
