#Configurational_file created 2018-09-14 13:49:13  started 2018-09-14 13:49:12 run for 1.0s steps 0
name: gc_391
step: 10000
specie: 9
	particle_diameter: 1.0000000000000000
	interaction_length: 1.2000000000000000
	number_of_patches: 3
	number_of_particles_per_compound: 1
	rod_length: 1.0000000000000000
	interaction_matrix:  1.000000 1.000000 1.000000 1.000000 1.000000 1.000000 1.000000 1.000000 1.000000
	patch_type: symmetric
	patch_width: 8.0000000000000000
	patch_angle: 0.0000000000000000
	angles:  0.000000 0.000000 0.000000
	grand_canonical: 1
	chemical_potential: -1.2068970000000001
box: 10.000000 10.000000
copy: 1.000000 1.000000
epsilon: 0.0000010000000000
end_epsilon: 0.0000000000000000
pressure: 1.0000000000000000
lambda: 0.0000000000000000
lambda_coupling: 1.0000000000000000
uy: 0.0000000000000000
maximum_displacement: 1.0000000000000000
maximum_rotation: 1.0000000000000000
maximum_volume: 0.0000001000000000
maximum_shape: 0.0000001000000000
maximum_dsigma: 0.0100000000000000
mod: 10
pmod: 10
optimize: 1
verbose: 1
snapshot: 0
display: 1
explore: 1
npt: 0
nptxy: 0
nptdxdy: 0
shape: 0
seed: 447358
12.593041214783 10.469667397341 0.866025403784 -0.500000000000
2.723026516464 8.478597978508 0.866025403784 0.500000000000
5.794630486770 12.950511429182 0.866025403784 0.500000000000
10.702550075584 15.813813019258 0.866025403784 -0.500000000000
14.713054868217 6.931480814568 0.000000000000 1.000000000000
12.419727494839 12.126033403860 0.866025403784 -0.500000000000
16.082474442318 21.378477296544 0.866025403784 -0.500000000000
1.006147636527 -0.320254703026 0.866025403784 -0.500000000000
7.959526005647 -21.750685715775 0.000000000000 1.000000000000
