#Configurational_file created 2018-09-14 13:48:23  started 2018-09-14 13:48:23 run for 0.0s steps 0
name: gc_322
step: 10000
specie: 11
	particle_diameter: 1.0000000000000000
	interaction_length: 1.2000000000000000
	number_of_patches: 3
	number_of_particles_per_compound: 1
	rod_length: 1.0000000000000000
	interaction_matrix:  1.000000 1.000000 1.000000 1.000000 1.000000 1.000000 1.000000 1.000000 1.000000
	patch_type: symmetric
	patch_width: 8.0000000000000000
	patch_angle: 0.0000000000000000
	angles:  0.000000 0.000000 0.000000
	grand_canonical: 1
	chemical_potential: -1.6206900000000000
box: 10.000000 10.000000
copy: 1.000000 1.000000
epsilon: 0.3620690000000000
end_epsilon: 0.0000000000000000
pressure: 1.0000000000000000
lambda: 0.0000000000000000
lambda_coupling: 1.0000000000000000
uy: 0.0000000000000000
maximum_displacement: 1.0000000000000000
maximum_rotation: 1.0000000000000000
maximum_volume: 0.0000001000000000
maximum_shape: 0.0000001000000000
maximum_dsigma: 0.0100000000000000
mod: 10
pmod: 10
optimize: 1
verbose: 1
snapshot: 0
display: 1
explore: 1
npt: 0
nptxy: 0
nptdxdy: 0
shape: 0
seed: 368905
8.402161830667 4.358122814618 0.866025403784 -0.500000000000
3.272585789334 8.198059848462 0.866025403784 -0.500000000000
13.180586645666 20.749501056221 0.866025403784 -0.500000000000
6.956820342788 8.292857058244 0.866025403784 0.500000000000
9.670813578903 9.017898330325 0.866025403784 0.500000000000
10.989074711400 8.249565364691 0.000000000000 1.000000000000
-6.568227659575 4.617699504547 0.000000000000 1.000000000000
4.175973740860 -8.444945553385 0.866025403784 0.500000000000
10.094281899474 -7.550512797344 0.000000000000 1.000000000000
-0.396866974107 11.159226131585 0.000000000000 1.000000000000
3.207655009025 7.662646910122 0.000000000000 1.000000000000
