#Configurational_file created 2018-09-14 13:48:37  started 2018-09-14 13:48:37 run for 0.0s steps 0
name: gc_342
step: 10000
specie: 14
	particle_diameter: 1.0000000000000000
	interaction_length: 1.2000000000000000
	number_of_patches: 3
	number_of_particles_per_compound: 1
	rod_length: 1.0000000000000000
	interaction_matrix:  1.000000 1.000000 1.000000 1.000000 1.000000 1.000000 1.000000 1.000000 1.000000
	patch_type: symmetric
	patch_width: 8.0000000000000000
	patch_angle: 0.0000000000000000
	angles:  0.000000 0.000000 0.000000
	grand_canonical: 1
	chemical_potential: -1.4827589999999999
box: 10.000000 10.000000
copy: 1.000000 1.000000
epsilon: 0.1896560000000000
end_epsilon: 0.0000000000000000
pressure: 1.0000000000000000
lambda: 0.0000000000000000
lambda_coupling: 1.0000000000000000
uy: 0.0000000000000000
maximum_displacement: 1.0000000000000000
maximum_rotation: 1.0000000000000000
maximum_volume: 0.0000001000000000
maximum_shape: 0.0000001000000000
maximum_dsigma: 0.0100000000000000
mod: 10
pmod: 10
optimize: 1
verbose: 1
snapshot: 0
display: 1
explore: 1
npt: 0
nptxy: 0
nptdxdy: 0
shape: 0
seed: 391645
6.357720879701 2.841801266203 0.000000000000 1.000000000000
4.144567319441 12.102076421635 0.866025403784 -0.500000000000
3.216351082163 -1.424578704869 0.000000000000 1.000000000000
6.086381887956 -3.979027820686 0.866025403784 -0.500000000000
-2.017315874404 5.083107635973 0.866025403784 0.500000000000
10.354897250280 3.434675079743 0.866025403784 0.500000000000
9.080945803756 7.058019126512 0.000000000000 1.000000000000
17.466331727314 0.727657886545 0.000000000000 1.000000000000
-8.840427716125 -11.133644648219 0.866025403784 -0.500000000000
2.420406277026 -0.508293550834 0.000000000000 1.000000000000
-7.997863730180 -7.502079318953 0.000000000000 1.000000000000
10.509977416385 4.794108239957 0.866025403784 0.500000000000
2.979001812356 5.369577494480 0.866025403784 0.500000000000
3.862526925179 0.896210084845 0.866025403784 -0.500000000000
