#Configurational_file created 2018-09-14 11:25:09  started 2018-09-14 11:25:08 run for 1.0s steps 0
name: gc_312
step: 10000
specie: 16
	particle_diameter: 1.0000000000000000
	interaction_length: 1.2000000000000000
	number_of_patches: 3
	number_of_particles_per_compound: 1
	rod_length: 1.0000000000000000
	interaction_matrix:  1.000000 1.000000 1.000000 1.000000 1.000000 1.000000 1.000000 1.000000 1.000000
	patch_type: symmetric
	patch_width: 8.0000000000000000
	patch_angle: 0.0000000000000000
	angles:  0.000000 0.000000 0.000000
	grand_canonical: 1
	chemical_potential: -1.0000000000000000
box: 10.000000 10.000000
copy: 1.000000 1.000000
epsilon: 0.9167210000000000
end_epsilon: 0.0000000000000000
pressure: 1.0000000000000000
lambda: 0.0000000000000000
lambda_coupling: 1.0000000000000000
uy: 0.0000000000000000
maximum_displacement: 1.0000000000000000
maximum_rotation: 1.0000000000000000
maximum_volume: 0.0000001000000000
maximum_shape: 0.0000001000000000
maximum_dsigma: 0.0100000000000000
mod: 10
pmod: 10
optimize: 1
verbose: 1
snapshot: 0
display: 1
explore: 1
npt: 0
nptxy: 0
nptdxdy: 0
shape: 0
seed: 357535
-2.289954048608 1.749015551008 0.866025403784 -0.500000000000
5.231353236577 0.491951517210 0.000000000000 1.000000000000
6.801672151617 -0.743394306838 0.866025403784 0.500000000000
12.183546993082 -0.921658798308 0.866025403784 -0.500000000000
14.645329007986 -1.268286033243 0.866025403784 -0.500000000000
0.593010750103 10.092695347825 0.000000000000 1.000000000000
-1.598406292129 10.276099478726 0.866025403784 -0.500000000000
-11.654575099167 4.510195747913 0.000000000000 1.000000000000
-5.651443622559 11.255995235113 0.866025403784 -0.500000000000
-6.049436442659 16.218445336198 0.866025403784 0.500000000000
3.344259467532 20.027266103826 0.866025403784 -0.500000000000
0.124925973894 -3.522078972615 0.866025403784 0.500000000000
0.751532526150 6.833478342462 0.866025403784 -0.500000000000
-0.576954700359 -8.215946340586 0.866025403784 0.500000000000
-1.649846949879 -3.437060208562 0.866025403784 -0.500000000000
6.293606538688 3.048867895761 0.866025403784 -0.500000000000
