#Configurational_file created 2018-09-14 13:48:21  started 2018-09-14 13:48:21 run for 0.0s steps 0
name: gc_319
step: 10000
specie: 13
	particle_diameter: 1.0000000000000000
	interaction_length: 1.2000000000000000
	number_of_patches: 3
	number_of_particles_per_compound: 1
	rod_length: 1.0000000000000000
	interaction_matrix:  1.000000 1.000000 1.000000 1.000000 1.000000 1.000000 1.000000 1.000000 1.000000
	patch_type: symmetric
	patch_width: 8.0000000000000000
	patch_angle: 0.0000000000000000
	angles:  0.000000 0.000000 0.000000
	grand_canonical: 1
	chemical_potential: -1.6206900000000000
box: 10.000000 10.000000
copy: 1.000000 1.000000
epsilon: 0.3103450000000000
end_epsilon: 0.0000000000000000
pressure: 1.0000000000000000
lambda: 0.0000000000000000
lambda_coupling: 1.0000000000000000
uy: 0.0000000000000000
maximum_displacement: 1.0000000000000000
maximum_rotation: 1.0000000000000000
maximum_volume: 0.0000001000000000
maximum_shape: 0.0000001000000000
maximum_dsigma: 0.0100000000000000
mod: 10
pmod: 10
optimize: 1
verbose: 1
snapshot: 0
display: 1
explore: 1
npt: 0
nptxy: 0
nptdxdy: 0
shape: 0
seed: 365494
-2.937477576363 3.420416631047 0.866025403784 0.500000000000
-3.168422677128 -11.558193771668 0.000000000000 1.000000000000
2.701819844141 5.903070173770 0.866025403784 -0.500000000000
19.525161023135 32.429740944781 0.866025403784 0.500000000000
-0.202674800631 -5.809884401403 0.866025403784 0.500000000000
4.035827062232 11.597139087652 0.866025403784 -0.500000000000
10.646801571452 -6.207152776665 0.000000000000 1.000000000000
-2.559530094097 1.369633763252 0.866025403784 -0.500000000000
-1.010954511054 15.448842182765 0.000000000000 1.000000000000
3.475264066331 14.097852866712 0.000000000000 1.000000000000
1.728050615097 4.399591229591 0.000000000000 1.000000000000
7.715599941409 7.008092157229 0.866025403784 0.500000000000
4.953625506810 7.672279516610 0.866025403784 0.500000000000
