#Configurational_file created 2018-09-14 11:53:18  started 2018-09-14 11:53:17 run for 1.0s steps 0
name: gc_348
step: 10000
specie: 18
	particle_diameter: 1.0000000000000000
	interaction_length: 1.2000000000000000
	number_of_patches: 3
	number_of_particles_per_compound: 1
	rod_length: 1.0000000000000000
	interaction_matrix:  1.000000 1.000000 1.000000 1.000000 1.000000 1.000000 1.000000 1.000000 1.000000
	patch_type: symmetric
	patch_width: 8.0000000000000000
	patch_angle: 0.0000000000000000
	angles:  0.000000 0.000000 0.000000
	grand_canonical: 1
	chemical_potential: -0.8333330000000000
box: 10.000000 10.000000
copy: 1.000000 1.000000
epsilon: 0.0916670000000000
end_epsilon: 0.0000000000000000
pressure: 1.0000000000000000
lambda: 0.0000000000000000
lambda_coupling: 1.0000000000000000
uy: 0.0000000000000000
maximum_displacement: 1.0000000000000000
maximum_rotation: 1.0000000000000000
maximum_volume: 0.0000001000000000
maximum_shape: 0.0000001000000000
maximum_dsigma: 0.0100000000000000
mod: 10
pmod: 10
optimize: 1
verbose: 1
snapshot: 0
display: 1
explore: 1
npt: 0
nptxy: 0
nptdxdy: 0
shape: 0
seed: 398467
-3.526253592999 8.785683783343 0.000000000000 1.000000000000
10.365900580156 2.785321309326 0.866025403784 0.500000000000
8.109646511479 31.149676922964 0.000000000000 1.000000000000
25.454645723391 6.674375931827 0.866025403784 0.500000000000
-12.146779075950 -12.416100694827 0.866025403784 -0.500000000000
-1.290467373541 3.187991941241 0.866025403784 -0.500000000000
3.768123569441 2.871306473381 0.866025403784 0.500000000000
14.514791739141 4.011537815653 0.000000000000 1.000000000000
25.876993828603 11.680435616820 0.000000000000 1.000000000000
0.907089532167 5.124121126585 0.866025403784 0.500000000000
17.125075049814 4.866123877429 0.866025403784 0.500000000000
9.908698019059 10.685019068042 0.866025403784 -0.500000000000
-0.507463886749 -2.585915992837 0.000000000000 1.000000000000
11.682067522330 1.016665702397 0.866025403784 -0.500000000000
11.904468278581 6.871834893309 0.000000000000 1.000000000000
2.168787838547 -18.649655658603 0.000000000000 1.000000000000
5.952099635013 8.059935131775 0.866025403784 0.500000000000
5.919893651155 4.369664628150 0.866025403784 0.500000000000
