#Configurational_file created 2018-09-14 13:48:52  started 2018-09-14 13:48:51 run for 1.0s steps 0
name: gc_362
step: 10000
specie: 14
	particle_diameter: 1.0000000000000000
	interaction_length: 1.2000000000000000
	number_of_patches: 3
	number_of_particles_per_compound: 1
	rod_length: 1.0000000000000000
	interaction_matrix:  1.000000 1.000000 1.000000 1.000000 1.000000 1.000000 1.000000 1.000000 1.000000
	patch_type: symmetric
	patch_width: 8.0000000000000000
	patch_angle: 0.0000000000000000
	angles:  0.000000 0.000000 0.000000
	grand_canonical: 1
	chemical_potential: -1.3448279999999999
box: 10.000000 10.000000
copy: 1.000000 1.000000
epsilon: 0.0172420000000000
end_epsilon: 0.0000000000000000
pressure: 1.0000000000000000
lambda: 0.0000000000000000
lambda_coupling: 1.0000000000000000
uy: 0.0000000000000000
maximum_displacement: 1.0000000000000000
maximum_rotation: 1.0000000000000000
maximum_volume: 0.0000001000000000
maximum_shape: 0.0000001000000000
maximum_dsigma: 0.0100000000000000
mod: 10
pmod: 10
optimize: 1
verbose: 1
snapshot: 0
display: 1
explore: 1
npt: 0
nptxy: 0
nptdxdy: 0
shape: 0
seed: 414385
6.227769263919 5.795721259863 0.000000000000 1.000000000000
4.413407323896 4.886510551480 0.866025403784 0.500000000000
13.379996058749 11.005753434104 0.000000000000 1.000000000000
13.782193788217 9.636486405690 0.866025403784 0.500000000000
2.134639744684 -3.480086215376 0.866025403784 0.500000000000
0.231580449123 4.027437265813 0.000000000000 1.000000000000
10.051536300846 6.340532387836 0.866025403784 -0.500000000000
-5.433658579196 3.859104511262 0.866025403784 0.500000000000
11.942604737679 -1.252855889623 0.000000000000 1.000000000000
17.971277775674 10.287509400494 0.866025403784 0.500000000000
-4.033889250529 8.641629078211 0.866025403784 -0.500000000000
2.253987767229 1.592109726727 0.000000000000 1.000000000000
3.301300147949 5.038266032558 0.866025403784 -0.500000000000
0.445104843923 8.063744437472 0.866025403784 -0.500000000000
