#Configurational_file created 2018-09-14 11:25:45  started 2018-09-14 11:25:44 run for 1.0s steps 0
name: gc_357
step: 10000
specie: 21
	particle_diameter: 1.0000000000000000
	interaction_length: 1.2000000000000000
	number_of_patches: 3
	number_of_particles_per_compound: 1
	rod_length: 1.0000000000000000
	interaction_matrix:  1.000000 1.000000 1.000000 1.000000 1.000000 1.000000 1.000000 1.000000 1.000000
	patch_type: symmetric
	patch_width: 8.0000000000000000
	patch_angle: 0.0000000000000000
	angles:  0.000000 0.000000 0.000000
	grand_canonical: 1
	chemical_potential: -0.6666670000000000
box: 10.000000 10.000000
copy: 1.000000 1.000000
epsilon: 0.5000750000000000
end_epsilon: 0.0000000000000000
pressure: 1.0000000000000000
lambda: 0.0000000000000000
lambda_coupling: 1.0000000000000000
uy: 0.0000000000000000
maximum_displacement: 1.0000000000000000
maximum_rotation: 1.0000000000000000
maximum_volume: 0.0000001000000000
maximum_shape: 0.0000001000000000
maximum_dsigma: 0.0100000000000000
mod: 10
pmod: 10
optimize: 1
verbose: 1
snapshot: 0
display: 1
explore: 1
npt: 0
nptxy: 0
nptdxdy: 0
shape: 0
seed: 408700
10.595044283019 11.558066471667 0.866025403784 -0.500000000000
19.015401117495 0.305453595132 0.000000000000 1.000000000000
8.818675167141 -3.630463340744 0.000000000000 1.000000000000
8.567171741505 7.734394763244 0.866025403784 0.500000000000
7.760286536819 23.983689078218 0.866025403784 -0.500000000000
-13.344631921976 -13.338533825226 0.866025403784 0.500000000000
5.445243468101 6.264881440223 0.866025403784 0.500000000000
24.321520699585 -5.627142991357 0.866025403784 -0.500000000000
0.182496557723 6.649951584691 0.000000000000 1.000000000000
9.266342227805 24.425375558025 0.000000000000 1.000000000000
13.309675281535 -1.620418572865 0.866025403784 -0.500000000000
-8.484167537174 -2.562338780655 0.866025403784 -0.500000000000
-12.959138316401 -10.496758466082 0.866025403784 -0.500000000000
4.000856553376 4.090320216204 0.000000000000 1.000000000000
7.855255131975 5.900570849758 0.000000000000 1.000000000000
-0.461342580609 7.674992319253 0.866025403784 -0.500000000000
7.984542899305 0.648749710795 0.866025403784 -0.500000000000
32.368996020562 12.215029347405 0.866025403784 0.500000000000
-5.865227145478 6.432256981317 0.866025403784 -0.500000000000
12.540724963844 14.161158159353 0.866025403784 -0.500000000000
5.030620015945 8.994704162149 0.866025403784 -0.500000000000
