#Configurational_file created 2018-09-14 13:48:17  started 2018-09-14 13:48:17 run for 0.0s steps 0
name: gc_313
step: 10000
specie: 13
	particle_diameter: 1.0000000000000000
	interaction_length: 1.2000000000000000
	number_of_patches: 3
	number_of_particles_per_compound: 1
	rod_length: 1.0000000000000000
	interaction_matrix:  1.000000 1.000000 1.000000 1.000000 1.000000 1.000000 1.000000 1.000000 1.000000
	patch_type: symmetric
	patch_width: 8.0000000000000000
	patch_angle: 0.0000000000000000
	angles:  0.000000 0.000000 0.000000
	grand_canonical: 1
	chemical_potential: -1.6206900000000000
box: 10.000000 10.000000
copy: 1.000000 1.000000
epsilon: 0.2068970000000000
end_epsilon: 0.0000000000000000
pressure: 1.0000000000000000
lambda: 0.0000000000000000
lambda_coupling: 1.0000000000000000
uy: 0.0000000000000000
maximum_displacement: 1.0000000000000000
maximum_rotation: 1.0000000000000000
maximum_volume: 0.0000001000000000
maximum_shape: 0.0000001000000000
maximum_dsigma: 0.0100000000000000
mod: 10
pmod: 10
optimize: 1
verbose: 1
snapshot: 0
display: 1
explore: 1
npt: 0
nptxy: 0
nptdxdy: 0
shape: 0
seed: 358672
4.482071166673 2.474870378576 0.866025403784 0.500000000000
4.195810773880 8.200021124962 0.000000000000 1.000000000000
11.774890218598 -0.173671966029 0.866025403784 0.500000000000
3.177738410362 2.737669826154 0.866025403784 0.500000000000
-2.010237173891 1.879115025829 0.866025403784 -0.500000000000
11.473033354470 13.958652689030 0.000000000000 1.000000000000
-5.720419103723 5.720891584705 0.866025403784 0.500000000000
5.792260081032 9.839180780155 0.866025403784 -0.500000000000
-3.157324809919 1.819212602944 0.866025403784 0.500000000000
6.973103566778 7.717767125717 0.866025403784 -0.500000000000
-0.688354742629 4.998664853471 0.866025403784 -0.500000000000
0.614837650771 7.105678974568 0.000000000000 1.000000000000
3.018631667616 5.343859716898 0.866025403784 -0.500000000000
