#Configurational_file created 2018-09-14 11:53:20  started 2018-09-14 11:53:19 run for 1.0s steps 0
name: gc_351
step: 10000
specie: 20
	particle_diameter: 1.0000000000000000
	interaction_length: 1.2000000000000000
	number_of_patches: 3
	number_of_particles_per_compound: 1
	rod_length: 1.0000000000000000
	interaction_matrix:  1.000000 1.000000 1.000000 1.000000 1.000000 1.000000 1.000000 1.000000 1.000000
	patch_type: symmetric
	patch_width: 8.0000000000000000
	patch_angle: 0.0000000000000000
	angles:  0.000000 0.000000 0.000000
	grand_canonical: 1
	chemical_potential: -0.6666670000000000
box: 10.000000 10.000000
copy: 1.000000 1.000000
epsilon: 0.0000010000000000
end_epsilon: 0.0000000000000000
pressure: 1.0000000000000000
lambda: 0.0000000000000000
lambda_coupling: 1.0000000000000000
uy: 0.0000000000000000
maximum_displacement: 1.0000000000000000
maximum_rotation: 1.0000000000000000
maximum_volume: 0.0000001000000000
maximum_shape: 0.0000001000000000
maximum_dsigma: 0.0100000000000000
mod: 10
pmod: 10
optimize: 1
verbose: 1
snapshot: 0
display: 1
explore: 1
npt: 0
nptxy: 0
nptdxdy: 0
shape: 0
seed: 401878
-6.885388024064 -9.493599378178 0.000000000000 1.000000000000
1.099164414827 7.492143506684 0.866025403784 0.500000000000
1.324310933407 4.640405885659 0.866025403784 0.500000000000
6.634995647137 -4.613444425676 0.866025403784 -0.500000000000
18.842210922179 -7.587508896610 0.866025403784 0.500000000000
9.080847686722 6.330548488154 0.866025403784 0.500000000000
1.444522743047 8.801466753452 0.866025403784 -0.500000000000
2.192272308969 9.335054721143 0.000000000000 1.000000000000
8.416845827928 0.306277545822 0.866025403784 0.500000000000
15.078291128188 8.737970444395 0.866025403784 -0.500000000000
-6.524425522767 -3.627208348882 0.866025403784 0.500000000000
9.391491575352 -1.748956506409 0.866025403784 0.500000000000
0.182674597400 1.986532605882 0.866025403784 -0.500000000000
14.647892359398 -2.724434111860 0.866025403784 -0.500000000000
1.665352171859 7.427991312575 0.000000000000 1.000000000000
6.559242883434 1.672063428108 0.866025403784 0.500000000000
7.782030530950 -1.710946292710 0.866025403784 0.500000000000
0.315379441504 5.731352703889 0.866025403784 -0.500000000000
0.563176973644 0.817150442294 0.000000000000 1.000000000000
2.354024386218 0.720230401993 0.866025403784 0.500000000000
