#Configurational_file created 2018-09-14 11:25:36  started 2018-09-14 11:25:35 run for 1.0s steps 0
name: gc_346
step: 10000
specie: 18
	particle_diameter: 1.0000000000000000
	interaction_length: 1.2000000000000000
	number_of_patches: 3
	number_of_particles_per_compound: 1
	rod_length: 1.0000000000000000
	interaction_matrix:  1.000000 1.000000 1.000000 1.000000 1.000000 1.000000 1.000000 1.000000 1.000000
	patch_type: symmetric
	patch_width: 8.0000000000000000
	patch_angle: 0.0000000000000000
	angles:  0.000000 0.000000 0.000000
	grand_canonical: 1
	chemical_potential: -0.8333330000000000
box: 10.000000 10.000000
copy: 1.000000 1.000000
epsilon: 1.6666829999999999
end_epsilon: 0.0000000000000000
pressure: 1.0000000000000000
lambda: 0.0000000000000000
lambda_coupling: 1.0000000000000000
uy: 0.0000000000000000
maximum_displacement: 1.0000000000000000
maximum_rotation: 1.0000000000000000
maximum_volume: 0.0000001000000000
maximum_shape: 0.0000001000000000
maximum_dsigma: 0.0100000000000000
mod: 10
pmod: 10
optimize: 1
verbose: 1
snapshot: 0
display: 1
explore: 1
npt: 0
nptxy: 0
nptdxdy: 0
shape: 0
seed: 396193
1.809964996099 8.752676295996 0.866025403784 -0.500000000000
8.419879671224 -1.574962166537 0.866025403784 0.500000000000
17.000145638694 -20.802379068455 0.000000000000 1.000000000000
-0.092876154928 4.154907188699 0.000000000000 1.000000000000
12.546397234714 9.021953581652 0.000000000000 1.000000000000
5.836667943318 2.749406712556 0.866025403784 -0.500000000000
-4.817122452675 1.353816047057 0.000000000000 1.000000000000
0.145423018666 2.172309697440 0.866025403784 0.500000000000
22.271816229453 -3.965903309396 0.866025403784 -0.500000000000
4.120684474645 -0.408587971790 0.000000000000 1.000000000000
5.847205363630 -9.609487677506 0.000000000000 1.000000000000
-4.005950636648 -2.874592566319 0.866025403784 -0.500000000000
-2.339317793338 -2.404293288772 0.866025403784 0.500000000000
3.337659100760 12.921173859007 0.000000000000 1.000000000000
2.406895207593 3.053894358456 0.866025403784 -0.500000000000
-1.189262896516 -3.786356754117 0.866025403784 0.500000000000
0.780808049495 5.845862712272 0.866025403784 0.500000000000
4.483211264204 7.313900090776 0.866025403784 0.500000000000
