#Configurational_file created 2018-09-14 11:52:53  started 2018-09-14 11:52:52 run for 1.0s steps 0
name: gc_317
step: 10000
specie: 19
	particle_diameter: 1.0000000000000000
	interaction_length: 1.2000000000000000
	number_of_patches: 3
	number_of_particles_per_compound: 1
	rod_length: 1.0000000000000000
	interaction_matrix:  1.000000 1.000000 1.000000 1.000000 1.000000 1.000000 1.000000 1.000000 1.000000
	patch_type: symmetric
	patch_width: 8.0000000000000000
	patch_angle: 0.0000000000000000
	angles:  0.000000 0.000000 0.000000
	grand_canonical: 1
	chemical_potential: -1.0000000000000000
box: 10.000000 10.000000
copy: 1.000000 1.000000
epsilon: 0.0666670000000000
end_epsilon: 0.0000000000000000
pressure: 1.0000000000000000
lambda: 0.0000000000000000
lambda_coupling: 1.0000000000000000
uy: 0.0000000000000000
maximum_displacement: 1.0000000000000000
maximum_rotation: 1.0000000000000000
maximum_volume: 0.0000001000000000
maximum_shape: 0.0000001000000000
maximum_dsigma: 0.0100000000000000
mod: 10
pmod: 10
optimize: 1
verbose: 1
snapshot: 0
display: 1
explore: 1
npt: 0
nptxy: 0
nptdxdy: 0
shape: 0
seed: 363220
0.123947414811 9.112552727753 0.866025403784 0.500000000000
2.294120631464 6.764605657405 0.866025403784 -0.500000000000
9.394253710190 1.656733435563 0.866025403784 0.500000000000
0.370167381791 13.864668046022 0.866025403784 -0.500000000000
1.092052181442 18.587208198347 0.866025403784 0.500000000000
5.375618270581 1.446222769381 0.000000000000 1.000000000000
-3.301042319237 19.242210609671 0.000000000000 1.000000000000
13.476163127036 -7.192959638872 0.866025403784 -0.500000000000
13.159631222386 17.961080204712 0.000000000000 1.000000000000
-1.419372366039 1.920062772384 0.866025403784 -0.500000000000
2.877742213454 -0.843833220949 0.000000000000 1.000000000000
14.677951816809 6.640700905018 0.866025403784 0.500000000000
-1.148468850332 -2.751775934576 0.866025403784 -0.500000000000
11.087529666472 5.895100561682 0.866025403784 -0.500000000000
6.006252711598 2.003293482263 0.866025403784 -0.500000000000
7.109462217144 1.612962217314 0.000000000000 1.000000000000
15.843639684545 5.042273581214 0.866025403784 -0.500000000000
-2.484600887190 7.437934612418 0.866025403784 -0.500000000000
6.332738597022 9.501185664756 0.866025403784 -0.500000000000
