#Configurational_file created 2018-09-14 13:48:31  started 2018-09-14 13:48:30 run for 1.0s steps 0
name: gc_333
step: 10000
specie: 9
	particle_diameter: 1.0000000000000000
	interaction_length: 1.2000000000000000
	number_of_patches: 3
	number_of_particles_per_compound: 1
	rod_length: 1.0000000000000000
	interaction_matrix:  1.000000 1.000000 1.000000 1.000000 1.000000 1.000000 1.000000 1.000000 1.000000
	patch_type: symmetric
	patch_width: 8.0000000000000000
	patch_angle: 0.0000000000000000
	angles:  0.000000 0.000000 0.000000
	grand_canonical: 1
	chemical_potential: -1.4827589999999999
box: 10.000000 10.000000
copy: 1.000000 1.000000
epsilon: 0.0344840000000000
end_epsilon: 0.0000000000000000
pressure: 1.0000000000000000
lambda: 0.0000000000000000
lambda_coupling: 1.0000000000000000
uy: 0.0000000000000000
maximum_displacement: 1.0000000000000000
maximum_rotation: 1.0000000000000000
maximum_volume: 0.0000001000000000
maximum_shape: 0.0000001000000000
maximum_dsigma: 0.0100000000000000
mod: 10
pmod: 10
optimize: 1
verbose: 1
snapshot: 0
display: 1
explore: 1
npt: 0
nptxy: 0
nptdxdy: 0
shape: 0
seed: 381412
6.298507750179 0.477712648488 0.000000000000 1.000000000000
26.840388741419 -2.468422922489 0.000000000000 1.000000000000
5.312455829317 11.943817914936 0.866025403784 0.500000000000
7.981412614465 0.838543883836 0.866025403784 -0.500000000000
12.135362039024 -11.459243901538 0.000000000000 1.000000000000
-10.843436821065 -19.213104200533 0.866025403784 -0.500000000000
10.531086747174 3.875085138162 0.866025403784 -0.500000000000
7.410825281903 4.813023602838 0.866025403784 -0.500000000000
14.676451655653 -3.272202859184 0.000000000000 1.000000000000
