#Configurational_file created 2018-09-14 13:48:33  started 2018-09-14 13:48:33 run for 0.0s steps 0
name: gc_336
step: 10000
specie: 21
	particle_diameter: 1.0000000000000000
	interaction_length: 1.2000000000000000
	number_of_patches: 3
	number_of_particles_per_compound: 1
	rod_length: 1.0000000000000000
	interaction_matrix:  1.000000 1.000000 1.000000 1.000000 1.000000 1.000000 1.000000 1.000000 1.000000
	patch_type: symmetric
	patch_width: 8.0000000000000000
	patch_angle: 0.0000000000000000
	angles:  0.000000 0.000000 0.000000
	grand_canonical: 1
	chemical_potential: -1.4827589999999999
box: 10.000000 10.000000
copy: 1.000000 1.000000
epsilon: 0.0862080000000000
end_epsilon: 0.0000000000000000
pressure: 1.0000000000000000
lambda: 0.0000000000000000
lambda_coupling: 1.0000000000000000
uy: 0.0000000000000000
maximum_displacement: 1.0000000000000000
maximum_rotation: 1.0000000000000000
maximum_volume: 0.0000001000000000
maximum_shape: 0.0000001000000000
maximum_dsigma: 0.0100000000000000
mod: 10
pmod: 10
optimize: 1
verbose: 1
snapshot: 0
display: 1
explore: 1
npt: 0
nptxy: 0
nptdxdy: 0
shape: 0
seed: 384823
6.575616828293 2.407812572640 0.866025403784 -0.500000000000
3.646829222954 6.468248739872 0.866025403784 0.500000000000
-8.341424802945 -0.583732716103 0.866025403784 -0.500000000000
-3.972852206997 28.773181692827 0.866025403784 -0.500000000000
4.035981191233 0.926572692135 0.866025403784 0.500000000000
12.775664490612 11.125002606738 0.866025403784 0.500000000000
10.300624875282 6.897209412822 0.866025403784 0.500000000000
-0.180672272226 9.460293791232 0.866025403784 0.500000000000
-3.404086262122 13.733117142840 0.866025403784 -0.500000000000
5.479307633160 5.005757300982 0.866025403784 -0.500000000000
-4.411094042461 1.119236298449 0.866025403784 0.500000000000
-2.629969647307 11.040391669976 0.866025403784 0.500000000000
-1.351802914162 2.063443181487 0.866025403784 -0.500000000000
-2.988593644953 -0.651009477770 0.000000000000 1.000000000000
-1.964634360909 5.583447158571 0.000000000000 1.000000000000
3.387129849701 12.085803997931 0.866025403784 -0.500000000000
15.068998203986 14.333715853585 0.866025403784 0.500000000000
6.244758561934 5.770036446548 0.866025403784 -0.500000000000
1.554444746036 3.861397600882 0.866025403784 -0.500000000000
2.324392904041 2.866048065408 0.866025403784 -0.500000000000
7.599348988097 3.296252058416 0.866025403784 0.500000000000
