#Configurational_file created 2018-09-14 11:25:32  started 2018-09-14 11:25:32 run for 0.0s steps 0
name: gc_342
step: 10000
specie: 21
	particle_diameter: 1.0000000000000000
	interaction_length: 1.2000000000000000
	number_of_patches: 3
	number_of_particles_per_compound: 1
	rod_length: 1.0000000000000000
	interaction_matrix:  1.000000 1.000000 1.000000 1.000000 1.000000 1.000000 1.000000 1.000000 1.000000
	patch_type: symmetric
	patch_width: 8.0000000000000000
	patch_angle: 0.0000000000000000
	angles:  0.000000 0.000000 0.000000
	grand_canonical: 1
	chemical_potential: -0.8333330000000000
box: 10.000000 10.000000
copy: 1.000000 1.000000
epsilon: 1.3333670000000000
end_epsilon: 0.0000000000000000
pressure: 1.0000000000000000
lambda: 0.0000000000000000
lambda_coupling: 1.0000000000000000
uy: 0.0000000000000000
maximum_displacement: 1.0000000000000000
maximum_rotation: 1.0000000000000000
maximum_volume: 0.0000001000000000
maximum_shape: 0.0000001000000000
maximum_dsigma: 0.0100000000000000
mod: 10
pmod: 10
optimize: 1
verbose: 1
snapshot: 0
display: 1
explore: 1
npt: 0
nptxy: 0
nptdxdy: 0
shape: 0
seed: 391645
-7.363441397349 26.058583619972 0.866025403784 0.500000000000
4.756851948810 -2.025101111985 0.000000000000 1.000000000000
3.889917321116 14.144985409564 0.000000000000 1.000000000000
1.406051152908 6.099808733272 0.866025403784 -0.500000000000
7.105653176775 7.149412023249 0.866025403784 -0.500000000000
12.394557722080 3.277926612430 0.866025403784 0.500000000000
9.245462040806 5.114198934139 0.000000000000 1.000000000000
5.978392772051 8.182653113621 0.866025403784 -0.500000000000
-0.368910748399 22.815229190896 0.866025403784 0.500000000000
5.618834070613 5.077199399264 0.000000000000 1.000000000000
12.312888655717 11.953101890287 0.000000000000 1.000000000000
6.735249923249 3.109454068648 0.866025403784 -0.500000000000
-1.625590583985 7.083056050770 0.866025403784 -0.500000000000
18.082553589131 -18.718592948620 0.000000000000 1.000000000000
3.236882788819 9.339011415341 0.866025403784 -0.500000000000
18.104903557337 -1.073620355380 0.866025403784 -0.500000000000
-3.235703165423 -4.622137182681 0.000000000000 1.000000000000
0.183283197047 9.216174926278 0.000000000000 1.000000000000
9.928890009242 11.852321314695 0.866025403784 0.500000000000
7.784715777981 3.346378978540 0.866025403784 -0.500000000000
4.250538464338 5.649638418166 0.866025403784 0.500000000000
