#Configurational_file created 2018-09-14 13:48:26  started 2018-09-14 13:48:26 run for 0.0s steps 0
name: gc_326
step: 10000
specie: 16
	particle_diameter: 1.0000000000000000
	interaction_length: 1.2000000000000000
	number_of_patches: 3
	number_of_particles_per_compound: 1
	rod_length: 1.0000000000000000
	interaction_matrix:  1.000000 1.000000 1.000000 1.000000 1.000000 1.000000 1.000000 1.000000 1.000000
	patch_type: symmetric
	patch_width: 8.0000000000000000
	patch_angle: 0.0000000000000000
	angles:  0.000000 0.000000 0.000000
	grand_canonical: 1
	chemical_potential: -1.6206900000000000
box: 10.000000 10.000000
copy: 1.000000 1.000000
epsilon: 0.4310350000000000
end_epsilon: 0.0000000000000000
pressure: 1.0000000000000000
lambda: 0.0000000000000000
lambda_coupling: 1.0000000000000000
uy: 0.0000000000000000
maximum_displacement: 1.0000000000000000
maximum_rotation: 1.0000000000000000
maximum_volume: 0.0000001000000000
maximum_shape: 0.0000001000000000
maximum_dsigma: 0.0100000000000000
mod: 10
pmod: 10
optimize: 1
verbose: 1
snapshot: 0
display: 1
explore: 1
npt: 0
nptxy: 0
nptdxdy: 0
shape: 0
seed: 373453
23.556947943020 9.791497425889 0.866025403784 -0.500000000000
-3.907378221049 0.597035057619 0.866025403784 0.500000000000
13.023033403636 -3.176907366397 0.000000000000 1.000000000000
0.072464890349 -5.321360368821 0.866025403784 0.500000000000
23.797624374263 25.378027462920 0.866025403784 0.500000000000
-0.652589627267 -1.517760415464 0.000000000000 1.000000000000
-3.254355921375 6.045273418516 0.866025403784 -0.500000000000
14.648739519922 -19.503649967824 0.866025403784 0.500000000000
-1.792439672668 11.129075488444 0.866025403784 0.500000000000
7.199403079108 29.529261210980 0.000000000000 1.000000000000
0.811103778222 0.430599465725 0.000000000000 1.000000000000
5.181537887916 12.163419535180 0.866025403784 -0.500000000000
7.932229472310 3.112056404328 0.866025403784 -0.500000000000
4.962385058105 4.360446970153 0.866025403784 -0.500000000000
9.081475157315 2.358589657703 0.866025403784 0.500000000000
8.819121383033 6.825010234151 0.866025403784 -0.500000000000
