#Configurational_file created 2018-09-14 13:49:15  started 2018-09-14 13:49:14 run for 1.0s steps 0
name: gc_394
step: 10000
specie: 20
	particle_diameter: 1.0000000000000000
	interaction_length: 1.2000000000000000
	number_of_patches: 3
	number_of_particles_per_compound: 1
	rod_length: 1.0000000000000000
	interaction_matrix:  1.000000 1.000000 1.000000 1.000000 1.000000 1.000000 1.000000 1.000000 1.000000
	patch_type: symmetric
	patch_width: 8.0000000000000000
	patch_angle: 0.0000000000000000
	angles:  0.000000 0.000000 0.000000
	grand_canonical: 1
	chemical_potential: -1.2068970000000001
box: 10.000000 10.000000
copy: 1.000000 1.000000
epsilon: 0.0517250000000000
end_epsilon: 0.0000000000000000
pressure: 1.0000000000000000
lambda: 0.0000000000000000
lambda_coupling: 1.0000000000000000
uy: 0.0000000000000000
maximum_displacement: 1.0000000000000000
maximum_rotation: 1.0000000000000000
maximum_volume: 0.0000001000000000
maximum_shape: 0.0000001000000000
maximum_dsigma: 0.0100000000000000
mod: 10
pmod: 10
optimize: 1
verbose: 1
snapshot: 0
display: 1
explore: 1
npt: 0
nptxy: 0
nptdxdy: 0
shape: 0
seed: 450769
2.185554843376 8.812051699414 0.866025403784 -0.500000000000
12.011902812702 -3.276346691505 0.000000000000 1.000000000000
-3.018309730816 -8.015229922436 0.000000000000 1.000000000000
9.481532386119 -0.967780910702 0.866025403784 0.500000000000
9.352294593767 -4.690858823422 0.866025403784 0.500000000000
10.676085957138 6.761144121134 0.000000000000 1.000000000000
4.720729747077 12.709317668005 0.866025403784 -0.500000000000
4.352071553872 -2.984772645135 0.866025403784 0.500000000000
-0.173670902563 14.491197415801 0.000000000000 1.000000000000
9.880475958827 10.361218427994 0.000000000000 1.000000000000
1.945422808603 1.008621721189 0.866025403784 -0.500000000000
3.266892888133 13.872521622336 0.000000000000 1.000000000000
3.681103359579 8.944933769424 0.000000000000 1.000000000000
10.165952478251 2.594291113387 0.000000000000 1.000000000000
6.029883130762 13.248234105087 0.866025403784 -0.500000000000
5.912156596075 4.898534457261 0.866025403784 -0.500000000000
8.818798788393 -2.375437586422 0.000000000000 1.000000000000
1.781928072321 2.560396780338 0.866025403784 -0.500000000000
3.824019775775 5.867435725224 0.000000000000 1.000000000000
3.535060976863 9.485184672471 0.866025403784 -0.500000000000
