#Configurational_file created 2018-09-14 11:53:17  started 2018-09-14 11:53:16 run for 1.0s steps 0
name: gc_347
step: 10000
specie: 21
	particle_diameter: 1.0000000000000000
	interaction_length: 1.2000000000000000
	number_of_patches: 3
	number_of_particles_per_compound: 1
	rod_length: 1.0000000000000000
	interaction_matrix:  1.000000 1.000000 1.000000 1.000000 1.000000 1.000000 1.000000 1.000000 1.000000
	patch_type: symmetric
	patch_width: 8.0000000000000000
	patch_angle: 0.0000000000000000
	angles:  0.000000 0.000000 0.000000
	grand_canonical: 1
	chemical_potential: -0.8333330000000000
box: 10.000000 10.000000
copy: 1.000000 1.000000
epsilon: 0.0875000000000000
end_epsilon: 0.0000000000000000
pressure: 1.0000000000000000
lambda: 0.0000000000000000
lambda_coupling: 1.0000000000000000
uy: 0.0000000000000000
maximum_displacement: 1.0000000000000000
maximum_rotation: 1.0000000000000000
maximum_volume: 0.0000001000000000
maximum_shape: 0.0000001000000000
maximum_dsigma: 0.0100000000000000
mod: 10
pmod: 10
optimize: 1
verbose: 1
snapshot: 0
display: 1
explore: 1
npt: 0
nptxy: 0
nptdxdy: 0
shape: 0
seed: 397330
3.398665874693 5.975450776811 0.866025403784 -0.500000000000
-17.295577977392 32.323095889253 0.000000000000 1.000000000000
14.840118906678 3.400395298824 0.866025403784 -0.500000000000
15.809204894945 18.041331629165 0.866025403784 -0.500000000000
22.160270331799 -0.290752779059 0.866025403784 0.500000000000
1.007418071129 10.232048236493 0.866025403784 0.500000000000
1.635866539854 -17.237844681303 0.000000000000 1.000000000000
7.615210963931 -10.175663060835 0.866025403784 -0.500000000000
7.437994031558 4.958906209419 0.866025403784 0.500000000000
5.588735822824 -7.094905900130 0.000000000000 1.000000000000
11.106144276003 3.190762604407 0.866025403784 -0.500000000000
9.628661841652 14.266869250819 0.866025403784 -0.500000000000
-1.235028435763 5.416235780771 0.866025403784 -0.500000000000
10.470874659713 -8.453732101800 0.866025403784 -0.500000000000
-4.114971873340 7.649528116326 0.000000000000 1.000000000000
7.229618236785 -6.744309234902 0.000000000000 1.000000000000
6.540808463275 10.233469809361 0.866025403784 -0.500000000000
4.809491755990 -2.745709074167 0.000000000000 1.000000000000
3.154191710741 4.898885963258 0.866025403784 0.500000000000
4.676287928228 5.327498725424 0.866025403784 -0.500000000000
9.054929563272 3.312309493011 0.000000000000 1.000000000000
