#Configurational_file created 2018-09-14 11:53:11  started 2018-09-14 11:53:10 run for 1.0s steps 0
name: gc_339
step: 10000
specie: 19
	particle_diameter: 1.0000000000000000
	interaction_length: 1.2000000000000000
	number_of_patches: 3
	number_of_particles_per_compound: 1
	rod_length: 1.0000000000000000
	interaction_matrix:  1.000000 1.000000 1.000000 1.000000 1.000000 1.000000 1.000000 1.000000 1.000000
	patch_type: symmetric
	patch_width: 8.0000000000000000
	patch_angle: 0.0000000000000000
	angles:  0.000000 0.000000 0.000000
	grand_canonical: 1
	chemical_potential: -0.8333330000000000
box: 10.000000 10.000000
copy: 1.000000 1.000000
epsilon: 0.0541670000000000
end_epsilon: 0.0000000000000000
pressure: 1.0000000000000000
lambda: 0.0000000000000000
lambda_coupling: 1.0000000000000000
uy: 0.0000000000000000
maximum_displacement: 1.0000000000000000
maximum_rotation: 1.0000000000000000
maximum_volume: 0.0000001000000000
maximum_shape: 0.0000001000000000
maximum_dsigma: 0.0100000000000000
mod: 10
pmod: 10
optimize: 1
verbose: 1
snapshot: 0
display: 1
explore: 1
npt: 0
nptxy: 0
nptdxdy: 0
shape: 0
seed: 388234
5.095559463926 13.283586088448 0.866025403784 -0.500000000000
-4.918863934474 -0.047391658766 0.000000000000 1.000000000000
1.921694316942 16.168875919019 0.866025403784 -0.500000000000
-4.329745769663 7.914150873428 0.000000000000 1.000000000000
14.234008764465 2.427709498085 0.000000000000 1.000000000000
4.440950071862 5.192476404704 0.866025403784 -0.500000000000
1.352271278735 4.791132897681 0.866025403784 0.500000000000
17.123853065501 7.238743600395 0.866025403784 0.500000000000
17.697668787733 -10.881027559129 0.000000000000 1.000000000000
-2.346825737323 11.661790237238 0.866025403784 -0.500000000000
22.520120540823 -16.831341084710 0.000000000000 1.000000000000
8.543879114730 -2.333432526485 0.000000000000 1.000000000000
1.923011948448 8.204151016874 0.866025403784 -0.500000000000
4.138750938922 -0.088230424827 0.866025403784 0.500000000000
6.507885866247 12.241420032833 0.866025403784 -0.500000000000
6.755502453205 5.767760112059 0.000000000000 1.000000000000
-11.300489852994 0.667940484827 0.866025403784 -0.500000000000
0.778646338187 0.470538372545 0.000000000000 1.000000000000
2.415423045011 0.815915105860 0.866025403784 -0.500000000000
