#Configurational_file created 2018-09-14 13:48:37  started 2018-09-14 13:48:36 run for 1.0s steps 0
name: gc_341
step: 10000
specie: 20
	particle_diameter: 1.0000000000000000
	interaction_length: 1.2000000000000000
	number_of_patches: 3
	number_of_particles_per_compound: 1
	rod_length: 1.0000000000000000
	interaction_matrix:  1.000000 1.000000 1.000000 1.000000 1.000000 1.000000 1.000000 1.000000 1.000000
	patch_type: symmetric
	patch_width: 8.0000000000000000
	patch_angle: 0.0000000000000000
	angles:  0.000000 0.000000 0.000000
	grand_canonical: 1
	chemical_potential: -1.4827589999999999
box: 10.000000 10.000000
copy: 1.000000 1.000000
epsilon: 0.1724140000000000
end_epsilon: 0.0000000000000000
pressure: 1.0000000000000000
lambda: 0.0000000000000000
lambda_coupling: 1.0000000000000000
uy: 0.0000000000000000
maximum_displacement: 1.0000000000000000
maximum_rotation: 1.0000000000000000
maximum_volume: 0.0000001000000000
maximum_shape: 0.0000001000000000
maximum_dsigma: 0.0100000000000000
mod: 10
pmod: 10
optimize: 1
verbose: 1
snapshot: 0
display: 1
explore: 1
npt: 0
nptxy: 0
nptdxdy: 0
shape: 0
seed: 390508
-0.827867227628 2.910089097582 0.866025403784 -0.500000000000
10.450686885767 4.089913513086 0.000000000000 1.000000000000
22.860263676576 -0.233193384505 0.000000000000 1.000000000000
3.266083148042 2.141239230357 0.866025403784 0.500000000000
-1.137398429672 -1.888834956825 0.866025403784 0.500000000000
-2.975104630292 7.833637420338 0.000000000000 1.000000000000
4.503671513874 0.584621379573 0.866025403784 -0.500000000000
9.719501954376 7.245206556629 0.000000000000 1.000000000000
14.116235582707 6.651229962558 0.866025403784 -0.500000000000
-4.062442155651 13.554919796710 0.866025403784 0.500000000000
3.178760077956 -4.256839914551 0.866025403784 -0.500000000000
4.054743636566 10.030491941100 0.000000000000 1.000000000000
8.465313051693 6.121347488939 0.866025403784 -0.500000000000
10.879217341543 -1.602318365554 0.866025403784 -0.500000000000
8.024028005003 14.821173212747 0.866025403784 0.500000000000
1.703141994873 -0.858344324264 0.866025403784 -0.500000000000
7.941827081785 9.679329820959 0.866025403784 0.500000000000
6.109126680221 10.613500572690 0.866025403784 0.500000000000
6.628719891781 5.199514128368 0.866025403784 -0.500000000000
0.943148316628 2.352286086615 0.866025403784 0.500000000000
