#Configurational_file created 2018-09-14 11:22:02  started 2018-09-14 11:22:02 run for 0.0s steps 0
name: gc_35
step: 10000
specie: 6
	particle_diameter: 1.0000000000000000
	interaction_length: 1.2000000000000000
	number_of_patches: 3
	number_of_particles_per_compound: 1
	rod_length: 1.0000000000000000
	interaction_matrix:  1.000000 1.000000 1.000000 1.000000 1.000000 1.000000 1.000000 1.000000 1.000000
	patch_type: symmetric
	patch_width: 8.0000000000000000
	patch_angle: 0.0000000000000000
	angles:  0.000000 0.000000 0.000000
	grand_canonical: 1
	chemical_potential: -2.8333330000000001
box: 10.000000 10.000000
copy: 1.000000 1.000000
epsilon: 0.7500620000000000
end_epsilon: 0.0000000000000000
pressure: 1.0000000000000000
lambda: 0.0000000000000000
lambda_coupling: 1.0000000000000000
uy: 0.0000000000000000
maximum_displacement: 1.0000000000000000
maximum_rotation: 1.0000000000000000
maximum_volume: 0.0000001000000000
maximum_shape: 0.0000001000000000
maximum_dsigma: 0.0100000000000000
mod: 10
pmod: 10
optimize: 1
verbose: 1
snapshot: 0
display: 1
explore: 1
npt: 0
nptxy: 0
nptdxdy: 0
shape: 0
seed: 42586
3.298448036462 0.069138012722 0.866025403784 -0.500000000000
19.889359626830 17.184922804972 0.866025403784 0.500000000000
11.083050354963 9.692549067577 0.866025403784 -0.500000000000
8.761013757545 -1.238741933980 0.866025403784 0.500000000000
1.774197356598 3.719881684592 0.000000000000 1.000000000000
8.577785718502 9.275849139890 0.866025403784 -0.500000000000
