#Configurational_file created 2018-09-14 11:25:03  started 2018-09-14 11:25:02 run for 1.0s steps 0
name: gc_304
step: 10000
specie: 18
	particle_diameter: 1.0000000000000000
	interaction_length: 1.2000000000000000
	number_of_patches: 3
	number_of_particles_per_compound: 1
	rod_length: 1.0000000000000000
	interaction_matrix:  1.000000 1.000000 1.000000 1.000000 1.000000 1.000000 1.000000 1.000000 1.000000
	patch_type: symmetric
	patch_width: 8.0000000000000000
	patch_angle: 0.0000000000000000
	angles:  0.000000 0.000000 0.000000
	grand_canonical: 1
	chemical_potential: -1.0000000000000000
box: 10.000000 10.000000
copy: 1.000000 1.000000
epsilon: 0.2500870000000000
end_epsilon: 0.0000000000000000
pressure: 1.0000000000000000
lambda: 0.0000000000000000
lambda_coupling: 1.0000000000000000
uy: 0.0000000000000000
maximum_displacement: 1.0000000000000000
maximum_rotation: 1.0000000000000000
maximum_volume: 0.0000001000000000
maximum_shape: 0.0000001000000000
maximum_dsigma: 0.0100000000000000
mod: 10
pmod: 10
optimize: 1
verbose: 1
snapshot: 0
display: 1
explore: 1
npt: 0
nptxy: 0
nptdxdy: 0
shape: 0
seed: 348439
1.256908622800 1.716283238695 0.866025403784 0.500000000000
13.346309378845 0.483796731255 0.866025403784 0.500000000000
7.801035562288 7.875329621896 0.866025403784 -0.500000000000
9.976025191177 5.578580597266 0.000000000000 1.000000000000
4.635353379718 -6.059655831189 0.000000000000 1.000000000000
4.674099196114 6.471141527948 0.866025403784 -0.500000000000
13.877872881379 -0.814583411201 0.000000000000 1.000000000000
9.195809125581 -2.031736628959 0.000000000000 1.000000000000
19.577822830720 20.220986070993 0.866025403784 0.500000000000
0.435300983551 -0.586630567485 0.866025403784 0.500000000000
3.902436134101 1.808511661201 0.000000000000 1.000000000000
9.041926416648 13.881165281513 0.866025403784 -0.500000000000
-11.441409133559 15.748360927059 0.000000000000 1.000000000000
-0.335085125719 2.655794587204 0.866025403784 0.500000000000
17.012032277596 10.333913267020 0.866025403784 -0.500000000000
12.218432946603 13.718216128963 0.866025403784 0.500000000000
5.001991767466 12.668451050717 0.866025403784 0.500000000000
5.448796802371 6.816621742394 0.000000000000 1.000000000000
