#Configurational_file created 2018-09-14 11:53:55  started 2018-09-14 11:53:54 run for 1.0s steps 0
name: gc_393
step: 10000
specie: 20
	particle_diameter: 1.0000000000000000
	interaction_length: 1.2000000000000000
	number_of_patches: 3
	number_of_particles_per_compound: 1
	rod_length: 1.0000000000000000
	interaction_matrix:  1.000000 1.000000 1.000000 1.000000 1.000000 1.000000 1.000000 1.000000 1.000000
	patch_type: symmetric
	patch_width: 8.0000000000000000
	patch_angle: 0.0000000000000000
	angles:  0.000000 0.000000 0.000000
	grand_canonical: 1
	chemical_potential: -0.5000000000000000
box: 10.000000 10.000000
copy: 1.000000 1.000000
epsilon: 0.0708340000000000
end_epsilon: 0.0000000000000000
pressure: 1.0000000000000000
lambda: 0.0000000000000000
lambda_coupling: 1.0000000000000000
uy: 0.0000000000000000
maximum_displacement: 1.0000000000000000
maximum_rotation: 1.0000000000000000
maximum_volume: 0.0000001000000000
maximum_shape: 0.0000001000000000
maximum_dsigma: 0.0100000000000000
mod: 10
pmod: 10
optimize: 1
verbose: 1
snapshot: 0
display: 1
explore: 1
npt: 0
nptxy: 0
nptdxdy: 0
shape: 0
seed: 449632
5.696378895693 6.959570364322 0.866025403784 -0.500000000000
2.699218336510 15.739028171789 0.866025403784 -0.500000000000
16.916172771009 12.187703342419 0.866025403784 -0.500000000000
10.801925591997 9.644170760874 0.866025403784 -0.500000000000
24.503577800173 20.854970965624 0.866025403784 0.500000000000
-2.127385653582 21.534364440011 0.866025403784 0.500000000000
1.506689860172 7.942438730431 0.000000000000 1.000000000000
11.766257651774 -7.302236008845 0.000000000000 1.000000000000
13.820084455205 29.155211240246 0.866025403784 0.500000000000
9.618831611107 -0.803124202760 0.866025403784 0.500000000000
4.106541121336 2.554978326525 0.866025403784 -0.500000000000
5.093793322494 2.590418829042 0.000000000000 1.000000000000
-5.509901622809 -3.306232354314 0.000000000000 1.000000000000
4.080698743291 17.676096104247 0.866025403784 -0.500000000000
1.956810299791 10.710504178443 0.866025403784 0.500000000000
10.741170578898 7.113202176702 0.866025403784 0.500000000000
23.423776973164 36.649512214667 0.000000000000 1.000000000000
15.221547453459 4.282314215183 0.000000000000 1.000000000000
7.999361353451 8.518566458292 0.866025403784 0.500000000000
6.218350903811 4.080197290112 0.000000000000 1.000000000000
