#Configurational_file created 2018-09-14 11:53:34  started 2018-09-14 11:53:33 run for 1.0s steps 0
name: gc_368
step: 10000
specie: 20
	particle_diameter: 1.0000000000000000
	interaction_length: 1.2000000000000000
	number_of_patches: 3
	number_of_particles_per_compound: 1
	rod_length: 1.0000000000000000
	interaction_matrix:  1.000000 1.000000 1.000000 1.000000 1.000000 1.000000 1.000000 1.000000 1.000000
	patch_type: symmetric
	patch_width: 8.0000000000000000
	patch_angle: 0.0000000000000000
	angles:  0.000000 0.000000 0.000000
	grand_canonical: 1
	chemical_potential: -0.6666670000000000
box: 10.000000 10.000000
copy: 1.000000 1.000000
epsilon: 0.0708340000000000
end_epsilon: 0.0000000000000000
pressure: 1.0000000000000000
lambda: 0.0000000000000000
lambda_coupling: 1.0000000000000000
uy: 0.0000000000000000
maximum_displacement: 1.0000000000000000
maximum_rotation: 1.0000000000000000
maximum_volume: 0.0000001000000000
maximum_shape: 0.0000001000000000
maximum_dsigma: 0.0100000000000000
mod: 10
pmod: 10
optimize: 1
verbose: 1
snapshot: 0
display: 1
explore: 1
npt: 0
nptxy: 0
nptdxdy: 0
shape: 0
seed: 421207
7.089328672661 11.529576184620 0.866025403784 0.500000000000
11.921726184289 5.520567016315 0.866025403784 0.500000000000
14.622426891720 -4.382995858000 0.866025403784 0.500000000000
0.663878814974 5.318285396166 0.866025403784 0.500000000000
24.656180748005 12.603273202550 0.866025403784 -0.500000000000
19.576202851922 1.829005084446 0.866025403784 0.500000000000
-0.244675349909 24.177241745242 0.866025403784 0.500000000000
5.195185948456 11.934848076196 0.000000000000 1.000000000000
4.882506027186 7.190848418686 0.000000000000 1.000000000000
-12.826319578789 17.505270254328 0.000000000000 1.000000000000
2.818004802458 8.784990241680 0.000000000000 1.000000000000
-6.503832754400 10.836912824574 0.000000000000 1.000000000000
12.885809435895 26.638030321670 0.000000000000 1.000000000000
2.821111793332 4.327841394856 0.866025403784 0.500000000000
20.436959394419 0.458253706226 0.866025403784 0.500000000000
11.655029171289 7.347666117231 0.866025403784 0.500000000000
13.601274795249 3.256048797464 0.866025403784 0.500000000000
0.647474951182 8.176316965876 0.866025403784 -0.500000000000
-2.739272711014 0.043097680026 0.000000000000 1.000000000000
1.418086111211 1.105339024707 0.000000000000 1.000000000000
