#Configurational_file created 2018-09-14 13:48:28  started 2018-09-14 13:48:28 run for 0.0s steps 0
name: gc_329
step: 10000
specie: 9
	particle_diameter: 1.0000000000000000
	interaction_length: 1.2000000000000000
	number_of_patches: 3
	number_of_particles_per_compound: 1
	rod_length: 1.0000000000000000
	interaction_matrix:  1.000000 1.000000 1.000000 1.000000 1.000000 1.000000 1.000000 1.000000 1.000000
	patch_type: symmetric
	patch_width: 8.0000000000000000
	patch_angle: 0.0000000000000000
	angles:  0.000000 0.000000 0.000000
	grand_canonical: 1
	chemical_potential: -1.6206900000000000
box: 10.000000 10.000000
copy: 1.000000 1.000000
epsilon: 0.4827590000000000
end_epsilon: 0.0000000000000000
pressure: 1.0000000000000000
lambda: 0.0000000000000000
lambda_coupling: 1.0000000000000000
uy: 0.0000000000000000
maximum_displacement: 1.0000000000000000
maximum_rotation: 1.0000000000000000
maximum_volume: 0.0000001000000000
maximum_shape: 0.0000001000000000
maximum_dsigma: 0.0100000000000000
mod: 10
pmod: 10
optimize: 1
verbose: 1
snapshot: 0
display: 1
explore: 1
npt: 0
nptxy: 0
nptdxdy: 0
shape: 0
seed: 376864
12.502686466181 -0.318659999663 0.866025403784 -0.500000000000
7.607266849130 -6.135972562432 0.866025403784 -0.500000000000
7.351028639116 9.815683324356 0.000000000000 1.000000000000
-8.552824628538 12.070418756153 0.000000000000 1.000000000000
6.682523405671 -1.432052657926 0.000000000000 1.000000000000
2.240491984437 7.083773223047 0.000000000000 1.000000000000
4.684441821515 14.724069726681 0.866025403784 -0.500000000000
-2.351730771974 0.252511989576 0.866025403784 -0.500000000000
9.435274124673 3.372256961538 0.866025403784 -0.500000000000
