#Configurational_file created 2018-09-14 11:52:48  started 2018-09-14 11:52:48 run for 0.0s steps 0
name: gc_311
step: 10000
specie: 20
	particle_diameter: 1.0000000000000000
	interaction_length: 1.2000000000000000
	number_of_patches: 3
	number_of_particles_per_compound: 1
	rod_length: 1.0000000000000000
	interaction_matrix:  1.000000 1.000000 1.000000 1.000000 1.000000 1.000000 1.000000 1.000000 1.000000
	patch_type: symmetric
	patch_width: 8.0000000000000000
	patch_angle: 0.0000000000000000
	angles:  0.000000 0.000000 0.000000
	grand_canonical: 1
	chemical_potential: -1.0000000000000000
box: 10.000000 10.000000
copy: 1.000000 1.000000
epsilon: 0.0416670000000000
end_epsilon: 0.0000000000000000
pressure: 1.0000000000000000
lambda: 0.0000000000000000
lambda_coupling: 1.0000000000000000
uy: 0.0000000000000000
maximum_displacement: 1.0000000000000000
maximum_rotation: 1.0000000000000000
maximum_volume: 0.0000001000000000
maximum_shape: 0.0000001000000000
maximum_dsigma: 0.0100000000000000
mod: 10
pmod: 10
optimize: 1
verbose: 1
snapshot: 0
display: 1
explore: 1
npt: 0
nptxy: 0
nptdxdy: 0
shape: 0
seed: 356398
-0.283210770999 6.330747038889 0.866025403784 0.500000000000
0.973126700307 15.348538943661 0.866025403784 -0.500000000000
12.122988221688 17.697747799574 0.866025403784 -0.500000000000
-12.938306039995 -22.801361016351 0.000000000000 1.000000000000
2.515232082760 9.157553979081 0.866025403784 -0.500000000000
3.988938957548 10.616641280324 0.866025403784 0.500000000000
6.440794205908 -2.627369755550 0.866025403784 0.500000000000
-0.618294818891 -0.569440982131 0.866025403784 0.500000000000
-1.798307690883 11.670747175348 0.000000000000 1.000000000000
16.557697801444 8.131104758902 0.866025403784 -0.500000000000
-14.715699581662 3.867333803228 0.866025403784 0.500000000000
-4.865760419720 -1.055513583150 0.866025403784 0.500000000000
6.934799049356 -0.863697623727 0.866025403784 -0.500000000000
-3.572933590894 11.894728862503 0.000000000000 1.000000000000
0.697676385028 11.828063172979 0.866025403784 0.500000000000
4.586748089202 2.011813729368 0.866025403784 -0.500000000000
5.590494132900 0.516935484013 0.866025403784 -0.500000000000
8.209881493473 5.015306554393 0.000000000000 1.000000000000
1.737349704257 2.785464691128 0.000000000000 1.000000000000
5.131532992386 6.467037746370 0.000000000000 1.000000000000
