#Configurational_file created 2018-09-14 13:48:34  started 2018-09-14 13:48:33 run for 1.0s steps 0
name: gc_337
step: 10000
specie: 13
	particle_diameter: 1.0000000000000000
	interaction_length: 1.2000000000000000
	number_of_patches: 3
	number_of_particles_per_compound: 1
	rod_length: 1.0000000000000000
	interaction_matrix:  1.000000 1.000000 1.000000 1.000000 1.000000 1.000000 1.000000 1.000000 1.000000
	patch_type: symmetric
	patch_width: 8.0000000000000000
	patch_angle: 0.0000000000000000
	angles:  0.000000 0.000000 0.000000
	grand_canonical: 1
	chemical_potential: -1.4827589999999999
box: 10.000000 10.000000
copy: 1.000000 1.000000
epsilon: 0.1034490000000000
end_epsilon: 0.0000000000000000
pressure: 1.0000000000000000
lambda: 0.0000000000000000
lambda_coupling: 1.0000000000000000
uy: 0.0000000000000000
maximum_displacement: 1.0000000000000000
maximum_rotation: 1.0000000000000000
maximum_volume: 0.0000001000000000
maximum_shape: 0.0000001000000000
maximum_dsigma: 0.0100000000000000
mod: 10
pmod: 10
optimize: 1
verbose: 1
snapshot: 0
display: 1
explore: 1
npt: 0
nptxy: 0
nptdxdy: 0
shape: 0
seed: 385960
-3.806848820722 6.392138641170 0.000000000000 1.000000000000
1.788910224202 -9.285178622830 0.866025403784 -0.500000000000
8.823840294866 8.496497925307 0.000000000000 1.000000000000
0.864904087625 -12.814167507793 0.866025403784 0.500000000000
12.374522137506 -1.783272908702 0.866025403784 -0.500000000000
14.148890124281 14.839885958531 0.866025403784 0.500000000000
9.015468311459 11.732165234421 0.866025403784 0.500000000000
-1.149310744747 2.377960638736 0.866025403784 -0.500000000000
0.263196530110 5.492385155358 0.000000000000 1.000000000000
7.749192831053 8.477898903351 0.866025403784 -0.500000000000
0.814000085432 -1.056550271930 0.000000000000 1.000000000000
8.492775846849 5.100558125146 0.866025403784 -0.500000000000
7.291667759237 2.430808718817 0.866025403784 0.500000000000
