#Configurational_file created 2018-09-14 11:53:30  started 2018-09-14 11:53:29 run for 1.0s steps 0
name: gc_363
step: 10000
specie: 18
	particle_diameter: 1.0000000000000000
	interaction_length: 1.2000000000000000
	number_of_patches: 3
	number_of_particles_per_compound: 1
	rod_length: 1.0000000000000000
	interaction_matrix:  1.000000 1.000000 1.000000 1.000000 1.000000 1.000000 1.000000 1.000000 1.000000
	patch_type: symmetric
	patch_width: 8.0000000000000000
	patch_angle: 0.0000000000000000
	angles:  0.000000 0.000000 0.000000
	grand_canonical: 1
	chemical_potential: -0.6666670000000000
box: 10.000000 10.000000
copy: 1.000000 1.000000
epsilon: 0.0500010000000000
end_epsilon: 0.0000000000000000
pressure: 1.0000000000000000
lambda: 0.0000000000000000
lambda_coupling: 1.0000000000000000
uy: 0.0000000000000000
maximum_displacement: 1.0000000000000000
maximum_rotation: 1.0000000000000000
maximum_volume: 0.0000001000000000
maximum_shape: 0.0000001000000000
maximum_dsigma: 0.0100000000000000
mod: 10
pmod: 10
optimize: 1
verbose: 1
snapshot: 0
display: 1
explore: 1
npt: 0
nptxy: 0
nptdxdy: 0
shape: 0
seed: 415522
4.417852433978 7.399679103746 0.000000000000 1.000000000000
13.914968831886 -0.328825657422 0.866025403784 -0.500000000000
13.049841627202 5.573640271458 0.000000000000 1.000000000000
14.241510560715 -1.197998463154 0.000000000000 1.000000000000
8.819284030883 11.479239688426 0.000000000000 1.000000000000
0.121354585451 10.921770405209 0.000000000000 1.000000000000
0.908090177042 -0.449910877446 0.000000000000 1.000000000000
8.065701272617 5.005752291886 0.000000000000 1.000000000000
5.329812444267 6.595257224230 0.000000000000 1.000000000000
5.828584115799 6.931476588172 0.866025403784 -0.500000000000
-1.331750880147 -4.235817004813 0.866025403784 -0.500000000000
1.051998858534 12.027740210790 0.866025403784 -0.500000000000
2.467476411349 -1.337334716472 0.000000000000 1.000000000000
15.928353380641 18.816674639907 0.866025403784 0.500000000000
25.281903308604 3.173508226540 0.866025403784 0.500000000000
6.965694336684 4.965608258876 0.000000000000 1.000000000000
10.290730500535 4.516734910654 0.000000000000 1.000000000000
24.310666473950 3.717695018234 0.866025403784 0.500000000000
