#Configurational_file created 2018-09-14 11:52:45  started 2018-09-14 11:52:44 run for 1.0s steps 0
name: gc_307
step: 10000
specie: 18
	particle_diameter: 1.0000000000000000
	interaction_length: 1.2000000000000000
	number_of_patches: 3
	number_of_particles_per_compound: 1
	rod_length: 1.0000000000000000
	interaction_matrix:  1.000000 1.000000 1.000000 1.000000 1.000000 1.000000 1.000000 1.000000 1.000000
	patch_type: symmetric
	patch_width: 8.0000000000000000
	patch_angle: 0.0000000000000000
	angles:  0.000000 0.000000 0.000000
	grand_canonical: 1
	chemical_potential: -1.0000000000000000
box: 10.000000 10.000000
copy: 1.000000 1.000000
epsilon: 0.0250010000000000
end_epsilon: 0.0000000000000000
pressure: 1.0000000000000000
lambda: 0.0000000000000000
lambda_coupling: 1.0000000000000000
uy: 0.0000000000000000
maximum_displacement: 1.0000000000000000
maximum_rotation: 1.0000000000000000
maximum_volume: 0.0000001000000000
maximum_shape: 0.0000001000000000
maximum_dsigma: 0.0100000000000000
mod: 10
pmod: 10
optimize: 1
verbose: 1
snapshot: 0
display: 1
explore: 1
npt: 0
nptxy: 0
nptdxdy: 0
shape: 0
seed: 351850
6.245956620186 0.980744648987 0.866025403784 0.500000000000
2.936321310921 1.816113250455 0.000000000000 1.000000000000
4.050693629743 6.426040932024 0.866025403784 -0.500000000000
9.935808408212 1.369441534051 0.866025403784 -0.500000000000
20.864340541667 -7.775879118475 0.866025403784 -0.500000000000
-7.036108587307 10.099927088848 0.866025403784 0.500000000000
9.796045831951 0.283699492464 0.866025403784 -0.500000000000
1.998822176008 -6.632125895457 0.866025403784 0.500000000000
8.939044017267 -10.136125394796 0.000000000000 1.000000000000
10.917445104730 -0.920186429690 0.866025403784 0.500000000000
9.887410138612 7.803941605750 0.866025403784 -0.500000000000
6.213518785039 6.680550805096 0.866025403784 -0.500000000000
2.922262739632 4.057716973737 0.000000000000 1.000000000000
10.454386356979 -3.491552998576 0.866025403784 -0.500000000000
10.761109839326 4.764252702036 0.000000000000 1.000000000000
11.223194523318 10.179742049189 0.000000000000 1.000000000000
9.802366228970 14.912236147114 0.866025403784 0.500000000000
9.647560470959 3.069329483559 0.866025403784 -0.500000000000
