#Configurational_file created 2018-09-14 11:53:16  started 2018-09-14 11:53:15 run for 1.0s steps 0
name: gc_346
step: 10000
specie: 20
	particle_diameter: 1.0000000000000000
	interaction_length: 1.2000000000000000
	number_of_patches: 3
	number_of_particles_per_compound: 1
	rod_length: 1.0000000000000000
	interaction_matrix:  1.000000 1.000000 1.000000 1.000000 1.000000 1.000000 1.000000 1.000000 1.000000
	patch_type: symmetric
	patch_width: 8.0000000000000000
	patch_angle: 0.0000000000000000
	angles:  0.000000 0.000000 0.000000
	grand_canonical: 1
	chemical_potential: -0.8333330000000000
box: 10.000000 10.000000
copy: 1.000000 1.000000
epsilon: 0.0833340000000000
end_epsilon: 0.0000000000000000
pressure: 1.0000000000000000
lambda: 0.0000000000000000
lambda_coupling: 1.0000000000000000
uy: 0.0000000000000000
maximum_displacement: 1.0000000000000000
maximum_rotation: 1.0000000000000000
maximum_volume: 0.0000001000000000
maximum_shape: 0.0000001000000000
maximum_dsigma: 0.0100000000000000
mod: 10
pmod: 10
optimize: 1
verbose: 1
snapshot: 0
display: 1
explore: 1
npt: 0
nptxy: 0
nptdxdy: 0
shape: 0
seed: 396193
2.840353444554 -1.111807862224 0.000000000000 1.000000000000
22.491781702963 10.744265048442 0.866025403784 -0.500000000000
6.370585329664 7.412790826172 0.866025403784 0.500000000000
8.702063259330 -0.089117896618 0.866025403784 -0.500000000000
-4.333404105518 14.426470840316 0.866025403784 0.500000000000
-5.835027898691 -1.124139774583 0.866025403784 -0.500000000000
0.920814352074 18.787964844110 0.000000000000 1.000000000000
1.190565834928 10.195475154266 0.000000000000 1.000000000000
47.759317428415 12.079123874506 0.866025403784 -0.500000000000
7.912581247007 1.678208238375 0.000000000000 1.000000000000
-10.690096986414 -15.185877853361 0.000000000000 1.000000000000
-1.150715052550 16.779136911442 0.866025403784 0.500000000000
4.169074615248 4.406094778705 0.866025403784 0.500000000000
16.819743480634 10.315360331067 0.866025403784 0.500000000000
7.082792055000 4.527878335572 0.866025403784 0.500000000000
14.124083060532 -0.088629177415 0.866025403784 -0.500000000000
3.967483865970 5.361232093256 0.866025403784 -0.500000000000
4.658374745571 8.030111763542 0.000000000000 1.000000000000
8.013567879959 4.407498689355 0.866025403784 -0.500000000000
7.106221517559 7.679015727892 0.866025403784 -0.500000000000
