#Configurational_file created 2018-09-14 11:25:25  started 2018-09-14 11:25:24 run for 1.0s steps 0
name: gc_333
step: 10000
specie: 17
	particle_diameter: 1.0000000000000000
	interaction_length: 1.2000000000000000
	number_of_patches: 3
	number_of_particles_per_compound: 1
	rod_length: 1.0000000000000000
	interaction_matrix:  1.000000 1.000000 1.000000 1.000000 1.000000 1.000000 1.000000 1.000000 1.000000
	patch_type: symmetric
	patch_width: 8.0000000000000000
	patch_angle: 0.0000000000000000
	angles:  0.000000 0.000000 0.000000
	grand_canonical: 1
	chemical_potential: -0.8333330000000000
box: 10.000000 10.000000
copy: 1.000000 1.000000
epsilon: 0.5834040000000000
end_epsilon: 0.0000000000000000
pressure: 1.0000000000000000
lambda: 0.0000000000000000
lambda_coupling: 1.0000000000000000
uy: 0.0000000000000000
maximum_displacement: 1.0000000000000000
maximum_rotation: 1.0000000000000000
maximum_volume: 0.0000001000000000
maximum_shape: 0.0000001000000000
maximum_dsigma: 0.0100000000000000
mod: 10
pmod: 10
optimize: 1
verbose: 1
snapshot: 0
display: 1
explore: 1
npt: 0
nptxy: 0
nptdxdy: 0
shape: 0
seed: 381412
1.137828153886 5.404146233351 0.866025403784 0.500000000000
3.614470684916 2.489102463950 0.866025403784 0.500000000000
12.894316322180 11.665186154575 0.866025403784 0.500000000000
17.103804110434 12.653729050331 0.866025403784 0.500000000000
3.293244586746 -0.075936639453 0.000000000000 1.000000000000
2.870040855440 -0.084075201115 0.866025403784 -0.500000000000
5.105415886990 8.715718315047 0.866025403784 -0.500000000000
-10.102401136043 6.329467629557 0.866025403784 -0.500000000000
-24.191313882840 -19.870522144826 0.000000000000 1.000000000000
-1.613649566304 7.584787052603 0.000000000000 1.000000000000
-0.271414631302 11.800055201076 0.866025403784 -0.500000000000
1.340632838188 11.526607753522 0.866025403784 0.500000000000
16.356782222931 -2.900185740403 0.000000000000 1.000000000000
-3.013078474533 -1.477717253372 0.000000000000 1.000000000000
11.046044556198 4.486698111661 0.000000000000 1.000000000000
2.379024443698 -3.762873682405 0.000000000000 1.000000000000
3.796900662852 4.767934569910 0.000000000000 1.000000000000
