#Configurational_file created 2018-09-14 11:53:15  started 2018-09-14 11:53:15 run for 0.0s steps 0
name: gc_345
step: 10000
specie: 15
	particle_diameter: 1.0000000000000000
	interaction_length: 1.2000000000000000
	number_of_patches: 3
	number_of_particles_per_compound: 1
	rod_length: 1.0000000000000000
	interaction_matrix:  1.000000 1.000000 1.000000 1.000000 1.000000 1.000000 1.000000 1.000000 1.000000
	patch_type: symmetric
	patch_width: 8.0000000000000000
	patch_angle: 0.0000000000000000
	angles:  0.000000 0.000000 0.000000
	grand_canonical: 1
	chemical_potential: -0.8333330000000000
box: 10.000000 10.000000
copy: 1.000000 1.000000
epsilon: 0.0791670000000000
end_epsilon: 0.0000000000000000
pressure: 1.0000000000000000
lambda: 0.0000000000000000
lambda_coupling: 1.0000000000000000
uy: 0.0000000000000000
maximum_displacement: 1.0000000000000000
maximum_rotation: 1.0000000000000000
maximum_volume: 0.0000001000000000
maximum_shape: 0.0000001000000000
maximum_dsigma: 0.0100000000000000
mod: 10
pmod: 10
optimize: 1
verbose: 1
snapshot: 0
display: 1
explore: 1
npt: 0
nptxy: 0
nptdxdy: 0
shape: 0
seed: 395056
7.950071779823 4.595377998165 0.000000000000 1.000000000000
6.502484857453 6.826634526122 0.000000000000 1.000000000000
9.725522916996 12.949465442361 0.866025403784 -0.500000000000
0.935425769833 -1.782831442616 0.866025403784 0.500000000000
-2.991092715352 11.129714558637 0.866025403784 -0.500000000000
4.321522755911 2.976068443728 0.866025403784 -0.500000000000
-5.314908248376 2.326770041292 0.000000000000 1.000000000000
-5.507517985996 -12.852038329922 0.000000000000 1.000000000000
16.887445951032 17.833108645158 0.000000000000 1.000000000000
4.477381997939 11.188976842137 0.000000000000 1.000000000000
21.527645190840 -6.219013667563 0.866025403784 -0.500000000000
11.092900382969 -7.494436890826 0.866025403784 0.500000000000
13.215163473058 5.026786773994 0.000000000000 1.000000000000
2.840088120490 1.163442136604 0.866025403784 -0.500000000000
8.782080147358 2.605770402474 0.866025403784 -0.500000000000
