#Configurational_file created 2018-09-14 11:25:05  started 2018-09-14 11:25:04 run for 1.0s steps 0
name: gc_307
step: 10000
specie: 16
	particle_diameter: 1.0000000000000000
	interaction_length: 1.2000000000000000
	number_of_patches: 3
	number_of_particles_per_compound: 1
	rod_length: 1.0000000000000000
	interaction_matrix:  1.000000 1.000000 1.000000 1.000000 1.000000 1.000000 1.000000 1.000000 1.000000
	patch_type: symmetric
	patch_width: 8.0000000000000000
	patch_angle: 0.0000000000000000
	angles:  0.000000 0.000000 0.000000
	grand_canonical: 1
	chemical_potential: -1.0000000000000000
box: 10.000000 10.000000
copy: 1.000000 1.000000
epsilon: 0.5000750000000000
end_epsilon: 0.0000000000000000
pressure: 1.0000000000000000
lambda: 0.0000000000000000
lambda_coupling: 1.0000000000000000
uy: 0.0000000000000000
maximum_displacement: 1.0000000000000000
maximum_rotation: 1.0000000000000000
maximum_volume: 0.0000001000000000
maximum_shape: 0.0000001000000000
maximum_dsigma: 0.0100000000000000
mod: 10
pmod: 10
optimize: 1
verbose: 1
snapshot: 0
display: 1
explore: 1
npt: 0
nptxy: 0
nptdxdy: 0
shape: 0
seed: 351850
9.770469521046 -0.599646505348 0.866025403784 0.500000000000
-13.027179470135 13.887423168553 0.866025403784 0.500000000000
8.787391878363 0.357846120647 0.866025403784 0.500000000000
5.810897346766 13.048627415990 0.000000000000 1.000000000000
10.907511143079 1.567916624447 0.866025403784 0.500000000000
8.529244826964 7.143013052738 0.866025403784 0.500000000000
8.739824025721 7.642942414140 0.866025403784 -0.500000000000
-16.354417060699 12.541625714938 0.866025403784 0.500000000000
6.756682351249 10.862825008895 0.866025403784 -0.500000000000
0.896021566102 10.479983082465 0.866025403784 0.500000000000
-2.828541955066 0.627888843309 0.000000000000 1.000000000000
1.135427471392 8.318269648183 0.866025403784 -0.500000000000
2.262435639623 8.398327562482 0.866025403784 -0.500000000000
12.379000167031 -13.524630517978 0.866025403784 0.500000000000
-0.703753523333 -8.012062301678 0.000000000000 1.000000000000
5.595869984986 4.314279424585 0.866025403784 -0.500000000000
