#Configurational_file created 2018-09-14 11:52:58  started 2018-09-14 11:52:58 run for 0.0s steps 0
name: gc_324
step: 10000
specie: 19
	particle_diameter: 1.0000000000000000
	interaction_length: 1.2000000000000000
	number_of_patches: 3
	number_of_particles_per_compound: 1
	rod_length: 1.0000000000000000
	interaction_matrix:  1.000000 1.000000 1.000000 1.000000 1.000000 1.000000 1.000000 1.000000 1.000000
	patch_type: symmetric
	patch_width: 8.0000000000000000
	patch_angle: 0.0000000000000000
	angles:  0.000000 0.000000 0.000000
	grand_canonical: 1
	chemical_potential: -1.0000000000000000
box: 10.000000 10.000000
copy: 1.000000 1.000000
epsilon: 0.0958330000000000
end_epsilon: 0.0000000000000000
pressure: 1.0000000000000000
lambda: 0.0000000000000000
lambda_coupling: 1.0000000000000000
uy: 0.0000000000000000
maximum_displacement: 1.0000000000000000
maximum_rotation: 1.0000000000000000
maximum_volume: 0.0000001000000000
maximum_shape: 0.0000001000000000
maximum_dsigma: 0.0100000000000000
mod: 10
pmod: 10
optimize: 1
verbose: 1
snapshot: 0
display: 1
explore: 1
npt: 0
nptxy: 0
nptdxdy: 0
shape: 0
seed: 371179
9.472466611358 -0.205264478402 0.866025403784 -0.500000000000
17.140851957772 9.299653793480 0.866025403784 0.500000000000
3.423232344103 7.686282006029 0.866025403784 0.500000000000
-6.152037793146 -1.426413856850 0.000000000000 1.000000000000
32.751730176710 -13.509986696749 0.000000000000 1.000000000000
3.767495247772 1.991013044495 0.866025403784 -0.500000000000
10.718801725936 -8.129356383865 0.866025403784 0.500000000000
-5.582796856615 16.649724491191 0.866025403784 -0.500000000000
6.428339641797 3.237906862942 0.866025403784 -0.500000000000
1.493743342620 5.508587094386 0.000000000000 1.000000000000
6.218470466135 -3.954739663338 0.866025403784 -0.500000000000
8.055968668414 -14.029006933977 0.866025403784 -0.500000000000
3.539304977858 4.090279792087 0.866025403784 -0.500000000000
10.256464444925 -23.326201791175 0.000000000000 1.000000000000
12.137765172514 19.944576655921 0.000000000000 1.000000000000
28.519340973366 -0.195667854707 0.866025403784 0.500000000000
1.061043377781 4.568492289604 0.866025403784 0.500000000000
-3.737959459304 0.806249709810 0.866025403784 -0.500000000000
7.437722160941 -5.382709062066 0.866025403784 -0.500000000000
