#Configurational_file created 2018-09-14 13:48:12  started 2018-09-14 13:48:11 run for 1.0s steps 0
name: gc_305
step: 10000
specie: 12
	particle_diameter: 1.0000000000000000
	interaction_length: 1.2000000000000000
	number_of_patches: 3
	number_of_particles_per_compound: 1
	rod_length: 1.0000000000000000
	interaction_matrix:  1.000000 1.000000 1.000000 1.000000 1.000000 1.000000 1.000000 1.000000 1.000000
	patch_type: symmetric
	patch_width: 8.0000000000000000
	patch_angle: 0.0000000000000000
	angles:  0.000000 0.000000 0.000000
	grand_canonical: 1
	chemical_potential: -1.6206900000000000
box: 10.000000 10.000000
copy: 1.000000 1.000000
epsilon: 0.0689660000000000
end_epsilon: 0.0000000000000000
pressure: 1.0000000000000000
lambda: 0.0000000000000000
lambda_coupling: 1.0000000000000000
uy: 0.0000000000000000
maximum_displacement: 1.0000000000000000
maximum_rotation: 1.0000000000000000
maximum_volume: 0.0000001000000000
maximum_shape: 0.0000001000000000
maximum_dsigma: 0.0100000000000000
mod: 10
pmod: 10
optimize: 1
verbose: 1
snapshot: 0
display: 1
explore: 1
npt: 0
nptxy: 0
nptdxdy: 0
shape: 0
seed: 349576
8.597606615644 6.750376678128 0.866025403784 0.500000000000
-3.130880378387 7.196458916752 0.866025403784 0.500000000000
10.869629730810 8.939045581895 0.000000000000 1.000000000000
5.403865978054 8.507521851250 0.866025403784 -0.500000000000
14.743147852199 -30.236381029231 0.866025403784 -0.500000000000
2.724766492725 13.625072599782 0.866025403784 -0.500000000000
8.651845532668 -0.964510785718 0.866025403784 0.500000000000
8.805510442465 1.796105890859 0.000000000000 1.000000000000
-3.288128805166 -8.437677044191 0.866025403784 -0.500000000000
-1.942153635287 3.170404164696 0.000000000000 1.000000000000
-2.809421310777 9.156113048351 0.866025403784 0.500000000000
5.467192825703 5.080609825916 0.866025403784 0.500000000000
