#Configurational_file created 2018-09-14 13:48:10  started 2018-09-14 13:48:09 run for 1.0s steps 0
name: gc_302
step: 10000
specie: 11
	particle_diameter: 1.0000000000000000
	interaction_length: 1.2000000000000000
	number_of_patches: 3
	number_of_particles_per_compound: 1
	rod_length: 1.0000000000000000
	interaction_matrix:  1.000000 1.000000 1.000000 1.000000 1.000000 1.000000 1.000000 1.000000 1.000000
	patch_type: symmetric
	patch_width: 8.0000000000000000
	patch_angle: 0.0000000000000000
	angles:  0.000000 0.000000 0.000000
	grand_canonical: 1
	chemical_potential: -1.6206900000000000
box: 10.000000 10.000000
copy: 1.000000 1.000000
epsilon: 0.0172420000000000
end_epsilon: 0.0000000000000000
pressure: 1.0000000000000000
lambda: 0.0000000000000000
lambda_coupling: 1.0000000000000000
uy: 0.0000000000000000
maximum_displacement: 1.0000000000000000
maximum_rotation: 1.0000000000000000
maximum_volume: 0.0000001000000000
maximum_shape: 0.0000001000000000
maximum_dsigma: 0.0100000000000000
mod: 10
pmod: 10
optimize: 1
verbose: 1
snapshot: 0
display: 1
explore: 1
npt: 0
nptxy: 0
nptdxdy: 0
shape: 0
seed: 346165
7.578132174083 16.165229799751 0.000000000000 1.000000000000
14.012530034352 27.388450032599 0.866025403784 0.500000000000
7.362531559277 3.461845598646 0.866025403784 0.500000000000
0.884557344240 1.130972932368 0.866025403784 0.500000000000
6.624780687839 7.496662507609 0.000000000000 1.000000000000
3.527398657830 9.779771670921 0.866025403784 0.500000000000
2.501229194957 4.187707536972 0.866025403784 0.500000000000
2.383797374377 8.025381190853 0.866025403784 0.500000000000
-0.876574589215 12.991905362548 0.000000000000 1.000000000000
4.846211258460 4.843753576265 0.866025403784 -0.500000000000
5.044282051789 0.267540829672 0.000000000000 1.000000000000
