#Configurational_file created 2018-09-14 11:53:13  started 2018-09-14 11:53:12 run for 1.0s steps 0
name: gc_342
step: 10000
specie: 21
	particle_diameter: 1.0000000000000000
	interaction_length: 1.2000000000000000
	number_of_patches: 3
	number_of_particles_per_compound: 1
	rod_length: 1.0000000000000000
	interaction_matrix:  1.000000 1.000000 1.000000 1.000000 1.000000 1.000000 1.000000 1.000000 1.000000
	patch_type: symmetric
	patch_width: 8.0000000000000000
	patch_angle: 0.0000000000000000
	angles:  0.000000 0.000000 0.000000
	grand_canonical: 1
	chemical_potential: -0.8333330000000000
box: 10.000000 10.000000
copy: 1.000000 1.000000
epsilon: 0.0666670000000000
end_epsilon: 0.0000000000000000
pressure: 1.0000000000000000
lambda: 0.0000000000000000
lambda_coupling: 1.0000000000000000
uy: 0.0000000000000000
maximum_displacement: 1.0000000000000000
maximum_rotation: 1.0000000000000000
maximum_volume: 0.0000001000000000
maximum_shape: 0.0000001000000000
maximum_dsigma: 0.0100000000000000
mod: 10
pmod: 10
optimize: 1
verbose: 1
snapshot: 0
display: 1
explore: 1
npt: 0
nptxy: 0
nptdxdy: 0
shape: 0
seed: 391645
13.760791222461 10.257233509571 0.866025403784 0.500000000000
9.334048719407 5.715420893786 0.000000000000 1.000000000000
17.991168254615 8.081083973705 0.866025403784 -0.500000000000
0.605594514772 11.577942888005 0.866025403784 -0.500000000000
7.212172704036 -8.101239147870 0.866025403784 0.500000000000
-3.173093412878 3.159645305230 0.866025403784 -0.500000000000
21.325527303703 11.365246424638 0.866025403784 0.500000000000
-10.883573040207 -11.790480575623 0.000000000000 1.000000000000
-3.197784277276 7.394726947944 0.866025403784 -0.500000000000
6.872297830342 6.096336679433 0.866025403784 -0.500000000000
2.120367293964 4.561480313320 0.000000000000 1.000000000000
1.182290242202 12.934275413213 0.000000000000 1.000000000000
8.023814463916 2.761575812053 0.866025403784 0.500000000000
5.175087577426 7.868347553811 0.866025403784 0.500000000000
17.405894240842 0.853039538864 0.000000000000 1.000000000000
0.200403807300 0.016586661723 0.000000000000 1.000000000000
16.033154774228 4.862116201347 0.866025403784 -0.500000000000
8.339725292393 3.613977220329 0.866025403784 -0.500000000000
12.196075773618 5.656414135654 0.866025403784 -0.500000000000
1.143500206939 4.793954585742 0.866025403784 -0.500000000000
1.846064481994 0.234825874212 0.866025403784 0.500000000000
