#Configurational_file created 2018-09-14 11:21:44  started 2018-09-14 11:21:43 run for 1.0s steps 0
name: gc_3
step: 10000
specie: 7
	particle_diameter: 1.0000000000000000
	interaction_length: 1.2000000000000000
	number_of_patches: 3
	number_of_particles_per_compound: 1
	rod_length: 1.0000000000000000
	interaction_matrix:  1.000000 1.000000 1.000000 1.000000 1.000000 1.000000 1.000000 1.000000 1.000000
	patch_type: symmetric
	patch_width: 8.0000000000000000
	patch_angle: 0.0000000000000000
	angles:  0.000000 0.000000 0.000000
	grand_canonical: 1
	chemical_potential: -3.0000000000000000
box: 10.000000 10.000000
copy: 1.000000 1.000000
epsilon: 0.1667580000000000
end_epsilon: 0.0000000000000000
pressure: 1.0000000000000000
lambda: 0.0000000000000000
lambda_coupling: 1.0000000000000000
uy: 0.0000000000000000
maximum_displacement: 1.0000000000000000
maximum_rotation: 1.0000000000000000
maximum_volume: 0.0000001000000000
maximum_shape: 0.0000001000000000
maximum_dsigma: 0.0100000000000000
mod: 10
pmod: 10
optimize: 1
verbose: 1
snapshot: 0
display: 1
explore: 1
npt: 0
nptxy: 0
nptdxdy: 0
shape: 0
seed: 6202
5.357564703334 3.490442988901 0.000000000000 1.000000000000
-11.505722026514 -11.751644409402 0.866025403784 -0.500000000000
9.480204030270 1.169912389699 0.866025403784 -0.500000000000
16.910038845594 15.779949369140 0.866025403784 0.500000000000
5.215579781429 -0.493144817039 0.000000000000 1.000000000000
-0.391443235953 -1.231644426608 0.866025403784 0.500000000000
2.224211786491 9.140480789542 0.866025403784 -0.500000000000
