#Configurational_file created 2018-09-14 11:25:17  started 2018-09-14 11:25:16 run for 1.0s steps 0
name: gc_322
step: 10000
specie: 19
	particle_diameter: 1.0000000000000000
	interaction_length: 1.2000000000000000
	number_of_patches: 3
	number_of_particles_per_compound: 1
	rod_length: 1.0000000000000000
	interaction_matrix:  1.000000 1.000000 1.000000 1.000000 1.000000 1.000000 1.000000 1.000000 1.000000
	patch_type: symmetric
	patch_width: 8.0000000000000000
	patch_angle: 0.0000000000000000
	angles:  0.000000 0.000000 0.000000
	grand_canonical: 1
	chemical_potential: -1.0000000000000000
box: 10.000000 10.000000
copy: 1.000000 1.000000
epsilon: 1.7500119999999999
end_epsilon: 0.0000000000000000
pressure: 1.0000000000000000
lambda: 0.0000000000000000
lambda_coupling: 1.0000000000000000
uy: 0.0000000000000000
maximum_displacement: 1.0000000000000000
maximum_rotation: 1.0000000000000000
maximum_volume: 0.0000001000000000
maximum_shape: 0.0000001000000000
maximum_dsigma: 0.0100000000000000
mod: 10
pmod: 10
optimize: 1
verbose: 1
snapshot: 0
display: 1
explore: 1
npt: 0
nptxy: 0
nptdxdy: 0
shape: 0
seed: 368905
10.597152543210 7.545188180733 0.866025403784 0.500000000000
13.830421467464 10.661978949628 0.000000000000 1.000000000000
-18.786657742266 17.787759177187 0.000000000000 1.000000000000
9.281973528196 2.095100517115 0.866025403784 -0.500000000000
10.999422574342 9.163021874125 0.000000000000 1.000000000000
6.279198386101 15.276721536904 0.000000000000 1.000000000000
4.824243579151 6.191938935871 0.866025403784 -0.500000000000
7.248059860079 1.066992779965 0.866025403784 -0.500000000000
0.502189154314 -0.686500050029 0.866025403784 0.500000000000
6.360699517514 13.653355890169 0.000000000000 1.000000000000
1.338679853837 -26.588137922212 0.866025403784 0.500000000000
-1.796363457965 5.984549227726 0.866025403784 0.500000000000
7.945970360838 7.182602738147 0.866025403784 -0.500000000000
-9.418628096719 0.954848876410 0.000000000000 1.000000000000
28.420231057000 1.007041545022 0.866025403784 -0.500000000000
25.651240594027 13.243866338374 0.866025403784 0.500000000000
-6.064448367556 2.609463811369 0.866025403784 -0.500000000000
3.316184689424 7.006628480606 0.866025403784 0.500000000000
8.751583721925 4.893774100146 0.866025403784 0.500000000000
