#Configurational_file created 2018-09-14 11:52:48  started 2018-09-14 11:52:47 run for 1.0s steps 0
name: gc_310
step: 10000
specie: 15
	particle_diameter: 1.0000000000000000
	interaction_length: 1.2000000000000000
	number_of_patches: 3
	number_of_particles_per_compound: 1
	rod_length: 1.0000000000000000
	interaction_matrix:  1.000000 1.000000 1.000000 1.000000 1.000000 1.000000 1.000000 1.000000 1.000000
	patch_type: symmetric
	patch_width: 8.0000000000000000
	patch_angle: 0.0000000000000000
	angles:  0.000000 0.000000 0.000000
	grand_canonical: 1
	chemical_potential: -1.0000000000000000
box: 10.000000 10.000000
copy: 1.000000 1.000000
epsilon: 0.0375010000000000
end_epsilon: 0.0000000000000000
pressure: 1.0000000000000000
lambda: 0.0000000000000000
lambda_coupling: 1.0000000000000000
uy: 0.0000000000000000
maximum_displacement: 1.0000000000000000
maximum_rotation: 1.0000000000000000
maximum_volume: 0.0000001000000000
maximum_shape: 0.0000001000000000
maximum_dsigma: 0.0100000000000000
mod: 10
pmod: 10
optimize: 1
verbose: 1
snapshot: 0
display: 1
explore: 1
npt: 0
nptxy: 0
nptdxdy: 0
shape: 0
seed: 355261
-11.435353431759 -5.194452174273 0.866025403784 -0.500000000000
-0.902714505717 10.922426755637 0.866025403784 -0.500000000000
-0.359769974293 12.421354119665 0.866025403784 0.500000000000
16.650360244271 17.434628227412 0.866025403784 0.500000000000
12.963072303487 -7.489461558887 0.866025403784 0.500000000000
-9.175375433480 -7.527761374491 0.866025403784 -0.500000000000
2.367594912079 25.925918386918 0.000000000000 1.000000000000
3.276449732838 -2.986291928612 0.866025403784 0.500000000000
-3.330572509989 9.122605537504 0.866025403784 0.500000000000
-4.793841585291 -9.115081814733 0.866025403784 -0.500000000000
10.366706271204 15.657851637774 0.866025403784 -0.500000000000
-4.224543266642 5.593973430073 0.866025403784 0.500000000000
12.382737362582 3.984425439097 0.866025403784 0.500000000000
11.810351734470 -2.335355380216 0.866025403784 0.500000000000
1.305108986488 0.014661704820 0.866025403784 -0.500000000000
