#Configurational_file created 2018-09-14 11:25:15  started 2018-09-14 11:25:14 run for 1.0s steps 0
name: gc_320
step: 10000
specie: 21
	particle_diameter: 1.0000000000000000
	interaction_length: 1.2000000000000000
	number_of_patches: 3
	number_of_particles_per_compound: 1
	rod_length: 1.0000000000000000
	interaction_matrix:  1.000000 1.000000 1.000000 1.000000 1.000000 1.000000 1.000000 1.000000 1.000000
	patch_type: symmetric
	patch_width: 8.0000000000000000
	patch_angle: 0.0000000000000000
	angles:  0.000000 0.000000 0.000000
	grand_canonical: 1
	chemical_potential: -1.0000000000000000
box: 10.000000 10.000000
copy: 1.000000 1.000000
epsilon: 1.5833539999999999
end_epsilon: 0.0000000000000000
pressure: 1.0000000000000000
lambda: 0.0000000000000000
lambda_coupling: 1.0000000000000000
uy: 0.0000000000000000
maximum_displacement: 1.0000000000000000
maximum_rotation: 1.0000000000000000
maximum_volume: 0.0000001000000000
maximum_shape: 0.0000001000000000
maximum_dsigma: 0.0100000000000000
mod: 10
pmod: 10
optimize: 1
verbose: 1
snapshot: 0
display: 1
explore: 1
npt: 0
nptxy: 0
nptdxdy: 0
shape: 0
seed: 366631
6.548286413892 12.608829260043 0.866025403784 0.500000000000
7.141370192597 19.294717664213 0.866025403784 -0.500000000000
0.416366562049 4.648693333657 0.866025403784 0.500000000000
2.866068197090 2.267463709625 0.000000000000 1.000000000000
3.681626353734 0.379260393128 0.866025403784 0.500000000000
7.033191765502 3.539869786964 0.000000000000 1.000000000000
9.926377638171 -12.122501406650 0.866025403784 0.500000000000
8.853593346958 2.880734299315 0.866025403784 -0.500000000000
12.141613530127 0.366139887244 0.866025403784 0.500000000000
18.076195595512 21.316930919397 0.866025403784 -0.500000000000
2.948090812128 8.878895322767 0.866025403784 -0.500000000000
7.512938152347 6.796499887901 0.000000000000 1.000000000000
1.372371870643 5.233165111247 0.866025403784 0.500000000000
-3.284900289558 7.344905497865 0.866025403784 -0.500000000000
14.471485931989 12.853841102312 0.866025403784 -0.500000000000
15.989161811357 3.156736931174 0.866025403784 -0.500000000000
3.311041563659 -2.768732455672 0.866025403784 -0.500000000000
11.336932918828 3.935730303481 0.000000000000 1.000000000000
11.562372186121 8.355427638341 0.866025403784 0.500000000000
5.710398221337 7.605205381818 0.866025403784 -0.500000000000
4.698207317350 5.023434378704 0.866025403784 0.500000000000
