#Configurational_file created 2018-09-14 11:25:14  started 2018-09-14 11:25:13 run for 1.0s steps 0
name: gc_319
step: 10000
specie: 17
	particle_diameter: 1.0000000000000000
	interaction_length: 1.2000000000000000
	number_of_patches: 3
	number_of_particles_per_compound: 1
	rod_length: 1.0000000000000000
	interaction_matrix:  1.000000 1.000000 1.000000 1.000000 1.000000 1.000000 1.000000 1.000000 1.000000
	patch_type: symmetric
	patch_width: 8.0000000000000000
	patch_angle: 0.0000000000000000
	angles:  0.000000 0.000000 0.000000
	grand_canonical: 1
	chemical_potential: -1.0000000000000000
box: 10.000000 10.000000
copy: 1.000000 1.000000
epsilon: 1.5000249999999999
end_epsilon: 0.0000000000000000
pressure: 1.0000000000000000
lambda: 0.0000000000000000
lambda_coupling: 1.0000000000000000
uy: 0.0000000000000000
maximum_displacement: 1.0000000000000000
maximum_rotation: 1.0000000000000000
maximum_volume: 0.0000001000000000
maximum_shape: 0.0000001000000000
maximum_dsigma: 0.0100000000000000
mod: 10
pmod: 10
optimize: 1
verbose: 1
snapshot: 0
display: 1
explore: 1
npt: 0
nptxy: 0
nptdxdy: 0
shape: 0
seed: 365494
0.600057217353 3.286413246036 0.000000000000 1.000000000000
1.508770029882 7.171872699614 0.000000000000 1.000000000000
5.095523607010 25.189611926373 0.866025403784 -0.500000000000
0.878154197327 7.236807671415 0.866025403784 -0.500000000000
9.289378346306 3.177210964616 0.866025403784 -0.500000000000
8.842489850962 -4.562151990139 0.866025403784 0.500000000000
6.030227999992 18.645940605455 0.000000000000 1.000000000000
1.903617033985 14.238952440187 0.866025403784 -0.500000000000
3.722042588022 13.237923978212 0.866025403784 -0.500000000000
-2.792631443902 20.923734126758 0.000000000000 1.000000000000
-0.752698789008 8.123107776441 0.000000000000 1.000000000000
-2.088503783762 -3.401218896822 0.866025403784 -0.500000000000
2.667379841879 1.398050542776 0.866025403784 0.500000000000
15.795346846991 -2.889203266200 0.866025403784 -0.500000000000
7.864447171623 17.836233954960 0.866025403784 -0.500000000000
6.230612164590 5.446446000321 0.866025403784 0.500000000000
13.855739028587 4.940500790328 0.000000000000 1.000000000000
