#Configurational_file created 2018-09-14 13:48:50  started 2018-09-14 13:48:49 run for 1.0s steps 0
name: gc_359
step: 10000
specie: 8
	particle_diameter: 1.0000000000000000
	interaction_length: 1.2000000000000000
	number_of_patches: 3
	number_of_particles_per_compound: 1
	rod_length: 1.0000000000000000
	interaction_matrix:  1.000000 1.000000 1.000000 1.000000 1.000000 1.000000 1.000000 1.000000 1.000000
	patch_type: symmetric
	patch_width: 8.0000000000000000
	patch_angle: 0.0000000000000000
	angles:  0.000000 0.000000 0.000000
	grand_canonical: 1
	chemical_potential: -1.4827589999999999
box: 10.000000 10.000000
copy: 1.000000 1.000000
epsilon: 0.4827590000000000
end_epsilon: 0.0000000000000000
pressure: 1.0000000000000000
lambda: 0.0000000000000000
lambda_coupling: 1.0000000000000000
uy: 0.0000000000000000
maximum_displacement: 1.0000000000000000
maximum_rotation: 1.0000000000000000
maximum_volume: 0.0000001000000000
maximum_shape: 0.0000001000000000
maximum_dsigma: 0.0100000000000000
mod: 10
pmod: 10
optimize: 1
verbose: 1
snapshot: 0
display: 1
explore: 1
npt: 0
nptxy: 0
nptdxdy: 0
shape: 0
seed: 410974
-3.231134371878 18.730177745368 0.866025403784 -0.500000000000
4.442669554280 -0.523522072546 0.866025403784 0.500000000000
0.202561974039 10.898300196970 0.866025403784 0.500000000000
5.872049886902 8.266224952540 0.866025403784 0.500000000000
-9.358913584137 7.922625619381 0.866025403784 0.500000000000
9.261946692098 -13.377210448343 0.866025403784 -0.500000000000
-8.737073262870 9.372971317959 0.000000000000 1.000000000000
11.660275333801 3.053000262067 0.866025403784 -0.500000000000
