#Configurational_file created 2018-09-14 13:48:21  started 2018-09-14 13:48:20 run for 1.0s steps 0
name: gc_318
step: 10000
specie: 10
	particle_diameter: 1.0000000000000000
	interaction_length: 1.2000000000000000
	number_of_patches: 3
	number_of_particles_per_compound: 1
	rod_length: 1.0000000000000000
	interaction_matrix:  1.000000 1.000000 1.000000 1.000000 1.000000 1.000000 1.000000 1.000000 1.000000
	patch_type: symmetric
	patch_width: 8.0000000000000000
	patch_angle: 0.0000000000000000
	angles:  0.000000 0.000000 0.000000
	grand_canonical: 1
	chemical_potential: -1.6206900000000000
box: 10.000000 10.000000
copy: 1.000000 1.000000
epsilon: 0.2931040000000000
end_epsilon: 0.0000000000000000
pressure: 1.0000000000000000
lambda: 0.0000000000000000
lambda_coupling: 1.0000000000000000
uy: 0.0000000000000000
maximum_displacement: 1.0000000000000000
maximum_rotation: 1.0000000000000000
maximum_volume: 0.0000001000000000
maximum_shape: 0.0000001000000000
maximum_dsigma: 0.0100000000000000
mod: 10
pmod: 10
optimize: 1
verbose: 1
snapshot: 0
display: 1
explore: 1
npt: 0
nptxy: 0
nptdxdy: 0
shape: 0
seed: 364357
-1.147344994525 9.815398702648 0.000000000000 1.000000000000
-9.397403067503 -7.561461667867 0.866025403784 -0.500000000000
-0.561580805771 -6.628156100748 0.866025403784 -0.500000000000
2.734199476541 11.612288408339 0.000000000000 1.000000000000
-3.790839528064 9.063438913951 0.866025403784 -0.500000000000
1.924956191077 10.717947249053 0.000000000000 1.000000000000
1.879314840174 7.363984428242 0.000000000000 1.000000000000
-13.683479609787 1.088557532125 0.866025403784 0.500000000000
3.984138020903 -1.943011292703 0.000000000000 1.000000000000
10.164832933962 17.876088577280 0.866025403784 0.500000000000
