#Configurational_file created 2018-09-14 13:49:09  started 2018-09-14 13:49:08 run for 1.0s steps 0
name: gc_386
step: 10000
specie: 22
	particle_diameter: 1.0000000000000000
	interaction_length: 1.2000000000000000
	number_of_patches: 3
	number_of_particles_per_compound: 1
	rod_length: 1.0000000000000000
	interaction_matrix:  1.000000 1.000000 1.000000 1.000000 1.000000 1.000000 1.000000 1.000000 1.000000
	patch_type: symmetric
	patch_width: 8.0000000000000000
	patch_angle: 0.0000000000000000
	angles:  0.000000 0.000000 0.000000
	grand_canonical: 1
	chemical_potential: -1.3448279999999999
box: 10.000000 10.000000
copy: 1.000000 1.000000
epsilon: 0.4310350000000000
end_epsilon: 0.0000000000000000
pressure: 1.0000000000000000
lambda: 0.0000000000000000
lambda_coupling: 1.0000000000000000
uy: 0.0000000000000000
maximum_displacement: 1.0000000000000000
maximum_rotation: 1.0000000000000000
maximum_volume: 0.0000001000000000
maximum_shape: 0.0000001000000000
maximum_dsigma: 0.0100000000000000
mod: 10
pmod: 10
optimize: 1
verbose: 1
snapshot: 0
display: 1
explore: 1
npt: 0
nptxy: 0
nptdxdy: 0
shape: 0
seed: 441673
2.292564166004 7.862601023975 0.866025403784 0.500000000000
1.986643252073 2.328477801064 0.866025403784 -0.500000000000
-9.006293846589 -7.993578639284 0.000000000000 1.000000000000
-2.167352777717 -2.129613596186 0.000000000000 1.000000000000
-1.236586002494 4.821251637505 0.866025403784 -0.500000000000
4.079054923420 5.425611133499 0.866025403784 0.500000000000
4.191638051217 0.930606793938 0.866025403784 -0.500000000000
6.989764522316 6.009163751641 0.866025403784 0.500000000000
3.627031453857 16.962489430844 0.000000000000 1.000000000000
-0.383853662489 10.509559985559 0.000000000000 1.000000000000
7.061564993324 2.791828847510 0.866025403784 0.500000000000
-4.241746479974 11.607079174945 0.866025403784 0.500000000000
1.240981789922 8.543724981574 0.866025403784 0.500000000000
6.549594768201 14.136406314171 0.866025403784 -0.500000000000
1.173745581063 -0.560494478608 0.866025403784 -0.500000000000
-6.661895562237 -2.653983408417 0.866025403784 -0.500000000000
6.751139076671 8.886156433566 0.866025403784 -0.500000000000
2.366034211408 6.229892757202 0.866025403784 0.500000000000
-1.536085867266 -1.089273710543 0.866025403784 -0.500000000000
1.270232727524 7.231928398549 0.000000000000 1.000000000000
3.780439968046 13.815317056882 0.866025403784 0.500000000000
-1.154716538091 6.766873310547 0.000000000000 1.000000000000
