#Configurational_file created 2018-09-14 13:48:13  started 2018-09-14 13:48:12 run for 1.0s steps 0
name: gc_307
step: 10000
specie: 15
	particle_diameter: 1.0000000000000000
	interaction_length: 1.2000000000000000
	number_of_patches: 3
	number_of_particles_per_compound: 1
	rod_length: 1.0000000000000000
	interaction_matrix:  1.000000 1.000000 1.000000 1.000000 1.000000 1.000000 1.000000 1.000000 1.000000
	patch_type: symmetric
	patch_width: 8.0000000000000000
	patch_angle: 0.0000000000000000
	angles:  0.000000 0.000000 0.000000
	grand_canonical: 1
	chemical_potential: -1.6206900000000000
box: 10.000000 10.000000
copy: 1.000000 1.000000
epsilon: 0.1034490000000000
end_epsilon: 0.0000000000000000
pressure: 1.0000000000000000
lambda: 0.0000000000000000
lambda_coupling: 1.0000000000000000
uy: 0.0000000000000000
maximum_displacement: 1.0000000000000000
maximum_rotation: 1.0000000000000000
maximum_volume: 0.0000001000000000
maximum_shape: 0.0000001000000000
maximum_dsigma: 0.0100000000000000
mod: 10
pmod: 10
optimize: 1
verbose: 1
snapshot: 0
display: 1
explore: 1
npt: 0
nptxy: 0
nptdxdy: 0
shape: 0
seed: 351850
-2.752123618062 -10.755321738094 0.866025403784 0.500000000000
46.769781677363 56.488783683110 0.866025403784 0.500000000000
14.460530724601 5.004216464390 0.000000000000 1.000000000000
3.858535122135 8.683592279829 0.866025403784 0.500000000000
13.398493914171 16.576376177686 0.000000000000 1.000000000000
15.501988882596 16.701741379497 0.866025403784 -0.500000000000
-0.004542706456 10.803737905188 0.000000000000 1.000000000000
-0.841315097798 0.152113240336 0.000000000000 1.000000000000
13.103306246919 6.596352583609 0.866025403784 -0.500000000000
-3.682676461282 2.233818731060 0.000000000000 1.000000000000
1.969611087911 0.420877323193 0.866025403784 -0.500000000000
0.730466327040 4.142238407931 0.866025403784 -0.500000000000
5.942072341575 2.505457695570 0.866025403784 -0.500000000000
7.472292664840 8.218011821044 0.000000000000 1.000000000000
7.189934590045 1.320915138663 0.000000000000 1.000000000000
