#Configurational_file created 2018-09-14 13:48:35  started 2018-09-14 13:48:35 run for 0.0s steps 0
name: gc_339
step: 10000
specie: 14
	particle_diameter: 1.0000000000000000
	interaction_length: 1.2000000000000000
	number_of_patches: 3
	number_of_particles_per_compound: 1
	rod_length: 1.0000000000000000
	interaction_matrix:  1.000000 1.000000 1.000000 1.000000 1.000000 1.000000 1.000000 1.000000 1.000000
	patch_type: symmetric
	patch_width: 8.0000000000000000
	patch_angle: 0.0000000000000000
	angles:  0.000000 0.000000 0.000000
	grand_canonical: 1
	chemical_potential: -1.4827589999999999
box: 10.000000 10.000000
copy: 1.000000 1.000000
epsilon: 0.1379320000000000
end_epsilon: 0.0000000000000000
pressure: 1.0000000000000000
lambda: 0.0000000000000000
lambda_coupling: 1.0000000000000000
uy: 0.0000000000000000
maximum_displacement: 1.0000000000000000
maximum_rotation: 1.0000000000000000
maximum_volume: 0.0000001000000000
maximum_shape: 0.0000001000000000
maximum_dsigma: 0.0100000000000000
mod: 10
pmod: 10
optimize: 1
verbose: 1
snapshot: 0
display: 1
explore: 1
npt: 0
nptxy: 0
nptdxdy: 0
shape: 0
seed: 388234
12.600828817314 -0.297087375781 0.866025403784 -0.500000000000
-5.621334122043 12.628148070486 0.000000000000 1.000000000000
-5.919960839709 4.840396984972 0.866025403784 -0.500000000000
-1.270588534541 -0.813794212676 0.866025403784 -0.500000000000
9.441626523573 10.460955077807 0.866025403784 -0.500000000000
5.888849002234 11.402758317644 0.866025403784 -0.500000000000
0.044522467388 5.281446050912 0.000000000000 1.000000000000
-9.757553005652 13.257040409790 0.866025403784 -0.500000000000
2.930904710011 3.008904573269 0.866025403784 -0.500000000000
5.733340792411 5.412722528184 0.866025403784 0.500000000000
3.865547115415 6.541154212394 0.866025403784 -0.500000000000
3.540883554077 -0.792298818727 0.866025403784 -0.500000000000
9.806270241684 7.618575496505 0.866025403784 -0.500000000000
7.092589691160 6.000009021753 0.866025403784 -0.500000000000
