#Configurational_file created 2018-09-14 11:26:00  started 2018-09-14 11:25:59 run for 1.0s steps 0
name: gc_375
step: 10000
specie: 21
	particle_diameter: 1.0000000000000000
	interaction_length: 1.2000000000000000
	number_of_patches: 3
	number_of_particles_per_compound: 1
	rod_length: 1.0000000000000000
	interaction_matrix:  1.000000 1.000000 1.000000 1.000000 1.000000 1.000000 1.000000 1.000000 1.000000
	patch_type: symmetric
	patch_width: 8.0000000000000000
	patch_angle: 0.0000000000000000
	angles:  0.000000 0.000000 0.000000
	grand_canonical: 1
	chemical_potential: -0.6666670000000000
box: 10.000000 10.000000
copy: 1.000000 1.000000
epsilon: 2.0000000000000000
end_epsilon: 0.0000000000000000
pressure: 1.0000000000000000
lambda: 0.0000000000000000
lambda_coupling: 1.0000000000000000
uy: 0.0000000000000000
maximum_displacement: 1.0000000000000000
maximum_rotation: 1.0000000000000000
maximum_volume: 0.0000001000000000
maximum_shape: 0.0000001000000000
maximum_dsigma: 0.0100000000000000
mod: 10
pmod: 10
optimize: 1
verbose: 1
snapshot: 0
display: 1
explore: 1
npt: 0
nptxy: 0
nptdxdy: 0
shape: 0
seed: 429166
1.204996223662 -2.393624691640 0.866025403784 -0.500000000000
0.516432068013 12.724680005646 0.000000000000 1.000000000000
19.945488963800 0.070819262669 0.866025403784 -0.500000000000
5.193299369453 -4.528843609405 0.000000000000 1.000000000000
-4.156540946164 8.353620604959 0.866025403784 0.500000000000
8.118040834307 -36.879776786330 0.866025403784 0.500000000000
5.493939029938 0.492360911235 0.866025403784 0.500000000000
-2.822928445797 12.422820464913 0.866025403784 0.500000000000
11.363045844547 7.439949527786 0.000000000000 1.000000000000
7.248733083170 -0.167097303198 0.866025403784 -0.500000000000
-10.197815825636 1.574873864522 0.866025403784 -0.500000000000
13.702467828273 -2.305348077387 0.866025403784 -0.500000000000
0.636723393077 15.482742354944 0.866025403784 0.500000000000
6.056597577979 17.028862990333 0.866025403784 0.500000000000
7.617346481707 11.449518133265 0.000000000000 1.000000000000
-3.466540262981 4.356795810420 0.866025403784 0.500000000000
6.260426542434 5.609426803566 0.000000000000 1.000000000000
-1.052684457679 9.333145725133 0.866025403784 -0.500000000000
-2.415073025980 6.539748835070 0.866025403784 0.500000000000
8.783235260723 7.866017351562 0.866025403784 -0.500000000000
3.381202369086 2.568573595424 0.866025403784 -0.500000000000
