#Configurational_file created 2018-09-14 11:52:59  started 2018-09-14 11:52:58 run for 1.0s steps 0
name: gc_325
step: 10000
specie: 15
	particle_diameter: 1.0000000000000000
	interaction_length: 1.2000000000000000
	number_of_patches: 3
	number_of_particles_per_compound: 1
	rod_length: 1.0000000000000000
	interaction_matrix:  1.000000 1.000000 1.000000 1.000000 1.000000 1.000000 1.000000 1.000000 1.000000
	patch_type: symmetric
	patch_width: 8.0000000000000000
	patch_angle: 0.0000000000000000
	angles:  0.000000 0.000000 0.000000
	grand_canonical: 1
	chemical_potential: -1.0000000000000000
box: 10.000000 10.000000
copy: 1.000000 1.000000
epsilon: 0.1000000000000000
end_epsilon: 0.0000000000000000
pressure: 1.0000000000000000
lambda: 0.0000000000000000
lambda_coupling: 1.0000000000000000
uy: 0.0000000000000000
maximum_displacement: 1.0000000000000000
maximum_rotation: 1.0000000000000000
maximum_volume: 0.0000001000000000
maximum_shape: 0.0000001000000000
maximum_dsigma: 0.0100000000000000
mod: 10
pmod: 10
optimize: 1
verbose: 1
snapshot: 0
display: 1
explore: 1
npt: 0
nptxy: 0
nptdxdy: 0
shape: 0
seed: 372316
1.023237783198 -6.212456372642 0.866025403784 0.500000000000
10.173073454769 8.711305101482 0.866025403784 -0.500000000000
18.478563049195 -1.137801584201 0.866025403784 -0.500000000000
-12.171912829608 17.731538996864 0.866025403784 -0.500000000000
-5.176200552057 8.904121075085 0.866025403784 0.500000000000
26.238890448874 -4.838923711932 0.000000000000 1.000000000000
6.567724069408 -7.386313488597 0.000000000000 1.000000000000
-4.206404353783 4.051176066392 0.866025403784 0.500000000000
4.878858449296 16.548157603700 0.000000000000 1.000000000000
5.382530135175 5.052232439192 0.866025403784 0.500000000000
10.964033109024 11.045344629382 0.000000000000 1.000000000000
4.820164477144 1.249283360649 0.000000000000 1.000000000000
5.251586318765 7.871348558646 0.866025403784 0.500000000000
0.919811137842 7.445480680048 0.866025403784 -0.500000000000
8.344748095501 3.116906042746 0.000000000000 1.000000000000
