#Configurational_file created 2018-09-14 11:53:14  started 2018-09-14 11:53:13 run for 1.0s steps 0
name: gc_343
step: 10000
specie: 22
	particle_diameter: 1.0000000000000000
	interaction_length: 1.2000000000000000
	number_of_patches: 3
	number_of_particles_per_compound: 1
	rod_length: 1.0000000000000000
	interaction_matrix:  1.000000 1.000000 1.000000 1.000000 1.000000 1.000000 1.000000 1.000000 1.000000
	patch_type: symmetric
	patch_width: 8.0000000000000000
	patch_angle: 0.0000000000000000
	angles:  0.000000 0.000000 0.000000
	grand_canonical: 1
	chemical_potential: -0.8333330000000000
box: 10.000000 10.000000
copy: 1.000000 1.000000
epsilon: 0.0708340000000000
end_epsilon: 0.0000000000000000
pressure: 1.0000000000000000
lambda: 0.0000000000000000
lambda_coupling: 1.0000000000000000
uy: 0.0000000000000000
maximum_displacement: 1.0000000000000000
maximum_rotation: 1.0000000000000000
maximum_volume: 0.0000001000000000
maximum_shape: 0.0000001000000000
maximum_dsigma: 0.0100000000000000
mod: 10
pmod: 10
optimize: 1
verbose: 1
snapshot: 0
display: 1
explore: 1
npt: 0
nptxy: 0
nptdxdy: 0
shape: 0
seed: 392782
12.312412002235 3.220267985784 0.866025403784 0.500000000000
-10.984278834113 9.064486667065 0.866025403784 0.500000000000
5.554433062586 -3.680760221695 0.000000000000 1.000000000000
9.738829133425 1.751672864093 0.000000000000 1.000000000000
5.103364287126 1.986036449692 0.866025403784 -0.500000000000
20.685278431609 5.207237838458 0.000000000000 1.000000000000
18.008566601960 -9.449272055354 0.866025403784 0.500000000000
34.657440467257 10.141443801067 0.000000000000 1.000000000000
-11.730493046833 5.747951132806 0.866025403784 -0.500000000000
22.254026728083 -14.743281463330 0.000000000000 1.000000000000
7.152834178675 -7.214451281172 0.866025403784 -0.500000000000
7.888505209504 4.683854085388 0.000000000000 1.000000000000
13.643804317879 5.699202995818 0.866025403784 0.500000000000
-12.017056093863 21.705589051833 0.866025403784 -0.500000000000
14.498364507191 8.257280313004 0.000000000000 1.000000000000
2.455891997811 12.584949964494 0.000000000000 1.000000000000
6.554139272421 11.596723786959 0.866025403784 0.500000000000
9.717208172365 13.859360158025 0.000000000000 1.000000000000
1.533420025122 3.441983758554 0.866025403784 -0.500000000000
6.579855121868 9.875794291192 0.000000000000 1.000000000000
6.923143348819 7.125904250955 0.866025403784 -0.500000000000
1.214702507923 8.589321455423 0.866025403784 0.500000000000
