#Configurational_file created 2018-09-14 13:48:16  started 2018-09-14 13:48:15 run for 1.0s steps 0
name: gc_311
step: 10000
specie: 12
	particle_diameter: 1.0000000000000000
	interaction_length: 1.2000000000000000
	number_of_patches: 3
	number_of_particles_per_compound: 1
	rod_length: 1.0000000000000000
	interaction_matrix:  1.000000 1.000000 1.000000 1.000000 1.000000 1.000000 1.000000 1.000000 1.000000
	patch_type: symmetric
	patch_width: 8.0000000000000000
	patch_angle: 0.0000000000000000
	angles:  0.000000 0.000000 0.000000
	grand_canonical: 1
	chemical_potential: -1.6206900000000000
box: 10.000000 10.000000
copy: 1.000000 1.000000
epsilon: 0.1724140000000000
end_epsilon: 0.0000000000000000
pressure: 1.0000000000000000
lambda: 0.0000000000000000
lambda_coupling: 1.0000000000000000
uy: 0.0000000000000000
maximum_displacement: 1.0000000000000000
maximum_rotation: 1.0000000000000000
maximum_volume: 0.0000001000000000
maximum_shape: 0.0000001000000000
maximum_dsigma: 0.0100000000000000
mod: 10
pmod: 10
optimize: 1
verbose: 1
snapshot: 0
display: 1
explore: 1
npt: 0
nptxy: 0
nptdxdy: 0
shape: 0
seed: 356398
9.560088320750 13.312576943052 0.000000000000 1.000000000000
2.183814254793 12.321236658248 0.866025403784 -0.500000000000
10.436511336029 5.409206637236 0.866025403784 -0.500000000000
-6.084377300434 22.385089542271 0.866025403784 0.500000000000
-3.470941939952 5.403626609964 0.866025403784 -0.500000000000
-22.575872616762 10.342059335533 0.866025403784 0.500000000000
1.486395613246 9.728248612299 0.000000000000 1.000000000000
6.825923308167 4.350018140750 0.866025403784 0.500000000000
2.647576116002 11.021057675317 0.866025403784 -0.500000000000
8.886765688284 -1.403879843241 0.866025403784 0.500000000000
4.387951317166 -1.229674139956 0.866025403784 -0.500000000000
4.819874064643 7.183090036737 0.866025403784 -0.500000000000
