#Configurational_file created 2018-09-14 11:53:23  started 2018-09-14 11:53:22 run for 1.0s steps 0
name: gc_354
step: 10000
specie: 18
	particle_diameter: 1.0000000000000000
	interaction_length: 1.2000000000000000
	number_of_patches: 3
	number_of_particles_per_compound: 1
	rod_length: 1.0000000000000000
	interaction_matrix:  1.000000 1.000000 1.000000 1.000000 1.000000 1.000000 1.000000 1.000000 1.000000
	patch_type: symmetric
	patch_width: 8.0000000000000000
	patch_angle: 0.0000000000000000
	angles:  0.000000 0.000000 0.000000
	grand_canonical: 1
	chemical_potential: -0.6666670000000000
box: 10.000000 10.000000
copy: 1.000000 1.000000
epsilon: 0.0125010000000000
end_epsilon: 0.0000000000000000
pressure: 1.0000000000000000
lambda: 0.0000000000000000
lambda_coupling: 1.0000000000000000
uy: 0.0000000000000000
maximum_displacement: 1.0000000000000000
maximum_rotation: 1.0000000000000000
maximum_volume: 0.0000001000000000
maximum_shape: 0.0000001000000000
maximum_dsigma: 0.0100000000000000
mod: 10
pmod: 10
optimize: 1
verbose: 1
snapshot: 0
display: 1
explore: 1
npt: 0
nptxy: 0
nptdxdy: 0
shape: 0
seed: 405289
2.241611821303 14.552301079853 0.000000000000 1.000000000000
-0.872020967125 -0.563255112409 0.866025403784 -0.500000000000
1.094245146843 8.366188429377 0.866025403784 -0.500000000000
13.007634917395 3.802424181932 0.000000000000 1.000000000000
2.115377285620 7.696597126089 0.000000000000 1.000000000000
8.272860807882 7.371827844757 0.000000000000 1.000000000000
-6.010593990235 2.002616070557 0.866025403784 0.500000000000
4.399570574497 7.434324769536 0.000000000000 1.000000000000
-18.700064656700 24.368125926916 0.866025403784 -0.500000000000
12.090036708259 10.410073872294 0.866025403784 0.500000000000
4.236317672489 0.084635271667 0.866025403784 -0.500000000000
0.485170499012 -2.278172188807 0.000000000000 1.000000000000
-3.200001172848 -3.887827670245 0.866025403784 -0.500000000000
8.088102986871 11.551663818586 0.866025403784 0.500000000000
11.619852545093 9.556172918469 0.000000000000 1.000000000000
1.394878388122 10.935877718819 0.866025403784 -0.500000000000
4.977180122798 6.370265524914 0.000000000000 1.000000000000
5.228040509662 2.580894567435 0.866025403784 0.500000000000
