#Configurational_file created 2018-09-14 11:25:44  started 2018-09-14 11:25:43 run for 1.0s steps 0
name: gc_356
step: 10000
specie: 21
	particle_diameter: 1.0000000000000000
	interaction_length: 1.2000000000000000
	number_of_patches: 3
	number_of_particles_per_compound: 1
	rod_length: 1.0000000000000000
	interaction_matrix:  1.000000 1.000000 1.000000 1.000000 1.000000 1.000000 1.000000 1.000000 1.000000
	patch_type: symmetric
	patch_width: 8.0000000000000000
	patch_angle: 0.0000000000000000
	angles:  0.000000 0.000000 0.000000
	grand_canonical: 1
	chemical_potential: -0.6666670000000000
box: 10.000000 10.000000
copy: 1.000000 1.000000
epsilon: 0.4167460000000000
end_epsilon: 0.0000000000000000
pressure: 1.0000000000000000
lambda: 0.0000000000000000
lambda_coupling: 1.0000000000000000
uy: 0.0000000000000000
maximum_displacement: 1.0000000000000000
maximum_rotation: 1.0000000000000000
maximum_volume: 0.0000001000000000
maximum_shape: 0.0000001000000000
maximum_dsigma: 0.0100000000000000
mod: 10
pmod: 10
optimize: 1
verbose: 1
snapshot: 0
display: 1
explore: 1
npt: 0
nptxy: 0
nptdxdy: 0
shape: 0
seed: 407563
8.044290593966 4.428446718188 0.866025403784 -0.500000000000
4.666083141314 4.568990167317 0.866025403784 -0.500000000000
-7.575357608790 6.644626638550 0.866025403784 0.500000000000
6.575942534482 6.421729818261 0.866025403784 -0.500000000000
37.273681371904 -1.399226474400 0.000000000000 1.000000000000
7.482529533490 -3.761311702954 0.000000000000 1.000000000000
10.171880096101 17.131762501281 0.000000000000 1.000000000000
-0.482345007394 -1.940722934841 0.866025403784 0.500000000000
-0.566233938755 -8.072770331220 0.000000000000 1.000000000000
2.196334846193 2.879105055009 0.866025403784 -0.500000000000
16.532697209693 24.672762986633 0.866025403784 0.500000000000
21.906274324482 -24.122016591896 0.000000000000 1.000000000000
13.072874711575 -7.948917276223 0.000000000000 1.000000000000
0.472036647589 -0.583320532902 0.000000000000 1.000000000000
1.850534292260 -9.503529016069 0.866025403784 0.500000000000
3.349666490974 5.842794507697 0.866025403784 0.500000000000
8.804758137081 13.937443560068 0.000000000000 1.000000000000
-0.681309973679 5.483973182423 0.866025403784 -0.500000000000
-3.995448664322 -0.246522613747 0.000000000000 1.000000000000
-5.912654676568 7.143988181381 0.866025403784 0.500000000000
2.418842318836 0.496748823264 0.000000000000 1.000000000000
