#Configurational_file created 2018-09-14 13:48:42  started 2018-09-14 13:48:42 run for 0.0s steps 0
name: gc_349
step: 10000
specie: 16
	particle_diameter: 1.0000000000000000
	interaction_length: 1.2000000000000000
	number_of_patches: 3
	number_of_particles_per_compound: 1
	rod_length: 1.0000000000000000
	interaction_matrix:  1.000000 1.000000 1.000000 1.000000 1.000000 1.000000 1.000000 1.000000 1.000000
	patch_type: symmetric
	patch_width: 8.0000000000000000
	patch_angle: 0.0000000000000000
	angles:  0.000000 0.000000 0.000000
	grand_canonical: 1
	chemical_potential: -1.4827589999999999
box: 10.000000 10.000000
copy: 1.000000 1.000000
epsilon: 0.3103450000000000
end_epsilon: 0.0000000000000000
pressure: 1.0000000000000000
lambda: 0.0000000000000000
lambda_coupling: 1.0000000000000000
uy: 0.0000000000000000
maximum_displacement: 1.0000000000000000
maximum_rotation: 1.0000000000000000
maximum_volume: 0.0000001000000000
maximum_shape: 0.0000001000000000
maximum_dsigma: 0.0100000000000000
mod: 10
pmod: 10
optimize: 1
verbose: 1
snapshot: 0
display: 1
explore: 1
npt: 0
nptxy: 0
nptdxdy: 0
shape: 0
seed: 399604
13.423809504460 -1.265768538212 0.866025403784 -0.500000000000
13.989777939301 -6.812753238826 0.000000000000 1.000000000000
2.632691119589 21.498902188029 0.866025403784 -0.500000000000
10.975654819339 3.977971397887 0.866025403784 0.500000000000
2.925405528150 15.608927531345 0.000000000000 1.000000000000
22.521745931326 -6.450144546889 0.866025403784 0.500000000000
-9.436260308269 17.221083390672 0.866025403784 -0.500000000000
11.750987557603 -0.452552180787 0.000000000000 1.000000000000
7.351709184573 4.812803384062 0.866025403784 -0.500000000000
5.713381472060 -0.718496811488 0.866025403784 -0.500000000000
4.622390544935 12.047968664525 0.000000000000 1.000000000000
-2.203529877975 -3.266909138560 0.000000000000 1.000000000000
7.483018000077 3.069594776520 0.866025403784 -0.500000000000
6.626250949184 10.244832940953 0.866025403784 0.500000000000
4.376017008534 10.028444407861 0.866025403784 -0.500000000000
7.633465031321 0.822222392467 0.000000000000 1.000000000000
