#Configurational_file created 2018-09-14 13:49:03  started 2018-09-14 13:49:02 run for 1.0s steps 0
name: gc_377
step: 10000
specie: 16
	particle_diameter: 1.0000000000000000
	interaction_length: 1.2000000000000000
	number_of_patches: 3
	number_of_particles_per_compound: 1
	rod_length: 1.0000000000000000
	interaction_matrix:  1.000000 1.000000 1.000000 1.000000 1.000000 1.000000 1.000000 1.000000 1.000000
	patch_type: symmetric
	patch_width: 8.0000000000000000
	patch_angle: 0.0000000000000000
	angles:  0.000000 0.000000 0.000000
	grand_canonical: 1
	chemical_potential: -1.3448279999999999
box: 10.000000 10.000000
copy: 1.000000 1.000000
epsilon: 0.2758630000000000
end_epsilon: 0.0000000000000000
pressure: 1.0000000000000000
lambda: 0.0000000000000000
lambda_coupling: 1.0000000000000000
uy: 0.0000000000000000
maximum_displacement: 1.0000000000000000
maximum_rotation: 1.0000000000000000
maximum_volume: 0.0000001000000000
maximum_shape: 0.0000001000000000
maximum_dsigma: 0.0100000000000000
mod: 10
pmod: 10
optimize: 1
verbose: 1
snapshot: 0
display: 1
explore: 1
npt: 0
nptxy: 0
nptdxdy: 0
shape: 0
seed: 431440
11.042560522090 9.347191987463 0.866025403784 -0.500000000000
11.987807416242 3.794136962585 0.000000000000 1.000000000000
8.841424161745 3.806449422745 0.866025403784 0.500000000000
1.712430609275 -1.493223629567 0.866025403784 0.500000000000
-16.394414313362 23.800597989771 0.866025403784 -0.500000000000
7.834572881992 8.566369534405 0.866025403784 0.500000000000
4.019894326128 1.036054776347 0.866025403784 -0.500000000000
5.606941333870 11.429839939976 0.000000000000 1.000000000000
0.585886489635 11.566157898987 0.866025403784 -0.500000000000
-2.891109045280 16.436054955496 0.000000000000 1.000000000000
-5.536298898235 5.938991435651 0.866025403784 -0.500000000000
10.239294426025 12.587096099816 0.866025403784 -0.500000000000
-1.437531707575 2.905808612655 0.000000000000 1.000000000000
6.515395521146 4.365285872108 0.866025403784 -0.500000000000
-1.885864900226 6.200208082915 0.000000000000 1.000000000000
5.319389854850 8.221324980448 0.866025403784 0.500000000000
