#Configurational_file created 2018-09-14 11:25:06  started 2018-09-14 11:25:06 run for 0.0s steps 0
name: gc_309
step: 10000
specie: 21
	particle_diameter: 1.0000000000000000
	interaction_length: 1.2000000000000000
	number_of_patches: 3
	number_of_particles_per_compound: 1
	rod_length: 1.0000000000000000
	interaction_matrix:  1.000000 1.000000 1.000000 1.000000 1.000000 1.000000 1.000000 1.000000 1.000000
	patch_type: symmetric
	patch_width: 8.0000000000000000
	patch_angle: 0.0000000000000000
	angles:  0.000000 0.000000 0.000000
	grand_canonical: 1
	chemical_potential: -1.0000000000000000
box: 10.000000 10.000000
copy: 1.000000 1.000000
epsilon: 0.6667330000000000
end_epsilon: 0.0000000000000000
pressure: 1.0000000000000000
lambda: 0.0000000000000000
lambda_coupling: 1.0000000000000000
uy: 0.0000000000000000
maximum_displacement: 1.0000000000000000
maximum_rotation: 1.0000000000000000
maximum_volume: 0.0000001000000000
maximum_shape: 0.0000001000000000
maximum_dsigma: 0.0100000000000000
mod: 10
pmod: 10
optimize: 1
verbose: 1
snapshot: 0
display: 1
explore: 1
npt: 0
nptxy: 0
nptdxdy: 0
shape: 0
seed: 354124
6.108198115090 3.443749509602 0.866025403784 -0.500000000000
3.717045877126 3.043041994341 0.866025403784 0.500000000000
-1.008799407370 3.463074312332 0.866025403784 0.500000000000
9.893026487844 13.846352526126 0.866025403784 -0.500000000000
-4.063111928830 10.112624316161 0.000000000000 1.000000000000
16.458959216547 15.520832910234 0.866025403784 -0.500000000000
11.803486488207 -7.303043835365 0.866025403784 0.500000000000
1.082030919237 9.010071262230 0.866025403784 0.500000000000
-2.267160848838 -0.788587867824 0.866025403784 0.500000000000
9.493712412554 -8.594608269347 0.866025403784 0.500000000000
22.686534300568 1.988150285867 0.866025403784 0.500000000000
14.678702657766 15.053759256557 0.866025403784 -0.500000000000
7.268266090690 -6.490710948167 0.866025403784 -0.500000000000
-12.157183453938 11.424558433797 0.866025403784 0.500000000000
11.791322304145 9.525571573560 0.866025403784 -0.500000000000
10.811081628638 5.284414489280 0.000000000000 1.000000000000
8.120488791255 10.090187589204 0.000000000000 1.000000000000
7.216980142533 6.277755572253 0.866025403784 -0.500000000000
7.790373971904 7.879523770714 0.866025403784 0.500000000000
-0.735801348353 5.909086666779 0.866025403784 -0.500000000000
10.408616560685 9.888444491054 0.866025403784 0.500000000000
