#Configurational_file created 2018-09-14 11:25:24  started 2018-09-14 11:25:24 run for 0.0s steps 0
name: gc_332
step: 10000
specie: 18
	particle_diameter: 1.0000000000000000
	interaction_length: 1.2000000000000000
	number_of_patches: 3
	number_of_particles_per_compound: 1
	rod_length: 1.0000000000000000
	interaction_matrix:  1.000000 1.000000 1.000000 1.000000 1.000000 1.000000 1.000000 1.000000 1.000000
	patch_type: symmetric
	patch_width: 8.0000000000000000
	patch_angle: 0.0000000000000000
	angles:  0.000000 0.000000 0.000000
	grand_canonical: 1
	chemical_potential: -0.8333330000000000
box: 10.000000 10.000000
copy: 1.000000 1.000000
epsilon: 0.5000750000000000
end_epsilon: 0.0000000000000000
pressure: 1.0000000000000000
lambda: 0.0000000000000000
lambda_coupling: 1.0000000000000000
uy: 0.0000000000000000
maximum_displacement: 1.0000000000000000
maximum_rotation: 1.0000000000000000
maximum_volume: 0.0000001000000000
maximum_shape: 0.0000001000000000
maximum_dsigma: 0.0100000000000000
mod: 10
pmod: 10
optimize: 1
verbose: 1
snapshot: 0
display: 1
explore: 1
npt: 0
nptxy: 0
nptdxdy: 0
shape: 0
seed: 380275
6.854039024997 19.070194735714 0.866025403784 -0.500000000000
4.671287264830 14.054684859051 0.000000000000 1.000000000000
11.594899164521 -2.162217831264 0.866025403784 -0.500000000000
4.471117494989 -1.032732209491 0.866025403784 -0.500000000000
11.314792707855 0.339946590570 0.866025403784 -0.500000000000
-2.895336823116 6.989442110899 0.000000000000 1.000000000000
10.003784190829 17.373992230398 0.866025403784 0.500000000000
-2.990797566268 -2.724415182610 0.866025403784 -0.500000000000
10.758490115818 2.404439890390 0.000000000000 1.000000000000
14.053479215605 4.253181215219 0.866025403784 0.500000000000
4.774188852955 11.124284449844 0.000000000000 1.000000000000
2.005142293354 6.096452174606 0.866025403784 0.500000000000
9.167106425872 5.651276382915 0.866025403784 -0.500000000000
9.503496208601 13.463136788258 0.000000000000 1.000000000000
-6.075938570718 26.915745843750 0.866025403784 0.500000000000
9.358427840419 4.615943852103 0.866025403784 0.500000000000
7.122087995431 2.917235804506 0.000000000000 1.000000000000
6.196927642669 3.852839209322 0.866025403784 0.500000000000
