#Configurational_file created 2018-09-14 13:48:49  started 2018-09-14 13:48:48 run for 1.0s steps 0
name: gc_358
step: 10000
specie: 13
	particle_diameter: 1.0000000000000000
	interaction_length: 1.2000000000000000
	number_of_patches: 3
	number_of_particles_per_compound: 1
	rod_length: 1.0000000000000000
	interaction_matrix:  1.000000 1.000000 1.000000 1.000000 1.000000 1.000000 1.000000 1.000000 1.000000
	patch_type: symmetric
	patch_width: 8.0000000000000000
	patch_angle: 0.0000000000000000
	angles:  0.000000 0.000000 0.000000
	grand_canonical: 1
	chemical_potential: -1.4827589999999999
box: 10.000000 10.000000
copy: 1.000000 1.000000
epsilon: 0.4655170000000000
end_epsilon: 0.0000000000000000
pressure: 1.0000000000000000
lambda: 0.0000000000000000
lambda_coupling: 1.0000000000000000
uy: 0.0000000000000000
maximum_displacement: 1.0000000000000000
maximum_rotation: 1.0000000000000000
maximum_volume: 0.0000001000000000
maximum_shape: 0.0000001000000000
maximum_dsigma: 0.0100000000000000
mod: 10
pmod: 10
optimize: 1
verbose: 1
snapshot: 0
display: 1
explore: 1
npt: 0
nptxy: 0
nptdxdy: 0
shape: 0
seed: 409837
-9.923053230957 0.366718983866 0.866025403784 -0.500000000000
7.552038834956 10.786119581366 0.866025403784 -0.500000000000
1.251268736543 0.903737973466 0.866025403784 -0.500000000000
6.084566347422 -3.249351808769 0.866025403784 0.500000000000
2.277270015323 2.488721024177 0.000000000000 1.000000000000
0.250688158543 -10.782610813151 0.866025403784 -0.500000000000
13.004417896165 -6.116497463658 0.000000000000 1.000000000000
5.464467116258 8.407871469137 0.866025403784 0.500000000000
6.326271982098 9.501631295046 0.866025403784 0.500000000000
-8.075913649928 -0.994247749791 0.866025403784 -0.500000000000
13.900033056115 17.319705729324 0.000000000000 1.000000000000
2.832146712395 5.558521121725 0.866025403784 -0.500000000000
5.056563279964 10.225113710801 0.866025403784 0.500000000000
