#Configurational_file created 2018-09-14 13:48:14  started 2018-09-14 13:48:13 run for 1.0s steps 0
name: gc_308
step: 10000
specie: 9
	particle_diameter: 1.0000000000000000
	interaction_length: 1.2000000000000000
	number_of_patches: 3
	number_of_particles_per_compound: 1
	rod_length: 1.0000000000000000
	interaction_matrix:  1.000000 1.000000 1.000000 1.000000 1.000000 1.000000 1.000000 1.000000 1.000000
	patch_type: symmetric
	patch_width: 8.0000000000000000
	patch_angle: 0.0000000000000000
	angles:  0.000000 0.000000 0.000000
	grand_canonical: 1
	chemical_potential: -1.6206900000000000
box: 10.000000 10.000000
copy: 1.000000 1.000000
epsilon: 0.1206900000000000
end_epsilon: 0.0000000000000000
pressure: 1.0000000000000000
lambda: 0.0000000000000000
lambda_coupling: 1.0000000000000000
uy: 0.0000000000000000
maximum_displacement: 1.0000000000000000
maximum_rotation: 1.0000000000000000
maximum_volume: 0.0000001000000000
maximum_shape: 0.0000001000000000
maximum_dsigma: 0.0100000000000000
mod: 10
pmod: 10
optimize: 1
verbose: 1
snapshot: 0
display: 1
explore: 1
npt: 0
nptxy: 0
nptdxdy: 0
shape: 0
seed: 352987
1.843465057630 13.526517518786 0.866025403784 0.500000000000
8.013929280565 -0.433815718342 0.866025403784 -0.500000000000
-15.976503225347 -11.200167859578 0.866025403784 0.500000000000
2.064787220980 8.475784991019 0.000000000000 1.000000000000
9.987794546030 4.745837567686 0.866025403784 0.500000000000
17.385263465307 12.883852638707 0.000000000000 1.000000000000
-4.270161501918 2.521100391380 0.866025403784 0.500000000000
0.348563806639 15.988899071111 0.866025403784 0.500000000000
10.074953744418 -0.854180942838 0.866025403784 0.500000000000
