#Configurational_file created 2018-09-14 11:53:32  started 2018-09-14 11:53:31 run for 1.0s steps 0
name: gc_365
step: 10000
specie: 22
	particle_diameter: 1.0000000000000000
	interaction_length: 1.2000000000000000
	number_of_patches: 3
	number_of_particles_per_compound: 1
	rod_length: 1.0000000000000000
	interaction_matrix:  1.000000 1.000000 1.000000 1.000000 1.000000 1.000000 1.000000 1.000000 1.000000
	patch_type: symmetric
	patch_width: 8.0000000000000000
	patch_angle: 0.0000000000000000
	angles:  0.000000 0.000000 0.000000
	grand_canonical: 1
	chemical_potential: -0.6666670000000000
box: 10.000000 10.000000
copy: 1.000000 1.000000
epsilon: 0.0583340000000000
end_epsilon: 0.0000000000000000
pressure: 1.0000000000000000
lambda: 0.0000000000000000
lambda_coupling: 1.0000000000000000
uy: 0.0000000000000000
maximum_displacement: 1.0000000000000000
maximum_rotation: 1.0000000000000000
maximum_volume: 0.0000001000000000
maximum_shape: 0.0000001000000000
maximum_dsigma: 0.0100000000000000
mod: 10
pmod: 10
optimize: 1
verbose: 1
snapshot: 0
display: 1
explore: 1
npt: 0
nptxy: 0
nptdxdy: 0
shape: 0
seed: 417796
-14.132907380678 16.930858392417 0.866025403784 -0.500000000000
-0.608464214732 6.426871114280 0.866025403784 -0.500000000000
11.592731189877 -8.178683062399 0.866025403784 0.500000000000
4.234350150430 6.654624548687 0.866025403784 -0.500000000000
-1.499338028315 2.524995319621 0.866025403784 -0.500000000000
-0.007795902941 11.005626955172 0.000000000000 1.000000000000
31.592588468542 3.297648106771 0.000000000000 1.000000000000
11.068502949920 27.613708121321 0.866025403784 0.500000000000
20.332078281660 12.740907987300 0.000000000000 1.000000000000
0.945056864631 9.858247227221 0.866025403784 0.500000000000
-3.685005999031 3.126990210969 0.000000000000 1.000000000000
13.164490205523 8.009643655908 0.866025403784 -0.500000000000
-2.054324077620 0.926173527548 0.866025403784 -0.500000000000
-1.225670038323 -4.780512216741 0.000000000000 1.000000000000
5.190090863883 1.841073439649 0.866025403784 -0.500000000000
3.400648712655 19.890941346702 0.866025403784 -0.500000000000
14.962325213838 0.482205602944 0.866025403784 0.500000000000
1.887386582543 6.302190363816 0.866025403784 0.500000000000
6.989776245219 -0.958791683028 0.000000000000 1.000000000000
1.747514748604 4.646179607175 0.000000000000 1.000000000000
14.216289237902 -1.950601092434 0.866025403784 -0.500000000000
8.836063866876 1.691044148999 0.000000000000 1.000000000000
