#Configurational_file created 2018-09-14 11:53:04  started 2018-09-14 11:53:03 run for 1.0s steps 0
name: gc_331
step: 10000
specie: 22
	particle_diameter: 1.0000000000000000
	interaction_length: 1.2000000000000000
	number_of_patches: 3
	number_of_particles_per_compound: 1
	rod_length: 1.0000000000000000
	interaction_matrix:  1.000000 1.000000 1.000000 1.000000 1.000000 1.000000 1.000000 1.000000 1.000000
	patch_type: symmetric
	patch_width: 8.0000000000000000
	patch_angle: 0.0000000000000000
	angles:  0.000000 0.000000 0.000000
	grand_canonical: 1
	chemical_potential: -0.8333330000000000
box: 10.000000 10.000000
copy: 1.000000 1.000000
epsilon: 0.0208340000000000
end_epsilon: 0.0000000000000000
pressure: 1.0000000000000000
lambda: 0.0000000000000000
lambda_coupling: 1.0000000000000000
uy: 0.0000000000000000
maximum_displacement: 1.0000000000000000
maximum_rotation: 1.0000000000000000
maximum_volume: 0.0000001000000000
maximum_shape: 0.0000001000000000
maximum_dsigma: 0.0100000000000000
mod: 10
pmod: 10
optimize: 1
verbose: 1
snapshot: 0
display: 1
explore: 1
npt: 0
nptxy: 0
nptdxdy: 0
shape: 0
seed: 379138
8.254903378814 5.067538920580 0.866025403784 0.500000000000
-10.280698403816 27.208724529678 0.866025403784 -0.500000000000
-4.959771519974 7.257094349298 0.866025403784 -0.500000000000
14.400964793199 8.034391059786 0.866025403784 -0.500000000000
-3.436337470768 -14.523406060520 0.000000000000 1.000000000000
12.446413163887 -11.454605305424 0.866025403784 -0.500000000000
-3.676434725429 3.561890842419 0.866025403784 0.500000000000
-3.207466627357 -1.561605656808 0.866025403784 -0.500000000000
10.942712556707 -1.094402001203 0.866025403784 0.500000000000
13.305554183118 7.522349392249 0.000000000000 1.000000000000
-5.038545966441 4.911606211425 0.866025403784 0.500000000000
0.298596344296 -3.830690992173 0.866025403784 0.500000000000
15.886648799338 9.830740664996 0.866025403784 0.500000000000
3.793016000236 9.700712192313 0.866025403784 0.500000000000
16.262869356028 20.811921488718 0.866025403784 0.500000000000
-3.297377888925 8.196217419711 0.000000000000 1.000000000000
1.156590752041 2.494451536948 0.866025403784 -0.500000000000
1.213079225863 10.971918066070 0.866025403784 -0.500000000000
7.485148403784 -3.574949618111 0.000000000000 1.000000000000
9.585449648525 4.193252268330 0.866025403784 -0.500000000000
9.434503148666 1.446194894822 0.866025403784 -0.500000000000
2.979763382712 5.454710562111 0.000000000000 1.000000000000
