#Configurational_file created 2018-09-14 11:53:19  started 2018-09-14 11:53:18 run for 1.0s steps 0
name: gc_349
step: 10000
specie: 20
	particle_diameter: 1.0000000000000000
	interaction_length: 1.2000000000000000
	number_of_patches: 3
	number_of_particles_per_compound: 1
	rod_length: 1.0000000000000000
	interaction_matrix:  1.000000 1.000000 1.000000 1.000000 1.000000 1.000000 1.000000 1.000000 1.000000
	patch_type: symmetric
	patch_width: 8.0000000000000000
	patch_angle: 0.0000000000000000
	angles:  0.000000 0.000000 0.000000
	grand_canonical: 1
	chemical_potential: -0.8333330000000000
box: 10.000000 10.000000
copy: 1.000000 1.000000
epsilon: 0.0958330000000000
end_epsilon: 0.0000000000000000
pressure: 1.0000000000000000
lambda: 0.0000000000000000
lambda_coupling: 1.0000000000000000
uy: 0.0000000000000000
maximum_displacement: 1.0000000000000000
maximum_rotation: 1.0000000000000000
maximum_volume: 0.0000001000000000
maximum_shape: 0.0000001000000000
maximum_dsigma: 0.0100000000000000
mod: 10
pmod: 10
optimize: 1
verbose: 1
snapshot: 0
display: 1
explore: 1
npt: 0
nptxy: 0
nptdxdy: 0
shape: 0
seed: 399604
32.436984457294 15.214051708110 0.866025403784 -0.500000000000
-14.358493562594 1.153595341267 0.866025403784 -0.500000000000
-0.831137304332 -10.936254295394 0.000000000000 1.000000000000
6.315269521148 20.312455432752 0.866025403784 0.500000000000
5.849998262653 -17.148457236453 0.000000000000 1.000000000000
0.824038421276 4.977853694929 0.866025403784 0.500000000000
10.683871592066 11.536266391734 0.866025403784 -0.500000000000
-1.142048166853 0.968500684139 0.000000000000 1.000000000000
5.555978357973 6.737262044142 0.866025403784 -0.500000000000
4.778077253619 13.268450395872 0.866025403784 0.500000000000
-7.261168796108 18.611834770552 0.866025403784 0.500000000000
16.152915736756 8.776491704047 0.866025403784 -0.500000000000
3.667552680861 -3.076639059172 0.866025403784 0.500000000000
-0.642903286473 1.549038822528 0.866025403784 -0.500000000000
-0.518341745612 14.647398348095 0.000000000000 1.000000000000
9.263542636318 5.526781192485 0.866025403784 -0.500000000000
8.104849805090 6.398621637232 0.866025403784 0.500000000000
4.848136077292 4.188376182882 0.866025403784 -0.500000000000
2.539190985579 2.235273086940 0.866025403784 0.500000000000
9.061617309977 5.039569186126 0.866025403784 0.500000000000
