#Configurational_file created 2018-09-14 11:26:18  started 2018-09-14 11:26:17 run for 1.0s steps 0
name: gc_397
step: 10000
specie: 19
	particle_diameter: 1.0000000000000000
	interaction_length: 1.2000000000000000
	number_of_patches: 3
	number_of_particles_per_compound: 1
	rod_length: 1.0000000000000000
	interaction_matrix:  1.000000 1.000000 1.000000 1.000000 1.000000 1.000000 1.000000 1.000000 1.000000
	patch_type: symmetric
	patch_width: 8.0000000000000000
	patch_angle: 0.0000000000000000
	angles:  0.000000 0.000000 0.000000
	grand_canonical: 1
	chemical_potential: -0.5000000000000000
box: 10.000000 10.000000
copy: 1.000000 1.000000
epsilon: 1.7500119999999999
end_epsilon: 0.0000000000000000
pressure: 1.0000000000000000
lambda: 0.0000000000000000
lambda_coupling: 1.0000000000000000
uy: 0.0000000000000000
maximum_displacement: 1.0000000000000000
maximum_rotation: 1.0000000000000000
maximum_volume: 0.0000001000000000
maximum_shape: 0.0000001000000000
maximum_dsigma: 0.0100000000000000
mod: 10
pmod: 10
optimize: 1
verbose: 1
snapshot: 0
display: 1
explore: 1
npt: 0
nptxy: 0
nptdxdy: 0
shape: 0
seed: 454180
6.308919776967 7.114814652111 0.866025403784 -0.500000000000
1.644636977562 18.462438243457 0.000000000000 1.000000000000
7.341809036465 -8.791381359473 0.866025403784 -0.500000000000
-0.151166789063 18.154131082199 0.866025403784 0.500000000000
11.762287485178 16.387411035440 0.866025403784 -0.500000000000
-19.300809067795 20.455216752191 0.866025403784 0.500000000000
11.061557566378 4.961615615813 0.866025403784 -0.500000000000
16.254933016950 5.030450294674 0.866025403784 -0.500000000000
3.150238563278 0.410965625625 0.000000000000 1.000000000000
-3.328974869815 -13.125764277892 0.000000000000 1.000000000000
0.438577620002 1.648558544552 0.866025403784 0.500000000000
12.517666964151 -6.533614347333 0.866025403784 0.500000000000
17.663114715309 19.320504497050 0.866025403784 0.500000000000
-0.378043242467 9.401140160719 0.000000000000 1.000000000000
-11.288513141290 9.946816507110 0.866025403784 0.500000000000
10.087705720232 4.234494820327 0.000000000000 1.000000000000
-0.664915899504 7.351454998578 0.000000000000 1.000000000000
8.051386929411 15.169197827858 0.866025403784 -0.500000000000
11.386448909055 4.605770647383 0.000000000000 1.000000000000
