#Configurational_file created 2018-09-14 13:48:55  started 2018-09-14 13:48:54 run for 1.0s steps 0
name: gc_366
step: 10000
specie: 14
	particle_diameter: 1.0000000000000000
	interaction_length: 1.2000000000000000
	number_of_patches: 3
	number_of_particles_per_compound: 1
	rod_length: 1.0000000000000000
	interaction_matrix:  1.000000 1.000000 1.000000 1.000000 1.000000 1.000000 1.000000 1.000000 1.000000
	patch_type: symmetric
	patch_width: 8.0000000000000000
	patch_angle: 0.0000000000000000
	angles:  0.000000 0.000000 0.000000
	grand_canonical: 1
	chemical_potential: -1.3448279999999999
box: 10.000000 10.000000
copy: 1.000000 1.000000
epsilon: 0.0862080000000000
end_epsilon: 0.0000000000000000
pressure: 1.0000000000000000
lambda: 0.0000000000000000
lambda_coupling: 1.0000000000000000
uy: 0.0000000000000000
maximum_displacement: 1.0000000000000000
maximum_rotation: 1.0000000000000000
maximum_volume: 0.0000001000000000
maximum_shape: 0.0000001000000000
maximum_dsigma: 0.0100000000000000
mod: 10
pmod: 10
optimize: 1
verbose: 1
snapshot: 0
display: 1
explore: 1
npt: 0
nptxy: 0
nptdxdy: 0
shape: 0
seed: 418933
0.452838238586 12.995659114135 0.866025403784 -0.500000000000
-0.019936568719 -2.516507376168 0.000000000000 1.000000000000
11.561803224923 3.942129631165 0.866025403784 0.500000000000
5.947603551100 6.088088229298 0.866025403784 -0.500000000000
1.194372547088 0.449404192308 0.866025403784 -0.500000000000
-0.946259370620 17.985151055947 0.866025403784 0.500000000000
13.548348203806 13.558108031785 0.866025403784 -0.500000000000
2.740459655898 6.632181278037 0.000000000000 1.000000000000
-0.606698463219 13.372359987161 0.866025403784 -0.500000000000
-0.623632160940 10.814083782201 0.866025403784 0.500000000000
6.845528826544 7.539752452275 0.866025403784 -0.500000000000
-4.043480847287 5.069283299096 0.866025403784 -0.500000000000
8.160768104700 4.190273654633 0.866025403784 -0.500000000000
0.845406820368 9.672605759896 0.000000000000 1.000000000000
