#Configurational_file created 2018-09-14 13:49:12  started 2018-09-14 13:49:11 run for 1.0s steps 0
name: gc_390
step: 10000
specie: 17
	particle_diameter: 1.0000000000000000
	interaction_length: 1.2000000000000000
	number_of_patches: 3
	number_of_particles_per_compound: 1
	rod_length: 1.0000000000000000
	interaction_matrix:  1.000000 1.000000 1.000000 1.000000 1.000000 1.000000 1.000000 1.000000 1.000000
	patch_type: symmetric
	patch_width: 8.0000000000000000
	patch_angle: 0.0000000000000000
	angles:  0.000000 0.000000 0.000000
	grand_canonical: 1
	chemical_potential: -1.3448279999999999
box: 10.000000 10.000000
copy: 1.000000 1.000000
epsilon: 0.5000000000000000
end_epsilon: 0.0000000000000000
pressure: 1.0000000000000000
lambda: 0.0000000000000000
lambda_coupling: 1.0000000000000000
uy: 0.0000000000000000
maximum_displacement: 1.0000000000000000
maximum_rotation: 1.0000000000000000
maximum_volume: 0.0000001000000000
maximum_shape: 0.0000001000000000
maximum_dsigma: 0.0100000000000000
mod: 10
pmod: 10
optimize: 1
verbose: 1
snapshot: 0
display: 1
explore: 1
npt: 0
nptxy: 0
nptdxdy: 0
shape: 0
seed: 446221
2.681098730741 -4.647445214995 0.866025403784 -0.500000000000
7.539019688383 16.284949282831 0.866025403784 -0.500000000000
-10.988249015868 10.641318771761 0.000000000000 1.000000000000
-3.594837899520 1.501379401912 0.866025403784 -0.500000000000
3.314689710648 7.543218600882 0.000000000000 1.000000000000
5.234177441029 10.354098980444 0.866025403784 0.500000000000
-11.135342313111 12.682380512726 0.866025403784 -0.500000000000
11.086559546642 9.426431296626 0.866025403784 -0.500000000000
12.704295414898 0.041237878266 0.866025403784 0.500000000000
5.100554961103 3.225917847498 0.000000000000 1.000000000000
9.232173333360 54.489817178525 0.000000000000 1.000000000000
-1.433343506282 17.470908743197 0.866025403784 -0.500000000000
10.826680274493 6.215506058576 0.000000000000 1.000000000000
6.428537009518 5.302368949503 0.000000000000 1.000000000000
8.604860022053 -1.148842271538 0.866025403784 -0.500000000000
5.164215828283 5.805749778040 0.866025403784 -0.500000000000
4.365709049960 3.205338980549 0.866025403784 -0.500000000000
