#Configurational_file created 2018-09-14 11:25:24  started 2018-09-14 11:25:23 run for 1.0s steps 0
name: gc_331
step: 10000
specie: 19
	particle_diameter: 1.0000000000000000
	interaction_length: 1.2000000000000000
	number_of_patches: 3
	number_of_particles_per_compound: 1
	rod_length: 1.0000000000000000
	interaction_matrix:  1.000000 1.000000 1.000000 1.000000 1.000000 1.000000 1.000000 1.000000 1.000000
	patch_type: symmetric
	patch_width: 8.0000000000000000
	patch_angle: 0.0000000000000000
	angles:  0.000000 0.000000 0.000000
	grand_canonical: 1
	chemical_potential: -0.8333330000000000
box: 10.000000 10.000000
copy: 1.000000 1.000000
epsilon: 0.4167460000000000
end_epsilon: 0.0000000000000000
pressure: 1.0000000000000000
lambda: 0.0000000000000000
lambda_coupling: 1.0000000000000000
uy: 0.0000000000000000
maximum_displacement: 1.0000000000000000
maximum_rotation: 1.0000000000000000
maximum_volume: 0.0000001000000000
maximum_shape: 0.0000001000000000
maximum_dsigma: 0.0100000000000000
mod: 10
pmod: 10
optimize: 1
verbose: 1
snapshot: 0
display: 1
explore: 1
npt: 0
nptxy: 0
nptdxdy: 0
shape: 0
seed: 379138
5.464763466860 7.486899314754 0.000000000000 1.000000000000
5.025628367193 4.896129431643 0.000000000000 1.000000000000
14.792706825938 7.538282350369 0.866025403784 0.500000000000
2.074957572823 2.570205200076 0.866025403784 -0.500000000000
-1.825506208686 -9.384492165401 0.000000000000 1.000000000000
8.264668691383 -1.623755012641 0.866025403784 0.500000000000
10.342197980583 18.599446782226 0.000000000000 1.000000000000
7.499059368591 9.700866119890 0.866025403784 0.500000000000
7.907140337572 12.313929770150 0.866025403784 0.500000000000
5.879628703618 0.398978973479 0.866025403784 0.500000000000
-1.325550112989 21.937458630608 0.000000000000 1.000000000000
5.128297896884 5.734938804356 0.866025403784 -0.500000000000
-2.734753485888 4.262319476818 0.000000000000 1.000000000000
10.369930986466 1.020687276888 0.866025403784 -0.500000000000
3.705595913985 -1.708016751350 0.866025403784 -0.500000000000
5.520932121511 8.937103549392 0.866025403784 -0.500000000000
-7.897835011156 10.854021321648 0.866025403784 -0.500000000000
2.055608725402 15.160149649630 0.866025403784 -0.500000000000
3.956895340501 10.056306398154 0.866025403784 0.500000000000
