#Configurational_file created 2018-09-14 13:48:32  started 2018-09-14 13:48:31 run for 1.0s steps 0
name: gc_334
step: 10000
specie: 19
	particle_diameter: 1.0000000000000000
	interaction_length: 1.2000000000000000
	number_of_patches: 3
	number_of_particles_per_compound: 1
	rod_length: 1.0000000000000000
	interaction_matrix:  1.000000 1.000000 1.000000 1.000000 1.000000 1.000000 1.000000 1.000000 1.000000
	patch_type: symmetric
	patch_width: 8.0000000000000000
	patch_angle: 0.0000000000000000
	angles:  0.000000 0.000000 0.000000
	grand_canonical: 1
	chemical_potential: -1.4827589999999999
box: 10.000000 10.000000
copy: 1.000000 1.000000
epsilon: 0.0517250000000000
end_epsilon: 0.0000000000000000
pressure: 1.0000000000000000
lambda: 0.0000000000000000
lambda_coupling: 1.0000000000000000
uy: 0.0000000000000000
maximum_displacement: 1.0000000000000000
maximum_rotation: 1.0000000000000000
maximum_volume: 0.0000001000000000
maximum_shape: 0.0000001000000000
maximum_dsigma: 0.0100000000000000
mod: 10
pmod: 10
optimize: 1
verbose: 1
snapshot: 0
display: 1
explore: 1
npt: 0
nptxy: 0
nptdxdy: 0
shape: 0
seed: 382549
-12.200555325265 -8.273494775127 0.866025403784 0.500000000000
3.712945455508 6.173782537076 0.866025403784 -0.500000000000
-1.248825625173 5.524795117553 0.000000000000 1.000000000000
6.885736069563 0.783695894698 0.866025403784 0.500000000000
9.298956997682 4.060719474411 0.000000000000 1.000000000000
8.294071399373 8.807601710729 0.000000000000 1.000000000000
5.062819451726 5.803770666277 0.000000000000 1.000000000000
-6.741202810889 -9.870144916058 0.866025403784 0.500000000000
-2.320753142820 5.259161052409 0.866025403784 -0.500000000000
6.344420547389 9.823988858307 0.000000000000 1.000000000000
0.204920031793 4.579001159259 0.866025403784 -0.500000000000
15.734796923194 16.910278824895 0.000000000000 1.000000000000
12.463097177025 -0.828837086631 0.866025403784 0.500000000000
4.305224021627 -0.164404844233 0.000000000000 1.000000000000
17.522318455595 4.156169092006 0.866025403784 -0.500000000000
6.744797153518 13.057585447350 0.000000000000 1.000000000000
-4.751792850129 9.484171248776 0.000000000000 1.000000000000
-3.506525343696 7.743378306606 0.866025403784 -0.500000000000
6.335020088247 4.119748226342 0.866025403784 0.500000000000
