#Configurational_file created 2018-09-14 13:49:05  started 2018-09-14 13:49:04 run for 1.0s steps 0
name: gc_380
step: 10000
specie: 16
	particle_diameter: 1.0000000000000000
	interaction_length: 1.2000000000000000
	number_of_patches: 3
	number_of_particles_per_compound: 1
	rod_length: 1.0000000000000000
	interaction_matrix:  1.000000 1.000000 1.000000 1.000000 1.000000 1.000000 1.000000 1.000000 1.000000
	patch_type: symmetric
	patch_width: 8.0000000000000000
	patch_angle: 0.0000000000000000
	angles:  0.000000 0.000000 0.000000
	grand_canonical: 1
	chemical_potential: -1.3448279999999999
box: 10.000000 10.000000
copy: 1.000000 1.000000
epsilon: 0.3275870000000000
end_epsilon: 0.0000000000000000
pressure: 1.0000000000000000
lambda: 0.0000000000000000
lambda_coupling: 1.0000000000000000
uy: 0.0000000000000000
maximum_displacement: 1.0000000000000000
maximum_rotation: 1.0000000000000000
maximum_volume: 0.0000001000000000
maximum_shape: 0.0000001000000000
maximum_dsigma: 0.0100000000000000
mod: 10
pmod: 10
optimize: 1
verbose: 1
snapshot: 0
display: 1
explore: 1
npt: 0
nptxy: 0
nptdxdy: 0
shape: 0
seed: 434851
0.911921858086 1.215534065954 0.866025403784 0.500000000000
12.162023342376 26.459234391284 0.866025403784 0.500000000000
-4.727518044273 -0.605593092474 0.866025403784 -0.500000000000
-1.471483187692 5.561882973580 0.000000000000 1.000000000000
9.082453865498 3.279433453070 0.866025403784 -0.500000000000
9.312520214423 6.948279351493 0.866025403784 0.500000000000
6.864594526128 20.599335515134 0.000000000000 1.000000000000
9.849091194799 11.473031441823 0.866025403784 0.500000000000
14.020926993895 0.171078058887 0.866025403784 -0.500000000000
8.148361908707 1.920631111224 0.000000000000 1.000000000000
7.834955890485 -0.803284775627 0.000000000000 1.000000000000
3.383050729094 8.249697642505 0.866025403784 0.500000000000
3.622373261888 9.303506535509 0.866025403784 0.500000000000
6.591775952269 5.870042322654 0.866025403784 0.500000000000
0.918515595152 4.511816535644 0.866025403784 0.500000000000
3.726700287138 1.267684540991 0.866025403784 -0.500000000000
