#Configurational_file created 2018-09-14 13:49:05  started 2018-09-14 13:49:05 run for 0.0s steps 0
name: gc_381
step: 10000
specie: 13
	particle_diameter: 1.0000000000000000
	interaction_length: 1.2000000000000000
	number_of_patches: 3
	number_of_particles_per_compound: 1
	rod_length: 1.0000000000000000
	interaction_matrix:  1.000000 1.000000 1.000000 1.000000 1.000000 1.000000 1.000000 1.000000 1.000000
	patch_type: symmetric
	patch_width: 8.0000000000000000
	patch_angle: 0.0000000000000000
	angles:  0.000000 0.000000 0.000000
	grand_canonical: 1
	chemical_potential: -1.3448279999999999
box: 10.000000 10.000000
copy: 1.000000 1.000000
epsilon: 0.3448280000000000
end_epsilon: 0.0000000000000000
pressure: 1.0000000000000000
lambda: 0.0000000000000000
lambda_coupling: 1.0000000000000000
uy: 0.0000000000000000
maximum_displacement: 1.0000000000000000
maximum_rotation: 1.0000000000000000
maximum_volume: 0.0000001000000000
maximum_shape: 0.0000001000000000
maximum_dsigma: 0.0100000000000000
mod: 10
pmod: 10
optimize: 1
verbose: 1
snapshot: 0
display: 1
explore: 1
npt: 0
nptxy: 0
nptdxdy: 0
shape: 0
seed: 435988
-11.122550042257 2.194042930639 0.866025403784 0.500000000000
10.413671987367 13.038662427572 0.000000000000 1.000000000000
4.813235440020 8.533399226682 0.866025403784 -0.500000000000
-2.674396199516 -1.029415806013 0.866025403784 -0.500000000000
2.609705855535 11.566858454536 0.866025403784 0.500000000000
0.590145499206 -10.018022065084 0.000000000000 1.000000000000
9.734660205467 9.908441767522 0.866025403784 -0.500000000000
-0.665117666144 5.871971992600 0.000000000000 1.000000000000
5.179184802253 2.301204509067 0.866025403784 0.500000000000
3.265262866705 -3.843401920566 0.866025403784 -0.500000000000
6.073435460349 1.061306133515 0.866025403784 0.500000000000
3.909583377932 10.801588525757 0.866025403784 -0.500000000000
5.940543056138 8.536490015596 0.866025403784 0.500000000000
