#Configurational_file created 2018-09-14 13:49:00  started 2018-09-14 13:49:00 run for 0.0s steps 0
name: gc_374
step: 10000
specie: 21
	particle_diameter: 1.0000000000000000
	interaction_length: 1.2000000000000000
	number_of_patches: 3
	number_of_particles_per_compound: 1
	rod_length: 1.0000000000000000
	interaction_matrix:  1.000000 1.000000 1.000000 1.000000 1.000000 1.000000 1.000000 1.000000 1.000000
	patch_type: symmetric
	patch_width: 8.0000000000000000
	patch_angle: 0.0000000000000000
	angles:  0.000000 0.000000 0.000000
	grand_canonical: 1
	chemical_potential: -1.3448279999999999
box: 10.000000 10.000000
copy: 1.000000 1.000000
epsilon: 0.2241380000000000
end_epsilon: 0.0000000000000000
pressure: 1.0000000000000000
lambda: 0.0000000000000000
lambda_coupling: 1.0000000000000000
uy: 0.0000000000000000
maximum_displacement: 1.0000000000000000
maximum_rotation: 1.0000000000000000
maximum_volume: 0.0000001000000000
maximum_shape: 0.0000001000000000
maximum_dsigma: 0.0100000000000000
mod: 10
pmod: 10
optimize: 1
verbose: 1
snapshot: 0
display: 1
explore: 1
npt: 0
nptxy: 0
nptdxdy: 0
shape: 0
seed: 428029
7.485362452273 7.016316855248 0.000000000000 1.000000000000
14.130175134409 -0.134056405021 0.000000000000 1.000000000000
1.725966932447 3.393876309732 0.000000000000 1.000000000000
-1.119787796456 11.369438720511 0.866025403784 -0.500000000000
5.053879856153 11.139238066243 0.866025403784 -0.500000000000
5.018436481376 7.758709208937 0.000000000000 1.000000000000
16.267227069513 -1.062213298324 0.866025403784 -0.500000000000
14.526892710468 3.759633629282 0.866025403784 -0.500000000000
3.661830480214 13.576524798085 0.866025403784 0.500000000000
3.195987589777 7.130186993260 0.866025403784 0.500000000000
9.971152101197 4.369415937892 0.000000000000 1.000000000000
6.386682114690 10.878945835927 0.000000000000 1.000000000000
9.292805975358 0.773352588905 0.000000000000 1.000000000000
16.578542410774 3.637718084162 0.866025403784 -0.500000000000
-0.464059359681 8.236798613761 0.866025403784 0.500000000000
-7.300171560579 0.442210190417 0.000000000000 1.000000000000
8.824445815035 14.917597648646 0.866025403784 0.500000000000
5.009679247707 6.354513765739 0.866025403784 0.500000000000
11.346311638061 6.311696514335 0.866025403784 0.500000000000
0.109743344028 8.690338987123 0.866025403784 -0.500000000000
2.298223833966 4.780695588759 0.866025403784 0.500000000000
