#Configurational_file created 2018-09-14 11:53:11  started 2018-09-14 11:53:11 run for 0.0s steps 0
name: gc_340
step: 10000
specie: 20
	particle_diameter: 1.0000000000000000
	interaction_length: 1.2000000000000000
	number_of_patches: 3
	number_of_particles_per_compound: 1
	rod_length: 1.0000000000000000
	interaction_matrix:  1.000000 1.000000 1.000000 1.000000 1.000000 1.000000 1.000000 1.000000 1.000000
	patch_type: symmetric
	patch_width: 8.0000000000000000
	patch_angle: 0.0000000000000000
	angles:  0.000000 0.000000 0.000000
	grand_canonical: 1
	chemical_potential: -0.8333330000000000
box: 10.000000 10.000000
copy: 1.000000 1.000000
epsilon: 0.0583340000000000
end_epsilon: 0.0000000000000000
pressure: 1.0000000000000000
lambda: 0.0000000000000000
lambda_coupling: 1.0000000000000000
uy: 0.0000000000000000
maximum_displacement: 1.0000000000000000
maximum_rotation: 1.0000000000000000
maximum_volume: 0.0000001000000000
maximum_shape: 0.0000001000000000
maximum_dsigma: 0.0100000000000000
mod: 10
pmod: 10
optimize: 1
verbose: 1
snapshot: 0
display: 1
explore: 1
npt: 0
nptxy: 0
nptdxdy: 0
shape: 0
seed: 389371
10.005682976787 7.668674614575 0.866025403784 -0.500000000000
11.743531830636 -1.035233594903 0.866025403784 -0.500000000000
-0.394608364772 2.116738516167 0.000000000000 1.000000000000
14.008798682593 5.883275845455 0.866025403784 0.500000000000
3.851373408935 8.513726249989 0.866025403784 0.500000000000
17.643320562260 8.074467793055 0.000000000000 1.000000000000
6.112859183055 -1.489547112226 0.000000000000 1.000000000000
2.368437564036 6.467328658682 0.866025403784 -0.500000000000
2.666602554363 11.532081147342 0.866025403784 -0.500000000000
9.040801545601 4.098574212310 0.866025403784 0.500000000000
12.977565193823 4.936356697516 0.000000000000 1.000000000000
12.008850447996 -3.965190747253 0.000000000000 1.000000000000
-5.208477618443 4.071253965008 0.866025403784 -0.500000000000
-6.238919530943 0.580699410873 0.000000000000 1.000000000000
-6.201594477731 -6.801851270539 0.866025403784 0.500000000000
-0.702898475870 10.628009326760 0.866025403784 -0.500000000000
5.291372886428 9.861800630887 0.866025403784 0.500000000000
8.100715448465 3.200210103858 0.866025403784 -0.500000000000
6.642551314359 13.242575959965 0.866025403784 0.500000000000
-0.587739278804 2.256288101406 0.866025403784 -0.500000000000
