#Configurational_file created 2018-09-14 11:53:36  started 2018-09-14 11:53:35 run for 1.0s steps 0
name: gc_370
step: 10000
specie: 18
	particle_diameter: 1.0000000000000000
	interaction_length: 1.2000000000000000
	number_of_patches: 3
	number_of_particles_per_compound: 1
	rod_length: 1.0000000000000000
	interaction_matrix:  1.000000 1.000000 1.000000 1.000000 1.000000 1.000000 1.000000 1.000000 1.000000
	patch_type: symmetric
	patch_width: 8.0000000000000000
	patch_angle: 0.0000000000000000
	angles:  0.000000 0.000000 0.000000
	grand_canonical: 1
	chemical_potential: -0.6666670000000000
box: 10.000000 10.000000
copy: 1.000000 1.000000
epsilon: 0.0791670000000000
end_epsilon: 0.0000000000000000
pressure: 1.0000000000000000
lambda: 0.0000000000000000
lambda_coupling: 1.0000000000000000
uy: 0.0000000000000000
maximum_displacement: 1.0000000000000000
maximum_rotation: 1.0000000000000000
maximum_volume: 0.0000001000000000
maximum_shape: 0.0000001000000000
maximum_dsigma: 0.0100000000000000
mod: 10
pmod: 10
optimize: 1
verbose: 1
snapshot: 0
display: 1
explore: 1
npt: 0
nptxy: 0
nptdxdy: 0
shape: 0
seed: 423481
-1.156092682115 4.481782354465 0.866025403784 0.500000000000
6.591054918032 5.653741731807 0.866025403784 0.500000000000
9.509820431418 4.935122555211 0.000000000000 1.000000000000
-4.887255674999 11.735479656925 0.866025403784 -0.500000000000
20.739872518543 -0.030888618779 0.866025403784 0.500000000000
11.447283235926 8.918464466762 0.866025403784 0.500000000000
7.219882406829 3.940405447468 0.866025403784 0.500000000000
12.243432699684 2.640706996415 0.000000000000 1.000000000000
4.115027946361 4.018048293210 0.866025403784 0.500000000000
-0.131200564815 1.364900116112 0.000000000000 1.000000000000
13.350247289354 10.998233358253 0.866025403784 -0.500000000000
7.573059721092 -0.606108822259 0.866025403784 -0.500000000000
2.885694635026 9.007054142691 0.866025403784 -0.500000000000
0.376606851416 16.437002524054 0.866025403784 0.500000000000
18.132714745221 -11.192462636783 0.866025403784 0.500000000000
20.068606188029 7.641671932994 0.866025403784 0.500000000000
1.057309590590 1.508296958825 0.866025403784 -0.500000000000
18.822059605310 0.550190998048 0.000000000000 1.000000000000
