#Configurational_file created 2018-09-14 11:53:27  started 2018-09-14 11:53:26 run for 1.0s steps 0
name: gc_359
step: 10000
specie: 21
	particle_diameter: 1.0000000000000000
	interaction_length: 1.2000000000000000
	number_of_patches: 3
	number_of_particles_per_compound: 1
	rod_length: 1.0000000000000000
	interaction_matrix:  1.000000 1.000000 1.000000 1.000000 1.000000 1.000000 1.000000 1.000000 1.000000
	patch_type: symmetric
	patch_width: 8.0000000000000000
	patch_angle: 0.0000000000000000
	angles:  0.000000 0.000000 0.000000
	grand_canonical: 1
	chemical_potential: -0.6666670000000000
box: 10.000000 10.000000
copy: 1.000000 1.000000
epsilon: 0.0333340000000000
end_epsilon: 0.0000000000000000
pressure: 1.0000000000000000
lambda: 0.0000000000000000
lambda_coupling: 1.0000000000000000
uy: 0.0000000000000000
maximum_displacement: 1.0000000000000000
maximum_rotation: 1.0000000000000000
maximum_volume: 0.0000001000000000
maximum_shape: 0.0000001000000000
maximum_dsigma: 0.0100000000000000
mod: 10
pmod: 10
optimize: 1
verbose: 1
snapshot: 0
display: 1
explore: 1
npt: 0
nptxy: 0
nptdxdy: 0
shape: 0
seed: 410974
-6.144735029937 7.012098390087 0.000000000000 1.000000000000
6.905198711141 25.811161558710 0.866025403784 -0.500000000000
5.066521627881 11.103863354900 0.866025403784 -0.500000000000
-0.132404256228 17.020194014473 0.866025403784 -0.500000000000
2.619807747055 10.839884630012 0.866025403784 0.500000000000
13.686112432188 7.715329163193 0.866025403784 -0.500000000000
1.418508703977 5.373331438734 0.000000000000 1.000000000000
25.520239106971 16.903200755075 0.000000000000 1.000000000000
-17.954524254252 8.105862591322 0.866025403784 -0.500000000000
8.848759456791 20.328096232835 0.000000000000 1.000000000000
10.996553946317 17.471569937186 0.866025403784 -0.500000000000
3.606450235723 3.935425606246 0.866025403784 0.500000000000
18.377691240787 8.821517483364 0.866025403784 -0.500000000000
12.184604380751 19.194057096790 0.866025403784 -0.500000000000
24.058484159779 10.307870195076 0.866025403784 0.500000000000
10.744484655242 2.074867389368 0.000000000000 1.000000000000
9.346485608372 5.028257081159 0.866025403784 0.500000000000
6.739842374930 4.455229097471 0.866025403784 0.500000000000
12.436663116845 2.602510353906 0.000000000000 1.000000000000
11.800836298489 3.429373446494 0.000000000000 1.000000000000
4.042591133815 5.947600895343 0.000000000000 1.000000000000
