#Configurational_file created 2018-09-14 11:53:37  started 2018-09-14 11:53:36 run for 1.0s steps 0
name: gc_371
step: 10000
specie: 17
	particle_diameter: 1.0000000000000000
	interaction_length: 1.2000000000000000
	number_of_patches: 3
	number_of_particles_per_compound: 1
	rod_length: 1.0000000000000000
	interaction_matrix:  1.000000 1.000000 1.000000 1.000000 1.000000 1.000000 1.000000 1.000000 1.000000
	patch_type: symmetric
	patch_width: 8.0000000000000000
	patch_angle: 0.0000000000000000
	angles:  0.000000 0.000000 0.000000
	grand_canonical: 1
	chemical_potential: -0.6666670000000000
box: 10.000000 10.000000
copy: 1.000000 1.000000
epsilon: 0.0833340000000000
end_epsilon: 0.0000000000000000
pressure: 1.0000000000000000
lambda: 0.0000000000000000
lambda_coupling: 1.0000000000000000
uy: 0.0000000000000000
maximum_displacement: 1.0000000000000000
maximum_rotation: 1.0000000000000000
maximum_volume: 0.0000001000000000
maximum_shape: 0.0000001000000000
maximum_dsigma: 0.0100000000000000
mod: 10
pmod: 10
optimize: 1
verbose: 1
snapshot: 0
display: 1
explore: 1
npt: 0
nptxy: 0
nptdxdy: 0
shape: 0
seed: 424618
11.907385877584 -9.516325332629 0.866025403784 0.500000000000
5.604400266271 6.212379085632 0.866025403784 0.500000000000
-7.472662943423 -1.435192869198 0.866025403784 -0.500000000000
-8.515780005868 8.285643019361 0.866025403784 0.500000000000
8.310659778114 33.901512456531 0.000000000000 1.000000000000
-3.014917006769 9.653014658340 0.000000000000 1.000000000000
12.753439071768 6.363747103995 0.866025403784 0.500000000000
24.709314929476 26.239800258662 0.866025403784 -0.500000000000
4.023634361252 7.429136693328 0.866025403784 -0.500000000000
24.548324746003 3.735818271383 0.000000000000 1.000000000000
-9.039437496224 -13.311661477811 0.866025403784 0.500000000000
5.272485226664 -1.556504097301 0.866025403784 0.500000000000
22.107845666918 -8.959494490840 0.866025403784 -0.500000000000
9.106068506036 -1.423665074375 0.866025403784 -0.500000000000
1.012936980409 4.530488012212 0.000000000000 1.000000000000
0.101567604379 8.269142536494 0.866025403784 -0.500000000000
2.539057444911 6.955056278873 0.866025403784 -0.500000000000
