#Configurational_file created 2018-09-14 13:48:20  started 2018-09-14 13:48:19 run for 1.0s steps 0
name: gc_317
step: 10000
specie: 15
	particle_diameter: 1.0000000000000000
	interaction_length: 1.2000000000000000
	number_of_patches: 3
	number_of_particles_per_compound: 1
	rod_length: 1.0000000000000000
	interaction_matrix:  1.000000 1.000000 1.000000 1.000000 1.000000 1.000000 1.000000 1.000000 1.000000
	patch_type: symmetric
	patch_width: 8.0000000000000000
	patch_angle: 0.0000000000000000
	angles:  0.000000 0.000000 0.000000
	grand_canonical: 1
	chemical_potential: -1.6206900000000000
box: 10.000000 10.000000
copy: 1.000000 1.000000
epsilon: 0.2758630000000000
end_epsilon: 0.0000000000000000
pressure: 1.0000000000000000
lambda: 0.0000000000000000
lambda_coupling: 1.0000000000000000
uy: 0.0000000000000000
maximum_displacement: 1.0000000000000000
maximum_rotation: 1.0000000000000000
maximum_volume: 0.0000001000000000
maximum_shape: 0.0000001000000000
maximum_dsigma: 0.0100000000000000
mod: 10
pmod: 10
optimize: 1
verbose: 1
snapshot: 0
display: 1
explore: 1
npt: 0
nptxy: 0
nptdxdy: 0
shape: 0
seed: 363220
6.040357011843 2.038432337231 0.000000000000 1.000000000000
12.097105940774 10.717017717318 0.866025403784 -0.500000000000
-5.691571436838 26.370504863613 0.000000000000 1.000000000000
-2.165133722992 1.875408805497 0.000000000000 1.000000000000
22.219097908886 8.800477609695 0.866025403784 -0.500000000000
9.401552589036 2.695502909891 0.000000000000 1.000000000000
7.790228670348 -0.092775177171 0.000000000000 1.000000000000
3.437445575311 18.571394204347 0.866025403784 0.500000000000
-6.902615224427 21.036939370504 0.866025403784 0.500000000000
14.598437920698 8.497427153688 0.000000000000 1.000000000000
4.722533632687 12.440176803408 0.866025403784 -0.500000000000
-2.052170787896 6.294567480887 0.000000000000 1.000000000000
-6.684616200270 4.279481290656 0.866025403784 0.500000000000
-0.517204053220 0.660681030031 0.000000000000 1.000000000000
-0.184986723695 4.191945637072 0.000000000000 1.000000000000
