#Configurational_file created 2018-09-14 11:25:06  started 2018-09-14 11:25:05 run for 1.0s steps 0
name: gc_308
step: 10000
specie: 16
	particle_diameter: 1.0000000000000000
	interaction_length: 1.2000000000000000
	number_of_patches: 3
	number_of_particles_per_compound: 1
	rod_length: 1.0000000000000000
	interaction_matrix:  1.000000 1.000000 1.000000 1.000000 1.000000 1.000000 1.000000 1.000000 1.000000
	patch_type: symmetric
	patch_width: 8.0000000000000000
	patch_angle: 0.0000000000000000
	angles:  0.000000 0.000000 0.000000
	grand_canonical: 1
	chemical_potential: -1.0000000000000000
box: 10.000000 10.000000
copy: 1.000000 1.000000
epsilon: 0.5834040000000000
end_epsilon: 0.0000000000000000
pressure: 1.0000000000000000
lambda: 0.0000000000000000
lambda_coupling: 1.0000000000000000
uy: 0.0000000000000000
maximum_displacement: 1.0000000000000000
maximum_rotation: 1.0000000000000000
maximum_volume: 0.0000001000000000
maximum_shape: 0.0000001000000000
maximum_dsigma: 0.0100000000000000
mod: 10
pmod: 10
optimize: 1
verbose: 1
snapshot: 0
display: 1
explore: 1
npt: 0
nptxy: 0
nptdxdy: 0
shape: 0
seed: 352987
31.914711583184 26.279891828114 0.866025403784 -0.500000000000
-7.609602949788 -0.466361250714 0.866025403784 -0.500000000000
3.887783758065 0.534378212597 0.866025403784 -0.500000000000
-3.311379906187 3.120866870842 0.000000000000 1.000000000000
5.702933342945 16.464718298023 0.866025403784 -0.500000000000
41.239687448086 -19.010936886839 0.000000000000 1.000000000000
7.717706287732 16.461927042336 0.866025403784 0.500000000000
15.801271620780 11.231125182141 0.866025403784 0.500000000000
5.691528492884 1.882845779160 0.866025403784 -0.500000000000
6.697281275450 6.462292472481 0.866025403784 0.500000000000
1.521682687771 12.563110217624 0.866025403784 0.500000000000
0.885520025617 4.987264380737 0.866025403784 0.500000000000
10.786260754101 11.566627213705 0.866025403784 0.500000000000
4.819079577708 -4.308580615378 0.866025403784 0.500000000000
-1.762991545018 0.021454936704 0.866025403784 -0.500000000000
6.608506413643 0.522173078006 0.866025403784 0.500000000000
