#Configurational_file created 2018-09-14 11:25:39  started 2018-09-14 11:25:38 run for 1.0s steps 0
name: gc_350
step: 10000
specie: 21
	particle_diameter: 1.0000000000000000
	interaction_length: 1.2000000000000000
	number_of_patches: 3
	number_of_particles_per_compound: 1
	rod_length: 1.0000000000000000
	interaction_matrix:  1.000000 1.000000 1.000000 1.000000 1.000000 1.000000 1.000000 1.000000 1.000000
	patch_type: symmetric
	patch_width: 8.0000000000000000
	patch_angle: 0.0000000000000000
	angles:  0.000000 0.000000 0.000000
	grand_canonical: 1
	chemical_potential: -0.8333330000000000
box: 10.000000 10.000000
copy: 1.000000 1.000000
epsilon: 2.0000000000000000
end_epsilon: 0.0000000000000000
pressure: 1.0000000000000000
lambda: 0.0000000000000000
lambda_coupling: 1.0000000000000000
uy: 0.0000000000000000
maximum_displacement: 1.0000000000000000
maximum_rotation: 1.0000000000000000
maximum_volume: 0.0000001000000000
maximum_shape: 0.0000001000000000
maximum_dsigma: 0.0100000000000000
mod: 10
pmod: 10
optimize: 1
verbose: 1
snapshot: 0
display: 1
explore: 1
npt: 0
nptxy: 0
nptdxdy: 0
shape: 0
seed: 400741
8.142515533629 -0.141466613203 0.000000000000 1.000000000000
2.545097828599 9.124084390623 0.866025403784 -0.500000000000
7.048661237257 7.680114774109 0.000000000000 1.000000000000
14.694775834086 9.668220602646 0.866025403784 -0.500000000000
-1.091475249466 8.556098408908 0.866025403784 0.500000000000
3.066129810270 12.940835824254 0.866025403784 0.500000000000
9.265862705340 -5.175296822134 0.866025403784 0.500000000000
3.536967248826 14.009271956972 0.866025403784 -0.500000000000
12.190651159323 5.503266117506 0.000000000000 1.000000000000
8.081953502566 3.871954366626 0.866025403784 -0.500000000000
18.127157695026 5.582239895695 0.866025403784 0.500000000000
-18.592490010150 -10.782449510832 0.866025403784 -0.500000000000
9.044294757518 0.566783650382 0.866025403784 0.500000000000
-1.386662958904 3.968428236906 0.000000000000 1.000000000000
7.762446919918 1.380250545362 0.000000000000 1.000000000000
1.642379914740 4.680713403671 0.866025403784 0.500000000000
1.342532315450 23.899494101318 0.000000000000 1.000000000000
11.803607103476 7.006470203677 0.866025403784 -0.500000000000
-3.747014126311 4.134458632465 0.866025403784 0.500000000000
6.267162810844 0.665147196587 0.866025403784 0.500000000000
0.126106138812 9.002176808567 0.000000000000 1.000000000000
