#Configurational_file created 2018-09-14 13:48:55  started 2018-09-14 13:48:55 run for 0.0s steps 0
name: gc_367
step: 10000
specie: 15
	particle_diameter: 1.0000000000000000
	interaction_length: 1.2000000000000000
	number_of_patches: 3
	number_of_particles_per_compound: 1
	rod_length: 1.0000000000000000
	interaction_matrix:  1.000000 1.000000 1.000000 1.000000 1.000000 1.000000 1.000000 1.000000 1.000000
	patch_type: symmetric
	patch_width: 8.0000000000000000
	patch_angle: 0.0000000000000000
	angles:  0.000000 0.000000 0.000000
	grand_canonical: 1
	chemical_potential: -1.3448279999999999
box: 10.000000 10.000000
copy: 1.000000 1.000000
epsilon: 0.1034490000000000
end_epsilon: 0.0000000000000000
pressure: 1.0000000000000000
lambda: 0.0000000000000000
lambda_coupling: 1.0000000000000000
uy: 0.0000000000000000
maximum_displacement: 1.0000000000000000
maximum_rotation: 1.0000000000000000
maximum_volume: 0.0000001000000000
maximum_shape: 0.0000001000000000
maximum_dsigma: 0.0100000000000000
mod: 10
pmod: 10
optimize: 1
verbose: 1
snapshot: 0
display: 1
explore: 1
npt: 0
nptxy: 0
nptdxdy: 0
shape: 0
seed: 420070
11.423084838270 11.691359118782 0.866025403784 -0.500000000000
-16.063751171374 4.818396763554 0.866025403784 -0.500000000000
10.507868394868 5.231298571995 0.866025403784 -0.500000000000
-6.604249353825 0.690179738076 0.866025403784 -0.500000000000
3.067838911556 -3.292967158705 0.866025403784 -0.500000000000
17.861577764392 13.322168284686 0.866025403784 0.500000000000
-11.128010188970 -1.218084072676 0.000000000000 1.000000000000
-2.438963157745 5.877466732100 0.866025403784 0.500000000000
17.623690230598 7.552320833409 0.000000000000 1.000000000000
7.196267282502 8.582617162316 0.866025403784 -0.500000000000
2.582237352976 13.525109267101 0.866025403784 0.500000000000
5.182732570004 5.570589703123 0.866025403784 -0.500000000000
3.172966880447 -0.988738172264 0.000000000000 1.000000000000
-0.086939677710 0.236695516592 0.866025403784 0.500000000000
1.220820525435 4.280441750657 0.866025403784 0.500000000000
