#Configurational_file created 2018-09-14 11:25:53  started 2018-09-14 11:25:52 run for 1.0s steps 0
name: gc_367
step: 10000
specie: 19
	particle_diameter: 1.0000000000000000
	interaction_length: 1.2000000000000000
	number_of_patches: 3
	number_of_particles_per_compound: 1
	rod_length: 1.0000000000000000
	interaction_matrix:  1.000000 1.000000 1.000000 1.000000 1.000000 1.000000 1.000000 1.000000 1.000000
	patch_type: symmetric
	patch_width: 8.0000000000000000
	patch_angle: 0.0000000000000000
	angles:  0.000000 0.000000 0.000000
	grand_canonical: 1
	chemical_potential: -0.6666670000000000
box: 10.000000 10.000000
copy: 1.000000 1.000000
epsilon: 1.3333670000000000
end_epsilon: 0.0000000000000000
pressure: 1.0000000000000000
lambda: 0.0000000000000000
lambda_coupling: 1.0000000000000000
uy: 0.0000000000000000
maximum_displacement: 1.0000000000000000
maximum_rotation: 1.0000000000000000
maximum_volume: 0.0000001000000000
maximum_shape: 0.0000001000000000
maximum_dsigma: 0.0100000000000000
mod: 10
pmod: 10
optimize: 1
verbose: 1
snapshot: 0
display: 1
explore: 1
npt: 0
nptxy: 0
nptdxdy: 0
shape: 0
seed: 420070
1.404757976073 11.140479065299 0.000000000000 1.000000000000
-3.541515427806 6.844695492436 0.000000000000 1.000000000000
6.171495562996 4.913670058470 0.000000000000 1.000000000000
1.320969930677 9.387290474295 0.000000000000 1.000000000000
27.600658505711 -0.431700365546 0.000000000000 1.000000000000
24.722684966865 1.393540626115 0.866025403784 0.500000000000
1.794016223502 13.947467282745 0.000000000000 1.000000000000
9.553843415405 9.005692420850 0.866025403784 -0.500000000000
8.207121305216 1.113739678485 0.866025403784 0.500000000000
3.499666086603 -1.185595125308 0.866025403784 -0.500000000000
6.430584832271 0.799050519179 0.000000000000 1.000000000000
13.838184303200 3.641192549813 0.866025403784 0.500000000000
7.514235847701 7.696144286102 0.866025403784 0.500000000000
14.827691946370 13.222624979392 0.000000000000 1.000000000000
2.704719128435 5.383539027213 0.000000000000 1.000000000000
9.320131808502 -2.193830417440 0.866025403784 -0.500000000000
4.349341492808 6.692782629997 0.866025403784 -0.500000000000
9.105717265398 1.256197906587 0.866025403784 -0.500000000000
0.408375117528 5.774002360591 0.866025403784 0.500000000000
