#Configurational_file created 2018-09-14 11:25:23  started 2018-09-14 11:25:22 run for 1.0s steps 0
name: gc_330
step: 10000
specie: 21
	particle_diameter: 1.0000000000000000
	interaction_length: 1.2000000000000000
	number_of_patches: 3
	number_of_particles_per_compound: 1
	rod_length: 1.0000000000000000
	interaction_matrix:  1.000000 1.000000 1.000000 1.000000 1.000000 1.000000 1.000000 1.000000 1.000000
	patch_type: symmetric
	patch_width: 8.0000000000000000
	patch_angle: 0.0000000000000000
	angles:  0.000000 0.000000 0.000000
	grand_canonical: 1
	chemical_potential: -0.8333330000000000
box: 10.000000 10.000000
copy: 1.000000 1.000000
epsilon: 0.3334170000000000
end_epsilon: 0.0000000000000000
pressure: 1.0000000000000000
lambda: 0.0000000000000000
lambda_coupling: 1.0000000000000000
uy: 0.0000000000000000
maximum_displacement: 1.0000000000000000
maximum_rotation: 1.0000000000000000
maximum_volume: 0.0000001000000000
maximum_shape: 0.0000001000000000
maximum_dsigma: 0.0100000000000000
mod: 10
pmod: 10
optimize: 1
verbose: 1
snapshot: 0
display: 1
explore: 1
npt: 0
nptxy: 0
nptdxdy: 0
shape: 0
seed: 378001
-11.024495867317 10.980801698519 0.000000000000 1.000000000000
-8.865528960020 1.764264438406 0.866025403784 -0.500000000000
13.210236235470 3.147962139193 0.866025403784 0.500000000000
3.937539768460 6.968114359109 0.000000000000 1.000000000000
4.735265392916 1.517509773279 0.866025403784 0.500000000000
12.261225534892 6.231682375283 0.866025403784 -0.500000000000
-3.852006409322 7.666379547702 0.000000000000 1.000000000000
-7.725286875552 -0.711147934336 0.866025403784 -0.500000000000
-1.949687269226 9.628024742328 0.866025403784 0.500000000000
7.326947417812 5.247019249962 0.866025403784 -0.500000000000
-0.509686428508 14.955441506263 0.866025403784 0.500000000000
-8.267276549258 3.465267163759 0.866025403784 0.500000000000
-3.021783281292 -7.685633358932 0.866025403784 -0.500000000000
8.557048741382 15.819682597202 0.866025403784 -0.500000000000
2.833219651911 7.486796745774 0.866025403784 -0.500000000000
15.835096803192 5.197961784312 0.866025403784 -0.500000000000
7.028848081812 0.851309183296 0.000000000000 1.000000000000
10.527175621757 -3.684704486496 0.866025403784 0.500000000000
6.975460183014 11.604294254358 0.866025403784 0.500000000000
2.365631576820 11.591671647588 0.866025403784 -0.500000000000
7.027848312801 9.366713382121 0.866025403784 0.500000000000
