#Configurational_file created 2018-09-14 13:48:50  started 2018-09-14 13:48:50 run for 0.0s steps 0
name: gc_360
step: 10000
specie: 18
	particle_diameter: 1.0000000000000000
	interaction_length: 1.2000000000000000
	number_of_patches: 3
	number_of_particles_per_compound: 1
	rod_length: 1.0000000000000000
	interaction_matrix:  1.000000 1.000000 1.000000 1.000000 1.000000 1.000000 1.000000 1.000000 1.000000
	patch_type: symmetric
	patch_width: 8.0000000000000000
	patch_angle: 0.0000000000000000
	angles:  0.000000 0.000000 0.000000
	grand_canonical: 1
	chemical_potential: -1.4827589999999999
box: 10.000000 10.000000
copy: 1.000000 1.000000
epsilon: 0.5000000000000000
end_epsilon: 0.0000000000000000
pressure: 1.0000000000000000
lambda: 0.0000000000000000
lambda_coupling: 1.0000000000000000
uy: 0.0000000000000000
maximum_displacement: 1.0000000000000000
maximum_rotation: 1.0000000000000000
maximum_volume: 0.0000001000000000
maximum_shape: 0.0000001000000000
maximum_dsigma: 0.0100000000000000
mod: 10
pmod: 10
optimize: 1
verbose: 1
snapshot: 0
display: 1
explore: 1
npt: 0
nptxy: 0
nptdxdy: 0
shape: 0
seed: 412111
8.829582250469 -22.510619583661 0.866025403784 -0.500000000000
-2.171526978398 13.325976997272 0.000000000000 1.000000000000
6.332616882200 14.059380194470 0.000000000000 1.000000000000
14.734921292007 22.179585531642 0.866025403784 0.500000000000
5.332185604917 13.779131121677 0.866025403784 -0.500000000000
2.931251988338 5.903109854526 0.000000000000 1.000000000000
3.800924545213 0.939431174341 0.866025403784 -0.500000000000
11.903490572071 -17.423645490103 0.866025403784 -0.500000000000
0.226766141132 -2.563260966336 0.866025403784 0.500000000000
8.193769520938 -0.918609245827 0.866025403784 0.500000000000
1.384089337449 7.488029691973 0.866025403784 0.500000000000
-0.235342374400 4.149923723777 0.000000000000 1.000000000000
0.151748255412 -0.343787830649 0.866025403784 -0.500000000000
-0.288824268600 8.944722241539 0.866025403784 0.500000000000
2.004149964837 6.583250122381 0.866025403784 0.500000000000
7.076354082219 2.697189391223 0.866025403784 0.500000000000
3.412239315415 7.919571850431 0.866025403784 0.500000000000
-0.228255973836 5.163783721082 0.000000000000 1.000000000000
