#Configurational_file created 2018-09-14 13:49:10  started 2018-09-14 13:49:09 run for 1.0s steps 0
name: gc_387
step: 10000
specie: 20
	particle_diameter: 1.0000000000000000
	interaction_length: 1.2000000000000000
	number_of_patches: 3
	number_of_particles_per_compound: 1
	rod_length: 1.0000000000000000
	interaction_matrix:  1.000000 1.000000 1.000000 1.000000 1.000000 1.000000 1.000000 1.000000 1.000000
	patch_type: symmetric
	patch_width: 8.0000000000000000
	patch_angle: 0.0000000000000000
	angles:  0.000000 0.000000 0.000000
	grand_canonical: 1
	chemical_potential: -1.3448279999999999
box: 10.000000 10.000000
copy: 1.000000 1.000000
epsilon: 0.4482760000000000
end_epsilon: 0.0000000000000000
pressure: 1.0000000000000000
lambda: 0.0000000000000000
lambda_coupling: 1.0000000000000000
uy: 0.0000000000000000
maximum_displacement: 1.0000000000000000
maximum_rotation: 1.0000000000000000
maximum_volume: 0.0000001000000000
maximum_shape: 0.0000001000000000
maximum_dsigma: 0.0100000000000000
mod: 10
pmod: 10
optimize: 1
verbose: 1
snapshot: 0
display: 1
explore: 1
npt: 0
nptxy: 0
nptdxdy: 0
shape: 0
seed: 442810
-1.036073630793 8.555982633292 0.866025403784 0.500000000000
-0.359034929149 4.940889767544 0.866025403784 0.500000000000
-6.239755161044 -6.292575832326 0.000000000000 1.000000000000
0.419937014835 8.605118464240 0.866025403784 -0.500000000000
11.122624473086 1.570919038811 0.866025403784 -0.500000000000
1.265856300366 8.528792658458 0.866025403784 0.500000000000
-0.804447130269 9.299541563756 0.866025403784 -0.500000000000
2.138576329967 5.454779681253 0.000000000000 1.000000000000
15.001078380014 -8.190870463109 0.000000000000 1.000000000000
4.919204401181 5.607559156359 0.866025403784 -0.500000000000
11.601908210702 4.612488553119 0.866025403784 0.500000000000
-1.869428904061 2.697049204752 0.000000000000 1.000000000000
4.522939904706 10.545452165869 0.866025403784 -0.500000000000
7.515982576425 7.884244826750 0.866025403784 -0.500000000000
-4.848016630877 2.889954636081 0.866025403784 0.500000000000
1.600594075226 9.092089861545 0.866025403784 -0.500000000000
5.733004682441 3.809278468378 0.866025403784 -0.500000000000
5.503352718159 8.788005593796 0.866025403784 0.500000000000
2.787769382308 6.770631245523 0.000000000000 1.000000000000
0.717557627865 3.616533870603 0.000000000000 1.000000000000
