#Configurational_file created 2018-09-14 11:52:40  started 2018-09-14 11:52:39 run for 1.0s steps 0
name: gc_300
step: 10000
specie: 15
	particle_diameter: 1.0000000000000000
	interaction_length: 1.2000000000000000
	number_of_patches: 3
	number_of_particles_per_compound: 1
	rod_length: 1.0000000000000000
	interaction_matrix:  1.000000 1.000000 1.000000 1.000000 1.000000 1.000000 1.000000 1.000000 1.000000
	patch_type: symmetric
	patch_width: 8.0000000000000000
	patch_angle: 0.0000000000000000
	angles:  0.000000 0.000000 0.000000
	grand_canonical: 1
	chemical_potential: -1.1666669999999999
box: 10.000000 10.000000
copy: 1.000000 1.000000
epsilon: 0.1000000000000000
end_epsilon: 0.0000000000000000
pressure: 1.0000000000000000
lambda: 0.0000000000000000
lambda_coupling: 1.0000000000000000
uy: 0.0000000000000000
maximum_displacement: 1.0000000000000000
maximum_rotation: 1.0000000000000000
maximum_volume: 0.0000001000000000
maximum_shape: 0.0000001000000000
maximum_dsigma: 0.0100000000000000
mod: 10
pmod: 10
optimize: 1
verbose: 1
snapshot: 0
display: 1
explore: 1
npt: 0
nptxy: 0
nptdxdy: 0
shape: 0
seed: 343891
8.223140772411 18.308843460849 0.866025403784 0.500000000000
4.485908509823 12.175778061889 0.000000000000 1.000000000000
3.649042758574 5.263879881156 0.866025403784 0.500000000000
-13.074157355673 12.856368453085 0.866025403784 -0.500000000000
3.444219490769 8.447941893579 0.866025403784 -0.500000000000
-0.540057913312 -4.571936844806 0.866025403784 0.500000000000
3.949091102789 10.479591762977 0.866025403784 0.500000000000
-13.359955777123 20.865787416642 0.000000000000 1.000000000000
6.228770199586 5.500966283465 0.866025403784 -0.500000000000
7.328065489945 4.874120304777 0.866025403784 -0.500000000000
6.412563798082 1.936841878294 0.000000000000 1.000000000000
2.720493649197 -2.381613607042 0.000000000000 1.000000000000
3.125059093353 1.922215391490 0.866025403784 0.500000000000
10.505205149094 5.668902513999 0.866025403784 0.500000000000
1.009978929419 7.638711677160 0.866025403784 0.500000000000
