#Configurational_file created 2018-09-14 13:48:42  started 2018-09-14 13:48:41 run for 1.0s steps 0
name: gc_348
step: 10000
specie: 12
	particle_diameter: 1.0000000000000000
	interaction_length: 1.2000000000000000
	number_of_patches: 3
	number_of_particles_per_compound: 1
	rod_length: 1.0000000000000000
	interaction_matrix:  1.000000 1.000000 1.000000 1.000000 1.000000 1.000000 1.000000 1.000000 1.000000
	patch_type: symmetric
	patch_width: 8.0000000000000000
	patch_angle: 0.0000000000000000
	angles:  0.000000 0.000000 0.000000
	grand_canonical: 1
	chemical_potential: -1.4827589999999999
box: 10.000000 10.000000
copy: 1.000000 1.000000
epsilon: 0.2931040000000000
end_epsilon: 0.0000000000000000
pressure: 1.0000000000000000
lambda: 0.0000000000000000
lambda_coupling: 1.0000000000000000
uy: 0.0000000000000000
maximum_displacement: 1.0000000000000000
maximum_rotation: 1.0000000000000000
maximum_volume: 0.0000001000000000
maximum_shape: 0.0000001000000000
maximum_dsigma: 0.0100000000000000
mod: 10
pmod: 10
optimize: 1
verbose: 1
snapshot: 0
display: 1
explore: 1
npt: 0
nptxy: 0
nptdxdy: 0
shape: 0
seed: 398467
4.255675400943 27.587233523111 0.866025403784 0.500000000000
17.751309004715 -4.523661701823 0.000000000000 1.000000000000
1.318803759999 -1.815971812678 0.000000000000 1.000000000000
10.560773119087 -13.978655394667 0.866025403784 0.500000000000
-2.132323615138 11.770280067062 0.866025403784 -0.500000000000
12.119841247505 19.193081849613 0.000000000000 1.000000000000
5.280162730976 6.572886367000 0.866025403784 -0.500000000000
4.094463565072 2.532258745678 0.866025403784 0.500000000000
10.812135692927 5.277378513868 0.000000000000 1.000000000000
6.581461519686 7.102857854587 0.866025403784 0.500000000000
0.140168579679 6.593223068663 0.866025403784 -0.500000000000
8.427923298699 3.901193340909 0.866025403784 0.500000000000
