#Configurational_file created 2018-09-14 11:52:41  started 2018-09-14 11:52:41 run for 0.0s steps 0
name: gc_302
step: 10000
specie: 15
	particle_diameter: 1.0000000000000000
	interaction_length: 1.2000000000000000
	number_of_patches: 3
	number_of_particles_per_compound: 1
	rod_length: 1.0000000000000000
	interaction_matrix:  1.000000 1.000000 1.000000 1.000000 1.000000 1.000000 1.000000 1.000000 1.000000
	patch_type: symmetric
	patch_width: 8.0000000000000000
	patch_angle: 0.0000000000000000
	angles:  0.000000 0.000000 0.000000
	grand_canonical: 1
	chemical_potential: -1.0000000000000000
box: 10.000000 10.000000
copy: 1.000000 1.000000
epsilon: 0.0041680000000000
end_epsilon: 0.0000000000000000
pressure: 1.0000000000000000
lambda: 0.0000000000000000
lambda_coupling: 1.0000000000000000
uy: 0.0000000000000000
maximum_displacement: 1.0000000000000000
maximum_rotation: 1.0000000000000000
maximum_volume: 0.0000001000000000
maximum_shape: 0.0000001000000000
maximum_dsigma: 0.0100000000000000
mod: 10
pmod: 10
optimize: 1
verbose: 1
snapshot: 0
display: 1
explore: 1
npt: 0
nptxy: 0
nptdxdy: 0
shape: 0
seed: 346165
11.523465555107 -3.293703028310 0.866025403784 -0.500000000000
9.285028138070 5.344648635921 0.000000000000 1.000000000000
14.793337349981 6.678802401874 0.866025403784 -0.500000000000
-0.875870017947 4.067084625306 0.866025403784 0.500000000000
4.851393674210 11.391122564353 0.000000000000 1.000000000000
27.413731579373 5.007998210178 0.000000000000 1.000000000000
12.834560342160 4.240133968539 0.866025403784 0.500000000000
-10.430878268419 8.125605140940 0.000000000000 1.000000000000
17.869007759459 2.173079359311 0.866025403784 -0.500000000000
1.051644343419 0.824857950172 0.000000000000 1.000000000000
-3.029109140964 7.660002043969 0.000000000000 1.000000000000
9.614649862447 20.702441229116 0.000000000000 1.000000000000
-4.699888806250 8.096613769449 0.866025403784 0.500000000000
4.319906311435 13.885760138375 0.866025403784 -0.500000000000
12.676616411118 3.241731971948 0.866025403784 0.500000000000
