#Configurational_file created 2018-09-14 11:25:49  started 2018-09-14 11:25:48 run for 1.0s steps 0
name: gc_362
step: 10000
specie: 22
	particle_diameter: 1.0000000000000000
	interaction_length: 1.2000000000000000
	number_of_patches: 3
	number_of_particles_per_compound: 1
	rod_length: 1.0000000000000000
	interaction_matrix:  1.000000 1.000000 1.000000 1.000000 1.000000 1.000000 1.000000 1.000000 1.000000
	patch_type: symmetric
	patch_width: 8.0000000000000000
	patch_angle: 0.0000000000000000
	angles:  0.000000 0.000000 0.000000
	grand_canonical: 1
	chemical_potential: -0.6666670000000000
box: 10.000000 10.000000
copy: 1.000000 1.000000
epsilon: 0.9167210000000000
end_epsilon: 0.0000000000000000
pressure: 1.0000000000000000
lambda: 0.0000000000000000
lambda_coupling: 1.0000000000000000
uy: 0.0000000000000000
maximum_displacement: 1.0000000000000000
maximum_rotation: 1.0000000000000000
maximum_volume: 0.0000001000000000
maximum_shape: 0.0000001000000000
maximum_dsigma: 0.0100000000000000
mod: 10
pmod: 10
optimize: 1
verbose: 1
snapshot: 0
display: 1
explore: 1
npt: 0
nptxy: 0
nptdxdy: 0
shape: 0
seed: 414385
-17.669971682891 4.943721846341 0.866025403784 -0.500000000000
10.323697427626 4.051203589259 0.866025403784 0.500000000000
6.400885508013 7.249919690528 0.866025403784 0.500000000000
2.009993308099 7.887085476292 0.866025403784 -0.500000000000
3.333123602344 3.662763333149 0.000000000000 1.000000000000
7.631890822001 3.683402955309 0.866025403784 -0.500000000000
-2.531428679800 -0.326585959116 0.000000000000 1.000000000000
13.956525126793 5.053221136275 0.000000000000 1.000000000000
0.820876384962 -5.264732939859 0.000000000000 1.000000000000
10.196214321266 5.684801610229 0.866025403784 -0.500000000000
13.037708043839 16.512736195700 0.866025403784 -0.500000000000
-4.093636904336 10.677677576955 0.866025403784 -0.500000000000
10.711648514715 22.044415094126 0.866025403784 -0.500000000000
2.932117346948 9.576919740299 0.866025403784 -0.500000000000
6.280452626613 2.561076911523 0.000000000000 1.000000000000
-0.699228308889 1.799269543224 0.866025403784 -0.500000000000
4.664369782259 9.422558540176 0.866025403784 0.500000000000
-0.112356864148 11.450083927872 0.000000000000 1.000000000000
2.656916846791 12.040448492643 0.866025403784 0.500000000000
5.032513047821 3.101270085825 0.866025403784 0.500000000000
8.674657412538 0.599899671031 0.000000000000 1.000000000000
7.535647169660 5.531713952058 0.866025403784 0.500000000000
