#Configurational_file created 2018-09-14 11:25:01  started 2018-09-14 11:25:00 run for 1.0s steps 0
name: gc_302
step: 10000
specie: 20
	particle_diameter: 1.0000000000000000
	interaction_length: 1.2000000000000000
	number_of_patches: 3
	number_of_particles_per_compound: 1
	rod_length: 1.0000000000000000
	interaction_matrix:  1.000000 1.000000 1.000000 1.000000 1.000000 1.000000 1.000000 1.000000 1.000000
	patch_type: symmetric
	patch_width: 8.0000000000000000
	patch_angle: 0.0000000000000000
	angles:  0.000000 0.000000 0.000000
	grand_canonical: 1
	chemical_potential: -1.0000000000000000
box: 10.000000 10.000000
copy: 1.000000 1.000000
epsilon: 0.0834290000000000
end_epsilon: 0.0000000000000000
pressure: 1.0000000000000000
lambda: 0.0000000000000000
lambda_coupling: 1.0000000000000000
uy: 0.0000000000000000
maximum_displacement: 1.0000000000000000
maximum_rotation: 1.0000000000000000
maximum_volume: 0.0000001000000000
maximum_shape: 0.0000001000000000
maximum_dsigma: 0.0100000000000000
mod: 10
pmod: 10
optimize: 1
verbose: 1
snapshot: 0
display: 1
explore: 1
npt: 0
nptxy: 0
nptdxdy: 0
shape: 0
seed: 346165
-3.397049373988 3.242551517443 0.866025403784 0.500000000000
26.521640871706 -9.349483959979 0.866025403784 0.500000000000
4.120774763516 -4.897713628450 0.866025403784 -0.500000000000
5.067399033092 8.954092406752 0.866025403784 -0.500000000000
22.189183699847 1.846462783438 0.000000000000 1.000000000000
9.853959757541 14.994912756827 0.000000000000 1.000000000000
7.105236932306 1.836840873887 0.866025403784 -0.500000000000
-18.357432681115 26.716978387384 0.866025403784 0.500000000000
4.601273507953 17.255097855038 0.000000000000 1.000000000000
19.140339690312 17.070657749098 0.000000000000 1.000000000000
6.669188848150 6.279733201558 0.866025403784 0.500000000000
7.373894492071 7.720565118029 0.000000000000 1.000000000000
9.450526804966 -0.318215349794 0.000000000000 1.000000000000
-1.349443123120 23.109046147274 0.000000000000 1.000000000000
-5.129668258874 5.872627972609 0.000000000000 1.000000000000
23.977302944352 3.038041710763 0.866025403784 0.500000000000
3.643991025688 17.101982654586 0.866025403784 0.500000000000
-0.963242483467 7.735469263537 0.866025403784 0.500000000000
-6.188257628138 1.724443774908 0.000000000000 1.000000000000
14.219967225958 8.349512935451 0.866025403784 -0.500000000000
