#Configurational_file created 2018-09-14 13:48:22  started 2018-09-14 13:48:21 run for 1.0s steps 0
name: gc_320
step: 10000
specie: 12
	particle_diameter: 1.0000000000000000
	interaction_length: 1.2000000000000000
	number_of_patches: 3
	number_of_particles_per_compound: 1
	rod_length: 1.0000000000000000
	interaction_matrix:  1.000000 1.000000 1.000000 1.000000 1.000000 1.000000 1.000000 1.000000 1.000000
	patch_type: symmetric
	patch_width: 8.0000000000000000
	patch_angle: 0.0000000000000000
	angles:  0.000000 0.000000 0.000000
	grand_canonical: 1
	chemical_potential: -1.6206900000000000
box: 10.000000 10.000000
copy: 1.000000 1.000000
epsilon: 0.3275870000000000
end_epsilon: 0.0000000000000000
pressure: 1.0000000000000000
lambda: 0.0000000000000000
lambda_coupling: 1.0000000000000000
uy: 0.0000000000000000
maximum_displacement: 1.0000000000000000
maximum_rotation: 1.0000000000000000
maximum_volume: 0.0000001000000000
maximum_shape: 0.0000001000000000
maximum_dsigma: 0.0100000000000000
mod: 10
pmod: 10
optimize: 1
verbose: 1
snapshot: 0
display: 1
explore: 1
npt: 0
nptxy: 0
nptdxdy: 0
shape: 0
seed: 366631
-3.501766978577 0.089531235322 0.866025403784 0.500000000000
-8.456873260547 -12.185516298851 0.000000000000 1.000000000000
15.928985255659 10.740711890464 0.866025403784 -0.500000000000
-12.057662150812 23.003706762561 0.000000000000 1.000000000000
-4.520294315348 7.811884258995 0.866025403784 -0.500000000000
-5.559695472248 24.405832584199 0.866025403784 -0.500000000000
8.703589927897 -0.967260234926 0.866025403784 0.500000000000
14.958511009235 -0.013164459020 0.000000000000 1.000000000000
16.762936849980 -1.601456528915 0.866025403784 -0.500000000000
7.655044179073 7.428363122515 0.866025403784 -0.500000000000
3.062457044837 6.749299095418 0.866025403784 -0.500000000000
11.769674654555 4.298522329831 0.866025403784 0.500000000000
