#Configurational_file created 2018-09-14 13:49:02  started 2018-09-14 13:49:01 run for 1.0s steps 0
name: gc_376
step: 10000
specie: 13
	particle_diameter: 1.0000000000000000
	interaction_length: 1.2000000000000000
	number_of_patches: 3
	number_of_particles_per_compound: 1
	rod_length: 1.0000000000000000
	interaction_matrix:  1.000000 1.000000 1.000000 1.000000 1.000000 1.000000 1.000000 1.000000 1.000000
	patch_type: symmetric
	patch_width: 8.0000000000000000
	patch_angle: 0.0000000000000000
	angles:  0.000000 0.000000 0.000000
	grand_canonical: 1
	chemical_potential: -1.3448279999999999
box: 10.000000 10.000000
copy: 1.000000 1.000000
epsilon: 0.2586210000000000
end_epsilon: 0.0000000000000000
pressure: 1.0000000000000000
lambda: 0.0000000000000000
lambda_coupling: 1.0000000000000000
uy: 0.0000000000000000
maximum_displacement: 1.0000000000000000
maximum_rotation: 1.0000000000000000
maximum_volume: 0.0000001000000000
maximum_shape: 0.0000001000000000
maximum_dsigma: 0.0100000000000000
mod: 10
pmod: 10
optimize: 1
verbose: 1
snapshot: 0
display: 1
explore: 1
npt: 0
nptxy: 0
nptdxdy: 0
shape: 0
seed: 430303
3.299163763432 12.394693302240 0.866025403784 -0.500000000000
3.939940065246 10.586122258114 0.866025403784 0.500000000000
3.006519111563 6.407090122328 0.866025403784 -0.500000000000
-2.391792297115 4.219247625483 0.000000000000 1.000000000000
-4.080920735961 0.695156207202 0.866025403784 0.500000000000
9.370337682294 10.509449235868 0.000000000000 1.000000000000
8.495897071862 2.054017692814 0.000000000000 1.000000000000
5.810884497189 8.017217123123 0.866025403784 0.500000000000
-9.269577074195 15.177643024026 0.866025403784 0.500000000000
4.831143611334 16.908318456042 0.000000000000 1.000000000000
1.953908765025 3.842244058617 0.866025403784 -0.500000000000
-11.558189964984 5.192683337701 0.000000000000 1.000000000000
9.467502569299 8.345537540240 0.866025403784 -0.500000000000
