#Configurational_file created 2018-09-14 13:49:19  started 2018-09-14 13:49:18 run for 1.0s steps 0
name: gc_399
step: 10000
specie: 16
	particle_diameter: 1.0000000000000000
	interaction_length: 1.2000000000000000
	number_of_patches: 3
	number_of_particles_per_compound: 1
	rod_length: 1.0000000000000000
	interaction_matrix:  1.000000 1.000000 1.000000 1.000000 1.000000 1.000000 1.000000 1.000000 1.000000
	patch_type: symmetric
	patch_width: 8.0000000000000000
	patch_angle: 0.0000000000000000
	angles:  0.000000 0.000000 0.000000
	grand_canonical: 1
	chemical_potential: -1.2068970000000001
box: 10.000000 10.000000
copy: 1.000000 1.000000
epsilon: 0.1379320000000000
end_epsilon: 0.0000000000000000
pressure: 1.0000000000000000
lambda: 0.0000000000000000
lambda_coupling: 1.0000000000000000
uy: 0.0000000000000000
maximum_displacement: 1.0000000000000000
maximum_rotation: 1.0000000000000000
maximum_volume: 0.0000001000000000
maximum_shape: 0.0000001000000000
maximum_dsigma: 0.0100000000000000
mod: 10
pmod: 10
optimize: 1
verbose: 1
snapshot: 0
display: 1
explore: 1
npt: 0
nptxy: 0
nptdxdy: 0
shape: 0
seed: 456454
10.649964092240 -17.900211416420 0.866025403784 -0.500000000000
10.992270680662 0.490346422326 0.000000000000 1.000000000000
4.512857997733 9.359609695532 0.866025403784 -0.500000000000
-0.413819978554 8.611973896239 0.866025403784 -0.500000000000
-6.764624755990 -10.985710533455 0.866025403784 0.500000000000
7.394709675743 12.256287488462 0.866025403784 -0.500000000000
8.077243991594 8.086553766453 0.866025403784 -0.500000000000
-7.244432014182 -3.222315738329 0.000000000000 1.000000000000
2.235889264860 6.700691187323 0.866025403784 -0.500000000000
2.447877258482 13.197073148261 0.866025403784 -0.500000000000
3.645847356491 2.392285771292 0.866025403784 -0.500000000000
5.054849771734 7.980206328262 0.000000000000 1.000000000000
6.335146623397 7.776930965589 0.000000000000 1.000000000000
-1.116736986334 -6.434341464177 0.866025403784 -0.500000000000
1.914778087809 1.789173439292 0.866025403784 0.500000000000
6.317969423307 3.836715755832 0.866025403784 0.500000000000
