#Configurational_file created 2018-09-14 11:25:41  started 2018-09-14 11:25:41 run for 0.0s steps 0
name: gc_353
step: 10000
specie: 22
	particle_diameter: 1.0000000000000000
	interaction_length: 1.2000000000000000
	number_of_patches: 3
	number_of_particles_per_compound: 1
	rod_length: 1.0000000000000000
	interaction_matrix:  1.000000 1.000000 1.000000 1.000000 1.000000 1.000000 1.000000 1.000000 1.000000
	patch_type: symmetric
	patch_width: 8.0000000000000000
	patch_angle: 0.0000000000000000
	angles:  0.000000 0.000000 0.000000
	grand_canonical: 1
	chemical_potential: -0.6666670000000000
box: 10.000000 10.000000
copy: 1.000000 1.000000
epsilon: 0.1667580000000000
end_epsilon: 0.0000000000000000
pressure: 1.0000000000000000
lambda: 0.0000000000000000
lambda_coupling: 1.0000000000000000
uy: 0.0000000000000000
maximum_displacement: 1.0000000000000000
maximum_rotation: 1.0000000000000000
maximum_volume: 0.0000001000000000
maximum_shape: 0.0000001000000000
maximum_dsigma: 0.0100000000000000
mod: 10
pmod: 10
optimize: 1
verbose: 1
snapshot: 0
display: 1
explore: 1
npt: 0
nptxy: 0
nptdxdy: 0
shape: 0
seed: 404152
9.511457151392 3.932353744002 0.866025403784 -0.500000000000
0.292514809831 20.199349598887 0.866025403784 -0.500000000000
2.460706351725 3.096669335726 0.866025403784 0.500000000000
5.489816295335 -2.551082458091 0.000000000000 1.000000000000
0.082928028622 -4.561810348496 0.000000000000 1.000000000000
-1.149821421592 5.680970295884 0.866025403784 0.500000000000
4.600482334366 -0.284498702017 0.000000000000 1.000000000000
1.784539561406 11.609601910641 0.866025403784 0.500000000000
16.555167665913 18.777954270753 0.866025403784 -0.500000000000
17.956579189214 29.704367269842 0.000000000000 1.000000000000
-1.612458493180 -11.796312661012 0.000000000000 1.000000000000
-20.178308170302 -6.915355776833 0.866025403784 0.500000000000
9.606202125903 8.557633073318 0.866025403784 -0.500000000000
-10.078245085101 5.815295598207 0.866025403784 -0.500000000000
2.653835930315 5.286962620540 0.000000000000 1.000000000000
6.225018584840 -4.338233883742 0.000000000000 1.000000000000
-15.217562615939 2.982011072562 0.000000000000 1.000000000000
1.063471431604 7.052270257175 0.000000000000 1.000000000000
1.678620545623 -1.303648381353 0.866025403784 0.500000000000
8.427221292197 0.538205823967 0.866025403784 -0.500000000000
6.867253874769 2.681405724529 0.866025403784 0.500000000000
7.518128625685 1.210410704037 0.866025403784 -0.500000000000
