#Configurational_file created 2018-09-14 13:48:51  started 2018-09-14 13:48:50 run for 1.0s steps 0
name: gc_361
step: 10000
specie: 12
	particle_diameter: 1.0000000000000000
	interaction_length: 1.2000000000000000
	number_of_patches: 3
	number_of_particles_per_compound: 1
	rod_length: 1.0000000000000000
	interaction_matrix:  1.000000 1.000000 1.000000 1.000000 1.000000 1.000000 1.000000 1.000000 1.000000
	patch_type: symmetric
	patch_width: 8.0000000000000000
	patch_angle: 0.0000000000000000
	angles:  0.000000 0.000000 0.000000
	grand_canonical: 1
	chemical_potential: -1.3448279999999999
box: 10.000000 10.000000
copy: 1.000000 1.000000
epsilon: 0.0000010000000000
end_epsilon: 0.0000000000000000
pressure: 1.0000000000000000
lambda: 0.0000000000000000
lambda_coupling: 1.0000000000000000
uy: 0.0000000000000000
maximum_displacement: 1.0000000000000000
maximum_rotation: 1.0000000000000000
maximum_volume: 0.0000001000000000
maximum_shape: 0.0000001000000000
maximum_dsigma: 0.0100000000000000
mod: 10
pmod: 10
optimize: 1
verbose: 1
snapshot: 0
display: 1
explore: 1
npt: 0
nptxy: 0
nptdxdy: 0
shape: 0
seed: 413248
7.824752879122 3.207586304480 0.000000000000 1.000000000000
4.791259166235 7.124772970781 0.000000000000 1.000000000000
7.716284075998 -2.809141151212 0.000000000000 1.000000000000
5.144284159507 -10.728143124729 0.866025403784 0.500000000000
11.942404306188 -18.075847892532 0.000000000000 1.000000000000
-1.673854256718 4.173837920954 0.000000000000 1.000000000000
10.631357397725 7.214246745511 0.866025403784 0.500000000000
-15.420057907040 -20.317485483775 0.866025403784 -0.500000000000
-0.567820721710 -3.415947307982 0.866025403784 -0.500000000000
10.365215239177 6.102889017970 0.866025403784 0.500000000000
-4.396366328866 1.039870016865 0.000000000000 1.000000000000
6.896652883042 -4.973924269296 0.866025403784 -0.500000000000
