#Configurational_file created 2018-09-14 11:26:06  started 2018-09-14 11:26:05 run for 1.0s steps 0
name: gc_382
step: 10000
specie: 16
	particle_diameter: 1.0000000000000000
	interaction_length: 1.2000000000000000
	number_of_patches: 3
	number_of_particles_per_compound: 1
	rod_length: 1.0000000000000000
	interaction_matrix:  1.000000 1.000000 1.000000 1.000000 1.000000 1.000000 1.000000 1.000000 1.000000
	patch_type: symmetric
	patch_width: 8.0000000000000000
	patch_angle: 0.0000000000000000
	angles:  0.000000 0.000000 0.000000
	grand_canonical: 1
	chemical_potential: -0.5000000000000000
box: 10.000000 10.000000
copy: 1.000000 1.000000
epsilon: 0.5000750000000000
end_epsilon: 0.0000000000000000
pressure: 1.0000000000000000
lambda: 0.0000000000000000
lambda_coupling: 1.0000000000000000
uy: 0.0000000000000000
maximum_displacement: 1.0000000000000000
maximum_rotation: 1.0000000000000000
maximum_volume: 0.0000001000000000
maximum_shape: 0.0000001000000000
maximum_dsigma: 0.0100000000000000
mod: 10
pmod: 10
optimize: 1
verbose: 1
snapshot: 0
display: 1
explore: 1
npt: 0
nptxy: 0
nptdxdy: 0
shape: 0
seed: 437125
-0.504585988516 14.235103398813 0.866025403784 0.500000000000
22.813414653182 20.334552156729 0.866025403784 0.500000000000
4.439794686116 -0.014368065457 0.866025403784 -0.500000000000
-2.046527079930 -0.351403099377 0.866025403784 -0.500000000000
3.387489790413 8.554949720194 0.866025403784 -0.500000000000
-9.445334379961 15.196779791418 0.000000000000 1.000000000000
2.805722674867 24.680568158920 0.866025403784 -0.500000000000
23.131036317802 8.172462497619 0.000000000000 1.000000000000
-2.951716877877 4.391230093884 0.866025403784 -0.500000000000
25.621668444955 17.493796946572 0.866025403784 0.500000000000
7.989095054725 1.448093837416 0.000000000000 1.000000000000
5.925373888931 10.494691218571 0.866025403784 -0.500000000000
-12.289278197963 1.983609066337 0.866025403784 0.500000000000
-3.850463190476 3.856326442323 0.000000000000 1.000000000000
-5.633061475329 4.630641026633 0.000000000000 1.000000000000
4.577563427670 2.392505060780 0.866025403784 -0.500000000000
