#Configurational_file created 2018-09-14 11:52:55  started 2018-09-14 11:52:55 run for 0.0s steps 0
name: gc_320
step: 10000
specie: 17
	particle_diameter: 1.0000000000000000
	interaction_length: 1.2000000000000000
	number_of_patches: 3
	number_of_particles_per_compound: 1
	rod_length: 1.0000000000000000
	interaction_matrix:  1.000000 1.000000 1.000000 1.000000 1.000000 1.000000 1.000000 1.000000 1.000000
	patch_type: symmetric
	patch_width: 8.0000000000000000
	patch_angle: 0.0000000000000000
	angles:  0.000000 0.000000 0.000000
	grand_canonical: 1
	chemical_potential: -1.0000000000000000
box: 10.000000 10.000000
copy: 1.000000 1.000000
epsilon: 0.0791670000000000
end_epsilon: 0.0000000000000000
pressure: 1.0000000000000000
lambda: 0.0000000000000000
lambda_coupling: 1.0000000000000000
uy: 0.0000000000000000
maximum_displacement: 1.0000000000000000
maximum_rotation: 1.0000000000000000
maximum_volume: 0.0000001000000000
maximum_shape: 0.0000001000000000
maximum_dsigma: 0.0100000000000000
mod: 10
pmod: 10
optimize: 1
verbose: 1
snapshot: 0
display: 1
explore: 1
npt: 0
nptxy: 0
nptdxdy: 0
shape: 0
seed: 366631
-3.152440696772 9.170385108642 0.000000000000 1.000000000000
7.079152496222 11.385328692553 0.866025403784 0.500000000000
23.582709430951 -4.580280708734 0.000000000000 1.000000000000
14.998721998751 -5.132575134909 0.866025403784 0.500000000000
-8.497635522574 9.259826760921 0.866025403784 0.500000000000
4.433215364033 4.083575167786 0.000000000000 1.000000000000
-1.312675576936 -1.266781671401 0.000000000000 1.000000000000
6.495744354420 3.127996522637 0.866025403784 -0.500000000000
-7.758145516451 25.965256723398 0.000000000000 1.000000000000
2.775345632060 -0.071207762660 0.000000000000 1.000000000000
11.005629494880 5.859699899362 0.000000000000 1.000000000000
5.818782730686 -2.275379267771 0.866025403784 0.500000000000
8.721369995000 2.552240881077 0.000000000000 1.000000000000
-13.924138257202 2.552819441742 0.866025403784 0.500000000000
-11.433181523045 7.362931577420 0.866025403784 0.500000000000
0.183719557264 4.712193777674 0.000000000000 1.000000000000
-6.217037283870 -17.170593512434 0.866025403784 -0.500000000000
