#Configurational_file created 2018-09-14 11:52:44  started 2018-09-14 11:52:44 run for 0.0s steps 0
name: gc_306
step: 10000
specie: 18
	particle_diameter: 1.0000000000000000
	interaction_length: 1.2000000000000000
	number_of_patches: 3
	number_of_particles_per_compound: 1
	rod_length: 1.0000000000000000
	interaction_matrix:  1.000000 1.000000 1.000000 1.000000 1.000000 1.000000 1.000000 1.000000 1.000000
	patch_type: symmetric
	patch_width: 8.0000000000000000
	patch_angle: 0.0000000000000000
	angles:  0.000000 0.000000 0.000000
	grand_canonical: 1
	chemical_potential: -1.0000000000000000
box: 10.000000 10.000000
copy: 1.000000 1.000000
epsilon: 0.0208340000000000
end_epsilon: 0.0000000000000000
pressure: 1.0000000000000000
lambda: 0.0000000000000000
lambda_coupling: 1.0000000000000000
uy: 0.0000000000000000
maximum_displacement: 1.0000000000000000
maximum_rotation: 1.0000000000000000
maximum_volume: 0.0000001000000000
maximum_shape: 0.0000001000000000
maximum_dsigma: 0.0100000000000000
mod: 10
pmod: 10
optimize: 1
verbose: 1
snapshot: 0
display: 1
explore: 1
npt: 0
nptxy: 0
nptdxdy: 0
shape: 0
seed: 350713
4.059733330082 -0.480776811509 0.866025403784 -0.500000000000
9.563600410496 -1.897066055082 0.866025403784 -0.500000000000
15.306442164747 0.170089984834 0.866025403784 -0.500000000000
10.967937610250 2.531004584195 0.866025403784 0.500000000000
13.867861462012 5.236405922054 0.866025403784 0.500000000000
6.598761858487 4.240135131181 0.866025403784 -0.500000000000
19.229996267405 21.134803326664 0.000000000000 1.000000000000
5.121763474730 8.619712971825 0.866025403784 0.500000000000
4.977335109215 3.803754816459 0.000000000000 1.000000000000
-29.077136507303 -5.084931978928 0.000000000000 1.000000000000
9.786418329172 5.430887765651 0.000000000000 1.000000000000
16.010437309943 7.998439721578 0.866025403784 0.500000000000
21.975880952469 -1.943207428220 0.866025403784 -0.500000000000
11.621017141586 -0.640495357873 0.866025403784 -0.500000000000
3.230599073477 7.430368296914 0.866025403784 0.500000000000
10.203178859893 -11.118832746743 0.866025403784 -0.500000000000
0.777418771359 16.931030927265 0.866025403784 -0.500000000000
3.218187633120 6.476055378636 0.000000000000 1.000000000000
