#Configurational_file created 2018-09-14 11:25:50  started 2018-09-14 11:25:49 run for 1.0s steps 0
name: gc_363
step: 10000
specie: 17
	particle_diameter: 1.0000000000000000
	interaction_length: 1.2000000000000000
	number_of_patches: 3
	number_of_particles_per_compound: 1
	rod_length: 1.0000000000000000
	interaction_matrix:  1.000000 1.000000 1.000000 1.000000 1.000000 1.000000 1.000000 1.000000 1.000000
	patch_type: symmetric
	patch_width: 8.0000000000000000
	patch_angle: 0.0000000000000000
	angles:  0.000000 0.000000 0.000000
	grand_canonical: 1
	chemical_potential: -0.6666670000000000
box: 10.000000 10.000000
copy: 1.000000 1.000000
epsilon: 1.0000500000000001
end_epsilon: 0.0000000000000000
pressure: 1.0000000000000000
lambda: 0.0000000000000000
lambda_coupling: 1.0000000000000000
uy: 0.0000000000000000
maximum_displacement: 1.0000000000000000
maximum_rotation: 1.0000000000000000
maximum_volume: 0.0000001000000000
maximum_shape: 0.0000001000000000
maximum_dsigma: 0.0100000000000000
mod: 10
pmod: 10
optimize: 1
verbose: 1
snapshot: 0
display: 1
explore: 1
npt: 0
nptxy: 0
nptdxdy: 0
shape: 0
seed: 415522
5.386198852782 12.204976906388 0.000000000000 1.000000000000
-2.143419156257 8.638431567271 0.000000000000 1.000000000000
10.002414379888 8.043926729855 0.866025403784 -0.500000000000
-0.949208750872 12.641922143662 0.866025403784 0.500000000000
8.196133362682 10.977465788057 0.866025403784 -0.500000000000
22.870169221063 5.017618605016 0.866025403784 0.500000000000
6.270552691027 25.921724472543 0.000000000000 1.000000000000
-5.006446755379 -3.805124914581 0.000000000000 1.000000000000
11.724272678386 4.810646560432 0.866025403784 -0.500000000000
0.736622903538 -4.410645292985 0.866025403784 -0.500000000000
4.316692840082 4.722113671943 0.000000000000 1.000000000000
5.111039268465 -16.764472857610 0.000000000000 1.000000000000
12.218754287269 1.689923458910 0.866025403784 -0.500000000000
7.018129385060 -2.236480818260 0.866025403784 -0.500000000000
22.611501908500 1.259401569803 0.866025403784 0.500000000000
-6.655573629523 -0.346195775308 0.866025403784 -0.500000000000
8.673808081490 5.164853503111 0.866025403784 0.500000000000
