#Configurational_file created 2018-09-14 11:25:00  started 2018-09-14 11:24:59 run for 1.0s steps 0
name: gc_301
step: 10000
specie: 19
	particle_diameter: 1.0000000000000000
	interaction_length: 1.2000000000000000
	number_of_patches: 3
	number_of_particles_per_compound: 1
	rod_length: 1.0000000000000000
	interaction_matrix:  1.000000 1.000000 1.000000 1.000000 1.000000 1.000000 1.000000 1.000000 1.000000
	patch_type: symmetric
	patch_width: 8.0000000000000000
	patch_angle: 0.0000000000000000
	angles:  0.000000 0.000000 0.000000
	grand_canonical: 1
	chemical_potential: -1.0000000000000000
box: 10.000000 10.000000
copy: 1.000000 1.000000
epsilon: 0.0001000000000000
end_epsilon: 0.0000000000000000
pressure: 1.0000000000000000
lambda: 0.0000000000000000
lambda_coupling: 1.0000000000000000
uy: 0.0000000000000000
maximum_displacement: 1.0000000000000000
maximum_rotation: 1.0000000000000000
maximum_volume: 0.0000001000000000
maximum_shape: 0.0000001000000000
maximum_dsigma: 0.0100000000000000
mod: 10
pmod: 10
optimize: 1
verbose: 1
snapshot: 0
display: 1
explore: 1
npt: 0
nptxy: 0
nptdxdy: 0
shape: 0
seed: 345028
-2.815199825752 -10.430980787625 0.866025403784 0.500000000000
-2.138728398032 15.289186944219 0.866025403784 -0.500000000000
0.608404828754 -0.382058576832 0.866025403784 -0.500000000000
3.041621673350 -4.384596845447 0.000000000000 1.000000000000
9.461159837369 12.889216546605 0.866025403784 0.500000000000
4.243380102752 3.374349615427 0.000000000000 1.000000000000
5.977903561506 0.018758735601 0.866025403784 0.500000000000
3.657862436776 8.939933016299 0.866025403784 -0.500000000000
-1.204004565291 21.038050952067 0.866025403784 0.500000000000
10.095651962492 12.113566818641 0.866025403784 0.500000000000
4.915539003522 0.495044578446 0.866025403784 0.500000000000
6.722803124295 2.536232768669 0.866025403784 0.500000000000
9.834848590725 3.652264932598 0.866025403784 -0.500000000000
5.583549303040 5.025097721323 0.866025403784 0.500000000000
-9.554394490658 29.188766929887 0.000000000000 1.000000000000
8.450421571910 12.204266868696 0.866025403784 0.500000000000
10.427387129101 15.088169178240 0.866025403784 -0.500000000000
7.095669550573 7.823890676984 0.866025403784 -0.500000000000
8.967262662202 6.984985190862 0.866025403784 -0.500000000000
