#Configurational_file created 2018-09-14 11:26:00  started 2018-09-14 11:26:00 run for 0.0s steps 0
name: gc_376
step: 10000
specie: 22
	particle_diameter: 1.0000000000000000
	interaction_length: 1.2000000000000000
	number_of_patches: 3
	number_of_particles_per_compound: 1
	rod_length: 1.0000000000000000
	interaction_matrix:  1.000000 1.000000 1.000000 1.000000 1.000000 1.000000 1.000000 1.000000 1.000000
	patch_type: symmetric
	patch_width: 8.0000000000000000
	patch_angle: 0.0000000000000000
	angles:  0.000000 0.000000 0.000000
	grand_canonical: 1
	chemical_potential: -0.5000000000000000
box: 10.000000 10.000000
copy: 1.000000 1.000000
epsilon: 0.0001000000000000
end_epsilon: 0.0000000000000000
pressure: 1.0000000000000000
lambda: 0.0000000000000000
lambda_coupling: 1.0000000000000000
uy: 0.0000000000000000
maximum_displacement: 1.0000000000000000
maximum_rotation: 1.0000000000000000
maximum_volume: 0.0000001000000000
maximum_shape: 0.0000001000000000
maximum_dsigma: 0.0100000000000000
mod: 10
pmod: 10
optimize: 1
verbose: 1
snapshot: 0
display: 1
explore: 1
npt: 0
nptxy: 0
nptdxdy: 0
shape: 0
seed: 430303
6.250194171143 2.685490487092 0.000000000000 1.000000000000
8.037558921841 10.440403461571 0.866025403784 -0.500000000000
-15.163918826596 16.068017835271 0.000000000000 1.000000000000
14.643278147889 -7.898136637075 0.866025403784 0.500000000000
15.100209236563 20.994206120140 0.000000000000 1.000000000000
1.802254837064 3.146769165621 0.000000000000 1.000000000000
-12.519496050395 4.142789938586 0.866025403784 0.500000000000
-1.169604320235 2.286674890944 0.866025403784 0.500000000000
2.556583524769 1.238203294735 0.000000000000 1.000000000000
15.330927304847 2.051273112476 0.000000000000 1.000000000000
11.573275435263 -15.776402656680 0.866025403784 -0.500000000000
5.770244224606 18.596888812786 0.866025403784 0.500000000000
13.553531512147 -0.535108943549 0.000000000000 1.000000000000
-8.932676520781 1.098512748117 0.866025403784 -0.500000000000
-6.835318159243 13.716731833568 0.866025403784 -0.500000000000
8.626322852717 10.530938508710 0.000000000000 1.000000000000
2.794384182495 -23.208704775039 0.866025403784 -0.500000000000
9.292702507966 -18.373547353600 0.000000000000 1.000000000000
5.075201932073 -6.991186342187 0.866025403784 0.500000000000
7.306896386785 6.266522986246 0.000000000000 1.000000000000
0.188205797975 -0.181065449089 0.000000000000 1.000000000000
6.345755685191 6.112102309946 0.866025403784 0.500000000000
