#Configurational_file created 2018-09-14 13:48:47  started 2018-09-14 13:48:47 run for 0.0s steps 0
name: gc_356
step: 10000
specie: 13
	particle_diameter: 1.0000000000000000
	interaction_length: 1.2000000000000000
	number_of_patches: 3
	number_of_particles_per_compound: 1
	rod_length: 1.0000000000000000
	interaction_matrix:  1.000000 1.000000 1.000000 1.000000 1.000000 1.000000 1.000000 1.000000 1.000000
	patch_type: symmetric
	patch_width: 8.0000000000000000
	patch_angle: 0.0000000000000000
	angles:  0.000000 0.000000 0.000000
	grand_canonical: 1
	chemical_potential: -1.4827589999999999
box: 10.000000 10.000000
copy: 1.000000 1.000000
epsilon: 0.4310350000000000
end_epsilon: 0.0000000000000000
pressure: 1.0000000000000000
lambda: 0.0000000000000000
lambda_coupling: 1.0000000000000000
uy: 0.0000000000000000
maximum_displacement: 1.0000000000000000
maximum_rotation: 1.0000000000000000
maximum_volume: 0.0000001000000000
maximum_shape: 0.0000001000000000
maximum_dsigma: 0.0100000000000000
mod: 10
pmod: 10
optimize: 1
verbose: 1
snapshot: 0
display: 1
explore: 1
npt: 0
nptxy: 0
nptdxdy: 0
shape: 0
seed: 407563
-0.491674792095 6.326858156421 0.866025403784 0.500000000000
4.164595636930 3.088262034801 0.866025403784 -0.500000000000
0.803092717415 4.386229386820 0.866025403784 0.500000000000
-14.467140640843 -7.912764315606 0.866025403784 0.500000000000
2.513754369417 9.101623528448 0.866025403784 0.500000000000
8.987001618797 0.128504943102 0.866025403784 -0.500000000000
1.809867789075 -2.539581768126 0.000000000000 1.000000000000
-10.381131924914 13.707529236771 0.000000000000 1.000000000000
11.289769618048 -6.741056915936 0.866025403784 0.500000000000
5.123410787490 -1.140932914738 0.866025403784 -0.500000000000
3.158502204072 3.066197010393 0.866025403784 -0.500000000000
17.145706484778 -11.136418358161 0.000000000000 1.000000000000
4.361056289347 5.404328178842 0.866025403784 0.500000000000
