#Configurational_file created 2018-09-14 13:48:23  started 2018-09-14 13:48:22 run for 1.0s steps 0
name: gc_321
step: 10000
specie: 16
	particle_diameter: 1.0000000000000000
	interaction_length: 1.2000000000000000
	number_of_patches: 3
	number_of_particles_per_compound: 1
	rod_length: 1.0000000000000000
	interaction_matrix:  1.000000 1.000000 1.000000 1.000000 1.000000 1.000000 1.000000 1.000000 1.000000
	patch_type: symmetric
	patch_width: 8.0000000000000000
	patch_angle: 0.0000000000000000
	angles:  0.000000 0.000000 0.000000
	grand_canonical: 1
	chemical_potential: -1.6206900000000000
box: 10.000000 10.000000
copy: 1.000000 1.000000
epsilon: 0.3448280000000000
end_epsilon: 0.0000000000000000
pressure: 1.0000000000000000
lambda: 0.0000000000000000
lambda_coupling: 1.0000000000000000
uy: 0.0000000000000000
maximum_displacement: 1.0000000000000000
maximum_rotation: 1.0000000000000000
maximum_volume: 0.0000001000000000
maximum_shape: 0.0000001000000000
maximum_dsigma: 0.0100000000000000
mod: 10
pmod: 10
optimize: 1
verbose: 1
snapshot: 0
display: 1
explore: 1
npt: 0
nptxy: 0
nptdxdy: 0
shape: 0
seed: 367768
-8.676933180876 9.231092091957 0.000000000000 1.000000000000
2.695442171988 -1.409954873821 0.866025403784 0.500000000000
11.307108258505 5.698914423715 0.000000000000 1.000000000000
0.782943057320 6.385458880272 0.866025403784 -0.500000000000
2.363864693720 16.911330138910 0.866025403784 0.500000000000
-5.846733303329 -6.198655324001 0.866025403784 0.500000000000
7.766614712350 0.985630578124 0.000000000000 1.000000000000
7.018920076364 9.249370851074 0.866025403784 -0.500000000000
-3.840005061687 12.868569476654 0.866025403784 0.500000000000
-0.390595440639 9.919581831765 0.000000000000 1.000000000000
10.460106391302 5.279460740850 0.866025403784 0.500000000000
7.423980085342 7.463662020445 0.866025403784 -0.500000000000
5.332654124097 14.487368218448 0.866025403784 0.500000000000
15.518157526510 15.551855320496 0.000000000000 1.000000000000
10.849423110227 4.584673420881 0.000000000000 1.000000000000
5.461712794308 9.437126060438 0.866025403784 -0.500000000000
