#Configurational_file created 2018-09-14 11:52:51  started 2018-09-14 11:52:51 run for 0.0s steps 0
name: gc_315
step: 10000
specie: 13
	particle_diameter: 1.0000000000000000
	interaction_length: 1.2000000000000000
	number_of_patches: 3
	number_of_particles_per_compound: 1
	rod_length: 1.0000000000000000
	interaction_matrix:  1.000000 1.000000 1.000000 1.000000 1.000000 1.000000 1.000000 1.000000 1.000000
	patch_type: symmetric
	patch_width: 8.0000000000000000
	patch_angle: 0.0000000000000000
	angles:  0.000000 0.000000 0.000000
	grand_canonical: 1
	chemical_potential: -1.0000000000000000
box: 10.000000 10.000000
copy: 1.000000 1.000000
epsilon: 0.0583340000000000
end_epsilon: 0.0000000000000000
pressure: 1.0000000000000000
lambda: 0.0000000000000000
lambda_coupling: 1.0000000000000000
uy: 0.0000000000000000
maximum_displacement: 1.0000000000000000
maximum_rotation: 1.0000000000000000
maximum_volume: 0.0000001000000000
maximum_shape: 0.0000001000000000
maximum_dsigma: 0.0100000000000000
mod: 10
pmod: 10
optimize: 1
verbose: 1
snapshot: 0
display: 1
explore: 1
npt: 0
nptxy: 0
nptdxdy: 0
shape: 0
seed: 360946
6.137915393128 -11.923540662404 0.866025403784 0.500000000000
11.062839553927 -6.477289668696 0.866025403784 -0.500000000000
2.751764584241 13.856756658949 0.000000000000 1.000000000000
9.690568935370 7.773227286881 0.866025403784 -0.500000000000
3.996016672669 0.512508218768 0.866025403784 -0.500000000000
21.270084497364 1.427365063144 0.866025403784 0.500000000000
-3.929127056020 6.359085515459 0.866025403784 0.500000000000
31.980487657864 1.564698705167 0.000000000000 1.000000000000
17.806887468716 5.752251256626 0.866025403784 -0.500000000000
4.269971692669 -4.311396893168 0.000000000000 1.000000000000
18.501776214917 1.244693388510 0.866025403784 0.500000000000
-4.808837131917 2.447804011192 0.000000000000 1.000000000000
7.913482874296 7.347053319615 0.866025403784 -0.500000000000
