#Configurational_file created 2018-09-14 11:25:13  started 2018-09-14 11:25:13 run for 0.0s steps 0
name: gc_318
step: 10000
specie: 18
	particle_diameter: 1.0000000000000000
	interaction_length: 1.2000000000000000
	number_of_patches: 3
	number_of_particles_per_compound: 1
	rod_length: 1.0000000000000000
	interaction_matrix:  1.000000 1.000000 1.000000 1.000000 1.000000 1.000000 1.000000 1.000000 1.000000
	patch_type: symmetric
	patch_width: 8.0000000000000000
	patch_angle: 0.0000000000000000
	angles:  0.000000 0.000000 0.000000
	grand_canonical: 1
	chemical_potential: -1.0000000000000000
box: 10.000000 10.000000
copy: 1.000000 1.000000
epsilon: 1.4166960000000000
end_epsilon: 0.0000000000000000
pressure: 1.0000000000000000
lambda: 0.0000000000000000
lambda_coupling: 1.0000000000000000
uy: 0.0000000000000000
maximum_displacement: 1.0000000000000000
maximum_rotation: 1.0000000000000000
maximum_volume: 0.0000001000000000
maximum_shape: 0.0000001000000000
maximum_dsigma: 0.0100000000000000
mod: 10
pmod: 10
optimize: 1
verbose: 1
snapshot: 0
display: 1
explore: 1
npt: 0
nptxy: 0
nptdxdy: 0
shape: 0
seed: 364357
-0.082898861926 23.960883073545 0.000000000000 1.000000000000
1.424545749994 15.511935868583 0.866025403784 0.500000000000
21.531543805715 9.221751058711 0.000000000000 1.000000000000
-8.482945080051 -0.544418026298 0.866025403784 -0.500000000000
3.181532383134 9.603331232624 0.000000000000 1.000000000000
3.100856534220 11.371634162109 0.000000000000 1.000000000000
25.118021489433 10.587454505352 0.866025403784 0.500000000000
8.864284445121 7.023336018369 0.866025403784 -0.500000000000
-3.717797445746 -0.682040947668 0.866025403784 -0.500000000000
-3.800209669124 3.717197014414 0.866025403784 0.500000000000
20.028735413070 5.417425365344 0.866025403784 -0.500000000000
0.957457231125 7.662920385471 0.000000000000 1.000000000000
6.864864145037 5.073226786117 0.000000000000 1.000000000000
9.823445059015 14.240386271578 0.866025403784 -0.500000000000
-11.259334885531 14.440851423606 0.866025403784 0.500000000000
1.133325199785 14.689742183159 0.000000000000 1.000000000000
7.038756912326 6.598038181989 0.866025403784 -0.500000000000
7.701013916347 1.085372922221 0.866025403784 0.500000000000
