#Configurational_file created 2018-09-14 11:24:59  started 2018-09-14 11:24:59 run for 0.0s steps 0
name: gc_300
step: 10000
specie: 19
	particle_diameter: 1.0000000000000000
	interaction_length: 1.2000000000000000
	number_of_patches: 3
	number_of_particles_per_compound: 1
	rod_length: 1.0000000000000000
	interaction_matrix:  1.000000 1.000000 1.000000 1.000000 1.000000 1.000000 1.000000 1.000000 1.000000
	patch_type: symmetric
	patch_width: 8.0000000000000000
	patch_angle: 0.0000000000000000
	angles:  0.000000 0.000000 0.000000
	grand_canonical: 1
	chemical_potential: -1.1666669999999999
box: 10.000000 10.000000
copy: 1.000000 1.000000
epsilon: 2.0000000000000000
end_epsilon: 0.0000000000000000
pressure: 1.0000000000000000
lambda: 0.0000000000000000
lambda_coupling: 1.0000000000000000
uy: 0.0000000000000000
maximum_displacement: 1.0000000000000000
maximum_rotation: 1.0000000000000000
maximum_volume: 0.0000001000000000
maximum_shape: 0.0000001000000000
maximum_dsigma: 0.0100000000000000
mod: 10
pmod: 10
optimize: 1
verbose: 1
snapshot: 0
display: 1
explore: 1
npt: 0
nptxy: 0
nptdxdy: 0
shape: 0
seed: 343891
-7.528813170100 -11.073117534160 0.866025403784 0.500000000000
-4.088975699657 2.817680615287 0.866025403784 0.500000000000
16.865947830985 -6.313515043040 0.866025403784 0.500000000000
-1.013551456405 8.537512897172 0.866025403784 -0.500000000000
-9.710862514975 25.735568957985 0.866025403784 -0.500000000000
5.554482220954 4.486171477259 0.000000000000 1.000000000000
6.394582984057 6.281131765624 0.866025403784 -0.500000000000
3.547080031726 7.013223860078 0.000000000000 1.000000000000
7.161261639043 7.505733722650 0.866025403784 -0.500000000000
2.934922734883 2.070527652315 0.866025403784 0.500000000000
8.248214145893 4.320391034247 0.000000000000 1.000000000000
9.685386071769 7.094555825279 0.866025403784 0.500000000000
-1.963854690585 6.897863501637 0.866025403784 0.500000000000
3.641122865745 -9.615549059537 0.000000000000 1.000000000000
7.901555046693 12.738802473039 0.000000000000 1.000000000000
4.503717639467 1.898584179767 0.866025403784 -0.500000000000
-5.132225066469 7.941230425993 0.000000000000 1.000000000000
5.515682861048 11.694596413545 0.000000000000 1.000000000000
4.623404696240 3.481748530212 0.866025403784 -0.500000000000
