#Configurational_file created 2018-09-14 13:48:40  started 2018-09-14 13:48:40 run for 0.0s steps 0
name: gc_346
step: 10000
specie: 10
	particle_diameter: 1.0000000000000000
	interaction_length: 1.2000000000000000
	number_of_patches: 3
	number_of_particles_per_compound: 1
	rod_length: 1.0000000000000000
	interaction_matrix:  1.000000 1.000000 1.000000 1.000000 1.000000 1.000000 1.000000 1.000000 1.000000
	patch_type: symmetric
	patch_width: 8.0000000000000000
	patch_angle: 0.0000000000000000
	angles:  0.000000 0.000000 0.000000
	grand_canonical: 1
	chemical_potential: -1.4827589999999999
box: 10.000000 10.000000
copy: 1.000000 1.000000
epsilon: 0.2586210000000000
end_epsilon: 0.0000000000000000
pressure: 1.0000000000000000
lambda: 0.0000000000000000
lambda_coupling: 1.0000000000000000
uy: 0.0000000000000000
maximum_displacement: 1.0000000000000000
maximum_rotation: 1.0000000000000000
maximum_volume: 0.0000001000000000
maximum_shape: 0.0000001000000000
maximum_dsigma: 0.0100000000000000
mod: 10
pmod: 10
optimize: 1
verbose: 1
snapshot: 0
display: 1
explore: 1
npt: 0
nptxy: 0
nptdxdy: 0
shape: 0
seed: 396193
6.709154293185 1.232815737115 0.866025403784 -0.500000000000
10.603526193896 4.021065614252 0.866025403784 -0.500000000000
3.518952043489 8.019169457009 0.866025403784 0.500000000000
10.937559394639 -8.162052397823 0.000000000000 1.000000000000
9.437549325431 15.617304754064 0.866025403784 0.500000000000
-1.212019047641 2.890154016961 0.866025403784 -0.500000000000
3.579308803652 -1.274447966066 0.866025403784 -0.500000000000
18.671843350766 -1.284232501746 0.866025403784 0.500000000000
4.673491154878 11.167351075102 0.000000000000 1.000000000000
24.582243265408 -5.670132199931 0.866025403784 0.500000000000
