#Configurational_file created 2018-09-14 11:25:21  started 2018-09-14 11:25:20 run for 1.0s steps 0
name: gc_327
step: 10000
specie: 21
	particle_diameter: 1.0000000000000000
	interaction_length: 1.2000000000000000
	number_of_patches: 3
	number_of_particles_per_compound: 1
	rod_length: 1.0000000000000000
	interaction_matrix:  1.000000 1.000000 1.000000 1.000000 1.000000 1.000000 1.000000 1.000000 1.000000
	patch_type: symmetric
	patch_width: 8.0000000000000000
	patch_angle: 0.0000000000000000
	angles:  0.000000 0.000000 0.000000
	grand_canonical: 1
	chemical_potential: -0.8333330000000000
box: 10.000000 10.000000
copy: 1.000000 1.000000
epsilon: 0.0834290000000000
end_epsilon: 0.0000000000000000
pressure: 1.0000000000000000
lambda: 0.0000000000000000
lambda_coupling: 1.0000000000000000
uy: 0.0000000000000000
maximum_displacement: 1.0000000000000000
maximum_rotation: 1.0000000000000000
maximum_volume: 0.0000001000000000
maximum_shape: 0.0000001000000000
maximum_dsigma: 0.0100000000000000
mod: 10
pmod: 10
optimize: 1
verbose: 1
snapshot: 0
display: 1
explore: 1
npt: 0
nptxy: 0
nptdxdy: 0
shape: 0
seed: 374590
24.695461323643 11.636947319292 0.866025403784 0.500000000000
6.884647368928 6.641301005204 0.866025403784 0.500000000000
2.526398780931 4.450635407265 0.000000000000 1.000000000000
1.335688365193 -0.392225557080 0.866025403784 -0.500000000000
3.982760024205 6.820901111840 0.866025403784 0.500000000000
-1.318583762734 8.206328528741 0.866025403784 0.500000000000
0.608573865334 4.692073700923 0.866025403784 0.500000000000
8.304730859925 12.313198381612 0.000000000000 1.000000000000
2.859688158878 8.964104411677 0.866025403784 0.500000000000
1.833889817735 -2.464990667202 0.000000000000 1.000000000000
9.107774240117 -4.893475367374 0.866025403784 0.500000000000
1.367927583041 8.998650880704 0.000000000000 1.000000000000
17.207003986703 -0.345999428612 0.000000000000 1.000000000000
8.646023717804 3.948297842055 0.866025403784 0.500000000000
30.770045199357 -2.012522291271 0.866025403784 -0.500000000000
-0.247592329931 6.569116115469 0.000000000000 1.000000000000
-4.318553591112 0.653990821899 0.000000000000 1.000000000000
5.514449604343 7.155221084203 0.866025403784 -0.500000000000
13.770842915014 8.162937378642 0.866025403784 0.500000000000
-0.428154447195 3.568295587469 0.000000000000 1.000000000000
0.907535064365 7.077840168329 0.866025403784 0.500000000000
