#Configurational_file created 2018-09-14 11:52:42  started 2018-09-14 11:52:41 run for 1.0s steps 0
name: gc_303
step: 10000
specie: 16
	particle_diameter: 1.0000000000000000
	interaction_length: 1.2000000000000000
	number_of_patches: 3
	number_of_particles_per_compound: 1
	rod_length: 1.0000000000000000
	interaction_matrix:  1.000000 1.000000 1.000000 1.000000 1.000000 1.000000 1.000000 1.000000 1.000000
	patch_type: symmetric
	patch_width: 8.0000000000000000
	patch_angle: 0.0000000000000000
	angles:  0.000000 0.000000 0.000000
	grand_canonical: 1
	chemical_potential: -1.0000000000000000
box: 10.000000 10.000000
copy: 1.000000 1.000000
epsilon: 0.0083340000000000
end_epsilon: 0.0000000000000000
pressure: 1.0000000000000000
lambda: 0.0000000000000000
lambda_coupling: 1.0000000000000000
uy: 0.0000000000000000
maximum_displacement: 1.0000000000000000
maximum_rotation: 1.0000000000000000
maximum_volume: 0.0000001000000000
maximum_shape: 0.0000001000000000
maximum_dsigma: 0.0100000000000000
mod: 10
pmod: 10
optimize: 1
verbose: 1
snapshot: 0
display: 1
explore: 1
npt: 0
nptxy: 0
nptdxdy: 0
shape: 0
seed: 347302
7.283060670386 2.540693637629 0.000000000000 1.000000000000
-0.575772080679 10.468617184289 0.866025403784 -0.500000000000
22.233377588383 30.365386868135 0.866025403784 0.500000000000
9.248644949010 9.211285594959 0.866025403784 -0.500000000000
-5.051662363683 16.276810663210 0.866025403784 -0.500000000000
0.131230260580 -1.066330382271 0.000000000000 1.000000000000
1.951053551856 5.707501015093 0.866025403784 0.500000000000
12.694489359041 2.526157158181 0.866025403784 0.500000000000
-3.344582645517 -3.520327768748 0.000000000000 1.000000000000
-2.245384471396 6.301066558342 0.000000000000 1.000000000000
7.400715935102 0.712496969695 0.000000000000 1.000000000000
5.130112467514 7.492249283923 0.866025403784 -0.500000000000
0.339412866511 5.033652927191 0.000000000000 1.000000000000
9.978712027371 3.623392388686 0.866025403784 -0.500000000000
-2.429659816413 4.790984154157 0.866025403784 0.500000000000
7.063711793789 3.282910019050 0.866025403784 -0.500000000000
