#Configurational_file created 2018-09-14 11:53:33  started 2018-09-14 11:53:33 run for 0.0s steps 0
name: gc_367
step: 10000
specie: 22
	particle_diameter: 1.0000000000000000
	interaction_length: 1.2000000000000000
	number_of_patches: 3
	number_of_particles_per_compound: 1
	rod_length: 1.0000000000000000
	interaction_matrix:  1.000000 1.000000 1.000000 1.000000 1.000000 1.000000 1.000000 1.000000 1.000000
	patch_type: symmetric
	patch_width: 8.0000000000000000
	patch_angle: 0.0000000000000000
	angles:  0.000000 0.000000 0.000000
	grand_canonical: 1
	chemical_potential: -0.6666670000000000
box: 10.000000 10.000000
copy: 1.000000 1.000000
epsilon: 0.0666670000000000
end_epsilon: 0.0000000000000000
pressure: 1.0000000000000000
lambda: 0.0000000000000000
lambda_coupling: 1.0000000000000000
uy: 0.0000000000000000
maximum_displacement: 1.0000000000000000
maximum_rotation: 1.0000000000000000
maximum_volume: 0.0000001000000000
maximum_shape: 0.0000001000000000
maximum_dsigma: 0.0100000000000000
mod: 10
pmod: 10
optimize: 1
verbose: 1
snapshot: 0
display: 1
explore: 1
npt: 0
nptxy: 0
nptdxdy: 0
shape: 0
seed: 420070
6.132171532319 10.317204047411 0.866025403784 -0.500000000000
5.324297792326 0.058629101608 0.000000000000 1.000000000000
1.851516349568 6.632168916184 0.866025403784 0.500000000000
-8.384317095903 10.631014899733 0.866025403784 -0.500000000000
-2.557476775822 12.916039598950 0.866025403784 0.500000000000
-1.136837388222 12.521175230780 0.866025403784 -0.500000000000
32.443388204683 -3.036414507663 0.000000000000 1.000000000000
3.803651593569 -7.273386861131 0.866025403784 0.500000000000
7.667207361334 -1.331097896756 0.866025403784 -0.500000000000
3.772899494530 -1.556343349425 0.866025403784 0.500000000000
3.749684547391 10.961721371341 0.866025403784 -0.500000000000
2.409403271738 -10.796246630655 0.866025403784 -0.500000000000
0.153420557383 11.676641775383 0.866025403784 0.500000000000
16.488948997428 8.224199329548 0.866025403784 -0.500000000000
2.750023570942 4.854525720766 0.866025403784 -0.500000000000
15.833347820173 4.483147707217 0.866025403784 -0.500000000000
4.978246353840 8.002616720640 0.866025403784 -0.500000000000
5.918092893705 2.947755643642 0.000000000000 1.000000000000
6.628765157364 -3.113184749901 0.000000000000 1.000000000000
8.102318657549 1.783037255317 0.000000000000 1.000000000000
5.185789787831 1.866700657039 0.866025403784 -0.500000000000
7.075303884483 4.184132921117 0.866025403784 0.500000000000
