#Configurational_file created 2018-09-14 13:48:52  started 2018-09-14 13:48:52 run for 0.0s steps 0
name: gc_363
step: 10000
specie: 18
	particle_diameter: 1.0000000000000000
	interaction_length: 1.2000000000000000
	number_of_patches: 3
	number_of_particles_per_compound: 1
	rod_length: 1.0000000000000000
	interaction_matrix:  1.000000 1.000000 1.000000 1.000000 1.000000 1.000000 1.000000 1.000000 1.000000
	patch_type: symmetric
	patch_width: 8.0000000000000000
	patch_angle: 0.0000000000000000
	angles:  0.000000 0.000000 0.000000
	grand_canonical: 1
	chemical_potential: -1.3448279999999999
box: 10.000000 10.000000
copy: 1.000000 1.000000
epsilon: 0.0344840000000000
end_epsilon: 0.0000000000000000
pressure: 1.0000000000000000
lambda: 0.0000000000000000
lambda_coupling: 1.0000000000000000
uy: 0.0000000000000000
maximum_displacement: 1.0000000000000000
maximum_rotation: 1.0000000000000000
maximum_volume: 0.0000001000000000
maximum_shape: 0.0000001000000000
maximum_dsigma: 0.0100000000000000
mod: 10
pmod: 10
optimize: 1
verbose: 1
snapshot: 0
display: 1
explore: 1
npt: 0
nptxy: 0
nptdxdy: 0
shape: 0
seed: 415522
-3.504379259065 5.489102103546 0.866025403784 -0.500000000000
10.872128454378 4.127364798828 0.866025403784 -0.500000000000
12.200528726631 22.274613943616 0.000000000000 1.000000000000
-1.117603724914 -2.620379069876 0.866025403784 0.500000000000
-5.946815677094 11.731103709871 0.000000000000 1.000000000000
-5.725970836889 8.093160139529 0.866025403784 0.500000000000
14.915395072716 3.631886931679 0.866025403784 -0.500000000000
14.396788800023 15.076522563427 0.866025403784 -0.500000000000
6.759391426904 7.176312000052 0.866025403784 -0.500000000000
12.586643933095 5.602854515469 0.000000000000 1.000000000000
-3.735685643696 -10.208357994854 0.866025403784 -0.500000000000
11.970639517190 19.152185740271 0.866025403784 -0.500000000000
-0.328904862200 8.992083380765 0.000000000000 1.000000000000
1.720204813459 7.075239288382 0.866025403784 0.500000000000
7.609462868740 9.868277300804 0.000000000000 1.000000000000
8.092962219214 -1.323392038144 0.000000000000 1.000000000000
-0.504196557516 7.680606251641 0.000000000000 1.000000000000
12.325625979871 1.036088032603 0.866025403784 0.500000000000
