#Configurational_file created 2018-09-14 13:49:06  started 2018-09-14 13:49:05 run for 1.0s steps 0
name: gc_382
step: 10000
specie: 17
	particle_diameter: 1.0000000000000000
	interaction_length: 1.2000000000000000
	number_of_patches: 3
	number_of_particles_per_compound: 1
	rod_length: 1.0000000000000000
	interaction_matrix:  1.000000 1.000000 1.000000 1.000000 1.000000 1.000000 1.000000 1.000000 1.000000
	patch_type: symmetric
	patch_width: 8.0000000000000000
	patch_angle: 0.0000000000000000
	angles:  0.000000 0.000000 0.000000
	grand_canonical: 1
	chemical_potential: -1.3448279999999999
box: 10.000000 10.000000
copy: 1.000000 1.000000
epsilon: 0.3620690000000000
end_epsilon: 0.0000000000000000
pressure: 1.0000000000000000
lambda: 0.0000000000000000
lambda_coupling: 1.0000000000000000
uy: 0.0000000000000000
maximum_displacement: 1.0000000000000000
maximum_rotation: 1.0000000000000000
maximum_volume: 0.0000001000000000
maximum_shape: 0.0000001000000000
maximum_dsigma: 0.0100000000000000
mod: 10
pmod: 10
optimize: 1
verbose: 1
snapshot: 0
display: 1
explore: 1
npt: 0
nptxy: 0
nptdxdy: 0
shape: 0
seed: 437125
0.694042782256 -3.017233941762 0.866025403784 0.500000000000
4.165040489593 1.489267909699 0.000000000000 1.000000000000
-2.392904943357 5.510035148919 0.000000000000 1.000000000000
5.134295464196 -10.278356818222 0.866025403784 0.500000000000
2.046147964657 -9.009158114045 0.866025403784 0.500000000000
3.413594315487 2.832307932568 0.866025403784 -0.500000000000
-4.716228698630 -5.297522563897 0.000000000000 1.000000000000
9.595840057293 2.670807074843 0.866025403784 0.500000000000
-4.166161507079 12.475665605207 0.866025403784 -0.500000000000
13.535818706091 22.282848968477 0.000000000000 1.000000000000
5.697922931086 5.870663424704 0.000000000000 1.000000000000
16.064380082134 9.581146863283 0.000000000000 1.000000000000
6.575984542030 10.586930964654 0.000000000000 1.000000000000
6.875406032433 -17.204801401179 0.000000000000 1.000000000000
10.572609108923 -0.850316254986 0.866025403784 -0.500000000000
3.198095601852 9.848639755245 0.866025403784 0.500000000000
5.621326693982 1.333525403762 0.866025403784 -0.500000000000
