#Configurational_file created 2018-09-14 11:25:35  started 2018-09-14 11:25:34 run for 1.0s steps 0
name: gc_345
step: 10000
specie: 21
	particle_diameter: 1.0000000000000000
	interaction_length: 1.2000000000000000
	number_of_patches: 3
	number_of_particles_per_compound: 1
	rod_length: 1.0000000000000000
	interaction_matrix:  1.000000 1.000000 1.000000 1.000000 1.000000 1.000000 1.000000 1.000000 1.000000
	patch_type: symmetric
	patch_width: 8.0000000000000000
	patch_angle: 0.0000000000000000
	angles:  0.000000 0.000000 0.000000
	grand_canonical: 1
	chemical_potential: -0.8333330000000000
box: 10.000000 10.000000
copy: 1.000000 1.000000
epsilon: 1.5833539999999999
end_epsilon: 0.0000000000000000
pressure: 1.0000000000000000
lambda: 0.0000000000000000
lambda_coupling: 1.0000000000000000
uy: 0.0000000000000000
maximum_displacement: 1.0000000000000000
maximum_rotation: 1.0000000000000000
maximum_volume: 0.0000001000000000
maximum_shape: 0.0000001000000000
maximum_dsigma: 0.0100000000000000
mod: 10
pmod: 10
optimize: 1
verbose: 1
snapshot: 0
display: 1
explore: 1
npt: 0
nptxy: 0
nptdxdy: 0
shape: 0
seed: 395056
-2.913116065559 7.717265314310 0.866025403784 0.500000000000
-7.409062908688 28.748276727042 0.000000000000 1.000000000000
3.244793787202 4.988465493547 0.866025403784 0.500000000000
14.896843914242 7.757946728169 0.000000000000 1.000000000000
4.217656223590 9.619551523350 0.866025403784 -0.500000000000
0.698043225418 1.093961422662 0.000000000000 1.000000000000
7.567222500204 4.613392137587 0.000000000000 1.000000000000
4.273510581418 16.580123466521 0.866025403784 0.500000000000
5.517891065837 0.872514609521 0.866025403784 0.500000000000
9.859047986884 12.326747760662 0.866025403784 0.500000000000
7.954170751610 7.073278155896 0.000000000000 1.000000000000
-0.434445757674 10.596952538721 0.866025403784 -0.500000000000
-12.780963616351 18.932353665277 0.000000000000 1.000000000000
8.524030662962 9.187634409777 0.866025403784 0.500000000000
9.643000836689 17.737883641551 0.000000000000 1.000000000000
2.509860196240 7.459411278140 0.000000000000 1.000000000000
10.507791797895 8.578534334033 0.000000000000 1.000000000000
1.953776124138 9.675402474440 0.000000000000 1.000000000000
3.297391451694 3.828155994496 0.866025403784 0.500000000000
6.395285441834 4.698042344123 0.866025403784 -0.500000000000
10.656356031790 3.168079879210 0.866025403784 0.500000000000
