#Configurational_file created 2018-09-14 11:52:57  started 2018-09-14 11:52:56 run for 1.0s steps 0
name: gc_322
step: 10000
specie: 22
	particle_diameter: 1.0000000000000000
	interaction_length: 1.2000000000000000
	number_of_patches: 3
	number_of_particles_per_compound: 1
	rod_length: 1.0000000000000000
	interaction_matrix:  1.000000 1.000000 1.000000 1.000000 1.000000 1.000000 1.000000 1.000000 1.000000
	patch_type: symmetric
	patch_width: 8.0000000000000000
	patch_angle: 0.0000000000000000
	angles:  0.000000 0.000000 0.000000
	grand_canonical: 1
	chemical_potential: -1.0000000000000000
box: 10.000000 10.000000
copy: 1.000000 1.000000
epsilon: 0.0875000000000000
end_epsilon: 0.0000000000000000
pressure: 1.0000000000000000
lambda: 0.0000000000000000
lambda_coupling: 1.0000000000000000
uy: 0.0000000000000000
maximum_displacement: 1.0000000000000000
maximum_rotation: 1.0000000000000000
maximum_volume: 0.0000001000000000
maximum_shape: 0.0000001000000000
maximum_dsigma: 0.0100000000000000
mod: 10
pmod: 10
optimize: 1
verbose: 1
snapshot: 0
display: 1
explore: 1
npt: 0
nptxy: 0
nptdxdy: 0
shape: 0
seed: 368905
6.426730075973 8.682497261280 0.000000000000 1.000000000000
1.593163850571 15.447609650399 0.866025403784 0.500000000000
10.168170141597 4.691551490525 0.866025403784 -0.500000000000
7.627113225521 4.557081706399 0.866025403784 0.500000000000
3.133147965698 2.891233873747 0.866025403784 0.500000000000
6.966973169664 7.360570536876 0.000000000000 1.000000000000
11.012461155497 1.484228975860 0.866025403784 0.500000000000
-4.253380074668 2.948478053540 0.866025403784 0.500000000000
6.377968178191 4.131835653317 0.866025403784 -0.500000000000
-0.587178412306 -6.187115579807 0.866025403784 -0.500000000000
-3.630259030971 -13.045250298346 0.866025403784 0.500000000000
11.269792541993 3.318586196053 0.000000000000 1.000000000000
15.523667733607 -2.828474326596 0.866025403784 -0.500000000000
1.203546067092 0.047491594224 0.000000000000 1.000000000000
7.766981760783 11.353486841724 0.866025403784 -0.500000000000
-4.787565075590 -15.451510277056 0.866025403784 -0.500000000000
-4.089196729916 -9.789201898848 0.866025403784 -0.500000000000
1.465517943397 14.145381614141 0.866025403784 0.500000000000
2.410997997750 1.693011412816 0.000000000000 1.000000000000
13.650078999227 8.000764570692 0.000000000000 1.000000000000
2.939565240946 4.916078449768 0.866025403784 -0.500000000000
4.626558717939 0.751864363499 0.866025403784 0.500000000000
