#Configurational_file created 2018-09-14 11:54:00  started 2018-09-14 11:54:00 run for 0.0s steps 0
name: gc_399
step: 10000
specie: 21
	particle_diameter: 1.0000000000000000
	interaction_length: 1.2000000000000000
	number_of_patches: 3
	number_of_particles_per_compound: 1
	rod_length: 1.0000000000000000
	interaction_matrix:  1.000000 1.000000 1.000000 1.000000 1.000000 1.000000 1.000000 1.000000 1.000000
	patch_type: symmetric
	patch_width: 8.0000000000000000
	patch_angle: 0.0000000000000000
	angles:  0.000000 0.000000 0.000000
	grand_canonical: 1
	chemical_potential: -0.5000000000000000
box: 10.000000 10.000000
copy: 1.000000 1.000000
epsilon: 0.0958330000000000
end_epsilon: 0.0000000000000000
pressure: 1.0000000000000000
lambda: 0.0000000000000000
lambda_coupling: 1.0000000000000000
uy: 0.0000000000000000
maximum_displacement: 1.0000000000000000
maximum_rotation: 1.0000000000000000
maximum_volume: 0.0000001000000000
maximum_shape: 0.0000001000000000
maximum_dsigma: 0.0100000000000000
mod: 10
pmod: 10
optimize: 1
verbose: 1
snapshot: 0
display: 1
explore: 1
npt: 0
nptxy: 0
nptdxdy: 0
shape: 0
seed: 456454
1.519445457568 6.274288726127 0.000000000000 1.000000000000
5.211303309317 6.143583863112 0.866025403784 0.500000000000
7.984730074948 6.630538575433 0.000000000000 1.000000000000
15.939199186252 1.231795430448 0.000000000000 1.000000000000
1.700725778224 -11.725828506286 0.866025403784 -0.500000000000
4.828532059202 2.437187221337 0.866025403784 -0.500000000000
11.525154347687 13.040459284718 0.000000000000 1.000000000000
9.964170471461 0.986711993907 0.000000000000 1.000000000000
-0.180086123728 5.060513208796 0.000000000000 1.000000000000
-8.072288138046 10.859103609198 0.000000000000 1.000000000000
3.255621208475 2.308118283675 0.866025403784 -0.500000000000
-18.991498667993 -0.964836722155 0.866025403784 -0.500000000000
4.094021900476 1.192557147842 0.000000000000 1.000000000000
9.007424386951 -9.981009929232 0.866025403784 0.500000000000
-3.185708325392 -1.717225151174 0.000000000000 1.000000000000
7.156474038747 -0.692843600803 0.000000000000 1.000000000000
10.833554455128 1.517860605644 0.000000000000 1.000000000000
7.311198208109 5.926557287272 0.866025403784 0.500000000000
5.111765253378 3.876151463035 0.866025403784 -0.500000000000
2.757644163221 5.270587289189 0.866025403784 0.500000000000
-1.364444894492 2.212628092309 0.866025403784 -0.500000000000
