#Configurational_file created 2018-09-14 11:25:13  started 2018-09-14 11:25:12 run for 1.0s steps 0
name: gc_317
step: 10000
specie: 18
	particle_diameter: 1.0000000000000000
	interaction_length: 1.2000000000000000
	number_of_patches: 3
	number_of_particles_per_compound: 1
	rod_length: 1.0000000000000000
	interaction_matrix:  1.000000 1.000000 1.000000 1.000000 1.000000 1.000000 1.000000 1.000000 1.000000
	patch_type: symmetric
	patch_width: 8.0000000000000000
	patch_angle: 0.0000000000000000
	angles:  0.000000 0.000000 0.000000
	grand_canonical: 1
	chemical_potential: -1.0000000000000000
box: 10.000000 10.000000
copy: 1.000000 1.000000
epsilon: 1.3333670000000000
end_epsilon: 0.0000000000000000
pressure: 1.0000000000000000
lambda: 0.0000000000000000
lambda_coupling: 1.0000000000000000
uy: 0.0000000000000000
maximum_displacement: 1.0000000000000000
maximum_rotation: 1.0000000000000000
maximum_volume: 0.0000001000000000
maximum_shape: 0.0000001000000000
maximum_dsigma: 0.0100000000000000
mod: 10
pmod: 10
optimize: 1
verbose: 1
snapshot: 0
display: 1
explore: 1
npt: 0
nptxy: 0
nptdxdy: 0
shape: 0
seed: 363220
-2.529513872155 2.638466688090 0.000000000000 1.000000000000
10.446236244946 4.155738167610 0.866025403784 0.500000000000
7.045720176730 8.586146035552 0.866025403784 0.500000000000
-5.731949384137 -4.097142370724 0.000000000000 1.000000000000
-6.330816540604 -12.742095015170 0.000000000000 1.000000000000
19.591718395185 12.034877428535 0.866025403784 0.500000000000
20.504212333808 13.273608792286 0.000000000000 1.000000000000
5.862044175652 1.966019244867 0.866025403784 -0.500000000000
4.277429599971 10.024679949033 0.000000000000 1.000000000000
15.732618124326 8.831766064279 0.866025403784 0.500000000000
4.577129489948 7.902895174317 0.866025403784 0.500000000000
-12.782185502925 -0.299339093920 0.866025403784 -0.500000000000
1.520403370306 -1.876955671452 0.866025403784 0.500000000000
11.894446126495 5.942181563861 0.866025403784 -0.500000000000
4.189456511447 -6.586221172082 0.866025403784 0.500000000000
-1.786133283693 5.861103916952 0.866025403784 0.500000000000
11.526074160638 11.385671843903 0.000000000000 1.000000000000
3.025867312447 3.929890383196 0.866025403784 0.500000000000
