#Configurational_file created 2018-09-14 13:49:17  started 2018-09-14 13:49:16 run for 1.0s steps 0
name: gc_397
step: 10000
specie: 18
	particle_diameter: 1.0000000000000000
	interaction_length: 1.2000000000000000
	number_of_patches: 3
	number_of_particles_per_compound: 1
	rod_length: 1.0000000000000000
	interaction_matrix:  1.000000 1.000000 1.000000 1.000000 1.000000 1.000000 1.000000 1.000000 1.000000
	patch_type: symmetric
	patch_width: 8.0000000000000000
	patch_angle: 0.0000000000000000
	angles:  0.000000 0.000000 0.000000
	grand_canonical: 1
	chemical_potential: -1.2068970000000001
box: 10.000000 10.000000
copy: 1.000000 1.000000
epsilon: 0.1034490000000000
end_epsilon: 0.0000000000000000
pressure: 1.0000000000000000
lambda: 0.0000000000000000
lambda_coupling: 1.0000000000000000
uy: 0.0000000000000000
maximum_displacement: 1.0000000000000000
maximum_rotation: 1.0000000000000000
maximum_volume: 0.0000001000000000
maximum_shape: 0.0000001000000000
maximum_dsigma: 0.0100000000000000
mod: 10
pmod: 10
optimize: 1
verbose: 1
snapshot: 0
display: 1
explore: 1
npt: 0
nptxy: 0
nptdxdy: 0
shape: 0
seed: 454180
13.692403726800 1.419953352514 0.866025403784 0.500000000000
-4.240721151574 -3.772175282093 0.866025403784 0.500000000000
6.212163543670 -0.704393271537 0.866025403784 -0.500000000000
6.799678140682 3.645554896413 0.866025403784 -0.500000000000
-3.885349219136 4.897393504692 0.866025403784 0.500000000000
-10.893721283036 27.760326212057 0.866025403784 -0.500000000000
-0.110894834141 6.763008608136 0.866025403784 0.500000000000
5.380429377645 -9.436397585793 0.866025403784 -0.500000000000
1.429875519043 7.207356883133 0.866025403784 0.500000000000
1.618335432831 -0.820299878676 0.000000000000 1.000000000000
5.062428377764 13.440301129591 0.866025403784 0.500000000000
16.504067345834 2.580955954601 0.866025403784 -0.500000000000
7.344390631385 -3.075109796439 0.866025403784 0.500000000000
0.538821058310 -6.863239680812 0.866025403784 0.500000000000
12.993576403669 5.902339303992 0.866025403784 -0.500000000000
2.822215955186 -0.418592823647 0.000000000000 1.000000000000
8.742880445457 5.313840995185 0.000000000000 1.000000000000
8.084011260711 1.079014930605 0.866025403784 -0.500000000000
