#Configurational_file created 2018-09-14 11:52:52  started 2018-09-14 11:52:51 run for 1.0s steps 0
name: gc_316
step: 10000
specie: 17
	particle_diameter: 1.0000000000000000
	interaction_length: 1.2000000000000000
	number_of_patches: 3
	number_of_particles_per_compound: 1
	rod_length: 1.0000000000000000
	interaction_matrix:  1.000000 1.000000 1.000000 1.000000 1.000000 1.000000 1.000000 1.000000 1.000000
	patch_type: symmetric
	patch_width: 8.0000000000000000
	patch_angle: 0.0000000000000000
	angles:  0.000000 0.000000 0.000000
	grand_canonical: 1
	chemical_potential: -1.0000000000000000
box: 10.000000 10.000000
copy: 1.000000 1.000000
epsilon: 0.0625000000000000
end_epsilon: 0.0000000000000000
pressure: 1.0000000000000000
lambda: 0.0000000000000000
lambda_coupling: 1.0000000000000000
uy: 0.0000000000000000
maximum_displacement: 1.0000000000000000
maximum_rotation: 1.0000000000000000
maximum_volume: 0.0000001000000000
maximum_shape: 0.0000001000000000
maximum_dsigma: 0.0100000000000000
mod: 10
pmod: 10
optimize: 1
verbose: 1
snapshot: 0
display: 1
explore: 1
npt: 0
nptxy: 0
nptdxdy: 0
shape: 0
seed: 362083
-2.234408781018 10.663566532969 0.866025403784 -0.500000000000
9.121406924327 6.863843198226 0.000000000000 1.000000000000
6.209839362746 11.882389718271 0.866025403784 -0.500000000000
19.547968621578 8.780656316719 0.866025403784 -0.500000000000
15.724513129055 15.099317070028 0.866025403784 0.500000000000
-7.849437894663 3.113923993710 0.866025403784 0.500000000000
21.036083570437 2.534746170209 0.866025403784 0.500000000000
5.883100400739 8.815540814763 0.000000000000 1.000000000000
-0.258659261186 4.865272349011 0.866025403784 0.500000000000
16.100842407123 13.096695663415 0.866025403784 -0.500000000000
7.055504872879 4.773396041631 0.866025403784 -0.500000000000
4.547767240499 -1.433411027810 0.000000000000 1.000000000000
8.683565096684 4.885988287825 0.866025403784 -0.500000000000
4.819855798314 -0.044161440634 0.000000000000 1.000000000000
-2.151103461318 -1.543314497106 0.866025403784 -0.500000000000
5.016288621086 3.233976405495 0.866025403784 0.500000000000
7.339466175634 7.794375513849 0.000000000000 1.000000000000
