#Configurational_file created 2018-09-14 11:25:21  started 2018-09-14 11:25:21 run for 0.0s steps 0
name: gc_328
step: 10000
specie: 17
	particle_diameter: 1.0000000000000000
	interaction_length: 1.2000000000000000
	number_of_patches: 3
	number_of_particles_per_compound: 1
	rod_length: 1.0000000000000000
	interaction_matrix:  1.000000 1.000000 1.000000 1.000000 1.000000 1.000000 1.000000 1.000000 1.000000
	patch_type: symmetric
	patch_width: 8.0000000000000000
	patch_angle: 0.0000000000000000
	angles:  0.000000 0.000000 0.000000
	grand_canonical: 1
	chemical_potential: -0.8333330000000000
box: 10.000000 10.000000
copy: 1.000000 1.000000
epsilon: 0.1667580000000000
end_epsilon: 0.0000000000000000
pressure: 1.0000000000000000
lambda: 0.0000000000000000
lambda_coupling: 1.0000000000000000
uy: 0.0000000000000000
maximum_displacement: 1.0000000000000000
maximum_rotation: 1.0000000000000000
maximum_volume: 0.0000001000000000
maximum_shape: 0.0000001000000000
maximum_dsigma: 0.0100000000000000
mod: 10
pmod: 10
optimize: 1
verbose: 1
snapshot: 0
display: 1
explore: 1
npt: 0
nptxy: 0
nptdxdy: 0
shape: 0
seed: 375727
-2.675176823745 14.674638209345 0.866025403784 0.500000000000
1.767967739899 0.101169561716 0.000000000000 1.000000000000
7.821871449578 0.154002446747 0.000000000000 1.000000000000
11.790079964103 6.806997074538 0.866025403784 0.500000000000
19.659323803036 -6.732124760223 0.000000000000 1.000000000000
0.452898225742 6.138868575181 0.866025403784 -0.500000000000
9.471656009416 -5.916459541947 0.866025403784 0.500000000000
8.775930554320 1.695876942182 0.866025403784 -0.500000000000
1.376027834610 2.066143926390 0.866025403784 -0.500000000000
2.943802260173 4.842477779465 0.866025403784 0.500000000000
5.368616459813 -6.648512186385 0.000000000000 1.000000000000
-5.145224782801 10.188319137084 0.866025403784 0.500000000000
1.420779899144 -14.255946058177 0.000000000000 1.000000000000
4.569223877969 -7.857975759391 0.000000000000 1.000000000000
-7.248629505266 -2.425707642832 0.000000000000 1.000000000000
-0.630136462852 -3.935936876995 0.000000000000 1.000000000000
5.673210381159 7.412335881630 0.000000000000 1.000000000000
