#Configurational_file created 2018-09-14 11:52:41  started 2018-09-14 11:52:40 run for 1.0s steps 0
name: gc_301
step: 10000
specie: 20
	particle_diameter: 1.0000000000000000
	interaction_length: 1.2000000000000000
	number_of_patches: 3
	number_of_particles_per_compound: 1
	rod_length: 1.0000000000000000
	interaction_matrix:  1.000000 1.000000 1.000000 1.000000 1.000000 1.000000 1.000000 1.000000 1.000000
	patch_type: symmetric
	patch_width: 8.0000000000000000
	patch_angle: 0.0000000000000000
	angles:  0.000000 0.000000 0.000000
	grand_canonical: 1
	chemical_potential: -1.0000000000000000
box: 10.000000 10.000000
copy: 1.000000 1.000000
epsilon: 0.0000010000000000
end_epsilon: 0.0000000000000000
pressure: 1.0000000000000000
lambda: 0.0000000000000000
lambda_coupling: 1.0000000000000000
uy: 0.0000000000000000
maximum_displacement: 1.0000000000000000
maximum_rotation: 1.0000000000000000
maximum_volume: 0.0000001000000000
maximum_shape: 0.0000001000000000
maximum_dsigma: 0.0100000000000000
mod: 10
pmod: 10
optimize: 1
verbose: 1
snapshot: 0
display: 1
explore: 1
npt: 0
nptxy: 0
nptdxdy: 0
shape: 0
seed: 345028
0.530728914842 0.651604176019 0.866025403784 0.500000000000
8.269075295250 2.451088660512 0.000000000000 1.000000000000
3.472386130892 -5.983070912163 0.866025403784 -0.500000000000
26.886006368142 1.514144038378 0.866025403784 -0.500000000000
8.543145594643 18.775001050029 0.866025403784 0.500000000000
0.640628131165 9.213992816630 0.866025403784 0.500000000000
-1.657637596549 -4.250827904506 0.866025403784 0.500000000000
12.391759674026 14.872371005529 0.866025403784 0.500000000000
3.528485371600 25.765203698454 0.000000000000 1.000000000000
3.098622400824 6.400953904003 0.866025403784 -0.500000000000
2.498967702156 3.517304392105 0.000000000000 1.000000000000
7.587304282232 8.970062244851 0.866025403784 -0.500000000000
-1.202057137371 0.828545432856 0.000000000000 1.000000000000
14.667049453205 3.197879109572 0.866025403784 0.500000000000
0.198496862691 -1.985819098324 0.866025403784 0.500000000000
5.679744593438 10.770464409217 0.866025403784 0.500000000000
2.531515733265 7.754276084846 0.866025403784 0.500000000000
2.235390986744 8.720518453511 0.866025403784 0.500000000000
5.587253251697 4.377055498390 0.866025403784 0.500000000000
6.192238899549 9.263829522722 0.866025403784 0.500000000000
