#Configurational_file created 2018-09-14 11:25:37  started 2018-09-14 11:25:36 run for 1.0s steps 0
name: gc_348
step: 10000
specie: 21
	particle_diameter: 1.0000000000000000
	interaction_length: 1.2000000000000000
	number_of_patches: 3
	number_of_particles_per_compound: 1
	rod_length: 1.0000000000000000
	interaction_matrix:  1.000000 1.000000 1.000000 1.000000 1.000000 1.000000 1.000000 1.000000 1.000000
	patch_type: symmetric
	patch_width: 8.0000000000000000
	patch_angle: 0.0000000000000000
	angles:  0.000000 0.000000 0.000000
	grand_canonical: 1
	chemical_potential: -0.8333330000000000
box: 10.000000 10.000000
copy: 1.000000 1.000000
epsilon: 1.8333420000000000
end_epsilon: 0.0000000000000000
pressure: 1.0000000000000000
lambda: 0.0000000000000000
lambda_coupling: 1.0000000000000000
uy: 0.0000000000000000
maximum_displacement: 1.0000000000000000
maximum_rotation: 1.0000000000000000
maximum_volume: 0.0000001000000000
maximum_shape: 0.0000001000000000
maximum_dsigma: 0.0100000000000000
mod: 10
pmod: 10
optimize: 1
verbose: 1
snapshot: 0
display: 1
explore: 1
npt: 0
nptxy: 0
nptdxdy: 0
shape: 0
seed: 398467
-13.041053675730 -1.983982893584 0.000000000000 1.000000000000
3.788619427085 1.617828390480 0.866025403784 0.500000000000
14.314804162305 4.330880835314 0.866025403784 0.500000000000
2.283341665300 6.197146353069 0.866025403784 0.500000000000
-8.601489801259 11.763735468002 0.000000000000 1.000000000000
4.162512481199 -1.495272270982 0.866025403784 -0.500000000000
6.388141166326 13.855624801772 0.866025403784 -0.500000000000
4.791863810617 -0.373189657171 0.866025403784 -0.500000000000
5.861533275956 -2.412678703944 0.866025403784 -0.500000000000
-2.970235127971 10.172965855724 0.866025403784 -0.500000000000
1.043909046805 10.214539290948 0.866025403784 0.500000000000
9.569938334781 8.052034978553 0.000000000000 1.000000000000
-1.319295004730 -12.814014235289 0.866025403784 0.500000000000
6.703459858384 2.115892626408 0.000000000000 1.000000000000
-4.402391202199 0.682683060279 0.866025403784 -0.500000000000
-12.409145812543 -10.823346596594 0.866025403784 -0.500000000000
10.972659835234 -1.870216471435 0.866025403784 0.500000000000
-11.158948836409 -7.874906978841 0.000000000000 1.000000000000
-2.841330828243 4.827378270038 0.866025403784 -0.500000000000
-1.178333542475 8.873275186948 0.866025403784 -0.500000000000
-0.192712215612 -4.402413497734 0.866025403784 0.500000000000
