#Configurational_file created 2018-09-14 13:48:19  started 2018-09-14 13:48:19 run for 0.0s steps 0
name: gc_316
step: 10000
specie: 13
	particle_diameter: 1.0000000000000000
	interaction_length: 1.2000000000000000
	number_of_patches: 3
	number_of_particles_per_compound: 1
	rod_length: 1.0000000000000000
	interaction_matrix:  1.000000 1.000000 1.000000 1.000000 1.000000 1.000000 1.000000 1.000000 1.000000
	patch_type: symmetric
	patch_width: 8.0000000000000000
	patch_angle: 0.0000000000000000
	angles:  0.000000 0.000000 0.000000
	grand_canonical: 1
	chemical_potential: -1.6206900000000000
box: 10.000000 10.000000
copy: 1.000000 1.000000
epsilon: 0.2586210000000000
end_epsilon: 0.0000000000000000
pressure: 1.0000000000000000
lambda: 0.0000000000000000
lambda_coupling: 1.0000000000000000
uy: 0.0000000000000000
maximum_displacement: 1.0000000000000000
maximum_rotation: 1.0000000000000000
maximum_volume: 0.0000001000000000
maximum_shape: 0.0000001000000000
maximum_dsigma: 0.0100000000000000
mod: 10
pmod: 10
optimize: 1
verbose: 1
snapshot: 0
display: 1
explore: 1
npt: 0
nptxy: 0
nptdxdy: 0
shape: 0
seed: 362083
15.190877251827 2.198652331914 0.000000000000 1.000000000000
3.074092507684 5.250785913496 0.866025403784 -0.500000000000
4.011327189671 17.623203723164 0.866025403784 -0.500000000000
6.121500120770 6.312196505619 0.866025403784 0.500000000000
0.315823637934 3.238904591711 0.000000000000 1.000000000000
7.745988814877 5.705965014048 0.866025403784 0.500000000000
10.031791706160 1.936048901777 0.000000000000 1.000000000000
1.307536924016 -1.998915885731 0.866025403784 -0.500000000000
4.260769883462 3.854126532057 0.866025403784 -0.500000000000
2.615311785141 -0.260688354114 0.866025403784 0.500000000000
6.550343753575 1.659909497897 0.000000000000 1.000000000000
5.285921642310 4.710259354757 0.866025403784 -0.500000000000
9.949439881137 4.511088956920 0.866025403784 -0.500000000000
