#Configurational_file created 2018-09-14 11:25:17  started 2018-09-14 11:25:17 run for 0.0s steps 0
name: gc_323
step: 10000
specie: 16
	particle_diameter: 1.0000000000000000
	interaction_length: 1.2000000000000000
	number_of_patches: 3
	number_of_particles_per_compound: 1
	rod_length: 1.0000000000000000
	interaction_matrix:  1.000000 1.000000 1.000000 1.000000 1.000000 1.000000 1.000000 1.000000 1.000000
	patch_type: symmetric
	patch_width: 8.0000000000000000
	patch_angle: 0.0000000000000000
	angles:  0.000000 0.000000 0.000000
	grand_canonical: 1
	chemical_potential: -1.0000000000000000
box: 10.000000 10.000000
copy: 1.000000 1.000000
epsilon: 1.8333420000000000
end_epsilon: 0.0000000000000000
pressure: 1.0000000000000000
lambda: 0.0000000000000000
lambda_coupling: 1.0000000000000000
uy: 0.0000000000000000
maximum_displacement: 1.0000000000000000
maximum_rotation: 1.0000000000000000
maximum_volume: 0.0000001000000000
maximum_shape: 0.0000001000000000
maximum_dsigma: 0.0100000000000000
mod: 10
pmod: 10
optimize: 1
verbose: 1
snapshot: 0
display: 1
explore: 1
npt: 0
nptxy: 0
nptdxdy: 0
shape: 0
seed: 370042
-1.678198447282 5.239117997896 0.866025403784 0.500000000000
9.456839660308 1.860723306736 0.866025403784 -0.500000000000
5.081937264339 15.144171133461 0.000000000000 1.000000000000
18.000913470077 -9.155163205028 0.866025403784 -0.500000000000
-4.886341886693 2.605965207453 0.000000000000 1.000000000000
6.024962687339 -1.813726999312 0.866025403784 0.500000000000
10.340537202620 9.025690825646 0.000000000000 1.000000000000
10.275833903010 3.063379215313 0.000000000000 1.000000000000
-1.067576012222 8.475145060031 0.000000000000 1.000000000000
17.672627305769 8.425845507223 0.000000000000 1.000000000000
-7.566370484805 11.446412968687 0.866025403784 0.500000000000
6.221951779830 -4.361916465992 0.866025403784 -0.500000000000
12.398258498538 2.509991103786 0.866025403784 0.500000000000
3.065453690179 10.451584811020 0.000000000000 1.000000000000
3.628563626118 4.564899803849 0.866025403784 -0.500000000000
5.002538089368 8.870113274935 0.866025403784 -0.500000000000
