#Configurational_file created 2018-09-14 13:49:16  started 2018-09-14 13:49:15 run for 1.0s steps 0
name: gc_395
step: 10000
specie: 20
	particle_diameter: 1.0000000000000000
	interaction_length: 1.2000000000000000
	number_of_patches: 3
	number_of_particles_per_compound: 1
	rod_length: 1.0000000000000000
	interaction_matrix:  1.000000 1.000000 1.000000 1.000000 1.000000 1.000000 1.000000 1.000000 1.000000
	patch_type: symmetric
	patch_width: 8.0000000000000000
	patch_angle: 0.0000000000000000
	angles:  0.000000 0.000000 0.000000
	grand_canonical: 1
	chemical_potential: -1.2068970000000001
box: 10.000000 10.000000
copy: 1.000000 1.000000
epsilon: 0.0689660000000000
end_epsilon: 0.0000000000000000
pressure: 1.0000000000000000
lambda: 0.0000000000000000
lambda_coupling: 1.0000000000000000
uy: 0.0000000000000000
maximum_displacement: 1.0000000000000000
maximum_rotation: 1.0000000000000000
maximum_volume: 0.0000001000000000
maximum_shape: 0.0000001000000000
maximum_dsigma: 0.0100000000000000
mod: 10
pmod: 10
optimize: 1
verbose: 1
snapshot: 0
display: 1
explore: 1
npt: 0
nptxy: 0
nptdxdy: 0
shape: 0
seed: 451906
23.081038936606 -5.939171471765 0.866025403784 0.500000000000
6.488414420675 1.502318653670 0.000000000000 1.000000000000
-0.207965957212 11.173834607695 0.866025403784 -0.500000000000
-5.453024766735 5.419125845515 0.866025403784 -0.500000000000
-2.167474445463 7.888490686103 0.866025403784 -0.500000000000
1.229959682477 -8.331998858263 0.866025403784 -0.500000000000
8.477820944513 9.212067616792 0.000000000000 1.000000000000
24.145273119981 12.140642875242 0.866025403784 -0.500000000000
24.569441374302 18.564147622335 0.000000000000 1.000000000000
5.972159917521 10.227535280202 0.866025403784 -0.500000000000
15.932096197831 4.118760615014 0.866025403784 -0.500000000000
14.956573202831 9.716610912127 0.866025403784 0.500000000000
6.047981053485 8.596448863922 0.000000000000 1.000000000000
1.439344592206 4.816318604525 0.866025403784 0.500000000000
4.208876599486 7.315244804833 0.866025403784 0.500000000000
6.391393294917 6.500471635322 0.866025403784 -0.500000000000
7.179458086766 -7.550681399190 0.000000000000 1.000000000000
8.247946255726 -4.018458081944 0.866025403784 -0.500000000000
5.982867745688 2.739767978461 0.000000000000 1.000000000000
2.979998185404 1.191804337875 0.866025403784 0.500000000000
