#Configurational_file created 2018-09-14 11:53:31  started 2018-09-14 11:53:30 run for 1.0s steps 0
name: gc_364
step: 10000
specie: 21
	particle_diameter: 1.0000000000000000
	interaction_length: 1.2000000000000000
	number_of_patches: 3
	number_of_particles_per_compound: 1
	rod_length: 1.0000000000000000
	interaction_matrix:  1.000000 1.000000 1.000000 1.000000 1.000000 1.000000 1.000000 1.000000 1.000000
	patch_type: symmetric
	patch_width: 8.0000000000000000
	patch_angle: 0.0000000000000000
	angles:  0.000000 0.000000 0.000000
	grand_canonical: 1
	chemical_potential: -0.6666670000000000
box: 10.000000 10.000000
copy: 1.000000 1.000000
epsilon: 0.0541670000000000
end_epsilon: 0.0000000000000000
pressure: 1.0000000000000000
lambda: 0.0000000000000000
lambda_coupling: 1.0000000000000000
uy: 0.0000000000000000
maximum_displacement: 1.0000000000000000
maximum_rotation: 1.0000000000000000
maximum_volume: 0.0000001000000000
maximum_shape: 0.0000001000000000
maximum_dsigma: 0.0100000000000000
mod: 10
pmod: 10
optimize: 1
verbose: 1
snapshot: 0
display: 1
explore: 1
npt: 0
nptxy: 0
nptdxdy: 0
shape: 0
seed: 416659
4.215918292049 2.977222087365 0.866025403784 0.500000000000
11.717858208260 -8.316839640288 0.000000000000 1.000000000000
4.229157042117 -0.343391030236 0.866025403784 0.500000000000
0.305016445129 -1.604775257261 0.866025403784 0.500000000000
5.099395082429 3.880449228191 0.866025403784 0.500000000000
-3.301106482008 10.962972929811 0.866025403784 -0.500000000000
-8.935586136810 25.617528465176 0.866025403784 0.500000000000
12.682564688426 -2.635336698474 0.000000000000 1.000000000000
5.708145709600 4.397657144689 0.000000000000 1.000000000000
4.989485329996 6.463008300774 0.000000000000 1.000000000000
10.351143604589 2.109332256009 0.000000000000 1.000000000000
9.476004500893 0.370579541708 0.866025403784 -0.500000000000
7.921429715306 11.273373146327 0.866025403784 -0.500000000000
-13.065765248462 -9.599783590967 0.000000000000 1.000000000000
-1.352338803717 -5.599128883479 0.866025403784 0.500000000000
-5.814257449793 -2.078867630400 0.866025403784 0.500000000000
-0.711070372330 7.486987603109 0.866025403784 -0.500000000000
4.978698934061 0.738458894661 0.866025403784 -0.500000000000
5.045789825229 -1.205717075199 0.866025403784 0.500000000000
-2.701345340380 4.457105994801 0.866025403784 -0.500000000000
5.730685443680 2.282821951693 0.866025403784 0.500000000000
