#Configurational_file created 2018-09-14 11:25:33  started 2018-09-14 11:25:32 run for 1.0s steps 0
name: gc_343
step: 10000
specie: 15
	particle_diameter: 1.0000000000000000
	interaction_length: 1.2000000000000000
	number_of_patches: 3
	number_of_particles_per_compound: 1
	rod_length: 1.0000000000000000
	interaction_matrix:  1.000000 1.000000 1.000000 1.000000 1.000000 1.000000 1.000000 1.000000 1.000000
	patch_type: symmetric
	patch_width: 8.0000000000000000
	patch_angle: 0.0000000000000000
	angles:  0.000000 0.000000 0.000000
	grand_canonical: 1
	chemical_potential: -0.8333330000000000
box: 10.000000 10.000000
copy: 1.000000 1.000000
epsilon: 1.4166960000000000
end_epsilon: 0.0000000000000000
pressure: 1.0000000000000000
lambda: 0.0000000000000000
lambda_coupling: 1.0000000000000000
uy: 0.0000000000000000
maximum_displacement: 1.0000000000000000
maximum_rotation: 1.0000000000000000
maximum_volume: 0.0000001000000000
maximum_shape: 0.0000001000000000
maximum_dsigma: 0.0100000000000000
mod: 10
pmod: 10
optimize: 1
verbose: 1
snapshot: 0
display: 1
explore: 1
npt: 0
nptxy: 0
nptdxdy: 0
shape: 0
seed: 392782
12.101962302591 2.650416157086 0.866025403784 -0.500000000000
13.567390376020 16.791838735405 0.866025403784 -0.500000000000
-0.194045994330 8.099676113081 0.000000000000 1.000000000000
-7.078179233031 -4.026279763767 0.866025403784 -0.500000000000
14.180406874882 -1.609242130933 0.866025403784 -0.500000000000
8.334889520881 5.590693692768 0.866025403784 0.500000000000
4.401932456905 6.056338927564 0.000000000000 1.000000000000
7.808399235189 1.046763530331 0.866025403784 0.500000000000
-0.705542872851 8.590769197131 0.866025403784 0.500000000000
3.461366463919 3.619675010211 0.000000000000 1.000000000000
-0.249813789454 9.454896061493 0.000000000000 1.000000000000
-1.844915405129 3.904160383615 0.866025403784 -0.500000000000
5.728734178858 2.349491601358 0.866025403784 0.500000000000
-5.121599526202 -15.795510993664 0.866025403784 -0.500000000000
3.579566764433 -5.224716576907 0.866025403784 0.500000000000
