#Configurational_file created 2018-09-14 13:48:48  started 2018-09-14 13:48:47 run for 1.0s steps 0
name: gc_357
step: 10000
specie: 13
	particle_diameter: 1.0000000000000000
	interaction_length: 1.2000000000000000
	number_of_patches: 3
	number_of_particles_per_compound: 1
	rod_length: 1.0000000000000000
	interaction_matrix:  1.000000 1.000000 1.000000 1.000000 1.000000 1.000000 1.000000 1.000000 1.000000
	patch_type: symmetric
	patch_width: 8.0000000000000000
	patch_angle: 0.0000000000000000
	angles:  0.000000 0.000000 0.000000
	grand_canonical: 1
	chemical_potential: -1.4827589999999999
box: 10.000000 10.000000
copy: 1.000000 1.000000
epsilon: 0.4482760000000000
end_epsilon: 0.0000000000000000
pressure: 1.0000000000000000
lambda: 0.0000000000000000
lambda_coupling: 1.0000000000000000
uy: 0.0000000000000000
maximum_displacement: 1.0000000000000000
maximum_rotation: 1.0000000000000000
maximum_volume: 0.0000001000000000
maximum_shape: 0.0000001000000000
maximum_dsigma: 0.0100000000000000
mod: 10
pmod: 10
optimize: 1
verbose: 1
snapshot: 0
display: 1
explore: 1
npt: 0
nptxy: 0
nptdxdy: 0
shape: 0
seed: 408700
1.844780113929 -2.002588630816 0.000000000000 1.000000000000
12.819004151334 4.850382836084 0.866025403784 -0.500000000000
-18.717090207981 19.198344345175 0.000000000000 1.000000000000
-10.847793678447 6.509268143495 0.866025403784 0.500000000000
-0.155482546357 12.740108538432 0.866025403784 0.500000000000
6.922585108274 -6.187852690535 0.000000000000 1.000000000000
6.282880365547 15.018036688027 0.866025403784 -0.500000000000
3.608516788704 9.149916229856 0.866025403784 0.500000000000
14.191936783645 -0.005672423538 0.866025403784 0.500000000000
15.196794418680 3.991290675792 0.000000000000 1.000000000000
3.812721428759 14.465434778049 0.000000000000 1.000000000000
8.596976614544 2.564873298885 0.866025403784 0.500000000000
8.455172064718 1.066360982345 0.866025403784 -0.500000000000
