#Configurational_file created 2018-09-14 13:48:54  started 2018-09-14 13:48:53 run for 1.0s steps 0
name: gc_365
step: 10000
specie: 14
	particle_diameter: 1.0000000000000000
	interaction_length: 1.2000000000000000
	number_of_patches: 3
	number_of_particles_per_compound: 1
	rod_length: 1.0000000000000000
	interaction_matrix:  1.000000 1.000000 1.000000 1.000000 1.000000 1.000000 1.000000 1.000000 1.000000
	patch_type: symmetric
	patch_width: 8.0000000000000000
	patch_angle: 0.0000000000000000
	angles:  0.000000 0.000000 0.000000
	grand_canonical: 1
	chemical_potential: -1.3448279999999999
box: 10.000000 10.000000
copy: 1.000000 1.000000
epsilon: 0.0689660000000000
end_epsilon: 0.0000000000000000
pressure: 1.0000000000000000
lambda: 0.0000000000000000
lambda_coupling: 1.0000000000000000
uy: 0.0000000000000000
maximum_displacement: 1.0000000000000000
maximum_rotation: 1.0000000000000000
maximum_volume: 0.0000001000000000
maximum_shape: 0.0000001000000000
maximum_dsigma: 0.0100000000000000
mod: 10
pmod: 10
optimize: 1
verbose: 1
snapshot: 0
display: 1
explore: 1
npt: 0
nptxy: 0
nptdxdy: 0
shape: 0
seed: 417796
15.225341270652 -7.233180425169 0.000000000000 1.000000000000
2.442743552848 4.815983682921 0.866025403784 0.500000000000
3.408638869802 3.431857916429 0.866025403784 0.500000000000
16.392926010165 1.066873367988 0.866025403784 0.500000000000
14.898482113214 15.416852042172 0.000000000000 1.000000000000
8.138475898470 13.254307373301 0.000000000000 1.000000000000
10.050218359187 10.016032395886 0.866025403784 -0.500000000000
-5.637960443855 5.805277528344 0.866025403784 -0.500000000000
-3.796490468160 26.775241960240 0.000000000000 1.000000000000
-6.207817904934 -5.715378139909 0.866025403784 -0.500000000000
-15.484936301499 2.526997210512 0.866025403784 -0.500000000000
10.213213038548 -12.098848996860 0.866025403784 0.500000000000
5.829972727401 8.233155329770 0.866025403784 0.500000000000
0.808520305547 0.322482210683 0.000000000000 1.000000000000
