#Configurational_file created 2018-09-14 11:53:06  started 2018-09-14 11:53:05 run for 1.0s steps 0
name: gc_333
step: 10000
specie: 13
	particle_diameter: 1.0000000000000000
	interaction_length: 1.2000000000000000
	number_of_patches: 3
	number_of_particles_per_compound: 1
	rod_length: 1.0000000000000000
	interaction_matrix:  1.000000 1.000000 1.000000 1.000000 1.000000 1.000000 1.000000 1.000000 1.000000
	patch_type: symmetric
	patch_width: 8.0000000000000000
	patch_angle: 0.0000000000000000
	angles:  0.000000 0.000000 0.000000
	grand_canonical: 1
	chemical_potential: -0.8333330000000000
box: 10.000000 10.000000
copy: 1.000000 1.000000
epsilon: 0.0291670000000000
end_epsilon: 0.0000000000000000
pressure: 1.0000000000000000
lambda: 0.0000000000000000
lambda_coupling: 1.0000000000000000
uy: 0.0000000000000000
maximum_displacement: 1.0000000000000000
maximum_rotation: 1.0000000000000000
maximum_volume: 0.0000001000000000
maximum_shape: 0.0000001000000000
maximum_dsigma: 0.0100000000000000
mod: 10
pmod: 10
optimize: 1
verbose: 1
snapshot: 0
display: 1
explore: 1
npt: 0
nptxy: 0
nptdxdy: 0
shape: 0
seed: 381412
0.087136598003 21.391437558997 0.866025403784 0.500000000000
5.666242158853 4.417096099134 0.000000000000 1.000000000000
3.447897439969 5.852338989970 0.866025403784 0.500000000000
-2.990879891973 18.878887672522 0.866025403784 0.500000000000
30.678915454439 6.514498838070 0.866025403784 0.500000000000
10.540754589417 -1.942792852239 0.866025403784 0.500000000000
16.841898605919 2.437080448972 0.000000000000 1.000000000000
7.959198682768 17.855017769879 0.000000000000 1.000000000000
8.315179793403 4.332613447262 0.866025403784 -0.500000000000
3.803737936694 2.931211462868 0.866025403784 -0.500000000000
-9.474377584968 9.115330342948 0.866025403784 -0.500000000000
1.571126297945 12.927917750665 0.866025403784 0.500000000000
0.866605497869 0.645541311066 0.866025403784 0.500000000000
