#Configurational_file created 2018-09-14 13:48:43  started 2018-09-14 13:48:42 run for 1.0s steps 0
name: gc_350
step: 10000
specie: 12
	particle_diameter: 1.0000000000000000
	interaction_length: 1.2000000000000000
	number_of_patches: 3
	number_of_particles_per_compound: 1
	rod_length: 1.0000000000000000
	interaction_matrix:  1.000000 1.000000 1.000000 1.000000 1.000000 1.000000 1.000000 1.000000 1.000000
	patch_type: symmetric
	patch_width: 8.0000000000000000
	patch_angle: 0.0000000000000000
	angles:  0.000000 0.000000 0.000000
	grand_canonical: 1
	chemical_potential: -1.4827589999999999
box: 10.000000 10.000000
copy: 1.000000 1.000000
epsilon: 0.3275870000000000
end_epsilon: 0.0000000000000000
pressure: 1.0000000000000000
lambda: 0.0000000000000000
lambda_coupling: 1.0000000000000000
uy: 0.0000000000000000
maximum_displacement: 1.0000000000000000
maximum_rotation: 1.0000000000000000
maximum_volume: 0.0000001000000000
maximum_shape: 0.0000001000000000
maximum_dsigma: 0.0100000000000000
mod: 10
pmod: 10
optimize: 1
verbose: 1
snapshot: 0
display: 1
explore: 1
npt: 0
nptxy: 0
nptdxdy: 0
shape: 0
seed: 400741
25.287880933420 3.292868213190 0.000000000000 1.000000000000
-0.302579641181 9.742191361015 0.866025403784 0.500000000000
1.843433124542 4.049817624218 0.000000000000 1.000000000000
9.277671042277 20.700916330048 0.866025403784 0.500000000000
2.822586511881 9.900714187374 0.866025403784 0.500000000000
5.600771091321 5.405580956515 0.866025403784 -0.500000000000
13.839479189095 -0.613040386646 0.866025403784 -0.500000000000
0.497014410368 4.253786162462 0.000000000000 1.000000000000
-1.541470824663 5.607832207088 0.866025403784 -0.500000000000
4.652421274572 4.828115563255 0.000000000000 1.000000000000
23.185945743913 3.703691793203 0.000000000000 1.000000000000
7.375487081670 10.836017669735 0.000000000000 1.000000000000
