#Configurational_file created 2018-09-14 11:53:52  started 2018-09-14 11:53:51 run for 1.0s steps 0
name: gc_389
step: 10000
specie: 21
	particle_diameter: 1.0000000000000000
	interaction_length: 1.2000000000000000
	number_of_patches: 3
	number_of_particles_per_compound: 1
	rod_length: 1.0000000000000000
	interaction_matrix:  1.000000 1.000000 1.000000 1.000000 1.000000 1.000000 1.000000 1.000000 1.000000
	patch_type: symmetric
	patch_width: 8.0000000000000000
	patch_angle: 0.0000000000000000
	angles:  0.000000 0.000000 0.000000
	grand_canonical: 1
	chemical_potential: -0.5000000000000000
box: 10.000000 10.000000
copy: 1.000000 1.000000
epsilon: 0.0541670000000000
end_epsilon: 0.0000000000000000
pressure: 1.0000000000000000
lambda: 0.0000000000000000
lambda_coupling: 1.0000000000000000
uy: 0.0000000000000000
maximum_displacement: 1.0000000000000000
maximum_rotation: 1.0000000000000000
maximum_volume: 0.0000001000000000
maximum_shape: 0.0000001000000000
maximum_dsigma: 0.0100000000000000
mod: 10
pmod: 10
optimize: 1
verbose: 1
snapshot: 0
display: 1
explore: 1
npt: 0
nptxy: 0
nptdxdy: 0
shape: 0
seed: 445084
4.127857784451 -1.561167718968 0.000000000000 1.000000000000
-1.803962320390 11.897458573254 0.866025403784 -0.500000000000
-9.417099343342 5.256246807513 0.000000000000 1.000000000000
0.340303418078 12.702993403022 0.866025403784 -0.500000000000
-18.818660008141 2.036773303562 0.866025403784 -0.500000000000
5.427878450685 5.497719805943 0.866025403784 -0.500000000000
3.181382475301 8.292946254521 0.866025403784 -0.500000000000
27.086215323976 6.256857414577 0.000000000000 1.000000000000
0.134855229808 19.587497063592 0.000000000000 1.000000000000
17.117174675288 3.739875274773 0.000000000000 1.000000000000
7.219718057262 9.430275887936 0.000000000000 1.000000000000
-7.786855241566 5.203510180454 0.866025403784 0.500000000000
5.531529665309 7.254345334344 0.866025403784 -0.500000000000
5.249044746387 -8.347131807489 0.866025403784 -0.500000000000
2.288081348541 2.150812771032 0.866025403784 0.500000000000
-2.346403336701 4.523601983409 0.866025403784 0.500000000000
4.769543298105 14.720389530097 0.866025403784 0.500000000000
-1.559591790115 9.945590434672 0.866025403784 0.500000000000
4.695373511880 10.226732787517 0.866025403784 0.500000000000
5.272101306624 -0.059340116436 0.000000000000 1.000000000000
2.055565780096 10.278998363107 0.866025403784 0.500000000000
