#Configurational_file created 2018-09-14 11:53:07  started 2018-09-14 11:53:06 run for 1.0s steps 0
name: gc_334
step: 10000
specie: 19
	particle_diameter: 1.0000000000000000
	interaction_length: 1.2000000000000000
	number_of_patches: 3
	number_of_particles_per_compound: 1
	rod_length: 1.0000000000000000
	interaction_matrix:  1.000000 1.000000 1.000000 1.000000 1.000000 1.000000 1.000000 1.000000 1.000000
	patch_type: symmetric
	patch_width: 8.0000000000000000
	patch_angle: 0.0000000000000000
	angles:  0.000000 0.000000 0.000000
	grand_canonical: 1
	chemical_potential: -0.8333330000000000
box: 10.000000 10.000000
copy: 1.000000 1.000000
epsilon: 0.0333340000000000
end_epsilon: 0.0000000000000000
pressure: 1.0000000000000000
lambda: 0.0000000000000000
lambda_coupling: 1.0000000000000000
uy: 0.0000000000000000
maximum_displacement: 1.0000000000000000
maximum_rotation: 1.0000000000000000
maximum_volume: 0.0000001000000000
maximum_shape: 0.0000001000000000
maximum_dsigma: 0.0100000000000000
mod: 10
pmod: 10
optimize: 1
verbose: 1
snapshot: 0
display: 1
explore: 1
npt: 0
nptxy: 0
nptdxdy: 0
shape: 0
seed: 382549
-0.053527543388 6.467170476476 0.000000000000 1.000000000000
14.110522775605 -6.205135404832 0.866025403784 0.500000000000
6.812535933408 7.530499941933 0.866025403784 0.500000000000
18.549270192734 7.865489208416 0.000000000000 1.000000000000
6.722118394266 4.907612450971 0.866025403784 0.500000000000
-1.903478894107 4.380101571484 0.000000000000 1.000000000000
6.075713693401 6.543673719002 0.000000000000 1.000000000000
6.796738856962 2.026108697737 0.866025403784 -0.500000000000
1.464261915956 12.139911206084 0.866025403784 -0.500000000000
10.064234893018 0.056436543468 0.866025403784 -0.500000000000
-13.002888941132 11.198451919705 0.866025403784 0.500000000000
9.547318255181 5.031011507707 0.000000000000 1.000000000000
4.669176140571 9.574610135970 0.866025403784 0.500000000000
7.955415858300 25.629298934171 0.866025403784 -0.500000000000
3.977003532422 -1.478751507528 0.866025403784 0.500000000000
9.512705218710 9.106465896889 0.866025403784 0.500000000000
4.699878163946 11.516716985100 0.866025403784 0.500000000000
11.818110064779 7.323267106561 0.866025403784 -0.500000000000
1.356952268173 1.041773849177 0.000000000000 1.000000000000
