#Configurational_file created 2018-09-14 13:48:40  started 2018-09-14 13:48:39 run for 1.0s steps 0
name: gc_345
step: 10000
specie: 14
	particle_diameter: 1.0000000000000000
	interaction_length: 1.2000000000000000
	number_of_patches: 3
	number_of_particles_per_compound: 1
	rod_length: 1.0000000000000000
	interaction_matrix:  1.000000 1.000000 1.000000 1.000000 1.000000 1.000000 1.000000 1.000000 1.000000
	patch_type: symmetric
	patch_width: 8.0000000000000000
	patch_angle: 0.0000000000000000
	angles:  0.000000 0.000000 0.000000
	grand_canonical: 1
	chemical_potential: -1.4827589999999999
box: 10.000000 10.000000
copy: 1.000000 1.000000
epsilon: 0.2413800000000000
end_epsilon: 0.0000000000000000
pressure: 1.0000000000000000
lambda: 0.0000000000000000
lambda_coupling: 1.0000000000000000
uy: 0.0000000000000000
maximum_displacement: 1.0000000000000000
maximum_rotation: 1.0000000000000000
maximum_volume: 0.0000001000000000
maximum_shape: 0.0000001000000000
maximum_dsigma: 0.0100000000000000
mod: 10
pmod: 10
optimize: 1
verbose: 1
snapshot: 0
display: 1
explore: 1
npt: 0
nptxy: 0
nptdxdy: 0
shape: 0
seed: 395056
5.141169287290 11.328828540272 0.000000000000 1.000000000000
5.405715111024 12.715699473957 0.866025403784 0.500000000000
-0.544509826903 2.793132295793 0.866025403784 -0.500000000000
14.582494740160 7.739721628829 0.866025403784 -0.500000000000
-15.017264421948 24.276404878411 0.000000000000 1.000000000000
-0.132144256373 -2.514655894946 0.866025403784 -0.500000000000
5.157207979625 4.797735208905 0.866025403784 -0.500000000000
3.855420365949 10.310537076840 0.000000000000 1.000000000000
9.265039842603 1.286291659419 0.866025403784 0.500000000000
11.197606754397 1.828291486802 0.866025403784 0.500000000000
2.199132205176 0.554522103701 0.866025403784 0.500000000000
7.217650510557 10.417239903357 0.000000000000 1.000000000000
2.986770392578 1.082550271286 0.000000000000 1.000000000000
22.978216037237 4.643876679088 0.000000000000 1.000000000000
