#Configurational_file created 2018-09-14 13:48:45  started 2018-09-14 13:48:45 run for 0.0s steps 0
name: gc_353
step: 10000
specie: 14
	particle_diameter: 1.0000000000000000
	interaction_length: 1.2000000000000000
	number_of_patches: 3
	number_of_particles_per_compound: 1
	rod_length: 1.0000000000000000
	interaction_matrix:  1.000000 1.000000 1.000000 1.000000 1.000000 1.000000 1.000000 1.000000 1.000000
	patch_type: symmetric
	patch_width: 8.0000000000000000
	patch_angle: 0.0000000000000000
	angles:  0.000000 0.000000 0.000000
	grand_canonical: 1
	chemical_potential: -1.4827589999999999
box: 10.000000 10.000000
copy: 1.000000 1.000000
epsilon: 0.3793110000000000
end_epsilon: 0.0000000000000000
pressure: 1.0000000000000000
lambda: 0.0000000000000000
lambda_coupling: 1.0000000000000000
uy: 0.0000000000000000
maximum_displacement: 1.0000000000000000
maximum_rotation: 1.0000000000000000
maximum_volume: 0.0000001000000000
maximum_shape: 0.0000001000000000
maximum_dsigma: 0.0100000000000000
mod: 10
pmod: 10
optimize: 1
verbose: 1
snapshot: 0
display: 1
explore: 1
npt: 0
nptxy: 0
nptdxdy: 0
shape: 0
seed: 404152
-18.441895738077 -6.965205224208 0.866025403784 0.500000000000
12.433909870753 3.615942440310 0.000000000000 1.000000000000
-8.677759382906 -2.936418283577 0.000000000000 1.000000000000
7.235314658025 7.671940758310 0.866025403784 -0.500000000000
2.702899751113 19.403272759799 0.866025403784 -0.500000000000
2.462905882594 7.214490743447 0.866025403784 -0.500000000000
8.682076992657 -21.305056423488 0.866025403784 -0.500000000000
3.710781743930 4.216790062046 0.866025403784 -0.500000000000
15.000056299396 -0.428491392204 0.866025403784 0.500000000000
-6.997728342691 -3.299217618084 0.866025403784 0.500000000000
3.883938193723 -0.167389130341 0.866025403784 0.500000000000
-1.478684511838 5.537412953926 0.866025403784 -0.500000000000
7.079360340980 5.648896458690 0.866025403784 0.500000000000
4.389534563707 5.054743486083 0.866025403784 -0.500000000000
