#Configurational_file created 2018-09-14 13:48:12  started 2018-09-14 13:48:12 run for 0.0s steps 0
name: gc_306
step: 10000
specie: 15
	particle_diameter: 1.0000000000000000
	interaction_length: 1.2000000000000000
	number_of_patches: 3
	number_of_particles_per_compound: 1
	rod_length: 1.0000000000000000
	interaction_matrix:  1.000000 1.000000 1.000000 1.000000 1.000000 1.000000 1.000000 1.000000 1.000000
	patch_type: symmetric
	patch_width: 8.0000000000000000
	patch_angle: 0.0000000000000000
	angles:  0.000000 0.000000 0.000000
	grand_canonical: 1
	chemical_potential: -1.6206900000000000
box: 10.000000 10.000000
copy: 1.000000 1.000000
epsilon: 0.0862080000000000
end_epsilon: 0.0000000000000000
pressure: 1.0000000000000000
lambda: 0.0000000000000000
lambda_coupling: 1.0000000000000000
uy: 0.0000000000000000
maximum_displacement: 1.0000000000000000
maximum_rotation: 1.0000000000000000
maximum_volume: 0.0000001000000000
maximum_shape: 0.0000001000000000
maximum_dsigma: 0.0100000000000000
mod: 10
pmod: 10
optimize: 1
verbose: 1
snapshot: 0
display: 1
explore: 1
npt: 0
nptxy: 0
nptdxdy: 0
shape: 0
seed: 350713
6.529027395918 11.636845106229 0.000000000000 1.000000000000
15.737130001491 18.006264758014 0.000000000000 1.000000000000
-0.990317488308 1.487676391520 0.866025403784 0.500000000000
5.071930120853 9.267092696225 0.866025403784 -0.500000000000
17.286637691119 7.053127098330 0.000000000000 1.000000000000
7.405152392111 9.566322072402 0.866025403784 0.500000000000
0.054114475618 16.626545070734 0.866025403784 -0.500000000000
9.407495130521 5.299896353320 0.866025403784 -0.500000000000
-6.020757784794 5.908176293828 0.866025403784 0.500000000000
10.875791720216 10.051326722285 0.866025403784 0.500000000000
6.334573306050 3.685445653669 0.866025403784 0.500000000000
12.042812493011 11.693714634900 0.866025403784 0.500000000000
13.872331125316 1.455815033206 0.000000000000 1.000000000000
4.185195386007 4.207926187458 0.000000000000 1.000000000000
7.930807110131 5.575098464675 0.866025403784 0.500000000000
