#Configurational_file created 2018-09-14 11:52:43  started 2018-09-14 11:52:42 run for 1.0s steps 0
name: gc_304
step: 10000
specie: 18
	particle_diameter: 1.0000000000000000
	interaction_length: 1.2000000000000000
	number_of_patches: 3
	number_of_particles_per_compound: 1
	rod_length: 1.0000000000000000
	interaction_matrix:  1.000000 1.000000 1.000000 1.000000 1.000000 1.000000 1.000000 1.000000 1.000000
	patch_type: symmetric
	patch_width: 8.0000000000000000
	patch_angle: 0.0000000000000000
	angles:  0.000000 0.000000 0.000000
	grand_canonical: 1
	chemical_potential: -1.0000000000000000
box: 10.000000 10.000000
copy: 1.000000 1.000000
epsilon: 0.0125010000000000
end_epsilon: 0.0000000000000000
pressure: 1.0000000000000000
lambda: 0.0000000000000000
lambda_coupling: 1.0000000000000000
uy: 0.0000000000000000
maximum_displacement: 1.0000000000000000
maximum_rotation: 1.0000000000000000
maximum_volume: 0.0000001000000000
maximum_shape: 0.0000001000000000
maximum_dsigma: 0.0100000000000000
mod: 10
pmod: 10
optimize: 1
verbose: 1
snapshot: 0
display: 1
explore: 1
npt: 0
nptxy: 0
nptdxdy: 0
shape: 0
seed: 348439
-1.274919384925 -0.716467015616 0.866025403784 0.500000000000
5.142173652138 2.411234834288 0.866025403784 0.500000000000
15.818075034734 5.351894561056 0.866025403784 0.500000000000
1.578286592115 5.789009862032 0.866025403784 0.500000000000
14.268658330146 14.242260030032 0.866025403784 -0.500000000000
0.575682361206 -7.753948859918 0.866025403784 0.500000000000
13.429173210787 9.275714866106 0.866025403784 -0.500000000000
10.874139426642 -2.458893460417 0.866025403784 0.500000000000
27.070563869949 2.223954820349 0.000000000000 1.000000000000
12.516209158492 7.161707642218 0.866025403784 0.500000000000
4.719933985361 -1.455677570158 0.000000000000 1.000000000000
-14.924423822177 13.602540008528 0.866025403784 -0.500000000000
-3.693431071113 11.562927728731 0.866025403784 -0.500000000000
0.829993123321 9.100763614644 0.000000000000 1.000000000000
6.513189097159 2.947527545309 0.866025403784 -0.500000000000
-1.971833911692 15.948827344171 0.866025403784 -0.500000000000
-1.170003350221 -7.831168224322 0.000000000000 1.000000000000
-1.250374338128 7.396902752708 0.000000000000 1.000000000000
