#Configurational_file created 2018-09-14 11:25:12  started 2018-09-14 11:25:11 run for 1.0s steps 0
name: gc_316
step: 10000
specie: 20
	particle_diameter: 1.0000000000000000
	interaction_length: 1.2000000000000000
	number_of_patches: 3
	number_of_particles_per_compound: 1
	rod_length: 1.0000000000000000
	interaction_matrix:  1.000000 1.000000 1.000000 1.000000 1.000000 1.000000 1.000000 1.000000 1.000000
	patch_type: symmetric
	patch_width: 8.0000000000000000
	patch_angle: 0.0000000000000000
	angles:  0.000000 0.000000 0.000000
	grand_canonical: 1
	chemical_potential: -1.0000000000000000
box: 10.000000 10.000000
copy: 1.000000 1.000000
epsilon: 1.2500370000000001
end_epsilon: 0.0000000000000000
pressure: 1.0000000000000000
lambda: 0.0000000000000000
lambda_coupling: 1.0000000000000000
uy: 0.0000000000000000
maximum_displacement: 1.0000000000000000
maximum_rotation: 1.0000000000000000
maximum_volume: 0.0000001000000000
maximum_shape: 0.0000001000000000
maximum_dsigma: 0.0100000000000000
mod: 10
pmod: 10
optimize: 1
verbose: 1
snapshot: 0
display: 1
explore: 1
npt: 0
nptxy: 0
nptdxdy: 0
shape: 0
seed: 362083
10.907475137392 16.397584787130 0.866025403784 -0.500000000000
12.952858892893 9.649394465778 0.000000000000 1.000000000000
8.922744919113 4.884116028973 0.866025403784 -0.500000000000
-3.878924108890 12.130977196899 0.866025403784 0.500000000000
8.021136761288 -3.110193745483 0.866025403784 -0.500000000000
14.744478552614 12.997624256257 0.000000000000 1.000000000000
7.064187567304 8.885228575460 0.866025403784 -0.500000000000
1.041266043108 -6.558247594931 0.866025403784 -0.500000000000
8.625348381643 1.655556483303 0.866025403784 0.500000000000
-5.003254768630 1.072526488837 0.000000000000 1.000000000000
9.319995083119 -9.713652274792 0.866025403784 -0.500000000000
37.179035280512 26.134109611529 0.000000000000 1.000000000000
14.339648564703 8.550736349665 0.866025403784 -0.500000000000
17.036678504096 12.772291256514 0.000000000000 1.000000000000
5.639815867636 4.105628746015 0.866025403784 -0.500000000000
10.934360189830 1.391623847356 0.866025403784 0.500000000000
0.459632363419 9.394426532458 0.866025403784 0.500000000000
5.476355330963 8.097622826280 0.866025403784 0.500000000000
2.832508400897 13.851011995781 0.000000000000 1.000000000000
3.462810229364 1.423857663031 0.866025403784 -0.500000000000
