#Configurational_file created 2018-09-14 13:49:14  started 2018-09-14 13:49:13 run for 1.0s steps 0
name: gc_393
step: 10000
specie: 12
	particle_diameter: 1.0000000000000000
	interaction_length: 1.2000000000000000
	number_of_patches: 3
	number_of_particles_per_compound: 1
	rod_length: 1.0000000000000000
	interaction_matrix:  1.000000 1.000000 1.000000 1.000000 1.000000 1.000000 1.000000 1.000000 1.000000
	patch_type: symmetric
	patch_width: 8.0000000000000000
	patch_angle: 0.0000000000000000
	angles:  0.000000 0.000000 0.000000
	grand_canonical: 1
	chemical_potential: -1.2068970000000001
box: 10.000000 10.000000
copy: 1.000000 1.000000
epsilon: 0.0344840000000000
end_epsilon: 0.0000000000000000
pressure: 1.0000000000000000
lambda: 0.0000000000000000
lambda_coupling: 1.0000000000000000
uy: 0.0000000000000000
maximum_displacement: 1.0000000000000000
maximum_rotation: 1.0000000000000000
maximum_volume: 0.0000001000000000
maximum_shape: 0.0000001000000000
maximum_dsigma: 0.0100000000000000
mod: 10
pmod: 10
optimize: 1
verbose: 1
snapshot: 0
display: 1
explore: 1
npt: 0
nptxy: 0
nptdxdy: 0
shape: 0
seed: 449632
19.500427399778 11.971235522529 0.866025403784 -0.500000000000
9.831605470045 -2.308822115379 0.000000000000 1.000000000000
9.409980244715 4.761746843291 0.866025403784 -0.500000000000
4.246508593780 6.834155159445 0.866025403784 -0.500000000000
3.845504827405 1.087954360310 0.866025403784 -0.500000000000
0.291718736815 12.458514858888 0.000000000000 1.000000000000
5.703180808401 7.945021819782 0.866025403784 -0.500000000000
0.017049672514 0.293146163918 0.000000000000 1.000000000000
10.252225706571 5.835986443188 0.000000000000 1.000000000000
6.106724133457 1.111335178961 0.866025403784 0.500000000000
11.043182556367 8.420539935401 0.000000000000 1.000000000000
-2.563976508126 4.665353409110 0.866025403784 0.500000000000
