#Configurational_file created 2018-09-14 13:49:18  started 2018-09-14 13:49:17 run for 1.0s steps 0
name: gc_398
step: 10000
specie: 14
	particle_diameter: 1.0000000000000000
	interaction_length: 1.2000000000000000
	number_of_patches: 3
	number_of_particles_per_compound: 1
	rod_length: 1.0000000000000000
	interaction_matrix:  1.000000 1.000000 1.000000 1.000000 1.000000 1.000000 1.000000 1.000000 1.000000
	patch_type: symmetric
	patch_width: 8.0000000000000000
	patch_angle: 0.0000000000000000
	angles:  0.000000 0.000000 0.000000
	grand_canonical: 1
	chemical_potential: -1.2068970000000001
box: 10.000000 10.000000
copy: 1.000000 1.000000
epsilon: 0.1206900000000000
end_epsilon: 0.0000000000000000
pressure: 1.0000000000000000
lambda: 0.0000000000000000
lambda_coupling: 1.0000000000000000
uy: 0.0000000000000000
maximum_displacement: 1.0000000000000000
maximum_rotation: 1.0000000000000000
maximum_volume: 0.0000001000000000
maximum_shape: 0.0000001000000000
maximum_dsigma: 0.0100000000000000
mod: 10
pmod: 10
optimize: 1
verbose: 1
snapshot: 0
display: 1
explore: 1
npt: 0
nptxy: 0
nptdxdy: 0
shape: 0
seed: 455317
2.956649263660 8.291993944716 0.866025403784 0.500000000000
-2.194865970288 -7.693413814523 0.866025403784 0.500000000000
18.449984146314 0.155958850929 0.866025403784 -0.500000000000
12.880558831535 15.328402326778 0.866025403784 0.500000000000
6.098631673649 6.850411555801 0.866025403784 0.500000000000
-2.923097433984 3.486950157112 0.866025403784 -0.500000000000
-3.246681560992 12.477579520723 0.866025403784 -0.500000000000
11.891042722209 10.456524287575 0.866025403784 0.500000000000
8.713554753311 8.015375417826 0.866025403784 -0.500000000000
45.583773082637 8.015981543411 0.866025403784 -0.500000000000
1.289290182579 7.478723998762 0.000000000000 1.000000000000
19.004639635402 9.591158979482 0.866025403784 0.500000000000
3.962044580970 10.398067038573 0.866025403784 -0.500000000000
4.472831843844 3.173013827168 0.866025403784 -0.500000000000
