#Configurational_file created 2018-09-14 11:52:44  started 2018-09-14 11:52:43 run for 1.0s steps 0
name: gc_305
step: 10000
specie: 19
	particle_diameter: 1.0000000000000000
	interaction_length: 1.2000000000000000
	number_of_patches: 3
	number_of_particles_per_compound: 1
	rod_length: 1.0000000000000000
	interaction_matrix:  1.000000 1.000000 1.000000 1.000000 1.000000 1.000000 1.000000 1.000000 1.000000
	patch_type: symmetric
	patch_width: 8.0000000000000000
	patch_angle: 0.0000000000000000
	angles:  0.000000 0.000000 0.000000
	grand_canonical: 1
	chemical_potential: -1.0000000000000000
box: 10.000000 10.000000
copy: 1.000000 1.000000
epsilon: 0.0166680000000000
end_epsilon: 0.0000000000000000
pressure: 1.0000000000000000
lambda: 0.0000000000000000
lambda_coupling: 1.0000000000000000
uy: 0.0000000000000000
maximum_displacement: 1.0000000000000000
maximum_rotation: 1.0000000000000000
maximum_volume: 0.0000001000000000
maximum_shape: 0.0000001000000000
maximum_dsigma: 0.0100000000000000
mod: 10
pmod: 10
optimize: 1
verbose: 1
snapshot: 0
display: 1
explore: 1
npt: 0
nptxy: 0
nptdxdy: 0
shape: 0
seed: 349576
14.398355599546 7.429646367224 0.866025403784 0.500000000000
-1.300962434482 9.243408111674 0.000000000000 1.000000000000
4.656973325457 13.741277989858 0.866025403784 -0.500000000000
11.257505900761 8.498483310504 0.866025403784 -0.500000000000
10.351641568551 9.735667411402 0.866025403784 0.500000000000
12.958852553303 10.730762210450 0.866025403784 0.500000000000
9.519407319480 -4.917422210958 0.000000000000 1.000000000000
2.996834035125 7.998253731772 0.000000000000 1.000000000000
5.913640085003 8.894455974670 0.866025403784 0.500000000000
-2.783997160531 3.911660969191 0.866025403784 0.500000000000
6.948126106825 9.963766193077 0.866025403784 0.500000000000
2.746085123954 6.184288123583 0.866025403784 0.500000000000
2.540941360491 5.003022932190 0.000000000000 1.000000000000
4.253576335292 16.042470783944 0.866025403784 0.500000000000
17.504096076620 16.792244634912 0.866025403784 -0.500000000000
-0.303396563728 12.173192975374 0.000000000000 1.000000000000
5.399389534226 7.853944648468 0.000000000000 1.000000000000
0.854342708818 11.092484473588 0.866025403784 0.500000000000
5.282698481097 3.877254242480 0.000000000000 1.000000000000
