#Configurational_file created 2018-09-14 11:53:07  started 2018-09-14 11:53:07 run for 0.0s steps 0
name: gc_335
step: 10000
specie: 17
	particle_diameter: 1.0000000000000000
	interaction_length: 1.2000000000000000
	number_of_patches: 3
	number_of_particles_per_compound: 1
	rod_length: 1.0000000000000000
	interaction_matrix:  1.000000 1.000000 1.000000 1.000000 1.000000 1.000000 1.000000 1.000000 1.000000
	patch_type: symmetric
	patch_width: 8.0000000000000000
	patch_angle: 0.0000000000000000
	angles:  0.000000 0.000000 0.000000
	grand_canonical: 1
	chemical_potential: -0.8333330000000000
box: 10.000000 10.000000
copy: 1.000000 1.000000
epsilon: 0.0375010000000000
end_epsilon: 0.0000000000000000
pressure: 1.0000000000000000
lambda: 0.0000000000000000
lambda_coupling: 1.0000000000000000
uy: 0.0000000000000000
maximum_displacement: 1.0000000000000000
maximum_rotation: 1.0000000000000000
maximum_volume: 0.0000001000000000
maximum_shape: 0.0000001000000000
maximum_dsigma: 0.0100000000000000
mod: 10
pmod: 10
optimize: 1
verbose: 1
snapshot: 0
display: 1
explore: 1
npt: 0
nptxy: 0
nptdxdy: 0
shape: 0
seed: 383686
15.090115039621 17.823996174890 0.866025403784 -0.500000000000
-10.984045630099 -7.281628453457 0.866025403784 0.500000000000
3.665033706114 7.345101901796 0.866025403784 0.500000000000
6.565267905581 9.692901729795 0.866025403784 -0.500000000000
-3.318382853363 5.758889480938 0.000000000000 1.000000000000
12.678484905583 11.121063669044 0.866025403784 -0.500000000000
8.492615072537 8.031735511083 0.866025403784 0.500000000000
-4.299380000602 7.510731732299 0.000000000000 1.000000000000
13.102848305641 9.484699043632 0.866025403784 -0.500000000000
13.517467879786 2.135128228213 0.866025403784 -0.500000000000
18.895016819228 5.443333418754 0.000000000000 1.000000000000
21.612370014072 -5.427147773968 0.866025403784 0.500000000000
1.096700006071 8.484198198624 0.866025403784 -0.500000000000
8.117786416197 8.514440385512 0.866025403784 -0.500000000000
10.311447612046 6.533373449345 0.000000000000 1.000000000000
4.077989154075 15.276896663114 0.866025403784 0.500000000000
13.170217791842 -10.754098876989 0.000000000000 1.000000000000
