#Configurational_file created 2018-09-14 11:53:08  started 2018-09-14 11:53:07 run for 1.0s steps 0
name: gc_336
step: 10000
specie: 16
	particle_diameter: 1.0000000000000000
	interaction_length: 1.2000000000000000
	number_of_patches: 3
	number_of_particles_per_compound: 1
	rod_length: 1.0000000000000000
	interaction_matrix:  1.000000 1.000000 1.000000 1.000000 1.000000 1.000000 1.000000 1.000000 1.000000
	patch_type: symmetric
	patch_width: 8.0000000000000000
	patch_angle: 0.0000000000000000
	angles:  0.000000 0.000000 0.000000
	grand_canonical: 1
	chemical_potential: -0.8333330000000000
box: 10.000000 10.000000
copy: 1.000000 1.000000
epsilon: 0.0416670000000000
end_epsilon: 0.0000000000000000
pressure: 1.0000000000000000
lambda: 0.0000000000000000
lambda_coupling: 1.0000000000000000
uy: 0.0000000000000000
maximum_displacement: 1.0000000000000000
maximum_rotation: 1.0000000000000000
maximum_volume: 0.0000001000000000
maximum_shape: 0.0000001000000000
maximum_dsigma: 0.0100000000000000
mod: 10
pmod: 10
optimize: 1
verbose: 1
snapshot: 0
display: 1
explore: 1
npt: 0
nptxy: 0
nptdxdy: 0
shape: 0
seed: 384823
4.792024957752 4.585104276470 0.000000000000 1.000000000000
25.730159661229 3.792088533973 0.000000000000 1.000000000000
-2.124122135454 10.932288546197 0.866025403784 0.500000000000
6.230291608701 5.978200482546 0.866025403784 0.500000000000
0.089071420487 10.538122872773 0.866025403784 0.500000000000
-5.154167902139 6.496475620863 0.866025403784 -0.500000000000
8.235958192322 6.002811403549 0.866025403784 0.500000000000
-0.398981419637 16.920227469958 0.866025403784 0.500000000000
1.584256516207 8.035794415018 0.000000000000 1.000000000000
1.938960182687 6.494551376852 0.866025403784 0.500000000000
17.281122839341 7.645751733969 0.866025403784 -0.500000000000
6.889025281723 12.202338394420 0.866025403784 -0.500000000000
2.530784208753 3.510915013924 0.000000000000 1.000000000000
3.690194912678 8.562262023815 0.000000000000 1.000000000000
-0.113555105415 2.660864845776 0.866025403784 0.500000000000
2.664332876745 8.675322033498 0.866025403784 -0.500000000000
