#Configurational_file created 2018-09-14 11:26:14  started 2018-09-14 11:26:13 run for 1.0s steps 0
name: gc_392
step: 10000
specie: 21
	particle_diameter: 1.0000000000000000
	interaction_length: 1.2000000000000000
	number_of_patches: 3
	number_of_particles_per_compound: 1
	rod_length: 1.0000000000000000
	interaction_matrix:  1.000000 1.000000 1.000000 1.000000 1.000000 1.000000 1.000000 1.000000 1.000000
	patch_type: symmetric
	patch_width: 8.0000000000000000
	patch_angle: 0.0000000000000000
	angles:  0.000000 0.000000 0.000000
	grand_canonical: 1
	chemical_potential: -0.5000000000000000
box: 10.000000 10.000000
copy: 1.000000 1.000000
epsilon: 1.3333670000000000
end_epsilon: 0.0000000000000000
pressure: 1.0000000000000000
lambda: 0.0000000000000000
lambda_coupling: 1.0000000000000000
uy: 0.0000000000000000
maximum_displacement: 1.0000000000000000
maximum_rotation: 1.0000000000000000
maximum_volume: 0.0000001000000000
maximum_shape: 0.0000001000000000
maximum_dsigma: 0.0100000000000000
mod: 10
pmod: 10
optimize: 1
verbose: 1
snapshot: 0
display: 1
explore: 1
npt: 0
nptxy: 0
nptdxdy: 0
shape: 0
seed: 448495
5.545814287264 0.731434703764 0.866025403784 -0.500000000000
0.757018635895 9.945879122690 0.866025403784 -0.500000000000
-5.339908723078 12.265724061261 0.866025403784 -0.500000000000
-4.823533659928 -1.404017905783 0.866025403784 0.500000000000
7.091608883414 9.394136850548 0.000000000000 1.000000000000
11.704419812055 5.152863477284 0.866025403784 -0.500000000000
19.091891844570 4.115886324321 0.866025403784 0.500000000000
-3.317547677182 -3.097877250791 0.866025403784 0.500000000000
2.640558550537 13.709029203967 0.866025403784 -0.500000000000
3.788071157740 5.467723282134 0.866025403784 0.500000000000
-4.798815601237 4.665800096607 0.866025403784 -0.500000000000
-6.412522881853 16.867504116525 0.000000000000 1.000000000000
1.292253401416 7.259952699594 0.866025403784 -0.500000000000
10.877903771861 14.413723908847 0.866025403784 -0.500000000000
16.945170533475 2.250527320229 0.866025403784 -0.500000000000
23.072055848835 10.922413586722 0.866025403784 -0.500000000000
22.314933278764 9.954903866524 0.866025403784 0.500000000000
18.324883129175 6.408548519146 0.866025403784 0.500000000000
3.387651394972 4.546563583396 0.000000000000 1.000000000000
-5.221410382917 4.057852977059 0.000000000000 1.000000000000
4.303184512532 0.887239653689 0.866025403784 -0.500000000000
