#Configurational_file created 2018-09-14 11:52:56  started 2018-09-14 11:52:55 run for 1.0s steps 0
name: gc_321
step: 10000
specie: 16
	particle_diameter: 1.0000000000000000
	interaction_length: 1.2000000000000000
	number_of_patches: 3
	number_of_particles_per_compound: 1
	rod_length: 1.0000000000000000
	interaction_matrix:  1.000000 1.000000 1.000000 1.000000 1.000000 1.000000 1.000000 1.000000 1.000000
	patch_type: symmetric
	patch_width: 8.0000000000000000
	patch_angle: 0.0000000000000000
	angles:  0.000000 0.000000 0.000000
	grand_canonical: 1
	chemical_potential: -1.0000000000000000
box: 10.000000 10.000000
copy: 1.000000 1.000000
epsilon: 0.0833340000000000
end_epsilon: 0.0000000000000000
pressure: 1.0000000000000000
lambda: 0.0000000000000000
lambda_coupling: 1.0000000000000000
uy: 0.0000000000000000
maximum_displacement: 1.0000000000000000
maximum_rotation: 1.0000000000000000
maximum_volume: 0.0000001000000000
maximum_shape: 0.0000001000000000
maximum_dsigma: 0.0100000000000000
mod: 10
pmod: 10
optimize: 1
verbose: 1
snapshot: 0
display: 1
explore: 1
npt: 0
nptxy: 0
nptdxdy: 0
shape: 0
seed: 367768
0.794847189121 -2.865647009924 0.866025403784 0.500000000000
5.043246725966 12.889629203446 0.866025403784 0.500000000000
-0.378946238829 -7.012674986006 0.866025403784 0.500000000000
9.287034891958 6.902942061101 0.866025403784 0.500000000000
8.217079789185 -6.448778206388 0.866025403784 -0.500000000000
5.186095666515 -2.088241179039 0.866025403784 -0.500000000000
-13.067385616247 19.139282964741 0.866025403784 -0.500000000000
2.631014571028 11.524680642675 0.866025403784 0.500000000000
13.244159448732 17.676124049397 0.866025403784 -0.500000000000
3.476706267481 10.341508542909 0.866025403784 -0.500000000000
-0.682473376631 5.467326789815 0.866025403784 0.500000000000
-0.472038172765 10.838464779877 0.000000000000 1.000000000000
9.999496870924 -8.445445518661 0.866025403784 -0.500000000000
7.723807990042 0.778104506587 0.866025403784 -0.500000000000
2.003922891107 6.146206174321 0.866025403784 0.500000000000
0.488224506307 4.972469027340 0.000000000000 1.000000000000
