#Configurational_file created 2018-09-14 11:25:08  started 2018-09-14 11:25:07 run for 1.0s steps 0
name: gc_311
step: 10000
specie: 18
	particle_diameter: 1.0000000000000000
	interaction_length: 1.2000000000000000
	number_of_patches: 3
	number_of_particles_per_compound: 1
	rod_length: 1.0000000000000000
	interaction_matrix:  1.000000 1.000000 1.000000 1.000000 1.000000 1.000000 1.000000 1.000000 1.000000
	patch_type: symmetric
	patch_width: 8.0000000000000000
	patch_angle: 0.0000000000000000
	angles:  0.000000 0.000000 0.000000
	grand_canonical: 1
	chemical_potential: -1.0000000000000000
box: 10.000000 10.000000
copy: 1.000000 1.000000
epsilon: 0.8333920000000000
end_epsilon: 0.0000000000000000
pressure: 1.0000000000000000
lambda: 0.0000000000000000
lambda_coupling: 1.0000000000000000
uy: 0.0000000000000000
maximum_displacement: 1.0000000000000000
maximum_rotation: 1.0000000000000000
maximum_volume: 0.0000001000000000
maximum_shape: 0.0000001000000000
maximum_dsigma: 0.0100000000000000
mod: 10
pmod: 10
optimize: 1
verbose: 1
snapshot: 0
display: 1
explore: 1
npt: 0
nptxy: 0
nptdxdy: 0
shape: 0
seed: 356398
2.096118622534 16.892226072428 0.000000000000 1.000000000000
-2.030197900735 7.556738816313 0.000000000000 1.000000000000
-4.198737283973 5.552604251460 0.866025403784 -0.500000000000
-2.559586537380 9.131482468191 0.866025403784 -0.500000000000
8.406505262813 1.038423237011 0.866025403784 0.500000000000
18.066688521281 -0.646179472143 0.000000000000 1.000000000000
2.070143046305 12.806126156398 0.866025403784 0.500000000000
12.251685855404 14.579070857521 0.866025403784 0.500000000000
-4.167972894441 2.013821209252 0.000000000000 1.000000000000
3.117791509150 -1.771033493912 0.866025403784 -0.500000000000
-0.548987548486 7.222043166457 0.000000000000 1.000000000000
-35.637275428615 -3.153234113528 0.866025403784 -0.500000000000
-4.921918834052 2.483482348675 0.866025403784 -0.500000000000
6.731525949007 -2.300922366064 0.866025403784 -0.500000000000
2.980233509777 2.723919641892 0.866025403784 -0.500000000000
3.131666451675 4.812834622055 0.866025403784 -0.500000000000
4.457922621014 8.720668992147 0.000000000000 1.000000000000
9.120838695619 5.636312456994 0.866025403784 -0.500000000000
