#Configurational_file created 2018-09-14 13:48:15  started 2018-09-14 13:48:15 run for 0.0s steps 0
name: gc_310
step: 10000
specie: 10
	particle_diameter: 1.0000000000000000
	interaction_length: 1.2000000000000000
	number_of_patches: 3
	number_of_particles_per_compound: 1
	rod_length: 1.0000000000000000
	interaction_matrix:  1.000000 1.000000 1.000000 1.000000 1.000000 1.000000 1.000000 1.000000 1.000000
	patch_type: symmetric
	patch_width: 8.0000000000000000
	patch_angle: 0.0000000000000000
	angles:  0.000000 0.000000 0.000000
	grand_canonical: 1
	chemical_potential: -1.6206900000000000
box: 10.000000 10.000000
copy: 1.000000 1.000000
epsilon: 0.1551730000000000
end_epsilon: 0.0000000000000000
pressure: 1.0000000000000000
lambda: 0.0000000000000000
lambda_coupling: 1.0000000000000000
uy: 0.0000000000000000
maximum_displacement: 1.0000000000000000
maximum_rotation: 1.0000000000000000
maximum_volume: 0.0000001000000000
maximum_shape: 0.0000001000000000
maximum_dsigma: 0.0100000000000000
mod: 10
pmod: 10
optimize: 1
verbose: 1
snapshot: 0
display: 1
explore: 1
npt: 0
nptxy: 0
nptdxdy: 0
shape: 0
seed: 355261
4.171260985711 11.651188654569 0.866025403784 -0.500000000000
7.397265930393 -0.116958031509 0.866025403784 -0.500000000000
9.276085275194 9.553044828185 0.866025403784 -0.500000000000
5.650214722197 -0.469469356328 0.000000000000 1.000000000000
-7.704049099611 -12.806923100466 0.866025403784 -0.500000000000
-0.830498191407 4.479425294177 0.866025403784 0.500000000000
11.007393755729 -1.991837261453 0.866025403784 0.500000000000
-1.326174318356 3.244136409493 0.866025403784 0.500000000000
10.233743148590 6.832114364207 0.866025403784 0.500000000000
6.594169039610 6.892190419269 0.866025403784 -0.500000000000
