#Configurational_file created 2018-09-14 11:25:45  started 2018-09-14 11:25:45 run for 0.0s steps 0
name: gc_358
step: 10000
specie: 20
	particle_diameter: 1.0000000000000000
	interaction_length: 1.2000000000000000
	number_of_patches: 3
	number_of_particles_per_compound: 1
	rod_length: 1.0000000000000000
	interaction_matrix:  1.000000 1.000000 1.000000 1.000000 1.000000 1.000000 1.000000 1.000000 1.000000
	patch_type: symmetric
	patch_width: 8.0000000000000000
	patch_angle: 0.0000000000000000
	angles:  0.000000 0.000000 0.000000
	grand_canonical: 1
	chemical_potential: -0.6666670000000000
box: 10.000000 10.000000
copy: 1.000000 1.000000
epsilon: 0.5834040000000000
end_epsilon: 0.0000000000000000
pressure: 1.0000000000000000
lambda: 0.0000000000000000
lambda_coupling: 1.0000000000000000
uy: 0.0000000000000000
maximum_displacement: 1.0000000000000000
maximum_rotation: 1.0000000000000000
maximum_volume: 0.0000001000000000
maximum_shape: 0.0000001000000000
maximum_dsigma: 0.0100000000000000
mod: 10
pmod: 10
optimize: 1
verbose: 1
snapshot: 0
display: 1
explore: 1
npt: 0
nptxy: 0
nptdxdy: 0
shape: 0
seed: 409837
11.413701319367 -10.610801342974 0.866025403784 0.500000000000
10.849108499516 -4.732029030698 0.866025403784 -0.500000000000
-8.552063188473 -26.324546434502 0.000000000000 1.000000000000
13.426577230250 -0.806257933244 0.866025403784 0.500000000000
4.124513818881 -3.705394680932 0.000000000000 1.000000000000
12.836526465401 0.189017036018 0.866025403784 -0.500000000000
12.522340843041 1.891875101704 0.866025403784 -0.500000000000
3.324396323535 14.629879008653 0.000000000000 1.000000000000
3.814458861644 2.321903704817 0.866025403784 0.500000000000
27.700555812212 6.358992938600 0.000000000000 1.000000000000
6.057135153830 -7.538561305394 0.000000000000 1.000000000000
8.670363651132 7.133450274262 0.000000000000 1.000000000000
1.527410349199 10.286186396514 0.866025403784 -0.500000000000
6.899556021181 9.545516596514 0.866025403784 -0.500000000000
-11.076761540409 -4.922776623800 0.000000000000 1.000000000000
10.334856562671 6.807281889425 0.866025403784 -0.500000000000
18.938951734247 21.810892658505 0.866025403784 0.500000000000
15.497609152019 5.438427178958 0.866025403784 0.500000000000
12.273518166542 4.995892775808 0.866025403784 0.500000000000
7.725069959277 2.917010524374 0.000000000000 1.000000000000
