#Configurational_file created 2018-09-14 11:53:29  started 2018-09-14 11:53:28 run for 1.0s steps 0
name: gc_362
step: 10000
specie: 14
	particle_diameter: 1.0000000000000000
	interaction_length: 1.2000000000000000
	number_of_patches: 3
	number_of_particles_per_compound: 1
	rod_length: 1.0000000000000000
	interaction_matrix:  1.000000 1.000000 1.000000 1.000000 1.000000 1.000000 1.000000 1.000000 1.000000
	patch_type: symmetric
	patch_width: 8.0000000000000000
	patch_angle: 0.0000000000000000
	angles:  0.000000 0.000000 0.000000
	grand_canonical: 1
	chemical_potential: -0.6666670000000000
box: 10.000000 10.000000
copy: 1.000000 1.000000
epsilon: 0.0458340000000000
end_epsilon: 0.0000000000000000
pressure: 1.0000000000000000
lambda: 0.0000000000000000
lambda_coupling: 1.0000000000000000
uy: 0.0000000000000000
maximum_displacement: 1.0000000000000000
maximum_rotation: 1.0000000000000000
maximum_volume: 0.0000001000000000
maximum_shape: 0.0000001000000000
maximum_dsigma: 0.0100000000000000
mod: 10
pmod: 10
optimize: 1
verbose: 1
snapshot: 0
display: 1
explore: 1
npt: 0
nptxy: 0
nptdxdy: 0
shape: 0
seed: 414385
6.472799491655 5.988011768224 0.000000000000 1.000000000000
17.641425814659 1.433447651686 0.866025403784 -0.500000000000
12.466100716356 -0.747869371389 0.000000000000 1.000000000000
7.205617523897 8.106657813548 0.000000000000 1.000000000000
-12.374538812806 3.534827157943 0.866025403784 0.500000000000
-1.326752732411 4.487484458925 0.866025403784 0.500000000000
4.212168148621 -0.448317181949 0.000000000000 1.000000000000
3.918908465183 15.562638286472 0.000000000000 1.000000000000
3.798428787672 17.646593424891 0.000000000000 1.000000000000
-11.820973751924 6.254557620588 0.866025403784 -0.500000000000
15.147331431474 7.848669060590 0.000000000000 1.000000000000
20.556523350660 4.680775973602 0.000000000000 1.000000000000
6.393163386152 14.428511482131 0.866025403784 0.500000000000
0.029795972818 6.264086369057 0.000000000000 1.000000000000
