#Configurational_file created 2018-09-14 11:26:17  started 2018-09-14 11:26:16 run for 1.0s steps 0
name: gc_395
step: 10000
specie: 22
	particle_diameter: 1.0000000000000000
	interaction_length: 1.2000000000000000
	number_of_patches: 3
	number_of_particles_per_compound: 1
	rod_length: 1.0000000000000000
	interaction_matrix:  1.000000 1.000000 1.000000 1.000000 1.000000 1.000000 1.000000 1.000000 1.000000
	patch_type: symmetric
	patch_width: 8.0000000000000000
	patch_angle: 0.0000000000000000
	angles:  0.000000 0.000000 0.000000
	grand_canonical: 1
	chemical_potential: -0.5000000000000000
box: 10.000000 10.000000
copy: 1.000000 1.000000
epsilon: 1.5833539999999999
end_epsilon: 0.0000000000000000
pressure: 1.0000000000000000
lambda: 0.0000000000000000
lambda_coupling: 1.0000000000000000
uy: 0.0000000000000000
maximum_displacement: 1.0000000000000000
maximum_rotation: 1.0000000000000000
maximum_volume: 0.0000001000000000
maximum_shape: 0.0000001000000000
maximum_dsigma: 0.0100000000000000
mod: 10
pmod: 10
optimize: 1
verbose: 1
snapshot: 0
display: 1
explore: 1
npt: 0
nptxy: 0
nptdxdy: 0
shape: 0
seed: 451906
2.594902636238 6.048020241878 0.866025403784 0.500000000000
3.824528446826 4.558499557480 0.866025403784 0.500000000000
6.540043175594 15.141010347033 0.866025403784 0.500000000000
-2.081701441331 4.089462500590 0.866025403784 -0.500000000000
41.635670586669 -1.544277404307 0.866025403784 -0.500000000000
7.909238650140 6.700077094182 0.000000000000 1.000000000000
8.131337779796 2.718526597236 0.866025403784 -0.500000000000
-8.837638497798 10.808228854859 0.000000000000 1.000000000000
11.073676678855 6.158948074379 0.866025403784 0.500000000000
1.656698948233 -7.711907297167 0.000000000000 1.000000000000
3.651737495247 -1.634590601226 0.866025403784 0.500000000000
17.579488109125 1.882993854534 0.866025403784 -0.500000000000
11.496134296101 -2.302177215340 0.866025403784 0.500000000000
5.729258126157 7.927000125777 0.866025403784 -0.500000000000
18.159890091220 7.218906385345 0.866025403784 -0.500000000000
-4.329364095848 -4.861508153171 0.866025403784 -0.500000000000
0.237561424741 17.814462661509 0.866025403784 -0.500000000000
-0.627265868304 1.502528104818 0.866025403784 0.500000000000
6.587859738676 -8.880730833319 0.866025403784 0.500000000000
8.243606458545 11.007666077906 0.866025403784 -0.500000000000
9.226199866153 4.487503956288 0.000000000000 1.000000000000
2.922751090819 7.077703960738 0.000000000000 1.000000000000
