#Configurational_file created 2018-09-14 11:52:51  started 2018-09-14 11:52:50 run for 1.0s steps 0
name: gc_314
step: 10000
specie: 16
	particle_diameter: 1.0000000000000000
	interaction_length: 1.2000000000000000
	number_of_patches: 3
	number_of_particles_per_compound: 1
	rod_length: 1.0000000000000000
	interaction_matrix:  1.000000 1.000000 1.000000 1.000000 1.000000 1.000000 1.000000 1.000000 1.000000
	patch_type: symmetric
	patch_width: 8.0000000000000000
	patch_angle: 0.0000000000000000
	angles:  0.000000 0.000000 0.000000
	grand_canonical: 1
	chemical_potential: -1.0000000000000000
box: 10.000000 10.000000
copy: 1.000000 1.000000
epsilon: 0.0541670000000000
end_epsilon: 0.0000000000000000
pressure: 1.0000000000000000
lambda: 0.0000000000000000
lambda_coupling: 1.0000000000000000
uy: 0.0000000000000000
maximum_displacement: 1.0000000000000000
maximum_rotation: 1.0000000000000000
maximum_volume: 0.0000001000000000
maximum_shape: 0.0000001000000000
maximum_dsigma: 0.0100000000000000
mod: 10
pmod: 10
optimize: 1
verbose: 1
snapshot: 0
display: 1
explore: 1
npt: 0
nptxy: 0
nptdxdy: 0
shape: 0
seed: 359809
2.408665558202 6.611429003191 0.866025403784 -0.500000000000
5.289977642680 10.735842953082 0.866025403784 0.500000000000
-2.558925368336 10.305357545880 0.866025403784 -0.500000000000
25.056853005540 13.132616218878 0.866025403784 -0.500000000000
9.285612366448 10.479302277127 0.000000000000 1.000000000000
-2.199412908553 -2.320285486551 0.000000000000 1.000000000000
16.609588798844 3.638197556187 0.866025403784 -0.500000000000
2.698652254270 -8.190854279672 0.866025403784 0.500000000000
0.473646869513 1.075052511687 0.866025403784 -0.500000000000
8.693855230967 14.389944628195 0.866025403784 -0.500000000000
2.970217276169 -2.959086332493 0.000000000000 1.000000000000
3.427690465527 4.030288612850 0.866025403784 -0.500000000000
18.359670351534 -11.093759650041 0.000000000000 1.000000000000
11.153201884329 -3.945875182004 0.866025403784 -0.500000000000
5.800875875409 -0.057169614306 0.000000000000 1.000000000000
10.462327970366 8.130425571444 0.866025403784 -0.500000000000
