#Configurational_file created 2018-09-14 11:53:45  started 2018-09-14 11:53:44 run for 1.0s steps 0
name: gc_381
step: 10000
specie: 22
	particle_diameter: 1.0000000000000000
	interaction_length: 1.2000000000000000
	number_of_patches: 3
	number_of_particles_per_compound: 1
	rod_length: 1.0000000000000000
	interaction_matrix:  1.000000 1.000000 1.000000 1.000000 1.000000 1.000000 1.000000 1.000000 1.000000
	patch_type: symmetric
	patch_width: 8.0000000000000000
	patch_angle: 0.0000000000000000
	angles:  0.000000 0.000000 0.000000
	grand_canonical: 1
	chemical_potential: -0.5000000000000000
box: 10.000000 10.000000
copy: 1.000000 1.000000
epsilon: 0.0208340000000000
end_epsilon: 0.0000000000000000
pressure: 1.0000000000000000
lambda: 0.0000000000000000
lambda_coupling: 1.0000000000000000
uy: 0.0000000000000000
maximum_displacement: 1.0000000000000000
maximum_rotation: 1.0000000000000000
maximum_volume: 0.0000001000000000
maximum_shape: 0.0000001000000000
maximum_dsigma: 0.0100000000000000
mod: 10
pmod: 10
optimize: 1
verbose: 1
snapshot: 0
display: 1
explore: 1
npt: 0
nptxy: 0
nptdxdy: 0
shape: 0
seed: 435988
1.186481570177 -10.181599528466 0.866025403784 -0.500000000000
2.310114072383 0.135617097424 0.000000000000 1.000000000000
-10.423818128419 6.879812278316 0.000000000000 1.000000000000
2.452144814552 -13.549999345840 0.000000000000 1.000000000000
10.569993592194 7.947811358818 0.000000000000 1.000000000000
2.522517708050 1.483828088287 0.866025403784 -0.500000000000
7.226962149412 -17.366997683428 0.866025403784 0.500000000000
-8.049087256300 26.132960423611 0.866025403784 -0.500000000000
-1.597780116943 11.613095029592 0.866025403784 -0.500000000000
10.084728022735 22.152747008107 0.000000000000 1.000000000000
-5.849313626043 1.907007237336 0.000000000000 1.000000000000
-0.477980625344 8.334972982908 0.000000000000 1.000000000000
-0.751093455967 9.313976255973 0.866025403784 0.500000000000
8.030234200226 9.625965873750 0.866025403784 -0.500000000000
24.877758525134 15.325023805763 0.866025403784 0.500000000000
8.705773160358 0.575167488028 0.866025403784 -0.500000000000
-1.045093590343 15.540476410642 0.866025403784 -0.500000000000
11.223533390006 -4.569826395357 0.866025403784 -0.500000000000
-0.707194597533 5.603213139993 0.000000000000 1.000000000000
11.605011440880 8.823221480488 0.000000000000 1.000000000000
3.324638167383 -1.113496817604 0.866025403784 0.500000000000
2.343390627467 2.691165615255 0.866025403784 -0.500000000000
