#Configurational_file created 2018-09-14 13:48:36  started 2018-09-14 13:48:35 run for 1.0s steps 0
name: gc_340
step: 10000
specie: 15
	particle_diameter: 1.0000000000000000
	interaction_length: 1.2000000000000000
	number_of_patches: 3
	number_of_particles_per_compound: 1
	rod_length: 1.0000000000000000
	interaction_matrix:  1.000000 1.000000 1.000000 1.000000 1.000000 1.000000 1.000000 1.000000 1.000000
	patch_type: symmetric
	patch_width: 8.0000000000000000
	patch_angle: 0.0000000000000000
	angles:  0.000000 0.000000 0.000000
	grand_canonical: 1
	chemical_potential: -1.4827589999999999
box: 10.000000 10.000000
copy: 1.000000 1.000000
epsilon: 0.1551730000000000
end_epsilon: 0.0000000000000000
pressure: 1.0000000000000000
lambda: 0.0000000000000000
lambda_coupling: 1.0000000000000000
uy: 0.0000000000000000
maximum_displacement: 1.0000000000000000
maximum_rotation: 1.0000000000000000
maximum_volume: 0.0000001000000000
maximum_shape: 0.0000001000000000
maximum_dsigma: 0.0100000000000000
mod: 10
pmod: 10
optimize: 1
verbose: 1
snapshot: 0
display: 1
explore: 1
npt: 0
nptxy: 0
nptdxdy: 0
shape: 0
seed: 389371
-11.657002695771 18.690037910775 0.866025403784 -0.500000000000
11.581062873224 5.879732466007 0.866025403784 0.500000000000
1.153367892555 10.705893323656 0.000000000000 1.000000000000
-4.521106864357 13.622227454671 0.866025403784 -0.500000000000
0.191086483323 0.533322059255 0.866025403784 0.500000000000
5.271969398447 8.791179771773 0.866025403784 -0.500000000000
10.174167585155 14.581846858192 0.866025403784 -0.500000000000
-3.640829805287 5.915683455066 0.000000000000 1.000000000000
1.238763684453 1.126142953320 0.866025403784 -0.500000000000
2.782113634619 1.925060747302 0.866025403784 0.500000000000
10.206273900202 2.767368584499 0.866025403784 0.500000000000
5.968767084800 0.807940084333 0.866025403784 -0.500000000000
0.149368576929 6.199296654655 0.866025403784 0.500000000000
6.133422060155 6.785392478024 0.866025403784 -0.500000000000
12.143837291898 8.653309885706 0.866025403784 -0.500000000000
