#Configurational_file created 2018-09-14 11:25:10  started 2018-09-14 11:25:09 run for 1.0s steps 0
name: gc_313
step: 10000
specie: 19
	particle_diameter: 1.0000000000000000
	interaction_length: 1.2000000000000000
	number_of_patches: 3
	number_of_particles_per_compound: 1
	rod_length: 1.0000000000000000
	interaction_matrix:  1.000000 1.000000 1.000000 1.000000 1.000000 1.000000 1.000000 1.000000 1.000000
	patch_type: symmetric
	patch_width: 8.0000000000000000
	patch_angle: 0.0000000000000000
	angles:  0.000000 0.000000 0.000000
	grand_canonical: 1
	chemical_potential: -1.0000000000000000
box: 10.000000 10.000000
copy: 1.000000 1.000000
epsilon: 1.0000500000000001
end_epsilon: 0.0000000000000000
pressure: 1.0000000000000000
lambda: 0.0000000000000000
lambda_coupling: 1.0000000000000000
uy: 0.0000000000000000
maximum_displacement: 1.0000000000000000
maximum_rotation: 1.0000000000000000
maximum_volume: 0.0000001000000000
maximum_shape: 0.0000001000000000
maximum_dsigma: 0.0100000000000000
mod: 10
pmod: 10
optimize: 1
verbose: 1
snapshot: 0
display: 1
explore: 1
npt: 0
nptxy: 0
nptdxdy: 0
shape: 0
seed: 358672
-11.193983654039 30.586607094508 0.866025403784 0.500000000000
6.045221372734 3.415247395844 0.866025403784 0.500000000000
-2.039574639993 12.935715809226 0.000000000000 1.000000000000
6.704979088643 4.522352738112 0.000000000000 1.000000000000
1.515408675623 8.803300549354 0.866025403784 0.500000000000
-0.586248484131 14.963987706324 0.866025403784 0.500000000000
5.456767310036 -1.668073358663 0.866025403784 -0.500000000000
7.167295609726 8.793827188589 0.866025403784 -0.500000000000
8.040039024931 7.313638377555 0.866025403784 0.500000000000
10.606240806539 0.537913374486 0.866025403784 -0.500000000000
5.025521005822 26.863128208315 0.866025403784 0.500000000000
8.802487146414 13.160245689359 0.866025403784 -0.500000000000
4.790027082408 3.113080881255 0.866025403784 -0.500000000000
8.193440602045 4.595603636233 0.866025403784 -0.500000000000
1.460235623010 0.430331519510 0.866025403784 0.500000000000
5.524578730773 11.352536415213 0.866025403784 0.500000000000
6.702193683283 5.364201500777 0.866025403784 -0.500000000000
5.739851921094 4.560733684032 0.866025403784 -0.500000000000
9.853424037437 1.777688718603 0.866025403784 -0.500000000000
