#Configurational_file created 2018-09-14 11:25:58  started 2018-09-14 11:25:57 run for 1.0s steps 0
name: gc_373
step: 10000
specie: 22
	particle_diameter: 1.0000000000000000
	interaction_length: 1.2000000000000000
	number_of_patches: 3
	number_of_particles_per_compound: 1
	rod_length: 1.0000000000000000
	interaction_matrix:  1.000000 1.000000 1.000000 1.000000 1.000000 1.000000 1.000000 1.000000 1.000000
	patch_type: symmetric
	patch_width: 8.0000000000000000
	patch_angle: 0.0000000000000000
	angles:  0.000000 0.000000 0.000000
	grand_canonical: 1
	chemical_potential: -0.6666670000000000
box: 10.000000 10.000000
copy: 1.000000 1.000000
epsilon: 1.8333420000000000
end_epsilon: 0.0000000000000000
pressure: 1.0000000000000000
lambda: 0.0000000000000000
lambda_coupling: 1.0000000000000000
uy: 0.0000000000000000
maximum_displacement: 1.0000000000000000
maximum_rotation: 1.0000000000000000
maximum_volume: 0.0000001000000000
maximum_shape: 0.0000001000000000
maximum_dsigma: 0.0100000000000000
mod: 10
pmod: 10
optimize: 1
verbose: 1
snapshot: 0
display: 1
explore: 1
npt: 0
nptxy: 0
nptdxdy: 0
shape: 0
seed: 426892
6.307544559047 -3.828263407524 0.000000000000 1.000000000000
-2.424078814261 -12.570650132897 0.000000000000 1.000000000000
4.977285236775 9.178163660255 0.866025403784 -0.500000000000
6.932413256931 11.912830033795 0.000000000000 1.000000000000
5.578165612523 4.891960706971 0.866025403784 -0.500000000000
3.170853083984 4.726493296487 0.866025403784 0.500000000000
4.192639433882 4.817046795141 0.866025403784 -0.500000000000
-5.898138819568 -11.266703734127 0.866025403784 0.500000000000
-3.156033066841 4.431441054008 0.866025403784 0.500000000000
-7.678812645335 20.303363007825 0.866025403784 0.500000000000
4.067840321947 7.065843875916 0.000000000000 1.000000000000
14.435226553840 -7.481954805534 0.000000000000 1.000000000000
8.192349960905 5.736169333531 0.866025403784 0.500000000000
0.716283741373 14.667262995460 0.000000000000 1.000000000000
0.168760372052 5.152238772159 0.866025403784 0.500000000000
7.829498912642 -5.709807112138 0.866025403784 -0.500000000000
13.153184899633 1.908128024479 0.000000000000 1.000000000000
22.776327990083 10.088333603079 0.000000000000 1.000000000000
-0.733257778368 -3.499854526678 0.866025403784 -0.500000000000
11.985035476908 -3.526036358404 0.866025403784 -0.500000000000
9.840268327546 1.345608514985 0.866025403784 0.500000000000
6.167603162878 1.624594469666 0.866025403784 -0.500000000000
