#Configurational_file created 2018-09-14 13:48:46  started 2018-09-14 13:48:45 run for 1.0s steps 0
name: gc_354
step: 10000
specie: 14
	particle_diameter: 1.0000000000000000
	interaction_length: 1.2000000000000000
	number_of_patches: 3
	number_of_particles_per_compound: 1
	rod_length: 1.0000000000000000
	interaction_matrix:  1.000000 1.000000 1.000000 1.000000 1.000000 1.000000 1.000000 1.000000 1.000000
	patch_type: symmetric
	patch_width: 8.0000000000000000
	patch_angle: 0.0000000000000000
	angles:  0.000000 0.000000 0.000000
	grand_canonical: 1
	chemical_potential: -1.4827589999999999
box: 10.000000 10.000000
copy: 1.000000 1.000000
epsilon: 0.3965520000000000
end_epsilon: 0.0000000000000000
pressure: 1.0000000000000000
lambda: 0.0000000000000000
lambda_coupling: 1.0000000000000000
uy: 0.0000000000000000
maximum_displacement: 1.0000000000000000
maximum_rotation: 1.0000000000000000
maximum_volume: 0.0000001000000000
maximum_shape: 0.0000001000000000
maximum_dsigma: 0.0100000000000000
mod: 10
pmod: 10
optimize: 1
verbose: 1
snapshot: 0
display: 1
explore: 1
npt: 0
nptxy: 0
nptdxdy: 0
shape: 0
seed: 405289
-0.476953132014 0.435298783529 0.866025403784 -0.500000000000
-3.034131085959 10.112759211396 0.866025403784 -0.500000000000
11.222527418085 -9.063649348803 0.000000000000 1.000000000000
5.655789267374 0.194287939074 0.866025403784 0.500000000000
3.629034989960 18.772627171238 0.866025403784 -0.500000000000
4.293373045495 -9.767347111787 0.866025403784 0.500000000000
-3.332868088699 13.691135237478 0.000000000000 1.000000000000
12.773645945643 16.107514513533 0.866025403784 0.500000000000
4.296709049699 13.024255357105 0.866025403784 0.500000000000
11.210221701948 4.378994262075 0.866025403784 0.500000000000
6.909711016196 5.467295863240 0.000000000000 1.000000000000
3.516034131033 7.425339987826 0.866025403784 -0.500000000000
6.732232501504 8.350009658158 0.866025403784 0.500000000000
4.814877701358 5.438404197942 0.866025403784 -0.500000000000
