#Configurational_file created 2018-09-14 11:25:02  started 2018-09-14 11:25:01 run for 1.0s steps 0
name: gc_303
step: 10000
specie: 19
	particle_diameter: 1.0000000000000000
	interaction_length: 1.2000000000000000
	number_of_patches: 3
	number_of_particles_per_compound: 1
	rod_length: 1.0000000000000000
	interaction_matrix:  1.000000 1.000000 1.000000 1.000000 1.000000 1.000000 1.000000 1.000000 1.000000
	patch_type: symmetric
	patch_width: 8.0000000000000000
	patch_angle: 0.0000000000000000
	angles:  0.000000 0.000000 0.000000
	grand_canonical: 1
	chemical_potential: -1.0000000000000000
box: 10.000000 10.000000
copy: 1.000000 1.000000
epsilon: 0.1667580000000000
end_epsilon: 0.0000000000000000
pressure: 1.0000000000000000
lambda: 0.0000000000000000
lambda_coupling: 1.0000000000000000
uy: 0.0000000000000000
maximum_displacement: 1.0000000000000000
maximum_rotation: 1.0000000000000000
maximum_volume: 0.0000001000000000
maximum_shape: 0.0000001000000000
maximum_dsigma: 0.0100000000000000
mod: 10
pmod: 10
optimize: 1
verbose: 1
snapshot: 0
display: 1
explore: 1
npt: 0
nptxy: 0
nptdxdy: 0
shape: 0
seed: 347302
9.015405723944 0.032765622152 0.866025403784 -0.500000000000
-6.208492917563 8.391591317199 0.000000000000 1.000000000000
6.694268478582 8.555750399643 0.000000000000 1.000000000000
-1.015992604495 -1.925039167854 0.866025403784 0.500000000000
12.180296119957 22.548683465635 0.866025403784 0.500000000000
0.628080611917 6.010553479394 0.866025403784 0.500000000000
3.550460017946 4.434298087854 0.866025403784 -0.500000000000
-5.432839446569 14.564211049428 0.866025403784 0.500000000000
-0.793292341865 -0.135443412819 0.000000000000 1.000000000000
4.751317804397 1.882631723152 0.000000000000 1.000000000000
-3.069538774486 -9.319863450419 0.866025403784 -0.500000000000
33.910101913569 -8.238557463775 0.866025403784 -0.500000000000
3.817313428221 19.186935517098 0.866025403784 0.500000000000
10.135802154628 7.876965194721 0.866025403784 -0.500000000000
11.207086812769 -1.159756054344 0.866025403784 -0.500000000000
6.498365159179 7.357150134487 0.866025403784 0.500000000000
12.736401120113 5.288723692539 0.866025403784 -0.500000000000
8.496496190439 5.355824367451 0.866025403784 -0.500000000000
16.118441540966 14.658760791283 0.866025403784 0.500000000000
