#Configurational_file created 2018-09-14 11:52:50  started 2018-09-14 11:52:49 run for 1.0s steps 0
name: gc_313
step: 10000
specie: 18
	particle_diameter: 1.0000000000000000
	interaction_length: 1.2000000000000000
	number_of_patches: 3
	number_of_particles_per_compound: 1
	rod_length: 1.0000000000000000
	interaction_matrix:  1.000000 1.000000 1.000000 1.000000 1.000000 1.000000 1.000000 1.000000 1.000000
	patch_type: symmetric
	patch_width: 8.0000000000000000
	patch_angle: 0.0000000000000000
	angles:  0.000000 0.000000 0.000000
	grand_canonical: 1
	chemical_potential: -1.0000000000000000
box: 10.000000 10.000000
copy: 1.000000 1.000000
epsilon: 0.0500010000000000
end_epsilon: 0.0000000000000000
pressure: 1.0000000000000000
lambda: 0.0000000000000000
lambda_coupling: 1.0000000000000000
uy: 0.0000000000000000
maximum_displacement: 1.0000000000000000
maximum_rotation: 1.0000000000000000
maximum_volume: 0.0000001000000000
maximum_shape: 0.0000001000000000
maximum_dsigma: 0.0100000000000000
mod: 10
pmod: 10
optimize: 1
verbose: 1
snapshot: 0
display: 1
explore: 1
npt: 0
nptxy: 0
nptdxdy: 0
shape: 0
seed: 358672
-17.642356946075 12.366823912705 0.000000000000 1.000000000000
3.338909146151 7.279584131673 0.000000000000 1.000000000000
5.153072621032 5.620804663281 0.000000000000 1.000000000000
-4.573799116897 21.563732511272 0.000000000000 1.000000000000
34.950038846295 -5.491753287260 0.866025403784 0.500000000000
29.893742892009 17.866373595513 0.866025403784 -0.500000000000
18.565524736423 -2.215597573534 0.866025403784 -0.500000000000
2.432877159295 17.957122708294 0.866025403784 -0.500000000000
8.430755738638 2.605163906993 0.000000000000 1.000000000000
-0.438353085189 9.942182177371 0.000000000000 1.000000000000
16.262111490662 0.422152397719 0.000000000000 1.000000000000
9.981374641919 13.284574494119 0.866025403784 -0.500000000000
10.406314646717 10.877124290357 0.866025403784 0.500000000000
-3.293052496295 5.950643335909 0.866025403784 0.500000000000
-0.848992891788 -3.513085217433 0.866025403784 0.500000000000
0.952046921884 4.671574964814 0.000000000000 1.000000000000
16.649436598660 4.270043230334 0.866025403784 -0.500000000000
11.984167946235 0.869192229846 0.866025403784 0.500000000000
