#Configurational_file created 2018-09-14 11:25:26  started 2018-09-14 11:25:25 run for 1.0s steps 0
name: gc_334
step: 10000
specie: 16
	particle_diameter: 1.0000000000000000
	interaction_length: 1.2000000000000000
	number_of_patches: 3
	number_of_particles_per_compound: 1
	rod_length: 1.0000000000000000
	interaction_matrix:  1.000000 1.000000 1.000000 1.000000 1.000000 1.000000 1.000000 1.000000 1.000000
	patch_type: symmetric
	patch_width: 8.0000000000000000
	patch_angle: 0.0000000000000000
	angles:  0.000000 0.000000 0.000000
	grand_canonical: 1
	chemical_potential: -0.8333330000000000
box: 10.000000 10.000000
copy: 1.000000 1.000000
epsilon: 0.6667330000000000
end_epsilon: 0.0000000000000000
pressure: 1.0000000000000000
lambda: 0.0000000000000000
lambda_coupling: 1.0000000000000000
uy: 0.0000000000000000
maximum_displacement: 1.0000000000000000
maximum_rotation: 1.0000000000000000
maximum_volume: 0.0000001000000000
maximum_shape: 0.0000001000000000
maximum_dsigma: 0.0100000000000000
mod: 10
pmod: 10
optimize: 1
verbose: 1
snapshot: 0
display: 1
explore: 1
npt: 0
nptxy: 0
nptdxdy: 0
shape: 0
seed: 382549
11.797983007626 8.021656019768 0.000000000000 1.000000000000
-3.383561028225 -5.207729184898 0.866025403784 0.500000000000
3.996272279961 10.748754632166 0.866025403784 -0.500000000000
6.589988389889 7.067578921899 0.866025403784 0.500000000000
33.323704499486 15.872939081531 0.866025403784 -0.500000000000
-0.120249527723 10.375335946499 0.866025403784 -0.500000000000
17.625050731207 10.423696803416 0.000000000000 1.000000000000
5.044763038702 10.016079729327 0.000000000000 1.000000000000
23.186615181333 23.684020492726 0.000000000000 1.000000000000
4.788703542990 17.973331480965 0.000000000000 1.000000000000
7.441441586278 9.319555459126 0.866025403784 0.500000000000
-3.379571564150 10.798197592281 0.866025403784 -0.500000000000
0.773841843963 -3.580444631474 0.866025403784 -0.500000000000
9.768318167820 1.868131833416 0.866025403784 -0.500000000000
3.389396305791 -2.086854186227 0.000000000000 1.000000000000
5.636091017292 5.255466606047 0.866025403784 -0.500000000000
