#Configurational_file created 2018-09-14 13:48:15  started 2018-09-14 13:48:14 run for 1.0s steps 0
name: gc_309
step: 10000
specie: 18
	particle_diameter: 1.0000000000000000
	interaction_length: 1.2000000000000000
	number_of_patches: 3
	number_of_particles_per_compound: 1
	rod_length: 1.0000000000000000
	interaction_matrix:  1.000000 1.000000 1.000000 1.000000 1.000000 1.000000 1.000000 1.000000 1.000000
	patch_type: symmetric
	patch_width: 8.0000000000000000
	patch_angle: 0.0000000000000000
	angles:  0.000000 0.000000 0.000000
	grand_canonical: 1
	chemical_potential: -1.6206900000000000
box: 10.000000 10.000000
copy: 1.000000 1.000000
epsilon: 0.1379320000000000
end_epsilon: 0.0000000000000000
pressure: 1.0000000000000000
lambda: 0.0000000000000000
lambda_coupling: 1.0000000000000000
uy: 0.0000000000000000
maximum_displacement: 1.0000000000000000
maximum_rotation: 1.0000000000000000
maximum_volume: 0.0000001000000000
maximum_shape: 0.0000001000000000
maximum_dsigma: 0.0100000000000000
mod: 10
pmod: 10
optimize: 1
verbose: 1
snapshot: 0
display: 1
explore: 1
npt: 0
nptxy: 0
nptdxdy: 0
shape: 0
seed: 354124
8.336860611011 6.243279706249 0.866025403784 -0.500000000000
3.871521426152 11.248353936324 0.866025403784 0.500000000000
-2.368737422196 2.110617222576 0.000000000000 1.000000000000
4.463184963436 2.750328802036 0.000000000000 1.000000000000
2.200760053580 13.233091893427 0.866025403784 -0.500000000000
2.129179939032 2.255950116315 0.866025403784 0.500000000000
10.050083656052 2.014771353625 0.000000000000 1.000000000000
6.816044582874 8.997925278062 0.866025403784 -0.500000000000
2.507418381192 19.809301919825 0.000000000000 1.000000000000
-1.446946203102 8.005247330724 0.000000000000 1.000000000000
0.310928686985 15.452311386133 0.866025403784 -0.500000000000
-5.489600957272 9.292139643962 0.866025403784 0.500000000000
6.800927114581 10.348874228469 0.866025403784 -0.500000000000
19.777959151556 -2.666221218583 0.000000000000 1.000000000000
0.925276702131 6.677306194536 0.000000000000 1.000000000000
1.051836650630 3.362876277120 0.866025403784 0.500000000000
2.951855168597 7.910815257548 0.866025403784 0.500000000000
5.332623716841 3.750533362936 0.000000000000 1.000000000000
