#Configurational_file created 2018-09-14 11:53:49  started 2018-09-14 11:53:48 run for 1.0s steps 0
name: gc_386
step: 10000
specie: 22
	particle_diameter: 1.0000000000000000
	interaction_length: 1.2000000000000000
	number_of_patches: 3
	number_of_particles_per_compound: 1
	rod_length: 1.0000000000000000
	interaction_matrix:  1.000000 1.000000 1.000000 1.000000 1.000000 1.000000 1.000000 1.000000 1.000000
	patch_type: symmetric
	patch_width: 8.0000000000000000
	patch_angle: 0.0000000000000000
	angles:  0.000000 0.000000 0.000000
	grand_canonical: 1
	chemical_potential: -0.5000000000000000
box: 10.000000 10.000000
copy: 1.000000 1.000000
epsilon: 0.0416670000000000
end_epsilon: 0.0000000000000000
pressure: 1.0000000000000000
lambda: 0.0000000000000000
lambda_coupling: 1.0000000000000000
uy: 0.0000000000000000
maximum_displacement: 1.0000000000000000
maximum_rotation: 1.0000000000000000
maximum_volume: 0.0000001000000000
maximum_shape: 0.0000001000000000
maximum_dsigma: 0.0100000000000000
mod: 10
pmod: 10
optimize: 1
verbose: 1
snapshot: 0
display: 1
explore: 1
npt: 0
nptxy: 0
nptdxdy: 0
shape: 0
seed: 441673
12.829380110721 2.613150727010 0.866025403784 0.500000000000
-11.607193895450 -6.510614546332 0.866025403784 -0.500000000000
-5.037780988648 -1.233256064036 0.866025403784 -0.500000000000
6.352561559994 5.800784886440 0.866025403784 0.500000000000
7.484445964575 12.105432614042 0.866025403784 0.500000000000
4.029001829300 -0.536836396436 0.866025403784 -0.500000000000
18.033260691680 14.946327937630 0.866025403784 0.500000000000
25.472840843796 10.287681672807 0.866025403784 0.500000000000
1.091655787971 4.230806857706 0.866025403784 0.500000000000
6.720614837580 8.839907930995 0.866025403784 -0.500000000000
1.033228936889 1.953502476712 0.000000000000 1.000000000000
4.482110534141 -8.412158842251 0.866025403784 0.500000000000
-0.105107779815 -1.219619299127 0.866025403784 -0.500000000000
8.021740080775 27.186134850846 0.000000000000 1.000000000000
4.081844899958 3.631222235777 0.866025403784 -0.500000000000
4.667220972254 6.676189170710 0.866025403784 -0.500000000000
-34.264351119348 28.059163061932 0.000000000000 1.000000000000
-4.493589645575 1.341518548901 0.866025403784 -0.500000000000
-0.382014406100 -7.941357545655 0.866025403784 0.500000000000
11.217020212266 8.112555188172 0.000000000000 1.000000000000
10.543828883696 -0.152070865730 0.000000000000 1.000000000000
18.587811899356 10.378979327925 0.866025403784 -0.500000000000
