#Configurational_file created 2018-09-14 13:48:57  started 2018-09-14 13:48:56 run for 1.0s steps 0
name: gc_369
step: 10000
specie: 13
	particle_diameter: 1.0000000000000000
	interaction_length: 1.2000000000000000
	number_of_patches: 3
	number_of_particles_per_compound: 1
	rod_length: 1.0000000000000000
	interaction_matrix:  1.000000 1.000000 1.000000 1.000000 1.000000 1.000000 1.000000 1.000000 1.000000
	patch_type: symmetric
	patch_width: 8.0000000000000000
	patch_angle: 0.0000000000000000
	angles:  0.000000 0.000000 0.000000
	grand_canonical: 1
	chemical_potential: -1.3448279999999999
box: 10.000000 10.000000
copy: 1.000000 1.000000
epsilon: 0.1379320000000000
end_epsilon: 0.0000000000000000
pressure: 1.0000000000000000
lambda: 0.0000000000000000
lambda_coupling: 1.0000000000000000
uy: 0.0000000000000000
maximum_displacement: 1.0000000000000000
maximum_rotation: 1.0000000000000000
maximum_volume: 0.0000001000000000
maximum_shape: 0.0000001000000000
maximum_dsigma: 0.0100000000000000
mod: 10
pmod: 10
optimize: 1
verbose: 1
snapshot: 0
display: 1
explore: 1
npt: 0
nptxy: 0
nptdxdy: 0
shape: 0
seed: 422344
8.397101344331 10.990499619335 0.866025403784 -0.500000000000
6.839482386332 9.554097199338 0.866025403784 0.500000000000
9.578638023089 9.944790608176 0.866025403784 -0.500000000000
12.367075556220 3.531521880060 0.000000000000 1.000000000000
7.150520106164 -7.880062857088 0.866025403784 0.500000000000
4.027898878150 1.805842977815 0.000000000000 1.000000000000
38.751183886566 6.221612274627 0.000000000000 1.000000000000
8.819461641221 17.513761940985 0.866025403784 0.500000000000
-12.136169009993 9.347207658696 0.000000000000 1.000000000000
11.040465576780 3.266227411138 0.000000000000 1.000000000000
1.961788415708 4.371222871232 0.866025403784 0.500000000000
3.623828451731 2.829599506113 0.000000000000 1.000000000000
5.123813219705 5.817715176209 0.866025403784 0.500000000000
