#Configurational_file created 2018-09-14 13:49:16  started 2018-09-14 13:49:16 run for 0.0s steps 0
name: gc_396
step: 10000
specie: 14
	particle_diameter: 1.0000000000000000
	interaction_length: 1.2000000000000000
	number_of_patches: 3
	number_of_particles_per_compound: 1
	rod_length: 1.0000000000000000
	interaction_matrix:  1.000000 1.000000 1.000000 1.000000 1.000000 1.000000 1.000000 1.000000 1.000000
	patch_type: symmetric
	patch_width: 8.0000000000000000
	patch_angle: 0.0000000000000000
	angles:  0.000000 0.000000 0.000000
	grand_canonical: 1
	chemical_potential: -1.2068970000000001
box: 10.000000 10.000000
copy: 1.000000 1.000000
epsilon: 0.0862080000000000
end_epsilon: 0.0000000000000000
pressure: 1.0000000000000000
lambda: 0.0000000000000000
lambda_coupling: 1.0000000000000000
uy: 0.0000000000000000
maximum_displacement: 1.0000000000000000
maximum_rotation: 1.0000000000000000
maximum_volume: 0.0000001000000000
maximum_shape: 0.0000001000000000
maximum_dsigma: 0.0100000000000000
mod: 10
pmod: 10
optimize: 1
verbose: 1
snapshot: 0
display: 1
explore: 1
npt: 0
nptxy: 0
nptdxdy: 0
shape: 0
seed: 453043
-8.987971803712 4.089114121559 0.866025403784 0.500000000000
10.991278964827 1.657612258508 0.866025403784 0.500000000000
13.614524471009 12.423943083503 0.000000000000 1.000000000000
-16.778923239987 -4.115362176909 0.000000000000 1.000000000000
3.950370881783 13.831593083172 0.866025403784 -0.500000000000
-1.926746494262 7.172821982302 0.866025403784 -0.500000000000
4.503924460383 8.331238106646 0.866025403784 -0.500000000000
9.195994880862 8.541135303105 0.866025403784 -0.500000000000
-1.545000772025 0.468382983842 0.866025403784 -0.500000000000
6.577978052575 19.264122565478 0.866025403784 -0.500000000000
0.095067359824 -1.927511381364 0.000000000000 1.000000000000
8.294454380074 25.880120550676 0.866025403784 0.500000000000
-14.716813446695 2.711758482244 0.000000000000 1.000000000000
6.872796013450 -6.347105533292 0.000000000000 1.000000000000
