#Configurational_file created 2018-09-14 13:48:24  started 2018-09-14 13:48:23 run for 1.0s steps 0
name: gc_323
step: 10000
specie: 13
	particle_diameter: 1.0000000000000000
	interaction_length: 1.2000000000000000
	number_of_patches: 3
	number_of_particles_per_compound: 1
	rod_length: 1.0000000000000000
	interaction_matrix:  1.000000 1.000000 1.000000 1.000000 1.000000 1.000000 1.000000 1.000000 1.000000
	patch_type: symmetric
	patch_width: 8.0000000000000000
	patch_angle: 0.0000000000000000
	angles:  0.000000 0.000000 0.000000
	grand_canonical: 1
	chemical_potential: -1.6206900000000000
box: 10.000000 10.000000
copy: 1.000000 1.000000
epsilon: 0.3793110000000000
end_epsilon: 0.0000000000000000
pressure: 1.0000000000000000
lambda: 0.0000000000000000
lambda_coupling: 1.0000000000000000
uy: 0.0000000000000000
maximum_displacement: 1.0000000000000000
maximum_rotation: 1.0000000000000000
maximum_volume: 0.0000001000000000
maximum_shape: 0.0000001000000000
maximum_dsigma: 0.0100000000000000
mod: 10
pmod: 10
optimize: 1
verbose: 1
snapshot: 0
display: 1
explore: 1
npt: 0
nptxy: 0
nptdxdy: 0
shape: 0
seed: 370042
11.805274096489 2.057074764477 0.000000000000 1.000000000000
9.317323509140 6.539198451109 0.000000000000 1.000000000000
0.504333997202 16.742462995214 0.000000000000 1.000000000000
4.112809628907 3.099267363306 0.000000000000 1.000000000000
8.563982950862 19.037477127587 0.000000000000 1.000000000000
-11.906382709699 7.086981585217 0.866025403784 0.500000000000
13.307282951356 -0.638359605458 0.000000000000 1.000000000000
4.385001177173 0.416374938744 0.866025403784 0.500000000000
19.359520204348 -20.416781256219 0.866025403784 -0.500000000000
-4.914420104231 5.702713467924 0.000000000000 1.000000000000
4.341574848158 4.878268927635 0.866025403784 -0.500000000000
10.545051229854 2.793898158912 0.866025403784 -0.500000000000
5.640656105640 8.237073128295 0.866025403784 -0.500000000000
