#Configurational_file created 2018-09-14 13:49:11  started 2018-09-14 13:49:10 run for 1.0s steps 0
name: gc_389
step: 10000
specie: 10
	particle_diameter: 1.0000000000000000
	interaction_length: 1.2000000000000000
	number_of_patches: 3
	number_of_particles_per_compound: 1
	rod_length: 1.0000000000000000
	interaction_matrix:  1.000000 1.000000 1.000000 1.000000 1.000000 1.000000 1.000000 1.000000 1.000000
	patch_type: symmetric
	patch_width: 8.0000000000000000
	patch_angle: 0.0000000000000000
	angles:  0.000000 0.000000 0.000000
	grand_canonical: 1
	chemical_potential: -1.3448279999999999
box: 10.000000 10.000000
copy: 1.000000 1.000000
epsilon: 0.4827590000000000
end_epsilon: 0.0000000000000000
pressure: 1.0000000000000000
lambda: 0.0000000000000000
lambda_coupling: 1.0000000000000000
uy: 0.0000000000000000
maximum_displacement: 1.0000000000000000
maximum_rotation: 1.0000000000000000
maximum_volume: 0.0000001000000000
maximum_shape: 0.0000001000000000
maximum_dsigma: 0.0100000000000000
mod: 10
pmod: 10
optimize: 1
verbose: 1
snapshot: 0
display: 1
explore: 1
npt: 0
nptxy: 0
nptdxdy: 0
shape: 0
seed: 445084
-0.402845826783 10.648271430091 0.000000000000 1.000000000000
11.082734425969 8.495134738146 0.000000000000 1.000000000000
12.324933336543 10.739060536104 0.000000000000 1.000000000000
-2.185704042983 7.680450699377 0.866025403784 0.500000000000
3.446031238791 -4.796711914264 0.866025403784 0.500000000000
-1.742254641751 5.409945723428 0.000000000000 1.000000000000
6.259456571623 -1.854398269783 0.000000000000 1.000000000000
6.586490810935 16.188369037842 0.000000000000 1.000000000000
-1.463707993777 -3.007848166629 0.000000000000 1.000000000000
7.268903738482 10.220236586974 0.866025403784 0.500000000000
