#Configurational_file created 2018-09-14 13:48:44  started 2018-09-14 13:48:43 run for 1.0s steps 0
name: gc_351
step: 10000
specie: 14
	particle_diameter: 1.0000000000000000
	interaction_length: 1.2000000000000000
	number_of_patches: 3
	number_of_particles_per_compound: 1
	rod_length: 1.0000000000000000
	interaction_matrix:  1.000000 1.000000 1.000000 1.000000 1.000000 1.000000 1.000000 1.000000 1.000000
	patch_type: symmetric
	patch_width: 8.0000000000000000
	patch_angle: 0.0000000000000000
	angles:  0.000000 0.000000 0.000000
	grand_canonical: 1
	chemical_potential: -1.4827589999999999
box: 10.000000 10.000000
copy: 1.000000 1.000000
epsilon: 0.3448280000000000
end_epsilon: 0.0000000000000000
pressure: 1.0000000000000000
lambda: 0.0000000000000000
lambda_coupling: 1.0000000000000000
uy: 0.0000000000000000
maximum_displacement: 1.0000000000000000
maximum_rotation: 1.0000000000000000
maximum_volume: 0.0000001000000000
maximum_shape: 0.0000001000000000
maximum_dsigma: 0.0100000000000000
mod: 10
pmod: 10
optimize: 1
verbose: 1
snapshot: 0
display: 1
explore: 1
npt: 0
nptxy: 0
nptdxdy: 0
shape: 0
seed: 401878
0.426754419590 22.632310002367 0.866025403784 0.500000000000
18.426751277478 3.054582520183 0.866025403784 0.500000000000
4.413682812567 4.689553687325 0.866025403784 -0.500000000000
2.187910411318 -8.633998236153 0.866025403784 0.500000000000
4.209566736010 0.912555198910 0.000000000000 1.000000000000
2.459110374988 -0.817882801495 0.866025403784 0.500000000000
-1.395138700563 5.150569128118 0.000000000000 1.000000000000
12.575546778797 13.590378449846 0.000000000000 1.000000000000
14.204974466108 -0.496485594949 0.866025403784 0.500000000000
13.034403837108 -14.465755163434 0.866025403784 0.500000000000
5.649269816197 5.259885979153 0.866025403784 0.500000000000
10.334909056486 -2.950319088292 0.000000000000 1.000000000000
16.746254851096 6.838160978338 0.866025403784 0.500000000000
1.497342142050 0.018958628738 0.866025403784 0.500000000000
