#Configurational_file created 2018-09-14 11:53:40  started 2018-09-14 11:53:39 run for 1.0s steps 0
name: gc_375
step: 10000
specie: 19
	particle_diameter: 1.0000000000000000
	interaction_length: 1.2000000000000000
	number_of_patches: 3
	number_of_particles_per_compound: 1
	rod_length: 1.0000000000000000
	interaction_matrix:  1.000000 1.000000 1.000000 1.000000 1.000000 1.000000 1.000000 1.000000 1.000000
	patch_type: symmetric
	patch_width: 8.0000000000000000
	patch_angle: 0.0000000000000000
	angles:  0.000000 0.000000 0.000000
	grand_canonical: 1
	chemical_potential: -0.6666670000000000
box: 10.000000 10.000000
copy: 1.000000 1.000000
epsilon: 0.1000000000000000
end_epsilon: 0.0000000000000000
pressure: 1.0000000000000000
lambda: 0.0000000000000000
lambda_coupling: 1.0000000000000000
uy: 0.0000000000000000
maximum_displacement: 1.0000000000000000
maximum_rotation: 1.0000000000000000
maximum_volume: 0.0000001000000000
maximum_shape: 0.0000001000000000
maximum_dsigma: 0.0100000000000000
mod: 10
pmod: 10
optimize: 1
verbose: 1
snapshot: 0
display: 1
explore: 1
npt: 0
nptxy: 0
nptdxdy: 0
shape: 0
seed: 429166
3.591497556801 1.542796864318 0.866025403784 0.500000000000
10.364641493633 6.438627552302 0.866025403784 -0.500000000000
-24.951979226639 -6.472238336660 0.866025403784 0.500000000000
7.097241092835 11.487489579811 0.000000000000 1.000000000000
-0.042310825972 -4.376167176049 0.000000000000 1.000000000000
5.682117953243 4.811886020811 0.866025403784 0.500000000000
2.968235252314 -10.340187559702 0.866025403784 0.500000000000
10.439023968847 -1.126851700212 0.000000000000 1.000000000000
1.060632118287 1.305125465571 0.866025403784 0.500000000000
1.450855108018 6.920502729494 0.866025403784 -0.500000000000
-5.277455084032 7.333638831830 0.000000000000 1.000000000000
18.616697196311 17.832501237412 0.866025403784 0.500000000000
13.179591293677 4.835846018346 0.866025403784 0.500000000000
1.503649334949 19.541489010248 0.000000000000 1.000000000000
-2.916535268852 -3.765372128818 0.866025403784 -0.500000000000
4.849611837687 8.940569094250 0.000000000000 1.000000000000
2.272142189972 2.670689127989 0.000000000000 1.000000000000
-0.068576835478 0.851847595983 0.866025403784 -0.500000000000
8.847971662043 3.827278066706 0.000000000000 1.000000000000
