#Configurational_file created 2018-09-14 11:52:54  started 2018-09-14 11:52:53 run for 1.0s steps 0
name: gc_318
step: 10000
specie: 17
	particle_diameter: 1.0000000000000000
	interaction_length: 1.2000000000000000
	number_of_patches: 3
	number_of_particles_per_compound: 1
	rod_length: 1.0000000000000000
	interaction_matrix:  1.000000 1.000000 1.000000 1.000000 1.000000 1.000000 1.000000 1.000000 1.000000
	patch_type: symmetric
	patch_width: 8.0000000000000000
	patch_angle: 0.0000000000000000
	angles:  0.000000 0.000000 0.000000
	grand_canonical: 1
	chemical_potential: -1.0000000000000000
box: 10.000000 10.000000
copy: 1.000000 1.000000
epsilon: 0.0708340000000000
end_epsilon: 0.0000000000000000
pressure: 1.0000000000000000
lambda: 0.0000000000000000
lambda_coupling: 1.0000000000000000
uy: 0.0000000000000000
maximum_displacement: 1.0000000000000000
maximum_rotation: 1.0000000000000000
maximum_volume: 0.0000001000000000
maximum_shape: 0.0000001000000000
maximum_dsigma: 0.0100000000000000
mod: 10
pmod: 10
optimize: 1
verbose: 1
snapshot: 0
display: 1
explore: 1
npt: 0
nptxy: 0
nptdxdy: 0
shape: 0
seed: 364357
33.324847044365 3.818076638383 0.866025403784 -0.500000000000
9.207476988881 0.686531278963 0.866025403784 0.500000000000
17.180097389232 6.283968348006 0.866025403784 -0.500000000000
-25.315121959374 1.230708019221 0.866025403784 -0.500000000000
8.144603793990 7.986584321829 0.000000000000 1.000000000000
6.109907070174 4.658911135724 0.866025403784 -0.500000000000
4.189756792125 8.984729867374 0.866025403784 0.500000000000
10.019983080217 7.353441915499 0.866025403784 0.500000000000
6.882090708934 -2.540157627152 0.866025403784 -0.500000000000
12.546186179651 9.931175960069 0.866025403784 -0.500000000000
2.073910795709 5.664614138299 0.866025403784 0.500000000000
21.413567743638 18.978473405968 0.000000000000 1.000000000000
6.902691409639 5.527490402150 0.000000000000 1.000000000000
10.516325680704 6.918236936621 0.000000000000 1.000000000000
13.085079929509 18.260004342831 0.866025403784 -0.500000000000
5.372497987817 3.641674366476 0.866025403784 0.500000000000
4.374509349976 5.422558807202 0.866025403784 0.500000000000
