#Configurational_file created 2018-09-14 13:48:47  started 2018-09-14 13:48:46 run for 1.0s steps 0
name: gc_355
step: 10000
specie: 16
	particle_diameter: 1.0000000000000000
	interaction_length: 1.2000000000000000
	number_of_patches: 3
	number_of_particles_per_compound: 1
	rod_length: 1.0000000000000000
	interaction_matrix:  1.000000 1.000000 1.000000 1.000000 1.000000 1.000000 1.000000 1.000000 1.000000
	patch_type: symmetric
	patch_width: 8.0000000000000000
	patch_angle: 0.0000000000000000
	angles:  0.000000 0.000000 0.000000
	grand_canonical: 1
	chemical_potential: -1.4827589999999999
box: 10.000000 10.000000
copy: 1.000000 1.000000
epsilon: 0.4137930000000000
end_epsilon: 0.0000000000000000
pressure: 1.0000000000000000
lambda: 0.0000000000000000
lambda_coupling: 1.0000000000000000
uy: 0.0000000000000000
maximum_displacement: 1.0000000000000000
maximum_rotation: 1.0000000000000000
maximum_volume: 0.0000001000000000
maximum_shape: 0.0000001000000000
maximum_dsigma: 0.0100000000000000
mod: 10
pmod: 10
optimize: 1
verbose: 1
snapshot: 0
display: 1
explore: 1
npt: 0
nptxy: 0
nptdxdy: 0
shape: 0
seed: 406426
5.536525404738 2.195495653046 0.866025403784 -0.500000000000
22.630318727318 2.403053135424 0.000000000000 1.000000000000
8.053277319325 6.243094149809 0.000000000000 1.000000000000
-1.115709266600 -0.014473350242 0.866025403784 0.500000000000
3.397744886278 17.988078632086 0.000000000000 1.000000000000
10.309820592975 7.301820558086 0.866025403784 -0.500000000000
18.417424756045 -1.819997371909 0.866025403784 0.500000000000
-0.174228920435 5.902286035812 0.866025403784 -0.500000000000
1.326572215861 0.445887799074 0.866025403784 -0.500000000000
4.993475318749 11.628687825971 0.866025403784 0.500000000000
1.383516956006 7.334771702511 0.866025403784 -0.500000000000
9.430242284135 12.470565511271 0.000000000000 1.000000000000
2.780524500691 7.911787736517 0.866025403784 -0.500000000000
3.262276284128 0.166129348951 0.866025403784 -0.500000000000
10.584729990725 18.300857611717 0.866025403784 -0.500000000000
3.592674752523 -0.319002996415 0.866025403784 0.500000000000
