#Configurational_file created 2018-09-14 13:48:56  started 2018-09-14 13:48:55 run for 1.0s steps 0
name: gc_368
step: 10000
specie: 21
	particle_diameter: 1.0000000000000000
	interaction_length: 1.2000000000000000
	number_of_patches: 3
	number_of_particles_per_compound: 1
	rod_length: 1.0000000000000000
	interaction_matrix:  1.000000 1.000000 1.000000 1.000000 1.000000 1.000000 1.000000 1.000000 1.000000
	patch_type: symmetric
	patch_width: 8.0000000000000000
	patch_angle: 0.0000000000000000
	angles:  0.000000 0.000000 0.000000
	grand_canonical: 1
	chemical_potential: -1.3448279999999999
box: 10.000000 10.000000
copy: 1.000000 1.000000
epsilon: 0.1206900000000000
end_epsilon: 0.0000000000000000
pressure: 1.0000000000000000
lambda: 0.0000000000000000
lambda_coupling: 1.0000000000000000
uy: 0.0000000000000000
maximum_displacement: 1.0000000000000000
maximum_rotation: 1.0000000000000000
maximum_volume: 0.0000001000000000
maximum_shape: 0.0000001000000000
maximum_dsigma: 0.0100000000000000
mod: 10
pmod: 10
optimize: 1
verbose: 1
snapshot: 0
display: 1
explore: 1
npt: 0
nptxy: 0
nptdxdy: 0
shape: 0
seed: 421207
7.686690307984 4.007787046024 0.866025403784 0.500000000000
0.267446235533 6.076110772971 0.866025403784 -0.500000000000
12.634490317737 7.104226728720 0.000000000000 1.000000000000
-6.044980030343 1.213550037629 0.866025403784 -0.500000000000
10.525793974030 8.040851332501 0.866025403784 -0.500000000000
8.970675226893 14.387459094553 0.866025403784 0.500000000000
21.815078710060 -3.865632502670 0.866025403784 -0.500000000000
7.155985266120 9.149025562098 0.866025403784 -0.500000000000
16.207328460930 14.915535684907 0.000000000000 1.000000000000
-2.293304533080 13.074271112395 0.000000000000 1.000000000000
3.913814308197 3.695932099942 0.866025403784 0.500000000000
1.185578681366 13.203781051524 0.866025403784 -0.500000000000
20.793591011616 -4.964050037604 0.000000000000 1.000000000000
-2.327762276735 26.970380267283 0.866025403784 -0.500000000000
11.255983588248 19.545796334895 0.866025403784 0.500000000000
-6.472912049059 15.734185377077 0.866025403784 0.500000000000
13.337367246708 10.758720629998 0.866025403784 0.500000000000
2.831766681419 2.169567108215 0.866025403784 0.500000000000
8.451974956908 7.860576076035 0.866025403784 -0.500000000000
9.517036266929 2.743952639655 0.000000000000 1.000000000000
0.109431257353 0.123328366115 0.866025403784 0.500000000000
