#Configurational_file created 2018-09-14 13:49:08  started 2018-09-14 13:49:08 run for 0.0s steps 0
name: gc_385
step: 10000
specie: 19
	particle_diameter: 1.0000000000000000
	interaction_length: 1.2000000000000000
	number_of_patches: 3
	number_of_particles_per_compound: 1
	rod_length: 1.0000000000000000
	interaction_matrix:  1.000000 1.000000 1.000000 1.000000 1.000000 1.000000 1.000000 1.000000 1.000000
	patch_type: symmetric
	patch_width: 8.0000000000000000
	patch_angle: 0.0000000000000000
	angles:  0.000000 0.000000 0.000000
	grand_canonical: 1
	chemical_potential: -1.3448279999999999
box: 10.000000 10.000000
copy: 1.000000 1.000000
epsilon: 0.4137930000000000
end_epsilon: 0.0000000000000000
pressure: 1.0000000000000000
lambda: 0.0000000000000000
lambda_coupling: 1.0000000000000000
uy: 0.0000000000000000
maximum_displacement: 1.0000000000000000
maximum_rotation: 1.0000000000000000
maximum_volume: 0.0000001000000000
maximum_shape: 0.0000001000000000
maximum_dsigma: 0.0100000000000000
mod: 10
pmod: 10
optimize: 1
verbose: 1
snapshot: 0
display: 1
explore: 1
npt: 0
nptxy: 0
nptdxdy: 0
shape: 0
seed: 440536
1.915505616412 -13.205078308197 0.866025403784 -0.500000000000
10.098316284248 5.174743248325 0.000000000000 1.000000000000
4.700196120408 7.746644420219 0.000000000000 1.000000000000
2.108388858073 4.611075252918 0.866025403784 0.500000000000
7.703753675108 7.914405393010 0.866025403784 -0.500000000000
5.091775149981 12.421780699200 0.866025403784 -0.500000000000
19.564331628358 14.052056512146 0.866025403784 -0.500000000000
3.459050484772 5.567126366125 0.866025403784 -0.500000000000
2.797566579121 -2.635711354756 0.866025403784 -0.500000000000
23.190300886175 -10.652891837079 0.000000000000 1.000000000000
9.921084876089 8.644859712381 0.866025403784 -0.500000000000
-4.679610989507 -5.617568600901 0.866025403784 0.500000000000
8.697142467806 12.810716231460 0.866025403784 0.500000000000
4.256730684333 5.518187251941 0.000000000000 1.000000000000
-1.790454979780 5.399928394486 0.000000000000 1.000000000000
-1.818045972281 11.169263168693 0.866025403784 0.500000000000
4.477163426320 8.027351779323 0.866025403784 -0.500000000000
8.440351849670 3.976172408423 0.866025403784 0.500000000000
3.449436515498 3.579108351881 0.000000000000 1.000000000000
