#Configurational_file created 2018-09-14 11:53:44  started 2018-09-14 11:53:43 run for 1.0s steps 0
name: gc_380
step: 10000
specie: 22
	particle_diameter: 1.0000000000000000
	interaction_length: 1.2000000000000000
	number_of_patches: 3
	number_of_particles_per_compound: 1
	rod_length: 1.0000000000000000
	interaction_matrix:  1.000000 1.000000 1.000000 1.000000 1.000000 1.000000 1.000000 1.000000 1.000000
	patch_type: symmetric
	patch_width: 8.0000000000000000
	patch_angle: 0.0000000000000000
	angles:  0.000000 0.000000 0.000000
	grand_canonical: 1
	chemical_potential: -0.5000000000000000
box: 10.000000 10.000000
copy: 1.000000 1.000000
epsilon: 0.0166680000000000
end_epsilon: 0.0000000000000000
pressure: 1.0000000000000000
lambda: 0.0000000000000000
lambda_coupling: 1.0000000000000000
uy: 0.0000000000000000
maximum_displacement: 1.0000000000000000
maximum_rotation: 1.0000000000000000
maximum_volume: 0.0000001000000000
maximum_shape: 0.0000001000000000
maximum_dsigma: 0.0100000000000000
mod: 10
pmod: 10
optimize: 1
verbose: 1
snapshot: 0
display: 1
explore: 1
npt: 0
nptxy: 0
nptdxdy: 0
shape: 0
seed: 434851
-9.537309498414 2.174609219888 0.866025403784 0.500000000000
10.059462903396 9.788142067733 0.866025403784 0.500000000000
5.992825471271 5.626080532497 0.866025403784 0.500000000000
1.390851456437 13.874508648731 0.000000000000 1.000000000000
8.387607139522 4.365983868794 0.866025403784 -0.500000000000
9.072372863922 1.172248792441 0.866025403784 0.500000000000
10.958876959404 8.255110095890 0.000000000000 1.000000000000
4.771862387262 -1.109114090711 0.866025403784 -0.500000000000
0.271918139623 -5.200740554078 0.000000000000 1.000000000000
5.010688003511 21.672793457730 0.866025403784 -0.500000000000
8.349392056321 8.198723002054 0.866025403784 -0.500000000000
9.320408499889 5.516965637004 0.000000000000 1.000000000000
8.484588143665 5.461653529938 0.866025403784 -0.500000000000
-4.540426076215 -11.462638662869 0.866025403784 0.500000000000
-1.051393731871 9.952319987298 0.866025403784 0.500000000000
-3.935440578682 -6.654221101066 0.866025403784 -0.500000000000
0.428355960375 12.769801819446 0.866025403784 -0.500000000000
3.081151875456 0.370309595873 0.866025403784 0.500000000000
10.164789030035 10.853941816853 0.866025403784 0.500000000000
-11.031012573376 2.261014664903 0.866025403784 0.500000000000
2.786365005179 7.959071126535 0.866025403784 -0.500000000000
9.125732283381 6.594874300993 0.866025403784 -0.500000000000
