#Configurational_file created 2018-09-14 13:48:29  started 2018-09-14 13:48:28 run for 1.0s steps 0
name: gc_330
step: 10000
specie: 10
	particle_diameter: 1.0000000000000000
	interaction_length: 1.2000000000000000
	number_of_patches: 3
	number_of_particles_per_compound: 1
	rod_length: 1.0000000000000000
	interaction_matrix:  1.000000 1.000000 1.000000 1.000000 1.000000 1.000000 1.000000 1.000000 1.000000
	patch_type: symmetric
	patch_width: 8.0000000000000000
	patch_angle: 0.0000000000000000
	angles:  0.000000 0.000000 0.000000
	grand_canonical: 1
	chemical_potential: -1.6206900000000000
box: 10.000000 10.000000
copy: 1.000000 1.000000
epsilon: 0.5000000000000000
end_epsilon: 0.0000000000000000
pressure: 1.0000000000000000
lambda: 0.0000000000000000
lambda_coupling: 1.0000000000000000
uy: 0.0000000000000000
maximum_displacement: 1.0000000000000000
maximum_rotation: 1.0000000000000000
maximum_volume: 0.0000001000000000
maximum_shape: 0.0000001000000000
maximum_dsigma: 0.0100000000000000
mod: 10
pmod: 10
optimize: 1
verbose: 1
snapshot: 0
display: 1
explore: 1
npt: 0
nptxy: 0
nptdxdy: 0
shape: 0
seed: 378001
14.748863074854 10.214228596833 0.866025403784 0.500000000000
13.441422483482 12.629391366508 0.866025403784 0.500000000000
20.986176210308 5.133264173831 0.866025403784 -0.500000000000
8.321621039030 16.184663670904 0.866025403784 -0.500000000000
12.498235679304 5.333841012669 0.866025403784 0.500000000000
-2.357375721916 12.987216931266 0.000000000000 1.000000000000
19.797668990926 7.138870080588 0.866025403784 -0.500000000000
6.989607779482 11.033053165661 0.866025403784 -0.500000000000
-1.717776880730 0.147649315033 0.866025403784 0.500000000000
5.758820203384 5.116542002072 0.866025403784 0.500000000000
