#Configurational_file created 2018-09-14 11:52:49  started 2018-09-14 11:52:48 run for 1.0s steps 0
name: gc_312
step: 10000
specie: 16
	particle_diameter: 1.0000000000000000
	interaction_length: 1.2000000000000000
	number_of_patches: 3
	number_of_particles_per_compound: 1
	rod_length: 1.0000000000000000
	interaction_matrix:  1.000000 1.000000 1.000000 1.000000 1.000000 1.000000 1.000000 1.000000 1.000000
	patch_type: symmetric
	patch_width: 8.0000000000000000
	patch_angle: 0.0000000000000000
	angles:  0.000000 0.000000 0.000000
	grand_canonical: 1
	chemical_potential: -1.0000000000000000
box: 10.000000 10.000000
copy: 1.000000 1.000000
epsilon: 0.0458340000000000
end_epsilon: 0.0000000000000000
pressure: 1.0000000000000000
lambda: 0.0000000000000000
lambda_coupling: 1.0000000000000000
uy: 0.0000000000000000
maximum_displacement: 1.0000000000000000
maximum_rotation: 1.0000000000000000
maximum_volume: 0.0000001000000000
maximum_shape: 0.0000001000000000
maximum_dsigma: 0.0100000000000000
mod: 10
pmod: 10
optimize: 1
verbose: 1
snapshot: 0
display: 1
explore: 1
npt: 0
nptxy: 0
nptdxdy: 0
shape: 0
seed: 357535
8.852470367602 -4.817908235556 0.866025403784 0.500000000000
2.225280725224 14.719578368698 0.000000000000 1.000000000000
1.480228304772 -0.446417873902 0.000000000000 1.000000000000
2.842702583510 15.419615573071 0.866025403784 -0.500000000000
17.470012737149 20.237791285792 0.000000000000 1.000000000000
16.583384658069 2.014544277587 0.866025403784 -0.500000000000
-2.883715805011 7.041446444918 0.000000000000 1.000000000000
0.925022110093 6.104604571424 0.000000000000 1.000000000000
-8.459278456645 2.548708553053 0.000000000000 1.000000000000
3.800971740998 -3.706954798610 0.000000000000 1.000000000000
12.188666150202 -1.600340546343 0.000000000000 1.000000000000
-0.422806747278 13.918188239607 0.866025403784 0.500000000000
-0.610640297108 3.111963178643 0.000000000000 1.000000000000
-0.720081117643 8.543247666291 0.866025403784 -0.500000000000
1.019050336963 7.500924099637 0.000000000000 1.000000000000
9.273532968699 1.859295903177 0.866025403784 0.500000000000
