#Configurational_file created 2018-09-14 13:49:13  started 2018-09-14 13:49:13 run for 0.0s steps 0
name: gc_392
step: 10000
specie: 14
	particle_diameter: 1.0000000000000000
	interaction_length: 1.2000000000000000
	number_of_patches: 3
	number_of_particles_per_compound: 1
	rod_length: 1.0000000000000000
	interaction_matrix:  1.000000 1.000000 1.000000 1.000000 1.000000 1.000000 1.000000 1.000000 1.000000
	patch_type: symmetric
	patch_width: 8.0000000000000000
	patch_angle: 0.0000000000000000
	angles:  0.000000 0.000000 0.000000
	grand_canonical: 1
	chemical_potential: -1.2068970000000001
box: 10.000000 10.000000
copy: 1.000000 1.000000
epsilon: 0.0172420000000000
end_epsilon: 0.0000000000000000
pressure: 1.0000000000000000
lambda: 0.0000000000000000
lambda_coupling: 1.0000000000000000
uy: 0.0000000000000000
maximum_displacement: 1.0000000000000000
maximum_rotation: 1.0000000000000000
maximum_volume: 0.0000001000000000
maximum_shape: 0.0000001000000000
maximum_dsigma: 0.0100000000000000
mod: 10
pmod: 10
optimize: 1
verbose: 1
snapshot: 0
display: 1
explore: 1
npt: 0
nptxy: 0
nptdxdy: 0
shape: 0
seed: 448495
5.834439113441 7.853332534993 0.866025403784 0.500000000000
1.946119035268 10.543378361424 0.866025403784 -0.500000000000
10.090593080607 7.676511835544 0.000000000000 1.000000000000
2.084070307332 2.304242919975 0.866025403784 -0.500000000000
-13.059004828667 18.036024773322 0.866025403784 -0.500000000000
13.658901912993 3.269575057396 0.000000000000 1.000000000000
10.204799742735 1.858004005218 0.866025403784 -0.500000000000
13.213012597444 -2.251689808075 0.000000000000 1.000000000000
-7.199976811596 9.763504728390 0.000000000000 1.000000000000
-14.811579979285 9.533737730976 0.000000000000 1.000000000000
-0.839834911865 5.015886879805 0.866025403784 0.500000000000
-2.603417149966 2.645972258710 0.866025403784 -0.500000000000
3.965661679821 4.508481488441 0.866025403784 0.500000000000
8.462290721686 3.747892458156 0.866025403784 0.500000000000
