#Configurational_file created 2018-09-14 13:48:30  started 2018-09-14 13:48:30 run for 0.0s steps 0
name: gc_332
step: 10000
specie: 21
	particle_diameter: 1.0000000000000000
	interaction_length: 1.2000000000000000
	number_of_patches: 3
	number_of_particles_per_compound: 1
	rod_length: 1.0000000000000000
	interaction_matrix:  1.000000 1.000000 1.000000 1.000000 1.000000 1.000000 1.000000 1.000000 1.000000
	patch_type: symmetric
	patch_width: 8.0000000000000000
	patch_angle: 0.0000000000000000
	angles:  0.000000 0.000000 0.000000
	grand_canonical: 1
	chemical_potential: -1.4827589999999999
box: 10.000000 10.000000
copy: 1.000000 1.000000
epsilon: 0.0172420000000000
end_epsilon: 0.0000000000000000
pressure: 1.0000000000000000
lambda: 0.0000000000000000
lambda_coupling: 1.0000000000000000
uy: 0.0000000000000000
maximum_displacement: 1.0000000000000000
maximum_rotation: 1.0000000000000000
maximum_volume: 0.0000001000000000
maximum_shape: 0.0000001000000000
maximum_dsigma: 0.0100000000000000
mod: 10
pmod: 10
optimize: 1
verbose: 1
snapshot: 0
display: 1
explore: 1
npt: 0
nptxy: 0
nptdxdy: 0
shape: 0
seed: 380275
12.933043481183 -2.461202182829 0.866025403784 0.500000000000
6.524646654095 3.560651606723 0.866025403784 0.500000000000
1.256618487689 36.617302321760 0.866025403784 -0.500000000000
-3.807613690694 7.551835251445 0.866025403784 -0.500000000000
5.005494238458 21.490237838245 0.866025403784 0.500000000000
11.984478428878 15.735738799747 0.866025403784 0.500000000000
-4.555839338909 14.718997948226 0.000000000000 1.000000000000
-4.567360563067 2.884931740721 0.866025403784 -0.500000000000
0.448845248884 10.677073973792 0.866025403784 -0.500000000000
3.272645127735 3.444879322304 0.866025403784 -0.500000000000
5.998030137803 -5.010715975310 0.866025403784 -0.500000000000
13.390182677430 5.989842662479 0.866025403784 0.500000000000
9.664024474665 3.222728008579 0.000000000000 1.000000000000
20.203226460185 4.722036267247 0.866025403784 -0.500000000000
3.665667733771 2.436489491695 0.000000000000 1.000000000000
9.504589597970 3.930255032891 0.866025403784 0.500000000000
8.004635930759 5.739302703342 0.000000000000 1.000000000000
7.504394902961 9.685756878392 0.866025403784 0.500000000000
6.592743405927 9.656336880161 0.866025403784 -0.500000000000
4.972762499362 -0.564247170226 0.000000000000 1.000000000000
9.360825200493 1.222684839428 0.866025403784 -0.500000000000
