#Configurational_file created 2018-09-14 11:52:47  started 2018-09-14 11:52:46 run for 1.0s steps 0
name: gc_309
step: 10000
specie: 19
	particle_diameter: 1.0000000000000000
	interaction_length: 1.2000000000000000
	number_of_patches: 3
	number_of_particles_per_compound: 1
	rod_length: 1.0000000000000000
	interaction_matrix:  1.000000 1.000000 1.000000 1.000000 1.000000 1.000000 1.000000 1.000000 1.000000
	patch_type: symmetric
	patch_width: 8.0000000000000000
	patch_angle: 0.0000000000000000
	angles:  0.000000 0.000000 0.000000
	grand_canonical: 1
	chemical_potential: -1.0000000000000000
box: 10.000000 10.000000
copy: 1.000000 1.000000
epsilon: 0.0333340000000000
end_epsilon: 0.0000000000000000
pressure: 1.0000000000000000
lambda: 0.0000000000000000
lambda_coupling: 1.0000000000000000
uy: 0.0000000000000000
maximum_displacement: 1.0000000000000000
maximum_rotation: 1.0000000000000000
maximum_volume: 0.0000001000000000
maximum_shape: 0.0000001000000000
maximum_dsigma: 0.0100000000000000
mod: 10
pmod: 10
optimize: 1
verbose: 1
snapshot: 0
display: 1
explore: 1
npt: 0
nptxy: 0
nptdxdy: 0
shape: 0
seed: 354124
5.519288839892 26.872058543219 0.866025403784 0.500000000000
-3.545394509558 -5.432890767101 0.866025403784 -0.500000000000
9.164772847299 0.759741504426 0.866025403784 -0.500000000000
13.239265155702 6.827070492545 0.866025403784 0.500000000000
4.027008101930 -2.485918371058 0.866025403784 0.500000000000
12.004237293918 8.647455496214 0.866025403784 0.500000000000
13.799998963358 -8.421718884449 0.866025403784 -0.500000000000
-1.588350040033 16.944944793018 0.866025403784 -0.500000000000
-11.871366021570 8.164221379678 0.866025403784 -0.500000000000
19.422019850286 -6.869964767015 0.866025403784 0.500000000000
20.059783293200 1.749063728606 0.000000000000 1.000000000000
4.695371287097 13.340221853767 0.866025403784 0.500000000000
9.073364086478 3.987797843213 0.866025403784 -0.500000000000
1.169149674932 6.001499167772 0.000000000000 1.000000000000
1.487425968958 13.285531417693 0.866025403784 -0.500000000000
10.889536629563 11.151459550066 0.000000000000 1.000000000000
9.807408312315 7.997206633959 0.866025403784 0.500000000000
15.666043036591 -6.620037886754 0.866025403784 -0.500000000000
16.061603115333 12.604388708945 0.866025403784 0.500000000000
