#Configurational_file created 2018-09-14 13:48:58  started 2018-09-14 13:48:57 run for 1.0s steps 0
name: gc_371
step: 10000
specie: 15
	particle_diameter: 1.0000000000000000
	interaction_length: 1.2000000000000000
	number_of_patches: 3
	number_of_particles_per_compound: 1
	rod_length: 1.0000000000000000
	interaction_matrix:  1.000000 1.000000 1.000000 1.000000 1.000000 1.000000 1.000000 1.000000 1.000000
	patch_type: symmetric
	patch_width: 8.0000000000000000
	patch_angle: 0.0000000000000000
	angles:  0.000000 0.000000 0.000000
	grand_canonical: 1
	chemical_potential: -1.3448279999999999
box: 10.000000 10.000000
copy: 1.000000 1.000000
epsilon: 0.1724140000000000
end_epsilon: 0.0000000000000000
pressure: 1.0000000000000000
lambda: 0.0000000000000000
lambda_coupling: 1.0000000000000000
uy: 0.0000000000000000
maximum_displacement: 1.0000000000000000
maximum_rotation: 1.0000000000000000
maximum_volume: 0.0000001000000000
maximum_shape: 0.0000001000000000
maximum_dsigma: 0.0100000000000000
mod: 10
pmod: 10
optimize: 1
verbose: 1
snapshot: 0
display: 1
explore: 1
npt: 0
nptxy: 0
nptdxdy: 0
shape: 0
seed: 424618
4.116703813263 8.063409495322 0.000000000000 1.000000000000
0.336138082691 5.726157946500 0.866025403784 -0.500000000000
5.933527924037 11.330771741392 0.866025403784 0.500000000000
-0.673898840593 -4.374009047696 0.866025403784 -0.500000000000
-4.067198285022 5.274817401583 0.866025403784 0.500000000000
6.444858329869 10.082936239453 0.866025403784 0.500000000000
0.704461997450 6.953516290654 0.866025403784 -0.500000000000
3.005806366125 -3.323191358200 0.000000000000 1.000000000000
1.404360012216 3.057754666179 0.866025403784 0.500000000000
0.918855496438 14.912339203853 0.866025403784 -0.500000000000
0.242995643379 3.305022678305 0.866025403784 -0.500000000000
0.566520063319 -0.306408365358 0.866025403784 0.500000000000
-7.120196007566 7.145598309231 0.866025403784 -0.500000000000
9.187714132141 0.771731334764 0.000000000000 1.000000000000
2.167627654026 5.029632486492 0.866025403784 -0.500000000000
