#Configurational_file created 2018-09-14 11:25:31  started 2018-09-14 11:25:30 run for 1.0s steps 0
name: gc_340
step: 10000
specie: 21
	particle_diameter: 1.0000000000000000
	interaction_length: 1.2000000000000000
	number_of_patches: 3
	number_of_particles_per_compound: 1
	rod_length: 1.0000000000000000
	interaction_matrix:  1.000000 1.000000 1.000000 1.000000 1.000000 1.000000 1.000000 1.000000 1.000000
	patch_type: symmetric
	patch_width: 8.0000000000000000
	patch_angle: 0.0000000000000000
	angles:  0.000000 0.000000 0.000000
	grand_canonical: 1
	chemical_potential: -0.8333330000000000
box: 10.000000 10.000000
copy: 1.000000 1.000000
epsilon: 1.1667080000000001
end_epsilon: 0.0000000000000000
pressure: 1.0000000000000000
lambda: 0.0000000000000000
lambda_coupling: 1.0000000000000000
uy: 0.0000000000000000
maximum_displacement: 1.0000000000000000
maximum_rotation: 1.0000000000000000
maximum_volume: 0.0000001000000000
maximum_shape: 0.0000001000000000
maximum_dsigma: 0.0100000000000000
mod: 10
pmod: 10
optimize: 1
verbose: 1
snapshot: 0
display: 1
explore: 1
npt: 0
nptxy: 0
nptdxdy: 0
shape: 0
seed: 389371
14.894585448352 4.458439704081 0.866025403784 -0.500000000000
-5.178277116378 7.291626792555 0.866025403784 0.500000000000
5.753015229470 11.379733587744 0.866025403784 -0.500000000000
14.751833773808 -1.219108814751 0.866025403784 0.500000000000
8.912469955106 6.239340137390 0.866025403784 -0.500000000000
7.246376182692 7.049626439877 0.866025403784 -0.500000000000
7.369839321461 3.264164794424 0.866025403784 0.500000000000
21.546377597004 -0.269442478847 0.000000000000 1.000000000000
8.593065067750 5.426104724561 0.866025403784 0.500000000000
11.039910702054 7.228209568903 0.866025403784 -0.500000000000
2.439087903232 5.147420093390 0.000000000000 1.000000000000
11.855489290634 0.663252571566 0.866025403784 -0.500000000000
13.040342275317 2.848736187020 0.000000000000 1.000000000000
18.402016263925 -6.644993573387 0.866025403784 0.500000000000
4.251901774428 21.186817093705 0.866025403784 0.500000000000
6.514826298203 6.742130991133 0.866025403784 0.500000000000
3.240656324159 9.425117714680 0.866025403784 0.500000000000
5.751373423519 9.758126674192 0.866025403784 0.500000000000
6.911038714405 5.004720605539 0.866025403784 0.500000000000
9.280439798341 2.518283422125 0.000000000000 1.000000000000
9.675511947827 5.567834931901 0.000000000000 1.000000000000
