#Configurational_file created 2018-09-14 13:49:08  started 2018-09-14 13:49:07 run for 1.0s steps 0
name: gc_384
step: 10000
specie: 20
	particle_diameter: 1.0000000000000000
	interaction_length: 1.2000000000000000
	number_of_patches: 3
	number_of_particles_per_compound: 1
	rod_length: 1.0000000000000000
	interaction_matrix:  1.000000 1.000000 1.000000 1.000000 1.000000 1.000000 1.000000 1.000000 1.000000
	patch_type: symmetric
	patch_width: 8.0000000000000000
	patch_angle: 0.0000000000000000
	angles:  0.000000 0.000000 0.000000
	grand_canonical: 1
	chemical_potential: -1.3448279999999999
box: 10.000000 10.000000
copy: 1.000000 1.000000
epsilon: 0.3965520000000000
end_epsilon: 0.0000000000000000
pressure: 1.0000000000000000
lambda: 0.0000000000000000
lambda_coupling: 1.0000000000000000
uy: 0.0000000000000000
maximum_displacement: 1.0000000000000000
maximum_rotation: 1.0000000000000000
maximum_volume: 0.0000001000000000
maximum_shape: 0.0000001000000000
maximum_dsigma: 0.0100000000000000
mod: 10
pmod: 10
optimize: 1
verbose: 1
snapshot: 0
display: 1
explore: 1
npt: 0
nptxy: 0
nptdxdy: 0
shape: 0
seed: 439399
-8.226604224397 12.436920211118 0.866025403784 0.500000000000
2.754991804637 -0.952178686636 0.866025403784 0.500000000000
4.787881952415 -4.453364381563 0.866025403784 0.500000000000
5.461204122176 0.173677973893 0.866025403784 0.500000000000
-8.203582059614 7.779897010589 0.866025403784 -0.500000000000
10.226916460379 1.926398605970 0.000000000000 1.000000000000
3.922819535209 -5.766414609743 0.866025403784 0.500000000000
17.867106296105 0.903011511892 0.866025403784 0.500000000000
8.907994764189 4.852504689455 0.866025403784 0.500000000000
-9.635892058882 6.620347675005 0.000000000000 1.000000000000
3.014951129689 11.653084572338 0.000000000000 1.000000000000
7.378288978881 11.700447432340 0.866025403784 -0.500000000000
0.279167073617 7.422321714861 0.866025403784 0.500000000000
8.410564677393 -0.429031234421 0.866025403784 0.500000000000
15.569709819046 7.339914890293 0.866025403784 0.500000000000
5.511484822676 3.866229262165 0.000000000000 1.000000000000
-4.202718140326 9.232754556543 0.000000000000 1.000000000000
3.008660373023 7.545648862417 0.866025403784 0.500000000000
-8.320398607848 10.295627642876 0.866025403784 -0.500000000000
-2.181772790501 3.240304470459 0.000000000000 1.000000000000
