#Configurational_file created 2018-09-14 13:48:18  started 2018-09-14 13:48:17 run for 1.0s steps 0
name: gc_314
step: 10000
specie: 14
	particle_diameter: 1.0000000000000000
	interaction_length: 1.2000000000000000
	number_of_patches: 3
	number_of_particles_per_compound: 1
	rod_length: 1.0000000000000000
	interaction_matrix:  1.000000 1.000000 1.000000 1.000000 1.000000 1.000000 1.000000 1.000000 1.000000
	patch_type: symmetric
	patch_width: 8.0000000000000000
	patch_angle: 0.0000000000000000
	angles:  0.000000 0.000000 0.000000
	grand_canonical: 1
	chemical_potential: -1.6206900000000000
box: 10.000000 10.000000
copy: 1.000000 1.000000
epsilon: 0.2241380000000000
end_epsilon: 0.0000000000000000
pressure: 1.0000000000000000
lambda: 0.0000000000000000
lambda_coupling: 1.0000000000000000
uy: 0.0000000000000000
maximum_displacement: 1.0000000000000000
maximum_rotation: 1.0000000000000000
maximum_volume: 0.0000001000000000
maximum_shape: 0.0000001000000000
maximum_dsigma: 0.0100000000000000
mod: 10
pmod: 10
optimize: 1
verbose: 1
snapshot: 0
display: 1
explore: 1
npt: 0
nptxy: 0
nptdxdy: 0
shape: 0
seed: 359809
4.810802311032 1.589299413932 0.866025403784 -0.500000000000
22.061891259917 -3.701382117052 0.866025403784 -0.500000000000
5.650048342745 6.423724060402 0.866025403784 0.500000000000
17.745808979912 -3.116351031474 0.866025403784 -0.500000000000
-4.013412662906 9.068133256927 0.866025403784 -0.500000000000
7.492973343915 5.986114772119 0.866025403784 0.500000000000
10.240703232231 3.189223701986 0.866025403784 0.500000000000
-2.353000904709 10.591026085899 0.000000000000 1.000000000000
12.781968499924 7.849594020353 0.866025403784 -0.500000000000
8.808689685017 5.920808994810 0.866025403784 0.500000000000
4.206736546175 -6.070144434581 0.000000000000 1.000000000000
1.307336280558 1.927211059424 0.000000000000 1.000000000000
6.039296840145 4.867891886457 0.866025403784 -0.500000000000
4.358684173951 7.669126046471 0.000000000000 1.000000000000
