#Configurational_file created 2018-09-14 11:53:12  started 2018-09-14 11:53:11 run for 1.0s steps 0
name: gc_341
step: 10000
specie: 22
	particle_diameter: 1.0000000000000000
	interaction_length: 1.2000000000000000
	number_of_patches: 3
	number_of_particles_per_compound: 1
	rod_length: 1.0000000000000000
	interaction_matrix:  1.000000 1.000000 1.000000 1.000000 1.000000 1.000000 1.000000 1.000000 1.000000
	patch_type: symmetric
	patch_width: 8.0000000000000000
	patch_angle: 0.0000000000000000
	angles:  0.000000 0.000000 0.000000
	grand_canonical: 1
	chemical_potential: -0.8333330000000000
box: 10.000000 10.000000
copy: 1.000000 1.000000
epsilon: 0.0625000000000000
end_epsilon: 0.0000000000000000
pressure: 1.0000000000000000
lambda: 0.0000000000000000
lambda_coupling: 1.0000000000000000
uy: 0.0000000000000000
maximum_displacement: 1.0000000000000000
maximum_rotation: 1.0000000000000000
maximum_volume: 0.0000001000000000
maximum_shape: 0.0000001000000000
maximum_dsigma: 0.0100000000000000
mod: 10
pmod: 10
optimize: 1
verbose: 1
snapshot: 0
display: 1
explore: 1
npt: 0
nptxy: 0
nptdxdy: 0
shape: 0
seed: 390508
10.718336995290 19.641670940874 0.000000000000 1.000000000000
7.989552515659 5.191665097775 0.866025403784 0.500000000000
19.717084994925 21.866474756543 0.866025403784 -0.500000000000
5.122195606595 8.275410586739 0.000000000000 1.000000000000
3.236549189345 5.136482253070 0.000000000000 1.000000000000
7.955693545560 7.298986208422 0.866025403784 0.500000000000
3.693458562220 -1.820798290078 0.866025403784 0.500000000000
5.864471831166 0.482556476370 0.866025403784 0.500000000000
7.726747037405 11.984606742296 0.866025403784 -0.500000000000
-7.458551649557 15.977188102236 0.866025403784 0.500000000000
27.848317148348 13.507685671232 0.866025403784 -0.500000000000
10.753453518570 3.875958899591 0.866025403784 -0.500000000000
8.573647603221 -2.950919640178 0.000000000000 1.000000000000
-6.432292997767 3.784551366192 0.866025403784 0.500000000000
10.225232356789 -2.954669177266 0.866025403784 -0.500000000000
4.924329634869 5.805887458678 0.866025403784 0.500000000000
0.742563207960 5.758936362794 0.000000000000 1.000000000000
11.632793849912 0.760352537950 0.000000000000 1.000000000000
5.982732416212 26.598788503968 0.000000000000 1.000000000000
10.080236305531 10.481136080135 0.866025403784 0.500000000000
-0.992850985603 4.117887590986 0.866025403784 -0.500000000000
1.755147854202 4.910243747895 0.000000000000 1.000000000000
