#Configurational_file created 2018-09-14 13:48:26  started 2018-09-14 13:48:25 run for 1.0s steps 0
name: gc_325
step: 10000
specie: 13
	particle_diameter: 1.0000000000000000
	interaction_length: 1.2000000000000000
	number_of_patches: 3
	number_of_particles_per_compound: 1
	rod_length: 1.0000000000000000
	interaction_matrix:  1.000000 1.000000 1.000000 1.000000 1.000000 1.000000 1.000000 1.000000 1.000000
	patch_type: symmetric
	patch_width: 8.0000000000000000
	patch_angle: 0.0000000000000000
	angles:  0.000000 0.000000 0.000000
	grand_canonical: 1
	chemical_potential: -1.6206900000000000
box: 10.000000 10.000000
copy: 1.000000 1.000000
epsilon: 0.4137930000000000
end_epsilon: 0.0000000000000000
pressure: 1.0000000000000000
lambda: 0.0000000000000000
lambda_coupling: 1.0000000000000000
uy: 0.0000000000000000
maximum_displacement: 1.0000000000000000
maximum_rotation: 1.0000000000000000
maximum_volume: 0.0000001000000000
maximum_shape: 0.0000001000000000
maximum_dsigma: 0.0100000000000000
mod: 10
pmod: 10
optimize: 1
verbose: 1
snapshot: 0
display: 1
explore: 1
npt: 0
nptxy: 0
nptdxdy: 0
shape: 0
seed: 372316
3.191495423782 7.519303066445 0.866025403784 -0.500000000000
6.092466008677 4.360443514925 0.000000000000 1.000000000000
8.017718747984 2.215377790575 0.866025403784 0.500000000000
-3.027227607879 12.993043409368 0.866025403784 0.500000000000
8.219967276032 5.082114412314 0.866025403784 -0.500000000000
3.054910839018 0.809274454401 0.866025403784 0.500000000000
1.248965323927 7.840031653932 0.000000000000 1.000000000000
2.093386780594 14.987129740825 0.866025403784 0.500000000000
10.332443213580 4.425358920041 0.000000000000 1.000000000000
3.060750807383 4.889684887649 0.866025403784 -0.500000000000
10.475350145674 9.482086228584 0.000000000000 1.000000000000
6.227428882389 -3.134694185161 0.866025403784 -0.500000000000
5.500278455298 1.065360196679 0.000000000000 1.000000000000
