#Configurational_file created 2018-09-14 11:53:33  started 2018-09-14 11:53:32 run for 1.0s steps 0
name: gc_366
step: 10000
specie: 20
	particle_diameter: 1.0000000000000000
	interaction_length: 1.2000000000000000
	number_of_patches: 3
	number_of_particles_per_compound: 1
	rod_length: 1.0000000000000000
	interaction_matrix:  1.000000 1.000000 1.000000 1.000000 1.000000 1.000000 1.000000 1.000000 1.000000
	patch_type: symmetric
	patch_width: 8.0000000000000000
	patch_angle: 0.0000000000000000
	angles:  0.000000 0.000000 0.000000
	grand_canonical: 1
	chemical_potential: -0.6666670000000000
box: 10.000000 10.000000
copy: 1.000000 1.000000
epsilon: 0.0625000000000000
end_epsilon: 0.0000000000000000
pressure: 1.0000000000000000
lambda: 0.0000000000000000
lambda_coupling: 1.0000000000000000
uy: 0.0000000000000000
maximum_displacement: 1.0000000000000000
maximum_rotation: 1.0000000000000000
maximum_volume: 0.0000001000000000
maximum_shape: 0.0000001000000000
maximum_dsigma: 0.0100000000000000
mod: 10
pmod: 10
optimize: 1
verbose: 1
snapshot: 0
display: 1
explore: 1
npt: 0
nptxy: 0
nptdxdy: 0
shape: 0
seed: 418933
0.912541891098 9.970088595038 0.866025403784 -0.500000000000
29.008697886580 24.721173828410 0.866025403784 -0.500000000000
-1.175356675716 3.877407318439 0.000000000000 1.000000000000
4.155776829636 16.599559496715 0.866025403784 -0.500000000000
-1.527841959733 1.441649091883 0.866025403784 -0.500000000000
2.421948126205 5.524471272204 0.866025403784 0.500000000000
0.011802855469 14.424093207958 0.866025403784 0.500000000000
6.556114183871 0.389704482505 0.866025403784 -0.500000000000
2.770620923939 -0.265474003053 0.000000000000 1.000000000000
-5.670868587598 3.663456229802 0.000000000000 1.000000000000
11.396284377252 8.320453065246 0.000000000000 1.000000000000
9.423328997010 -6.948040759457 0.000000000000 1.000000000000
-0.037117041032 -2.094754225953 0.866025403784 0.500000000000
18.614025059733 -3.527573412778 0.866025403784 0.500000000000
1.997268584068 4.004988232523 0.000000000000 1.000000000000
4.060164555314 -1.764901224265 0.866025403784 -0.500000000000
5.187324593674 -3.698312748240 0.000000000000 1.000000000000
-5.094314242040 11.019906575645 0.866025403784 0.500000000000
4.149671600252 12.070734006069 0.866025403784 0.500000000000
7.660716040823 6.510172485280 0.866025403784 -0.500000000000
