#Configurational_file created 2018-09-14 13:49:10  started 2018-09-14 13:49:10 run for 0.0s steps 0
name: gc_388
step: 10000
specie: 15
	particle_diameter: 1.0000000000000000
	interaction_length: 1.2000000000000000
	number_of_patches: 3
	number_of_particles_per_compound: 1
	rod_length: 1.0000000000000000
	interaction_matrix:  1.000000 1.000000 1.000000 1.000000 1.000000 1.000000 1.000000 1.000000 1.000000
	patch_type: symmetric
	patch_width: 8.0000000000000000
	patch_angle: 0.0000000000000000
	angles:  0.000000 0.000000 0.000000
	grand_canonical: 1
	chemical_potential: -1.3448279999999999
box: 10.000000 10.000000
copy: 1.000000 1.000000
epsilon: 0.4655170000000000
end_epsilon: 0.0000000000000000
pressure: 1.0000000000000000
lambda: 0.0000000000000000
lambda_coupling: 1.0000000000000000
uy: 0.0000000000000000
maximum_displacement: 1.0000000000000000
maximum_rotation: 1.0000000000000000
maximum_volume: 0.0000001000000000
maximum_shape: 0.0000001000000000
maximum_dsigma: 0.0100000000000000
mod: 10
pmod: 10
optimize: 1
verbose: 1
snapshot: 0
display: 1
explore: 1
npt: 0
nptxy: 0
nptdxdy: 0
shape: 0
seed: 443947
12.344568745625 7.739947012955 0.866025403784 0.500000000000
10.612985811263 -17.429183279980 0.000000000000 1.000000000000
-13.987294623246 -2.407594066080 0.866025403784 0.500000000000
-0.135096232082 1.600942593585 0.866025403784 0.500000000000
13.836788748348 9.881469862844 0.866025403784 -0.500000000000
-4.653034682913 13.823931358394 0.866025403784 -0.500000000000
1.240242337799 8.275889105123 0.866025403784 0.500000000000
16.946803269479 9.458183600692 0.866025403784 0.500000000000
4.133939070633 12.909485872471 0.866025403784 0.500000000000
6.263773395539 5.567445578968 0.866025403784 0.500000000000
9.415402382388 2.892506777355 0.000000000000 1.000000000000
8.832913006342 22.386923659963 0.866025403784 0.500000000000
7.723628947255 3.696420179827 0.866025403784 -0.500000000000
1.033432404362 8.931355219352 0.866025403784 -0.500000000000
8.815251705005 7.489787660655 0.866025403784 -0.500000000000
