#Configurational_file created 2018-09-14 13:49:01  started 2018-09-14 13:49:00 run for 1.0s steps 0
name: gc_375
step: 10000
specie: 17
	particle_diameter: 1.0000000000000000
	interaction_length: 1.2000000000000000
	number_of_patches: 3
	number_of_particles_per_compound: 1
	rod_length: 1.0000000000000000
	interaction_matrix:  1.000000 1.000000 1.000000 1.000000 1.000000 1.000000 1.000000 1.000000 1.000000
	patch_type: symmetric
	patch_width: 8.0000000000000000
	patch_angle: 0.0000000000000000
	angles:  0.000000 0.000000 0.000000
	grand_canonical: 1
	chemical_potential: -1.3448279999999999
box: 10.000000 10.000000
copy: 1.000000 1.000000
epsilon: 0.2413800000000000
end_epsilon: 0.0000000000000000
pressure: 1.0000000000000000
lambda: 0.0000000000000000
lambda_coupling: 1.0000000000000000
uy: 0.0000000000000000
maximum_displacement: 1.0000000000000000
maximum_rotation: 1.0000000000000000
maximum_volume: 0.0000001000000000
maximum_shape: 0.0000001000000000
maximum_dsigma: 0.0100000000000000
mod: 10
pmod: 10
optimize: 1
verbose: 1
snapshot: 0
display: 1
explore: 1
npt: 0
nptxy: 0
nptdxdy: 0
shape: 0
seed: 429166
-26.054219025920 3.354757087816 0.000000000000 1.000000000000
5.613734182355 8.849997370085 0.866025403784 0.500000000000
7.900309935521 19.118935155962 0.866025403784 0.500000000000
-2.344896553706 8.196467547534 0.000000000000 1.000000000000
7.966445727712 3.632103850349 0.000000000000 1.000000000000
4.258883290506 -1.805203446726 0.866025403784 -0.500000000000
7.098107133904 0.573376445029 0.000000000000 1.000000000000
3.869787192129 -9.736137072676 0.866025403784 0.500000000000
-2.603360043002 15.022976649654 0.866025403784 0.500000000000
15.992408920898 11.114664180465 0.866025403784 -0.500000000000
0.213767578457 7.895450738400 0.866025403784 -0.500000000000
0.687163504738 10.252132240384 0.000000000000 1.000000000000
10.330035618428 4.577413156089 0.866025403784 -0.500000000000
-14.807253058462 7.333620977863 0.000000000000 1.000000000000
-1.075703558128 6.310164761040 0.866025403784 0.500000000000
4.595724947749 -2.936367486854 0.866025403784 0.500000000000
0.844895962352 0.949249601801 0.866025403784 -0.500000000000
