#Configurational_file created 2018-09-14 11:54:00  started 2018-09-14 11:53:59 run for 1.0s steps 0
name: gc_398
step: 10000
specie: 21
	particle_diameter: 1.0000000000000000
	interaction_length: 1.2000000000000000
	number_of_patches: 3
	number_of_particles_per_compound: 1
	rod_length: 1.0000000000000000
	interaction_matrix:  1.000000 1.000000 1.000000 1.000000 1.000000 1.000000 1.000000 1.000000 1.000000
	patch_type: symmetric
	patch_width: 8.0000000000000000
	patch_angle: 0.0000000000000000
	angles:  0.000000 0.000000 0.000000
	grand_canonical: 1
	chemical_potential: -0.5000000000000000
box: 10.000000 10.000000
copy: 1.000000 1.000000
epsilon: 0.0916670000000000
end_epsilon: 0.0000000000000000
pressure: 1.0000000000000000
lambda: 0.0000000000000000
lambda_coupling: 1.0000000000000000
uy: 0.0000000000000000
maximum_displacement: 1.0000000000000000
maximum_rotation: 1.0000000000000000
maximum_volume: 0.0000001000000000
maximum_shape: 0.0000001000000000
maximum_dsigma: 0.0100000000000000
mod: 10
pmod: 10
optimize: 1
verbose: 1
snapshot: 0
display: 1
explore: 1
npt: 0
nptxy: 0
nptdxdy: 0
shape: 0
seed: 455317
0.423562976801 7.593634862115 0.866025403784 0.500000000000
6.489757840473 19.862658456476 0.866025403784 0.500000000000
8.662840754886 9.325095204318 0.866025403784 -0.500000000000
1.496407910457 7.423266089053 0.866025403784 0.500000000000
-3.325128871923 11.681204393272 0.866025403784 -0.500000000000
2.960886602716 7.197575067385 0.866025403784 -0.500000000000
13.926133763125 16.155983243435 0.866025403784 -0.500000000000
4.678528765275 18.685678420047 0.866025403784 0.500000000000
6.138091088045 -1.709978151402 0.866025403784 -0.500000000000
0.182582560432 5.811040313812 0.000000000000 1.000000000000
8.038513835667 12.728006607323 0.866025403784 0.500000000000
15.819279205718 7.030719659657 0.866025403784 -0.500000000000
1.232289901002 -1.046020322504 0.866025403784 -0.500000000000
22.601305237891 5.693921009499 0.866025403784 0.500000000000
11.437113888611 11.094915398714 0.866025403784 -0.500000000000
7.475271257582 3.139613732516 0.866025403784 -0.500000000000
-1.799845556669 17.299256265991 0.866025403784 0.500000000000
3.705441125078 3.693902058262 0.000000000000 1.000000000000
7.729520009945 14.617408493252 0.000000000000 1.000000000000
7.279947033129 0.881897677741 0.866025403784 0.500000000000
1.862598989063 4.669220226331 0.000000000000 1.000000000000
