#Configurational_file created 2018-09-14 11:25:18  started 2018-09-14 11:25:17 run for 1.0s steps 0
name: gc_324
step: 10000
specie: 17
	particle_diameter: 1.0000000000000000
	interaction_length: 1.2000000000000000
	number_of_patches: 3
	number_of_particles_per_compound: 1
	rod_length: 1.0000000000000000
	interaction_matrix:  1.000000 1.000000 1.000000 1.000000 1.000000 1.000000 1.000000 1.000000 1.000000
	patch_type: symmetric
	patch_width: 8.0000000000000000
	patch_angle: 0.0000000000000000
	angles:  0.000000 0.000000 0.000000
	grand_canonical: 1
	chemical_potential: -1.0000000000000000
box: 10.000000 10.000000
copy: 1.000000 1.000000
epsilon: 1.9166710000000000
end_epsilon: 0.0000000000000000
pressure: 1.0000000000000000
lambda: 0.0000000000000000
lambda_coupling: 1.0000000000000000
uy: 0.0000000000000000
maximum_displacement: 1.0000000000000000
maximum_rotation: 1.0000000000000000
maximum_volume: 0.0000001000000000
maximum_shape: 0.0000001000000000
maximum_dsigma: 0.0100000000000000
mod: 10
pmod: 10
optimize: 1
verbose: 1
snapshot: 0
display: 1
explore: 1
npt: 0
nptxy: 0
nptdxdy: 0
shape: 0
seed: 371179
18.127038780205 4.471507712733 0.866025403784 -0.500000000000
11.619207484121 5.087959760174 0.000000000000 1.000000000000
6.620085679351 10.504730976706 0.866025403784 -0.500000000000
0.869940105857 10.208544437731 0.000000000000 1.000000000000
5.688817056046 0.323330030283 0.866025403784 0.500000000000
11.613081993606 -7.190308547282 0.866025403784 0.500000000000
-4.929048751994 5.449476254394 0.866025403784 -0.500000000000
-6.720100488869 5.842710351146 0.866025403784 0.500000000000
4.194523204266 13.736528778456 0.866025403784 0.500000000000
11.140406798039 1.128733654834 0.866025403784 0.500000000000
-7.530303433920 -17.972507712062 0.000000000000 1.000000000000
8.375736763941 11.280773250590 0.866025403784 0.500000000000
1.829530883913 8.447741292575 0.866025403784 -0.500000000000
-3.051254814108 7.473738224192 0.866025403784 -0.500000000000
8.355012351181 8.836226343487 0.000000000000 1.000000000000
14.718431042708 0.821348594625 0.866025403784 0.500000000000
1.894320170822 6.495828411254 0.000000000000 1.000000000000
