#Configurational_file created 2018-09-14 13:50:06  started 2018-09-14 13:50:06 run for 0.0s steps 0
name: gc_462
step: 10000
specie: 22
	particle_diameter: 1.0000000000000000
	interaction_length: 1.2000000000000000
	number_of_patches: 3
	number_of_particles_per_compound: 1
	rod_length: 1.0000000000000000
	interaction_matrix:  1.000000 1.000000 1.000000 1.000000 1.000000 1.000000 1.000000 1.000000 1.000000
	patch_type: symmetric
	patch_width: 8.0000000000000000
	patch_angle: 0.0000000000000000
	angles:  0.000000 0.000000 0.000000
	grand_canonical: 1
	chemical_potential: -0.9310340000000000
box: 10.000000 10.000000
copy: 1.000000 1.000000
epsilon: 0.1896560000000000
end_epsilon: 0.0000000000000000
pressure: 1.0000000000000000
lambda: 0.0000000000000000
lambda_coupling: 1.0000000000000000
uy: 0.0000000000000000
maximum_displacement: 1.0000000000000000
maximum_rotation: 1.0000000000000000
maximum_volume: 0.0000001000000000
maximum_shape: 0.0000001000000000
maximum_dsigma: 0.0100000000000000
mod: 10
pmod: 10
optimize: 1
verbose: 1
snapshot: 0
display: 1
explore: 1
npt: 0
nptxy: 0
nptdxdy: 0
shape: 0
seed: 528085
0.985496080864 14.709725171922 0.866025403784 -0.500000000000
-1.454465597523 7.488137792001 0.000000000000 1.000000000000
-18.498113282289 2.063143590067 0.000000000000 1.000000000000
9.460428509765 8.772509424255 0.866025403784 -0.500000000000
3.279187501775 6.334844644215 0.866025403784 -0.500000000000
-16.179659862869 -1.805380645948 0.866025403784 0.500000000000
2.611048454925 -1.276369016933 0.866025403784 -0.500000000000
10.309389915339 3.594122457032 0.866025403784 0.500000000000
-3.528094253199 8.651374222818 0.866025403784 -0.500000000000
-2.183260582679 -1.253085672208 0.000000000000 1.000000000000
5.652398430457 6.529181466064 0.866025403784 0.500000000000
-2.900361186136 9.763183040184 0.866025403784 -0.500000000000
10.361169661175 19.958885444164 0.866025403784 -0.500000000000
4.161545058082 1.790738164052 0.000000000000 1.000000000000
10.602418801899 9.457924369716 0.866025403784 0.500000000000
4.403940961243 -15.305256151973 0.000000000000 1.000000000000
13.065714364197 -7.788052370499 0.866025403784 0.500000000000
7.979374019947 4.716178856015 0.866025403784 0.500000000000
5.366727669449 11.885242067428 0.000000000000 1.000000000000
8.478638140078 1.681999466473 0.866025403784 0.500000000000
10.041689278221 2.515759613601 0.866025403784 0.500000000000
3.729341039979 10.676430165728 0.000000000000 1.000000000000
