#Configurational_file created 2018-09-14 13:49:37  started 2018-09-14 13:49:36 run for 1.0s steps 0
name: gc_423
step: 10000
specie: 15
	particle_diameter: 1.0000000000000000
	interaction_length: 1.2000000000000000
	number_of_patches: 3
	number_of_particles_per_compound: 1
	rod_length: 1.0000000000000000
	interaction_matrix:  1.000000 1.000000 1.000000 1.000000 1.000000 1.000000 1.000000 1.000000 1.000000
	patch_type: symmetric
	patch_width: 8.0000000000000000
	patch_angle: 0.0000000000000000
	angles:  0.000000 0.000000 0.000000
	grand_canonical: 1
	chemical_potential: -1.0689660000000001
box: 10.000000 10.000000
copy: 1.000000 1.000000
epsilon: 0.0344840000000000
end_epsilon: 0.0000000000000000
pressure: 1.0000000000000000
lambda: 0.0000000000000000
lambda_coupling: 1.0000000000000000
uy: 0.0000000000000000
maximum_displacement: 1.0000000000000000
maximum_rotation: 1.0000000000000000
maximum_volume: 0.0000001000000000
maximum_shape: 0.0000001000000000
maximum_dsigma: 0.0100000000000000
mod: 10
pmod: 10
optimize: 1
verbose: 1
snapshot: 0
display: 1
explore: 1
npt: 0
nptxy: 0
nptdxdy: 0
shape: 0
seed: 483742
-2.621945826907 9.551963166175 0.866025403784 0.500000000000
9.277035960937 13.188335906503 0.000000000000 1.000000000000
1.910217160928 12.448565809800 0.000000000000 1.000000000000
-3.140192855863 17.681623026752 0.866025403784 -0.500000000000
6.561956513991 5.872619929749 0.000000000000 1.000000000000
5.374462367351 6.422600022102 0.866025403784 0.500000000000
-3.488407367147 6.098583377619 0.866025403784 -0.500000000000
8.271358966218 -0.482991440591 0.866025403784 -0.500000000000
-21.443382786010 11.652369302807 0.866025403784 -0.500000000000
12.010825102670 6.967237449472 0.866025403784 0.500000000000
0.084844264385 16.934505144177 0.866025403784 0.500000000000
8.159239520816 3.546661103207 0.000000000000 1.000000000000
3.056325267050 2.023189772762 0.000000000000 1.000000000000
0.082652821378 9.084188176491 0.000000000000 1.000000000000
3.369568795037 0.736778196120 0.000000000000 1.000000000000
