#Configurational_file created 2018-09-14 13:49:37  started 2018-09-14 13:49:37 run for 0.0s steps 0
name: gc_424
step: 10000
specie: 15
	particle_diameter: 1.0000000000000000
	interaction_length: 1.2000000000000000
	number_of_patches: 3
	number_of_particles_per_compound: 1
	rod_length: 1.0000000000000000
	interaction_matrix:  1.000000 1.000000 1.000000 1.000000 1.000000 1.000000 1.000000 1.000000 1.000000
	patch_type: symmetric
	patch_width: 8.0000000000000000
	patch_angle: 0.0000000000000000
	angles:  0.000000 0.000000 0.000000
	grand_canonical: 1
	chemical_potential: -1.0689660000000001
box: 10.000000 10.000000
copy: 1.000000 1.000000
epsilon: 0.0517250000000000
end_epsilon: 0.0000000000000000
pressure: 1.0000000000000000
lambda: 0.0000000000000000
lambda_coupling: 1.0000000000000000
uy: 0.0000000000000000
maximum_displacement: 1.0000000000000000
maximum_rotation: 1.0000000000000000
maximum_volume: 0.0000001000000000
maximum_shape: 0.0000001000000000
maximum_dsigma: 0.0100000000000000
mod: 10
pmod: 10
optimize: 1
verbose: 1
snapshot: 0
display: 1
explore: 1
npt: 0
nptxy: 0
nptdxdy: 0
shape: 0
seed: 484879
-13.880376445843 18.752737756278 0.000000000000 1.000000000000
3.418828354123 -2.292874652251 0.866025403784 0.500000000000
10.105348267079 6.588148477495 0.866025403784 0.500000000000
6.497414098702 4.496820880874 0.866025403784 0.500000000000
5.697206267365 3.735506542134 0.000000000000 1.000000000000
1.418202448964 4.417622680555 0.000000000000 1.000000000000
-1.908123957826 13.017536651438 0.000000000000 1.000000000000
-8.834958204806 18.095263221388 0.000000000000 1.000000000000
6.809768577191 7.273328895021 0.866025403784 0.500000000000
10.968182412410 12.058746536534 0.000000000000 1.000000000000
-5.346674163516 2.029732290009 0.000000000000 1.000000000000
8.337428403449 -3.693722447986 0.866025403784 -0.500000000000
2.160866583844 -4.244104921337 0.000000000000 1.000000000000
7.203650457510 -1.557690000905 0.000000000000 1.000000000000
18.667678956841 14.435334375134 0.000000000000 1.000000000000
