#Configurational_file created 2018-09-14 13:49:22  started 2018-09-14 13:49:21 run for 1.0s steps 0
name: gc_403
step: 10000
specie: 19
	particle_diameter: 1.0000000000000000
	interaction_length: 1.2000000000000000
	number_of_patches: 3
	number_of_particles_per_compound: 1
	rod_length: 1.0000000000000000
	interaction_matrix:  1.000000 1.000000 1.000000 1.000000 1.000000 1.000000 1.000000 1.000000 1.000000
	patch_type: symmetric
	patch_width: 8.0000000000000000
	patch_angle: 0.0000000000000000
	angles:  0.000000 0.000000 0.000000
	grand_canonical: 1
	chemical_potential: -1.2068970000000001
box: 10.000000 10.000000
copy: 1.000000 1.000000
epsilon: 0.2068970000000000
end_epsilon: 0.0000000000000000
pressure: 1.0000000000000000
lambda: 0.0000000000000000
lambda_coupling: 1.0000000000000000
uy: 0.0000000000000000
maximum_displacement: 1.0000000000000000
maximum_rotation: 1.0000000000000000
maximum_volume: 0.0000001000000000
maximum_shape: 0.0000001000000000
maximum_dsigma: 0.0100000000000000
mod: 10
pmod: 10
optimize: 1
verbose: 1
snapshot: 0
display: 1
explore: 1
npt: 0
nptxy: 0
nptdxdy: 0
shape: 0
seed: 461002
6.295027701111 14.639276195048 0.866025403784 0.500000000000
-9.934063059519 10.348215721557 0.000000000000 1.000000000000
9.523682330724 3.701027085845 0.000000000000 1.000000000000
-17.932952281360 7.125491655525 0.000000000000 1.000000000000
-1.879945810905 5.615090533532 0.000000000000 1.000000000000
1.193317905437 -1.354922348419 0.866025403784 -0.500000000000
-21.580886011893 0.292860844629 0.866025403784 -0.500000000000
7.624689735723 -5.721033745919 0.866025403784 0.500000000000
8.882071400764 -2.184547896611 0.866025403784 0.500000000000
4.337765860991 6.585553284551 0.866025403784 0.500000000000
15.830836479974 -2.277911160697 0.866025403784 -0.500000000000
6.984529041649 10.304349371190 0.866025403784 0.500000000000
4.805998578259 7.500631924083 0.866025403784 -0.500000000000
3.457430456775 6.073651321524 0.866025403784 0.500000000000
2.680853679081 13.632639031002 0.866025403784 -0.500000000000
3.159795284758 -1.026676671641 0.866025403784 0.500000000000
5.206769158816 12.536242817328 0.866025403784 0.500000000000
0.087320540072 7.731160066999 0.866025403784 0.500000000000
6.262103433484 5.913073714256 0.000000000000 1.000000000000
