#Configurational_file created 2018-09-14 13:49:25  started 2018-09-14 13:49:24 run for 1.0s steps 0
name: gc_407
step: 10000
specie: 15
	particle_diameter: 1.0000000000000000
	interaction_length: 1.2000000000000000
	number_of_patches: 3
	number_of_particles_per_compound: 1
	rod_length: 1.0000000000000000
	interaction_matrix:  1.000000 1.000000 1.000000 1.000000 1.000000 1.000000 1.000000 1.000000 1.000000
	patch_type: symmetric
	patch_width: 8.0000000000000000
	patch_angle: 0.0000000000000000
	angles:  0.000000 0.000000 0.000000
	grand_canonical: 1
	chemical_potential: -1.2068970000000001
box: 10.000000 10.000000
copy: 1.000000 1.000000
epsilon: 0.2758630000000000
end_epsilon: 0.0000000000000000
pressure: 1.0000000000000000
lambda: 0.0000000000000000
lambda_coupling: 1.0000000000000000
uy: 0.0000000000000000
maximum_displacement: 1.0000000000000000
maximum_rotation: 1.0000000000000000
maximum_volume: 0.0000001000000000
maximum_shape: 0.0000001000000000
maximum_dsigma: 0.0100000000000000
mod: 10
pmod: 10
optimize: 1
verbose: 1
snapshot: 0
display: 1
explore: 1
npt: 0
nptxy: 0
nptdxdy: 0
shape: 0
seed: 465550
17.305374417586 1.633461425731 0.866025403784 -0.500000000000
2.460276197809 8.679159405852 0.866025403784 -0.500000000000
10.147063485296 3.112521166398 0.866025403784 0.500000000000
-10.769638747637 -0.641608075932 0.000000000000 1.000000000000
0.021657087535 -2.144631812689 0.866025403784 0.500000000000
24.566374167233 6.173021749977 0.866025403784 -0.500000000000
25.481792100966 3.439102552273 0.866025403784 -0.500000000000
15.733120757983 8.751987467510 0.866025403784 0.500000000000
-1.777886144283 5.906516115591 0.866025403784 -0.500000000000
13.190987400373 14.674172522110 0.866025403784 -0.500000000000
-1.290561050080 0.101315375877 0.866025403784 -0.500000000000
4.733062087112 10.287137131255 0.000000000000 1.000000000000
-2.327894884098 -0.643011160016 0.000000000000 1.000000000000
14.247953762839 5.275764700957 0.000000000000 1.000000000000
16.089183392982 -5.130124441730 0.866025403784 0.500000000000
