#Configurational_file created 2018-09-14 13:50:00  started 2018-09-14 13:49:59 run for 1.0s steps 0
name: gc_454
step: 10000
specie: 17
	particle_diameter: 1.0000000000000000
	interaction_length: 1.2000000000000000
	number_of_patches: 3
	number_of_particles_per_compound: 1
	rod_length: 1.0000000000000000
	interaction_matrix:  1.000000 1.000000 1.000000 1.000000 1.000000 1.000000 1.000000 1.000000 1.000000
	patch_type: symmetric
	patch_width: 8.0000000000000000
	patch_angle: 0.0000000000000000
	angles:  0.000000 0.000000 0.000000
	grand_canonical: 1
	chemical_potential: -0.9310340000000000
box: 10.000000 10.000000
copy: 1.000000 1.000000
epsilon: 0.0517250000000000
end_epsilon: 0.0000000000000000
pressure: 1.0000000000000000
lambda: 0.0000000000000000
lambda_coupling: 1.0000000000000000
uy: 0.0000000000000000
maximum_displacement: 1.0000000000000000
maximum_rotation: 1.0000000000000000
maximum_volume: 0.0000001000000000
maximum_shape: 0.0000001000000000
maximum_dsigma: 0.0100000000000000
mod: 10
pmod: 10
optimize: 1
verbose: 1
snapshot: 0
display: 1
explore: 1
npt: 0
nptxy: 0
nptdxdy: 0
shape: 0
seed: 518989
5.006003971937 0.381448751954 0.866025403784 -0.500000000000
0.386726631163 18.549348020856 0.866025403784 0.500000000000
3.932770824055 12.715885585090 0.866025403784 0.500000000000
5.997933102133 1.030615610675 0.866025403784 -0.500000000000
-3.581591373196 0.421338786753 0.000000000000 1.000000000000
3.639319037973 9.377400710571 0.000000000000 1.000000000000
-4.768728976510 -1.167528521512 0.000000000000 1.000000000000
-6.256768167338 -4.352729205753 0.866025403784 -0.500000000000
11.000678897452 10.051062519836 0.866025403784 0.500000000000
3.023824231156 10.322709190166 0.866025403784 -0.500000000000
4.346239661364 4.394791483031 0.000000000000 1.000000000000
1.762044178194 -0.809693790806 0.000000000000 1.000000000000
4.955785756818 -4.369634557156 0.866025403784 -0.500000000000
7.183312366761 -3.750126861986 0.866025403784 -0.500000000000
11.783736055509 15.570890993593 0.866025403784 -0.500000000000
0.112142164025 -7.591475414780 0.866025403784 0.500000000000
2.503575649399 -3.377823792619 0.866025403784 -0.500000000000
