#Configurational_file created 2018-09-14 13:49:50  started 2018-09-14 13:49:49 run for 1.0s steps 0
name: gc_440
step: 10000
specie: 16
	particle_diameter: 1.0000000000000000
	interaction_length: 1.2000000000000000
	number_of_patches: 3
	number_of_particles_per_compound: 1
	rod_length: 1.0000000000000000
	interaction_matrix:  1.000000 1.000000 1.000000 1.000000 1.000000 1.000000 1.000000 1.000000 1.000000
	patch_type: symmetric
	patch_width: 8.0000000000000000
	patch_angle: 0.0000000000000000
	angles:  0.000000 0.000000 0.000000
	grand_canonical: 1
	chemical_potential: -1.0689660000000001
box: 10.000000 10.000000
copy: 1.000000 1.000000
epsilon: 0.3275870000000000
end_epsilon: 0.0000000000000000
pressure: 1.0000000000000000
lambda: 0.0000000000000000
lambda_coupling: 1.0000000000000000
uy: 0.0000000000000000
maximum_displacement: 1.0000000000000000
maximum_rotation: 1.0000000000000000
maximum_volume: 0.0000001000000000
maximum_shape: 0.0000001000000000
maximum_dsigma: 0.0100000000000000
mod: 10
pmod: 10
optimize: 1
verbose: 1
snapshot: 0
display: 1
explore: 1
npt: 0
nptxy: 0
nptdxdy: 0
shape: 0
seed: 503071
-5.387050421261 -9.060959696870 0.866025403784 -0.500000000000
7.644953738810 -0.612493335507 0.000000000000 1.000000000000
6.109369389428 11.065078645644 0.866025403784 -0.500000000000
4.626028562250 18.221840161939 0.866025403784 -0.500000000000
17.966725607685 4.438614866563 0.866025403784 0.500000000000
6.021323610963 8.975432382779 0.866025403784 0.500000000000
1.657214481985 8.200072837701 0.866025403784 -0.500000000000
-3.700730623288 18.258481246010 0.000000000000 1.000000000000
9.431095407489 4.082104874292 0.866025403784 -0.500000000000
-5.397471649864 -6.946206664314 0.866025403784 0.500000000000
13.777047870312 -4.428843400847 0.866025403784 0.500000000000
13.829392619732 13.925634888151 0.866025403784 0.500000000000
0.860267326105 7.078706147421 0.000000000000 1.000000000000
6.488008544220 15.973814607401 0.866025403784 -0.500000000000
0.302153221471 0.251562345963 0.866025403784 0.500000000000
5.418514000375 2.892593150438 0.000000000000 1.000000000000
