#Configurational_file created 2018-09-14 13:50:16  started 2018-09-14 13:50:15 run for 1.0s steps 0
name: gc_474
step: 10000
specie: 19
	particle_diameter: 1.0000000000000000
	interaction_length: 1.2000000000000000
	number_of_patches: 3
	number_of_particles_per_compound: 1
	rod_length: 1.0000000000000000
	interaction_matrix:  1.000000 1.000000 1.000000 1.000000 1.000000 1.000000 1.000000 1.000000 1.000000
	patch_type: symmetric
	patch_width: 8.0000000000000000
	patch_angle: 0.0000000000000000
	angles:  0.000000 0.000000 0.000000
	grand_canonical: 1
	chemical_potential: -0.9310340000000000
box: 10.000000 10.000000
copy: 1.000000 1.000000
epsilon: 0.3965520000000000
end_epsilon: 0.0000000000000000
pressure: 1.0000000000000000
lambda: 0.0000000000000000
lambda_coupling: 1.0000000000000000
uy: 0.0000000000000000
maximum_displacement: 1.0000000000000000
maximum_rotation: 1.0000000000000000
maximum_volume: 0.0000001000000000
maximum_shape: 0.0000001000000000
maximum_dsigma: 0.0100000000000000
mod: 10
pmod: 10
optimize: 1
verbose: 1
snapshot: 0
display: 1
explore: 1
npt: 0
nptxy: 0
nptdxdy: 0
shape: 0
seed: 541729
4.423099258009 1.659793835557 0.000000000000 1.000000000000
-5.063331139568 6.690065450980 0.866025403784 0.500000000000
-10.680175782711 12.780378065382 0.866025403784 -0.500000000000
7.054086606939 7.911651587473 0.866025403784 -0.500000000000
8.616804123365 -5.945277137925 0.866025403784 0.500000000000
2.511784480115 5.987399932761 0.000000000000 1.000000000000
-4.625144598506 17.766977610449 0.866025403784 0.500000000000
6.382426113647 9.881760668420 0.866025403784 -0.500000000000
1.285172543926 5.349995941429 0.866025403784 -0.500000000000
5.635530570495 -0.978466655665 0.866025403784 -0.500000000000
17.077362093683 -5.017411596229 0.866025403784 -0.500000000000
9.383072636250 -3.761092116240 0.866025403784 0.500000000000
8.519858881945 18.788019284179 0.866025403784 0.500000000000
17.774858311556 6.677441260956 0.866025403784 0.500000000000
7.116353810826 3.923633891726 0.866025403784 -0.500000000000
2.574739207376 2.262711459123 0.866025403784 -0.500000000000
16.095696572431 4.387108694730 0.866025403784 -0.500000000000
4.296110289813 8.486672574613 0.866025403784 -0.500000000000
2.320033768728 8.319334755571 0.866025403784 -0.500000000000
