#Configurational_file created 2018-09-14 13:49:25  started 2018-09-14 13:49:25 run for 0.0s steps 0
name: gc_408
step: 10000
specie: 13
	particle_diameter: 1.0000000000000000
	interaction_length: 1.2000000000000000
	number_of_patches: 3
	number_of_particles_per_compound: 1
	rod_length: 1.0000000000000000
	interaction_matrix:  1.000000 1.000000 1.000000 1.000000 1.000000 1.000000 1.000000 1.000000 1.000000
	patch_type: symmetric
	patch_width: 8.0000000000000000
	patch_angle: 0.0000000000000000
	angles:  0.000000 0.000000 0.000000
	grand_canonical: 1
	chemical_potential: -1.2068970000000001
box: 10.000000 10.000000
copy: 1.000000 1.000000
epsilon: 0.2931040000000000
end_epsilon: 0.0000000000000000
pressure: 1.0000000000000000
lambda: 0.0000000000000000
lambda_coupling: 1.0000000000000000
uy: 0.0000000000000000
maximum_displacement: 1.0000000000000000
maximum_rotation: 1.0000000000000000
maximum_volume: 0.0000001000000000
maximum_shape: 0.0000001000000000
maximum_dsigma: 0.0100000000000000
mod: 10
pmod: 10
optimize: 1
verbose: 1
snapshot: 0
display: 1
explore: 1
npt: 0
nptxy: 0
nptdxdy: 0
shape: 0
seed: 466687
3.010961476053 4.850861100035 0.000000000000 1.000000000000
6.734382687174 -15.429933653838 0.866025403784 -0.500000000000
3.078253755352 11.384183502265 0.000000000000 1.000000000000
-10.168564749432 16.610846295338 0.000000000000 1.000000000000
4.098675467911 1.635500501584 0.000000000000 1.000000000000
-12.086257400442 10.860309796828 0.000000000000 1.000000000000
9.975758587581 -8.145098010084 0.866025403784 0.500000000000
-14.290586818229 8.293470893054 0.866025403784 -0.500000000000
11.628061469181 7.951411687719 0.866025403784 0.500000000000
4.317204224984 2.584653412741 0.866025403784 -0.500000000000
10.514215804630 9.811279612483 0.000000000000 1.000000000000
28.963494678156 -4.560005183149 0.866025403784 0.500000000000
4.301120790642 -3.010131205500 0.866025403784 0.500000000000
