#Configurational_file created 2018-09-14 13:49:48  started 2018-09-14 13:49:47 run for 1.0s steps 0
name: gc_438
step: 10000
specie: 15
	particle_diameter: 1.0000000000000000
	interaction_length: 1.2000000000000000
	number_of_patches: 3
	number_of_particles_per_compound: 1
	rod_length: 1.0000000000000000
	interaction_matrix:  1.000000 1.000000 1.000000 1.000000 1.000000 1.000000 1.000000 1.000000 1.000000
	patch_type: symmetric
	patch_width: 8.0000000000000000
	patch_angle: 0.0000000000000000
	angles:  0.000000 0.000000 0.000000
	grand_canonical: 1
	chemical_potential: -1.0689660000000001
box: 10.000000 10.000000
copy: 1.000000 1.000000
epsilon: 0.2931040000000000
end_epsilon: 0.0000000000000000
pressure: 1.0000000000000000
lambda: 0.0000000000000000
lambda_coupling: 1.0000000000000000
uy: 0.0000000000000000
maximum_displacement: 1.0000000000000000
maximum_rotation: 1.0000000000000000
maximum_volume: 0.0000001000000000
maximum_shape: 0.0000001000000000
maximum_dsigma: 0.0100000000000000
mod: 10
pmod: 10
optimize: 1
verbose: 1
snapshot: 0
display: 1
explore: 1
npt: 0
nptxy: 0
nptdxdy: 0
shape: 0
seed: 500797
25.352289250154 1.988546556850 0.866025403784 -0.500000000000
13.096667478361 7.547450649615 0.866025403784 0.500000000000
-2.227416894973 14.243114181193 0.866025403784 0.500000000000
-15.268297555661 26.181923975745 0.000000000000 1.000000000000
15.837220943527 13.394716677533 0.000000000000 1.000000000000
-6.912294037858 4.357618327097 0.000000000000 1.000000000000
9.834920467150 2.648536931663 0.866025403784 -0.500000000000
19.712004592636 -2.255941480067 0.866025403784 -0.500000000000
0.805052305342 -1.584898614146 0.866025403784 0.500000000000
0.829598996940 -5.357713453297 0.866025403784 -0.500000000000
0.716462344715 6.996928063181 0.866025403784 0.500000000000
5.325720511898 9.224156852265 0.000000000000 1.000000000000
8.510992580942 13.237448729245 0.866025403784 0.500000000000
2.324543052489 2.595252364873 0.866025403784 -0.500000000000
1.493786967718 8.633503761260 0.000000000000 1.000000000000
