#Configurational_file created 2018-09-14 13:49:24  started 2018-09-14 13:49:23 run for 1.0s steps 0
name: gc_406
step: 10000
specie: 14
	particle_diameter: 1.0000000000000000
	interaction_length: 1.2000000000000000
	number_of_patches: 3
	number_of_particles_per_compound: 1
	rod_length: 1.0000000000000000
	interaction_matrix:  1.000000 1.000000 1.000000 1.000000 1.000000 1.000000 1.000000 1.000000 1.000000
	patch_type: symmetric
	patch_width: 8.0000000000000000
	patch_angle: 0.0000000000000000
	angles:  0.000000 0.000000 0.000000
	grand_canonical: 1
	chemical_potential: -1.2068970000000001
box: 10.000000 10.000000
copy: 1.000000 1.000000
epsilon: 0.2586210000000000
end_epsilon: 0.0000000000000000
pressure: 1.0000000000000000
lambda: 0.0000000000000000
lambda_coupling: 1.0000000000000000
uy: 0.0000000000000000
maximum_displacement: 1.0000000000000000
maximum_rotation: 1.0000000000000000
maximum_volume: 0.0000001000000000
maximum_shape: 0.0000001000000000
maximum_dsigma: 0.0100000000000000
mod: 10
pmod: 10
optimize: 1
verbose: 1
snapshot: 0
display: 1
explore: 1
npt: 0
nptxy: 0
nptdxdy: 0
shape: 0
seed: 464413
-11.886359552537 -0.484677577014 0.866025403784 -0.500000000000
6.902056172629 -1.791514573774 0.000000000000 1.000000000000
4.247341581068 27.018762401592 0.866025403784 0.500000000000
5.694552754750 4.533809497005 0.866025403784 -0.500000000000
3.457428725862 8.740215873088 0.000000000000 1.000000000000
1.349774108231 -1.820942465418 0.866025403784 -0.500000000000
1.668797860051 -2.342340247954 0.000000000000 1.000000000000
17.102409425586 14.269985454273 0.866025403784 0.500000000000
11.956234638662 -0.179683003289 0.000000000000 1.000000000000
2.684123269468 3.589632738628 0.866025403784 -0.500000000000
6.439682480149 6.149407901344 0.866025403784 -0.500000000000
5.697471300186 11.821661432047 0.000000000000 1.000000000000
2.762052565588 5.752708952750 0.000000000000 1.000000000000
9.377478002869 2.506252216566 0.866025403784 0.500000000000
