#Configurational_file created 2018-09-14 13:49:59  started 2018-09-14 13:49:59 run for 0.0s steps 0
name: gc_453
step: 10000
specie: 19
	particle_diameter: 1.0000000000000000
	interaction_length: 1.2000000000000000
	number_of_patches: 3
	number_of_particles_per_compound: 1
	rod_length: 1.0000000000000000
	interaction_matrix:  1.000000 1.000000 1.000000 1.000000 1.000000 1.000000 1.000000 1.000000 1.000000
	patch_type: symmetric
	patch_width: 8.0000000000000000
	patch_angle: 0.0000000000000000
	angles:  0.000000 0.000000 0.000000
	grand_canonical: 1
	chemical_potential: -0.9310340000000000
box: 10.000000 10.000000
copy: 1.000000 1.000000
epsilon: 0.0344840000000000
end_epsilon: 0.0000000000000000
pressure: 1.0000000000000000
lambda: 0.0000000000000000
lambda_coupling: 1.0000000000000000
uy: 0.0000000000000000
maximum_displacement: 1.0000000000000000
maximum_rotation: 1.0000000000000000
maximum_volume: 0.0000001000000000
maximum_shape: 0.0000001000000000
maximum_dsigma: 0.0100000000000000
mod: 10
pmod: 10
optimize: 1
verbose: 1
snapshot: 0
display: 1
explore: 1
npt: 0
nptxy: 0
nptdxdy: 0
shape: 0
seed: 517852
10.689356849662 -0.347907819082 0.866025403784 -0.500000000000
12.878878809205 12.236316496178 0.866025403784 0.500000000000
9.328999213504 1.235208792314 0.000000000000 1.000000000000
6.880936375032 5.840065006921 0.866025403784 -0.500000000000
3.361722300842 11.628316346727 0.000000000000 1.000000000000
8.731685048310 13.123031926582 0.866025403784 0.500000000000
1.613548251077 2.563491773356 0.866025403784 -0.500000000000
-0.877392224092 8.993972787723 0.866025403784 -0.500000000000
-7.312176575946 6.759441887759 0.000000000000 1.000000000000
15.342955577863 4.513246779672 0.866025403784 0.500000000000
4.728757456894 11.912758410136 0.000000000000 1.000000000000
16.073234801521 10.493585632934 0.000000000000 1.000000000000
20.406776397840 -8.222492275226 0.000000000000 1.000000000000
6.695032791333 12.900840098111 0.866025403784 -0.500000000000
-2.755085444108 8.332257477130 0.000000000000 1.000000000000
6.880536676553 4.445412629764 0.866025403784 -0.500000000000
2.311927791294 4.453568899159 0.866025403784 0.500000000000
5.100781733847 5.737443540895 0.866025403784 0.500000000000
-0.749342680859 8.393894877153 0.866025403784 0.500000000000
