#Configurational_file created 2018-09-14 13:49:50  started 2018-09-14 13:49:50 run for 0.0s steps 0
name: gc_441
step: 10000
specie: 15
	particle_diameter: 1.0000000000000000
	interaction_length: 1.2000000000000000
	number_of_patches: 3
	number_of_particles_per_compound: 1
	rod_length: 1.0000000000000000
	interaction_matrix:  1.000000 1.000000 1.000000 1.000000 1.000000 1.000000 1.000000 1.000000 1.000000
	patch_type: symmetric
	patch_width: 8.0000000000000000
	patch_angle: 0.0000000000000000
	angles:  0.000000 0.000000 0.000000
	grand_canonical: 1
	chemical_potential: -1.0689660000000001
box: 10.000000 10.000000
copy: 1.000000 1.000000
epsilon: 0.3448280000000000
end_epsilon: 0.0000000000000000
pressure: 1.0000000000000000
lambda: 0.0000000000000000
lambda_coupling: 1.0000000000000000
uy: 0.0000000000000000
maximum_displacement: 1.0000000000000000
maximum_rotation: 1.0000000000000000
maximum_volume: 0.0000001000000000
maximum_shape: 0.0000001000000000
maximum_dsigma: 0.0100000000000000
mod: 10
pmod: 10
optimize: 1
verbose: 1
snapshot: 0
display: 1
explore: 1
npt: 0
nptxy: 0
nptdxdy: 0
shape: 0
seed: 504208
3.198604548259 25.996742609438 0.866025403784 0.500000000000
6.590846728280 -7.938000531597 0.000000000000 1.000000000000
-5.960543544370 2.167768595265 0.000000000000 1.000000000000
10.661603538313 7.523771548856 0.866025403784 -0.500000000000
1.902781772279 7.549593864500 0.000000000000 1.000000000000
5.260347449802 7.609888547956 0.866025403784 0.500000000000
-13.729072330179 23.891914720876 0.866025403784 -0.500000000000
5.502311559577 6.037503379973 0.866025403784 -0.500000000000
4.794142953173 -1.140676094454 0.866025403784 -0.500000000000
9.704177366728 -0.791361928833 0.866025403784 0.500000000000
-0.666599676357 1.151282325815 0.866025403784 0.500000000000
-8.628774521372 9.473201409188 0.000000000000 1.000000000000
13.540677779941 8.288882009679 0.866025403784 0.500000000000
0.859408456651 6.383048049493 0.866025403784 -0.500000000000
5.657810561996 3.400531440141 0.000000000000 1.000000000000
