#Configurational_file created 2018-09-14 13:49:19  started 2018-09-14 13:49:19 run for 0.0s steps 0
name: gc_400
step: 10000
specie: 19
	particle_diameter: 1.0000000000000000
	interaction_length: 1.2000000000000000
	number_of_patches: 3
	number_of_particles_per_compound: 1
	rod_length: 1.0000000000000000
	interaction_matrix:  1.000000 1.000000 1.000000 1.000000 1.000000 1.000000 1.000000 1.000000 1.000000
	patch_type: symmetric
	patch_width: 8.0000000000000000
	patch_angle: 0.0000000000000000
	angles:  0.000000 0.000000 0.000000
	grand_canonical: 1
	chemical_potential: -1.2068970000000001
box: 10.000000 10.000000
copy: 1.000000 1.000000
epsilon: 0.1551730000000000
end_epsilon: 0.0000000000000000
pressure: 1.0000000000000000
lambda: 0.0000000000000000
lambda_coupling: 1.0000000000000000
uy: 0.0000000000000000
maximum_displacement: 1.0000000000000000
maximum_rotation: 1.0000000000000000
maximum_volume: 0.0000001000000000
maximum_shape: 0.0000001000000000
maximum_dsigma: 0.0100000000000000
mod: 10
pmod: 10
optimize: 1
verbose: 1
snapshot: 0
display: 1
explore: 1
npt: 0
nptxy: 0
nptdxdy: 0
shape: 0
seed: 457591
-8.828859026252 1.168339968971 0.866025403784 -0.500000000000
3.596190254803 4.418026720472 0.866025403784 0.500000000000
10.332231265970 5.342028888998 0.866025403784 0.500000000000
-0.778571036896 13.660881797760 0.866025403784 -0.500000000000
8.456836500085 -4.531432378244 0.866025403784 0.500000000000
11.327392764914 -2.520887385476 0.866025403784 0.500000000000
13.382924908806 1.896965652667 0.866025403784 -0.500000000000
-1.341014561761 0.699874696285 0.000000000000 1.000000000000
5.927943454555 10.664424630360 0.000000000000 1.000000000000
14.167403513286 1.189401625976 0.000000000000 1.000000000000
-3.666831689342 11.234434371377 0.866025403784 -0.500000000000
-6.202675871948 12.894053222557 0.866025403784 -0.500000000000
-5.111525825631 -2.749328402066 0.866025403784 -0.500000000000
0.985076611779 -0.140266333059 0.866025403784 -0.500000000000
0.724383097776 8.291007384725 0.866025403784 0.500000000000
7.250668364595 16.432395025421 0.866025403784 -0.500000000000
6.604186882584 7.990218669701 0.866025403784 0.500000000000
12.340596841000 -10.872001285804 0.000000000000 1.000000000000
0.994663160227 2.750590599376 0.866025403784 0.500000000000
