#Configurational_file created 2018-09-14 13:50:27  started 2018-09-14 13:50:26 run for 1.0s steps 0
name: gc_488
step: 10000
specie: 18
	particle_diameter: 1.0000000000000000
	interaction_length: 1.2000000000000000
	number_of_patches: 3
	number_of_particles_per_compound: 1
	rod_length: 1.0000000000000000
	interaction_matrix:  1.000000 1.000000 1.000000 1.000000 1.000000 1.000000 1.000000 1.000000 1.000000
	patch_type: symmetric
	patch_width: 8.0000000000000000
	patch_angle: 0.0000000000000000
	angles:  0.000000 0.000000 0.000000
	grand_canonical: 1
	chemical_potential: -0.7931030000000000
box: 10.000000 10.000000
copy: 1.000000 1.000000
epsilon: 0.1206900000000000
end_epsilon: 0.0000000000000000
pressure: 1.0000000000000000
lambda: 0.0000000000000000
lambda_coupling: 1.0000000000000000
uy: 0.0000000000000000
maximum_displacement: 1.0000000000000000
maximum_rotation: 1.0000000000000000
maximum_volume: 0.0000001000000000
maximum_shape: 0.0000001000000000
maximum_dsigma: 0.0100000000000000
mod: 10
pmod: 10
optimize: 1
verbose: 1
snapshot: 0
display: 1
explore: 1
npt: 0
nptxy: 0
nptdxdy: 0
shape: 0
seed: 557647
20.523077420164 -7.642561841487 0.000000000000 1.000000000000
9.666234758715 -0.448962626026 0.866025403784 -0.500000000000
13.209489664748 11.873769686269 0.866025403784 0.500000000000
3.775469239410 5.153641799314 0.866025403784 0.500000000000
-1.946666666756 12.961277211651 0.000000000000 1.000000000000
3.099624407443 0.653087811762 0.866025403784 0.500000000000
1.320704823911 5.509313965240 0.000000000000 1.000000000000
-5.612977063832 2.112885581484 0.866025403784 0.500000000000
-5.068980320059 12.942277392570 0.866025403784 -0.500000000000
10.317300743550 3.139778233638 0.866025403784 -0.500000000000
6.893829021710 12.099975443345 0.866025403784 -0.500000000000
1.132893876384 8.189698839298 0.000000000000 1.000000000000
1.352589317020 6.769227811422 0.000000000000 1.000000000000
-7.965419219519 0.011476838485 0.866025403784 -0.500000000000
0.851186047710 9.832569695894 0.866025403784 -0.500000000000
9.268938500043 10.526350339824 0.866025403784 -0.500000000000
0.727624063200 16.580459559405 0.866025403784 0.500000000000
7.662385504769 1.223730634374 0.000000000000 1.000000000000
