#Configurational_file created 2018-09-14 11:26:48  started 2018-09-14 11:26:47 run for 1.0s steps 0
name: gc_431
step: 10000
specie: 21
	particle_diameter: 1.0000000000000000
	interaction_length: 1.2000000000000000
	number_of_patches: 3
	number_of_particles_per_compound: 1
	rod_length: 1.0000000000000000
	interaction_matrix:  1.000000 1.000000 1.000000 1.000000 1.000000 1.000000 1.000000 1.000000 1.000000
	patch_type: symmetric
	patch_width: 8.0000000000000000
	patch_angle: 0.0000000000000000
	angles:  0.000000 0.000000 0.000000
	grand_canonical: 1
	chemical_potential: -0.1666670000000000
box: 10.000000 10.000000
copy: 1.000000 1.000000
epsilon: 0.4167460000000000
end_epsilon: 0.0000000000000000
pressure: 1.0000000000000000
lambda: 0.0000000000000000
lambda_coupling: 1.0000000000000000
uy: 0.0000000000000000
maximum_displacement: 1.0000000000000000
maximum_rotation: 1.0000000000000000
maximum_volume: 0.0000001000000000
maximum_shape: 0.0000001000000000
maximum_dsigma: 0.0100000000000000
mod: 10
pmod: 10
optimize: 1
verbose: 1
snapshot: 0
display: 1
explore: 1
npt: 0
nptxy: 0
nptdxdy: 0
shape: 0
seed: 492838
5.381680028080 4.912521448249 0.866025403784 -0.500000000000
7.474753572352 -2.018350475980 0.000000000000 1.000000000000
-12.929485776303 -41.505979038331 0.866025403784 -0.500000000000
-1.524240106891 6.727402544270 0.866025403784 0.500000000000
0.521830367206 7.752648099171 0.866025403784 0.500000000000
24.197658863479 -27.548679291006 0.866025403784 -0.500000000000
7.814032187648 25.540141826841 0.000000000000 1.000000000000
-4.610407457528 -13.010570682562 0.866025403784 0.500000000000
0.689069217542 -7.559712182951 0.866025403784 -0.500000000000
1.170021388115 6.512097300054 0.866025403784 0.500000000000
-1.200557006212 21.383143590380 0.000000000000 1.000000000000
-4.092817163227 -2.477321760208 0.866025403784 -0.500000000000
6.373545243226 -3.419407955071 0.866025403784 0.500000000000
9.909207795296 -0.731538763058 0.866025403784 -0.500000000000
2.410221094398 -4.230124030443 0.866025403784 0.500000000000
4.421241470114 0.635661214363 0.000000000000 1.000000000000
-27.559715986725 -8.848821524181 0.866025403784 0.500000000000
-13.859778344858 -0.166304803757 0.866025403784 0.500000000000
0.851029420139 1.351452291771 0.000000000000 1.000000000000
2.641105619470 7.989376150550 0.866025403784 -0.500000000000
6.739974483309 4.833487120478 0.866025403784 0.500000000000
