#Configurational_file created 2018-09-14 13:50:26  started 2018-09-14 13:50:25 run for 1.0s steps 0
name: gc_487
step: 10000
specie: 13
	particle_diameter: 1.0000000000000000
	interaction_length: 1.2000000000000000
	number_of_patches: 3
	number_of_particles_per_compound: 1
	rod_length: 1.0000000000000000
	interaction_matrix:  1.000000 1.000000 1.000000 1.000000 1.000000 1.000000 1.000000 1.000000 1.000000
	patch_type: symmetric
	patch_width: 8.0000000000000000
	patch_angle: 0.0000000000000000
	angles:  0.000000 0.000000 0.000000
	grand_canonical: 1
	chemical_potential: -0.7931030000000000
box: 10.000000 10.000000
copy: 1.000000 1.000000
epsilon: 0.1034490000000000
end_epsilon: 0.0000000000000000
pressure: 1.0000000000000000
lambda: 0.0000000000000000
lambda_coupling: 1.0000000000000000
uy: 0.0000000000000000
maximum_displacement: 1.0000000000000000
maximum_rotation: 1.0000000000000000
maximum_volume: 0.0000001000000000
maximum_shape: 0.0000001000000000
maximum_dsigma: 0.0100000000000000
mod: 10
pmod: 10
optimize: 1
verbose: 1
snapshot: 0
display: 1
explore: 1
npt: 0
nptxy: 0
nptdxdy: 0
shape: 0
seed: 556510
14.573139285040 -1.032681121225 0.866025403784 0.500000000000
-1.424092959257 3.012776138180 0.866025403784 -0.500000000000
-0.566616896924 -21.850074205910 0.866025403784 -0.500000000000
5.941772093117 12.396096426191 0.866025403784 -0.500000000000
4.053751246798 0.789665450322 0.000000000000 1.000000000000
0.339748469387 7.128657235195 0.866025403784 -0.500000000000
1.275626730142 5.174132076995 0.866025403784 0.500000000000
11.613513952314 -6.680011528850 0.866025403784 0.500000000000
-0.927698499722 -2.904560502610 0.000000000000 1.000000000000
-15.231496719816 5.259843915352 0.866025403784 0.500000000000
7.197468624101 12.064456209101 0.866025403784 0.500000000000
8.268094563898 9.547385146951 0.866025403784 -0.500000000000
0.273925896812 4.162441515300 0.866025403784 0.500000000000
