#Configurational_file created 2018-09-14 13:49:30  started 2018-09-14 13:49:29 run for 1.0s steps 0
name: gc_414
step: 10000
specie: 17
	particle_diameter: 1.0000000000000000
	interaction_length: 1.2000000000000000
	number_of_patches: 3
	number_of_particles_per_compound: 1
	rod_length: 1.0000000000000000
	interaction_matrix:  1.000000 1.000000 1.000000 1.000000 1.000000 1.000000 1.000000 1.000000 1.000000
	patch_type: symmetric
	patch_width: 8.0000000000000000
	patch_angle: 0.0000000000000000
	angles:  0.000000 0.000000 0.000000
	grand_canonical: 1
	chemical_potential: -1.2068970000000001
box: 10.000000 10.000000
copy: 1.000000 1.000000
epsilon: 0.3965520000000000
end_epsilon: 0.0000000000000000
pressure: 1.0000000000000000
lambda: 0.0000000000000000
lambda_coupling: 1.0000000000000000
uy: 0.0000000000000000
maximum_displacement: 1.0000000000000000
maximum_rotation: 1.0000000000000000
maximum_volume: 0.0000001000000000
maximum_shape: 0.0000001000000000
maximum_dsigma: 0.0100000000000000
mod: 10
pmod: 10
optimize: 1
verbose: 1
snapshot: 0
display: 1
explore: 1
npt: 0
nptxy: 0
nptdxdy: 0
shape: 0
seed: 473509
7.472793762386 5.726137681078 0.000000000000 1.000000000000
3.387229867175 -0.622242910233 0.000000000000 1.000000000000
2.644239924161 13.286489175775 0.000000000000 1.000000000000
3.077975847040 7.250270317340 0.866025403784 0.500000000000
11.480015403160 12.485098626628 0.000000000000 1.000000000000
1.316174980330 -0.025031585511 0.866025403784 -0.500000000000
16.628013731930 -3.374036712279 0.866025403784 -0.500000000000
23.590172055659 -4.374766130994 0.000000000000 1.000000000000
-0.736981936776 1.715040471472 0.000000000000 1.000000000000
-1.908019096622 10.233149473613 0.866025403784 -0.500000000000
-1.050479715180 10.549845819151 0.000000000000 1.000000000000
17.344634460578 3.418798541763 0.866025403784 -0.500000000000
7.263010352701 1.441105655033 0.866025403784 -0.500000000000
14.005950557736 10.846371355086 0.866025403784 0.500000000000
0.908711258680 -11.720440919844 0.866025403784 0.500000000000
-5.818495692524 12.425085599875 0.866025403784 0.500000000000
2.415329522427 1.958542017585 0.000000000000 1.000000000000
