#Configurational_file created 2018-09-14 13:50:34  started 2018-09-14 13:50:33 run for 1.0s steps 0
name: gc_497
step: 10000
specie: 19
	particle_diameter: 1.0000000000000000
	interaction_length: 1.2000000000000000
	number_of_patches: 3
	number_of_particles_per_compound: 1
	rod_length: 1.0000000000000000
	interaction_matrix:  1.000000 1.000000 1.000000 1.000000 1.000000 1.000000 1.000000 1.000000 1.000000
	patch_type: symmetric
	patch_width: 8.0000000000000000
	patch_angle: 0.0000000000000000
	angles:  0.000000 0.000000 0.000000
	grand_canonical: 1
	chemical_potential: -0.7931030000000000
box: 10.000000 10.000000
copy: 1.000000 1.000000
epsilon: 0.2758630000000000
end_epsilon: 0.0000000000000000
pressure: 1.0000000000000000
lambda: 0.0000000000000000
lambda_coupling: 1.0000000000000000
uy: 0.0000000000000000
maximum_displacement: 1.0000000000000000
maximum_rotation: 1.0000000000000000
maximum_volume: 0.0000001000000000
maximum_shape: 0.0000001000000000
maximum_dsigma: 0.0100000000000000
mod: 10
pmod: 10
optimize: 1
verbose: 1
snapshot: 0
display: 1
explore: 1
npt: 0
nptxy: 0
nptdxdy: 0
shape: 0
seed: 567880
12.273395836510 -2.325894300438 0.866025403784 -0.500000000000
6.596274355294 11.293827979680 0.000000000000 1.000000000000
7.255729191074 3.587976123396 0.000000000000 1.000000000000
-9.751098054847 1.537704618394 0.866025403784 0.500000000000
6.104660538063 3.054251496059 0.866025403784 0.500000000000
8.420669797469 14.077473479810 0.000000000000 1.000000000000
-9.336947962739 13.358565417963 0.866025403784 -0.500000000000
9.097028502043 6.457649052223 0.000000000000 1.000000000000
8.297981648330 9.296432165313 0.866025403784 0.500000000000
-5.290598415716 -3.818642384398 0.866025403784 -0.500000000000
13.303539117470 9.056462276185 0.000000000000 1.000000000000
21.978520872963 0.942437692036 0.000000000000 1.000000000000
5.473622919074 7.984262202779 0.866025403784 0.500000000000
14.339498644849 -5.288883419942 0.866025403784 -0.500000000000
8.457387606816 12.133108438148 0.000000000000 1.000000000000
-4.902909873149 8.930214354118 0.866025403784 -0.500000000000
1.063655754391 2.021829341379 0.866025403784 -0.500000000000
4.019053726232 0.006672254116 0.866025403784 -0.500000000000
2.991875314766 4.613137547311 0.866025403784 0.500000000000
