#Configurational_file created 2018-09-14 13:50:35  started 2018-09-14 13:50:34 run for 1.0s steps 0
name: gc_498
step: 10000
specie: 20
	particle_diameter: 1.0000000000000000
	interaction_length: 1.2000000000000000
	number_of_patches: 3
	number_of_particles_per_compound: 1
	rod_length: 1.0000000000000000
	interaction_matrix:  1.000000 1.000000 1.000000 1.000000 1.000000 1.000000 1.000000 1.000000 1.000000
	patch_type: symmetric
	patch_width: 8.0000000000000000
	patch_angle: 0.0000000000000000
	angles:  0.000000 0.000000 0.000000
	grand_canonical: 1
	chemical_potential: -0.7931030000000000
box: 10.000000 10.000000
copy: 1.000000 1.000000
epsilon: 0.2931040000000000
end_epsilon: 0.0000000000000000
pressure: 1.0000000000000000
lambda: 0.0000000000000000
lambda_coupling: 1.0000000000000000
uy: 0.0000000000000000
maximum_displacement: 1.0000000000000000
maximum_rotation: 1.0000000000000000
maximum_volume: 0.0000001000000000
maximum_shape: 0.0000001000000000
maximum_dsigma: 0.0100000000000000
mod: 10
pmod: 10
optimize: 1
verbose: 1
snapshot: 0
display: 1
explore: 1
npt: 0
nptxy: 0
nptdxdy: 0
shape: 0
seed: 569017
-24.424278028596 -10.028711278819 0.000000000000 1.000000000000
12.318891989363 4.029043361576 0.866025403784 0.500000000000
18.312294405300 7.729114390785 0.000000000000 1.000000000000
5.867054088820 18.289451290619 0.866025403784 0.500000000000
-9.800025885828 17.790975315455 0.000000000000 1.000000000000
24.855917994468 29.409163331170 0.866025403784 0.500000000000
12.826910451858 7.232023443893 0.866025403784 -0.500000000000
10.184560382007 10.259349965666 0.866025403784 -0.500000000000
6.942814658921 8.993121294059 0.000000000000 1.000000000000
8.389179073227 12.675270080590 0.866025403784 0.500000000000
26.887622147451 4.156898467491 0.000000000000 1.000000000000
15.063488605401 9.952711051322 0.866025403784 -0.500000000000
4.565096576444 3.943596380897 0.866025403784 -0.500000000000
11.616115691413 -1.453046362681 0.866025403784 -0.500000000000
10.908582110171 3.106584791820 0.866025403784 0.500000000000
-0.677782793844 -6.732218132126 0.866025403784 0.500000000000
8.336078759888 1.073809157514 0.866025403784 -0.500000000000
4.612778388979 2.717083788468 0.866025403784 -0.500000000000
2.843601049220 -3.140443769637 0.000000000000 1.000000000000
7.963583813089 16.059613713581 0.866025403784 -0.500000000000
