#Configurational_file created 2018-09-14 13:49:33  started 2018-09-14 13:49:33 run for 0.0s steps 0
name: gc_419
step: 10000
specie: 11
	particle_diameter: 1.0000000000000000
	interaction_length: 1.2000000000000000
	number_of_patches: 3
	number_of_particles_per_compound: 1
	rod_length: 1.0000000000000000
	interaction_matrix:  1.000000 1.000000 1.000000 1.000000 1.000000 1.000000 1.000000 1.000000 1.000000
	patch_type: symmetric
	patch_width: 8.0000000000000000
	patch_angle: 0.0000000000000000
	angles:  0.000000 0.000000 0.000000
	grand_canonical: 1
	chemical_potential: -1.2068970000000001
box: 10.000000 10.000000
copy: 1.000000 1.000000
epsilon: 0.4827590000000000
end_epsilon: 0.0000000000000000
pressure: 1.0000000000000000
lambda: 0.0000000000000000
lambda_coupling: 1.0000000000000000
uy: 0.0000000000000000
maximum_displacement: 1.0000000000000000
maximum_rotation: 1.0000000000000000
maximum_volume: 0.0000001000000000
maximum_shape: 0.0000001000000000
maximum_dsigma: 0.0100000000000000
mod: 10
pmod: 10
optimize: 1
verbose: 1
snapshot: 0
display: 1
explore: 1
npt: 0
nptxy: 0
nptdxdy: 0
shape: 0
seed: 479194
-4.086758792936 16.428441746169 0.866025403784 -0.500000000000
1.988618622136 7.722656279095 0.866025403784 -0.500000000000
4.324029323189 6.923597787330 0.000000000000 1.000000000000
10.865311614675 2.379622925449 0.000000000000 1.000000000000
9.505267099769 13.464246603757 0.866025403784 -0.500000000000
7.593361354139 1.176538875059 0.000000000000 1.000000000000
-5.288103503179 8.844505097256 0.000000000000 1.000000000000
3.920998911647 4.547323404125 0.866025403784 -0.500000000000
6.053668947972 3.320064946004 0.866025403784 0.500000000000
-0.789658565260 0.029721447536 0.866025403784 0.500000000000
6.427774502376 1.049245130809 0.866025403784 -0.500000000000
