#Configurational_file created 2018-09-14 13:49:43  started 2018-09-14 13:49:42 run for 1.0s steps 0
name: gc_431
step: 10000
specie: 15
	particle_diameter: 1.0000000000000000
	interaction_length: 1.2000000000000000
	number_of_patches: 3
	number_of_particles_per_compound: 1
	rod_length: 1.0000000000000000
	interaction_matrix:  1.000000 1.000000 1.000000 1.000000 1.000000 1.000000 1.000000 1.000000 1.000000
	patch_type: symmetric
	patch_width: 8.0000000000000000
	patch_angle: 0.0000000000000000
	angles:  0.000000 0.000000 0.000000
	grand_canonical: 1
	chemical_potential: -1.0689660000000001
box: 10.000000 10.000000
copy: 1.000000 1.000000
epsilon: 0.1724140000000000
end_epsilon: 0.0000000000000000
pressure: 1.0000000000000000
lambda: 0.0000000000000000
lambda_coupling: 1.0000000000000000
uy: 0.0000000000000000
maximum_displacement: 1.0000000000000000
maximum_rotation: 1.0000000000000000
maximum_volume: 0.0000001000000000
maximum_shape: 0.0000001000000000
maximum_dsigma: 0.0100000000000000
mod: 10
pmod: 10
optimize: 1
verbose: 1
snapshot: 0
display: 1
explore: 1
npt: 0
nptxy: 0
nptdxdy: 0
shape: 0
seed: 492838
-0.826487430656 3.486227752610 0.866025403784 0.500000000000
4.468677407745 10.433618606665 0.000000000000 1.000000000000
10.163609596585 2.022099703854 0.866025403784 0.500000000000
3.990724907323 3.151276856736 0.866025403784 0.500000000000
-3.434806931678 1.738595838182 0.866025403784 -0.500000000000
5.402565692774 7.488347872242 0.866025403784 -0.500000000000
6.816766192432 -5.133887071102 0.000000000000 1.000000000000
1.369609199498 3.226642258878 0.866025403784 -0.500000000000
3.201599314067 7.482309824766 0.866025403784 -0.500000000000
7.634175456393 1.339089237505 0.866025403784 -0.500000000000
1.936676452844 4.820456784584 0.866025403784 0.500000000000
-1.703689985533 2.865280058030 0.866025403784 0.500000000000
14.500061170383 12.345710747832 0.000000000000 1.000000000000
3.838772999869 6.788187270024 0.866025403784 0.500000000000
2.889944785521 0.034071939104 0.000000000000 1.000000000000
