#Configurational_file created 2018-09-14 13:49:52  started 2018-09-14 13:49:51 run for 1.0s steps 0
name: gc_443
step: 10000
specie: 22
	particle_diameter: 1.0000000000000000
	interaction_length: 1.2000000000000000
	number_of_patches: 3
	number_of_particles_per_compound: 1
	rod_length: 1.0000000000000000
	interaction_matrix:  1.000000 1.000000 1.000000 1.000000 1.000000 1.000000 1.000000 1.000000 1.000000
	patch_type: symmetric
	patch_width: 8.0000000000000000
	patch_angle: 0.0000000000000000
	angles:  0.000000 0.000000 0.000000
	grand_canonical: 1
	chemical_potential: -1.0689660000000001
box: 10.000000 10.000000
copy: 1.000000 1.000000
epsilon: 0.3793110000000000
end_epsilon: 0.0000000000000000
pressure: 1.0000000000000000
lambda: 0.0000000000000000
lambda_coupling: 1.0000000000000000
uy: 0.0000000000000000
maximum_displacement: 1.0000000000000000
maximum_rotation: 1.0000000000000000
maximum_volume: 0.0000001000000000
maximum_shape: 0.0000001000000000
maximum_dsigma: 0.0100000000000000
mod: 10
pmod: 10
optimize: 1
verbose: 1
snapshot: 0
display: 1
explore: 1
npt: 0
nptxy: 0
nptdxdy: 0
shape: 0
seed: 506482
9.019269695694 1.968820766768 0.000000000000 1.000000000000
24.324798290179 11.238024527852 0.000000000000 1.000000000000
8.765275275297 4.262061335893 0.866025403784 0.500000000000
10.455563866802 5.234788926819 0.866025403784 0.500000000000
10.451405029301 9.785063506377 0.866025403784 -0.500000000000
1.579953376711 1.462261038702 0.866025403784 -0.500000000000
9.133236088806 18.774816453093 0.000000000000 1.000000000000
6.608877596843 16.369775753236 0.866025403784 -0.500000000000
-5.139178351557 8.470433266788 0.866025403784 0.500000000000
5.348804231094 -4.204757840927 0.866025403784 0.500000000000
4.346398106414 6.498921342465 0.866025403784 -0.500000000000
10.904111805216 17.622231577261 0.000000000000 1.000000000000
8.625409255472 -0.241429516021 0.866025403784 0.500000000000
6.034454801138 19.975497644529 0.866025403784 -0.500000000000
4.802624390048 4.114597310147 0.866025403784 -0.500000000000
6.084054229237 3.189074051930 0.866025403784 0.500000000000
-6.821529015713 17.284265267356 0.866025403784 0.500000000000
1.251428806564 5.496134272399 0.866025403784 -0.500000000000
2.691820535008 7.773089130599 0.866025403784 -0.500000000000
12.829148966160 10.384496492811 0.866025403784 -0.500000000000
11.477663654719 9.194159301124 0.000000000000 1.000000000000
6.934847348408 5.548080316733 0.866025403784 0.500000000000
