#Configurational_file created 2018-09-14 13:49:23  started 2018-09-14 13:49:22 run for 1.0s steps 0
name: gc_405
step: 10000
specie: 20
	particle_diameter: 1.0000000000000000
	interaction_length: 1.2000000000000000
	number_of_patches: 3
	number_of_particles_per_compound: 1
	rod_length: 1.0000000000000000
	interaction_matrix:  1.000000 1.000000 1.000000 1.000000 1.000000 1.000000 1.000000 1.000000 1.000000
	patch_type: symmetric
	patch_width: 8.0000000000000000
	patch_angle: 0.0000000000000000
	angles:  0.000000 0.000000 0.000000
	grand_canonical: 1
	chemical_potential: -1.2068970000000001
box: 10.000000 10.000000
copy: 1.000000 1.000000
epsilon: 0.2413800000000000
end_epsilon: 0.0000000000000000
pressure: 1.0000000000000000
lambda: 0.0000000000000000
lambda_coupling: 1.0000000000000000
uy: 0.0000000000000000
maximum_displacement: 1.0000000000000000
maximum_rotation: 1.0000000000000000
maximum_volume: 0.0000001000000000
maximum_shape: 0.0000001000000000
maximum_dsigma: 0.0100000000000000
mod: 10
pmod: 10
optimize: 1
verbose: 1
snapshot: 0
display: 1
explore: 1
npt: 0
nptxy: 0
nptdxdy: 0
shape: 0
seed: 463276
4.305599902743 6.711494958670 0.866025403784 0.500000000000
7.090422038319 -4.127699132830 0.866025403784 0.500000000000
-5.807372290472 -9.856033069950 0.000000000000 1.000000000000
18.500284570589 -1.238105703682 0.866025403784 -0.500000000000
0.028159319207 4.690580609659 0.866025403784 0.500000000000
-8.116209953295 7.533036747887 0.000000000000 1.000000000000
2.869159905779 1.867593645556 0.866025403784 -0.500000000000
11.414464204569 20.452182951025 0.000000000000 1.000000000000
-4.005592020933 12.112710559781 0.000000000000 1.000000000000
-5.462374069908 2.509075276272 0.000000000000 1.000000000000
1.516101391044 8.020589501159 0.866025403784 0.500000000000
-26.403772953009 -12.286230966330 0.866025403784 0.500000000000
9.040697792467 -21.153217028126 0.000000000000 1.000000000000
15.287136286259 6.499019191733 0.000000000000 1.000000000000
10.434953285619 13.083791291276 0.866025403784 -0.500000000000
-0.888833560767 16.729768191453 0.866025403784 -0.500000000000
10.012744078384 11.415644432857 0.000000000000 1.000000000000
8.245771234088 4.669189098919 0.000000000000 1.000000000000
-4.877913541341 3.035411337377 0.866025403784 -0.500000000000
4.029070042049 4.130807399670 0.866025403784 -0.500000000000
