#Configurational_file created 2018-09-14 13:49:20  started 2018-09-14 13:49:19 run for 1.0s steps 0
name: gc_401
step: 10000
specie: 16
	particle_diameter: 1.0000000000000000
	interaction_length: 1.2000000000000000
	number_of_patches: 3
	number_of_particles_per_compound: 1
	rod_length: 1.0000000000000000
	interaction_matrix:  1.000000 1.000000 1.000000 1.000000 1.000000 1.000000 1.000000 1.000000 1.000000
	patch_type: symmetric
	patch_width: 8.0000000000000000
	patch_angle: 0.0000000000000000
	angles:  0.000000 0.000000 0.000000
	grand_canonical: 1
	chemical_potential: -1.2068970000000001
box: 10.000000 10.000000
copy: 1.000000 1.000000
epsilon: 0.1724140000000000
end_epsilon: 0.0000000000000000
pressure: 1.0000000000000000
lambda: 0.0000000000000000
lambda_coupling: 1.0000000000000000
uy: 0.0000000000000000
maximum_displacement: 1.0000000000000000
maximum_rotation: 1.0000000000000000
maximum_volume: 0.0000001000000000
maximum_shape: 0.0000001000000000
maximum_dsigma: 0.0100000000000000
mod: 10
pmod: 10
optimize: 1
verbose: 1
snapshot: 0
display: 1
explore: 1
npt: 0
nptxy: 0
nptdxdy: 0
shape: 0
seed: 458728
9.522747622356 0.184132575082 0.866025403784 0.500000000000
-15.960581300059 6.894771018540 0.866025403784 0.500000000000
-0.062565127250 1.770884296586 0.866025403784 -0.500000000000
5.772153387965 11.400052473538 0.866025403784 0.500000000000
3.533703649396 -6.367509804825 0.866025403784 -0.500000000000
6.521786808136 10.625681192631 0.866025403784 0.500000000000
12.717473179175 8.424301885458 0.000000000000 1.000000000000
6.550509821911 5.572412475131 0.866025403784 -0.500000000000
16.371338901460 -2.183925583627 0.866025403784 -0.500000000000
-5.925601347486 -0.730001452017 0.866025403784 0.500000000000
1.122943247479 -6.925899614211 0.866025403784 0.500000000000
6.859783385698 2.332265102854 0.866025403784 0.500000000000
1.605904746800 -1.388059598782 0.000000000000 1.000000000000
-4.482551342497 -14.642173459934 0.866025403784 -0.500000000000
3.984337006774 4.740105733953 0.866025403784 -0.500000000000
-0.178054327550 9.077296456347 0.000000000000 1.000000000000
