#Configurational_file created 2018-09-14 13:45:27  started 2018-09-14 13:45:26 run for 1.0s steps 0
name: gc_44
step: 10000
specie: 7
	particle_diameter: 1.0000000000000000
	interaction_length: 1.2000000000000000
	number_of_patches: 3
	number_of_particles_per_compound: 1
	rod_length: 1.0000000000000000
	interaction_matrix:  1.000000 1.000000 1.000000 1.000000 1.000000 1.000000 1.000000 1.000000 1.000000
	patch_type: symmetric
	patch_width: 8.0000000000000000
	patch_angle: 0.0000000000000000
	angles:  0.000000 0.000000 0.000000
	grand_canonical: 1
	chemical_potential: -2.8620690000000000
box: 10.000000 10.000000
copy: 1.000000 1.000000
epsilon: 0.2241380000000000
end_epsilon: 0.0000000000000000
pressure: 1.0000000000000000
lambda: 0.0000000000000000
lambda_coupling: 1.0000000000000000
uy: 0.0000000000000000
maximum_displacement: 1.0000000000000000
maximum_rotation: 1.0000000000000000
maximum_volume: 0.0000001000000000
maximum_shape: 0.0000001000000000
maximum_dsigma: 0.0100000000000000
mod: 10
pmod: 10
optimize: 1
verbose: 1
snapshot: 0
display: 1
explore: 1
npt: 0
nptxy: 0
nptdxdy: 0
shape: 0
seed: 52819
-10.084904686614 12.808672011851 0.000000000000 1.000000000000
11.310650710077 -6.046271481201 0.866025403784 -0.500000000000
20.992004728834 9.806250881164 0.866025403784 0.500000000000
8.829458304526 3.410586673889 0.000000000000 1.000000000000
-5.687606804058 5.695965680928 0.000000000000 1.000000000000
5.495566791755 11.280742344811 0.000000000000 1.000000000000
9.873727750932 7.340774556659 0.866025403784 0.500000000000
