#Configurational_file created 2018-09-14 13:49:56  started 2018-09-14 13:49:55 run for 1.0s steps 0
name: gc_448
step: 10000
specie: 15
	particle_diameter: 1.0000000000000000
	interaction_length: 1.2000000000000000
	number_of_patches: 3
	number_of_particles_per_compound: 1
	rod_length: 1.0000000000000000
	interaction_matrix:  1.000000 1.000000 1.000000 1.000000 1.000000 1.000000 1.000000 1.000000 1.000000
	patch_type: symmetric
	patch_width: 8.0000000000000000
	patch_angle: 0.0000000000000000
	angles:  0.000000 0.000000 0.000000
	grand_canonical: 1
	chemical_potential: -1.0689660000000001
box: 10.000000 10.000000
copy: 1.000000 1.000000
epsilon: 0.4655170000000000
end_epsilon: 0.0000000000000000
pressure: 1.0000000000000000
lambda: 0.0000000000000000
lambda_coupling: 1.0000000000000000
uy: 0.0000000000000000
maximum_displacement: 1.0000000000000000
maximum_rotation: 1.0000000000000000
maximum_volume: 0.0000001000000000
maximum_shape: 0.0000001000000000
maximum_dsigma: 0.0100000000000000
mod: 10
pmod: 10
optimize: 1
verbose: 1
snapshot: 0
display: 1
explore: 1
npt: 0
nptxy: 0
nptdxdy: 0
shape: 0
seed: 512167
10.436189977309 0.212267977481 0.866025403784 0.500000000000
18.009114526799 -0.415087669851 0.866025403784 0.500000000000
-2.057904094602 4.185244731611 0.000000000000 1.000000000000
-0.264917455528 -1.036503508917 0.000000000000 1.000000000000
3.727714265446 9.334685613802 0.866025403784 0.500000000000
5.473257363177 8.363692276213 0.866025403784 -0.500000000000
7.199948532767 -7.519434907498 0.866025403784 -0.500000000000
2.853055273032 2.901616079823 0.866025403784 -0.500000000000
2.781686240705 1.070904307426 0.000000000000 1.000000000000
16.125830759996 -0.052007903743 0.866025403784 0.500000000000
-2.430251507027 7.194176896982 0.866025403784 -0.500000000000
11.972765426169 -3.966800420820 0.000000000000 1.000000000000
5.771764810213 -4.502638620429 0.866025403784 0.500000000000
14.034230336118 5.106755038684 0.866025403784 -0.500000000000
3.569737742724 4.183967049134 0.866025403784 0.500000000000
