#Configurational_file created 2018-09-14 13:50:09  started 2018-09-14 13:50:09 run for 0.0s steps 0
name: gc_466
step: 10000
specie: 15
	particle_diameter: 1.0000000000000000
	interaction_length: 1.2000000000000000
	number_of_patches: 3
	number_of_particles_per_compound: 1
	rod_length: 1.0000000000000000
	interaction_matrix:  1.000000 1.000000 1.000000 1.000000 1.000000 1.000000 1.000000 1.000000 1.000000
	patch_type: symmetric
	patch_width: 8.0000000000000000
	patch_angle: 0.0000000000000000
	angles:  0.000000 0.000000 0.000000
	grand_canonical: 1
	chemical_potential: -0.9310340000000000
box: 10.000000 10.000000
copy: 1.000000 1.000000
epsilon: 0.2586210000000000
end_epsilon: 0.0000000000000000
pressure: 1.0000000000000000
lambda: 0.0000000000000000
lambda_coupling: 1.0000000000000000
uy: 0.0000000000000000
maximum_displacement: 1.0000000000000000
maximum_rotation: 1.0000000000000000
maximum_volume: 0.0000001000000000
maximum_shape: 0.0000001000000000
maximum_dsigma: 0.0100000000000000
mod: 10
pmod: 10
optimize: 1
verbose: 1
snapshot: 0
display: 1
explore: 1
npt: 0
nptxy: 0
nptdxdy: 0
shape: 0
seed: 532633
15.108326089998 9.976375460831 0.866025403784 0.500000000000
7.138699868108 8.329430463027 0.866025403784 -0.500000000000
2.953461480578 6.154849050804 0.866025403784 0.500000000000
0.577672977541 13.319134652769 0.866025403784 -0.500000000000
3.324689536728 1.923777651594 0.000000000000 1.000000000000
10.931354092995 5.105629626715 0.000000000000 1.000000000000
11.003943754951 8.318870467424 0.866025403784 0.500000000000
0.852232712273 2.085976605748 0.000000000000 1.000000000000
1.847082453024 -17.388331539512 0.866025403784 -0.500000000000
12.734918460500 0.947218775369 0.866025403784 -0.500000000000
4.694317366208 5.329131669713 0.000000000000 1.000000000000
4.501374328961 -2.339177475071 0.866025403784 0.500000000000
5.934322047004 6.484348642728 0.000000000000 1.000000000000
8.653789205984 4.223056938724 0.000000000000 1.000000000000
-2.231990889253 6.595631904539 0.866025403784 -0.500000000000
