#Configurational_file created 2018-09-14 13:50:10  started 2018-09-14 13:50:10 run for 0.0s steps 0
name: gc_467
step: 10000
specie: 10
	particle_diameter: 1.0000000000000000
	interaction_length: 1.2000000000000000
	number_of_patches: 3
	number_of_particles_per_compound: 1
	rod_length: 1.0000000000000000
	interaction_matrix:  1.000000 1.000000 1.000000 1.000000 1.000000 1.000000 1.000000 1.000000 1.000000
	patch_type: symmetric
	patch_width: 8.0000000000000000
	patch_angle: 0.0000000000000000
	angles:  0.000000 0.000000 0.000000
	grand_canonical: 1
	chemical_potential: -0.9310340000000000
box: 10.000000 10.000000
copy: 1.000000 1.000000
epsilon: 0.2758630000000000
end_epsilon: 0.0000000000000000
pressure: 1.0000000000000000
lambda: 0.0000000000000000
lambda_coupling: 1.0000000000000000
uy: 0.0000000000000000
maximum_displacement: 1.0000000000000000
maximum_rotation: 1.0000000000000000
maximum_volume: 0.0000001000000000
maximum_shape: 0.0000001000000000
maximum_dsigma: 0.0100000000000000
mod: 10
pmod: 10
optimize: 1
verbose: 1
snapshot: 0
display: 1
explore: 1
npt: 0
nptxy: 0
nptdxdy: 0
shape: 0
seed: 533770
5.575830890972 8.155323679049 0.866025403784 -0.500000000000
12.100771191623 4.322342868027 0.000000000000 1.000000000000
3.603942889307 -26.756330593302 0.866025403784 -0.500000000000
4.398687201258 -12.097245900312 0.866025403784 0.500000000000
15.770161444858 5.257348624756 0.866025403784 -0.500000000000
-4.530767525267 4.079584096488 0.866025403784 0.500000000000
-2.824508700820 11.095497270679 0.000000000000 1.000000000000
0.344233836192 18.160615479674 0.866025403784 -0.500000000000
-2.261458847597 12.486157077891 0.866025403784 -0.500000000000
11.124975527153 8.912298015522 0.000000000000 1.000000000000
