#Configurational_file created 2018-09-14 11:54:21  started 2018-09-14 11:54:20 run for 1.0s steps 0
name: gc_423
step: 10000
specie: 21
	particle_diameter: 1.0000000000000000
	interaction_length: 1.2000000000000000
	number_of_patches: 3
	number_of_particles_per_compound: 1
	rod_length: 1.0000000000000000
	interaction_matrix:  1.000000 1.000000 1.000000 1.000000 1.000000 1.000000 1.000000 1.000000 1.000000
	patch_type: symmetric
	patch_width: 8.0000000000000000
	patch_angle: 0.0000000000000000
	angles:  0.000000 0.000000 0.000000
	grand_canonical: 1
	chemical_potential: -0.3333330000000000
box: 10.000000 10.000000
copy: 1.000000 1.000000
epsilon: 0.0916670000000000
end_epsilon: 0.0000000000000000
pressure: 1.0000000000000000
lambda: 0.0000000000000000
lambda_coupling: 1.0000000000000000
uy: 0.0000000000000000
maximum_displacement: 1.0000000000000000
maximum_rotation: 1.0000000000000000
maximum_volume: 0.0000001000000000
maximum_shape: 0.0000001000000000
maximum_dsigma: 0.0100000000000000
mod: 10
pmod: 10
optimize: 1
verbose: 1
snapshot: 0
display: 1
explore: 1
npt: 0
nptxy: 0
nptdxdy: 0
shape: 0
seed: 483742
12.813199183303 18.427402306414 0.866025403784 0.500000000000
4.434778868220 -17.495411123105 0.000000000000 1.000000000000
-2.214894722315 4.954039270532 0.866025403784 -0.500000000000
18.014465467104 1.405443991295 0.866025403784 -0.500000000000
-3.165352725195 -16.575759690275 0.000000000000 1.000000000000
3.387786679330 -4.563842999636 0.000000000000 1.000000000000
0.580180833158 -4.918814145140 0.000000000000 1.000000000000
12.976940295795 13.578348640912 0.866025403784 -0.500000000000
-5.295506532267 8.694132097231 0.000000000000 1.000000000000
-6.683460497080 22.716258336861 0.000000000000 1.000000000000
17.122905415753 10.834088604031 0.000000000000 1.000000000000
5.287306271017 0.019426739911 0.000000000000 1.000000000000
-8.160501402957 2.316045762501 0.000000000000 1.000000000000
2.940948762505 9.052398893296 0.866025403784 -0.500000000000
11.245124920684 20.371306891797 0.866025403784 0.500000000000
7.135569418304 7.704224265755 0.866025403784 0.500000000000
-0.030456752749 5.016095471024 0.866025403784 -0.500000000000
15.369568559943 14.249407603444 0.000000000000 1.000000000000
16.563767631814 14.599145918162 0.000000000000 1.000000000000
5.810156947419 16.979949472852 0.866025403784 -0.500000000000
2.242565690665 6.231925710917 0.000000000000 1.000000000000
