#Configurational_file created 2018-09-14 11:54:06  started 2018-09-14 11:54:05 run for 1.0s steps 0
name: gc_405
step: 10000
specie: 20
	particle_diameter: 1.0000000000000000
	interaction_length: 1.2000000000000000
	number_of_patches: 3
	number_of_particles_per_compound: 1
	rod_length: 1.0000000000000000
	interaction_matrix:  1.000000 1.000000 1.000000 1.000000 1.000000 1.000000 1.000000 1.000000 1.000000
	patch_type: symmetric
	patch_width: 8.0000000000000000
	patch_angle: 0.0000000000000000
	angles:  0.000000 0.000000 0.000000
	grand_canonical: 1
	chemical_potential: -0.3333330000000000
box: 10.000000 10.000000
copy: 1.000000 1.000000
epsilon: 0.0166680000000000
end_epsilon: 0.0000000000000000
pressure: 1.0000000000000000
lambda: 0.0000000000000000
lambda_coupling: 1.0000000000000000
uy: 0.0000000000000000
maximum_displacement: 1.0000000000000000
maximum_rotation: 1.0000000000000000
maximum_volume: 0.0000001000000000
maximum_shape: 0.0000001000000000
maximum_dsigma: 0.0100000000000000
mod: 10
pmod: 10
optimize: 1
verbose: 1
snapshot: 0
display: 1
explore: 1
npt: 0
nptxy: 0
nptdxdy: 0
shape: 0
seed: 463276
-9.812642469757 17.232080463658 0.000000000000 1.000000000000
12.363524710845 9.742336497157 0.866025403784 0.500000000000
1.347184715250 -14.098884648454 0.000000000000 1.000000000000
4.050170801502 12.271774577615 0.866025403784 0.500000000000
16.873614555901 11.010759515785 0.866025403784 -0.500000000000
-6.558350275197 8.967093757960 0.866025403784 0.500000000000
-3.558739129992 -3.416789975122 0.000000000000 1.000000000000
-9.449711278881 2.673286592151 0.000000000000 1.000000000000
3.124433644882 -5.030541891118 0.866025403784 -0.500000000000
12.270785800218 -12.289174392798 0.866025403784 0.500000000000
-1.939151368006 -3.740823284604 0.866025403784 0.500000000000
7.214336105363 -7.282294223991 0.866025403784 -0.500000000000
4.998434281341 6.269963647118 0.866025403784 0.500000000000
-11.746561415518 2.469251152404 0.866025403784 0.500000000000
0.778682003495 8.070442221954 0.866025403784 0.500000000000
4.269398101594 3.993385020523 0.866025403784 0.500000000000
8.114143834063 10.068348824728 0.866025403784 0.500000000000
-1.319221386252 8.101724444681 0.866025403784 -0.500000000000
1.063767253188 -5.648605754337 0.000000000000 1.000000000000
10.958797891592 -1.368733077177 0.866025403784 -0.500000000000
