#Configurational_file created 2018-09-14 13:50:05  started 2018-09-14 13:50:04 run for 1.0s steps 0
name: gc_460
step: 10000
specie: 17
	particle_diameter: 1.0000000000000000
	interaction_length: 1.2000000000000000
	number_of_patches: 3
	number_of_particles_per_compound: 1
	rod_length: 1.0000000000000000
	interaction_matrix:  1.000000 1.000000 1.000000 1.000000 1.000000 1.000000 1.000000 1.000000 1.000000
	patch_type: symmetric
	patch_width: 8.0000000000000000
	patch_angle: 0.0000000000000000
	angles:  0.000000 0.000000 0.000000
	grand_canonical: 1
	chemical_potential: -0.9310340000000000
box: 10.000000 10.000000
copy: 1.000000 1.000000
epsilon: 0.1551730000000000
end_epsilon: 0.0000000000000000
pressure: 1.0000000000000000
lambda: 0.0000000000000000
lambda_coupling: 1.0000000000000000
uy: 0.0000000000000000
maximum_displacement: 1.0000000000000000
maximum_rotation: 1.0000000000000000
maximum_volume: 0.0000001000000000
maximum_shape: 0.0000001000000000
maximum_dsigma: 0.0100000000000000
mod: 10
pmod: 10
optimize: 1
verbose: 1
snapshot: 0
display: 1
explore: 1
npt: 0
nptxy: 0
nptdxdy: 0
shape: 0
seed: 525811
3.232285630718 2.239413232378 0.000000000000 1.000000000000
-1.239247424347 19.604362519476 0.866025403784 0.500000000000
-4.490976998201 6.875128681151 0.866025403784 -0.500000000000
7.423410931288 5.456964624550 0.866025403784 -0.500000000000
1.289868169935 -1.538080730612 0.866025403784 0.500000000000
7.761671071614 6.917940848060 0.866025403784 0.500000000000
6.266281001683 5.668716977180 0.866025403784 0.500000000000
2.821797880469 6.843861853578 0.866025403784 -0.500000000000
2.990550149766 -5.034159147419 0.866025403784 0.500000000000
3.589130650858 14.711598027869 0.000000000000 1.000000000000
-0.243010983803 -5.944223583477 0.866025403784 -0.500000000000
2.725118935630 3.478159324859 0.866025403784 0.500000000000
6.745647366912 0.501169219768 0.866025403784 0.500000000000
15.309731996404 4.001656428080 0.866025403784 -0.500000000000
5.404142924663 6.369728643278 0.866025403784 0.500000000000
8.905862529401 3.745322511692 0.000000000000 1.000000000000
5.071027841391 2.311964771747 0.866025403784 -0.500000000000
