#Configurational_file created 2018-09-14 13:49:31  started 2018-09-14 13:49:31 run for 0.0s steps 0
name: gc_416
step: 10000
specie: 9
	particle_diameter: 1.0000000000000000
	interaction_length: 1.2000000000000000
	number_of_patches: 3
	number_of_particles_per_compound: 1
	rod_length: 1.0000000000000000
	interaction_matrix:  1.000000 1.000000 1.000000 1.000000 1.000000 1.000000 1.000000 1.000000 1.000000
	patch_type: symmetric
	patch_width: 8.0000000000000000
	patch_angle: 0.0000000000000000
	angles:  0.000000 0.000000 0.000000
	grand_canonical: 1
	chemical_potential: -1.2068970000000001
box: 10.000000 10.000000
copy: 1.000000 1.000000
epsilon: 0.4310350000000000
end_epsilon: 0.0000000000000000
pressure: 1.0000000000000000
lambda: 0.0000000000000000
lambda_coupling: 1.0000000000000000
uy: 0.0000000000000000
maximum_displacement: 1.0000000000000000
maximum_rotation: 1.0000000000000000
maximum_volume: 0.0000001000000000
maximum_shape: 0.0000001000000000
maximum_dsigma: 0.0100000000000000
mod: 10
pmod: 10
optimize: 1
verbose: 1
snapshot: 0
display: 1
explore: 1
npt: 0
nptxy: 0
nptdxdy: 0
shape: 0
seed: 475783
3.115523557172 13.243478641098 0.866025403784 0.500000000000
6.058765307454 -0.074054795833 0.866025403784 0.500000000000
4.492562122721 -10.357719292134 0.866025403784 0.500000000000
12.480724694845 -3.748218611917 0.000000000000 1.000000000000
6.127883388945 4.065658055871 0.000000000000 1.000000000000
5.057625180410 2.909193336452 0.866025403784 -0.500000000000
-6.750501879461 -31.191191348024 0.000000000000 1.000000000000
8.080299931520 5.420096448737 0.000000000000 1.000000000000
8.166071709798 -1.099425079637 0.000000000000 1.000000000000
