#Configurational_file created 2018-09-14 13:50:31  started 2018-09-14 13:50:30 run for 1.0s steps 0
name: gc_493
step: 10000
specie: 18
	particle_diameter: 1.0000000000000000
	interaction_length: 1.2000000000000000
	number_of_patches: 3
	number_of_particles_per_compound: 1
	rod_length: 1.0000000000000000
	interaction_matrix:  1.000000 1.000000 1.000000 1.000000 1.000000 1.000000 1.000000 1.000000 1.000000
	patch_type: symmetric
	patch_width: 8.0000000000000000
	patch_angle: 0.0000000000000000
	angles:  0.000000 0.000000 0.000000
	grand_canonical: 1
	chemical_potential: -0.7931030000000000
box: 10.000000 10.000000
copy: 1.000000 1.000000
epsilon: 0.2068970000000000
end_epsilon: 0.0000000000000000
pressure: 1.0000000000000000
lambda: 0.0000000000000000
lambda_coupling: 1.0000000000000000
uy: 0.0000000000000000
maximum_displacement: 1.0000000000000000
maximum_rotation: 1.0000000000000000
maximum_volume: 0.0000001000000000
maximum_shape: 0.0000001000000000
maximum_dsigma: 0.0100000000000000
mod: 10
pmod: 10
optimize: 1
verbose: 1
snapshot: 0
display: 1
explore: 1
npt: 0
nptxy: 0
nptdxdy: 0
shape: 0
seed: 563332
25.730768684118 4.690227703899 0.866025403784 0.500000000000
6.779760908697 6.127441602595 0.000000000000 1.000000000000
-2.316010955176 6.613671793663 0.000000000000 1.000000000000
-3.193193658073 3.179406476519 0.866025403784 0.500000000000
-9.153504275299 -6.096824096819 0.866025403784 -0.500000000000
9.616109245846 -8.492526079829 0.000000000000 1.000000000000
10.789815501208 18.142611663979 0.000000000000 1.000000000000
15.401617209742 -6.890481824073 0.866025403784 0.500000000000
11.723009248377 10.839198340046 0.000000000000 1.000000000000
-12.158670443106 4.374168636686 0.866025403784 0.500000000000
-0.441774821097 3.130435343717 0.000000000000 1.000000000000
-2.987887631947 8.128566051876 0.866025403784 -0.500000000000
-2.720648031361 7.782254516000 0.000000000000 1.000000000000
9.724352275144 -0.165713083224 0.000000000000 1.000000000000
8.157230112523 19.406377106306 0.866025403784 -0.500000000000
7.067099888608 10.198370445109 0.866025403784 -0.500000000000
6.456813282416 6.583317445443 0.866025403784 0.500000000000
4.682398192631 -0.118141357750 0.866025403784 -0.500000000000
