#Configurational_file created 2018-09-14 11:26:24  started 2018-09-14 11:26:23 run for 1.0s steps 0
name: gc_404
step: 10000
specie: 20
	particle_diameter: 1.0000000000000000
	interaction_length: 1.2000000000000000
	number_of_patches: 3
	number_of_particles_per_compound: 1
	rod_length: 1.0000000000000000
	interaction_matrix:  1.000000 1.000000 1.000000 1.000000 1.000000 1.000000 1.000000 1.000000 1.000000
	patch_type: symmetric
	patch_width: 8.0000000000000000
	patch_angle: 0.0000000000000000
	angles:  0.000000 0.000000 0.000000
	grand_canonical: 1
	chemical_potential: -0.3333330000000000
box: 10.000000 10.000000
copy: 1.000000 1.000000
epsilon: 0.2500870000000000
end_epsilon: 0.0000000000000000
pressure: 1.0000000000000000
lambda: 0.0000000000000000
lambda_coupling: 1.0000000000000000
uy: 0.0000000000000000
maximum_displacement: 1.0000000000000000
maximum_rotation: 1.0000000000000000
maximum_volume: 0.0000001000000000
maximum_shape: 0.0000001000000000
maximum_dsigma: 0.0100000000000000
mod: 10
pmod: 10
optimize: 1
verbose: 1
snapshot: 0
display: 1
explore: 1
npt: 0
nptxy: 0
nptdxdy: 0
shape: 0
seed: 462139
-5.283343700114 14.950285795683 0.866025403784 0.500000000000
10.283733294145 1.952618207641 0.866025403784 -0.500000000000
5.320684480239 6.356551743568 0.866025403784 -0.500000000000
2.383010803989 -4.416513260003 0.866025403784 -0.500000000000
4.756125428114 11.679507853939 0.866025403784 -0.500000000000
8.117378136446 5.422892818594 0.866025403784 -0.500000000000
6.493441112420 0.752037375186 0.866025403784 0.500000000000
0.422192568102 8.338497218726 0.866025403784 0.500000000000
1.739678824865 -8.692781765853 0.866025403784 -0.500000000000
-3.737453515199 8.872426360301 0.000000000000 1.000000000000
-8.606256114691 2.792302120025 0.866025403784 0.500000000000
10.553028709003 -10.396259455450 0.000000000000 1.000000000000
7.702289084585 3.266627434731 0.000000000000 1.000000000000
8.692889363026 -1.092877809909 0.000000000000 1.000000000000
-4.917094755979 -0.614968672755 0.866025403784 0.500000000000
2.979200224504 1.052938034190 0.000000000000 1.000000000000
8.655409986576 1.798411345999 0.000000000000 1.000000000000
1.957352239861 -11.497107521614 0.000000000000 1.000000000000
20.369421978142 16.097199078890 0.866025403784 -0.500000000000
4.428848087999 7.832334639087 0.866025403784 -0.500000000000
