#Configurational_file created 2018-09-14 13:49:34  started 2018-09-14 13:49:34 run for 0.0s steps 0
name: gc_420
step: 10000
specie: 16
	particle_diameter: 1.0000000000000000
	interaction_length: 1.2000000000000000
	number_of_patches: 3
	number_of_particles_per_compound: 1
	rod_length: 1.0000000000000000
	interaction_matrix:  1.000000 1.000000 1.000000 1.000000 1.000000 1.000000 1.000000 1.000000 1.000000
	patch_type: symmetric
	patch_width: 8.0000000000000000
	patch_angle: 0.0000000000000000
	angles:  0.000000 0.000000 0.000000
	grand_canonical: 1
	chemical_potential: -1.2068970000000001
box: 10.000000 10.000000
copy: 1.000000 1.000000
epsilon: 0.5000000000000000
end_epsilon: 0.0000000000000000
pressure: 1.0000000000000000
lambda: 0.0000000000000000
lambda_coupling: 1.0000000000000000
uy: 0.0000000000000000
maximum_displacement: 1.0000000000000000
maximum_rotation: 1.0000000000000000
maximum_volume: 0.0000001000000000
maximum_shape: 0.0000001000000000
maximum_dsigma: 0.0100000000000000
mod: 10
pmod: 10
optimize: 1
verbose: 1
snapshot: 0
display: 1
explore: 1
npt: 0
nptxy: 0
nptdxdy: 0
shape: 0
seed: 480331
4.655738662595 10.737853403491 0.000000000000 1.000000000000
8.485924003903 4.698418135081 0.866025403784 -0.500000000000
-6.355627966815 19.339542153075 0.000000000000 1.000000000000
8.790334318734 -2.340040269969 0.000000000000 1.000000000000
3.065230682733 -5.605100676799 0.000000000000 1.000000000000
9.890050435096 11.267334820922 0.000000000000 1.000000000000
3.420103340944 -2.407670038935 0.866025403784 0.500000000000
6.632484519042 5.004224258177 0.866025403784 0.500000000000
13.071437844938 5.872216802640 0.866025403784 0.500000000000
4.304932920550 3.450960688123 0.000000000000 1.000000000000
11.582945832466 10.811424325287 0.000000000000 1.000000000000
-10.092574473795 9.526348973610 0.866025403784 0.500000000000
-0.716957645228 5.437656173882 0.866025403784 -0.500000000000
-5.846662718461 -2.642655542773 0.000000000000 1.000000000000
2.972394295227 -1.482564274190 0.866025403784 0.500000000000
7.260371192649 -2.429267914692 0.000000000000 1.000000000000
