#Configurational_file created 2018-09-14 13:49:44  started 2018-09-14 13:49:43 run for 1.0s steps 0
name: gc_433
step: 10000
specie: 22
	particle_diameter: 1.0000000000000000
	interaction_length: 1.2000000000000000
	number_of_patches: 3
	number_of_particles_per_compound: 1
	rod_length: 1.0000000000000000
	interaction_matrix:  1.000000 1.000000 1.000000 1.000000 1.000000 1.000000 1.000000 1.000000 1.000000
	patch_type: symmetric
	patch_width: 8.0000000000000000
	patch_angle: 0.0000000000000000
	angles:  0.000000 0.000000 0.000000
	grand_canonical: 1
	chemical_potential: -1.0689660000000001
box: 10.000000 10.000000
copy: 1.000000 1.000000
epsilon: 0.2068970000000000
end_epsilon: 0.0000000000000000
pressure: 1.0000000000000000
lambda: 0.0000000000000000
lambda_coupling: 1.0000000000000000
uy: 0.0000000000000000
maximum_displacement: 1.0000000000000000
maximum_rotation: 1.0000000000000000
maximum_volume: 0.0000001000000000
maximum_shape: 0.0000001000000000
maximum_dsigma: 0.0100000000000000
mod: 10
pmod: 10
optimize: 1
verbose: 1
snapshot: 0
display: 1
explore: 1
npt: 0
nptxy: 0
nptdxdy: 0
shape: 0
seed: 495112
3.463771553823 19.086412310623 0.866025403784 0.500000000000
33.051056351845 1.207271659573 0.000000000000 1.000000000000
7.320731483242 5.607535383333 0.866025403784 -0.500000000000
4.970765155740 11.075131123047 0.866025403784 0.500000000000
5.255985970082 -4.812950162594 0.000000000000 1.000000000000
9.402356871302 -1.818834911616 0.866025403784 0.500000000000
-4.176372404729 0.342794720698 0.866025403784 0.500000000000
-8.989351623952 8.488458542018 0.866025403784 -0.500000000000
12.019441966672 4.571305021133 0.000000000000 1.000000000000
9.083810146102 9.588715817616 0.866025403784 -0.500000000000
12.379004503021 6.960772058722 0.000000000000 1.000000000000
4.400223634239 13.569586948857 0.866025403784 0.500000000000
7.248860483383 8.732217752372 0.866025403784 -0.500000000000
10.481010267923 -6.363863277449 0.000000000000 1.000000000000
17.226552419350 -7.533287931348 0.000000000000 1.000000000000
-0.169053906709 8.613402652698 0.866025403784 -0.500000000000
0.741738964388 11.903962085869 0.000000000000 1.000000000000
-1.064145098106 3.598061725364 0.866025403784 0.500000000000
-1.588176045382 6.504641245049 0.866025403784 -0.500000000000
8.540681866476 5.054353362475 0.000000000000 1.000000000000
9.160050754575 3.073671010726 0.000000000000 1.000000000000
7.024591354493 4.488826051383 0.866025403784 -0.500000000000
