#Configurational_file created 2018-09-14 13:50:19  started 2018-09-14 13:50:18 run for 1.0s steps 0
name: gc_478
step: 10000
specie: 19
	particle_diameter: 1.0000000000000000
	interaction_length: 1.2000000000000000
	number_of_patches: 3
	number_of_particles_per_compound: 1
	rod_length: 1.0000000000000000
	interaction_matrix:  1.000000 1.000000 1.000000 1.000000 1.000000 1.000000 1.000000 1.000000 1.000000
	patch_type: symmetric
	patch_width: 8.0000000000000000
	patch_angle: 0.0000000000000000
	angles:  0.000000 0.000000 0.000000
	grand_canonical: 1
	chemical_potential: -0.9310340000000000
box: 10.000000 10.000000
copy: 1.000000 1.000000
epsilon: 0.4655170000000000
end_epsilon: 0.0000000000000000
pressure: 1.0000000000000000
lambda: 0.0000000000000000
lambda_coupling: 1.0000000000000000
uy: 0.0000000000000000
maximum_displacement: 1.0000000000000000
maximum_rotation: 1.0000000000000000
maximum_volume: 0.0000001000000000
maximum_shape: 0.0000001000000000
maximum_dsigma: 0.0100000000000000
mod: 10
pmod: 10
optimize: 1
verbose: 1
snapshot: 0
display: 1
explore: 1
npt: 0
nptxy: 0
nptdxdy: 0
shape: 0
seed: 546277
7.374960228321 6.392933706258 0.866025403784 -0.500000000000
26.900805879748 12.280159214251 0.000000000000 1.000000000000
-4.204406576202 10.760533272805 0.866025403784 -0.500000000000
6.472470574276 7.724111436109 0.866025403784 0.500000000000
5.801753619011 4.971802697776 0.866025403784 0.500000000000
-12.241762038391 -13.751759080056 0.000000000000 1.000000000000
10.167187330619 -0.176180925100 0.866025403784 -0.500000000000
0.732263580363 -7.113279045797 0.866025403784 -0.500000000000
10.910202537825 -5.328205667779 0.000000000000 1.000000000000
2.655342738101 4.071384216862 0.866025403784 -0.500000000000
4.274231068322 2.651081644655 0.000000000000 1.000000000000
-1.655593892980 13.416187243230 0.000000000000 1.000000000000
8.826544803413 14.327375974416 0.000000000000 1.000000000000
1.479188589393 22.034060919330 0.866025403784 0.500000000000
-5.246914362248 7.121326499487 0.866025403784 -0.500000000000
11.906597119954 8.617058327765 0.000000000000 1.000000000000
9.019897184841 1.192707244501 0.866025403784 -0.500000000000
1.774496221370 3.126313956294 0.866025403784 0.500000000000
9.167781553090 9.666601389941 0.000000000000 1.000000000000
