#Configurational_file created 2018-09-14 13:50:23  started 2018-09-14 13:50:22 run for 1.0s steps 0
name: gc_483
step: 10000
specie: 19
	particle_diameter: 1.0000000000000000
	interaction_length: 1.2000000000000000
	number_of_patches: 3
	number_of_particles_per_compound: 1
	rod_length: 1.0000000000000000
	interaction_matrix:  1.000000 1.000000 1.000000 1.000000 1.000000 1.000000 1.000000 1.000000 1.000000
	patch_type: symmetric
	patch_width: 8.0000000000000000
	patch_angle: 0.0000000000000000
	angles:  0.000000 0.000000 0.000000
	grand_canonical: 1
	chemical_potential: -0.7931030000000000
box: 10.000000 10.000000
copy: 1.000000 1.000000
epsilon: 0.0344840000000000
end_epsilon: 0.0000000000000000
pressure: 1.0000000000000000
lambda: 0.0000000000000000
lambda_coupling: 1.0000000000000000
uy: 0.0000000000000000
maximum_displacement: 1.0000000000000000
maximum_rotation: 1.0000000000000000
maximum_volume: 0.0000001000000000
maximum_shape: 0.0000001000000000
maximum_dsigma: 0.0100000000000000
mod: 10
pmod: 10
optimize: 1
verbose: 1
snapshot: 0
display: 1
explore: 1
npt: 0
nptxy: 0
nptdxdy: 0
shape: 0
seed: 551962
4.663569953585 5.842507062130 0.000000000000 1.000000000000
-0.967562311852 19.341062102192 0.866025403784 0.500000000000
7.588284305462 14.878342396345 0.866025403784 -0.500000000000
7.318223481646 -8.311933657927 0.000000000000 1.000000000000
9.458656582734 -3.966193264714 0.866025403784 0.500000000000
15.270437150278 7.507643091126 0.866025403784 -0.500000000000
3.971469618651 -0.759360049377 0.866025403784 -0.500000000000
7.944300493237 7.581412395593 0.866025403784 0.500000000000
6.345686132152 2.675231222878 0.000000000000 1.000000000000
5.522909984509 -5.910698247024 0.000000000000 1.000000000000
8.716473811478 4.718651353729 0.866025403784 0.500000000000
0.060923235771 -8.312823233846 0.000000000000 1.000000000000
1.965501476512 3.475839470433 0.000000000000 1.000000000000
-2.579259039991 -3.558344596819 0.866025403784 0.500000000000
6.559912512655 15.418430898682 0.866025403784 0.500000000000
3.594058527463 13.558137078709 0.866025403784 0.500000000000
5.672676532897 1.726714791436 0.866025403784 -0.500000000000
9.537735182167 7.218318030957 0.000000000000 1.000000000000
2.616301502215 5.673764599957 0.866025403784 -0.500000000000
