#Configurational_file created 2018-09-14 13:49:46  started 2018-09-14 13:49:45 run for 1.0s steps 0
name: gc_435
step: 10000
specie: 18
	particle_diameter: 1.0000000000000000
	interaction_length: 1.2000000000000000
	number_of_patches: 3
	number_of_particles_per_compound: 1
	rod_length: 1.0000000000000000
	interaction_matrix:  1.000000 1.000000 1.000000 1.000000 1.000000 1.000000 1.000000 1.000000 1.000000
	patch_type: symmetric
	patch_width: 8.0000000000000000
	patch_angle: 0.0000000000000000
	angles:  0.000000 0.000000 0.000000
	grand_canonical: 1
	chemical_potential: -1.0689660000000001
box: 10.000000 10.000000
copy: 1.000000 1.000000
epsilon: 0.2413800000000000
end_epsilon: 0.0000000000000000
pressure: 1.0000000000000000
lambda: 0.0000000000000000
lambda_coupling: 1.0000000000000000
uy: 0.0000000000000000
maximum_displacement: 1.0000000000000000
maximum_rotation: 1.0000000000000000
maximum_volume: 0.0000001000000000
maximum_shape: 0.0000001000000000
maximum_dsigma: 0.0100000000000000
mod: 10
pmod: 10
optimize: 1
verbose: 1
snapshot: 0
display: 1
explore: 1
npt: 0
nptxy: 0
nptdxdy: 0
shape: 0
seed: 497386
12.100244928207 11.802301156211 0.866025403784 -0.500000000000
-0.091921009687 5.678496630662 0.866025403784 -0.500000000000
2.209687535743 -4.748218626591 0.866025403784 0.500000000000
18.277174142883 10.509297515468 0.866025403784 0.500000000000
12.522880414075 7.542432612613 0.866025403784 0.500000000000
5.356679602869 5.668122878275 0.866025403784 0.500000000000
11.341957928386 2.817320453591 0.866025403784 -0.500000000000
3.419090487050 11.956511828794 0.866025403784 -0.500000000000
19.758587803988 -4.559954472964 0.000000000000 1.000000000000
-2.101283688994 2.700903332406 0.000000000000 1.000000000000
13.197341112951 5.980823586738 0.000000000000 1.000000000000
3.900757818035 1.377192437771 0.866025403784 0.500000000000
11.317165572528 -5.654285268388 0.866025403784 0.500000000000
4.063379118396 6.542194321664 0.000000000000 1.000000000000
-11.925577295962 18.569425499350 0.866025403784 0.500000000000
-3.544623369516 18.685283237886 0.000000000000 1.000000000000
6.174204039375 12.332564622038 0.866025403784 0.500000000000
11.776882193125 11.037098018550 0.866025403784 0.500000000000
