#Configurational_file created 2018-09-14 13:50:04  started 2018-09-14 13:50:03 run for 1.0s steps 0
name: gc_459
step: 10000
specie: 21
	particle_diameter: 1.0000000000000000
	interaction_length: 1.2000000000000000
	number_of_patches: 3
	number_of_particles_per_compound: 1
	rod_length: 1.0000000000000000
	interaction_matrix:  1.000000 1.000000 1.000000 1.000000 1.000000 1.000000 1.000000 1.000000 1.000000
	patch_type: symmetric
	patch_width: 8.0000000000000000
	patch_angle: 0.0000000000000000
	angles:  0.000000 0.000000 0.000000
	grand_canonical: 1
	chemical_potential: -0.9310340000000000
box: 10.000000 10.000000
copy: 1.000000 1.000000
epsilon: 0.1379320000000000
end_epsilon: 0.0000000000000000
pressure: 1.0000000000000000
lambda: 0.0000000000000000
lambda_coupling: 1.0000000000000000
uy: 0.0000000000000000
maximum_displacement: 1.0000000000000000
maximum_rotation: 1.0000000000000000
maximum_volume: 0.0000001000000000
maximum_shape: 0.0000001000000000
maximum_dsigma: 0.0100000000000000
mod: 10
pmod: 10
optimize: 1
verbose: 1
snapshot: 0
display: 1
explore: 1
npt: 0
nptxy: 0
nptdxdy: 0
shape: 0
seed: 524674
-5.714866981115 10.916660179227 0.866025403784 0.500000000000
10.411119463299 -3.204901968203 0.866025403784 0.500000000000
7.679872533122 2.031369861243 0.866025403784 -0.500000000000
-3.003009985698 18.332303013567 0.866025403784 -0.500000000000
15.894266385043 -3.307932567439 0.866025403784 -0.500000000000
13.055707834196 15.584934990538 0.866025403784 0.500000000000
1.026417769356 6.395839638301 0.000000000000 1.000000000000
4.408742501203 15.151377348098 0.866025403784 -0.500000000000
26.017721329028 2.582451431661 0.866025403784 -0.500000000000
14.595109838736 2.035695513677 0.000000000000 1.000000000000
0.599706982188 3.066115334750 0.866025403784 0.500000000000
9.725878567198 0.257985279044 0.866025403784 -0.500000000000
9.036533543083 -5.169265942535 0.866025403784 0.500000000000
-3.798028927090 2.425477835726 0.000000000000 1.000000000000
13.771398065542 3.174368903568 0.866025403784 0.500000000000
8.375089683715 -1.638832142127 0.000000000000 1.000000000000
2.105631945982 3.119476957519 0.000000000000 1.000000000000
10.892109875972 9.301743922073 0.866025403784 0.500000000000
2.125118742904 9.221747394729 0.866025403784 -0.500000000000
1.353889173369 -1.741105530206 0.866025403784 0.500000000000
1.646942674362 4.155022819872 0.866025403784 0.500000000000
