#Configurational_file created 2018-09-14 12:19:25  started 2018-09-14 12:19:24 run for 1.0s steps 0
name: gc_4
step: 10000
specie: 6
	particle_diameter: 1.0000000000000000
	interaction_length: 1.2000000000000000
	number_of_patches: 3
	number_of_particles_per_compound: 1
	rod_length: 1.0000000000000000
	interaction_matrix:  1.000000 1.000000 1.000000 1.000000 1.000000 1.000000 1.000000 1.000000 1.000000
	patch_type: symmetric
	patch_width: 8.0000000000000000
	patch_angle: 0.0000000000000000
	angles:  0.000000 0.000000 0.000000
	grand_canonical: 1
	chemical_potential: -2.8333330000000001
box: 10.000000 10.000000
copy: 1.000000 1.000000
epsilon: 0.1000000000000000
end_epsilon: 0.0000000000000000
pressure: 1.0000000000000000
lambda: 0.0000000000000000
lambda_coupling: 1.0000000000000000
uy: 0.0000000000000000
maximum_displacement: 1.0000000000000000
maximum_rotation: 1.0000000000000000
maximum_volume: 0.0000001000000000
maximum_shape: 0.0000001000000000
maximum_dsigma: 0.0100000000000000
mod: 10
pmod: 10
optimize: 1
verbose: 1
snapshot: 0
display: 1
explore: 1
npt: 0
nptxy: 0
nptdxdy: 0
shape: 0
seed: 7339
10.175483397533 0.189755327430 0.000000000000 1.000000000000
1.061206206639 -8.307307447541 0.866025403784 -0.500000000000
4.798284083978 14.599894996261 0.866025403784 -0.500000000000
-0.017394218200 6.925581771786 0.000000000000 1.000000000000
8.281403310759 10.656392888992 0.866025403784 -0.500000000000
9.635551884269 3.305523837021 0.000000000000 1.000000000000
