#Configurational_file created 2018-09-14 13:50:20  started 2018-09-14 13:50:19 run for 1.0s steps 0
name: gc_479
step: 10000
specie: 18
	particle_diameter: 1.0000000000000000
	interaction_length: 1.2000000000000000
	number_of_patches: 3
	number_of_particles_per_compound: 1
	rod_length: 1.0000000000000000
	interaction_matrix:  1.000000 1.000000 1.000000 1.000000 1.000000 1.000000 1.000000 1.000000 1.000000
	patch_type: symmetric
	patch_width: 8.0000000000000000
	patch_angle: 0.0000000000000000
	angles:  0.000000 0.000000 0.000000
	grand_canonical: 1
	chemical_potential: -0.9310340000000000
box: 10.000000 10.000000
copy: 1.000000 1.000000
epsilon: 0.4827590000000000
end_epsilon: 0.0000000000000000
pressure: 1.0000000000000000
lambda: 0.0000000000000000
lambda_coupling: 1.0000000000000000
uy: 0.0000000000000000
maximum_displacement: 1.0000000000000000
maximum_rotation: 1.0000000000000000
maximum_volume: 0.0000001000000000
maximum_shape: 0.0000001000000000
maximum_dsigma: 0.0100000000000000
mod: 10
pmod: 10
optimize: 1
verbose: 1
snapshot: 0
display: 1
explore: 1
npt: 0
nptxy: 0
nptdxdy: 0
shape: 0
seed: 547414
-5.677395834474 -1.157305180098 0.866025403784 0.500000000000
30.034059931458 -0.526548428721 0.866025403784 0.500000000000
6.158669715878 1.236325780446 0.000000000000 1.000000000000
2.827827613907 -14.550005873555 0.866025403784 0.500000000000
12.671389488626 -1.138040783747 0.866025403784 -0.500000000000
15.029676374285 15.802590660874 0.000000000000 1.000000000000
2.162836332298 11.111127976804 0.866025403784 -0.500000000000
16.361241101756 12.821543702686 0.000000000000 1.000000000000
5.650370161154 2.080262671989 0.866025403784 -0.500000000000
18.673879385563 11.815152085602 0.866025403784 -0.500000000000
2.553721813701 3.000617951356 0.866025403784 -0.500000000000
-1.668734040286 15.128518277327 0.000000000000 1.000000000000
1.131151792644 9.633203118664 0.000000000000 1.000000000000
5.264860444423 9.958294882544 0.866025403784 0.500000000000
9.022333748388 0.530704462516 0.866025403784 0.500000000000
7.521187305106 4.002278070388 0.866025403784 0.500000000000
2.719555792089 7.469622605048 0.000000000000 1.000000000000
0.983801950735 8.207776593528 0.866025403784 0.500000000000
