#Configurational_file created 2018-09-14 13:50:33  started 2018-09-14 13:50:32 run for 1.0s steps 0
name: gc_496
step: 10000
specie: 19
	particle_diameter: 1.0000000000000000
	interaction_length: 1.2000000000000000
	number_of_patches: 3
	number_of_particles_per_compound: 1
	rod_length: 1.0000000000000000
	interaction_matrix:  1.000000 1.000000 1.000000 1.000000 1.000000 1.000000 1.000000 1.000000 1.000000
	patch_type: symmetric
	patch_width: 8.0000000000000000
	patch_angle: 0.0000000000000000
	angles:  0.000000 0.000000 0.000000
	grand_canonical: 1
	chemical_potential: -0.7931030000000000
box: 10.000000 10.000000
copy: 1.000000 1.000000
epsilon: 0.2586210000000000
end_epsilon: 0.0000000000000000
pressure: 1.0000000000000000
lambda: 0.0000000000000000
lambda_coupling: 1.0000000000000000
uy: 0.0000000000000000
maximum_displacement: 1.0000000000000000
maximum_rotation: 1.0000000000000000
maximum_volume: 0.0000001000000000
maximum_shape: 0.0000001000000000
maximum_dsigma: 0.0100000000000000
mod: 10
pmod: 10
optimize: 1
verbose: 1
snapshot: 0
display: 1
explore: 1
npt: 0
nptxy: 0
nptdxdy: 0
shape: 0
seed: 566743
6.115990653448 8.995902909968 0.000000000000 1.000000000000
11.853462856277 7.826586624733 0.866025403784 -0.500000000000
-1.137301638723 -13.824642117288 0.866025403784 -0.500000000000
12.701501685831 -0.834699924362 0.866025403784 -0.500000000000
2.377488487977 23.162434217294 0.000000000000 1.000000000000
10.238137620802 6.498429986991 0.866025403784 -0.500000000000
-5.472444668131 3.757614548306 0.866025403784 0.500000000000
-5.610973698422 11.961917718233 0.866025403784 -0.500000000000
8.513434616772 0.758628468666 0.866025403784 -0.500000000000
-10.460379633535 -1.461197263761 0.000000000000 1.000000000000
-4.613036795614 -17.665784599257 0.866025403784 -0.500000000000
-2.451010762589 8.892657545166 0.866025403784 0.500000000000
34.106360652065 -2.601678130506 0.866025403784 -0.500000000000
7.073897868496 0.380969342477 0.866025403784 -0.500000000000
-1.001558262394 4.353816077984 0.000000000000 1.000000000000
5.120905474963 14.625196610388 0.000000000000 1.000000000000
13.571279773249 5.157583225360 0.866025403784 0.500000000000
11.025576136692 8.776512570800 0.866025403784 -0.500000000000
2.931487304912 11.164390694253 0.866025403784 -0.500000000000
