#Configurational_file created 2018-09-14 13:49:38  started 2018-09-14 13:49:37 run for 1.0s steps 0
name: gc_425
step: 10000
specie: 19
	particle_diameter: 1.0000000000000000
	interaction_length: 1.2000000000000000
	number_of_patches: 3
	number_of_particles_per_compound: 1
	rod_length: 1.0000000000000000
	interaction_matrix:  1.000000 1.000000 1.000000 1.000000 1.000000 1.000000 1.000000 1.000000 1.000000
	patch_type: symmetric
	patch_width: 8.0000000000000000
	patch_angle: 0.0000000000000000
	angles:  0.000000 0.000000 0.000000
	grand_canonical: 1
	chemical_potential: -1.0689660000000001
box: 10.000000 10.000000
copy: 1.000000 1.000000
epsilon: 0.0689660000000000
end_epsilon: 0.0000000000000000
pressure: 1.0000000000000000
lambda: 0.0000000000000000
lambda_coupling: 1.0000000000000000
uy: 0.0000000000000000
maximum_displacement: 1.0000000000000000
maximum_rotation: 1.0000000000000000
maximum_volume: 0.0000001000000000
maximum_shape: 0.0000001000000000
maximum_dsigma: 0.0100000000000000
mod: 10
pmod: 10
optimize: 1
verbose: 1
snapshot: 0
display: 1
explore: 1
npt: 0
nptxy: 0
nptdxdy: 0
shape: 0
seed: 486016
-12.325044702762 9.571331347513 0.866025403784 -0.500000000000
-9.515355680574 1.574457404986 0.000000000000 1.000000000000
-11.603221855839 10.185319276746 0.000000000000 1.000000000000
5.874026121262 10.679317796115 0.000000000000 1.000000000000
1.319835233529 3.300662598068 0.866025403784 0.500000000000
4.776573101696 10.102650487355 0.866025403784 -0.500000000000
5.846243325264 11.436965721400 0.866025403784 -0.500000000000
3.246027898022 3.875619225220 0.866025403784 0.500000000000
7.629680672096 6.246726972163 0.866025403784 -0.500000000000
6.042015253826 8.483356450911 0.866025403784 0.500000000000
11.993605332696 10.197233219734 0.866025403784 -0.500000000000
-1.984288557468 -5.245776447321 0.866025403784 0.500000000000
-3.068123532740 3.052803017047 0.866025403784 -0.500000000000
8.411723815258 11.097365419566 0.866025403784 -0.500000000000
0.554819701883 9.845304445934 0.866025403784 -0.500000000000
3.123049755241 -3.528571655821 0.000000000000 1.000000000000
3.006322749058 7.669072491723 0.866025403784 -0.500000000000
3.117939838517 2.431272467943 0.000000000000 1.000000000000
2.600471885456 9.053179931071 0.866025403784 -0.500000000000
