#Configurational_file created 2018-09-14 13:50:09  started 2018-09-14 13:50:08 run for 1.0s steps 0
name: gc_465
step: 10000
specie: 17
	particle_diameter: 1.0000000000000000
	interaction_length: 1.2000000000000000
	number_of_patches: 3
	number_of_particles_per_compound: 1
	rod_length: 1.0000000000000000
	interaction_matrix:  1.000000 1.000000 1.000000 1.000000 1.000000 1.000000 1.000000 1.000000 1.000000
	patch_type: symmetric
	patch_width: 8.0000000000000000
	patch_angle: 0.0000000000000000
	angles:  0.000000 0.000000 0.000000
	grand_canonical: 1
	chemical_potential: -0.9310340000000000
box: 10.000000 10.000000
copy: 1.000000 1.000000
epsilon: 0.2413800000000000
end_epsilon: 0.0000000000000000
pressure: 1.0000000000000000
lambda: 0.0000000000000000
lambda_coupling: 1.0000000000000000
uy: 0.0000000000000000
maximum_displacement: 1.0000000000000000
maximum_rotation: 1.0000000000000000
maximum_volume: 0.0000001000000000
maximum_shape: 0.0000001000000000
maximum_dsigma: 0.0100000000000000
mod: 10
pmod: 10
optimize: 1
verbose: 1
snapshot: 0
display: 1
explore: 1
npt: 0
nptxy: 0
nptdxdy: 0
shape: 0
seed: 531496
-0.536108604120 5.474791824561 0.866025403784 -0.500000000000
12.373106872905 6.531751035587 0.866025403784 -0.500000000000
2.319790166386 -10.856412085301 0.866025403784 -0.500000000000
1.627307501875 6.147924952562 0.866025403784 0.500000000000
9.221541799362 11.986182975379 0.866025403784 -0.500000000000
-3.724346489806 28.825156545573 0.866025403784 -0.500000000000
3.471390649396 17.379652936073 0.866025403784 -0.500000000000
3.680534901367 11.839977948195 0.866025403784 0.500000000000
7.311145234121 16.073585357450 0.866025403784 0.500000000000
4.553971354331 6.318582420920 0.866025403784 -0.500000000000
42.549379019148 0.840898891892 0.000000000000 1.000000000000
-2.041841522673 2.527484085044 0.866025403784 0.500000000000
5.625666749701 3.538442336837 0.866025403784 0.500000000000
3.680432790344 13.105100117425 0.866025403784 -0.500000000000
6.012931685128 0.731011214201 0.000000000000 1.000000000000
2.219783502525 1.354565555934 0.866025403784 0.500000000000
1.156233880672 7.064151986617 0.866025403784 -0.500000000000
