#Configurational_file created 2018-09-14 11:22:11  started 2018-09-14 11:22:10 run for 1.0s steps 0
name: gc_49
step: 10000
specie: 8
	particle_diameter: 1.0000000000000000
	interaction_length: 1.2000000000000000
	number_of_patches: 3
	number_of_particles_per_compound: 1
	rod_length: 1.0000000000000000
	interaction_matrix:  1.000000 1.000000 1.000000 1.000000 1.000000 1.000000 1.000000 1.000000 1.000000
	patch_type: symmetric
	patch_width: 8.0000000000000000
	patch_angle: 0.0000000000000000
	angles:  0.000000 0.000000 0.000000
	grand_canonical: 1
	chemical_potential: -2.8333330000000001
box: 10.000000 10.000000
copy: 1.000000 1.000000
epsilon: 1.9166710000000000
end_epsilon: 0.0000000000000000
pressure: 1.0000000000000000
lambda: 0.0000000000000000
lambda_coupling: 1.0000000000000000
uy: 0.0000000000000000
maximum_displacement: 1.0000000000000000
maximum_rotation: 1.0000000000000000
maximum_volume: 0.0000001000000000
maximum_shape: 0.0000001000000000
maximum_dsigma: 0.0100000000000000
mod: 10
pmod: 10
optimize: 1
verbose: 1
snapshot: 0
display: 1
explore: 1
npt: 0
nptxy: 0
nptdxdy: 0
shape: 0
seed: 58504
2.435943873199 12.693584751673 0.866025403784 0.500000000000
12.858929833457 4.039187930284 0.866025403784 0.500000000000
3.057051899584 10.016558727945 0.866025403784 0.500000000000
8.771116314794 4.200871228921 0.866025403784 -0.500000000000
10.550854319975 12.791432659744 0.000000000000 1.000000000000
15.962222633845 18.947212602499 0.000000000000 1.000000000000
4.588218593109 4.846379801782 0.000000000000 1.000000000000
1.084957597934 8.068373215879 0.000000000000 1.000000000000
