#Configurational_file created 2018-09-14 11:26:26  started 2018-09-14 11:26:25 run for 1.0s steps 0
name: gc_406
step: 10000
specie: 21
	particle_diameter: 1.0000000000000000
	interaction_length: 1.2000000000000000
	number_of_patches: 3
	number_of_particles_per_compound: 1
	rod_length: 1.0000000000000000
	interaction_matrix:  1.000000 1.000000 1.000000 1.000000 1.000000 1.000000 1.000000 1.000000 1.000000
	patch_type: symmetric
	patch_width: 8.0000000000000000
	patch_angle: 0.0000000000000000
	angles:  0.000000 0.000000 0.000000
	grand_canonical: 1
	chemical_potential: -0.3333330000000000
box: 10.000000 10.000000
copy: 1.000000 1.000000
epsilon: 0.4167460000000000
end_epsilon: 0.0000000000000000
pressure: 1.0000000000000000
lambda: 0.0000000000000000
lambda_coupling: 1.0000000000000000
uy: 0.0000000000000000
maximum_displacement: 1.0000000000000000
maximum_rotation: 1.0000000000000000
maximum_volume: 0.0000001000000000
maximum_shape: 0.0000001000000000
maximum_dsigma: 0.0100000000000000
mod: 10
pmod: 10
optimize: 1
verbose: 1
snapshot: 0
display: 1
explore: 1
npt: 0
nptxy: 0
nptdxdy: 0
shape: 0
seed: 464413
14.325585964391 -9.275636454842 0.000000000000 1.000000000000
0.242527995890 8.757411932986 0.866025403784 -0.500000000000
1.779089258910 -4.979341625246 0.000000000000 1.000000000000
-0.587662336065 13.520435168208 0.866025403784 0.500000000000
4.089684150954 -11.881676657307 0.000000000000 1.000000000000
8.616208922582 -20.173872197180 0.000000000000 1.000000000000
-8.811798106929 7.695784231429 0.000000000000 1.000000000000
7.474838922138 13.067609254643 0.866025403784 -0.500000000000
16.986651461682 12.118814903365 0.000000000000 1.000000000000
-9.313255332033 2.735474158577 0.866025403784 0.500000000000
-0.241571332135 4.965466360014 0.866025403784 0.500000000000
2.973170526791 -2.384186656731 0.866025403784 -0.500000000000
13.920334752761 -36.167869619301 0.866025403784 0.500000000000
0.404035041459 6.441221878206 0.866025403784 0.500000000000
9.519706437384 16.597745871296 0.866025403784 -0.500000000000
7.699254021945 9.233993252710 0.000000000000 1.000000000000
-10.945000348229 -2.063791109305 0.866025403784 -0.500000000000
7.193974861898 -4.577510641765 0.866025403784 -0.500000000000
-6.130352332021 -3.805367321027 0.000000000000 1.000000000000
-4.320133743837 6.532122524688 0.866025403784 -0.500000000000
1.657552210280 3.151282999677 0.000000000000 1.000000000000
