#Configurational_file created 2018-09-14 13:50:08  started 2018-09-14 13:50:07 run for 1.0s steps 0
name: gc_464
step: 10000
specie: 20
	particle_diameter: 1.0000000000000000
	interaction_length: 1.2000000000000000
	number_of_patches: 3
	number_of_particles_per_compound: 1
	rod_length: 1.0000000000000000
	interaction_matrix:  1.000000 1.000000 1.000000 1.000000 1.000000 1.000000 1.000000 1.000000 1.000000
	patch_type: symmetric
	patch_width: 8.0000000000000000
	patch_angle: 0.0000000000000000
	angles:  0.000000 0.000000 0.000000
	grand_canonical: 1
	chemical_potential: -0.9310340000000000
box: 10.000000 10.000000
copy: 1.000000 1.000000
epsilon: 0.2241380000000000
end_epsilon: 0.0000000000000000
pressure: 1.0000000000000000
lambda: 0.0000000000000000
lambda_coupling: 1.0000000000000000
uy: 0.0000000000000000
maximum_displacement: 1.0000000000000000
maximum_rotation: 1.0000000000000000
maximum_volume: 0.0000001000000000
maximum_shape: 0.0000001000000000
maximum_dsigma: 0.0100000000000000
mod: 10
pmod: 10
optimize: 1
verbose: 1
snapshot: 0
display: 1
explore: 1
npt: 0
nptxy: 0
nptdxdy: 0
shape: 0
seed: 530359
-5.033822814964 5.627509710395 0.866025403784 -0.500000000000
-2.237983373156 20.629401976019 0.000000000000 1.000000000000
3.003907537410 6.931412414246 0.866025403784 0.500000000000
2.550283059716 3.586361588164 0.866025403784 -0.500000000000
0.087912553343 -3.446465888581 0.000000000000 1.000000000000
9.379611654219 -4.476973060740 0.000000000000 1.000000000000
4.316302052434 0.899314216861 0.866025403784 0.500000000000
23.649385233361 16.849381767655 0.000000000000 1.000000000000
10.951546892268 18.550345691445 0.000000000000 1.000000000000
1.369237607506 1.845721640759 0.866025403784 -0.500000000000
-3.665302590231 3.805871362970 0.866025403784 0.500000000000
5.990318685954 -5.551878084018 0.866025403784 -0.500000000000
3.541790148909 8.095468373801 0.866025403784 0.500000000000
-3.562501597532 6.531419355484 0.866025403784 0.500000000000
-4.664719341149 12.777566549156 0.866025403784 -0.500000000000
-3.009211965564 2.615561492438 0.000000000000 1.000000000000
2.330254032361 13.128279210132 0.000000000000 1.000000000000
-1.192547183477 9.003657810713 0.866025403784 0.500000000000
8.530274086723 7.729979700151 0.000000000000 1.000000000000
4.949731786794 4.611823528497 0.866025403784 0.500000000000
