#Configurational_file created 2018-09-14 13:49:32  started 2018-09-14 13:49:31 run for 1.0s steps 0
name: gc_417
step: 10000
specie: 14
	particle_diameter: 1.0000000000000000
	interaction_length: 1.2000000000000000
	number_of_patches: 3
	number_of_particles_per_compound: 1
	rod_length: 1.0000000000000000
	interaction_matrix:  1.000000 1.000000 1.000000 1.000000 1.000000 1.000000 1.000000 1.000000 1.000000
	patch_type: symmetric
	patch_width: 8.0000000000000000
	patch_angle: 0.0000000000000000
	angles:  0.000000 0.000000 0.000000
	grand_canonical: 1
	chemical_potential: -1.2068970000000001
box: 10.000000 10.000000
copy: 1.000000 1.000000
epsilon: 0.4482760000000000
end_epsilon: 0.0000000000000000
pressure: 1.0000000000000000
lambda: 0.0000000000000000
lambda_coupling: 1.0000000000000000
uy: 0.0000000000000000
maximum_displacement: 1.0000000000000000
maximum_rotation: 1.0000000000000000
maximum_volume: 0.0000001000000000
maximum_shape: 0.0000001000000000
maximum_dsigma: 0.0100000000000000
mod: 10
pmod: 10
optimize: 1
verbose: 1
snapshot: 0
display: 1
explore: 1
npt: 0
nptxy: 0
nptdxdy: 0
shape: 0
seed: 476920
2.697540277627 7.622999163629 0.000000000000 1.000000000000
5.090919081601 12.928846133187 0.000000000000 1.000000000000
8.821500051437 2.120458550692 0.866025403784 0.500000000000
-1.974268693264 8.635477213601 0.866025403784 -0.500000000000
-1.238783732287 -14.567729955686 0.866025403784 -0.500000000000
3.094351534976 5.628188927116 0.866025403784 0.500000000000
-1.782778737267 16.966176554253 0.866025403784 0.500000000000
19.945387209364 4.530040221750 0.866025403784 -0.500000000000
7.704408843540 0.791606656796 0.866025403784 -0.500000000000
5.912577617505 -0.147565207862 0.866025403784 -0.500000000000
-8.884768656418 6.761248345561 0.866025403784 0.500000000000
3.905608247944 -0.355373165684 0.000000000000 1.000000000000
5.847058450734 4.518708351539 0.866025403784 0.500000000000
-0.004551433592 10.275096170560 0.866025403784 0.500000000000
