#Configurational_file created 2018-09-14 13:50:02  started 2018-09-14 13:50:01 run for 1.0s steps 0
name: gc_456
step: 10000
specie: 18
	particle_diameter: 1.0000000000000000
	interaction_length: 1.2000000000000000
	number_of_patches: 3
	number_of_particles_per_compound: 1
	rod_length: 1.0000000000000000
	interaction_matrix:  1.000000 1.000000 1.000000 1.000000 1.000000 1.000000 1.000000 1.000000 1.000000
	patch_type: symmetric
	patch_width: 8.0000000000000000
	patch_angle: 0.0000000000000000
	angles:  0.000000 0.000000 0.000000
	grand_canonical: 1
	chemical_potential: -0.9310340000000000
box: 10.000000 10.000000
copy: 1.000000 1.000000
epsilon: 0.0862080000000000
end_epsilon: 0.0000000000000000
pressure: 1.0000000000000000
lambda: 0.0000000000000000
lambda_coupling: 1.0000000000000000
uy: 0.0000000000000000
maximum_displacement: 1.0000000000000000
maximum_rotation: 1.0000000000000000
maximum_volume: 0.0000001000000000
maximum_shape: 0.0000001000000000
maximum_dsigma: 0.0100000000000000
mod: 10
pmod: 10
optimize: 1
verbose: 1
snapshot: 0
display: 1
explore: 1
npt: 0
nptxy: 0
nptdxdy: 0
shape: 0
seed: 521263
5.349790680994 4.709318748514 0.866025403784 0.500000000000
1.476057879713 3.390768331272 0.000000000000 1.000000000000
-5.194475760626 10.686292487619 0.866025403784 -0.500000000000
0.220716540050 0.245227897872 0.000000000000 1.000000000000
-4.951829415287 6.710558721189 0.866025403784 0.500000000000
10.147849242781 6.184457422849 0.866025403784 0.500000000000
-2.254551422659 2.712740645684 0.866025403784 0.500000000000
4.933952919522 3.161606007174 0.866025403784 0.500000000000
10.266528967021 -14.574708932254 0.000000000000 1.000000000000
1.449707547107 1.372432404332 0.866025403784 0.500000000000
-1.127684602718 2.903214984488 0.866025403784 0.500000000000
-0.612291312329 4.512974238631 0.866025403784 -0.500000000000
6.886026108028 6.840900572687 0.866025403784 0.500000000000
6.365353963149 29.315193123260 0.866025403784 -0.500000000000
-15.881649879075 -11.126003679776 0.866025403784 0.500000000000
8.224335324216 7.458604352653 0.000000000000 1.000000000000
7.568299066828 10.148642595908 0.866025403784 -0.500000000000
2.219344597870 7.649359627756 0.866025403784 -0.500000000000
