#Configurational_file created 2018-09-14 13:49:54  started 2018-09-14 13:49:53 run for 1.0s steps 0
name: gc_446
step: 10000
specie: 21
	particle_diameter: 1.0000000000000000
	interaction_length: 1.2000000000000000
	number_of_patches: 3
	number_of_particles_per_compound: 1
	rod_length: 1.0000000000000000
	interaction_matrix:  1.000000 1.000000 1.000000 1.000000 1.000000 1.000000 1.000000 1.000000 1.000000
	patch_type: symmetric
	patch_width: 8.0000000000000000
	patch_angle: 0.0000000000000000
	angles:  0.000000 0.000000 0.000000
	grand_canonical: 1
	chemical_potential: -1.0689660000000001
box: 10.000000 10.000000
copy: 1.000000 1.000000
epsilon: 0.4310350000000000
end_epsilon: 0.0000000000000000
pressure: 1.0000000000000000
lambda: 0.0000000000000000
lambda_coupling: 1.0000000000000000
uy: 0.0000000000000000
maximum_displacement: 1.0000000000000000
maximum_rotation: 1.0000000000000000
maximum_volume: 0.0000001000000000
maximum_shape: 0.0000001000000000
maximum_dsigma: 0.0100000000000000
mod: 10
pmod: 10
optimize: 1
verbose: 1
snapshot: 0
display: 1
explore: 1
npt: 0
nptxy: 0
nptdxdy: 0
shape: 0
seed: 509893
13.289619103651 9.153506884749 0.000000000000 1.000000000000
19.333909599394 0.701658636158 0.866025403784 -0.500000000000
-0.672578434077 3.745363722314 0.866025403784 -0.500000000000
-2.575584993015 3.094347207976 0.866025403784 -0.500000000000
21.484197528675 -0.512124522118 0.866025403784 0.500000000000
-0.109955652695 -2.322696240298 0.000000000000 1.000000000000
18.118292335983 9.188810942685 0.000000000000 1.000000000000
4.877353484658 5.264109977852 0.866025403784 0.500000000000
13.020382573496 3.712998849144 0.000000000000 1.000000000000
7.179351789701 -1.040251033890 0.866025403784 -0.500000000000
-3.036668206590 7.125563692290 0.866025403784 0.500000000000
11.089798168099 13.402523046184 0.866025403784 -0.500000000000
1.990061763053 3.870065081897 0.866025403784 -0.500000000000
13.784794419843 10.696742119842 0.866025403784 -0.500000000000
1.726112003747 15.410955743217 0.866025403784 -0.500000000000
5.248177934525 -9.824668511170 0.866025403784 0.500000000000
6.258267865885 14.554606051511 0.000000000000 1.000000000000
0.402699002499 12.001545365936 0.866025403784 0.500000000000
8.368164626934 2.705605216742 0.866025403784 -0.500000000000
6.802754338511 5.326086021001 0.866025403784 0.500000000000
4.006555596116 6.150678365371 0.866025403784 0.500000000000
