#Configurational_file created 2018-09-14 13:49:40  started 2018-09-14 13:49:39 run for 1.0s steps 0
name: gc_427
step: 10000
specie: 12
	particle_diameter: 1.0000000000000000
	interaction_length: 1.2000000000000000
	number_of_patches: 3
	number_of_particles_per_compound: 1
	rod_length: 1.0000000000000000
	interaction_matrix:  1.000000 1.000000 1.000000 1.000000 1.000000 1.000000 1.000000 1.000000 1.000000
	patch_type: symmetric
	patch_width: 8.0000000000000000
	patch_angle: 0.0000000000000000
	angles:  0.000000 0.000000 0.000000
	grand_canonical: 1
	chemical_potential: -1.0689660000000001
box: 10.000000 10.000000
copy: 1.000000 1.000000
epsilon: 0.1034490000000000
end_epsilon: 0.0000000000000000
pressure: 1.0000000000000000
lambda: 0.0000000000000000
lambda_coupling: 1.0000000000000000
uy: 0.0000000000000000
maximum_displacement: 1.0000000000000000
maximum_rotation: 1.0000000000000000
maximum_volume: 0.0000001000000000
maximum_shape: 0.0000001000000000
maximum_dsigma: 0.0100000000000000
mod: 10
pmod: 10
optimize: 1
verbose: 1
snapshot: 0
display: 1
explore: 1
npt: 0
nptxy: 0
nptdxdy: 0
shape: 0
seed: 488290
-8.431395463902 -4.575993711957 0.000000000000 1.000000000000
8.645080041665 3.704182377435 0.000000000000 1.000000000000
7.873295056518 -12.395946218089 0.000000000000 1.000000000000
0.318306004322 3.650003920187 0.000000000000 1.000000000000
-0.807449631773 -2.096297029277 0.866025403784 0.500000000000
9.372689214586 9.822022319103 0.866025403784 -0.500000000000
7.744871998575 -5.320350154107 0.866025403784 -0.500000000000
13.030503465906 -11.676444221006 0.866025403784 0.500000000000
2.734615098991 12.759373950645 0.866025403784 -0.500000000000
3.697398816024 4.531748269665 0.866025403784 0.500000000000
3.742875336297 1.786471700854 0.000000000000 1.000000000000
7.980667426525 0.409508012073 0.866025403784 0.500000000000
