#Configurational_file created 2018-09-14 13:49:57  started 2018-09-14 13:49:56 run for 1.0s steps 0
name: gc_450
step: 10000
specie: 19
	particle_diameter: 1.0000000000000000
	interaction_length: 1.2000000000000000
	number_of_patches: 3
	number_of_particles_per_compound: 1
	rod_length: 1.0000000000000000
	interaction_matrix:  1.000000 1.000000 1.000000 1.000000 1.000000 1.000000 1.000000 1.000000 1.000000
	patch_type: symmetric
	patch_width: 8.0000000000000000
	patch_angle: 0.0000000000000000
	angles:  0.000000 0.000000 0.000000
	grand_canonical: 1
	chemical_potential: -1.0689660000000001
box: 10.000000 10.000000
copy: 1.000000 1.000000
epsilon: 0.5000000000000000
end_epsilon: 0.0000000000000000
pressure: 1.0000000000000000
lambda: 0.0000000000000000
lambda_coupling: 1.0000000000000000
uy: 0.0000000000000000
maximum_displacement: 1.0000000000000000
maximum_rotation: 1.0000000000000000
maximum_volume: 0.0000001000000000
maximum_shape: 0.0000001000000000
maximum_dsigma: 0.0100000000000000
mod: 10
pmod: 10
optimize: 1
verbose: 1
snapshot: 0
display: 1
explore: 1
npt: 0
nptxy: 0
nptdxdy: 0
shape: 0
seed: 514441
0.859294047534 8.550262609547 0.000000000000 1.000000000000
6.456130685972 5.841314901778 0.866025403784 -0.500000000000
-10.237502844695 4.821368732074 0.000000000000 1.000000000000
16.846705300631 -22.429231376276 0.866025403784 -0.500000000000
-5.874579026972 9.546344487327 0.000000000000 1.000000000000
1.649101381745 5.530166223159 0.866025403784 0.500000000000
8.256301407147 -4.791251918229 0.000000000000 1.000000000000
12.707553471281 -7.298268152050 0.000000000000 1.000000000000
21.594150879041 -6.681650617033 0.866025403784 0.500000000000
2.820296852294 23.288944835895 0.866025403784 -0.500000000000
4.245519334122 6.226565531969 0.866025403784 0.500000000000
-3.150171153327 0.585533029258 0.000000000000 1.000000000000
17.578788903493 3.963262859934 0.000000000000 1.000000000000
7.150326252344 1.585509528695 0.000000000000 1.000000000000
7.000740473722 12.216905935595 0.866025403784 -0.500000000000
15.595207732203 -2.246944629626 0.866025403784 0.500000000000
5.635146902683 3.946190214955 0.866025403784 -0.500000000000
0.717957332715 9.547152299817 0.000000000000 1.000000000000
9.017702057505 1.236123194413 0.866025403784 -0.500000000000
