#Configurational_file created 2018-09-14 13:49:42  started 2018-09-14 13:49:41 run for 1.0s steps 0
name: gc_430
step: 10000
specie: 18
	particle_diameter: 1.0000000000000000
	interaction_length: 1.2000000000000000
	number_of_patches: 3
	number_of_particles_per_compound: 1
	rod_length: 1.0000000000000000
	interaction_matrix:  1.000000 1.000000 1.000000 1.000000 1.000000 1.000000 1.000000 1.000000 1.000000
	patch_type: symmetric
	patch_width: 8.0000000000000000
	patch_angle: 0.0000000000000000
	angles:  0.000000 0.000000 0.000000
	grand_canonical: 1
	chemical_potential: -1.0689660000000001
box: 10.000000 10.000000
copy: 1.000000 1.000000
epsilon: 0.1551730000000000
end_epsilon: 0.0000000000000000
pressure: 1.0000000000000000
lambda: 0.0000000000000000
lambda_coupling: 1.0000000000000000
uy: 0.0000000000000000
maximum_displacement: 1.0000000000000000
maximum_rotation: 1.0000000000000000
maximum_volume: 0.0000001000000000
maximum_shape: 0.0000001000000000
maximum_dsigma: 0.0100000000000000
mod: 10
pmod: 10
optimize: 1
verbose: 1
snapshot: 0
display: 1
explore: 1
npt: 0
nptxy: 0
nptdxdy: 0
shape: 0
seed: 491701
4.223647597970 5.117303887767 0.000000000000 1.000000000000
5.762186024895 1.765766906091 0.000000000000 1.000000000000
-4.568715027312 5.877178542039 0.866025403784 -0.500000000000
2.453672072657 16.971139393820 0.866025403784 0.500000000000
9.264069185945 5.214110447298 0.866025403784 -0.500000000000
10.989752746719 10.052618942162 0.000000000000 1.000000000000
4.417543323675 18.728641735475 0.866025403784 -0.500000000000
8.230499923273 11.646480160782 0.000000000000 1.000000000000
11.733741753838 8.672564778618 0.000000000000 1.000000000000
11.912400674260 14.133385539445 0.866025403784 -0.500000000000
13.986963545120 6.064073339461 0.866025403784 0.500000000000
5.538999282491 -0.997197668155 0.000000000000 1.000000000000
3.975977381448 20.239587294355 0.866025403784 0.500000000000
14.975622327611 7.741786474030 0.866025403784 -0.500000000000
12.837333176973 13.052347726596 0.000000000000 1.000000000000
-2.856021376106 6.568638370217 0.000000000000 1.000000000000
6.006965065247 13.589877621615 0.866025403784 -0.500000000000
-2.795589251364 2.814682703968 0.866025403784 -0.500000000000
