#Configurational_file created 2018-09-14 11:26:50  started 2018-09-14 11:26:50 run for 0.0s steps 0
name: gc_434
step: 10000
specie: 22
	particle_diameter: 1.0000000000000000
	interaction_length: 1.2000000000000000
	number_of_patches: 3
	number_of_particles_per_compound: 1
	rod_length: 1.0000000000000000
	interaction_matrix:  1.000000 1.000000 1.000000 1.000000 1.000000 1.000000 1.000000 1.000000 1.000000
	patch_type: symmetric
	patch_width: 8.0000000000000000
	patch_angle: 0.0000000000000000
	angles:  0.000000 0.000000 0.000000
	grand_canonical: 1
	chemical_potential: -0.1666670000000000
box: 10.000000 10.000000
copy: 1.000000 1.000000
epsilon: 0.6667330000000000
end_epsilon: 0.0000000000000000
pressure: 1.0000000000000000
lambda: 0.0000000000000000
lambda_coupling: 1.0000000000000000
uy: 0.0000000000000000
maximum_displacement: 1.0000000000000000
maximum_rotation: 1.0000000000000000
maximum_volume: 0.0000001000000000
maximum_shape: 0.0000001000000000
maximum_dsigma: 0.0100000000000000
mod: 10
pmod: 10
optimize: 1
verbose: 1
snapshot: 0
display: 1
explore: 1
npt: 0
nptxy: 0
nptdxdy: 0
shape: 0
seed: 496249
2.682053055369 6.812189602829 0.866025403784 0.500000000000
15.949643927880 8.219895640115 0.866025403784 0.500000000000
-10.219058362457 16.010527329711 0.866025403784 0.500000000000
10.923625865948 -28.539392193172 0.866025403784 -0.500000000000
17.103134386585 7.129541128734 0.000000000000 1.000000000000
7.233293522279 4.803595182237 0.866025403784 -0.500000000000
20.483279350298 4.198344105225 0.866025403784 0.500000000000
6.545264020401 9.706391515420 0.866025403784 -0.500000000000
9.158670731557 -4.977473322206 0.000000000000 1.000000000000
14.475222773305 12.992081301655 0.866025403784 0.500000000000
23.420159957108 13.299240932017 0.866025403784 0.500000000000
3.729268608914 4.280547662216 0.000000000000 1.000000000000
12.107220636907 -0.628844619800 0.866025403784 -0.500000000000
20.939232694341 5.941733785500 0.866025403784 0.500000000000
7.848875239941 1.835099848649 0.000000000000 1.000000000000
0.539460185660 -2.096769845873 0.000000000000 1.000000000000
2.240585897135 1.992119844411 0.866025403784 -0.500000000000
-3.081446745351 3.288010474451 0.000000000000 1.000000000000
16.880950856418 0.746177290468 0.866025403784 -0.500000000000
2.394735716177 -0.777103333940 0.000000000000 1.000000000000
4.901364522855 15.411673979729 0.866025403784 0.500000000000
-1.406905241278 4.565536039039 0.866025403784 -0.500000000000
