#Configurational_file created 2018-09-14 13:50:25  started 2018-09-14 13:50:24 run for 1.0s steps 0
name: gc_486
step: 10000
specie: 18
	particle_diameter: 1.0000000000000000
	interaction_length: 1.2000000000000000
	number_of_patches: 3
	number_of_particles_per_compound: 1
	rod_length: 1.0000000000000000
	interaction_matrix:  1.000000 1.000000 1.000000 1.000000 1.000000 1.000000 1.000000 1.000000 1.000000
	patch_type: symmetric
	patch_width: 8.0000000000000000
	patch_angle: 0.0000000000000000
	angles:  0.000000 0.000000 0.000000
	grand_canonical: 1
	chemical_potential: -0.7931030000000000
box: 10.000000 10.000000
copy: 1.000000 1.000000
epsilon: 0.0862080000000000
end_epsilon: 0.0000000000000000
pressure: 1.0000000000000000
lambda: 0.0000000000000000
lambda_coupling: 1.0000000000000000
uy: 0.0000000000000000
maximum_displacement: 1.0000000000000000
maximum_rotation: 1.0000000000000000
maximum_volume: 0.0000001000000000
maximum_shape: 0.0000001000000000
maximum_dsigma: 0.0100000000000000
mod: 10
pmod: 10
optimize: 1
verbose: 1
snapshot: 0
display: 1
explore: 1
npt: 0
nptxy: 0
nptdxdy: 0
shape: 0
seed: 555373
1.979719033898 0.083230923370 0.000000000000 1.000000000000
16.853011317416 3.767607270585 0.866025403784 0.500000000000
15.263331721371 -19.620039808078 0.866025403784 0.500000000000
11.190552002806 5.596039418213 0.866025403784 0.500000000000
5.753568835401 4.540047925882 0.866025403784 -0.500000000000
1.175414522090 4.317645477155 0.866025403784 0.500000000000
-0.077848259509 -10.892144687067 0.000000000000 1.000000000000
-46.999414866639 24.454850966637 0.866025403784 -0.500000000000
13.703305064821 9.987927282671 0.000000000000 1.000000000000
-0.658884446185 3.984679428583 0.000000000000 1.000000000000
2.714390470526 -22.087806455130 0.866025403784 0.500000000000
-2.371323740856 2.578285258599 0.000000000000 1.000000000000
3.228633760844 1.037492443013 0.866025403784 -0.500000000000
4.104635709304 2.511610952028 0.000000000000 1.000000000000
8.185934908619 8.693654048980 0.866025403784 -0.500000000000
-2.750843457188 0.348505102371 0.866025403784 0.500000000000
8.436046290394 20.303725946131 0.866025403784 -0.500000000000
-5.023180883637 7.550480522856 0.000000000000 1.000000000000
