#Configurational_file created 2018-09-14 13:50:11  started 2018-09-14 13:50:10 run for 1.0s steps 0
name: gc_468
step: 10000
specie: 19
	particle_diameter: 1.0000000000000000
	interaction_length: 1.2000000000000000
	number_of_patches: 3
	number_of_particles_per_compound: 1
	rod_length: 1.0000000000000000
	interaction_matrix:  1.000000 1.000000 1.000000 1.000000 1.000000 1.000000 1.000000 1.000000 1.000000
	patch_type: symmetric
	patch_width: 8.0000000000000000
	patch_angle: 0.0000000000000000
	angles:  0.000000 0.000000 0.000000
	grand_canonical: 1
	chemical_potential: -0.9310340000000000
box: 10.000000 10.000000
copy: 1.000000 1.000000
epsilon: 0.2931040000000000
end_epsilon: 0.0000000000000000
pressure: 1.0000000000000000
lambda: 0.0000000000000000
lambda_coupling: 1.0000000000000000
uy: 0.0000000000000000
maximum_displacement: 1.0000000000000000
maximum_rotation: 1.0000000000000000
maximum_volume: 0.0000001000000000
maximum_shape: 0.0000001000000000
maximum_dsigma: 0.0100000000000000
mod: 10
pmod: 10
optimize: 1
verbose: 1
snapshot: 0
display: 1
explore: 1
npt: 0
nptxy: 0
nptdxdy: 0
shape: 0
seed: 534907
14.762219946786 -24.403504482164 0.866025403784 0.500000000000
5.101259606968 16.314309925341 0.866025403784 -0.500000000000
5.560471810266 2.058523279451 0.000000000000 1.000000000000
3.785706851287 12.735914962170 0.000000000000 1.000000000000
-0.936853551889 9.119015381120 0.000000000000 1.000000000000
-0.332270454295 15.197026058283 0.866025403784 -0.500000000000
2.376644659247 4.839448827903 0.000000000000 1.000000000000
-4.077024175881 9.979488094152 0.866025403784 -0.500000000000
20.600193752931 16.527557280188 0.866025403784 0.500000000000
7.564568941914 2.558860288241 0.866025403784 0.500000000000
10.373392894853 0.079344478965 0.866025403784 -0.500000000000
6.372868773007 2.972849176578 0.866025403784 0.500000000000
15.134364633894 0.671243600044 0.866025403784 -0.500000000000
18.547006617432 17.408078627098 0.866025403784 0.500000000000
10.638700214672 13.201765858427 0.000000000000 1.000000000000
12.110643028110 6.198473103223 0.866025403784 -0.500000000000
3.115330728150 -0.797420275535 0.866025403784 -0.500000000000
16.895069788689 1.277820378665 0.866025403784 0.500000000000
1.784844437373 11.364180381517 0.866025403784 -0.500000000000
