#Configurational_file created 2018-09-14 13:49:51  started 2018-09-14 13:49:50 run for 1.0s steps 0
name: gc_442
step: 10000
specie: 16
	particle_diameter: 1.0000000000000000
	interaction_length: 1.2000000000000000
	number_of_patches: 3
	number_of_particles_per_compound: 1
	rod_length: 1.0000000000000000
	interaction_matrix:  1.000000 1.000000 1.000000 1.000000 1.000000 1.000000 1.000000 1.000000 1.000000
	patch_type: symmetric
	patch_width: 8.0000000000000000
	patch_angle: 0.0000000000000000
	angles:  0.000000 0.000000 0.000000
	grand_canonical: 1
	chemical_potential: -1.0689660000000001
box: 10.000000 10.000000
copy: 1.000000 1.000000
epsilon: 0.3620690000000000
end_epsilon: 0.0000000000000000
pressure: 1.0000000000000000
lambda: 0.0000000000000000
lambda_coupling: 1.0000000000000000
uy: 0.0000000000000000
maximum_displacement: 1.0000000000000000
maximum_rotation: 1.0000000000000000
maximum_volume: 0.0000001000000000
maximum_shape: 0.0000001000000000
maximum_dsigma: 0.0100000000000000
mod: 10
pmod: 10
optimize: 1
verbose: 1
snapshot: 0
display: 1
explore: 1
npt: 0
nptxy: 0
nptdxdy: 0
shape: 0
seed: 505345
-14.960302369022 20.205506490489 0.000000000000 1.000000000000
6.897668135993 -3.725243635565 0.866025403784 0.500000000000
21.824869072411 39.060363595012 0.866025403784 -0.500000000000
0.595853696043 2.899437864097 0.000000000000 1.000000000000
1.491829593582 5.300768560195 0.866025403784 0.500000000000
4.335694804344 4.030182564411 0.866025403784 -0.500000000000
8.379531045633 21.904698945632 0.866025403784 -0.500000000000
5.303139866822 8.034361367982 0.866025403784 -0.500000000000
2.950607038725 -1.727836882498 0.866025403784 -0.500000000000
7.959692551506 0.615393331891 0.866025403784 -0.500000000000
-0.315259457139 -1.797264481999 0.866025403784 -0.500000000000
8.796599823688 7.773603027327 0.000000000000 1.000000000000
12.816803618871 -9.343820440535 0.866025403784 -0.500000000000
-0.503651671773 15.723411043270 0.000000000000 1.000000000000
-1.153271411209 0.622358608508 0.866025403784 0.500000000000
4.178272483285 6.580483337055 0.866025403784 -0.500000000000
