#Configurational_file created 2018-09-14 13:49:55  started 2018-09-14 13:49:54 run for 1.0s steps 0
name: gc_447
step: 10000
specie: 18
	particle_diameter: 1.0000000000000000
	interaction_length: 1.2000000000000000
	number_of_patches: 3
	number_of_particles_per_compound: 1
	rod_length: 1.0000000000000000
	interaction_matrix:  1.000000 1.000000 1.000000 1.000000 1.000000 1.000000 1.000000 1.000000 1.000000
	patch_type: symmetric
	patch_width: 8.0000000000000000
	patch_angle: 0.0000000000000000
	angles:  0.000000 0.000000 0.000000
	grand_canonical: 1
	chemical_potential: -1.0689660000000001
box: 10.000000 10.000000
copy: 1.000000 1.000000
epsilon: 0.4482760000000000
end_epsilon: 0.0000000000000000
pressure: 1.0000000000000000
lambda: 0.0000000000000000
lambda_coupling: 1.0000000000000000
uy: 0.0000000000000000
maximum_displacement: 1.0000000000000000
maximum_rotation: 1.0000000000000000
maximum_volume: 0.0000001000000000
maximum_shape: 0.0000001000000000
maximum_dsigma: 0.0100000000000000
mod: 10
pmod: 10
optimize: 1
verbose: 1
snapshot: 0
display: 1
explore: 1
npt: 0
nptxy: 0
nptdxdy: 0
shape: 0
seed: 511030
12.365077152433 -2.754489443923 0.866025403784 0.500000000000
29.819314484624 23.938378409476 0.866025403784 0.500000000000
7.348862559854 17.942597795713 0.000000000000 1.000000000000
8.254464506418 10.697101651193 0.000000000000 1.000000000000
1.805982183138 -5.760258285922 0.866025403784 -0.500000000000
5.357849440747 1.575657712154 0.866025403784 0.500000000000
-4.844784217401 7.269902705250 0.866025403784 -0.500000000000
3.445096420446 4.726845258221 0.000000000000 1.000000000000
6.236220983478 -5.364706336910 0.866025403784 0.500000000000
3.714375092435 -2.215610299123 0.000000000000 1.000000000000
4.321009825082 0.342952415814 0.866025403784 0.500000000000
16.764726176697 7.981871950515 0.866025403784 0.500000000000
1.290559059820 -0.718650035866 0.866025403784 0.500000000000
-0.950433899265 8.734425317391 0.000000000000 1.000000000000
10.692923612517 5.575230728046 0.866025403784 0.500000000000
3.007746875883 10.060035765342 0.866025403784 0.500000000000
2.819630211785 4.547353169665 0.866025403784 0.500000000000
4.868911884740 8.957308906729 0.866025403784 -0.500000000000
