#Configurational_file created 2018-09-14 13:50:12  started 2018-09-14 13:50:11 run for 1.0s steps 0
name: gc_469
step: 10000
specie: 17
	particle_diameter: 1.0000000000000000
	interaction_length: 1.2000000000000000
	number_of_patches: 3
	number_of_particles_per_compound: 1
	rod_length: 1.0000000000000000
	interaction_matrix:  1.000000 1.000000 1.000000 1.000000 1.000000 1.000000 1.000000 1.000000 1.000000
	patch_type: symmetric
	patch_width: 8.0000000000000000
	patch_angle: 0.0000000000000000
	angles:  0.000000 0.000000 0.000000
	grand_canonical: 1
	chemical_potential: -0.9310340000000000
box: 10.000000 10.000000
copy: 1.000000 1.000000
epsilon: 0.3103450000000000
end_epsilon: 0.0000000000000000
pressure: 1.0000000000000000
lambda: 0.0000000000000000
lambda_coupling: 1.0000000000000000
uy: 0.0000000000000000
maximum_displacement: 1.0000000000000000
maximum_rotation: 1.0000000000000000
maximum_volume: 0.0000001000000000
maximum_shape: 0.0000001000000000
maximum_dsigma: 0.0100000000000000
mod: 10
pmod: 10
optimize: 1
verbose: 1
snapshot: 0
display: 1
explore: 1
npt: 0
nptxy: 0
nptdxdy: 0
shape: 0
seed: 536044
3.960254708100 -11.071410262247 0.866025403784 -0.500000000000
23.735320787212 -2.018743693590 0.866025403784 0.500000000000
4.852874811703 6.021445177924 0.866025403784 -0.500000000000
5.832689110955 6.189965861897 0.866025403784 0.500000000000
7.927331439213 0.014354650678 0.000000000000 1.000000000000
1.495121436701 -6.742416086047 0.866025403784 0.500000000000
-7.077916085318 -9.628125335076 0.866025403784 0.500000000000
21.303711106921 4.335686447420 0.866025403784 0.500000000000
16.305339372674 10.346284417419 0.866025403784 0.500000000000
-13.915849573788 -12.605149640560 0.000000000000 1.000000000000
-0.233648679964 -8.338734848883 0.866025403784 -0.500000000000
14.453531070935 14.458434136708 0.000000000000 1.000000000000
16.495680886101 8.613566961153 0.000000000000 1.000000000000
-22.395943243320 5.532267035139 0.000000000000 1.000000000000
8.172484996753 -1.838708762496 0.866025403784 0.500000000000
13.093787221967 -1.126234317797 0.866025403784 0.500000000000
2.641240495788 2.889892396762 0.866025403784 0.500000000000
