#Configurational_file created 2018-09-14 13:49:28  started 2018-09-14 13:49:27 run for 1.0s steps 0
name: gc_411
step: 10000
specie: 20
	particle_diameter: 1.0000000000000000
	interaction_length: 1.2000000000000000
	number_of_patches: 3
	number_of_particles_per_compound: 1
	rod_length: 1.0000000000000000
	interaction_matrix:  1.000000 1.000000 1.000000 1.000000 1.000000 1.000000 1.000000 1.000000 1.000000
	patch_type: symmetric
	patch_width: 8.0000000000000000
	patch_angle: 0.0000000000000000
	angles:  0.000000 0.000000 0.000000
	grand_canonical: 1
	chemical_potential: -1.2068970000000001
box: 10.000000 10.000000
copy: 1.000000 1.000000
epsilon: 0.3448280000000000
end_epsilon: 0.0000000000000000
pressure: 1.0000000000000000
lambda: 0.0000000000000000
lambda_coupling: 1.0000000000000000
uy: 0.0000000000000000
maximum_displacement: 1.0000000000000000
maximum_rotation: 1.0000000000000000
maximum_volume: 0.0000001000000000
maximum_shape: 0.0000001000000000
maximum_dsigma: 0.0100000000000000
mod: 10
pmod: 10
optimize: 1
verbose: 1
snapshot: 0
display: 1
explore: 1
npt: 0
nptxy: 0
nptdxdy: 0
shape: 0
seed: 470098
6.655819919149 4.114227697772 0.866025403784 0.500000000000
-6.325390950117 -13.802962215627 0.866025403784 0.500000000000
9.882243746676 8.397626350493 0.866025403784 -0.500000000000
4.596556876441 8.457406552087 0.866025403784 0.500000000000
9.354088975684 4.382511511619 0.866025403784 0.500000000000
12.877418289015 10.086211703808 0.866025403784 -0.500000000000
13.003052588145 11.551173884113 0.866025403784 -0.500000000000
4.334244035123 2.634107674275 0.866025403784 0.500000000000
5.518281739531 23.660518933552 0.866025403784 0.500000000000
-6.916188577399 8.292731668983 0.866025403784 -0.500000000000
-0.248865257335 3.576438394914 0.000000000000 1.000000000000
2.356116964728 7.991069938728 0.866025403784 0.500000000000
5.564372865399 -0.042284855630 0.866025403784 -0.500000000000
7.953981178400 5.710959406543 0.000000000000 1.000000000000
20.415709934965 7.247579997638 0.866025403784 -0.500000000000
12.821220541478 -2.414914038235 0.000000000000 1.000000000000
25.405576287006 1.835789582346 0.866025403784 0.500000000000
9.813622770481 6.662633386036 0.000000000000 1.000000000000
1.222278342275 5.300548584685 0.866025403784 -0.500000000000
5.187468301951 6.387032022316 0.866025403784 -0.500000000000
