#Configurational_file created 2018-09-14 13:50:15  started 2018-09-14 13:50:14 run for 1.0s steps 0
name: gc_473
step: 10000
specie: 21
	particle_diameter: 1.0000000000000000
	interaction_length: 1.2000000000000000
	number_of_patches: 3
	number_of_particles_per_compound: 1
	rod_length: 1.0000000000000000
	interaction_matrix:  1.000000 1.000000 1.000000 1.000000 1.000000 1.000000 1.000000 1.000000 1.000000
	patch_type: symmetric
	patch_width: 8.0000000000000000
	patch_angle: 0.0000000000000000
	angles:  0.000000 0.000000 0.000000
	grand_canonical: 1
	chemical_potential: -0.9310340000000000
box: 10.000000 10.000000
copy: 1.000000 1.000000
epsilon: 0.3793110000000000
end_epsilon: 0.0000000000000000
pressure: 1.0000000000000000
lambda: 0.0000000000000000
lambda_coupling: 1.0000000000000000
uy: 0.0000000000000000
maximum_displacement: 1.0000000000000000
maximum_rotation: 1.0000000000000000
maximum_volume: 0.0000001000000000
maximum_shape: 0.0000001000000000
maximum_dsigma: 0.0100000000000000
mod: 10
pmod: 10
optimize: 1
verbose: 1
snapshot: 0
display: 1
explore: 1
npt: 0
nptxy: 0
nptdxdy: 0
shape: 0
seed: 540592
16.268356606894 -3.634126542347 0.866025403784 -0.500000000000
4.401980177801 -0.958242892402 0.866025403784 0.500000000000
-17.339016021727 8.542142595575 0.866025403784 -0.500000000000
2.698363778094 13.702610653222 0.000000000000 1.000000000000
-1.778507611817 -9.327430870377 0.866025403784 0.500000000000
20.227221701094 -23.333188529212 0.000000000000 1.000000000000
17.240268471436 19.722007927529 0.866025403784 -0.500000000000
-7.747306550149 6.574827727942 0.866025403784 -0.500000000000
8.303664702638 7.309625809899 0.000000000000 1.000000000000
12.413098724473 2.222386370450 0.866025403784 0.500000000000
1.103589358533 9.084030191168 0.866025403784 0.500000000000
5.822840460445 2.108627553370 0.866025403784 0.500000000000
15.772675196331 4.933333341036 0.866025403784 0.500000000000
1.880285938569 14.284979922053 0.866025403784 0.500000000000
6.945683760322 4.525424670389 0.866025403784 0.500000000000
0.260910904053 -2.200975212751 0.866025403784 -0.500000000000
4.296182906976 4.412153996199 0.866025403784 0.500000000000
8.574012989229 5.651754088565 0.866025403784 0.500000000000
6.185177086558 0.533699760519 0.866025403784 0.500000000000
11.026009969778 4.897935581689 0.866025403784 -0.500000000000
1.948593112780 13.169574936073 0.866025403784 0.500000000000
