#Configurational_file created 2018-09-14 13:49:53  started 2018-09-14 13:49:53 run for 0.0s steps 0
name: gc_445
step: 10000
specie: 13
	particle_diameter: 1.0000000000000000
	interaction_length: 1.2000000000000000
	number_of_patches: 3
	number_of_particles_per_compound: 1
	rod_length: 1.0000000000000000
	interaction_matrix:  1.000000 1.000000 1.000000 1.000000 1.000000 1.000000 1.000000 1.000000 1.000000
	patch_type: symmetric
	patch_width: 8.0000000000000000
	patch_angle: 0.0000000000000000
	angles:  0.000000 0.000000 0.000000
	grand_canonical: 1
	chemical_potential: -1.0689660000000001
box: 10.000000 10.000000
copy: 1.000000 1.000000
epsilon: 0.4137930000000000
end_epsilon: 0.0000000000000000
pressure: 1.0000000000000000
lambda: 0.0000000000000000
lambda_coupling: 1.0000000000000000
uy: 0.0000000000000000
maximum_displacement: 1.0000000000000000
maximum_rotation: 1.0000000000000000
maximum_volume: 0.0000001000000000
maximum_shape: 0.0000001000000000
maximum_dsigma: 0.0100000000000000
mod: 10
pmod: 10
optimize: 1
verbose: 1
snapshot: 0
display: 1
explore: 1
npt: 0
nptxy: 0
nptdxdy: 0
shape: 0
seed: 508756
-5.616066515707 2.657249087263 0.866025403784 -0.500000000000
0.793762191551 5.455020612627 0.866025403784 0.500000000000
2.227824320177 2.505886102155 0.866025403784 -0.500000000000
8.405419819943 -0.366308153257 0.866025403784 0.500000000000
9.519648948509 0.504673388037 0.000000000000 1.000000000000
5.892618621377 -1.445436121597 0.000000000000 1.000000000000
-6.705140805634 5.563675888455 0.000000000000 1.000000000000
-12.834567363905 21.634946754395 0.866025403784 0.500000000000
-3.685653115390 -0.407164267686 0.866025403784 0.500000000000
15.319377898009 5.216838462460 0.866025403784 -0.500000000000
6.138068414912 6.475330981128 0.866025403784 0.500000000000
-1.457480176861 7.006674659783 0.866025403784 0.500000000000
10.502135778733 11.452848190840 0.866025403784 -0.500000000000
