#Configurational_file created 2018-09-14 13:49:56  started 2018-09-14 13:49:56 run for 0.0s steps 0
name: gc_449
step: 10000
specie: 16
	particle_diameter: 1.0000000000000000
	interaction_length: 1.2000000000000000
	number_of_patches: 3
	number_of_particles_per_compound: 1
	rod_length: 1.0000000000000000
	interaction_matrix:  1.000000 1.000000 1.000000 1.000000 1.000000 1.000000 1.000000 1.000000 1.000000
	patch_type: symmetric
	patch_width: 8.0000000000000000
	patch_angle: 0.0000000000000000
	angles:  0.000000 0.000000 0.000000
	grand_canonical: 1
	chemical_potential: -1.0689660000000001
box: 10.000000 10.000000
copy: 1.000000 1.000000
epsilon: 0.4827590000000000
end_epsilon: 0.0000000000000000
pressure: 1.0000000000000000
lambda: 0.0000000000000000
lambda_coupling: 1.0000000000000000
uy: 0.0000000000000000
maximum_displacement: 1.0000000000000000
maximum_rotation: 1.0000000000000000
maximum_volume: 0.0000001000000000
maximum_shape: 0.0000001000000000
maximum_dsigma: 0.0100000000000000
mod: 10
pmod: 10
optimize: 1
verbose: 1
snapshot: 0
display: 1
explore: 1
npt: 0
nptxy: 0
nptdxdy: 0
shape: 0
seed: 513304
13.534633293746 26.215069690686 0.000000000000 1.000000000000
-0.770142960431 2.719238993229 0.866025403784 0.500000000000
1.707611114268 -3.819290740198 0.866025403784 0.500000000000
1.225432907899 -0.382621075378 0.000000000000 1.000000000000
0.674887438759 18.101476853108 0.866025403784 -0.500000000000
14.719077993957 -9.528685510096 0.866025403784 0.500000000000
8.369099030967 0.734133716782 0.866025403784 -0.500000000000
-2.345204425344 4.479970904682 0.000000000000 1.000000000000
15.989867929163 2.069895465666 0.000000000000 1.000000000000
0.403211384058 1.726078323081 0.866025403784 0.500000000000
8.689800963705 14.859461786951 0.000000000000 1.000000000000
12.436035452777 -3.557807439610 0.866025403784 -0.500000000000
7.289328405853 -2.003186532648 0.000000000000 1.000000000000
19.884053100238 3.686783012782 0.000000000000 1.000000000000
12.524072822352 4.671592208742 0.000000000000 1.000000000000
6.073646917723 9.134008710292 0.000000000000 1.000000000000
