#Configurational_file created 2018-09-14 11:21:44  started 2018-09-14 11:21:44 run for 0.0s steps 0
name: gc_4
step: 10000
specie: 7
	particle_diameter: 1.0000000000000000
	interaction_length: 1.2000000000000000
	number_of_patches: 3
	number_of_particles_per_compound: 1
	rod_length: 1.0000000000000000
	interaction_matrix:  1.000000 1.000000 1.000000 1.000000 1.000000 1.000000 1.000000 1.000000 1.000000
	patch_type: symmetric
	patch_width: 8.0000000000000000
	patch_angle: 0.0000000000000000
	angles:  0.000000 0.000000 0.000000
	grand_canonical: 1
	chemical_potential: -3.0000000000000000
box: 10.000000 10.000000
copy: 1.000000 1.000000
epsilon: 0.2500870000000000
end_epsilon: 0.0000000000000000
pressure: 1.0000000000000000
lambda: 0.0000000000000000
lambda_coupling: 1.0000000000000000
uy: 0.0000000000000000
maximum_displacement: 1.0000000000000000
maximum_rotation: 1.0000000000000000
maximum_volume: 0.0000001000000000
maximum_shape: 0.0000001000000000
maximum_dsigma: 0.0100000000000000
mod: 10
pmod: 10
optimize: 1
verbose: 1
snapshot: 0
display: 1
explore: 1
npt: 0
nptxy: 0
nptdxdy: 0
shape: 0
seed: 7339
-26.453634828862 16.396427515679 0.000000000000 1.000000000000
9.332359695661 9.811162486490 0.000000000000 1.000000000000
-2.879758642349 8.943885859403 0.866025403784 -0.500000000000
5.853441923675 -1.503735785048 0.000000000000 1.000000000000
9.792615629165 -2.866159479233 0.866025403784 0.500000000000
2.668846625563 3.231375975799 0.866025403784 -0.500000000000
8.129263897048 7.887835417938 0.000000000000 1.000000000000
