#Configurational_file created 2018-09-14 13:50:06  started 2018-09-14 13:50:05 run for 1.0s steps 0
name: gc_461
step: 10000
specie: 15
	particle_diameter: 1.0000000000000000
	interaction_length: 1.2000000000000000
	number_of_patches: 3
	number_of_particles_per_compound: 1
	rod_length: 1.0000000000000000
	interaction_matrix:  1.000000 1.000000 1.000000 1.000000 1.000000 1.000000 1.000000 1.000000 1.000000
	patch_type: symmetric
	patch_width: 8.0000000000000000
	patch_angle: 0.0000000000000000
	angles:  0.000000 0.000000 0.000000
	grand_canonical: 1
	chemical_potential: -0.9310340000000000
box: 10.000000 10.000000
copy: 1.000000 1.000000
epsilon: 0.1724140000000000
end_epsilon: 0.0000000000000000
pressure: 1.0000000000000000
lambda: 0.0000000000000000
lambda_coupling: 1.0000000000000000
uy: 0.0000000000000000
maximum_displacement: 1.0000000000000000
maximum_rotation: 1.0000000000000000
maximum_volume: 0.0000001000000000
maximum_shape: 0.0000001000000000
maximum_dsigma: 0.0100000000000000
mod: 10
pmod: 10
optimize: 1
verbose: 1
snapshot: 0
display: 1
explore: 1
npt: 0
nptxy: 0
nptdxdy: 0
shape: 0
seed: 526948
5.366733581179 6.961883347321 0.866025403784 -0.500000000000
-4.702585714119 3.437129443463 0.000000000000 1.000000000000
6.388554183233 8.727340652077 0.866025403784 -0.500000000000
8.426483177086 7.760222730785 0.866025403784 0.500000000000
-3.745091687044 5.941825183563 0.866025403784 -0.500000000000
1.186472659188 6.192878104391 0.866025403784 -0.500000000000
10.688255246596 -0.736634384069 0.000000000000 1.000000000000
5.253421948834 4.510059115924 0.000000000000 1.000000000000
0.536684058507 12.221354914678 0.000000000000 1.000000000000
6.217166652229 17.620797883337 0.000000000000 1.000000000000
-5.132706942330 0.614853869792 0.000000000000 1.000000000000
-1.661733528763 -5.383331714587 0.866025403784 0.500000000000
3.402167398204 1.844513441602 0.866025403784 0.500000000000
-3.451190953004 2.876929081061 0.000000000000 1.000000000000
4.594412764656 11.550319754026 0.866025403784 0.500000000000
