#Configurational_file created 2018-09-14 13:50:17  started 2018-09-14 13:50:16 run for 1.0s steps 0
name: gc_476
step: 10000
specie: 20
	particle_diameter: 1.0000000000000000
	interaction_length: 1.2000000000000000
	number_of_patches: 3
	number_of_particles_per_compound: 1
	rod_length: 1.0000000000000000
	interaction_matrix:  1.000000 1.000000 1.000000 1.000000 1.000000 1.000000 1.000000 1.000000 1.000000
	patch_type: symmetric
	patch_width: 8.0000000000000000
	patch_angle: 0.0000000000000000
	angles:  0.000000 0.000000 0.000000
	grand_canonical: 1
	chemical_potential: -0.9310340000000000
box: 10.000000 10.000000
copy: 1.000000 1.000000
epsilon: 0.4310350000000000
end_epsilon: 0.0000000000000000
pressure: 1.0000000000000000
lambda: 0.0000000000000000
lambda_coupling: 1.0000000000000000
uy: 0.0000000000000000
maximum_displacement: 1.0000000000000000
maximum_rotation: 1.0000000000000000
maximum_volume: 0.0000001000000000
maximum_shape: 0.0000001000000000
maximum_dsigma: 0.0100000000000000
mod: 10
pmod: 10
optimize: 1
verbose: 1
snapshot: 0
display: 1
explore: 1
npt: 0
nptxy: 0
nptdxdy: 0
shape: 0
seed: 544003
0.160419430731 -8.068451599085 0.866025403784 0.500000000000
4.202307927006 10.690112064737 0.000000000000 1.000000000000
15.764150401582 24.399516352922 0.866025403784 0.500000000000
-3.124773775293 1.097999894356 0.000000000000 1.000000000000
13.080417976535 6.169594768880 0.866025403784 0.500000000000
6.034053430026 2.975412500959 0.000000000000 1.000000000000
15.845411715898 -0.239383864480 0.000000000000 1.000000000000
10.003669692247 1.015139649349 0.000000000000 1.000000000000
19.220330326310 -2.264850877162 0.000000000000 1.000000000000
9.793056631157 4.602492776960 0.000000000000 1.000000000000
7.602108567971 12.699145295473 0.000000000000 1.000000000000
7.962118606484 9.797492219294 0.000000000000 1.000000000000
-1.457377833538 4.712582159351 0.866025403784 -0.500000000000
5.212394072949 -8.895348289483 0.866025403784 -0.500000000000
4.935928229261 8.851066792651 0.000000000000 1.000000000000
0.392419465856 23.517543212448 0.000000000000 1.000000000000
2.624100589260 7.352262044993 0.866025403784 0.500000000000
1.374193548814 10.982961515469 0.866025403784 -0.500000000000
3.882007859837 8.779941528844 0.866025403784 0.500000000000
6.240274618725 5.358584503536 0.000000000000 1.000000000000
