#Configurational_file created 2018-09-14 13:50:36  started 2018-09-14 13:50:35 run for 1.0s steps 0
name: gc_499
step: 10000
specie: 18
	particle_diameter: 1.0000000000000000
	interaction_length: 1.2000000000000000
	number_of_patches: 3
	number_of_particles_per_compound: 1
	rod_length: 1.0000000000000000
	interaction_matrix:  1.000000 1.000000 1.000000 1.000000 1.000000 1.000000 1.000000 1.000000 1.000000
	patch_type: symmetric
	patch_width: 8.0000000000000000
	patch_angle: 0.0000000000000000
	angles:  0.000000 0.000000 0.000000
	grand_canonical: 1
	chemical_potential: -0.7931030000000000
box: 10.000000 10.000000
copy: 1.000000 1.000000
epsilon: 0.3103450000000000
end_epsilon: 0.0000000000000000
pressure: 1.0000000000000000
lambda: 0.0000000000000000
lambda_coupling: 1.0000000000000000
uy: 0.0000000000000000
maximum_displacement: 1.0000000000000000
maximum_rotation: 1.0000000000000000
maximum_volume: 0.0000001000000000
maximum_shape: 0.0000001000000000
maximum_dsigma: 0.0100000000000000
mod: 10
pmod: 10
optimize: 1
verbose: 1
snapshot: 0
display: 1
explore: 1
npt: 0
nptxy: 0
nptdxdy: 0
shape: 0
seed: 570154
-3.508264611899 3.764198110354 0.866025403784 0.500000000000
6.183609653806 6.396457600955 0.866025403784 0.500000000000
3.968913697160 1.298235831318 0.866025403784 0.500000000000
6.238937868291 7.591437832178 0.866025403784 0.500000000000
4.390873989226 5.941375865922 0.866025403784 -0.500000000000
-0.203341077271 4.552558282394 0.866025403784 -0.500000000000
3.865938108927 4.570673374162 0.866025403784 -0.500000000000
5.283262743046 3.252408141077 0.000000000000 1.000000000000
17.977830164145 12.713305125881 0.866025403784 0.500000000000
-4.964691231599 10.985800891645 0.866025403784 -0.500000000000
-0.882790944611 3.893459792133 0.866025403784 0.500000000000
5.005711965556 -3.016583326162 0.866025403784 -0.500000000000
-5.176349816247 4.336318448636 0.866025403784 0.500000000000
-1.715068777678 4.712824542353 0.866025403784 0.500000000000
7.893444565514 6.217267021859 0.866025403784 0.500000000000
2.805620252116 -0.000781790615 0.866025403784 0.500000000000
3.131777014202 9.557227940086 0.000000000000 1.000000000000
1.963451957892 7.618443235654 0.866025403784 -0.500000000000
