#Configurational_file created 2018-09-14 13:49:47  started 2018-09-14 13:49:47 run for 0.0s steps 0
name: gc_437
step: 10000
specie: 20
	particle_diameter: 1.0000000000000000
	interaction_length: 1.2000000000000000
	number_of_patches: 3
	number_of_particles_per_compound: 1
	rod_length: 1.0000000000000000
	interaction_matrix:  1.000000 1.000000 1.000000 1.000000 1.000000 1.000000 1.000000 1.000000 1.000000
	patch_type: symmetric
	patch_width: 8.0000000000000000
	patch_angle: 0.0000000000000000
	angles:  0.000000 0.000000 0.000000
	grand_canonical: 1
	chemical_potential: -1.0689660000000001
box: 10.000000 10.000000
copy: 1.000000 1.000000
epsilon: 0.2758630000000000
end_epsilon: 0.0000000000000000
pressure: 1.0000000000000000
lambda: 0.0000000000000000
lambda_coupling: 1.0000000000000000
uy: 0.0000000000000000
maximum_displacement: 1.0000000000000000
maximum_rotation: 1.0000000000000000
maximum_volume: 0.0000001000000000
maximum_shape: 0.0000001000000000
maximum_dsigma: 0.0100000000000000
mod: 10
pmod: 10
optimize: 1
verbose: 1
snapshot: 0
display: 1
explore: 1
npt: 0
nptxy: 0
nptdxdy: 0
shape: 0
seed: 499660
-4.019899394519 -7.350506744492 0.866025403784 -0.500000000000
-0.591244498456 -13.932810712137 0.000000000000 1.000000000000
7.326733420406 12.300051337909 0.866025403784 0.500000000000
-3.893885938756 4.996360076345 0.866025403784 0.500000000000
21.796767202284 5.631200260997 0.866025403784 0.500000000000
6.034909669894 9.944967360494 0.866025403784 -0.500000000000
4.209204136819 0.367281057994 0.866025403784 -0.500000000000
3.373716662594 15.700377210872 0.866025403784 0.500000000000
-1.655392142431 4.152928966843 0.866025403784 -0.500000000000
-12.830472073630 8.948306427960 0.000000000000 1.000000000000
0.338318012575 -6.045830867866 0.000000000000 1.000000000000
7.306316693358 0.931339956051 0.866025403784 0.500000000000
-2.100178333244 5.769606098762 0.866025403784 0.500000000000
-2.348979255514 -6.614641732504 0.000000000000 1.000000000000
10.373759356354 7.830645365567 0.000000000000 1.000000000000
3.643134536062 3.377393813671 0.000000000000 1.000000000000
3.565159786372 0.043391756417 0.000000000000 1.000000000000
2.944031038526 1.944502817182 0.000000000000 1.000000000000
16.207984084970 7.526834485106 0.866025403784 -0.500000000000
2.670420323946 4.947051971813 0.000000000000 1.000000000000
