#Configurational_file created 2018-09-14 13:50:18  started 2018-09-14 13:50:17 run for 1.0s steps 0
name: gc_477
step: 10000
specie: 21
	particle_diameter: 1.0000000000000000
	interaction_length: 1.2000000000000000
	number_of_patches: 3
	number_of_particles_per_compound: 1
	rod_length: 1.0000000000000000
	interaction_matrix:  1.000000 1.000000 1.000000 1.000000 1.000000 1.000000 1.000000 1.000000 1.000000
	patch_type: symmetric
	patch_width: 8.0000000000000000
	patch_angle: 0.0000000000000000
	angles:  0.000000 0.000000 0.000000
	grand_canonical: 1
	chemical_potential: -0.9310340000000000
box: 10.000000 10.000000
copy: 1.000000 1.000000
epsilon: 0.4482760000000000
end_epsilon: 0.0000000000000000
pressure: 1.0000000000000000
lambda: 0.0000000000000000
lambda_coupling: 1.0000000000000000
uy: 0.0000000000000000
maximum_displacement: 1.0000000000000000
maximum_rotation: 1.0000000000000000
maximum_volume: 0.0000001000000000
maximum_shape: 0.0000001000000000
maximum_dsigma: 0.0100000000000000
mod: 10
pmod: 10
optimize: 1
verbose: 1
snapshot: 0
display: 1
explore: 1
npt: 0
nptxy: 0
nptdxdy: 0
shape: 0
seed: 545140
14.436223532827 8.252512649498 0.866025403784 -0.500000000000
11.241662491003 26.543825448636 0.866025403784 -0.500000000000
5.328762252366 12.523338573616 0.000000000000 1.000000000000
2.536705822275 -2.398734485276 0.866025403784 0.500000000000
12.428998482205 10.395862654271 0.866025403784 -0.500000000000
5.989191321871 6.829570338892 0.866025403784 -0.500000000000
11.545665231193 2.735422756930 0.866025403784 0.500000000000
8.856172252388 9.713014732823 0.866025403784 -0.500000000000
12.384621976277 -1.064001943798 0.866025403784 -0.500000000000
12.418465738906 3.462355199583 0.866025403784 -0.500000000000
15.887866982978 0.651516625790 0.866025403784 -0.500000000000
7.067416466585 2.803799538656 0.866025403784 0.500000000000
-4.212933713568 4.240048292761 0.000000000000 1.000000000000
11.899852533901 6.077302036709 0.866025403784 0.500000000000
13.658873229462 1.369414082589 0.866025403784 -0.500000000000
8.049296711408 3.698936598553 0.866025403784 -0.500000000000
14.317215257607 23.587710568526 0.000000000000 1.000000000000
6.553890705615 1.751768172740 0.000000000000 1.000000000000
7.598654546568 12.660506352938 0.000000000000 1.000000000000
1.167737703306 8.244551844551 0.000000000000 1.000000000000
2.841956169633 2.006548958367 0.866025403784 -0.500000000000
