#Configurational_file created 2018-09-14 13:49:40  started 2018-09-14 13:49:40 run for 0.0s steps 0
name: gc_428
step: 10000
specie: 21
	particle_diameter: 1.0000000000000000
	interaction_length: 1.2000000000000000
	number_of_patches: 3
	number_of_particles_per_compound: 1
	rod_length: 1.0000000000000000
	interaction_matrix:  1.000000 1.000000 1.000000 1.000000 1.000000 1.000000 1.000000 1.000000 1.000000
	patch_type: symmetric
	patch_width: 8.0000000000000000
	patch_angle: 0.0000000000000000
	angles:  0.000000 0.000000 0.000000
	grand_canonical: 1
	chemical_potential: -1.0689660000000001
box: 10.000000 10.000000
copy: 1.000000 1.000000
epsilon: 0.1206900000000000
end_epsilon: 0.0000000000000000
pressure: 1.0000000000000000
lambda: 0.0000000000000000
lambda_coupling: 1.0000000000000000
uy: 0.0000000000000000
maximum_displacement: 1.0000000000000000
maximum_rotation: 1.0000000000000000
maximum_volume: 0.0000001000000000
maximum_shape: 0.0000001000000000
maximum_dsigma: 0.0100000000000000
mod: 10
pmod: 10
optimize: 1
verbose: 1
snapshot: 0
display: 1
explore: 1
npt: 0
nptxy: 0
nptdxdy: 0
shape: 0
seed: 489427
2.620819084288 3.998859831695 0.866025403784 0.500000000000
-6.899987618917 -6.321881227740 0.000000000000 1.000000000000
10.921614337196 -3.169210024655 0.000000000000 1.000000000000
21.852879305975 12.924354489096 0.000000000000 1.000000000000
-25.863175616192 27.266635802865 0.866025403784 -0.500000000000
25.802662131463 22.235736854431 0.000000000000 1.000000000000
10.936867743591 8.368092497899 0.000000000000 1.000000000000
6.238142904867 3.472093496416 0.866025403784 -0.500000000000
7.106307597312 3.052202502667 0.866025403784 0.500000000000
11.477221984149 4.116070813646 0.866025403784 0.500000000000
6.990099258375 15.510009786081 0.866025403784 0.500000000000
8.883285221525 5.175667800244 0.866025403784 0.500000000000
3.644902789003 12.679922140283 0.000000000000 1.000000000000
10.315992329566 6.628671369473 0.866025403784 -0.500000000000
-3.985397145126 4.717980563827 0.866025403784 -0.500000000000
9.950106726884 11.056836374992 0.000000000000 1.000000000000
2.205468013670 7.725696532906 0.000000000000 1.000000000000
-0.415371533729 3.507447688379 0.866025403784 -0.500000000000
6.085865362742 5.828030038021 0.866025403784 -0.500000000000
10.871265978132 1.917275306429 0.866025403784 0.500000000000
10.174048317757 6.023052037301 0.000000000000 1.000000000000
