#Configurational_file created 2018-09-14 13:49:41  started 2018-09-14 13:49:40 run for 1.0s steps 0
name: gc_429
step: 10000
specie: 15
	particle_diameter: 1.0000000000000000
	interaction_length: 1.2000000000000000
	number_of_patches: 3
	number_of_particles_per_compound: 1
	rod_length: 1.0000000000000000
	interaction_matrix:  1.000000 1.000000 1.000000 1.000000 1.000000 1.000000 1.000000 1.000000 1.000000
	patch_type: symmetric
	patch_width: 8.0000000000000000
	patch_angle: 0.0000000000000000
	angles:  0.000000 0.000000 0.000000
	grand_canonical: 1
	chemical_potential: -1.0689660000000001
box: 10.000000 10.000000
copy: 1.000000 1.000000
epsilon: 0.1379320000000000
end_epsilon: 0.0000000000000000
pressure: 1.0000000000000000
lambda: 0.0000000000000000
lambda_coupling: 1.0000000000000000
uy: 0.0000000000000000
maximum_displacement: 1.0000000000000000
maximum_rotation: 1.0000000000000000
maximum_volume: 0.0000001000000000
maximum_shape: 0.0000001000000000
maximum_dsigma: 0.0100000000000000
mod: 10
pmod: 10
optimize: 1
verbose: 1
snapshot: 0
display: 1
explore: 1
npt: 0
nptxy: 0
nptdxdy: 0
shape: 0
seed: 490564
5.228762841713 -3.209404671734 0.866025403784 0.500000000000
7.898610460700 4.234706212481 0.866025403784 -0.500000000000
-10.904196967879 -1.683005946762 0.866025403784 0.500000000000
8.862736041977 3.373556956934 0.866025403784 0.500000000000
10.724064964497 13.575832496218 0.866025403784 -0.500000000000
4.234569842185 9.714017922322 0.866025403784 -0.500000000000
13.730371381267 18.833513823160 0.866025403784 -0.500000000000
-5.105198535059 1.949132822258 0.000000000000 1.000000000000
-0.341671126063 2.693938334951 0.866025403784 0.500000000000
13.661709867649 -3.772919490159 0.000000000000 1.000000000000
16.208112105034 1.915313715566 0.866025403784 -0.500000000000
12.593560136535 10.931432274084 0.866025403784 0.500000000000
1.370453105239 1.771101718316 0.866025403784 0.500000000000
4.843643545737 5.671949904453 0.000000000000 1.000000000000
11.607719979610 -0.174106953899 0.866025403784 0.500000000000
