#Configurational_file created 2018-09-14 13:49:36  started 2018-09-14 13:49:35 run for 1.0s steps 0
name: gc_422
step: 10000
specie: 18
	particle_diameter: 1.0000000000000000
	interaction_length: 1.2000000000000000
	number_of_patches: 3
	number_of_particles_per_compound: 1
	rod_length: 1.0000000000000000
	interaction_matrix:  1.000000 1.000000 1.000000 1.000000 1.000000 1.000000 1.000000 1.000000 1.000000
	patch_type: symmetric
	patch_width: 8.0000000000000000
	patch_angle: 0.0000000000000000
	angles:  0.000000 0.000000 0.000000
	grand_canonical: 1
	chemical_potential: -1.0689660000000001
box: 10.000000 10.000000
copy: 1.000000 1.000000
epsilon: 0.0172420000000000
end_epsilon: 0.0000000000000000
pressure: 1.0000000000000000
lambda: 0.0000000000000000
lambda_coupling: 1.0000000000000000
uy: 0.0000000000000000
maximum_displacement: 1.0000000000000000
maximum_rotation: 1.0000000000000000
maximum_volume: 0.0000001000000000
maximum_shape: 0.0000001000000000
maximum_dsigma: 0.0100000000000000
mod: 10
pmod: 10
optimize: 1
verbose: 1
snapshot: 0
display: 1
explore: 1
npt: 0
nptxy: 0
nptdxdy: 0
shape: 0
seed: 482605
8.329101767703 7.401140620673 0.866025403784 -0.500000000000
0.894685464550 8.497167012433 0.866025403784 0.500000000000
8.199827863108 -5.873362802477 0.866025403784 -0.500000000000
1.765222829654 12.397116040474 0.866025403784 0.500000000000
6.240474820115 0.031640312160 0.000000000000 1.000000000000
5.640349145251 9.449893708620 0.866025403784 -0.500000000000
6.957290308971 6.987142562533 0.000000000000 1.000000000000
7.079406712496 7.735907367453 0.866025403784 0.500000000000
-1.186917743189 -0.976999437795 0.866025403784 -0.500000000000
6.709806875089 1.028182838813 0.866025403784 0.500000000000
10.478226160726 -4.356645912009 0.866025403784 0.500000000000
-12.142655520493 -8.454136546874 0.000000000000 1.000000000000
7.347925553421 10.529846749954 0.000000000000 1.000000000000
15.691829441333 19.027219806610 0.000000000000 1.000000000000
2.268114639759 1.817963913787 0.000000000000 1.000000000000
0.671445263720 1.963978941593 0.866025403784 0.500000000000
-0.585080849104 4.967455122581 0.866025403784 -0.500000000000
3.695304358581 6.455693130906 0.866025403784 0.500000000000
