#Configurational_file created 2018-09-14 13:50:16  started 2018-09-14 13:50:16 run for 0.0s steps 0
name: gc_475
step: 10000
specie: 18
	particle_diameter: 1.0000000000000000
	interaction_length: 1.2000000000000000
	number_of_patches: 3
	number_of_particles_per_compound: 1
	rod_length: 1.0000000000000000
	interaction_matrix:  1.000000 1.000000 1.000000 1.000000 1.000000 1.000000 1.000000 1.000000 1.000000
	patch_type: symmetric
	patch_width: 8.0000000000000000
	patch_angle: 0.0000000000000000
	angles:  0.000000 0.000000 0.000000
	grand_canonical: 1
	chemical_potential: -0.9310340000000000
box: 10.000000 10.000000
copy: 1.000000 1.000000
epsilon: 0.4137930000000000
end_epsilon: 0.0000000000000000
pressure: 1.0000000000000000
lambda: 0.0000000000000000
lambda_coupling: 1.0000000000000000
uy: 0.0000000000000000
maximum_displacement: 1.0000000000000000
maximum_rotation: 1.0000000000000000
maximum_volume: 0.0000001000000000
maximum_shape: 0.0000001000000000
maximum_dsigma: 0.0100000000000000
mod: 10
pmod: 10
optimize: 1
verbose: 1
snapshot: 0
display: 1
explore: 1
npt: 0
nptxy: 0
nptdxdy: 0
shape: 0
seed: 542866
12.198967716440 3.478849556844 0.866025403784 0.500000000000
13.757333725203 -8.292868115365 0.866025403784 0.500000000000
-2.633831865995 1.365162520414 0.000000000000 1.000000000000
4.645184230647 7.928695575181 0.866025403784 0.500000000000
22.591130142172 -10.427642850278 0.000000000000 1.000000000000
-2.290981473608 3.082479917532 0.866025403784 0.500000000000
-2.462473152575 -11.526208793465 0.866025403784 -0.500000000000
-1.755749155149 -2.489934847944 0.866025403784 0.500000000000
5.713288680731 14.357563034753 0.866025403784 -0.500000000000
5.670051641016 1.494966617251 0.000000000000 1.000000000000
9.232424950780 4.355368731196 0.866025403784 0.500000000000
9.772219535990 5.454710273336 0.000000000000 1.000000000000
-4.110015082320 6.808162947843 0.000000000000 1.000000000000
-1.788804693374 10.518836472567 0.000000000000 1.000000000000
14.650750822680 5.635608911999 0.866025403784 -0.500000000000
1.728883157315 5.298299814181 0.866025403784 0.500000000000
-28.207517640081 1.338315945244 0.866025403784 0.500000000000
4.164016202474 0.120277260599 0.866025403784 0.500000000000
