#Configurational_file created 2018-09-14 13:49:21  started 2018-09-14 13:49:20 run for 1.0s steps 0
name: gc_402
step: 10000
specie: 13
	particle_diameter: 1.0000000000000000
	interaction_length: 1.2000000000000000
	number_of_patches: 3
	number_of_particles_per_compound: 1
	rod_length: 1.0000000000000000
	interaction_matrix:  1.000000 1.000000 1.000000 1.000000 1.000000 1.000000 1.000000 1.000000 1.000000
	patch_type: symmetric
	patch_width: 8.0000000000000000
	patch_angle: 0.0000000000000000
	angles:  0.000000 0.000000 0.000000
	grand_canonical: 1
	chemical_potential: -1.2068970000000001
box: 10.000000 10.000000
copy: 1.000000 1.000000
epsilon: 0.1896560000000000
end_epsilon: 0.0000000000000000
pressure: 1.0000000000000000
lambda: 0.0000000000000000
lambda_coupling: 1.0000000000000000
uy: 0.0000000000000000
maximum_displacement: 1.0000000000000000
maximum_rotation: 1.0000000000000000
maximum_volume: 0.0000001000000000
maximum_shape: 0.0000001000000000
maximum_dsigma: 0.0100000000000000
mod: 10
pmod: 10
optimize: 1
verbose: 1
snapshot: 0
display: 1
explore: 1
npt: 0
nptxy: 0
nptdxdy: 0
shape: 0
seed: 459865
-0.192882476296 6.807853697567 0.000000000000 1.000000000000
10.239170612512 9.817509200838 0.866025403784 0.500000000000
23.724296809302 3.030062252179 0.866025403784 -0.500000000000
5.353033985303 12.245070214708 0.000000000000 1.000000000000
-10.404348966932 13.438191059384 0.866025403784 -0.500000000000
-3.934829336637 16.128938429124 0.000000000000 1.000000000000
2.707738904096 9.352197245762 0.866025403784 -0.500000000000
-7.883211025496 -2.468030653575 0.866025403784 -0.500000000000
0.433966357245 11.499682411043 0.866025403784 -0.500000000000
9.017133129772 2.139523940678 0.866025403784 -0.500000000000
8.331530309998 3.710483143568 0.866025403784 0.500000000000
7.666926978726 7.822490621771 0.000000000000 1.000000000000
8.591698722089 6.145361598225 0.000000000000 1.000000000000
