#Configurational_file created 2018-09-14 13:50:21  started 2018-09-14 13:50:20 run for 1.0s steps 0
name: gc_481
step: 10000
specie: 16
	particle_diameter: 1.0000000000000000
	interaction_length: 1.2000000000000000
	number_of_patches: 3
	number_of_particles_per_compound: 1
	rod_length: 1.0000000000000000
	interaction_matrix:  1.000000 1.000000 1.000000 1.000000 1.000000 1.000000 1.000000 1.000000 1.000000
	patch_type: symmetric
	patch_width: 8.0000000000000000
	patch_angle: 0.0000000000000000
	angles:  0.000000 0.000000 0.000000
	grand_canonical: 1
	chemical_potential: -0.7931030000000000
box: 10.000000 10.000000
copy: 1.000000 1.000000
epsilon: 0.0000010000000000
end_epsilon: 0.0000000000000000
pressure: 1.0000000000000000
lambda: 0.0000000000000000
lambda_coupling: 1.0000000000000000
uy: 0.0000000000000000
maximum_displacement: 1.0000000000000000
maximum_rotation: 1.0000000000000000
maximum_volume: 0.0000001000000000
maximum_shape: 0.0000001000000000
maximum_dsigma: 0.0100000000000000
mod: 10
pmod: 10
optimize: 1
verbose: 1
snapshot: 0
display: 1
explore: 1
npt: 0
nptxy: 0
nptdxdy: 0
shape: 0
seed: 549688
6.543016324672 8.883278542927 0.866025403784 -0.500000000000
17.590616127408 0.377837851836 0.866025403784 -0.500000000000
7.544475315108 -2.063769188783 0.866025403784 0.500000000000
10.520336398891 1.054610975168 0.000000000000 1.000000000000
-0.228925450866 -1.630487710323 0.866025403784 0.500000000000
8.784425530776 15.601890975989 0.866025403784 -0.500000000000
2.842053560458 22.585704312597 0.866025403784 0.500000000000
9.094388920839 31.653395122381 0.866025403784 0.500000000000
-6.096635038562 5.921022825582 0.866025403784 -0.500000000000
15.819327948662 13.413146551799 0.866025403784 0.500000000000
8.334242115561 4.942873194154 0.000000000000 1.000000000000
7.258365988416 9.492844952587 0.000000000000 1.000000000000
3.653418486305 -5.942058924104 0.000000000000 1.000000000000
2.870744934113 15.269543660843 0.866025403784 0.500000000000
-8.215959616007 8.876940784551 0.866025403784 -0.500000000000
5.635649055923 6.337277272781 0.866025403784 -0.500000000000
