#Configurational_file created 2018-09-14 13:49:39  started 2018-09-14 13:49:38 run for 1.0s steps 0
name: gc_426
step: 10000
specie: 19
	particle_diameter: 1.0000000000000000
	interaction_length: 1.2000000000000000
	number_of_patches: 3
	number_of_particles_per_compound: 1
	rod_length: 1.0000000000000000
	interaction_matrix:  1.000000 1.000000 1.000000 1.000000 1.000000 1.000000 1.000000 1.000000 1.000000
	patch_type: symmetric
	patch_width: 8.0000000000000000
	patch_angle: 0.0000000000000000
	angles:  0.000000 0.000000 0.000000
	grand_canonical: 1
	chemical_potential: -1.0689660000000001
box: 10.000000 10.000000
copy: 1.000000 1.000000
epsilon: 0.0862080000000000
end_epsilon: 0.0000000000000000
pressure: 1.0000000000000000
lambda: 0.0000000000000000
lambda_coupling: 1.0000000000000000
uy: 0.0000000000000000
maximum_displacement: 1.0000000000000000
maximum_rotation: 1.0000000000000000
maximum_volume: 0.0000001000000000
maximum_shape: 0.0000001000000000
maximum_dsigma: 0.0100000000000000
mod: 10
pmod: 10
optimize: 1
verbose: 1
snapshot: 0
display: 1
explore: 1
npt: 0
nptxy: 0
nptdxdy: 0
shape: 0
seed: 487153
8.003334441423 5.454788567394 0.866025403784 -0.500000000000
2.825401998796 1.714488108601 0.000000000000 1.000000000000
14.664173770878 5.618470645951 0.866025403784 -0.500000000000
0.167392073168 8.711803845384 0.866025403784 0.500000000000
7.793111490237 7.406669633562 0.000000000000 1.000000000000
14.205646661233 7.306321775970 0.866025403784 0.500000000000
18.104987942142 28.456033809237 0.866025403784 0.500000000000
2.348987735285 9.407573373143 0.000000000000 1.000000000000
15.214099834276 8.943341084683 0.866025403784 0.500000000000
-9.939462517547 12.378071511553 0.866025403784 0.500000000000
17.252347910506 20.968131101906 0.866025403784 -0.500000000000
-13.889781959338 -16.651482171701 0.866025403784 -0.500000000000
0.603379528199 -19.348660261927 0.866025403784 -0.500000000000
6.803156135463 5.425951407280 0.866025403784 0.500000000000
9.107372674582 1.438638543510 0.866025403784 -0.500000000000
1.178084972409 -0.536329820888 0.866025403784 0.500000000000
1.255887112062 1.376916745576 0.000000000000 1.000000000000
7.282861694885 10.134582115318 0.866025403784 0.500000000000
0.980082891659 8.570112823727 0.000000000000 1.000000000000
