#Configurational_file created 2018-09-14 11:54:16  started 2018-09-14 11:54:15 run for 1.0s steps 0
name: gc_417
step: 10000
specie: 20
	particle_diameter: 1.0000000000000000
	interaction_length: 1.2000000000000000
	number_of_patches: 3
	number_of_particles_per_compound: 1
	rod_length: 1.0000000000000000
	interaction_matrix:  1.000000 1.000000 1.000000 1.000000 1.000000 1.000000 1.000000 1.000000 1.000000
	patch_type: symmetric
	patch_width: 8.0000000000000000
	patch_angle: 0.0000000000000000
	angles:  0.000000 0.000000 0.000000
	grand_canonical: 1
	chemical_potential: -0.3333330000000000
box: 10.000000 10.000000
copy: 1.000000 1.000000
epsilon: 0.0666670000000000
end_epsilon: 0.0000000000000000
pressure: 1.0000000000000000
lambda: 0.0000000000000000
lambda_coupling: 1.0000000000000000
uy: 0.0000000000000000
maximum_displacement: 1.0000000000000000
maximum_rotation: 1.0000000000000000
maximum_volume: 0.0000001000000000
maximum_shape: 0.0000001000000000
maximum_dsigma: 0.0100000000000000
mod: 10
pmod: 10
optimize: 1
verbose: 1
snapshot: 0
display: 1
explore: 1
npt: 0
nptxy: 0
nptdxdy: 0
shape: 0
seed: 476920
-7.937925965008 -8.700175277327 0.866025403784 0.500000000000
20.864054734613 4.059923241527 0.866025403784 0.500000000000
5.039399911459 11.080677458548 0.000000000000 1.000000000000
-0.935133121462 13.835378370861 0.000000000000 1.000000000000
5.596718419516 4.821961171667 0.000000000000 1.000000000000
-10.526339985501 0.367919627017 0.866025403784 0.500000000000
15.053311948460 17.146572222435 0.866025403784 0.500000000000
11.455790566126 23.458720633486 0.000000000000 1.000000000000
-2.151312303998 10.978137988508 0.866025403784 0.500000000000
24.565921865845 -4.677493816048 0.866025403784 -0.500000000000
1.433200235316 -0.160004134889 0.866025403784 0.500000000000
2.306988356231 9.601938988298 0.000000000000 1.000000000000
5.240423677850 3.865048249615 0.000000000000 1.000000000000
9.278702553439 -1.861859624839 0.000000000000 1.000000000000
6.515337216189 6.905113463336 0.000000000000 1.000000000000
8.240285464761 13.263901913852 0.866025403784 0.500000000000
21.787117743729 16.882962456123 0.866025403784 -0.500000000000
-1.640973171213 -3.356942199398 0.000000000000 1.000000000000
-4.695618578163 -1.690989151693 0.866025403784 0.500000000000
3.970739593592 1.625376977819 0.000000000000 1.000000000000
