#Configurational_file created 2018-09-14 11:54:05  started 2018-09-14 11:54:04 run for 1.0s steps 0
name: gc_404
step: 10000
specie: 20
	particle_diameter: 1.0000000000000000
	interaction_length: 1.2000000000000000
	number_of_patches: 3
	number_of_particles_per_compound: 1
	rod_length: 1.0000000000000000
	interaction_matrix:  1.000000 1.000000 1.000000 1.000000 1.000000 1.000000 1.000000 1.000000 1.000000
	patch_type: symmetric
	patch_width: 8.0000000000000000
	patch_angle: 0.0000000000000000
	angles:  0.000000 0.000000 0.000000
	grand_canonical: 1
	chemical_potential: -0.3333330000000000
box: 10.000000 10.000000
copy: 1.000000 1.000000
epsilon: 0.0125010000000000
end_epsilon: 0.0000000000000000
pressure: 1.0000000000000000
lambda: 0.0000000000000000
lambda_coupling: 1.0000000000000000
uy: 0.0000000000000000
maximum_displacement: 1.0000000000000000
maximum_rotation: 1.0000000000000000
maximum_volume: 0.0000001000000000
maximum_shape: 0.0000001000000000
maximum_dsigma: 0.0100000000000000
mod: 10
pmod: 10
optimize: 1
verbose: 1
snapshot: 0
display: 1
explore: 1
npt: 0
nptxy: 0
nptdxdy: 0
shape: 0
seed: 462139
-0.490128661735 8.920093051487 0.000000000000 1.000000000000
6.719664353889 4.792303979000 0.000000000000 1.000000000000
18.015636318384 -6.241765086295 0.000000000000 1.000000000000
9.925062333854 -7.764003818628 0.000000000000 1.000000000000
3.884346490836 2.244577842056 0.000000000000 1.000000000000
11.580888068630 0.474083339791 0.866025403784 -0.500000000000
5.825720003898 -7.189441653241 0.000000000000 1.000000000000
9.440337507506 3.967734241411 0.866025403784 -0.500000000000
4.376693384180 33.331747806327 0.866025403784 0.500000000000
24.420921040571 9.480724980377 0.000000000000 1.000000000000
0.187487510449 10.355048558044 0.866025403784 -0.500000000000
4.993582896383 6.631656352542 0.000000000000 1.000000000000
1.696752915324 -3.560749566121 0.866025403784 -0.500000000000
4.358719696280 10.883176390944 0.866025403784 0.500000000000
-6.144324513245 -11.378923479611 0.000000000000 1.000000000000
9.666446814803 7.421957665954 0.000000000000 1.000000000000
9.602113972355 6.038681483640 0.866025403784 0.500000000000
-2.451854929757 1.627328652055 0.866025403784 0.500000000000
1.131157645847 4.919469669760 0.866025403784 -0.500000000000
11.608139184216 -21.263119622158 0.866025403784 -0.500000000000
