#Configurational_file created 2018-09-14 13:49:22  started 2018-09-14 13:49:22 run for 0.0s steps 0
name: gc_404
step: 10000
specie: 21
	particle_diameter: 1.0000000000000000
	interaction_length: 1.2000000000000000
	number_of_patches: 3
	number_of_particles_per_compound: 1
	rod_length: 1.0000000000000000
	interaction_matrix:  1.000000 1.000000 1.000000 1.000000 1.000000 1.000000 1.000000 1.000000 1.000000
	patch_type: symmetric
	patch_width: 8.0000000000000000
	patch_angle: 0.0000000000000000
	angles:  0.000000 0.000000 0.000000
	grand_canonical: 1
	chemical_potential: -1.2068970000000001
box: 10.000000 10.000000
copy: 1.000000 1.000000
epsilon: 0.2241380000000000
end_epsilon: 0.0000000000000000
pressure: 1.0000000000000000
lambda: 0.0000000000000000
lambda_coupling: 1.0000000000000000
uy: 0.0000000000000000
maximum_displacement: 1.0000000000000000
maximum_rotation: 1.0000000000000000
maximum_volume: 0.0000001000000000
maximum_shape: 0.0000001000000000
maximum_dsigma: 0.0100000000000000
mod: 10
pmod: 10
optimize: 1
verbose: 1
snapshot: 0
display: 1
explore: 1
npt: 0
nptxy: 0
nptdxdy: 0
shape: 0
seed: 462139
-23.521740067821 -12.898996773497 0.866025403784 0.500000000000
2.609777811345 6.423943568662 0.000000000000 1.000000000000
15.809577875615 15.670692643061 0.000000000000 1.000000000000
4.116664929390 5.778948927916 0.866025403784 -0.500000000000
0.383941765800 0.265466229040 0.866025403784 -0.500000000000
-7.997665787671 11.781610498412 0.866025403784 -0.500000000000
5.526857301664 5.675728423242 0.866025403784 -0.500000000000
-6.450906436558 4.322135659856 0.866025403784 0.500000000000
6.237507640051 10.550496191461 0.866025403784 0.500000000000
2.018953194568 -0.662376899835 0.000000000000 1.000000000000
-5.978879752252 15.152267016763 0.000000000000 1.000000000000
10.496622967522 14.389620801123 0.866025403784 -0.500000000000
13.153119786622 -2.415075368264 0.000000000000 1.000000000000
7.237610099807 14.836906440529 0.866025403784 0.500000000000
10.140855110821 2.313995755641 0.866025403784 0.500000000000
9.074317177462 17.882529873272 0.866025403784 0.500000000000
6.556393625020 7.681052399404 0.866025403784 -0.500000000000
11.994012639951 7.506656341926 0.866025403784 -0.500000000000
7.220114937441 -1.199310503797 0.866025403784 -0.500000000000
10.845498740482 4.326866516130 0.000000000000 1.000000000000
6.612746268123 3.502117648574 0.866025403784 -0.500000000000
