#Configurational_file created 2018-09-14 13:49:35  started 2018-09-14 13:49:34 run for 1.0s steps 0
name: gc_421
step: 10000
specie: 18
	particle_diameter: 1.0000000000000000
	interaction_length: 1.2000000000000000
	number_of_patches: 3
	number_of_particles_per_compound: 1
	rod_length: 1.0000000000000000
	interaction_matrix:  1.000000 1.000000 1.000000 1.000000 1.000000 1.000000 1.000000 1.000000 1.000000
	patch_type: symmetric
	patch_width: 8.0000000000000000
	patch_angle: 0.0000000000000000
	angles:  0.000000 0.000000 0.000000
	grand_canonical: 1
	chemical_potential: -1.0689660000000001
box: 10.000000 10.000000
copy: 1.000000 1.000000
epsilon: 0.0000010000000000
end_epsilon: 0.0000000000000000
pressure: 1.0000000000000000
lambda: 0.0000000000000000
lambda_coupling: 1.0000000000000000
uy: 0.0000000000000000
maximum_displacement: 1.0000000000000000
maximum_rotation: 1.0000000000000000
maximum_volume: 0.0000001000000000
maximum_shape: 0.0000001000000000
maximum_dsigma: 0.0100000000000000
mod: 10
pmod: 10
optimize: 1
verbose: 1
snapshot: 0
display: 1
explore: 1
npt: 0
nptxy: 0
nptdxdy: 0
shape: 0
seed: 481468
-3.795149170239 3.705358004253 0.866025403784 0.500000000000
8.572419052179 9.985347604111 0.866025403784 -0.500000000000
7.972188245643 5.302877250507 0.866025403784 0.500000000000
-4.302683898558 -7.909012886463 0.866025403784 0.500000000000
-2.983045807308 -11.661723614763 0.866025403784 -0.500000000000
-7.856876242394 13.228519391702 0.866025403784 -0.500000000000
4.572940187877 4.949942808178 0.866025403784 0.500000000000
3.838278148767 5.970069642626 0.866025403784 -0.500000000000
4.538196888318 -7.969127655887 0.866025403784 0.500000000000
-5.010991871095 9.767934424506 0.866025403784 -0.500000000000
2.507202185050 0.257438659756 0.866025403784 0.500000000000
4.451038924010 6.213484000666 0.000000000000 1.000000000000
9.944355976679 2.762048051202 0.866025403784 -0.500000000000
35.108035206627 -0.544319297702 0.000000000000 1.000000000000
10.780339184648 5.838958365468 0.866025403784 0.500000000000
4.000953273937 -1.125960311693 0.000000000000 1.000000000000
11.431585533502 -1.072962664612 0.866025403784 -0.500000000000
7.709802724230 6.089728651688 0.866025403784 -0.500000000000
