#Configurational_file created 2018-09-14 13:50:03  started 2018-09-14 13:50:03 run for 0.0s steps 0
name: gc_458
step: 10000
specie: 17
	particle_diameter: 1.0000000000000000
	interaction_length: 1.2000000000000000
	number_of_patches: 3
	number_of_particles_per_compound: 1
	rod_length: 1.0000000000000000
	interaction_matrix:  1.000000 1.000000 1.000000 1.000000 1.000000 1.000000 1.000000 1.000000 1.000000
	patch_type: symmetric
	patch_width: 8.0000000000000000
	patch_angle: 0.0000000000000000
	angles:  0.000000 0.000000 0.000000
	grand_canonical: 1
	chemical_potential: -0.9310340000000000
box: 10.000000 10.000000
copy: 1.000000 1.000000
epsilon: 0.1206900000000000
end_epsilon: 0.0000000000000000
pressure: 1.0000000000000000
lambda: 0.0000000000000000
lambda_coupling: 1.0000000000000000
uy: 0.0000000000000000
maximum_displacement: 1.0000000000000000
maximum_rotation: 1.0000000000000000
maximum_volume: 0.0000001000000000
maximum_shape: 0.0000001000000000
maximum_dsigma: 0.0100000000000000
mod: 10
pmod: 10
optimize: 1
verbose: 1
snapshot: 0
display: 1
explore: 1
npt: 0
nptxy: 0
nptdxdy: 0
shape: 0
seed: 523537
7.247448523168 8.987130105522 0.866025403784 0.500000000000
-2.051066019138 14.069681652167 0.000000000000 1.000000000000
6.022496085755 5.754953113712 0.866025403784 -0.500000000000
1.781817873908 7.475891691157 0.000000000000 1.000000000000
10.454286758082 12.140236103249 0.866025403784 0.500000000000
0.069078613906 4.725835245418 0.866025403784 -0.500000000000
-12.658804210120 6.566477612778 0.866025403784 -0.500000000000
8.832825032394 -5.300989445275 0.000000000000 1.000000000000
19.736298429839 10.551807213334 0.000000000000 1.000000000000
18.186172449875 5.978214999637 0.866025403784 -0.500000000000
-11.344795237076 -1.839911244119 0.000000000000 1.000000000000
-9.075381716699 31.601717203451 0.000000000000 1.000000000000
13.231206943574 1.333300543357 0.866025403784 -0.500000000000
-2.963691932917 20.864623205755 0.866025403784 -0.500000000000
6.174642511503 -7.394618819677 0.866025403784 0.500000000000
2.646817558788 9.273694330759 0.866025403784 0.500000000000
6.157100294606 9.908742211094 0.866025403784 -0.500000000000
