#Configurational_file created 2018-09-14 13:49:29  started 2018-09-14 13:49:28 run for 1.0s steps 0
name: gc_413
step: 10000
specie: 12
	particle_diameter: 1.0000000000000000
	interaction_length: 1.2000000000000000
	number_of_patches: 3
	number_of_particles_per_compound: 1
	rod_length: 1.0000000000000000
	interaction_matrix:  1.000000 1.000000 1.000000 1.000000 1.000000 1.000000 1.000000 1.000000 1.000000
	patch_type: symmetric
	patch_width: 8.0000000000000000
	patch_angle: 0.0000000000000000
	angles:  0.000000 0.000000 0.000000
	grand_canonical: 1
	chemical_potential: -1.2068970000000001
box: 10.000000 10.000000
copy: 1.000000 1.000000
epsilon: 0.3793110000000000
end_epsilon: 0.0000000000000000
pressure: 1.0000000000000000
lambda: 0.0000000000000000
lambda_coupling: 1.0000000000000000
uy: 0.0000000000000000
maximum_displacement: 1.0000000000000000
maximum_rotation: 1.0000000000000000
maximum_volume: 0.0000001000000000
maximum_shape: 0.0000001000000000
maximum_dsigma: 0.0100000000000000
mod: 10
pmod: 10
optimize: 1
verbose: 1
snapshot: 0
display: 1
explore: 1
npt: 0
nptxy: 0
nptdxdy: 0
shape: 0
seed: 472372
26.347852092441 12.927256344133 0.866025403784 0.500000000000
-0.746495508384 4.810160174884 0.866025403784 0.500000000000
4.579676320512 2.611361171418 0.866025403784 0.500000000000
-12.869455536899 8.203631683872 0.866025403784 -0.500000000000
2.637818648298 6.349242176766 0.866025403784 0.500000000000
-6.165870369796 -3.366841905246 0.000000000000 1.000000000000
-2.801192277743 -4.992280989704 0.866025403784 0.500000000000
9.157511929467 -2.684251080638 0.866025403784 0.500000000000
8.013594987657 9.022927314150 0.000000000000 1.000000000000
0.521084257169 6.114522810539 0.866025403784 0.500000000000
10.898909409490 0.379837147468 0.000000000000 1.000000000000
3.474027863380 2.764323074733 0.866025403784 -0.500000000000
