#Configurational_file created 2018-09-14 13:49:27  started 2018-09-14 13:49:26 run for 1.0s steps 0
name: gc_410
step: 10000
specie: 14
	particle_diameter: 1.0000000000000000
	interaction_length: 1.2000000000000000
	number_of_patches: 3
	number_of_particles_per_compound: 1
	rod_length: 1.0000000000000000
	interaction_matrix:  1.000000 1.000000 1.000000 1.000000 1.000000 1.000000 1.000000 1.000000 1.000000
	patch_type: symmetric
	patch_width: 8.0000000000000000
	patch_angle: 0.0000000000000000
	angles:  0.000000 0.000000 0.000000
	grand_canonical: 1
	chemical_potential: -1.2068970000000001
box: 10.000000 10.000000
copy: 1.000000 1.000000
epsilon: 0.3275870000000000
end_epsilon: 0.0000000000000000
pressure: 1.0000000000000000
lambda: 0.0000000000000000
lambda_coupling: 1.0000000000000000
uy: 0.0000000000000000
maximum_displacement: 1.0000000000000000
maximum_rotation: 1.0000000000000000
maximum_volume: 0.0000001000000000
maximum_shape: 0.0000001000000000
maximum_dsigma: 0.0100000000000000
mod: 10
pmod: 10
optimize: 1
verbose: 1
snapshot: 0
display: 1
explore: 1
npt: 0
nptxy: 0
nptdxdy: 0
shape: 0
seed: 468961
12.466517201676 5.054039143789 0.866025403784 -0.500000000000
5.700704320661 -4.763058709246 0.866025403784 0.500000000000
-7.349663832545 -2.192898634056 0.000000000000 1.000000000000
-10.881415646545 26.912437155883 0.000000000000 1.000000000000
9.428355140457 2.002520933130 0.866025403784 -0.500000000000
-5.388130572109 6.924759131607 0.000000000000 1.000000000000
1.710158924942 7.967135124518 0.866025403784 -0.500000000000
1.153311419921 -13.000051438534 0.866025403784 0.500000000000
6.407503800654 6.046471908831 0.866025403784 0.500000000000
1.288406839382 3.960531304265 0.000000000000 1.000000000000
3.499538054473 12.960564335530 0.866025403784 -0.500000000000
19.755386855963 -14.553619661808 0.000000000000 1.000000000000
9.711606995519 -0.438636646562 0.000000000000 1.000000000000
3.451909933779 2.657427834889 0.000000000000 1.000000000000
