#Configurational_file created 2018-09-14 13:50:01  started 2018-09-14 13:50:00 run for 1.0s steps 0
name: gc_455
step: 10000
specie: 18
	particle_diameter: 1.0000000000000000
	interaction_length: 1.2000000000000000
	number_of_patches: 3
	number_of_particles_per_compound: 1
	rod_length: 1.0000000000000000
	interaction_matrix:  1.000000 1.000000 1.000000 1.000000 1.000000 1.000000 1.000000 1.000000 1.000000
	patch_type: symmetric
	patch_width: 8.0000000000000000
	patch_angle: 0.0000000000000000
	angles:  0.000000 0.000000 0.000000
	grand_canonical: 1
	chemical_potential: -0.9310340000000000
box: 10.000000 10.000000
copy: 1.000000 1.000000
epsilon: 0.0689660000000000
end_epsilon: 0.0000000000000000
pressure: 1.0000000000000000
lambda: 0.0000000000000000
lambda_coupling: 1.0000000000000000
uy: 0.0000000000000000
maximum_displacement: 1.0000000000000000
maximum_rotation: 1.0000000000000000
maximum_volume: 0.0000001000000000
maximum_shape: 0.0000001000000000
maximum_dsigma: 0.0100000000000000
mod: 10
pmod: 10
optimize: 1
verbose: 1
snapshot: 0
display: 1
explore: 1
npt: 0
nptxy: 0
nptdxdy: 0
shape: 0
seed: 520126
-0.677184279204 0.840966075559 0.866025403784 -0.500000000000
12.516673126319 -14.891749366167 0.000000000000 1.000000000000
-0.581496216580 -11.874375907158 0.866025403784 0.500000000000
-1.072888642891 2.651253725104 0.866025403784 -0.500000000000
8.296021693395 6.874122978711 0.000000000000 1.000000000000
5.258897660272 12.462201482378 0.866025403784 0.500000000000
-5.733382366292 -5.657238555414 0.866025403784 0.500000000000
2.325432337200 -9.687370003964 0.866025403784 0.500000000000
3.384022969325 6.417943256000 0.866025403784 -0.500000000000
6.340174463944 7.610768872979 0.000000000000 1.000000000000
-5.792807467163 9.923203257947 0.866025403784 -0.500000000000
1.951901500834 8.345571047938 0.866025403784 0.500000000000
0.702167475607 5.485802275082 0.000000000000 1.000000000000
5.612057294339 -2.004425005370 0.866025403784 0.500000000000
11.090683952844 0.816709056482 0.866025403784 0.500000000000
8.346329715776 -0.094567449884 0.866025403784 0.500000000000
4.099987159847 15.181704015871 0.866025403784 -0.500000000000
6.403913852901 8.989157081750 0.000000000000 1.000000000000
