#Configurational_file created 2018-09-14 13:50:29  started 2018-09-14 13:50:28 run for 1.0s steps 0
name: gc_491
step: 10000
specie: 22
	particle_diameter: 1.0000000000000000
	interaction_length: 1.2000000000000000
	number_of_patches: 3
	number_of_particles_per_compound: 1
	rod_length: 1.0000000000000000
	interaction_matrix:  1.000000 1.000000 1.000000 1.000000 1.000000 1.000000 1.000000 1.000000 1.000000
	patch_type: symmetric
	patch_width: 8.0000000000000000
	patch_angle: 0.0000000000000000
	angles:  0.000000 0.000000 0.000000
	grand_canonical: 1
	chemical_potential: -0.7931030000000000
box: 10.000000 10.000000
copy: 1.000000 1.000000
epsilon: 0.1724140000000000
end_epsilon: 0.0000000000000000
pressure: 1.0000000000000000
lambda: 0.0000000000000000
lambda_coupling: 1.0000000000000000
uy: 0.0000000000000000
maximum_displacement: 1.0000000000000000
maximum_rotation: 1.0000000000000000
maximum_volume: 0.0000001000000000
maximum_shape: 0.0000001000000000
maximum_dsigma: 0.0100000000000000
mod: 10
pmod: 10
optimize: 1
verbose: 1
snapshot: 0
display: 1
explore: 1
npt: 0
nptxy: 0
nptdxdy: 0
shape: 0
seed: 561058
16.887488630561 7.880272697846 0.866025403784 -0.500000000000
1.380344286004 -1.235362371753 0.866025403784 0.500000000000
7.870286422263 24.095543548402 0.866025403784 0.500000000000
1.883056352060 -4.612810120842 0.866025403784 -0.500000000000
-6.986408510157 5.218979737466 0.866025403784 0.500000000000
12.474855909810 9.263142740024 0.000000000000 1.000000000000
1.172960509023 6.651646729856 0.866025403784 -0.500000000000
0.122896805374 4.432183634859 0.000000000000 1.000000000000
3.330711656381 10.926261507367 0.000000000000 1.000000000000
5.865513448228 6.667637577888 0.866025403784 -0.500000000000
6.575089199414 2.627989166548 0.866025403784 -0.500000000000
16.336856104357 10.451203078952 0.000000000000 1.000000000000
-0.442101165807 17.174443205501 0.866025403784 -0.500000000000
27.103063896441 21.114818002383 0.000000000000 1.000000000000
3.848983002767 4.007977275217 0.866025403784 0.500000000000
22.038499204954 -12.330310187264 0.000000000000 1.000000000000
11.453831090333 12.231248289947 0.866025403784 -0.500000000000
5.318303668708 10.326125034155 0.000000000000 1.000000000000
11.480357161332 4.278112446281 0.866025403784 -0.500000000000
-0.185705690234 6.840223841724 0.000000000000 1.000000000000
12.656853399633 11.752317940172 0.000000000000 1.000000000000
-1.310494224082 1.481286933783 0.866025403784 -0.500000000000
