#Configurational_file created 2018-09-14 13:49:43  started 2018-09-14 13:49:43 run for 0.0s steps 0
name: gc_432
step: 10000
specie: 21
	particle_diameter: 1.0000000000000000
	interaction_length: 1.2000000000000000
	number_of_patches: 3
	number_of_particles_per_compound: 1
	rod_length: 1.0000000000000000
	interaction_matrix:  1.000000 1.000000 1.000000 1.000000 1.000000 1.000000 1.000000 1.000000 1.000000
	patch_type: symmetric
	patch_width: 8.0000000000000000
	patch_angle: 0.0000000000000000
	angles:  0.000000 0.000000 0.000000
	grand_canonical: 1
	chemical_potential: -1.0689660000000001
box: 10.000000 10.000000
copy: 1.000000 1.000000
epsilon: 0.1896560000000000
end_epsilon: 0.0000000000000000
pressure: 1.0000000000000000
lambda: 0.0000000000000000
lambda_coupling: 1.0000000000000000
uy: 0.0000000000000000
maximum_displacement: 1.0000000000000000
maximum_rotation: 1.0000000000000000
maximum_volume: 0.0000001000000000
maximum_shape: 0.0000001000000000
maximum_dsigma: 0.0100000000000000
mod: 10
pmod: 10
optimize: 1
verbose: 1
snapshot: 0
display: 1
explore: 1
npt: 0
nptxy: 0
nptdxdy: 0
shape: 0
seed: 493975
-6.560455773769 -5.495628480368 0.866025403784 0.500000000000
-15.686720288465 -4.532142654779 0.866025403784 0.500000000000
3.944478285586 2.842634027952 0.866025403784 0.500000000000
-0.668965744270 -1.035874353545 0.866025403784 0.500000000000
1.313379391292 11.243225871673 0.866025403784 -0.500000000000
6.943800555590 0.215734741125 0.000000000000 1.000000000000
26.297385501633 -13.243016462103 0.866025403784 -0.500000000000
-1.435842347908 9.644705910933 0.866025403784 0.500000000000
12.841786187065 11.954693485985 0.866025403784 0.500000000000
-2.161730231311 13.011100624948 0.866025403784 0.500000000000
-8.399649460129 7.731647952846 0.000000000000 1.000000000000
15.250298409422 7.316789614383 0.866025403784 -0.500000000000
5.648986115069 9.304338204235 0.000000000000 1.000000000000
5.239881026099 1.728137172191 0.000000000000 1.000000000000
-3.091957486661 13.178915462113 0.866025403784 -0.500000000000
7.672615672172 6.067757465229 0.866025403784 0.500000000000
7.677168922985 1.021770648708 0.866025403784 0.500000000000
10.942575006118 5.284515243448 0.000000000000 1.000000000000
1.757241495476 6.601838432304 0.000000000000 1.000000000000
3.772391063087 7.725097853204 0.866025403784 0.500000000000
8.304782936125 8.084234571370 0.000000000000 1.000000000000
