#Configurational_file created 2018-09-14 13:50:22  started 2018-09-14 13:50:21 run for 1.0s steps 0
name: gc_482
step: 10000
specie: 21
	particle_diameter: 1.0000000000000000
	interaction_length: 1.2000000000000000
	number_of_patches: 3
	number_of_particles_per_compound: 1
	rod_length: 1.0000000000000000
	interaction_matrix:  1.000000 1.000000 1.000000 1.000000 1.000000 1.000000 1.000000 1.000000 1.000000
	patch_type: symmetric
	patch_width: 8.0000000000000000
	patch_angle: 0.0000000000000000
	angles:  0.000000 0.000000 0.000000
	grand_canonical: 1
	chemical_potential: -0.7931030000000000
box: 10.000000 10.000000
copy: 1.000000 1.000000
epsilon: 0.0172420000000000
end_epsilon: 0.0000000000000000
pressure: 1.0000000000000000
lambda: 0.0000000000000000
lambda_coupling: 1.0000000000000000
uy: 0.0000000000000000
maximum_displacement: 1.0000000000000000
maximum_rotation: 1.0000000000000000
maximum_volume: 0.0000001000000000
maximum_shape: 0.0000001000000000
maximum_dsigma: 0.0100000000000000
mod: 10
pmod: 10
optimize: 1
verbose: 1
snapshot: 0
display: 1
explore: 1
npt: 0
nptxy: 0
nptdxdy: 0
shape: 0
seed: 550825
10.144003151725 6.380853603202 0.866025403784 -0.500000000000
19.023576738872 6.088521037235 0.866025403784 -0.500000000000
-1.178267738775 4.691619021482 0.866025403784 0.500000000000
10.751810345938 9.987933465623 0.866025403784 0.500000000000
-4.534234647367 1.241756605512 0.000000000000 1.000000000000
-5.711033460170 8.654822684824 0.866025403784 -0.500000000000
-1.902479648929 15.029058325586 0.866025403784 -0.500000000000
-4.368165020823 9.222421797243 0.866025403784 0.500000000000
1.879675488621 4.464011393232 0.866025403784 0.500000000000
4.331630735796 2.206188672251 0.866025403784 -0.500000000000
10.744491443484 1.687215917108 0.866025403784 -0.500000000000
2.294011633404 11.436723731923 0.866025403784 -0.500000000000
4.210700296229 7.046299832972 0.866025403784 0.500000000000
-12.406596919985 3.280558590791 0.866025403784 -0.500000000000
3.299375468271 15.586468364672 0.866025403784 -0.500000000000
-12.696845405217 2.662013637622 0.866025403784 0.500000000000
2.252293553595 -10.845885527763 0.866025403784 -0.500000000000
3.232330349447 7.104973088030 0.866025403784 -0.500000000000
7.456139484358 -3.696185836128 0.866025403784 0.500000000000
7.782318271097 0.561572797879 0.000000000000 1.000000000000
3.772050417249 0.048040257660 0.866025403784 -0.500000000000
