#Configurational_file created 2018-09-14 13:49:33  started 2018-09-14 13:49:32 run for 1.0s steps 0
name: gc_418
step: 10000
specie: 12
	particle_diameter: 1.0000000000000000
	interaction_length: 1.2000000000000000
	number_of_patches: 3
	number_of_particles_per_compound: 1
	rod_length: 1.0000000000000000
	interaction_matrix:  1.000000 1.000000 1.000000 1.000000 1.000000 1.000000 1.000000 1.000000 1.000000
	patch_type: symmetric
	patch_width: 8.0000000000000000
	patch_angle: 0.0000000000000000
	angles:  0.000000 0.000000 0.000000
	grand_canonical: 1
	chemical_potential: -1.2068970000000001
box: 10.000000 10.000000
copy: 1.000000 1.000000
epsilon: 0.4655170000000000
end_epsilon: 0.0000000000000000
pressure: 1.0000000000000000
lambda: 0.0000000000000000
lambda_coupling: 1.0000000000000000
uy: 0.0000000000000000
maximum_displacement: 1.0000000000000000
maximum_rotation: 1.0000000000000000
maximum_volume: 0.0000001000000000
maximum_shape: 0.0000001000000000
maximum_dsigma: 0.0100000000000000
mod: 10
pmod: 10
optimize: 1
verbose: 1
snapshot: 0
display: 1
explore: 1
npt: 0
nptxy: 0
nptdxdy: 0
shape: 0
seed: 478057
-6.601352514750 8.887743313986 0.000000000000 1.000000000000
0.947871975751 11.482519139746 0.866025403784 0.500000000000
14.555743236796 12.634840860109 0.000000000000 1.000000000000
-1.445765775439 8.073678712389 0.866025403784 0.500000000000
6.250598637269 2.899578837439 0.866025403784 -0.500000000000
7.332690101596 6.192906693577 0.000000000000 1.000000000000
17.565810998934 13.391364545069 0.866025403784 -0.500000000000
-6.415963717480 4.756917575256 0.866025403784 -0.500000000000
15.833966923758 7.801877922391 0.866025403784 -0.500000000000
2.582765207325 -2.407602813341 0.866025403784 -0.500000000000
11.514482643213 -15.027446354681 0.866025403784 -0.500000000000
9.084370633514 13.149847504526 0.000000000000 1.000000000000
