#Configurational_file created 2018-09-14 13:49:31  started 2018-09-14 13:49:30 run for 1.0s steps 0
name: gc_415
step: 10000
specie: 20
	particle_diameter: 1.0000000000000000
	interaction_length: 1.2000000000000000
	number_of_patches: 3
	number_of_particles_per_compound: 1
	rod_length: 1.0000000000000000
	interaction_matrix:  1.000000 1.000000 1.000000 1.000000 1.000000 1.000000 1.000000 1.000000 1.000000
	patch_type: symmetric
	patch_width: 8.0000000000000000
	patch_angle: 0.0000000000000000
	angles:  0.000000 0.000000 0.000000
	grand_canonical: 1
	chemical_potential: -1.2068970000000001
box: 10.000000 10.000000
copy: 1.000000 1.000000
epsilon: 0.4137930000000000
end_epsilon: 0.0000000000000000
pressure: 1.0000000000000000
lambda: 0.0000000000000000
lambda_coupling: 1.0000000000000000
uy: 0.0000000000000000
maximum_displacement: 1.0000000000000000
maximum_rotation: 1.0000000000000000
maximum_volume: 0.0000001000000000
maximum_shape: 0.0000001000000000
maximum_dsigma: 0.0100000000000000
mod: 10
pmod: 10
optimize: 1
verbose: 1
snapshot: 0
display: 1
explore: 1
npt: 0
nptxy: 0
nptdxdy: 0
shape: 0
seed: 474646
-10.790243011670 -13.330973748259 0.000000000000 1.000000000000
8.788263787890 18.979969809125 0.000000000000 1.000000000000
14.752794784992 5.551822582821 0.866025403784 -0.500000000000
4.192018726118 -9.540053566791 0.866025403784 -0.500000000000
5.437127383531 3.569430195803 0.000000000000 1.000000000000
17.658794263766 26.011980566805 0.000000000000 1.000000000000
-5.180989615048 5.365681558875 0.000000000000 1.000000000000
10.244355663798 5.424596925850 0.866025403784 0.500000000000
3.647474853364 17.304177569582 0.866025403784 -0.500000000000
10.521156594716 1.464062021270 0.866025403784 -0.500000000000
-5.976916623876 3.386908410257 0.866025403784 -0.500000000000
3.103611530790 19.984798498284 0.866025403784 -0.500000000000
10.616198270875 8.566552827944 0.000000000000 1.000000000000
10.924253075222 -0.283291757554 0.866025403784 -0.500000000000
12.531702446366 9.180531323530 0.000000000000 1.000000000000
6.882684051501 11.536382498757 0.000000000000 1.000000000000
-2.435234777525 4.361314812482 0.866025403784 -0.500000000000
3.078685819415 3.415765081773 0.866025403784 0.500000000000
2.055589679684 4.871770713777 0.866025403784 -0.500000000000
10.230545742927 3.441753368127 0.866025403784 0.500000000000
