#Configurational_file created 2018-09-14 13:50:30  started 2018-09-14 13:50:29 run for 1.0s steps 0
name: gc_492
step: 10000
specie: 19
	particle_diameter: 1.0000000000000000
	interaction_length: 1.2000000000000000
	number_of_patches: 3
	number_of_particles_per_compound: 1
	rod_length: 1.0000000000000000
	interaction_matrix:  1.000000 1.000000 1.000000 1.000000 1.000000 1.000000 1.000000 1.000000 1.000000
	patch_type: symmetric
	patch_width: 8.0000000000000000
	patch_angle: 0.0000000000000000
	angles:  0.000000 0.000000 0.000000
	grand_canonical: 1
	chemical_potential: -0.7931030000000000
box: 10.000000 10.000000
copy: 1.000000 1.000000
epsilon: 0.1896560000000000
end_epsilon: 0.0000000000000000
pressure: 1.0000000000000000
lambda: 0.0000000000000000
lambda_coupling: 1.0000000000000000
uy: 0.0000000000000000
maximum_displacement: 1.0000000000000000
maximum_rotation: 1.0000000000000000
maximum_volume: 0.0000001000000000
maximum_shape: 0.0000001000000000
maximum_dsigma: 0.0100000000000000
mod: 10
pmod: 10
optimize: 1
verbose: 1
snapshot: 0
display: 1
explore: 1
npt: 0
nptxy: 0
nptdxdy: 0
shape: 0
seed: 562195
-3.380688812492 5.625493795192 0.866025403784 -0.500000000000
3.660615444310 -5.285354952580 0.866025403784 0.500000000000
-0.973611559466 -4.979978783736 0.866025403784 0.500000000000
8.359013448828 4.238908979979 0.866025403784 0.500000000000
1.900163861796 6.105557774715 0.000000000000 1.000000000000
10.867026358684 5.175808115017 0.866025403784 -0.500000000000
20.384306075896 4.749208765521 0.866025403784 0.500000000000
6.989386056752 8.539880325585 0.000000000000 1.000000000000
10.816114568409 7.271783043844 0.866025403784 0.500000000000
5.009093161490 14.984344252918 0.000000000000 1.000000000000
25.604374409018 -10.104704029016 0.866025403784 0.500000000000
-8.388497835577 2.645500368424 0.866025403784 0.500000000000
19.157212064468 9.862795850192 0.000000000000 1.000000000000
6.877423348374 11.582124103685 0.866025403784 0.500000000000
10.639303230683 18.749668432641 0.000000000000 1.000000000000
12.476432171095 1.150981085639 0.000000000000 1.000000000000
-7.255385066078 22.479666411275 0.866025403784 0.500000000000
4.396450213493 1.642848601689 0.000000000000 1.000000000000
8.754030322072 7.459179205472 0.866025403784 -0.500000000000
