#Configurational_file created 2018-09-14 13:50:07  started 2018-09-14 13:50:06 run for 1.0s steps 0
name: gc_463
step: 10000
specie: 18
	particle_diameter: 1.0000000000000000
	interaction_length: 1.2000000000000000
	number_of_patches: 3
	number_of_particles_per_compound: 1
	rod_length: 1.0000000000000000
	interaction_matrix:  1.000000 1.000000 1.000000 1.000000 1.000000 1.000000 1.000000 1.000000 1.000000
	patch_type: symmetric
	patch_width: 8.0000000000000000
	patch_angle: 0.0000000000000000
	angles:  0.000000 0.000000 0.000000
	grand_canonical: 1
	chemical_potential: -0.9310340000000000
box: 10.000000 10.000000
copy: 1.000000 1.000000
epsilon: 0.2068970000000000
end_epsilon: 0.0000000000000000
pressure: 1.0000000000000000
lambda: 0.0000000000000000
lambda_coupling: 1.0000000000000000
uy: 0.0000000000000000
maximum_displacement: 1.0000000000000000
maximum_rotation: 1.0000000000000000
maximum_volume: 0.0000001000000000
maximum_shape: 0.0000001000000000
maximum_dsigma: 0.0100000000000000
mod: 10
pmod: 10
optimize: 1
verbose: 1
snapshot: 0
display: 1
explore: 1
npt: 0
nptxy: 0
nptdxdy: 0
shape: 0
seed: 529222
4.746123105986 9.074485191604 0.000000000000 1.000000000000
-10.505029339200 6.188915881152 0.866025403784 0.500000000000
-0.466886660477 9.918617946217 0.866025403784 -0.500000000000
12.605513280275 2.255884293781 0.000000000000 1.000000000000
4.679383331470 14.550834878254 0.866025403784 0.500000000000
7.684561942983 -0.162014777251 0.000000000000 1.000000000000
3.424654276306 -11.295546175715 0.866025403784 0.500000000000
3.851971472375 -7.073175351694 0.866025403784 -0.500000000000
13.990160122162 -1.890230630745 0.000000000000 1.000000000000
1.916293559968 -2.473611998316 0.000000000000 1.000000000000
-5.964334612884 0.709755267111 0.866025403784 -0.500000000000
7.838701354622 10.748878968144 0.866025403784 0.500000000000
4.455243548714 5.728576271198 0.866025403784 -0.500000000000
-0.638548291171 7.460984281280 0.866025403784 -0.500000000000
9.606139809900 13.485855575452 0.000000000000 1.000000000000
7.701461850448 2.907764575989 0.866025403784 0.500000000000
2.368485015072 -1.670466223966 0.866025403784 -0.500000000000
8.550676740716 8.611642260473 0.866025403784 0.500000000000
