#Configurational_file created 2018-09-14 13:49:47  started 2018-09-14 13:49:46 run for 1.0s steps 0
name: gc_436
step: 10000
specie: 14
	particle_diameter: 1.0000000000000000
	interaction_length: 1.2000000000000000
	number_of_patches: 3
	number_of_particles_per_compound: 1
	rod_length: 1.0000000000000000
	interaction_matrix:  1.000000 1.000000 1.000000 1.000000 1.000000 1.000000 1.000000 1.000000 1.000000
	patch_type: symmetric
	patch_width: 8.0000000000000000
	patch_angle: 0.0000000000000000
	angles:  0.000000 0.000000 0.000000
	grand_canonical: 1
	chemical_potential: -1.0689660000000001
box: 10.000000 10.000000
copy: 1.000000 1.000000
epsilon: 0.2586210000000000
end_epsilon: 0.0000000000000000
pressure: 1.0000000000000000
lambda: 0.0000000000000000
lambda_coupling: 1.0000000000000000
uy: 0.0000000000000000
maximum_displacement: 1.0000000000000000
maximum_rotation: 1.0000000000000000
maximum_volume: 0.0000001000000000
maximum_shape: 0.0000001000000000
maximum_dsigma: 0.0100000000000000
mod: 10
pmod: 10
optimize: 1
verbose: 1
snapshot: 0
display: 1
explore: 1
npt: 0
nptxy: 0
nptdxdy: 0
shape: 0
seed: 498523
1.760457853956 -1.199890464508 0.866025403784 -0.500000000000
1.316279892095 0.053747551021 0.866025403784 -0.500000000000
14.379273000688 -4.721027142630 0.866025403784 0.500000000000
3.460457977226 3.292008643171 0.866025403784 -0.500000000000
3.820235063701 6.594776199207 0.866025403784 -0.500000000000
7.452285110941 -12.667247732961 0.866025403784 0.500000000000
0.452271239857 2.498725265821 0.866025403784 0.500000000000
33.257547255007 9.069387895110 0.000000000000 1.000000000000
-1.163375172116 11.631670433943 0.866025403784 0.500000000000
8.566966921970 -3.244355987615 0.866025403784 -0.500000000000
-3.457046049767 -0.395733290245 0.866025403784 -0.500000000000
3.700869257756 10.881678256723 0.866025403784 -0.500000000000
5.245515242556 25.517468829834 0.000000000000 1.000000000000
12.135837751198 -3.480331090151 0.866025403784 0.500000000000
