#Configurational_file created 2018-09-14 13:49:53  started 2018-09-14 13:49:52 run for 1.0s steps 0
name: gc_444
step: 10000
specie: 15
	particle_diameter: 1.0000000000000000
	interaction_length: 1.2000000000000000
	number_of_patches: 3
	number_of_particles_per_compound: 1
	rod_length: 1.0000000000000000
	interaction_matrix:  1.000000 1.000000 1.000000 1.000000 1.000000 1.000000 1.000000 1.000000 1.000000
	patch_type: symmetric
	patch_width: 8.0000000000000000
	patch_angle: 0.0000000000000000
	angles:  0.000000 0.000000 0.000000
	grand_canonical: 1
	chemical_potential: -1.0689660000000001
box: 10.000000 10.000000
copy: 1.000000 1.000000
epsilon: 0.3965520000000000
end_epsilon: 0.0000000000000000
pressure: 1.0000000000000000
lambda: 0.0000000000000000
lambda_coupling: 1.0000000000000000
uy: 0.0000000000000000
maximum_displacement: 1.0000000000000000
maximum_rotation: 1.0000000000000000
maximum_volume: 0.0000001000000000
maximum_shape: 0.0000001000000000
maximum_dsigma: 0.0100000000000000
mod: 10
pmod: 10
optimize: 1
verbose: 1
snapshot: 0
display: 1
explore: 1
npt: 0
nptxy: 0
nptdxdy: 0
shape: 0
seed: 507619
3.928739983458 2.912187420131 0.866025403784 -0.500000000000
7.643893882900 8.452579391662 0.000000000000 1.000000000000
20.258770363813 -0.448868072612 0.866025403784 -0.500000000000
11.839463373410 18.544959813335 0.866025403784 0.500000000000
4.483542826058 14.865782097179 0.866025403784 -0.500000000000
9.505227605137 3.988531354803 0.000000000000 1.000000000000
7.141804691891 2.446571802112 0.866025403784 -0.500000000000
21.980320967826 -2.447144411777 0.866025403784 0.500000000000
17.538426098833 5.943942775869 0.000000000000 1.000000000000
4.334944709667 9.024975458747 0.866025403784 -0.500000000000
8.961898035186 11.931149526521 0.866025403784 -0.500000000000
1.981547888309 2.894354531888 0.000000000000 1.000000000000
5.497413215621 21.898014506804 0.866025403784 -0.500000000000
-5.113378278283 17.048608159556 0.866025403784 0.500000000000
0.192594074263 2.134177532033 0.866025403784 -0.500000000000
