#Configurational_file created 2018-09-14 13:50:28  started 2018-09-14 13:50:27 run for 1.0s steps 0
name: gc_489
step: 10000
specie: 18
	particle_diameter: 1.0000000000000000
	interaction_length: 1.2000000000000000
	number_of_patches: 3
	number_of_particles_per_compound: 1
	rod_length: 1.0000000000000000
	interaction_matrix:  1.000000 1.000000 1.000000 1.000000 1.000000 1.000000 1.000000 1.000000 1.000000
	patch_type: symmetric
	patch_width: 8.0000000000000000
	patch_angle: 0.0000000000000000
	angles:  0.000000 0.000000 0.000000
	grand_canonical: 1
	chemical_potential: -0.7931030000000000
box: 10.000000 10.000000
copy: 1.000000 1.000000
epsilon: 0.1379320000000000
end_epsilon: 0.0000000000000000
pressure: 1.0000000000000000
lambda: 0.0000000000000000
lambda_coupling: 1.0000000000000000
uy: 0.0000000000000000
maximum_displacement: 1.0000000000000000
maximum_rotation: 1.0000000000000000
maximum_volume: 0.0000001000000000
maximum_shape: 0.0000001000000000
maximum_dsigma: 0.0100000000000000
mod: 10
pmod: 10
optimize: 1
verbose: 1
snapshot: 0
display: 1
explore: 1
npt: 0
nptxy: 0
nptdxdy: 0
shape: 0
seed: 558784
7.643470370143 -2.830481160456 0.000000000000 1.000000000000
-3.009541146508 15.981751608852 0.000000000000 1.000000000000
20.340432547981 10.177787589050 0.866025403784 0.500000000000
-7.022799831508 11.607268594614 0.866025403784 -0.500000000000
-0.487207782756 -0.722378277230 0.000000000000 1.000000000000
5.823302859010 4.782660327688 0.866025403784 0.500000000000
3.340946781032 7.177384853435 0.866025403784 0.500000000000
15.350934018491 9.279211798965 0.866025403784 0.500000000000
11.074799913167 2.563938962218 0.000000000000 1.000000000000
11.064763767746 0.457075509367 0.866025403784 -0.500000000000
-1.643531662015 9.068645093662 0.000000000000 1.000000000000
5.089219596420 10.669050968422 0.866025403784 0.500000000000
-5.455642758111 2.692452342625 0.866025403784 0.500000000000
9.737417000951 -13.211099189443 0.866025403784 0.500000000000
-10.889827803235 17.276818758764 0.866025403784 -0.500000000000
0.452436135947 2.614701185070 0.866025403784 0.500000000000
4.375598062136 8.362458281570 0.866025403784 0.500000000000
5.802964809522 7.846112561258 0.866025403784 -0.500000000000
