#Configurational_file created 2018-09-14 13:50:58  started 2018-09-14 13:50:57 run for 1.0s steps 0
name: gc_527
step: 10000
specie: 18
	particle_diameter: 1.0000000000000000
	interaction_length: 1.2000000000000000
	number_of_patches: 3
	number_of_particles_per_compound: 1
	rod_length: 1.0000000000000000
	interaction_matrix:  1.000000 1.000000 1.000000 1.000000 1.000000 1.000000 1.000000 1.000000 1.000000
	patch_type: symmetric
	patch_width: 8.0000000000000000
	patch_angle: 0.0000000000000000
	angles:  0.000000 0.000000 0.000000
	grand_canonical: 1
	chemical_potential: -0.6551720000000000
box: 10.000000 10.000000
copy: 1.000000 1.000000
epsilon: 0.2758630000000000
end_epsilon: 0.0000000000000000
pressure: 1.0000000000000000
lambda: 0.0000000000000000
lambda_coupling: 1.0000000000000000
uy: 0.0000000000000000
maximum_displacement: 1.0000000000000000
maximum_rotation: 1.0000000000000000
maximum_volume: 0.0000001000000000
maximum_shape: 0.0000001000000000
maximum_dsigma: 0.0100000000000000
mod: 10
pmod: 10
optimize: 1
verbose: 1
snapshot: 0
display: 1
explore: 1
npt: 0
nptxy: 0
nptdxdy: 0
shape: 0
seed: 601990
4.050663333365 -7.029947251438 0.866025403784 -0.500000000000
4.992612302194 8.966676800661 0.866025403784 -0.500000000000
8.181318606013 3.478415552141 0.866025403784 0.500000000000
13.021008769968 -8.029951366760 0.866025403784 -0.500000000000
10.390560576151 -24.550756899479 0.866025403784 -0.500000000000
11.609052471475 0.474590347378 0.000000000000 1.000000000000
16.238315942277 2.545251506185 0.866025403784 -0.500000000000
13.022085609252 3.205576618198 0.866025403784 -0.500000000000
13.446013002783 0.271956237941 0.866025403784 -0.500000000000
15.211651784713 4.760758152497 0.866025403784 -0.500000000000
-4.029479455287 4.289745893527 0.866025403784 0.500000000000
3.688675509385 7.120902779022 0.866025403784 0.500000000000
-0.994321566515 6.046269068664 0.866025403784 0.500000000000
11.784830743239 -3.295016866066 0.866025403784 -0.500000000000
7.626949491575 7.445797382411 0.000000000000 1.000000000000
-2.507762589197 -7.780745431537 0.866025403784 0.500000000000
-9.648493224154 -6.881073966356 0.866025403784 -0.500000000000
7.005125678140 4.256317738205 0.866025403784 -0.500000000000
