#Configurational_file created 2018-09-14 13:50:42  started 2018-09-14 13:50:41 run for 1.0s steps 0
name: gc_507
step: 10000
specie: 21
	particle_diameter: 1.0000000000000000
	interaction_length: 1.2000000000000000
	number_of_patches: 3
	number_of_particles_per_compound: 1
	rod_length: 1.0000000000000000
	interaction_matrix:  1.000000 1.000000 1.000000 1.000000 1.000000 1.000000 1.000000 1.000000 1.000000
	patch_type: symmetric
	patch_width: 8.0000000000000000
	patch_angle: 0.0000000000000000
	angles:  0.000000 0.000000 0.000000
	grand_canonical: 1
	chemical_potential: -0.7931030000000000
box: 10.000000 10.000000
copy: 1.000000 1.000000
epsilon: 0.4482760000000000
end_epsilon: 0.0000000000000000
pressure: 1.0000000000000000
lambda: 0.0000000000000000
lambda_coupling: 1.0000000000000000
uy: 0.0000000000000000
maximum_displacement: 1.0000000000000000
maximum_rotation: 1.0000000000000000
maximum_volume: 0.0000001000000000
maximum_shape: 0.0000001000000000
maximum_dsigma: 0.0100000000000000
mod: 10
pmod: 10
optimize: 1
verbose: 1
snapshot: 0
display: 1
explore: 1
npt: 0
nptxy: 0
nptdxdy: 0
shape: 0
seed: 579250
20.585967696437 13.763451030679 0.000000000000 1.000000000000
15.392099349146 12.088545519089 0.866025403784 0.500000000000
-1.059131689820 6.576068486524 0.866025403784 0.500000000000
14.474146847933 -0.306904132771 0.000000000000 1.000000000000
-2.182669784869 3.693380336919 0.866025403784 0.500000000000
5.880957576712 8.454919482095 0.866025403784 0.500000000000
-0.828199497963 -6.162221013045 0.866025403784 0.500000000000
-1.847827906611 9.610501988678 0.866025403784 -0.500000000000
-0.352478454622 -14.618413837504 0.866025403784 0.500000000000
-4.502186829387 5.537546238613 0.000000000000 1.000000000000
-24.388045685106 17.654047374900 0.000000000000 1.000000000000
10.803469694801 17.003206208489 0.866025403784 0.500000000000
-8.036585800520 13.783868182680 0.866025403784 -0.500000000000
-11.274656594668 12.440437018810 0.866025403784 -0.500000000000
9.942122356244 -0.082746766176 0.866025403784 -0.500000000000
-1.382951933227 1.334962187309 0.866025403784 0.500000000000
12.337980719508 0.907603520291 0.866025403784 -0.500000000000
2.569918513373 3.369416616434 0.866025403784 0.500000000000
0.738090340212 0.763426946831 0.000000000000 1.000000000000
5.016516165186 0.990265891883 0.866025403784 0.500000000000
0.671852389455 7.967688985337 0.866025403784 -0.500000000000
