#Configurational_file created 2018-09-14 13:50:40  started 2018-09-14 13:50:40 run for 0.0s steps 0
name: gc_505
step: 10000
specie: 20
	particle_diameter: 1.0000000000000000
	interaction_length: 1.2000000000000000
	number_of_patches: 3
	number_of_particles_per_compound: 1
	rod_length: 1.0000000000000000
	interaction_matrix:  1.000000 1.000000 1.000000 1.000000 1.000000 1.000000 1.000000 1.000000 1.000000
	patch_type: symmetric
	patch_width: 8.0000000000000000
	patch_angle: 0.0000000000000000
	angles:  0.000000 0.000000 0.000000
	grand_canonical: 1
	chemical_potential: -0.7931030000000000
box: 10.000000 10.000000
copy: 1.000000 1.000000
epsilon: 0.4137930000000000
end_epsilon: 0.0000000000000000
pressure: 1.0000000000000000
lambda: 0.0000000000000000
lambda_coupling: 1.0000000000000000
uy: 0.0000000000000000
maximum_displacement: 1.0000000000000000
maximum_rotation: 1.0000000000000000
maximum_volume: 0.0000001000000000
maximum_shape: 0.0000001000000000
maximum_dsigma: 0.0100000000000000
mod: 10
pmod: 10
optimize: 1
verbose: 1
snapshot: 0
display: 1
explore: 1
npt: 0
nptxy: 0
nptdxdy: 0
shape: 0
seed: 576976
24.978682736122 -17.029623901022 0.866025403784 0.500000000000
3.930993435029 10.753548287670 0.866025403784 0.500000000000
7.356557501754 7.317365016287 0.866025403784 -0.500000000000
1.852677266884 3.593903773230 0.866025403784 -0.500000000000
-6.382900195700 8.555205381767 0.866025403784 0.500000000000
6.613623197341 4.291662535836 0.866025403784 -0.500000000000
-14.167028336273 -2.445532362708 0.866025403784 -0.500000000000
-5.802203407821 -5.077429359430 0.866025403784 0.500000000000
7.811163792092 -11.406220725235 0.866025403784 -0.500000000000
2.634935455490 6.062511085194 0.000000000000 1.000000000000
8.656696838794 1.411664996769 0.000000000000 1.000000000000
14.687796361178 7.112655764963 0.866025403784 -0.500000000000
19.436613231113 -6.732017558691 0.000000000000 1.000000000000
-7.087173163753 -3.215446760378 0.866025403784 -0.500000000000
3.878405183653 3.373841156934 0.866025403784 -0.500000000000
1.840897468522 11.020425203554 0.866025403784 0.500000000000
10.566724804236 12.228531199601 0.866025403784 0.500000000000
4.529356183089 8.600476467379 0.866025403784 -0.500000000000
-1.626453727005 7.273814467301 0.000000000000 1.000000000000
-2.218670725985 6.390084431452 0.000000000000 1.000000000000
