#Configurational_file created 2018-09-14 13:51:10  started 2018-09-14 13:51:09 run for 1.0s steps 0
name: gc_542
step: 10000
specie: 19
	particle_diameter: 1.0000000000000000
	interaction_length: 1.2000000000000000
	number_of_patches: 3
	number_of_particles_per_compound: 1
	rod_length: 1.0000000000000000
	interaction_matrix:  1.000000 1.000000 1.000000 1.000000 1.000000 1.000000 1.000000 1.000000 1.000000
	patch_type: symmetric
	patch_width: 8.0000000000000000
	patch_angle: 0.0000000000000000
	angles:  0.000000 0.000000 0.000000
	grand_canonical: 1
	chemical_potential: -0.5172410000000000
box: 10.000000 10.000000
copy: 1.000000 1.000000
epsilon: 0.0172420000000000
end_epsilon: 0.0000000000000000
pressure: 1.0000000000000000
lambda: 0.0000000000000000
lambda_coupling: 1.0000000000000000
uy: 0.0000000000000000
maximum_displacement: 1.0000000000000000
maximum_rotation: 1.0000000000000000
maximum_volume: 0.0000001000000000
maximum_shape: 0.0000001000000000
maximum_dsigma: 0.0100000000000000
mod: 10
pmod: 10
optimize: 1
verbose: 1
snapshot: 0
display: 1
explore: 1
npt: 0
nptxy: 0
nptdxdy: 0
shape: 0
seed: 619045
-3.764155784543 6.343656808998 0.866025403784 -0.500000000000
-6.812542789306 -0.880738555089 0.866025403784 -0.500000000000
21.035420163898 0.778314220461 0.866025403784 0.500000000000
-9.040893422542 18.671761977696 0.866025403784 0.500000000000
-18.898016036144 -6.408604961963 0.866025403784 -0.500000000000
-6.672669158489 -2.970550355122 0.866025403784 -0.500000000000
-19.132192748917 -17.713125194765 0.000000000000 1.000000000000
7.596111482242 6.665187010738 0.866025403784 0.500000000000
-0.514479976315 -7.434756969305 0.866025403784 -0.500000000000
15.408788661449 3.076499303366 0.866025403784 -0.500000000000
-12.030760365199 1.483151963281 0.866025403784 -0.500000000000
3.377873062937 4.995477952706 0.866025403784 -0.500000000000
1.103601060543 -0.158692312745 0.000000000000 1.000000000000
3.809861079804 3.290436276919 0.866025403784 -0.500000000000
8.299157133773 5.432120909211 0.866025403784 0.500000000000
-0.330626413932 11.981238704558 0.866025403784 0.500000000000
2.056178127797 3.002673250294 0.000000000000 1.000000000000
3.841604634013 1.177167635893 0.866025403784 0.500000000000
12.423613453565 7.036597822731 0.866025403784 0.500000000000
