#Configurational_file created 2018-09-14 13:50:48  started 2018-09-14 13:50:48 run for 0.0s steps 0
name: gc_515
step: 10000
specie: 19
	particle_diameter: 1.0000000000000000
	interaction_length: 1.2000000000000000
	number_of_patches: 3
	number_of_particles_per_compound: 1
	rod_length: 1.0000000000000000
	interaction_matrix:  1.000000 1.000000 1.000000 1.000000 1.000000 1.000000 1.000000 1.000000 1.000000
	patch_type: symmetric
	patch_width: 8.0000000000000000
	patch_angle: 0.0000000000000000
	angles:  0.000000 0.000000 0.000000
	grand_canonical: 1
	chemical_potential: -0.6551720000000000
box: 10.000000 10.000000
copy: 1.000000 1.000000
epsilon: 0.0689660000000000
end_epsilon: 0.0000000000000000
pressure: 1.0000000000000000
lambda: 0.0000000000000000
lambda_coupling: 1.0000000000000000
uy: 0.0000000000000000
maximum_displacement: 1.0000000000000000
maximum_rotation: 1.0000000000000000
maximum_volume: 0.0000001000000000
maximum_shape: 0.0000001000000000
maximum_dsigma: 0.0100000000000000
mod: 10
pmod: 10
optimize: 1
verbose: 1
snapshot: 0
display: 1
explore: 1
npt: 0
nptxy: 0
nptdxdy: 0
shape: 0
seed: 588346
1.262887922938 17.192813574103 0.866025403784 0.500000000000
13.247340896419 9.666302397563 0.866025403784 -0.500000000000
0.007789857455 8.796854005563 0.866025403784 -0.500000000000
0.493978382421 2.058731593486 0.000000000000 1.000000000000
9.059217600852 1.413259543579 0.000000000000 1.000000000000
5.464596725192 25.695124052697 0.866025403784 0.500000000000
-2.752825119339 2.429985543553 0.866025403784 -0.500000000000
1.443358842533 2.991585882128 0.866025403784 -0.500000000000
2.614600684523 22.388152051496 0.866025403784 -0.500000000000
-1.857094421337 14.109451405574 0.000000000000 1.000000000000
-33.302644177619 6.792587576996 0.866025403784 0.500000000000
5.940939375826 -1.861741147264 0.866025403784 0.500000000000
2.409083052473 6.271356208564 0.000000000000 1.000000000000
1.924010267598 4.629161961458 0.000000000000 1.000000000000
14.440538292327 4.319280159098 0.866025403784 -0.500000000000
13.947339178820 10.996179898754 0.866025403784 -0.500000000000
4.276717429951 13.563688489944 0.866025403784 0.500000000000
9.266270690896 4.349879471076 0.866025403784 -0.500000000000
8.406179837361 8.005547169985 0.000000000000 1.000000000000
