#Configurational_file created 2018-09-14 13:50:55  started 2018-09-14 13:50:54 run for 1.0s steps 0
name: gc_523
step: 10000
specie: 21
	particle_diameter: 1.0000000000000000
	interaction_length: 1.2000000000000000
	number_of_patches: 3
	number_of_particles_per_compound: 1
	rod_length: 1.0000000000000000
	interaction_matrix:  1.000000 1.000000 1.000000 1.000000 1.000000 1.000000 1.000000 1.000000 1.000000
	patch_type: symmetric
	patch_width: 8.0000000000000000
	patch_angle: 0.0000000000000000
	angles:  0.000000 0.000000 0.000000
	grand_canonical: 1
	chemical_potential: -0.6551720000000000
box: 10.000000 10.000000
copy: 1.000000 1.000000
epsilon: 0.2068970000000000
end_epsilon: 0.0000000000000000
pressure: 1.0000000000000000
lambda: 0.0000000000000000
lambda_coupling: 1.0000000000000000
uy: 0.0000000000000000
maximum_displacement: 1.0000000000000000
maximum_rotation: 1.0000000000000000
maximum_volume: 0.0000001000000000
maximum_shape: 0.0000001000000000
maximum_dsigma: 0.0100000000000000
mod: 10
pmod: 10
optimize: 1
verbose: 1
snapshot: 0
display: 1
explore: 1
npt: 0
nptxy: 0
nptdxdy: 0
shape: 0
seed: 597442
9.478737141655 0.547445164807 0.866025403784 0.500000000000
26.610593593862 11.950712636190 0.000000000000 1.000000000000
0.525852361986 18.719388479927 0.866025403784 0.500000000000
1.268465685826 1.420259518595 0.866025403784 -0.500000000000
12.671470698945 -4.004992323197 0.000000000000 1.000000000000
14.563048593597 6.145019314480 0.866025403784 -0.500000000000
27.453362292938 5.358470067172 0.866025403784 -0.500000000000
7.351099661618 -1.311743255640 0.866025403784 0.500000000000
-2.738798271979 16.391373952818 0.866025403784 -0.500000000000
1.636800765840 6.996024900192 0.866025403784 -0.500000000000
5.970656192756 3.920337658217 0.866025403784 0.500000000000
3.210784336630 9.102813888332 0.866025403784 -0.500000000000
8.004546496335 1.918110684594 0.000000000000 1.000000000000
-1.193930999612 5.129895844875 0.866025403784 0.500000000000
2.286740526300 0.699828405128 0.866025403784 0.500000000000
6.948009239186 10.042192338413 0.866025403784 -0.500000000000
-10.965516384512 3.435682362180 0.866025403784 -0.500000000000
0.077568059029 11.746840605789 0.866025403784 0.500000000000
-3.965911259423 8.118186853212 0.000000000000 1.000000000000
6.746906348008 4.602129894270 0.000000000000 1.000000000000
5.197119266902 2.619465172655 0.866025403784 0.500000000000
