#Configurational_file created 2018-09-14 13:51:57  started 2018-09-14 13:51:56 run for 1.0s steps 0
name: gc_598
step: 10000
specie: 21
	particle_diameter: 1.0000000000000000
	interaction_length: 1.2000000000000000
	number_of_patches: 3
	number_of_particles_per_compound: 1
	rod_length: 1.0000000000000000
	interaction_matrix:  1.000000 1.000000 1.000000 1.000000 1.000000 1.000000 1.000000 1.000000 1.000000
	patch_type: symmetric
	patch_width: 8.0000000000000000
	patch_angle: 0.0000000000000000
	angles:  0.000000 0.000000 0.000000
	grand_canonical: 1
	chemical_potential: -0.3793100000000000
box: 10.000000 10.000000
copy: 1.000000 1.000000
epsilon: 0.4655170000000000
end_epsilon: 0.0000000000000000
pressure: 1.0000000000000000
lambda: 0.0000000000000000
lambda_coupling: 1.0000000000000000
uy: 0.0000000000000000
maximum_displacement: 1.0000000000000000
maximum_rotation: 1.0000000000000000
maximum_volume: 0.0000001000000000
maximum_shape: 0.0000001000000000
maximum_dsigma: 0.0100000000000000
mod: 10
pmod: 10
optimize: 1
verbose: 1
snapshot: 0
display: 1
explore: 1
npt: 0
nptxy: 0
nptdxdy: 0
shape: 0
seed: 682717
17.938633567699 -2.058702804947 0.866025403784 -0.500000000000
1.036544206293 3.416254950865 0.000000000000 1.000000000000
3.530478391693 2.297934029982 0.000000000000 1.000000000000
0.850649552340 0.566863835926 0.866025403784 0.500000000000
2.040242407824 0.445111254748 0.866025403784 0.500000000000
11.153877907828 6.056274908052 0.000000000000 1.000000000000
6.877738712584 5.999885742016 0.866025403784 0.500000000000
0.274353823779 17.082278350540 0.000000000000 1.000000000000
-3.436194891993 0.147051776610 0.000000000000 1.000000000000
41.399862929168 -8.553965723856 0.866025403784 -0.500000000000
5.771153836728 12.153924677372 0.866025403784 -0.500000000000
4.328145745858 2.905096372578 0.000000000000 1.000000000000
-2.749083174385 2.245280540299 0.866025403784 -0.500000000000
14.260628159022 7.858364834364 0.866025403784 -0.500000000000
1.840406082309 -2.576988720860 0.866025403784 -0.500000000000
-0.813992873355 3.063095470588 0.000000000000 1.000000000000
7.997044551392 3.350344849392 0.866025403784 -0.500000000000
-6.453656221410 -3.573647839316 0.866025403784 0.500000000000
2.434670291198 3.794344007677 0.000000000000 1.000000000000
-0.457284282975 7.975263174803 0.000000000000 1.000000000000
5.784738226342 4.591385820631 0.866025403784 0.500000000000
