#Configurational_file created 2018-09-14 13:51:28  started 2018-09-14 13:51:27 run for 1.0s steps 0
name: gc_563
step: 10000
specie: 19
	particle_diameter: 1.0000000000000000
	interaction_length: 1.2000000000000000
	number_of_patches: 3
	number_of_particles_per_compound: 1
	rod_length: 1.0000000000000000
	interaction_matrix:  1.000000 1.000000 1.000000 1.000000 1.000000 1.000000 1.000000 1.000000 1.000000
	patch_type: symmetric
	patch_width: 8.0000000000000000
	patch_angle: 0.0000000000000000
	angles:  0.000000 0.000000 0.000000
	grand_canonical: 1
	chemical_potential: -0.5172410000000000
box: 10.000000 10.000000
copy: 1.000000 1.000000
epsilon: 0.3793110000000000
end_epsilon: 0.0000000000000000
pressure: 1.0000000000000000
lambda: 0.0000000000000000
lambda_coupling: 1.0000000000000000
uy: 0.0000000000000000
maximum_displacement: 1.0000000000000000
maximum_rotation: 1.0000000000000000
maximum_volume: 0.0000001000000000
maximum_shape: 0.0000001000000000
maximum_dsigma: 0.0100000000000000
mod: 10
pmod: 10
optimize: 1
verbose: 1
snapshot: 0
display: 1
explore: 1
npt: 0
nptxy: 0
nptdxdy: 0
shape: 0
seed: 642922
11.370308514649 1.478902969321 0.000000000000 1.000000000000
0.590564715196 20.761664012644 0.000000000000 1.000000000000
6.570963233405 11.760987044165 0.866025403784 0.500000000000
7.013347158765 0.458929125516 0.000000000000 1.000000000000
-3.975083116970 -12.620787672678 0.866025403784 0.500000000000
2.267816535648 2.471259759141 0.000000000000 1.000000000000
7.527306822728 29.037244219653 0.000000000000 1.000000000000
5.504773116267 6.557666302427 0.000000000000 1.000000000000
7.156970149739 2.810225608687 0.000000000000 1.000000000000
8.338705323294 5.187323076062 0.866025403784 -0.500000000000
11.372565405316 5.301050626519 0.866025403784 0.500000000000
12.009513149074 16.043195135678 0.000000000000 1.000000000000
16.412979658210 5.296519007250 0.866025403784 0.500000000000
6.300963111247 10.257152687008 0.866025403784 0.500000000000
-5.603050181169 5.187885637580 0.866025403784 0.500000000000
-3.395904878904 2.277175693370 0.866025403784 -0.500000000000
10.525771882521 13.973783277869 0.866025403784 0.500000000000
9.197904121134 1.943850675586 0.000000000000 1.000000000000
8.893365689541 2.927942694678 0.866025403784 0.500000000000
