#Configurational_file created 2018-09-14 13:51:51  started 2018-09-14 13:51:50 run for 1.0s steps 0
name: gc_591
step: 10000
specie: 20
	particle_diameter: 1.0000000000000000
	interaction_length: 1.2000000000000000
	number_of_patches: 3
	number_of_particles_per_compound: 1
	rod_length: 1.0000000000000000
	interaction_matrix:  1.000000 1.000000 1.000000 1.000000 1.000000 1.000000 1.000000 1.000000 1.000000
	patch_type: symmetric
	patch_width: 8.0000000000000000
	patch_angle: 0.0000000000000000
	angles:  0.000000 0.000000 0.000000
	grand_canonical: 1
	chemical_potential: -0.3793100000000000
box: 10.000000 10.000000
copy: 1.000000 1.000000
epsilon: 0.3448280000000000
end_epsilon: 0.0000000000000000
pressure: 1.0000000000000000
lambda: 0.0000000000000000
lambda_coupling: 1.0000000000000000
uy: 0.0000000000000000
maximum_displacement: 1.0000000000000000
maximum_rotation: 1.0000000000000000
maximum_volume: 0.0000001000000000
maximum_shape: 0.0000001000000000
maximum_dsigma: 0.0100000000000000
mod: 10
pmod: 10
optimize: 1
verbose: 1
snapshot: 0
display: 1
explore: 1
npt: 0
nptxy: 0
nptdxdy: 0
shape: 0
seed: 674758
4.292262397663 6.083528253594 0.866025403784 -0.500000000000
9.887537933502 -7.025583336528 0.866025403784 -0.500000000000
-14.086841720983 7.465998965226 0.000000000000 1.000000000000
4.065300644583 4.123165283836 0.000000000000 1.000000000000
6.182955635946 -0.508654551043 0.866025403784 -0.500000000000
2.446591050916 6.592840250981 0.000000000000 1.000000000000
-8.720018580499 13.934764684198 0.866025403784 -0.500000000000
15.967193892168 14.881867261433 0.000000000000 1.000000000000
4.009295459737 15.251709560644 0.000000000000 1.000000000000
-4.524715972157 22.432919037937 0.866025403784 0.500000000000
-1.553882786352 9.692659849913 0.866025403784 0.500000000000
10.728390743569 10.777130326819 0.866025403784 -0.500000000000
14.185041646437 2.453593649807 0.866025403784 0.500000000000
1.785617165788 10.584344623772 0.000000000000 1.000000000000
3.400949163326 7.779979532852 0.000000000000 1.000000000000
-11.661208824200 -3.772467863501 0.866025403784 0.500000000000
-13.510750734887 11.480397160447 0.866025403784 -0.500000000000
8.868788179369 3.000156746142 0.866025403784 0.500000000000
3.778558537058 -1.189756122923 0.866025403784 -0.500000000000
7.701025584058 7.267536849439 0.866025403784 -0.500000000000
