#Configurational_file created 2018-09-14 13:50:38  started 2018-09-14 13:50:37 run for 1.0s steps 0
name: gc_502
step: 10000
specie: 22
	particle_diameter: 1.0000000000000000
	interaction_length: 1.2000000000000000
	number_of_patches: 3
	number_of_particles_per_compound: 1
	rod_length: 1.0000000000000000
	interaction_matrix:  1.000000 1.000000 1.000000 1.000000 1.000000 1.000000 1.000000 1.000000 1.000000
	patch_type: symmetric
	patch_width: 8.0000000000000000
	patch_angle: 0.0000000000000000
	angles:  0.000000 0.000000 0.000000
	grand_canonical: 1
	chemical_potential: -0.7931030000000000
box: 10.000000 10.000000
copy: 1.000000 1.000000
epsilon: 0.3620690000000000
end_epsilon: 0.0000000000000000
pressure: 1.0000000000000000
lambda: 0.0000000000000000
lambda_coupling: 1.0000000000000000
uy: 0.0000000000000000
maximum_displacement: 1.0000000000000000
maximum_rotation: 1.0000000000000000
maximum_volume: 0.0000001000000000
maximum_shape: 0.0000001000000000
maximum_dsigma: 0.0100000000000000
mod: 10
pmod: 10
optimize: 1
verbose: 1
snapshot: 0
display: 1
explore: 1
npt: 0
nptxy: 0
nptdxdy: 0
shape: 0
seed: 573565
5.967093190975 4.037969431266 0.866025403784 0.500000000000
-2.096432983556 -6.708905098686 0.000000000000 1.000000000000
1.953402872587 3.753168568356 0.866025403784 -0.500000000000
6.314899965506 -1.473873640448 0.866025403784 0.500000000000
1.365424370935 12.524176464464 0.866025403784 -0.500000000000
7.425052779489 14.805315800022 0.866025403784 0.500000000000
4.819586731833 -2.224408937072 0.000000000000 1.000000000000
3.977515260861 3.678562451451 0.000000000000 1.000000000000
13.219287459201 4.043533321524 0.866025403784 -0.500000000000
21.573738792093 19.392474845710 0.866025403784 -0.500000000000
-5.655356622403 10.264352912751 0.866025403784 0.500000000000
4.475677730127 8.901302417436 0.866025403784 0.500000000000
10.969909692196 15.563978972644 0.866025403784 0.500000000000
17.099691237499 12.960648508988 0.866025403784 -0.500000000000
-0.161249937323 3.119833519899 0.000000000000 1.000000000000
14.062859780399 15.502498987477 0.866025403784 0.500000000000
22.196722218204 -1.776554985263 0.000000000000 1.000000000000
3.158540832808 8.798898711324 0.866025403784 -0.500000000000
0.335371989285 8.595363091493 0.866025403784 0.500000000000
8.914358125505 1.693632769879 0.866025403784 -0.500000000000
1.901926689207 5.830671319843 0.866025403784 -0.500000000000
9.426086995958 3.363127024820 0.866025403784 -0.500000000000
