#Configurational_file created 2018-09-14 12:19:26  started 2018-09-14 12:19:25 run for 1.0s steps 0
name: gc_5
step: 10000
specie: 7
	particle_diameter: 1.0000000000000000
	interaction_length: 1.2000000000000000
	number_of_patches: 3
	number_of_particles_per_compound: 1
	rod_length: 1.0000000000000000
	interaction_matrix:  1.000000 1.000000 1.000000 1.000000 1.000000 1.000000 1.000000 1.000000 1.000000
	patch_type: symmetric
	patch_width: 8.0000000000000000
	patch_angle: 0.0000000000000000
	angles:  0.000000 0.000000 0.000000
	grand_canonical: 1
	chemical_potential: -2.6666669999999999
box: 10.000000 10.000000
copy: 1.000000 1.000000
epsilon: 0.0000010000000000
end_epsilon: 0.0000000000000000
pressure: 1.0000000000000000
lambda: 0.0000000000000000
lambda_coupling: 1.0000000000000000
uy: 0.0000000000000000
maximum_displacement: 1.0000000000000000
maximum_rotation: 1.0000000000000000
maximum_volume: 0.0000001000000000
maximum_shape: 0.0000001000000000
maximum_dsigma: 0.0100000000000000
mod: 10
pmod: 10
optimize: 1
verbose: 1
snapshot: 0
display: 1
explore: 1
npt: 0
nptxy: 0
nptdxdy: 0
shape: 0
seed: 8476
-4.243087375478 2.663256646979 0.866025403784 -0.500000000000
3.549644938898 -4.186186584655 0.866025403784 -0.500000000000
-0.757329336245 4.963323225899 0.866025403784 -0.500000000000
3.560043286022 13.090928467658 0.000000000000 1.000000000000
2.938531225937 2.565031010034 0.866025403784 0.500000000000
7.759552831020 4.562286516342 0.866025403784 0.500000000000
7.883109424655 0.242552206457 0.866025403784 -0.500000000000
