#Configurational_file created 2018-09-14 11:22:15  started 2018-09-14 11:22:14 run for 1.0s steps 0
name: gc_56
step: 10000
specie: 8
	particle_diameter: 1.0000000000000000
	interaction_length: 1.2000000000000000
	number_of_patches: 3
	number_of_particles_per_compound: 1
	rod_length: 1.0000000000000000
	interaction_matrix:  1.000000 1.000000 1.000000 1.000000 1.000000 1.000000 1.000000 1.000000 1.000000
	patch_type: symmetric
	patch_width: 8.0000000000000000
	patch_angle: 0.0000000000000000
	angles:  0.000000 0.000000 0.000000
	grand_canonical: 1
	chemical_potential: -2.6666669999999999
box: 10.000000 10.000000
copy: 1.000000 1.000000
epsilon: 0.4167460000000000
end_epsilon: 0.0000000000000000
pressure: 1.0000000000000000
lambda: 0.0000000000000000
lambda_coupling: 1.0000000000000000
uy: 0.0000000000000000
maximum_displacement: 1.0000000000000000
maximum_rotation: 1.0000000000000000
maximum_volume: 0.0000001000000000
maximum_shape: 0.0000001000000000
maximum_dsigma: 0.0100000000000000
mod: 10
pmod: 10
optimize: 1
verbose: 1
snapshot: 0
display: 1
explore: 1
npt: 0
nptxy: 0
nptdxdy: 0
shape: 0
seed: 66463
-0.880315754732 9.308951489223 0.866025403784 0.500000000000
10.838113723212 7.553797744375 0.000000000000 1.000000000000
6.748891295735 6.782574899812 0.866025403784 -0.500000000000
-4.806102372745 3.861448454010 0.866025403784 -0.500000000000
-1.180261848677 7.281699756781 0.866025403784 -0.500000000000
3.887882442526 3.052712940306 0.866025403784 0.500000000000
0.796659810733 8.830892016496 0.866025403784 0.500000000000
2.597181226866 6.163359383083 0.866025403784 -0.500000000000
