#Configurational_file created 2018-09-14 13:50:41  started 2018-09-14 13:50:40 run for 1.0s steps 0
name: gc_506
step: 10000
specie: 19
	particle_diameter: 1.0000000000000000
	interaction_length: 1.2000000000000000
	number_of_patches: 3
	number_of_particles_per_compound: 1
	rod_length: 1.0000000000000000
	interaction_matrix:  1.000000 1.000000 1.000000 1.000000 1.000000 1.000000 1.000000 1.000000 1.000000
	patch_type: symmetric
	patch_width: 8.0000000000000000
	patch_angle: 0.0000000000000000
	angles:  0.000000 0.000000 0.000000
	grand_canonical: 1
	chemical_potential: -0.7931030000000000
box: 10.000000 10.000000
copy: 1.000000 1.000000
epsilon: 0.4310350000000000
end_epsilon: 0.0000000000000000
pressure: 1.0000000000000000
lambda: 0.0000000000000000
lambda_coupling: 1.0000000000000000
uy: 0.0000000000000000
maximum_displacement: 1.0000000000000000
maximum_rotation: 1.0000000000000000
maximum_volume: 0.0000001000000000
maximum_shape: 0.0000001000000000
maximum_dsigma: 0.0100000000000000
mod: 10
pmod: 10
optimize: 1
verbose: 1
snapshot: 0
display: 1
explore: 1
npt: 0
nptxy: 0
nptdxdy: 0
shape: 0
seed: 578113
1.956442977239 2.932218048375 0.866025403784 0.500000000000
1.456257056878 -7.910183601536 0.000000000000 1.000000000000
-10.430506529045 16.139212881929 0.866025403784 -0.500000000000
4.869250037608 11.729067043477 0.866025403784 -0.500000000000
10.276598406351 15.032318893863 0.866025403784 0.500000000000
1.458274057912 -3.030851069763 0.000000000000 1.000000000000
9.958132637507 13.909403038202 0.000000000000 1.000000000000
-24.188314313270 7.184751755407 0.000000000000 1.000000000000
-3.885784142749 8.594417935329 0.866025403784 0.500000000000
5.584015462119 5.586042674088 0.866025403784 0.500000000000
27.442415933869 4.871685363012 0.866025403784 0.500000000000
6.545060306343 2.275532888679 0.866025403784 -0.500000000000
9.183622861758 9.628619084528 0.000000000000 1.000000000000
10.844250230495 -1.192616832375 0.000000000000 1.000000000000
-2.574106998071 16.293727499594 0.866025403784 0.500000000000
1.291854208701 -0.721306940763 0.866025403784 -0.500000000000
-0.741064484852 0.677925683415 0.000000000000 1.000000000000
8.395899135462 4.963482013729 0.866025403784 -0.500000000000
3.713705338489 1.007269235402 0.866025403784 -0.500000000000
