#Configurational_file created 2018-09-14 13:45:04  started 2018-09-14 13:45:03 run for 1.0s steps 0
name: gc_5
step: 10000
specie: 5
	particle_diameter: 1.0000000000000000
	interaction_length: 1.2000000000000000
	number_of_patches: 3
	number_of_particles_per_compound: 1
	rod_length: 1.0000000000000000
	interaction_matrix:  1.000000 1.000000 1.000000 1.000000 1.000000 1.000000 1.000000 1.000000 1.000000
	patch_type: symmetric
	patch_width: 8.0000000000000000
	patch_angle: 0.0000000000000000
	angles:  0.000000 0.000000 0.000000
	grand_canonical: 1
	chemical_potential: -3.0000000000000000
box: 10.000000 10.000000
copy: 1.000000 1.000000
epsilon: 0.0689660000000000
end_epsilon: 0.0000000000000000
pressure: 1.0000000000000000
lambda: 0.0000000000000000
lambda_coupling: 1.0000000000000000
uy: 0.0000000000000000
maximum_displacement: 1.0000000000000000
maximum_rotation: 1.0000000000000000
maximum_volume: 0.0000001000000000
maximum_shape: 0.0000001000000000
maximum_dsigma: 0.0100000000000000
mod: 10
pmod: 10
optimize: 1
verbose: 1
snapshot: 0
display: 1
explore: 1
npt: 0
nptxy: 0
nptdxdy: 0
shape: 0
seed: 8476
3.786815882868 -0.369067304980 0.866025403784 0.500000000000
16.983619817108 1.713885853084 0.000000000000 1.000000000000
-14.304424247369 5.230705492209 0.000000000000 1.000000000000
2.744190830923 10.474834445470 0.866025403784 0.500000000000
0.785447180859 8.062782826225 0.866025403784 -0.500000000000
