#Configurational_file created 2018-09-14 13:50:40  started 2018-09-14 13:50:39 run for 1.0s steps 0
name: gc_504
step: 10000
specie: 18
	particle_diameter: 1.0000000000000000
	interaction_length: 1.2000000000000000
	number_of_patches: 3
	number_of_particles_per_compound: 1
	rod_length: 1.0000000000000000
	interaction_matrix:  1.000000 1.000000 1.000000 1.000000 1.000000 1.000000 1.000000 1.000000 1.000000
	patch_type: symmetric
	patch_width: 8.0000000000000000
	patch_angle: 0.0000000000000000
	angles:  0.000000 0.000000 0.000000
	grand_canonical: 1
	chemical_potential: -0.7931030000000000
box: 10.000000 10.000000
copy: 1.000000 1.000000
epsilon: 0.3965520000000000
end_epsilon: 0.0000000000000000
pressure: 1.0000000000000000
lambda: 0.0000000000000000
lambda_coupling: 1.0000000000000000
uy: 0.0000000000000000
maximum_displacement: 1.0000000000000000
maximum_rotation: 1.0000000000000000
maximum_volume: 0.0000001000000000
maximum_shape: 0.0000001000000000
maximum_dsigma: 0.0100000000000000
mod: 10
pmod: 10
optimize: 1
verbose: 1
snapshot: 0
display: 1
explore: 1
npt: 0
nptxy: 0
nptdxdy: 0
shape: 0
seed: 575839
0.624028273407 7.524933856755 0.000000000000 1.000000000000
-2.428395785156 5.036118404364 0.866025403784 0.500000000000
12.071113997998 13.309286488668 0.866025403784 0.500000000000
10.225426315404 10.779170313020 0.866025403784 -0.500000000000
-7.796235255368 8.812553355232 0.866025403784 0.500000000000
-4.504505576323 9.185448082749 0.000000000000 1.000000000000
5.471744356065 4.850477481072 0.000000000000 1.000000000000
5.799632587743 2.345506892248 0.000000000000 1.000000000000
0.316364812291 3.102412610602 0.866025403784 0.500000000000
-0.464251588796 9.315710785158 0.866025403784 0.500000000000
5.764025511808 -3.774178748564 0.000000000000 1.000000000000
6.902617042742 0.719715858626 0.000000000000 1.000000000000
4.912089528317 9.505586034493 0.866025403784 0.500000000000
-0.328826185997 4.578899052413 0.866025403784 -0.500000000000
-2.538620566237 -1.150899818639 0.866025403784 -0.500000000000
-7.298551270739 3.415294976295 0.000000000000 1.000000000000
14.126719251900 20.643425209732 0.866025403784 -0.500000000000
-6.889284729271 -3.127129514166 0.000000000000 1.000000000000
