#Configurational_file created 2018-09-14 13:51:03  started 2018-09-14 13:51:02 run for 1.0s steps 0
name: gc_533
step: 10000
specie: 22
	particle_diameter: 1.0000000000000000
	interaction_length: 1.2000000000000000
	number_of_patches: 3
	number_of_particles_per_compound: 1
	rod_length: 1.0000000000000000
	interaction_matrix:  1.000000 1.000000 1.000000 1.000000 1.000000 1.000000 1.000000 1.000000 1.000000
	patch_type: symmetric
	patch_width: 8.0000000000000000
	patch_angle: 0.0000000000000000
	angles:  0.000000 0.000000 0.000000
	grand_canonical: 1
	chemical_potential: -0.6551720000000000
box: 10.000000 10.000000
copy: 1.000000 1.000000
epsilon: 0.3793110000000000
end_epsilon: 0.0000000000000000
pressure: 1.0000000000000000
lambda: 0.0000000000000000
lambda_coupling: 1.0000000000000000
uy: 0.0000000000000000
maximum_displacement: 1.0000000000000000
maximum_rotation: 1.0000000000000000
maximum_volume: 0.0000001000000000
maximum_shape: 0.0000001000000000
maximum_dsigma: 0.0100000000000000
mod: 10
pmod: 10
optimize: 1
verbose: 1
snapshot: 0
display: 1
explore: 1
npt: 0
nptxy: 0
nptdxdy: 0
shape: 0
seed: 608812
1.584702950346 8.889837937993 0.866025403784 0.500000000000
6.653854613629 8.218668117815 0.866025403784 0.500000000000
4.104102288364 10.207791257677 0.866025403784 0.500000000000
-23.796712976164 -3.262947395690 0.000000000000 1.000000000000
4.629647691011 9.318933406446 0.866025403784 0.500000000000
3.874711509186 -4.350008640754 0.866025403784 0.500000000000
3.401566565941 16.961830871546 0.000000000000 1.000000000000
13.535788156621 12.815571181264 0.866025403784 0.500000000000
-5.007460486088 6.877699427262 0.866025403784 0.500000000000
1.359577705482 3.580005315524 0.866025403784 -0.500000000000
3.548923122108 8.310257302439 0.866025403784 0.500000000000
15.406075082920 11.319704295830 0.866025403784 -0.500000000000
21.910022678503 -7.573481223454 0.866025403784 -0.500000000000
-4.879020881404 10.126171051685 0.000000000000 1.000000000000
8.655720367819 3.553582117642 0.000000000000 1.000000000000
11.165047288245 20.956999458736 0.866025403784 0.500000000000
7.784799996994 -1.431229423741 0.000000000000 1.000000000000
-1.223170247987 9.206255723880 0.866025403784 -0.500000000000
13.409506398205 11.323218384865 0.866025403784 0.500000000000
0.185687541362 10.707802182014 0.866025403784 -0.500000000000
11.882372924183 7.557611842696 0.866025403784 0.500000000000
2.619606052394 9.432411543770 0.000000000000 1.000000000000
