#Configurational_file created 2018-09-14 13:51:08  started 2018-09-14 13:51:07 run for 1.0s steps 0
name: gc_539
step: 10000
specie: 20
	particle_diameter: 1.0000000000000000
	interaction_length: 1.2000000000000000
	number_of_patches: 3
	number_of_particles_per_compound: 1
	rod_length: 1.0000000000000000
	interaction_matrix:  1.000000 1.000000 1.000000 1.000000 1.000000 1.000000 1.000000 1.000000 1.000000
	patch_type: symmetric
	patch_width: 8.0000000000000000
	patch_angle: 0.0000000000000000
	angles:  0.000000 0.000000 0.000000
	grand_canonical: 1
	chemical_potential: -0.6551720000000000
box: 10.000000 10.000000
copy: 1.000000 1.000000
epsilon: 0.4827590000000000
end_epsilon: 0.0000000000000000
pressure: 1.0000000000000000
lambda: 0.0000000000000000
lambda_coupling: 1.0000000000000000
uy: 0.0000000000000000
maximum_displacement: 1.0000000000000000
maximum_rotation: 1.0000000000000000
maximum_volume: 0.0000001000000000
maximum_shape: 0.0000001000000000
maximum_dsigma: 0.0100000000000000
mod: 10
pmod: 10
optimize: 1
verbose: 1
snapshot: 0
display: 1
explore: 1
npt: 0
nptxy: 0
nptdxdy: 0
shape: 0
seed: 615634
12.070941318091 5.141413405675 0.866025403784 0.500000000000
8.803024781598 9.838578963637 0.000000000000 1.000000000000
-5.052888165314 14.525597877310 0.866025403784 0.500000000000
-11.543596084896 -8.007280011725 0.866025403784 -0.500000000000
12.264449105561 3.509502239433 0.866025403784 0.500000000000
3.760213331968 -6.044795287077 0.866025403784 0.500000000000
-9.022056742625 -10.423854325953 0.866025403784 0.500000000000
6.836759787464 8.166978625314 0.000000000000 1.000000000000
1.477439659119 6.371712710455 0.866025403784 -0.500000000000
12.113885126279 12.442715494238 0.866025403784 0.500000000000
1.935806102967 10.102891542197 0.000000000000 1.000000000000
4.586609542841 -4.095937286589 0.866025403784 0.500000000000
-1.061693279756 -2.979563898689 0.866025403784 -0.500000000000
-13.668311450016 13.458600263548 0.000000000000 1.000000000000
0.293722513903 15.897875993463 0.000000000000 1.000000000000
-0.518239558258 10.226378632416 0.866025403784 -0.500000000000
-4.784024054077 12.855897477467 0.866025403784 -0.500000000000
14.032831460725 8.958028752029 0.000000000000 1.000000000000
15.957784007308 10.089142983008 0.000000000000 1.000000000000
-3.209508920455 1.604964445999 0.000000000000 1.000000000000
