#Configurational_file created 2018-09-14 13:50:39  started 2018-09-14 13:50:38 run for 1.0s steps 0
name: gc_503
step: 10000
specie: 17
	particle_diameter: 1.0000000000000000
	interaction_length: 1.2000000000000000
	number_of_patches: 3
	number_of_particles_per_compound: 1
	rod_length: 1.0000000000000000
	interaction_matrix:  1.000000 1.000000 1.000000 1.000000 1.000000 1.000000 1.000000 1.000000 1.000000
	patch_type: symmetric
	patch_width: 8.0000000000000000
	patch_angle: 0.0000000000000000
	angles:  0.000000 0.000000 0.000000
	grand_canonical: 1
	chemical_potential: -0.7931030000000000
box: 10.000000 10.000000
copy: 1.000000 1.000000
epsilon: 0.3793110000000000
end_epsilon: 0.0000000000000000
pressure: 1.0000000000000000
lambda: 0.0000000000000000
lambda_coupling: 1.0000000000000000
uy: 0.0000000000000000
maximum_displacement: 1.0000000000000000
maximum_rotation: 1.0000000000000000
maximum_volume: 0.0000001000000000
maximum_shape: 0.0000001000000000
maximum_dsigma: 0.0100000000000000
mod: 10
pmod: 10
optimize: 1
verbose: 1
snapshot: 0
display: 1
explore: 1
npt: 0
nptxy: 0
nptdxdy: 0
shape: 0
seed: 574702
-8.597139136681 -8.185266217094 0.866025403784 0.500000000000
-13.661068956098 1.438007954336 0.866025403784 -0.500000000000
-4.639367278551 2.115112430553 0.866025403784 -0.500000000000
12.533397213149 -9.728719178978 0.000000000000 1.000000000000
-3.961965183442 25.517922192534 0.000000000000 1.000000000000
-0.331219246860 4.647030622123 0.866025403784 0.500000000000
15.468435837830 1.204096604303 0.000000000000 1.000000000000
2.821347272656 11.610574148551 0.866025403784 -0.500000000000
6.239952616812 3.338611278303 0.866025403784 0.500000000000
8.441003411936 6.664681960996 0.866025403784 -0.500000000000
23.665731836069 -8.858649086491 0.000000000000 1.000000000000
6.732490987761 -2.900850445187 0.866025403784 -0.500000000000
4.516486737847 7.852085102846 0.866025403784 -0.500000000000
4.561507578493 4.592235557341 0.000000000000 1.000000000000
0.554562042937 -2.488076712748 0.000000000000 1.000000000000
14.122288778354 11.859857762372 0.866025403784 -0.500000000000
8.393652793819 11.073913600748 0.866025403784 0.500000000000
