#Configurational_file created 2018-09-14 13:50:36  started 2018-09-14 13:50:36 run for 0.0s steps 0
name: gc_500
step: 10000
specie: 19
	particle_diameter: 1.0000000000000000
	interaction_length: 1.2000000000000000
	number_of_patches: 3
	number_of_particles_per_compound: 1
	rod_length: 1.0000000000000000
	interaction_matrix:  1.000000 1.000000 1.000000 1.000000 1.000000 1.000000 1.000000 1.000000 1.000000
	patch_type: symmetric
	patch_width: 8.0000000000000000
	patch_angle: 0.0000000000000000
	angles:  0.000000 0.000000 0.000000
	grand_canonical: 1
	chemical_potential: -0.7931030000000000
box: 10.000000 10.000000
copy: 1.000000 1.000000
epsilon: 0.3275870000000000
end_epsilon: 0.0000000000000000
pressure: 1.0000000000000000
lambda: 0.0000000000000000
lambda_coupling: 1.0000000000000000
uy: 0.0000000000000000
maximum_displacement: 1.0000000000000000
maximum_rotation: 1.0000000000000000
maximum_volume: 0.0000001000000000
maximum_shape: 0.0000001000000000
maximum_dsigma: 0.0100000000000000
mod: 10
pmod: 10
optimize: 1
verbose: 1
snapshot: 0
display: 1
explore: 1
npt: 0
nptxy: 0
nptdxdy: 0
shape: 0
seed: 571291
-0.383118688665 12.002038287227 0.866025403784 -0.500000000000
7.149333322690 34.690414231131 0.866025403784 0.500000000000
8.164487626323 32.413039602664 0.866025403784 0.500000000000
4.490983963493 13.872689337475 0.000000000000 1.000000000000
0.523829295182 16.827567101262 0.866025403784 -0.500000000000
7.015878730680 0.929023866833 0.000000000000 1.000000000000
3.924128521143 15.213151947026 0.866025403784 -0.500000000000
8.965108692203 0.564563134137 0.000000000000 1.000000000000
-3.480571763323 6.093174442976 0.866025403784 0.500000000000
13.049058463478 8.269389136172 0.866025403784 0.500000000000
-2.496854837202 -3.888647910875 0.000000000000 1.000000000000
11.094840870280 9.950506540869 0.866025403784 -0.500000000000
9.310896238810 5.562902137301 0.866025403784 0.500000000000
-4.206197719895 -0.415037745327 0.866025403784 -0.500000000000
6.481135560236 2.817885561738 0.000000000000 1.000000000000
11.021979856934 4.269867002866 0.000000000000 1.000000000000
4.291654118326 7.300084963497 0.000000000000 1.000000000000
5.095615973760 7.620268951718 0.866025403784 -0.500000000000
2.213204504582 9.242338834080 0.866025403784 0.500000000000
