#Configurational_file created 2018-09-14 13:51:53  started 2018-09-14 13:51:52 run for 1.0s steps 0
name: gc_593
step: 10000
specie: 19
	particle_diameter: 1.0000000000000000
	interaction_length: 1.2000000000000000
	number_of_patches: 3
	number_of_particles_per_compound: 1
	rod_length: 1.0000000000000000
	interaction_matrix:  1.000000 1.000000 1.000000 1.000000 1.000000 1.000000 1.000000 1.000000 1.000000
	patch_type: symmetric
	patch_width: 8.0000000000000000
	patch_angle: 0.0000000000000000
	angles:  0.000000 0.000000 0.000000
	grand_canonical: 1
	chemical_potential: -0.3793100000000000
box: 10.000000 10.000000
copy: 1.000000 1.000000
epsilon: 0.3793110000000000
end_epsilon: 0.0000000000000000
pressure: 1.0000000000000000
lambda: 0.0000000000000000
lambda_coupling: 1.0000000000000000
uy: 0.0000000000000000
maximum_displacement: 1.0000000000000000
maximum_rotation: 1.0000000000000000
maximum_volume: 0.0000001000000000
maximum_shape: 0.0000001000000000
maximum_dsigma: 0.0100000000000000
mod: 10
pmod: 10
optimize: 1
verbose: 1
snapshot: 0
display: 1
explore: 1
npt: 0
nptxy: 0
nptdxdy: 0
shape: 0
seed: 677032
6.606820532334 6.338575074212 0.866025403784 -0.500000000000
10.261897941757 6.207506548932 0.866025403784 -0.500000000000
0.142284572040 7.911903547900 0.866025403784 0.500000000000
7.982402236088 5.204833126268 0.866025403784 0.500000000000
4.566456373039 9.607011109816 0.866025403784 -0.500000000000
-0.097223772327 11.361134219268 0.866025403784 0.500000000000
4.987970845724 7.899083265712 0.000000000000 1.000000000000
-26.872378841924 -6.554635210093 0.866025403784 -0.500000000000
7.190056142999 7.368349337475 0.866025403784 -0.500000000000
9.502700099374 3.651376631576 0.000000000000 1.000000000000
2.500807759165 -6.964463516620 0.866025403784 0.500000000000
5.064597599971 2.693391792961 0.000000000000 1.000000000000
-7.796681945976 11.886332808597 0.000000000000 1.000000000000
1.207874155609 8.222080196118 0.000000000000 1.000000000000
3.043254835041 0.787311117690 0.000000000000 1.000000000000
10.399196942614 5.086845229327 0.866025403784 0.500000000000
5.785920551190 4.340505057140 0.866025403784 -0.500000000000
7.960923787594 -0.125301932636 0.866025403784 0.500000000000
8.655687205751 7.561997487736 0.866025403784 -0.500000000000
