#Configurational_file created 2018-09-14 13:50:52  started 2018-09-14 13:50:51 run for 1.0s steps 0
name: gc_519
step: 10000
specie: 21
	particle_diameter: 1.0000000000000000
	interaction_length: 1.2000000000000000
	number_of_patches: 3
	number_of_particles_per_compound: 1
	rod_length: 1.0000000000000000
	interaction_matrix:  1.000000 1.000000 1.000000 1.000000 1.000000 1.000000 1.000000 1.000000 1.000000
	patch_type: symmetric
	patch_width: 8.0000000000000000
	patch_angle: 0.0000000000000000
	angles:  0.000000 0.000000 0.000000
	grand_canonical: 1
	chemical_potential: -0.6551720000000000
box: 10.000000 10.000000
copy: 1.000000 1.000000
epsilon: 0.1379320000000000
end_epsilon: 0.0000000000000000
pressure: 1.0000000000000000
lambda: 0.0000000000000000
lambda_coupling: 1.0000000000000000
uy: 0.0000000000000000
maximum_displacement: 1.0000000000000000
maximum_rotation: 1.0000000000000000
maximum_volume: 0.0000001000000000
maximum_shape: 0.0000001000000000
maximum_dsigma: 0.0100000000000000
mod: 10
pmod: 10
optimize: 1
verbose: 1
snapshot: 0
display: 1
explore: 1
npt: 0
nptxy: 0
nptdxdy: 0
shape: 0
seed: 592894
30.278423802218 4.693692968976 0.866025403784 0.500000000000
16.962031480110 4.502030760010 0.866025403784 0.500000000000
8.514095829841 2.939763641889 0.866025403784 0.500000000000
18.584483238456 -3.696558980849 0.000000000000 1.000000000000
4.587059760930 -1.486490362899 0.866025403784 0.500000000000
7.534148519420 -7.975981658971 0.866025403784 -0.500000000000
1.824328918951 14.301033890491 0.866025403784 -0.500000000000
15.472836642611 13.132951820989 0.866025403784 -0.500000000000
2.692647339856 -2.618298455167 0.866025403784 0.500000000000
4.615625003149 -9.425003381863 0.866025403784 -0.500000000000
-4.127296413637 -5.312020189610 0.866025403784 0.500000000000
4.242725617656 6.605853412623 0.866025403784 -0.500000000000
1.558360273963 -3.785799477608 0.866025403784 0.500000000000
2.621446357175 6.625646149530 0.000000000000 1.000000000000
0.033695623578 6.177364978389 0.866025403784 0.500000000000
13.207666706835 -0.210725954561 0.866025403784 0.500000000000
19.472128434068 7.505369766165 0.866025403784 -0.500000000000
7.101145507356 3.927347794814 0.000000000000 1.000000000000
1.153919743083 12.507835768343 0.866025403784 -0.500000000000
18.869520188757 11.354728662980 0.866025403784 -0.500000000000
0.546026715365 1.878705797074 0.866025403784 0.500000000000
