#Configurational_file created 2018-09-14 13:51:02  started 2018-09-14 13:51:01 run for 1.0s steps 0
name: gc_532
step: 10000
specie: 22
	particle_diameter: 1.0000000000000000
	interaction_length: 1.2000000000000000
	number_of_patches: 3
	number_of_particles_per_compound: 1
	rod_length: 1.0000000000000000
	interaction_matrix:  1.000000 1.000000 1.000000 1.000000 1.000000 1.000000 1.000000 1.000000 1.000000
	patch_type: symmetric
	patch_width: 8.0000000000000000
	patch_angle: 0.0000000000000000
	angles:  0.000000 0.000000 0.000000
	grand_canonical: 1
	chemical_potential: -0.6551720000000000
box: 10.000000 10.000000
copy: 1.000000 1.000000
epsilon: 0.3620690000000000
end_epsilon: 0.0000000000000000
pressure: 1.0000000000000000
lambda: 0.0000000000000000
lambda_coupling: 1.0000000000000000
uy: 0.0000000000000000
maximum_displacement: 1.0000000000000000
maximum_rotation: 1.0000000000000000
maximum_volume: 0.0000001000000000
maximum_shape: 0.0000001000000000
maximum_dsigma: 0.0100000000000000
mod: 10
pmod: 10
optimize: 1
verbose: 1
snapshot: 0
display: 1
explore: 1
npt: 0
nptxy: 0
nptdxdy: 0
shape: 0
seed: 607675
7.677153533098 4.698725511283 0.866025403784 0.500000000000
4.234905669827 -6.045893748121 0.000000000000 1.000000000000
3.045689361411 0.613843745196 0.866025403784 -0.500000000000
4.713501047662 7.627288774474 0.866025403784 0.500000000000
10.100921657565 10.657982888762 0.866025403784 0.500000000000
0.457888527177 5.428776924851 0.866025403784 -0.500000000000
19.485332655293 -10.578993294860 0.000000000000 1.000000000000
11.231184844956 11.513618561350 0.000000000000 1.000000000000
2.821896681167 -4.121870329589 0.866025403784 -0.500000000000
-0.787815140389 6.621401652909 0.866025403784 -0.500000000000
11.456903291344 6.623679332024 0.866025403784 -0.500000000000
8.724114126960 1.130009920590 0.866025403784 0.500000000000
0.122568855255 1.839424023187 0.000000000000 1.000000000000
21.225671500794 -6.106254504663 0.000000000000 1.000000000000
6.680400059749 -1.641450875829 0.000000000000 1.000000000000
12.939722277585 24.200207864866 0.866025403784 0.500000000000
-4.535185256469 11.030555016487 0.866025403784 0.500000000000
4.698821552924 -4.971435059692 0.866025403784 0.500000000000
0.101152778717 4.302972270342 0.000000000000 1.000000000000
20.205851955231 16.430844669667 0.866025403784 -0.500000000000
5.246618432164 2.962251747263 0.000000000000 1.000000000000
5.963929708380 3.993071913805 0.866025403784 0.500000000000
