#Configurational_file created 2018-09-14 13:51:20  started 2018-09-14 13:51:19 run for 1.0s steps 0
name: gc_554
step: 10000
specie: 18
	particle_diameter: 1.0000000000000000
	interaction_length: 1.2000000000000000
	number_of_patches: 3
	number_of_particles_per_compound: 1
	rod_length: 1.0000000000000000
	interaction_matrix:  1.000000 1.000000 1.000000 1.000000 1.000000 1.000000 1.000000 1.000000 1.000000
	patch_type: symmetric
	patch_width: 8.0000000000000000
	patch_angle: 0.0000000000000000
	angles:  0.000000 0.000000 0.000000
	grand_canonical: 1
	chemical_potential: -0.5172410000000000
box: 10.000000 10.000000
copy: 1.000000 1.000000
epsilon: 0.2241380000000000
end_epsilon: 0.0000000000000000
pressure: 1.0000000000000000
lambda: 0.0000000000000000
lambda_coupling: 1.0000000000000000
uy: 0.0000000000000000
maximum_displacement: 1.0000000000000000
maximum_rotation: 1.0000000000000000
maximum_volume: 0.0000001000000000
maximum_shape: 0.0000001000000000
maximum_dsigma: 0.0100000000000000
mod: 10
pmod: 10
optimize: 1
verbose: 1
snapshot: 0
display: 1
explore: 1
npt: 0
nptxy: 0
nptdxdy: 0
shape: 0
seed: 632689
-3.608719674270 -1.359148347227 0.866025403784 0.500000000000
-0.943178927923 13.618329916303 0.000000000000 1.000000000000
-6.894000544632 -2.024326977662 0.000000000000 1.000000000000
-4.709661437110 7.966869322906 0.000000000000 1.000000000000
9.181934395928 9.920892697951 0.866025403784 0.500000000000
7.361114689772 2.621217419147 0.866025403784 0.500000000000
1.376141256094 8.758368654111 0.866025403784 -0.500000000000
17.151850592255 0.555624013169 0.866025403784 0.500000000000
-5.605971513994 3.885774295106 0.000000000000 1.000000000000
-8.639847319784 14.066877922581 0.000000000000 1.000000000000
-9.720292499442 -1.244145058918 0.866025403784 -0.500000000000
-20.265431116122 0.822005615798 0.000000000000 1.000000000000
25.848892403515 6.048883229294 0.000000000000 1.000000000000
-5.065819651395 2.820089290873 0.000000000000 1.000000000000
-4.527029081614 10.415726364354 0.866025403784 -0.500000000000
4.221016277329 8.752946020746 0.866025403784 0.500000000000
3.143136766694 4.091451522569 0.866025403784 -0.500000000000
7.130956367482 3.948087164630 0.866025403784 -0.500000000000
