#Configurational_file created 2018-09-14 13:51:24  started 2018-09-14 13:51:23 run for 1.0s steps 0
name: gc_558
step: 10000
specie: 22
	particle_diameter: 1.0000000000000000
	interaction_length: 1.2000000000000000
	number_of_patches: 3
	number_of_particles_per_compound: 1
	rod_length: 1.0000000000000000
	interaction_matrix:  1.000000 1.000000 1.000000 1.000000 1.000000 1.000000 1.000000 1.000000 1.000000
	patch_type: symmetric
	patch_width: 8.0000000000000000
	patch_angle: 0.0000000000000000
	angles:  0.000000 0.000000 0.000000
	grand_canonical: 1
	chemical_potential: -0.5172410000000000
box: 10.000000 10.000000
copy: 1.000000 1.000000
epsilon: 0.2931040000000000
end_epsilon: 0.0000000000000000
pressure: 1.0000000000000000
lambda: 0.0000000000000000
lambda_coupling: 1.0000000000000000
uy: 0.0000000000000000
maximum_displacement: 1.0000000000000000
maximum_rotation: 1.0000000000000000
maximum_volume: 0.0000001000000000
maximum_shape: 0.0000001000000000
maximum_dsigma: 0.0100000000000000
mod: 10
pmod: 10
optimize: 1
verbose: 1
snapshot: 0
display: 1
explore: 1
npt: 0
nptxy: 0
nptdxdy: 0
shape: 0
seed: 637237
10.274099402046 7.027989015783 0.000000000000 1.000000000000
7.750526678554 11.220261160845 0.866025403784 0.500000000000
-1.666341670293 12.791433107966 0.000000000000 1.000000000000
27.746748189311 8.801829459360 0.866025403784 0.500000000000
2.554619057549 9.673699399951 0.000000000000 1.000000000000
4.326342877705 10.106828745480 0.000000000000 1.000000000000
18.079097175248 -14.867148400344 0.866025403784 -0.500000000000
10.603540901436 4.430306286116 0.866025403784 -0.500000000000
-3.335787444384 9.790419450092 0.866025403784 0.500000000000
15.406923601209 -1.018189694129 0.866025403784 0.500000000000
-21.658814177263 -16.223295189984 0.866025403784 0.500000000000
13.782319478133 1.515422151346 0.866025403784 -0.500000000000
4.652392503424 15.248021011869 0.866025403784 0.500000000000
2.165427253303 6.679199089234 0.866025403784 0.500000000000
4.331351001100 -13.287111625638 0.866025403784 0.500000000000
-1.128308779388 -3.664470371428 0.866025403784 0.500000000000
9.657129662843 1.185573308129 0.866025403784 -0.500000000000
-2.853758109142 4.766868346878 0.866025403784 -0.500000000000
6.276659659317 -3.980747481526 0.866025403784 -0.500000000000
15.671811469007 1.948322290001 0.000000000000 1.000000000000
1.558133150268 -14.916825380189 0.000000000000 1.000000000000
5.870415167780 3.473319108879 0.866025403784 -0.500000000000
