#Configurational_file created 2018-09-14 13:51:58  started 2018-09-14 13:51:57 run for 1.0s steps 0
name: gc_599
step: 10000
specie: 21
	particle_diameter: 1.0000000000000000
	interaction_length: 1.2000000000000000
	number_of_patches: 3
	number_of_particles_per_compound: 1
	rod_length: 1.0000000000000000
	interaction_matrix:  1.000000 1.000000 1.000000 1.000000 1.000000 1.000000 1.000000 1.000000 1.000000
	patch_type: symmetric
	patch_width: 8.0000000000000000
	patch_angle: 0.0000000000000000
	angles:  0.000000 0.000000 0.000000
	grand_canonical: 1
	chemical_potential: -0.3793100000000000
box: 10.000000 10.000000
copy: 1.000000 1.000000
epsilon: 0.4827590000000000
end_epsilon: 0.0000000000000000
pressure: 1.0000000000000000
lambda: 0.0000000000000000
lambda_coupling: 1.0000000000000000
uy: 0.0000000000000000
maximum_displacement: 1.0000000000000000
maximum_rotation: 1.0000000000000000
maximum_volume: 0.0000001000000000
maximum_shape: 0.0000001000000000
maximum_dsigma: 0.0100000000000000
mod: 10
pmod: 10
optimize: 1
verbose: 1
snapshot: 0
display: 1
explore: 1
npt: 0
nptxy: 0
nptdxdy: 0
shape: 0
seed: 683854
-13.933776253889 20.595167643264 0.866025403784 0.500000000000
-0.621777340894 -1.199360048991 0.866025403784 0.500000000000
-6.222074328245 -1.614110537576 0.866025403784 0.500000000000
19.055892163554 0.933400726527 0.866025403784 -0.500000000000
3.122088504293 27.120304768975 0.866025403784 0.500000000000
14.563061958031 -15.242542625962 0.000000000000 1.000000000000
4.450971719965 3.131381459539 0.866025403784 0.500000000000
2.245200562565 -1.293831696333 0.866025403784 0.500000000000
2.367408859085 14.305385129244 0.000000000000 1.000000000000
-22.996614110330 7.576768261441 0.000000000000 1.000000000000
5.802250112791 -4.009244213192 0.000000000000 1.000000000000
22.290293075054 -10.202182182604 0.866025403784 0.500000000000
10.994704666634 12.696451309558 0.000000000000 1.000000000000
0.751408975898 21.599816274611 0.000000000000 1.000000000000
-0.427753523848 -16.270662936472 0.000000000000 1.000000000000
9.092651176873 6.489329360943 0.866025403784 -0.500000000000
8.971575865337 3.681957558310 0.866025403784 0.500000000000
6.592264249481 -6.281317880201 0.866025403784 -0.500000000000
7.636843473271 5.363361514392 0.000000000000 1.000000000000
1.095925631929 5.269623106283 0.866025403784 0.500000000000
0.728952209157 8.173426877874 0.866025403784 0.500000000000
