#Configurational_file created 2018-09-14 13:51:48  started 2018-09-14 13:51:47 run for 1.0s steps 0
name: gc_587
step: 10000
specie: 22
	particle_diameter: 1.0000000000000000
	interaction_length: 1.2000000000000000
	number_of_patches: 3
	number_of_particles_per_compound: 1
	rod_length: 1.0000000000000000
	interaction_matrix:  1.000000 1.000000 1.000000 1.000000 1.000000 1.000000 1.000000 1.000000 1.000000
	patch_type: symmetric
	patch_width: 8.0000000000000000
	patch_angle: 0.0000000000000000
	angles:  0.000000 0.000000 0.000000
	grand_canonical: 1
	chemical_potential: -0.3793100000000000
box: 10.000000 10.000000
copy: 1.000000 1.000000
epsilon: 0.2758630000000000
end_epsilon: 0.0000000000000000
pressure: 1.0000000000000000
lambda: 0.0000000000000000
lambda_coupling: 1.0000000000000000
uy: 0.0000000000000000
maximum_displacement: 1.0000000000000000
maximum_rotation: 1.0000000000000000
maximum_volume: 0.0000001000000000
maximum_shape: 0.0000001000000000
maximum_dsigma: 0.0100000000000000
mod: 10
pmod: 10
optimize: 1
verbose: 1
snapshot: 0
display: 1
explore: 1
npt: 0
nptxy: 0
nptdxdy: 0
shape: 0
seed: 670210
-24.799616981103 12.060187423475 0.866025403784 0.500000000000
13.706168780219 6.419261030668 0.866025403784 -0.500000000000
-10.441788930307 -12.407372269125 0.866025403784 0.500000000000
-2.174457212995 -10.800488343871 0.866025403784 -0.500000000000
-1.128001268433 15.925179344113 0.866025403784 0.500000000000
5.997148716063 9.604777790009 0.866025403784 -0.500000000000
4.357838848637 -29.216130975245 0.866025403784 -0.500000000000
10.873911294583 -0.828036682460 0.000000000000 1.000000000000
6.415559447105 8.816007159370 0.866025403784 0.500000000000
2.571416669546 4.248248099136 0.866025403784 -0.500000000000
4.489979761604 3.474731155250 0.866025403784 -0.500000000000
2.197483213513 7.268111827708 0.866025403784 0.500000000000
8.753155756795 11.962985984744 0.866025403784 -0.500000000000
-0.895980655494 2.058471064587 0.000000000000 1.000000000000
1.889192703905 12.342055426674 0.866025403784 -0.500000000000
5.121431549562 -4.851979287562 0.000000000000 1.000000000000
0.895400042095 -2.863412643605 0.866025403784 0.500000000000
10.098480307489 -1.561221552002 0.866025403784 0.500000000000
22.003387778850 10.747473630701 0.000000000000 1.000000000000
7.851477551310 14.245708705279 0.000000000000 1.000000000000
14.243943680744 -1.606812949841 0.866025403784 -0.500000000000
8.177322622748 7.986578289356 0.866025403784 -0.500000000000
