#Configurational_file created 2018-09-14 13:51:12  started 2018-09-14 13:51:11 run for 1.0s steps 0
name: gc_544
step: 10000
specie: 22
	particle_diameter: 1.0000000000000000
	interaction_length: 1.2000000000000000
	number_of_patches: 3
	number_of_particles_per_compound: 1
	rod_length: 1.0000000000000000
	interaction_matrix:  1.000000 1.000000 1.000000 1.000000 1.000000 1.000000 1.000000 1.000000 1.000000
	patch_type: symmetric
	patch_width: 8.0000000000000000
	patch_angle: 0.0000000000000000
	angles:  0.000000 0.000000 0.000000
	grand_canonical: 1
	chemical_potential: -0.5172410000000000
box: 10.000000 10.000000
copy: 1.000000 1.000000
epsilon: 0.0517250000000000
end_epsilon: 0.0000000000000000
pressure: 1.0000000000000000
lambda: 0.0000000000000000
lambda_coupling: 1.0000000000000000
uy: 0.0000000000000000
maximum_displacement: 1.0000000000000000
maximum_rotation: 1.0000000000000000
maximum_volume: 0.0000001000000000
maximum_shape: 0.0000001000000000
maximum_dsigma: 0.0100000000000000
mod: 10
pmod: 10
optimize: 1
verbose: 1
snapshot: 0
display: 1
explore: 1
npt: 0
nptxy: 0
nptdxdy: 0
shape: 0
seed: 621319
-8.743786866664 11.188255768959 0.866025403784 -0.500000000000
6.061817056658 6.753496308904 0.866025403784 0.500000000000
10.102049591041 2.040199181287 0.866025403784 0.500000000000
9.608726050004 9.940771502480 0.866025403784 -0.500000000000
-11.888426498891 7.622730141815 0.866025403784 -0.500000000000
7.717520157471 12.588936268284 0.866025403784 -0.500000000000
14.435546071248 -6.848344409043 0.000000000000 1.000000000000
4.656177119959 20.625339459574 0.866025403784 -0.500000000000
7.678865924435 3.822718410465 0.866025403784 -0.500000000000
23.018634153307 3.725806342079 0.866025403784 0.500000000000
-20.469345175928 2.843179632515 0.866025403784 -0.500000000000
3.672548568758 12.463280047545 0.866025403784 0.500000000000
11.155027927494 -7.045022858137 0.866025403784 -0.500000000000
-2.699460949511 7.455794932876 0.866025403784 0.500000000000
-5.542244318735 -3.713805354759 0.866025403784 -0.500000000000
-0.882739535043 14.354379466920 0.866025403784 0.500000000000
-7.727351131335 2.016966946370 0.866025403784 -0.500000000000
-8.772162481825 10.500114982611 0.866025403784 0.500000000000
1.745773017524 6.842344056226 0.866025403784 0.500000000000
7.387543064550 5.906841975399 0.866025403784 -0.500000000000
9.314562535858 9.197762092891 0.000000000000 1.000000000000
5.792027452928 0.761543838968 0.866025403784 -0.500000000000
