#Configurational_file created 2018-09-14 13:50:43  started 2018-09-14 13:50:42 run for 1.0s steps 0
name: gc_508
step: 10000
specie: 16
	particle_diameter: 1.0000000000000000
	interaction_length: 1.2000000000000000
	number_of_patches: 3
	number_of_particles_per_compound: 1
	rod_length: 1.0000000000000000
	interaction_matrix:  1.000000 1.000000 1.000000 1.000000 1.000000 1.000000 1.000000 1.000000 1.000000
	patch_type: symmetric
	patch_width: 8.0000000000000000
	patch_angle: 0.0000000000000000
	angles:  0.000000 0.000000 0.000000
	grand_canonical: 1
	chemical_potential: -0.7931030000000000
box: 10.000000 10.000000
copy: 1.000000 1.000000
epsilon: 0.4655170000000000
end_epsilon: 0.0000000000000000
pressure: 1.0000000000000000
lambda: 0.0000000000000000
lambda_coupling: 1.0000000000000000
uy: 0.0000000000000000
maximum_displacement: 1.0000000000000000
maximum_rotation: 1.0000000000000000
maximum_volume: 0.0000001000000000
maximum_shape: 0.0000001000000000
maximum_dsigma: 0.0100000000000000
mod: 10
pmod: 10
optimize: 1
verbose: 1
snapshot: 0
display: 1
explore: 1
npt: 0
nptxy: 0
nptdxdy: 0
shape: 0
seed: 580387
4.964093432445 15.950469885097 0.866025403784 0.500000000000
12.171369674821 -0.454937592789 0.866025403784 0.500000000000
4.001575123455 7.884621983800 0.000000000000 1.000000000000
3.541977834249 10.249224467332 0.866025403784 0.500000000000
1.712362469856 2.332866806406 0.866025403784 -0.500000000000
-0.097685976188 -7.652092680782 0.866025403784 -0.500000000000
9.730905208932 -2.294607220186 0.866025403784 -0.500000000000
10.434633436356 -0.290546613876 0.000000000000 1.000000000000
28.777382370332 18.157246921710 0.866025403784 -0.500000000000
8.866615431435 6.713913931093 0.000000000000 1.000000000000
10.983047925434 7.352679843558 0.000000000000 1.000000000000
-4.195552515578 -14.220165216765 0.000000000000 1.000000000000
-3.988996741797 4.794093080064 0.000000000000 1.000000000000
-2.253225969854 -4.378647249027 0.866025403784 -0.500000000000
19.643130177780 10.654990579062 0.866025403784 -0.500000000000
1.328392467031 1.386048829459 0.866025403784 -0.500000000000
