#Configurational_file created 2018-09-14 13:50:59  started 2018-09-14 13:50:58 run for 1.0s steps 0
name: gc_528
step: 10000
specie: 20
	particle_diameter: 1.0000000000000000
	interaction_length: 1.2000000000000000
	number_of_patches: 3
	number_of_particles_per_compound: 1
	rod_length: 1.0000000000000000
	interaction_matrix:  1.000000 1.000000 1.000000 1.000000 1.000000 1.000000 1.000000 1.000000 1.000000
	patch_type: symmetric
	patch_width: 8.0000000000000000
	patch_angle: 0.0000000000000000
	angles:  0.000000 0.000000 0.000000
	grand_canonical: 1
	chemical_potential: -0.6551720000000000
box: 10.000000 10.000000
copy: 1.000000 1.000000
epsilon: 0.2931040000000000
end_epsilon: 0.0000000000000000
pressure: 1.0000000000000000
lambda: 0.0000000000000000
lambda_coupling: 1.0000000000000000
uy: 0.0000000000000000
maximum_displacement: 1.0000000000000000
maximum_rotation: 1.0000000000000000
maximum_volume: 0.0000001000000000
maximum_shape: 0.0000001000000000
maximum_dsigma: 0.0100000000000000
mod: 10
pmod: 10
optimize: 1
verbose: 1
snapshot: 0
display: 1
explore: 1
npt: 0
nptxy: 0
nptdxdy: 0
shape: 0
seed: 603127
10.633737332804 1.103571570369 0.866025403784 0.500000000000
7.860798093737 5.755978266847 0.000000000000 1.000000000000
7.294249943787 -0.617564857120 0.866025403784 0.500000000000
-16.929834364659 13.304219344289 0.866025403784 0.500000000000
0.495714253679 -2.511279709489 0.866025403784 -0.500000000000
4.555932749800 6.483701523706 0.866025403784 -0.500000000000
3.892523910334 9.735041358572 0.866025403784 0.500000000000
22.081266743431 -0.080880557682 0.000000000000 1.000000000000
6.060021751968 6.191702403069 0.866025403784 -0.500000000000
-4.318417478384 15.596207982923 0.866025403784 0.500000000000
10.329300639880 5.258506536346 0.000000000000 1.000000000000
0.525009579631 12.976643594731 0.866025403784 -0.500000000000
6.616562099128 1.760273623752 0.866025403784 -0.500000000000
-7.328516703888 -4.626177178592 0.866025403784 -0.500000000000
8.382386327430 7.862524724081 0.866025403784 0.500000000000
5.780076159776 0.146332880738 0.866025403784 0.500000000000
-2.396659203911 10.410729145889 0.866025403784 -0.500000000000
9.896081955141 2.061598200803 0.866025403784 0.500000000000
5.430337651521 7.153961025807 0.866025403784 -0.500000000000
9.590357844109 9.576077351191 0.866025403784 0.500000000000
