#Configurational_file created 2018-09-14 13:51:05  started 2018-09-14 13:51:04 run for 1.0s steps 0
name: gc_535
step: 10000
specie: 18
	particle_diameter: 1.0000000000000000
	interaction_length: 1.2000000000000000
	number_of_patches: 3
	number_of_particles_per_compound: 1
	rod_length: 1.0000000000000000
	interaction_matrix:  1.000000 1.000000 1.000000 1.000000 1.000000 1.000000 1.000000 1.000000 1.000000
	patch_type: symmetric
	patch_width: 8.0000000000000000
	patch_angle: 0.0000000000000000
	angles:  0.000000 0.000000 0.000000
	grand_canonical: 1
	chemical_potential: -0.6551720000000000
box: 10.000000 10.000000
copy: 1.000000 1.000000
epsilon: 0.4137930000000000
end_epsilon: 0.0000000000000000
pressure: 1.0000000000000000
lambda: 0.0000000000000000
lambda_coupling: 1.0000000000000000
uy: 0.0000000000000000
maximum_displacement: 1.0000000000000000
maximum_rotation: 1.0000000000000000
maximum_volume: 0.0000001000000000
maximum_shape: 0.0000001000000000
maximum_dsigma: 0.0100000000000000
mod: 10
pmod: 10
optimize: 1
verbose: 1
snapshot: 0
display: 1
explore: 1
npt: 0
nptxy: 0
nptdxdy: 0
shape: 0
seed: 611086
10.893270061435 10.241819829673 0.866025403784 -0.500000000000
14.236649649717 10.341786391215 0.866025403784 -0.500000000000
1.406713901868 0.320233013575 0.000000000000 1.000000000000
1.160459481045 2.232818933856 0.866025403784 0.500000000000
2.903229207653 8.801916004142 0.866025403784 -0.500000000000
-5.377903658228 9.186876279989 0.866025403784 0.500000000000
4.029058253913 -7.024177375645 0.866025403784 -0.500000000000
5.968751486715 14.532807602889 0.866025403784 0.500000000000
-2.246944953469 10.205585727021 0.000000000000 1.000000000000
1.655443587711 14.781844948540 0.866025403784 0.500000000000
9.748954710266 7.215000825328 0.866025403784 -0.500000000000
5.830759574634 2.678352002052 0.866025403784 0.500000000000
-3.776349734999 -1.291434570689 0.000000000000 1.000000000000
-0.016155074084 4.925770060291 0.866025403784 0.500000000000
7.740747199554 15.294969767604 0.866025403784 -0.500000000000
1.720073422478 13.713699670411 0.000000000000 1.000000000000
23.474735643979 7.225632377028 0.000000000000 1.000000000000
0.674742265003 8.528582933673 0.866025403784 0.500000000000
