#Configurational_file created 2018-09-14 13:50:54  started 2018-09-14 13:50:53 run for 1.0s steps 0
name: gc_522
step: 10000
specie: 19
	particle_diameter: 1.0000000000000000
	interaction_length: 1.2000000000000000
	number_of_patches: 3
	number_of_particles_per_compound: 1
	rod_length: 1.0000000000000000
	interaction_matrix:  1.000000 1.000000 1.000000 1.000000 1.000000 1.000000 1.000000 1.000000 1.000000
	patch_type: symmetric
	patch_width: 8.0000000000000000
	patch_angle: 0.0000000000000000
	angles:  0.000000 0.000000 0.000000
	grand_canonical: 1
	chemical_potential: -0.6551720000000000
box: 10.000000 10.000000
copy: 1.000000 1.000000
epsilon: 0.1896560000000000
end_epsilon: 0.0000000000000000
pressure: 1.0000000000000000
lambda: 0.0000000000000000
lambda_coupling: 1.0000000000000000
uy: 0.0000000000000000
maximum_displacement: 1.0000000000000000
maximum_rotation: 1.0000000000000000
maximum_volume: 0.0000001000000000
maximum_shape: 0.0000001000000000
maximum_dsigma: 0.0100000000000000
mod: 10
pmod: 10
optimize: 1
verbose: 1
snapshot: 0
display: 1
explore: 1
npt: 0
nptxy: 0
nptdxdy: 0
shape: 0
seed: 596305
5.640920044984 7.363145015076 0.000000000000 1.000000000000
12.383112655319 20.990102472846 0.000000000000 1.000000000000
17.078899210097 8.423704771393 0.000000000000 1.000000000000
-15.408975605957 0.170377697361 0.000000000000 1.000000000000
14.178047369550 -4.264676995692 0.866025403784 0.500000000000
5.070480867547 -8.817814782183 0.866025403784 -0.500000000000
9.998127586261 -5.838252811329 0.000000000000 1.000000000000
10.875882595744 8.114117233025 0.000000000000 1.000000000000
4.958133718844 5.524011647904 0.000000000000 1.000000000000
7.330577440210 1.143997928856 0.866025403784 -0.500000000000
9.079439425553 7.786366035382 0.866025403784 -0.500000000000
12.642037808685 6.880981418139 0.000000000000 1.000000000000
-15.485428510577 13.181848772931 0.000000000000 1.000000000000
8.550584107417 -4.424333376604 0.866025403784 0.500000000000
14.848671767412 -3.441150625713 0.866025403784 0.500000000000
0.342040115483 10.859796745533 0.866025403784 0.500000000000
1.752195121024 4.186447223170 0.000000000000 1.000000000000
24.341716526923 4.136513298603 0.866025403784 -0.500000000000
8.166682219564 10.785772781638 0.866025403784 0.500000000000
