#Configurational_file created 2018-09-14 13:45:33  started 2018-09-14 13:45:33 run for 0.0s steps 0
name: gc_55
step: 10000
specie: 8
	particle_diameter: 1.0000000000000000
	interaction_length: 1.2000000000000000
	number_of_patches: 3
	number_of_particles_per_compound: 1
	rod_length: 1.0000000000000000
	interaction_matrix:  1.000000 1.000000 1.000000 1.000000 1.000000 1.000000 1.000000 1.000000 1.000000
	patch_type: symmetric
	patch_width: 8.0000000000000000
	patch_angle: 0.0000000000000000
	angles:  0.000000 0.000000 0.000000
	grand_canonical: 1
	chemical_potential: -2.8620690000000000
box: 10.000000 10.000000
copy: 1.000000 1.000000
epsilon: 0.4137930000000000
end_epsilon: 0.0000000000000000
pressure: 1.0000000000000000
lambda: 0.0000000000000000
lambda_coupling: 1.0000000000000000
uy: 0.0000000000000000
maximum_displacement: 1.0000000000000000
maximum_rotation: 1.0000000000000000
maximum_volume: 0.0000001000000000
maximum_shape: 0.0000001000000000
maximum_dsigma: 0.0100000000000000
mod: 10
pmod: 10
optimize: 1
verbose: 1
snapshot: 0
display: 1
explore: 1
npt: 0
nptxy: 0
nptdxdy: 0
shape: 0
seed: 65326
3.923317450727 19.506161983528 0.866025403784 0.500000000000
5.336325157144 9.259513228262 0.000000000000 1.000000000000
-6.140161267347 3.195068504079 0.866025403784 0.500000000000
0.158108740924 6.086677803090 0.000000000000 1.000000000000
1.624072022269 2.783417794740 0.000000000000 1.000000000000
10.311009454446 0.743287947964 0.866025403784 0.500000000000
8.998973836434 10.289822278615 0.000000000000 1.000000000000
8.247450782289 6.062347544780 0.866025403784 0.500000000000
