#Configurational_file created 2018-09-14 13:50:43  started 2018-09-14 13:50:43 run for 0.0s steps 0
name: gc_509
step: 10000
specie: 21
	particle_diameter: 1.0000000000000000
	interaction_length: 1.2000000000000000
	number_of_patches: 3
	number_of_particles_per_compound: 1
	rod_length: 1.0000000000000000
	interaction_matrix:  1.000000 1.000000 1.000000 1.000000 1.000000 1.000000 1.000000 1.000000 1.000000
	patch_type: symmetric
	patch_width: 8.0000000000000000
	patch_angle: 0.0000000000000000
	angles:  0.000000 0.000000 0.000000
	grand_canonical: 1
	chemical_potential: -0.7931030000000000
box: 10.000000 10.000000
copy: 1.000000 1.000000
epsilon: 0.4827590000000000
end_epsilon: 0.0000000000000000
pressure: 1.0000000000000000
lambda: 0.0000000000000000
lambda_coupling: 1.0000000000000000
uy: 0.0000000000000000
maximum_displacement: 1.0000000000000000
maximum_rotation: 1.0000000000000000
maximum_volume: 0.0000001000000000
maximum_shape: 0.0000001000000000
maximum_dsigma: 0.0100000000000000
mod: 10
pmod: 10
optimize: 1
verbose: 1
snapshot: 0
display: 1
explore: 1
npt: 0
nptxy: 0
nptdxdy: 0
shape: 0
seed: 581524
7.677500733228 3.764745852847 0.866025403784 -0.500000000000
-0.549510837271 10.877260577727 0.866025403784 0.500000000000
-7.435819226787 9.251424031775 0.000000000000 1.000000000000
2.663551082770 17.919639219006 0.866025403784 0.500000000000
17.463498979489 7.092911083403 0.866025403784 0.500000000000
14.861062394118 14.129782630087 0.866025403784 -0.500000000000
4.627773883044 3.454465753791 0.866025403784 0.500000000000
-0.848220737031 9.792854548634 0.866025403784 0.500000000000
5.684081630538 0.719742291926 0.866025403784 0.500000000000
-4.903028933624 -1.876604184054 0.866025403784 -0.500000000000
1.112464410341 12.655377032250 0.866025403784 0.500000000000
13.873566834286 -6.125970193900 0.866025403784 -0.500000000000
6.739105648774 3.563073800259 0.000000000000 1.000000000000
14.229968377475 10.395456059702 0.866025403784 -0.500000000000
11.453614364852 5.330835727642 0.000000000000 1.000000000000
1.445724395271 9.696000656138 0.866025403784 -0.500000000000
2.970447655624 5.370334569900 0.866025403784 0.500000000000
4.171354747488 12.482555081549 0.000000000000 1.000000000000
-2.359441190963 1.475141556114 0.866025403784 0.500000000000
6.840255345700 8.945641770966 0.866025403784 0.500000000000
3.273322471381 2.015872876218 0.000000000000 1.000000000000
