#Configurational_file created 2018-09-14 13:51:34  started 2018-09-14 13:51:33 run for 1.0s steps 0
name: gc_570
step: 10000
specie: 22
	particle_diameter: 1.0000000000000000
	interaction_length: 1.2000000000000000
	number_of_patches: 3
	number_of_particles_per_compound: 1
	rod_length: 1.0000000000000000
	interaction_matrix:  1.000000 1.000000 1.000000 1.000000 1.000000 1.000000 1.000000 1.000000 1.000000
	patch_type: symmetric
	patch_width: 8.0000000000000000
	patch_angle: 0.0000000000000000
	angles:  0.000000 0.000000 0.000000
	grand_canonical: 1
	chemical_potential: -0.5172410000000000
box: 10.000000 10.000000
copy: 1.000000 1.000000
epsilon: 0.5000000000000000
end_epsilon: 0.0000000000000000
pressure: 1.0000000000000000
lambda: 0.0000000000000000
lambda_coupling: 1.0000000000000000
uy: 0.0000000000000000
maximum_displacement: 1.0000000000000000
maximum_rotation: 1.0000000000000000
maximum_volume: 0.0000001000000000
maximum_shape: 0.0000001000000000
maximum_dsigma: 0.0100000000000000
mod: 10
pmod: 10
optimize: 1
verbose: 1
snapshot: 0
display: 1
explore: 1
npt: 0
nptxy: 0
nptdxdy: 0
shape: 0
seed: 650881
18.131975945394 -0.225690927286 0.000000000000 1.000000000000
-1.910700804058 3.937604783678 0.866025403784 0.500000000000
7.690857068538 1.146764741988 0.000000000000 1.000000000000
-1.177644220076 4.785181737820 0.000000000000 1.000000000000
9.721398750579 10.456109677602 0.866025403784 -0.500000000000
19.030232507370 -13.765886089854 0.866025403784 -0.500000000000
11.541729905247 21.206789591390 0.866025403784 -0.500000000000
4.472622221563 6.596061333394 0.866025403784 0.500000000000
7.897143012246 -4.788849692767 0.866025403784 -0.500000000000
10.354837404315 5.163384443488 0.866025403784 -0.500000000000
-2.398341082287 -0.937990874578 0.866025403784 0.500000000000
16.459190795635 3.054821712121 0.866025403784 -0.500000000000
15.978024734444 8.285913556132 0.866025403784 0.500000000000
5.348111180608 2.473980579636 0.000000000000 1.000000000000
2.857718509508 3.070942934520 0.866025403784 -0.500000000000
13.191345210549 6.238877848845 0.000000000000 1.000000000000
13.512923828682 1.266772957696 0.000000000000 1.000000000000
1.975302515521 6.971489298755 0.866025403784 0.500000000000
16.830818720845 0.735147960707 0.866025403784 0.500000000000
5.313763597003 7.110229504194 0.000000000000 1.000000000000
1.879880171692 8.953428691911 0.866025403784 -0.500000000000
10.872621760819 3.362809869201 0.000000000000 1.000000000000
