#Configurational_file created 2018-09-14 13:51:17  started 2018-09-14 13:51:16 run for 1.0s steps 0
name: gc_550
step: 10000
specie: 19
	particle_diameter: 1.0000000000000000
	interaction_length: 1.2000000000000000
	number_of_patches: 3
	number_of_particles_per_compound: 1
	rod_length: 1.0000000000000000
	interaction_matrix:  1.000000 1.000000 1.000000 1.000000 1.000000 1.000000 1.000000 1.000000 1.000000
	patch_type: symmetric
	patch_width: 8.0000000000000000
	patch_angle: 0.0000000000000000
	angles:  0.000000 0.000000 0.000000
	grand_canonical: 1
	chemical_potential: -0.5172410000000000
box: 10.000000 10.000000
copy: 1.000000 1.000000
epsilon: 0.1551730000000000
end_epsilon: 0.0000000000000000
pressure: 1.0000000000000000
lambda: 0.0000000000000000
lambda_coupling: 1.0000000000000000
uy: 0.0000000000000000
maximum_displacement: 1.0000000000000000
maximum_rotation: 1.0000000000000000
maximum_volume: 0.0000001000000000
maximum_shape: 0.0000001000000000
maximum_dsigma: 0.0100000000000000
mod: 10
pmod: 10
optimize: 1
verbose: 1
snapshot: 0
display: 1
explore: 1
npt: 0
nptxy: 0
nptdxdy: 0
shape: 0
seed: 628141
3.127734814130 5.340239759789 0.000000000000 1.000000000000
10.459386527376 -4.505068152350 0.866025403784 0.500000000000
6.637173426769 2.997809963722 0.866025403784 0.500000000000
40.966493302754 6.463965481001 0.866025403784 0.500000000000
11.859229757315 -10.399041247876 0.000000000000 1.000000000000
5.280845642976 -8.596819273601 0.866025403784 0.500000000000
-1.002062084139 3.190526612324 0.000000000000 1.000000000000
6.823124498323 1.950283311851 0.866025403784 0.500000000000
-1.942357514668 -0.825409242681 0.866025403784 -0.500000000000
3.150643191669 6.340371790315 0.866025403784 0.500000000000
24.645873049105 4.790546810188 0.000000000000 1.000000000000
3.411709499060 2.885030519642 0.866025403784 -0.500000000000
-10.510269971661 0.308845631676 0.866025403784 0.500000000000
-5.149668085732 5.110829552694 0.866025403784 -0.500000000000
5.218239316924 8.879653714147 0.866025403784 -0.500000000000
10.346725524159 -2.009070382402 0.000000000000 1.000000000000
17.813989667368 1.258163235952 0.866025403784 -0.500000000000
8.450717166909 0.323362094341 0.866025403784 -0.500000000000
6.820985243087 0.578445694771 0.866025403784 0.500000000000
