#Configurational_file created 2018-09-14 13:50:52  started 2018-09-14 13:50:52 run for 0.0s steps 0
name: gc_520
step: 10000
specie: 17
	particle_diameter: 1.0000000000000000
	interaction_length: 1.2000000000000000
	number_of_patches: 3
	number_of_particles_per_compound: 1
	rod_length: 1.0000000000000000
	interaction_matrix:  1.000000 1.000000 1.000000 1.000000 1.000000 1.000000 1.000000 1.000000 1.000000
	patch_type: symmetric
	patch_width: 8.0000000000000000
	patch_angle: 0.0000000000000000
	angles:  0.000000 0.000000 0.000000
	grand_canonical: 1
	chemical_potential: -0.6551720000000000
box: 10.000000 10.000000
copy: 1.000000 1.000000
epsilon: 0.1551730000000000
end_epsilon: 0.0000000000000000
pressure: 1.0000000000000000
lambda: 0.0000000000000000
lambda_coupling: 1.0000000000000000
uy: 0.0000000000000000
maximum_displacement: 1.0000000000000000
maximum_rotation: 1.0000000000000000
maximum_volume: 0.0000001000000000
maximum_shape: 0.0000001000000000
maximum_dsigma: 0.0100000000000000
mod: 10
pmod: 10
optimize: 1
verbose: 1
snapshot: 0
display: 1
explore: 1
npt: 0
nptxy: 0
nptdxdy: 0
shape: 0
seed: 594031
3.032348412035 9.237949395143 0.866025403784 -0.500000000000
19.017221834780 1.944274367073 0.000000000000 1.000000000000
4.311332515005 -6.230535653021 0.866025403784 0.500000000000
0.040525249859 -1.982919548379 0.866025403784 -0.500000000000
-4.586882609034 9.550975734597 0.000000000000 1.000000000000
13.934369957024 -2.513467940503 0.000000000000 1.000000000000
-0.447477204186 8.906653824487 0.866025403784 -0.500000000000
18.698961261584 -1.135265900060 0.866025403784 0.500000000000
-2.914094434637 17.984864768348 0.866025403784 0.500000000000
8.713691546224 13.168824971734 0.866025403784 0.500000000000
-14.028710592502 6.943463030552 0.866025403784 -0.500000000000
-7.501256603210 16.860544156683 0.000000000000 1.000000000000
-0.343512981774 4.501752555922 0.000000000000 1.000000000000
5.942419928001 9.827578417079 0.866025403784 -0.500000000000
6.546338268175 14.334053908703 0.866025403784 -0.500000000000
1.384580214560 -8.644553499101 0.000000000000 1.000000000000
2.571833532391 2.089970914696 0.000000000000 1.000000000000
