#Configurational_file created 2018-09-14 13:51:25  started 2018-09-14 13:51:24 run for 1.0s steps 0
name: gc_560
step: 10000
specie: 18
	particle_diameter: 1.0000000000000000
	interaction_length: 1.2000000000000000
	number_of_patches: 3
	number_of_particles_per_compound: 1
	rod_length: 1.0000000000000000
	interaction_matrix:  1.000000 1.000000 1.000000 1.000000 1.000000 1.000000 1.000000 1.000000 1.000000
	patch_type: symmetric
	patch_width: 8.0000000000000000
	patch_angle: 0.0000000000000000
	angles:  0.000000 0.000000 0.000000
	grand_canonical: 1
	chemical_potential: -0.5172410000000000
box: 10.000000 10.000000
copy: 1.000000 1.000000
epsilon: 0.3275870000000000
end_epsilon: 0.0000000000000000
pressure: 1.0000000000000000
lambda: 0.0000000000000000
lambda_coupling: 1.0000000000000000
uy: 0.0000000000000000
maximum_displacement: 1.0000000000000000
maximum_rotation: 1.0000000000000000
maximum_volume: 0.0000001000000000
maximum_shape: 0.0000001000000000
maximum_dsigma: 0.0100000000000000
mod: 10
pmod: 10
optimize: 1
verbose: 1
snapshot: 0
display: 1
explore: 1
npt: 0
nptxy: 0
nptdxdy: 0
shape: 0
seed: 639511
-9.458395060718 18.281942118313 0.866025403784 -0.500000000000
22.623760095979 -0.195122202857 0.866025403784 0.500000000000
2.377879880129 5.295500308646 0.866025403784 -0.500000000000
-3.926713987154 8.639446868105 0.866025403784 0.500000000000
13.214748801901 -5.215485339082 0.866025403784 0.500000000000
-5.158390391105 6.922971060818 0.866025403784 -0.500000000000
1.433807885141 18.543589832965 0.000000000000 1.000000000000
9.182607739575 -3.417686186788 0.866025403784 -0.500000000000
4.154006754578 -0.690748979080 0.000000000000 1.000000000000
6.193402190684 10.569569029972 0.000000000000 1.000000000000
19.416543743151 5.274777363871 0.000000000000 1.000000000000
8.674472142943 13.749934398645 0.866025403784 0.500000000000
-21.362735455508 15.207033008104 0.866025403784 -0.500000000000
-3.531594776857 11.224494057600 0.866025403784 -0.500000000000
8.307397846353 2.549051811264 0.000000000000 1.000000000000
-12.787912758457 -4.568753697332 0.000000000000 1.000000000000
1.867046505051 3.362378835924 0.866025403784 -0.500000000000
0.450184736657 10.549011176884 0.000000000000 1.000000000000
