#Configurational_file created 2018-09-14 13:50:46  started 2018-09-14 13:50:45 run for 1.0s steps 0
name: gc_512
step: 10000
specie: 21
	particle_diameter: 1.0000000000000000
	interaction_length: 1.2000000000000000
	number_of_patches: 3
	number_of_particles_per_compound: 1
	rod_length: 1.0000000000000000
	interaction_matrix:  1.000000 1.000000 1.000000 1.000000 1.000000 1.000000 1.000000 1.000000 1.000000
	patch_type: symmetric
	patch_width: 8.0000000000000000
	patch_angle: 0.0000000000000000
	angles:  0.000000 0.000000 0.000000
	grand_canonical: 1
	chemical_potential: -0.6551720000000000
box: 10.000000 10.000000
copy: 1.000000 1.000000
epsilon: 0.0172420000000000
end_epsilon: 0.0000000000000000
pressure: 1.0000000000000000
lambda: 0.0000000000000000
lambda_coupling: 1.0000000000000000
uy: 0.0000000000000000
maximum_displacement: 1.0000000000000000
maximum_rotation: 1.0000000000000000
maximum_volume: 0.0000001000000000
maximum_shape: 0.0000001000000000
maximum_dsigma: 0.0100000000000000
mod: 10
pmod: 10
optimize: 1
verbose: 1
snapshot: 0
display: 1
explore: 1
npt: 0
nptxy: 0
nptdxdy: 0
shape: 0
seed: 584935
-3.597260971477 2.154877958138 0.866025403784 0.500000000000
0.765476960406 9.406606158772 0.000000000000 1.000000000000
1.169016485358 4.500502484552 0.866025403784 0.500000000000
-17.929676339213 7.634713636771 0.000000000000 1.000000000000
6.240738019630 -3.342149483883 0.866025403784 -0.500000000000
-5.018312993664 10.606760485890 0.866025403784 -0.500000000000
9.620536762570 7.380517410834 0.000000000000 1.000000000000
-3.759804004488 -9.685901812132 0.866025403784 -0.500000000000
-0.546868020865 10.003755958923 0.866025403784 0.500000000000
3.176239121037 0.452777974892 0.866025403784 -0.500000000000
7.709651357423 2.827594261161 0.866025403784 -0.500000000000
0.890600437189 6.260910683369 0.000000000000 1.000000000000
6.350967205822 -0.389351598229 0.000000000000 1.000000000000
-1.530484139441 0.526130973255 0.866025403784 -0.500000000000
23.901749219551 12.253083093586 0.866025403784 -0.500000000000
5.147787943477 17.180182746326 0.866025403784 0.500000000000
8.044044526068 8.250221541692 0.866025403784 -0.500000000000
7.024748212718 4.447502698514 0.866025403784 0.500000000000
9.964305474600 5.393629396248 0.866025403784 -0.500000000000
0.590996312680 0.711858850433 0.000000000000 1.000000000000
9.343500215017 8.787807512110 0.000000000000 1.000000000000
