#Configurational_file created 2018-09-14 13:51:04  started 2018-09-14 13:51:03 run for 1.0s steps 0
name: gc_534
step: 10000
specie: 22
	particle_diameter: 1.0000000000000000
	interaction_length: 1.2000000000000000
	number_of_patches: 3
	number_of_particles_per_compound: 1
	rod_length: 1.0000000000000000
	interaction_matrix:  1.000000 1.000000 1.000000 1.000000 1.000000 1.000000 1.000000 1.000000 1.000000
	patch_type: symmetric
	patch_width: 8.0000000000000000
	patch_angle: 0.0000000000000000
	angles:  0.000000 0.000000 0.000000
	grand_canonical: 1
	chemical_potential: -0.6551720000000000
box: 10.000000 10.000000
copy: 1.000000 1.000000
epsilon: 0.3965520000000000
end_epsilon: 0.0000000000000000
pressure: 1.0000000000000000
lambda: 0.0000000000000000
lambda_coupling: 1.0000000000000000
uy: 0.0000000000000000
maximum_displacement: 1.0000000000000000
maximum_rotation: 1.0000000000000000
maximum_volume: 0.0000001000000000
maximum_shape: 0.0000001000000000
maximum_dsigma: 0.0100000000000000
mod: 10
pmod: 10
optimize: 1
verbose: 1
snapshot: 0
display: 1
explore: 1
npt: 0
nptxy: 0
nptdxdy: 0
shape: 0
seed: 609949
10.307067071700 -12.171983061116 0.866025403784 -0.500000000000
-4.907776984550 -8.166332658691 0.866025403784 -0.500000000000
6.601803242474 0.989701635203 0.866025403784 0.500000000000
1.379537448817 8.552372822857 0.866025403784 0.500000000000
3.465817657381 9.374586041190 0.000000000000 1.000000000000
-2.990310706746 -1.969277827806 0.866025403784 0.500000000000
-7.364160017079 9.802117266845 0.866025403784 0.500000000000
4.010968244696 14.638839862312 0.866025403784 0.500000000000
-11.466561166246 -10.579185356467 0.000000000000 1.000000000000
2.144582275381 18.921685651621 0.000000000000 1.000000000000
3.632185165916 13.252024546798 0.866025403784 0.500000000000
7.499786974075 -0.176820147358 0.866025403784 0.500000000000
22.308354182554 -14.750559260266 0.866025403784 -0.500000000000
11.911970126311 12.990364012353 0.866025403784 -0.500000000000
8.143712317375 -2.865687450771 0.866025403784 0.500000000000
1.336978133405 -3.060766918847 0.866025403784 0.500000000000
9.297459246815 7.605923535854 0.000000000000 1.000000000000
3.776519002527 11.489861726167 0.866025403784 -0.500000000000
14.264822594820 10.611699784570 0.866025403784 -0.500000000000
7.262483951521 5.558881354498 0.000000000000 1.000000000000
5.070018337919 13.106740665680 0.866025403784 -0.500000000000
5.754534243944 5.715084025744 0.866025403784 0.500000000000
