#Configurational_file created 2018-09-14 13:50:37  started 2018-09-14 13:50:36 run for 1.0s steps 0
name: gc_501
step: 10000
specie: 16
	particle_diameter: 1.0000000000000000
	interaction_length: 1.2000000000000000
	number_of_patches: 3
	number_of_particles_per_compound: 1
	rod_length: 1.0000000000000000
	interaction_matrix:  1.000000 1.000000 1.000000 1.000000 1.000000 1.000000 1.000000 1.000000 1.000000
	patch_type: symmetric
	patch_width: 8.0000000000000000
	patch_angle: 0.0000000000000000
	angles:  0.000000 0.000000 0.000000
	grand_canonical: 1
	chemical_potential: -0.7931030000000000
box: 10.000000 10.000000
copy: 1.000000 1.000000
epsilon: 0.3448280000000000
end_epsilon: 0.0000000000000000
pressure: 1.0000000000000000
lambda: 0.0000000000000000
lambda_coupling: 1.0000000000000000
uy: 0.0000000000000000
maximum_displacement: 1.0000000000000000
maximum_rotation: 1.0000000000000000
maximum_volume: 0.0000001000000000
maximum_shape: 0.0000001000000000
maximum_dsigma: 0.0100000000000000
mod: 10
pmod: 10
optimize: 1
verbose: 1
snapshot: 0
display: 1
explore: 1
npt: 0
nptxy: 0
nptdxdy: 0
shape: 0
seed: 572428
13.824569100020 6.231724102178 0.000000000000 1.000000000000
4.220702962215 7.102729455368 0.866025403784 -0.500000000000
3.310131327797 21.661955828028 0.866025403784 0.500000000000
-5.007554325646 18.264668472383 0.000000000000 1.000000000000
15.449354446001 3.929862779806 0.866025403784 -0.500000000000
0.494011150779 3.111050394736 0.866025403784 -0.500000000000
1.604460148956 7.128620641537 0.866025403784 -0.500000000000
4.950034967648 1.581288508908 0.866025403784 -0.500000000000
26.584287858433 -12.124213508584 0.866025403784 -0.500000000000
7.763648695579 2.922685020883 0.866025403784 0.500000000000
-7.301564098641 9.489401030783 0.866025403784 -0.500000000000
-21.743866977809 7.092280487693 0.866025403784 0.500000000000
-7.989266793418 3.567499885207 0.866025403784 0.500000000000
10.974113845561 -0.249216885866 0.866025403784 -0.500000000000
13.302152528081 -5.864527634134 0.000000000000 1.000000000000
7.463432606556 7.324606761778 0.866025403784 -0.500000000000
