#Configurational_file created 2018-09-14 13:51:19  started 2018-09-14 13:51:18 run for 1.0s steps 0
name: gc_552
step: 10000
specie: 17
	particle_diameter: 1.0000000000000000
	interaction_length: 1.2000000000000000
	number_of_patches: 3
	number_of_particles_per_compound: 1
	rod_length: 1.0000000000000000
	interaction_matrix:  1.000000 1.000000 1.000000 1.000000 1.000000 1.000000 1.000000 1.000000 1.000000
	patch_type: symmetric
	patch_width: 8.0000000000000000
	patch_angle: 0.0000000000000000
	angles:  0.000000 0.000000 0.000000
	grand_canonical: 1
	chemical_potential: -0.5172410000000000
box: 10.000000 10.000000
copy: 1.000000 1.000000
epsilon: 0.1896560000000000
end_epsilon: 0.0000000000000000
pressure: 1.0000000000000000
lambda: 0.0000000000000000
lambda_coupling: 1.0000000000000000
uy: 0.0000000000000000
maximum_displacement: 1.0000000000000000
maximum_rotation: 1.0000000000000000
maximum_volume: 0.0000001000000000
maximum_shape: 0.0000001000000000
maximum_dsigma: 0.0100000000000000
mod: 10
pmod: 10
optimize: 1
verbose: 1
snapshot: 0
display: 1
explore: 1
npt: 0
nptxy: 0
nptdxdy: 0
shape: 0
seed: 630415
-19.559555750779 27.628395241283 0.000000000000 1.000000000000
-2.091549005541 -7.033583054640 0.866025403784 0.500000000000
14.900376672454 1.804928552478 0.866025403784 0.500000000000
-14.554111672342 -15.420386778795 0.866025403784 0.500000000000
-4.422321055892 0.232712724911 0.866025403784 0.500000000000
-5.318352387284 -2.089689699066 0.000000000000 1.000000000000
14.360607944249 0.162836184782 0.866025403784 -0.500000000000
-12.366418667732 -5.338301876450 0.866025403784 -0.500000000000
-0.528302175793 1.754932470122 0.866025403784 -0.500000000000
13.458293571542 -3.204641708420 0.866025403784 -0.500000000000
1.608601000852 10.160718280849 0.866025403784 -0.500000000000
1.542883563531 -26.756366056927 0.866025403784 -0.500000000000
3.268934079850 4.893599246488 0.000000000000 1.000000000000
10.543836283927 -11.437190065264 0.866025403784 -0.500000000000
2.492525441908 8.917775232750 0.866025403784 0.500000000000
8.294357973730 1.651856418845 0.866025403784 0.500000000000
5.493877181682 6.191927858283 0.866025403784 0.500000000000
