#Configurational_file created 2018-09-14 13:52:12  started 2018-09-14 13:52:11 run for 1.0s steps 0
name: gc_615
step: 10000
specie: 22
	particle_diameter: 1.0000000000000000
	interaction_length: 1.2000000000000000
	number_of_patches: 3
	number_of_particles_per_compound: 1
	rod_length: 1.0000000000000000
	interaction_matrix:  1.000000 1.000000 1.000000 1.000000 1.000000 1.000000 1.000000 1.000000 1.000000
	patch_type: symmetric
	patch_width: 8.0000000000000000
	patch_angle: 0.0000000000000000
	angles:  0.000000 0.000000 0.000000
	grand_canonical: 1
	chemical_potential: -0.2413790000000000
box: 10.000000 10.000000
copy: 1.000000 1.000000
epsilon: 0.2413800000000000
end_epsilon: 0.0000000000000000
pressure: 1.0000000000000000
lambda: 0.0000000000000000
lambda_coupling: 1.0000000000000000
uy: 0.0000000000000000
maximum_displacement: 1.0000000000000000
maximum_rotation: 1.0000000000000000
maximum_volume: 0.0000001000000000
maximum_shape: 0.0000001000000000
maximum_dsigma: 0.0100000000000000
mod: 10
pmod: 10
optimize: 1
verbose: 1
snapshot: 0
display: 1
explore: 1
npt: 0
nptxy: 0
nptdxdy: 0
shape: 0
seed: 702046
23.994891325773 -13.262052561156 0.866025403784 -0.500000000000
12.122455102379 15.595718694146 0.866025403784 0.500000000000
7.543987211513 1.083862249079 0.866025403784 -0.500000000000
12.589902164889 3.390604908450 0.000000000000 1.000000000000
12.317925912670 9.583126563759 0.866025403784 -0.500000000000
0.100224536135 23.939181274019 0.866025403784 -0.500000000000
-4.443066339545 11.392409991085 0.000000000000 1.000000000000
13.281809780415 -1.427578308312 0.000000000000 1.000000000000
5.385891982178 2.288668348919 0.866025403784 -0.500000000000
7.493918993765 2.926338208952 0.866025403784 0.500000000000
3.943120639038 5.440444035744 0.000000000000 1.000000000000
19.015303219725 0.903356617080 0.866025403784 0.500000000000
0.585724572655 5.600991140542 0.000000000000 1.000000000000
1.485000922337 2.001501583848 0.866025403784 0.500000000000
-4.148114740962 -2.293078715858 0.000000000000 1.000000000000
10.279250871199 8.590927783677 0.000000000000 1.000000000000
11.160030048995 9.251516684829 0.866025403784 -0.500000000000
8.186841649972 -2.248357821400 0.000000000000 1.000000000000
-0.801298613066 -14.440778863373 0.866025403784 0.500000000000
7.081089953042 4.950663567257 0.866025403784 0.500000000000
-2.075028615110 0.271687897930 0.866025403784 0.500000000000
5.136172598006 10.374988060734 0.866025403784 0.500000000000
