#Configurational_file created 2018-09-14 13:45:37  started 2018-09-14 13:45:37 run for 0.0s steps 0
name: gc_62
step: 10000
specie: 11
	particle_diameter: 1.0000000000000000
	interaction_length: 1.2000000000000000
	number_of_patches: 3
	number_of_particles_per_compound: 1
	rod_length: 1.0000000000000000
	interaction_matrix:  1.000000 1.000000 1.000000 1.000000 1.000000 1.000000 1.000000 1.000000 1.000000
	patch_type: symmetric
	patch_width: 8.0000000000000000
	patch_angle: 0.0000000000000000
	angles:  0.000000 0.000000 0.000000
	grand_canonical: 1
	chemical_potential: -2.7241379999999999
box: 10.000000 10.000000
copy: 1.000000 1.000000
epsilon: 0.0172420000000000
end_epsilon: 0.0000000000000000
pressure: 1.0000000000000000
lambda: 0.0000000000000000
lambda_coupling: 1.0000000000000000
uy: 0.0000000000000000
maximum_displacement: 1.0000000000000000
maximum_rotation: 1.0000000000000000
maximum_volume: 0.0000001000000000
maximum_shape: 0.0000001000000000
maximum_dsigma: 0.0100000000000000
mod: 10
pmod: 10
optimize: 1
verbose: 1
snapshot: 0
display: 1
explore: 1
npt: 0
nptxy: 0
nptdxdy: 0
shape: 0
seed: 73285
9.385614022261 -3.247190862145 0.866025403784 -0.500000000000
13.832558106656 6.248699844184 0.866025403784 -0.500000000000
5.437680814215 -0.555407902716 0.866025403784 0.500000000000
4.241168150354 9.709522587402 0.866025403784 0.500000000000
1.435526336642 13.026901930215 0.866025403784 -0.500000000000
0.231943640754 1.182283325104 0.866025403784 -0.500000000000
-0.245290731342 10.683059576567 0.000000000000 1.000000000000
0.980962485266 2.134507523986 0.000000000000 1.000000000000
7.148391697444 11.231965603941 0.866025403784 0.500000000000
13.224613579831 5.573529364264 0.866025403784 0.500000000000
8.787419057844 5.460445122102 0.000000000000 1.000000000000
