#Configurational_file created 2018-09-14 13:45:42  started 2018-09-14 13:45:41 run for 1.0s steps 0
name: gc_69
step: 10000
specie: 7
	particle_diameter: 1.0000000000000000
	interaction_length: 1.2000000000000000
	number_of_patches: 3
	number_of_particles_per_compound: 1
	rod_length: 1.0000000000000000
	interaction_matrix:  1.000000 1.000000 1.000000 1.000000 1.000000 1.000000 1.000000 1.000000 1.000000
	patch_type: symmetric
	patch_width: 8.0000000000000000
	patch_angle: 0.0000000000000000
	angles:  0.000000 0.000000 0.000000
	grand_canonical: 1
	chemical_potential: -2.7241379999999999
box: 10.000000 10.000000
copy: 1.000000 1.000000
epsilon: 0.1379320000000000
end_epsilon: 0.0000000000000000
pressure: 1.0000000000000000
lambda: 0.0000000000000000
lambda_coupling: 1.0000000000000000
uy: 0.0000000000000000
maximum_displacement: 1.0000000000000000
maximum_rotation: 1.0000000000000000
maximum_volume: 0.0000001000000000
maximum_shape: 0.0000001000000000
maximum_dsigma: 0.0100000000000000
mod: 10
pmod: 10
optimize: 1
verbose: 1
snapshot: 0
display: 1
explore: 1
npt: 0
nptxy: 0
nptdxdy: 0
shape: 0
seed: 81244
8.537382267831 -1.977777870835 0.866025403784 -0.500000000000
7.649620566795 5.384201981476 0.000000000000 1.000000000000
4.821040958972 8.348081754131 0.866025403784 -0.500000000000
-0.005540440932 6.840717718062 0.866025403784 -0.500000000000
10.474048881767 14.449002041278 0.000000000000 1.000000000000
4.309589181885 3.467448317891 0.866025403784 0.500000000000
3.336442062354 8.524577739285 0.866025403784 0.500000000000
