#Configurational_file created 2018-09-14 13:52:20  started 2018-09-14 13:52:19 run for 1.0s steps 0
name: gc_624
step: 10000
specie: 20
	particle_diameter: 1.0000000000000000
	interaction_length: 1.2000000000000000
	number_of_patches: 3
	number_of_particles_per_compound: 1
	rod_length: 1.0000000000000000
	interaction_matrix:  1.000000 1.000000 1.000000 1.000000 1.000000 1.000000 1.000000 1.000000 1.000000
	patch_type: symmetric
	patch_width: 8.0000000000000000
	patch_angle: 0.0000000000000000
	angles:  0.000000 0.000000 0.000000
	grand_canonical: 1
	chemical_potential: -0.2413790000000000
box: 10.000000 10.000000
copy: 1.000000 1.000000
epsilon: 0.3965520000000000
end_epsilon: 0.0000000000000000
pressure: 1.0000000000000000
lambda: 0.0000000000000000
lambda_coupling: 1.0000000000000000
uy: 0.0000000000000000
maximum_displacement: 1.0000000000000000
maximum_rotation: 1.0000000000000000
maximum_volume: 0.0000001000000000
maximum_shape: 0.0000001000000000
maximum_dsigma: 0.0100000000000000
mod: 10
pmod: 10
optimize: 1
verbose: 1
snapshot: 0
display: 1
explore: 1
npt: 0
nptxy: 0
nptdxdy: 0
shape: 0
seed: 712279
16.032289903187 -6.409357585278 0.866025403784 -0.500000000000
8.852729442345 1.810982527687 0.866025403784 0.500000000000
9.264468412276 18.134124399186 0.866025403784 0.500000000000
7.446190009747 -2.047115326555 0.000000000000 1.000000000000
8.444095501688 0.832825070665 0.000000000000 1.000000000000
-5.478114030199 6.677536410300 0.866025403784 -0.500000000000
12.382734926814 5.449582159481 0.866025403784 -0.500000000000
2.547736984150 3.616204491619 0.000000000000 1.000000000000
3.429929336152 14.956284681403 0.866025403784 0.500000000000
22.437063227118 30.991780737848 0.866025403784 -0.500000000000
6.202582271201 8.696089230115 0.866025403784 -0.500000000000
3.899181007387 -0.478275752884 0.000000000000 1.000000000000
-7.399965045575 7.625775494823 0.000000000000 1.000000000000
9.056592054290 4.633290527766 0.866025403784 0.500000000000
5.211685270581 9.695293698446 0.866025403784 -0.500000000000
0.869484280688 21.464566015782 0.000000000000 1.000000000000
5.562936888646 1.110909960036 0.000000000000 1.000000000000
-3.481506568397 -17.518532628113 0.000000000000 1.000000000000
18.088182951866 -4.608512108768 0.866025403784 -0.500000000000
18.594919561470 13.409816376114 0.000000000000 1.000000000000
