#Configurational_file created 2018-09-14 13:52:18  started 2018-09-14 13:52:17 run for 1.0s steps 0
name: gc_622
step: 10000
specie: 19
	particle_diameter: 1.0000000000000000
	interaction_length: 1.2000000000000000
	number_of_patches: 3
	number_of_particles_per_compound: 1
	rod_length: 1.0000000000000000
	interaction_matrix:  1.000000 1.000000 1.000000 1.000000 1.000000 1.000000 1.000000 1.000000 1.000000
	patch_type: symmetric
	patch_width: 8.0000000000000000
	patch_angle: 0.0000000000000000
	angles:  0.000000 0.000000 0.000000
	grand_canonical: 1
	chemical_potential: -0.2413790000000000
box: 10.000000 10.000000
copy: 1.000000 1.000000
epsilon: 0.3620690000000000
end_epsilon: 0.0000000000000000
pressure: 1.0000000000000000
lambda: 0.0000000000000000
lambda_coupling: 1.0000000000000000
uy: 0.0000000000000000
maximum_displacement: 1.0000000000000000
maximum_rotation: 1.0000000000000000
maximum_volume: 0.0000001000000000
maximum_shape: 0.0000001000000000
maximum_dsigma: 0.0100000000000000
mod: 10
pmod: 10
optimize: 1
verbose: 1
snapshot: 0
display: 1
explore: 1
npt: 0
nptxy: 0
nptdxdy: 0
shape: 0
seed: 710005
-7.947675977459 -4.597276377510 0.866025403784 -0.500000000000
9.338493110774 -0.842652526130 0.866025403784 -0.500000000000
3.057096464295 9.891170248677 0.866025403784 -0.500000000000
-1.799280878618 -12.535387420858 0.866025403784 -0.500000000000
8.948925106906 3.693284230237 0.866025403784 -0.500000000000
14.690162461143 9.978023941680 0.000000000000 1.000000000000
-10.986920950455 22.240333297340 0.000000000000 1.000000000000
0.227278140604 -2.565775712932 0.000000000000 1.000000000000
-6.650993952622 -3.449513494808 0.000000000000 1.000000000000
17.161785887979 17.761555867889 0.866025403784 -0.500000000000
27.754703674309 16.136442400565 0.866025403784 -0.500000000000
-5.832595454637 15.163696111394 0.000000000000 1.000000000000
-7.003351897176 -2.310076507098 0.866025403784 -0.500000000000
6.811711073098 2.771263527189 0.000000000000 1.000000000000
-4.761991056982 -2.953999408185 0.866025403784 0.500000000000
0.620406815657 -0.162446172179 0.866025403784 -0.500000000000
9.638955211539 8.086237737664 0.866025403784 0.500000000000
6.041003109776 8.406986315201 0.866025403784 -0.500000000000
8.386519974868 1.803040636723 0.866025403784 0.500000000000
