#Configurational_file created 2018-09-14 13:52:11  started 2018-09-14 13:52:10 run for 1.0s steps 0
name: gc_614
step: 10000
specie: 21
	particle_diameter: 1.0000000000000000
	interaction_length: 1.2000000000000000
	number_of_patches: 3
	number_of_particles_per_compound: 1
	rod_length: 1.0000000000000000
	interaction_matrix:  1.000000 1.000000 1.000000 1.000000 1.000000 1.000000 1.000000 1.000000 1.000000
	patch_type: symmetric
	patch_width: 8.0000000000000000
	patch_angle: 0.0000000000000000
	angles:  0.000000 0.000000 0.000000
	grand_canonical: 1
	chemical_potential: -0.2413790000000000
box: 10.000000 10.000000
copy: 1.000000 1.000000
epsilon: 0.2241380000000000
end_epsilon: 0.0000000000000000
pressure: 1.0000000000000000
lambda: 0.0000000000000000
lambda_coupling: 1.0000000000000000
uy: 0.0000000000000000
maximum_displacement: 1.0000000000000000
maximum_rotation: 1.0000000000000000
maximum_volume: 0.0000001000000000
maximum_shape: 0.0000001000000000
maximum_dsigma: 0.0100000000000000
mod: 10
pmod: 10
optimize: 1
verbose: 1
snapshot: 0
display: 1
explore: 1
npt: 0
nptxy: 0
nptdxdy: 0
shape: 0
seed: 700909
-0.100882296256 5.492163249528 0.866025403784 0.500000000000
3.424080756490 1.012636799653 0.866025403784 -0.500000000000
2.895370464128 -5.814724201716 0.866025403784 -0.500000000000
7.014307073483 9.598055454422 0.000000000000 1.000000000000
4.455360914122 -0.565150628788 0.000000000000 1.000000000000
-8.925732054167 -5.166315584694 0.866025403784 -0.500000000000
-2.655485553705 2.260992665130 0.866025403784 -0.500000000000
2.806117808096 8.899673679836 0.866025403784 -0.500000000000
-2.127286523726 8.007669249636 0.000000000000 1.000000000000
-3.779866837628 6.349283029543 0.000000000000 1.000000000000
-10.539532411781 16.425481103344 0.866025403784 0.500000000000
22.821662170924 -2.150096368097 0.000000000000 1.000000000000
18.257860686480 13.126897872077 0.000000000000 1.000000000000
1.005647268538 9.675108458799 0.866025403784 0.500000000000
4.123778237847 19.500891271797 0.866025403784 -0.500000000000
-2.859394993397 0.756357340209 0.866025403784 -0.500000000000
0.980680442755 8.045555344289 0.866025403784 -0.500000000000
0.944786303490 1.043476168805 0.866025403784 0.500000000000
19.474460151940 7.886031291904 0.866025403784 -0.500000000000
-6.129970809145 2.651648832195 0.000000000000 1.000000000000
-0.191859234673 11.607141944792 0.866025403784 0.500000000000
