#Configurational_file created 2018-09-14 11:49:59  started 2018-09-14 11:49:59 run for 0.0s steps 0
name: gc_69
step: 10000
specie: 11
	particle_diameter: 1.0000000000000000
	interaction_length: 1.2000000000000000
	number_of_patches: 3
	number_of_particles_per_compound: 1
	rod_length: 1.0000000000000000
	interaction_matrix:  1.000000 1.000000 1.000000 1.000000 1.000000 1.000000 1.000000 1.000000 1.000000
	patch_type: symmetric
	patch_width: 8.0000000000000000
	patch_angle: 0.0000000000000000
	angles:  0.000000 0.000000 0.000000
	grand_canonical: 1
	chemical_potential: -2.6666669999999999
box: 10.000000 10.000000
copy: 1.000000 1.000000
epsilon: 0.0750000000000000
end_epsilon: 0.0000000000000000
pressure: 1.0000000000000000
lambda: 0.0000000000000000
lambda_coupling: 1.0000000000000000
uy: 0.0000000000000000
maximum_displacement: 1.0000000000000000
maximum_rotation: 1.0000000000000000
maximum_volume: 0.0000001000000000
maximum_shape: 0.0000001000000000
maximum_dsigma: 0.0100000000000000
mod: 10
pmod: 10
optimize: 1
verbose: 1
snapshot: 0
display: 1
explore: 1
npt: 0
nptxy: 0
nptdxdy: 0
shape: 0
seed: 81244
2.485455526252 4.882629095578 0.000000000000 1.000000000000
7.750886051864 -2.893728359835 0.866025403784 0.500000000000
-1.198780562176 10.587325301949 0.000000000000 1.000000000000
-1.170414065833 13.983172380367 0.866025403784 -0.500000000000
0.127872377160 6.752295326388 0.866025403784 0.500000000000
14.132045319315 7.804895373601 0.866025403784 0.500000000000
-6.236629812091 9.135234273005 0.000000000000 1.000000000000
3.059186551525 11.494282519700 0.000000000000 1.000000000000
2.624761247531 -0.412014745589 0.000000000000 1.000000000000
1.567317028415 10.367505683998 0.866025403784 0.500000000000
6.059507233639 6.553563928751 0.000000000000 1.000000000000
