#Configurational_file created 2018-09-14 13:52:07  started 2018-09-14 13:52:06 run for 1.0s steps 0
name: gc_609
step: 10000
specie: 22
	particle_diameter: 1.0000000000000000
	interaction_length: 1.2000000000000000
	number_of_patches: 3
	number_of_particles_per_compound: 1
	rod_length: 1.0000000000000000
	interaction_matrix:  1.000000 1.000000 1.000000 1.000000 1.000000 1.000000 1.000000 1.000000 1.000000
	patch_type: symmetric
	patch_width: 8.0000000000000000
	patch_angle: 0.0000000000000000
	angles:  0.000000 0.000000 0.000000
	grand_canonical: 1
	chemical_potential: -0.2413790000000000
box: 10.000000 10.000000
copy: 1.000000 1.000000
epsilon: 0.1379320000000000
end_epsilon: 0.0000000000000000
pressure: 1.0000000000000000
lambda: 0.0000000000000000
lambda_coupling: 1.0000000000000000
uy: 0.0000000000000000
maximum_displacement: 1.0000000000000000
maximum_rotation: 1.0000000000000000
maximum_volume: 0.0000001000000000
maximum_shape: 0.0000001000000000
maximum_dsigma: 0.0100000000000000
mod: 10
pmod: 10
optimize: 1
verbose: 1
snapshot: 0
display: 1
explore: 1
npt: 0
nptxy: 0
nptdxdy: 0
shape: 0
seed: 695224
5.715564646390 -15.740610722863 0.000000000000 1.000000000000
2.681100799753 4.242488181434 0.866025403784 0.500000000000
1.091368530845 -0.908289378287 0.000000000000 1.000000000000
7.753374073246 2.789326757367 0.000000000000 1.000000000000
7.571101783618 -1.216906222002 0.866025403784 -0.500000000000
13.265311094926 1.079327856332 0.866025403784 -0.500000000000
1.620176297495 2.376324491750 0.866025403784 -0.500000000000
5.931563532443 6.348108830912 0.866025403784 0.500000000000
7.687556530298 -12.537893428633 0.866025403784 0.500000000000
14.592331445161 8.008667559329 0.866025403784 -0.500000000000
0.106116362965 -5.683902909656 0.866025403784 -0.500000000000
13.475832504826 9.878353865470 0.866025403784 0.500000000000
2.898897227851 8.011593610497 0.000000000000 1.000000000000
41.317597263183 30.142320217526 0.866025403784 -0.500000000000
5.603884861603 -2.317844729437 0.866025403784 0.500000000000
7.716898720386 11.059839206622 0.866025403784 0.500000000000
-10.549242921032 13.541012131259 0.866025403784 -0.500000000000
7.035683379597 5.972671506770 0.866025403784 0.500000000000
11.396301129139 -8.332312255794 0.866025403784 0.500000000000
7.957320860890 4.948987162616 0.000000000000 1.000000000000
5.822587252041 9.745469486999 0.866025403784 -0.500000000000
4.680601096415 1.365040195407 0.866025403784 -0.500000000000
