#Configurational_file created 2018-09-14 13:52:04  started 2018-09-14 13:52:03 run for 1.0s steps 0
name: gc_606
step: 10000
specie: 22
	particle_diameter: 1.0000000000000000
	interaction_length: 1.2000000000000000
	number_of_patches: 3
	number_of_particles_per_compound: 1
	rod_length: 1.0000000000000000
	interaction_matrix:  1.000000 1.000000 1.000000 1.000000 1.000000 1.000000 1.000000 1.000000 1.000000
	patch_type: symmetric
	patch_width: 8.0000000000000000
	patch_angle: 0.0000000000000000
	angles:  0.000000 0.000000 0.000000
	grand_canonical: 1
	chemical_potential: -0.2413790000000000
box: 10.000000 10.000000
copy: 1.000000 1.000000
epsilon: 0.0862080000000000
end_epsilon: 0.0000000000000000
pressure: 1.0000000000000000
lambda: 0.0000000000000000
lambda_coupling: 1.0000000000000000
uy: 0.0000000000000000
maximum_displacement: 1.0000000000000000
maximum_rotation: 1.0000000000000000
maximum_volume: 0.0000001000000000
maximum_shape: 0.0000001000000000
maximum_dsigma: 0.0100000000000000
mod: 10
pmod: 10
optimize: 1
verbose: 1
snapshot: 0
display: 1
explore: 1
npt: 0
nptxy: 0
nptdxdy: 0
shape: 0
seed: 691813
4.553170383071 5.778951431814 0.866025403784 0.500000000000
-2.367163600961 -1.362881934052 0.866025403784 0.500000000000
21.950325429055 -10.084366620692 0.866025403784 0.500000000000
15.079454457174 0.040913631121 0.000000000000 1.000000000000
1.633938568646 11.787790940781 0.866025403784 0.500000000000
-9.533412723662 16.147941857639 0.000000000000 1.000000000000
-6.945060368622 -3.924590704235 0.866025403784 0.500000000000
15.193064830353 -6.047060361305 0.866025403784 0.500000000000
1.231244915671 7.874623106942 0.866025403784 -0.500000000000
9.900232680539 6.073631820898 0.866025403784 -0.500000000000
14.675556474320 2.850068523452 0.866025403784 0.500000000000
28.801914696879 -2.885261657244 0.866025403784 -0.500000000000
10.054396817636 1.235602526625 0.866025403784 0.500000000000
6.887028314960 5.117342491324 0.866025403784 0.500000000000
17.648189213479 2.799392394607 0.866025403784 -0.500000000000
-16.480358961387 10.152606546518 0.000000000000 1.000000000000
3.479402537413 2.708841048481 0.866025403784 0.500000000000
-9.219916961205 3.813605976500 0.866025403784 -0.500000000000
8.780897785980 -0.304516133203 0.000000000000 1.000000000000
5.895367874168 3.784124151424 0.000000000000 1.000000000000
6.597140716205 10.912149270283 0.000000000000 1.000000000000
5.925172036738 2.181364224154 0.000000000000 1.000000000000
