#Configurational_file created 2018-09-14 13:52:15  started 2018-09-14 13:52:15 run for 0.0s steps 0
name: gc_619
step: 10000
specie: 20
	particle_diameter: 1.0000000000000000
	interaction_length: 1.2000000000000000
	number_of_patches: 3
	number_of_particles_per_compound: 1
	rod_length: 1.0000000000000000
	interaction_matrix:  1.000000 1.000000 1.000000 1.000000 1.000000 1.000000 1.000000 1.000000 1.000000
	patch_type: symmetric
	patch_width: 8.0000000000000000
	patch_angle: 0.0000000000000000
	angles:  0.000000 0.000000 0.000000
	grand_canonical: 1
	chemical_potential: -0.2413790000000000
box: 10.000000 10.000000
copy: 1.000000 1.000000
epsilon: 0.3103450000000000
end_epsilon: 0.0000000000000000
pressure: 1.0000000000000000
lambda: 0.0000000000000000
lambda_coupling: 1.0000000000000000
uy: 0.0000000000000000
maximum_displacement: 1.0000000000000000
maximum_rotation: 1.0000000000000000
maximum_volume: 0.0000001000000000
maximum_shape: 0.0000001000000000
maximum_dsigma: 0.0100000000000000
mod: 10
pmod: 10
optimize: 1
verbose: 1
snapshot: 0
display: 1
explore: 1
npt: 0
nptxy: 0
nptdxdy: 0
shape: 0
seed: 706594
-0.441648774679 -2.314981504249 0.866025403784 -0.500000000000
18.741446115134 5.352729450055 0.866025403784 0.500000000000
-0.545902584415 5.236680767655 0.000000000000 1.000000000000
-14.142906600017 6.399970797378 0.000000000000 1.000000000000
5.927339087702 -0.159118516224 0.000000000000 1.000000000000
8.073987698466 8.326724516636 0.866025403784 0.500000000000
-6.259877932003 -7.162629360126 0.866025403784 0.500000000000
12.200383237610 -3.216629182432 0.000000000000 1.000000000000
12.174434874259 10.688872269982 0.866025403784 -0.500000000000
-7.903078829968 2.711088624116 0.000000000000 1.000000000000
14.728027531926 4.782085804536 0.000000000000 1.000000000000
-6.013337879573 20.413167079788 0.000000000000 1.000000000000
9.210438209508 6.816686232472 0.866025403784 0.500000000000
10.794278491739 17.683644292255 0.000000000000 1.000000000000
-1.499194632237 1.671126444110 0.866025403784 -0.500000000000
1.417192921986 9.475483429141 0.866025403784 0.500000000000
24.032313780693 1.656142128548 0.866025403784 0.500000000000
4.416544601119 17.073935957559 0.866025403784 -0.500000000000
25.192273369240 6.397912692926 0.866025403784 -0.500000000000
25.697303520281 -6.835755285286 0.866025403784 -0.500000000000
