#Configurational_file created 2018-09-14 11:22:27  started 2018-09-14 11:22:26 run for 1.0s steps 0
name: gc_76
step: 10000
specie: 7
	particle_diameter: 1.0000000000000000
	interaction_length: 1.2000000000000000
	number_of_patches: 3
	number_of_particles_per_compound: 1
	rod_length: 1.0000000000000000
	interaction_matrix:  1.000000 1.000000 1.000000 1.000000 1.000000 1.000000 1.000000 1.000000 1.000000
	patch_type: symmetric
	patch_width: 8.0000000000000000
	patch_angle: 0.0000000000000000
	angles:  0.000000 0.000000 0.000000
	grand_canonical: 1
	chemical_potential: -2.5000000000000000
box: 10.000000 10.000000
copy: 1.000000 1.000000
epsilon: 0.0001000000000000
end_epsilon: 0.0000000000000000
pressure: 1.0000000000000000
lambda: 0.0000000000000000
lambda_coupling: 1.0000000000000000
uy: 0.0000000000000000
maximum_displacement: 1.0000000000000000
maximum_rotation: 1.0000000000000000
maximum_volume: 0.0000001000000000
maximum_shape: 0.0000001000000000
maximum_dsigma: 0.0100000000000000
mod: 10
pmod: 10
optimize: 1
verbose: 1
snapshot: 0
display: 1
explore: 1
npt: 0
nptxy: 0
nptdxdy: 0
shape: 0
seed: 89203
4.969615891579 -2.608664430103 0.000000000000 1.000000000000
-7.896189952161 -6.978876601178 0.866025403784 0.500000000000
-5.585467853696 6.874024604824 0.866025403784 -0.500000000000
17.169619533527 6.985574409357 0.866025403784 0.500000000000
5.430722266467 5.029880216308 0.866025403784 -0.500000000000
5.698793756419 -11.147783604172 0.866025403784 -0.500000000000
9.170357944464 6.574417374454 0.866025403784 0.500000000000
