#Configurational_file created 2018-09-14 13:45:45  started 2018-09-14 13:45:45 run for 0.0s steps 0
name: gc_75
step: 10000
specie: 9
	particle_diameter: 1.0000000000000000
	interaction_length: 1.2000000000000000
	number_of_patches: 3
	number_of_particles_per_compound: 1
	rod_length: 1.0000000000000000
	interaction_matrix:  1.000000 1.000000 1.000000 1.000000 1.000000 1.000000 1.000000 1.000000 1.000000
	patch_type: symmetric
	patch_width: 8.0000000000000000
	patch_angle: 0.0000000000000000
	angles:  0.000000 0.000000 0.000000
	grand_canonical: 1
	chemical_potential: -2.7241379999999999
box: 10.000000 10.000000
copy: 1.000000 1.000000
epsilon: 0.2413800000000000
end_epsilon: 0.0000000000000000
pressure: 1.0000000000000000
lambda: 0.0000000000000000
lambda_coupling: 1.0000000000000000
uy: 0.0000000000000000
maximum_displacement: 1.0000000000000000
maximum_rotation: 1.0000000000000000
maximum_volume: 0.0000001000000000
maximum_shape: 0.0000001000000000
maximum_dsigma: 0.0100000000000000
mod: 10
pmod: 10
optimize: 1
verbose: 1
snapshot: 0
display: 1
explore: 1
npt: 0
nptxy: 0
nptdxdy: 0
shape: 0
seed: 88066
5.013769901220 2.713719348769 0.866025403784 0.500000000000
7.141208651774 40.249309869775 0.866025403784 -0.500000000000
-0.512947225496 4.476802700526 0.000000000000 1.000000000000
2.784359532039 4.083854794104 0.000000000000 1.000000000000
10.809549336964 12.687528359852 0.866025403784 0.500000000000
-2.282040182445 11.647496876028 0.866025403784 -0.500000000000
-0.938205835228 2.425827173097 0.866025403784 0.500000000000
4.707477627313 0.875933469083 0.000000000000 1.000000000000
0.868543526553 9.331427396605 0.000000000000 1.000000000000
