#Configurational_file created 2018-09-14 11:50:01  started 2018-09-14 11:50:00 run for 1.0s steps 0
name: gc_71
step: 10000
specie: 8
	particle_diameter: 1.0000000000000000
	interaction_length: 1.2000000000000000
	number_of_patches: 3
	number_of_particles_per_compound: 1
	rod_length: 1.0000000000000000
	interaction_matrix:  1.000000 1.000000 1.000000 1.000000 1.000000 1.000000 1.000000 1.000000 1.000000
	patch_type: symmetric
	patch_width: 8.0000000000000000
	patch_angle: 0.0000000000000000
	angles:  0.000000 0.000000 0.000000
	grand_canonical: 1
	chemical_potential: -2.6666669999999999
box: 10.000000 10.000000
copy: 1.000000 1.000000
epsilon: 0.0833340000000000
end_epsilon: 0.0000000000000000
pressure: 1.0000000000000000
lambda: 0.0000000000000000
lambda_coupling: 1.0000000000000000
uy: 0.0000000000000000
maximum_displacement: 1.0000000000000000
maximum_rotation: 1.0000000000000000
maximum_volume: 0.0000001000000000
maximum_shape: 0.0000001000000000
maximum_dsigma: 0.0100000000000000
mod: 10
pmod: 10
optimize: 1
verbose: 1
snapshot: 0
display: 1
explore: 1
npt: 0
nptxy: 0
nptdxdy: 0
shape: 0
seed: 83518
9.506694709418 12.435413462953 0.866025403784 -0.500000000000
8.784881645407 -0.877057727045 0.866025403784 -0.500000000000
4.992784762908 16.576321306062 0.000000000000 1.000000000000
2.393903242986 23.049261576726 0.866025403784 -0.500000000000
11.225688183001 16.497545656544 0.866025403784 -0.500000000000
-9.449479237236 12.435984046214 0.000000000000 1.000000000000
4.447835977536 -3.311427799643 0.866025403784 0.500000000000
5.330105228270 -2.165431305811 0.866025403784 0.500000000000
