#Configurational_file created 2018-09-14 11:50:04  started 2018-09-14 11:50:03 run for 1.0s steps 0
name: gc_76
step: 10000
specie: 6
	particle_diameter: 1.0000000000000000
	interaction_length: 1.2000000000000000
	number_of_patches: 3
	number_of_particles_per_compound: 1
	rod_length: 1.0000000000000000
	interaction_matrix:  1.000000 1.000000 1.000000 1.000000 1.000000 1.000000 1.000000 1.000000 1.000000
	patch_type: symmetric
	patch_width: 8.0000000000000000
	patch_angle: 0.0000000000000000
	angles:  0.000000 0.000000 0.000000
	grand_canonical: 1
	chemical_potential: -2.5000000000000000
box: 10.000000 10.000000
copy: 1.000000 1.000000
epsilon: 0.0000010000000000
end_epsilon: 0.0000000000000000
pressure: 1.0000000000000000
lambda: 0.0000000000000000
lambda_coupling: 1.0000000000000000
uy: 0.0000000000000000
maximum_displacement: 1.0000000000000000
maximum_rotation: 1.0000000000000000
maximum_volume: 0.0000001000000000
maximum_shape: 0.0000001000000000
maximum_dsigma: 0.0100000000000000
mod: 10
pmod: 10
optimize: 1
verbose: 1
snapshot: 0
display: 1
explore: 1
npt: 0
nptxy: 0
nptdxdy: 0
shape: 0
seed: 89203
-3.562733531289 2.276228040911 0.866025403784 -0.500000000000
8.895228123406 8.216684271406 0.866025403784 -0.500000000000
-3.857413938136 -5.953517800541 0.866025403784 0.500000000000
3.668854082440 7.920291907167 0.000000000000 1.000000000000
2.384013845197 7.946880622409 0.000000000000 1.000000000000
6.738444157162 4.639682751762 0.000000000000 1.000000000000
