#Configurational_file created 2018-09-14 11:22:28  started 2018-09-14 11:22:28 run for 0.0s steps 0
name: gc_78
step: 10000
specie: 6
	particle_diameter: 1.0000000000000000
	interaction_length: 1.2000000000000000
	number_of_patches: 3
	number_of_particles_per_compound: 1
	rod_length: 1.0000000000000000
	interaction_matrix:  1.000000 1.000000 1.000000 1.000000 1.000000 1.000000 1.000000 1.000000 1.000000
	patch_type: symmetric
	patch_width: 8.0000000000000000
	patch_angle: 0.0000000000000000
	angles:  0.000000 0.000000 0.000000
	grand_canonical: 1
	chemical_potential: -2.5000000000000000
box: 10.000000 10.000000
copy: 1.000000 1.000000
epsilon: 0.1667580000000000
end_epsilon: 0.0000000000000000
pressure: 1.0000000000000000
lambda: 0.0000000000000000
lambda_coupling: 1.0000000000000000
uy: 0.0000000000000000
maximum_displacement: 1.0000000000000000
maximum_rotation: 1.0000000000000000
maximum_volume: 0.0000001000000000
maximum_shape: 0.0000001000000000
maximum_dsigma: 0.0100000000000000
mod: 10
pmod: 10
optimize: 1
verbose: 1
snapshot: 0
display: 1
explore: 1
npt: 0
nptxy: 0
nptdxdy: 0
shape: 0
seed: 91477
9.842669039662 5.075926472209 0.000000000000 1.000000000000
2.868327532712 3.915127609520 0.866025403784 0.500000000000
0.764681470477 13.253580755424 0.866025403784 -0.500000000000
18.703476236211 -22.756319990184 0.866025403784 -0.500000000000
2.464322978288 6.079964823706 0.866025403784 0.500000000000
1.363298804491 0.338242264272 0.000000000000 1.000000000000
