#Configurational_file created 2018-09-14 11:22:26  started 2018-09-14 11:22:25 run for 1.0s steps 0
name: gc_74
step: 10000
specie: 8
	particle_diameter: 1.0000000000000000
	interaction_length: 1.2000000000000000
	number_of_patches: 3
	number_of_particles_per_compound: 1
	rod_length: 1.0000000000000000
	interaction_matrix:  1.000000 1.000000 1.000000 1.000000 1.000000 1.000000 1.000000 1.000000 1.000000
	patch_type: symmetric
	patch_width: 8.0000000000000000
	patch_angle: 0.0000000000000000
	angles:  0.000000 0.000000 0.000000
	grand_canonical: 1
	chemical_potential: -2.6666669999999999
box: 10.000000 10.000000
copy: 1.000000 1.000000
epsilon: 1.9166710000000000
end_epsilon: 0.0000000000000000
pressure: 1.0000000000000000
lambda: 0.0000000000000000
lambda_coupling: 1.0000000000000000
uy: 0.0000000000000000
maximum_displacement: 1.0000000000000000
maximum_rotation: 1.0000000000000000
maximum_volume: 0.0000001000000000
maximum_shape: 0.0000001000000000
maximum_dsigma: 0.0100000000000000
mod: 10
pmod: 10
optimize: 1
verbose: 1
snapshot: 0
display: 1
explore: 1
npt: 0
nptxy: 0
nptdxdy: 0
shape: 0
seed: 86929
1.245532427417 0.050189004131 0.866025403784 0.500000000000
7.120348925484 8.493514813346 0.866025403784 0.500000000000
-6.543330831057 2.360143456832 0.000000000000 1.000000000000
14.287681724122 14.725137473602 0.000000000000 1.000000000000
7.629047354395 0.695869800016 0.866025403784 0.500000000000
9.822867714338 -1.465561336309 0.000000000000 1.000000000000
-3.626237464215 6.271845459777 0.866025403784 -0.500000000000
0.684662896990 5.154807567563 0.000000000000 1.000000000000
