#Configurational_file created 2018-09-14 11:22:23  started 2018-09-14 11:22:23 run for 0.0s steps 0
name: gc_70
step: 10000
specie: 5
	particle_diameter: 1.0000000000000000
	interaction_length: 1.2000000000000000
	number_of_patches: 3
	number_of_particles_per_compound: 1
	rod_length: 1.0000000000000000
	interaction_matrix:  1.000000 1.000000 1.000000 1.000000 1.000000 1.000000 1.000000 1.000000 1.000000
	patch_type: symmetric
	patch_width: 8.0000000000000000
	patch_angle: 0.0000000000000000
	angles:  0.000000 0.000000 0.000000
	grand_canonical: 1
	chemical_potential: -2.6666669999999999
box: 10.000000 10.000000
copy: 1.000000 1.000000
epsilon: 1.5833539999999999
end_epsilon: 0.0000000000000000
pressure: 1.0000000000000000
lambda: 0.0000000000000000
lambda_coupling: 1.0000000000000000
uy: 0.0000000000000000
maximum_displacement: 1.0000000000000000
maximum_rotation: 1.0000000000000000
maximum_volume: 0.0000001000000000
maximum_shape: 0.0000001000000000
maximum_dsigma: 0.0100000000000000
mod: 10
pmod: 10
optimize: 1
verbose: 1
snapshot: 0
display: 1
explore: 1
npt: 0
nptxy: 0
nptdxdy: 0
shape: 0
seed: 82381
9.863836691292 7.677749543710 0.000000000000 1.000000000000
12.416040655112 1.870897423090 0.866025403784 0.500000000000
2.031297692612 6.457612776446 0.866025403784 0.500000000000
2.288976052277 -2.472623531132 0.866025403784 -0.500000000000
9.627900906417 2.734660838316 0.000000000000 1.000000000000
