#Configurational_file created 2018-09-14 11:50:00  started 2018-09-14 11:49:59 run for 1.0s steps 0
name: gc_70
step: 10000
specie: 8
	particle_diameter: 1.0000000000000000
	interaction_length: 1.2000000000000000
	number_of_patches: 3
	number_of_particles_per_compound: 1
	rod_length: 1.0000000000000000
	interaction_matrix:  1.000000 1.000000 1.000000 1.000000 1.000000 1.000000 1.000000 1.000000 1.000000
	patch_type: symmetric
	patch_width: 8.0000000000000000
	patch_angle: 0.0000000000000000
	angles:  0.000000 0.000000 0.000000
	grand_canonical: 1
	chemical_potential: -2.6666669999999999
box: 10.000000 10.000000
copy: 1.000000 1.000000
epsilon: 0.0791670000000000
end_epsilon: 0.0000000000000000
pressure: 1.0000000000000000
lambda: 0.0000000000000000
lambda_coupling: 1.0000000000000000
uy: 0.0000000000000000
maximum_displacement: 1.0000000000000000
maximum_rotation: 1.0000000000000000
maximum_volume: 0.0000001000000000
maximum_shape: 0.0000001000000000
maximum_dsigma: 0.0100000000000000
mod: 10
pmod: 10
optimize: 1
verbose: 1
snapshot: 0
display: 1
explore: 1
npt: 0
nptxy: 0
nptdxdy: 0
shape: 0
seed: 82381
9.564290147299 4.559965513429 0.866025403784 0.500000000000
5.213980488392 -11.464731444071 0.866025403784 0.500000000000
8.848611226423 1.204936181419 0.000000000000 1.000000000000
15.536818159674 6.681579431778 0.000000000000 1.000000000000
3.680313892028 14.876533072992 0.866025403784 0.500000000000
5.355210793491 2.677686350928 0.866025403784 -0.500000000000
-0.818372253841 1.779659229725 0.866025403784 -0.500000000000
4.115075873465 0.993455730814 0.866025403784 0.500000000000
