#Configurational_file created 2018-09-14 11:22:28  started 2018-09-14 11:22:27 run for 1.0s steps 0
name: gc_77
step: 10000
specie: 10
	particle_diameter: 1.0000000000000000
	interaction_length: 1.2000000000000000
	number_of_patches: 3
	number_of_particles_per_compound: 1
	rod_length: 1.0000000000000000
	interaction_matrix:  1.000000 1.000000 1.000000 1.000000 1.000000 1.000000 1.000000 1.000000 1.000000
	patch_type: symmetric
	patch_width: 8.0000000000000000
	patch_angle: 0.0000000000000000
	angles:  0.000000 0.000000 0.000000
	grand_canonical: 1
	chemical_potential: -2.5000000000000000
box: 10.000000 10.000000
copy: 1.000000 1.000000
epsilon: 0.0834290000000000
end_epsilon: 0.0000000000000000
pressure: 1.0000000000000000
lambda: 0.0000000000000000
lambda_coupling: 1.0000000000000000
uy: 0.0000000000000000
maximum_displacement: 1.0000000000000000
maximum_rotation: 1.0000000000000000
maximum_volume: 0.0000001000000000
maximum_shape: 0.0000001000000000
maximum_dsigma: 0.0100000000000000
mod: 10
pmod: 10
optimize: 1
verbose: 1
snapshot: 0
display: 1
explore: 1
npt: 0
nptxy: 0
nptdxdy: 0
shape: 0
seed: 90340
-7.472933553561 3.324030667498 0.866025403784 0.500000000000
0.570609015972 -0.385165733278 0.866025403784 0.500000000000
3.468050957996 -25.133857339521 0.000000000000 1.000000000000
13.629539245894 -1.686716388703 0.866025403784 -0.500000000000
-3.763302570769 4.238399780949 0.866025403784 -0.500000000000
-3.499102411434 20.174076275831 0.866025403784 -0.500000000000
4.604881575388 3.443545299814 0.000000000000 1.000000000000
10.975897633800 1.993253071535 0.866025403784 -0.500000000000
0.207119953162 -1.517936826612 0.866025403784 0.500000000000
0.238266102863 6.482125393102 0.000000000000 1.000000000000
