#Configurational_file created 2018-09-14 11:50:04  started 2018-09-14 11:50:04 run for 0.0s steps 0
name: gc_77
step: 10000
specie: 9
	particle_diameter: 1.0000000000000000
	interaction_length: 1.2000000000000000
	number_of_patches: 3
	number_of_particles_per_compound: 1
	rod_length: 1.0000000000000000
	interaction_matrix:  1.000000 1.000000 1.000000 1.000000 1.000000 1.000000 1.000000 1.000000 1.000000
	patch_type: symmetric
	patch_width: 8.0000000000000000
	patch_angle: 0.0000000000000000
	angles:  0.000000 0.000000 0.000000
	grand_canonical: 1
	chemical_potential: -2.5000000000000000
box: 10.000000 10.000000
copy: 1.000000 1.000000
epsilon: 0.0041680000000000
end_epsilon: 0.0000000000000000
pressure: 1.0000000000000000
lambda: 0.0000000000000000
lambda_coupling: 1.0000000000000000
uy: 0.0000000000000000
maximum_displacement: 1.0000000000000000
maximum_rotation: 1.0000000000000000
maximum_volume: 0.0000001000000000
maximum_shape: 0.0000001000000000
maximum_dsigma: 0.0100000000000000
mod: 10
pmod: 10
optimize: 1
verbose: 1
snapshot: 0
display: 1
explore: 1
npt: 0
nptxy: 0
nptdxdy: 0
shape: 0
seed: 90340
9.005275941506 1.308203741048 0.000000000000 1.000000000000
-3.048729236787 -11.812980304625 0.866025403784 0.500000000000
-6.773353091891 4.846436918735 0.000000000000 1.000000000000
1.479825887206 7.552125403210 0.866025403784 -0.500000000000
4.325733630983 10.896709510712 0.866025403784 -0.500000000000
2.856112990608 9.347786905768 0.866025403784 -0.500000000000
3.667503412960 -2.619885064518 0.866025403784 -0.500000000000
6.184736295622 4.892378160845 0.866025403784 0.500000000000
0.791444696198 2.944179547890 0.866025403784 -0.500000000000
