#Configurational_file created 2018-09-14 11:22:33  started 2018-09-14 11:22:32 run for 1.0s steps 0
name: gc_86
step: 10000
specie: 7
	particle_diameter: 1.0000000000000000
	interaction_length: 1.2000000000000000
	number_of_patches: 3
	number_of_particles_per_compound: 1
	rod_length: 1.0000000000000000
	interaction_matrix:  1.000000 1.000000 1.000000 1.000000 1.000000 1.000000 1.000000 1.000000 1.000000
	patch_type: symmetric
	patch_width: 8.0000000000000000
	patch_angle: 0.0000000000000000
	angles:  0.000000 0.000000 0.000000
	grand_canonical: 1
	chemical_potential: -2.5000000000000000
box: 10.000000 10.000000
copy: 1.000000 1.000000
epsilon: 0.8333920000000000
end_epsilon: 0.0000000000000000
pressure: 1.0000000000000000
lambda: 0.0000000000000000
lambda_coupling: 1.0000000000000000
uy: 0.0000000000000000
maximum_displacement: 1.0000000000000000
maximum_rotation: 1.0000000000000000
maximum_volume: 0.0000001000000000
maximum_shape: 0.0000001000000000
maximum_dsigma: 0.0100000000000000
mod: 10
pmod: 10
optimize: 1
verbose: 1
snapshot: 0
display: 1
explore: 1
npt: 0
nptxy: 0
nptdxdy: 0
shape: 0
seed: 100573
7.949420012463 16.241261274275 0.866025403784 -0.500000000000
22.408016041006 -26.651316612050 0.866025403784 0.500000000000
3.892561226837 2.786373116631 0.866025403784 -0.500000000000
-1.141038157174 31.313812103317 0.866025403784 -0.500000000000
19.139926421138 -9.470401700435 0.866025403784 0.500000000000
13.444093293099 4.790150273171 0.866025403784 -0.500000000000
4.712087497904 4.771269165549 0.866025403784 -0.500000000000
