#Configurational_file created 2018-09-14 11:50:06  started 2018-09-14 11:50:06 run for 0.0s steps 0
name: gc_80
step: 10000
specie: 9
	particle_diameter: 1.0000000000000000
	interaction_length: 1.2000000000000000
	number_of_patches: 3
	number_of_particles_per_compound: 1
	rod_length: 1.0000000000000000
	interaction_matrix:  1.000000 1.000000 1.000000 1.000000 1.000000 1.000000 1.000000 1.000000 1.000000
	patch_type: symmetric
	patch_width: 8.0000000000000000
	patch_angle: 0.0000000000000000
	angles:  0.000000 0.000000 0.000000
	grand_canonical: 1
	chemical_potential: -2.5000000000000000
box: 10.000000 10.000000
copy: 1.000000 1.000000
epsilon: 0.0166680000000000
end_epsilon: 0.0000000000000000
pressure: 1.0000000000000000
lambda: 0.0000000000000000
lambda_coupling: 1.0000000000000000
uy: 0.0000000000000000
maximum_displacement: 1.0000000000000000
maximum_rotation: 1.0000000000000000
maximum_volume: 0.0000001000000000
maximum_shape: 0.0000001000000000
maximum_dsigma: 0.0100000000000000
mod: 10
pmod: 10
optimize: 1
verbose: 1
snapshot: 0
display: 1
explore: 1
npt: 0
nptxy: 0
nptdxdy: 0
shape: 0
seed: 93751
8.294848716425 10.491664313195 0.000000000000 1.000000000000
0.642946770691 6.289383066654 0.866025403784 -0.500000000000
17.721891516207 3.013981947142 0.000000000000 1.000000000000
0.569389768686 4.584181991434 0.866025403784 -0.500000000000
-3.006563342927 19.712291991824 0.866025403784 -0.500000000000
6.936611258196 1.572095939756 0.866025403784 -0.500000000000
3.905212070529 -3.263743776401 0.866025403784 -0.500000000000
5.597623102327 3.300121872460 0.000000000000 1.000000000000
4.866383739708 8.935951247954 0.866025403784 0.500000000000
