#Configurational_file created 2018-09-14 13:45:51  started 2018-09-14 13:45:50 run for 1.0s steps 0
name: gc_84
step: 10000
specie: 6
	particle_diameter: 1.0000000000000000
	interaction_length: 1.2000000000000000
	number_of_patches: 3
	number_of_particles_per_compound: 1
	rod_length: 1.0000000000000000
	interaction_matrix:  1.000000 1.000000 1.000000 1.000000 1.000000 1.000000 1.000000 1.000000 1.000000
	patch_type: symmetric
	patch_width: 8.0000000000000000
	patch_angle: 0.0000000000000000
	angles:  0.000000 0.000000 0.000000
	grand_canonical: 1
	chemical_potential: -2.7241379999999999
box: 10.000000 10.000000
copy: 1.000000 1.000000
epsilon: 0.3965520000000000
end_epsilon: 0.0000000000000000
pressure: 1.0000000000000000
lambda: 0.0000000000000000
lambda_coupling: 1.0000000000000000
uy: 0.0000000000000000
maximum_displacement: 1.0000000000000000
maximum_rotation: 1.0000000000000000
maximum_volume: 0.0000001000000000
maximum_shape: 0.0000001000000000
maximum_dsigma: 0.0100000000000000
mod: 10
pmod: 10
optimize: 1
verbose: 1
snapshot: 0
display: 1
explore: 1
npt: 0
nptxy: 0
nptdxdy: 0
shape: 0
seed: 98299
4.043798096192 8.902868721439 0.866025403784 -0.500000000000
-1.570049472418 11.991652450053 0.866025403784 -0.500000000000
5.550726203311 5.812592112384 0.866025403784 -0.500000000000
18.114165312903 -0.310865174488 0.866025403784 -0.500000000000
5.929898620134 12.755486028107 0.866025403784 0.500000000000
3.922216378359 3.618380272245 0.000000000000 1.000000000000
