#Configurational_file created 2018-09-14 11:50:10  started 2018-09-14 11:50:09 run for 1.0s steps 0
name: gc_86
step: 10000
specie: 9
	particle_diameter: 1.0000000000000000
	interaction_length: 1.2000000000000000
	number_of_patches: 3
	number_of_particles_per_compound: 1
	rod_length: 1.0000000000000000
	interaction_matrix:  1.000000 1.000000 1.000000 1.000000 1.000000 1.000000 1.000000 1.000000 1.000000
	patch_type: symmetric
	patch_width: 8.0000000000000000
	patch_angle: 0.0000000000000000
	angles:  0.000000 0.000000 0.000000
	grand_canonical: 1
	chemical_potential: -2.5000000000000000
box: 10.000000 10.000000
copy: 1.000000 1.000000
epsilon: 0.0416670000000000
end_epsilon: 0.0000000000000000
pressure: 1.0000000000000000
lambda: 0.0000000000000000
lambda_coupling: 1.0000000000000000
uy: 0.0000000000000000
maximum_displacement: 1.0000000000000000
maximum_rotation: 1.0000000000000000
maximum_volume: 0.0000001000000000
maximum_shape: 0.0000001000000000
maximum_dsigma: 0.0100000000000000
mod: 10
pmod: 10
optimize: 1
verbose: 1
snapshot: 0
display: 1
explore: 1
npt: 0
nptxy: 0
nptdxdy: 0
shape: 0
seed: 100573
7.125657568152 11.245592260061 0.866025403784 0.500000000000
17.042982931027 3.155155490820 0.866025403784 0.500000000000
-5.773827536703 -2.623135082291 0.866025403784 0.500000000000
8.139933982644 1.756660832906 0.000000000000 1.000000000000
2.941646695458 -1.290616399231 0.866025403784 -0.500000000000
14.952828641756 0.112807362114 0.000000000000 1.000000000000
6.602043345139 -11.038866611494 0.866025403784 -0.500000000000
6.182793745614 6.366139266152 0.866025403784 -0.500000000000
8.981713615659 4.353515297661 0.866025403784 -0.500000000000
