#Configurational_file created 2018-09-14 11:50:08  started 2018-09-14 11:50:07 run for 1.0s steps 0
name: gc_82
step: 10000
specie: 8
	particle_diameter: 1.0000000000000000
	interaction_length: 1.2000000000000000
	number_of_patches: 3
	number_of_particles_per_compound: 1
	rod_length: 1.0000000000000000
	interaction_matrix:  1.000000 1.000000 1.000000 1.000000 1.000000 1.000000 1.000000 1.000000 1.000000
	patch_type: symmetric
	patch_width: 8.0000000000000000
	patch_angle: 0.0000000000000000
	angles:  0.000000 0.000000 0.000000
	grand_canonical: 1
	chemical_potential: -2.5000000000000000
box: 10.000000 10.000000
copy: 1.000000 1.000000
epsilon: 0.0250010000000000
end_epsilon: 0.0000000000000000
pressure: 1.0000000000000000
lambda: 0.0000000000000000
lambda_coupling: 1.0000000000000000
uy: 0.0000000000000000
maximum_displacement: 1.0000000000000000
maximum_rotation: 1.0000000000000000
maximum_volume: 0.0000001000000000
maximum_shape: 0.0000001000000000
maximum_dsigma: 0.0100000000000000
mod: 10
pmod: 10
optimize: 1
verbose: 1
snapshot: 0
display: 1
explore: 1
npt: 0
nptxy: 0
nptdxdy: 0
shape: 0
seed: 96025
14.163572779892 5.758764124894 0.866025403784 0.500000000000
-11.032845785559 2.337456110503 0.000000000000 1.000000000000
-6.161531047293 7.148691113953 0.000000000000 1.000000000000
-16.281677940375 -9.327584115481 0.866025403784 0.500000000000
14.984029262948 1.480184594320 0.000000000000 1.000000000000
-2.490597442056 9.228805380023 0.000000000000 1.000000000000
8.703576860867 -10.710431905465 0.000000000000 1.000000000000
9.565986938830 10.134971375984 0.866025403784 0.500000000000
