#Configurational_file created 2018-09-14 11:22:30  started 2018-09-14 11:22:29 run for 1.0s steps 0
name: gc_81
step: 10000
specie: 8
	particle_diameter: 1.0000000000000000
	interaction_length: 1.2000000000000000
	number_of_patches: 3
	number_of_particles_per_compound: 1
	rod_length: 1.0000000000000000
	interaction_matrix:  1.000000 1.000000 1.000000 1.000000 1.000000 1.000000 1.000000 1.000000 1.000000
	patch_type: symmetric
	patch_width: 8.0000000000000000
	patch_angle: 0.0000000000000000
	angles:  0.000000 0.000000 0.000000
	grand_canonical: 1
	chemical_potential: -2.5000000000000000
box: 10.000000 10.000000
copy: 1.000000 1.000000
epsilon: 0.4167460000000000
end_epsilon: 0.0000000000000000
pressure: 1.0000000000000000
lambda: 0.0000000000000000
lambda_coupling: 1.0000000000000000
uy: 0.0000000000000000
maximum_displacement: 1.0000000000000000
maximum_rotation: 1.0000000000000000
maximum_volume: 0.0000001000000000
maximum_shape: 0.0000001000000000
maximum_dsigma: 0.0100000000000000
mod: 10
pmod: 10
optimize: 1
verbose: 1
snapshot: 0
display: 1
explore: 1
npt: 0
nptxy: 0
nptdxdy: 0
shape: 0
seed: 94888
5.953347841285 5.742894641227 0.866025403784 -0.500000000000
-2.652075994397 5.221281547395 0.866025403784 0.500000000000
11.306971601847 -1.921249762826 0.000000000000 1.000000000000
-13.224885476104 2.192944552866 0.866025403784 0.500000000000
2.513713943801 3.160283649392 0.000000000000 1.000000000000
2.048116215165 4.740679102763 0.866025403784 -0.500000000000
7.043762003451 6.492937029054 0.866025403784 -0.500000000000
8.688190491645 -2.835894035144 0.000000000000 1.000000000000
