#Configurational_file created 2018-09-14 13:45:49  started 2018-09-14 13:45:49 run for 0.0s steps 0
name: gc_82
step: 10000
specie: 8
	particle_diameter: 1.0000000000000000
	interaction_length: 1.2000000000000000
	number_of_patches: 3
	number_of_particles_per_compound: 1
	rod_length: 1.0000000000000000
	interaction_matrix:  1.000000 1.000000 1.000000 1.000000 1.000000 1.000000 1.000000 1.000000 1.000000
	patch_type: symmetric
	patch_width: 8.0000000000000000
	patch_angle: 0.0000000000000000
	angles:  0.000000 0.000000 0.000000
	grand_canonical: 1
	chemical_potential: -2.7241379999999999
box: 10.000000 10.000000
copy: 1.000000 1.000000
epsilon: 0.3620690000000000
end_epsilon: 0.0000000000000000
pressure: 1.0000000000000000
lambda: 0.0000000000000000
lambda_coupling: 1.0000000000000000
uy: 0.0000000000000000
maximum_displacement: 1.0000000000000000
maximum_rotation: 1.0000000000000000
maximum_volume: 0.0000001000000000
maximum_shape: 0.0000001000000000
maximum_dsigma: 0.0100000000000000
mod: 10
pmod: 10
optimize: 1
verbose: 1
snapshot: 0
display: 1
explore: 1
npt: 0
nptxy: 0
nptdxdy: 0
shape: 0
seed: 96025
-11.906018307683 2.807314613681 0.866025403784 0.500000000000
12.350242110184 7.606410280550 0.866025403784 -0.500000000000
-3.756204696317 14.132500612167 0.866025403784 0.500000000000
-0.010295145643 10.201359648425 0.000000000000 1.000000000000
14.577460820817 5.407201663364 0.866025403784 -0.500000000000
-6.643391015468 18.207879939380 0.866025403784 -0.500000000000
6.150115234489 6.955606495350 0.866025403784 0.500000000000
9.749632159373 8.869121210071 0.000000000000 1.000000000000
