#Configurational_file created 2018-09-14 11:22:31  started 2018-09-14 11:22:31 run for 0.0s steps 0
name: gc_83
step: 10000
specie: 8
	particle_diameter: 1.0000000000000000
	interaction_length: 1.2000000000000000
	number_of_patches: 3
	number_of_particles_per_compound: 1
	rod_length: 1.0000000000000000
	interaction_matrix:  1.000000 1.000000 1.000000 1.000000 1.000000 1.000000 1.000000 1.000000 1.000000
	patch_type: symmetric
	patch_width: 8.0000000000000000
	patch_angle: 0.0000000000000000
	angles:  0.000000 0.000000 0.000000
	grand_canonical: 1
	chemical_potential: -2.5000000000000000
box: 10.000000 10.000000
copy: 1.000000 1.000000
epsilon: 0.5834040000000000
end_epsilon: 0.0000000000000000
pressure: 1.0000000000000000
lambda: 0.0000000000000000
lambda_coupling: 1.0000000000000000
uy: 0.0000000000000000
maximum_displacement: 1.0000000000000000
maximum_rotation: 1.0000000000000000
maximum_volume: 0.0000001000000000
maximum_shape: 0.0000001000000000
maximum_dsigma: 0.0100000000000000
mod: 10
pmod: 10
optimize: 1
verbose: 1
snapshot: 0
display: 1
explore: 1
npt: 0
nptxy: 0
nptdxdy: 0
shape: 0
seed: 97162
0.114934932005 1.045605002327 0.000000000000 1.000000000000
5.933837841447 -2.096637132235 0.000000000000 1.000000000000
7.048462093448 -4.036244561984 0.000000000000 1.000000000000
9.610735691209 11.017771930546 0.866025403784 -0.500000000000
1.736100227327 4.424374157618 0.866025403784 -0.500000000000
11.147385130166 6.289287602372 0.866025403784 0.500000000000
2.155311118617 9.186631847151 0.866025403784 0.500000000000
6.281124097817 9.057633305560 0.866025403784 0.500000000000
