#Configurational_file created 2018-09-14 11:50:16  started 2018-09-14 11:50:15 run for 1.0s steps 0
name: gc_95
step: 10000
specie: 11
	particle_diameter: 1.0000000000000000
	interaction_length: 1.2000000000000000
	number_of_patches: 3
	number_of_particles_per_compound: 1
	rod_length: 1.0000000000000000
	interaction_matrix:  1.000000 1.000000 1.000000 1.000000 1.000000 1.000000 1.000000 1.000000 1.000000
	patch_type: symmetric
	patch_width: 8.0000000000000000
	patch_angle: 0.0000000000000000
	angles:  0.000000 0.000000 0.000000
	grand_canonical: 1
	chemical_potential: -2.5000000000000000
box: 10.000000 10.000000
copy: 1.000000 1.000000
epsilon: 0.0791670000000000
end_epsilon: 0.0000000000000000
pressure: 1.0000000000000000
lambda: 0.0000000000000000
lambda_coupling: 1.0000000000000000
uy: 0.0000000000000000
maximum_displacement: 1.0000000000000000
maximum_rotation: 1.0000000000000000
maximum_volume: 0.0000001000000000
maximum_shape: 0.0000001000000000
maximum_dsigma: 0.0100000000000000
mod: 10
pmod: 10
optimize: 1
verbose: 1
snapshot: 0
display: 1
explore: 1
npt: 0
nptxy: 0
nptdxdy: 0
shape: 0
seed: 110806
33.243885089397 11.471851484971 0.866025403784 0.500000000000
10.691375483600 2.824386126481 0.866025403784 -0.500000000000
8.030615167445 -3.024534280822 0.000000000000 1.000000000000
-3.374158714514 5.102770625738 0.000000000000 1.000000000000
11.225131012919 12.258521180400 0.000000000000 1.000000000000
-4.433590264259 9.509841432156 0.866025403784 0.500000000000
3.677746980150 12.224173299098 0.000000000000 1.000000000000
4.180588914787 5.799016935348 0.000000000000 1.000000000000
12.317687404654 5.004698065218 0.000000000000 1.000000000000
10.137910684517 8.694108894635 0.866025403784 -0.500000000000
8.803376110128 2.928291579471 0.866025403784 0.500000000000
