#Configurational_file created 2018-09-11 17:03:38  started 2018-09-11 17:03:37 run for 1.0s steps 0
name: gc_9
step: 10000
specie: 13
	particle_diameter: 1.0000000000000000
	interaction_length: 1.2000000000000000
	number_of_patches: 3
	number_of_particles_per_compound: 1
	rod_length: 1.0000000000000000
	interaction_matrix:  1.000000 1.000000 1.000000 1.000000 1.000000 1.000000 1.000000 1.000000 1.000000
	patch_type: symmetric
	patch_width: 8.0000000000000000
	patch_angle: 0.0000000000000000
	angles:  0.000000 0.000000 0.000000
	grand_canonical: 1
	chemical_potential: -2.0000000000000000
box: 10.000000 10.000000
copy: 1.000000 1.000000
epsilon: 0.3334170000000000
end_epsilon: 0.0000000000000000
pressure: 1.0000000000000000
lambda: 0.0000000000000000
lambda_coupling: 1.0000000000000000
uy: 0.0000000000000000
maximum_displacement: 1.0000000000000000
maximum_rotation: 1.0000000000000000
maximum_volume: 0.0000001000000000
maximum_shape: 0.0000001000000000
maximum_dsigma: 0.0100000000000000
mod: 10
pmod: 10
optimize: 1
verbose: 1
snapshot: 0
display: 1
explore: 1
npt: 0
nptxy: 0
nptdxdy: 0
shape: 0
seed: 13103
-11.276439300742 8.258460670009 0.866025403784 -0.500000000000
0.332969020140 -8.389380921669 0.866025403784 0.500000000000
-2.000190447717 9.776955842445 0.866025403784 0.500000000000
0.575285536926 -2.161110976354 0.866025403784 -0.500000000000
10.154001275687 12.331611434919 0.866025403784 -0.500000000000
-2.253859446633 -13.271883991764 0.000000000000 1.000000000000
0.279310896136 4.881076503883 0.866025403784 -0.500000000000
3.941693153144 -0.486572150679 0.866025403784 0.500000000000
3.280222033910 4.747630600878 0.866025403784 -0.500000000000
7.776994794073 8.022072989001 0.866025403784 0.500000000000
-3.559784294931 11.066436128033 0.000000000000 1.000000000000
1.696320433746 7.215672552915 0.866025403784 0.500000000000
6.642303541877 2.247650123659 0.866025403784 -0.500000000000
