#Configurational_file created 2018-09-14 11:22:37  started 2018-09-14 11:22:37 run for 0.0s steps 0
name: gc_93
step: 10000
specie: 7
	particle_diameter: 1.0000000000000000
	interaction_length: 1.2000000000000000
	number_of_patches: 3
	number_of_particles_per_compound: 1
	rod_length: 1.0000000000000000
	interaction_matrix:  1.000000 1.000000 1.000000 1.000000 1.000000 1.000000 1.000000 1.000000 1.000000
	patch_type: symmetric
	patch_width: 8.0000000000000000
	patch_angle: 0.0000000000000000
	angles:  0.000000 0.000000 0.000000
	grand_canonical: 1
	chemical_potential: -2.5000000000000000
box: 10.000000 10.000000
copy: 1.000000 1.000000
epsilon: 1.4166960000000000
end_epsilon: 0.0000000000000000
pressure: 1.0000000000000000
lambda: 0.0000000000000000
lambda_coupling: 1.0000000000000000
uy: 0.0000000000000000
maximum_displacement: 1.0000000000000000
maximum_rotation: 1.0000000000000000
maximum_volume: 0.0000001000000000
maximum_shape: 0.0000001000000000
maximum_dsigma: 0.0100000000000000
mod: 10
pmod: 10
optimize: 1
verbose: 1
snapshot: 0
display: 1
explore: 1
npt: 0
nptxy: 0
nptdxdy: 0
shape: 0
seed: 108532
-1.797224593980 14.895490967476 0.000000000000 1.000000000000
-6.459794164799 -17.025097205778 0.000000000000 1.000000000000
2.917235834525 0.248289147913 0.866025403784 -0.500000000000
0.498730328372 3.994581748618 0.866025403784 0.500000000000
0.696362813668 1.524072148291 0.000000000000 1.000000000000
6.995099477617 4.468089134061 0.866025403784 -0.500000000000
4.744957197196 1.249870568012 0.866025403784 0.500000000000
