#Configurational_file created 2018-09-14 11:22:40  started 2018-09-14 11:22:40 run for 0.0s steps 0
name: gc_98
step: 10000
specie: 6
	particle_diameter: 1.0000000000000000
	interaction_length: 1.2000000000000000
	number_of_patches: 3
	number_of_particles_per_compound: 1
	rod_length: 1.0000000000000000
	interaction_matrix:  1.000000 1.000000 1.000000 1.000000 1.000000 1.000000 1.000000 1.000000 1.000000
	patch_type: symmetric
	patch_width: 8.0000000000000000
	patch_angle: 0.0000000000000000
	angles:  0.000000 0.000000 0.000000
	grand_canonical: 1
	chemical_potential: -2.5000000000000000
box: 10.000000 10.000000
copy: 1.000000 1.000000
epsilon: 1.8333420000000000
end_epsilon: 0.0000000000000000
pressure: 1.0000000000000000
lambda: 0.0000000000000000
lambda_coupling: 1.0000000000000000
uy: 0.0000000000000000
maximum_displacement: 1.0000000000000000
maximum_rotation: 1.0000000000000000
maximum_volume: 0.0000001000000000
maximum_shape: 0.0000001000000000
maximum_dsigma: 0.0100000000000000
mod: 10
pmod: 10
optimize: 1
verbose: 1
snapshot: 0
display: 1
explore: 1
npt: 0
nptxy: 0
nptdxdy: 0
shape: 0
seed: 114217
3.049167363197 11.429055110842 0.000000000000 1.000000000000
1.588538673438 3.134955418796 0.866025403784 -0.500000000000
11.731898104004 1.466838735654 0.000000000000 1.000000000000
36.229767574115 20.676603934467 0.866025403784 -0.500000000000
5.094108847612 6.455573507336 0.000000000000 1.000000000000
3.696996251932 9.761316031438 0.000000000000 1.000000000000
