#Configurational_file created 2018-09-14 11:50:16  started 2018-09-14 11:50:16 run for 0.0s steps 0
name: gc_96
step: 10000
specie: 9
	particle_diameter: 1.0000000000000000
	interaction_length: 1.2000000000000000
	number_of_patches: 3
	number_of_particles_per_compound: 1
	rod_length: 1.0000000000000000
	interaction_matrix:  1.000000 1.000000 1.000000 1.000000 1.000000 1.000000 1.000000 1.000000 1.000000
	patch_type: symmetric
	patch_width: 8.0000000000000000
	patch_angle: 0.0000000000000000
	angles:  0.000000 0.000000 0.000000
	grand_canonical: 1
	chemical_potential: -2.5000000000000000
box: 10.000000 10.000000
copy: 1.000000 1.000000
epsilon: 0.0833340000000000
end_epsilon: 0.0000000000000000
pressure: 1.0000000000000000
lambda: 0.0000000000000000
lambda_coupling: 1.0000000000000000
uy: 0.0000000000000000
maximum_displacement: 1.0000000000000000
maximum_rotation: 1.0000000000000000
maximum_volume: 0.0000001000000000
maximum_shape: 0.0000001000000000
maximum_dsigma: 0.0100000000000000
mod: 10
pmod: 10
optimize: 1
verbose: 1
snapshot: 0
display: 1
explore: 1
npt: 0
nptxy: 0
nptdxdy: 0
shape: 0
seed: 111943
-9.074280709570 -1.333591352199 0.866025403784 0.500000000000
4.431116778185 14.472556093814 0.866025403784 0.500000000000
-8.313968815116 11.978283061614 0.866025403784 0.500000000000
8.079259741727 13.723336742675 0.866025403784 0.500000000000
26.052295601046 1.697850259605 0.866025403784 0.500000000000
14.153286739863 6.796245328250 0.866025403784 -0.500000000000
9.297888084221 7.299024288455 0.866025403784 -0.500000000000
7.072444499468 0.586819273025 0.866025403784 -0.500000000000
8.978280248941 6.341202547214 0.866025403784 -0.500000000000
