#Configurational_file created 2018-09-14 11:22:39  started 2018-09-14 11:22:38 run for 1.0s steps 0
name: gc_95
step: 10000
specie: 7
	particle_diameter: 1.0000000000000000
	interaction_length: 1.2000000000000000
	number_of_patches: 3
	number_of_particles_per_compound: 1
	rod_length: 1.0000000000000000
	interaction_matrix:  1.000000 1.000000 1.000000 1.000000 1.000000 1.000000 1.000000 1.000000 1.000000
	patch_type: symmetric
	patch_width: 8.0000000000000000
	patch_angle: 0.0000000000000000
	angles:  0.000000 0.000000 0.000000
	grand_canonical: 1
	chemical_potential: -2.5000000000000000
box: 10.000000 10.000000
copy: 1.000000 1.000000
epsilon: 1.5833539999999999
end_epsilon: 0.0000000000000000
pressure: 1.0000000000000000
lambda: 0.0000000000000000
lambda_coupling: 1.0000000000000000
uy: 0.0000000000000000
maximum_displacement: 1.0000000000000000
maximum_rotation: 1.0000000000000000
maximum_volume: 0.0000001000000000
maximum_shape: 0.0000001000000000
maximum_dsigma: 0.0100000000000000
mod: 10
pmod: 10
optimize: 1
verbose: 1
snapshot: 0
display: 1
explore: 1
npt: 0
nptxy: 0
nptdxdy: 0
shape: 0
seed: 110806
19.437751971610 22.728183436410 0.866025403784 0.500000000000
11.241443384235 7.498641113193 0.000000000000 1.000000000000
4.743011022467 10.349868199166 0.000000000000 1.000000000000
1.025622726383 25.479772059331 0.866025403784 -0.500000000000
9.017997921914 13.813235650718 0.866025403784 0.500000000000
4.835348875234 2.256493543351 0.866025403784 0.500000000000
2.356327583763 9.605946765461 0.000000000000 1.000000000000
