#Configurational_file created 2018-09-14 11:50:14  started 2018-09-14 11:50:13 run for 1.0s steps 0
name: gc_92
step: 10000
specie: 8
	particle_diameter: 1.0000000000000000
	interaction_length: 1.2000000000000000
	number_of_patches: 3
	number_of_particles_per_compound: 1
	rod_length: 1.0000000000000000
	interaction_matrix:  1.000000 1.000000 1.000000 1.000000 1.000000 1.000000 1.000000 1.000000 1.000000
	patch_type: symmetric
	patch_width: 8.0000000000000000
	patch_angle: 0.0000000000000000
	angles:  0.000000 0.000000 0.000000
	grand_canonical: 1
	chemical_potential: -2.5000000000000000
box: 10.000000 10.000000
copy: 1.000000 1.000000
epsilon: 0.0666670000000000
end_epsilon: 0.0000000000000000
pressure: 1.0000000000000000
lambda: 0.0000000000000000
lambda_coupling: 1.0000000000000000
uy: 0.0000000000000000
maximum_displacement: 1.0000000000000000
maximum_rotation: 1.0000000000000000
maximum_volume: 0.0000001000000000
maximum_shape: 0.0000001000000000
maximum_dsigma: 0.0100000000000000
mod: 10
pmod: 10
optimize: 1
verbose: 1
snapshot: 0
display: 1
explore: 1
npt: 0
nptxy: 0
nptdxdy: 0
shape: 0
seed: 107395
9.990434370071 7.387516463135 0.866025403784 -0.500000000000
-0.581950964104 16.669266546254 0.866025403784 0.500000000000
-8.357828471744 15.691998336583 0.000000000000 1.000000000000
2.543372525047 9.764685943562 0.000000000000 1.000000000000
5.047561091114 17.917490319413 0.000000000000 1.000000000000
6.309259926280 1.661009599801 0.000000000000 1.000000000000
8.595151958175 1.608264758598 0.866025403784 0.500000000000
8.699790940941 3.423527672045 0.866025403784 -0.500000000000
