#Configurational_file created 2018-09-14 13:45:54  started 2018-09-14 13:45:54 run for 0.0s steps 0
name: gc_90
step: 10000
specie: 9
	particle_diameter: 1.0000000000000000
	interaction_length: 1.2000000000000000
	number_of_patches: 3
	number_of_particles_per_compound: 1
	rod_length: 1.0000000000000000
	interaction_matrix:  1.000000 1.000000 1.000000 1.000000 1.000000 1.000000 1.000000 1.000000 1.000000
	patch_type: symmetric
	patch_width: 8.0000000000000000
	patch_angle: 0.0000000000000000
	angles:  0.000000 0.000000 0.000000
	grand_canonical: 1
	chemical_potential: -2.7241379999999999
box: 10.000000 10.000000
copy: 1.000000 1.000000
epsilon: 0.5000000000000000
end_epsilon: 0.0000000000000000
pressure: 1.0000000000000000
lambda: 0.0000000000000000
lambda_coupling: 1.0000000000000000
uy: 0.0000000000000000
maximum_displacement: 1.0000000000000000
maximum_rotation: 1.0000000000000000
maximum_volume: 0.0000001000000000
maximum_shape: 0.0000001000000000
maximum_dsigma: 0.0100000000000000
mod: 10
pmod: 10
optimize: 1
verbose: 1
snapshot: 0
display: 1
explore: 1
npt: 0
nptxy: 0
nptdxdy: 0
shape: 0
seed: 105121
-21.511944467835 13.356118168056 0.866025403784 0.500000000000
-0.692821673428 7.359405213879 0.000000000000 1.000000000000
14.886130990705 14.344798039847 0.866025403784 0.500000000000
9.887533403281 12.672279041267 0.000000000000 1.000000000000
-11.696143153706 -0.771993903804 0.000000000000 1.000000000000
3.117246515484 6.630450582563 0.000000000000 1.000000000000
6.890418477906 5.486161323047 0.866025403784 0.500000000000
5.882442949305 7.565074806439 0.000000000000 1.000000000000
7.674085383096 7.762987225175 0.000000000000 1.000000000000
