#Configurational_file created 2018-09-14 11:50:13  started 2018-09-14 11:50:12 run for 1.0s steps 0
name: gc_90
step: 10000
specie: 5
	particle_diameter: 1.0000000000000000
	interaction_length: 1.2000000000000000
	number_of_patches: 3
	number_of_particles_per_compound: 1
	rod_length: 1.0000000000000000
	interaction_matrix:  1.000000 1.000000 1.000000 1.000000 1.000000 1.000000 1.000000 1.000000 1.000000
	patch_type: symmetric
	patch_width: 8.0000000000000000
	patch_angle: 0.0000000000000000
	angles:  0.000000 0.000000 0.000000
	grand_canonical: 1
	chemical_potential: -2.5000000000000000
box: 10.000000 10.000000
copy: 1.000000 1.000000
epsilon: 0.0583340000000000
end_epsilon: 0.0000000000000000
pressure: 1.0000000000000000
lambda: 0.0000000000000000
lambda_coupling: 1.0000000000000000
uy: 0.0000000000000000
maximum_displacement: 1.0000000000000000
maximum_rotation: 1.0000000000000000
maximum_volume: 0.0000001000000000
maximum_shape: 0.0000001000000000
maximum_dsigma: 0.0100000000000000
mod: 10
pmod: 10
optimize: 1
verbose: 1
snapshot: 0
display: 1
explore: 1
npt: 0
nptxy: 0
nptdxdy: 0
shape: 0
seed: 105121
3.492065920972 -6.631525211872 0.866025403784 -0.500000000000
1.222862012085 4.448837727907 0.866025403784 0.500000000000
6.497305049308 -2.292077381229 0.866025403784 -0.500000000000
17.377517574439 -4.844638197625 0.866025403784 0.500000000000
8.129734900877 6.875110370480 0.866025403784 -0.500000000000
