#Configurational_file created 2018-09-14 13:45:59  started 2018-09-14 13:45:58 run for 1.0s steps 0
name: gc_98
step: 10000
specie: 8
	particle_diameter: 1.0000000000000000
	interaction_length: 1.2000000000000000
	number_of_patches: 3
	number_of_particles_per_compound: 1
	rod_length: 1.0000000000000000
	interaction_matrix:  1.000000 1.000000 1.000000 1.000000 1.000000 1.000000 1.000000 1.000000 1.000000
	patch_type: symmetric
	patch_width: 8.0000000000000000
	patch_angle: 0.0000000000000000
	angles:  0.000000 0.000000 0.000000
	grand_canonical: 1
	chemical_potential: -2.5862069999999999
box: 10.000000 10.000000
copy: 1.000000 1.000000
epsilon: 0.1206900000000000
end_epsilon: 0.0000000000000000
pressure: 1.0000000000000000
lambda: 0.0000000000000000
lambda_coupling: 1.0000000000000000
uy: 0.0000000000000000
maximum_displacement: 1.0000000000000000
maximum_rotation: 1.0000000000000000
maximum_volume: 0.0000001000000000
maximum_shape: 0.0000001000000000
maximum_dsigma: 0.0100000000000000
mod: 10
pmod: 10
optimize: 1
verbose: 1
snapshot: 0
display: 1
explore: 1
npt: 0
nptxy: 0
nptdxdy: 0
shape: 0
seed: 114217
-10.048294326501 -3.312851142573 0.000000000000 1.000000000000
-3.573380193049 13.793125032814 0.866025403784 -0.500000000000
17.317380273222 10.316841403061 0.866025403784 0.500000000000
9.247976037384 2.932028000940 0.866025403784 -0.500000000000
10.263573306223 13.149123952591 0.000000000000 1.000000000000
4.293260012219 5.953925582755 0.866025403784 -0.500000000000
7.513292750486 2.541871935717 0.866025403784 0.500000000000
9.091792839025 9.620409862622 0.000000000000 1.000000000000
