#Configurational_file created 2018-09-14 13:45:55  started 2018-09-14 13:45:54 run for 1.0s steps 0
name: gc_91
step: 10000
specie: 7
	particle_diameter: 1.0000000000000000
	interaction_length: 1.2000000000000000
	number_of_patches: 3
	number_of_particles_per_compound: 1
	rod_length: 1.0000000000000000
	interaction_matrix:  1.000000 1.000000 1.000000 1.000000 1.000000 1.000000 1.000000 1.000000 1.000000
	patch_type: symmetric
	patch_width: 8.0000000000000000
	patch_angle: 0.0000000000000000
	angles:  0.000000 0.000000 0.000000
	grand_canonical: 1
	chemical_potential: -2.5862069999999999
box: 10.000000 10.000000
copy: 1.000000 1.000000
epsilon: 0.0000010000000000
end_epsilon: 0.0000000000000000
pressure: 1.0000000000000000
lambda: 0.0000000000000000
lambda_coupling: 1.0000000000000000
uy: 0.0000000000000000
maximum_displacement: 1.0000000000000000
maximum_rotation: 1.0000000000000000
maximum_volume: 0.0000001000000000
maximum_shape: 0.0000001000000000
maximum_dsigma: 0.0100000000000000
mod: 10
pmod: 10
optimize: 1
verbose: 1
snapshot: 0
display: 1
explore: 1
npt: 0
nptxy: 0
nptdxdy: 0
shape: 0
seed: 106258
2.715461136101 15.768432035927 0.866025403784 -0.500000000000
-8.980572870048 -8.320387021600 0.866025403784 -0.500000000000
0.000510080520 -1.792471904459 0.000000000000 1.000000000000
2.043379492186 7.977887767851 0.000000000000 1.000000000000
-8.004397875018 1.123802230901 0.000000000000 1.000000000000
-0.267446143622 4.747850953187 0.866025403784 -0.500000000000
10.865754532295 9.053539060572 0.866025403784 0.500000000000
