#Configurational_file created 2018-09-14 11:22:37  started 2018-09-14 11:22:36 run for 1.0s steps 0
name: gc_92
step: 10000
specie: 6
	particle_diameter: 1.0000000000000000
	interaction_length: 1.2000000000000000
	number_of_patches: 3
	number_of_particles_per_compound: 1
	rod_length: 1.0000000000000000
	interaction_matrix:  1.000000 1.000000 1.000000 1.000000 1.000000 1.000000 1.000000 1.000000 1.000000
	patch_type: symmetric
	patch_width: 8.0000000000000000
	patch_angle: 0.0000000000000000
	angles:  0.000000 0.000000 0.000000
	grand_canonical: 1
	chemical_potential: -2.5000000000000000
box: 10.000000 10.000000
copy: 1.000000 1.000000
epsilon: 1.3333670000000000
end_epsilon: 0.0000000000000000
pressure: 1.0000000000000000
lambda: 0.0000000000000000
lambda_coupling: 1.0000000000000000
uy: 0.0000000000000000
maximum_displacement: 1.0000000000000000
maximum_rotation: 1.0000000000000000
maximum_volume: 0.0000001000000000
maximum_shape: 0.0000001000000000
maximum_dsigma: 0.0100000000000000
mod: 10
pmod: 10
optimize: 1
verbose: 1
snapshot: 0
display: 1
explore: 1
npt: 0
nptxy: 0
nptdxdy: 0
shape: 0
seed: 107395
9.660483839989 7.280043677060 0.866025403784 0.500000000000
17.655674108982 32.280685517397 0.866025403784 -0.500000000000
-6.999054427501 8.978046618912 0.000000000000 1.000000000000
5.953887672392 -5.555804113973 0.866025403784 -0.500000000000
2.763859169870 10.690925139944 0.000000000000 1.000000000000
9.501203254991 4.464836009491 0.000000000000 1.000000000000
