#Configurational_file created 2018-09-14 13:45:58  started 2018-09-14 13:45:58 run for 0.0s steps 0
name: gc_97
step: 10000
specie: 12
	particle_diameter: 1.0000000000000000
	interaction_length: 1.2000000000000000
	number_of_patches: 3
	number_of_particles_per_compound: 1
	rod_length: 1.0000000000000000
	interaction_matrix:  1.000000 1.000000 1.000000 1.000000 1.000000 1.000000 1.000000 1.000000 1.000000
	patch_type: symmetric
	patch_width: 8.0000000000000000
	patch_angle: 0.0000000000000000
	angles:  0.000000 0.000000 0.000000
	grand_canonical: 1
	chemical_potential: -2.5862069999999999
box: 10.000000 10.000000
copy: 1.000000 1.000000
epsilon: 0.1034490000000000
end_epsilon: 0.0000000000000000
pressure: 1.0000000000000000
lambda: 0.0000000000000000
lambda_coupling: 1.0000000000000000
uy: 0.0000000000000000
maximum_displacement: 1.0000000000000000
maximum_rotation: 1.0000000000000000
maximum_volume: 0.0000001000000000
maximum_shape: 0.0000001000000000
maximum_dsigma: 0.0100000000000000
mod: 10
pmod: 10
optimize: 1
verbose: 1
snapshot: 0
display: 1
explore: 1
npt: 0
nptxy: 0
nptdxdy: 0
shape: 0
seed: 113080
4.446188696914 19.261824968251 0.000000000000 1.000000000000
16.455045334434 4.830839303143 0.000000000000 1.000000000000
7.493382284707 8.883997093646 0.000000000000 1.000000000000
-1.056932187763 10.814067235874 0.866025403784 -0.500000000000
8.493061499742 6.724017759808 0.866025403784 -0.500000000000
2.447485771478 -3.692460369670 0.000000000000 1.000000000000
11.914016486995 1.518094819908 0.000000000000 1.000000000000
5.211591523869 7.548869745208 0.000000000000 1.000000000000
13.172346903198 4.399194176128 0.866025403784 -0.500000000000
0.479021594277 7.130517254453 0.866025403784 0.500000000000
4.285060823149 6.786077015969 0.866025403784 0.500000000000
10.388491993598 14.192863587717 0.866025403784 0.500000000000
