#Configurational_file created 2018-09-14 13:57:59  started 2018-09-14 13:57:58 run for 1.0s steps 0
name: p_1020
step: 10000
specie: 20
	particle_diameter: 1.0000000000000000
	interaction_length: 1.2000000000000000
	number_of_patches: 3
	number_of_particles_per_compound: 1
	rod_length: 1.0000000000000000
	interaction_matrix:  1.000000 1.000000 1.000000 1.000000 1.000000 1.000000 1.000000 1.000000 1.000000
	patch_type: symmetric
	patch_width: 8.0000000000000000
	patch_angle: 0.0000000000000000
	angles:  0.000000 0.000000 0.000000
	grand_canonical: 0
	chemical_potential: 0.0000000000000000
box: 13.674926 13.674926
copy: 1.000000 1.000000
epsilon: 0.2068970000000000
end_epsilon: 0.0000000000000000
pressure: 0.5000000000000000
lambda: 0.0000000000000000
lambda_coupling: 1.0000000000000000
uy: 0.0000000000000000
maximum_displacement: 1.0000000000000000
maximum_rotation: 1.0000000000000000
maximum_volume: 1.0000000000000000
maximum_shape: 0.0000001000000000
maximum_dsigma: 0.0100000000000000
mod: 10
pmod: 10
optimize: 1
verbose: 1
snapshot: 0
display: 1
explore: 1
npt: 1
nptxy: 0
nptdxdy: 0
shape: 0
seed: 1162531
56.440260330051 30.706605345857 0.866025403784 0.500000000000
105.334594825028 67.352077521084 0.866025403784 0.500000000000
-54.758659780034 -91.172995779422 0.866025403784 0.500000000000
-45.773884024585 -81.315767065753 0.866025403784 0.500000000000
-34.344170428149 -100.857907000547 0.000000000000 1.000000000000
-95.345545530126 -57.619141175919 0.866025403784 0.500000000000
48.175965812053 -20.304934204476 0.000000000000 1.000000000000
-27.581885536040 -10.489710568222 0.866025403784 0.500000000000
-59.334328700780 38.202970939988 0.000000000000 1.000000000000
-77.969806190479 113.876484095676 0.866025403784 -0.500000000000
81.170580982726 -61.213770725034 0.000000000000 1.000000000000
135.683661509980 13.837719886243 0.866025403784 0.500000000000
84.545122896444 193.615278269750 0.866025403784 -0.500000000000
135.584601129599 111.642476032190 0.866025403784 -0.500000000000
-76.584943713267 -55.244689224432 0.866025403784 0.500000000000
100.857180314243 -141.245000993733 0.866025403784 0.500000000000
-72.795972274369 84.205856567447 0.866025403784 0.500000000000
196.708161557797 83.860452681114 0.000000000000 1.000000000000
33.240099580252 30.355424995557 0.866025403784 0.500000000000
9.872444447702 -51.617862172061 0.000000000000 1.000000000000
