#Configurational_file created 2018-09-14 13:58:12  started 2018-09-14 13:58:12 run for 0.0s steps 0
name: p_1040
step: 10000
specie: 20
	particle_diameter: 1.0000000000000000
	interaction_length: 1.2000000000000000
	number_of_patches: 3
	number_of_particles_per_compound: 1
	rod_length: 1.0000000000000000
	interaction_matrix:  1.000000 1.000000 1.000000 1.000000 1.000000 1.000000 1.000000 1.000000 1.000000
	patch_type: symmetric
	patch_width: 8.0000000000000000
	patch_angle: 0.0000000000000000
	angles:  0.000000 0.000000 0.000000
	grand_canonical: 0
	chemical_potential: 0.0000000000000000
box: 15.441757 15.441757
copy: 1.000000 1.000000
epsilon: 0.2758630000000000
end_epsilon: 0.0000000000000000
pressure: 0.3275870000000000
lambda: 0.0000000000000000
lambda_coupling: 1.0000000000000000
uy: 0.0000000000000000
maximum_displacement: 1.0000000000000000
maximum_rotation: 1.0000000000000000
maximum_volume: 1.0000000000000000
maximum_shape: 0.0000001000000000
maximum_dsigma: 0.0100000000000000
mod: 10
pmod: 10
optimize: 1
verbose: 1
snapshot: 0
display: 1
explore: 1
npt: 1
nptxy: 0
nptdxdy: 0
shape: 0
seed: 1185271
-3.249407107461 -103.734219601181 0.866025403784 0.500000000000
-47.574448622099 36.436257679147 0.000000000000 1.000000000000
-24.974029961479 -23.957441719890 0.000000000000 1.000000000000
62.727782284463 54.668528936664 0.866025403784 -0.500000000000
44.685538005007 -143.919836766201 0.866025403784 0.500000000000
146.410116599237 66.805669962180 0.000000000000 1.000000000000
238.471924509078 -125.009714183056 0.866025403784 0.500000000000
-187.565540974893 85.174524004013 0.866025403784 -0.500000000000
47.896158931126 128.206441491509 0.866025403784 -0.500000000000
-100.030662034532 -93.604330677787 0.000000000000 1.000000000000
50.627003039884 -6.375846335612 0.000000000000 1.000000000000
70.569324553589 109.550699219715 0.000000000000 1.000000000000
37.232185419631 -0.963427888940 0.866025403784 -0.500000000000
57.204553428168 153.176793326776 0.866025403784 0.500000000000
19.859677905433 100.230682290817 0.000000000000 1.000000000000
-46.476718791150 49.419948035225 0.866025403784 -0.500000000000
87.144331618337 -88.775437425160 0.000000000000 1.000000000000
-111.575542495147 -98.384729782573 0.866025403784 -0.500000000000
9.065832317741 33.679892699043 0.866025403784 0.500000000000
-125.594491346281 96.674639099224 0.866025403784 0.500000000000
