#Configurational_file created 2018-09-14 12:02:04  started 2018-09-14 12:02:03 run for 1.0s steps 0
name: p_1002
step: 10000
specie: 20
	particle_diameter: 1.0000000000000000
	interaction_length: 1.2000000000000000
	number_of_patches: 3
	number_of_particles_per_compound: 1
	rod_length: 1.0000000000000000
	interaction_matrix:  1.000000 1.000000 1.000000 1.000000 1.000000 1.000000 1.000000 1.000000 1.000000
	patch_type: symmetric
	patch_width: 8.0000000000000000
	patch_angle: 0.0000000000000000
	angles:  0.000000 0.000000 0.000000
	grand_canonical: 0
	chemical_potential: 0.0000000000000000
box: 43.382801 43.382801
copy: 1.000000 1.000000
epsilon: 0.0312500000000000
end_epsilon: 0.0000000000000000
pressure: 0.0041680000000000
lambda: 0.0000000000000000
lambda_coupling: 1.0000000000000000
uy: 0.0000000000000000
maximum_displacement: 1.0000000000000000
maximum_rotation: 1.0000000000000000
maximum_volume: 1.0000000000000000
maximum_shape: 0.0000001000000000
maximum_dsigma: 0.0100000000000000
mod: 10
pmod: 10
optimize: 1
verbose: 1
snapshot: 0
display: 1
explore: 1
npt: 1
nptxy: 0
nptdxdy: 0
shape: 0
seed: 1142065
-96.294868615748 287.407159018272 0.866025403784 0.500000000000
-207.376631579023 99.759286132786 0.866025403784 0.500000000000
-138.369007682430 -224.571950628088 0.866025403784 -0.500000000000
206.039419249215 8.399212530427 0.000000000000 1.000000000000
68.202782946800 -150.418014287341 0.866025403784 0.500000000000
-75.457853957736 172.458193006837 0.866025403784 0.500000000000
427.017780639372 153.953957436237 0.000000000000 1.000000000000
131.566687837886 97.679837061297 0.866025403784 -0.500000000000
235.594641747476 -143.677854954135 0.000000000000 1.000000000000
350.004642020758 439.746450202236 0.866025403784 0.500000000000
310.444878735175 137.181510196253 0.866025403784 -0.500000000000
-127.430880085722 79.197016084822 0.000000000000 1.000000000000
40.544034002138 166.313743590796 0.866025403784 -0.500000000000
-151.325742877521 200.581579147441 0.000000000000 1.000000000000
100.385710793215 -203.838862013571 0.866025403784 0.500000000000
97.291671225211 -32.156190814537 0.866025403784 -0.500000000000
35.676742676388 57.062349896599 0.866025403784 -0.500000000000
65.205624934145 -243.860963554908 0.000000000000 1.000000000000
95.045116220098 -46.244165513029 0.866025403784 -0.500000000000
-162.214799345840 -81.162272498186 0.866025403784 -0.500000000000
