#Configurational_file created 2018-09-14 11:35:48  started 2018-09-14 11:35:48 run for 0.0s steps 0
name: p_1094
step: 10000
specie: 20
	particle_diameter: 1.0000000000000000
	interaction_length: 1.2000000000000000
	number_of_patches: 3
	number_of_particles_per_compound: 1
	rod_length: 1.0000000000000000
	interaction_matrix:  1.000000 1.000000 1.000000 1.000000 1.000000 1.000000 1.000000 1.000000 1.000000
	patch_type: symmetric
	patch_width: 8.0000000000000000
	patch_angle: 0.0000000000000000
	angles:  0.000000 0.000000 0.000000
	grand_canonical: 0
	chemical_potential: 0.0000000000000000
box: 7.040066 7.040066
copy: 1.000000 1.000000
epsilon: 0.3750250000000000
end_epsilon: 0.0000000000000000
pressure: 1.5000249999999999
lambda: 0.0000000000000000
lambda_coupling: 1.0000000000000000
uy: 0.0000000000000000
maximum_displacement: 1.0000000000000000
maximum_rotation: 1.0000000000000000
maximum_volume: 0.6237645033390133
maximum_shape: 0.0000001000000000
maximum_dsigma: 0.0100000000000000
mod: 10
pmod: 10
optimize: 1
verbose: 1
snapshot: 0
display: 1
explore: 1
npt: 1
nptxy: 0
nptdxdy: 0
shape: 0
seed: 1246669
-16.030321957155 107.901179259104 0.866025403784 -0.500000000000
25.761850470999 78.406188391104 0.866025403784 0.500000000000
37.326106860247 57.681534621037 0.866025403784 0.500000000000
-6.441491859830 25.818951622295 0.866025403784 -0.500000000000
38.473739716049 -20.578213924155 0.866025403784 -0.500000000000
23.619493797854 140.034844270066 0.866025403784 -0.500000000000
-17.917859750179 53.411457069709 0.866025403784 -0.500000000000
-13.291763397347 -49.033213713505 0.866025403784 0.500000000000
29.651843167394 -53.616685287439 0.000000000000 1.000000000000
36.721254845921 39.282827016293 0.866025403784 -0.500000000000
43.009139768735 -45.653002449912 0.000000000000 1.000000000000
33.228402229303 -85.545636014919 0.000000000000 1.000000000000
17.570833490330 55.314531776889 0.000000000000 1.000000000000
-57.741046854647 14.501136212930 0.000000000000 1.000000000000
-20.930810520325 121.711878052344 0.866025403784 -0.500000000000
-81.163331736114 16.274138754198 0.000000000000 1.000000000000
34.635155024399 106.183441937586 0.866025403784 -0.500000000000
24.668188444417 -3.411877626493 0.000000000000 1.000000000000
-98.767222437877 -2.453423351794 0.866025403784 0.500000000000
-112.630994152345 36.832677474400 0.000000000000 1.000000000000
