#Configurational_file created 2018-09-14 12:03:13  started 2018-09-14 12:03:13 run for 0.0s steps 0
name: p_1097
step: 10000
specie: 20
	particle_diameter: 1.0000000000000000
	interaction_length: 1.2000000000000000
	number_of_patches: 3
	number_of_particles_per_compound: 1
	rod_length: 1.0000000000000000
	interaction_matrix:  1.000000 1.000000 1.000000 1.000000 1.000000 1.000000 1.000000 1.000000 1.000000
	patch_type: symmetric
	patch_width: 8.0000000000000000
	patch_angle: 0.0000000000000000
	angles:  0.000000 0.000000 0.000000
	grand_canonical: 0
	chemical_potential: 0.0000000000000000
box: 45.184364 45.184364
copy: 1.000000 1.000000
epsilon: 0.0375000000000000
end_epsilon: 0.0000000000000000
pressure: 0.0875000000000000
lambda: 0.0000000000000000
lambda_coupling: 1.0000000000000000
uy: 0.0000000000000000
maximum_displacement: 1.0000000000000000
maximum_rotation: 1.0000000000000000
maximum_volume: 1.0000000000000000
maximum_shape: 0.0000001000000000
maximum_dsigma: 0.0100000000000000
mod: 10
pmod: 10
optimize: 1
verbose: 1
snapshot: 0
display: 1
explore: 1
npt: 1
nptxy: 0
nptdxdy: 0
shape: 0
seed: 1250080
146.866684935567 -158.560021614558 0.866025403784 0.500000000000
-339.198366847484 -99.327111245393 0.000000000000 1.000000000000
58.157900583278 -217.097753951267 0.000000000000 1.000000000000
28.705512121673 324.400314303103 0.000000000000 1.000000000000
27.988940376455 19.395482445273 0.866025403784 -0.500000000000
167.047946055893 -267.018820040937 0.000000000000 1.000000000000
-84.826636551713 94.455231432814 0.866025403784 0.500000000000
-110.147662222010 -14.751935384986 0.000000000000 1.000000000000
178.362292946671 150.025521466976 0.000000000000 1.000000000000
79.796253192846 -303.058535564932 0.866025403784 -0.500000000000
-159.174829863637 349.460138109288 0.866025403784 0.500000000000
90.821684521825 24.827533921983 0.000000000000 1.000000000000
-109.083294109358 -116.439364254700 0.866025403784 0.500000000000
24.271472665746 41.763770961708 0.866025403784 0.500000000000
-36.013356190849 28.544955938436 0.000000000000 1.000000000000
32.941610659119 -55.221167770307 0.000000000000 1.000000000000
84.582375213932 158.211502314580 0.866025403784 -0.500000000000
-84.487689873258 122.024419879412 0.866025403784 -0.500000000000
-60.045252928488 14.426047485692 0.866025403784 0.500000000000
-228.872761820057 -271.249825214001 0.866025403784 -0.500000000000
