#Configurational_file created 2018-09-14 13:58:15  started 2018-09-14 13:58:15 run for 0.0s steps 0
name: p_1044
step: 10000
specie: 20
	particle_diameter: 1.0000000000000000
	interaction_length: 1.2000000000000000
	number_of_patches: 3
	number_of_particles_per_compound: 1
	rod_length: 1.0000000000000000
	interaction_matrix:  1.000000 1.000000 1.000000 1.000000 1.000000 1.000000 1.000000 1.000000 1.000000
	patch_type: symmetric
	patch_width: 8.0000000000000000
	patch_angle: 0.0000000000000000
	angles:  0.000000 0.000000 0.000000
	grand_canonical: 0
	chemical_potential: 0.0000000000000000
box: 14.651519 14.651519
copy: 1.000000 1.000000
epsilon: 0.2758630000000000
end_epsilon: 0.0000000000000000
pressure: 0.3965520000000000
lambda: 0.0000000000000000
lambda_coupling: 1.0000000000000000
uy: 0.0000000000000000
maximum_displacement: 1.0000000000000000
maximum_rotation: 1.0000000000000000
maximum_volume: 1.0000000000000000
maximum_shape: 0.0000001000000000
maximum_dsigma: 0.0100000000000000
mod: 10
pmod: 10
optimize: 1
verbose: 1
snapshot: 0
display: 1
explore: 1
npt: 1
nptxy: 0
nptdxdy: 0
shape: 0
seed: 1189819
119.285551670069 -95.012946870300 0.866025403784 0.500000000000
-194.949054971006 91.623673587683 0.866025403784 -0.500000000000
-56.364365099675 34.489985088876 0.000000000000 1.000000000000
143.355859341032 102.708136392574 0.866025403784 0.500000000000
110.640206160765 -56.683338221573 0.866025403784 0.500000000000
-15.126505878855 -137.114897641409 0.000000000000 1.000000000000
4.532283760123 47.011968670231 0.866025403784 -0.500000000000
173.355313359605 -59.790884644364 0.866025403784 0.500000000000
14.145888782572 -39.593748354618 0.000000000000 1.000000000000
-211.264601115365 87.879596452776 0.866025403784 -0.500000000000
-55.830840401616 0.549993128428 0.000000000000 1.000000000000
-16.675597676788 -108.393112831370 0.866025403784 -0.500000000000
-96.028634170577 10.842964188542 0.866025403784 -0.500000000000
-133.393855884979 -148.740253935670 0.000000000000 1.000000000000
3.247036308822 -95.375266193705 0.866025403784 -0.500000000000
108.403472989519 -191.181659474575 0.000000000000 1.000000000000
24.173610999612 166.093328146414 0.866025403784 -0.500000000000
118.078658456403 -19.818778970070 0.866025403784 -0.500000000000
10.835378871538 -183.595195913151 0.866025403784 0.500000000000
-6.157930577230 -68.775939130867 0.866025403784 -0.500000000000
