#Configurational_file created 2018-09-14 13:58:51  started 2018-09-14 13:58:51 run for 0.0s steps 0
name: p_1096
step: 10000
specie: 20
	particle_diameter: 1.0000000000000000
	interaction_length: 1.2000000000000000
	number_of_patches: 3
	number_of_particles_per_compound: 1
	rod_length: 1.0000000000000000
	interaction_matrix:  1.000000 1.000000 1.000000 1.000000 1.000000 1.000000 1.000000 1.000000 1.000000
	patch_type: symmetric
	patch_width: 8.0000000000000000
	patch_angle: 0.0000000000000000
	angles:  0.000000 0.000000 0.000000
	grand_canonical: 0
	chemical_potential: 0.0000000000000000
box: 16.781222 16.781222
copy: 1.000000 1.000000
epsilon: 0.4137940000000000
end_epsilon: 0.0000000000000000
pressure: 0.2586210000000000
lambda: 0.0000000000000000
lambda_coupling: 1.0000000000000000
uy: 0.0000000000000000
maximum_displacement: 1.0000000000000000
maximum_rotation: 1.0000000000000000
maximum_volume: 1.0000000000000000
maximum_shape: 0.0000001000000000
maximum_dsigma: 0.0100000000000000
mod: 10
pmod: 10
optimize: 1
verbose: 1
snapshot: 0
display: 1
explore: 1
npt: 1
nptxy: 0
nptdxdy: 0
shape: 0
seed: 1248943
-37.450288327887 220.803449846587 0.000000000000 1.000000000000
216.386249955994 46.261869028563 0.866025403784 -0.500000000000
92.948055102731 169.351865237961 0.866025403784 -0.500000000000
-150.011738989614 -154.291666862751 0.000000000000 1.000000000000
-27.870340322143 16.969368440428 0.000000000000 1.000000000000
-55.956088800029 18.965735217868 0.866025403784 -0.500000000000
-6.944619743158 -56.222251972181 0.000000000000 1.000000000000
-113.403479579475 91.293827654249 0.866025403784 -0.500000000000
-129.449004501933 34.845471307218 0.866025403784 -0.500000000000
76.449988405976 84.800578386324 0.866025403784 0.500000000000
-88.184818683021 -46.211396487262 0.866025403784 0.500000000000
4.088770264653 -2.737743471337 0.866025403784 -0.500000000000
70.185935655491 -171.633402977853 0.866025403784 0.500000000000
56.578709655008 111.351492610018 0.866025403784 0.500000000000
-43.494132190677 78.263384189553 0.000000000000 1.000000000000
-154.326406407007 59.204654336763 0.000000000000 1.000000000000
7.628755918892 138.544820358730 0.000000000000 1.000000000000
-5.636140929699 -121.777688204457 0.866025403784 -0.500000000000
-184.305001415263 42.764341860454 0.000000000000 1.000000000000
46.832531438710 240.273324156662 0.000000000000 1.000000000000
