#Configurational_file created 2018-09-14 12:02:11  started 2018-09-14 12:02:11 run for 0.0s steps 0
name: p_1012
step: 10000
specie: 20
	particle_diameter: 1.0000000000000000
	interaction_length: 1.2000000000000000
	number_of_patches: 3
	number_of_particles_per_compound: 1
	rod_length: 1.0000000000000000
	interaction_matrix:  1.000000 1.000000 1.000000 1.000000 1.000000 1.000000 1.000000 1.000000 1.000000
	patch_type: symmetric
	patch_width: 8.0000000000000000
	patch_angle: 0.0000000000000000
	angles:  0.000000 0.000000 0.000000
	grand_canonical: 0
	chemical_potential: 0.0000000000000000
box: 47.306970 47.306970
copy: 1.000000 1.000000
epsilon: 0.0312500000000000
end_epsilon: 0.0000000000000000
pressure: 0.0458340000000000
lambda: 0.0000000000000000
lambda_coupling: 1.0000000000000000
uy: 0.0000000000000000
maximum_displacement: 1.0000000000000000
maximum_rotation: 1.0000000000000000
maximum_volume: 1.0000000000000000
maximum_shape: 0.0000001000000000
maximum_dsigma: 0.0100000000000000
mod: 10
pmod: 10
optimize: 1
verbose: 1
snapshot: 0
display: 1
explore: 1
npt: 1
nptxy: 0
nptdxdy: 0
shape: 0
seed: 1153435
62.248335831658 45.739264679484 0.000000000000 1.000000000000
68.890534291787 34.315547816979 0.866025403784 -0.500000000000
-139.504340007347 8.733852310684 0.866025403784 0.500000000000
11.852231211784 145.080937877792 0.866025403784 -0.500000000000
82.166629564480 151.828876522098 0.000000000000 1.000000000000
117.530249420253 -47.192958521065 0.866025403784 -0.500000000000
93.295144371705 180.214931248573 0.866025403784 0.500000000000
217.926583695156 128.081947104121 0.866025403784 -0.500000000000
11.772570533633 -161.535704521668 0.000000000000 1.000000000000
-82.091712617497 324.872609226683 0.866025403784 -0.500000000000
-484.082095355254 -7.328942803298 0.866025403784 0.500000000000
-237.646448556557 63.375687936014 0.000000000000 1.000000000000
338.667492010506 -221.477829668000 0.866025403784 -0.500000000000
31.413768870988 -233.428114340444 0.000000000000 1.000000000000
-179.711875508567 -165.298271686393 0.866025403784 0.500000000000
-377.469455341644 -74.691601170898 0.866025403784 -0.500000000000
-7.358812959043 -37.843057386143 0.000000000000 1.000000000000
72.158651614041 82.774054676877 0.866025403784 0.500000000000
399.528905927741 92.591611461215 0.866025403784 0.500000000000
28.454452185959 -100.634610479072 0.000000000000 1.000000000000
