#Configurational_file created 2018-09-14 11:06:46  started 2018-09-14 11:06:45 run for 1.0s steps 0
name: p_106
step: 10000
specie: 20
	particle_diameter: 1.0000000000000000
	interaction_length: 1.2000000000000000
	number_of_patches: 3
	number_of_particles_per_compound: 1
	rod_length: 1.0000000000000000
	interaction_matrix:  1.000000 1.000000 1.000000 1.000000 1.000000 1.000000 1.000000 1.000000 1.000000
	patch_type: symmetric
	patch_width: 8.0000000000000000
	patch_angle: 0.0000000000000000
	angles:  0.000000 0.000000 0.000000
	grand_canonical: 0
	chemical_potential: 0.0000000000000000
box: 16.769894 16.769894
copy: 1.000000 1.000000
epsilon: 0.3571710000000000
end_epsilon: 0.0000000000000000
pressure: 0.2858000000000000
lambda: 0.0000000000000000
lambda_coupling: 1.0000000000000000
uy: 0.0000000000000000
maximum_displacement: 1.0000000000000000
maximum_rotation: 1.0000000000000000
maximum_volume: 1.0000000000000000
maximum_shape: 0.0000001000000000
maximum_dsigma: 0.0100000000000000
mod: 10
pmod: 10
optimize: 1
verbose: 1
snapshot: 0
display: 1
explore: 1
npt: 1
nptxy: 0
nptdxdy: 0
shape: 0
seed: 123392
-2.317873231537 -87.124799899622 0.000000000000 1.000000000000
22.959452062254 27.834976137250 0.000000000000 1.000000000000
157.126374057505 -33.797303395063 0.000000000000 1.000000000000
-56.734148463296 -99.004339429194 0.000000000000 1.000000000000
51.304353430186 -31.936381456941 0.866025403784 0.500000000000
130.832289878419 60.394418318992 0.866025403784 -0.500000000000
9.567571723786 77.119386260762 0.000000000000 1.000000000000
127.632435808274 64.288341485670 0.000000000000 1.000000000000
190.773714065882 -110.771450442635 0.866025403784 0.500000000000
-142.444587842142 -179.248727248775 0.866025403784 -0.500000000000
74.713909958188 -86.651064958864 0.866025403784 -0.500000000000
-33.418720174147 57.475850827871 0.000000000000 1.000000000000
-45.161448890855 -142.016662478291 0.866025403784 0.500000000000
-51.555553993192 114.980542245944 0.866025403784 0.500000000000
154.929332454089 30.393049027633 0.000000000000 1.000000000000
-39.155464724585 139.759244286012 0.866025403784 0.500000000000
56.072453258223 -56.072251380206 0.866025403784 -0.500000000000
-52.083224810528 11.161086870002 0.866025403784 -0.500000000000
57.799100356634 -60.187914434366 0.000000000000 1.000000000000
-167.634962207064 -248.566876492290 0.866025403784 0.500000000000
