#Configurational_file created 2018-09-14 11:34:42  started 2018-09-14 11:34:42 run for 0.0s steps 0
name: p_1016
step: 10000
specie: 20
	particle_diameter: 1.0000000000000000
	interaction_length: 1.2000000000000000
	number_of_patches: 3
	number_of_particles_per_compound: 1
	rod_length: 1.0000000000000000
	interaction_matrix:  1.000000 1.000000 1.000000 1.000000 1.000000 1.000000 1.000000 1.000000 1.000000
	patch_type: symmetric
	patch_width: 8.0000000000000000
	patch_angle: 0.0000000000000000
	angles:  0.000000 0.000000 0.000000
	grand_canonical: 0
	chemical_potential: 0.0000000000000000
box: 9.233174 9.233174
copy: 1.000000 1.000000
epsilon: 0.3125370000000000
end_epsilon: 0.0000000000000000
pressure: 1.2500370000000001
lambda: 0.0000000000000000
lambda_coupling: 1.0000000000000000
uy: 0.0000000000000000
maximum_displacement: 1.0000000000000000
maximum_rotation: 1.0000000000000000
maximum_volume: 1.0000000000000000
maximum_shape: 0.0000001000000000
maximum_dsigma: 0.0100000000000000
mod: 10
pmod: 10
optimize: 1
verbose: 1
snapshot: 0
display: 1
explore: 1
npt: 1
nptxy: 0
nptdxdy: 0
shape: 0
seed: 1157983
116.945990589337 -113.262929056552 0.866025403784 -0.500000000000
85.987031184170 -108.175514566536 0.000000000000 1.000000000000
26.297675662414 -47.599589316503 0.866025403784 0.500000000000
-34.174474623831 -50.044560966094 0.866025403784 0.500000000000
-12.877126073576 69.743103881528 0.866025403784 -0.500000000000
-168.111717121706 -105.835053852118 0.866025403784 -0.500000000000
70.126869617477 54.124874520293 0.866025403784 -0.500000000000
-9.004806599084 -52.026861456273 0.866025403784 -0.500000000000
-144.051205247494 -10.513845824837 0.866025403784 0.500000000000
17.424636016535 131.754619724925 0.000000000000 1.000000000000
-60.819266397175 25.805443247959 0.000000000000 1.000000000000
-47.814402956728 40.482119757303 0.866025403784 -0.500000000000
137.682564327164 19.603034656650 0.000000000000 1.000000000000
-0.040726825611 -188.229492849606 0.866025403784 0.500000000000
-169.901774341879 -17.532382683499 0.000000000000 1.000000000000
57.010983352392 17.135670300268 0.000000000000 1.000000000000
-58.156927155013 -62.422414562546 0.866025403784 0.500000000000
-7.043861988459 -27.530420500109 0.000000000000 1.000000000000
36.793485352387 -11.430897470059 0.866025403784 -0.500000000000
81.270787380835 76.865368241320 0.866025403784 0.500000000000
