#Configurational_file created 2018-09-14 13:58:08  started 2018-09-14 13:58:08 run for 0.0s steps 0
name: p_1034
step: 10000
specie: 20
	particle_diameter: 1.0000000000000000
	interaction_length: 1.2000000000000000
	number_of_patches: 3
	number_of_particles_per_compound: 1
	rod_length: 1.0000000000000000
	interaction_matrix:  1.000000 1.000000 1.000000 1.000000 1.000000 1.000000 1.000000 1.000000 1.000000
	patch_type: symmetric
	patch_width: 8.0000000000000000
	patch_angle: 0.0000000000000000
	angles:  0.000000 0.000000 0.000000
	grand_canonical: 0
	chemical_potential: 0.0000000000000000
box: 19.702169 19.702169
copy: 1.000000 1.000000
epsilon: 0.2758630000000000
end_epsilon: 0.0000000000000000
pressure: 0.2241380000000000
lambda: 0.0000000000000000
lambda_coupling: 1.0000000000000000
uy: 0.0000000000000000
maximum_displacement: 1.0000000000000000
maximum_rotation: 1.0000000000000000
maximum_volume: 1.0000000000000000
maximum_shape: 0.0000001000000000
maximum_dsigma: 0.0100000000000000
mod: 10
pmod: 10
optimize: 1
verbose: 1
snapshot: 0
display: 1
explore: 1
npt: 1
nptxy: 0
nptdxdy: 0
shape: 0
seed: 1178449
58.251459389158 -156.295208801674 0.866025403784 0.500000000000
-136.970732335788 -167.861499323527 0.866025403784 0.500000000000
19.567215320206 -61.333749941893 0.000000000000 1.000000000000
52.359947762985 63.573529293127 0.866025403784 -0.500000000000
146.397256129759 -68.632924346158 0.866025403784 0.500000000000
260.196988034589 43.341718201877 0.866025403784 -0.500000000000
106.610065934076 -96.068182550453 0.866025403784 -0.500000000000
78.982518456692 -84.068262305227 0.866025403784 0.500000000000
120.552261880094 80.733666659875 0.866025403784 0.500000000000
18.503397025955 -7.678445661746 0.000000000000 1.000000000000
229.097135924694 -0.106562914819 0.866025403784 0.500000000000
71.274754755185 57.310237448761 0.866025403784 0.500000000000
-209.178323983469 -18.399624769540 0.866025403784 -0.500000000000
144.396967896464 -60.563222962175 0.000000000000 1.000000000000
71.899572608329 -43.027637073155 0.866025403784 -0.500000000000
-81.954829071535 29.942254412169 0.866025403784 0.500000000000
-64.563225445591 -98.116920772046 0.000000000000 1.000000000000
-51.607099416801 -103.116242117240 0.866025403784 0.500000000000
-47.823704463748 25.006484189127 0.000000000000 1.000000000000
-122.536864508653 172.713869690895 0.866025403784 0.500000000000
