#Configurational_file created 2018-09-14 13:58:48  started 2018-09-14 13:58:47 run for 1.0s steps 0
name: p_1091
step: 10000
specie: 20
	particle_diameter: 1.0000000000000000
	interaction_length: 1.2000000000000000
	number_of_patches: 3
	number_of_particles_per_compound: 1
	rod_length: 1.0000000000000000
	interaction_matrix:  1.000000 1.000000 1.000000 1.000000 1.000000 1.000000 1.000000 1.000000 1.000000
	patch_type: symmetric
	patch_width: 8.0000000000000000
	patch_angle: 0.0000000000000000
	angles:  0.000000 0.000000 0.000000
	grand_canonical: 0
	chemical_potential: 0.0000000000000000
box: 18.090441 18.090441
copy: 1.000000 1.000000
epsilon: 0.4137940000000000
end_epsilon: 0.0000000000000000
pressure: 0.1724140000000000
lambda: 0.0000000000000000
lambda_coupling: 1.0000000000000000
uy: 0.0000000000000000
maximum_displacement: 1.0000000000000000
maximum_rotation: 1.0000000000000000
maximum_volume: 1.0000000000000000
maximum_shape: 0.0000001000000000
maximum_dsigma: 0.0100000000000000
mod: 10
pmod: 10
optimize: 1
verbose: 1
snapshot: 0
display: 1
explore: 1
npt: 1
nptxy: 0
nptdxdy: 0
shape: 0
seed: 1243258
-76.104191926021 14.484867600252 0.866025403784 -0.500000000000
122.467723523599 84.774160480120 0.000000000000 1.000000000000
19.143479425397 -27.473254903003 0.866025403784 -0.500000000000
-155.746871058655 -35.332746559920 0.866025403784 0.500000000000
30.119623338942 115.086180019702 0.866025403784 0.500000000000
84.687281301744 -1.452008271207 0.000000000000 1.000000000000
-44.153476951554 -14.007515454454 0.000000000000 1.000000000000
141.917020438584 147.403363920596 0.866025403784 0.500000000000
-122.199902581750 33.607146493932 0.000000000000 1.000000000000
-16.618841322360 42.964976461429 0.866025403784 -0.500000000000
-9.222668047569 133.936686906576 0.000000000000 1.000000000000
101.421526874367 251.420310382857 0.866025403784 0.500000000000
-97.950753252042 83.438022308161 0.866025403784 0.500000000000
99.650019035607 95.005114192537 0.866025403784 0.500000000000
-106.209505376463 0.344973390601 0.866025403784 -0.500000000000
-186.089817041766 -57.281482602211 0.866025403784 0.500000000000
-81.437036894076 193.907861623661 0.866025403784 0.500000000000
119.947158415583 26.859085410245 0.000000000000 1.000000000000
32.411943983666 -28.817945208869 0.866025403784 0.500000000000
-4.229622245697 -100.715310540594 0.866025403784 -0.500000000000
