#Configurational_file created 2018-09-14 12:02:22  started 2018-09-14 12:02:21 run for 1.0s steps 0
name: p_1026
step: 10000
specie: 20
	particle_diameter: 1.0000000000000000
	interaction_length: 1.2000000000000000
	number_of_patches: 3
	number_of_particles_per_compound: 1
	rod_length: 1.0000000000000000
	interaction_matrix:  1.000000 1.000000 1.000000 1.000000 1.000000 1.000000 1.000000 1.000000 1.000000
	patch_type: symmetric
	patch_width: 8.0000000000000000
	patch_angle: 0.0000000000000000
	angles:  0.000000 0.000000 0.000000
	grand_canonical: 0
	chemical_potential: 0.0000000000000000
box: 57.196767 57.196767
copy: 1.000000 1.000000
epsilon: 0.0333340000000000
end_epsilon: 0.0000000000000000
pressure: 0.0000010000000000
lambda: 0.0000000000000000
lambda_coupling: 1.0000000000000000
uy: 0.0000000000000000
maximum_displacement: 1.0000000000000000
maximum_rotation: 1.0000000000000000
maximum_volume: 1.0000000000000000
maximum_shape: 0.0000001000000000
maximum_dsigma: 0.0100000000000000
mod: 10
pmod: 10
optimize: 1
verbose: 1
snapshot: 0
display: 1
explore: 1
npt: 1
nptxy: 0
nptdxdy: 0
shape: 0
seed: 1169353
248.993856360274 -12.370495802635 0.000000000000 1.000000000000
276.418582670939 215.754886016448 0.866025403784 -0.500000000000
-174.530997999394 -17.426558870387 0.866025403784 0.500000000000
178.738468783835 -319.629934953538 0.866025403784 -0.500000000000
-410.624728712914 68.118175564071 0.000000000000 1.000000000000
-452.996691220023 -83.426163286637 0.866025403784 0.500000000000
38.341818200945 244.270390036059 0.866025403784 0.500000000000
364.822802139117 -163.069552383464 0.866025403784 0.500000000000
-45.340599143182 178.964993473254 0.866025403784 0.500000000000
180.747800667634 28.896349908037 0.000000000000 1.000000000000
-93.566312867983 -149.931872272021 0.866025403784 0.500000000000
7.195172194660 9.874436990382 0.866025403784 -0.500000000000
-170.541455380716 107.677117947740 0.866025403784 -0.500000000000
-118.886259990116 142.981896991849 0.866025403784 -0.500000000000
180.946101636103 -60.631931202091 0.866025403784 0.500000000000
-365.502867177015 -160.620907853311 0.866025403784 0.500000000000
105.191896789891 -45.156932219206 0.866025403784 -0.500000000000
-33.330649742312 -595.103744127309 0.866025403784 -0.500000000000
-63.809027676553 13.101281039489 0.000000000000 1.000000000000
309.416186210677 -155.106249109349 0.866025403784 -0.500000000000
