#Configurational_file created 2018-09-14 11:35:13  started 2018-09-14 11:35:13 run for 0.0s steps 0
name: p_1052
step: 10000
specie: 20
	particle_diameter: 1.0000000000000000
	interaction_length: 1.2000000000000000
	number_of_patches: 3
	number_of_particles_per_compound: 1
	rod_length: 1.0000000000000000
	interaction_matrix:  1.000000 1.000000 1.000000 1.000000 1.000000 1.000000 1.000000 1.000000 1.000000
	patch_type: symmetric
	patch_width: 8.0000000000000000
	patch_angle: 0.0000000000000000
	angles:  0.000000 0.000000 0.000000
	grand_canonical: 0
	chemical_potential: 0.0000000000000000
box: 24.896666 24.896666
copy: 1.000000 1.000000
epsilon: 0.3541960000000000
end_epsilon: 0.0000000000000000
pressure: 0.0834290000000000
lambda: 0.0000000000000000
lambda_coupling: 1.0000000000000000
uy: 0.0000000000000000
maximum_displacement: 1.0000000000000000
maximum_rotation: 1.0000000000000000
maximum_volume: 1.0000000000000000
maximum_shape: 0.0000001000000000
maximum_dsigma: 0.0100000000000000
mod: 10
pmod: 10
optimize: 1
verbose: 1
snapshot: 0
display: 1
explore: 1
npt: 1
nptxy: 0
nptdxdy: 0
shape: 0
seed: 1198915
-54.339906192972 22.745439732088 0.866025403784 -0.500000000000
31.380316510862 -127.925354392780 0.866025403784 -0.500000000000
159.269756664701 31.973985594283 0.000000000000 1.000000000000
-22.519850887052 10.626834948568 0.866025403784 0.500000000000
61.988293705194 -36.490272322491 0.866025403784 0.500000000000
-77.579567456728 232.952159884009 0.000000000000 1.000000000000
33.809959997042 -53.358014762040 0.000000000000 1.000000000000
250.020987413708 154.833724408531 0.000000000000 1.000000000000
241.447854185668 205.064929845921 0.866025403784 -0.500000000000
-59.428309693306 120.093223603971 0.866025403784 0.500000000000
129.279850914059 -128.749380060059 0.866025403784 -0.500000000000
-31.379281181737 -144.596489933348 0.866025403784 0.500000000000
23.548117227121 -88.227752208355 0.866025403784 -0.500000000000
2.091193866625 75.115092285919 0.866025403784 0.500000000000
0.918536191761 -2.498251573369 0.866025403784 -0.500000000000
66.558306600226 -11.925376515231 0.866025403784 -0.500000000000
64.155389559954 28.546490414052 0.000000000000 1.000000000000
105.996324210669 -0.607563479688 0.000000000000 1.000000000000
-164.389540346617 -20.484720134439 0.000000000000 1.000000000000
78.797461747600 42.803393893251 0.866025403784 0.500000000000
