#Configurational_file created 2018-09-14 13:57:57  started 2018-09-14 13:57:56 run for 1.0s steps 0
name: p_1017
step: 10000
specie: 20
	particle_diameter: 1.0000000000000000
	interaction_length: 1.2000000000000000
	number_of_patches: 3
	number_of_particles_per_compound: 1
	rod_length: 1.0000000000000000
	interaction_matrix:  1.000000 1.000000 1.000000 1.000000 1.000000 1.000000 1.000000 1.000000 1.000000
	patch_type: symmetric
	patch_width: 8.0000000000000000
	patch_angle: 0.0000000000000000
	angles:  0.000000 0.000000 0.000000
	grand_canonical: 0
	chemical_potential: 0.0000000000000000
box: 17.405845 17.405845
copy: 1.000000 1.000000
epsilon: 0.2068970000000000
end_epsilon: 0.0000000000000000
pressure: 0.4482760000000000
lambda: 0.0000000000000000
lambda_coupling: 1.0000000000000000
uy: 0.0000000000000000
maximum_displacement: 1.0000000000000000
maximum_rotation: 1.0000000000000000
maximum_volume: 1.0000000000000000
maximum_shape: 0.0000001000000000
maximum_dsigma: 0.0100000000000000
mod: 10
pmod: 10
optimize: 1
verbose: 1
snapshot: 0
display: 1
explore: 1
npt: 1
nptxy: 0
nptdxdy: 0
shape: 0
seed: 1159120
-141.051854072444 144.060756623439 0.000000000000 1.000000000000
-158.745151459182 23.593647192435 0.000000000000 1.000000000000
-124.261726979340 103.240744544386 0.000000000000 1.000000000000
32.330782609360 -114.114632083313 0.000000000000 1.000000000000
-67.694442773555 97.129619159884 0.866025403784 0.500000000000
-88.048618155074 35.396832351658 0.866025403784 -0.500000000000
-47.437084334127 -0.630143525889 0.866025403784 0.500000000000
230.250577144079 89.031536088683 0.866025403784 0.500000000000
128.181499938305 58.349288266300 0.000000000000 1.000000000000
41.121616945770 15.506727882667 0.000000000000 1.000000000000
73.227909510509 132.454680473589 0.866025403784 0.500000000000
70.428205306352 -190.799257390954 0.866025403784 -0.500000000000
14.610908113641 28.466628736257 0.000000000000 1.000000000000
-119.337702299242 -98.119468759844 0.866025403784 0.500000000000
-122.470108598167 112.284073352790 0.866025403784 -0.500000000000
-191.570753401361 -69.900132745542 0.000000000000 1.000000000000
-32.960532822517 59.132129749283 0.866025403784 -0.500000000000
-91.130029950222 -62.632192624119 0.866025403784 -0.500000000000
-157.414175935116 163.493678757815 0.000000000000 1.000000000000
250.639480837984 177.834772958101 0.866025403784 -0.500000000000
