#Configurational_file created 2018-09-14 11:34:37  started 2018-09-14 11:34:36 run for 1.0s steps 0
name: p_1009
step: 10000
specie: 20
	particle_diameter: 1.0000000000000000
	interaction_length: 1.2000000000000000
	number_of_patches: 3
	number_of_particles_per_compound: 1
	rod_length: 1.0000000000000000
	interaction_matrix:  1.000000 1.000000 1.000000 1.000000 1.000000 1.000000 1.000000 1.000000 1.000000
	patch_type: symmetric
	patch_width: 8.0000000000000000
	patch_angle: 0.0000000000000000
	angles:  0.000000 0.000000 0.000000
	grand_canonical: 0
	chemical_potential: 0.0000000000000000
box: 11.419594 11.419594
copy: 1.000000 1.000000
epsilon: 0.3125370000000000
end_epsilon: 0.0000000000000000
pressure: 0.6667330000000000
lambda: 0.0000000000000000
lambda_coupling: 1.0000000000000000
uy: 0.0000000000000000
maximum_displacement: 1.0000000000000000
maximum_rotation: 1.0000000000000000
maximum_volume: 1.0000000000000000
maximum_shape: 0.0000001000000000
maximum_dsigma: 0.0100000000000000
mod: 10
pmod: 10
optimize: 1
verbose: 1
snapshot: 0
display: 1
explore: 1
npt: 1
nptxy: 0
nptdxdy: 0
shape: 0
seed: 1150024
1.352206448602 29.237201574822 0.866025403784 -0.500000000000
-11.481197142165 97.825938191346 0.000000000000 1.000000000000
13.876758552396 44.298963844277 0.866025403784 0.500000000000
-91.842154890084 98.224622875704 0.866025403784 -0.500000000000
81.146147570561 -143.251273530110 0.866025403784 0.500000000000
111.741312888483 48.506359592031 0.866025403784 -0.500000000000
47.718507842481 62.559285423578 0.000000000000 1.000000000000
-57.585190932359 -23.638081767722 0.866025403784 0.500000000000
-15.724189487261 110.789360380381 0.000000000000 1.000000000000
59.462442806543 -55.845735187384 0.866025403784 -0.500000000000
11.388491414669 80.995284141648 0.866025403784 0.500000000000
2.903532027915 -85.195756099178 0.866025403784 0.500000000000
100.416400501394 50.252092621186 0.866025403784 0.500000000000
-158.865856949620 10.709008342561 0.866025403784 0.500000000000
-67.494026507723 -170.145307602641 0.866025403784 -0.500000000000
-136.686573415623 168.995519675527 0.866025403784 0.500000000000
-100.346716667323 -45.487103743905 0.866025403784 0.500000000000
-33.138233965744 87.787760415418 0.866025403784 -0.500000000000
-145.493245437081 -93.536351751277 0.000000000000 1.000000000000
-12.032787357224 50.682150573885 0.866025403784 -0.500000000000
