#Configurational_file created 2018-09-14 11:35:08  started 2018-09-14 11:35:07 run for 1.0s steps 0
name: p_1046
step: 10000
specie: 20
	particle_diameter: 1.0000000000000000
	interaction_length: 1.2000000000000000
	number_of_patches: 3
	number_of_particles_per_compound: 1
	rod_length: 1.0000000000000000
	interaction_matrix:  1.000000 1.000000 1.000000 1.000000 1.000000 1.000000 1.000000 1.000000 1.000000
	patch_type: symmetric
	patch_width: 8.0000000000000000
	patch_angle: 0.0000000000000000
	angles:  0.000000 0.000000 0.000000
	grand_canonical: 0
	chemical_potential: 0.0000000000000000
box: 7.261495 7.261495
copy: 1.000000 1.000000
epsilon: 0.3333670000000000
end_epsilon: 0.0000000000000000
pressure: 1.6666829999999999
lambda: 0.0000000000000000
lambda_coupling: 1.0000000000000000
uy: 0.0000000000000000
maximum_displacement: 1.0000000000000000
maximum_rotation: 1.0000000000000000
maximum_volume: 0.5864437375636238
maximum_shape: 0.0000001000000000
maximum_dsigma: 0.0100000000000000
mod: 10
pmod: 10
optimize: 1
verbose: 1
snapshot: 0
display: 1
explore: 1
npt: 1
nptxy: 0
nptdxdy: 0
shape: 0
seed: 1192093
-54.662725665472 -85.703877205188 0.866025403784 0.500000000000
-17.852017397626 -113.469129583366 0.000000000000 1.000000000000
69.530499382579 14.611603368366 0.866025403784 -0.500000000000
-70.347923988683 -53.145046304392 0.866025403784 -0.500000000000
17.316276017358 -7.207173992794 0.000000000000 1.000000000000
-35.662617502844 -99.280261673316 0.866025403784 0.500000000000
69.462421970172 -51.014412132690 0.000000000000 1.000000000000
-4.838278213474 39.077260311146 0.866025403784 -0.500000000000
-37.264032551724 -49.273770738124 0.000000000000 1.000000000000
-5.776348622076 -60.619227887297 0.000000000000 1.000000000000
131.581596315240 8.388495031538 0.000000000000 1.000000000000
-13.272415894559 -45.868961839835 0.866025403784 -0.500000000000
83.208077664334 -74.243573548814 0.000000000000 1.000000000000
44.524450893093 -61.717598377216 0.866025403784 0.500000000000
56.108711806106 -13.450771144581 0.866025403784 0.500000000000
-42.265304095830 -146.436509058740 0.866025403784 -0.500000000000
-52.732480108709 -67.158578157016 0.866025403784 -0.500000000000
52.224042455267 -70.452600245872 0.000000000000 1.000000000000
34.370696346764 -24.029014711877 0.000000000000 1.000000000000
78.807363820820 -10.367364510952 0.000000000000 1.000000000000
