#Configurational_file created 2018-09-14 12:02:15  started 2018-09-14 12:02:14 run for 1.0s steps 0
name: p_1017
step: 10000
specie: 20
	particle_diameter: 1.0000000000000000
	interaction_length: 1.2000000000000000
	number_of_patches: 3
	number_of_particles_per_compound: 1
	rod_length: 1.0000000000000000
	interaction_matrix:  1.000000 1.000000 1.000000 1.000000 1.000000 1.000000 1.000000 1.000000 1.000000
	patch_type: symmetric
	patch_width: 8.0000000000000000
	patch_angle: 0.0000000000000000
	angles:  0.000000 0.000000 0.000000
	grand_canonical: 0
	chemical_potential: 0.0000000000000000
box: 48.924587 48.924587
copy: 1.000000 1.000000
epsilon: 0.0312500000000000
end_epsilon: 0.0000000000000000
pressure: 0.0666670000000000
lambda: 0.0000000000000000
lambda_coupling: 1.0000000000000000
uy: 0.0000000000000000
maximum_displacement: 1.0000000000000000
maximum_rotation: 1.0000000000000000
maximum_volume: 1.0000000000000000
maximum_shape: 0.0000001000000000
maximum_dsigma: 0.0100000000000000
mod: 10
pmod: 10
optimize: 1
verbose: 1
snapshot: 0
display: 1
explore: 1
npt: 1
nptxy: 0
nptdxdy: 0
shape: 0
seed: 1159120
-90.953201663618 57.704647256655 0.866025403784 0.500000000000
60.179316870784 -107.182872584618 0.866025403784 0.500000000000
-243.863986797033 87.077189498815 0.866025403784 0.500000000000
-266.614905831765 -156.586019812152 0.866025403784 -0.500000000000
-170.540179588746 313.998146087290 0.000000000000 1.000000000000
-160.559389897621 128.573992234457 0.866025403784 -0.500000000000
193.475694551781 -218.754247553529 0.000000000000 1.000000000000
270.289563755658 193.975725627362 0.000000000000 1.000000000000
123.003834320001 -0.736059254301 0.866025403784 -0.500000000000
217.915447711452 -33.329914552102 0.866025403784 0.500000000000
235.798946745941 -8.344123572231 0.000000000000 1.000000000000
161.584089316918 -387.271679151902 0.866025403784 -0.500000000000
298.650867492436 171.039444630745 0.000000000000 1.000000000000
88.560634260891 112.131130724427 0.000000000000 1.000000000000
-14.029911523851 67.976010261583 0.866025403784 -0.500000000000
99.875591435353 -239.642401080949 0.866025403784 -0.500000000000
22.674859112656 222.635654275503 0.000000000000 1.000000000000
-294.573549719582 131.665310915146 0.000000000000 1.000000000000
-286.221974945886 119.652787016303 0.866025403784 -0.500000000000
80.891510252102 -131.923218302415 0.866025403784 0.500000000000
