#Configurational_file created 2018-09-14 12:20:38  started 2018-09-14 12:20:37 run for 1.0s steps 0
name: p_100
step: 10000
specie: 20
	particle_diameter: 1.0000000000000000
	interaction_length: 1.2000000000000000
	number_of_patches: 3
	number_of_particles_per_compound: 1
	rod_length: 1.0000000000000000
	interaction_matrix:  1.000000 1.000000 1.000000 1.000000 1.000000 1.000000 1.000000 1.000000 1.000000
	patch_type: symmetric
	patch_width: 8.0000000000000000
	patch_angle: 0.0000000000000000
	angles:  0.000000 0.000000 0.000000
	grand_canonical: 0
	chemical_potential: 0.0000000000000000
box: 12.882336 12.882336
copy: 1.000000 1.000000
epsilon: 2.0000000000000000
end_epsilon: 0.0000000000000000
pressure: 0.1000000000000000
lambda: 0.0000000000000000
lambda_coupling: 1.0000000000000000
uy: 0.0000000000000000
maximum_displacement: 1.0000000000000000
maximum_rotation: 1.0000000000000000
maximum_volume: 1.0000000000000000
maximum_shape: 0.0000001000000000
maximum_dsigma: 0.0100000000000000
mod: 10
pmod: 10
optimize: 1
verbose: 1
snapshot: 0
display: 1
explore: 1
npt: 1
nptxy: 0
nptdxdy: 0
shape: 0
seed: 116491
-3.048504573537 -38.002852673348 0.000000000000 1.000000000000
181.520107162576 -33.568708976378 0.866025403784 -0.500000000000
-46.539682779754 -15.953518324195 0.866025403784 -0.500000000000
-69.754759721715 88.938828939900 0.866025403784 0.500000000000
-124.118957662921 218.564198977778 0.000000000000 1.000000000000
51.841689443413 254.478211475965 0.866025403784 0.500000000000
15.241361517744 -2.814134204850 0.866025403784 0.500000000000
-68.734481877335 29.785680928747 0.000000000000 1.000000000000
38.175483416798 72.287091296393 0.866025403784 -0.500000000000
40.960505194352 32.023086651893 0.866025403784 0.500000000000
-44.171727827157 41.264062494250 0.000000000000 1.000000000000
16.414295231473 -25.637137004686 0.000000000000 1.000000000000
40.463255894127 24.999722022291 0.866025403784 -0.500000000000
149.463431286231 -21.362578375653 0.866025403784 0.500000000000
12.229132699712 2.602685968252 0.000000000000 1.000000000000
65.362732851133 64.665515085243 0.866025403784 -0.500000000000
-79.025179836791 -101.694379607293 0.866025403784 0.500000000000
-30.215459702626 112.955211467104 0.866025403784 -0.500000000000
57.802356179483 -59.014883671220 0.000000000000 1.000000000000
55.498236785618 -80.640056710649 0.000000000000 1.000000000000
