#Configurational_file created 2018-09-14 11:34:48  started 2018-09-14 11:34:47 run for 1.0s steps 0
name: p_1022
step: 10000
specie: 20
	particle_diameter: 1.0000000000000000
	interaction_length: 1.2000000000000000
	number_of_patches: 3
	number_of_particles_per_compound: 1
	rod_length: 1.0000000000000000
	interaction_matrix:  1.000000 1.000000 1.000000 1.000000 1.000000 1.000000 1.000000 1.000000 1.000000
	patch_type: symmetric
	patch_width: 8.0000000000000000
	patch_angle: 0.0000000000000000
	angles:  0.000000 0.000000 0.000000
	grand_canonical: 0
	chemical_potential: 0.0000000000000000
box: 7.711701 7.711701
copy: 1.000000 1.000000
epsilon: 0.3125370000000000
end_epsilon: 0.0000000000000000
pressure: 1.7500119999999999
lambda: 0.0000000000000000
lambda_coupling: 1.0000000000000000
uy: 0.0000000000000000
maximum_displacement: 1.0000000000000000
maximum_rotation: 1.0000000000000000
maximum_volume: 0.5828650216579592
maximum_shape: 0.0000001000000000
maximum_dsigma: 0.0100000000000000
mod: 10
pmod: 10
optimize: 1
verbose: 1
snapshot: 0
display: 1
explore: 1
npt: 1
nptxy: 0
nptdxdy: 0
shape: 0
seed: 1164805
-59.574103997720 8.833248617504 0.866025403784 0.500000000000
47.162926449341 31.178700332015 0.000000000000 1.000000000000
-25.568793902620 86.873929153108 0.866025403784 0.500000000000
53.097250632664 38.649634581610 0.866025403784 -0.500000000000
-29.004972303487 -59.546288881373 0.866025403784 -0.500000000000
10.449323020774 -21.717667174807 0.000000000000 1.000000000000
-13.582734534630 -47.022903951785 0.000000000000 1.000000000000
-87.154494782536 103.757874852302 0.000000000000 1.000000000000
25.739565083795 19.151508522927 0.866025403784 -0.500000000000
-30.624920816003 13.989325027244 0.866025403784 -0.500000000000
-65.825214193024 -108.536215956013 0.866025403784 -0.500000000000
43.992431513313 4.817515251668 0.866025403784 -0.500000000000
-15.490364612627 -65.670294745548 0.866025403784 0.500000000000
107.262117586003 -33.392508048864 0.866025403784 0.500000000000
-53.004875240868 -73.834260458840 0.866025403784 0.500000000000
-73.490345779290 13.812736887318 0.866025403784 0.500000000000
24.111120393869 -45.006309591369 0.866025403784 0.500000000000
-23.953485627729 -98.600354842031 0.866025403784 0.500000000000
-2.981790484856 -24.550255498522 0.866025403784 0.500000000000
-27.738336287615 -2.571228146278 0.000000000000 1.000000000000
