#Configurational_file created 2018-09-14 11:06:44  started 2018-09-14 11:06:43 run for 1.0s steps 0
name: p_103
step: 10000
specie: 20
	particle_diameter: 1.0000000000000000
	interaction_length: 1.2000000000000000
	number_of_patches: 3
	number_of_particles_per_compound: 1
	rod_length: 1.0000000000000000
	interaction_matrix:  1.000000 1.000000 1.000000 1.000000 1.000000 1.000000 1.000000 1.000000 1.000000
	patch_type: symmetric
	patch_width: 8.0000000000000000
	patch_angle: 0.0000000000000000
	angles:  0.000000 0.000000 0.000000
	grand_canonical: 0
	chemical_potential: 0.0000000000000000
box: 8.355453 8.355453
copy: 1.000000 1.000000
epsilon: 0.2857570000000000
end_epsilon: 0.0000000000000000
pressure: 1.7142999999999999
lambda: 0.0000000000000000
lambda_coupling: 1.0000000000000000
uy: 0.0000000000000000
maximum_displacement: 1.0000000000000000
maximum_rotation: 1.0000000000000000
maximum_volume: 0.6696641075804420
maximum_shape: 0.0000001000000000
maximum_dsigma: 0.0100000000000000
mod: 10
pmod: 10
optimize: 1
verbose: 1
snapshot: 0
display: 1
explore: 1
npt: 1
nptxy: 0
nptdxdy: 0
shape: 0
seed: 119981
45.014764073069 58.908022648058 0.866025403784 -0.500000000000
31.712820028857 76.890188721160 0.866025403784 -0.500000000000
-78.248851237574 -54.558048969293 0.866025403784 -0.500000000000
28.630322559834 60.061961672651 0.866025403784 -0.500000000000
-54.237110533855 -125.472655184608 0.000000000000 1.000000000000
-8.981813865931 59.914612700596 0.866025403784 -0.500000000000
53.398233039446 -4.559931220659 0.866025403784 0.500000000000
-26.002205566440 -43.780773806649 0.866025403784 0.500000000000
48.610740780640 42.347023396450 0.866025403784 -0.500000000000
-25.373051962087 -194.134543117771 0.000000000000 1.000000000000
-34.140818645160 -55.815004318068 0.866025403784 -0.500000000000
13.565462492672 110.775630079361 0.000000000000 1.000000000000
82.455092383010 -66.697323628427 0.866025403784 0.500000000000
-2.739400451111 55.510295502058 0.866025403784 -0.500000000000
30.875020252170 -50.300955293812 0.866025403784 -0.500000000000
98.405622017185 113.637358321887 0.000000000000 1.000000000000
-24.671050476389 -25.216549737414 0.866025403784 0.500000000000
-39.198619067261 -3.185657291139 0.000000000000 1.000000000000
93.945610138928 58.898558135588 0.866025403784 -0.500000000000
67.378368450058 53.572724737232 0.866025403784 -0.500000000000
