#Configurational_file created 2018-09-14 13:58:29  started 2018-09-14 13:58:28 run for 1.0s steps 0
name: p_1064
step: 10000
specie: 20
	particle_diameter: 1.0000000000000000
	interaction_length: 1.2000000000000000
	number_of_patches: 3
	number_of_particles_per_compound: 1
	rod_length: 1.0000000000000000
	interaction_matrix:  1.000000 1.000000 1.000000 1.000000 1.000000 1.000000 1.000000 1.000000 1.000000
	patch_type: symmetric
	patch_width: 8.0000000000000000
	patch_angle: 0.0000000000000000
	angles:  0.000000 0.000000 0.000000
	grand_canonical: 0
	chemical_potential: 0.0000000000000000
box: 16.560575 16.560575
copy: 1.000000 1.000000
epsilon: 0.3448280000000000
end_epsilon: 0.0000000000000000
pressure: 0.2241380000000000
lambda: 0.0000000000000000
lambda_coupling: 1.0000000000000000
uy: 0.0000000000000000
maximum_displacement: 1.0000000000000000
maximum_rotation: 1.0000000000000000
maximum_volume: 1.0000000000000000
maximum_shape: 0.0000001000000000
maximum_dsigma: 0.0100000000000000
mod: 10
pmod: 10
optimize: 1
verbose: 1
snapshot: 0
display: 1
explore: 1
npt: 1
nptxy: 0
nptdxdy: 0
shape: 0
seed: 1212559
-168.377695090248 -115.173111084838 0.866025403784 -0.500000000000
-23.061658023622 96.653942249580 0.866025403784 0.500000000000
179.107798638649 -174.580266645216 0.866025403784 -0.500000000000
155.855802264549 228.556859030209 0.866025403784 -0.500000000000
144.014088965467 290.871711738658 0.866025403784 0.500000000000
111.788556015010 44.581489443857 0.000000000000 1.000000000000
-141.661702842974 18.118454844564 0.866025403784 -0.500000000000
118.465953142910 53.769236652485 0.866025403784 0.500000000000
94.313394759442 36.318665235201 0.866025403784 -0.500000000000
152.152865399694 -45.844257445629 0.000000000000 1.000000000000
-15.587630654987 -175.945650329948 0.000000000000 1.000000000000
-63.258164148691 23.479388350271 0.000000000000 1.000000000000
28.206262998329 -19.383870522512 0.000000000000 1.000000000000
-16.674580244897 85.216023828482 0.866025403784 0.500000000000
-37.824836579872 -11.084948818921 0.866025403784 -0.500000000000
-66.804848527672 92.711961137323 0.866025403784 0.500000000000
-238.465779215091 -125.433783819414 0.866025403784 0.500000000000
49.670404764367 -11.765550469819 0.000000000000 1.000000000000
-82.037078028962 67.309940428825 0.000000000000 1.000000000000
48.132845875414 176.989646418369 0.866025403784 -0.500000000000
