#Configurational_file created 2018-09-14 12:02:06  started 2018-09-14 12:02:05 run for 1.0s steps 0
name: p_1004
step: 10000
specie: 20
	particle_diameter: 1.0000000000000000
	interaction_length: 1.2000000000000000
	number_of_patches: 3
	number_of_particles_per_compound: 1
	rod_length: 1.0000000000000000
	interaction_matrix:  1.000000 1.000000 1.000000 1.000000 1.000000 1.000000 1.000000 1.000000 1.000000
	patch_type: symmetric
	patch_width: 8.0000000000000000
	patch_angle: 0.0000000000000000
	angles:  0.000000 0.000000 0.000000
	grand_canonical: 0
	chemical_potential: 0.0000000000000000
box: 52.345699 52.345699
copy: 1.000000 1.000000
epsilon: 0.0312500000000000
end_epsilon: 0.0000000000000000
pressure: 0.0125010000000000
lambda: 0.0000000000000000
lambda_coupling: 1.0000000000000000
uy: 0.0000000000000000
maximum_displacement: 1.0000000000000000
maximum_rotation: 1.0000000000000000
maximum_volume: 1.0000000000000000
maximum_shape: 0.0000001000000000
maximum_dsigma: 0.0100000000000000
mod: 10
pmod: 10
optimize: 1
verbose: 1
snapshot: 0
display: 1
explore: 1
npt: 1
nptxy: 0
nptdxdy: 0
shape: 0
seed: 1144339
-190.078719424930 424.586690620348 0.866025403784 -0.500000000000
-67.407788123425 100.140464764638 0.000000000000 1.000000000000
142.374004674921 -49.886436323261 0.866025403784 0.500000000000
277.639859346142 154.678534306165 0.000000000000 1.000000000000
-243.122527749958 318.174061720903 0.866025403784 0.500000000000
-44.535626821233 75.471162982355 0.000000000000 1.000000000000
-98.234572085975 184.036462821741 0.866025403784 -0.500000000000
116.051492254571 -157.784102708357 0.000000000000 1.000000000000
161.129727312709 -245.864019923691 0.000000000000 1.000000000000
178.493894706895 -171.729832579385 0.866025403784 -0.500000000000
236.172665191851 128.548331454328 0.866025403784 0.500000000000
529.468407962493 105.624595595934 0.866025403784 -0.500000000000
32.128475181356 176.353232481486 0.866025403784 -0.500000000000
-154.096729099692 35.039958985474 0.866025403784 -0.500000000000
496.678824023909 -234.478451443248 0.000000000000 1.000000000000
463.417813794051 -174.870124214866 0.866025403784 0.500000000000
-8.972837584128 111.604414251885 0.866025403784 0.500000000000
-119.289921669701 87.827436934280 0.866025403784 0.500000000000
-52.686441199035 -9.471967490416 0.000000000000 1.000000000000
61.904768301323 104.318383712687 0.866025403784 0.500000000000
