#Configurational_file created 2018-09-14 13:58:04  started 2018-09-14 13:58:04 run for 0.0s steps 0
name: p_1028
step: 10000
specie: 20
	particle_diameter: 1.0000000000000000
	interaction_length: 1.2000000000000000
	number_of_patches: 3
	number_of_particles_per_compound: 1
	rod_length: 1.0000000000000000
	interaction_matrix:  1.000000 1.000000 1.000000 1.000000 1.000000 1.000000 1.000000 1.000000 1.000000
	patch_type: symmetric
	patch_width: 8.0000000000000000
	patch_angle: 0.0000000000000000
	angles:  0.000000 0.000000 0.000000
	grand_canonical: 0
	chemical_potential: 0.0000000000000000
box: 23.095888 23.095888
copy: 1.000000 1.000000
epsilon: 0.2758630000000000
end_epsilon: 0.0000000000000000
pressure: 0.1206900000000000
lambda: 0.0000000000000000
lambda_coupling: 1.0000000000000000
uy: 0.0000000000000000
maximum_displacement: 1.0000000000000000
maximum_rotation: 1.0000000000000000
maximum_volume: 1.0000000000000000
maximum_shape: 0.0000001000000000
maximum_dsigma: 0.0100000000000000
mod: 10
pmod: 10
optimize: 1
verbose: 1
snapshot: 0
display: 1
explore: 1
npt: 1
nptxy: 0
nptdxdy: 0
shape: 0
seed: 1171627
218.572428326540 -123.989542395326 0.866025403784 0.500000000000
-37.486953560487 -10.451868889530 0.866025403784 -0.500000000000
-6.049793516367 29.542591978643 0.866025403784 0.500000000000
71.501751382164 47.083679656005 0.866025403784 0.500000000000
-1.746772362138 -121.399814882419 0.866025403784 0.500000000000
-112.748952645836 -104.428301691255 0.866025403784 -0.500000000000
58.078686778852 -56.126350519169 0.866025403784 -0.500000000000
-78.593388107663 -249.190646031780 0.866025403784 0.500000000000
56.115633947204 -59.160988166651 0.866025403784 -0.500000000000
137.077223866842 115.998573070982 0.866025403784 0.500000000000
-69.091970091208 25.966444011743 0.000000000000 1.000000000000
53.331606518567 125.937749453132 0.866025403784 -0.500000000000
73.356614178122 9.302529181860 0.866025403784 -0.500000000000
-131.486127705364 94.318491611656 0.866025403784 -0.500000000000
-69.792727174910 -134.006744827976 0.000000000000 1.000000000000
-103.105160348998 -141.348975577659 0.000000000000 1.000000000000
55.138392263926 -38.823915736249 0.000000000000 1.000000000000
-65.590914212010 140.134526487206 0.866025403784 0.500000000000
-25.177987940452 65.101634563945 0.866025403784 0.500000000000
171.379185938338 86.725074008042 0.866025403784 0.500000000000
