#Configurational_file created 2018-09-14 11:35:03  started 2018-09-14 11:35:02 run for 1.0s steps 0
name: p_1040
step: 10000
specie: 20
	particle_diameter: 1.0000000000000000
	interaction_length: 1.2000000000000000
	number_of_patches: 3
	number_of_particles_per_compound: 1
	rod_length: 1.0000000000000000
	interaction_matrix:  1.000000 1.000000 1.000000 1.000000 1.000000 1.000000 1.000000 1.000000 1.000000
	patch_type: symmetric
	patch_width: 8.0000000000000000
	patch_angle: 0.0000000000000000
	angles:  0.000000 0.000000 0.000000
	grand_canonical: 0
	chemical_potential: 0.0000000000000000
box: 9.001110 9.001110
copy: 1.000000 1.000000
epsilon: 0.3333670000000000
end_epsilon: 0.0000000000000000
pressure: 1.1667080000000001
lambda: 0.0000000000000000
lambda_coupling: 1.0000000000000000
uy: 0.0000000000000000
maximum_displacement: 1.0000000000000000
maximum_rotation: 1.0000000000000000
maximum_volume: 0.9408000000000000
maximum_shape: 0.0000001000000000
maximum_dsigma: 0.0100000000000000
mod: 10
pmod: 10
optimize: 1
verbose: 1
snapshot: 0
display: 1
explore: 1
npt: 1
nptxy: 0
nptdxdy: 0
shape: 0
seed: 1185271
75.717582275713 -63.060913523222 0.866025403784 0.500000000000
-69.559897305826 -3.863791368106 0.000000000000 1.000000000000
-34.477778890618 79.450987126664 0.000000000000 1.000000000000
76.625254923636 -34.560659837433 0.000000000000 1.000000000000
-40.951528349475 -22.505309143586 0.866025403784 0.500000000000
138.646627608313 16.013301088234 0.000000000000 1.000000000000
22.424072850011 -32.729877933957 0.866025403784 0.500000000000
-17.471624470310 -16.596535652290 0.000000000000 1.000000000000
-31.044698142641 52.953362314485 0.866025403784 0.500000000000
-24.987300492605 64.152952256988 0.866025403784 -0.500000000000
-45.370306354874 38.201180625478 0.866025403784 -0.500000000000
75.761673297027 73.047200678404 0.866025403784 -0.500000000000
-54.633608869365 -23.714151101379 0.866025403784 -0.500000000000
-46.902958650453 -0.331297904743 0.000000000000 1.000000000000
2.371859307565 104.771930241801 0.866025403784 -0.500000000000
-20.797228042791 113.349720829876 0.866025403784 -0.500000000000
91.039576287764 49.539958851850 0.866025403784 0.500000000000
51.227014684087 -154.107521842536 0.000000000000 1.000000000000
6.563954530921 84.398320281430 0.866025403784 0.500000000000
50.620522396301 134.977670527661 0.000000000000 1.000000000000
