#Configurational_file created 2018-09-14 11:35:27  started 2018-09-14 11:35:26 run for 1.0s steps 0
name: p_1069
step: 10000
specie: 20
	particle_diameter: 1.0000000000000000
	interaction_length: 1.2000000000000000
	number_of_patches: 3
	number_of_particles_per_compound: 1
	rod_length: 1.0000000000000000
	interaction_matrix:  1.000000 1.000000 1.000000 1.000000 1.000000 1.000000 1.000000 1.000000 1.000000
	patch_type: symmetric
	patch_width: 8.0000000000000000
	patch_angle: 0.0000000000000000
	angles:  0.000000 0.000000 0.000000
	grand_canonical: 0
	chemical_potential: 0.0000000000000000
box: 7.535657 7.535657
copy: 1.000000 1.000000
epsilon: 0.3541960000000000
end_epsilon: 0.0000000000000000
pressure: 1.5000249999999999
lambda: 0.0000000000000000
lambda_coupling: 1.0000000000000000
uy: 0.0000000000000000
maximum_displacement: 1.0000000000000000
maximum_rotation: 1.0000000000000000
maximum_volume: 0.8686948123986331
maximum_shape: 0.0000001000000000
maximum_dsigma: 0.0100000000000000
mod: 10
pmod: 10
optimize: 1
verbose: 1
snapshot: 0
display: 1
explore: 1
npt: 1
nptxy: 0
nptdxdy: 0
shape: 0
seed: 1218244
120.365838821677 -10.034735214058 0.866025403784 -0.500000000000
17.823225750345 -60.543951592556 0.866025403784 0.500000000000
-5.260378408033 4.289025139365 0.000000000000 1.000000000000
91.280835717831 -50.229301622658 0.000000000000 1.000000000000
53.785161499576 21.771672027319 0.866025403784 -0.500000000000
64.847464137604 -7.709979921907 0.000000000000 1.000000000000
-38.516698666011 129.355799362043 0.866025403784 0.500000000000
53.624956096966 -8.880455042772 0.866025403784 0.500000000000
-71.971441768072 -35.799963764538 0.866025403784 -0.500000000000
50.753244500597 -83.430009477167 0.000000000000 1.000000000000
9.775712670237 -1.478260676908 0.000000000000 1.000000000000
141.265509309474 -6.263984397290 0.866025403784 -0.500000000000
42.305651076740 18.197551136887 0.000000000000 1.000000000000
24.026983044706 -89.457538635954 0.000000000000 1.000000000000
28.031611847350 19.100736817529 0.866025403784 -0.500000000000
-30.159883702840 -19.655857418747 0.866025403784 0.500000000000
-44.996887009373 1.349396721692 0.866025403784 0.500000000000
56.761939377752 22.785221848907 0.866025403784 0.500000000000
116.532617478215 14.362335208580 0.000000000000 1.000000000000
101.576489369182 -47.813242564734 0.866025403784 0.500000000000
