#Configurational_file created 2018-09-14 13:57:55  started 2018-09-14 13:57:54 run for 1.0s steps 0
name: p_1014
step: 10000
specie: 20
	particle_diameter: 1.0000000000000000
	interaction_length: 1.2000000000000000
	number_of_patches: 3
	number_of_particles_per_compound: 1
	rod_length: 1.0000000000000000
	interaction_matrix:  1.000000 1.000000 1.000000 1.000000 1.000000 1.000000 1.000000 1.000000 1.000000
	patch_type: symmetric
	patch_width: 8.0000000000000000
	patch_angle: 0.0000000000000000
	angles:  0.000000 0.000000 0.000000
	grand_canonical: 0
	chemical_potential: 0.0000000000000000
box: 18.522649 18.522649
copy: 1.000000 1.000000
epsilon: 0.2068970000000000
end_epsilon: 0.0000000000000000
pressure: 0.3965520000000000
lambda: 0.0000000000000000
lambda_coupling: 1.0000000000000000
uy: 0.0000000000000000
maximum_displacement: 1.0000000000000000
maximum_rotation: 1.0000000000000000
maximum_volume: 1.0000000000000000
maximum_shape: 0.0000001000000000
maximum_dsigma: 0.0100000000000000
mod: 10
pmod: 10
optimize: 1
verbose: 1
snapshot: 0
display: 1
explore: 1
npt: 1
nptxy: 0
nptdxdy: 0
shape: 0
seed: 1155709
2.805157387522 14.040814927764 0.000000000000 1.000000000000
178.206269719184 26.074270730050 0.866025403784 -0.500000000000
-325.191853076755 183.556607055747 0.866025403784 0.500000000000
35.716021562321 83.807580466129 0.000000000000 1.000000000000
-205.254101180439 52.535804525556 0.866025403784 -0.500000000000
-113.163417851491 -61.408471945527 0.866025403784 -0.500000000000
-155.865775329565 58.478296798813 0.866025403784 0.500000000000
-68.082012740570 -8.616879169816 0.866025403784 -0.500000000000
76.879242105044 65.240899775485 0.000000000000 1.000000000000
-103.151123362832 -139.801133384567 0.000000000000 1.000000000000
-159.169032519945 34.201751789758 0.866025403784 0.500000000000
67.971510757183 35.231065505935 0.866025403784 -0.500000000000
-112.118396058626 -40.460226287842 0.866025403784 0.500000000000
-99.586219857873 -78.905009325919 0.866025403784 0.500000000000
-139.036599090066 -42.617568465600 0.866025403784 0.500000000000
75.257055670379 -141.891981655827 0.866025403784 0.500000000000
-102.002697265677 48.069502487970 0.866025403784 0.500000000000
31.677728646775 -155.066993299282 0.866025403784 -0.500000000000
62.027128948833 79.562390777058 0.000000000000 1.000000000000
-11.400459215816 -97.571072217960 0.000000000000 1.000000000000
