#Configurational_file created 2018-09-14 11:06:43  started 2018-09-14 11:06:42 run for 1.0s steps 0
name: p_102
step: 10000
specie: 20
	particle_diameter: 1.0000000000000000
	interaction_length: 1.2000000000000000
	number_of_patches: 3
	number_of_particles_per_compound: 1
	rod_length: 1.0000000000000000
	interaction_matrix:  1.000000 1.000000 1.000000 1.000000 1.000000 1.000000 1.000000 1.000000 1.000000
	patch_type: symmetric
	patch_width: 8.0000000000000000
	patch_angle: 0.0000000000000000
	angles:  0.000000 0.000000 0.000000
	grand_canonical: 0
	chemical_potential: 0.0000000000000000
box: 7.562790 7.562790
copy: 1.000000 1.000000
epsilon: 0.2857570000000000
end_epsilon: 0.0000000000000000
pressure: 1.4286000000000001
lambda: 0.0000000000000000
lambda_coupling: 1.0000000000000000
uy: 0.0000000000000000
maximum_displacement: 1.0000000000000000
maximum_rotation: 1.0000000000000000
maximum_volume: 0.9800000000000000
maximum_shape: 0.0000001000000000
maximum_dsigma: 0.0100000000000000
mod: 10
pmod: 10
optimize: 1
verbose: 1
snapshot: 0
display: 1
explore: 1
npt: 1
nptxy: 0
nptdxdy: 0
shape: 0
seed: 118844
-6.403250717770 17.047566940311 0.000000000000 1.000000000000
-40.453808798534 115.775047354371 0.000000000000 1.000000000000
47.375217943093 -42.750885154809 0.866025403784 0.500000000000
53.565284516150 -15.538439565492 0.866025403784 0.500000000000
127.703103771141 49.071060987462 0.000000000000 1.000000000000
166.623494347672 141.821979666722 0.000000000000 1.000000000000
127.097661864551 -12.695056503183 0.000000000000 1.000000000000
8.117334601459 -12.707414641513 0.866025403784 0.500000000000
-39.571714895478 -16.530685275327 0.866025403784 0.500000000000
142.895002987497 14.550388681987 0.866025403784 -0.500000000000
37.352648584697 -48.890264239351 0.866025403784 -0.500000000000
21.134594076658 -19.682944798659 0.866025403784 -0.500000000000
9.540906509456 -62.361712197517 0.866025403784 0.500000000000
111.446979002129 -55.171148516315 0.000000000000 1.000000000000
48.446295007926 -56.597129112736 0.866025403784 -0.500000000000
10.703494574621 83.744849012799 0.866025403784 0.500000000000
72.131521817565 -142.936739551605 0.000000000000 1.000000000000
-110.287243904720 21.576095337327 0.866025403784 -0.500000000000
50.888657538614 105.605716764957 0.866025403784 0.500000000000
-43.855294934738 30.295963601637 0.000000000000 1.000000000000
