#Configurational_file created 2018-09-14 13:58:41  started 2018-09-14 13:58:40 run for 1.0s steps 0
name: p_1080
step: 10000
specie: 20
	particle_diameter: 1.0000000000000000
	interaction_length: 1.2000000000000000
	number_of_patches: 3
	number_of_particles_per_compound: 1
	rod_length: 1.0000000000000000
	interaction_matrix:  1.000000 1.000000 1.000000 1.000000 1.000000 1.000000 1.000000 1.000000 1.000000
	patch_type: symmetric
	patch_width: 8.0000000000000000
	patch_angle: 0.0000000000000000
	angles:  0.000000 0.000000 0.000000
	grand_canonical: 0
	chemical_potential: 0.0000000000000000
box: 15.650060 15.650060
copy: 1.000000 1.000000
epsilon: 0.3448280000000000
end_epsilon: 0.0000000000000000
pressure: 0.5000000000000000
lambda: 0.0000000000000000
lambda_coupling: 1.0000000000000000
uy: 0.0000000000000000
maximum_displacement: 1.0000000000000000
maximum_rotation: 1.0000000000000000
maximum_volume: 1.0000000000000000
maximum_shape: 0.0000001000000000
maximum_dsigma: 0.0100000000000000
mod: 10
pmod: 10
optimize: 1
verbose: 1
snapshot: 0
display: 1
explore: 1
npt: 1
nptxy: 0
nptdxdy: 0
shape: 0
seed: 1230751
-64.740446092211 -12.590616190471 0.866025403784 -0.500000000000
-152.451583389679 -58.534883936497 0.866025403784 -0.500000000000
80.372810181390 -78.392949961255 0.000000000000 1.000000000000
-51.349381959825 155.530925459755 0.866025403784 -0.500000000000
-69.678146280984 -253.985887682622 0.866025403784 0.500000000000
-29.760524376145 220.438546589147 0.866025403784 -0.500000000000
19.751363637578 -81.439625347002 0.000000000000 1.000000000000
-2.337112239063 193.524269408919 0.866025403784 -0.500000000000
-47.992763104356 167.069442385712 0.866025403784 -0.500000000000
125.049277982433 -110.059869079686 0.866025403784 -0.500000000000
-3.745948229946 40.663853002921 0.866025403784 -0.500000000000
-126.652290677112 -77.121436665074 0.000000000000 1.000000000000
87.861810531877 63.315293636599 0.866025403784 0.500000000000
130.693347408915 52.534487847733 0.866025403784 -0.500000000000
83.261139790306 19.316986742268 0.866025403784 -0.500000000000
25.266961103770 -34.827425316214 0.866025403784 0.500000000000
-31.796458946472 -79.566372447105 0.000000000000 1.000000000000
-77.812860177200 -56.429426062912 0.866025403784 0.500000000000
87.479455016827 -22.635132627952 0.866025403784 0.500000000000
-42.104325475086 -78.487889739569 0.000000000000 1.000000000000
