#Configurational_file created 2018-09-14 11:35:34  started 2018-09-14 11:35:34 run for 0.0s steps 0
name: p_1077
step: 10000
specie: 20
	particle_diameter: 1.0000000000000000
	interaction_length: 1.2000000000000000
	number_of_patches: 3
	number_of_particles_per_compound: 1
	rod_length: 1.0000000000000000
	interaction_matrix:  1.000000 1.000000 1.000000 1.000000 1.000000 1.000000 1.000000 1.000000 1.000000
	patch_type: symmetric
	patch_width: 8.0000000000000000
	patch_angle: 0.0000000000000000
	angles:  0.000000 0.000000 0.000000
	grand_canonical: 0
	chemical_potential: 0.0000000000000000
box: 24.497325 24.497325
copy: 1.000000 1.000000
epsilon: 0.3750250000000000
end_epsilon: 0.0000000000000000
pressure: 0.0834290000000000
lambda: 0.0000000000000000
lambda_coupling: 1.0000000000000000
uy: 0.0000000000000000
maximum_displacement: 1.0000000000000000
maximum_rotation: 1.0000000000000000
maximum_volume: 1.0000000000000000
maximum_shape: 0.0000001000000000
maximum_dsigma: 0.0100000000000000
mod: 10
pmod: 10
optimize: 1
verbose: 1
snapshot: 0
display: 1
explore: 1
npt: 1
nptxy: 0
nptdxdy: 0
shape: 0
seed: 1227340
-207.251463699813 100.277498213895 0.866025403784 0.500000000000
22.338729187734 222.687889633025 0.000000000000 1.000000000000
198.605716890971 -112.664434583663 0.866025403784 0.500000000000
23.128117195100 -1.674543255111 0.866025403784 -0.500000000000
8.444731733358 26.936421545842 0.866025403784 -0.500000000000
14.014063209582 20.182132332163 0.866025403784 0.500000000000
-29.902572933693 -107.809872384929 0.000000000000 1.000000000000
-104.744523621524 -84.975018043863 0.866025403784 -0.500000000000
79.406262589655 180.098777635892 0.000000000000 1.000000000000
40.688684809670 -18.275193117095 0.866025403784 -0.500000000000
56.622580215263 -47.931008513095 0.000000000000 1.000000000000
63.176737397909 281.987278294664 0.000000000000 1.000000000000
26.170258696569 -60.992767665633 0.000000000000 1.000000000000
-74.743497302253 -59.391062826518 0.000000000000 1.000000000000
-191.201756443958 8.400454852794 0.000000000000 1.000000000000
139.230463994071 179.413920820118 0.866025403784 -0.500000000000
79.023521486934 -131.006124923365 0.866025403784 0.500000000000
9.761508960452 16.284051402244 0.000000000000 1.000000000000
-67.721526266027 38.960251459784 0.000000000000 1.000000000000
111.954624909387 -105.046169158552 0.866025403784 -0.500000000000
