#Configurational_file created 2018-09-14 13:57:51  started 2018-09-14 13:57:51 run for 0.0s steps 0
name: p_1009
step: 10000
specie: 20
	particle_diameter: 1.0000000000000000
	interaction_length: 1.2000000000000000
	number_of_patches: 3
	number_of_particles_per_compound: 1
	rod_length: 1.0000000000000000
	interaction_matrix:  1.000000 1.000000 1.000000 1.000000 1.000000 1.000000 1.000000 1.000000 1.000000
	patch_type: symmetric
	patch_width: 8.0000000000000000
	patch_angle: 0.0000000000000000
	angles:  0.000000 0.000000 0.000000
	grand_canonical: 0
	chemical_potential: 0.0000000000000000
box: 21.690514 21.690514
copy: 1.000000 1.000000
epsilon: 0.2068970000000000
end_epsilon: 0.0000000000000000
pressure: 0.3103450000000000
lambda: 0.0000000000000000
lambda_coupling: 1.0000000000000000
uy: 0.0000000000000000
maximum_displacement: 1.0000000000000000
maximum_rotation: 1.0000000000000000
maximum_volume: 1.0000000000000000
maximum_shape: 0.0000001000000000
maximum_dsigma: 0.0100000000000000
mod: 10
pmod: 10
optimize: 1
verbose: 1
snapshot: 0
display: 1
explore: 1
npt: 1
nptxy: 0
nptdxdy: 0
shape: 0
seed: 1150024
-31.382836971098 -35.816459480453 0.000000000000 1.000000000000
-72.856102287728 -162.678285339146 0.000000000000 1.000000000000
209.667349895345 33.530886234902 0.866025403784 -0.500000000000
-164.788815004493 -90.723363453919 0.866025403784 -0.500000000000
-16.946567934727 -182.224911107807 0.866025403784 -0.500000000000
73.990676097594 -63.701550765266 0.866025403784 -0.500000000000
56.656768439908 -154.226588762242 0.866025403784 -0.500000000000
-78.445134584674 -129.793168240130 0.866025403784 -0.500000000000
-75.152862060992 11.982074883680 0.000000000000 1.000000000000
7.284270906614 -27.321075661957 0.000000000000 1.000000000000
-13.950826616689 6.444576479137 0.000000000000 1.000000000000
-35.960350958810 67.075735235378 0.866025403784 -0.500000000000
-12.410343212040 14.120068398908 0.866025403784 -0.500000000000
-46.512275581518 25.542778685273 0.000000000000 1.000000000000
-156.597860731166 -84.564243131672 0.000000000000 1.000000000000
-171.118288492549 113.273231982398 0.000000000000 1.000000000000
-17.200482175286 46.219343929154 0.866025403784 0.500000000000
16.254406343837 -209.008626908399 0.866025403784 0.500000000000
-105.635313804524 -201.834115393787 0.866025403784 0.500000000000
102.046897518769 19.104322324307 0.866025403784 0.500000000000
