#Configurational_file created 2018-09-14 12:02:28  started 2018-09-14 12:02:27 run for 1.0s steps 0
name: p_1035
step: 10000
specie: 20
	particle_diameter: 1.0000000000000000
	interaction_length: 1.2000000000000000
	number_of_patches: 3
	number_of_particles_per_compound: 1
	rod_length: 1.0000000000000000
	interaction_matrix:  1.000000 1.000000 1.000000 1.000000 1.000000 1.000000 1.000000 1.000000 1.000000
	patch_type: symmetric
	patch_width: 8.0000000000000000
	patch_angle: 0.0000000000000000
	angles:  0.000000 0.000000 0.000000
	grand_canonical: 0
	chemical_potential: 0.0000000000000000
box: 47.691583 47.691583
copy: 1.000000 1.000000
epsilon: 0.0333340000000000
end_epsilon: 0.0000000000000000
pressure: 0.0375010000000000
lambda: 0.0000000000000000
lambda_coupling: 1.0000000000000000
uy: 0.0000000000000000
maximum_displacement: 1.0000000000000000
maximum_rotation: 1.0000000000000000
maximum_volume: 1.0000000000000000
maximum_shape: 0.0000001000000000
maximum_dsigma: 0.0100000000000000
mod: 10
pmod: 10
optimize: 1
verbose: 1
snapshot: 0
display: 1
explore: 1
npt: 1
nptxy: 0
nptdxdy: 0
shape: 0
seed: 1179586
-24.080323941717 12.257425338404 0.866025403784 -0.500000000000
-99.434268624547 216.734142829838 0.000000000000 1.000000000000
69.568176886634 84.476694748545 0.866025403784 -0.500000000000
-45.916804835879 -136.921232675233 0.866025403784 0.500000000000
-289.748768946348 209.686691690681 0.866025403784 0.500000000000
24.154789505030 -129.182142337496 0.866025403784 -0.500000000000
-87.010898031725 -310.459216701124 0.866025403784 -0.500000000000
-55.920935624583 61.286775778397 0.866025403784 0.500000000000
33.808839825509 -241.401001401377 0.866025403784 -0.500000000000
264.623450575181 101.861135089093 0.866025403784 0.500000000000
45.271427889089 4.642655089393 0.866025403784 0.500000000000
-182.287157318550 48.162772956417 0.000000000000 1.000000000000
-128.543148869391 8.027327153228 0.866025403784 -0.500000000000
-30.155467583230 306.685040143831 0.866025403784 0.500000000000
51.430796714625 -270.187016213137 0.866025403784 0.500000000000
-73.186855167131 102.628701495836 0.000000000000 1.000000000000
42.591259929980 259.085177392682 0.866025403784 0.500000000000
62.766492340858 361.646837849898 0.866025403784 -0.500000000000
-254.572678646416 -305.447715404487 0.866025403784 -0.500000000000
107.307337847316 102.914079316929 0.000000000000 1.000000000000
