#Configurational_file created 2018-09-14 13:58:41  started 2018-09-14 13:58:41 run for 0.0s steps 0
name: p_1081
step: 10000
specie: 20
	particle_diameter: 1.0000000000000000
	interaction_length: 1.2000000000000000
	number_of_patches: 3
	number_of_particles_per_compound: 1
	rod_length: 1.0000000000000000
	interaction_matrix:  1.000000 1.000000 1.000000 1.000000 1.000000 1.000000 1.000000 1.000000 1.000000
	patch_type: symmetric
	patch_width: 8.0000000000000000
	patch_angle: 0.0000000000000000
	angles:  0.000000 0.000000 0.000000
	grand_canonical: 0
	chemical_potential: 0.0000000000000000
box: 45.138718 45.138718
copy: 1.000000 1.000000
epsilon: 0.4137940000000000
end_epsilon: 0.0000000000000000
pressure: 0.0000010000000000
lambda: 0.0000000000000000
lambda_coupling: 1.0000000000000000
uy: 0.0000000000000000
maximum_displacement: 1.0000000000000000
maximum_rotation: 1.0000000000000000
maximum_volume: 1.0000000000000000
maximum_shape: 0.0000001000000000
maximum_dsigma: 0.0100000000000000
mod: 10
pmod: 10
optimize: 1
verbose: 1
snapshot: 0
display: 1
explore: 1
npt: 1
nptxy: 0
nptdxdy: 0
shape: 0
seed: 1231888
266.515959978096 86.292048411635 0.866025403784 0.500000000000
-112.506186161189 88.982926115541 0.000000000000 1.000000000000
-223.710319394308 44.024153307642 0.000000000000 1.000000000000
44.497011212196 53.426846980777 0.866025403784 0.500000000000
72.548997709158 -20.550900134656 0.866025403784 -0.500000000000
58.228089859551 227.941839248757 0.000000000000 1.000000000000
154.019067970698 310.081634973661 0.866025403784 -0.500000000000
66.110142439031 201.910041660138 0.866025403784 -0.500000000000
6.658067303369 -71.429506547406 0.000000000000 1.000000000000
-154.415906167731 -299.243356017762 0.866025403784 -0.500000000000
33.320348504514 -357.629447044755 0.866025403784 0.500000000000
-144.072556890242 233.302307645919 0.000000000000 1.000000000000
-18.141187934719 381.327753526995 0.866025403784 0.500000000000
-14.619823229124 -63.475398498700 0.000000000000 1.000000000000
193.805593591379 -440.550866897701 0.000000000000 1.000000000000
-225.579374002732 217.152047929979 0.866025403784 -0.500000000000
128.852355162468 -60.427355672570 0.000000000000 1.000000000000
478.406517538358 -56.663947860439 0.000000000000 1.000000000000
-440.862401991266 -1.804529901194 0.000000000000 1.000000000000
-83.325181802726 49.437121595867 0.866025403784 0.500000000000
