#Configurational_file created 2018-09-14 11:35:20  started 2018-09-14 11:35:19 run for 1.0s steps 0
name: p_1061
step: 10000
specie: 20
	particle_diameter: 1.0000000000000000
	interaction_length: 1.2000000000000000
	number_of_patches: 3
	number_of_particles_per_compound: 1
	rod_length: 1.0000000000000000
	interaction_matrix:  1.000000 1.000000 1.000000 1.000000 1.000000 1.000000 1.000000 1.000000 1.000000
	patch_type: symmetric
	patch_width: 8.0000000000000000
	patch_angle: 0.0000000000000000
	angles:  0.000000 0.000000 0.000000
	grand_canonical: 0
	chemical_potential: 0.0000000000000000
box: 10.552916 10.552916
copy: 1.000000 1.000000
epsilon: 0.3541960000000000
end_epsilon: 0.0000000000000000
pressure: 0.8333920000000000
lambda: 0.0000000000000000
lambda_coupling: 1.0000000000000000
uy: 0.0000000000000000
maximum_displacement: 1.0000000000000000
maximum_rotation: 1.0000000000000000
maximum_volume: 1.0000000000000000
maximum_shape: 0.0000001000000000
maximum_dsigma: 0.0100000000000000
mod: 10
pmod: 10
optimize: 1
verbose: 1
snapshot: 0
display: 1
explore: 1
npt: 1
nptxy: 0
nptdxdy: 0
shape: 0
seed: 1209148
-78.207007227636 30.999238904844 0.000000000000 1.000000000000
-116.011271723581 -38.962423777311 0.866025403784 -0.500000000000
-20.311889452337 16.791599101300 0.000000000000 1.000000000000
14.284469239875 -129.237071026561 0.866025403784 -0.500000000000
-22.200152995499 20.057879460096 0.866025403784 0.500000000000
11.703312855068 98.805821484240 0.866025403784 -0.500000000000
-42.893609926710 -238.238772294002 0.866025403784 -0.500000000000
-16.458466342069 30.519619990231 0.866025403784 0.500000000000
114.380618411179 -92.490642429574 0.866025403784 -0.500000000000
59.240884607185 -73.344734393228 0.866025403784 -0.500000000000
-91.525153318494 46.713557842436 0.000000000000 1.000000000000
-84.760343473469 116.326095584549 0.866025403784 0.500000000000
126.641432843699 11.354946583796 0.866025403784 -0.500000000000
-37.346214399674 -0.013989202162 0.866025403784 0.500000000000
8.811384292067 111.674956625551 0.866025403784 0.500000000000
63.052473546845 101.794368629546 0.866025403784 -0.500000000000
-171.560575906000 -143.605799844009 0.866025403784 0.500000000000
-30.691226277108 -253.713339539166 0.000000000000 1.000000000000
2.198086898549 -84.306398283225 0.000000000000 1.000000000000
-87.442573978043 226.836973813254 0.866025403784 0.500000000000
