#Configurational_file created 2018-09-14 12:02:08  started 2018-09-14 12:02:08 run for 0.0s steps 0
name: p_1008
step: 10000
specie: 20
	particle_diameter: 1.0000000000000000
	interaction_length: 1.2000000000000000
	number_of_patches: 3
	number_of_particles_per_compound: 1
	rod_length: 1.0000000000000000
	interaction_matrix:  1.000000 1.000000 1.000000 1.000000 1.000000 1.000000 1.000000 1.000000 1.000000
	patch_type: symmetric
	patch_width: 8.0000000000000000
	patch_angle: 0.0000000000000000
	angles:  0.000000 0.000000 0.000000
	grand_canonical: 0
	chemical_potential: 0.0000000000000000
box: 40.959550 40.959550
copy: 1.000000 1.000000
epsilon: 0.0312500000000000
end_epsilon: 0.0000000000000000
pressure: 0.0291670000000000
lambda: 0.0000000000000000
lambda_coupling: 1.0000000000000000
uy: 0.0000000000000000
maximum_displacement: 1.0000000000000000
maximum_rotation: 1.0000000000000000
maximum_volume: 1.0000000000000000
maximum_shape: 0.0000001000000000
maximum_dsigma: 0.0100000000000000
mod: 10
pmod: 10
optimize: 1
verbose: 1
snapshot: 0
display: 1
explore: 1
npt: 1
nptxy: 0
nptdxdy: 0
shape: 0
seed: 1148887
-248.137544826299 -8.544132098467 0.000000000000 1.000000000000
92.719544632107 84.482638148298 0.866025403784 -0.500000000000
6.905471228471 -64.343935321687 0.000000000000 1.000000000000
-7.615465811220 144.084285566338 0.000000000000 1.000000000000
99.343957240438 -223.853342817673 0.000000000000 1.000000000000
-253.207950265080 67.240717334705 0.866025403784 0.500000000000
-96.584880345812 -70.256397659989 0.866025403784 -0.500000000000
-193.190661236339 -58.144814624104 0.866025403784 -0.500000000000
-23.161969327877 -5.656990671042 0.866025403784 -0.500000000000
230.808898841128 6.770077788855 0.000000000000 1.000000000000
91.695090684841 -113.205504859204 0.000000000000 1.000000000000
-35.740688181917 -128.804349820869 0.000000000000 1.000000000000
69.859876641868 64.415216111794 0.866025403784 0.500000000000
47.358325187660 -89.321703041223 0.000000000000 1.000000000000
-54.498152711687 124.243305653879 0.866025403784 -0.500000000000
-143.238242546558 2.184044582480 0.866025403784 -0.500000000000
-118.604152027913 -61.973631208449 0.866025403784 0.500000000000
169.889491968793 -24.964816051685 0.866025403784 -0.500000000000
29.309707323704 51.863002929939 0.866025403784 -0.500000000000
5.028665720940 39.641305111053 0.866025403784 -0.500000000000
