#Configurational_file created 2018-09-14 11:35:23  started 2018-09-14 11:35:22 run for 1.0s steps 0
name: p_1064
step: 10000
specie: 20
	particle_diameter: 1.0000000000000000
	interaction_length: 1.2000000000000000
	number_of_patches: 3
	number_of_particles_per_compound: 1
	rod_length: 1.0000000000000000
	interaction_matrix:  1.000000 1.000000 1.000000 1.000000 1.000000 1.000000 1.000000 1.000000 1.000000
	patch_type: symmetric
	patch_width: 8.0000000000000000
	patch_angle: 0.0000000000000000
	angles:  0.000000 0.000000 0.000000
	grand_canonical: 0
	chemical_potential: 0.0000000000000000
box: 8.721152 8.721152
copy: 1.000000 1.000000
epsilon: 0.3541960000000000
end_epsilon: 0.0000000000000000
pressure: 1.0833790000000001
lambda: 0.0000000000000000
lambda_coupling: 1.0000000000000000
uy: 0.0000000000000000
maximum_displacement: 1.0000000000000000
maximum_rotation: 1.0000000000000000
maximum_volume: 1.0000000000000000
maximum_shape: 0.0000001000000000
maximum_dsigma: 0.0100000000000000
mod: 10
pmod: 10
optimize: 1
verbose: 1
snapshot: 0
display: 1
explore: 1
npt: 1
nptxy: 0
nptdxdy: 0
shape: 0
seed: 1212559
-15.146437252846 -5.199401678599 0.866025403784 0.500000000000
15.173184037700 17.412294391388 0.866025403784 -0.500000000000
127.590988740750 -119.548457942090 0.866025403784 -0.500000000000
236.292608484774 -24.266205159036 0.866025403784 -0.500000000000
-18.574992809706 37.019059559385 0.866025403784 -0.500000000000
91.288029693684 -5.191722888198 0.866025403784 -0.500000000000
-130.033817610219 12.975728976495 0.000000000000 1.000000000000
-53.473795175723 65.696072096143 0.866025403784 0.500000000000
-85.718260635286 79.717797468118 0.866025403784 0.500000000000
86.043180598833 -67.882412576217 0.000000000000 1.000000000000
106.941431440063 -60.847707539505 0.866025403784 0.500000000000
34.539805790439 61.506657415840 0.866025403784 0.500000000000
151.285931859336 -10.343609450126 0.000000000000 1.000000000000
3.126884472028 31.093689218625 0.866025403784 0.500000000000
-84.884815748294 -37.177898454498 0.866025403784 -0.500000000000
-12.208279345477 32.740026762410 0.000000000000 1.000000000000
-60.782513346154 42.788071526165 0.000000000000 1.000000000000
23.404343895381 134.945905018702 0.866025403784 -0.500000000000
-31.952679049399 28.605480024383 0.866025403784 0.500000000000
22.065239784420 -24.379412950709 0.866025403784 -0.500000000000
