#Configurational_file created 2018-09-14 13:57:54  started 2018-09-14 13:57:53 run for 1.0s steps 0
name: p_1013
step: 10000
specie: 20
	particle_diameter: 1.0000000000000000
	interaction_length: 1.2000000000000000
	number_of_patches: 3
	number_of_particles_per_compound: 1
	rod_length: 1.0000000000000000
	interaction_matrix:  1.000000 1.000000 1.000000 1.000000 1.000000 1.000000 1.000000 1.000000 1.000000
	patch_type: symmetric
	patch_width: 8.0000000000000000
	patch_angle: 0.0000000000000000
	angles:  0.000000 0.000000 0.000000
	grand_canonical: 0
	chemical_potential: 0.0000000000000000
box: 18.297043 18.297043
copy: 1.000000 1.000000
epsilon: 0.2068970000000000
end_epsilon: 0.0000000000000000
pressure: 0.3793110000000000
lambda: 0.0000000000000000
lambda_coupling: 1.0000000000000000
uy: 0.0000000000000000
maximum_displacement: 1.0000000000000000
maximum_rotation: 1.0000000000000000
maximum_volume: 1.0000000000000000
maximum_shape: 0.0000001000000000
maximum_dsigma: 0.0100000000000000
mod: 10
pmod: 10
optimize: 1
verbose: 1
snapshot: 0
display: 1
explore: 1
npt: 1
nptxy: 0
nptdxdy: 0
shape: 0
seed: 1154572
106.635785664627 -2.501774335149 0.000000000000 1.000000000000
83.413533994365 53.443317572076 0.866025403784 -0.500000000000
63.682241257221 -88.701010634822 0.000000000000 1.000000000000
-130.006641856445 -130.205248207397 0.866025403784 -0.500000000000
186.821866208416 -270.597853315862 0.000000000000 1.000000000000
-61.124333140362 159.267202274295 0.000000000000 1.000000000000
-19.496181575580 130.856417294060 0.866025403784 0.500000000000
-74.364178732335 116.600418668592 0.866025403784 0.500000000000
158.282827557062 145.370969274711 0.866025403784 0.500000000000
-9.702873190697 -28.205025944143 0.866025403784 0.500000000000
107.100049043433 62.792984091775 0.000000000000 1.000000000000
79.958822353305 202.147318509383 0.866025403784 -0.500000000000
42.592787740193 -43.543850085584 0.866025403784 0.500000000000
-11.623487198670 49.293513604752 0.866025403784 -0.500000000000
-128.608329009410 34.458845136025 0.000000000000 1.000000000000
110.328557939945 -12.092031954169 0.866025403784 0.500000000000
59.268222688279 106.687210562636 0.866025403784 0.500000000000
34.327209299363 -79.343943249742 0.000000000000 1.000000000000
0.508093700044 -114.759590320846 0.866025403784 -0.500000000000
-4.525552015158 164.136297114032 0.000000000000 1.000000000000
