#Configurational_file created 2018-09-14 13:58:18  started 2018-09-14 13:58:17 run for 1.0s steps 0
name: p_1048
step: 10000
specie: 20
	particle_diameter: 1.0000000000000000
	interaction_length: 1.2000000000000000
	number_of_patches: 3
	number_of_particles_per_compound: 1
	rod_length: 1.0000000000000000
	interaction_matrix:  1.000000 1.000000 1.000000 1.000000 1.000000 1.000000 1.000000 1.000000 1.000000
	patch_type: symmetric
	patch_width: 8.0000000000000000
	patch_angle: 0.0000000000000000
	angles:  0.000000 0.000000 0.000000
	grand_canonical: 0
	chemical_potential: 0.0000000000000000
box: 15.041490 15.041490
copy: 1.000000 1.000000
epsilon: 0.2758630000000000
end_epsilon: 0.0000000000000000
pressure: 0.4655170000000000
lambda: 0.0000000000000000
lambda_coupling: 1.0000000000000000
uy: 0.0000000000000000
maximum_displacement: 1.0000000000000000
maximum_rotation: 1.0000000000000000
maximum_volume: 1.0000000000000000
maximum_shape: 0.0000001000000000
maximum_dsigma: 0.0100000000000000
mod: 10
pmod: 10
optimize: 1
verbose: 1
snapshot: 0
display: 1
explore: 1
npt: 1
nptxy: 0
nptdxdy: 0
shape: 0
seed: 1194367
206.377560575576 22.174049862660 0.866025403784 -0.500000000000
24.286605155199 -16.884292402318 0.866025403784 0.500000000000
123.718819234454 -0.289314023380 0.000000000000 1.000000000000
52.297582811583 109.977617137517 0.866025403784 0.500000000000
20.196211907290 -65.810833113604 0.866025403784 -0.500000000000
-22.823735004893 36.551760486333 0.000000000000 1.000000000000
324.339691805040 -108.922617414113 0.866025403784 0.500000000000
99.414772803784 -40.596768419916 0.866025403784 0.500000000000
63.883525520403 -99.356186885594 0.866025403784 -0.500000000000
73.622229373791 -34.919430492211 0.866025403784 -0.500000000000
-58.916404081746 253.417119211252 0.000000000000 1.000000000000
266.529691112354 -62.245445518666 0.866025403784 0.500000000000
7.966889165100 219.874661879515 0.866025403784 -0.500000000000
61.125555579228 63.953920182656 0.000000000000 1.000000000000
-134.666264033340 -8.990154946608 0.866025403784 -0.500000000000
157.105023170087 60.578275136383 0.866025403784 0.500000000000
-1.192349448513 -80.080577058683 0.000000000000 1.000000000000
9.901141215698 -50.966045027628 0.866025403784 -0.500000000000
178.551038491850 41.245110604230 0.866025403784 -0.500000000000
-76.186455557295 5.654396678285 0.866025403784 0.500000000000
