#Configurational_file created 2018-09-14 13:57:48  started 2018-09-14 13:57:47 run for 1.0s steps 0
name: p_1004
step: 10000
specie: 20
	particle_diameter: 1.0000000000000000
	interaction_length: 1.2000000000000000
	number_of_patches: 3
	number_of_particles_per_compound: 1
	rod_length: 1.0000000000000000
	interaction_matrix:  1.000000 1.000000 1.000000 1.000000 1.000000 1.000000 1.000000 1.000000 1.000000
	patch_type: symmetric
	patch_width: 8.0000000000000000
	patch_angle: 0.0000000000000000
	angles:  0.000000 0.000000 0.000000
	grand_canonical: 0
	chemical_potential: 0.0000000000000000
box: 25.943005 25.943005
copy: 1.000000 1.000000
epsilon: 0.2068970000000000
end_epsilon: 0.0000000000000000
pressure: 0.2241380000000000
lambda: 0.0000000000000000
lambda_coupling: 1.0000000000000000
uy: 0.0000000000000000
maximum_displacement: 1.0000000000000000
maximum_rotation: 1.0000000000000000
maximum_volume: 1.0000000000000000
maximum_shape: 0.0000001000000000
maximum_dsigma: 0.0100000000000000
mod: 10
pmod: 10
optimize: 1
verbose: 1
snapshot: 0
display: 1
explore: 1
npt: 1
nptxy: 0
nptdxdy: 0
shape: 0
seed: 1144339
64.172528071030 219.424507839042 0.866025403784 -0.500000000000
89.087399605109 -71.687719970548 0.866025403784 0.500000000000
-151.378808363413 -54.639530313620 0.866025403784 0.500000000000
-9.934340684097 92.728238639116 0.000000000000 1.000000000000
-88.235008014274 149.535744915404 0.866025403784 -0.500000000000
151.376710298818 11.305270634798 0.000000000000 1.000000000000
-81.102841956655 138.140957628606 0.866025403784 0.500000000000
73.320091668954 -21.969965901907 0.866025403784 -0.500000000000
0.549966049098 -72.396588699323 0.000000000000 1.000000000000
178.113695238029 -169.073873032631 0.000000000000 1.000000000000
45.852220569269 -120.043786184759 0.866025403784 -0.500000000000
49.563328906655 78.486442816545 0.000000000000 1.000000000000
-26.841236731616 171.656199929322 0.866025403784 0.500000000000
-21.902738264506 135.627681790580 0.000000000000 1.000000000000
274.570506873133 -255.475573602105 0.866025403784 -0.500000000000
182.127349376124 75.274754964210 0.866025403784 0.500000000000
-49.118953959693 -122.528416991360 0.866025403784 0.500000000000
34.918202329638 -96.806451694544 0.000000000000 1.000000000000
16.279046450046 15.689202560563 0.866025403784 -0.500000000000
-53.858627977390 -100.726616771326 0.000000000000 1.000000000000
