#Configurational_file created 2018-09-14 13:58:06  started 2018-09-14 13:58:05 run for 1.0s steps 0
name: p_1030
step: 10000
specie: 20
	particle_diameter: 1.0000000000000000
	interaction_length: 1.2000000000000000
	number_of_patches: 3
	number_of_particles_per_compound: 1
	rod_length: 1.0000000000000000
	interaction_matrix:  1.000000 1.000000 1.000000 1.000000 1.000000 1.000000 1.000000 1.000000 1.000000
	patch_type: symmetric
	patch_width: 8.0000000000000000
	patch_angle: 0.0000000000000000
	angles:  0.000000 0.000000 0.000000
	grand_canonical: 0
	chemical_potential: 0.0000000000000000
box: 20.034633 20.034633
copy: 1.000000 1.000000
epsilon: 0.2758630000000000
end_epsilon: 0.0000000000000000
pressure: 0.1551730000000000
lambda: 0.0000000000000000
lambda_coupling: 1.0000000000000000
uy: 0.0000000000000000
maximum_displacement: 1.0000000000000000
maximum_rotation: 1.0000000000000000
maximum_volume: 1.0000000000000000
maximum_shape: 0.0000001000000000
maximum_dsigma: 0.0100000000000000
mod: 10
pmod: 10
optimize: 1
verbose: 1
snapshot: 0
display: 1
explore: 1
npt: 1
nptxy: 0
nptdxdy: 0
shape: 0
seed: 1173901
-132.007895829524 26.589391389207 0.866025403784 -0.500000000000
-63.062403429235 17.563618383500 0.866025403784 -0.500000000000
83.154941178643 -40.624547762004 0.866025403784 -0.500000000000
-120.263021931608 -16.792711861339 0.866025403784 0.500000000000
123.761809048422 56.820802576375 0.866025403784 -0.500000000000
-145.719691792814 121.199678945015 0.866025403784 0.500000000000
62.971505847193 96.443430520925 0.866025403784 0.500000000000
46.402440202958 55.289778489482 0.866025403784 0.500000000000
-4.367210193006 134.870272531991 0.866025403784 -0.500000000000
-152.983615886965 61.364092076715 0.866025403784 -0.500000000000
-69.323378253351 86.737590888615 0.866025403784 0.500000000000
98.458229310154 69.482559904351 0.000000000000 1.000000000000
-187.445945945932 20.243127056008 0.866025403784 -0.500000000000
17.546599720780 56.780346597121 0.866025403784 0.500000000000
30.304072939192 -151.638475866869 0.866025403784 -0.500000000000
1.776912088334 -104.563901731962 0.866025403784 -0.500000000000
99.414261203252 -209.230967899308 0.866025403784 -0.500000000000
173.098373877607 -83.773152518922 0.866025403784 -0.500000000000
-31.221760768258 -14.676104583428 0.000000000000 1.000000000000
-22.750124175863 -36.245691907552 0.000000000000 1.000000000000
