#Configurational_file created 2018-09-14 12:02:35  started 2018-09-14 12:02:34 run for 1.0s steps 0
name: p_1044
step: 10000
specie: 20
	particle_diameter: 1.0000000000000000
	interaction_length: 1.2000000000000000
	number_of_patches: 3
	number_of_particles_per_compound: 1
	rod_length: 1.0000000000000000
	interaction_matrix:  1.000000 1.000000 1.000000 1.000000 1.000000 1.000000 1.000000 1.000000 1.000000
	patch_type: symmetric
	patch_width: 8.0000000000000000
	patch_angle: 0.0000000000000000
	angles:  0.000000 0.000000 0.000000
	grand_canonical: 0
	chemical_potential: 0.0000000000000000
box: 44.665872 44.665872
copy: 1.000000 1.000000
epsilon: 0.0333340000000000
end_epsilon: 0.0000000000000000
pressure: 0.0750000000000000
lambda: 0.0000000000000000
lambda_coupling: 1.0000000000000000
uy: 0.0000000000000000
maximum_displacement: 1.0000000000000000
maximum_rotation: 1.0000000000000000
maximum_volume: 1.0000000000000000
maximum_shape: 0.0000001000000000
maximum_dsigma: 0.0100000000000000
mod: 10
pmod: 10
optimize: 1
verbose: 1
snapshot: 0
display: 1
explore: 1
npt: 1
nptxy: 0
nptdxdy: 0
shape: 0
seed: 1189819
134.533714084111 136.245370010818 0.866025403784 0.500000000000
-177.798147719381 106.293278373454 0.866025403784 0.500000000000
-132.513602029704 54.382090164889 0.000000000000 1.000000000000
138.647176189908 149.938913661495 0.000000000000 1.000000000000
29.638834665944 42.439735781132 0.866025403784 0.500000000000
221.598714628908 56.017921541924 0.000000000000 1.000000000000
304.904923744668 3.636178967771 0.866025403784 0.500000000000
-6.241315124432 110.928407214445 0.866025403784 -0.500000000000
132.172099031818 -179.199657493885 0.000000000000 1.000000000000
-178.038887211110 133.643787822862 0.866025403784 -0.500000000000
24.794346783046 150.004072560127 0.866025403784 0.500000000000
-145.399353097352 -189.487952507434 0.866025403784 -0.500000000000
-16.801440773305 133.622224449645 0.866025403784 -0.500000000000
303.221767584542 100.207410608046 0.000000000000 1.000000000000
59.024051786034 113.164871771907 0.000000000000 1.000000000000
132.037706854247 -244.143307752909 0.866025403784 -0.500000000000
-31.950249022797 261.859472277566 0.866025403784 -0.500000000000
216.166685567787 253.677415719319 0.866025403784 -0.500000000000
-242.016576804873 -329.012714115319 0.000000000000 1.000000000000
142.079855306967 127.576864880482 0.000000000000 1.000000000000
