#Configurational_file created 2018-09-14 12:03:08  started 2018-09-14 12:03:08 run for 0.0s steps 0
name: p_1090
step: 10000
specie: 20
	particle_diameter: 1.0000000000000000
	interaction_length: 1.2000000000000000
	number_of_patches: 3
	number_of_particles_per_compound: 1
	rod_length: 1.0000000000000000
	interaction_matrix:  1.000000 1.000000 1.000000 1.000000 1.000000 1.000000 1.000000 1.000000 1.000000
	patch_type: symmetric
	patch_width: 8.0000000000000000
	patch_angle: 0.0000000000000000
	angles:  0.000000 0.000000 0.000000
	grand_canonical: 0
	chemical_potential: 0.0000000000000000
box: 41.426263 41.426263
copy: 1.000000 1.000000
epsilon: 0.0375000000000000
end_epsilon: 0.0000000000000000
pressure: 0.0583340000000000
lambda: 0.0000000000000000
lambda_coupling: 1.0000000000000000
uy: 0.0000000000000000
maximum_displacement: 1.0000000000000000
maximum_rotation: 1.0000000000000000
maximum_volume: 1.0000000000000000
maximum_shape: 0.0000001000000000
maximum_dsigma: 0.0100000000000000
mod: 10
pmod: 10
optimize: 1
verbose: 1
snapshot: 0
display: 1
explore: 1
npt: 1
nptxy: 0
nptdxdy: 0
shape: 0
seed: 1242121
38.921717946034 13.005163392039 0.000000000000 1.000000000000
165.367619942725 8.857924544508 0.866025403784 -0.500000000000
105.972689774424 -156.543909943150 0.866025403784 0.500000000000
-219.495684882522 455.801326435712 0.866025403784 0.500000000000
-101.996237314682 163.297543640180 0.866025403784 -0.500000000000
37.912650075687 -219.987428208449 0.866025403784 0.500000000000
-71.512045549256 -180.517921298226 0.866025403784 -0.500000000000
-68.175011886672 -75.393421083686 0.000000000000 1.000000000000
41.737722479855 -104.655600969900 0.866025403784 -0.500000000000
-96.960522341630 216.778943759023 0.866025403784 0.500000000000
202.675644105313 75.305499739619 0.866025403784 0.500000000000
-192.850769240636 -131.248964203293 0.866025403784 -0.500000000000
-77.287056203559 194.432389994555 0.866025403784 0.500000000000
29.033347920503 4.527786817818 0.866025403784 0.500000000000
-219.158089075542 -170.716744738174 0.000000000000 1.000000000000
110.573615346794 215.837847842117 0.000000000000 1.000000000000
-83.231177029335 -83.483853905699 0.000000000000 1.000000000000
355.659066908208 -214.072981090895 0.000000000000 1.000000000000
88.108845198260 124.288902440336 0.000000000000 1.000000000000
-209.187182211585 -191.579655877594 0.866025403784 0.500000000000
