#Configurational_file created 2018-09-14 11:35:12  started 2018-09-14 11:35:11 run for 1.0s steps 0
name: p_1050
step: 10000
specie: 20
	particle_diameter: 1.0000000000000000
	interaction_length: 1.2000000000000000
	number_of_patches: 3
	number_of_particles_per_compound: 1
	rod_length: 1.0000000000000000
	interaction_matrix:  1.000000 1.000000 1.000000 1.000000 1.000000 1.000000 1.000000 1.000000 1.000000
	patch_type: symmetric
	patch_width: 8.0000000000000000
	patch_angle: 0.0000000000000000
	angles:  0.000000 0.000000 0.000000
	grand_canonical: 0
	chemical_potential: 0.0000000000000000
box: 6.876025 6.876025
copy: 1.000000 1.000000
epsilon: 0.3333670000000000
end_epsilon: 0.0000000000000000
pressure: 2.0000000000000000
lambda: 0.0000000000000000
lambda_coupling: 1.0000000000000000
uy: 0.0000000000000000
maximum_displacement: 1.0000000000000000
maximum_rotation: 1.0000000000000000
maximum_volume: 0.4748946583704024
maximum_shape: 0.0000001000000000
maximum_dsigma: 0.0100000000000000
mod: 10
pmod: 10
optimize: 1
verbose: 1
snapshot: 0
display: 1
explore: 1
npt: 1
nptxy: 0
nptdxdy: 0
shape: 0
seed: 1196641
45.766031783396 -12.622470612561 0.866025403784 0.500000000000
-17.218360757267 1.090292321105 0.866025403784 -0.500000000000
24.971545277189 -8.120584230052 0.866025403784 -0.500000000000
11.736635213733 -25.412358217791 0.866025403784 -0.500000000000
35.310588514986 107.985789096895 0.866025403784 0.500000000000
-21.007233032415 69.556611047676 0.866025403784 -0.500000000000
6.169219177312 -27.577819609037 0.000000000000 1.000000000000
98.642250892059 15.913226842935 0.866025403784 -0.500000000000
-6.232151374583 -12.109324707868 0.000000000000 1.000000000000
104.827655427146 -24.134026305861 0.866025403784 -0.500000000000
55.735251695506 34.255404706790 0.866025403784 -0.500000000000
45.030676336343 9.784243083715 0.866025403784 -0.500000000000
17.221033140985 11.858043463543 0.866025403784 -0.500000000000
-36.291009648222 53.964918341152 0.000000000000 1.000000000000
50.285774180564 -56.976936041298 0.000000000000 1.000000000000
9.898682630596 6.725352769850 0.866025403784 0.500000000000
64.071734639201 104.329173889323 0.000000000000 1.000000000000
5.809434043135 -96.444080481144 0.866025403784 -0.500000000000
-7.253663252006 -64.247268990785 0.866025403784 -0.500000000000
47.635906360409 -30.581015832916 0.000000000000 1.000000000000
