#Configurational_file created 2018-09-14 11:35:11  started 2018-09-14 11:35:10 run for 1.0s steps 0
name: p_1049
step: 10000
specie: 20
	particle_diameter: 1.0000000000000000
	interaction_length: 1.2000000000000000
	number_of_patches: 3
	number_of_particles_per_compound: 1
	rod_length: 1.0000000000000000
	interaction_matrix:  1.000000 1.000000 1.000000 1.000000 1.000000 1.000000 1.000000 1.000000 1.000000
	patch_type: symmetric
	patch_width: 8.0000000000000000
	patch_angle: 0.0000000000000000
	angles:  0.000000 0.000000 0.000000
	grand_canonical: 0
	chemical_potential: 0.0000000000000000
box: 7.403563 7.403563
copy: 1.000000 1.000000
epsilon: 0.3333670000000000
end_epsilon: 0.0000000000000000
pressure: 1.9166710000000000
lambda: 0.0000000000000000
lambda_coupling: 1.0000000000000000
uy: 0.0000000000000000
maximum_displacement: 1.0000000000000000
maximum_rotation: 1.0000000000000000
maximum_volume: 0.4527433666978612
maximum_shape: 0.0000001000000000
maximum_dsigma: 0.0100000000000000
mod: 10
pmod: 10
optimize: 1
verbose: 1
snapshot: 0
display: 1
explore: 1
npt: 1
nptxy: 0
nptdxdy: 0
shape: 0
seed: 1195504
-105.553220421500 101.890855994423 0.866025403784 0.500000000000
-118.483003931354 7.361773030767 0.866025403784 0.500000000000
36.104253485097 61.526348615454 0.000000000000 1.000000000000
137.543048903207 41.969920561533 0.000000000000 1.000000000000
40.938408586495 65.895674489815 0.866025403784 -0.500000000000
-50.225852406144 52.359291091195 0.866025403784 0.500000000000
-14.566484310643 46.780381010386 0.866025403784 -0.500000000000
-24.251209996659 19.719281920384 0.000000000000 1.000000000000
-14.860874000057 -23.135876066904 0.000000000000 1.000000000000
-29.611223239444 -32.797200589212 0.866025403784 -0.500000000000
69.890018129858 152.218151804989 0.866025403784 -0.500000000000
62.629564799593 119.555662009404 0.000000000000 1.000000000000
68.127457617901 61.585854424078 0.866025403784 -0.500000000000
-42.060911199947 -38.577439748239 0.866025403784 0.500000000000
54.106205359392 134.933895282272 0.866025403784 0.500000000000
-85.878382632083 81.186235109882 0.866025403784 -0.500000000000
-76.370514931203 -48.725861470245 0.000000000000 1.000000000000
5.048691914301 -88.983290479871 0.000000000000 1.000000000000
16.439281760370 49.375801713170 0.866025403784 0.500000000000
-12.398645161355 -33.876857777756 0.000000000000 1.000000000000
