#Configurational_file created 2018-09-14 11:34:32  started 2018-09-14 11:34:32 run for 0.0s steps 0
name: p_1003
step: 10000
specie: 20
	particle_diameter: 1.0000000000000000
	interaction_length: 1.2000000000000000
	number_of_patches: 3
	number_of_particles_per_compound: 1
	rod_length: 1.0000000000000000
	interaction_matrix:  1.000000 1.000000 1.000000 1.000000 1.000000 1.000000 1.000000 1.000000 1.000000
	patch_type: symmetric
	patch_width: 8.0000000000000000
	patch_angle: 0.0000000000000000
	angles:  0.000000 0.000000 0.000000
	grand_canonical: 0
	chemical_potential: 0.0000000000000000
box: 19.895012 19.895012
copy: 1.000000 1.000000
epsilon: 0.3125370000000000
end_epsilon: 0.0000000000000000
pressure: 0.1667580000000000
lambda: 0.0000000000000000
lambda_coupling: 1.0000000000000000
uy: 0.0000000000000000
maximum_displacement: 1.0000000000000000
maximum_rotation: 1.0000000000000000
maximum_volume: 1.0000000000000000
maximum_shape: 0.0000001000000000
maximum_dsigma: 0.0100000000000000
mod: 10
pmod: 10
optimize: 1
verbose: 1
snapshot: 0
display: 1
explore: 1
npt: 1
nptxy: 0
nptdxdy: 0
shape: 0
seed: 1143202
39.482622244578 3.610906122647 0.866025403784 0.500000000000
-189.266151929973 109.645648307139 0.866025403784 0.500000000000
-70.653341173855 19.987651539164 0.866025403784 0.500000000000
-27.712482178228 108.153670502246 0.866025403784 0.500000000000
33.273010246736 -197.645594500484 0.866025403784 -0.500000000000
53.723981938630 55.320235340282 0.000000000000 1.000000000000
-18.484172283756 79.238038580082 0.000000000000 1.000000000000
-12.296241978456 22.691400227790 0.866025403784 -0.500000000000
79.408180138910 69.530391107259 0.866025403784 -0.500000000000
-71.420781134308 70.087138874513 0.000000000000 1.000000000000
-192.436416163164 34.627898775360 0.000000000000 1.000000000000
-14.052332507306 94.148869954056 0.866025403784 0.500000000000
19.053513518189 -63.057125374667 0.000000000000 1.000000000000
75.041662967588 -125.910658986384 0.866025403784 -0.500000000000
40.021514969478 -60.148630678320 0.000000000000 1.000000000000
61.714192132666 -157.109079698804 0.000000000000 1.000000000000
16.383044191638 -57.398679405292 0.866025403784 0.500000000000
73.905563816823 99.300343219616 0.866025403784 -0.500000000000
108.975494947371 13.759587995713 0.000000000000 1.000000000000
-32.034977076042 -26.301533585592 0.000000000000 1.000000000000
