#Configurational_file created 2018-09-14 13:57:52  started 2018-09-14 13:57:51 run for 1.0s steps 0
name: p_1010
step: 10000
specie: 20
	particle_diameter: 1.0000000000000000
	interaction_length: 1.2000000000000000
	number_of_patches: 3
	number_of_particles_per_compound: 1
	rod_length: 1.0000000000000000
	interaction_matrix:  1.000000 1.000000 1.000000 1.000000 1.000000 1.000000 1.000000 1.000000 1.000000
	patch_type: symmetric
	patch_width: 8.0000000000000000
	patch_angle: 0.0000000000000000
	angles:  0.000000 0.000000 0.000000
	grand_canonical: 0
	chemical_potential: 0.0000000000000000
box: 14.963865 14.963865
copy: 1.000000 1.000000
epsilon: 0.2068970000000000
end_epsilon: 0.0000000000000000
pressure: 0.3275870000000000
lambda: 0.0000000000000000
lambda_coupling: 1.0000000000000000
uy: 0.0000000000000000
maximum_displacement: 1.0000000000000000
maximum_rotation: 1.0000000000000000
maximum_volume: 1.0000000000000000
maximum_shape: 0.0000001000000000
maximum_dsigma: 0.0100000000000000
mod: 10
pmod: 10
optimize: 1
verbose: 1
snapshot: 0
display: 1
explore: 1
npt: 1
nptxy: 0
nptdxdy: 0
shape: 0
seed: 1151161
120.616086077464 -15.769830760775 0.000000000000 1.000000000000
-112.056194338798 -55.655812145699 0.866025403784 -0.500000000000
-37.432783174179 33.018058107337 0.866025403784 -0.500000000000
63.810814300016 17.808647405077 0.000000000000 1.000000000000
6.934558848923 -95.927386073382 0.866025403784 -0.500000000000
-92.666514449866 45.332620345171 0.866025403784 -0.500000000000
159.066638724829 45.456622454291 0.000000000000 1.000000000000
-110.194566329801 -108.010384229916 0.866025403784 -0.500000000000
156.773945763777 16.614087436014 0.000000000000 1.000000000000
130.910673311980 86.104170695710 0.000000000000 1.000000000000
-103.978521811779 -70.189019598075 0.866025403784 -0.500000000000
3.802731472059 203.403468826960 0.000000000000 1.000000000000
10.206075191648 11.773402423487 0.000000000000 1.000000000000
-36.955426372324 41.888096227933 0.866025403784 -0.500000000000
105.508264350696 45.567553547419 0.000000000000 1.000000000000
-31.514805340380 -20.111438169525 0.866025403784 0.500000000000
-86.452657633544 27.038257004289 0.866025403784 0.500000000000
20.314609255308 33.664695409438 0.000000000000 1.000000000000
133.511168581192 -45.923848728223 0.866025403784 -0.500000000000
-105.564565323779 97.210824878305 0.866025403784 -0.500000000000
