#Configurational_file created 2018-09-14 12:03:00  started 2018-09-14 12:02:59 run for 1.0s steps 0
name: p_1078
step: 10000
specie: 20
	particle_diameter: 1.0000000000000000
	interaction_length: 1.2000000000000000
	number_of_patches: 3
	number_of_particles_per_compound: 1
	rod_length: 1.0000000000000000
	interaction_matrix:  1.000000 1.000000 1.000000 1.000000 1.000000 1.000000 1.000000 1.000000 1.000000
	patch_type: symmetric
	patch_width: 8.0000000000000000
	patch_angle: 0.0000000000000000
	angles:  0.000000 0.000000 0.000000
	grand_canonical: 0
	chemical_potential: 0.0000000000000000
box: 53.706950 53.706950
copy: 1.000000 1.000000
epsilon: 0.0375000000000000
end_epsilon: 0.0000000000000000
pressure: 0.0083340000000000
lambda: 0.0000000000000000
lambda_coupling: 1.0000000000000000
uy: 0.0000000000000000
maximum_displacement: 1.0000000000000000
maximum_rotation: 1.0000000000000000
maximum_volume: 1.0000000000000000
maximum_shape: 0.0000001000000000
maximum_dsigma: 0.0100000000000000
mod: 10
pmod: 10
optimize: 1
verbose: 1
snapshot: 0
display: 1
explore: 1
npt: 1
nptxy: 0
nptdxdy: 0
shape: 0
seed: 1228477
34.242837476387 180.624193925896 0.000000000000 1.000000000000
7.393798900426 65.554199968696 0.866025403784 0.500000000000
-46.305950046192 98.451339928477 0.000000000000 1.000000000000
191.541185565773 -35.171614695700 0.000000000000 1.000000000000
277.382614786446 44.914941132908 0.000000000000 1.000000000000
-174.168368667305 247.704816513137 0.866025403784 0.500000000000
323.119985467242 117.623082475572 0.000000000000 1.000000000000
-5.806781385336 -352.556335241801 0.866025403784 -0.500000000000
-197.295894116930 375.223694577622 0.866025403784 0.500000000000
-43.260547538839 36.728670625130 0.866025403784 -0.500000000000
-358.673567293132 -333.614632128564 0.866025403784 0.500000000000
6.774719053043 -98.039520282847 0.866025403784 -0.500000000000
122.078001332508 28.489372645280 0.000000000000 1.000000000000
-92.506686600056 166.311265533680 0.000000000000 1.000000000000
-242.729842062865 178.936551524144 0.866025403784 0.500000000000
-75.784456064963 315.721428794147 0.000000000000 1.000000000000
-251.763864045456 -36.393593271476 0.000000000000 1.000000000000
-25.365353867993 239.081838386642 0.000000000000 1.000000000000
70.970483057020 519.575669924230 0.866025403784 -0.500000000000
309.462517330997 -285.854653303224 0.866025403784 0.500000000000
