#Configurational_file created 2018-09-14 13:57:46  started 2018-09-14 13:57:45 run for 1.0s steps 0
name: p_1001
step: 10000
specie: 20
	particle_diameter: 1.0000000000000000
	interaction_length: 1.2000000000000000
	number_of_patches: 3
	number_of_particles_per_compound: 1
	rod_length: 1.0000000000000000
	interaction_matrix:  1.000000 1.000000 1.000000 1.000000 1.000000 1.000000 1.000000 1.000000 1.000000
	patch_type: symmetric
	patch_width: 8.0000000000000000
	patch_angle: 0.0000000000000000
	angles:  0.000000 0.000000 0.000000
	grand_canonical: 0
	chemical_potential: 0.0000000000000000
box: 21.550471 21.550471
copy: 1.000000 1.000000
epsilon: 0.2068970000000000
end_epsilon: 0.0000000000000000
pressure: 0.1724140000000000
lambda: 0.0000000000000000
lambda_coupling: 1.0000000000000000
uy: 0.0000000000000000
maximum_displacement: 1.0000000000000000
maximum_rotation: 1.0000000000000000
maximum_volume: 1.0000000000000000
maximum_shape: 0.0000001000000000
maximum_dsigma: 0.0100000000000000
mod: 10
pmod: 10
optimize: 1
verbose: 1
snapshot: 0
display: 1
explore: 1
npt: 1
nptxy: 0
nptdxdy: 0
shape: 0
seed: 1140928
17.923881979994 -44.902608078652 0.866025403784 -0.500000000000
-233.782580217447 -21.054936441890 0.000000000000 1.000000000000
187.840205007770 165.170663984280 0.000000000000 1.000000000000
139.330445122654 262.033101978001 0.866025403784 0.500000000000
47.688503682094 -74.249199383607 0.866025403784 -0.500000000000
-89.837482852787 210.284758834258 0.866025403784 -0.500000000000
117.373498820549 77.697702099142 0.000000000000 1.000000000000
-11.673770190451 190.428744060733 0.000000000000 1.000000000000
21.405931807063 36.987831184616 0.866025403784 0.500000000000
77.022277684341 154.337366317478 0.866025403784 -0.500000000000
166.264689918324 18.467263411980 0.000000000000 1.000000000000
-98.643913806217 -86.076051196105 0.000000000000 1.000000000000
122.679328969208 -42.681794144276 0.000000000000 1.000000000000
96.564588148512 -56.813248447368 0.866025403784 0.500000000000
-127.004053395094 -96.423254639006 0.866025403784 -0.500000000000
109.521715197444 -16.850712451684 0.000000000000 1.000000000000
0.185515273474 7.057191038810 0.866025403784 0.500000000000
78.460203115255 -78.130559499278 0.866025403784 0.500000000000
146.564747700185 -39.381271544805 0.000000000000 1.000000000000
-38.361966918527 29.988822547098 0.000000000000 1.000000000000
