#Configurational_file created 2018-09-14 11:34:36  started 2018-09-14 11:34:35 run for 1.0s steps 0
name: p_1008
step: 10000
specie: 20
	particle_diameter: 1.0000000000000000
	interaction_length: 1.2000000000000000
	number_of_patches: 3
	number_of_particles_per_compound: 1
	rod_length: 1.0000000000000000
	interaction_matrix:  1.000000 1.000000 1.000000 1.000000 1.000000 1.000000 1.000000 1.000000 1.000000
	patch_type: symmetric
	patch_width: 8.0000000000000000
	patch_angle: 0.0000000000000000
	angles:  0.000000 0.000000 0.000000
	grand_canonical: 0
	chemical_potential: 0.0000000000000000
box: 12.834196 12.834196
copy: 1.000000 1.000000
epsilon: 0.3125370000000000
end_epsilon: 0.0000000000000000
pressure: 0.5834040000000000
lambda: 0.0000000000000000
lambda_coupling: 1.0000000000000000
uy: 0.0000000000000000
maximum_displacement: 1.0000000000000000
maximum_rotation: 1.0000000000000000
maximum_volume: 1.0000000000000000
maximum_shape: 0.0000001000000000
maximum_dsigma: 0.0100000000000000
mod: 10
pmod: 10
optimize: 1
verbose: 1
snapshot: 0
display: 1
explore: 1
npt: 1
nptxy: 0
nptdxdy: 0
shape: 0
seed: 1148887
-136.642826360590 18.505611244072 0.866025403784 -0.500000000000
59.208462010350 -42.027140109671 0.866025403784 0.500000000000
92.952295037398 -15.356234387242 0.000000000000 1.000000000000
82.127650124053 39.740964157288 0.866025403784 -0.500000000000
196.178390262063 -42.040075018864 0.000000000000 1.000000000000
-21.371510822502 59.744706801708 0.000000000000 1.000000000000
2.822176191602 -27.291170350042 0.866025403784 -0.500000000000
-98.854935162474 -18.696043621920 0.866025403784 0.500000000000
99.344651053993 -5.526331846822 0.866025403784 -0.500000000000
82.356886150933 112.398466003726 0.866025403784 0.500000000000
54.191238870324 -94.317509581084 0.866025403784 0.500000000000
-5.430323150451 -101.096338218037 0.866025403784 -0.500000000000
-55.713604287198 6.888778142032 0.866025403784 0.500000000000
74.863421295385 -19.357105891063 0.866025403784 -0.500000000000
-16.461571932411 101.187100606706 0.000000000000 1.000000000000
-43.513638550269 18.342681068884 0.000000000000 1.000000000000
2.992567580680 106.716597909832 0.000000000000 1.000000000000
-105.239806341064 142.162183030950 0.866025403784 0.500000000000
-121.113086075675 102.711693452981 0.866025403784 -0.500000000000
101.734755645592 278.179001576680 0.866025403784 -0.500000000000
