#Configurational_file created 2018-09-14 12:02:03  started 2018-09-14 12:02:03 run for 0.0s steps 0
name: p_1001
step: 10000
specie: 20
	particle_diameter: 1.0000000000000000
	interaction_length: 1.2000000000000000
	number_of_patches: 3
	number_of_particles_per_compound: 1
	rod_length: 1.0000000000000000
	interaction_matrix:  1.000000 1.000000 1.000000 1.000000 1.000000 1.000000 1.000000 1.000000 1.000000
	patch_type: symmetric
	patch_width: 8.0000000000000000
	patch_angle: 0.0000000000000000
	angles:  0.000000 0.000000 0.000000
	grand_canonical: 0
	chemical_potential: 0.0000000000000000
box: 52.691203 52.691203
copy: 1.000000 1.000000
epsilon: 0.0312500000000000
end_epsilon: 0.0000000000000000
pressure: 0.0000010000000000
lambda: 0.0000000000000000
lambda_coupling: 1.0000000000000000
uy: 0.0000000000000000
maximum_displacement: 1.0000000000000000
maximum_rotation: 1.0000000000000000
maximum_volume: 1.0000000000000000
maximum_shape: 0.0000001000000000
maximum_dsigma: 0.0100000000000000
mod: 10
pmod: 10
optimize: 1
verbose: 1
snapshot: 0
display: 1
explore: 1
npt: 1
nptxy: 0
nptdxdy: 0
shape: 0
seed: 1140928
-105.068925849340 176.352622222891 0.866025403784 -0.500000000000
187.325302892794 166.448715732002 0.866025403784 0.500000000000
330.331221909560 70.016037136833 0.866025403784 -0.500000000000
-240.471004190320 1.180696128872 0.000000000000 1.000000000000
-362.769533269668 117.516221865540 0.866025403784 -0.500000000000
119.821800550283 269.528683855521 0.000000000000 1.000000000000
144.221010010535 -79.897523327218 0.866025403784 -0.500000000000
-328.665771997676 61.542773445507 0.866025403784 0.500000000000
-282.293470795642 239.446185834296 0.000000000000 1.000000000000
-107.626452981042 -42.625854945451 0.866025403784 -0.500000000000
264.813720322016 -87.124452248728 0.000000000000 1.000000000000
-62.972455954061 -134.537807011825 0.866025403784 -0.500000000000
164.154019168958 -8.926424627954 0.000000000000 1.000000000000
242.450382730639 -137.472397605564 0.866025403784 0.500000000000
-84.670207329792 -333.354624424312 0.866025403784 -0.500000000000
169.447367428362 -96.734413806285 0.000000000000 1.000000000000
257.869242717368 273.586116004170 0.866025403784 -0.500000000000
256.287289672751 234.172541114777 0.000000000000 1.000000000000
142.704742035924 51.635568277174 0.866025403784 0.500000000000
199.657749181549 -17.662029078704 0.000000000000 1.000000000000
