#Configurational_file created 2018-09-14 11:35:09  started 2018-09-14 11:35:08 run for 1.0s steps 0
name: p_1047
step: 10000
specie: 20
	particle_diameter: 1.0000000000000000
	interaction_length: 1.2000000000000000
	number_of_patches: 3
	number_of_particles_per_compound: 1
	rod_length: 1.0000000000000000
	interaction_matrix:  1.000000 1.000000 1.000000 1.000000 1.000000 1.000000 1.000000 1.000000 1.000000
	patch_type: symmetric
	patch_width: 8.0000000000000000
	patch_angle: 0.0000000000000000
	angles:  0.000000 0.000000 0.000000
	grand_canonical: 0
	chemical_potential: 0.0000000000000000
box: 7.418321 7.418321
copy: 1.000000 1.000000
epsilon: 0.3333670000000000
end_epsilon: 0.0000000000000000
pressure: 1.7500119999999999
lambda: 0.0000000000000000
lambda_coupling: 1.0000000000000000
uy: 0.0000000000000000
maximum_displacement: 1.0000000000000000
maximum_rotation: 1.0000000000000000
maximum_volume: 0.5121965670807845
maximum_shape: 0.0000001000000000
maximum_dsigma: 0.0100000000000000
mod: 10
pmod: 10
optimize: 1
verbose: 1
snapshot: 0
display: 1
explore: 1
npt: 1
nptxy: 0
nptdxdy: 0
shape: 0
seed: 1193230
97.655844467294 32.685304372299 0.000000000000 1.000000000000
18.960468817317 69.586863500340 0.866025403784 0.500000000000
-59.251535064686 -77.969172637400 0.866025403784 0.500000000000
-65.447204784855 4.013711280613 0.866025403784 0.500000000000
-56.002716893322 -80.910496249218 0.000000000000 1.000000000000
150.983520007952 -7.167076950519 0.866025403784 0.500000000000
26.997099721724 31.572438702790 0.000000000000 1.000000000000
54.054988760649 54.145320466877 0.000000000000 1.000000000000
-62.925793025245 -17.813771742726 0.000000000000 1.000000000000
60.067056414489 0.144009709613 0.866025403784 -0.500000000000
67.412538002995 -93.662015184541 0.866025403784 0.500000000000
-75.733847221361 -38.720216577899 0.866025403784 0.500000000000
-33.388073450833 23.628265949179 0.866025403784 -0.500000000000
-37.512175722358 39.490032354528 0.866025403784 0.500000000000
-56.514868030381 -90.502562183314 0.866025403784 0.500000000000
-55.639131259243 86.159658162179 0.866025403784 -0.500000000000
64.364998250314 -81.147037824834 0.000000000000 1.000000000000
-97.510711294788 -82.300176296919 0.000000000000 1.000000000000
11.670753922218 -66.961019364899 0.000000000000 1.000000000000
21.906588140684 -103.782046416503 0.000000000000 1.000000000000
