#Configurational_file created 2018-09-14 12:02:33  started 2018-09-14 12:02:33 run for 0.0s steps 0
name: p_1042
step: 10000
specie: 20
	particle_diameter: 1.0000000000000000
	interaction_length: 1.2000000000000000
	number_of_patches: 3
	number_of_particles_per_compound: 1
	rod_length: 1.0000000000000000
	interaction_matrix:  1.000000 1.000000 1.000000 1.000000 1.000000 1.000000 1.000000 1.000000 1.000000
	patch_type: symmetric
	patch_width: 8.0000000000000000
	patch_angle: 0.0000000000000000
	angles:  0.000000 0.000000 0.000000
	grand_canonical: 0
	chemical_potential: 0.0000000000000000
box: 48.414511 48.414511
copy: 1.000000 1.000000
epsilon: 0.0333340000000000
end_epsilon: 0.0000000000000000
pressure: 0.0666670000000000
lambda: 0.0000000000000000
lambda_coupling: 1.0000000000000000
uy: 0.0000000000000000
maximum_displacement: 1.0000000000000000
maximum_rotation: 1.0000000000000000
maximum_volume: 1.0000000000000000
maximum_shape: 0.0000001000000000
maximum_dsigma: 0.0100000000000000
mod: 10
pmod: 10
optimize: 1
verbose: 1
snapshot: 0
display: 1
explore: 1
npt: 1
nptxy: 0
nptdxdy: 0
shape: 0
seed: 1187545
20.135830914010 -141.611449106809 0.866025403784 -0.500000000000
60.379100855325 -121.063351696754 0.866025403784 -0.500000000000
75.150315988285 -262.312408281385 0.866025403784 0.500000000000
31.064610198360 -242.696144280060 0.000000000000 1.000000000000
230.772555399986 145.924409330182 0.866025403784 -0.500000000000
181.523564646374 168.593344188668 0.866025403784 0.500000000000
-231.351039352882 -281.588459379468 0.866025403784 0.500000000000
-164.256669531161 -120.059936985337 0.866025403784 0.500000000000
53.502622559223 4.380243889794 0.866025403784 -0.500000000000
-26.534083958830 24.844547297824 0.000000000000 1.000000000000
-19.187502250593 53.138446624342 0.000000000000 1.000000000000
55.222395942989 32.939005398058 0.000000000000 1.000000000000
108.447583624881 -101.154875721713 0.866025403784 -0.500000000000
231.986734629256 -210.621320654101 0.866025403784 0.500000000000
151.989211852512 125.978942174868 0.866025403784 -0.500000000000
-55.289824305395 138.962237372134 0.866025403784 -0.500000000000
-30.476986005928 10.552774371164 0.866025403784 -0.500000000000
95.817775705474 74.959458423781 0.866025403784 -0.500000000000
127.737572732440 -197.068784252386 0.866025403784 0.500000000000
182.179639319623 2.284643623858 0.866025403784 -0.500000000000
