#Configurational_file created 2018-09-14 13:58:02  started 2018-09-14 13:58:02 run for 0.0s steps 0
name: p_1025
step: 10000
specie: 20
	particle_diameter: 1.0000000000000000
	interaction_length: 1.2000000000000000
	number_of_patches: 3
	number_of_particles_per_compound: 1
	rod_length: 1.0000000000000000
	interaction_matrix:  1.000000 1.000000 1.000000 1.000000 1.000000 1.000000 1.000000 1.000000 1.000000
	patch_type: symmetric
	patch_width: 8.0000000000000000
	patch_angle: 0.0000000000000000
	angles:  0.000000 0.000000 0.000000
	grand_canonical: 0
	chemical_potential: 0.0000000000000000
box: 28.692632 28.692632
copy: 1.000000 1.000000
epsilon: 0.2758630000000000
end_epsilon: 0.0000000000000000
pressure: 0.0689660000000000
lambda: 0.0000000000000000
lambda_coupling: 1.0000000000000000
uy: 0.0000000000000000
maximum_displacement: 1.0000000000000000
maximum_rotation: 1.0000000000000000
maximum_volume: 1.0000000000000000
maximum_shape: 0.0000001000000000
maximum_dsigma: 0.0100000000000000
mod: 10
pmod: 10
optimize: 1
verbose: 1
snapshot: 0
display: 1
explore: 1
npt: 1
nptxy: 0
nptdxdy: 0
shape: 0
seed: 1168216
99.022022474665 10.586891467429 0.000000000000 1.000000000000
-113.841160178501 26.899423801014 0.866025403784 -0.500000000000
105.696173381007 179.389844043697 0.866025403784 0.500000000000
35.492906935675 18.581458181796 0.000000000000 1.000000000000
-166.204603943226 -142.950557488821 0.866025403784 0.500000000000
15.168355044176 -8.751713918916 0.866025403784 0.500000000000
88.287316213465 -54.839942680867 0.866025403784 -0.500000000000
8.032776778627 113.314925060134 0.000000000000 1.000000000000
102.759815165769 -113.134493788313 0.866025403784 -0.500000000000
61.391557360686 -36.280203870542 0.866025403784 0.500000000000
38.136164227537 -20.499452490408 0.000000000000 1.000000000000
142.280165586305 96.559729710661 0.866025403784 -0.500000000000
195.952644609977 40.429465740676 0.866025403784 0.500000000000
14.936457713638 107.386126035773 0.866025403784 -0.500000000000
-44.219780597947 108.006554386840 0.866025403784 0.500000000000
79.497523110269 185.670807198115 0.866025403784 -0.500000000000
-80.961993638272 -83.005211905211 0.866025403784 0.500000000000
62.377984300926 -205.545719687240 0.000000000000 1.000000000000
-22.976942783905 -196.384818032690 0.866025403784 0.500000000000
191.573569667884 87.484257061167 0.866025403784 -0.500000000000
