#Configurational_file created 2018-09-14 11:35:15  started 2018-09-14 11:35:14 run for 1.0s steps 0
name: p_1054
step: 10000
specie: 20
	particle_diameter: 1.0000000000000000
	interaction_length: 1.2000000000000000
	number_of_patches: 3
	number_of_particles_per_compound: 1
	rod_length: 1.0000000000000000
	interaction_matrix:  1.000000 1.000000 1.000000 1.000000 1.000000 1.000000 1.000000 1.000000 1.000000
	patch_type: symmetric
	patch_width: 8.0000000000000000
	patch_angle: 0.0000000000000000
	angles:  0.000000 0.000000 0.000000
	grand_canonical: 0
	chemical_potential: 0.0000000000000000
box: 15.089991 15.089991
copy: 1.000000 1.000000
epsilon: 0.3541960000000000
end_epsilon: 0.0000000000000000
pressure: 0.2500870000000000
lambda: 0.0000000000000000
lambda_coupling: 1.0000000000000000
uy: 0.0000000000000000
maximum_displacement: 1.0000000000000000
maximum_rotation: 1.0000000000000000
maximum_volume: 1.0000000000000000
maximum_shape: 0.0000001000000000
maximum_dsigma: 0.0100000000000000
mod: 10
pmod: 10
optimize: 1
verbose: 1
snapshot: 0
display: 1
explore: 1
npt: 1
nptxy: 0
nptdxdy: 0
shape: 0
seed: 1201189
11.901794091302 59.078671514437 0.866025403784 -0.500000000000
-29.184586988812 54.068568506524 0.000000000000 1.000000000000
-173.681474634274 -138.501609983990 0.866025403784 -0.500000000000
110.459248882320 -106.427205784213 0.000000000000 1.000000000000
32.682326816677 -17.567753812248 0.000000000000 1.000000000000
31.961075682754 -9.852814452293 0.866025403784 0.500000000000
20.454747167819 87.890212127314 0.000000000000 1.000000000000
65.905750619458 101.368907737874 0.000000000000 1.000000000000
29.164007688697 -58.676286777265 0.000000000000 1.000000000000
35.548845718249 -13.037783979526 0.866025403784 0.500000000000
83.544130554258 100.085141150911 0.866025403784 -0.500000000000
108.709932828203 16.618349717353 0.000000000000 1.000000000000
69.480771939739 134.795567157039 0.000000000000 1.000000000000
28.606833122858 -1.267481779543 0.000000000000 1.000000000000
5.660075085362 79.547295408320 0.866025403784 -0.500000000000
-35.312448388920 52.217860021322 0.000000000000 1.000000000000
-65.631140145551 -268.171338863910 0.866025403784 0.500000000000
-8.050070796725 81.790030863279 0.866025403784 0.500000000000
-153.690139568013 -55.157079767194 0.866025403784 -0.500000000000
33.686645985297 -137.690399004759 0.000000000000 1.000000000000
