#Configurational_file created 2018-09-14 12:02:18  started 2018-09-14 12:02:17 run for 1.0s steps 0
name: p_1021
step: 10000
specie: 20
	particle_diameter: 1.0000000000000000
	interaction_length: 1.2000000000000000
	number_of_patches: 3
	number_of_particles_per_compound: 1
	rod_length: 1.0000000000000000
	interaction_matrix:  1.000000 1.000000 1.000000 1.000000 1.000000 1.000000 1.000000 1.000000 1.000000
	patch_type: symmetric
	patch_width: 8.0000000000000000
	patch_angle: 0.0000000000000000
	angles:  0.000000 0.000000 0.000000
	grand_canonical: 0
	chemical_potential: 0.0000000000000000
box: 46.803250 46.803250
copy: 1.000000 1.000000
epsilon: 0.0312500000000000
end_epsilon: 0.0000000000000000
pressure: 0.0833340000000000
lambda: 0.0000000000000000
lambda_coupling: 1.0000000000000000
uy: 0.0000000000000000
maximum_displacement: 1.0000000000000000
maximum_rotation: 1.0000000000000000
maximum_volume: 1.0000000000000000
maximum_shape: 0.0000001000000000
maximum_dsigma: 0.0100000000000000
mod: 10
pmod: 10
optimize: 1
verbose: 1
snapshot: 0
display: 1
explore: 1
npt: 1
nptxy: 0
nptdxdy: 0
shape: 0
seed: 1163668
-3.260764031595 155.484539295453 0.866025403784 0.500000000000
-54.330404658328 109.289689467030 0.866025403784 -0.500000000000
67.363597698162 30.987165351020 0.866025403784 -0.500000000000
186.185552957323 99.709692692331 0.000000000000 1.000000000000
-223.294537215006 229.771171290473 0.000000000000 1.000000000000
29.921913618343 122.263567200782 0.866025403784 0.500000000000
99.950761904943 -312.717728501197 0.000000000000 1.000000000000
151.618626215150 112.384045941062 0.000000000000 1.000000000000
33.746749944498 109.510023467073 0.000000000000 1.000000000000
343.823236058225 21.768343595269 0.866025403784 -0.500000000000
73.476440834172 -363.413364522208 0.866025403784 -0.500000000000
137.511135665505 -2.141959982890 0.000000000000 1.000000000000
-137.737942938061 309.770402359109 0.000000000000 1.000000000000
-254.883699587241 123.961287043703 0.866025403784 0.500000000000
132.326173646577 28.454699541200 0.000000000000 1.000000000000
-99.181177065050 81.822174740885 0.000000000000 1.000000000000
-345.326958444776 244.774887759784 0.866025403784 0.500000000000
72.752252566855 258.427735587816 0.866025403784 -0.500000000000
-21.271482357331 -47.628032155914 0.866025403784 -0.500000000000
-323.646244601462 -119.292395750172 0.000000000000 1.000000000000
