#Configurational_file created 2018-09-14 12:02:51  started 2018-09-14 12:02:50 run for 1.0s steps 0
name: p_1066
step: 10000
specie: 20
	particle_diameter: 1.0000000000000000
	interaction_length: 1.2000000000000000
	number_of_patches: 3
	number_of_particles_per_compound: 1
	rod_length: 1.0000000000000000
	interaction_matrix:  1.000000 1.000000 1.000000 1.000000 1.000000 1.000000 1.000000 1.000000 1.000000
	patch_type: symmetric
	patch_width: 8.0000000000000000
	patch_angle: 0.0000000000000000
	angles:  0.000000 0.000000 0.000000
	grand_canonical: 0
	chemical_potential: 0.0000000000000000
box: 50.698233 50.698233
copy: 1.000000 1.000000
epsilon: 0.0354170000000000
end_epsilon: 0.0000000000000000
pressure: 0.0625000000000000
lambda: 0.0000000000000000
lambda_coupling: 1.0000000000000000
uy: 0.0000000000000000
maximum_displacement: 1.0000000000000000
maximum_rotation: 1.0000000000000000
maximum_volume: 1.0000000000000000
maximum_shape: 0.0000001000000000
maximum_dsigma: 0.0100000000000000
mod: 10
pmod: 10
optimize: 1
verbose: 1
snapshot: 0
display: 1
explore: 1
npt: 1
nptxy: 0
nptdxdy: 0
shape: 0
seed: 1214833
22.670649136460 -301.271955323467 0.866025403784 0.500000000000
164.796158873003 -242.747164131487 0.866025403784 -0.500000000000
-316.609000222047 116.708924097836 0.866025403784 0.500000000000
30.350736080884 355.090424314141 0.000000000000 1.000000000000
-146.613271385954 107.479431786616 0.866025403784 0.500000000000
-59.895134675015 70.251276146088 0.866025403784 0.500000000000
-52.888784206428 -106.024485710369 0.000000000000 1.000000000000
53.560193924914 14.557438561608 0.866025403784 -0.500000000000
-4.093814254338 117.678575174388 0.000000000000 1.000000000000
-47.140826093295 128.780605847243 0.866025403784 -0.500000000000
-303.809090305867 -3.661475871454 0.000000000000 1.000000000000
467.619807310502 39.212397553004 0.000000000000 1.000000000000
86.413738744076 424.944510332020 0.000000000000 1.000000000000
214.930218780000 233.966103739538 0.866025403784 -0.500000000000
276.663544766947 24.150775917836 0.000000000000 1.000000000000
-104.027801288894 -217.196866238819 0.866025403784 0.500000000000
311.817365452215 217.345483173715 0.000000000000 1.000000000000
126.942306554456 -405.048564171074 0.000000000000 1.000000000000
79.235141867620 86.128729490777 0.000000000000 1.000000000000
61.959254767773 -29.742936531867 0.000000000000 1.000000000000
