#Configurational_file created 2018-09-14 13:58:26  started 2018-09-14 13:58:25 run for 1.0s steps 0
name: p_1059
step: 10000
specie: 20
	particle_diameter: 1.0000000000000000
	interaction_length: 1.2000000000000000
	number_of_patches: 3
	number_of_particles_per_compound: 1
	rod_length: 1.0000000000000000
	interaction_matrix:  1.000000 1.000000 1.000000 1.000000 1.000000 1.000000 1.000000 1.000000 1.000000
	patch_type: symmetric
	patch_width: 8.0000000000000000
	patch_angle: 0.0000000000000000
	angles:  0.000000 0.000000 0.000000
	grand_canonical: 0
	chemical_potential: 0.0000000000000000
box: 22.550802 22.550802
copy: 1.000000 1.000000
epsilon: 0.3448280000000000
end_epsilon: 0.0000000000000000
pressure: 0.1379320000000000
lambda: 0.0000000000000000
lambda_coupling: 1.0000000000000000
uy: 0.0000000000000000
maximum_displacement: 1.0000000000000000
maximum_rotation: 1.0000000000000000
maximum_volume: 1.0000000000000000
maximum_shape: 0.0000001000000000
maximum_dsigma: 0.0100000000000000
mod: 10
pmod: 10
optimize: 1
verbose: 1
snapshot: 0
display: 1
explore: 1
npt: 1
nptxy: 0
nptdxdy: 0
shape: 0
seed: 1206874
-60.803312826804 -172.764814358328 0.866025403784 -0.500000000000
-130.762566693580 -201.592708736759 0.000000000000 1.000000000000
-20.890937928952 -92.547074830337 0.000000000000 1.000000000000
204.919527951315 -76.273116907322 0.866025403784 -0.500000000000
38.584225278890 167.208074036635 0.866025403784 -0.500000000000
12.662473729055 -31.303116230517 0.866025403784 -0.500000000000
-64.195931873534 166.330461407005 0.866025403784 -0.500000000000
7.050660252622 3.196055891897 0.866025403784 -0.500000000000
40.641609429724 -90.330612476257 0.866025403784 0.500000000000
-32.491724904747 -110.947037604333 0.866025403784 -0.500000000000
-25.607891197202 -17.178221325117 0.866025403784 0.500000000000
-39.408287613138 -33.110797670560 0.866025403784 -0.500000000000
39.538303789924 56.339020462953 0.000000000000 1.000000000000
-11.063454388069 -161.794698799638 0.866025403784 0.500000000000
-102.162896664886 -87.911139768284 0.000000000000 1.000000000000
168.121275299112 -35.968339070397 0.000000000000 1.000000000000
-72.873971432378 -194.429136863383 0.000000000000 1.000000000000
182.028684618364 250.961195106869 0.866025403784 0.500000000000
22.946398739322 -152.839168700072 0.866025403784 0.500000000000
-166.125784861090 -31.130477123627 0.866025403784 0.500000000000
