#Configurational_file created 2018-09-14 12:02:33  started 2018-09-14 12:02:32 run for 1.0s steps 0
name: p_1041
step: 10000
specie: 20
	particle_diameter: 1.0000000000000000
	interaction_length: 1.2000000000000000
	number_of_patches: 3
	number_of_particles_per_compound: 1
	rod_length: 1.0000000000000000
	interaction_matrix:  1.000000 1.000000 1.000000 1.000000 1.000000 1.000000 1.000000 1.000000 1.000000
	patch_type: symmetric
	patch_width: 8.0000000000000000
	patch_angle: 0.0000000000000000
	angles:  0.000000 0.000000 0.000000
	grand_canonical: 0
	chemical_potential: 0.0000000000000000
box: 47.540329 47.540329
copy: 1.000000 1.000000
epsilon: 0.0333340000000000
end_epsilon: 0.0000000000000000
pressure: 0.0625000000000000
lambda: 0.0000000000000000
lambda_coupling: 1.0000000000000000
uy: 0.0000000000000000
maximum_displacement: 1.0000000000000000
maximum_rotation: 1.0000000000000000
maximum_volume: 1.0000000000000000
maximum_shape: 0.0000001000000000
maximum_dsigma: 0.0100000000000000
mod: 10
pmod: 10
optimize: 1
verbose: 1
snapshot: 0
display: 1
explore: 1
npt: 1
nptxy: 0
nptdxdy: 0
shape: 0
seed: 1186408
147.392890501245 304.480787718276 0.866025403784 -0.500000000000
195.328656025569 524.737820171092 0.866025403784 0.500000000000
300.734695694111 62.636904891848 0.866025403784 -0.500000000000
67.025803149990 151.264444469433 0.000000000000 1.000000000000
-47.059513614087 -55.514989714567 0.000000000000 1.000000000000
-288.896862496844 -134.033180065624 0.866025403784 0.500000000000
228.723950723885 283.573680838444 0.000000000000 1.000000000000
78.139465396592 49.609851170453 0.000000000000 1.000000000000
-133.330225718379 -77.931064866643 0.866025403784 0.500000000000
-34.298287978563 105.932435216202 0.866025403784 0.500000000000
58.329995625088 -62.793205694375 0.000000000000 1.000000000000
118.871268473464 7.817077323273 0.000000000000 1.000000000000
-153.465134260055 152.005602804427 0.000000000000 1.000000000000
-284.732817522003 -162.219656154136 0.866025403784 -0.500000000000
233.132331925353 -96.806961465401 0.866025403784 -0.500000000000
9.566294112517 245.789966343916 0.000000000000 1.000000000000
193.823807402913 -55.840380554119 0.866025403784 -0.500000000000
-304.575352304821 16.231224019985 0.000000000000 1.000000000000
78.891588479116 124.715790173041 0.866025403784 -0.500000000000
111.166621821207 -47.958109478790 0.866025403784 0.500000000000
