#Configurational_file created 2018-09-14 13:58:07  started 2018-09-14 13:58:06 run for 1.0s steps 0
name: p_1032
step: 10000
specie: 20
	particle_diameter: 1.0000000000000000
	interaction_length: 1.2000000000000000
	number_of_patches: 3
	number_of_particles_per_compound: 1
	rod_length: 1.0000000000000000
	interaction_matrix:  1.000000 1.000000 1.000000 1.000000 1.000000 1.000000 1.000000 1.000000 1.000000
	patch_type: symmetric
	patch_width: 8.0000000000000000
	patch_angle: 0.0000000000000000
	angles:  0.000000 0.000000 0.000000
	grand_canonical: 0
	chemical_potential: 0.0000000000000000
box: 22.923230 22.923230
copy: 1.000000 1.000000
epsilon: 0.2758630000000000
end_epsilon: 0.0000000000000000
pressure: 0.1896560000000000
lambda: 0.0000000000000000
lambda_coupling: 1.0000000000000000
uy: 0.0000000000000000
maximum_displacement: 1.0000000000000000
maximum_rotation: 1.0000000000000000
maximum_volume: 1.0000000000000000
maximum_shape: 0.0000001000000000
maximum_dsigma: 0.0100000000000000
mod: 10
pmod: 10
optimize: 1
verbose: 1
snapshot: 0
display: 1
explore: 1
npt: 1
nptxy: 0
nptdxdy: 0
shape: 0
seed: 1176175
-53.596097753664 -31.577355639444 0.866025403784 0.500000000000
-118.771116654924 94.841346610289 0.866025403784 -0.500000000000
-150.445051217517 122.314079563194 0.000000000000 1.000000000000
39.532150576236 67.421557555460 0.000000000000 1.000000000000
15.699697807579 -45.198225808412 0.866025403784 0.500000000000
23.248387502715 62.031625175877 0.866025403784 0.500000000000
-125.438837199408 171.150008143518 0.866025403784 -0.500000000000
158.579216373752 -46.003180172448 0.866025403784 0.500000000000
-95.335413943165 107.845617924958 0.000000000000 1.000000000000
63.872459135977 229.129933084320 0.866025403784 -0.500000000000
-2.082168604832 -47.111545075117 0.000000000000 1.000000000000
-142.056931880910 -29.837399327140 0.866025403784 -0.500000000000
26.144200989176 -218.295285481541 0.866025403784 -0.500000000000
-125.657616635939 -43.987046533237 0.000000000000 1.000000000000
-33.753628174066 -115.646562198376 0.866025403784 -0.500000000000
31.502803324343 54.588386378056 0.000000000000 1.000000000000
-35.721612115506 -209.502769147142 0.866025403784 0.500000000000
-118.614056059880 -126.685328610100 0.866025403784 -0.500000000000
-31.646294117868 80.950223948844 0.866025403784 0.500000000000
35.719787026936 -35.030417383696 0.000000000000 1.000000000000
