#Configurational_file created 2018-09-14 13:57:45  started 2018-09-14 13:57:45 run for 0.0s steps 0
name: p_1000
step: 10000
specie: 20
	particle_diameter: 1.0000000000000000
	interaction_length: 1.2000000000000000
	number_of_patches: 3
	number_of_particles_per_compound: 1
	rod_length: 1.0000000000000000
	interaction_matrix:  1.000000 1.000000 1.000000 1.000000 1.000000 1.000000 1.000000 1.000000 1.000000
	patch_type: symmetric
	patch_width: 8.0000000000000000
	patch_angle: 0.0000000000000000
	angles:  0.000000 0.000000 0.000000
	grand_canonical: 0
	chemical_potential: 0.0000000000000000
box: 26.633856 26.633856
copy: 1.000000 1.000000
epsilon: 0.2068970000000000
end_epsilon: 0.0000000000000000
pressure: 0.1551730000000000
lambda: 0.0000000000000000
lambda_coupling: 1.0000000000000000
uy: 0.0000000000000000
maximum_displacement: 1.0000000000000000
maximum_rotation: 1.0000000000000000
maximum_volume: 1.0000000000000000
maximum_shape: 0.0000001000000000
maximum_dsigma: 0.0100000000000000
mod: 10
pmod: 10
optimize: 1
verbose: 1
snapshot: 0
display: 1
explore: 1
npt: 1
nptxy: 0
nptdxdy: 0
shape: 0
seed: 1139791
-121.110065775000 144.997085876750 0.866025403784 -0.500000000000
-226.706038839126 -84.311050995622 0.000000000000 1.000000000000
-159.042337620035 24.030718526830 0.866025403784 0.500000000000
-60.935944271632 -30.854979679859 0.000000000000 1.000000000000
75.852640678624 161.025079631345 0.866025403784 -0.500000000000
67.007505206169 -14.179005887843 0.866025403784 0.500000000000
19.491394980089 106.839929564468 0.866025403784 -0.500000000000
49.154115872085 137.633882134682 0.866025403784 0.500000000000
-46.814353639529 106.757611822101 0.866025403784 -0.500000000000
77.976879672905 24.728694792588 0.866025403784 0.500000000000
-83.780887958732 193.593464479426 0.000000000000 1.000000000000
117.164392493087 73.785794885619 0.866025403784 -0.500000000000
-42.977457651859 -114.241813309994 0.000000000000 1.000000000000
34.826321126988 -145.951312078231 0.866025403784 0.500000000000
-33.900823574676 13.176566732267 0.866025403784 -0.500000000000
9.648300671406 106.843598260228 0.000000000000 1.000000000000
-48.871873086446 170.716273664728 0.866025403784 -0.500000000000
-41.458594242688 100.736113930218 0.000000000000 1.000000000000
17.628303761201 134.074937508066 0.000000000000 1.000000000000
-148.653901356512 -21.012273295174 0.000000000000 1.000000000000
