#Configurational_file created 2018-09-14 11:35:35  started 2018-09-14 11:35:34 run for 1.0s steps 0
name: p_1078
step: 10000
specie: 20
	particle_diameter: 1.0000000000000000
	interaction_length: 1.2000000000000000
	number_of_patches: 3
	number_of_particles_per_compound: 1
	rod_length: 1.0000000000000000
	interaction_matrix:  1.000000 1.000000 1.000000 1.000000 1.000000 1.000000 1.000000 1.000000 1.000000
	patch_type: symmetric
	patch_width: 8.0000000000000000
	patch_angle: 0.0000000000000000
	angles:  0.000000 0.000000 0.000000
	grand_canonical: 0
	chemical_potential: 0.0000000000000000
box: 21.408027 21.408027
copy: 1.000000 1.000000
epsilon: 0.3750250000000000
end_epsilon: 0.0000000000000000
pressure: 0.1667580000000000
lambda: 0.0000000000000000
lambda_coupling: 1.0000000000000000
uy: 0.0000000000000000
maximum_displacement: 1.0000000000000000
maximum_rotation: 1.0000000000000000
maximum_volume: 1.0000000000000000
maximum_shape: 0.0000001000000000
maximum_dsigma: 0.0100000000000000
mod: 10
pmod: 10
optimize: 1
verbose: 1
snapshot: 0
display: 1
explore: 1
npt: 1
nptxy: 0
nptdxdy: 0
shape: 0
seed: 1228477
146.482320352315 97.708967939133 0.866025403784 -0.500000000000
65.729934279015 -119.715612896114 0.000000000000 1.000000000000
12.502121650974 -27.663467985712 0.866025403784 -0.500000000000
76.416421962500 -67.117649994570 0.866025403784 0.500000000000
-13.441825464196 -70.394047441422 0.000000000000 1.000000000000
-82.127796800241 -125.194183630169 0.000000000000 1.000000000000
199.750489617028 47.514473799677 0.866025403784 -0.500000000000
-26.978406228248 -71.594390219105 0.000000000000 1.000000000000
-72.174878949117 157.196020469052 0.866025403784 0.500000000000
-36.458780035764 128.958830566734 0.866025403784 -0.500000000000
-183.964423805293 -128.532157046629 0.866025403784 0.500000000000
13.484908974079 -45.089179453379 0.866025403784 -0.500000000000
144.352583442952 80.479972968202 0.866025403784 -0.500000000000
-89.656504530328 93.710687976926 0.866025403784 0.500000000000
-82.500151037274 18.824997031211 0.866025403784 -0.500000000000
-23.424468188693 -68.215031467066 0.866025403784 0.500000000000
161.163983831029 -53.095839054960 0.866025403784 0.500000000000
-20.615437002477 187.877831889349 0.000000000000 1.000000000000
183.764283556895 128.461599267255 0.866025403784 -0.500000000000
-70.246747010176 -118.396898396257 0.866025403784 0.500000000000
