#Configurational_file created 2018-09-14 12:03:02  started 2018-09-14 12:03:01 run for 1.0s steps 0
name: p_1081
step: 10000
specie: 20
	particle_diameter: 1.0000000000000000
	interaction_length: 1.2000000000000000
	number_of_patches: 3
	number_of_particles_per_compound: 1
	rod_length: 1.0000000000000000
	interaction_matrix:  1.000000 1.000000 1.000000 1.000000 1.000000 1.000000 1.000000 1.000000 1.000000
	patch_type: symmetric
	patch_width: 8.0000000000000000
	patch_angle: 0.0000000000000000
	angles:  0.000000 0.000000 0.000000
	grand_canonical: 0
	chemical_potential: 0.0000000000000000
box: 45.187435 45.187435
copy: 1.000000 1.000000
epsilon: 0.0375000000000000
end_epsilon: 0.0000000000000000
pressure: 0.0208340000000000
lambda: 0.0000000000000000
lambda_coupling: 1.0000000000000000
uy: 0.0000000000000000
maximum_displacement: 1.0000000000000000
maximum_rotation: 1.0000000000000000
maximum_volume: 1.0000000000000000
maximum_shape: 0.0000001000000000
maximum_dsigma: 0.0100000000000000
mod: 10
pmod: 10
optimize: 1
verbose: 1
snapshot: 0
display: 1
explore: 1
npt: 1
nptxy: 0
nptdxdy: 0
shape: 0
seed: 1231888
62.694479084566 176.221985483860 0.866025403784 -0.500000000000
-320.619250999709 -122.311461337016 0.000000000000 1.000000000000
-120.073595044465 -195.349914923641 0.866025403784 0.500000000000
235.331956099460 -138.027768152062 0.866025403784 0.500000000000
120.294467013339 -37.535807422986 0.866025403784 -0.500000000000
-92.916039183221 -62.014105687092 0.866025403784 0.500000000000
275.804099813469 152.839042331101 0.866025403784 -0.500000000000
184.574852393492 -38.889278396385 0.866025403784 0.500000000000
102.180183077270 108.648874600715 0.866025403784 0.500000000000
-170.655139891201 -8.173062514999 0.866025403784 -0.500000000000
328.326557772301 326.174368021519 0.866025403784 0.500000000000
50.003760815278 254.386804032981 0.866025403784 0.500000000000
-55.685003320990 416.007717109559 0.866025403784 0.500000000000
12.290469877873 350.437628858328 0.000000000000 1.000000000000
-7.998547169704 8.590195391726 0.000000000000 1.000000000000
-201.585092255783 227.291159944476 0.000000000000 1.000000000000
137.613124936682 -27.536174769138 0.000000000000 1.000000000000
419.216673155949 -65.624497059159 0.000000000000 1.000000000000
-339.829127034038 58.579531238747 0.000000000000 1.000000000000
-308.386371317192 104.900134878253 0.866025403784 0.500000000000
