#Configurational_file created 2018-09-14 13:58:16  started 2018-09-14 13:58:15 run for 1.0s steps 0
name: p_1045
step: 10000
specie: 20
	particle_diameter: 1.0000000000000000
	interaction_length: 1.2000000000000000
	number_of_patches: 3
	number_of_particles_per_compound: 1
	rod_length: 1.0000000000000000
	interaction_matrix:  1.000000 1.000000 1.000000 1.000000 1.000000 1.000000 1.000000 1.000000 1.000000
	patch_type: symmetric
	patch_width: 8.0000000000000000
	patch_angle: 0.0000000000000000
	angles:  0.000000 0.000000 0.000000
	grand_canonical: 0
	chemical_potential: 0.0000000000000000
box: 16.086999 16.086999
copy: 1.000000 1.000000
epsilon: 0.2758630000000000
end_epsilon: 0.0000000000000000
pressure: 0.4137930000000000
lambda: 0.0000000000000000
lambda_coupling: 1.0000000000000000
uy: 0.0000000000000000
maximum_displacement: 1.0000000000000000
maximum_rotation: 1.0000000000000000
maximum_volume: 1.0000000000000000
maximum_shape: 0.0000001000000000
maximum_dsigma: 0.0100000000000000
mod: 10
pmod: 10
optimize: 1
verbose: 1
snapshot: 0
display: 1
explore: 1
npt: 1
nptxy: 0
nptdxdy: 0
shape: 0
seed: 1190956
52.265899762667 39.152619776278 0.866025403784 -0.500000000000
-91.142446241044 -143.739803309796 0.866025403784 -0.500000000000
-166.006075168630 196.787141881672 0.866025403784 0.500000000000
62.106472496255 -193.194809213059 0.866025403784 -0.500000000000
24.218580876569 151.651035185644 0.866025403784 0.500000000000
120.381756990627 19.649012190539 0.866025403784 0.500000000000
-41.844582196219 19.211094624613 0.000000000000 1.000000000000
64.996250525599 -120.832189875344 0.866025403784 -0.500000000000
111.341674240884 -12.837237607783 0.866025403784 -0.500000000000
6.131374730930 68.849360036795 0.866025403784 0.500000000000
-94.553025047710 38.885831912051 0.866025403784 0.500000000000
-186.550797586085 -112.684145459137 0.000000000000 1.000000000000
36.148075465675 -159.419239527453 0.000000000000 1.000000000000
92.019157210973 -37.516828241661 0.866025403784 -0.500000000000
240.411532487073 111.406443755974 0.866025403784 0.500000000000
-7.207154626759 21.529217749199 0.866025403784 -0.500000000000
-190.426905853717 -172.325453143967 0.866025403784 0.500000000000
-88.361429912574 -197.019638553949 0.866025403784 0.500000000000
75.460939332614 160.508366810914 0.866025403784 0.500000000000
107.890595033484 78.933812331012 0.866025403784 0.500000000000
