#Configurational_file created 2018-09-14 11:34:44  started 2018-09-14 11:34:43 run for 1.0s steps 0
name: p_1018
step: 10000
specie: 20
	particle_diameter: 1.0000000000000000
	interaction_length: 1.2000000000000000
	number_of_patches: 3
	number_of_particles_per_compound: 1
	rod_length: 1.0000000000000000
	interaction_matrix:  1.000000 1.000000 1.000000 1.000000 1.000000 1.000000 1.000000 1.000000 1.000000
	patch_type: symmetric
	patch_width: 8.0000000000000000
	patch_angle: 0.0000000000000000
	angles:  0.000000 0.000000 0.000000
	grand_canonical: 0
	chemical_potential: 0.0000000000000000
box: 7.921257 7.921257
copy: 1.000000 1.000000
epsilon: 0.3125370000000000
end_epsilon: 0.0000000000000000
pressure: 1.4166960000000000
lambda: 0.0000000000000000
lambda_coupling: 1.0000000000000000
uy: 0.0000000000000000
maximum_displacement: 1.0000000000000000
maximum_rotation: 1.0000000000000000
maximum_volume: 0.9241188617367064
maximum_shape: 0.0000001000000000
maximum_dsigma: 0.0100000000000000
mod: 10
pmod: 10
optimize: 1
verbose: 1
snapshot: 0
display: 1
explore: 1
npt: 1
nptxy: 0
nptdxdy: 0
shape: 0
seed: 1160257
82.996854598933 -34.530507045198 0.866025403784 -0.500000000000
-62.943771904140 -11.525986455557 0.866025403784 -0.500000000000
39.063976879016 -24.608258475985 0.866025403784 -0.500000000000
16.808711399592 112.986119676717 0.866025403784 -0.500000000000
-49.237966111167 -67.899397537411 0.866025403784 0.500000000000
-98.910928979117 -60.817355552536 0.000000000000 1.000000000000
69.556089142832 49.208558539945 0.000000000000 1.000000000000
-132.611959299518 -76.130086448456 0.866025403784 -0.500000000000
56.410428955786 -94.018657948551 0.866025403784 0.500000000000
44.948781893463 -49.001649478481 0.866025403784 0.500000000000
14.292444208370 37.475796618065 0.866025403784 0.500000000000
-111.221523701913 -36.348638481747 0.866025403784 0.500000000000
130.643623452899 38.899277464814 0.000000000000 1.000000000000
6.272391125829 62.496586582733 0.000000000000 1.000000000000
78.510147661526 82.915476897362 0.866025403784 -0.500000000000
48.900682089974 37.453474171411 0.866025403784 0.500000000000
-60.311848164765 2.472922855716 0.866025403784 0.500000000000
-102.914783453529 -40.175305723659 0.000000000000 1.000000000000
28.374716106212 99.568189329207 0.000000000000 1.000000000000
19.721614872170 -23.598900111431 0.866025403784 -0.500000000000
