#Configurational_file created 2018-09-14 12:02:58  started 2018-09-14 12:02:57 run for 1.0s steps 0
name: p_1076
step: 10000
specie: 20
	particle_diameter: 1.0000000000000000
	interaction_length: 1.2000000000000000
	number_of_patches: 3
	number_of_particles_per_compound: 1
	rod_length: 1.0000000000000000
	interaction_matrix:  1.000000 1.000000 1.000000 1.000000 1.000000 1.000000 1.000000 1.000000 1.000000
	patch_type: symmetric
	patch_width: 8.0000000000000000
	patch_angle: 0.0000000000000000
	angles:  0.000000 0.000000 0.000000
	grand_canonical: 0
	chemical_potential: 0.0000000000000000
box: 45.782722 45.782722
copy: 1.000000 1.000000
epsilon: 0.0375000000000000
end_epsilon: 0.0000000000000000
pressure: 0.0000010000000000
lambda: 0.0000000000000000
lambda_coupling: 1.0000000000000000
uy: 0.0000000000000000
maximum_displacement: 1.0000000000000000
maximum_rotation: 1.0000000000000000
maximum_volume: 1.0000000000000000
maximum_shape: 0.0000001000000000
maximum_dsigma: 0.0100000000000000
mod: 10
pmod: 10
optimize: 1
verbose: 1
snapshot: 0
display: 1
explore: 1
npt: 1
nptxy: 0
nptdxdy: 0
shape: 0
seed: 1226203
162.893494854096 201.438383635904 0.866025403784 0.500000000000
-271.487047044955 -104.532334430602 0.866025403784 -0.500000000000
-247.211878679942 -140.373280578675 0.000000000000 1.000000000000
88.842445267813 141.649491434808 0.000000000000 1.000000000000
24.722932976631 122.757272799527 0.866025403784 -0.500000000000
-45.717959563987 112.197051564103 0.000000000000 1.000000000000
-161.053434412457 68.654527504207 0.866025403784 0.500000000000
130.664435766990 11.482696896712 0.000000000000 1.000000000000
-16.643456699003 31.487118499789 0.866025403784 -0.500000000000
65.906863794108 59.754254696031 0.000000000000 1.000000000000
-126.865722057192 -33.898907952206 0.866025403784 -0.500000000000
133.170803598766 -337.518125113349 0.866025403784 0.500000000000
-264.925673212311 132.401771851749 0.866025403784 0.500000000000
52.504476881437 -28.718593860560 0.866025403784 0.500000000000
19.504880761673 -187.687927082313 0.866025403784 -0.500000000000
-14.818258751812 -119.781636823498 0.000000000000 1.000000000000
-48.959647291210 -166.415687648111 0.866025403784 0.500000000000
-169.173737006802 84.968930694255 0.866025403784 -0.500000000000
20.540079566697 61.462456973631 0.000000000000 1.000000000000
-10.163118709145 211.710205597005 0.000000000000 1.000000000000
