#Configurational_file created 2018-09-14 13:58:24  started 2018-09-14 13:58:24 run for 0.0s steps 0
name: p_1057
step: 10000
specie: 20
	particle_diameter: 1.0000000000000000
	interaction_length: 1.2000000000000000
	number_of_patches: 3
	number_of_particles_per_compound: 1
	rod_length: 1.0000000000000000
	interaction_matrix:  1.000000 1.000000 1.000000 1.000000 1.000000 1.000000 1.000000 1.000000 1.000000
	patch_type: symmetric
	patch_width: 8.0000000000000000
	patch_angle: 0.0000000000000000
	angles:  0.000000 0.000000 0.000000
	grand_canonical: 0
	chemical_potential: 0.0000000000000000
box: 26.639464 26.639464
copy: 1.000000 1.000000
epsilon: 0.3448280000000000
end_epsilon: 0.0000000000000000
pressure: 0.1034490000000000
lambda: 0.0000000000000000
lambda_coupling: 1.0000000000000000
uy: 0.0000000000000000
maximum_displacement: 1.0000000000000000
maximum_rotation: 1.0000000000000000
maximum_volume: 1.0000000000000000
maximum_shape: 0.0000001000000000
maximum_dsigma: 0.0100000000000000
mod: 10
pmod: 10
optimize: 1
verbose: 1
snapshot: 0
display: 1
explore: 1
npt: 1
nptxy: 0
nptdxdy: 0
shape: 0
seed: 1204600
-26.243079998820 87.241628822116 0.866025403784 -0.500000000000
121.600999609269 -187.610066667277 0.866025403784 0.500000000000
-77.906927878380 0.268603439002 0.866025403784 0.500000000000
59.382512703374 -22.376518792567 0.866025403784 -0.500000000000
163.310827245334 153.892991902520 0.866025403784 0.500000000000
-71.671404704128 -93.351434447280 0.866025403784 -0.500000000000
98.740370444701 -14.633938434671 0.866025403784 0.500000000000
-129.496621141129 113.046570731291 0.000000000000 1.000000000000
-59.248525123782 83.149824982492 0.866025403784 -0.500000000000
38.749847847649 47.308133839565 0.866025403784 0.500000000000
116.399341784808 79.968588729654 0.000000000000 1.000000000000
-249.444398977426 137.341762672463 0.866025403784 -0.500000000000
-1.302044835373 223.829665879383 0.866025403784 -0.500000000000
-190.413622639505 -28.294287476337 0.866025403784 -0.500000000000
74.410855257860 -126.866759837510 0.866025403784 0.500000000000
37.985968486530 52.836101948309 0.000000000000 1.000000000000
-19.977879646036 -54.364562212019 0.866025403784 -0.500000000000
219.438007802096 39.140944514293 0.866025403784 0.500000000000
-20.907323001888 -118.704408956789 0.866025403784 0.500000000000
-201.630697434504 -94.085975511316 0.866025403784 -0.500000000000
