#Configurational_file created 2018-09-14 12:03:15  started 2018-09-14 12:03:14 run for 1.0s steps 0
name: p_1099
step: 10000
specie: 20
	particle_diameter: 1.0000000000000000
	interaction_length: 1.2000000000000000
	number_of_patches: 3
	number_of_particles_per_compound: 1
	rod_length: 1.0000000000000000
	interaction_matrix:  1.000000 1.000000 1.000000 1.000000 1.000000 1.000000 1.000000 1.000000 1.000000
	patch_type: symmetric
	patch_width: 8.0000000000000000
	patch_angle: 0.0000000000000000
	angles:  0.000000 0.000000 0.000000
	grand_canonical: 0
	chemical_potential: 0.0000000000000000
box: 48.427139 48.427139
copy: 1.000000 1.000000
epsilon: 0.0375000000000000
end_epsilon: 0.0000000000000000
pressure: 0.0958330000000000
lambda: 0.0000000000000000
lambda_coupling: 1.0000000000000000
uy: 0.0000000000000000
maximum_displacement: 1.0000000000000000
maximum_rotation: 1.0000000000000000
maximum_volume: 1.0000000000000000
maximum_shape: 0.0000001000000000
maximum_dsigma: 0.0100000000000000
mod: 10
pmod: 10
optimize: 1
verbose: 1
snapshot: 0
display: 1
explore: 1
npt: 1
nptxy: 0
nptdxdy: 0
shape: 0
seed: 1252354
337.948104277150 332.943710606848 0.866025403784 0.500000000000
149.941985377564 160.434559117516 0.866025403784 -0.500000000000
117.138571805022 -38.741013506757 0.000000000000 1.000000000000
-171.848673951902 -50.310092502044 0.000000000000 1.000000000000
242.280838781549 82.428015835975 0.000000000000 1.000000000000
-61.539446855176 282.180342507163 0.866025403784 -0.500000000000
-262.825262432498 -140.120256039850 0.866025403784 -0.500000000000
297.720893778299 134.682482035565 0.866025403784 0.500000000000
72.576858959540 -434.302853810310 0.866025403784 -0.500000000000
-268.597696404326 -24.337934227175 0.000000000000 1.000000000000
-8.861697897144 203.200992553167 0.866025403784 0.500000000000
192.147102267516 87.952414276403 0.866025403784 0.500000000000
10.635532837403 139.948112996498 0.000000000000 1.000000000000
148.979939648572 89.830960235804 0.000000000000 1.000000000000
9.178437351714 133.333499905112 0.866025403784 0.500000000000
381.892186913474 85.033418591192 0.000000000000 1.000000000000
62.915656482429 82.866343852863 0.000000000000 1.000000000000
91.805769247859 10.968119607785 0.866025403784 0.500000000000
53.668216415280 80.480728212931 0.866025403784 0.500000000000
157.811250791365 -89.269325606018 0.866025403784 0.500000000000
