#Configurational_file created 2018-09-14 11:35:10  started 2018-09-14 11:35:09 run for 1.0s steps 0
name: p_1048
step: 10000
specie: 20
	particle_diameter: 1.0000000000000000
	interaction_length: 1.2000000000000000
	number_of_patches: 3
	number_of_particles_per_compound: 1
	rod_length: 1.0000000000000000
	interaction_matrix:  1.000000 1.000000 1.000000 1.000000 1.000000 1.000000 1.000000 1.000000 1.000000
	patch_type: symmetric
	patch_width: 8.0000000000000000
	patch_angle: 0.0000000000000000
	angles:  0.000000 0.000000 0.000000
	grand_canonical: 0
	chemical_potential: 0.0000000000000000
box: 7.678898 7.678898
copy: 1.000000 1.000000
epsilon: 0.3333670000000000
end_epsilon: 0.0000000000000000
pressure: 1.8333420000000000
lambda: 0.0000000000000000
lambda_coupling: 1.0000000000000000
uy: 0.0000000000000000
maximum_displacement: 1.0000000000000000
maximum_rotation: 1.0000000000000000
maximum_volume: 0.6636825926639145
maximum_shape: 0.0000001000000000
maximum_dsigma: 0.0100000000000000
mod: 10
pmod: 10
optimize: 1
verbose: 1
snapshot: 0
display: 1
explore: 1
npt: 1
nptxy: 0
nptdxdy: 0
shape: 0
seed: 1194367
-28.761137637302 51.861234829209 0.866025403784 0.500000000000
29.689141839878 2.734810595398 0.866025403784 0.500000000000
-41.315752067564 -49.232938146854 0.866025403784 0.500000000000
29.568346455215 69.017381552110 0.866025403784 0.500000000000
101.637745864219 168.649839934521 0.866025403784 -0.500000000000
23.501487026262 5.440067255202 0.866025403784 -0.500000000000
128.688708186902 34.093599227174 0.866025403784 0.500000000000
-153.552800006743 -19.832630262055 0.000000000000 1.000000000000
-63.607042635473 28.355665194375 0.866025403784 0.500000000000
55.963500916605 -92.738793086544 0.000000000000 1.000000000000
-20.458511707634 63.180168975972 0.866025403784 -0.500000000000
-35.384135526679 35.861244684545 0.866025403784 -0.500000000000
-3.642235473554 -12.781407066981 0.000000000000 1.000000000000
150.430240007611 13.135070363654 0.866025403784 -0.500000000000
99.398366174447 -15.586867218438 0.000000000000 1.000000000000
-84.387730256112 -60.603386365789 0.866025403784 0.500000000000
44.056432393654 161.225560082951 0.866025403784 -0.500000000000
-90.808698209952 39.273938510276 0.866025403784 -0.500000000000
-177.719485253098 90.705586739420 0.000000000000 1.000000000000
-47.122399496468 17.379313875504 0.000000000000 1.000000000000
