#Configurational_file created 2018-09-14 12:02:35  started 2018-09-14 12:02:35 run for 0.0s steps 0
name: p_1045
step: 10000
specie: 20
	particle_diameter: 1.0000000000000000
	interaction_length: 1.2000000000000000
	number_of_patches: 3
	number_of_particles_per_compound: 1
	rod_length: 1.0000000000000000
	interaction_matrix:  1.000000 1.000000 1.000000 1.000000 1.000000 1.000000 1.000000 1.000000 1.000000
	patch_type: symmetric
	patch_width: 8.0000000000000000
	patch_angle: 0.0000000000000000
	angles:  0.000000 0.000000 0.000000
	grand_canonical: 0
	chemical_potential: 0.0000000000000000
box: 52.172653 52.172653
copy: 1.000000 1.000000
epsilon: 0.0333340000000000
end_epsilon: 0.0000000000000000
pressure: 0.0791670000000000
lambda: 0.0000000000000000
lambda_coupling: 1.0000000000000000
uy: 0.0000000000000000
maximum_displacement: 1.0000000000000000
maximum_rotation: 1.0000000000000000
maximum_volume: 1.0000000000000000
maximum_shape: 0.0000001000000000
maximum_dsigma: 0.0100000000000000
mod: 10
pmod: 10
optimize: 1
verbose: 1
snapshot: 0
display: 1
explore: 1
npt: 1
nptxy: 0
nptdxdy: 0
shape: 0
seed: 1190956
-107.217130628127 153.116482534189 0.866025403784 0.500000000000
-194.097307230593 75.316309723579 0.000000000000 1.000000000000
113.746387994911 195.971165324718 0.000000000000 1.000000000000
-93.900479309817 -131.977851364683 0.000000000000 1.000000000000
208.569670003603 21.906566861404 0.866025403784 0.500000000000
106.503206796831 -137.763257222099 0.866025403784 -0.500000000000
-223.387913466924 346.288121445322 0.000000000000 1.000000000000
24.987942818711 -376.892859758649 0.000000000000 1.000000000000
-74.494286953267 -56.591359039343 0.866025403784 -0.500000000000
54.020179149430 94.770426794307 0.000000000000 1.000000000000
-138.677888247116 -257.982479602174 0.000000000000 1.000000000000
-294.831532707629 108.518365641733 0.866025403784 0.500000000000
-345.208414015883 64.079395462857 0.866025403784 0.500000000000
-39.041969819373 -9.664751778393 0.866025403784 -0.500000000000
37.460475190424 125.316978230765 0.866025403784 0.500000000000
11.862640360027 83.133114305622 0.866025403784 -0.500000000000
-160.513457836556 321.878071172690 0.866025403784 0.500000000000
-63.468541012791 -152.324206521344 0.000000000000 1.000000000000
-212.092462450664 350.231899253438 0.000000000000 1.000000000000
-104.261605384690 131.530794262227 0.000000000000 1.000000000000
