#Configurational_file created 2018-09-14 12:02:23  started 2018-09-14 12:02:22 run for 1.0s steps 0
name: p_1028
step: 10000
specie: 20
	particle_diameter: 1.0000000000000000
	interaction_length: 1.2000000000000000
	number_of_patches: 3
	number_of_particles_per_compound: 1
	rod_length: 1.0000000000000000
	interaction_matrix:  1.000000 1.000000 1.000000 1.000000 1.000000 1.000000 1.000000 1.000000 1.000000
	patch_type: symmetric
	patch_width: 8.0000000000000000
	patch_angle: 0.0000000000000000
	angles:  0.000000 0.000000 0.000000
	grand_canonical: 0
	chemical_potential: 0.0000000000000000
box: 45.601975 45.601975
copy: 1.000000 1.000000
epsilon: 0.0333340000000000
end_epsilon: 0.0000000000000000
pressure: 0.0083340000000000
lambda: 0.0000000000000000
lambda_coupling: 1.0000000000000000
uy: 0.0000000000000000
maximum_displacement: 1.0000000000000000
maximum_rotation: 1.0000000000000000
maximum_volume: 1.0000000000000000
maximum_shape: 0.0000001000000000
maximum_dsigma: 0.0100000000000000
mod: 10
pmod: 10
optimize: 1
verbose: 1
snapshot: 0
display: 1
explore: 1
npt: 1
nptxy: 0
nptdxdy: 0
shape: 0
seed: 1171627
107.250763684903 -43.085915926268 0.866025403784 -0.500000000000
-245.466971742655 -171.485176286442 0.866025403784 0.500000000000
22.464661361511 185.195982500974 0.000000000000 1.000000000000
177.916360123967 -104.466576786183 0.866025403784 0.500000000000
-49.294961338629 155.863601230387 0.000000000000 1.000000000000
-206.433123907435 -259.233626534854 0.866025403784 0.500000000000
126.055470052606 -116.638014518104 0.866025403784 -0.500000000000
167.549879476298 3.314409979581 0.000000000000 1.000000000000
77.299082390857 88.567549860029 0.000000000000 1.000000000000
-49.303501656403 -224.730611555825 0.000000000000 1.000000000000
-173.692838680677 222.953542530543 0.866025403784 0.500000000000
82.187330682935 -248.436503620702 0.866025403784 0.500000000000
156.741108047812 -8.384278046359 0.000000000000 1.000000000000
-135.800928124319 69.054187053065 0.000000000000 1.000000000000
-55.343919522099 -5.759582172481 0.866025403784 -0.500000000000
135.876445344287 -82.947520373592 0.866025403784 0.500000000000
-9.746823082898 -290.618540124181 0.000000000000 1.000000000000
253.828346487809 38.382230389074 0.866025403784 0.500000000000
-11.555854349965 393.369932918763 0.000000000000 1.000000000000
46.872202879887 36.013349496830 0.866025403784 0.500000000000
