#Configurational_file created 2018-09-14 12:02:26  started 2018-09-14 12:02:25 run for 1.0s steps 0
name: p_1032
step: 10000
specie: 20
	particle_diameter: 1.0000000000000000
	interaction_length: 1.2000000000000000
	number_of_patches: 3
	number_of_particles_per_compound: 1
	rod_length: 1.0000000000000000
	interaction_matrix:  1.000000 1.000000 1.000000 1.000000 1.000000 1.000000 1.000000 1.000000 1.000000
	patch_type: symmetric
	patch_width: 8.0000000000000000
	patch_angle: 0.0000000000000000
	angles:  0.000000 0.000000 0.000000
	grand_canonical: 0
	chemical_potential: 0.0000000000000000
box: 53.552261 53.552261
copy: 1.000000 1.000000
epsilon: 0.0333340000000000
end_epsilon: 0.0000000000000000
pressure: 0.0250010000000000
lambda: 0.0000000000000000
lambda_coupling: 1.0000000000000000
uy: 0.0000000000000000
maximum_displacement: 1.0000000000000000
maximum_rotation: 1.0000000000000000
maximum_volume: 1.0000000000000000
maximum_shape: 0.0000001000000000
maximum_dsigma: 0.0100000000000000
mod: 10
pmod: 10
optimize: 1
verbose: 1
snapshot: 0
display: 1
explore: 1
npt: 1
nptxy: 0
nptdxdy: 0
shape: 0
seed: 1176175
289.909563394532 -225.873744874362 0.000000000000 1.000000000000
28.520951562352 236.016345231633 0.866025403784 -0.500000000000
146.179990608908 -178.694648792756 0.000000000000 1.000000000000
213.317105209274 185.955714261083 0.000000000000 1.000000000000
97.039411369318 78.746128684385 0.866025403784 -0.500000000000
-375.201696277396 -258.441598575951 0.000000000000 1.000000000000
257.769494330206 258.458418396792 0.000000000000 1.000000000000
88.948457125485 -78.357495623084 0.866025403784 -0.500000000000
-201.631993341570 182.600294784659 0.866025403784 -0.500000000000
-185.243785515961 82.681700063418 0.000000000000 1.000000000000
123.660692683109 -60.249867165892 0.866025403784 -0.500000000000
-388.963268837552 9.450370606227 0.866025403784 0.500000000000
-76.777850678911 -68.780888934096 0.866025403784 0.500000000000
-67.604185246389 291.563060703977 0.866025403784 -0.500000000000
197.307259911769 196.466600212141 0.866025403784 -0.500000000000
370.487239382631 102.341851915773 0.866025403784 0.500000000000
130.893223638490 -230.474689858171 0.866025403784 -0.500000000000
-273.007439993622 -67.295528242571 0.866025403784 -0.500000000000
-192.396996698280 2.133087779529 0.866025403784 -0.500000000000
238.662898978778 -109.237752308901 0.866025403784 0.500000000000
