#Configurational_file created 2018-09-14 12:02:44  started 2018-09-14 12:02:44 run for 0.0s steps 0
name: p_1057
step: 10000
specie: 20
	particle_diameter: 1.0000000000000000
	interaction_length: 1.2000000000000000
	number_of_patches: 3
	number_of_particles_per_compound: 1
	rod_length: 1.0000000000000000
	interaction_matrix:  1.000000 1.000000 1.000000 1.000000 1.000000 1.000000 1.000000 1.000000 1.000000
	patch_type: symmetric
	patch_width: 8.0000000000000000
	patch_angle: 0.0000000000000000
	angles:  0.000000 0.000000 0.000000
	grand_canonical: 0
	chemical_potential: 0.0000000000000000
box: 45.181054 45.181054
copy: 1.000000 1.000000
epsilon: 0.0354170000000000
end_epsilon: 0.0000000000000000
pressure: 0.0250010000000000
lambda: 0.0000000000000000
lambda_coupling: 1.0000000000000000
uy: 0.0000000000000000
maximum_displacement: 1.0000000000000000
maximum_rotation: 1.0000000000000000
maximum_volume: 1.0000000000000000
maximum_shape: 0.0000001000000000
maximum_dsigma: 0.0100000000000000
mod: 10
pmod: 10
optimize: 1
verbose: 1
snapshot: 0
display: 1
explore: 1
npt: 1
nptxy: 0
nptdxdy: 0
shape: 0
seed: 1204600
-49.845746331542 -128.633687292959 0.866025403784 -0.500000000000
15.683607512147 -28.834665632413 0.000000000000 1.000000000000
67.969998476087 80.547000289506 0.866025403784 0.500000000000
146.978718507392 203.345703381136 0.000000000000 1.000000000000
113.198742145864 32.929694792045 0.866025403784 -0.500000000000
182.991351048493 -114.901773117480 0.000000000000 1.000000000000
-82.566618213358 9.179428807734 0.000000000000 1.000000000000
328.090875345943 57.576650482759 0.000000000000 1.000000000000
-250.538154004814 194.262245183154 0.000000000000 1.000000000000
-449.119210302107 250.380176874438 0.866025403784 0.500000000000
378.275487338786 60.148698752548 0.866025403784 0.500000000000
66.355458661433 253.899474113884 0.866025403784 0.500000000000
-160.691495806767 328.408824776482 0.866025403784 -0.500000000000
-106.692057722662 231.980297963444 0.000000000000 1.000000000000
256.773433134783 15.638103549824 0.866025403784 -0.500000000000
-27.427422003489 37.380778813308 0.000000000000 1.000000000000
-33.014459800200 -185.099869448792 0.866025403784 -0.500000000000
-77.182422978835 99.343614439826 0.000000000000 1.000000000000
-165.053006590411 -24.236355335980 0.866025403784 0.500000000000
133.146779465927 48.798684569757 0.866025403784 -0.500000000000
