#Configurational_file created 2018-09-14 11:34:45  started 2018-09-14 11:34:44 run for 1.0s steps 0
name: p_1019
step: 10000
specie: 20
	particle_diameter: 1.0000000000000000
	interaction_length: 1.2000000000000000
	number_of_patches: 3
	number_of_particles_per_compound: 1
	rod_length: 1.0000000000000000
	interaction_matrix:  1.000000 1.000000 1.000000 1.000000 1.000000 1.000000 1.000000 1.000000 1.000000
	patch_type: symmetric
	patch_width: 8.0000000000000000
	patch_angle: 0.0000000000000000
	angles:  0.000000 0.000000 0.000000
	grand_canonical: 0
	chemical_potential: 0.0000000000000000
box: 8.397635 8.397635
copy: 1.000000 1.000000
epsilon: 0.3125370000000000
end_epsilon: 0.0000000000000000
pressure: 1.5000249999999999
lambda: 0.0000000000000000
lambda_coupling: 1.0000000000000000
uy: 0.0000000000000000
maximum_displacement: 1.0000000000000000
maximum_rotation: 1.0000000000000000
maximum_volume: 0.6674842871164824
maximum_shape: 0.0000001000000000
maximum_dsigma: 0.0100000000000000
mod: 10
pmod: 10
optimize: 1
verbose: 1
snapshot: 0
display: 1
explore: 1
npt: 1
nptxy: 0
nptdxdy: 0
shape: 0
seed: 1161394
-89.056390834507 0.534784713065 0.866025403784 0.500000000000
-73.983656135533 87.592222564316 0.866025403784 0.500000000000
-3.666761795934 -57.256978954866 0.866025403784 0.500000000000
-37.333868772206 -18.095028189199 0.866025403784 0.500000000000
-54.137368888309 -29.035844129311 0.866025403784 -0.500000000000
44.788062863224 171.119301714869 0.866025403784 0.500000000000
-72.058788045345 31.820954385395 0.000000000000 1.000000000000
-6.151298587349 24.480082342186 0.866025403784 0.500000000000
-101.277004805972 -14.551440720141 0.866025403784 0.500000000000
176.718278215772 -79.904205889185 0.866025403784 0.500000000000
-60.992195686298 -74.928847405739 0.866025403784 -0.500000000000
-36.070383036552 129.122460099933 0.000000000000 1.000000000000
-37.188152250925 100.503912072012 0.866025403784 -0.500000000000
-36.045975096783 40.213242044656 0.866025403784 0.500000000000
83.914809160278 -167.305732330599 0.866025403784 0.500000000000
-66.684326889297 6.520752444641 0.866025403784 -0.500000000000
15.752507977626 23.969227967938 0.000000000000 1.000000000000
21.946749433005 -106.640693744973 0.866025403784 -0.500000000000
10.122665892846 -85.868624915357 0.000000000000 1.000000000000
16.448074945152 56.320984994611 0.866025403784 0.500000000000
