#Configurational_file created 2018-09-14 11:35:40  started 2018-09-14 11:35:39 run for 1.0s steps 0
name: p_1085
step: 10000
specie: 20
	particle_diameter: 1.0000000000000000
	interaction_length: 1.2000000000000000
	number_of_patches: 3
	number_of_particles_per_compound: 1
	rod_length: 1.0000000000000000
	interaction_matrix:  1.000000 1.000000 1.000000 1.000000 1.000000 1.000000 1.000000 1.000000 1.000000
	patch_type: symmetric
	patch_width: 8.0000000000000000
	patch_angle: 0.0000000000000000
	angles:  0.000000 0.000000 0.000000
	grand_canonical: 0
	chemical_potential: 0.0000000000000000
box: 10.314218 10.314218
copy: 1.000000 1.000000
epsilon: 0.3750250000000000
end_epsilon: 0.0000000000000000
pressure: 0.7500620000000000
lambda: 0.0000000000000000
lambda_coupling: 1.0000000000000000
uy: 0.0000000000000000
maximum_displacement: 1.0000000000000000
maximum_rotation: 1.0000000000000000
maximum_volume: 1.0000000000000000
maximum_shape: 0.0000001000000000
maximum_dsigma: 0.0100000000000000
mod: 10
pmod: 10
optimize: 1
verbose: 1
snapshot: 0
display: 1
explore: 1
npt: 1
nptxy: 0
nptdxdy: 0
shape: 0
seed: 1236436
35.125457235118 96.424046470498 0.866025403784 0.500000000000
44.014758803536 1.941259159855 0.866025403784 -0.500000000000
-36.800081081624 -119.190221938815 0.866025403784 0.500000000000
114.224253201267 60.362361742845 0.866025403784 0.500000000000
110.425778888946 -62.298995649399 0.866025403784 -0.500000000000
-29.184154712185 103.459442329672 0.866025403784 0.500000000000
-96.988666860325 -71.598292573137 0.866025403784 -0.500000000000
6.491967554541 5.557766609946 0.866025403784 -0.500000000000
96.129056785324 -76.628492349652 0.866025403784 -0.500000000000
5.641680357313 121.763010941835 0.866025403784 -0.500000000000
-59.767042788755 25.589222871689 0.000000000000 1.000000000000
82.123562133056 -42.115551885180 0.866025403784 0.500000000000
81.600144828492 14.380899846730 0.866025403784 -0.500000000000
-11.058023951290 79.121063262088 0.866025403784 0.500000000000
88.392681875624 13.564469665425 0.866025403784 0.500000000000
165.926715288699 85.463453994280 0.866025403784 0.500000000000
-9.857950753867 -5.063250093599 0.000000000000 1.000000000000
149.616858747656 -45.379545900563 0.866025403784 0.500000000000
104.852845800442 121.588168361255 0.000000000000 1.000000000000
87.843299157234 -33.621901690529 0.866025403784 0.500000000000
