#Configurational_file created 2018-09-14 13:57:56  started 2018-09-14 13:57:55 run for 1.0s steps 0
name: p_1016
step: 10000
specie: 20
	particle_diameter: 1.0000000000000000
	interaction_length: 1.2000000000000000
	number_of_patches: 3
	number_of_particles_per_compound: 1
	rod_length: 1.0000000000000000
	interaction_matrix:  1.000000 1.000000 1.000000 1.000000 1.000000 1.000000 1.000000 1.000000 1.000000
	patch_type: symmetric
	patch_width: 8.0000000000000000
	patch_angle: 0.0000000000000000
	angles:  0.000000 0.000000 0.000000
	grand_canonical: 0
	chemical_potential: 0.0000000000000000
box: 14.388343 14.388343
copy: 1.000000 1.000000
epsilon: 0.2068970000000000
end_epsilon: 0.0000000000000000
pressure: 0.4310350000000000
lambda: 0.0000000000000000
lambda_coupling: 1.0000000000000000
uy: 0.0000000000000000
maximum_displacement: 1.0000000000000000
maximum_rotation: 1.0000000000000000
maximum_volume: 1.0000000000000000
maximum_shape: 0.0000001000000000
maximum_dsigma: 0.0100000000000000
mod: 10
pmod: 10
optimize: 1
verbose: 1
snapshot: 0
display: 1
explore: 1
npt: 1
nptxy: 0
nptdxdy: 0
shape: 0
seed: 1157983
-16.032877195769 17.703682270233 0.000000000000 1.000000000000
-3.961737211665 68.728158979433 0.866025403784 -0.500000000000
96.520978709825 -112.320768192602 0.000000000000 1.000000000000
66.005513269186 -8.227122098122 0.000000000000 1.000000000000
36.786064171078 100.154435808741 0.866025403784 -0.500000000000
-146.787628945218 46.342281707390 0.000000000000 1.000000000000
-96.015590575201 -142.211059384887 0.866025403784 0.500000000000
45.063257892750 -105.092354270124 0.000000000000 1.000000000000
-80.906323558593 54.174390551078 0.000000000000 1.000000000000
111.593117756265 72.936885138231 0.866025403784 -0.500000000000
-90.731855528416 5.364674879562 0.000000000000 1.000000000000
-45.187222960598 68.900286940734 0.000000000000 1.000000000000
-22.443477391473 -22.690134278469 0.000000000000 1.000000000000
-66.497911019526 -45.149468822643 0.866025403784 0.500000000000
-101.321204742352 170.652427783696 0.000000000000 1.000000000000
-24.530237427790 63.370649092595 0.000000000000 1.000000000000
-123.561095604913 27.584123950361 0.000000000000 1.000000000000
-32.053298566244 -62.640268182387 0.866025403784 -0.500000000000
73.311157894601 123.680921794645 0.866025403784 -0.500000000000
22.288808783813 -110.531181204795 0.866025403784 -0.500000000000
