#Configurational_file created 2018-09-14 13:58:43  started 2018-09-14 13:58:43 run for 0.0s steps 0
name: p_1084
step: 10000
specie: 20
	particle_diameter: 1.0000000000000000
	interaction_length: 1.2000000000000000
	number_of_patches: 3
	number_of_particles_per_compound: 1
	rod_length: 1.0000000000000000
	interaction_matrix:  1.000000 1.000000 1.000000 1.000000 1.000000 1.000000 1.000000 1.000000 1.000000
	patch_type: symmetric
	patch_width: 8.0000000000000000
	patch_angle: 0.0000000000000000
	angles:  0.000000 0.000000 0.000000
	grand_canonical: 0
	chemical_potential: 0.0000000000000000
box: 29.836080 29.836080
copy: 1.000000 1.000000
epsilon: 0.4137940000000000
end_epsilon: 0.0000000000000000
pressure: 0.0517250000000000
lambda: 0.0000000000000000
lambda_coupling: 1.0000000000000000
uy: 0.0000000000000000
maximum_displacement: 1.0000000000000000
maximum_rotation: 1.0000000000000000
maximum_volume: 1.0000000000000000
maximum_shape: 0.0000001000000000
maximum_dsigma: 0.0100000000000000
mod: 10
pmod: 10
optimize: 1
verbose: 1
snapshot: 0
display: 1
explore: 1
npt: 1
nptxy: 0
nptdxdy: 0
shape: 0
seed: 1235299
83.371278101077 0.345822602766 0.866025403784 0.500000000000
68.120660565032 52.466498452888 0.866025403784 0.500000000000
257.422365120481 30.491847906278 0.866025403784 0.500000000000
126.874400833062 145.549586753133 0.866025403784 -0.500000000000
42.584416280814 106.937674582778 0.000000000000 1.000000000000
-121.243041111496 -53.973822646864 0.866025403784 0.500000000000
68.542476694237 -0.873354096247 0.866025403784 0.500000000000
-11.697003876117 99.952777297100 0.866025403784 -0.500000000000
-64.924426498630 55.274961531067 0.000000000000 1.000000000000
20.980968865279 -79.912460679464 0.866025403784 -0.500000000000
18.283690513590 52.704931656549 0.866025403784 -0.500000000000
123.296629045206 121.909908381390 0.866025403784 -0.500000000000
-10.387137589855 150.943027176634 0.866025403784 0.500000000000
168.477027168936 315.807678595245 0.866025403784 0.500000000000
-214.443956138017 -180.499113772086 0.866025403784 -0.500000000000
65.057643279831 33.957521495410 0.866025403784 -0.500000000000
30.223094098544 114.849513106961 0.000000000000 1.000000000000
-232.178107424616 198.135931179964 0.000000000000 1.000000000000
-53.771934034126 84.002380114928 0.866025403784 -0.500000000000
62.942521933782 80.800863774060 0.866025403784 -0.500000000000
