#Configurational_file created 2018-09-14 12:02:12  started 2018-09-14 12:02:11 run for 1.0s steps 0
name: p_1013
step: 10000
specie: 20
	particle_diameter: 1.0000000000000000
	interaction_length: 1.2000000000000000
	number_of_patches: 3
	number_of_particles_per_compound: 1
	rod_length: 1.0000000000000000
	interaction_matrix:  1.000000 1.000000 1.000000 1.000000 1.000000 1.000000 1.000000 1.000000 1.000000
	patch_type: symmetric
	patch_width: 8.0000000000000000
	patch_angle: 0.0000000000000000
	angles:  0.000000 0.000000 0.000000
	grand_canonical: 0
	chemical_potential: 0.0000000000000000
box: 49.474171 49.474171
copy: 1.000000 1.000000
epsilon: 0.0312500000000000
end_epsilon: 0.0000000000000000
pressure: 0.0500010000000000
lambda: 0.0000000000000000
lambda_coupling: 1.0000000000000000
uy: 0.0000000000000000
maximum_displacement: 1.0000000000000000
maximum_rotation: 1.0000000000000000
maximum_volume: 1.0000000000000000
maximum_shape: 0.0000001000000000
maximum_dsigma: 0.0100000000000000
mod: 10
pmod: 10
optimize: 1
verbose: 1
snapshot: 0
display: 1
explore: 1
npt: 1
nptxy: 0
nptdxdy: 0
shape: 0
seed: 1154572
216.146397180839 101.047857672262 0.866025403784 0.500000000000
-16.388122715203 3.877051476079 0.000000000000 1.000000000000
33.982818921627 268.753844602858 0.866025403784 0.500000000000
-24.347087759273 -56.943425177389 0.866025403784 -0.500000000000
237.712832538985 -339.988703480032 0.866025403784 -0.500000000000
32.553886839745 -156.803405345660 0.866025403784 0.500000000000
-115.241429638940 35.733824702283 0.000000000000 1.000000000000
-211.935988141524 120.277627342826 0.866025403784 -0.500000000000
61.013873731577 360.194441126303 0.000000000000 1.000000000000
-55.353599191237 -9.152731454280 0.866025403784 0.500000000000
144.799776434149 -209.992891477171 0.000000000000 1.000000000000
150.138050313007 157.950104232978 0.866025403784 -0.500000000000
61.635855307772 78.954276773648 0.866025403784 0.500000000000
298.427066047690 62.935988361959 0.000000000000 1.000000000000
166.988765902331 106.233870932041 0.866025403784 0.500000000000
-45.585338257444 127.686297263333 0.000000000000 1.000000000000
126.724217150206 -12.293388465609 0.866025403784 0.500000000000
353.635018375056 177.279069523859 0.000000000000 1.000000000000
335.453114633600 -78.793607905916 0.866025403784 -0.500000000000
216.466810352945 -3.848102301294 0.000000000000 1.000000000000
