#Configurational_file created 2018-09-14 11:35:23  started 2018-09-14 11:35:23 run for 0.0s steps 0
name: p_1065
step: 10000
specie: 20
	particle_diameter: 1.0000000000000000
	interaction_length: 1.2000000000000000
	number_of_patches: 3
	number_of_particles_per_compound: 1
	rod_length: 1.0000000000000000
	interaction_matrix:  1.000000 1.000000 1.000000 1.000000 1.000000 1.000000 1.000000 1.000000 1.000000
	patch_type: symmetric
	patch_width: 8.0000000000000000
	patch_angle: 0.0000000000000000
	angles:  0.000000 0.000000 0.000000
	grand_canonical: 0
	chemical_potential: 0.0000000000000000
box: 8.939692 8.939692
copy: 1.000000 1.000000
epsilon: 0.3541960000000000
end_epsilon: 0.0000000000000000
pressure: 1.1667080000000001
lambda: 0.0000000000000000
lambda_coupling: 1.0000000000000000
uy: 0.0000000000000000
maximum_displacement: 1.0000000000000000
maximum_rotation: 1.0000000000000000
maximum_volume: 0.7504704571262976
maximum_shape: 0.0000001000000000
maximum_dsigma: 0.0100000000000000
mod: 10
pmod: 10
optimize: 1
verbose: 1
snapshot: 0
display: 1
explore: 1
npt: 1
nptxy: 0
nptdxdy: 0
shape: 0
seed: 1213696
-51.327095954916 27.344742362230 0.000000000000 1.000000000000
-107.142573708282 -55.630948168937 0.866025403784 0.500000000000
64.533841264282 -68.255333893503 0.866025403784 -0.500000000000
32.516510014848 -107.404679131348 0.866025403784 0.500000000000
-36.169365240207 77.301737104918 0.000000000000 1.000000000000
93.456698441332 69.040500183401 0.866025403784 0.500000000000
-38.664373127169 49.200731832643 0.866025403784 0.500000000000
4.142931446186 37.709795406025 0.000000000000 1.000000000000
99.147481018180 35.148654313260 0.866025403784 0.500000000000
-74.623479645302 10.788038062136 0.000000000000 1.000000000000
98.628530321004 48.901393264198 0.866025403784 0.500000000000
-60.664829746515 33.222202499097 0.866025403784 -0.500000000000
-32.922098042091 65.303301522094 0.866025403784 -0.500000000000
19.939564747724 -21.627484855900 0.866025403784 0.500000000000
-37.060334150726 -127.159003059689 0.866025403784 0.500000000000
-8.698466512489 37.391454802325 0.866025403784 0.500000000000
150.569884073440 113.092475505169 0.866025403784 0.500000000000
21.582329296681 3.354861044862 0.866025403784 -0.500000000000
-47.064993215890 17.344882265977 0.000000000000 1.000000000000
-113.175672768225 -62.959687045408 0.000000000000 1.000000000000
