#Configurational_file created 2018-09-14 13:58:27  started 2018-09-14 13:58:26 run for 1.0s steps 0
name: p_1061
step: 10000
specie: 20
	particle_diameter: 1.0000000000000000
	interaction_length: 1.2000000000000000
	number_of_patches: 3
	number_of_particles_per_compound: 1
	rod_length: 1.0000000000000000
	interaction_matrix:  1.000000 1.000000 1.000000 1.000000 1.000000 1.000000 1.000000 1.000000 1.000000
	patch_type: symmetric
	patch_width: 8.0000000000000000
	patch_angle: 0.0000000000000000
	angles:  0.000000 0.000000 0.000000
	grand_canonical: 0
	chemical_potential: 0.0000000000000000
box: 18.356794 18.356794
copy: 1.000000 1.000000
epsilon: 0.3448280000000000
end_epsilon: 0.0000000000000000
pressure: 0.1724140000000000
lambda: 0.0000000000000000
lambda_coupling: 1.0000000000000000
uy: 0.0000000000000000
maximum_displacement: 1.0000000000000000
maximum_rotation: 1.0000000000000000
maximum_volume: 1.0000000000000000
maximum_shape: 0.0000001000000000
maximum_dsigma: 0.0100000000000000
mod: 10
pmod: 10
optimize: 1
verbose: 1
snapshot: 0
display: 1
explore: 1
npt: 1
nptxy: 0
nptdxdy: 0
shape: 0
seed: 1209148
-70.399192554345 -45.313476367026 0.866025403784 -0.500000000000
33.687931638970 -25.833452839021 0.000000000000 1.000000000000
86.487671623914 15.699433918473 0.000000000000 1.000000000000
50.249784425218 -27.404126326026 0.866025403784 -0.500000000000
-117.769249087069 -85.463884579300 0.866025403784 0.500000000000
-0.501704750365 98.987034030785 0.866025403784 0.500000000000
71.069940192300 -122.323343418226 0.866025403784 0.500000000000
-108.563069545294 -73.135094612522 0.866025403784 -0.500000000000
-1.827086546329 11.291028517860 0.000000000000 1.000000000000
127.760906577379 -15.668224570664 0.866025403784 -0.500000000000
-68.997251034481 74.785720504185 0.000000000000 1.000000000000
106.812935108322 29.907907801395 0.866025403784 -0.500000000000
-7.098916419241 137.490969552351 0.866025403784 -0.500000000000
-76.447554975434 -39.862818191126 0.866025403784 0.500000000000
69.247695927019 -0.583141983519 0.000000000000 1.000000000000
37.233579971856 155.879210208703 0.866025403784 0.500000000000
-0.703248093254 4.429570378399 0.866025403784 0.500000000000
161.121990518761 -215.920136972182 0.000000000000 1.000000000000
62.375664680140 129.400174453049 0.866025403784 0.500000000000
171.785085388923 293.779320306301 0.866025403784 0.500000000000
