#Configurational_file created 2018-09-14 11:34:47  started 2018-09-14 11:34:46 run for 1.0s steps 0
name: p_1021
step: 10000
specie: 20
	particle_diameter: 1.0000000000000000
	interaction_length: 1.2000000000000000
	number_of_patches: 3
	number_of_particles_per_compound: 1
	rod_length: 1.0000000000000000
	interaction_matrix:  1.000000 1.000000 1.000000 1.000000 1.000000 1.000000 1.000000 1.000000 1.000000
	patch_type: symmetric
	patch_width: 8.0000000000000000
	patch_angle: 0.0000000000000000
	angles:  0.000000 0.000000 0.000000
	grand_canonical: 0
	chemical_potential: 0.0000000000000000
box: 8.060660 8.060660
copy: 1.000000 1.000000
epsilon: 0.3125370000000000
end_epsilon: 0.0000000000000000
pressure: 1.6666829999999999
lambda: 0.0000000000000000
lambda_coupling: 1.0000000000000000
uy: 0.0000000000000000
maximum_displacement: 1.0000000000000000
maximum_rotation: 1.0000000000000000
maximum_volume: 0.6363934200053319
maximum_shape: 0.0000001000000000
maximum_dsigma: 0.0100000000000000
mod: 10
pmod: 10
optimize: 1
verbose: 1
snapshot: 0
display: 1
explore: 1
npt: 1
nptxy: 0
nptdxdy: 0
shape: 0
seed: 1163668
-70.708660555879 3.437474511885 0.866025403784 -0.500000000000
-44.306812252495 93.097716899129 0.000000000000 1.000000000000
104.359281858798 113.157346320683 0.866025403784 -0.500000000000
34.063461628755 0.376722829041 0.000000000000 1.000000000000
-11.785823685142 62.396235250392 0.000000000000 1.000000000000
3.463431670843 13.265502531521 0.866025403784 0.500000000000
-43.918058981591 64.119415306591 0.000000000000 1.000000000000
19.465340471307 -15.046087063894 0.866025403784 -0.500000000000
15.240196249435 -108.520235126774 0.866025403784 -0.500000000000
66.576992227884 4.552191098460 0.866025403784 -0.500000000000
-32.186771807644 -105.937030482843 0.000000000000 1.000000000000
-50.777251316779 8.254956493808 0.866025403784 0.500000000000
32.834083568366 40.294868999652 0.866025403784 0.500000000000
-14.548365774895 -80.060555474047 0.866025403784 -0.500000000000
-42.370723249420 -76.396110265993 0.000000000000 1.000000000000
96.276259896517 -91.085647357723 0.000000000000 1.000000000000
-108.568748311726 -46.272973966321 0.866025403784 -0.500000000000
-50.831863194884 -2.396279735781 0.000000000000 1.000000000000
7.408621430305 -118.482082521643 0.000000000000 1.000000000000
-26.237232213120 -122.309327683067 0.866025403784 -0.500000000000
