#Configurational_file created 2018-09-14 11:35:48  started 2018-09-14 11:35:47 run for 1.0s steps 0
name: p_1093
step: 10000
specie: 20
	particle_diameter: 1.0000000000000000
	interaction_length: 1.2000000000000000
	number_of_patches: 3
	number_of_particles_per_compound: 1
	rod_length: 1.0000000000000000
	interaction_matrix:  1.000000 1.000000 1.000000 1.000000 1.000000 1.000000 1.000000 1.000000 1.000000
	patch_type: symmetric
	patch_width: 8.0000000000000000
	patch_angle: 0.0000000000000000
	angles:  0.000000 0.000000 0.000000
	grand_canonical: 0
	chemical_potential: 0.0000000000000000
box: 8.340365 8.340365
copy: 1.000000 1.000000
epsilon: 0.3750250000000000
end_epsilon: 0.0000000000000000
pressure: 1.4166960000000000
lambda: 0.0000000000000000
lambda_coupling: 1.0000000000000000
uy: 0.0000000000000000
maximum_displacement: 1.0000000000000000
maximum_rotation: 1.0000000000000000
maximum_volume: 0.7595881313188981
maximum_shape: 0.0000001000000000
maximum_dsigma: 0.0100000000000000
mod: 10
pmod: 10
optimize: 1
verbose: 1
snapshot: 0
display: 1
explore: 1
npt: 1
nptxy: 0
nptdxdy: 0
shape: 0
seed: 1245532
-2.181821711220 -117.474596952098 0.866025403784 -0.500000000000
-83.692263205913 31.414251977317 0.000000000000 1.000000000000
-121.746878968513 102.005117760107 0.000000000000 1.000000000000
-78.307229155912 29.504068382085 0.000000000000 1.000000000000
-56.733173778695 37.237583295297 0.866025403784 0.500000000000
107.107157600035 110.854723701663 0.866025403784 -0.500000000000
-85.295454995103 92.743345425123 0.866025403784 0.500000000000
53.679762252769 -46.382815170830 0.866025403784 -0.500000000000
76.156291200140 -59.109249529944 0.866025403784 0.500000000000
-45.639944654373 32.219410331720 0.000000000000 1.000000000000
-75.114349426275 -71.531986304669 0.866025403784 0.500000000000
121.433652626259 44.474137800649 0.000000000000 1.000000000000
90.590852941259 -35.580172757882 0.866025403784 0.500000000000
51.825208667344 43.170033230835 0.866025403784 -0.500000000000
-55.554160139346 -107.686208719311 0.000000000000 1.000000000000
133.913763403830 -55.565388069179 0.000000000000 1.000000000000
-3.544940825734 105.931489955299 0.866025403784 0.500000000000
2.217503178226 -92.398439814150 0.000000000000 1.000000000000
-1.433554129214 88.056041594838 0.866025403784 -0.500000000000
-228.130275768582 8.430831496579 0.866025403784 -0.500000000000
