#Configurational_file created 2018-09-14 11:06:49  started 2018-09-14 11:06:48 run for 1.0s steps 0
name: p_109
step: 10000
specie: 20
	particle_diameter: 1.0000000000000000
	interaction_length: 1.2000000000000000
	number_of_patches: 3
	number_of_particles_per_compound: 1
	rod_length: 1.0000000000000000
	interaction_matrix:  1.000000 1.000000 1.000000 1.000000 1.000000 1.000000 1.000000 1.000000 1.000000
	patch_type: symmetric
	patch_width: 8.0000000000000000
	patch_angle: 0.0000000000000000
	angles:  0.000000 0.000000 0.000000
	grand_canonical: 0
	chemical_potential: 0.0000000000000000
box: 8.983142 8.983142
copy: 1.000000 1.000000
epsilon: 0.3571710000000000
end_epsilon: 0.0000000000000000
pressure: 1.1429000000000000
lambda: 0.0000000000000000
lambda_coupling: 1.0000000000000000
uy: 0.0000000000000000
maximum_displacement: 1.0000000000000000
maximum_rotation: 1.0000000000000000
maximum_volume: 0.9200000000000000
maximum_shape: 0.0000001000000000
maximum_dsigma: 0.0100000000000000
mod: 10
pmod: 10
optimize: 1
verbose: 1
snapshot: 0
display: 1
explore: 1
npt: 1
nptxy: 0
nptdxdy: 0
shape: 0
seed: 126803
-7.500365619419 -1.835991602958 0.000000000000 1.000000000000
-23.194050791744 62.346829622586 0.000000000000 1.000000000000
-110.883856817920 -15.984817248748 0.866025403784 -0.500000000000
47.303387005991 50.058644769553 0.866025403784 -0.500000000000
-10.712290817919 53.703134715201 0.000000000000 1.000000000000
68.782177536597 -25.430462525107 0.000000000000 1.000000000000
36.685077406532 35.864270153671 0.866025403784 0.500000000000
-26.884221602473 53.056103524170 0.000000000000 1.000000000000
-78.800547019763 -71.447859025948 0.866025403784 0.500000000000
92.920007263200 -17.667627523145 0.000000000000 1.000000000000
-2.571157035580 -46.419810601952 0.000000000000 1.000000000000
-46.245398157831 37.357678830723 0.000000000000 1.000000000000
-37.098525175847 59.588100714167 0.866025403784 -0.500000000000
-11.811165276150 13.560961621471 0.000000000000 1.000000000000
103.827842293002 172.466974777748 0.866025403784 0.500000000000
96.349929941314 -36.930206021193 0.866025403784 -0.500000000000
66.572675052366 33.036389852795 0.866025403784 -0.500000000000
-107.411113175843 14.092001039509 0.866025403784 0.500000000000
58.778680757122 31.165208212713 0.866025403784 0.500000000000
-49.392278806386 81.857726158604 0.000000000000 1.000000000000
