#Configurational_file created 2018-09-14 13:58:20  started 2018-09-14 13:58:20 run for 0.0s steps 0
name: p_1051
step: 10000
specie: 20
	particle_diameter: 1.0000000000000000
	interaction_length: 1.2000000000000000
	number_of_patches: 3
	number_of_particles_per_compound: 1
	rod_length: 1.0000000000000000
	interaction_matrix:  1.000000 1.000000 1.000000 1.000000 1.000000 1.000000 1.000000 1.000000 1.000000
	patch_type: symmetric
	patch_width: 8.0000000000000000
	patch_angle: 0.0000000000000000
	angles:  0.000000 0.000000 0.000000
	grand_canonical: 0
	chemical_potential: 0.0000000000000000
box: 50.825969 50.825969
copy: 1.000000 1.000000
epsilon: 0.3448280000000000
end_epsilon: 0.0000000000000000
pressure: 0.0000010000000000
lambda: 0.0000000000000000
lambda_coupling: 1.0000000000000000
uy: 0.0000000000000000
maximum_displacement: 1.0000000000000000
maximum_rotation: 1.0000000000000000
maximum_volume: 1.0000000000000000
maximum_shape: 0.0000001000000000
maximum_dsigma: 0.0100000000000000
mod: 10
pmod: 10
optimize: 1
verbose: 1
snapshot: 0
display: 1
explore: 1
npt: 1
nptxy: 0
nptdxdy: 0
shape: 0
seed: 1197778
215.242681270748 -15.063289528161 0.000000000000 1.000000000000
211.328642937596 191.613767490693 0.000000000000 1.000000000000
-21.570991726727 239.719879495108 0.866025403784 0.500000000000
-168.459936668750 -176.063508222351 0.866025403784 -0.500000000000
277.114451110449 143.235481969034 0.866025403784 0.500000000000
-29.829691508761 -15.045778650102 0.866025403784 -0.500000000000
377.014050277861 -103.926176444690 0.866025403784 0.500000000000
-124.275967004807 -509.333045887170 0.000000000000 1.000000000000
64.110922974286 -256.499830956645 0.866025403784 0.500000000000
-167.364952969862 -159.314152736443 0.000000000000 1.000000000000
73.489246949247 -99.536218606812 0.866025403784 -0.500000000000
-74.913558115826 160.075826682566 0.866025403784 -0.500000000000
-145.713160955109 -2.748173801615 0.866025403784 0.500000000000
-14.155001568028 165.981569464759 0.866025403784 0.500000000000
344.060587760430 199.924209270859 0.866025403784 -0.500000000000
95.826457042284 490.668430950154 0.866025403784 0.500000000000
335.563610211910 103.074358949152 0.000000000000 1.000000000000
-76.584563804230 150.678535017783 0.000000000000 1.000000000000
-74.822542946738 27.320696732944 0.866025403784 -0.500000000000
162.573911577565 -204.149244248110 0.866025403784 0.500000000000
