#Configurational_file created 2018-09-14 11:35:39  started 2018-09-14 11:35:39 run for 0.0s steps 0
name: p_1084
step: 10000
specie: 20
	particle_diameter: 1.0000000000000000
	interaction_length: 1.2000000000000000
	number_of_patches: 3
	number_of_particles_per_compound: 1
	rod_length: 1.0000000000000000
	interaction_matrix:  1.000000 1.000000 1.000000 1.000000 1.000000 1.000000 1.000000 1.000000 1.000000
	patch_type: symmetric
	patch_width: 8.0000000000000000
	patch_angle: 0.0000000000000000
	angles:  0.000000 0.000000 0.000000
	grand_canonical: 0
	chemical_potential: 0.0000000000000000
box: 10.589769 10.589769
copy: 1.000000 1.000000
epsilon: 0.3750250000000000
end_epsilon: 0.0000000000000000
pressure: 0.6667330000000000
lambda: 0.0000000000000000
lambda_coupling: 1.0000000000000000
uy: 0.0000000000000000
maximum_displacement: 1.0000000000000000
maximum_rotation: 1.0000000000000000
maximum_volume: 1.0000000000000000
maximum_shape: 0.0000001000000000
maximum_dsigma: 0.0100000000000000
mod: 10
pmod: 10
optimize: 1
verbose: 1
snapshot: 0
display: 1
explore: 1
npt: 1
nptxy: 0
nptdxdy: 0
shape: 0
seed: 1235299
-150.251325653492 -30.166437831151 0.866025403784 0.500000000000
11.208522395730 -26.329621441041 0.866025403784 -0.500000000000
-185.309047134286 42.785520197230 0.866025403784 0.500000000000
-33.562813777115 -8.384693194846 0.866025403784 -0.500000000000
-56.420051448166 4.142581565143 0.866025403784 -0.500000000000
31.114799243219 -30.167337707338 0.000000000000 1.000000000000
32.992728622109 -7.454681345909 0.866025403784 -0.500000000000
-49.736842377051 34.973474602349 0.866025403784 0.500000000000
81.093040057302 -8.051830228133 0.000000000000 1.000000000000
27.454911753695 -62.450148094389 0.000000000000 1.000000000000
30.231745712479 41.181747169777 0.866025403784 0.500000000000
17.718011909550 94.819065865035 0.866025403784 0.500000000000
13.337308232956 10.775845511239 0.866025403784 -0.500000000000
124.382825734504 -23.331379421436 0.000000000000 1.000000000000
103.682560306103 28.730566775470 0.000000000000 1.000000000000
87.803712712594 51.376557143537 0.000000000000 1.000000000000
44.988274280633 -66.872962527240 0.866025403784 0.500000000000
35.240537722597 -85.971637617016 0.866025403784 -0.500000000000
-30.119148898885 187.816989799338 0.866025403784 -0.500000000000
41.109998740724 -25.467754961207 0.000000000000 1.000000000000
