#Configurational_file created 2018-09-14 12:03:06  started 2018-09-14 12:03:06 run for 0.0s steps 0
name: p_1087
step: 10000
specie: 20
	particle_diameter: 1.0000000000000000
	interaction_length: 1.2000000000000000
	number_of_patches: 3
	number_of_particles_per_compound: 1
	rod_length: 1.0000000000000000
	interaction_matrix:  1.000000 1.000000 1.000000 1.000000 1.000000 1.000000 1.000000 1.000000 1.000000
	patch_type: symmetric
	patch_width: 8.0000000000000000
	patch_angle: 0.0000000000000000
	angles:  0.000000 0.000000 0.000000
	grand_canonical: 0
	chemical_potential: 0.0000000000000000
box: 49.787966 49.787966
copy: 1.000000 1.000000
epsilon: 0.0375000000000000
end_epsilon: 0.0000000000000000
pressure: 0.0458340000000000
lambda: 0.0000000000000000
lambda_coupling: 1.0000000000000000
uy: 0.0000000000000000
maximum_displacement: 1.0000000000000000
maximum_rotation: 1.0000000000000000
maximum_volume: 1.0000000000000000
maximum_shape: 0.0000001000000000
maximum_dsigma: 0.0100000000000000
mod: 10
pmod: 10
optimize: 1
verbose: 1
snapshot: 0
display: 1
explore: 1
npt: 1
nptxy: 0
nptdxdy: 0
shape: 0
seed: 1238710
-85.332643901554 -95.276640601855 0.866025403784 -0.500000000000
-114.686886862415 112.821596605341 0.866025403784 -0.500000000000
44.285243225084 -42.557117658791 0.000000000000 1.000000000000
318.903962720258 163.845004319023 0.000000000000 1.000000000000
14.982878993616 -85.304508606474 0.866025403784 -0.500000000000
-282.483708821582 -110.613191541884 0.866025403784 0.500000000000
-71.918456131898 132.655477012889 0.000000000000 1.000000000000
39.199609563111 -57.722099747934 0.000000000000 1.000000000000
-29.136594352818 98.203845152795 0.866025403784 -0.500000000000
310.010454576682 -78.546649503230 0.866025403784 0.500000000000
414.311873963804 32.534162719937 0.866025403784 -0.500000000000
-177.028718068246 -106.271255670939 0.866025403784 -0.500000000000
133.419270661889 -178.495367711445 0.866025403784 -0.500000000000
167.288444581484 -248.774700529323 0.000000000000 1.000000000000
223.438639781111 -175.320140128154 0.000000000000 1.000000000000
98.511006255477 -203.947850967179 0.000000000000 1.000000000000
-111.711193435010 95.915957444897 0.866025403784 0.500000000000
283.419579332478 -188.493755445832 0.866025403784 -0.500000000000
-2.568065222668 7.823519729883 0.866025403784 -0.500000000000
-98.392505141990 185.558223440544 0.866025403784 0.500000000000
