#Configurational_file created 2018-09-14 13:58:28  started 2018-09-14 13:58:27 run for 1.0s steps 0
name: p_1062
step: 10000
specie: 20
	particle_diameter: 1.0000000000000000
	interaction_length: 1.2000000000000000
	number_of_patches: 3
	number_of_particles_per_compound: 1
	rod_length: 1.0000000000000000
	interaction_matrix:  1.000000 1.000000 1.000000 1.000000 1.000000 1.000000 1.000000 1.000000 1.000000
	patch_type: symmetric
	patch_width: 8.0000000000000000
	patch_angle: 0.0000000000000000
	angles:  0.000000 0.000000 0.000000
	grand_canonical: 0
	chemical_potential: 0.0000000000000000
box: 18.753431 18.753431
copy: 1.000000 1.000000
epsilon: 0.3448280000000000
end_epsilon: 0.0000000000000000
pressure: 0.1896560000000000
lambda: 0.0000000000000000
lambda_coupling: 1.0000000000000000
uy: 0.0000000000000000
maximum_displacement: 1.0000000000000000
maximum_rotation: 1.0000000000000000
maximum_volume: 1.0000000000000000
maximum_shape: 0.0000001000000000
maximum_dsigma: 0.0100000000000000
mod: 10
pmod: 10
optimize: 1
verbose: 1
snapshot: 0
display: 1
explore: 1
npt: 1
nptxy: 0
nptdxdy: 0
shape: 0
seed: 1210285
-101.243181829266 -52.232429892189 0.866025403784 0.500000000000
-101.244110891759 -102.371824008562 0.866025403784 -0.500000000000
1.580532859660 -32.404750524827 0.866025403784 -0.500000000000
62.045198305094 100.031233706756 0.000000000000 1.000000000000
28.963045761354 134.296135894829 0.866025403784 0.500000000000
-43.702533623049 -73.623130022207 0.866025403784 0.500000000000
-226.033530355790 103.535728259659 0.866025403784 -0.500000000000
-23.286929143164 62.035132411775 0.000000000000 1.000000000000
97.207989703217 69.079496707831 0.866025403784 -0.500000000000
-98.455126631126 51.882456620233 0.866025403784 -0.500000000000
105.350583422818 70.139702955947 0.866025403784 -0.500000000000
0.895962531535 87.581126495467 0.866025403784 -0.500000000000
-19.241477243779 114.773801698344 0.866025403784 0.500000000000
-66.968714750456 35.167992521147 0.000000000000 1.000000000000
61.110240660802 21.061691116721 0.000000000000 1.000000000000
-108.849106900866 -12.183782338926 0.866025403784 -0.500000000000
35.337143892132 16.631181827842 0.866025403784 0.500000000000
122.640454914592 216.336664138159 0.866025403784 -0.500000000000
115.224049010620 120.194064967003 0.866025403784 0.500000000000
171.566222651400 75.114896755897 0.000000000000 1.000000000000
