#Configurational_file created 2018-09-14 11:35:22  started 2018-09-14 11:35:21 run for 1.0s steps 0
name: p_1063
step: 10000
specie: 20
	particle_diameter: 1.0000000000000000
	interaction_length: 1.2000000000000000
	number_of_patches: 3
	number_of_particles_per_compound: 1
	rod_length: 1.0000000000000000
	interaction_matrix:  1.000000 1.000000 1.000000 1.000000 1.000000 1.000000 1.000000 1.000000 1.000000
	patch_type: symmetric
	patch_width: 8.0000000000000000
	patch_angle: 0.0000000000000000
	angles:  0.000000 0.000000 0.000000
	grand_canonical: 0
	chemical_potential: 0.0000000000000000
box: 9.886081 9.886081
copy: 1.000000 1.000000
epsilon: 0.3541960000000000
end_epsilon: 0.0000000000000000
pressure: 1.0000500000000001
lambda: 0.0000000000000000
lambda_coupling: 1.0000000000000000
uy: 0.0000000000000000
maximum_displacement: 1.0000000000000000
maximum_rotation: 1.0000000000000000
maximum_volume: 1.0000000000000000
maximum_shape: 0.0000001000000000
maximum_dsigma: 0.0100000000000000
mod: 10
pmod: 10
optimize: 1
verbose: 1
snapshot: 0
display: 1
explore: 1
npt: 1
nptxy: 0
nptdxdy: 0
shape: 0
seed: 1211422
121.653980127335 -239.128742178195 0.866025403784 -0.500000000000
53.494019894772 94.167071111246 0.866025403784 0.500000000000
14.823764253325 -19.182887586713 0.866025403784 -0.500000000000
-18.878107317887 190.701151704272 0.000000000000 1.000000000000
25.474580055644 -123.146645559426 0.866025403784 0.500000000000
17.158689756078 -69.215307727481 0.866025403784 -0.500000000000
-51.001432940151 -204.484648167599 0.866025403784 0.500000000000
-11.519374297283 -92.882409018376 0.866025403784 -0.500000000000
-75.207266798061 230.958010293803 0.866025403784 -0.500000000000
30.920660671564 40.306715377370 0.866025403784 0.500000000000
52.147888437836 -94.211678641734 0.866025403784 0.500000000000
81.506392568094 -0.323782345815 0.866025403784 0.500000000000
-23.201922829188 36.233895677469 0.866025403784 0.500000000000
-122.117162099598 -17.221703550821 0.000000000000 1.000000000000
144.341939699813 -71.095088876086 0.866025403784 -0.500000000000
67.646178150392 -49.627362464889 0.866025403784 0.500000000000
41.061156854462 77.602061908056 0.866025403784 0.500000000000
-4.964825572057 -125.853614578501 0.866025403784 -0.500000000000
24.080747222948 -22.097517460138 0.000000000000 1.000000000000
-35.784746917162 22.318037180056 0.000000000000 1.000000000000
