#Configurational_file created 2018-09-14 11:35:29  started 2018-09-14 11:35:28 run for 1.0s steps 0
name: p_1071
step: 10000
specie: 20
	particle_diameter: 1.0000000000000000
	interaction_length: 1.2000000000000000
	number_of_patches: 3
	number_of_particles_per_compound: 1
	rod_length: 1.0000000000000000
	interaction_matrix:  1.000000 1.000000 1.000000 1.000000 1.000000 1.000000 1.000000 1.000000 1.000000
	patch_type: symmetric
	patch_width: 8.0000000000000000
	patch_angle: 0.0000000000000000
	angles:  0.000000 0.000000 0.000000
	grand_canonical: 0
	chemical_potential: 0.0000000000000000
box: 7.543372 7.543372
copy: 1.000000 1.000000
epsilon: 0.3541960000000000
end_epsilon: 0.0000000000000000
pressure: 1.6666829999999999
lambda: 0.0000000000000000
lambda_coupling: 1.0000000000000000
uy: 0.0000000000000000
maximum_displacement: 1.0000000000000000
maximum_rotation: 1.0000000000000000
maximum_volume: 0.6517056511061748
maximum_shape: 0.0000001000000000
maximum_dsigma: 0.0100000000000000
mod: 10
pmod: 10
optimize: 1
verbose: 1
snapshot: 0
display: 1
explore: 1
npt: 1
nptxy: 0
nptdxdy: 0
shape: 0
seed: 1220518
-5.380496205998 18.896934235865 0.000000000000 1.000000000000
-80.088360897675 32.181124263778 0.866025403784 -0.500000000000
-3.250115382687 50.866574272018 0.866025403784 0.500000000000
-35.051094885831 -40.193665110305 0.000000000000 1.000000000000
85.789124870286 119.748649117190 0.000000000000 1.000000000000
-120.780309141697 78.582875505100 0.000000000000 1.000000000000
43.590670314588 -36.433112435480 0.866025403784 0.500000000000
5.848987704823 7.456402097604 0.000000000000 1.000000000000
117.338346616261 -31.220586678924 0.866025403784 -0.500000000000
-68.514313969795 11.000976126200 0.866025403784 0.500000000000
156.343469855165 -16.326559280368 0.000000000000 1.000000000000
53.082597063550 66.780781126527 0.866025403784 0.500000000000
-18.385339706586 17.408731255664 0.866025403784 0.500000000000
26.895617348295 116.093043794074 0.866025403784 -0.500000000000
-67.646488574158 35.082072980790 0.866025403784 0.500000000000
95.454462341931 -40.929114870205 0.866025403784 0.500000000000
70.191340048420 -97.679610608091 0.866025403784 -0.500000000000
28.330346428606 49.765580244313 0.866025403784 -0.500000000000
-20.654046210534 35.264498797674 0.866025403784 -0.500000000000
10.908576928687 -21.098244078743 0.866025403784 0.500000000000
