#Configurational_file created 2018-09-14 13:58:06  started 2018-09-14 13:58:06 run for 0.0s steps 0
name: p_1031
step: 10000
specie: 20
	particle_diameter: 1.0000000000000000
	interaction_length: 1.2000000000000000
	number_of_patches: 3
	number_of_particles_per_compound: 1
	rod_length: 1.0000000000000000
	interaction_matrix:  1.000000 1.000000 1.000000 1.000000 1.000000 1.000000 1.000000 1.000000 1.000000
	patch_type: symmetric
	patch_width: 8.0000000000000000
	patch_angle: 0.0000000000000000
	angles:  0.000000 0.000000 0.000000
	grand_canonical: 0
	chemical_potential: 0.0000000000000000
box: 21.644072 21.644072
copy: 1.000000 1.000000
epsilon: 0.2758630000000000
end_epsilon: 0.0000000000000000
pressure: 0.1724140000000000
lambda: 0.0000000000000000
lambda_coupling: 1.0000000000000000
uy: 0.0000000000000000
maximum_displacement: 1.0000000000000000
maximum_rotation: 1.0000000000000000
maximum_volume: 1.0000000000000000
maximum_shape: 0.0000001000000000
maximum_dsigma: 0.0100000000000000
mod: 10
pmod: 10
optimize: 1
verbose: 1
snapshot: 0
display: 1
explore: 1
npt: 1
nptxy: 0
nptdxdy: 0
shape: 0
seed: 1175038
39.268977638776 26.844659404498 0.000000000000 1.000000000000
-228.436802723337 -79.687516438904 0.000000000000 1.000000000000
-157.606402407777 75.191716395312 0.866025403784 -0.500000000000
120.156423151774 6.365439060937 0.866025403784 0.500000000000
112.285702994346 -178.661316375266 0.866025403784 -0.500000000000
82.343083160554 96.789571662351 0.000000000000 1.000000000000
-224.415303958210 79.280848015564 0.000000000000 1.000000000000
-202.819309448201 -196.424137103471 0.866025403784 0.500000000000
18.780764371020 19.283016042014 0.000000000000 1.000000000000
60.068505603044 -51.621635285713 0.866025403784 0.500000000000
12.749685213459 -26.000087072732 0.866025403784 0.500000000000
162.277206027689 236.056554505062 0.000000000000 1.000000000000
-84.470567765113 -108.628917362347 0.000000000000 1.000000000000
142.326649735577 7.986193243472 0.866025403784 0.500000000000
-111.313911966058 -86.654227689664 0.000000000000 1.000000000000
-44.487516991132 -77.843148490851 0.866025403784 -0.500000000000
-14.743626612828 215.009522828229 0.000000000000 1.000000000000
149.459724806080 134.686384021457 0.866025403784 -0.500000000000
-45.842368758146 -62.404961584555 0.866025403784 -0.500000000000
102.379932871153 -122.453897129699 0.866025403784 0.500000000000
