#Configurational_file created 2018-09-14 13:58:25  started 2018-09-14 13:58:24 run for 1.0s steps 0
name: p_1058
step: 10000
specie: 20
	particle_diameter: 1.0000000000000000
	interaction_length: 1.2000000000000000
	number_of_patches: 3
	number_of_particles_per_compound: 1
	rod_length: 1.0000000000000000
	interaction_matrix:  1.000000 1.000000 1.000000 1.000000 1.000000 1.000000 1.000000 1.000000 1.000000
	patch_type: symmetric
	patch_width: 8.0000000000000000
	patch_angle: 0.0000000000000000
	angles:  0.000000 0.000000 0.000000
	grand_canonical: 0
	chemical_potential: 0.0000000000000000
box: 22.665617 22.665617
copy: 1.000000 1.000000
epsilon: 0.3448280000000000
end_epsilon: 0.0000000000000000
pressure: 0.1206900000000000
lambda: 0.0000000000000000
lambda_coupling: 1.0000000000000000
uy: 0.0000000000000000
maximum_displacement: 1.0000000000000000
maximum_rotation: 1.0000000000000000
maximum_volume: 1.0000000000000000
maximum_shape: 0.0000001000000000
maximum_dsigma: 0.0100000000000000
mod: 10
pmod: 10
optimize: 1
verbose: 1
snapshot: 0
display: 1
explore: 1
npt: 1
nptxy: 0
nptdxdy: 0
shape: 0
seed: 1205737
34.598541421998 21.549034761892 0.000000000000 1.000000000000
19.496860212284 136.985869403624 0.866025403784 -0.500000000000
-146.725926217627 61.124113414340 0.866025403784 0.500000000000
-78.315324589325 -107.425673384082 0.866025403784 0.500000000000
120.558798326315 160.891791333803 0.000000000000 1.000000000000
121.999075358779 64.905354199090 0.866025403784 -0.500000000000
142.298519046906 64.015432496656 0.000000000000 1.000000000000
17.500409020882 224.644242579445 0.866025403784 -0.500000000000
155.771771497351 103.943108279848 0.866025403784 -0.500000000000
-36.035905915189 72.224136555585 0.866025403784 -0.500000000000
69.041317063028 -16.288313652620 0.866025403784 0.500000000000
-51.432951056802 -63.792194281842 0.000000000000 1.000000000000
-126.624576350465 1.206444269982 0.000000000000 1.000000000000
30.923193390797 -12.028548931065 0.866025403784 -0.500000000000
107.514670190203 44.795316694195 0.866025403784 0.500000000000
238.027981610905 -225.202352617110 0.866025403784 -0.500000000000
21.714009625857 82.241519760014 0.866025403784 -0.500000000000
81.625747177495 -13.749660936308 0.000000000000 1.000000000000
-87.392825656812 -100.733083321217 0.000000000000 1.000000000000
79.506205250594 36.427335051111 0.000000000000 1.000000000000
