#Configurational_file created 2018-09-14 13:58:35  started 2018-09-14 13:58:35 run for 0.0s steps 0
name: p_1073
step: 10000
specie: 20
	particle_diameter: 1.0000000000000000
	interaction_length: 1.2000000000000000
	number_of_patches: 3
	number_of_particles_per_compound: 1
	rod_length: 1.0000000000000000
	interaction_matrix:  1.000000 1.000000 1.000000 1.000000 1.000000 1.000000 1.000000 1.000000 1.000000
	patch_type: symmetric
	patch_width: 8.0000000000000000
	patch_angle: 0.0000000000000000
	angles:  0.000000 0.000000 0.000000
	grand_canonical: 0
	chemical_potential: 0.0000000000000000
box: 12.888376 12.888376
copy: 1.000000 1.000000
epsilon: 0.3448280000000000
end_epsilon: 0.0000000000000000
pressure: 0.3793110000000000
lambda: 0.0000000000000000
lambda_coupling: 1.0000000000000000
uy: 0.0000000000000000
maximum_displacement: 1.0000000000000000
maximum_rotation: 1.0000000000000000
maximum_volume: 1.0000000000000000
maximum_shape: 0.0000001000000000
maximum_dsigma: 0.0100000000000000
mod: 10
pmod: 10
optimize: 1
verbose: 1
snapshot: 0
display: 1
explore: 1
npt: 1
nptxy: 0
nptdxdy: 0
shape: 0
seed: 1222792
64.683405997536 8.375847069085 0.866025403784 0.500000000000
-229.038570649297 -63.481337656758 0.000000000000 1.000000000000
-29.696065254487 -77.037155939182 0.000000000000 1.000000000000
190.299748606500 -61.450294530748 0.000000000000 1.000000000000
-78.156048658637 -111.464211190187 0.866025403784 0.500000000000
-9.896650589946 31.709662185526 0.000000000000 1.000000000000
-52.363077374000 -17.246182964987 0.866025403784 -0.500000000000
1.947375601247 149.935211018183 0.866025403784 0.500000000000
-169.366436164643 -80.025217034626 0.866025403784 -0.500000000000
-42.373819423309 113.130827410965 0.866025403784 -0.500000000000
26.272402381454 -12.992212096713 0.866025403784 0.500000000000
-112.144818789714 -193.608487548308 0.866025403784 0.500000000000
99.419448727342 143.890471724699 0.866025403784 0.500000000000
36.642450344967 47.875982223159 0.866025403784 -0.500000000000
-148.124831452814 74.948306503861 0.000000000000 1.000000000000
-47.654998537104 -98.935429670403 0.000000000000 1.000000000000
52.265991823611 -225.408745233409 0.866025403784 0.500000000000
-31.371773313424 43.116742133668 0.000000000000 1.000000000000
-20.750671821698 -110.026970226038 0.866025403784 -0.500000000000
-222.363585820810 -18.323116310270 0.866025403784 -0.500000000000
