#Configurational_file created 2018-09-14 11:34:57  started 2018-09-14 11:34:57 run for 0.0s steps 0
name: p_1034
step: 10000
specie: 20
	particle_diameter: 1.0000000000000000
	interaction_length: 1.2000000000000000
	number_of_patches: 3
	number_of_particles_per_compound: 1
	rod_length: 1.0000000000000000
	interaction_matrix:  1.000000 1.000000 1.000000 1.000000 1.000000 1.000000 1.000000 1.000000 1.000000
	patch_type: symmetric
	patch_width: 8.0000000000000000
	patch_angle: 0.0000000000000000
	angles:  0.000000 0.000000 0.000000
	grand_canonical: 0
	chemical_potential: 0.0000000000000000
box: 11.777271 11.777271
copy: 1.000000 1.000000
epsilon: 0.3333670000000000
end_epsilon: 0.0000000000000000
pressure: 0.6667330000000000
lambda: 0.0000000000000000
lambda_coupling: 1.0000000000000000
uy: 0.0000000000000000
maximum_displacement: 1.0000000000000000
maximum_rotation: 1.0000000000000000
maximum_volume: 1.0000000000000000
maximum_shape: 0.0000001000000000
maximum_dsigma: 0.0100000000000000
mod: 10
pmod: 10
optimize: 1
verbose: 1
snapshot: 0
display: 1
explore: 1
npt: 1
nptxy: 0
nptdxdy: 0
shape: 0
seed: 1178449
87.093014039019 -69.891964666017 0.866025403784 0.500000000000
-117.089201665897 11.407505349377 0.000000000000 1.000000000000
6.327325519056 -45.073285144366 0.866025403784 0.500000000000
35.932373941982 -14.948593954884 0.866025403784 -0.500000000000
-75.367440016333 48.236605171218 0.000000000000 1.000000000000
61.244528048109 114.103784025954 0.000000000000 1.000000000000
-85.191407774713 -88.752860668486 0.000000000000 1.000000000000
14.235736651164 93.300085453798 0.866025403784 0.500000000000
71.440258453905 122.139274528480 0.866025403784 0.500000000000
12.015128276900 128.936241157726 0.866025403784 -0.500000000000
2.702110924609 -81.826699462559 0.000000000000 1.000000000000
-51.743408254007 14.408800021071 0.000000000000 1.000000000000
-45.326334904502 53.113541203986 0.000000000000 1.000000000000
68.505776314811 66.253188229870 0.866025403784 -0.500000000000
-17.051469150333 -137.153941442188 0.866025403784 0.500000000000
28.966277912926 148.707809608340 0.866025403784 -0.500000000000
-13.819626999651 24.334478009707 0.866025403784 0.500000000000
-88.686361235481 -35.974346615204 0.000000000000 1.000000000000
-95.602343901069 5.958394703052 0.866025403784 0.500000000000
-100.335613683869 173.480913175118 0.866025403784 -0.500000000000
