#Configurational_file created 2018-09-14 11:06:48  started 2018-09-14 11:06:47 run for 1.0s steps 0
name: p_108
step: 10000
specie: 20
	particle_diameter: 1.0000000000000000
	interaction_length: 1.2000000000000000
	number_of_patches: 3
	number_of_particles_per_compound: 1
	rod_length: 1.0000000000000000
	interaction_matrix:  1.000000 1.000000 1.000000 1.000000 1.000000 1.000000 1.000000 1.000000 1.000000
	patch_type: symmetric
	patch_width: 8.0000000000000000
	patch_angle: 0.0000000000000000
	angles:  0.000000 0.000000 0.000000
	grand_canonical: 0
	chemical_potential: 0.0000000000000000
box: 9.053389 9.053389
copy: 1.000000 1.000000
epsilon: 0.3571710000000000
end_epsilon: 0.0000000000000000
pressure: 0.8572000000000000
lambda: 0.0000000000000000
lambda_coupling: 1.0000000000000000
uy: 0.0000000000000000
maximum_displacement: 1.0000000000000000
maximum_rotation: 1.0000000000000000
maximum_volume: 1.0000000000000000
maximum_shape: 0.0000001000000000
maximum_dsigma: 0.0100000000000000
mod: 10
pmod: 10
optimize: 1
verbose: 1
snapshot: 0
display: 1
explore: 1
npt: 1
nptxy: 0
nptdxdy: 0
shape: 0
seed: 125666
48.134295970901 -47.529939077045 0.000000000000 1.000000000000
-27.102132397594 96.741331745225 0.866025403784 0.500000000000
-11.076976099771 119.110068696138 0.866025403784 -0.500000000000
3.918940928566 116.793477310135 0.866025403784 -0.500000000000
-85.531109798319 -68.737178805102 0.866025403784 -0.500000000000
120.645540644516 18.836494345907 0.000000000000 1.000000000000
-42.993069067649 -67.236879900667 0.000000000000 1.000000000000
15.766975866005 61.511799282708 0.866025403784 -0.500000000000
-72.380887784188 26.011423211771 0.866025403784 0.500000000000
2.574414001635 -135.020373411901 0.866025403784 -0.500000000000
44.194535269863 153.205810664658 0.866025403784 0.500000000000
-192.684719088868 -85.140222887745 0.866025403784 0.500000000000
-69.773622701217 11.811999115831 0.000000000000 1.000000000000
-10.881879570192 -116.320925591900 0.000000000000 1.000000000000
-12.837799727743 -88.311862039929 0.866025403784 0.500000000000
96.795632480255 -48.033702745681 0.866025403784 -0.500000000000
25.143840932100 51.861046730944 0.000000000000 1.000000000000
148.941579419622 -101.971739296658 0.000000000000 1.000000000000
-37.708405656705 85.050243657594 0.866025403784 0.500000000000
154.863311951132 -17.475084602285 0.000000000000 1.000000000000
