#Configurational_file created 2018-09-14 11:35:16  started 2018-09-14 11:35:15 run for 1.0s steps 0
name: p_1056
step: 10000
specie: 20
	particle_diameter: 1.0000000000000000
	interaction_length: 1.2000000000000000
	number_of_patches: 3
	number_of_particles_per_compound: 1
	rod_length: 1.0000000000000000
	interaction_matrix:  1.000000 1.000000 1.000000 1.000000 1.000000 1.000000 1.000000 1.000000 1.000000
	patch_type: symmetric
	patch_width: 8.0000000000000000
	patch_angle: 0.0000000000000000
	angles:  0.000000 0.000000 0.000000
	grand_canonical: 0
	chemical_potential: 0.0000000000000000
box: 12.449821 12.449821
copy: 1.000000 1.000000
epsilon: 0.3541960000000000
end_epsilon: 0.0000000000000000
pressure: 0.4167460000000000
lambda: 0.0000000000000000
lambda_coupling: 1.0000000000000000
uy: 0.0000000000000000
maximum_displacement: 1.0000000000000000
maximum_rotation: 1.0000000000000000
maximum_volume: 1.0000000000000000
maximum_shape: 0.0000001000000000
maximum_dsigma: 0.0100000000000000
mod: 10
pmod: 10
optimize: 1
verbose: 1
snapshot: 0
display: 1
explore: 1
npt: 1
nptxy: 0
nptdxdy: 0
shape: 0
seed: 1203463
-85.956455827097 119.767471110435 0.000000000000 1.000000000000
42.091656251881 -30.297127553641 0.866025403784 0.500000000000
-32.564080979804 46.114972440694 0.866025403784 -0.500000000000
-18.415118343395 -29.930828710491 0.866025403784 -0.500000000000
37.821199677026 -25.293737269896 0.866025403784 0.500000000000
-71.920099020564 91.180253736398 0.866025403784 -0.500000000000
36.419861650819 11.192151555416 0.866025403784 0.500000000000
-156.587358504419 -7.753163756991 0.000000000000 1.000000000000
-9.730310437375 139.501883641134 0.866025403784 -0.500000000000
-67.808807960606 -33.292198243631 0.866025403784 -0.500000000000
-2.486110878884 -69.654078254472 0.000000000000 1.000000000000
78.709064839647 51.100434507706 0.866025403784 0.500000000000
-76.714151340121 -164.010053521196 0.866025403784 0.500000000000
64.315886472064 -112.687673886606 0.866025403784 0.500000000000
38.502841646234 63.447788482704 0.000000000000 1.000000000000
33.254589946703 19.127785239608 0.000000000000 1.000000000000
-199.745361583193 45.248393538995 0.866025403784 -0.500000000000
-3.309475907360 -108.805863001605 0.000000000000 1.000000000000
-20.946679342703 67.183277250559 0.000000000000 1.000000000000
4.790551742376 -35.262182558170 0.000000000000 1.000000000000
