#Configurational_file created 2018-09-14 11:35:36  started 2018-09-14 11:35:36 run for 0.0s steps 0
name: p_1080
step: 10000
specie: 20
	particle_diameter: 1.0000000000000000
	interaction_length: 1.2000000000000000
	number_of_patches: 3
	number_of_particles_per_compound: 1
	rod_length: 1.0000000000000000
	interaction_matrix:  1.000000 1.000000 1.000000 1.000000 1.000000 1.000000 1.000000 1.000000 1.000000
	patch_type: symmetric
	patch_width: 8.0000000000000000
	patch_angle: 0.0000000000000000
	angles:  0.000000 0.000000 0.000000
	grand_canonical: 0
	chemical_potential: 0.0000000000000000
box: 15.889674 15.889674
copy: 1.000000 1.000000
epsilon: 0.3750250000000000
end_epsilon: 0.0000000000000000
pressure: 0.3334170000000000
lambda: 0.0000000000000000
lambda_coupling: 1.0000000000000000
uy: 0.0000000000000000
maximum_displacement: 1.0000000000000000
maximum_rotation: 1.0000000000000000
maximum_volume: 1.0000000000000000
maximum_shape: 0.0000001000000000
maximum_dsigma: 0.0100000000000000
mod: 10
pmod: 10
optimize: 1
verbose: 1
snapshot: 0
display: 1
explore: 1
npt: 1
nptxy: 0
nptdxdy: 0
shape: 0
seed: 1230751
74.669636823439 8.340931950983 0.866025403784 -0.500000000000
36.501581947265 105.837704657364 0.866025403784 -0.500000000000
37.607475942787 7.750849767458 0.000000000000 1.000000000000
-67.785924134358 46.117554497811 0.866025403784 -0.500000000000
-97.032801626546 70.496409864178 0.866025403784 -0.500000000000
99.622923673132 72.844201708551 0.000000000000 1.000000000000
67.123779592483 57.659228670552 0.866025403784 -0.500000000000
-52.348595067791 95.592566132829 0.000000000000 1.000000000000
-73.123573568308 48.141960275236 0.866025403784 -0.500000000000
-1.846164628528 -232.340053076286 0.000000000000 1.000000000000
37.744139253136 -172.341597885373 0.000000000000 1.000000000000
-17.322674863240 -13.300509138225 0.866025403784 -0.500000000000
12.029416077378 76.493757351789 0.000000000000 1.000000000000
-79.497819910862 155.555294529121 0.866025403784 -0.500000000000
69.052441819977 36.336805177095 0.000000000000 1.000000000000
-25.456821306024 -26.697960827711 0.866025403784 -0.500000000000
168.804538087733 -166.084063320563 0.866025403784 -0.500000000000
-78.244340705292 267.666488096339 0.000000000000 1.000000000000
30.478255430396 -65.665088306609 0.866025403784 0.500000000000
48.906576337267 38.302643742368 0.000000000000 1.000000000000
