#Configurational_file created 2018-09-14 12:02:42  started 2018-09-14 12:02:41 run for 1.0s steps 0
name: p_1054
step: 10000
specie: 20
	particle_diameter: 1.0000000000000000
	interaction_length: 1.2000000000000000
	number_of_patches: 3
	number_of_particles_per_compound: 1
	rod_length: 1.0000000000000000
	interaction_matrix:  1.000000 1.000000 1.000000 1.000000 1.000000 1.000000 1.000000 1.000000 1.000000
	patch_type: symmetric
	patch_width: 8.0000000000000000
	patch_angle: 0.0000000000000000
	angles:  0.000000 0.000000 0.000000
	grand_canonical: 0
	chemical_potential: 0.0000000000000000
box: 55.650592 55.650592
copy: 1.000000 1.000000
epsilon: 0.0354170000000000
end_epsilon: 0.0000000000000000
pressure: 0.0125010000000000
lambda: 0.0000000000000000
lambda_coupling: 1.0000000000000000
uy: 0.0000000000000000
maximum_displacement: 1.0000000000000000
maximum_rotation: 1.0000000000000000
maximum_volume: 1.0000000000000000
maximum_shape: 0.0000001000000000
maximum_dsigma: 0.0100000000000000
mod: 10
pmod: 10
optimize: 1
verbose: 1
snapshot: 0
display: 1
explore: 1
npt: 1
nptxy: 0
nptdxdy: 0
shape: 0
seed: 1201189
-204.659170614053 43.385546553782 0.000000000000 1.000000000000
390.726963642525 250.610070447370 0.866025403784 0.500000000000
32.057703367918 251.965226797440 0.000000000000 1.000000000000
432.633284058617 259.116714666951 0.000000000000 1.000000000000
-4.989203847374 -38.452466742552 0.000000000000 1.000000000000
72.197732400404 -111.769094714473 0.000000000000 1.000000000000
152.242226370907 129.906920735407 0.866025403784 -0.500000000000
-149.626932976221 -132.694167153256 0.000000000000 1.000000000000
76.145372422978 -114.175676017315 0.000000000000 1.000000000000
315.340028423105 67.886581758867 0.000000000000 1.000000000000
-53.819049115011 109.629405709195 0.866025403784 -0.500000000000
-41.795846270206 345.459644160557 0.866025403784 0.500000000000
131.224674813481 19.145617319811 0.866025403784 0.500000000000
307.239350727385 53.350046213290 0.000000000000 1.000000000000
-44.954385683777 181.282449333880 0.000000000000 1.000000000000
40.592316661261 214.513113871067 0.866025403784 0.500000000000
-99.923156276461 -133.690035638906 0.000000000000 1.000000000000
149.138359851447 -66.587174791806 0.866025403784 0.500000000000
95.618266551868 127.932989375804 0.000000000000 1.000000000000
222.621757260362 -101.730077722584 0.866025403784 -0.500000000000
