#Configurational_file created 2018-09-14 13:58:01  started 2018-09-14 13:58:00 run for 1.0s steps 0
name: p_1023
step: 10000
specie: 20
	particle_diameter: 1.0000000000000000
	interaction_length: 1.2000000000000000
	number_of_patches: 3
	number_of_particles_per_compound: 1
	rod_length: 1.0000000000000000
	interaction_matrix:  1.000000 1.000000 1.000000 1.000000 1.000000 1.000000 1.000000 1.000000 1.000000
	patch_type: symmetric
	patch_width: 8.0000000000000000
	patch_angle: 0.0000000000000000
	angles:  0.000000 0.000000 0.000000
	grand_canonical: 0
	chemical_potential: 0.0000000000000000
box: 36.738725 36.738725
copy: 1.000000 1.000000
epsilon: 0.2758630000000000
end_epsilon: 0.0000000000000000
pressure: 0.0344840000000000
lambda: 0.0000000000000000
lambda_coupling: 1.0000000000000000
uy: 0.0000000000000000
maximum_displacement: 1.0000000000000000
maximum_rotation: 1.0000000000000000
maximum_volume: 1.0000000000000000
maximum_shape: 0.0000001000000000
maximum_dsigma: 0.0100000000000000
mod: 10
pmod: 10
optimize: 1
verbose: 1
snapshot: 0
display: 1
explore: 1
npt: 1
nptxy: 0
nptdxdy: 0
shape: 0
seed: 1165942
-155.440784526420 -25.336025774300 0.866025403784 -0.500000000000
-173.913865957694 -69.214446743310 0.866025403784 -0.500000000000
34.822592296421 96.329714524037 0.866025403784 0.500000000000
50.053755836874 221.498511928793 0.866025403784 0.500000000000
31.516278985756 -103.252367345698 0.866025403784 0.500000000000
-96.864876716190 -209.057916556857 0.000000000000 1.000000000000
-26.958534969462 124.847435542035 0.866025403784 0.500000000000
164.453563658123 121.392570738023 0.866025403784 -0.500000000000
-92.261776225233 -170.945985026318 0.866025403784 0.500000000000
100.547555896022 -89.089591370465 0.866025403784 0.500000000000
149.844222990821 -22.858025888855 0.000000000000 1.000000000000
-43.940017163671 148.194278135595 0.000000000000 1.000000000000
35.087588707492 -232.443167352795 0.866025403784 0.500000000000
-111.764958721532 -17.335005612466 0.000000000000 1.000000000000
-120.070850215199 19.499366955253 0.000000000000 1.000000000000
-55.433061235826 128.377958473390 0.866025403784 -0.500000000000
39.287734232138 34.814297317180 0.866025403784 -0.500000000000
-38.320987281530 328.493921069218 0.000000000000 1.000000000000
23.923173163767 168.900371899682 0.866025403784 -0.500000000000
129.624813527305 -350.416873209351 0.000000000000 1.000000000000
