#Configurational_file created 2018-09-14 11:35:38  started 2018-09-14 11:35:37 run for 1.0s steps 0
name: p_1082
step: 10000
specie: 20
	particle_diameter: 1.0000000000000000
	interaction_length: 1.2000000000000000
	number_of_patches: 3
	number_of_particles_per_compound: 1
	rod_length: 1.0000000000000000
	interaction_matrix:  1.000000 1.000000 1.000000 1.000000 1.000000 1.000000 1.000000 1.000000 1.000000
	patch_type: symmetric
	patch_width: 8.0000000000000000
	patch_angle: 0.0000000000000000
	angles:  0.000000 0.000000 0.000000
	grand_canonical: 0
	chemical_potential: 0.0000000000000000
box: 10.762988 10.762988
copy: 1.000000 1.000000
epsilon: 0.3750250000000000
end_epsilon: 0.0000000000000000
pressure: 0.5000750000000000
lambda: 0.0000000000000000
lambda_coupling: 1.0000000000000000
uy: 0.0000000000000000
maximum_displacement: 1.0000000000000000
maximum_rotation: 1.0000000000000000
maximum_volume: 1.0000000000000000
maximum_shape: 0.0000001000000000
maximum_dsigma: 0.0100000000000000
mod: 10
pmod: 10
optimize: 1
verbose: 1
snapshot: 0
display: 1
explore: 1
npt: 1
nptxy: 0
nptdxdy: 0
shape: 0
seed: 1233025
172.116018774393 -0.674675540534 0.866025403784 -0.500000000000
51.866101531003 20.859092786889 0.866025403784 0.500000000000
-30.523142264680 -46.415541336072 0.000000000000 1.000000000000
41.406838693658 -15.311794645382 0.000000000000 1.000000000000
44.710786807057 31.277705266241 0.866025403784 0.500000000000
-9.773736467222 17.044475345473 0.866025403784 0.500000000000
-43.997578749012 11.715179063619 0.866025403784 -0.500000000000
135.725111645785 68.011721974960 0.000000000000 1.000000000000
22.716095826595 75.740202930721 0.866025403784 0.500000000000
-57.172001277882 66.685516100141 0.000000000000 1.000000000000
146.952649896289 -46.234949513102 0.866025403784 0.500000000000
14.755651893582 -24.002558895108 0.000000000000 1.000000000000
6.237546514791 -52.587115324821 0.866025403784 -0.500000000000
-96.862287891550 16.991109765774 0.866025403784 -0.500000000000
76.240046978720 73.519908852590 0.866025403784 0.500000000000
24.745037213163 -83.914293643053 0.866025403784 -0.500000000000
-9.852604466671 3.813667144429 0.000000000000 1.000000000000
-88.355633414331 -75.083815541298 0.866025403784 -0.500000000000
-27.452454277345 14.392633969527 0.000000000000 1.000000000000
-3.743239336648 -60.677790247351 0.866025403784 -0.500000000000
