#Configurational_file created 2018-09-14 12:02:30  started 2018-09-14 12:02:30 run for 0.0s steps 0
name: p_1038
step: 10000
specie: 20
	particle_diameter: 1.0000000000000000
	interaction_length: 1.2000000000000000
	number_of_patches: 3
	number_of_particles_per_compound: 1
	rod_length: 1.0000000000000000
	interaction_matrix:  1.000000 1.000000 1.000000 1.000000 1.000000 1.000000 1.000000 1.000000 1.000000
	patch_type: symmetric
	patch_width: 8.0000000000000000
	patch_angle: 0.0000000000000000
	angles:  0.000000 0.000000 0.000000
	grand_canonical: 0
	chemical_potential: 0.0000000000000000
box: 53.069998 53.069998
copy: 1.000000 1.000000
epsilon: 0.0333340000000000
end_epsilon: 0.0000000000000000
pressure: 0.0500010000000000
lambda: 0.0000000000000000
lambda_coupling: 1.0000000000000000
uy: 0.0000000000000000
maximum_displacement: 1.0000000000000000
maximum_rotation: 1.0000000000000000
maximum_volume: 1.0000000000000000
maximum_shape: 0.0000001000000000
maximum_dsigma: 0.0100000000000000
mod: 10
pmod: 10
optimize: 1
verbose: 1
snapshot: 0
display: 1
explore: 1
npt: 1
nptxy: 0
nptdxdy: 0
shape: 0
seed: 1182997
188.744808724223 421.455075387527 0.866025403784 -0.500000000000
40.677478547151 -300.217629090453 0.866025403784 -0.500000000000
472.797295133572 -144.420942388242 0.000000000000 1.000000000000
-150.323880312798 235.401615215887 0.000000000000 1.000000000000
20.758874306159 -255.458368380299 0.866025403784 0.500000000000
224.773706685739 -75.554855562675 0.866025403784 -0.500000000000
136.377646407215 -25.381984333048 0.000000000000 1.000000000000
410.240493114361 -46.456524247309 0.866025403784 -0.500000000000
456.340109347939 39.413298716531 0.866025403784 -0.500000000000
-79.507826271268 -49.375719450874 0.866025403784 0.500000000000
63.316977151770 144.667534292039 0.866025403784 0.500000000000
92.362958601379 342.683778498771 0.000000000000 1.000000000000
137.978592306877 -71.541566949757 0.866025403784 0.500000000000
51.172979846715 220.748911382333 0.000000000000 1.000000000000
160.826849610359 243.156757857431 0.866025403784 -0.500000000000
-82.426453354934 157.443386717322 0.866025403784 -0.500000000000
-61.091556121532 -538.510001625737 0.000000000000 1.000000000000
210.322108300473 -75.781638436661 0.866025403784 0.500000000000
69.952303846401 -2.738240089291 0.000000000000 1.000000000000
425.821929223938 158.883538519467 0.866025403784 0.500000000000
