#Configurational_file created 2018-09-14 11:34:55  started 2018-09-14 11:34:54 run for 1.0s steps 0
name: p_1031
step: 10000
specie: 20
	particle_diameter: 1.0000000000000000
	interaction_length: 1.2000000000000000
	number_of_patches: 3
	number_of_particles_per_compound: 1
	rod_length: 1.0000000000000000
	interaction_matrix:  1.000000 1.000000 1.000000 1.000000 1.000000 1.000000 1.000000 1.000000 1.000000
	patch_type: symmetric
	patch_width: 8.0000000000000000
	patch_angle: 0.0000000000000000
	angles:  0.000000 0.000000 0.000000
	grand_canonical: 0
	chemical_potential: 0.0000000000000000
box: 12.399373 12.399373
copy: 1.000000 1.000000
epsilon: 0.3333670000000000
end_epsilon: 0.0000000000000000
pressure: 0.4167460000000000
lambda: 0.0000000000000000
lambda_coupling: 1.0000000000000000
uy: 0.0000000000000000
maximum_displacement: 1.0000000000000000
maximum_rotation: 1.0000000000000000
maximum_volume: 1.0000000000000000
maximum_shape: 0.0000001000000000
maximum_dsigma: 0.0100000000000000
mod: 10
pmod: 10
optimize: 1
verbose: 1
snapshot: 0
display: 1
explore: 1
npt: 1
nptxy: 0
nptdxdy: 0
shape: 0
seed: 1175038
69.250273882754 53.827021581022 0.866025403784 -0.500000000000
-59.933370291299 -59.501045895357 0.000000000000 1.000000000000
-124.710041550029 -113.166877657125 0.866025403784 0.500000000000
-88.137597905193 126.691157645796 0.866025403784 0.500000000000
29.819578758670 -106.924507136011 0.866025403784 -0.500000000000
88.862374373322 11.185941854623 0.866025403784 -0.500000000000
34.665955108604 99.313421340678 0.866025403784 0.500000000000
-9.913087937721 -2.394434544326 0.000000000000 1.000000000000
-142.898362593563 31.544741638801 0.866025403784 0.500000000000
-108.290104266723 -102.881940490708 0.866025403784 0.500000000000
21.017188786708 116.179711550694 0.866025403784 0.500000000000
58.279892251411 133.510388899965 0.000000000000 1.000000000000
8.687063678968 -19.117215375916 0.866025403784 -0.500000000000
3.172855231317 16.853229452432 0.866025403784 0.500000000000
42.042889892903 -65.292340015353 0.000000000000 1.000000000000
-42.907436134298 162.214825444477 0.866025403784 0.500000000000
214.732526158162 131.077394819770 0.866025403784 0.500000000000
11.641096177480 7.827103386398 0.866025403784 -0.500000000000
-43.460803883113 106.480335354859 0.866025403784 -0.500000000000
36.219383877215 -36.996303776993 0.866025403784 -0.500000000000
