#Configurational_file created 2018-09-14 11:35:13  started 2018-09-14 11:35:12 run for 1.0s steps 0
name: p_1051
step: 10000
specie: 20
	particle_diameter: 1.0000000000000000
	interaction_length: 1.2000000000000000
	number_of_patches: 3
	number_of_particles_per_compound: 1
	rod_length: 1.0000000000000000
	interaction_matrix:  1.000000 1.000000 1.000000 1.000000 1.000000 1.000000 1.000000 1.000000 1.000000
	patch_type: symmetric
	patch_width: 8.0000000000000000
	patch_angle: 0.0000000000000000
	angles:  0.000000 0.000000 0.000000
	grand_canonical: 0
	chemical_potential: 0.0000000000000000
box: 47.819761 47.819761
copy: 1.000000 1.000000
epsilon: 0.3541960000000000
end_epsilon: 0.0000000000000000
pressure: 0.0001000000000000
lambda: 0.0000000000000000
lambda_coupling: 1.0000000000000000
uy: 0.0000000000000000
maximum_displacement: 1.0000000000000000
maximum_rotation: 1.0000000000000000
maximum_volume: 1.0000000000000000
maximum_shape: 0.0000001000000000
maximum_dsigma: 0.0100000000000000
mod: 10
pmod: 10
optimize: 1
verbose: 1
snapshot: 0
display: 1
explore: 1
npt: 1
nptxy: 0
nptdxdy: 0
shape: 0
seed: 1197778
61.421503905012 -179.286479912245 0.866025403784 -0.500000000000
190.498722682160 54.735059668913 0.866025403784 -0.500000000000
-270.581013836397 -10.257351778452 0.000000000000 1.000000000000
55.499592008532 -143.893815234944 0.866025403784 0.500000000000
-96.144837155870 -27.890515207797 0.000000000000 1.000000000000
-221.443420522402 -128.333235438243 0.866025403784 -0.500000000000
-110.236457539800 -70.828943237076 0.866025403784 0.500000000000
79.053639621755 -208.816081071722 0.000000000000 1.000000000000
-86.048579369063 -70.994554447613 0.866025403784 0.500000000000
-114.502865825804 -49.886088278977 0.000000000000 1.000000000000
265.445744546977 120.569735811438 0.000000000000 1.000000000000
218.426398749241 154.352195614978 0.000000000000 1.000000000000
-102.819250030753 -240.048779504425 0.000000000000 1.000000000000
106.290734014657 361.708557139715 0.866025403784 0.500000000000
-155.789578582206 330.468458212004 0.000000000000 1.000000000000
423.853628113449 267.183634564957 0.000000000000 1.000000000000
6.406822260585 273.919268346512 0.866025403784 -0.500000000000
-301.444432816737 219.060882355983 0.866025403784 0.500000000000
9.545573483457 159.632728554029 0.866025403784 -0.500000000000
259.104489846671 -152.530002866050 0.866025403784 -0.500000000000
