#Configurational_file created 2018-09-14 12:02:34  started 2018-09-14 12:02:33 run for 1.0s steps 0
name: p_1043
step: 10000
specie: 20
	particle_diameter: 1.0000000000000000
	interaction_length: 1.2000000000000000
	number_of_patches: 3
	number_of_particles_per_compound: 1
	rod_length: 1.0000000000000000
	interaction_matrix:  1.000000 1.000000 1.000000 1.000000 1.000000 1.000000 1.000000 1.000000 1.000000
	patch_type: symmetric
	patch_width: 8.0000000000000000
	patch_angle: 0.0000000000000000
	angles:  0.000000 0.000000 0.000000
	grand_canonical: 0
	chemical_potential: 0.0000000000000000
box: 52.331276 52.331276
copy: 1.000000 1.000000
epsilon: 0.0333340000000000
end_epsilon: 0.0000000000000000
pressure: 0.0708340000000000
lambda: 0.0000000000000000
lambda_coupling: 1.0000000000000000
uy: 0.0000000000000000
maximum_displacement: 1.0000000000000000
maximum_rotation: 1.0000000000000000
maximum_volume: 1.0000000000000000
maximum_shape: 0.0000001000000000
maximum_dsigma: 0.0100000000000000
mod: 10
pmod: 10
optimize: 1
verbose: 1
snapshot: 0
display: 1
explore: 1
npt: 1
nptxy: 0
nptdxdy: 0
shape: 0
seed: 1188682
126.334042559726 -261.719932404548 0.866025403784 0.500000000000
109.319286035717 -61.673584186430 0.000000000000 1.000000000000
-22.789608760338 121.355834153921 0.000000000000 1.000000000000
-226.797621275987 219.565873253060 0.866025403784 0.500000000000
312.300382521748 719.795263041612 0.000000000000 1.000000000000
-223.884950745921 -0.661936171764 0.866025403784 -0.500000000000
357.495561871579 -179.459643903862 0.866025403784 0.500000000000
153.250885144749 -33.370697475089 0.866025403784 -0.500000000000
-130.535106026972 137.632899398262 0.866025403784 -0.500000000000
105.192713385057 -237.517247031329 0.866025403784 -0.500000000000
183.390423361070 -55.326044725991 0.866025403784 0.500000000000
244.051090581336 216.604367411333 0.000000000000 1.000000000000
7.856059621334 -65.867598614034 0.000000000000 1.000000000000
3.919651509597 334.616449700700 0.866025403784 -0.500000000000
190.061606294961 170.694657696262 0.000000000000 1.000000000000
-184.636605419992 160.858618405688 0.866025403784 -0.500000000000
-196.479325555871 85.259060409946 0.866025403784 -0.500000000000
73.263126029809 25.387868405914 0.866025403784 -0.500000000000
37.416337122135 -50.885339387976 0.000000000000 1.000000000000
-95.358276893393 -76.332609454576 0.000000000000 1.000000000000
