#Configurational_file created 2018-09-14 12:03:03  started 2018-09-14 12:03:03 run for 0.0s steps 0
name: p_1083
step: 10000
specie: 20
	particle_diameter: 1.0000000000000000
	interaction_length: 1.2000000000000000
	number_of_patches: 3
	number_of_particles_per_compound: 1
	rod_length: 1.0000000000000000
	interaction_matrix:  1.000000 1.000000 1.000000 1.000000 1.000000 1.000000 1.000000 1.000000 1.000000
	patch_type: symmetric
	patch_width: 8.0000000000000000
	patch_angle: 0.0000000000000000
	angles:  0.000000 0.000000 0.000000
	grand_canonical: 0
	chemical_potential: 0.0000000000000000
box: 39.006246 39.006246
copy: 1.000000 1.000000
epsilon: 0.0375000000000000
end_epsilon: 0.0000000000000000
pressure: 0.0291670000000000
lambda: 0.0000000000000000
lambda_coupling: 1.0000000000000000
uy: 0.0000000000000000
maximum_displacement: 1.0000000000000000
maximum_rotation: 1.0000000000000000
maximum_volume: 1.0000000000000000
maximum_shape: 0.0000001000000000
maximum_dsigma: 0.0100000000000000
mod: 10
pmod: 10
optimize: 1
verbose: 1
snapshot: 0
display: 1
explore: 1
npt: 1
nptxy: 0
nptdxdy: 0
shape: 0
seed: 1234162
143.332014676950 127.816142679215 0.866025403784 0.500000000000
-251.376109238248 111.554647552814 0.866025403784 -0.500000000000
295.125814852428 142.764974832342 0.000000000000 1.000000000000
-34.369668746449 50.925096928642 0.866025403784 -0.500000000000
81.887606371517 -128.700765586785 0.866025403784 -0.500000000000
-65.988423874133 301.421375142670 0.000000000000 1.000000000000
-94.835046550806 9.887640071158 0.000000000000 1.000000000000
147.650124618436 -40.143881752731 0.866025403784 0.500000000000
374.883647019815 7.333174594665 0.866025403784 -0.500000000000
-124.508385617889 93.632032732658 0.000000000000 1.000000000000
145.817468749861 -164.160766024280 0.000000000000 1.000000000000
171.211234342000 -3.991137394560 0.866025403784 0.500000000000
81.884050063023 55.045263927529 0.866025403784 -0.500000000000
47.025800687010 -106.195222819037 0.866025403784 0.500000000000
-7.874760626533 -231.956326625513 0.866025403784 -0.500000000000
-222.626187855666 -10.021054306202 0.866025403784 -0.500000000000
66.907321833128 -101.649163407391 0.866025403784 -0.500000000000
239.815977365015 265.472436940366 0.000000000000 1.000000000000
291.533533482361 -21.761641689220 0.866025403784 0.500000000000
-2.744953353186 -108.808876440620 0.866025403784 0.500000000000
