#Configurational_file created 2018-09-14 13:57:57  started 2018-09-14 13:57:57 run for 0.0s steps 0
name: p_1018
step: 10000
specie: 20
	particle_diameter: 1.0000000000000000
	interaction_length: 1.2000000000000000
	number_of_patches: 3
	number_of_particles_per_compound: 1
	rod_length: 1.0000000000000000
	interaction_matrix:  1.000000 1.000000 1.000000 1.000000 1.000000 1.000000 1.000000 1.000000 1.000000
	patch_type: symmetric
	patch_width: 8.0000000000000000
	patch_angle: 0.0000000000000000
	angles:  0.000000 0.000000 0.000000
	grand_canonical: 0
	chemical_potential: 0.0000000000000000
box: 17.621220 17.621220
copy: 1.000000 1.000000
epsilon: 0.2068970000000000
end_epsilon: 0.0000000000000000
pressure: 0.4655170000000000
lambda: 0.0000000000000000
lambda_coupling: 1.0000000000000000
uy: 0.0000000000000000
maximum_displacement: 1.0000000000000000
maximum_rotation: 1.0000000000000000
maximum_volume: 1.0000000000000000
maximum_shape: 0.0000001000000000
maximum_dsigma: 0.0100000000000000
mod: 10
pmod: 10
optimize: 1
verbose: 1
snapshot: 0
display: 1
explore: 1
npt: 1
nptxy: 0
nptdxdy: 0
shape: 0
seed: 1160257
-47.488492197245 187.604079423431 0.866025403784 0.500000000000
-75.155586348934 -7.181929372771 0.866025403784 0.500000000000
-9.335313400016 -70.092092677869 0.000000000000 1.000000000000
-60.299698136823 -151.162797899663 0.000000000000 1.000000000000
-74.305782656774 -108.433097488064 0.866025403784 0.500000000000
-0.768464240680 -4.705375286819 0.866025403784 0.500000000000
-19.887352871371 148.593813166898 0.866025403784 -0.500000000000
-214.278087821537 -13.846599184254 0.866025403784 0.500000000000
55.553534694308 -72.330924018752 0.866025403784 0.500000000000
-106.838309126719 120.260364792509 0.866025403784 -0.500000000000
44.223684121774 99.859162487887 0.866025403784 0.500000000000
100.425059400311 93.709384019677 0.866025403784 0.500000000000
102.418944466475 18.646528973059 0.866025403784 -0.500000000000
97.016641805922 35.940397095083 0.866025403784 -0.500000000000
-31.337788617406 149.002312075301 0.000000000000 1.000000000000
74.725043902689 34.854043071033 0.000000000000 1.000000000000
16.134905435202 -82.307518885027 0.866025403784 -0.500000000000
89.910382962632 -53.561029212063 0.866025403784 0.500000000000
-65.933453704573 300.430907641053 0.866025403784 -0.500000000000
-66.829136126267 -1.845946927311 0.866025403784 -0.500000000000
