#Configurational_file created 2018-09-14 12:02:49  started 2018-09-14 12:02:48 run for 1.0s steps 0
name: p_1063
step: 10000
specie: 20
	particle_diameter: 1.0000000000000000
	interaction_length: 1.2000000000000000
	number_of_patches: 3
	number_of_particles_per_compound: 1
	rod_length: 1.0000000000000000
	interaction_matrix:  1.000000 1.000000 1.000000 1.000000 1.000000 1.000000 1.000000 1.000000 1.000000
	patch_type: symmetric
	patch_width: 8.0000000000000000
	patch_angle: 0.0000000000000000
	angles:  0.000000 0.000000 0.000000
	grand_canonical: 0
	chemical_potential: 0.0000000000000000
box: 43.214719 43.214719
copy: 1.000000 1.000000
epsilon: 0.0354170000000000
end_epsilon: 0.0000000000000000
pressure: 0.0500010000000000
lambda: 0.0000000000000000
lambda_coupling: 1.0000000000000000
uy: 0.0000000000000000
maximum_displacement: 1.0000000000000000
maximum_rotation: 1.0000000000000000
maximum_volume: 1.0000000000000000
maximum_shape: 0.0000001000000000
maximum_dsigma: 0.0100000000000000
mod: 10
pmod: 10
optimize: 1
verbose: 1
snapshot: 0
display: 1
explore: 1
npt: 1
nptxy: 0
nptdxdy: 0
shape: 0
seed: 1211422
-64.610329710399 -236.062977352986 0.866025403784 0.500000000000
-7.508674361103 21.226598062848 0.866025403784 0.500000000000
235.362508018153 107.089584542489 0.866025403784 0.500000000000
-283.750581800053 419.481229797073 0.000000000000 1.000000000000
66.728360333903 -71.733694412784 0.000000000000 1.000000000000
-17.805443729813 -136.963521211634 0.866025403784 -0.500000000000
-14.750665638881 94.088994127627 0.000000000000 1.000000000000
77.011746462323 69.953175569354 0.866025403784 -0.500000000000
-89.027602714222 193.708892020909 0.866025403784 -0.500000000000
67.267956334921 -152.615112376838 0.866025403784 -0.500000000000
-40.511477828269 141.499615019731 0.000000000000 1.000000000000
146.648739793146 12.641415293493 0.866025403784 -0.500000000000
150.780413953550 169.461752199700 0.866025403784 0.500000000000
-133.043871806987 -60.705057742070 0.866025403784 0.500000000000
-83.353180261208 -73.632797590271 0.866025403784 -0.500000000000
-27.265301289233 212.185955341912 0.000000000000 1.000000000000
23.277563201044 38.251563442951 0.000000000000 1.000000000000
-94.109909660228 56.022293826423 0.866025403784 0.500000000000
215.967468055785 250.133752560674 0.000000000000 1.000000000000
160.212956134980 533.170053501410 0.000000000000 1.000000000000
