#Configurational_file created 2018-09-14 13:57:51  started 2018-09-14 13:57:50 run for 1.0s steps 0
name: p_1008
step: 10000
specie: 20
	particle_diameter: 1.0000000000000000
	interaction_length: 1.2000000000000000
	number_of_patches: 3
	number_of_particles_per_compound: 1
	rod_length: 1.0000000000000000
	interaction_matrix:  1.000000 1.000000 1.000000 1.000000 1.000000 1.000000 1.000000 1.000000 1.000000
	patch_type: symmetric
	patch_width: 8.0000000000000000
	patch_angle: 0.0000000000000000
	angles:  0.000000 0.000000 0.000000
	grand_canonical: 0
	chemical_potential: 0.0000000000000000
box: 20.091149 20.091149
copy: 1.000000 1.000000
epsilon: 0.2068970000000000
end_epsilon: 0.0000000000000000
pressure: 0.2931040000000000
lambda: 0.0000000000000000
lambda_coupling: 1.0000000000000000
uy: 0.0000000000000000
maximum_displacement: 1.0000000000000000
maximum_rotation: 1.0000000000000000
maximum_volume: 1.0000000000000000
maximum_shape: 0.0000001000000000
maximum_dsigma: 0.0100000000000000
mod: 10
pmod: 10
optimize: 1
verbose: 1
snapshot: 0
display: 1
explore: 1
npt: 1
nptxy: 0
nptdxdy: 0
shape: 0
seed: 1148887
-16.964539504174 -105.567163025296 0.866025403784 -0.500000000000
156.602772423976 -36.927305999802 0.866025403784 0.500000000000
130.667352470109 117.863811361716 0.866025403784 -0.500000000000
205.319132285561 -71.932361453208 0.866025403784 -0.500000000000
49.440524868626 28.708007098811 0.866025403784 0.500000000000
106.848046207788 -149.962596988477 0.866025403784 0.500000000000
12.260772992192 0.537551141808 0.000000000000 1.000000000000
130.176309661557 112.694696835722 0.866025403784 -0.500000000000
-139.118526861192 -72.237329531718 0.866025403784 0.500000000000
28.315699746672 4.291691440154 0.866025403784 -0.500000000000
44.667319315721 -33.858370763643 0.866025403784 0.500000000000
-147.725689083355 17.195023139119 0.866025403784 0.500000000000
-85.525160254692 61.337280188583 0.000000000000 1.000000000000
73.307368001328 -17.858457818079 0.000000000000 1.000000000000
-112.525422458291 -9.571324363747 0.866025403784 -0.500000000000
-32.108029467757 -5.118955450148 0.866025403784 0.500000000000
64.292827527733 -44.143169129987 0.866025403784 -0.500000000000
76.919330098542 11.899848936635 0.866025403784 -0.500000000000
-283.490976396800 68.367915637449 0.000000000000 1.000000000000
26.277064196180 -42.122935724806 0.000000000000 1.000000000000
