#Configurational_file created 2018-09-14 12:03:05  started 2018-09-14 12:03:04 run for 1.0s steps 0
name: p_1085
step: 10000
specie: 20
	particle_diameter: 1.0000000000000000
	interaction_length: 1.2000000000000000
	number_of_patches: 3
	number_of_particles_per_compound: 1
	rod_length: 1.0000000000000000
	interaction_matrix:  1.000000 1.000000 1.000000 1.000000 1.000000 1.000000 1.000000 1.000000 1.000000
	patch_type: symmetric
	patch_width: 8.0000000000000000
	patch_angle: 0.0000000000000000
	angles:  0.000000 0.000000 0.000000
	grand_canonical: 0
	chemical_potential: 0.0000000000000000
box: 50.615243 50.615243
copy: 1.000000 1.000000
epsilon: 0.0375000000000000
end_epsilon: 0.0000000000000000
pressure: 0.0375010000000000
lambda: 0.0000000000000000
lambda_coupling: 1.0000000000000000
uy: 0.0000000000000000
maximum_displacement: 1.0000000000000000
maximum_rotation: 1.0000000000000000
maximum_volume: 1.0000000000000000
maximum_shape: 0.0000001000000000
maximum_dsigma: 0.0100000000000000
mod: 10
pmod: 10
optimize: 1
verbose: 1
snapshot: 0
display: 1
explore: 1
npt: 1
nptxy: 0
nptdxdy: 0
shape: 0
seed: 1236436
147.373208256251 -149.804555026491 0.866025403784 0.500000000000
-176.217727961615 -69.128755508482 0.000000000000 1.000000000000
507.225882080779 220.657885715198 0.866025403784 -0.500000000000
-13.096447444573 -39.241142025193 0.000000000000 1.000000000000
-54.564372591458 92.385122547705 0.866025403784 -0.500000000000
-216.836167734966 -51.667435405449 0.000000000000 1.000000000000
-16.592555933658 -53.363188142145 0.000000000000 1.000000000000
170.872726258093 317.391498448114 0.000000000000 1.000000000000
-174.288154091249 -15.199866492139 0.866025403784 0.500000000000
269.229524906112 427.872830329383 0.000000000000 1.000000000000
68.938325391722 -179.296237260689 0.866025403784 0.500000000000
143.131041794744 -15.840961349422 0.866025403784 -0.500000000000
-11.661306602877 68.340597273662 0.000000000000 1.000000000000
200.676628112311 250.617647304543 0.866025403784 0.500000000000
427.444793237683 371.959359623531 0.866025403784 0.500000000000
119.923445789039 -93.254065656539 0.000000000000 1.000000000000
-157.624876547230 23.780568954879 0.866025403784 -0.500000000000
211.930181009748 -385.468652402899 0.000000000000 1.000000000000
310.396847376199 291.240979503817 0.866025403784 -0.500000000000
55.836282836363 -186.482143505072 0.866025403784 -0.500000000000
