#Configurational_file created 2018-09-14 13:58:24  started 2018-09-14 13:58:23 run for 1.0s steps 0
name: p_1056
step: 10000
specie: 20
	particle_diameter: 1.0000000000000000
	interaction_length: 1.2000000000000000
	number_of_patches: 3
	number_of_particles_per_compound: 1
	rod_length: 1.0000000000000000
	interaction_matrix:  1.000000 1.000000 1.000000 1.000000 1.000000 1.000000 1.000000 1.000000 1.000000
	patch_type: symmetric
	patch_width: 8.0000000000000000
	patch_angle: 0.0000000000000000
	angles:  0.000000 0.000000 0.000000
	grand_canonical: 0
	chemical_potential: 0.0000000000000000
box: 23.600412 23.600412
copy: 1.000000 1.000000
epsilon: 0.3448280000000000
end_epsilon: 0.0000000000000000
pressure: 0.0862080000000000
lambda: 0.0000000000000000
lambda_coupling: 1.0000000000000000
uy: 0.0000000000000000
maximum_displacement: 1.0000000000000000
maximum_rotation: 1.0000000000000000
maximum_volume: 1.0000000000000000
maximum_shape: 0.0000001000000000
maximum_dsigma: 0.0100000000000000
mod: 10
pmod: 10
optimize: 1
verbose: 1
snapshot: 0
display: 1
explore: 1
npt: 1
nptxy: 0
nptdxdy: 0
shape: 0
seed: 1203463
-56.978616090771 246.378499730004 0.000000000000 1.000000000000
68.835400214318 -85.203688770813 0.866025403784 -0.500000000000
-107.534236973059 76.199257977333 0.866025403784 -0.500000000000
24.102817175468 -180.389782946639 0.000000000000 1.000000000000
-12.010832569308 236.905426457305 0.000000000000 1.000000000000
-168.117188901975 -26.482081622473 0.866025403784 -0.500000000000
-170.478526020435 266.698798481979 0.000000000000 1.000000000000
-35.466174719617 -133.820885866805 0.866025403784 -0.500000000000
-145.878369677959 30.532063815150 0.000000000000 1.000000000000
-65.311089466630 116.973652270989 0.866025403784 0.500000000000
-17.165524960960 -90.522726358500 0.866025403784 0.500000000000
25.397010500610 65.775823438123 0.000000000000 1.000000000000
101.498681379844 -136.838907523657 0.866025403784 0.500000000000
149.292317843673 -14.805119687454 0.000000000000 1.000000000000
113.150955196099 20.167748850593 0.000000000000 1.000000000000
96.378797235315 56.673202467649 0.000000000000 1.000000000000
-104.482343232364 -125.655007368455 0.866025403784 0.500000000000
79.260031313087 -139.845791378124 0.866025403784 -0.500000000000
-66.746741626165 95.543152339985 0.000000000000 1.000000000000
62.295986866824 -69.502802846608 0.000000000000 1.000000000000
