#Configurational_file created 2018-09-14 11:35:31  started 2018-09-14 11:35:30 run for 1.0s steps 0
name: p_1073
step: 10000
specie: 20
	particle_diameter: 1.0000000000000000
	interaction_length: 1.2000000000000000
	number_of_patches: 3
	number_of_particles_per_compound: 1
	rod_length: 1.0000000000000000
	interaction_matrix:  1.000000 1.000000 1.000000 1.000000 1.000000 1.000000 1.000000 1.000000 1.000000
	patch_type: symmetric
	patch_width: 8.0000000000000000
	patch_angle: 0.0000000000000000
	angles:  0.000000 0.000000 0.000000
	grand_canonical: 0
	chemical_potential: 0.0000000000000000
box: 7.883547 7.883547
copy: 1.000000 1.000000
epsilon: 0.3541960000000000
end_epsilon: 0.0000000000000000
pressure: 1.8333420000000000
lambda: 0.0000000000000000
lambda_coupling: 1.0000000000000000
uy: 0.0000000000000000
maximum_displacement: 1.0000000000000000
maximum_rotation: 1.0000000000000000
maximum_volume: 0.5195204761027428
maximum_shape: 0.0000001000000000
maximum_dsigma: 0.0100000000000000
mod: 10
pmod: 10
optimize: 1
verbose: 1
snapshot: 0
display: 1
explore: 1
npt: 1
nptxy: 0
nptdxdy: 0
shape: 0
seed: 1222792
-73.431697592696 28.161556614681 0.866025403784 0.500000000000
98.479997074815 50.309869564704 0.866025403784 0.500000000000
-4.684012965203 -71.132084936629 0.000000000000 1.000000000000
30.286101594836 18.065215435164 0.000000000000 1.000000000000
-105.259041208901 -7.789188441611 0.000000000000 1.000000000000
-84.253600938344 25.886785874804 0.866025403784 0.500000000000
72.488495139362 178.106473888549 0.866025403784 -0.500000000000
9.400964837881 -85.408196065700 0.000000000000 1.000000000000
106.577702447505 13.561499208820 0.000000000000 1.000000000000
130.031894600202 53.171061570280 0.866025403784 -0.500000000000
87.361818515984 -35.916783752705 0.866025403784 -0.500000000000
30.743962375073 -31.619568332414 0.866025403784 -0.500000000000
120.642505359402 -102.903900620381 0.866025403784 -0.500000000000
5.218358764641 -46.353388415506 0.866025403784 0.500000000000
-54.414899455786 73.100848248771 0.866025403784 0.500000000000
17.190142331558 -56.426580666434 0.000000000000 1.000000000000
-16.142463599685 39.478628159109 0.000000000000 1.000000000000
-86.062617386031 68.458015547157 0.866025403784 -0.500000000000
-87.745496286805 51.329119333845 0.866025403784 0.500000000000
-33.107061461112 45.554572440581 0.000000000000 1.000000000000
