#Configurational_file created 2018-09-14 11:34:58  started 2018-09-14 11:34:57 run for 1.0s steps 0
name: p_1035
step: 10000
specie: 20
	particle_diameter: 1.0000000000000000
	interaction_length: 1.2000000000000000
	number_of_patches: 3
	number_of_particles_per_compound: 1
	rod_length: 1.0000000000000000
	interaction_matrix:  1.000000 1.000000 1.000000 1.000000 1.000000 1.000000 1.000000 1.000000 1.000000
	patch_type: symmetric
	patch_width: 8.0000000000000000
	patch_angle: 0.0000000000000000
	angles:  0.000000 0.000000 0.000000
	grand_canonical: 0
	chemical_potential: 0.0000000000000000
box: 10.027683 10.027683
copy: 1.000000 1.000000
epsilon: 0.3333670000000000
end_epsilon: 0.0000000000000000
pressure: 0.7500620000000000
lambda: 0.0000000000000000
lambda_coupling: 1.0000000000000000
uy: 0.0000000000000000
maximum_displacement: 1.0000000000000000
maximum_rotation: 1.0000000000000000
maximum_volume: 1.0000000000000000
maximum_shape: 0.0000001000000000
maximum_dsigma: 0.0100000000000000
mod: 10
pmod: 10
optimize: 1
verbose: 1
snapshot: 0
display: 1
explore: 1
npt: 1
nptxy: 0
nptdxdy: 0
shape: 0
seed: 1179586
1.451687707092 -27.512580232371 0.000000000000 1.000000000000
18.185775300147 9.165773617321 0.000000000000 1.000000000000
74.359111648077 -50.793315021315 0.866025403784 -0.500000000000
97.228754842554 -0.067734129040 0.000000000000 1.000000000000
-91.281506569712 -77.736544803344 0.866025403784 -0.500000000000
65.643566291276 -114.792829648705 0.866025403784 -0.500000000000
19.505463654312 -50.000136924759 0.866025403784 0.500000000000
61.559514595765 189.180077023020 0.000000000000 1.000000000000
114.101150953527 -8.751311880475 0.866025403784 0.500000000000
75.935215589384 -76.428468253202 0.866025403784 0.500000000000
86.845113093986 -121.669724055532 0.000000000000 1.000000000000
42.770707751560 -10.569855359684 0.866025403784 0.500000000000
-155.568925603711 -80.577011813782 0.000000000000 1.000000000000
32.993829009490 86.672789484860 0.866025403784 -0.500000000000
-87.123058363677 24.779491307154 0.866025403784 0.500000000000
-22.307780908501 125.073159750467 0.866025403784 -0.500000000000
106.649937119913 70.084077702748 0.866025403784 0.500000000000
116.977574976419 -33.584698019839 0.866025403784 0.500000000000
-5.906148723624 -16.064452232233 0.866025403784 0.500000000000
47.395260478516 -5.569249747918 0.000000000000 1.000000000000
