#Configurational_file created 2018-09-14 13:58:13  started 2018-09-14 13:58:12 run for 1.0s steps 0
name: p_1041
step: 10000
specie: 20
	particle_diameter: 1.0000000000000000
	interaction_length: 1.2000000000000000
	number_of_patches: 3
	number_of_particles_per_compound: 1
	rod_length: 1.0000000000000000
	interaction_matrix:  1.000000 1.000000 1.000000 1.000000 1.000000 1.000000 1.000000 1.000000 1.000000
	patch_type: symmetric
	patch_width: 8.0000000000000000
	patch_angle: 0.0000000000000000
	angles:  0.000000 0.000000 0.000000
	grand_canonical: 0
	chemical_potential: 0.0000000000000000
box: 15.388775 15.388775
copy: 1.000000 1.000000
epsilon: 0.2758630000000000
end_epsilon: 0.0000000000000000
pressure: 0.3448280000000000
lambda: 0.0000000000000000
lambda_coupling: 1.0000000000000000
uy: 0.0000000000000000
maximum_displacement: 1.0000000000000000
maximum_rotation: 1.0000000000000000
maximum_volume: 1.0000000000000000
maximum_shape: 0.0000001000000000
maximum_dsigma: 0.0100000000000000
mod: 10
pmod: 10
optimize: 1
verbose: 1
snapshot: 0
display: 1
explore: 1
npt: 1
nptxy: 0
nptdxdy: 0
shape: 0
seed: 1186408
70.397300255566 46.712924100071 0.000000000000 1.000000000000
53.857980037933 166.555413609374 0.000000000000 1.000000000000
-25.696864537534 47.117976999244 0.000000000000 1.000000000000
140.676041946113 127.721204069301 0.866025403784 -0.500000000000
-32.441031547905 155.586351745480 0.866025403784 0.500000000000
-8.238211338440 124.999888788668 0.866025403784 0.500000000000
85.154108223397 39.288714128269 0.866025403784 0.500000000000
21.791669192407 44.851589458774 0.000000000000 1.000000000000
118.202579253549 -124.262028674028 0.866025403784 0.500000000000
51.395353061999 111.073018831978 0.000000000000 1.000000000000
-46.983643284708 116.449845556320 0.866025403784 -0.500000000000
27.290753125545 32.363033228852 0.866025403784 0.500000000000
15.431044300637 123.784178742583 0.866025403784 0.500000000000
19.466801776144 140.998175859502 0.866025403784 -0.500000000000
-45.448162146468 89.577819665050 0.000000000000 1.000000000000
-8.270386784492 45.308830570809 0.866025403784 -0.500000000000
-31.925297396363 -96.262155648198 0.866025403784 -0.500000000000
55.528580845746 3.231170285042 0.866025403784 0.500000000000
-62.238062237135 -90.041607717529 0.866025403784 0.500000000000
-61.197843138043 -62.336884781640 0.866025403784 -0.500000000000
