#Configurational_file created 2018-09-14 13:58:49  started 2018-09-14 13:58:49 run for 0.0s steps 0
name: p_1093
step: 10000
specie: 20
	particle_diameter: 1.0000000000000000
	interaction_length: 1.2000000000000000
	number_of_patches: 3
	number_of_particles_per_compound: 1
	rod_length: 1.0000000000000000
	interaction_matrix:  1.000000 1.000000 1.000000 1.000000 1.000000 1.000000 1.000000 1.000000 1.000000
	patch_type: symmetric
	patch_width: 8.0000000000000000
	patch_angle: 0.0000000000000000
	angles:  0.000000 0.000000 0.000000
	grand_canonical: 0
	chemical_potential: 0.0000000000000000
box: 15.124736 15.124736
copy: 1.000000 1.000000
epsilon: 0.4137940000000000
end_epsilon: 0.0000000000000000
pressure: 0.2068970000000000
lambda: 0.0000000000000000
lambda_coupling: 1.0000000000000000
uy: 0.0000000000000000
maximum_displacement: 1.0000000000000000
maximum_rotation: 1.0000000000000000
maximum_volume: 1.0000000000000000
maximum_shape: 0.0000001000000000
maximum_dsigma: 0.0100000000000000
mod: 10
pmod: 10
optimize: 1
verbose: 1
snapshot: 0
display: 1
explore: 1
npt: 1
nptxy: 0
nptdxdy: 0
shape: 0
seed: 1245532
77.835397662423 133.804498253065 0.866025403784 -0.500000000000
-72.321586103316 7.120037168125 0.866025403784 0.500000000000
11.696032869427 -75.684589792658 0.866025403784 0.500000000000
6.811358320826 -49.006818611467 0.000000000000 1.000000000000
38.530683417667 36.025183053356 0.866025403784 -0.500000000000
35.447751132090 -63.624868381487 0.000000000000 1.000000000000
-205.860371619920 39.613967899212 0.000000000000 1.000000000000
-65.884549759502 52.401787364889 0.866025403784 -0.500000000000
-97.096398634719 -109.228862092957 0.866025403784 -0.500000000000
93.480937657214 99.236927977114 0.866025403784 0.500000000000
-29.928905371272 46.707029761037 0.866025403784 -0.500000000000
-140.992831489934 -195.842978169999 0.000000000000 1.000000000000
22.948700600576 -73.848639853283 0.866025403784 -0.500000000000
73.908377401191 -4.715228726794 0.866025403784 -0.500000000000
-24.512315445640 -92.659962000146 0.866025403784 0.500000000000
-7.391848024648 -208.317178077127 0.866025403784 0.500000000000
46.316090874985 -100.804441157644 0.866025403784 0.500000000000
198.446444951634 -14.382385308844 0.866025403784 -0.500000000000
35.867185374796 -26.876099748884 0.000000000000 1.000000000000
-14.483274511732 -75.537480485577 0.866025403784 -0.500000000000
