#Configurational_file created 2018-09-14 13:58:32  started 2018-09-14 13:58:31 run for 1.0s steps 0
name: p_1068
step: 10000
specie: 20
	particle_diameter: 1.0000000000000000
	interaction_length: 1.2000000000000000
	number_of_patches: 3
	number_of_particles_per_compound: 1
	rod_length: 1.0000000000000000
	interaction_matrix:  1.000000 1.000000 1.000000 1.000000 1.000000 1.000000 1.000000 1.000000 1.000000
	patch_type: symmetric
	patch_width: 8.0000000000000000
	patch_angle: 0.0000000000000000
	angles:  0.000000 0.000000 0.000000
	grand_canonical: 0
	chemical_potential: 0.0000000000000000
box: 14.311966 14.311966
copy: 1.000000 1.000000
epsilon: 0.3448280000000000
end_epsilon: 0.0000000000000000
pressure: 0.2931040000000000
lambda: 0.0000000000000000
lambda_coupling: 1.0000000000000000
uy: 0.0000000000000000
maximum_displacement: 1.0000000000000000
maximum_rotation: 1.0000000000000000
maximum_volume: 1.0000000000000000
maximum_shape: 0.0000001000000000
maximum_dsigma: 0.0100000000000000
mod: 10
pmod: 10
optimize: 1
verbose: 1
snapshot: 0
display: 1
explore: 1
npt: 1
nptxy: 0
nptdxdy: 0
shape: 0
seed: 1217107
-51.491489513850 118.779307709047 0.866025403784 0.500000000000
4.384900692841 -5.710035105826 0.866025403784 -0.500000000000
-19.536274425321 104.537172688605 0.866025403784 -0.500000000000
18.484065830883 -66.848961110426 0.866025403784 0.500000000000
-43.977544075302 157.052391021394 0.866025403784 0.500000000000
50.958074911892 77.871937441922 0.000000000000 1.000000000000
173.970768829241 -6.470840774610 0.866025403784 -0.500000000000
-116.619704688017 129.533474932040 0.866025403784 -0.500000000000
58.789008761184 -118.111460806392 0.000000000000 1.000000000000
-8.237297905356 121.183112841359 0.866025403784 0.500000000000
66.666603844906 28.921080062486 0.866025403784 -0.500000000000
115.664011052512 -25.378355856677 0.866025403784 0.500000000000
86.058343179276 -8.962035851359 0.000000000000 1.000000000000
-169.189885761660 124.755011790415 0.000000000000 1.000000000000
52.385546304231 121.278037339124 0.866025403784 0.500000000000
-109.823101605323 -132.748109719469 0.000000000000 1.000000000000
-101.126517495716 86.988313814848 0.000000000000 1.000000000000
-60.911056431429 125.371409390448 0.866025403784 -0.500000000000
155.059875972181 111.379004990056 0.866025403784 -0.500000000000
56.056780854497 -118.664468109525 0.000000000000 1.000000000000
