#Configurational_file created 2018-09-14 12:02:22  started 2018-09-14 12:02:22 run for 0.0s steps 0
name: p_1027
step: 10000
specie: 20
	particle_diameter: 1.0000000000000000
	interaction_length: 1.2000000000000000
	number_of_patches: 3
	number_of_particles_per_compound: 1
	rod_length: 1.0000000000000000
	interaction_matrix:  1.000000 1.000000 1.000000 1.000000 1.000000 1.000000 1.000000 1.000000 1.000000
	patch_type: symmetric
	patch_width: 8.0000000000000000
	patch_angle: 0.0000000000000000
	angles:  0.000000 0.000000 0.000000
	grand_canonical: 0
	chemical_potential: 0.0000000000000000
box: 49.866878 49.866878
copy: 1.000000 1.000000
epsilon: 0.0333340000000000
end_epsilon: 0.0000000000000000
pressure: 0.0041680000000000
lambda: 0.0000000000000000
lambda_coupling: 1.0000000000000000
uy: 0.0000000000000000
maximum_displacement: 1.0000000000000000
maximum_rotation: 1.0000000000000000
maximum_volume: 1.0000000000000000
maximum_shape: 0.0000001000000000
maximum_dsigma: 0.0100000000000000
mod: 10
pmod: 10
optimize: 1
verbose: 1
snapshot: 0
display: 1
explore: 1
npt: 1
nptxy: 0
nptdxdy: 0
shape: 0
seed: 1170490
91.429663134396 161.141910724194 0.866025403784 0.500000000000
-167.207146514795 -29.712785065928 0.000000000000 1.000000000000
244.403700377980 223.067058287576 0.000000000000 1.000000000000
69.124575569182 344.341864575423 0.866025403784 -0.500000000000
-18.637913655632 348.739676000409 0.000000000000 1.000000000000
182.748381620273 26.348508924467 0.866025403784 -0.500000000000
158.002596755973 -287.648762476405 0.866025403784 -0.500000000000
5.552695144518 214.108885209871 0.866025403784 0.500000000000
-375.949954550757 44.117829815939 0.866025403784 0.500000000000
11.319622776544 116.272561403541 0.866025403784 0.500000000000
202.712953615083 -380.252332517257 0.866025403784 -0.500000000000
-180.079704999272 -36.148018146981 0.866025403784 0.500000000000
22.592357780385 -42.520767797773 0.000000000000 1.000000000000
113.167002444655 -79.425124748885 0.000000000000 1.000000000000
-40.719570472738 -34.062673879892 0.000000000000 1.000000000000
55.193406148326 -296.710407376037 0.000000000000 1.000000000000
34.443896565165 -63.137574037983 0.866025403784 0.500000000000
-27.905914719141 -22.675528956273 0.000000000000 1.000000000000
-57.209132268265 35.592644755995 0.866025403784 0.500000000000
143.976533173453 35.156863330403 0.000000000000 1.000000000000
