#Configurational_file created 2018-09-14 11:06:41  started 2018-09-14 11:06:40 run for 1.0s steps 0
name: p_100
step: 10000
specie: 20
	particle_diameter: 1.0000000000000000
	interaction_length: 1.2000000000000000
	number_of_patches: 3
	number_of_particles_per_compound: 1
	rod_length: 1.0000000000000000
	interaction_matrix:  1.000000 1.000000 1.000000 1.000000 1.000000 1.000000 1.000000 1.000000 1.000000
	patch_type: symmetric
	patch_width: 8.0000000000000000
	patch_angle: 0.0000000000000000
	angles:  0.000000 0.000000 0.000000
	grand_canonical: 0
	chemical_potential: 0.0000000000000000
box: 11.508804 11.508804
copy: 1.000000 1.000000
epsilon: 0.2857570000000000
end_epsilon: 0.0000000000000000
pressure: 0.8572000000000000
lambda: 0.0000000000000000
lambda_coupling: 1.0000000000000000
uy: 0.0000000000000000
maximum_displacement: 1.0000000000000000
maximum_rotation: 1.0000000000000000
maximum_volume: 1.0000000000000000
maximum_shape: 0.0000001000000000
maximum_dsigma: 0.0100000000000000
mod: 10
pmod: 10
optimize: 1
verbose: 1
snapshot: 0
display: 1
explore: 1
npt: 1
nptxy: 0
nptdxdy: 0
shape: 0
seed: 116570
72.578270803815 47.885676906587 0.866025403784 0.500000000000
-74.792509372251 67.116866181873 0.866025403784 -0.500000000000
-94.687125623128 15.693772154188 0.866025403784 0.500000000000
-55.172548854431 56.641741692825 0.866025403784 0.500000000000
-34.334930424761 7.982551940849 0.000000000000 1.000000000000
53.702124144668 -52.001997413328 0.866025403784 -0.500000000000
-46.522793123866 -30.008220247635 0.866025403784 -0.500000000000
100.922738542124 64.909398878352 0.000000000000 1.000000000000
-179.398176292805 53.386239517582 0.866025403784 0.500000000000
41.758047918500 -85.019933671190 0.866025403784 -0.500000000000
-14.357280121402 -70.814413680371 0.866025403784 0.500000000000
9.301304925759 92.306927819915 0.866025403784 -0.500000000000
18.306816966007 -88.318177650372 0.866025403784 -0.500000000000
133.449359645655 218.228748470512 0.866025403784 -0.500000000000
56.375939034301 26.616866014133 0.000000000000 1.000000000000
-30.724758237256 50.658313862640 0.000000000000 1.000000000000
-20.471894273842 65.570172269456 0.866025403784 0.500000000000
-125.822534942581 -43.462232284719 0.866025403784 -0.500000000000
45.566835306267 -14.025058435002 0.866025403784 -0.500000000000
-34.158004285528 28.181365063827 0.000000000000 1.000000000000
