#Configurational_file created 2018-09-14 12:03:07  started 2018-09-14 12:03:06 run for 1.0s steps 0
name: p_1088
step: 10000
specie: 20
	particle_diameter: 1.0000000000000000
	interaction_length: 1.2000000000000000
	number_of_patches: 3
	number_of_particles_per_compound: 1
	rod_length: 1.0000000000000000
	interaction_matrix:  1.000000 1.000000 1.000000 1.000000 1.000000 1.000000 1.000000 1.000000 1.000000
	patch_type: symmetric
	patch_width: 8.0000000000000000
	patch_angle: 0.0000000000000000
	angles:  0.000000 0.000000 0.000000
	grand_canonical: 0
	chemical_potential: 0.0000000000000000
box: 44.364543 44.364543
copy: 1.000000 1.000000
epsilon: 0.0375000000000000
end_epsilon: 0.0000000000000000
pressure: 0.0500010000000000
lambda: 0.0000000000000000
lambda_coupling: 1.0000000000000000
uy: 0.0000000000000000
maximum_displacement: 1.0000000000000000
maximum_rotation: 1.0000000000000000
maximum_volume: 1.0000000000000000
maximum_shape: 0.0000001000000000
maximum_dsigma: 0.0100000000000000
mod: 10
pmod: 10
optimize: 1
verbose: 1
snapshot: 0
display: 1
explore: 1
npt: 1
nptxy: 0
nptdxdy: 0
shape: 0
seed: 1239847
-85.317073884915 -280.122208675644 0.000000000000 1.000000000000
131.558720667791 92.390626816977 0.866025403784 0.500000000000
93.367433044129 -256.800087289630 0.866025403784 -0.500000000000
222.395654396906 29.410746355906 0.866025403784 0.500000000000
327.011291876222 198.147768154308 0.000000000000 1.000000000000
-47.762714506054 80.436697811799 0.866025403784 0.500000000000
-64.969709642232 18.302288334758 0.000000000000 1.000000000000
285.573198741479 139.228142150758 0.866025403784 -0.500000000000
-81.082534178254 222.595769326130 0.866025403784 -0.500000000000
136.359776205976 -82.186352686023 0.866025403784 0.500000000000
22.619335024924 198.587753203978 0.000000000000 1.000000000000
-258.307492293648 133.794319123734 0.000000000000 1.000000000000
-28.915727012989 -208.984898147874 0.866025403784 -0.500000000000
-15.739337088055 168.519588715349 0.866025403784 0.500000000000
82.577873157212 162.094648438221 0.866025403784 -0.500000000000
225.796902740246 -165.865853812614 0.866025403784 0.500000000000
-79.723218335361 -135.572997446785 0.866025403784 0.500000000000
-134.526623881129 99.270847102612 0.866025403784 0.500000000000
195.318817360324 24.461209994370 0.866025403784 0.500000000000
-99.121336589068 93.412738156332 0.866025403784 0.500000000000
