#Configurational_file created 2018-09-14 11:34:42  started 2018-09-14 11:34:41 run for 1.0s steps 0
name: p_1015
step: 10000
specie: 20
	particle_diameter: 1.0000000000000000
	interaction_length: 1.2000000000000000
	number_of_patches: 3
	number_of_particles_per_compound: 1
	rod_length: 1.0000000000000000
	interaction_matrix:  1.000000 1.000000 1.000000 1.000000 1.000000 1.000000 1.000000 1.000000 1.000000
	patch_type: symmetric
	patch_width: 8.0000000000000000
	patch_angle: 0.0000000000000000
	angles:  0.000000 0.000000 0.000000
	grand_canonical: 0
	chemical_potential: 0.0000000000000000
box: 8.762195 8.762195
copy: 1.000000 1.000000
epsilon: 0.3125370000000000
end_epsilon: 0.0000000000000000
pressure: 1.1667080000000001
lambda: 0.0000000000000000
lambda_coupling: 1.0000000000000000
uy: 0.0000000000000000
maximum_displacement: 1.0000000000000000
maximum_rotation: 1.0000000000000000
maximum_volume: 1.0000000000000000
maximum_shape: 0.0000001000000000
maximum_dsigma: 0.0100000000000000
mod: 10
pmod: 10
optimize: 1
verbose: 1
snapshot: 0
display: 1
explore: 1
npt: 1
nptxy: 0
nptdxdy: 0
shape: 0
seed: 1156846
131.020414986887 -61.297301403992 0.866025403784 0.500000000000
30.157279485841 43.368425495051 0.866025403784 0.500000000000
3.115932603591 4.556539650720 0.000000000000 1.000000000000
26.522701995767 83.968609282765 0.866025403784 0.500000000000
25.474993379073 -46.626628142180 0.866025403784 0.500000000000
79.242357091989 -1.890571693372 0.866025403784 -0.500000000000
108.106392367907 -36.602931667599 0.866025403784 0.500000000000
-46.489942904549 58.889651917949 0.866025403784 0.500000000000
7.222547337104 -14.629093912364 0.000000000000 1.000000000000
19.240772792061 -35.680492831581 0.866025403784 0.500000000000
-3.946167431980 -25.997550397566 0.866025403784 0.500000000000
62.075829819145 -66.090423750250 0.866025403784 0.500000000000
145.098148252106 136.882926202419 0.866025403784 -0.500000000000
58.079282942691 0.498264721266 0.000000000000 1.000000000000
26.706681199457 -33.175145713444 0.000000000000 1.000000000000
-28.361194106847 -93.146492068911 0.866025403784 0.500000000000
2.063788341059 -57.294640681909 0.866025403784 0.500000000000
-9.731682788282 20.854145744767 0.866025403784 -0.500000000000
-39.461038844314 -49.143221239748 0.866025403784 0.500000000000
-73.428096301787 -154.580263373686 0.866025403784 -0.500000000000
