#Configurational_file created 2018-09-14 13:57:55  started 2018-09-14 13:57:55 run for 0.0s steps 0
name: p_1015
step: 10000
specie: 20
	particle_diameter: 1.0000000000000000
	interaction_length: 1.2000000000000000
	number_of_patches: 3
	number_of_particles_per_compound: 1
	rod_length: 1.0000000000000000
	interaction_matrix:  1.000000 1.000000 1.000000 1.000000 1.000000 1.000000 1.000000 1.000000 1.000000
	patch_type: symmetric
	patch_width: 8.0000000000000000
	patch_angle: 0.0000000000000000
	angles:  0.000000 0.000000 0.000000
	grand_canonical: 0
	chemical_potential: 0.0000000000000000
box: 16.671886 16.671886
copy: 1.000000 1.000000
epsilon: 0.2068970000000000
end_epsilon: 0.0000000000000000
pressure: 0.4137930000000000
lambda: 0.0000000000000000
lambda_coupling: 1.0000000000000000
uy: 0.0000000000000000
maximum_displacement: 1.0000000000000000
maximum_rotation: 1.0000000000000000
maximum_volume: 1.0000000000000000
maximum_shape: 0.0000001000000000
maximum_dsigma: 0.0100000000000000
mod: 10
pmod: 10
optimize: 1
verbose: 1
snapshot: 0
display: 1
explore: 1
npt: 1
nptxy: 0
nptdxdy: 0
shape: 0
seed: 1156846
60.544790419832 -60.067864094221 0.866025403784 -0.500000000000
246.177168426501 -34.347581258181 0.866025403784 0.500000000000
72.818490334472 -39.668247764031 0.866025403784 0.500000000000
11.706391121346 88.588162078660 0.000000000000 1.000000000000
59.656755433728 -102.247799494354 0.866025403784 0.500000000000
-92.251810950171 -56.326299556969 0.866025403784 -0.500000000000
88.938401880298 -184.663832005733 0.000000000000 1.000000000000
182.110897438439 90.734293746470 0.866025403784 -0.500000000000
17.555801269817 -49.639555029657 0.866025403784 -0.500000000000
-154.931145780421 67.801539787913 0.000000000000 1.000000000000
6.044394460201 -39.142622610521 0.866025403784 -0.500000000000
-27.661904379621 0.652492530317 0.000000000000 1.000000000000
-140.489107108807 -133.843622289913 0.000000000000 1.000000000000
232.247750338197 244.113644535346 0.000000000000 1.000000000000
-98.045001395512 5.693620573598 0.000000000000 1.000000000000
149.837857631617 51.961123859566 0.866025403784 0.500000000000
152.874997431314 35.395465780127 0.000000000000 1.000000000000
71.208237851834 110.315547246336 0.866025403784 -0.500000000000
49.066528955799 37.102692109434 0.000000000000 1.000000000000
2.407974056858 -67.091073658355 0.000000000000 1.000000000000
