#Configurational_file created 2018-09-14 11:35:41  started 2018-09-14 11:35:40 run for 1.0s steps 0
name: p_1086
step: 10000
specie: 20
	particle_diameter: 1.0000000000000000
	interaction_length: 1.2000000000000000
	number_of_patches: 3
	number_of_particles_per_compound: 1
	rod_length: 1.0000000000000000
	interaction_matrix:  1.000000 1.000000 1.000000 1.000000 1.000000 1.000000 1.000000 1.000000 1.000000
	patch_type: symmetric
	patch_width: 8.0000000000000000
	patch_angle: 0.0000000000000000
	angles:  0.000000 0.000000 0.000000
	grand_canonical: 0
	chemical_potential: 0.0000000000000000
box: 10.169140 10.169140
copy: 1.000000 1.000000
epsilon: 0.3750250000000000
end_epsilon: 0.0000000000000000
pressure: 0.8333920000000000
lambda: 0.0000000000000000
lambda_coupling: 1.0000000000000000
uy: 0.0000000000000000
maximum_displacement: 1.0000000000000000
maximum_rotation: 1.0000000000000000
maximum_volume: 1.0000000000000000
maximum_shape: 0.0000001000000000
maximum_dsigma: 0.0100000000000000
mod: 10
pmod: 10
optimize: 1
verbose: 1
snapshot: 0
display: 1
explore: 1
npt: 1
nptxy: 0
nptdxdy: 0
shape: 0
seed: 1237573
-58.706475664482 -50.669849079573 0.866025403784 -0.500000000000
32.621810031561 99.190070146332 0.866025403784 -0.500000000000
-84.114389980302 -22.482832205165 0.866025403784 0.500000000000
-114.184943536239 56.166298926579 0.866025403784 0.500000000000
-17.258212136622 -27.028462808272 0.866025403784 0.500000000000
-27.665801123762 120.667635460699 0.000000000000 1.000000000000
31.874017737023 33.454750217003 0.000000000000 1.000000000000
12.600424967742 -13.570634229921 0.000000000000 1.000000000000
133.960290810871 -67.507699210311 0.866025403784 -0.500000000000
25.122489521587 81.809340264112 0.866025403784 0.500000000000
-39.764420217076 195.130605727451 0.866025403784 0.500000000000
-65.104997294584 60.808940313393 0.000000000000 1.000000000000
127.079082357730 112.979176861569 0.866025403784 -0.500000000000
30.563325027782 69.776162584780 0.866025403784 0.500000000000
-94.118456264694 -162.863123754386 0.866025403784 -0.500000000000
-1.258000998516 -8.245680690186 0.866025403784 0.500000000000
21.504389899853 98.128777137605 0.000000000000 1.000000000000
-100.947071883572 30.584655246603 0.866025403784 -0.500000000000
96.029307627324 97.745948889420 0.866025403784 -0.500000000000
-42.076785621266 23.237576149826 0.866025403784 -0.500000000000
