#Configurational_file created 2018-09-14 13:58:22  started 2018-09-14 13:58:22 run for 0.0s steps 0
name: p_1054
step: 10000
specie: 20
	particle_diameter: 1.0000000000000000
	interaction_length: 1.2000000000000000
	number_of_patches: 3
	number_of_particles_per_compound: 1
	rod_length: 1.0000000000000000
	interaction_matrix:  1.000000 1.000000 1.000000 1.000000 1.000000 1.000000 1.000000 1.000000 1.000000
	patch_type: symmetric
	patch_width: 8.0000000000000000
	patch_angle: 0.0000000000000000
	angles:  0.000000 0.000000 0.000000
	grand_canonical: 0
	chemical_potential: 0.0000000000000000
box: 36.418486 36.418486
copy: 1.000000 1.000000
epsilon: 0.3448280000000000
end_epsilon: 0.0000000000000000
pressure: 0.0517250000000000
lambda: 0.0000000000000000
lambda_coupling: 1.0000000000000000
uy: 0.0000000000000000
maximum_displacement: 1.0000000000000000
maximum_rotation: 1.0000000000000000
maximum_volume: 1.0000000000000000
maximum_shape: 0.0000001000000000
maximum_dsigma: 0.0100000000000000
mod: 10
pmod: 10
optimize: 1
verbose: 1
snapshot: 0
display: 1
explore: 1
npt: 1
nptxy: 0
nptdxdy: 0
shape: 0
seed: 1201189
-107.991150961378 83.734683670139 0.866025403784 -0.500000000000
-28.436716582849 148.498914906653 0.866025403784 -0.500000000000
-57.375396895282 191.129348123150 0.866025403784 0.500000000000
277.870396124535 100.706282807304 0.000000000000 1.000000000000
212.775928735940 -344.286718998231 0.000000000000 1.000000000000
-96.866772760915 20.853082748821 0.000000000000 1.000000000000
-13.960644056275 109.274428911929 0.866025403784 -0.500000000000
-49.344124362498 3.424882844662 0.866025403784 0.500000000000
52.577050486350 -15.081438563700 0.866025403784 0.500000000000
-249.372862014418 -104.887256131195 0.866025403784 -0.500000000000
-243.228193446661 -175.238184099937 0.866025403784 0.500000000000
50.316956620030 158.082973595328 0.000000000000 1.000000000000
144.926568077329 283.807829385323 0.866025403784 0.500000000000
78.621368823998 64.069735726834 0.866025403784 0.500000000000
160.769975541237 179.252400886853 0.866025403784 -0.500000000000
52.714035957768 -30.674268283717 0.000000000000 1.000000000000
-123.810182099403 -42.936013882218 0.000000000000 1.000000000000
28.254320693335 -50.492591370680 0.866025403784 -0.500000000000
109.413367609571 215.613702432265 0.000000000000 1.000000000000
-46.730116483747 -22.284402014245 0.866025403784 -0.500000000000
