#Configurational_file created 2018-09-14 13:58:31  started 2018-09-14 13:58:30 run for 1.0s steps 0
name: p_1067
step: 10000
specie: 20
	particle_diameter: 1.0000000000000000
	interaction_length: 1.2000000000000000
	number_of_patches: 3
	number_of_particles_per_compound: 1
	rod_length: 1.0000000000000000
	interaction_matrix:  1.000000 1.000000 1.000000 1.000000 1.000000 1.000000 1.000000 1.000000 1.000000
	patch_type: symmetric
	patch_width: 8.0000000000000000
	patch_angle: 0.0000000000000000
	angles:  0.000000 0.000000 0.000000
	grand_canonical: 0
	chemical_potential: 0.0000000000000000
box: 13.391093 13.391093
copy: 1.000000 1.000000
epsilon: 0.3448280000000000
end_epsilon: 0.0000000000000000
pressure: 0.2758630000000000
lambda: 0.0000000000000000
lambda_coupling: 1.0000000000000000
uy: 0.0000000000000000
maximum_displacement: 1.0000000000000000
maximum_rotation: 1.0000000000000000
maximum_volume: 1.0000000000000000
maximum_shape: 0.0000001000000000
maximum_dsigma: 0.0100000000000000
mod: 10
pmod: 10
optimize: 1
verbose: 1
snapshot: 0
display: 1
explore: 1
npt: 1
nptxy: 0
nptdxdy: 0
shape: 0
seed: 1215970
-83.545869086844 4.572809950529 0.866025403784 0.500000000000
-31.966431397932 53.849294843288 0.866025403784 -0.500000000000
-109.126695491469 -6.939052392075 0.866025403784 0.500000000000
90.680597604171 -0.893936984857 0.866025403784 -0.500000000000
68.495965992272 -74.930836379902 0.000000000000 1.000000000000
44.965438537453 -177.827356397928 0.866025403784 0.500000000000
89.525073772834 15.698125386825 0.866025403784 0.500000000000
-3.078837338830 -28.905866892804 0.866025403784 0.500000000000
4.462420937947 -72.787854838593 0.866025403784 0.500000000000
39.125409162881 18.909858459171 0.000000000000 1.000000000000
97.918678872481 -29.606974245752 0.866025403784 -0.500000000000
27.964776292240 -78.313338121552 0.000000000000 1.000000000000
26.403396761015 -91.510614619194 0.000000000000 1.000000000000
31.406653194628 33.313748021733 0.866025403784 0.500000000000
-74.164466632350 -0.214545518355 0.866025403784 0.500000000000
153.666812687194 23.199525422921 0.866025403784 0.500000000000
-79.414323082279 30.196994972874 0.000000000000 1.000000000000
-32.909321490607 -4.733283856374 0.866025403784 0.500000000000
30.027339370680 76.604695535058 0.866025403784 -0.500000000000
58.878402770979 111.760540092788 0.000000000000 1.000000000000
