#Configurational_file created 2018-09-14 11:35:19  started 2018-09-14 11:35:18 run for 1.0s steps 0
name: p_1060
step: 10000
specie: 20
	particle_diameter: 1.0000000000000000
	interaction_length: 1.2000000000000000
	number_of_patches: 3
	number_of_particles_per_compound: 1
	rod_length: 1.0000000000000000
	interaction_matrix:  1.000000 1.000000 1.000000 1.000000 1.000000 1.000000 1.000000 1.000000 1.000000
	patch_type: symmetric
	patch_width: 8.0000000000000000
	patch_angle: 0.0000000000000000
	angles:  0.000000 0.000000 0.000000
	grand_canonical: 0
	chemical_potential: 0.0000000000000000
box: 10.592713 10.592713
copy: 1.000000 1.000000
epsilon: 0.3541960000000000
end_epsilon: 0.0000000000000000
pressure: 0.7500620000000000
lambda: 0.0000000000000000
lambda_coupling: 1.0000000000000000
uy: 0.0000000000000000
maximum_displacement: 1.0000000000000000
maximum_rotation: 1.0000000000000000
maximum_volume: 1.0000000000000000
maximum_shape: 0.0000001000000000
maximum_dsigma: 0.0100000000000000
mod: 10
pmod: 10
optimize: 1
verbose: 1
snapshot: 0
display: 1
explore: 1
npt: 1
nptxy: 0
nptdxdy: 0
shape: 0
seed: 1208011
-38.636774675961 -106.488175187054 0.000000000000 1.000000000000
82.449289929717 8.793959974934 0.866025403784 -0.500000000000
142.002325235731 -112.043440988112 0.000000000000 1.000000000000
43.949172123548 -102.242604358280 0.866025403784 -0.500000000000
-4.324729920725 -83.413199308295 0.000000000000 1.000000000000
65.053965008443 -140.552554284478 0.000000000000 1.000000000000
-61.256990408226 53.472683203939 0.000000000000 1.000000000000
-8.865054341042 -89.665463929357 0.000000000000 1.000000000000
-69.748324974260 -152.605564874772 0.866025403784 0.500000000000
100.839765032923 -12.259507519816 0.866025403784 0.500000000000
-164.803440938464 45.078354301162 0.866025403784 0.500000000000
-10.910527411238 -94.005623538047 0.866025403784 0.500000000000
-75.143336406341 -68.847703515059 0.000000000000 1.000000000000
83.372445036312 100.660538506996 0.866025403784 -0.500000000000
160.679782452815 -64.012420232507 0.866025403784 0.500000000000
-49.629655238367 67.674649067621 0.866025403784 0.500000000000
-16.010905786443 148.449085411943 0.866025403784 0.500000000000
21.666372299932 48.003241818679 0.866025403784 -0.500000000000
-1.244148655251 99.547662768051 0.000000000000 1.000000000000
-114.713749427275 66.083093344351 0.866025403784 -0.500000000000
