#Configurational_file created 2018-09-14 13:58:20  started 2018-09-14 13:58:19 run for 1.0s steps 0
name: p_1050
step: 10000
specie: 20
	particle_diameter: 1.0000000000000000
	interaction_length: 1.2000000000000000
	number_of_patches: 3
	number_of_particles_per_compound: 1
	rod_length: 1.0000000000000000
	interaction_matrix:  1.000000 1.000000 1.000000 1.000000 1.000000 1.000000 1.000000 1.000000 1.000000
	patch_type: symmetric
	patch_width: 8.0000000000000000
	patch_angle: 0.0000000000000000
	angles:  0.000000 0.000000 0.000000
	grand_canonical: 0
	chemical_potential: 0.0000000000000000
box: 14.890601 14.890601
copy: 1.000000 1.000000
epsilon: 0.2758630000000000
end_epsilon: 0.0000000000000000
pressure: 0.5000000000000000
lambda: 0.0000000000000000
lambda_coupling: 1.0000000000000000
uy: 0.0000000000000000
maximum_displacement: 1.0000000000000000
maximum_rotation: 1.0000000000000000
maximum_volume: 1.0000000000000000
maximum_shape: 0.0000001000000000
maximum_dsigma: 0.0100000000000000
mod: 10
pmod: 10
optimize: 1
verbose: 1
snapshot: 0
display: 1
explore: 1
npt: 1
nptxy: 0
nptdxdy: 0
shape: 0
seed: 1196641
6.843636490192 138.290333688216 0.866025403784 -0.500000000000
92.417002283467 69.974117168939 0.000000000000 1.000000000000
43.167156616444 -70.989770795965 0.000000000000 1.000000000000
-167.678105467027 132.210355017574 0.866025403784 0.500000000000
49.129793249805 28.388690571313 0.000000000000 1.000000000000
-45.023347625725 75.680786461514 0.866025403784 0.500000000000
-75.680103595685 -8.117990038627 0.866025403784 -0.500000000000
-31.958570919506 78.131932201368 0.866025403784 0.500000000000
18.412328834902 182.836830213059 0.000000000000 1.000000000000
56.685957183118 128.039413462935 0.000000000000 1.000000000000
-16.584592446099 88.368159744141 0.866025403784 0.500000000000
97.287318574755 239.324489452853 0.866025403784 -0.500000000000
-70.837097180130 71.283440997735 0.866025403784 0.500000000000
-115.957576462292 228.765939579473 0.866025403784 -0.500000000000
251.777320415437 183.179835430465 0.866025403784 0.500000000000
100.667371753050 18.973203084135 0.866025403784 0.500000000000
-82.792779646457 48.480650617863 0.000000000000 1.000000000000
9.445016532636 -143.611596692292 0.866025403784 -0.500000000000
-45.093648134539 -4.421771589819 0.866025403784 0.500000000000
228.781614611451 -26.110688676393 0.866025403784 -0.500000000000
