#Configurational_file created 2018-09-14 12:02:54  started 2018-09-14 12:02:53 run for 1.0s steps 0
name: p_1070
step: 10000
specie: 20
	particle_diameter: 1.0000000000000000
	interaction_length: 1.2000000000000000
	number_of_patches: 3
	number_of_particles_per_compound: 1
	rod_length: 1.0000000000000000
	interaction_matrix:  1.000000 1.000000 1.000000 1.000000 1.000000 1.000000 1.000000 1.000000 1.000000
	patch_type: symmetric
	patch_width: 8.0000000000000000
	patch_angle: 0.0000000000000000
	angles:  0.000000 0.000000 0.000000
	grand_canonical: 0
	chemical_potential: 0.0000000000000000
box: 47.495453 47.495453
copy: 1.000000 1.000000
epsilon: 0.0354170000000000
end_epsilon: 0.0000000000000000
pressure: 0.0791670000000000
lambda: 0.0000000000000000
lambda_coupling: 1.0000000000000000
uy: 0.0000000000000000
maximum_displacement: 1.0000000000000000
maximum_rotation: 1.0000000000000000
maximum_volume: 1.0000000000000000
maximum_shape: 0.0000001000000000
maximum_dsigma: 0.0100000000000000
mod: 10
pmod: 10
optimize: 1
verbose: 1
snapshot: 0
display: 1
explore: 1
npt: 1
nptxy: 0
nptdxdy: 0
shape: 0
seed: 1219381
-306.019958861155 141.169469703227 0.866025403784 -0.500000000000
-187.689962943074 -56.508052509215 0.000000000000 1.000000000000
-200.405075131826 181.878389422972 0.866025403784 0.500000000000
421.385329331172 -238.934059458604 0.000000000000 1.000000000000
32.849519400634 -284.862787642496 0.866025403784 -0.500000000000
289.941825638818 6.427718822678 0.866025403784 -0.500000000000
438.390459457917 166.632748090629 0.000000000000 1.000000000000
-45.164984024390 -91.820264006220 0.866025403784 0.500000000000
94.686320825532 63.134823417511 0.000000000000 1.000000000000
-12.498790169532 -147.023304162866 0.000000000000 1.000000000000
-161.839026781765 106.774224409951 0.866025403784 -0.500000000000
82.404846193137 534.549065977848 0.866025403784 0.500000000000
115.781142156780 248.467702366838 0.000000000000 1.000000000000
-239.727762102206 140.678313390167 0.866025403784 0.500000000000
28.278915148828 -133.100885306451 0.866025403784 -0.500000000000
-43.199788660292 212.128093565500 0.000000000000 1.000000000000
-310.570032546822 -153.389465553216 0.866025403784 0.500000000000
339.013792341063 -228.025771087645 0.866025403784 0.500000000000
-27.615774812396 116.056787753436 0.866025403784 -0.500000000000
123.233000982018 76.357676199178 0.866025403784 -0.500000000000
