#Configurational_file created 2018-09-14 11:35:26  started 2018-09-14 11:35:25 run for 1.0s steps 0
name: p_1068
step: 10000
specie: 20
	particle_diameter: 1.0000000000000000
	interaction_length: 1.2000000000000000
	number_of_patches: 3
	number_of_particles_per_compound: 1
	rod_length: 1.0000000000000000
	interaction_matrix:  1.000000 1.000000 1.000000 1.000000 1.000000 1.000000 1.000000 1.000000 1.000000
	patch_type: symmetric
	patch_width: 8.0000000000000000
	patch_angle: 0.0000000000000000
	angles:  0.000000 0.000000 0.000000
	grand_canonical: 0
	chemical_potential: 0.0000000000000000
box: 10.036181 10.036181
copy: 1.000000 1.000000
epsilon: 0.3541960000000000
end_epsilon: 0.0000000000000000
pressure: 1.4166960000000000
lambda: 0.0000000000000000
lambda_coupling: 1.0000000000000000
uy: 0.0000000000000000
maximum_displacement: 1.0000000000000000
maximum_rotation: 1.0000000000000000
maximum_volume: 0.7189508900421340
maximum_shape: 0.0000001000000000
maximum_dsigma: 0.0100000000000000
mod: 10
pmod: 10
optimize: 1
verbose: 1
snapshot: 0
display: 1
explore: 1
npt: 1
nptxy: 0
nptdxdy: 0
shape: 0
seed: 1217107
126.191522106662 89.239408628339 0.000000000000 1.000000000000
-38.728791527403 192.461611926632 0.000000000000 1.000000000000
47.463998193092 -15.458116206399 0.000000000000 1.000000000000
-100.198605327521 -98.306966058395 0.000000000000 1.000000000000
-15.624778797999 82.403813273835 0.866025403784 -0.500000000000
-95.723408420359 -31.554729937481 0.866025403784 0.500000000000
150.235439426950 125.760707024714 0.866025403784 -0.500000000000
52.418177680823 160.261577412899 0.866025403784 -0.500000000000
212.162672190559 29.533839006766 0.866025403784 0.500000000000
7.055516098976 90.877366591015 0.000000000000 1.000000000000
92.441512142839 -64.132723639546 0.866025403784 -0.500000000000
85.887047747358 117.856766890683 0.866025403784 0.500000000000
3.821368799859 -0.766962278765 0.866025403784 0.500000000000
-41.952255335269 -47.850744495408 0.000000000000 1.000000000000
110.602342736056 -62.636348924377 0.866025403784 0.500000000000
-31.365385135133 -3.040330897255 0.000000000000 1.000000000000
28.830649813052 -16.111914370303 0.866025403784 0.500000000000
110.555641557500 50.321503302014 0.866025403784 -0.500000000000
154.036252889277 40.798219457227 0.000000000000 1.000000000000
-6.012318279046 -204.401693536571 0.866025403784 -0.500000000000
