#Configurational_file created 2018-09-14 11:34:52  started 2018-09-14 11:34:51 run for 1.0s steps 0
name: p_1026
step: 10000
specie: 20
	particle_diameter: 1.0000000000000000
	interaction_length: 1.2000000000000000
	number_of_patches: 3
	number_of_particles_per_compound: 1
	rod_length: 1.0000000000000000
	interaction_matrix:  1.000000 1.000000 1.000000 1.000000 1.000000 1.000000 1.000000 1.000000 1.000000
	patch_type: symmetric
	patch_width: 8.0000000000000000
	patch_angle: 0.0000000000000000
	angles:  0.000000 0.000000 0.000000
	grand_canonical: 0
	chemical_potential: 0.0000000000000000
box: 47.407929 47.407929
copy: 1.000000 1.000000
epsilon: 0.3333670000000000
end_epsilon: 0.0000000000000000
pressure: 0.0001000000000000
lambda: 0.0000000000000000
lambda_coupling: 1.0000000000000000
uy: 0.0000000000000000
maximum_displacement: 1.0000000000000000
maximum_rotation: 1.0000000000000000
maximum_volume: 1.0000000000000000
maximum_shape: 0.0000001000000000
maximum_dsigma: 0.0100000000000000
mod: 10
pmod: 10
optimize: 1
verbose: 1
snapshot: 0
display: 1
explore: 1
npt: 1
nptxy: 0
nptdxdy: 0
shape: 0
seed: 1169353
244.162411299677 77.706503020277 0.866025403784 0.500000000000
300.842461005163 -75.597010952634 0.000000000000 1.000000000000
-264.508387121773 94.879537465356 0.866025403784 -0.500000000000
46.343741395784 -197.062747310820 0.866025403784 -0.500000000000
-336.829048438460 -27.994490345315 0.000000000000 1.000000000000
-76.324014666830 93.482459959497 0.866025403784 -0.500000000000
-60.720587453461 373.548647947637 0.866025403784 -0.500000000000
3.297280265857 28.821287781964 0.866025403784 -0.500000000000
-187.522745020061 148.616553035295 0.866025403784 0.500000000000
164.706419031109 -12.829811851675 0.866025403784 -0.500000000000
-2.716827938231 -19.901958483606 0.866025403784 -0.500000000000
-107.767403490893 -38.902438423713 0.866025403784 -0.500000000000
-140.509376864100 -37.748348744184 0.866025403784 -0.500000000000
-73.699549027071 44.973131113263 0.866025403784 0.500000000000
21.626203126662 111.284844071648 0.866025403784 0.500000000000
-12.572827285598 139.668527941917 0.866025403784 0.500000000000
191.190798914657 99.478640709421 0.866025403784 -0.500000000000
166.776025725288 -633.836202802486 0.866025403784 0.500000000000
-316.706424509719 -20.776741601588 0.866025403784 -0.500000000000
229.403512347628 -95.135199508878 0.866025403784 0.500000000000
