#Configurational_file created 2018-09-14 13:57:47  started 2018-09-14 13:57:47 run for 0.0s steps 0
name: p_1003
step: 10000
specie: 20
	particle_diameter: 1.0000000000000000
	interaction_length: 1.2000000000000000
	number_of_patches: 3
	number_of_particles_per_compound: 1
	rod_length: 1.0000000000000000
	interaction_matrix:  1.000000 1.000000 1.000000 1.000000 1.000000 1.000000 1.000000 1.000000 1.000000
	patch_type: symmetric
	patch_width: 8.0000000000000000
	patch_angle: 0.0000000000000000
	angles:  0.000000 0.000000 0.000000
	grand_canonical: 0
	chemical_potential: 0.0000000000000000
box: 24.873237 24.873237
copy: 1.000000 1.000000
epsilon: 0.2068970000000000
end_epsilon: 0.0000000000000000
pressure: 0.2068970000000000
lambda: 0.0000000000000000
lambda_coupling: 1.0000000000000000
uy: 0.0000000000000000
maximum_displacement: 1.0000000000000000
maximum_rotation: 1.0000000000000000
maximum_volume: 1.0000000000000000
maximum_shape: 0.0000001000000000
maximum_dsigma: 0.0100000000000000
mod: 10
pmod: 10
optimize: 1
verbose: 1
snapshot: 0
display: 1
explore: 1
npt: 1
nptxy: 0
nptdxdy: 0
shape: 0
seed: 1143202
85.767236880160 125.668116265121 0.866025403784 -0.500000000000
2.735289088158 220.307752098092 0.866025403784 -0.500000000000
50.582232472215 79.529643982620 0.000000000000 1.000000000000
-12.263450671579 -141.997445899994 0.866025403784 0.500000000000
193.659982805665 -206.587535222021 0.866025403784 -0.500000000000
123.740801621634 161.766531896880 0.000000000000 1.000000000000
189.244337876040 93.393408261895 0.866025403784 -0.500000000000
-13.261943531745 -72.172721017518 0.866025403784 -0.500000000000
2.638365108813 175.008546922209 0.866025403784 0.500000000000
-2.809630045784 107.992189280512 0.866025403784 0.500000000000
-83.127000551001 -42.979192956683 0.866025403784 -0.500000000000
76.866006303180 83.496081069631 0.000000000000 1.000000000000
-155.844251270466 -143.838279164445 0.866025403784 -0.500000000000
98.436755987871 -71.792171812636 0.866025403784 -0.500000000000
-29.485758603473 -67.919787682746 0.000000000000 1.000000000000
22.943097621849 -145.657017824936 0.866025403784 -0.500000000000
-117.114837929613 6.032801510369 0.000000000000 1.000000000000
-19.112664152909 48.621301274035 0.000000000000 1.000000000000
-66.210173440836 -46.417172765989 0.000000000000 1.000000000000
116.799325844528 -128.108275267402 0.000000000000 1.000000000000
