#Configurational_file created 2018-09-14 12:02:54  started 2018-09-14 12:02:54 run for 0.0s steps 0
name: p_1071
step: 10000
specie: 20
	particle_diameter: 1.0000000000000000
	interaction_length: 1.2000000000000000
	number_of_patches: 3
	number_of_particles_per_compound: 1
	rod_length: 1.0000000000000000
	interaction_matrix:  1.000000 1.000000 1.000000 1.000000 1.000000 1.000000 1.000000 1.000000 1.000000
	patch_type: symmetric
	patch_width: 8.0000000000000000
	patch_angle: 0.0000000000000000
	angles:  0.000000 0.000000 0.000000
	grand_canonical: 0
	chemical_potential: 0.0000000000000000
box: 40.265231 40.265231
copy: 1.000000 1.000000
epsilon: 0.0354170000000000
end_epsilon: 0.0000000000000000
pressure: 0.0833340000000000
lambda: 0.0000000000000000
lambda_coupling: 1.0000000000000000
uy: 0.0000000000000000
maximum_displacement: 1.0000000000000000
maximum_rotation: 1.0000000000000000
maximum_volume: 1.0000000000000000
maximum_shape: 0.0000001000000000
maximum_dsigma: 0.0100000000000000
mod: 10
pmod: 10
optimize: 1
verbose: 1
snapshot: 0
display: 1
explore: 1
npt: 1
nptxy: 0
nptdxdy: 0
shape: 0
seed: 1220518
51.240898748736 30.602786676326 0.866025403784 -0.500000000000
212.071020540385 -5.463897534549 0.866025403784 0.500000000000
48.600445293748 -68.666113216858 0.866025403784 0.500000000000
-221.056210753387 60.596683367384 0.866025403784 0.500000000000
142.730238590445 61.011944671666 0.866025403784 -0.500000000000
-309.449290106400 27.830410777416 0.000000000000 1.000000000000
89.377441129732 -140.478236756996 0.866025403784 -0.500000000000
-134.105494874402 310.348961432285 0.866025403784 0.500000000000
-228.840057661124 -151.797731226088 0.866025403784 -0.500000000000
-121.038029658662 129.698677356340 0.000000000000 1.000000000000
181.183297280937 -97.551620526528 0.000000000000 1.000000000000
-247.885455762004 298.906119937480 0.000000000000 1.000000000000
285.372780459351 67.272144466424 0.000000000000 1.000000000000
89.116241885364 99.462706402936 0.866025403784 -0.500000000000
-49.725970683111 69.594149660626 0.866025403784 0.500000000000
144.927944584971 -178.577454502502 0.866025403784 0.500000000000
205.207468706517 24.728969545213 0.000000000000 1.000000000000
88.185614981523 -3.744719570770 0.866025403784 0.500000000000
-3.808872945348 18.047500102344 0.866025403784 0.500000000000
-101.651158918771 -29.292793800626 0.866025403784 -0.500000000000
