#Configurational_file created 2018-09-14 11:34:50  started 2018-09-14 11:34:49 run for 1.0s steps 0
name: p_1024
step: 10000
specie: 20
	particle_diameter: 1.0000000000000000
	interaction_length: 1.2000000000000000
	number_of_patches: 3
	number_of_particles_per_compound: 1
	rod_length: 1.0000000000000000
	interaction_matrix:  1.000000 1.000000 1.000000 1.000000 1.000000 1.000000 1.000000 1.000000 1.000000
	patch_type: symmetric
	patch_width: 8.0000000000000000
	patch_angle: 0.0000000000000000
	angles:  0.000000 0.000000 0.000000
	grand_canonical: 0
	chemical_potential: 0.0000000000000000
box: 8.747349 8.747349
copy: 1.000000 1.000000
epsilon: 0.3125370000000000
end_epsilon: 0.0000000000000000
pressure: 1.9166710000000000
lambda: 0.0000000000000000
lambda_coupling: 1.0000000000000000
uy: 0.0000000000000000
maximum_displacement: 1.0000000000000000
maximum_rotation: 1.0000000000000000
maximum_volume: 0.5051845903131472
maximum_shape: 0.0000001000000000
maximum_dsigma: 0.0100000000000000
mod: 10
pmod: 10
optimize: 1
verbose: 1
snapshot: 0
display: 1
explore: 1
npt: 1
nptxy: 0
nptdxdy: 0
shape: 0
seed: 1167079
-46.171474932395 54.735757436596 0.866025403784 -0.500000000000
121.333441308500 -32.617700228997 0.866025403784 -0.500000000000
-90.638927265283 25.478532310703 0.866025403784 0.500000000000
79.091263340726 -76.860897969385 0.866025403784 0.500000000000
20.746796576782 -66.115906919391 0.866025403784 0.500000000000
-14.814861782183 -0.648535150970 0.866025403784 0.500000000000
-9.010496472917 170.667399559084 0.000000000000 1.000000000000
167.426294896897 283.260068277583 0.866025403784 -0.500000000000
-121.355159841663 -96.061719982231 0.866025403784 -0.500000000000
-12.961753603526 18.130423910859 0.866025403784 0.500000000000
54.848192689549 71.194417249282 0.000000000000 1.000000000000
-21.105698714046 -92.010181968634 0.866025403784 0.500000000000
51.480318677813 21.467915544409 0.866025403784 -0.500000000000
-76.071147295332 151.797624621901 0.000000000000 1.000000000000
18.068117115016 -29.114424534216 0.866025403784 0.500000000000
-150.712585521702 27.120407016395 0.000000000000 1.000000000000
-72.500735882698 -109.195618392133 0.866025403784 0.500000000000
13.707678325918 -98.107948114555 0.000000000000 1.000000000000
-30.867766593141 2.882310669021 0.866025403784 0.500000000000
-107.228263322155 16.176837131508 0.866025403784 0.500000000000
