#Configurational_file created 2018-09-14 12:02:52  started 2018-09-14 12:02:51 run for 1.0s steps 0
name: p_1067
step: 10000
specie: 20
	particle_diameter: 1.0000000000000000
	interaction_length: 1.2000000000000000
	number_of_patches: 3
	number_of_particles_per_compound: 1
	rod_length: 1.0000000000000000
	interaction_matrix:  1.000000 1.000000 1.000000 1.000000 1.000000 1.000000 1.000000 1.000000 1.000000
	patch_type: symmetric
	patch_width: 8.0000000000000000
	patch_angle: 0.0000000000000000
	angles:  0.000000 0.000000 0.000000
	grand_canonical: 0
	chemical_potential: 0.0000000000000000
box: 48.364343 48.364343
copy: 1.000000 1.000000
epsilon: 0.0354170000000000
end_epsilon: 0.0000000000000000
pressure: 0.0666670000000000
lambda: 0.0000000000000000
lambda_coupling: 1.0000000000000000
uy: 0.0000000000000000
maximum_displacement: 1.0000000000000000
maximum_rotation: 1.0000000000000000
maximum_volume: 1.0000000000000000
maximum_shape: 0.0000001000000000
maximum_dsigma: 0.0100000000000000
mod: 10
pmod: 10
optimize: 1
verbose: 1
snapshot: 0
display: 1
explore: 1
npt: 1
nptxy: 0
nptdxdy: 0
shape: 0
seed: 1215970
-89.917161680737 -79.432948195075 0.866025403784 -0.500000000000
-62.449030252322 242.228600775638 0.866025403784 -0.500000000000
-95.243192578495 -129.357905019716 0.866025403784 0.500000000000
297.087282943745 268.194900409700 0.866025403784 -0.500000000000
-11.364632562802 165.615042549556 0.866025403784 -0.500000000000
57.867114062756 -36.837974612100 0.000000000000 1.000000000000
-71.949841204359 212.852343977442 0.866025403784 0.500000000000
55.575169044683 -218.317062139148 0.866025403784 -0.500000000000
154.925769726347 257.279703609116 0.000000000000 1.000000000000
-188.416609515204 -72.187983614229 0.866025403784 0.500000000000
187.406884298453 176.718950450914 0.000000000000 1.000000000000
-290.661745843286 8.180130312267 0.000000000000 1.000000000000
172.096812127339 6.434151299882 0.000000000000 1.000000000000
-93.377149034799 223.593418803195 0.866025403784 -0.500000000000
-124.503806426770 -321.854134202511 0.866025403784 0.500000000000
289.536233315978 -192.654381599314 0.000000000000 1.000000000000
96.032627599871 -0.653902362409 0.866025403784 0.500000000000
166.689417104883 -33.097545813229 0.000000000000 1.000000000000
-296.339968103105 114.531850836987 0.866025403784 0.500000000000
-23.419830759923 -81.643589350049 0.866025403784 -0.500000000000
