#Configurational_file created 2018-09-14 12:02:13  started 2018-09-14 12:02:12 run for 1.0s steps 0
name: p_1014
step: 10000
specie: 20
	particle_diameter: 1.0000000000000000
	interaction_length: 1.2000000000000000
	number_of_patches: 3
	number_of_particles_per_compound: 1
	rod_length: 1.0000000000000000
	interaction_matrix:  1.000000 1.000000 1.000000 1.000000 1.000000 1.000000 1.000000 1.000000 1.000000
	patch_type: symmetric
	patch_width: 8.0000000000000000
	patch_angle: 0.0000000000000000
	angles:  0.000000 0.000000 0.000000
	grand_canonical: 0
	chemical_potential: 0.0000000000000000
box: 49.486273 49.486273
copy: 1.000000 1.000000
epsilon: 0.0312500000000000
end_epsilon: 0.0000000000000000
pressure: 0.0541670000000000
lambda: 0.0000000000000000
lambda_coupling: 1.0000000000000000
uy: 0.0000000000000000
maximum_displacement: 1.0000000000000000
maximum_rotation: 1.0000000000000000
maximum_volume: 1.0000000000000000
maximum_shape: 0.0000001000000000
maximum_dsigma: 0.0100000000000000
mod: 10
pmod: 10
optimize: 1
verbose: 1
snapshot: 0
display: 1
explore: 1
npt: 1
nptxy: 0
nptdxdy: 0
shape: 0
seed: 1155709
-46.215363517075 275.692296385173 0.866025403784 0.500000000000
69.101306395320 5.615118158249 0.000000000000 1.000000000000
30.075682662423 -80.694792624124 0.866025403784 -0.500000000000
35.473985426597 166.438371132112 0.866025403784 -0.500000000000
-148.041893816876 318.920949837794 0.866025403784 -0.500000000000
-8.251267935793 -213.200672411782 0.000000000000 1.000000000000
179.406584601497 30.215152287610 0.000000000000 1.000000000000
20.821119848283 -83.049698997564 0.000000000000 1.000000000000
-101.579480164438 1.813564158522 0.866025403784 -0.500000000000
64.267101090635 143.693455165079 0.866025403784 -0.500000000000
152.091152544774 23.792230329721 0.000000000000 1.000000000000
77.583189472480 -148.188562313894 0.866025403784 -0.500000000000
-348.891561686642 -342.960508825294 0.000000000000 1.000000000000
-513.196908112330 108.296007448477 0.866025403784 0.500000000000
184.289920426151 144.768764641060 0.866025403784 0.500000000000
381.132395302178 -21.969442964870 0.000000000000 1.000000000000
-145.784304645956 60.299662710833 0.866025403784 -0.500000000000
67.320533849010 -183.654771836988 0.866025403784 0.500000000000
-90.807343893988 -102.758677739549 0.866025403784 -0.500000000000
-159.295173899714 -172.260300376539 0.866025403784 0.500000000000
