#Configurational_file created 2018-09-14 13:58:40  started 2018-09-14 13:58:39 run for 1.0s steps 0
name: p_1079
step: 10000
specie: 20
	particle_diameter: 1.0000000000000000
	interaction_length: 1.2000000000000000
	number_of_patches: 3
	number_of_particles_per_compound: 1
	rod_length: 1.0000000000000000
	interaction_matrix:  1.000000 1.000000 1.000000 1.000000 1.000000 1.000000 1.000000 1.000000 1.000000
	patch_type: symmetric
	patch_width: 8.0000000000000000
	patch_angle: 0.0000000000000000
	angles:  0.000000 0.000000 0.000000
	grand_canonical: 0
	chemical_potential: 0.0000000000000000
box: 14.330463 14.330463
copy: 1.000000 1.000000
epsilon: 0.3448280000000000
end_epsilon: 0.0000000000000000
pressure: 0.4827590000000000
lambda: 0.0000000000000000
lambda_coupling: 1.0000000000000000
uy: 0.0000000000000000
maximum_displacement: 1.0000000000000000
maximum_rotation: 1.0000000000000000
maximum_volume: 1.0000000000000000
maximum_shape: 0.0000001000000000
maximum_dsigma: 0.0100000000000000
mod: 10
pmod: 10
optimize: 1
verbose: 1
snapshot: 0
display: 1
explore: 1
npt: 1
nptxy: 0
nptdxdy: 0
shape: 0
seed: 1229614
-81.445803918281 34.732091815854 0.866025403784 0.500000000000
88.018701648311 152.029970550544 0.866025403784 0.500000000000
21.619708795198 126.142930177314 0.000000000000 1.000000000000
77.053119302926 -95.708953659495 0.000000000000 1.000000000000
145.037002847268 16.782157676556 0.000000000000 1.000000000000
-70.230880012449 33.314518601224 0.866025403784 -0.500000000000
-15.344690013830 234.994797439423 0.866025403784 0.500000000000
-64.141198521240 60.516795272924 0.866025403784 -0.500000000000
3.348023595834 3.895651455089 0.866025403784 -0.500000000000
-51.931960235885 27.446614338321 0.866025403784 0.500000000000
14.068350389597 -40.899396262517 0.866025403784 -0.500000000000
-5.238412321218 -134.830299264989 0.000000000000 1.000000000000
8.443266989755 62.891952809605 0.866025403784 -0.500000000000
81.563135862155 -114.467750416216 0.000000000000 1.000000000000
55.679528097702 213.459913028657 0.866025403784 0.500000000000
9.256478972966 60.510422131117 0.866025403784 0.500000000000
100.475055678217 -33.317345272048 0.000000000000 1.000000000000
-60.253088853745 41.383685013763 0.866025403784 -0.500000000000
-69.071814574071 122.941835223553 0.000000000000 1.000000000000
28.381169079420 -250.504243035874 0.866025403784 0.500000000000
