#Configurational_file created 2018-09-14 13:58:44  started 2018-09-14 13:58:43 run for 1.0s steps 0
name: p_1085
step: 10000
specie: 20
	particle_diameter: 1.0000000000000000
	interaction_length: 1.2000000000000000
	number_of_patches: 3
	number_of_particles_per_compound: 1
	rod_length: 1.0000000000000000
	interaction_matrix:  1.000000 1.000000 1.000000 1.000000 1.000000 1.000000 1.000000 1.000000 1.000000
	patch_type: symmetric
	patch_width: 8.0000000000000000
	patch_angle: 0.0000000000000000
	angles:  0.000000 0.000000 0.000000
	grand_canonical: 0
	chemical_potential: 0.0000000000000000
box: 25.642623 25.642623
copy: 1.000000 1.000000
epsilon: 0.4137940000000000
end_epsilon: 0.0000000000000000
pressure: 0.0689660000000000
lambda: 0.0000000000000000
lambda_coupling: 1.0000000000000000
uy: 0.0000000000000000
maximum_displacement: 1.0000000000000000
maximum_rotation: 1.0000000000000000
maximum_volume: 1.0000000000000000
maximum_shape: 0.0000001000000000
maximum_dsigma: 0.0100000000000000
mod: 10
pmod: 10
optimize: 1
verbose: 1
snapshot: 0
display: 1
explore: 1
npt: 1
nptxy: 0
nptdxdy: 0
shape: 0
seed: 1236436
36.131920643155 162.393942575026 0.866025403784 0.500000000000
2.632910958132 66.907790796631 0.000000000000 1.000000000000
182.941775748084 -64.030877718560 0.866025403784 -0.500000000000
167.532548559894 31.362051201597 0.866025403784 0.500000000000
219.320303347941 -191.005167397096 0.000000000000 1.000000000000
103.151045255594 121.769180365193 0.000000000000 1.000000000000
75.643199168422 1.240740805323 0.866025403784 -0.500000000000
-31.012351569194 369.790486260848 0.866025403784 0.500000000000
215.297443761804 -267.696267869830 0.000000000000 1.000000000000
-8.680157576541 191.599047195779 0.866025403784 -0.500000000000
-3.789497292979 -98.226011495961 0.866025403784 -0.500000000000
252.855747633014 -82.064980002005 0.866025403784 0.500000000000
44.126875593442 31.491832217449 0.000000000000 1.000000000000
-23.796514737552 123.160357166156 0.000000000000 1.000000000000
122.772967768376 90.265838777316 0.866025403784 -0.500000000000
194.539682248699 82.828327277372 0.000000000000 1.000000000000
136.111987979493 -89.560612483879 0.866025403784 0.500000000000
272.258907733334 -160.223049742154 0.866025403784 -0.500000000000
165.314466510623 43.866142972873 0.866025403784 0.500000000000
87.936380974987 54.811756256268 0.866025403784 0.500000000000
