#Configurational_file created 2018-09-14 11:34:30  started 2018-09-14 11:34:29 run for 1.0s steps 0
name: p_1000
step: 10000
specie: 20
	particle_diameter: 1.0000000000000000
	interaction_length: 1.2000000000000000
	number_of_patches: 3
	number_of_particles_per_compound: 1
	rod_length: 1.0000000000000000
	interaction_matrix:  1.000000 1.000000 1.000000 1.000000 1.000000 1.000000 1.000000 1.000000 1.000000
	patch_type: symmetric
	patch_width: 8.0000000000000000
	patch_angle: 0.0000000000000000
	angles:  0.000000 0.000000 0.000000
	grand_canonical: 0
	chemical_potential: 0.0000000000000000
box: 7.806787 7.806787
copy: 1.000000 1.000000
epsilon: 0.2917080000000000
end_epsilon: 0.0000000000000000
pressure: 2.0000000000000000
lambda: 0.0000000000000000
lambda_coupling: 1.0000000000000000
uy: 0.0000000000000000
maximum_displacement: 1.0000000000000000
maximum_rotation: 1.0000000000000000
maximum_volume: 0.4936806771641148
maximum_shape: 0.0000001000000000
maximum_dsigma: 0.0100000000000000
mod: 10
pmod: 10
optimize: 1
verbose: 1
snapshot: 0
display: 1
explore: 1
npt: 1
nptxy: 0
nptdxdy: 0
shape: 0
seed: 1139791
14.676404553105 -73.663103323419 0.866025403784 0.500000000000
-81.138974559332 66.494777808853 0.000000000000 1.000000000000
41.022757057481 -95.257162985683 0.866025403784 0.500000000000
45.158249003681 -20.614361026208 0.866025403784 0.500000000000
-40.579206282332 -39.281695620080 0.866025403784 -0.500000000000
15.769728506417 26.159131464926 0.866025403784 -0.500000000000
23.497801723503 -50.244729370226 0.866025403784 -0.500000000000
-17.980014541361 -24.041208420261 0.866025403784 0.500000000000
25.449450197640 62.763657718456 0.866025403784 -0.500000000000
-136.113590087303 -36.023445387789 0.000000000000 1.000000000000
-50.920931953103 133.595677486413 0.866025403784 0.500000000000
3.422700772201 14.783727825274 0.866025403784 -0.500000000000
39.922998457006 87.757975121044 0.866025403784 0.500000000000
-84.909961522127 -85.056914169280 0.866025403784 0.500000000000
-106.959977927759 127.492559763848 0.000000000000 1.000000000000
7.326160447864 31.831958885741 0.866025403784 -0.500000000000
55.874360387883 91.260860055099 0.000000000000 1.000000000000
98.057136597771 -80.101513788163 0.866025403784 -0.500000000000
-20.098542994937 -51.285457700653 0.000000000000 1.000000000000
61.149286498659 30.298796621469 0.000000000000 1.000000000000
