#Configurational_file created 2018-09-14 12:02:20  started 2018-09-14 12:02:19 run for 1.0s steps 0
name: p_1024
step: 10000
specie: 20
	particle_diameter: 1.0000000000000000
	interaction_length: 1.2000000000000000
	number_of_patches: 3
	number_of_particles_per_compound: 1
	rod_length: 1.0000000000000000
	interaction_matrix:  1.000000 1.000000 1.000000 1.000000 1.000000 1.000000 1.000000 1.000000 1.000000
	patch_type: symmetric
	patch_width: 8.0000000000000000
	patch_angle: 0.0000000000000000
	angles:  0.000000 0.000000 0.000000
	grand_canonical: 0
	chemical_potential: 0.0000000000000000
box: 45.557897 45.557897
copy: 1.000000 1.000000
epsilon: 0.0312500000000000
end_epsilon: 0.0000000000000000
pressure: 0.0958330000000000
lambda: 0.0000000000000000
lambda_coupling: 1.0000000000000000
uy: 0.0000000000000000
maximum_displacement: 1.0000000000000000
maximum_rotation: 1.0000000000000000
maximum_volume: 1.0000000000000000
maximum_shape: 0.0000001000000000
maximum_dsigma: 0.0100000000000000
mod: 10
pmod: 10
optimize: 1
verbose: 1
snapshot: 0
display: 1
explore: 1
npt: 1
nptxy: 0
nptdxdy: 0
shape: 0
seed: 1167079
-38.951324216128 -65.353185357853 0.866025403784 -0.500000000000
-85.284761058855 -66.664408146878 0.000000000000 1.000000000000
-229.984267779097 10.862521187401 0.866025403784 -0.500000000000
254.835336428437 10.060909526831 0.866025403784 -0.500000000000
-55.622870358200 25.895980646528 0.866025403784 0.500000000000
-181.445243081390 -270.341923320641 0.866025403784 0.500000000000
-341.380795782235 -72.192140482957 0.866025403784 -0.500000000000
310.691840427742 423.486300625633 0.000000000000 1.000000000000
35.833818453113 47.513577394898 0.866025403784 0.500000000000
-273.366046825512 -105.934770731627 0.866025403784 0.500000000000
321.608241928557 86.944200745188 0.866025403784 0.500000000000
136.699835336393 129.969801594187 0.866025403784 0.500000000000
-191.315362050416 -114.926017796691 0.866025403784 0.500000000000
-303.278099751810 -85.031766714406 0.000000000000 1.000000000000
327.897947855588 127.018823447106 0.000000000000 1.000000000000
-227.128265888540 -53.957943734412 0.866025403784 -0.500000000000
-171.104482891628 242.987699439763 0.866025403784 -0.500000000000
-43.673323034393 103.634535786539 0.866025403784 -0.500000000000
-50.985494743596 232.331609249801 0.866025403784 0.500000000000
-178.347834377675 -68.820266755779 0.866025403784 -0.500000000000
