#Configurational_file created 2018-09-14 13:58:49  started 2018-09-14 13:58:48 run for 1.0s steps 0
name: p_1092
step: 10000
specie: 20
	particle_diameter: 1.0000000000000000
	interaction_length: 1.2000000000000000
	number_of_patches: 3
	number_of_particles_per_compound: 1
	rod_length: 1.0000000000000000
	interaction_matrix:  1.000000 1.000000 1.000000 1.000000 1.000000 1.000000 1.000000 1.000000 1.000000
	patch_type: symmetric
	patch_width: 8.0000000000000000
	patch_angle: 0.0000000000000000
	angles:  0.000000 0.000000 0.000000
	grand_canonical: 0
	chemical_potential: 0.0000000000000000
box: 17.186829 17.186829
copy: 1.000000 1.000000
epsilon: 0.4137940000000000
end_epsilon: 0.0000000000000000
pressure: 0.1896560000000000
lambda: 0.0000000000000000
lambda_coupling: 1.0000000000000000
uy: 0.0000000000000000
maximum_displacement: 1.0000000000000000
maximum_rotation: 1.0000000000000000
maximum_volume: 1.0000000000000000
maximum_shape: 0.0000001000000000
maximum_dsigma: 0.0100000000000000
mod: 10
pmod: 10
optimize: 1
verbose: 1
snapshot: 0
display: 1
explore: 1
npt: 1
nptxy: 0
nptdxdy: 0
shape: 0
seed: 1244395
-36.816653853974 81.213933650702 0.866025403784 0.500000000000
149.639678973303 -10.722630765808 0.000000000000 1.000000000000
82.207989751570 -56.892281141682 0.000000000000 1.000000000000
165.366533929394 -98.061445090437 0.000000000000 1.000000000000
-186.713846246263 44.995916636765 0.000000000000 1.000000000000
124.194732527802 65.108334223187 0.866025403784 0.500000000000
85.478429478844 34.451791585761 0.866025403784 0.500000000000
-59.418256705874 27.543705490382 0.000000000000 1.000000000000
-51.507073452075 12.985962731735 0.866025403784 0.500000000000
-63.753874242217 -112.654892208792 0.866025403784 0.500000000000
109.198796820938 -9.710514337458 0.000000000000 1.000000000000
122.076402295818 41.072809293292 0.866025403784 -0.500000000000
74.079232480282 -20.006195130274 0.000000000000 1.000000000000
42.769776707146 -102.014278422250 0.000000000000 1.000000000000
-67.346280095576 -76.837658543527 0.000000000000 1.000000000000
-2.556128166300 23.763985398255 0.866025403784 0.500000000000
-16.402441488173 33.785036486928 0.866025403784 -0.500000000000
-93.143407679871 186.655487383804 0.866025403784 0.500000000000
-177.859812146203 -72.448705401889 0.866025403784 0.500000000000
-26.787169769189 41.857247380862 0.866025403784 0.500000000000
