#Configurational_file created 2018-09-14 11:35:46  started 2018-09-14 11:35:45 run for 1.0s steps 0
name: p_1091
step: 10000
specie: 20
	particle_diameter: 1.0000000000000000
	interaction_length: 1.2000000000000000
	number_of_patches: 3
	number_of_particles_per_compound: 1
	rod_length: 1.0000000000000000
	interaction_matrix:  1.000000 1.000000 1.000000 1.000000 1.000000 1.000000 1.000000 1.000000 1.000000
	patch_type: symmetric
	patch_width: 8.0000000000000000
	patch_angle: 0.0000000000000000
	angles:  0.000000 0.000000 0.000000
	grand_canonical: 0
	chemical_potential: 0.0000000000000000
box: 8.517847 8.517847
copy: 1.000000 1.000000
epsilon: 0.3750250000000000
end_epsilon: 0.0000000000000000
pressure: 1.2500370000000001
lambda: 0.0000000000000000
lambda_coupling: 1.0000000000000000
uy: 0.0000000000000000
maximum_displacement: 1.0000000000000000
maximum_rotation: 1.0000000000000000
maximum_volume: 0.6718900700160002
maximum_shape: 0.0000001000000000
maximum_dsigma: 0.0100000000000000
mod: 10
pmod: 10
optimize: 1
verbose: 1
snapshot: 0
display: 1
explore: 1
npt: 1
nptxy: 0
nptdxdy: 0
shape: 0
seed: 1243258
136.189731263323 -11.172707211966 0.866025403784 -0.500000000000
40.693644643376 -2.968673324674 0.000000000000 1.000000000000
82.908467099641 7.441550901473 0.866025403784 0.500000000000
-30.949359411872 52.027703883897 0.000000000000 1.000000000000
-0.956691891425 18.460434752888 0.866025403784 -0.500000000000
-19.863971243565 -40.945636610134 0.866025403784 0.500000000000
-94.993244577002 57.317734961893 0.866025403784 -0.500000000000
-89.190731633819 32.145703628197 0.000000000000 1.000000000000
-120.634819278920 -4.953145413238 0.866025403784 -0.500000000000
45.759490319689 -51.474012981565 0.866025403784 0.500000000000
17.335480555443 47.968094710531 0.000000000000 1.000000000000
3.158168476864 5.911492773120 0.000000000000 1.000000000000
77.142362258152 -52.086317311093 0.866025403784 -0.500000000000
48.183575110433 63.699889427531 0.866025403784 -0.500000000000
-5.089591313211 -115.687941903573 0.866025403784 -0.500000000000
1.647325660489 46.887930163008 0.866025403784 0.500000000000
-85.633841690655 94.694311969694 0.866025403784 0.500000000000
117.179959593108 196.957606677391 0.000000000000 1.000000000000
68.734914892267 -31.816030248507 0.000000000000 1.000000000000
7.838489036109 -8.533473260534 0.866025403784 0.500000000000
