#Configurational_file created 2018-09-14 11:34:57  started 2018-09-14 11:34:56 run for 1.0s steps 0
name: p_1033
step: 10000
specie: 20
	particle_diameter: 1.0000000000000000
	interaction_length: 1.2000000000000000
	number_of_patches: 3
	number_of_particles_per_compound: 1
	rod_length: 1.0000000000000000
	interaction_matrix:  1.000000 1.000000 1.000000 1.000000 1.000000 1.000000 1.000000 1.000000 1.000000
	patch_type: symmetric
	patch_width: 8.0000000000000000
	patch_angle: 0.0000000000000000
	angles:  0.000000 0.000000 0.000000
	grand_canonical: 0
	chemical_potential: 0.0000000000000000
box: 14.088994 14.088994
copy: 1.000000 1.000000
epsilon: 0.3333670000000000
end_epsilon: 0.0000000000000000
pressure: 0.5834040000000000
lambda: 0.0000000000000000
lambda_coupling: 1.0000000000000000
uy: 0.0000000000000000
maximum_displacement: 1.0000000000000000
maximum_rotation: 1.0000000000000000
maximum_volume: 1.0000000000000000
maximum_shape: 0.0000001000000000
maximum_dsigma: 0.0100000000000000
mod: 10
pmod: 10
optimize: 1
verbose: 1
snapshot: 0
display: 1
explore: 1
npt: 1
nptxy: 0
nptdxdy: 0
shape: 0
seed: 1177312
110.590470992014 6.901232088037 0.866025403784 0.500000000000
281.424960061091 -109.196831317227 0.866025403784 0.500000000000
124.218116207592 167.592862767085 0.866025403784 0.500000000000
-35.720032795251 -74.970547245333 0.866025403784 -0.500000000000
58.186028291227 -4.509740994172 0.000000000000 1.000000000000
59.363312193946 59.124391949240 0.000000000000 1.000000000000
64.355745565427 -184.119236494432 0.000000000000 1.000000000000
205.743863874182 151.077934451519 0.866025403784 0.500000000000
159.987382694291 62.234012657101 0.000000000000 1.000000000000
-88.990333237323 100.714360423785 0.866025403784 0.500000000000
216.832442494085 171.997476152197 0.000000000000 1.000000000000
123.699930178804 0.071912242625 0.000000000000 1.000000000000
161.648478843561 26.615053762464 0.866025403784 -0.500000000000
-12.965226623226 -34.046760629853 0.000000000000 1.000000000000
3.834034863730 107.681002261913 0.866025403784 0.500000000000
-0.389234527622 -76.906741570152 0.866025403784 0.500000000000
139.788299395046 65.680999702342 0.866025403784 -0.500000000000
-70.576469023466 55.852302405655 0.866025403784 0.500000000000
-53.270125496763 -196.423093176023 0.866025403784 0.500000000000
-152.016605565108 20.317629149861 0.000000000000 1.000000000000
