#Configurational_file created 2018-09-14 13:58:17  started 2018-09-14 13:58:17 run for 0.0s steps 0
name: p_1047
step: 10000
specie: 20
	particle_diameter: 1.0000000000000000
	interaction_length: 1.2000000000000000
	number_of_patches: 3
	number_of_particles_per_compound: 1
	rod_length: 1.0000000000000000
	interaction_matrix:  1.000000 1.000000 1.000000 1.000000 1.000000 1.000000 1.000000 1.000000 1.000000
	patch_type: symmetric
	patch_width: 8.0000000000000000
	patch_angle: 0.0000000000000000
	angles:  0.000000 0.000000 0.000000
	grand_canonical: 0
	chemical_potential: 0.0000000000000000
box: 13.384932 13.384932
copy: 1.000000 1.000000
epsilon: 0.2758630000000000
end_epsilon: 0.0000000000000000
pressure: 0.4482760000000000
lambda: 0.0000000000000000
lambda_coupling: 1.0000000000000000
uy: 0.0000000000000000
maximum_displacement: 1.0000000000000000
maximum_rotation: 1.0000000000000000
maximum_volume: 1.0000000000000000
maximum_shape: 0.0000001000000000
maximum_dsigma: 0.0100000000000000
mod: 10
pmod: 10
optimize: 1
verbose: 1
snapshot: 0
display: 1
explore: 1
npt: 1
nptxy: 0
nptdxdy: 0
shape: 0
seed: 1193230
18.341113919124 96.054096405267 0.000000000000 1.000000000000
20.392921156272 -14.524089276105 0.000000000000 1.000000000000
79.271042734602 -42.437173537663 0.866025403784 0.500000000000
97.652079176232 -60.197321938226 0.000000000000 1.000000000000
49.074050891312 44.588078347880 0.866025403784 -0.500000000000
10.215998680509 25.795925762383 0.866025403784 0.500000000000
-113.915476141688 48.182121847358 0.866025403784 -0.500000000000
199.898890618852 -71.703052904148 0.000000000000 1.000000000000
-140.785479583293 -116.776896465693 0.866025403784 -0.500000000000
34.604028071164 -54.330686907671 0.866025403784 -0.500000000000
161.595309950628 4.928823393411 0.866025403784 -0.500000000000
-209.112250902358 -2.192396625211 0.866025403784 0.500000000000
13.285010531952 58.378896662693 0.866025403784 -0.500000000000
-23.785439046979 96.691185350224 0.000000000000 1.000000000000
-68.977917581388 28.883745459794 0.866025403784 -0.500000000000
48.808170461753 -69.542008895109 0.000000000000 1.000000000000
24.825724902131 -87.308549302142 0.866025403784 -0.500000000000
-35.290549942027 44.539073074428 0.866025403784 -0.500000000000
-9.287510117235 -217.028342821213 0.866025403784 0.500000000000
-155.791772084197 -134.106263794801 0.000000000000 1.000000000000
