#Configurational_file created 2018-09-14 13:58:30  started 2018-09-14 13:58:30 run for 0.0s steps 0
name: p_1066
step: 10000
specie: 20
	particle_diameter: 1.0000000000000000
	interaction_length: 1.2000000000000000
	number_of_patches: 3
	number_of_particles_per_compound: 1
	rod_length: 1.0000000000000000
	interaction_matrix:  1.000000 1.000000 1.000000 1.000000 1.000000 1.000000 1.000000 1.000000 1.000000
	patch_type: symmetric
	patch_width: 8.0000000000000000
	patch_angle: 0.0000000000000000
	angles:  0.000000 0.000000 0.000000
	grand_canonical: 0
	chemical_potential: 0.0000000000000000
box: 15.399778 15.399778
copy: 1.000000 1.000000
epsilon: 0.3448280000000000
end_epsilon: 0.0000000000000000
pressure: 0.2586210000000000
lambda: 0.0000000000000000
lambda_coupling: 1.0000000000000000
uy: 0.0000000000000000
maximum_displacement: 1.0000000000000000
maximum_rotation: 1.0000000000000000
maximum_volume: 1.0000000000000000
maximum_shape: 0.0000001000000000
maximum_dsigma: 0.0100000000000000
mod: 10
pmod: 10
optimize: 1
verbose: 1
snapshot: 0
display: 1
explore: 1
npt: 1
nptxy: 0
nptdxdy: 0
shape: 0
seed: 1214833
41.147804540126 20.653701339568 0.000000000000 1.000000000000
-99.369263931206 -8.744491835301 0.866025403784 0.500000000000
134.173774831992 30.919683134315 0.866025403784 0.500000000000
21.581858820864 83.322354207620 0.866025403784 -0.500000000000
-175.459948871249 44.315033694999 0.000000000000 1.000000000000
-19.735583068972 -86.926693250964 0.866025403784 -0.500000000000
-202.481003612943 208.803379908816 0.000000000000 1.000000000000
122.250592788978 1.021167079587 0.866025403784 -0.500000000000
20.059724169821 93.126968970201 0.000000000000 1.000000000000
-102.606520900758 21.884181271479 0.866025403784 -0.500000000000
-52.589045845387 -69.039417131000 0.866025403784 0.500000000000
-7.621477006452 -10.268353951433 0.866025403784 0.500000000000
40.562423202905 34.332098176215 0.000000000000 1.000000000000
64.663694463957 8.781340889793 0.866025403784 0.500000000000
33.163578908304 -165.370606633673 0.866025403784 -0.500000000000
89.311588189413 54.970505134988 0.866025403784 0.500000000000
23.736070414553 -48.023131091445 0.866025403784 -0.500000000000
-28.238387022179 1.630228737185 0.866025403784 -0.500000000000
20.207946750671 -26.154819489693 0.866025403784 0.500000000000
33.349607049487 25.733595573043 0.000000000000 1.000000000000
