#Configurational_file created 2018-09-14 13:57:49  started 2018-09-14 13:57:48 run for 1.0s steps 0
name: p_1005
step: 10000
specie: 20
	particle_diameter: 1.0000000000000000
	interaction_length: 1.2000000000000000
	number_of_patches: 3
	number_of_particles_per_compound: 1
	rod_length: 1.0000000000000000
	interaction_matrix:  1.000000 1.000000 1.000000 1.000000 1.000000 1.000000 1.000000 1.000000 1.000000
	patch_type: symmetric
	patch_width: 8.0000000000000000
	patch_angle: 0.0000000000000000
	angles:  0.000000 0.000000 0.000000
	grand_canonical: 0
	chemical_potential: 0.0000000000000000
box: 22.103883 22.103883
copy: 1.000000 1.000000
epsilon: 0.2068970000000000
end_epsilon: 0.0000000000000000
pressure: 0.2413800000000000
lambda: 0.0000000000000000
lambda_coupling: 1.0000000000000000
uy: 0.0000000000000000
maximum_displacement: 1.0000000000000000
maximum_rotation: 1.0000000000000000
maximum_volume: 1.0000000000000000
maximum_shape: 0.0000001000000000
maximum_dsigma: 0.0100000000000000
mod: 10
pmod: 10
optimize: 1
verbose: 1
snapshot: 0
display: 1
explore: 1
npt: 1
nptxy: 0
nptdxdy: 0
shape: 0
seed: 1145476
-18.690829216104 -104.508693708194 0.000000000000 1.000000000000
-88.713651522975 -37.966543259311 0.866025403784 -0.500000000000
89.148764116482 -126.453893183049 0.000000000000 1.000000000000
-66.812402289454 -48.679907604928 0.866025403784 0.500000000000
24.192217335579 -27.405810388792 0.866025403784 -0.500000000000
-237.250075163233 131.786086820100 0.000000000000 1.000000000000
-44.680834689724 66.884793031653 0.866025403784 0.500000000000
-23.945667592192 161.009839332751 0.866025403784 0.500000000000
332.407451626609 80.099278670320 0.866025403784 0.500000000000
58.881624143743 59.569345021380 0.866025403784 0.500000000000
230.045815122040 106.853993911212 0.866025403784 0.500000000000
107.758687931822 243.638243518951 0.866025403784 0.500000000000
-64.858900581620 -23.053503669674 0.000000000000 1.000000000000
19.284901614779 130.115302897341 0.000000000000 1.000000000000
-170.892340889256 -165.339682090593 0.866025403784 0.500000000000
95.223052208156 -123.860933636736 0.000000000000 1.000000000000
-62.064488181883 95.384203144878 0.000000000000 1.000000000000
61.527058106638 -23.116329090685 0.866025403784 -0.500000000000
-182.836983232875 -6.420798718023 0.866025403784 -0.500000000000
-26.751140265842 241.296371905260 0.866025403784 0.500000000000
