#Configurational_file created 2018-09-14 11:35:43  started 2018-09-14 11:35:42 run for 1.0s steps 0
name: p_1088
step: 10000
specie: 20
	particle_diameter: 1.0000000000000000
	interaction_length: 1.2000000000000000
	number_of_patches: 3
	number_of_particles_per_compound: 1
	rod_length: 1.0000000000000000
	interaction_matrix:  1.000000 1.000000 1.000000 1.000000 1.000000 1.000000 1.000000 1.000000 1.000000
	patch_type: symmetric
	patch_width: 8.0000000000000000
	patch_angle: 0.0000000000000000
	angles:  0.000000 0.000000 0.000000
	grand_canonical: 0
	chemical_potential: 0.0000000000000000
box: 8.637099 8.637099
copy: 1.000000 1.000000
epsilon: 0.3750250000000000
end_epsilon: 0.0000000000000000
pressure: 1.0000500000000001
lambda: 0.0000000000000000
lambda_coupling: 1.0000000000000000
uy: 0.0000000000000000
maximum_displacement: 1.0000000000000000
maximum_rotation: 1.0000000000000000
maximum_volume: 1.0000000000000000
maximum_shape: 0.0000001000000000
maximum_dsigma: 0.0100000000000000
mod: 10
pmod: 10
optimize: 1
verbose: 1
snapshot: 0
display: 1
explore: 1
npt: 1
nptxy: 0
nptdxdy: 0
shape: 0
seed: 1239847
51.803748205051 71.611313536757 0.866025403784 0.500000000000
-23.957568360506 -134.574310095939 0.866025403784 0.500000000000
21.846056953590 85.929476475265 0.000000000000 1.000000000000
189.220266358186 -61.152713952687 0.866025403784 0.500000000000
-2.607482217728 20.856445648048 0.866025403784 0.500000000000
-149.462708964514 -59.349330984733 0.866025403784 0.500000000000
-42.860266726307 -60.108046057976 0.000000000000 1.000000000000
-130.565166802448 -2.159871213631 0.866025403784 0.500000000000
-164.708462298287 -21.358741024466 0.866025403784 0.500000000000
-88.585095957134 -22.982527327351 0.000000000000 1.000000000000
-80.945496348978 38.978181891081 0.866025403784 0.500000000000
0.687448179147 104.892953708573 0.866025403784 0.500000000000
-76.067739644457 -68.344074843927 0.000000000000 1.000000000000
-4.922359983573 82.110741953001 0.000000000000 1.000000000000
20.154271223968 61.113586018246 0.000000000000 1.000000000000
4.215281213043 -83.312308550748 0.866025403784 0.500000000000
34.779587603487 -55.853225754746 0.000000000000 1.000000000000
-34.179123900373 -74.306810241349 0.000000000000 1.000000000000
50.531534335462 19.142551379269 0.000000000000 1.000000000000
6.652996286329 -34.932928876627 0.866025403784 -0.500000000000
