#Configurational_file created 2018-09-14 11:34:46  started 2018-09-14 11:34:45 run for 1.0s steps 0
name: p_1020
step: 10000
specie: 20
	particle_diameter: 1.0000000000000000
	interaction_length: 1.2000000000000000
	number_of_patches: 3
	number_of_particles_per_compound: 1
	rod_length: 1.0000000000000000
	interaction_matrix:  1.000000 1.000000 1.000000 1.000000 1.000000 1.000000 1.000000 1.000000 1.000000
	patch_type: symmetric
	patch_width: 8.0000000000000000
	patch_angle: 0.0000000000000000
	angles:  0.000000 0.000000 0.000000
	grand_canonical: 0
	chemical_potential: 0.0000000000000000
box: 8.775869 8.775869
copy: 1.000000 1.000000
epsilon: 0.3125370000000000
end_epsilon: 0.0000000000000000
pressure: 1.5833539999999999
lambda: 0.0000000000000000
lambda_coupling: 1.0000000000000000
uy: 0.0000000000000000
maximum_displacement: 1.0000000000000000
maximum_rotation: 1.0000000000000000
maximum_volume: 0.8055397412605194
maximum_shape: 0.0000001000000000
maximum_dsigma: 0.0100000000000000
mod: 10
pmod: 10
optimize: 1
verbose: 1
snapshot: 0
display: 1
explore: 1
npt: 1
nptxy: 0
nptdxdy: 0
shape: 0
seed: 1162531
-95.101307594188 122.216721526565 0.866025403784 0.500000000000
-53.316608347710 -85.108922070275 0.866025403784 0.500000000000
-82.837962544177 41.694399127333 0.866025403784 0.500000000000
-65.091463309832 -18.078539694129 0.866025403784 0.500000000000
58.960922635999 -0.677825825144 0.866025403784 0.500000000000
-73.652554124020 1.809372805664 0.866025403784 -0.500000000000
-57.592446792338 87.297607687510 0.866025403784 0.500000000000
-42.700601079248 71.901378375187 0.000000000000 1.000000000000
33.387676895038 -6.155470179718 0.866025403784 0.500000000000
-51.169685753206 74.534811998761 0.000000000000 1.000000000000
-27.480914672116 -64.185519953967 0.866025403784 0.500000000000
144.216032691662 -25.792872070904 0.866025403784 -0.500000000000
114.366640076021 91.003985889243 0.866025403784 0.500000000000
-50.014938073627 -47.852885850693 0.866025403784 0.500000000000
-101.722881990709 -47.163943927816 0.866025403784 0.500000000000
24.736382892784 -77.464143251838 0.000000000000 1.000000000000
-67.625459375847 -28.001984794629 0.000000000000 1.000000000000
-15.261458470385 -61.792247773381 0.000000000000 1.000000000000
-10.768751154444 7.439192731710 0.000000000000 1.000000000000
-21.558402016362 -92.973407860703 0.000000000000 1.000000000000
