#Configurational_file created 2018-09-14 12:02:08  started 2018-09-14 12:02:07 run for 1.0s steps 0
name: p_1007
step: 10000
specie: 20
	particle_diameter: 1.0000000000000000
	interaction_length: 1.2000000000000000
	number_of_patches: 3
	number_of_particles_per_compound: 1
	rod_length: 1.0000000000000000
	interaction_matrix:  1.000000 1.000000 1.000000 1.000000 1.000000 1.000000 1.000000 1.000000 1.000000
	patch_type: symmetric
	patch_width: 8.0000000000000000
	patch_angle: 0.0000000000000000
	angles:  0.000000 0.000000 0.000000
	grand_canonical: 0
	chemical_potential: 0.0000000000000000
box: 49.097579 49.097579
copy: 1.000000 1.000000
epsilon: 0.0312500000000000
end_epsilon: 0.0000000000000000
pressure: 0.0250010000000000
lambda: 0.0000000000000000
lambda_coupling: 1.0000000000000000
uy: 0.0000000000000000
maximum_displacement: 1.0000000000000000
maximum_rotation: 1.0000000000000000
maximum_volume: 1.0000000000000000
maximum_shape: 0.0000001000000000
maximum_dsigma: 0.0100000000000000
mod: 10
pmod: 10
optimize: 1
verbose: 1
snapshot: 0
display: 1
explore: 1
npt: 1
nptxy: 0
nptdxdy: 0
shape: 0
seed: 1147750
199.310638918143 -431.188925753882 0.866025403784 -0.500000000000
-99.785847122748 194.883322979401 0.866025403784 0.500000000000
264.708109294483 -91.608433010037 0.000000000000 1.000000000000
-31.578862762591 -167.160215967505 0.866025403784 0.500000000000
-43.598253624841 27.855604515079 0.866025403784 -0.500000000000
182.975058701899 467.561954288503 0.866025403784 0.500000000000
7.716538325952 -77.478975474341 0.000000000000 1.000000000000
-35.821048876001 2.602249230037 0.000000000000 1.000000000000
72.262545480580 -216.856998551430 0.866025403784 0.500000000000
76.265696001154 -268.369378817132 0.866025403784 0.500000000000
-206.783579396586 147.658713124478 0.000000000000 1.000000000000
185.892643669916 -65.413494414892 0.866025403784 -0.500000000000
177.422814295981 197.537147819221 0.000000000000 1.000000000000
80.327608531479 20.950170949221 0.000000000000 1.000000000000
47.831472947263 40.038718598239 0.866025403784 -0.500000000000
-60.060192332833 -164.800923130571 0.000000000000 1.000000000000
-228.848907362310 108.228961982987 0.000000000000 1.000000000000
110.819306628597 51.361702795231 0.866025403784 0.500000000000
-69.079836384862 230.989176735160 0.866025403784 0.500000000000
82.795324578576 -207.670574679030 0.000000000000 1.000000000000
