#Configurational_file created 2018-09-14 13:58:52  started 2018-09-14 13:58:51 run for 1.0s steps 0
name: p_1097
step: 10000
specie: 20
	particle_diameter: 1.0000000000000000
	interaction_length: 1.2000000000000000
	number_of_patches: 3
	number_of_particles_per_compound: 1
	rod_length: 1.0000000000000000
	interaction_matrix:  1.000000 1.000000 1.000000 1.000000 1.000000 1.000000 1.000000 1.000000 1.000000
	patch_type: symmetric
	patch_width: 8.0000000000000000
	patch_angle: 0.0000000000000000
	angles:  0.000000 0.000000 0.000000
	grand_canonical: 0
	chemical_potential: 0.0000000000000000
box: 14.401795 14.401795
copy: 1.000000 1.000000
epsilon: 0.4137940000000000
end_epsilon: 0.0000000000000000
pressure: 0.2758630000000000
lambda: 0.0000000000000000
lambda_coupling: 1.0000000000000000
uy: 0.0000000000000000
maximum_displacement: 1.0000000000000000
maximum_rotation: 1.0000000000000000
maximum_volume: 1.0000000000000000
maximum_shape: 0.0000001000000000
maximum_dsigma: 0.0100000000000000
mod: 10
pmod: 10
optimize: 1
verbose: 1
snapshot: 0
display: 1
explore: 1
npt: 1
nptxy: 0
nptdxdy: 0
shape: 0
seed: 1250080
147.707652064661 -90.568668902350 0.866025403784 -0.500000000000
-183.337180444236 132.198196370582 0.000000000000 1.000000000000
13.557288172241 -37.906245721342 0.000000000000 1.000000000000
-3.508413208865 94.330011552904 0.000000000000 1.000000000000
32.351954545300 5.711918910843 0.000000000000 1.000000000000
50.255439110423 7.293270459765 0.000000000000 1.000000000000
-21.443915209956 22.124503796682 0.866025403784 -0.500000000000
-151.349031006908 -12.817642948223 0.866025403784 0.500000000000
90.583029836872 95.367344617383 0.866025403784 -0.500000000000
-67.743888092209 119.368147976562 0.000000000000 1.000000000000
-52.841556839581 241.979935885467 0.866025403784 0.500000000000
143.639782908941 49.047614964631 0.866025403784 -0.500000000000
0.198885978376 -96.886230005681 0.866025403784 0.500000000000
142.483146583382 -96.319399522870 0.866025403784 0.500000000000
25.144302654469 23.021305774608 0.866025403784 0.500000000000
-22.260531520394 83.021091708096 0.866025403784 -0.500000000000
36.840453326956 60.022248327069 0.866025403784 0.500000000000
-4.932620423980 122.459321347306 0.000000000000 1.000000000000
11.153556063628 -108.955991098144 0.866025403784 0.500000000000
-58.015674673848 160.711858483158 0.866025403784 -0.500000000000
