#Configurational_file created 2018-09-14 12:02:19  started 2018-09-14 12:02:19 run for 0.0s steps 0
name: p_1023
step: 10000
specie: 20
	particle_diameter: 1.0000000000000000
	interaction_length: 1.2000000000000000
	number_of_patches: 3
	number_of_particles_per_compound: 1
	rod_length: 1.0000000000000000
	interaction_matrix:  1.000000 1.000000 1.000000 1.000000 1.000000 1.000000 1.000000 1.000000 1.000000
	patch_type: symmetric
	patch_width: 8.0000000000000000
	patch_angle: 0.0000000000000000
	angles:  0.000000 0.000000 0.000000
	grand_canonical: 0
	chemical_potential: 0.0000000000000000
box: 42.054211 42.054211
copy: 1.000000 1.000000
epsilon: 0.0312500000000000
end_epsilon: 0.0000000000000000
pressure: 0.0916670000000000
lambda: 0.0000000000000000
lambda_coupling: 1.0000000000000000
uy: 0.0000000000000000
maximum_displacement: 1.0000000000000000
maximum_rotation: 1.0000000000000000
maximum_volume: 1.0000000000000000
maximum_shape: 0.0000001000000000
maximum_dsigma: 0.0100000000000000
mod: 10
pmod: 10
optimize: 1
verbose: 1
snapshot: 0
display: 1
explore: 1
npt: 1
nptxy: 0
nptdxdy: 0
shape: 0
seed: 1165942
-422.288982316663 158.706984866906 0.000000000000 1.000000000000
35.963341575772 17.988453558204 0.000000000000 1.000000000000
101.277836634349 -58.350277817649 0.000000000000 1.000000000000
-100.521167487116 -118.564836468678 0.866025403784 -0.500000000000
-143.518444816222 21.906582552089 0.866025403784 -0.500000000000
99.011808367594 74.093194982114 0.000000000000 1.000000000000
-23.801148837755 165.823612366046 0.866025403784 0.500000000000
10.756342290894 170.614095979228 0.866025403784 -0.500000000000
-134.235210791116 174.159829741420 0.866025403784 -0.500000000000
225.444277047284 109.816551646471 0.866025403784 0.500000000000
-9.856540865428 -80.459341814799 0.866025403784 -0.500000000000
-146.695448225395 -0.355005948652 0.866025403784 0.500000000000
41.637402844927 -113.468746739756 0.866025403784 0.500000000000
56.853175555852 56.019801270939 0.866025403784 -0.500000000000
0.358148052662 56.009243326672 0.866025403784 0.500000000000
109.647356590999 221.162422680063 0.000000000000 1.000000000000
100.324053012795 158.958015321348 0.866025403784 0.500000000000
-165.819823326606 129.015423628504 0.866025403784 0.500000000000
76.943470622269 232.595459200405 0.000000000000 1.000000000000
384.873552138673 -374.893531072180 0.866025403784 0.500000000000
