#Configurational_file created 2018-09-14 11:34:39  started 2018-09-14 11:34:38 run for 1.0s steps 0
name: p_1012
step: 10000
specie: 20
	particle_diameter: 1.0000000000000000
	interaction_length: 1.2000000000000000
	number_of_patches: 3
	number_of_particles_per_compound: 1
	rod_length: 1.0000000000000000
	interaction_matrix:  1.000000 1.000000 1.000000 1.000000 1.000000 1.000000 1.000000 1.000000 1.000000
	patch_type: symmetric
	patch_width: 8.0000000000000000
	patch_angle: 0.0000000000000000
	angles:  0.000000 0.000000 0.000000
	grand_canonical: 0
	chemical_potential: 0.0000000000000000
box: 9.575123 9.575123
copy: 1.000000 1.000000
epsilon: 0.3125370000000000
end_epsilon: 0.0000000000000000
pressure: 0.9167210000000000
lambda: 0.0000000000000000
lambda_coupling: 1.0000000000000000
uy: 0.0000000000000000
maximum_displacement: 1.0000000000000000
maximum_rotation: 1.0000000000000000
maximum_volume: 1.0000000000000000
maximum_shape: 0.0000001000000000
maximum_dsigma: 0.0100000000000000
mod: 10
pmod: 10
optimize: 1
verbose: 1
snapshot: 0
display: 1
explore: 1
npt: 1
nptxy: 0
nptdxdy: 0
shape: 0
seed: 1153435
101.883536051950 -173.872868839153 0.866025403784 -0.500000000000
14.344827200100 11.253529111671 0.866025403784 -0.500000000000
-59.787874367287 54.299842415768 0.866025403784 0.500000000000
50.753087948070 62.248138892754 0.866025403784 0.500000000000
64.479928045636 -84.503675421321 0.866025403784 -0.500000000000
48.832643152855 -15.848316836151 0.866025403784 -0.500000000000
130.175834603428 -53.760231437417 0.866025403784 -0.500000000000
30.475703545455 67.428060350494 0.866025403784 -0.500000000000
-57.771418812172 -10.164190807231 0.866025403784 0.500000000000
93.888366364534 37.163853568932 0.866025403784 -0.500000000000
93.808775774089 71.536294375077 0.000000000000 1.000000000000
-104.324456137125 73.122760813626 0.866025403784 0.500000000000
23.980644667679 66.262225654467 0.866025403784 0.500000000000
-96.965338320653 67.528811693022 0.866025403784 -0.500000000000
11.600979338918 -83.201501093550 0.866025403784 0.500000000000
147.877721039520 108.984607385148 0.000000000000 1.000000000000
-48.701257510569 -131.379600795834 0.866025403784 0.500000000000
157.254756385958 -78.766006330545 0.000000000000 1.000000000000
-3.583439631962 199.246575403398 0.000000000000 1.000000000000
-86.754627515131 -89.642773696150 0.866025403784 -0.500000000000
