#Configurational_file created 2018-09-14 12:02:38  started 2018-09-14 12:02:37 run for 1.0s steps 0
name: p_1048
step: 10000
specie: 20
	particle_diameter: 1.0000000000000000
	interaction_length: 1.2000000000000000
	number_of_patches: 3
	number_of_particles_per_compound: 1
	rod_length: 1.0000000000000000
	interaction_matrix:  1.000000 1.000000 1.000000 1.000000 1.000000 1.000000 1.000000 1.000000 1.000000
	patch_type: symmetric
	patch_width: 8.0000000000000000
	patch_angle: 0.0000000000000000
	angles:  0.000000 0.000000 0.000000
	grand_canonical: 0
	chemical_potential: 0.0000000000000000
box: 37.263049 37.263049
copy: 1.000000 1.000000
epsilon: 0.0333340000000000
end_epsilon: 0.0000000000000000
pressure: 0.0916670000000000
lambda: 0.0000000000000000
lambda_coupling: 1.0000000000000000
uy: 0.0000000000000000
maximum_displacement: 1.0000000000000000
maximum_rotation: 1.0000000000000000
maximum_volume: 1.0000000000000000
maximum_shape: 0.0000001000000000
maximum_dsigma: 0.0100000000000000
mod: 10
pmod: 10
optimize: 1
verbose: 1
snapshot: 0
display: 1
explore: 1
npt: 1
nptxy: 0
nptdxdy: 0
shape: 0
seed: 1194367
34.414952448605 -87.521999491463 0.866025403784 -0.500000000000
79.273189990605 -88.691542229038 0.866025403784 0.500000000000
149.600959832011 0.499562282924 0.866025403784 -0.500000000000
87.597982782411 221.404082399107 0.866025403784 0.500000000000
57.607535616450 125.012742461457 0.866025403784 0.500000000000
13.655317012700 -23.385567379895 0.000000000000 1.000000000000
67.358701159428 -67.453779827334 0.866025403784 0.500000000000
221.267673427043 -34.391942320830 0.866025403784 0.500000000000
-224.528435521614 -82.516948685291 0.866025403784 0.500000000000
36.398442018394 -61.596303280609 0.866025403784 0.500000000000
-263.679734810644 291.816094688923 0.866025403784 0.500000000000
-33.861440659138 87.734865302345 0.866025403784 0.500000000000
202.414714498634 302.996306341073 0.000000000000 1.000000000000
-93.453600956121 138.205080135018 0.866025403784 -0.500000000000
74.297881101623 -52.208118055530 0.000000000000 1.000000000000
45.075232718348 144.762611581875 0.866025403784 0.500000000000
45.921654080576 -119.088919750788 0.000000000000 1.000000000000
-55.695272647853 -115.042694284284 0.000000000000 1.000000000000
-220.656937819941 55.914092534369 0.866025403784 -0.500000000000
-112.858909653732 427.211131238221 0.866025403784 0.500000000000
