#Configurational_file created 2018-09-14 12:02:43  started 2018-09-14 12:02:43 run for 0.0s steps 0
name: p_1056
step: 10000
specie: 20
	particle_diameter: 1.0000000000000000
	interaction_length: 1.2000000000000000
	number_of_patches: 3
	number_of_particles_per_compound: 1
	rod_length: 1.0000000000000000
	interaction_matrix:  1.000000 1.000000 1.000000 1.000000 1.000000 1.000000 1.000000 1.000000 1.000000
	patch_type: symmetric
	patch_width: 8.0000000000000000
	patch_angle: 0.0000000000000000
	angles:  0.000000 0.000000 0.000000
	grand_canonical: 0
	chemical_potential: 0.0000000000000000
box: 51.788449 51.788449
copy: 1.000000 1.000000
epsilon: 0.0354170000000000
end_epsilon: 0.0000000000000000
pressure: 0.0208340000000000
lambda: 0.0000000000000000
lambda_coupling: 1.0000000000000000
uy: 0.0000000000000000
maximum_displacement: 1.0000000000000000
maximum_rotation: 1.0000000000000000
maximum_volume: 1.0000000000000000
maximum_shape: 0.0000001000000000
maximum_dsigma: 0.0100000000000000
mod: 10
pmod: 10
optimize: 1
verbose: 1
snapshot: 0
display: 1
explore: 1
npt: 1
nptxy: 0
nptdxdy: 0
shape: 0
seed: 1203463
48.404751100852 -2.143158399818 0.866025403784 -0.500000000000
4.591823760299 -172.811761848892 0.000000000000 1.000000000000
264.679102927724 177.550372481781 0.866025403784 0.500000000000
125.298547493704 -191.930788737100 0.866025403784 0.500000000000
129.853795929135 -1.220185143452 0.866025403784 -0.500000000000
-126.178801020775 266.607150208159 0.866025403784 -0.500000000000
27.509362330666 -83.078018582433 0.866025403784 -0.500000000000
180.256363406204 -165.599323416192 0.866025403784 0.500000000000
-229.236747689054 284.191273084379 0.866025403784 -0.500000000000
47.922180319462 123.228151264234 0.866025403784 0.500000000000
194.880198289375 -18.106392361973 0.866025403784 0.500000000000
362.385248195602 283.369880654491 0.000000000000 1.000000000000
300.574448805583 -14.550086848561 0.866025403784 -0.500000000000
-276.986449911182 240.602042078430 0.000000000000 1.000000000000
44.960775901196 -176.836191011201 0.866025403784 -0.500000000000
286.831162755349 11.433314533351 0.866025403784 -0.500000000000
95.807486920212 57.130209408743 0.000000000000 1.000000000000
97.286610596050 78.341098295643 0.866025403784 0.500000000000
49.698089922855 46.007601399671 0.866025403784 0.500000000000
169.971741609197 -36.442562214294 0.866025403784 -0.500000000000
