#Configurational_file created 2018-09-14 12:02:16  started 2018-09-14 12:02:16 run for 0.0s steps 0
name: p_1019
step: 10000
specie: 20
	particle_diameter: 1.0000000000000000
	interaction_length: 1.2000000000000000
	number_of_patches: 3
	number_of_particles_per_compound: 1
	rod_length: 1.0000000000000000
	interaction_matrix:  1.000000 1.000000 1.000000 1.000000 1.000000 1.000000 1.000000 1.000000 1.000000
	patch_type: symmetric
	patch_width: 8.0000000000000000
	patch_angle: 0.0000000000000000
	angles:  0.000000 0.000000 0.000000
	grand_canonical: 0
	chemical_potential: 0.0000000000000000
box: 45.203055 45.203055
copy: 1.000000 1.000000
epsilon: 0.0312500000000000
end_epsilon: 0.0000000000000000
pressure: 0.0750000000000000
lambda: 0.0000000000000000
lambda_coupling: 1.0000000000000000
uy: 0.0000000000000000
maximum_displacement: 1.0000000000000000
maximum_rotation: 1.0000000000000000
maximum_volume: 1.0000000000000000
maximum_shape: 0.0000001000000000
maximum_dsigma: 0.0100000000000000
mod: 10
pmod: 10
optimize: 1
verbose: 1
snapshot: 0
display: 1
explore: 1
npt: 1
nptxy: 0
nptdxdy: 0
shape: 0
seed: 1161394
-190.462692601829 -251.521640103269 0.866025403784 0.500000000000
-74.655677309745 139.540698848743 0.000000000000 1.000000000000
-316.164570490997 126.079808056443 0.866025403784 -0.500000000000
273.115512903088 119.630681877891 0.866025403784 0.500000000000
210.107590423159 -201.413532184351 0.866025403784 0.500000000000
325.694832413302 279.702858440527 0.000000000000 1.000000000000
12.060212287389 8.913898607896 0.000000000000 1.000000000000
63.499469180663 80.765488305139 0.000000000000 1.000000000000
3.502386078779 -9.362443098274 0.866025403784 0.500000000000
153.519082646646 48.693041635423 0.866025403784 -0.500000000000
20.837662836464 -331.436523944582 0.866025403784 0.500000000000
-66.115592306302 -119.984798586238 0.000000000000 1.000000000000
-361.712018520592 32.182731615589 0.000000000000 1.000000000000
3.624623021487 5.870401116475 0.000000000000 1.000000000000
64.941208720201 232.853016369136 0.866025403784 0.500000000000
61.585118931051 158.907148453613 0.000000000000 1.000000000000
-114.408804463469 -103.471298015442 0.000000000000 1.000000000000
206.262513927970 149.540893485956 0.000000000000 1.000000000000
194.009865973854 -256.731416359681 0.866025403784 0.500000000000
-207.504666610728 173.720523830654 0.866025403784 -0.500000000000
