#Configurational_file created 2018-09-14 13:58:10  started 2018-09-14 13:58:10 run for 0.0s steps 0
name: p_1037
step: 10000
specie: 20
	particle_diameter: 1.0000000000000000
	interaction_length: 1.2000000000000000
	number_of_patches: 3
	number_of_particles_per_compound: 1
	rod_length: 1.0000000000000000
	interaction_matrix:  1.000000 1.000000 1.000000 1.000000 1.000000 1.000000 1.000000 1.000000 1.000000
	patch_type: symmetric
	patch_width: 8.0000000000000000
	patch_angle: 0.0000000000000000
	angles:  0.000000 0.000000 0.000000
	grand_canonical: 0
	chemical_potential: 0.0000000000000000
box: 14.112239 14.112239
copy: 1.000000 1.000000
epsilon: 0.2758630000000000
end_epsilon: 0.0000000000000000
pressure: 0.2758630000000000
lambda: 0.0000000000000000
lambda_coupling: 1.0000000000000000
uy: 0.0000000000000000
maximum_displacement: 1.0000000000000000
maximum_rotation: 1.0000000000000000
maximum_volume: 1.0000000000000000
maximum_shape: 0.0000001000000000
maximum_dsigma: 0.0100000000000000
mod: 10
pmod: 10
optimize: 1
verbose: 1
snapshot: 0
display: 1
explore: 1
npt: 1
nptxy: 0
nptdxdy: 0
shape: 0
seed: 1181860
22.609715369721 -7.372388754190 0.866025403784 -0.500000000000
38.422646678897 12.251827356041 0.000000000000 1.000000000000
107.933022375437 -87.839037389779 0.866025403784 -0.500000000000
-4.049699870378 -118.370826658288 0.000000000000 1.000000000000
45.834183345309 146.242013488224 0.866025403784 0.500000000000
83.426842942580 -16.517421977107 0.000000000000 1.000000000000
96.651804153865 -289.345554612918 0.866025403784 0.500000000000
-51.508697465223 80.884259897548 0.866025403784 0.500000000000
-90.325272091166 66.272807948254 0.000000000000 1.000000000000
85.405758050468 136.781586779794 0.866025403784 -0.500000000000
-111.323112638301 -59.432750959259 0.000000000000 1.000000000000
28.219078019779 -22.588337355712 0.866025403784 -0.500000000000
34.706999745458 56.886266422909 0.866025403784 0.500000000000
89.516606854631 47.260418306634 0.000000000000 1.000000000000
38.771440239018 -29.012905457945 0.000000000000 1.000000000000
-66.872008470830 77.003566386907 0.866025403784 -0.500000000000
101.181229672136 -90.618416483328 0.000000000000 1.000000000000
29.005614274895 -70.198364395494 0.866025403784 -0.500000000000
-6.812513570398 -47.071192505035 0.866025403784 -0.500000000000
25.108044295094 132.643826073542 0.866025403784 0.500000000000
