#Configurational_file created 2018-09-14 13:58:12  started 2018-09-14 13:58:11 run for 1.0s steps 0
name: p_1039
step: 10000
specie: 20
	particle_diameter: 1.0000000000000000
	interaction_length: 1.2000000000000000
	number_of_patches: 3
	number_of_particles_per_compound: 1
	rod_length: 1.0000000000000000
	interaction_matrix:  1.000000 1.000000 1.000000 1.000000 1.000000 1.000000 1.000000 1.000000 1.000000
	patch_type: symmetric
	patch_width: 8.0000000000000000
	patch_angle: 0.0000000000000000
	angles:  0.000000 0.000000 0.000000
	grand_canonical: 0
	chemical_potential: 0.0000000000000000
box: 13.171048 13.171048
copy: 1.000000 1.000000
epsilon: 0.2758630000000000
end_epsilon: 0.0000000000000000
pressure: 0.3103450000000000
lambda: 0.0000000000000000
lambda_coupling: 1.0000000000000000
uy: 0.0000000000000000
maximum_displacement: 1.0000000000000000
maximum_rotation: 1.0000000000000000
maximum_volume: 1.0000000000000000
maximum_shape: 0.0000001000000000
maximum_dsigma: 0.0100000000000000
mod: 10
pmod: 10
optimize: 1
verbose: 1
snapshot: 0
display: 1
explore: 1
npt: 1
nptxy: 0
nptdxdy: 0
shape: 0
seed: 1184134
62.736129920630 -143.671189996092 0.866025403784 0.500000000000
145.422816163892 56.969467351380 0.866025403784 0.500000000000
116.597470809718 118.793072246991 0.866025403784 0.500000000000
-14.646477267504 -58.249749982162 0.866025403784 -0.500000000000
-31.197198689749 37.254168321611 0.866025403784 0.500000000000
-3.808974261799 50.403253277791 0.000000000000 1.000000000000
-128.804962423199 34.808675366543 0.000000000000 1.000000000000
-102.447589172584 -73.812029726489 0.866025403784 -0.500000000000
-120.113708545207 -21.627353447389 0.866025403784 -0.500000000000
-101.470571279983 -5.712381315996 0.000000000000 1.000000000000
60.741874213207 31.356404104516 0.866025403784 -0.500000000000
25.834414219010 39.076885092566 0.866025403784 -0.500000000000
52.765996041719 61.028949274831 0.866025403784 0.500000000000
-51.422722088324 -208.057731805902 0.000000000000 1.000000000000
-53.472020352228 -23.133479114936 0.000000000000 1.000000000000
-25.001967906990 -175.857716661432 0.000000000000 1.000000000000
38.629711638083 46.154396425263 0.866025403784 -0.500000000000
3.752332312117 -8.014182322482 0.000000000000 1.000000000000
-110.548697039668 1.714810219241 0.000000000000 1.000000000000
10.148700362043 38.203659666094 0.000000000000 1.000000000000
