#Configurational_file created 2018-09-14 11:35:37  started 2018-09-14 11:35:36 run for 1.0s steps 0
name: p_1081
step: 10000
specie: 20
	particle_diameter: 1.0000000000000000
	interaction_length: 1.2000000000000000
	number_of_patches: 3
	number_of_particles_per_compound: 1
	rod_length: 1.0000000000000000
	interaction_matrix:  1.000000 1.000000 1.000000 1.000000 1.000000 1.000000 1.000000 1.000000 1.000000
	patch_type: symmetric
	patch_width: 8.0000000000000000
	patch_angle: 0.0000000000000000
	angles:  0.000000 0.000000 0.000000
	grand_canonical: 0
	chemical_potential: 0.0000000000000000
box: 14.160758 14.160758
copy: 1.000000 1.000000
epsilon: 0.3750250000000000
end_epsilon: 0.0000000000000000
pressure: 0.4167460000000000
lambda: 0.0000000000000000
lambda_coupling: 1.0000000000000000
uy: 0.0000000000000000
maximum_displacement: 1.0000000000000000
maximum_rotation: 1.0000000000000000
maximum_volume: 1.0000000000000000
maximum_shape: 0.0000001000000000
maximum_dsigma: 0.0100000000000000
mod: 10
pmod: 10
optimize: 1
verbose: 1
snapshot: 0
display: 1
explore: 1
npt: 1
nptxy: 0
nptdxdy: 0
shape: 0
seed: 1231888
115.790649637465 -127.632747884322 0.000000000000 1.000000000000
30.489864947636 257.545760796737 0.000000000000 1.000000000000
-101.362270423672 32.233839998814 0.866025403784 0.500000000000
134.201218772675 28.940083578348 0.000000000000 1.000000000000
214.548059786348 -88.655680897708 0.866025403784 -0.500000000000
-36.800477759537 56.888573501914 0.866025403784 0.500000000000
55.309636187781 66.730789034064 0.866025403784 0.500000000000
10.287203460165 149.068659212089 0.000000000000 1.000000000000
154.785652075323 -86.106709142997 0.000000000000 1.000000000000
-110.886192320944 -50.864263086905 0.866025403784 -0.500000000000
23.270527336256 -51.316065383380 0.866025403784 -0.500000000000
-67.605490157411 21.023506551928 0.000000000000 1.000000000000
-5.660009195741 122.530562674261 0.866025403784 -0.500000000000
-178.959857409222 -106.425927798032 0.000000000000 1.000000000000
-51.256220596574 -123.839937646400 0.866025403784 -0.500000000000
40.838984696674 -10.305682574715 0.000000000000 1.000000000000
136.023560906492 166.775187365112 0.866025403784 -0.500000000000
59.277873686837 60.551592342602 0.866025403784 0.500000000000
-183.854393677203 -106.411620844331 0.000000000000 1.000000000000
-67.280688836625 164.109958863899 0.866025403784 -0.500000000000
