#Configurational_file created 2018-09-14 11:35:33  started 2018-09-14 11:35:32 run for 1.0s steps 0
name: p_1075
step: 10000
specie: 20
	particle_diameter: 1.0000000000000000
	interaction_length: 1.2000000000000000
	number_of_patches: 3
	number_of_particles_per_compound: 1
	rod_length: 1.0000000000000000
	interaction_matrix:  1.000000 1.000000 1.000000 1.000000 1.000000 1.000000 1.000000 1.000000 1.000000
	patch_type: symmetric
	patch_width: 8.0000000000000000
	patch_angle: 0.0000000000000000
	angles:  0.000000 0.000000 0.000000
	grand_canonical: 0
	chemical_potential: 0.0000000000000000
box: 7.547135 7.547135
copy: 1.000000 1.000000
epsilon: 0.3541960000000000
end_epsilon: 0.0000000000000000
pressure: 2.0000000000000000
lambda: 0.0000000000000000
lambda_coupling: 1.0000000000000000
uy: 0.0000000000000000
maximum_displacement: 1.0000000000000000
maximum_rotation: 1.0000000000000000
maximum_volume: 0.5334939115562359
maximum_shape: 0.0000001000000000
maximum_dsigma: 0.0100000000000000
mod: 10
pmod: 10
optimize: 1
verbose: 1
snapshot: 0
display: 1
explore: 1
npt: 1
nptxy: 0
nptdxdy: 0
shape: 0
seed: 1225066
35.224809689382 -139.952025436892 0.000000000000 1.000000000000
18.478527207555 -122.633659383255 0.866025403784 0.500000000000
-3.099806933690 15.863429940673 0.866025403784 0.500000000000
-4.539654537390 3.480112282015 0.866025403784 -0.500000000000
-3.793531225894 85.004156744247 0.000000000000 1.000000000000
-23.561510030918 71.388312697704 0.866025403784 -0.500000000000
-10.381904238327 -10.090345937331 0.866025403784 0.500000000000
31.173253128597 22.205944583595 0.866025403784 0.500000000000
-83.559158038766 -54.379829149190 0.866025403784 0.500000000000
89.097948829533 -45.147507058220 0.866025403784 0.500000000000
131.029378533062 -72.415831406121 0.000000000000 1.000000000000
-138.482096103755 1.944961552155 0.000000000000 1.000000000000
30.810981313163 152.509135236041 0.866025403784 -0.500000000000
1.632936100153 75.822422146379 0.000000000000 1.000000000000
76.272055518353 41.995190762025 0.866025403784 -0.500000000000
-71.425665328971 85.960916932337 0.000000000000 1.000000000000
60.115739496125 -14.587033930071 0.866025403784 0.500000000000
-30.708598986923 -111.349173092081 0.866025403784 0.500000000000
-92.830373177758 -15.781186465331 0.000000000000 1.000000000000
-118.811911217193 -49.220919306390 0.866025403784 0.500000000000
