#Configurational_file created 2018-09-14 11:34:40  started 2018-09-14 11:34:39 run for 1.0s steps 0
name: p_1013
step: 10000
specie: 20
	particle_diameter: 1.0000000000000000
	interaction_length: 1.2000000000000000
	number_of_patches: 3
	number_of_particles_per_compound: 1
	rod_length: 1.0000000000000000
	interaction_matrix:  1.000000 1.000000 1.000000 1.000000 1.000000 1.000000 1.000000 1.000000 1.000000
	patch_type: symmetric
	patch_width: 8.0000000000000000
	patch_angle: 0.0000000000000000
	angles:  0.000000 0.000000 0.000000
	grand_canonical: 0
	chemical_potential: 0.0000000000000000
box: 10.759788 10.759788
copy: 1.000000 1.000000
epsilon: 0.3125370000000000
end_epsilon: 0.0000000000000000
pressure: 1.0000500000000001
lambda: 0.0000000000000000
lambda_coupling: 1.0000000000000000
uy: 0.0000000000000000
maximum_displacement: 1.0000000000000000
maximum_rotation: 1.0000000000000000
maximum_volume: 1.0000000000000000
maximum_shape: 0.0000001000000000
maximum_dsigma: 0.0100000000000000
mod: 10
pmod: 10
optimize: 1
verbose: 1
snapshot: 0
display: 1
explore: 1
npt: 1
nptxy: 0
nptdxdy: 0
shape: 0
seed: 1154572
52.197217845415 -105.079182454021 0.866025403784 0.500000000000
-3.130614666357 -35.589350378209 0.866025403784 0.500000000000
-10.811209934814 50.467600987452 0.866025403784 0.500000000000
9.706830104616 59.993768879201 0.866025403784 -0.500000000000
-1.105077439217 -41.897670162202 0.866025403784 -0.500000000000
59.316930536553 -116.425701410595 0.000000000000 1.000000000000
178.411319787345 42.578437213513 0.866025403784 0.500000000000
-29.866551391345 115.933928521691 0.866025403784 -0.500000000000
-1.525894509048 43.274991465849 0.866025403784 0.500000000000
-146.102176823415 78.119169494105 0.866025403784 -0.500000000000
275.298498072746 156.972130431740 0.866025403784 0.500000000000
71.328694970260 108.846132353108 0.000000000000 1.000000000000
18.607077541411 -88.073925233340 0.000000000000 1.000000000000
5.286193867390 96.494636224057 0.866025403784 -0.500000000000
66.109372823985 135.058721221226 0.866025403784 -0.500000000000
-75.166998742550 81.714241114254 0.866025403784 0.500000000000
125.165473891551 -99.111280453262 0.866025403784 0.500000000000
-42.887402450634 57.623776565862 0.000000000000 1.000000000000
33.874401785132 54.654152223188 0.000000000000 1.000000000000
-24.556769460907 38.477742125127 0.866025403784 0.500000000000
