#Configurational_file created 2018-09-14 12:02:24  started 2018-09-14 12:02:23 run for 1.0s steps 0
name: p_1029
step: 10000
specie: 20
	particle_diameter: 1.0000000000000000
	interaction_length: 1.2000000000000000
	number_of_patches: 3
	number_of_particles_per_compound: 1
	rod_length: 1.0000000000000000
	interaction_matrix:  1.000000 1.000000 1.000000 1.000000 1.000000 1.000000 1.000000 1.000000 1.000000
	patch_type: symmetric
	patch_width: 8.0000000000000000
	patch_angle: 0.0000000000000000
	angles:  0.000000 0.000000 0.000000
	grand_canonical: 0
	chemical_potential: 0.0000000000000000
box: 43.143474 43.143474
copy: 1.000000 1.000000
epsilon: 0.0333340000000000
end_epsilon: 0.0000000000000000
pressure: 0.0125010000000000
lambda: 0.0000000000000000
lambda_coupling: 1.0000000000000000
uy: 0.0000000000000000
maximum_displacement: 1.0000000000000000
maximum_rotation: 1.0000000000000000
maximum_volume: 1.0000000000000000
maximum_shape: 0.0000001000000000
maximum_dsigma: 0.0100000000000000
mod: 10
pmod: 10
optimize: 1
verbose: 1
snapshot: 0
display: 1
explore: 1
npt: 1
nptxy: 0
nptdxdy: 0
shape: 0
seed: 1172764
-88.586949858507 92.093150414954 0.000000000000 1.000000000000
38.221606086504 7.039842630476 0.866025403784 -0.500000000000
-141.696593535700 -344.279972223671 0.866025403784 0.500000000000
-68.072820548838 -87.692419857387 0.000000000000 1.000000000000
59.727048020650 -124.487681577638 0.866025403784 -0.500000000000
-161.263472879589 -177.038848728084 0.866025403784 0.500000000000
2.049890201719 -98.653975334545 0.866025403784 -0.500000000000
0.523602950106 -88.602345035746 0.866025403784 0.500000000000
-12.731271884036 -222.579514817622 0.866025403784 0.500000000000
41.679707411995 361.669658553389 0.866025403784 0.500000000000
27.224422849888 88.609973543992 0.866025403784 -0.500000000000
113.945841705564 -38.069794754135 0.866025403784 0.500000000000
180.712378604186 125.407790302657 0.866025403784 -0.500000000000
-62.425615707230 -117.903854469248 0.000000000000 1.000000000000
48.357219228427 -13.992319835006 0.000000000000 1.000000000000
127.575060757870 55.905307950549 0.866025403784 -0.500000000000
36.627175519156 -150.038858511042 0.866025403784 -0.500000000000
393.732641437272 -95.909660795150 0.000000000000 1.000000000000
12.701791943679 25.563990007822 0.866025403784 -0.500000000000
-184.373318769465 66.621585125195 0.000000000000 1.000000000000
