#Configurational_file created 2018-09-14 11:34:35  started 2018-09-14 11:34:34 run for 1.0s steps 0
name: p_1007
step: 10000
specie: 20
	particle_diameter: 1.0000000000000000
	interaction_length: 1.2000000000000000
	number_of_patches: 3
	number_of_particles_per_compound: 1
	rod_length: 1.0000000000000000
	interaction_matrix:  1.000000 1.000000 1.000000 1.000000 1.000000 1.000000 1.000000 1.000000 1.000000
	patch_type: symmetric
	patch_width: 8.0000000000000000
	patch_angle: 0.0000000000000000
	angles:  0.000000 0.000000 0.000000
	grand_canonical: 0
	chemical_potential: 0.0000000000000000
box: 13.784701 13.784701
copy: 1.000000 1.000000
epsilon: 0.3125370000000000
end_epsilon: 0.0000000000000000
pressure: 0.5000750000000000
lambda: 0.0000000000000000
lambda_coupling: 1.0000000000000000
uy: 0.0000000000000000
maximum_displacement: 1.0000000000000000
maximum_rotation: 1.0000000000000000
maximum_volume: 1.0000000000000000
maximum_shape: 0.0000001000000000
maximum_dsigma: 0.0100000000000000
mod: 10
pmod: 10
optimize: 1
verbose: 1
snapshot: 0
display: 1
explore: 1
npt: 1
nptxy: 0
nptdxdy: 0
shape: 0
seed: 1147750
193.072280059251 7.762890315006 0.866025403784 -0.500000000000
-21.378501244681 108.301933637990 0.866025403784 -0.500000000000
-11.292599246170 5.841244419846 0.000000000000 1.000000000000
-83.356637848122 -1.088102430027 0.866025403784 -0.500000000000
103.350478338580 -20.363516353354 0.000000000000 1.000000000000
-111.333237095189 -95.088808868852 0.000000000000 1.000000000000
22.158366773266 53.316702621048 0.000000000000 1.000000000000
19.039945538747 23.756123386398 0.866025403784 -0.500000000000
7.870756795565 -123.230018609422 0.000000000000 1.000000000000
-50.935907876769 -65.278953858730 0.000000000000 1.000000000000
-39.126660010268 4.282623817458 0.866025403784 0.500000000000
92.591444826618 1.892629980799 0.866025403784 0.500000000000
81.003472381923 125.493858949784 0.866025403784 0.500000000000
-4.324403023727 46.200482574857 0.866025403784 0.500000000000
57.752648985451 7.041354997953 0.000000000000 1.000000000000
26.928026659127 -174.465303689361 0.000000000000 1.000000000000
128.020624953978 -49.919662294730 0.866025403784 -0.500000000000
-41.270696129305 -31.733839223342 0.866025403784 0.500000000000
169.689019928608 165.633450055821 0.866025403784 0.500000000000
-61.219207990083 94.530269162183 0.866025403784 -0.500000000000
