#Configurational_file created 2018-09-14 11:35:03  started 2018-09-14 11:35:03 run for 0.0s steps 0
name: p_1041
step: 10000
specie: 20
	particle_diameter: 1.0000000000000000
	interaction_length: 1.2000000000000000
	number_of_patches: 3
	number_of_particles_per_compound: 1
	rod_length: 1.0000000000000000
	interaction_matrix:  1.000000 1.000000 1.000000 1.000000 1.000000 1.000000 1.000000 1.000000 1.000000
	patch_type: symmetric
	patch_width: 8.0000000000000000
	patch_angle: 0.0000000000000000
	angles:  0.000000 0.000000 0.000000
	grand_canonical: 0
	chemical_potential: 0.0000000000000000
box: 8.496405 8.496405
copy: 1.000000 1.000000
epsilon: 0.3333670000000000
end_epsilon: 0.0000000000000000
pressure: 1.2500370000000001
lambda: 0.0000000000000000
lambda_coupling: 1.0000000000000000
uy: 0.0000000000000000
maximum_displacement: 1.0000000000000000
maximum_rotation: 1.0000000000000000
maximum_volume: 0.9200000000000000
maximum_shape: 0.0000001000000000
maximum_dsigma: 0.0100000000000000
mod: 10
pmod: 10
optimize: 1
verbose: 1
snapshot: 0
display: 1
explore: 1
npt: 1
nptxy: 0
nptdxdy: 0
shape: 0
seed: 1186408
113.439106434557 9.419690099918 0.866025403784 -0.500000000000
60.432974974554 124.584977618691 0.866025403784 0.500000000000
-48.426261009856 56.078934855793 0.866025403784 -0.500000000000
24.626109039638 40.927860918152 0.866025403784 0.500000000000
-49.982710142085 -64.610393440466 0.866025403784 -0.500000000000
-122.107683831194 158.395675297167 0.866025403784 0.500000000000
85.385502728526 19.392981354012 0.866025403784 -0.500000000000
106.226330327791 103.682338836639 0.866025403784 -0.500000000000
45.451837025266 -97.618794700698 0.000000000000 1.000000000000
96.433330224384 84.574266878823 0.000000000000 1.000000000000
-46.669333243648 116.442482005168 0.866025403784 -0.500000000000
36.189395449694 -9.124743431059 0.866025403784 0.500000000000
39.155950397683 145.952594465319 0.000000000000 1.000000000000
66.662494791371 105.280274435488 0.866025403784 -0.500000000000
35.491588468714 18.953935851795 0.866025403784 -0.500000000000
-115.752194791821 -79.244079911564 0.000000000000 1.000000000000
-147.404679947391 -35.757982232200 0.000000000000 1.000000000000
0.352065235289 153.755113845403 0.000000000000 1.000000000000
142.431660044739 0.733429281996 0.000000000000 1.000000000000
73.386428445498 -118.941890298514 0.866025403784 0.500000000000
