#Configurational_file created 2018-09-14 13:58:09  started 2018-09-14 13:58:08 run for 1.0s steps 0
name: p_1035
step: 10000
specie: 20
	particle_diameter: 1.0000000000000000
	interaction_length: 1.2000000000000000
	number_of_patches: 3
	number_of_particles_per_compound: 1
	rod_length: 1.0000000000000000
	interaction_matrix:  1.000000 1.000000 1.000000 1.000000 1.000000 1.000000 1.000000 1.000000 1.000000
	patch_type: symmetric
	patch_width: 8.0000000000000000
	patch_angle: 0.0000000000000000
	angles:  0.000000 0.000000 0.000000
	grand_canonical: 0
	chemical_potential: 0.0000000000000000
box: 19.126782 19.126782
copy: 1.000000 1.000000
epsilon: 0.2758630000000000
end_epsilon: 0.0000000000000000
pressure: 0.2413800000000000
lambda: 0.0000000000000000
lambda_coupling: 1.0000000000000000
uy: 0.0000000000000000
maximum_displacement: 1.0000000000000000
maximum_rotation: 1.0000000000000000
maximum_volume: 1.0000000000000000
maximum_shape: 0.0000001000000000
maximum_dsigma: 0.0100000000000000
mod: 10
pmod: 10
optimize: 1
verbose: 1
snapshot: 0
display: 1
explore: 1
npt: 1
nptxy: 0
nptdxdy: 0
shape: 0
seed: 1179586
29.558858540645 172.178598110900 0.866025403784 -0.500000000000
-89.731707384617 30.976502391390 0.000000000000 1.000000000000
-153.153294757995 86.041283288083 0.866025403784 -0.500000000000
-226.006080759061 -69.556665137974 0.866025403784 -0.500000000000
-81.590704106850 -47.929836831008 0.866025403784 -0.500000000000
143.833025869876 103.457404880218 0.866025403784 0.500000000000
20.332684174657 -29.243563839859 0.866025403784 -0.500000000000
-57.572078802539 78.782363953113 0.866025403784 -0.500000000000
99.304833239586 -20.575240440509 0.866025403784 -0.500000000000
27.688279320858 28.914983388620 0.866025403784 -0.500000000000
-71.263701618330 -147.667769360551 0.866025403784 0.500000000000
-108.504415974058 -34.847339544949 0.866025403784 0.500000000000
-38.263709546566 -11.486040705187 0.866025403784 0.500000000000
36.566495503333 39.158524347493 0.866025403784 -0.500000000000
23.516556283312 -48.483778004245 0.866025403784 0.500000000000
-53.795445697682 49.956571180169 0.866025403784 0.500000000000
29.305066927845 28.012103779187 0.866025403784 0.500000000000
124.317242650786 36.703626519822 0.000000000000 1.000000000000
-79.318441996361 -158.536237127633 0.866025403784 0.500000000000
36.372228170082 118.970313642686 0.000000000000 1.000000000000
