#Configurational_file created 2018-09-14 11:35:18  started 2018-09-14 11:35:18 run for 0.0s steps 0
name: p_1059
step: 10000
specie: 20
	particle_diameter: 1.0000000000000000
	interaction_length: 1.2000000000000000
	number_of_patches: 3
	number_of_particles_per_compound: 1
	rod_length: 1.0000000000000000
	interaction_matrix:  1.000000 1.000000 1.000000 1.000000 1.000000 1.000000 1.000000 1.000000 1.000000
	patch_type: symmetric
	patch_width: 8.0000000000000000
	patch_angle: 0.0000000000000000
	angles:  0.000000 0.000000 0.000000
	grand_canonical: 0
	chemical_potential: 0.0000000000000000
box: 9.842949 9.842949
copy: 1.000000 1.000000
epsilon: 0.3541960000000000
end_epsilon: 0.0000000000000000
pressure: 0.6667330000000000
lambda: 0.0000000000000000
lambda_coupling: 1.0000000000000000
uy: 0.0000000000000000
maximum_displacement: 1.0000000000000000
maximum_rotation: 1.0000000000000000
maximum_volume: 1.0000000000000000
maximum_shape: 0.0000001000000000
maximum_dsigma: 0.0100000000000000
mod: 10
pmod: 10
optimize: 1
verbose: 1
snapshot: 0
display: 1
explore: 1
npt: 1
nptxy: 0
nptdxdy: 0
shape: 0
seed: 1206874
-113.314792599153 -85.690207015932 0.000000000000 1.000000000000
-96.043797184723 47.222912040319 0.000000000000 1.000000000000
-61.292469513280 63.833336852991 0.866025403784 -0.500000000000
55.433806862961 36.364609110676 0.866025403784 0.500000000000
58.949511110660 69.671582366055 0.866025403784 0.500000000000
51.488734620109 -77.708481646515 0.000000000000 1.000000000000
101.276836064204 -13.152567261973 0.000000000000 1.000000000000
-12.337531671548 -84.517881427582 0.866025403784 0.500000000000
-4.106731827553 -78.053984288903 0.866025403784 -0.500000000000
-87.394277022745 -85.897572769670 0.866025403784 -0.500000000000
44.015511394030 37.083970799219 0.866025403784 0.500000000000
-27.025743867149 -55.100600959914 0.866025403784 0.500000000000
111.396640911764 -26.057556612322 0.000000000000 1.000000000000
17.257954456926 39.768207202099 0.000000000000 1.000000000000
-104.134521555084 -78.149210464356 0.866025403784 0.500000000000
32.566498935183 54.468828374598 0.000000000000 1.000000000000
-18.092805092849 -22.049118430400 0.866025403784 -0.500000000000
-10.392957455270 -11.551414770273 0.866025403784 0.500000000000
-17.497287808894 70.054630615308 0.866025403784 -0.500000000000
12.111001023688 -65.997970121349 0.000000000000 1.000000000000
