#Configurational_file created 2018-09-14 13:58:26  started 2018-09-14 13:58:26 run for 0.0s steps 0
name: p_1060
step: 10000
specie: 20
	particle_diameter: 1.0000000000000000
	interaction_length: 1.2000000000000000
	number_of_patches: 3
	number_of_particles_per_compound: 1
	rod_length: 1.0000000000000000
	interaction_matrix:  1.000000 1.000000 1.000000 1.000000 1.000000 1.000000 1.000000 1.000000 1.000000
	patch_type: symmetric
	patch_width: 8.0000000000000000
	patch_angle: 0.0000000000000000
	angles:  0.000000 0.000000 0.000000
	grand_canonical: 0
	chemical_potential: 0.0000000000000000
box: 24.974484 24.974484
copy: 1.000000 1.000000
epsilon: 0.3448280000000000
end_epsilon: 0.0000000000000000
pressure: 0.1551730000000000
lambda: 0.0000000000000000
lambda_coupling: 1.0000000000000000
uy: 0.0000000000000000
maximum_displacement: 1.0000000000000000
maximum_rotation: 1.0000000000000000
maximum_volume: 1.0000000000000000
maximum_shape: 0.0000001000000000
maximum_dsigma: 0.0100000000000000
mod: 10
pmod: 10
optimize: 1
verbose: 1
snapshot: 0
display: 1
explore: 1
npt: 1
nptxy: 0
nptdxdy: 0
shape: 0
seed: 1208011
101.039398831504 102.860639285731 0.000000000000 1.000000000000
45.176318196804 -28.273545093144 0.866025403784 0.500000000000
71.990990087707 87.233465567321 0.866025403784 0.500000000000
10.546920277563 216.586681697715 0.866025403784 -0.500000000000
37.477768632407 -162.119867259774 0.000000000000 1.000000000000
-38.118957446806 2.864211467681 0.866025403784 0.500000000000
-170.601406092721 -59.790737708533 0.000000000000 1.000000000000
-17.718589367414 137.306522771283 0.000000000000 1.000000000000
87.874002410763 -15.136736673214 0.000000000000 1.000000000000
84.697684207660 29.648307304727 0.000000000000 1.000000000000
19.715733142839 266.305698155504 0.866025403784 0.500000000000
-9.661322907869 42.797998986265 0.866025403784 -0.500000000000
-91.757524774327 -9.646966397934 0.866025403784 0.500000000000
-117.894673500540 -7.949919864611 0.866025403784 0.500000000000
147.925881770533 -100.511725607905 0.866025403784 0.500000000000
-62.694290764844 -182.187164613055 0.866025403784 0.500000000000
-75.060559331953 111.560186591390 0.866025403784 -0.500000000000
53.163442888507 106.093919160436 0.000000000000 1.000000000000
108.820521282573 166.768922980146 0.866025403784 0.500000000000
-233.520015360909 -141.535320237346 0.000000000000 1.000000000000
