#Configurational_file created 2018-09-14 13:58:02  started 2018-09-14 13:58:01 run for 1.0s steps 0
name: p_1024
step: 10000
specie: 20
	particle_diameter: 1.0000000000000000
	interaction_length: 1.2000000000000000
	number_of_patches: 3
	number_of_particles_per_compound: 1
	rod_length: 1.0000000000000000
	interaction_matrix:  1.000000 1.000000 1.000000 1.000000 1.000000 1.000000 1.000000 1.000000 1.000000
	patch_type: symmetric
	patch_width: 8.0000000000000000
	patch_angle: 0.0000000000000000
	angles:  0.000000 0.000000 0.000000
	grand_canonical: 0
	chemical_potential: 0.0000000000000000
box: 39.223918 39.223918
copy: 1.000000 1.000000
epsilon: 0.2758630000000000
end_epsilon: 0.0000000000000000
pressure: 0.0517250000000000
lambda: 0.0000000000000000
lambda_coupling: 1.0000000000000000
uy: 0.0000000000000000
maximum_displacement: 1.0000000000000000
maximum_rotation: 1.0000000000000000
maximum_volume: 1.0000000000000000
maximum_shape: 0.0000001000000000
maximum_dsigma: 0.0100000000000000
mod: 10
pmod: 10
optimize: 1
verbose: 1
snapshot: 0
display: 1
explore: 1
npt: 1
nptxy: 0
nptdxdy: 0
shape: 0
seed: 1167079
246.598912199901 -344.979638680819 0.866025403784 0.500000000000
126.772403706682 -125.712439571309 0.866025403784 0.500000000000
82.770934475983 81.211221088307 0.000000000000 1.000000000000
-20.758802712235 -67.847165360672 0.866025403784 0.500000000000
24.703528226076 -26.541596862957 0.000000000000 1.000000000000
-168.320306031002 93.734412764762 0.866025403784 0.500000000000
67.847811676199 -171.007990464258 0.866025403784 -0.500000000000
198.966977440083 36.319990297096 0.866025403784 -0.500000000000
54.406583830339 87.685751324099 0.866025403784 -0.500000000000
-223.830862248993 67.817095906955 0.000000000000 1.000000000000
37.942252607750 150.731271315844 0.866025403784 0.500000000000
-111.486678333010 74.915997377130 0.866025403784 0.500000000000
-110.811006474043 195.868099169463 0.866025403784 -0.500000000000
-10.171173390487 132.277017017182 0.000000000000 1.000000000000
-93.383141406228 -64.542900436511 0.866025403784 -0.500000000000
-296.215849759985 302.789858442104 0.000000000000 1.000000000000
-189.869658860778 -166.686323170002 0.866025403784 -0.500000000000
-36.146877282170 141.779194512334 0.866025403784 0.500000000000
203.183133946626 31.275595763075 0.000000000000 1.000000000000
68.230080177328 -194.055868998551 0.866025403784 -0.500000000000
