#Configurational_file created 2018-09-14 11:06:45  started 2018-09-14 11:06:44 run for 1.0s steps 0
name: p_104
step: 10000
specie: 20
	particle_diameter: 1.0000000000000000
	interaction_length: 1.2000000000000000
	number_of_patches: 3
	number_of_particles_per_compound: 1
	rod_length: 1.0000000000000000
	interaction_matrix:  1.000000 1.000000 1.000000 1.000000 1.000000 1.000000 1.000000 1.000000 1.000000
	patch_type: symmetric
	patch_width: 8.0000000000000000
	patch_angle: 0.0000000000000000
	angles:  0.000000 0.000000 0.000000
	grand_canonical: 0
	chemical_potential: 0.0000000000000000
box: 8.410975 8.410975
copy: 1.000000 1.000000
epsilon: 0.2857570000000000
end_epsilon: 0.0000000000000000
pressure: 2.0000000000000000
lambda: 0.0000000000000000
lambda_coupling: 1.0000000000000000
uy: 0.0000000000000000
maximum_displacement: 1.0000000000000000
maximum_rotation: 1.0000000000000000
maximum_volume: 0.5511540655352445
maximum_shape: 0.0000001000000000
maximum_dsigma: 0.0100000000000000
mod: 10
pmod: 10
optimize: 1
verbose: 1
snapshot: 0
display: 1
explore: 1
npt: 1
nptxy: 0
nptdxdy: 0
shape: 0
seed: 121118
-16.805670263972 19.881508339677 0.000000000000 1.000000000000
-142.532350364420 43.727030916817 0.000000000000 1.000000000000
4.999272180796 140.084640540253 0.000000000000 1.000000000000
-59.805522464683 -13.415507450195 0.000000000000 1.000000000000
-46.694540264356 160.252903730842 0.866025403784 -0.500000000000
-24.326288599212 -120.006909937690 0.866025403784 0.500000000000
-76.783169475167 -54.186771583589 0.866025403784 -0.500000000000
-92.763202268904 51.638506310844 0.866025403784 0.500000000000
19.756758310689 -64.508628057319 0.866025403784 -0.500000000000
103.688833804805 -20.253289927360 0.866025403784 -0.500000000000
34.795355101956 82.865161961533 0.866025403784 -0.500000000000
74.414105715001 -92.638682111935 0.866025403784 0.500000000000
61.350294107403 52.441513704883 0.000000000000 1.000000000000
111.200598392042 -72.320789469607 0.866025403784 -0.500000000000
22.466762809851 -45.733730801333 0.000000000000 1.000000000000
-81.573493046217 42.686695569031 0.866025403784 0.500000000000
-37.027094976465 17.650762732130 0.866025403784 -0.500000000000
84.075791726608 -51.757061775415 0.866025403784 0.500000000000
-22.530340842217 -44.154454068587 0.866025403784 -0.500000000000
-105.215094060867 -19.199343462761 0.000000000000 1.000000000000
