#Configurational_file created 2018-09-14 13:58:11  started 2018-09-14 13:58:10 run for 1.0s steps 0
name: p_1038
step: 10000
specie: 20
	particle_diameter: 1.0000000000000000
	interaction_length: 1.2000000000000000
	number_of_patches: 3
	number_of_particles_per_compound: 1
	rod_length: 1.0000000000000000
	interaction_matrix:  1.000000 1.000000 1.000000 1.000000 1.000000 1.000000 1.000000 1.000000 1.000000
	patch_type: symmetric
	patch_width: 8.0000000000000000
	patch_angle: 0.0000000000000000
	angles:  0.000000 0.000000 0.000000
	grand_canonical: 0
	chemical_potential: 0.0000000000000000
box: 16.899465 16.899465
copy: 1.000000 1.000000
epsilon: 0.2758630000000000
end_epsilon: 0.0000000000000000
pressure: 0.2931040000000000
lambda: 0.0000000000000000
lambda_coupling: 1.0000000000000000
uy: 0.0000000000000000
maximum_displacement: 1.0000000000000000
maximum_rotation: 1.0000000000000000
maximum_volume: 1.0000000000000000
maximum_shape: 0.0000001000000000
maximum_dsigma: 0.0100000000000000
mod: 10
pmod: 10
optimize: 1
verbose: 1
snapshot: 0
display: 1
explore: 1
npt: 1
nptxy: 0
nptdxdy: 0
shape: 0
seed: 1182997
102.731386028497 -29.196979774992 0.866025403784 0.500000000000
145.197734367588 92.534479823628 0.000000000000 1.000000000000
-95.148733871922 -35.522545641024 0.866025403784 0.500000000000
-114.292853857541 -5.237985441964 0.866025403784 -0.500000000000
50.292052725199 -319.981453592177 0.866025403784 -0.500000000000
49.636124703467 57.060374092401 0.866025403784 -0.500000000000
-10.528162271822 111.255765827276 0.000000000000 1.000000000000
147.991505271977 67.570934669882 0.866025403784 0.500000000000
239.685999931999 -40.123238383637 0.000000000000 1.000000000000
36.802226679879 24.774299999328 0.866025403784 -0.500000000000
134.849901340570 -11.509284568831 0.866025403784 0.500000000000
-38.296925553580 52.574928158294 0.866025403784 -0.500000000000
93.192926397112 42.235432029026 0.866025403784 0.500000000000
-53.698602640315 129.941430643277 0.866025403784 0.500000000000
-31.852778518944 -1.408350966118 0.866025403784 -0.500000000000
-97.722938515473 -62.072076039921 0.866025403784 -0.500000000000
-89.488624713876 -114.399371106550 0.866025403784 0.500000000000
-32.769184621135 14.165729526563 0.866025403784 0.500000000000
144.502165779275 74.531830094365 0.866025403784 -0.500000000000
78.344514771150 -32.111501146692 0.000000000000 1.000000000000
