#Configurational_file created 2018-09-14 11:35:06  started 2018-09-14 11:35:05 run for 1.0s steps 0
name: p_1044
step: 10000
specie: 20
	particle_diameter: 1.0000000000000000
	interaction_length: 1.2000000000000000
	number_of_patches: 3
	number_of_particles_per_compound: 1
	rod_length: 1.0000000000000000
	interaction_matrix:  1.000000 1.000000 1.000000 1.000000 1.000000 1.000000 1.000000 1.000000 1.000000
	patch_type: symmetric
	patch_width: 8.0000000000000000
	patch_angle: 0.0000000000000000
	angles:  0.000000 0.000000 0.000000
	grand_canonical: 0
	chemical_potential: 0.0000000000000000
box: 8.101803 8.101803
copy: 1.000000 1.000000
epsilon: 0.3333670000000000
end_epsilon: 0.0000000000000000
pressure: 1.5000249999999999
lambda: 0.0000000000000000
lambda_coupling: 1.0000000000000000
uy: 0.0000000000000000
maximum_displacement: 1.0000000000000000
maximum_rotation: 1.0000000000000000
maximum_volume: 0.7619562374455581
maximum_shape: 0.0000001000000000
maximum_dsigma: 0.0100000000000000
mod: 10
pmod: 10
optimize: 1
verbose: 1
snapshot: 0
display: 1
explore: 1
npt: 1
nptxy: 0
nptdxdy: 0
shape: 0
seed: 1189819
70.329777780715 -41.047937034283 0.866025403784 -0.500000000000
32.139026826584 100.924374720027 0.000000000000 1.000000000000
96.406429245572 -56.275336145628 0.000000000000 1.000000000000
7.644031004766 -10.683410423321 0.000000000000 1.000000000000
-42.043571151562 159.978522525654 0.000000000000 1.000000000000
-14.011586978055 -27.152541310038 0.866025403784 -0.500000000000
101.736141552683 -4.599043974204 0.866025403784 -0.500000000000
142.102813146346 32.541053341654 0.866025403784 -0.500000000000
33.713666344760 56.452240046878 0.866025403784 -0.500000000000
27.165802409733 -48.461835381044 0.866025403784 0.500000000000
-4.916472491473 126.986385638502 0.866025403784 0.500000000000
-66.125581824387 92.348219741742 0.000000000000 1.000000000000
-61.233769977115 -41.249526815489 0.000000000000 1.000000000000
-46.610410976150 74.351440157840 0.866025403784 -0.500000000000
37.840350012797 -144.217679314702 0.866025403784 0.500000000000
63.119379885912 3.411340960683 0.866025403784 -0.500000000000
91.411816586909 -36.223768429117 0.000000000000 1.000000000000
129.946013817083 -14.292440029471 0.866025403784 -0.500000000000
-30.365975709644 -119.064579821877 0.866025403784 -0.500000000000
-64.116108321258 5.114601767792 0.000000000000 1.000000000000
