#Configurational_file created 2018-09-14 11:34:38  started 2018-09-14 11:34:37 run for 1.0s steps 0
name: p_1011
step: 10000
specie: 20
	particle_diameter: 1.0000000000000000
	interaction_length: 1.2000000000000000
	number_of_patches: 3
	number_of_particles_per_compound: 1
	rod_length: 1.0000000000000000
	interaction_matrix:  1.000000 1.000000 1.000000 1.000000 1.000000 1.000000 1.000000 1.000000 1.000000
	patch_type: symmetric
	patch_width: 8.0000000000000000
	patch_angle: 0.0000000000000000
	angles:  0.000000 0.000000 0.000000
	grand_canonical: 0
	chemical_potential: 0.0000000000000000
box: 11.464094 11.464094
copy: 1.000000 1.000000
epsilon: 0.3125370000000000
end_epsilon: 0.0000000000000000
pressure: 0.8333920000000000
lambda: 0.0000000000000000
lambda_coupling: 1.0000000000000000
uy: 0.0000000000000000
maximum_displacement: 1.0000000000000000
maximum_rotation: 1.0000000000000000
maximum_volume: 1.0000000000000000
maximum_shape: 0.0000001000000000
maximum_dsigma: 0.0100000000000000
mod: 10
pmod: 10
optimize: 1
verbose: 1
snapshot: 0
display: 1
explore: 1
npt: 1
nptxy: 0
nptdxdy: 0
shape: 0
seed: 1152298
-73.828323925120 34.875206453592 0.000000000000 1.000000000000
121.812317771845 32.669162469927 0.866025403784 0.500000000000
-155.216101253431 -38.954018893133 0.000000000000 1.000000000000
10.510834102743 -72.323191293416 0.000000000000 1.000000000000
-116.306121714839 -52.103600188067 0.866025403784 0.500000000000
127.235861946432 -51.273772317628 0.000000000000 1.000000000000
-47.055207536814 -147.576331761324 0.000000000000 1.000000000000
-185.005388557214 -23.228000721861 0.866025403784 -0.500000000000
-62.257320211195 37.124385605792 0.000000000000 1.000000000000
72.716918682844 34.985084447693 0.866025403784 -0.500000000000
-175.694191301582 -64.062298270726 0.000000000000 1.000000000000
95.854479057056 61.169631375738 0.866025403784 -0.500000000000
104.502503802969 -102.932634360318 0.000000000000 1.000000000000
-138.836872962654 78.818105779509 0.866025403784 -0.500000000000
199.446189912964 67.322544690783 0.866025403784 -0.500000000000
58.755126666383 -61.100520583801 0.000000000000 1.000000000000
2.352583941551 261.529529427376 0.000000000000 1.000000000000
-125.067982927847 66.681310685380 0.866025403784 0.500000000000
83.153571948405 60.255833315067 0.866025403784 0.500000000000
39.731184405781 -71.864806835224 0.866025403784 0.500000000000
