#Configurational_file created 2018-09-14 12:03:01  started 2018-09-14 12:03:00 run for 1.0s steps 0
name: p_1080
step: 10000
specie: 20
	particle_diameter: 1.0000000000000000
	interaction_length: 1.2000000000000000
	number_of_patches: 3
	number_of_particles_per_compound: 1
	rod_length: 1.0000000000000000
	interaction_matrix:  1.000000 1.000000 1.000000 1.000000 1.000000 1.000000 1.000000 1.000000 1.000000
	patch_type: symmetric
	patch_width: 8.0000000000000000
	patch_angle: 0.0000000000000000
	angles:  0.000000 0.000000 0.000000
	grand_canonical: 0
	chemical_potential: 0.0000000000000000
box: 52.251028 52.251028
copy: 1.000000 1.000000
epsilon: 0.0375000000000000
end_epsilon: 0.0000000000000000
pressure: 0.0166680000000000
lambda: 0.0000000000000000
lambda_coupling: 1.0000000000000000
uy: 0.0000000000000000
maximum_displacement: 1.0000000000000000
maximum_rotation: 1.0000000000000000
maximum_volume: 1.0000000000000000
maximum_shape: 0.0000001000000000
maximum_dsigma: 0.0100000000000000
mod: 10
pmod: 10
optimize: 1
verbose: 1
snapshot: 0
display: 1
explore: 1
npt: 1
nptxy: 0
nptdxdy: 0
shape: 0
seed: 1230751
-150.428817735935 27.681819859869 0.000000000000 1.000000000000
-83.008480019544 -198.505325631982 0.000000000000 1.000000000000
-162.565598396813 42.686661828016 0.866025403784 0.500000000000
-3.596692432239 18.848182076238 0.866025403784 0.500000000000
-287.165389205701 -225.728441155101 0.000000000000 1.000000000000
-101.845177483327 211.575423958724 0.866025403784 0.500000000000
-10.908979018137 -124.127076161810 0.866025403784 0.500000000000
-0.221596192063 -126.075672899024 0.866025403784 -0.500000000000
84.241655679661 108.635038553618 0.866025403784 -0.500000000000
-172.118505956107 -108.096384272226 0.866025403784 -0.500000000000
-50.128254828160 172.733871094352 0.866025403784 0.500000000000
-298.400887420613 -232.180923280247 0.866025403784 -0.500000000000
61.644982964307 409.301511685615 0.000000000000 1.000000000000
-154.779754826338 266.961494428700 0.866025403784 0.500000000000
115.572106604879 328.285610741578 0.866025403784 0.500000000000
39.334066907818 -35.445253034981 0.866025403784 0.500000000000
-33.660143699680 -121.898942898366 0.000000000000 1.000000000000
-196.390498740277 -96.787420429024 0.866025403784 0.500000000000
-26.343555117737 -67.994323522331 0.866025403784 -0.500000000000
143.309475983391 307.891844828919 0.866025403784 -0.500000000000
