#Configurational_file created 2018-09-14 13:58:46  started 2018-09-14 13:58:45 run for 1.0s steps 0
name: p_1088
step: 10000
specie: 20
	particle_diameter: 1.0000000000000000
	interaction_length: 1.2000000000000000
	number_of_patches: 3
	number_of_particles_per_compound: 1
	rod_length: 1.0000000000000000
	interaction_matrix:  1.000000 1.000000 1.000000 1.000000 1.000000 1.000000 1.000000 1.000000 1.000000
	patch_type: symmetric
	patch_width: 8.0000000000000000
	patch_angle: 0.0000000000000000
	angles:  0.000000 0.000000 0.000000
	grand_canonical: 0
	chemical_potential: 0.0000000000000000
box: 17.861298 17.861298
copy: 1.000000 1.000000
epsilon: 0.4137940000000000
end_epsilon: 0.0000000000000000
pressure: 0.1206900000000000
lambda: 0.0000000000000000
lambda_coupling: 1.0000000000000000
uy: 0.0000000000000000
maximum_displacement: 1.0000000000000000
maximum_rotation: 1.0000000000000000
maximum_volume: 1.0000000000000000
maximum_shape: 0.0000001000000000
maximum_dsigma: 0.0100000000000000
mod: 10
pmod: 10
optimize: 1
verbose: 1
snapshot: 0
display: 1
explore: 1
npt: 1
nptxy: 0
nptdxdy: 0
shape: 0
seed: 1239847
42.414679395475 -168.803339152661 0.000000000000 1.000000000000
66.630824318143 -0.207231491088 0.866025403784 -0.500000000000
-72.992983691561 -78.695847796899 0.000000000000 1.000000000000
-47.185415047001 78.406553583116 0.866025403784 -0.500000000000
133.841213846199 -86.398325611268 0.866025403784 0.500000000000
-128.751855256200 -62.214569758811 0.000000000000 1.000000000000
-47.114320247163 20.552156968855 0.866025403784 -0.500000000000
64.117258106243 -19.035488004983 0.866025403784 0.500000000000
43.721662914518 82.217703306580 0.000000000000 1.000000000000
-110.805351981202 -113.047656879957 0.000000000000 1.000000000000
2.023158562803 117.131899094686 0.866025403784 -0.500000000000
142.352442811542 130.132259137379 0.866025403784 0.500000000000
102.700469212191 -235.861955128793 0.866025403784 0.500000000000
64.151210029286 58.951283135721 0.000000000000 1.000000000000
179.067827719466 35.601968706139 0.866025403784 -0.500000000000
115.592054731494 24.968182690915 0.000000000000 1.000000000000
43.217192129458 4.875912816048 0.000000000000 1.000000000000
48.845895551855 -10.402223760734 0.000000000000 1.000000000000
83.991892901848 -185.319588511878 0.866025403784 0.500000000000
-33.014395369137 18.981674589629 0.000000000000 1.000000000000
