#Configurational_file created 2018-09-14 13:58:05  started 2018-09-14 13:58:04 run for 1.0s steps 0
name: p_1029
step: 10000
specie: 20
	particle_diameter: 1.0000000000000000
	interaction_length: 1.2000000000000000
	number_of_patches: 3
	number_of_particles_per_compound: 1
	rod_length: 1.0000000000000000
	interaction_matrix:  1.000000 1.000000 1.000000 1.000000 1.000000 1.000000 1.000000 1.000000 1.000000
	patch_type: symmetric
	patch_width: 8.0000000000000000
	patch_angle: 0.0000000000000000
	angles:  0.000000 0.000000 0.000000
	grand_canonical: 0
	chemical_potential: 0.0000000000000000
box: 24.045045 24.045045
copy: 1.000000 1.000000
epsilon: 0.2758630000000000
end_epsilon: 0.0000000000000000
pressure: 0.1379320000000000
lambda: 0.0000000000000000
lambda_coupling: 1.0000000000000000
uy: 0.0000000000000000
maximum_displacement: 1.0000000000000000
maximum_rotation: 1.0000000000000000
maximum_volume: 1.0000000000000000
maximum_shape: 0.0000001000000000
maximum_dsigma: 0.0100000000000000
mod: 10
pmod: 10
optimize: 1
verbose: 1
snapshot: 0
display: 1
explore: 1
npt: 1
nptxy: 0
nptdxdy: 0
shape: 0
seed: 1172764
-161.789217830963 60.147578083402 0.000000000000 1.000000000000
1.583976785739 -22.882415574408 0.000000000000 1.000000000000
-183.783397647827 47.246584682273 0.000000000000 1.000000000000
99.397286576987 -144.121331385249 0.866025403784 0.500000000000
103.054737239532 16.036086655985 0.000000000000 1.000000000000
-18.079250457365 -6.054666032360 0.866025403784 0.500000000000
166.390466695483 46.809255630330 0.866025403784 0.500000000000
-0.985968241985 163.432668286066 0.866025403784 0.500000000000
-281.626001972188 -157.294096878908 0.000000000000 1.000000000000
26.198424878796 -58.532635488484 0.000000000000 1.000000000000
-0.495389893437 11.087672792249 0.000000000000 1.000000000000
-170.175306441363 -122.981922709730 0.000000000000 1.000000000000
-44.322468628896 -33.412355445008 0.000000000000 1.000000000000
-58.231726224509 -52.943786342064 0.866025403784 -0.500000000000
-117.475468142541 45.541718431336 0.866025403784 -0.500000000000
173.449644423485 96.769500212224 0.000000000000 1.000000000000
31.900956468107 49.312510620381 0.000000000000 1.000000000000
80.766996938582 66.840852536695 0.866025403784 -0.500000000000
182.603175406554 -123.954025095136 0.866025403784 -0.500000000000
-128.516600783957 19.686910380233 0.866025403784 0.500000000000
