#Configurational_file created 2018-09-14 12:02:47  started 2018-09-14 12:02:47 run for 0.0s steps 0
name: p_1061
step: 10000
specie: 20
	particle_diameter: 1.0000000000000000
	interaction_length: 1.2000000000000000
	number_of_patches: 3
	number_of_particles_per_compound: 1
	rod_length: 1.0000000000000000
	interaction_matrix:  1.000000 1.000000 1.000000 1.000000 1.000000 1.000000 1.000000 1.000000 1.000000
	patch_type: symmetric
	patch_width: 8.0000000000000000
	patch_angle: 0.0000000000000000
	angles:  0.000000 0.000000 0.000000
	grand_canonical: 0
	chemical_potential: 0.0000000000000000
box: 54.595600 54.595600
copy: 1.000000 1.000000
epsilon: 0.0354170000000000
end_epsilon: 0.0000000000000000
pressure: 0.0416670000000000
lambda: 0.0000000000000000
lambda_coupling: 1.0000000000000000
uy: 0.0000000000000000
maximum_displacement: 1.0000000000000000
maximum_rotation: 1.0000000000000000
maximum_volume: 1.0000000000000000
maximum_shape: 0.0000001000000000
maximum_dsigma: 0.0100000000000000
mod: 10
pmod: 10
optimize: 1
verbose: 1
snapshot: 0
display: 1
explore: 1
npt: 1
nptxy: 0
nptdxdy: 0
shape: 0
seed: 1209148
-282.515202694190 -61.245546549447 0.000000000000 1.000000000000
-49.027121597517 130.479088109793 0.866025403784 -0.500000000000
23.853131883982 284.113992616828 0.866025403784 0.500000000000
-57.932664136026 -108.238145740214 0.866025403784 0.500000000000
-95.134986390375 -250.213301862677 0.866025403784 0.500000000000
10.382063828812 -132.713401091399 0.866025403784 -0.500000000000
192.592698878448 -192.273564768255 0.866025403784 -0.500000000000
24.144275279241 -198.310806387479 0.866025403784 0.500000000000
137.975603572214 87.648098653268 0.866025403784 0.500000000000
342.271603897195 -221.180191715280 0.000000000000 1.000000000000
-353.892965379600 -290.210077515511 0.866025403784 0.500000000000
25.133767836605 -59.363850591826 0.000000000000 1.000000000000
216.304325328346 173.968662230767 0.000000000000 1.000000000000
4.410871934898 -286.094978991770 0.866025403784 0.500000000000
382.896812036074 185.842864087379 0.866025403784 -0.500000000000
-25.680140363305 359.272426159291 0.866025403784 0.500000000000
-55.257673046276 -19.808218191704 0.866025403784 -0.500000000000
431.603680130364 -220.997468101347 0.000000000000 1.000000000000
59.333585836596 -117.236392419153 0.000000000000 1.000000000000
-9.858760473549 295.876513344215 0.866025403784 0.500000000000
