#Configurational_file created 2018-09-14 11:35:17  started 2018-09-14 11:35:16 run for 1.0s steps 0
name: p_1057
step: 10000
specie: 20
	particle_diameter: 1.0000000000000000
	interaction_length: 1.2000000000000000
	number_of_patches: 3
	number_of_particles_per_compound: 1
	rod_length: 1.0000000000000000
	interaction_matrix:  1.000000 1.000000 1.000000 1.000000 1.000000 1.000000 1.000000 1.000000 1.000000
	patch_type: symmetric
	patch_width: 8.0000000000000000
	patch_angle: 0.0000000000000000
	angles:  0.000000 0.000000 0.000000
	grand_canonical: 0
	chemical_potential: 0.0000000000000000
box: 10.595713 10.595713
copy: 1.000000 1.000000
epsilon: 0.3541960000000000
end_epsilon: 0.0000000000000000
pressure: 0.5000750000000000
lambda: 0.0000000000000000
lambda_coupling: 1.0000000000000000
uy: 0.0000000000000000
maximum_displacement: 1.0000000000000000
maximum_rotation: 1.0000000000000000
maximum_volume: 1.0000000000000000
maximum_shape: 0.0000001000000000
maximum_dsigma: 0.0100000000000000
mod: 10
pmod: 10
optimize: 1
verbose: 1
snapshot: 0
display: 1
explore: 1
npt: 1
nptxy: 0
nptdxdy: 0
shape: 0
seed: 1204600
83.459947672238 111.757604532710 0.000000000000 1.000000000000
126.298905927110 -103.114234400212 0.866025403784 0.500000000000
-4.011304376718 -43.206131781848 0.866025403784 0.500000000000
135.757362622864 120.173992200497 0.866025403784 -0.500000000000
53.591534456535 162.625274030391 0.866025403784 0.500000000000
37.235621427902 -77.525313922790 0.866025403784 0.500000000000
77.347114013227 10.271591837220 0.866025403784 -0.500000000000
12.418568261376 58.383102001380 0.866025403784 0.500000000000
-28.346276387664 -35.070106130988 0.866025403784 -0.500000000000
-22.044514384050 25.202030444484 0.000000000000 1.000000000000
70.381765682374 26.978318236740 0.866025403784 -0.500000000000
-132.989399257898 -23.394672518772 0.866025403784 -0.500000000000
-37.130568461805 -18.107308088065 0.866025403784 0.500000000000
-84.488931886368 4.800959456862 0.866025403784 0.500000000000
-78.645202853185 -18.736287648910 0.866025403784 0.500000000000
-11.098044201268 86.967477817468 0.000000000000 1.000000000000
15.214446033150 -96.114796395810 0.866025403784 -0.500000000000
4.917575228444 -14.910113607988 0.000000000000 1.000000000000
-2.542989156379 23.375910357190 0.866025403784 0.500000000000
-67.563188255293 -6.798921480233 0.866025403784 -0.500000000000
