#Configurational_file created 2018-09-14 11:34:49  started 2018-09-14 11:34:48 run for 1.0s steps 0
name: p_1023
step: 10000
specie: 20
	particle_diameter: 1.0000000000000000
	interaction_length: 1.2000000000000000
	number_of_patches: 3
	number_of_particles_per_compound: 1
	rod_length: 1.0000000000000000
	interaction_matrix:  1.000000 1.000000 1.000000 1.000000 1.000000 1.000000 1.000000 1.000000 1.000000
	patch_type: symmetric
	patch_width: 8.0000000000000000
	patch_angle: 0.0000000000000000
	angles:  0.000000 0.000000 0.000000
	grand_canonical: 0
	chemical_potential: 0.0000000000000000
box: 8.182423 8.182423
copy: 1.000000 1.000000
epsilon: 0.3125370000000000
end_epsilon: 0.0000000000000000
pressure: 1.8333420000000000
lambda: 0.0000000000000000
lambda_coupling: 1.0000000000000000
uy: 0.0000000000000000
maximum_displacement: 1.0000000000000000
maximum_rotation: 1.0000000000000000
maximum_volume: 0.5292121324658229
maximum_shape: 0.0000001000000000
maximum_dsigma: 0.0100000000000000
mod: 10
pmod: 10
optimize: 1
verbose: 1
snapshot: 0
display: 1
explore: 1
npt: 1
nptxy: 0
nptdxdy: 0
shape: 0
seed: 1165942
10.758950613089 46.516124719610 0.866025403784 0.500000000000
15.702966666795 105.419559372966 0.000000000000 1.000000000000
-128.656480783073 35.733786213631 0.866025403784 0.500000000000
-24.053291262731 41.951702714921 0.866025403784 0.500000000000
-9.630348206488 30.531402199682 0.866025403784 -0.500000000000
23.396247151124 4.005608347429 0.866025403784 0.500000000000
-9.398646834601 59.594930947925 0.000000000000 1.000000000000
68.449528560879 150.749947374892 0.866025403784 -0.500000000000
-100.718307565913 43.461472372457 0.866025403784 0.500000000000
38.080180486425 20.860193201355 0.000000000000 1.000000000000
-68.161914602331 55.214446683882 0.000000000000 1.000000000000
-22.006792031593 66.648582128268 0.000000000000 1.000000000000
102.277545177652 7.798689372299 0.000000000000 1.000000000000
-29.073424159843 75.822020355400 0.000000000000 1.000000000000
-51.007309560873 7.830966560094 0.866025403784 0.500000000000
52.843466926701 30.856553336833 0.866025403784 -0.500000000000
-81.465194999251 133.463867485998 0.866025403784 0.500000000000
58.357237559967 8.235525349738 0.000000000000 1.000000000000
9.194297399805 -93.199792670341 0.000000000000 1.000000000000
79.652214958395 8.972476817599 0.866025403784 0.500000000000
