#Configurational_file created 2018-09-14 11:34:59  started 2018-09-14 11:34:58 run for 1.0s steps 0
name: p_1036
step: 10000
specie: 20
	particle_diameter: 1.0000000000000000
	interaction_length: 1.2000000000000000
	number_of_patches: 3
	number_of_particles_per_compound: 1
	rod_length: 1.0000000000000000
	interaction_matrix:  1.000000 1.000000 1.000000 1.000000 1.000000 1.000000 1.000000 1.000000 1.000000
	patch_type: symmetric
	patch_width: 8.0000000000000000
	patch_angle: 0.0000000000000000
	angles:  0.000000 0.000000 0.000000
	grand_canonical: 0
	chemical_potential: 0.0000000000000000
box: 9.926698 9.926698
copy: 1.000000 1.000000
epsilon: 0.3333670000000000
end_epsilon: 0.0000000000000000
pressure: 0.8333920000000000
lambda: 0.0000000000000000
lambda_coupling: 1.0000000000000000
uy: 0.0000000000000000
maximum_displacement: 1.0000000000000000
maximum_rotation: 1.0000000000000000
maximum_volume: 1.0000000000000000
maximum_shape: 0.0000001000000000
maximum_dsigma: 0.0100000000000000
mod: 10
pmod: 10
optimize: 1
verbose: 1
snapshot: 0
display: 1
explore: 1
npt: 1
nptxy: 0
nptdxdy: 0
shape: 0
seed: 1180723
164.533821259514 -81.739635160463 0.000000000000 1.000000000000
38.160692258572 -50.265726791068 0.000000000000 1.000000000000
62.862500190146 -17.164693390658 0.000000000000 1.000000000000
-32.333529858454 -54.392254159834 0.866025403784 -0.500000000000
45.591510052384 -63.326808941652 0.000000000000 1.000000000000
92.084746497982 -16.902136245120 0.866025403784 0.500000000000
28.399404031470 -63.983239493342 0.866025403784 -0.500000000000
41.777779594906 29.915325125427 0.866025403784 -0.500000000000
145.056926419098 -91.393650818835 0.866025403784 -0.500000000000
47.809159303356 -47.217125927166 0.866025403784 -0.500000000000
43.266908537539 23.739781093673 0.866025403784 0.500000000000
50.183486636687 -38.825694448951 0.866025403784 0.500000000000
-5.180585254646 43.691197778813 0.866025403784 -0.500000000000
-2.093653134352 -0.274752739183 0.866025403784 0.500000000000
-43.316284263739 -167.541527087428 0.866025403784 -0.500000000000
-18.006256879461 95.329380588939 0.866025403784 -0.500000000000
32.914074648573 -140.201457015690 0.866025403784 0.500000000000
-20.191381895653 114.175828586528 0.000000000000 1.000000000000
-19.249662803683 93.482611323758 0.000000000000 1.000000000000
-33.655002277214 52.108332458058 0.866025403784 -0.500000000000
