#Configurational_file created 2018-09-14 13:58:21  started 2018-09-14 13:58:20 run for 1.0s steps 0
name: p_1052
step: 10000
specie: 20
	particle_diameter: 1.0000000000000000
	interaction_length: 1.2000000000000000
	number_of_patches: 3
	number_of_particles_per_compound: 1
	rod_length: 1.0000000000000000
	interaction_matrix:  1.000000 1.000000 1.000000 1.000000 1.000000 1.000000 1.000000 1.000000 1.000000
	patch_type: symmetric
	patch_width: 8.0000000000000000
	patch_angle: 0.0000000000000000
	angles:  0.000000 0.000000 0.000000
	grand_canonical: 0
	chemical_potential: 0.0000000000000000
box: 41.496476 41.496476
copy: 1.000000 1.000000
epsilon: 0.3448280000000000
end_epsilon: 0.0000000000000000
pressure: 0.0172420000000000
lambda: 0.0000000000000000
lambda_coupling: 1.0000000000000000
uy: 0.0000000000000000
maximum_displacement: 1.0000000000000000
maximum_rotation: 1.0000000000000000
maximum_volume: 1.0000000000000000
maximum_shape: 0.0000001000000000
maximum_dsigma: 0.0100000000000000
mod: 10
pmod: 10
optimize: 1
verbose: 1
snapshot: 0
display: 1
explore: 1
npt: 1
nptxy: 0
nptdxdy: 0
shape: 0
seed: 1198915
-133.289860100533 -12.420566500440 0.866025403784 0.500000000000
-22.828301638086 209.578213860329 0.866025403784 -0.500000000000
31.922530155953 -1.116204287231 0.866025403784 -0.500000000000
-112.479485800947 -53.188992698234 0.000000000000 1.000000000000
52.447360047389 -17.357579399785 0.866025403784 -0.500000000000
-161.503000044562 307.904129889495 0.866025403784 0.500000000000
-63.361419237821 67.973946854551 0.000000000000 1.000000000000
33.193320895575 240.646549563381 0.000000000000 1.000000000000
265.206277808042 -17.809817746800 0.866025403784 0.500000000000
-227.408654185136 49.928109160558 0.866025403784 -0.500000000000
-22.242403514795 -160.783940812994 0.000000000000 1.000000000000
-185.552366881565 -34.640550567779 0.000000000000 1.000000000000
45.450236249695 -132.988059706059 0.866025403784 -0.500000000000
139.419349375566 79.433691694410 0.866025403784 -0.500000000000
122.272689438369 49.305583999264 0.866025403784 -0.500000000000
175.025868759868 24.491325784750 0.866025403784 0.500000000000
-47.889933680889 187.161751933570 0.866025403784 0.500000000000
-68.581547552713 -116.442652459303 0.000000000000 1.000000000000
-72.535447121708 -56.226380994804 0.866025403784 -0.500000000000
265.564411325351 149.492338022879 0.866025403784 0.500000000000
