#Configurational_file created 2018-09-14 11:06:42  started 2018-09-14 11:06:41 run for 1.0s steps 0
name: p_101
step: 10000
specie: 20
	particle_diameter: 1.0000000000000000
	interaction_length: 1.2000000000000000
	number_of_patches: 3
	number_of_particles_per_compound: 1
	rod_length: 1.0000000000000000
	interaction_matrix:  1.000000 1.000000 1.000000 1.000000 1.000000 1.000000 1.000000 1.000000 1.000000
	patch_type: symmetric
	patch_width: 8.0000000000000000
	patch_angle: 0.0000000000000000
	angles:  0.000000 0.000000 0.000000
	grand_canonical: 0
	chemical_potential: 0.0000000000000000
box: 9.122453 9.122453
copy: 1.000000 1.000000
epsilon: 0.2857570000000000
end_epsilon: 0.0000000000000000
pressure: 1.1429000000000000
lambda: 0.0000000000000000
lambda_coupling: 1.0000000000000000
uy: 0.0000000000000000
maximum_displacement: 1.0000000000000000
maximum_rotation: 1.0000000000000000
maximum_volume: 1.0000000000000000
maximum_shape: 0.0000001000000000
maximum_dsigma: 0.0100000000000000
mod: 10
pmod: 10
optimize: 1
verbose: 1
snapshot: 0
display: 1
explore: 1
npt: 1
nptxy: 0
nptdxdy: 0
shape: 0
seed: 117707
74.721423590995 -13.794481353220 0.866025403784 -0.500000000000
-19.154849852836 74.633489769175 0.866025403784 -0.500000000000
-84.470830536727 48.292281608134 0.866025403784 0.500000000000
50.214682738578 -75.421171577668 0.000000000000 1.000000000000
-137.391851916273 -108.384700264599 0.000000000000 1.000000000000
-96.746464831093 8.612910339744 0.866025403784 -0.500000000000
-77.122638028772 50.215507855439 0.866025403784 -0.500000000000
17.584973588590 39.945740959320 0.866025403784 -0.500000000000
9.990228960007 -7.817279724422 0.000000000000 1.000000000000
53.987246668376 44.434344595844 0.866025403784 -0.500000000000
18.154916372177 61.370568300044 0.000000000000 1.000000000000
12.727805827767 87.990532161696 0.866025403784 0.500000000000
27.110393253490 50.575249728713 0.866025403784 -0.500000000000
-89.986708476747 -9.160755693509 0.000000000000 1.000000000000
34.165399425687 30.888419579943 0.866025403784 -0.500000000000
-52.352538234982 29.497328929865 0.000000000000 1.000000000000
33.469948671168 -66.619528560214 0.000000000000 1.000000000000
93.824375945628 -145.882214088974 0.866025403784 -0.500000000000
7.134854400799 90.264277446463 0.866025403784 0.500000000000
-105.848067512741 12.854464427679 0.866025403784 -0.500000000000
