#Configurational_file created 2018-09-14 12:02:52  started 2018-09-14 12:02:52 run for 0.0s steps 0
name: p_1068
step: 10000
specie: 20
	particle_diameter: 1.0000000000000000
	interaction_length: 1.2000000000000000
	number_of_patches: 3
	number_of_particles_per_compound: 1
	rod_length: 1.0000000000000000
	interaction_matrix:  1.000000 1.000000 1.000000 1.000000 1.000000 1.000000 1.000000 1.000000 1.000000
	patch_type: symmetric
	patch_width: 8.0000000000000000
	patch_angle: 0.0000000000000000
	angles:  0.000000 0.000000 0.000000
	grand_canonical: 0
	chemical_potential: 0.0000000000000000
box: 50.566407 50.566407
copy: 1.000000 1.000000
epsilon: 0.0354170000000000
end_epsilon: 0.0000000000000000
pressure: 0.0708340000000000
lambda: 0.0000000000000000
lambda_coupling: 1.0000000000000000
uy: 0.0000000000000000
maximum_displacement: 1.0000000000000000
maximum_rotation: 1.0000000000000000
maximum_volume: 1.0000000000000000
maximum_shape: 0.0000001000000000
maximum_dsigma: 0.0100000000000000
mod: 10
pmod: 10
optimize: 1
verbose: 1
snapshot: 0
display: 1
explore: 1
npt: 1
nptxy: 0
nptdxdy: 0
shape: 0
seed: 1217107
-263.525108885530 -34.133653999094 0.000000000000 1.000000000000
54.247341581839 -93.792803224872 0.866025403784 0.500000000000
-149.682819942156 -495.038379908482 0.866025403784 -0.500000000000
-92.119659223086 423.758008880092 0.866025403784 0.500000000000
44.797107355796 334.774213532861 0.000000000000 1.000000000000
72.229917992082 429.142827233715 0.000000000000 1.000000000000
263.218800642047 -54.814603945721 0.866025403784 0.500000000000
-95.431850482889 58.661569942833 0.866025403784 0.500000000000
5.738649816541 23.539443631727 0.000000000000 1.000000000000
-24.503952814265 109.611376331819 0.866025403784 -0.500000000000
320.458497216196 -256.454063459374 0.866025403784 0.500000000000
-2.995890194055 -134.173345843687 0.866025403784 0.500000000000
329.651395165843 284.803961652103 0.000000000000 1.000000000000
-35.996178592766 209.146460562415 0.866025403784 -0.500000000000
20.462133210330 165.877346139901 0.866025403784 -0.500000000000
39.058234743258 -178.117084495925 0.866025403784 0.500000000000
64.874754764206 -8.520764151641 0.866025403784 -0.500000000000
-10.636427984535 -66.330199078629 0.000000000000 1.000000000000
-14.764754155379 130.804803051779 0.866025403784 -0.500000000000
28.814075259824 -282.323190780075 0.000000000000 1.000000000000
