#Configurational_file created 2018-09-14 13:58:47  started 2018-09-14 13:58:46 run for 1.0s steps 0
name: p_1089
step: 10000
specie: 20
	particle_diameter: 1.0000000000000000
	interaction_length: 1.2000000000000000
	number_of_patches: 3
	number_of_particles_per_compound: 1
	rod_length: 1.0000000000000000
	interaction_matrix:  1.000000 1.000000 1.000000 1.000000 1.000000 1.000000 1.000000 1.000000 1.000000
	patch_type: symmetric
	patch_width: 8.0000000000000000
	patch_angle: 0.0000000000000000
	angles:  0.000000 0.000000 0.000000
	grand_canonical: 0
	chemical_potential: 0.0000000000000000
box: 22.536290 22.536290
copy: 1.000000 1.000000
epsilon: 0.4137940000000000
end_epsilon: 0.0000000000000000
pressure: 0.1379320000000000
lambda: 0.0000000000000000
lambda_coupling: 1.0000000000000000
uy: 0.0000000000000000
maximum_displacement: 1.0000000000000000
maximum_rotation: 1.0000000000000000
maximum_volume: 1.0000000000000000
maximum_shape: 0.0000001000000000
maximum_dsigma: 0.0100000000000000
mod: 10
pmod: 10
optimize: 1
verbose: 1
snapshot: 0
display: 1
explore: 1
npt: 1
nptxy: 0
nptdxdy: 0
shape: 0
seed: 1240984
-52.426927942464 -26.497176765794 0.000000000000 1.000000000000
-12.357811982938 -89.526220282912 0.866025403784 0.500000000000
2.116213193233 -39.272743723339 0.866025403784 0.500000000000
13.437838104160 -157.736498649011 0.000000000000 1.000000000000
-291.048948776718 -333.907166925300 0.000000000000 1.000000000000
146.902703800989 188.974753585819 0.866025403784 0.500000000000
-162.567303326750 -30.635060978727 0.866025403784 -0.500000000000
15.406088595633 -115.782772453592 0.866025403784 -0.500000000000
-156.042482465112 45.950203562032 0.000000000000 1.000000000000
87.745257405867 -141.770166403569 0.866025403784 0.500000000000
50.037592315582 182.090271331754 0.000000000000 1.000000000000
-64.476690689549 30.532209876164 0.866025403784 -0.500000000000
122.703551806226 -8.182834684705 0.866025403784 0.500000000000
123.929878282279 -186.492847063755 0.866025403784 0.500000000000
129.285013597975 49.364899460328 0.866025403784 0.500000000000
22.097137469530 -12.863789639414 0.000000000000 1.000000000000
-117.433818559028 -91.039295757958 0.000000000000 1.000000000000
58.628173445065 39.160854762894 0.866025403784 -0.500000000000
74.643573115997 193.346363992112 0.866025403784 -0.500000000000
353.402395519058 14.247105791274 0.866025403784 -0.500000000000
