#Configurational_file created 2018-09-14 13:57:58  started 2018-09-14 13:57:57 run for 1.0s steps 0
name: p_1019
step: 10000
specie: 20
	particle_diameter: 1.0000000000000000
	interaction_length: 1.2000000000000000
	number_of_patches: 3
	number_of_particles_per_compound: 1
	rod_length: 1.0000000000000000
	interaction_matrix:  1.000000 1.000000 1.000000 1.000000 1.000000 1.000000 1.000000 1.000000 1.000000
	patch_type: symmetric
	patch_width: 8.0000000000000000
	patch_angle: 0.0000000000000000
	angles:  0.000000 0.000000 0.000000
	grand_canonical: 0
	chemical_potential: 0.0000000000000000
box: 14.840558 14.840558
copy: 1.000000 1.000000
epsilon: 0.2068970000000000
end_epsilon: 0.0000000000000000
pressure: 0.4827590000000000
lambda: 0.0000000000000000
lambda_coupling: 1.0000000000000000
uy: 0.0000000000000000
maximum_displacement: 1.0000000000000000
maximum_rotation: 1.0000000000000000
maximum_volume: 1.0000000000000000
maximum_shape: 0.0000001000000000
maximum_dsigma: 0.0100000000000000
mod: 10
pmod: 10
optimize: 1
verbose: 1
snapshot: 0
display: 1
explore: 1
npt: 1
nptxy: 0
nptdxdy: 0
shape: 0
seed: 1161394
-53.791634257407 -81.648529490962 0.000000000000 1.000000000000
-8.300182064237 78.148731960283 0.866025403784 0.500000000000
58.465213317421 -35.679525189120 0.866025403784 0.500000000000
15.507264986817 -1.224140103437 0.866025403784 -0.500000000000
-1.643298682704 -166.635922560582 0.866025403784 -0.500000000000
-66.390760684419 37.030482442461 0.866025403784 0.500000000000
58.278259039446 67.202998789484 0.866025403784 0.500000000000
-61.440948741717 -134.061272606380 0.000000000000 1.000000000000
-212.823079271003 -142.843637041104 0.000000000000 1.000000000000
94.058094575785 -67.782878664794 0.866025403784 -0.500000000000
23.648373302839 -190.949189008312 0.000000000000 1.000000000000
108.324069695156 27.332546670465 0.000000000000 1.000000000000
-27.098020909857 85.240400657036 0.866025403784 -0.500000000000
-112.798532432672 10.753047072513 0.000000000000 1.000000000000
184.416350596945 -143.098829797199 0.866025403784 -0.500000000000
37.631534191425 -40.637328263687 0.000000000000 1.000000000000
159.211730199251 -92.850273162720 0.866025403784 -0.500000000000
222.348360444943 -149.921494210209 0.866025403784 0.500000000000
0.286124424171 -286.179149064238 0.866025403784 0.500000000000
-5.074864794505 133.800903251909 0.866025403784 -0.500000000000
