#Configurational_file created 2018-09-14 11:35:42  started 2018-09-14 11:35:41 run for 1.0s steps 0
name: p_1087
step: 10000
specie: 20
	particle_diameter: 1.0000000000000000
	interaction_length: 1.2000000000000000
	number_of_patches: 3
	number_of_particles_per_compound: 1
	rod_length: 1.0000000000000000
	interaction_matrix:  1.000000 1.000000 1.000000 1.000000 1.000000 1.000000 1.000000 1.000000 1.000000
	patch_type: symmetric
	patch_width: 8.0000000000000000
	patch_angle: 0.0000000000000000
	angles:  0.000000 0.000000 0.000000
	grand_canonical: 0
	chemical_potential: 0.0000000000000000
box: 9.101738 9.101738
copy: 1.000000 1.000000
epsilon: 0.3750250000000000
end_epsilon: 0.0000000000000000
pressure: 0.9167210000000000
lambda: 0.0000000000000000
lambda_coupling: 1.0000000000000000
uy: 0.0000000000000000
maximum_displacement: 1.0000000000000000
maximum_rotation: 1.0000000000000000
maximum_volume: 1.0000000000000000
maximum_shape: 0.0000001000000000
maximum_dsigma: 0.0100000000000000
mod: 10
pmod: 10
optimize: 1
verbose: 1
snapshot: 0
display: 1
explore: 1
npt: 1
nptxy: 0
nptdxdy: 0
shape: 0
seed: 1238710
-26.152495149866 29.127891569538 0.866025403784 0.500000000000
-24.083191292910 90.196179377457 0.866025403784 -0.500000000000
59.056792782094 57.378944739233 0.000000000000 1.000000000000
19.590706180344 167.434646847653 0.866025403784 -0.500000000000
42.620246534775 125.011795775455 0.866025403784 0.500000000000
16.040219880116 -3.646247385233 0.866025403784 -0.500000000000
16.860846005315 29.745373136133 0.866025403784 -0.500000000000
27.700007396268 37.203490964555 0.866025403784 0.500000000000
-70.552641697572 70.758382969884 0.866025403784 0.500000000000
116.528232073436 61.722166596201 0.866025403784 0.500000000000
85.040298113825 -14.591816380364 0.866025403784 0.500000000000
48.775447815411 -48.538895896914 0.866025403784 0.500000000000
7.511409385324 -162.100407455634 0.866025403784 0.500000000000
-107.418794609191 21.135705653029 0.000000000000 1.000000000000
6.656825690403 12.794792062856 0.866025403784 0.500000000000
33.144449515237 -134.057661027984 0.866025403784 -0.500000000000
-45.382488918864 10.858701474070 0.866025403784 -0.500000000000
-27.334443059915 -69.604533268809 0.866025403784 -0.500000000000
-5.180806631089 14.498748504269 0.000000000000 1.000000000000
-25.785489851117 136.184716687848 0.000000000000 1.000000000000
