#Configurational_file created 2018-09-14 11:34:51  started 2018-09-14 11:34:50 run for 1.0s steps 0
name: p_1025
step: 10000
specie: 20
	particle_diameter: 1.0000000000000000
	interaction_length: 1.2000000000000000
	number_of_patches: 3
	number_of_particles_per_compound: 1
	rod_length: 1.0000000000000000
	interaction_matrix:  1.000000 1.000000 1.000000 1.000000 1.000000 1.000000 1.000000 1.000000 1.000000
	patch_type: symmetric
	patch_width: 8.0000000000000000
	patch_angle: 0.0000000000000000
	angles:  0.000000 0.000000 0.000000
	grand_canonical: 0
	chemical_potential: 0.0000000000000000
box: 7.899453 7.899453
copy: 1.000000 1.000000
epsilon: 0.3125370000000000
end_epsilon: 0.0000000000000000
pressure: 2.0000000000000000
lambda: 0.0000000000000000
lambda_coupling: 1.0000000000000000
uy: 0.0000000000000000
maximum_displacement: 1.0000000000000000
maximum_rotation: 1.0000000000000000
maximum_volume: 0.5014830934462972
maximum_shape: 0.0000001000000000
maximum_dsigma: 0.0100000000000000
mod: 10
pmod: 10
optimize: 1
verbose: 1
snapshot: 0
display: 1
explore: 1
npt: 1
nptxy: 0
nptdxdy: 0
shape: 0
seed: 1168216
2.106735648628 99.212985443067 0.866025403784 -0.500000000000
110.011664522220 118.533470044631 0.866025403784 0.500000000000
-19.294944743981 13.929444412021 0.866025403784 -0.500000000000
49.080761536483 -72.666556522931 0.866025403784 0.500000000000
-18.599464028978 -163.897434835332 0.000000000000 1.000000000000
9.959168087965 -16.673965185531 0.866025403784 -0.500000000000
-35.006832736740 -110.997096646081 0.866025403784 -0.500000000000
-4.803850486985 -44.280722728274 0.866025403784 0.500000000000
-47.967085186623 -26.630106229011 0.866025403784 0.500000000000
18.700389748146 -9.740381103493 0.866025403784 0.500000000000
-38.047004686683 -31.452809566462 0.866025403784 -0.500000000000
-20.970892644507 -47.984791157699 0.000000000000 1.000000000000
63.763273653281 52.828786252025 0.866025403784 0.500000000000
42.388730455602 59.457337127813 0.866025403784 0.500000000000
-58.784604221212 21.422128687966 0.000000000000 1.000000000000
95.704606490751 -139.168570847439 0.866025403784 0.500000000000
3.190524434409 -124.176226052192 0.000000000000 1.000000000000
-11.350489695704 10.108756037091 0.866025403784 -0.500000000000
5.972445320209 -31.613700523768 0.866025403784 0.500000000000
-51.711762659464 0.302029064599 0.866025403784 -0.500000000000
