#Configurational_file created 2018-09-14 13:58:22  started 2018-09-14 13:58:21 run for 1.0s steps 0
name: p_1053
step: 10000
specie: 20
	particle_diameter: 1.0000000000000000
	interaction_length: 1.2000000000000000
	number_of_patches: 3
	number_of_particles_per_compound: 1
	rod_length: 1.0000000000000000
	interaction_matrix:  1.000000 1.000000 1.000000 1.000000 1.000000 1.000000 1.000000 1.000000 1.000000
	patch_type: symmetric
	patch_width: 8.0000000000000000
	patch_angle: 0.0000000000000000
	angles:  0.000000 0.000000 0.000000
	grand_canonical: 0
	chemical_potential: 0.0000000000000000
box: 43.970555 43.970555
copy: 1.000000 1.000000
epsilon: 0.3448280000000000
end_epsilon: 0.0000000000000000
pressure: 0.0344840000000000
lambda: 0.0000000000000000
lambda_coupling: 1.0000000000000000
uy: 0.0000000000000000
maximum_displacement: 1.0000000000000000
maximum_rotation: 1.0000000000000000
maximum_volume: 1.0000000000000000
maximum_shape: 0.0000001000000000
maximum_dsigma: 0.0100000000000000
mod: 10
pmod: 10
optimize: 1
verbose: 1
snapshot: 0
display: 1
explore: 1
npt: 1
nptxy: 0
nptdxdy: 0
shape: 0
seed: 1200052
42.640774439495 26.331469174120 0.866025403784 0.500000000000
-32.696647187757 -95.142855403429 0.000000000000 1.000000000000
161.597545858906 5.346566608822 0.866025403784 -0.500000000000
181.710945955355 158.396091193051 0.000000000000 1.000000000000
-163.395613652175 -21.704775980354 0.866025403784 0.500000000000
144.961016157524 231.570709591305 0.866025403784 -0.500000000000
84.928075479973 -126.635197058849 0.866025403784 0.500000000000
214.773432014214 193.031751668363 0.000000000000 1.000000000000
-174.750655503913 -49.435058191237 0.866025403784 0.500000000000
229.079026117415 101.234029437121 0.000000000000 1.000000000000
153.706903989748 117.577306896074 0.866025403784 0.500000000000
-86.972973749954 -117.398083597955 0.000000000000 1.000000000000
-147.264117943087 -60.877814344028 0.866025403784 0.500000000000
86.481355447314 -94.581461765122 0.866025403784 -0.500000000000
123.014904125928 102.667297712799 0.866025403784 0.500000000000
-65.334356589746 36.309344668335 0.866025403784 -0.500000000000
-265.020683971309 163.438705669382 0.866025403784 -0.500000000000
-117.102644242472 17.249751880636 0.866025403784 -0.500000000000
91.898019457489 -198.233007191649 0.866025403784 0.500000000000
47.919052981686 187.422524169720 0.000000000000 1.000000000000
