#Configurational_file created 2018-09-14 11:35:44  started 2018-09-14 11:35:43 run for 1.0s steps 0
name: p_1089
step: 10000
specie: 20
	particle_diameter: 1.0000000000000000
	interaction_length: 1.2000000000000000
	number_of_patches: 3
	number_of_particles_per_compound: 1
	rod_length: 1.0000000000000000
	interaction_matrix:  1.000000 1.000000 1.000000 1.000000 1.000000 1.000000 1.000000 1.000000 1.000000
	patch_type: symmetric
	patch_width: 8.0000000000000000
	patch_angle: 0.0000000000000000
	angles:  0.000000 0.000000 0.000000
	grand_canonical: 0
	chemical_potential: 0.0000000000000000
box: 8.979843 8.979843
copy: 1.000000 1.000000
epsilon: 0.3750250000000000
end_epsilon: 0.0000000000000000
pressure: 1.0833790000000001
lambda: 0.0000000000000000
lambda_coupling: 1.0000000000000000
uy: 0.0000000000000000
maximum_displacement: 1.0000000000000000
maximum_rotation: 1.0000000000000000
maximum_volume: 1.0000000000000000
maximum_shape: 0.0000001000000000
maximum_dsigma: 0.0100000000000000
mod: 10
pmod: 10
optimize: 1
verbose: 1
snapshot: 0
display: 1
explore: 1
npt: 1
nptxy: 0
nptdxdy: 0
shape: 0
seed: 1240984
82.405792030304 -76.381662649753 0.866025403784 0.500000000000
8.333019004317 -120.258651803498 0.866025403784 -0.500000000000
-27.573618197963 58.540438388903 0.000000000000 1.000000000000
30.977697644042 113.981715829561 0.000000000000 1.000000000000
-90.163434272364 -117.476677385891 0.000000000000 1.000000000000
121.160644743633 171.798722285920 0.000000000000 1.000000000000
-16.927935898258 82.467605204751 0.000000000000 1.000000000000
-43.860420642210 -56.220865663779 0.866025403784 -0.500000000000
76.780368497676 -5.989278452498 0.866025403784 0.500000000000
-64.972863749937 19.210598288704 0.866025403784 -0.500000000000
-34.190395141405 88.555031470494 0.000000000000 1.000000000000
13.825183409600 17.378085838981 0.000000000000 1.000000000000
109.951900192436 14.879558660965 0.866025403784 -0.500000000000
-13.860106462773 -37.879130485994 0.866025403784 -0.500000000000
45.910064454879 -17.950684219857 0.000000000000 1.000000000000
31.408992411632 129.955065719452 0.866025403784 -0.500000000000
-33.308397151277 -50.108691827295 0.866025403784 0.500000000000
163.967924374859 18.051385799994 0.866025403784 -0.500000000000
16.651403154910 -15.521635424830 0.866025403784 -0.500000000000
3.419902626037 -3.246319014264 0.866025403784 -0.500000000000
