#Configurational_file created 2018-09-14 13:58:45  started 2018-09-14 13:58:44 run for 1.0s steps 0
name: p_1086
step: 10000
specie: 20
	particle_diameter: 1.0000000000000000
	interaction_length: 1.2000000000000000
	number_of_patches: 3
	number_of_particles_per_compound: 1
	rod_length: 1.0000000000000000
	interaction_matrix:  1.000000 1.000000 1.000000 1.000000 1.000000 1.000000 1.000000 1.000000 1.000000
	patch_type: symmetric
	patch_width: 8.0000000000000000
	patch_angle: 0.0000000000000000
	angles:  0.000000 0.000000 0.000000
	grand_canonical: 0
	chemical_potential: 0.0000000000000000
box: 29.068709 29.068709
copy: 1.000000 1.000000
epsilon: 0.4137940000000000
end_epsilon: 0.0000000000000000
pressure: 0.0862080000000000
lambda: 0.0000000000000000
lambda_coupling: 1.0000000000000000
uy: 0.0000000000000000
maximum_displacement: 1.0000000000000000
maximum_rotation: 1.0000000000000000
maximum_volume: 1.0000000000000000
maximum_shape: 0.0000001000000000
maximum_dsigma: 0.0100000000000000
mod: 10
pmod: 10
optimize: 1
verbose: 1
snapshot: 0
display: 1
explore: 1
npt: 1
nptxy: 0
nptdxdy: 0
shape: 0
seed: 1237573
-221.863318894927 -104.994206364989 0.866025403784 0.500000000000
-95.288991463031 -182.429048636095 0.866025403784 -0.500000000000
-42.054005948082 -12.891782540223 0.866025403784 0.500000000000
-49.594272603972 -40.672685399048 0.866025403784 -0.500000000000
202.132699313301 -134.308997343331 0.866025403784 -0.500000000000
28.253730310786 -33.172744513970 0.000000000000 1.000000000000
149.850028952205 -274.592035660678 0.000000000000 1.000000000000
81.364717708436 100.744777163660 0.866025403784 0.500000000000
52.779540308154 148.118925922508 0.866025403784 0.500000000000
-15.889998933409 -24.416087498192 0.866025403784 -0.500000000000
-0.694519096565 -176.308111211538 0.000000000000 1.000000000000
83.300070048980 104.052067973160 0.000000000000 1.000000000000
24.902009619313 77.869332239796 0.866025403784 -0.500000000000
-65.120650928728 -17.885635782159 0.866025403784 -0.500000000000
-185.742543242752 29.705605503085 0.000000000000 1.000000000000
-29.286815571399 150.216352749807 0.000000000000 1.000000000000
-109.216789313907 -93.565831874805 0.000000000000 1.000000000000
124.385819013683 -62.089885905724 0.866025403784 0.500000000000
-67.333692903055 103.440424671421 0.866025403784 -0.500000000000
-188.845290383274 -120.426992201573 0.866025403784 0.500000000000
