#Configurational_file created 2018-09-14 11:35:24  started 2018-09-14 11:35:24 run for 0.0s steps 0
name: p_1066
step: 10000
specie: 20
	particle_diameter: 1.0000000000000000
	interaction_length: 1.2000000000000000
	number_of_patches: 3
	number_of_particles_per_compound: 1
	rod_length: 1.0000000000000000
	interaction_matrix:  1.000000 1.000000 1.000000 1.000000 1.000000 1.000000 1.000000 1.000000 1.000000
	patch_type: symmetric
	patch_width: 8.0000000000000000
	patch_angle: 0.0000000000000000
	angles:  0.000000 0.000000 0.000000
	grand_canonical: 0
	chemical_potential: 0.0000000000000000
box: 8.915859 8.915859
copy: 1.000000 1.000000
epsilon: 0.3541960000000000
end_epsilon: 0.0000000000000000
pressure: 1.2500370000000001
lambda: 0.0000000000000000
lambda_coupling: 1.0000000000000000
uy: 0.0000000000000000
maximum_displacement: 1.0000000000000000
maximum_rotation: 1.0000000000000000
maximum_volume: 0.8475039999999999
maximum_shape: 0.0000001000000000
maximum_dsigma: 0.0100000000000000
mod: 10
pmod: 10
optimize: 1
verbose: 1
snapshot: 0
display: 1
explore: 1
npt: 1
nptxy: 0
nptdxdy: 0
shape: 0
seed: 1214833
-76.417318300568 54.766395645399 0.000000000000 1.000000000000
-14.917108197534 -26.102760308382 0.000000000000 1.000000000000
-39.466133377792 -61.196045680842 0.866025403784 -0.500000000000
73.682346046230 75.239145217516 0.866025403784 0.500000000000
-106.825619595629 11.120915394670 0.000000000000 1.000000000000
-89.485212132561 -57.531392507870 0.866025403784 0.500000000000
-118.409639319603 27.087575616352 0.866025403784 0.500000000000
-89.723029105908 -53.282320809075 0.866025403784 0.500000000000
-80.517413831379 86.383418005085 0.866025403784 -0.500000000000
-18.387948743149 12.952910412735 0.000000000000 1.000000000000
114.355920484669 17.497009838525 0.866025403784 0.500000000000
-48.668215274982 -165.729760931385 0.866025403784 -0.500000000000
54.209674111045 84.873590156655 0.000000000000 1.000000000000
-58.050967081904 33.166888253641 0.866025403784 0.500000000000
104.373908662227 70.054245806389 0.866025403784 0.500000000000
-0.767669579587 11.288752971872 0.866025403784 0.500000000000
-28.163977814781 41.843343033348 0.866025403784 -0.500000000000
105.343204636718 -43.071691810441 0.866025403784 0.500000000000
-7.549748311815 145.581736531094 0.000000000000 1.000000000000
99.324032701826 -3.394929410263 0.866025403784 0.500000000000
