#Configurational_file created 2018-09-14 11:35:39  started 2018-09-14 11:35:38 run for 1.0s steps 0
name: p_1083
step: 10000
specie: 20
	particle_diameter: 1.0000000000000000
	interaction_length: 1.2000000000000000
	number_of_patches: 3
	number_of_particles_per_compound: 1
	rod_length: 1.0000000000000000
	interaction_matrix:  1.000000 1.000000 1.000000 1.000000 1.000000 1.000000 1.000000 1.000000 1.000000
	patch_type: symmetric
	patch_width: 8.0000000000000000
	patch_angle: 0.0000000000000000
	angles:  0.000000 0.000000 0.000000
	grand_canonical: 0
	chemical_potential: 0.0000000000000000
box: 10.510266 10.510266
copy: 1.000000 1.000000
epsilon: 0.3750250000000000
end_epsilon: 0.0000000000000000
pressure: 0.5834040000000000
lambda: 0.0000000000000000
lambda_coupling: 1.0000000000000000
uy: 0.0000000000000000
maximum_displacement: 1.0000000000000000
maximum_rotation: 1.0000000000000000
maximum_volume: 1.0000000000000000
maximum_shape: 0.0000001000000000
maximum_dsigma: 0.0100000000000000
mod: 10
pmod: 10
optimize: 1
verbose: 1
snapshot: 0
display: 1
explore: 1
npt: 1
nptxy: 0
nptdxdy: 0
shape: 0
seed: 1234162
-73.794430575517 9.146365933251 0.000000000000 1.000000000000
-60.101234306291 110.087557932310 0.866025403784 0.500000000000
52.008925854727 26.493533905161 0.000000000000 1.000000000000
30.756182034317 64.162375961785 0.866025403784 0.500000000000
124.111025209318 126.095190738423 0.866025403784 0.500000000000
35.491069815074 -6.004097313759 0.866025403784 0.500000000000
-6.153666413778 66.144667803725 0.866025403784 0.500000000000
-14.842128670111 -60.547968343673 0.866025403784 0.500000000000
4.411802377187 47.477638286067 0.866025403784 -0.500000000000
-29.029136469823 43.006768151331 0.000000000000 1.000000000000
78.957486629090 -73.871605798644 0.866025403784 0.500000000000
102.451998559173 18.609432477529 0.866025403784 0.500000000000
-15.497571553855 86.936417963772 0.866025403784 -0.500000000000
-67.813642143914 -23.660823357612 0.000000000000 1.000000000000
123.155671961758 5.573502840654 0.866025403784 -0.500000000000
-65.980322744272 135.521149191594 0.000000000000 1.000000000000
-79.439253895928 -118.201610443917 0.866025403784 -0.500000000000
59.711347301640 -3.207608618728 0.866025403784 0.500000000000
37.676139819531 47.897123221755 0.866025403784 -0.500000000000
-45.691838746977 15.212446604905 0.000000000000 1.000000000000
