#Configurational_file created 2018-09-14 11:34:31  started 2018-09-14 11:34:30 run for 1.0s steps 0
name: p_1001
step: 10000
specie: 20
	particle_diameter: 1.0000000000000000
	interaction_length: 1.2000000000000000
	number_of_patches: 3
	number_of_particles_per_compound: 1
	rod_length: 1.0000000000000000
	interaction_matrix:  1.000000 1.000000 1.000000 1.000000 1.000000 1.000000 1.000000 1.000000 1.000000
	patch_type: symmetric
	patch_width: 8.0000000000000000
	patch_angle: 0.0000000000000000
	angles:  0.000000 0.000000 0.000000
	grand_canonical: 0
	chemical_potential: 0.0000000000000000
box: 53.510024 53.510024
copy: 1.000000 1.000000
epsilon: 0.3125370000000000
end_epsilon: 0.0000000000000000
pressure: 0.0001000000000000
lambda: 0.0000000000000000
lambda_coupling: 1.0000000000000000
uy: 0.0000000000000000
maximum_displacement: 1.0000000000000000
maximum_rotation: 1.0000000000000000
maximum_volume: 1.0000000000000000
maximum_shape: 0.0000001000000000
maximum_dsigma: 0.0100000000000000
mod: 10
pmod: 10
optimize: 1
verbose: 1
snapshot: 0
display: 1
explore: 1
npt: 1
nptxy: 0
nptdxdy: 0
shape: 0
seed: 1140928
51.886445920600 -136.693938974478 0.866025403784 0.500000000000
-55.352643740024 42.522134119959 0.866025403784 0.500000000000
90.881798487534 -108.573908302826 0.866025403784 -0.500000000000
-92.852308305309 126.636763378423 0.866025403784 0.500000000000
-106.497781548622 252.634447443557 0.000000000000 1.000000000000
-196.995925615220 326.183941659358 0.866025403784 -0.500000000000
287.426611748767 34.247449536300 0.866025403784 -0.500000000000
62.985679595885 -135.377337456413 0.866025403784 0.500000000000
190.686715314118 -44.237552574667 0.000000000000 1.000000000000
185.552003565943 42.784791032000 0.866025403784 -0.500000000000
68.459835402101 -50.378987352286 0.000000000000 1.000000000000
125.074952801491 -160.121893984534 0.866025403784 0.500000000000
346.914476531989 -57.252797417979 0.000000000000 1.000000000000
-30.690141079889 -90.708833023160 0.866025403784 0.500000000000
-5.160045665906 138.685704617837 0.866025403784 0.500000000000
177.831027324837 -2.795606632422 0.000000000000 1.000000000000
362.086853869468 100.455718698250 0.000000000000 1.000000000000
204.646261612717 -98.457707187168 0.866025403784 0.500000000000
47.448630224121 -317.271288064990 0.866025403784 0.500000000000
139.260563439579 152.902185662794 0.866025403784 0.500000000000
