#Configurational_file created 2018-09-14 12:02:55  started 2018-09-14 12:02:54 run for 1.0s steps 0
name: p_1072
step: 10000
specie: 20
	particle_diameter: 1.0000000000000000
	interaction_length: 1.2000000000000000
	number_of_patches: 3
	number_of_particles_per_compound: 1
	rod_length: 1.0000000000000000
	interaction_matrix:  1.000000 1.000000 1.000000 1.000000 1.000000 1.000000 1.000000 1.000000 1.000000
	patch_type: symmetric
	patch_width: 8.0000000000000000
	patch_angle: 0.0000000000000000
	angles:  0.000000 0.000000 0.000000
	grand_canonical: 0
	chemical_potential: 0.0000000000000000
box: 53.020563 53.020563
copy: 1.000000 1.000000
epsilon: 0.0354170000000000
end_epsilon: 0.0000000000000000
pressure: 0.0875000000000000
lambda: 0.0000000000000000
lambda_coupling: 1.0000000000000000
uy: 0.0000000000000000
maximum_displacement: 1.0000000000000000
maximum_rotation: 1.0000000000000000
maximum_volume: 1.0000000000000000
maximum_shape: 0.0000001000000000
maximum_dsigma: 0.0100000000000000
mod: 10
pmod: 10
optimize: 1
verbose: 1
snapshot: 0
display: 1
explore: 1
npt: 1
nptxy: 0
nptdxdy: 0
shape: 0
seed: 1221655
158.363881119640 -10.350292910825 0.866025403784 -0.500000000000
-367.750894122663 282.528354689564 0.866025403784 -0.500000000000
83.678562556961 263.814555655302 0.000000000000 1.000000000000
-89.814281284439 133.620906874300 0.000000000000 1.000000000000
-250.961452345482 -99.762623427476 0.866025403784 0.500000000000
82.964424381413 22.513243808779 0.866025403784 0.500000000000
230.990597630297 -238.366232130745 0.866025403784 0.500000000000
-17.298040611110 -181.688016989509 0.866025403784 -0.500000000000
98.696332174341 47.558945173574 0.866025403784 -0.500000000000
52.301288187142 -0.066133494314 0.000000000000 1.000000000000
-322.392803626740 133.139056145691 0.866025403784 0.500000000000
-131.460406040186 -108.834074140220 0.866025403784 -0.500000000000
61.965848282367 272.849903778826 0.866025403784 -0.500000000000
-98.733251727185 108.554490764111 0.000000000000 1.000000000000
-58.818329593512 -97.197304566810 0.866025403784 -0.500000000000
122.426260325382 -53.810700943866 0.866025403784 -0.500000000000
-270.516016811094 93.499648930220 0.866025403784 -0.500000000000
7.667489332070 548.132143707348 0.866025403784 -0.500000000000
132.821568663950 -4.331552892669 0.000000000000 1.000000000000
213.140235019908 194.229358113565 0.866025403784 -0.500000000000
