#Configurational_file created 2018-09-14 13:58:00  started 2018-09-14 13:57:59 run for 1.0s steps 0
name: p_1021
step: 10000
specie: 20
	particle_diameter: 1.0000000000000000
	interaction_length: 1.2000000000000000
	number_of_patches: 3
	number_of_particles_per_compound: 1
	rod_length: 1.0000000000000000
	interaction_matrix:  1.000000 1.000000 1.000000 1.000000 1.000000 1.000000 1.000000 1.000000 1.000000
	patch_type: symmetric
	patch_width: 8.0000000000000000
	patch_angle: 0.0000000000000000
	angles:  0.000000 0.000000 0.000000
	grand_canonical: 0
	chemical_potential: 0.0000000000000000
box: 48.406696 48.406696
copy: 1.000000 1.000000
epsilon: 0.2758630000000000
end_epsilon: 0.0000000000000000
pressure: 0.0000010000000000
lambda: 0.0000000000000000
lambda_coupling: 1.0000000000000000
uy: 0.0000000000000000
maximum_displacement: 1.0000000000000000
maximum_rotation: 1.0000000000000000
maximum_volume: 1.0000000000000000
maximum_shape: 0.0000001000000000
maximum_dsigma: 0.0100000000000000
mod: 10
pmod: 10
optimize: 1
verbose: 1
snapshot: 0
display: 1
explore: 1
npt: 1
nptxy: 0
nptdxdy: 0
shape: 0
seed: 1163668
-67.821734645577 6.370391318374 0.000000000000 1.000000000000
84.591656091215 79.959812569542 0.866025403784 -0.500000000000
-125.191513528995 -10.990201916132 0.000000000000 1.000000000000
-246.249396369902 132.950517352616 0.866025403784 -0.500000000000
42.715823588114 140.178096847654 0.866025403784 -0.500000000000
29.960346777882 55.204507262945 0.866025403784 -0.500000000000
164.887401106319 100.530642197637 0.866025403784 -0.500000000000
-50.633924879083 239.713113640674 0.000000000000 1.000000000000
42.819500003072 -201.111665283566 0.000000000000 1.000000000000
215.512628639299 23.756970976960 0.866025403784 -0.500000000000
-12.525706018223 -289.257197819835 0.866025403784 -0.500000000000
-53.018764889569 -16.714359582519 0.866025403784 -0.500000000000
191.802785161627 -119.473311372009 0.000000000000 1.000000000000
-157.351849891864 -193.921185311745 0.000000000000 1.000000000000
74.820524939659 227.757041445406 0.866025403784 0.500000000000
6.582941423965 -83.941228635961 0.000000000000 1.000000000000
-157.386984327177 46.139486083717 0.000000000000 1.000000000000
-223.214073134046 18.832383187620 0.866025403784 0.500000000000
72.582249135563 146.795223321849 0.866025403784 -0.500000000000
-118.650678221716 -238.849334835003 0.866025403784 0.500000000000
