#Configurational_file created 2018-09-14 13:58:47  started 2018-09-14 13:58:47 run for 0.0s steps 0
name: p_1090
step: 10000
specie: 20
	particle_diameter: 1.0000000000000000
	interaction_length: 1.2000000000000000
	number_of_patches: 3
	number_of_particles_per_compound: 1
	rod_length: 1.0000000000000000
	interaction_matrix:  1.000000 1.000000 1.000000 1.000000 1.000000 1.000000 1.000000 1.000000 1.000000
	patch_type: symmetric
	patch_width: 8.0000000000000000
	patch_angle: 0.0000000000000000
	angles:  0.000000 0.000000 0.000000
	grand_canonical: 0
	chemical_potential: 0.0000000000000000
box: 17.444172 17.444172
copy: 1.000000 1.000000
epsilon: 0.4137940000000000
end_epsilon: 0.0000000000000000
pressure: 0.1551730000000000
lambda: 0.0000000000000000
lambda_coupling: 1.0000000000000000
uy: 0.0000000000000000
maximum_displacement: 1.0000000000000000
maximum_rotation: 1.0000000000000000
maximum_volume: 1.0000000000000000
maximum_shape: 0.0000001000000000
maximum_dsigma: 0.0100000000000000
mod: 10
pmod: 10
optimize: 1
verbose: 1
snapshot: 0
display: 1
explore: 1
npt: 1
nptxy: 0
nptdxdy: 0
shape: 0
seed: 1242121
79.309293769248 -156.058174552184 0.000000000000 1.000000000000
54.447141345681 135.156419171922 0.866025403784 0.500000000000
103.613140011215 -74.794909137081 0.866025403784 0.500000000000
111.625055861625 152.084850882302 0.866025403784 0.500000000000
-226.350323270820 107.058260673977 0.000000000000 1.000000000000
290.172791469807 -47.339921770594 0.866025403784 -0.500000000000
54.757984016564 -286.932703170474 0.866025403784 -0.500000000000
83.945475702156 -146.353239979913 0.866025403784 -0.500000000000
96.076698294410 -162.298463404859 0.866025403784 -0.500000000000
-109.378358322801 53.417016675395 0.866025403784 0.500000000000
-63.079871375229 -121.792598830405 0.866025403784 -0.500000000000
75.975317143481 -65.644355887562 0.000000000000 1.000000000000
172.934947673632 -93.764150378264 0.866025403784 -0.500000000000
-73.485983309034 14.877738873246 0.866025403784 -0.500000000000
2.578250312441 -41.089028450121 0.000000000000 1.000000000000
-39.455912387698 34.283720845274 0.866025403784 -0.500000000000
60.083042226172 68.590932719983 0.866025403784 0.500000000000
36.959990417457 113.383900363910 0.866025403784 0.500000000000
134.679809973110 -45.884863364120 0.000000000000 1.000000000000
-67.305728264243 54.434284087966 0.866025403784 -0.500000000000
