#Configurational_file created 2018-09-14 13:58:37  started 2018-09-14 13:58:36 run for 1.0s steps 0
name: p_1075
step: 10000
specie: 20
	particle_diameter: 1.0000000000000000
	interaction_length: 1.2000000000000000
	number_of_patches: 3
	number_of_particles_per_compound: 1
	rod_length: 1.0000000000000000
	interaction_matrix:  1.000000 1.000000 1.000000 1.000000 1.000000 1.000000 1.000000 1.000000 1.000000
	patch_type: symmetric
	patch_width: 8.0000000000000000
	patch_angle: 0.0000000000000000
	angles:  0.000000 0.000000 0.000000
	grand_canonical: 0
	chemical_potential: 0.0000000000000000
box: 13.623400 13.623400
copy: 1.000000 1.000000
epsilon: 0.3448280000000000
end_epsilon: 0.0000000000000000
pressure: 0.4137930000000000
lambda: 0.0000000000000000
lambda_coupling: 1.0000000000000000
uy: 0.0000000000000000
maximum_displacement: 1.0000000000000000
maximum_rotation: 1.0000000000000000
maximum_volume: 1.0000000000000000
maximum_shape: 0.0000001000000000
maximum_dsigma: 0.0100000000000000
mod: 10
pmod: 10
optimize: 1
verbose: 1
snapshot: 0
display: 1
explore: 1
npt: 1
nptxy: 0
nptdxdy: 0
shape: 0
seed: 1225066
47.549403241219 39.423771539369 0.866025403784 0.500000000000
-38.316892577373 46.475399583931 0.000000000000 1.000000000000
-66.947266652053 11.588657967224 0.000000000000 1.000000000000
51.888921764614 106.017200254275 0.866025403784 -0.500000000000
-72.791675533247 100.824627451708 0.866025403784 0.500000000000
-94.573535435263 -137.128182787668 0.866025403784 0.500000000000
-18.590560368775 154.224355665997 0.866025403784 0.500000000000
-36.843340231922 -6.197955516881 0.000000000000 1.000000000000
-14.562173185825 -221.141270176484 0.866025403784 -0.500000000000
81.352678449845 -19.371415165975 0.000000000000 1.000000000000
118.745296496408 -233.345634328132 0.866025403784 -0.500000000000
-209.382776405194 -31.499489860764 0.866025403784 -0.500000000000
116.433609536534 89.647225884507 0.866025403784 -0.500000000000
-65.100456249150 71.964395760660 0.866025403784 -0.500000000000
-199.874697529119 -96.727928702286 0.866025403784 0.500000000000
-118.424460886950 -5.403986824204 0.866025403784 0.500000000000
-56.660009949506 181.952440943757 0.866025403784 0.500000000000
-87.547644005316 -11.629723939363 0.866025403784 0.500000000000
-167.650791782905 74.827694071419 0.000000000000 1.000000000000
-44.591200773769 -99.393694487054 0.000000000000 1.000000000000
