#Configurational_file created 2018-09-14 11:35:53  started 2018-09-14 11:35:52 run for 1.0s steps 0
name: p_1099
step: 10000
specie: 20
	particle_diameter: 1.0000000000000000
	interaction_length: 1.2000000000000000
	number_of_patches: 3
	number_of_particles_per_compound: 1
	rod_length: 1.0000000000000000
	interaction_matrix:  1.000000 1.000000 1.000000 1.000000 1.000000 1.000000 1.000000 1.000000 1.000000
	patch_type: symmetric
	patch_width: 8.0000000000000000
	patch_angle: 0.0000000000000000
	angles:  0.000000 0.000000 0.000000
	grand_canonical: 0
	chemical_potential: 0.0000000000000000
box: 6.907825 6.907825
copy: 1.000000 1.000000
epsilon: 0.3750250000000000
end_epsilon: 0.0000000000000000
pressure: 1.9166710000000000
lambda: 0.0000000000000000
lambda_coupling: 1.0000000000000000
uy: 0.0000000000000000
maximum_displacement: 1.0000000000000000
maximum_rotation: 1.0000000000000000
maximum_volume: 0.3975647519405148
maximum_shape: 0.0000001000000000
maximum_dsigma: 0.0100000000000000
mod: 10
pmod: 10
optimize: 1
verbose: 1
snapshot: 0
display: 1
explore: 1
npt: 1
nptxy: 0
nptdxdy: 0
shape: 0
seed: 1252354
-159.101615253519 -49.225031797386 0.866025403784 0.500000000000
42.748003348313 -45.319710451316 0.866025403784 -0.500000000000
-112.341117173968 -5.877593883832 0.866025403784 -0.500000000000
7.890464712763 29.273478529581 0.866025403784 0.500000000000
-35.013106559922 -2.931533351293 0.866025403784 -0.500000000000
64.641485072872 57.883249826674 0.866025403784 -0.500000000000
-30.101015057331 -100.380767623386 0.866025403784 -0.500000000000
12.780973084956 -82.979408043537 0.866025403784 0.500000000000
-47.635346274484 -41.901300888114 0.000000000000 1.000000000000
-11.531038740261 7.012971858278 0.000000000000 1.000000000000
-31.827967904625 -36.783224481443 0.000000000000 1.000000000000
93.183871505789 60.742876147647 0.000000000000 1.000000000000
-45.703199068699 1.251033276820 0.866025403784 0.500000000000
28.181629980954 -75.276412139709 0.000000000000 1.000000000000
-22.890673063502 -35.780645890356 0.866025403784 -0.500000000000
-53.239160100247 -57.926093457488 0.866025403784 -0.500000000000
123.861058786853 37.444685796689 0.866025403784 -0.500000000000
31.759975900824 29.358383252856 0.866025403784 -0.500000000000
-89.865688040540 -87.818111123906 0.866025403784 0.500000000000
49.192696274281 -77.769409653355 0.866025403784 0.500000000000
