#Configurational_file created 2018-09-14 12:03:12  started 2018-09-14 12:03:11 run for 1.0s steps 0
name: p_1095
step: 10000
specie: 20
	particle_diameter: 1.0000000000000000
	interaction_length: 1.2000000000000000
	number_of_patches: 3
	number_of_particles_per_compound: 1
	rod_length: 1.0000000000000000
	interaction_matrix:  1.000000 1.000000 1.000000 1.000000 1.000000 1.000000 1.000000 1.000000 1.000000
	patch_type: symmetric
	patch_width: 8.0000000000000000
	patch_angle: 0.0000000000000000
	angles:  0.000000 0.000000 0.000000
	grand_canonical: 0
	chemical_potential: 0.0000000000000000
box: 46.208263 46.208263
copy: 1.000000 1.000000
epsilon: 0.0375000000000000
end_epsilon: 0.0000000000000000
pressure: 0.0791670000000000
lambda: 0.0000000000000000
lambda_coupling: 1.0000000000000000
uy: 0.0000000000000000
maximum_displacement: 1.0000000000000000
maximum_rotation: 1.0000000000000000
maximum_volume: 1.0000000000000000
maximum_shape: 0.0000001000000000
maximum_dsigma: 0.0100000000000000
mod: 10
pmod: 10
optimize: 1
verbose: 1
snapshot: 0
display: 1
explore: 1
npt: 1
nptxy: 0
nptdxdy: 0
shape: 0
seed: 1247806
-107.562372917580 -211.664138915246 0.866025403784 0.500000000000
337.462629995574 224.317594501532 0.866025403784 0.500000000000
-99.403045610060 -132.126375444706 0.866025403784 0.500000000000
133.887004066404 -52.613042261815 0.866025403784 -0.500000000000
21.714005877934 -139.633213865907 0.000000000000 1.000000000000
8.418682475225 271.830360536598 0.866025403784 -0.500000000000
163.150934557577 223.567504131988 0.866025403784 0.500000000000
249.086973317192 -80.409221101822 0.866025403784 0.500000000000
-207.124956710617 210.925196010327 0.000000000000 1.000000000000
-111.806179869970 112.562126079915 0.866025403784 0.500000000000
429.851052036646 483.514578564881 0.000000000000 1.000000000000
-353.062955752476 342.686130657000 0.866025403784 0.500000000000
185.362436215684 -165.020705975763 0.000000000000 1.000000000000
-46.529608162675 -229.688969961348 0.000000000000 1.000000000000
105.297828914914 387.410055510601 0.000000000000 1.000000000000
142.910419801869 -58.959597686763 0.866025403784 0.500000000000
-92.343859995333 -23.569697160177 0.000000000000 1.000000000000
153.938823156899 -398.369975394057 0.866025403784 -0.500000000000
126.848103567183 153.954213289597 0.000000000000 1.000000000000
264.328544460644 122.547332246368 0.866025403784 0.500000000000
