#Configurational_file created 2018-09-14 12:02:06  started 2018-09-14 12:02:06 run for 0.0s steps 0
name: p_1005
step: 10000
specie: 20
	particle_diameter: 1.0000000000000000
	interaction_length: 1.2000000000000000
	number_of_patches: 3
	number_of_particles_per_compound: 1
	rod_length: 1.0000000000000000
	interaction_matrix:  1.000000 1.000000 1.000000 1.000000 1.000000 1.000000 1.000000 1.000000 1.000000
	patch_type: symmetric
	patch_width: 8.0000000000000000
	patch_angle: 0.0000000000000000
	angles:  0.000000 0.000000 0.000000
	grand_canonical: 0
	chemical_potential: 0.0000000000000000
box: 48.941111 48.941111
copy: 1.000000 1.000000
epsilon: 0.0312500000000000
end_epsilon: 0.0000000000000000
pressure: 0.0166680000000000
lambda: 0.0000000000000000
lambda_coupling: 1.0000000000000000
uy: 0.0000000000000000
maximum_displacement: 1.0000000000000000
maximum_rotation: 1.0000000000000000
maximum_volume: 1.0000000000000000
maximum_shape: 0.0000001000000000
maximum_dsigma: 0.0100000000000000
mod: 10
pmod: 10
optimize: 1
verbose: 1
snapshot: 0
display: 1
explore: 1
npt: 1
nptxy: 0
nptdxdy: 0
shape: 0
seed: 1145476
-108.522178132936 -199.318078984905 0.866025403784 -0.500000000000
187.714093014397 87.760906290729 0.866025403784 -0.500000000000
24.051409603659 -125.004725093194 0.866025403784 0.500000000000
36.865165267428 -212.693782953835 0.866025403784 -0.500000000000
-17.883445181485 11.777193747545 0.866025403784 -0.500000000000
109.665141647407 41.297533431108 0.866025403784 -0.500000000000
142.531986243329 -106.897550585637 0.866025403784 0.500000000000
-44.777828886044 84.844257552076 0.000000000000 1.000000000000
144.691677208262 25.573887122032 0.866025403784 0.500000000000
-43.058734380986 299.880705341967 0.000000000000 1.000000000000
95.797314590730 121.464159330021 0.000000000000 1.000000000000
115.150872085156 -149.503698448301 0.866025403784 -0.500000000000
309.154807394005 -124.290276301793 0.000000000000 1.000000000000
278.349710000839 -229.193736704034 0.866025403784 0.500000000000
-13.814255588244 -112.624375164574 0.000000000000 1.000000000000
71.433703719250 6.188177333043 0.000000000000 1.000000000000
286.036063032024 16.260213817424 0.866025403784 0.500000000000
151.460800639825 -245.858689472138 0.866025403784 0.500000000000
122.163219859986 -79.795261487832 0.866025403784 -0.500000000000
145.135202320472 -36.321202077623 0.866025403784 -0.500000000000
