#Configurational_file created 2018-09-14 13:58:45  started 2018-09-14 13:58:45 run for 0.0s steps 0
name: p_1087
step: 10000
specie: 20
	particle_diameter: 1.0000000000000000
	interaction_length: 1.2000000000000000
	number_of_patches: 3
	number_of_particles_per_compound: 1
	rod_length: 1.0000000000000000
	interaction_matrix:  1.000000 1.000000 1.000000 1.000000 1.000000 1.000000 1.000000 1.000000 1.000000
	patch_type: symmetric
	patch_width: 8.0000000000000000
	patch_angle: 0.0000000000000000
	angles:  0.000000 0.000000 0.000000
	grand_canonical: 0
	chemical_potential: 0.0000000000000000
box: 20.194526 20.194526
copy: 1.000000 1.000000
epsilon: 0.4137940000000000
end_epsilon: 0.0000000000000000
pressure: 0.1034490000000000
lambda: 0.0000000000000000
lambda_coupling: 1.0000000000000000
uy: 0.0000000000000000
maximum_displacement: 1.0000000000000000
maximum_rotation: 1.0000000000000000
maximum_volume: 1.0000000000000000
maximum_shape: 0.0000001000000000
maximum_dsigma: 0.0100000000000000
mod: 10
pmod: 10
optimize: 1
verbose: 1
snapshot: 0
display: 1
explore: 1
npt: 1
nptxy: 0
nptdxdy: 0
shape: 0
seed: 1238710
-144.288596738558 -2.824362687141 0.000000000000 1.000000000000
-51.766004488574 113.140878945254 0.866025403784 0.500000000000
130.091526915238 21.474905564373 0.000000000000 1.000000000000
94.407347036361 187.685061414688 0.000000000000 1.000000000000
-51.758391643775 22.932426780439 0.000000000000 1.000000000000
81.789025584563 33.369536708632 0.866025403784 -0.500000000000
-14.079895830349 -198.767405930256 0.000000000000 1.000000000000
-33.998916601155 172.168463898435 0.866025403784 0.500000000000
22.922604069632 -15.167652784664 0.866025403784 -0.500000000000
-53.218195854854 183.386633405623 0.866025403784 0.500000000000
32.538772561026 -40.425756564110 0.866025403784 -0.500000000000
-2.184504992366 47.143396595351 0.866025403784 -0.500000000000
-1.225701405047 -273.519276788221 0.866025403784 0.500000000000
73.289527533864 -57.910776826476 0.000000000000 1.000000000000
190.889141186544 -43.665358321305 0.866025403784 0.500000000000
20.594453139240 41.493495844052 0.866025403784 -0.500000000000
-57.093238021849 58.695015713450 0.000000000000 1.000000000000
-118.485643603509 -181.256499980871 0.866025403784 -0.500000000000
55.776208985523 25.929902323333 0.866025403784 -0.500000000000
79.242940139690 221.562697449424 0.866025403784 -0.500000000000
