#Configurational_file created 2018-09-14 12:02:50  started 2018-09-14 12:02:49 run for 1.0s steps 0
name: p_1065
step: 10000
specie: 20
	particle_diameter: 1.0000000000000000
	interaction_length: 1.2000000000000000
	number_of_patches: 3
	number_of_particles_per_compound: 1
	rod_length: 1.0000000000000000
	interaction_matrix:  1.000000 1.000000 1.000000 1.000000 1.000000 1.000000 1.000000 1.000000 1.000000
	patch_type: symmetric
	patch_width: 8.0000000000000000
	patch_angle: 0.0000000000000000
	angles:  0.000000 0.000000 0.000000
	grand_canonical: 0
	chemical_potential: 0.0000000000000000
box: 43.162851 43.162851
copy: 1.000000 1.000000
epsilon: 0.0354170000000000
end_epsilon: 0.0000000000000000
pressure: 0.0583340000000000
lambda: 0.0000000000000000
lambda_coupling: 1.0000000000000000
uy: 0.0000000000000000
maximum_displacement: 1.0000000000000000
maximum_rotation: 1.0000000000000000
maximum_volume: 1.0000000000000000
maximum_shape: 0.0000001000000000
maximum_dsigma: 0.0100000000000000
mod: 10
pmod: 10
optimize: 1
verbose: 1
snapshot: 0
display: 1
explore: 1
npt: 1
nptxy: 0
nptdxdy: 0
shape: 0
seed: 1213696
-119.274984643117 -426.512336033460 0.866025403784 -0.500000000000
57.218209590238 184.443772424671 0.866025403784 -0.500000000000
-277.728172463142 23.686732444346 0.866025403784 0.500000000000
184.372642351195 180.609000615334 0.000000000000 1.000000000000
-211.093663987571 -314.341403008822 0.000000000000 1.000000000000
225.077917615286 -179.833276798151 0.866025403784 0.500000000000
-81.416649481755 65.629351668650 0.866025403784 -0.500000000000
21.543836277113 132.672345648847 0.000000000000 1.000000000000
203.338096863099 -34.215502647572 0.000000000000 1.000000000000
-265.845874145442 -26.393905762857 0.000000000000 1.000000000000
-147.874805078878 156.922991157619 0.866025403784 0.500000000000
60.018433949405 -77.113407306625 0.866025403784 -0.500000000000
-210.627002115018 192.260971387175 0.866025403784 -0.500000000000
-17.893840403324 -92.650565303432 0.866025403784 -0.500000000000
-169.490728168378 157.826717167428 0.000000000000 1.000000000000
23.339163258012 -18.858561050409 0.866025403784 -0.500000000000
319.458785618579 -44.166581315324 0.866025403784 0.500000000000
107.082073135676 40.462547686382 0.866025403784 0.500000000000
336.576866729237 73.359938072365 0.866025403784 -0.500000000000
-88.712867364877 18.592699208297 0.866025403784 0.500000000000
