#Configurational_file created 2018-09-14 13:58:33  started 2018-09-14 13:58:32 run for 1.0s steps 0
name: p_1069
step: 10000
specie: 20
	particle_diameter: 1.0000000000000000
	interaction_length: 1.2000000000000000
	number_of_patches: 3
	number_of_particles_per_compound: 1
	rod_length: 1.0000000000000000
	interaction_matrix:  1.000000 1.000000 1.000000 1.000000 1.000000 1.000000 1.000000 1.000000 1.000000
	patch_type: symmetric
	patch_width: 8.0000000000000000
	patch_angle: 0.0000000000000000
	angles:  0.000000 0.000000 0.000000
	grand_canonical: 0
	chemical_potential: 0.0000000000000000
box: 13.643139 13.643139
copy: 1.000000 1.000000
epsilon: 0.3448280000000000
end_epsilon: 0.0000000000000000
pressure: 0.3103450000000000
lambda: 0.0000000000000000
lambda_coupling: 1.0000000000000000
uy: 0.0000000000000000
maximum_displacement: 1.0000000000000000
maximum_rotation: 1.0000000000000000
maximum_volume: 1.0000000000000000
maximum_shape: 0.0000001000000000
maximum_dsigma: 0.0100000000000000
mod: 10
pmod: 10
optimize: 1
verbose: 1
snapshot: 0
display: 1
explore: 1
npt: 1
nptxy: 0
nptdxdy: 0
shape: 0
seed: 1218244
56.003853929499 103.717618406031 0.866025403784 0.500000000000
74.103068743351 -87.394075559551 0.866025403784 -0.500000000000
-222.452658575780 101.255417604980 0.866025403784 -0.500000000000
-16.389649235692 -26.156242027425 0.000000000000 1.000000000000
-77.998588925264 73.541933090508 0.866025403784 -0.500000000000
-26.662880823914 -3.137624791848 0.866025403784 -0.500000000000
-160.553966327604 11.768166774635 0.000000000000 1.000000000000
143.476950856914 70.315379044955 0.866025403784 -0.500000000000
96.866750966043 19.216864700796 0.866025403784 0.500000000000
-73.348327421137 75.762515853347 0.000000000000 1.000000000000
-12.902212430861 27.462976215625 0.000000000000 1.000000000000
65.936115795103 142.554266062746 0.866025403784 0.500000000000
44.637888236289 -78.358578807209 0.866025403784 -0.500000000000
43.149582352792 3.790889544441 0.000000000000 1.000000000000
-21.053928009045 105.924390448668 0.866025403784 0.500000000000
34.056915149263 38.310232840000 0.866025403784 -0.500000000000
-31.450477847070 28.840191782103 0.866025403784 -0.500000000000
88.605413501524 -151.449385465517 0.866025403784 -0.500000000000
-60.290499225191 58.808592352393 0.866025403784 0.500000000000
-60.418426230328 117.795520402998 0.866025403784 0.500000000000
