#Configurational_file created 2018-09-14 13:58:15  started 2018-09-14 13:58:14 run for 1.0s steps 0
name: p_1043
step: 10000
specie: 20
	particle_diameter: 1.0000000000000000
	interaction_length: 1.2000000000000000
	number_of_patches: 3
	number_of_particles_per_compound: 1
	rod_length: 1.0000000000000000
	interaction_matrix:  1.000000 1.000000 1.000000 1.000000 1.000000 1.000000 1.000000 1.000000 1.000000
	patch_type: symmetric
	patch_width: 8.0000000000000000
	patch_angle: 0.0000000000000000
	angles:  0.000000 0.000000 0.000000
	grand_canonical: 0
	chemical_potential: 0.0000000000000000
box: 13.827431 13.827431
copy: 1.000000 1.000000
epsilon: 0.2758630000000000
end_epsilon: 0.0000000000000000
pressure: 0.3793110000000000
lambda: 0.0000000000000000
lambda_coupling: 1.0000000000000000
uy: 0.0000000000000000
maximum_displacement: 1.0000000000000000
maximum_rotation: 1.0000000000000000
maximum_volume: 1.0000000000000000
maximum_shape: 0.0000001000000000
maximum_dsigma: 0.0100000000000000
mod: 10
pmod: 10
optimize: 1
verbose: 1
snapshot: 0
display: 1
explore: 1
npt: 1
nptxy: 0
nptdxdy: 0
shape: 0
seed: 1188682
-21.560226735312 192.962142218517 0.866025403784 -0.500000000000
-48.303438756179 -158.515672106725 0.866025403784 -0.500000000000
7.986848320508 -33.483016286199 0.000000000000 1.000000000000
46.652781068317 115.931909370226 0.866025403784 -0.500000000000
-87.158584072491 182.535105950913 0.866025403784 -0.500000000000
160.342013964948 4.551456002960 0.000000000000 1.000000000000
90.554319210468 -39.705381450552 0.866025403784 -0.500000000000
109.057616600749 -43.035983649692 0.866025403784 0.500000000000
4.459358973004 8.957475989866 0.866025403784 0.500000000000
167.495315757424 -36.838508411443 0.000000000000 1.000000000000
122.580534191320 -4.399939498436 0.866025403784 -0.500000000000
78.455772978279 -123.543642578872 0.866025403784 0.500000000000
-35.203544719986 88.440457915527 0.000000000000 1.000000000000
30.617408891414 9.472485772746 0.866025403784 -0.500000000000
64.398096933165 89.193376572725 0.000000000000 1.000000000000
55.177859120248 -27.771085244464 0.000000000000 1.000000000000
56.712464609313 11.847922878367 0.000000000000 1.000000000000
-180.385330918409 -4.599282552572 0.866025403784 0.500000000000
-20.531203836174 -78.658020071293 0.000000000000 1.000000000000
3.109245033930 24.542439452258 0.866025403784 -0.500000000000
