#Configurational_file created 2018-09-14 11:34:54  started 2018-09-14 11:34:54 run for 0.0s steps 0
name: p_1030
step: 10000
specie: 20
	particle_diameter: 1.0000000000000000
	interaction_length: 1.2000000000000000
	number_of_patches: 3
	number_of_particles_per_compound: 1
	rod_length: 1.0000000000000000
	interaction_matrix:  1.000000 1.000000 1.000000 1.000000 1.000000 1.000000 1.000000 1.000000 1.000000
	patch_type: symmetric
	patch_width: 8.0000000000000000
	patch_angle: 0.0000000000000000
	angles:  0.000000 0.000000 0.000000
	grand_canonical: 0
	chemical_potential: 0.0000000000000000
box: 15.592495 15.592495
copy: 1.000000 1.000000
epsilon: 0.3333670000000000
end_epsilon: 0.0000000000000000
pressure: 0.3334170000000000
lambda: 0.0000000000000000
lambda_coupling: 1.0000000000000000
uy: 0.0000000000000000
maximum_displacement: 1.0000000000000000
maximum_rotation: 1.0000000000000000
maximum_volume: 1.0000000000000000
maximum_shape: 0.0000001000000000
maximum_dsigma: 0.0100000000000000
mod: 10
pmod: 10
optimize: 1
verbose: 1
snapshot: 0
display: 1
explore: 1
npt: 1
nptxy: 0
nptdxdy: 0
shape: 0
seed: 1173901
244.118774207283 -53.970057308595 0.866025403784 -0.500000000000
40.656810206889 5.967247551522 0.866025403784 -0.500000000000
-79.879449046634 -39.145095801178 0.866025403784 -0.500000000000
63.415709091859 54.522635193392 0.000000000000 1.000000000000
69.564996663467 20.739231123515 0.866025403784 0.500000000000
23.178206656422 24.996614338710 0.000000000000 1.000000000000
-86.776228704977 10.505705635374 0.866025403784 0.500000000000
35.934974391916 -46.579373343556 0.000000000000 1.000000000000
-49.749577015018 30.658987258053 0.000000000000 1.000000000000
-13.556253518295 130.590999242235 0.866025403784 -0.500000000000
116.220925569298 48.268361405142 0.866025403784 0.500000000000
145.466957493595 26.329944702544 0.866025403784 -0.500000000000
-14.037279567868 46.448273065096 0.000000000000 1.000000000000
9.122917903195 56.249744843578 0.866025403784 -0.500000000000
61.438664459445 -96.658177034343 0.866025403784 -0.500000000000
5.404659651600 2.375313937297 0.866025403784 0.500000000000
59.432954409242 -165.358230444281 0.000000000000 1.000000000000
139.612366600496 -94.337090634416 0.866025403784 0.500000000000
-141.646377465213 -82.074624176376 0.866025403784 0.500000000000
-132.688819033423 167.640867592079 0.866025403784 0.500000000000
