#Configurational_file created 2018-09-14 11:35:30  started 2018-09-14 11:35:29 run for 1.0s steps 0
name: p_1072
step: 10000
specie: 20
	particle_diameter: 1.0000000000000000
	interaction_length: 1.2000000000000000
	number_of_patches: 3
	number_of_particles_per_compound: 1
	rod_length: 1.0000000000000000
	interaction_matrix:  1.000000 1.000000 1.000000 1.000000 1.000000 1.000000 1.000000 1.000000 1.000000
	patch_type: symmetric
	patch_width: 8.0000000000000000
	patch_angle: 0.0000000000000000
	angles:  0.000000 0.000000 0.000000
	grand_canonical: 0
	chemical_potential: 0.0000000000000000
box: 8.205559 8.205559
copy: 1.000000 1.000000
epsilon: 0.3541960000000000
end_epsilon: 0.0000000000000000
pressure: 1.7500119999999999
lambda: 0.0000000000000000
lambda_coupling: 1.0000000000000000
uy: 0.0000000000000000
maximum_displacement: 1.0000000000000000
maximum_rotation: 1.0000000000000000
maximum_volume: 0.4440972434767683
maximum_shape: 0.0000001000000000
maximum_dsigma: 0.0100000000000000
mod: 10
pmod: 10
optimize: 1
verbose: 1
snapshot: 0
display: 1
explore: 1
npt: 1
nptxy: 0
nptdxdy: 0
shape: 0
seed: 1221655
100.773710842481 -52.432711953893 0.000000000000 1.000000000000
-60.497579891657 27.081590445809 0.866025403784 0.500000000000
-58.839158797728 -21.547164326357 0.000000000000 1.000000000000
-84.069870040800 -112.359533765788 0.866025403784 0.500000000000
-14.776096254353 -51.059852228001 0.000000000000 1.000000000000
-77.095522909406 -52.752510252385 0.866025403784 0.500000000000
20.609481664674 -54.127442052317 0.866025403784 -0.500000000000
-44.583343357314 -52.169813485206 0.866025403784 -0.500000000000
10.724802839188 81.709628298383 0.000000000000 1.000000000000
116.361525311740 35.237127084742 0.866025403784 0.500000000000
-55.615135785667 -88.807754919933 0.866025403784 0.500000000000
-15.676830249550 -15.683176608049 0.000000000000 1.000000000000
-74.923087895953 64.632792515950 0.866025403784 0.500000000000
5.455691932026 -49.684659304247 0.000000000000 1.000000000000
-50.783147748921 -37.076662066934 0.866025403784 -0.500000000000
-70.193633634928 10.409686381379 0.000000000000 1.000000000000
-58.329902985735 25.671191455381 0.000000000000 1.000000000000
-0.580079595308 71.546096772920 0.000000000000 1.000000000000
-114.328065571566 -58.956191261233 0.866025403784 -0.500000000000
48.524313403897 29.432816794782 0.000000000000 1.000000000000
