#Configurational_file created 2018-09-14 12:02:32  started 2018-09-14 12:02:31 run for 1.0s steps 0
name: p_1040
step: 10000
specie: 20
	particle_diameter: 1.0000000000000000
	interaction_length: 1.2000000000000000
	number_of_patches: 3
	number_of_particles_per_compound: 1
	rod_length: 1.0000000000000000
	interaction_matrix:  1.000000 1.000000 1.000000 1.000000 1.000000 1.000000 1.000000 1.000000 1.000000
	patch_type: symmetric
	patch_width: 8.0000000000000000
	patch_angle: 0.0000000000000000
	angles:  0.000000 0.000000 0.000000
	grand_canonical: 0
	chemical_potential: 0.0000000000000000
box: 50.426522 50.426522
copy: 1.000000 1.000000
epsilon: 0.0333340000000000
end_epsilon: 0.0000000000000000
pressure: 0.0583340000000000
lambda: 0.0000000000000000
lambda_coupling: 1.0000000000000000
uy: 0.0000000000000000
maximum_displacement: 1.0000000000000000
maximum_rotation: 1.0000000000000000
maximum_volume: 1.0000000000000000
maximum_shape: 0.0000001000000000
maximum_dsigma: 0.0100000000000000
mod: 10
pmod: 10
optimize: 1
verbose: 1
snapshot: 0
display: 1
explore: 1
npt: 1
nptxy: 0
nptdxdy: 0
shape: 0
seed: 1185271
14.951052504406 -117.147180450030 0.866025403784 0.500000000000
141.623499167621 109.322105777949 0.000000000000 1.000000000000
-151.137542739318 188.202124092859 0.866025403784 0.500000000000
161.807450983625 287.728704093809 0.000000000000 1.000000000000
99.805458478774 169.664596755106 0.866025403784 0.500000000000
492.175141781498 161.132989679006 0.000000000000 1.000000000000
255.827023945031 -212.185203839435 0.866025403784 -0.500000000000
-119.385874250771 84.101934965551 0.866025403784 -0.500000000000
118.153306456582 -244.057374329741 0.866025403784 -0.500000000000
365.270242224898 210.908526043021 0.866025403784 0.500000000000
106.138956236083 -96.028929311940 0.866025403784 0.500000000000
175.567804172158 301.608006668714 0.000000000000 1.000000000000
-18.190851744036 184.843587255421 0.000000000000 1.000000000000
224.440813563566 75.608849976730 0.866025403784 0.500000000000
-106.414070874192 67.321606298799 0.866025403784 0.500000000000
91.364717120779 214.442680800333 0.000000000000 1.000000000000
-74.367551250962 -162.707180117363 0.000000000000 1.000000000000
85.498668565945 18.873941967875 0.866025403784 -0.500000000000
-19.881559321093 -187.209662691213 0.000000000000 1.000000000000
214.270999452177 -20.125836081141 0.866025403784 0.500000000000
