#Configurational_file created 2018-09-14 13:58:43  started 2018-09-14 13:58:42 run for 1.0s steps 0
name: p_1083
step: 10000
specie: 20
	particle_diameter: 1.0000000000000000
	interaction_length: 1.2000000000000000
	number_of_patches: 3
	number_of_particles_per_compound: 1
	rod_length: 1.0000000000000000
	interaction_matrix:  1.000000 1.000000 1.000000 1.000000 1.000000 1.000000 1.000000 1.000000 1.000000
	patch_type: symmetric
	patch_width: 8.0000000000000000
	patch_angle: 0.0000000000000000
	angles:  0.000000 0.000000 0.000000
	grand_canonical: 0
	chemical_potential: 0.0000000000000000
box: 36.278581 36.278581
copy: 1.000000 1.000000
epsilon: 0.4137940000000000
end_epsilon: 0.0000000000000000
pressure: 0.0344840000000000
lambda: 0.0000000000000000
lambda_coupling: 1.0000000000000000
uy: 0.0000000000000000
maximum_displacement: 1.0000000000000000
maximum_rotation: 1.0000000000000000
maximum_volume: 1.0000000000000000
maximum_shape: 0.0000001000000000
maximum_dsigma: 0.0100000000000000
mod: 10
pmod: 10
optimize: 1
verbose: 1
snapshot: 0
display: 1
explore: 1
npt: 1
nptxy: 0
nptdxdy: 0
shape: 0
seed: 1234162
-98.127734196876 -49.008844942057 0.866025403784 -0.500000000000
146.119989763487 -68.860363277307 0.000000000000 1.000000000000
-5.398129632222 85.908642450232 0.866025403784 -0.500000000000
76.168623860450 34.429537884391 0.000000000000 1.000000000000
146.753148463507 66.626754263634 0.000000000000 1.000000000000
-18.343608999821 264.106147105165 0.000000000000 1.000000000000
186.457760805266 48.070758285083 0.866025403784 0.500000000000
138.030296844198 19.508907624377 0.866025403784 -0.500000000000
78.777204258886 -73.070240351642 0.866025403784 0.500000000000
78.085681516940 317.137377176429 0.866025403784 0.500000000000
-72.166242080343 145.195470506743 0.866025403784 0.500000000000
272.550658008849 -222.469918988418 0.866025403784 0.500000000000
274.551048507774 30.399057452499 0.000000000000 1.000000000000
-124.415387735577 -65.825273133064 0.000000000000 1.000000000000
47.336177060961 30.173959878855 0.866025403784 0.500000000000
41.896604004090 -85.120535307085 0.000000000000 1.000000000000
99.931026375579 -32.157483718070 0.866025403784 -0.500000000000
-12.712836677677 -28.769546194030 0.866025403784 0.500000000000
306.877709689165 -12.223763545006 0.866025403784 -0.500000000000
-12.938705917974 15.164571803211 0.000000000000 1.000000000000
