#Configurational_file created 2018-09-14 13:58:10  started 2018-09-14 13:58:09 run for 1.0s steps 0
name: p_1036
step: 10000
specie: 20
	particle_diameter: 1.0000000000000000
	interaction_length: 1.2000000000000000
	number_of_patches: 3
	number_of_particles_per_compound: 1
	rod_length: 1.0000000000000000
	interaction_matrix:  1.000000 1.000000 1.000000 1.000000 1.000000 1.000000 1.000000 1.000000 1.000000
	patch_type: symmetric
	patch_width: 8.0000000000000000
	patch_angle: 0.0000000000000000
	angles:  0.000000 0.000000 0.000000
	grand_canonical: 0
	chemical_potential: 0.0000000000000000
box: 16.367772 16.367772
copy: 1.000000 1.000000
epsilon: 0.2758630000000000
end_epsilon: 0.0000000000000000
pressure: 0.2586210000000000
lambda: 0.0000000000000000
lambda_coupling: 1.0000000000000000
uy: 0.0000000000000000
maximum_displacement: 1.0000000000000000
maximum_rotation: 1.0000000000000000
maximum_volume: 1.0000000000000000
maximum_shape: 0.0000001000000000
maximum_dsigma: 0.0100000000000000
mod: 10
pmod: 10
optimize: 1
verbose: 1
snapshot: 0
display: 1
explore: 1
npt: 1
nptxy: 0
nptdxdy: 0
shape: 0
seed: 1180723
-54.257170760232 -20.757195188590 0.866025403784 0.500000000000
-16.682249628863 111.200294815301 0.000000000000 1.000000000000
-5.335990920114 96.994817118416 0.000000000000 1.000000000000
-49.077556480886 -42.929405131636 0.866025403784 -0.500000000000
50.063493206082 -208.817826987156 0.866025403784 -0.500000000000
-17.404276335520 -68.895853185407 0.866025403784 -0.500000000000
-15.259621159762 221.020754074728 0.866025403784 0.500000000000
-18.300332380305 83.946425729210 0.000000000000 1.000000000000
-52.425750745124 -28.632679318658 0.866025403784 -0.500000000000
56.911273373483 -73.492178070038 0.866025403784 0.500000000000
176.930876924463 98.126091303967 0.000000000000 1.000000000000
-23.668250670437 13.563590317470 0.866025403784 0.500000000000
-21.820250356928 170.175409125625 0.866025403784 0.500000000000
-112.789629551695 49.217545675466 0.866025403784 0.500000000000
-8.362416390071 -183.042426985096 0.866025403784 -0.500000000000
-40.599855086400 66.366808847624 0.866025403784 -0.500000000000
45.926359035846 -183.077043189450 0.000000000000 1.000000000000
-102.875683960336 35.043838363377 0.866025403784 -0.500000000000
-117.075370100965 74.985065997413 0.000000000000 1.000000000000
138.190649833477 140.511891768199 0.866025403784 -0.500000000000
