#Configurational_file created 2018-09-14 12:02:27  started 2018-09-14 12:02:27 run for 0.0s steps 0
name: p_1034
step: 10000
specie: 20
	particle_diameter: 1.0000000000000000
	interaction_length: 1.2000000000000000
	number_of_patches: 3
	number_of_particles_per_compound: 1
	rod_length: 1.0000000000000000
	interaction_matrix:  1.000000 1.000000 1.000000 1.000000 1.000000 1.000000 1.000000 1.000000 1.000000
	patch_type: symmetric
	patch_width: 8.0000000000000000
	patch_angle: 0.0000000000000000
	angles:  0.000000 0.000000 0.000000
	grand_canonical: 0
	chemical_potential: 0.0000000000000000
box: 49.518188 49.518188
copy: 1.000000 1.000000
epsilon: 0.0333340000000000
end_epsilon: 0.0000000000000000
pressure: 0.0333340000000000
lambda: 0.0000000000000000
lambda_coupling: 1.0000000000000000
uy: 0.0000000000000000
maximum_displacement: 1.0000000000000000
maximum_rotation: 1.0000000000000000
maximum_volume: 1.0000000000000000
maximum_shape: 0.0000001000000000
maximum_dsigma: 0.0100000000000000
mod: 10
pmod: 10
optimize: 1
verbose: 1
snapshot: 0
display: 1
explore: 1
npt: 1
nptxy: 0
nptdxdy: 0
shape: 0
seed: 1178449
36.981671777417 -61.626015976821 0.000000000000 1.000000000000
-14.673710148661 -119.352827570827 0.866025403784 -0.500000000000
297.077757881225 -239.979506706727 0.000000000000 1.000000000000
-31.228296915333 -16.817009351671 0.866025403784 0.500000000000
-215.289584563709 33.950397059119 0.866025403784 0.500000000000
333.823789093576 411.447425680508 0.000000000000 1.000000000000
-75.862990568228 -206.915427078028 0.866025403784 -0.500000000000
167.393273798001 -5.760078845855 0.866025403784 0.500000000000
235.950117553309 230.489033414162 0.000000000000 1.000000000000
27.533574106496 145.651539303402 0.866025403784 -0.500000000000
69.005932740732 -9.424319466461 0.866025403784 0.500000000000
-83.730924525518 -73.587349278124 0.000000000000 1.000000000000
248.024571003356 -102.780715934701 0.000000000000 1.000000000000
-3.319403164441 -146.341638617957 0.000000000000 1.000000000000
145.741210351913 27.606215633631 0.866025403784 -0.500000000000
-81.748295854209 183.640476544579 0.866025403784 -0.500000000000
-131.397085919796 -147.488377704064 0.866025403784 0.500000000000
148.606122792635 291.906136404221 0.000000000000 1.000000000000
-267.949305633516 -65.914106124994 0.000000000000 1.000000000000
24.140509786714 120.750831469865 0.866025403784 -0.500000000000
