#Configurational_file created 2018-09-14 13:58:00  started 2018-09-14 13:58:00 run for 0.0s steps 0
name: p_1022
step: 10000
specie: 20
	particle_diameter: 1.0000000000000000
	interaction_length: 1.2000000000000000
	number_of_patches: 3
	number_of_particles_per_compound: 1
	rod_length: 1.0000000000000000
	interaction_matrix:  1.000000 1.000000 1.000000 1.000000 1.000000 1.000000 1.000000 1.000000 1.000000
	patch_type: symmetric
	patch_width: 8.0000000000000000
	patch_angle: 0.0000000000000000
	angles:  0.000000 0.000000 0.000000
	grand_canonical: 0
	chemical_potential: 0.0000000000000000
box: 43.368051 43.368051
copy: 1.000000 1.000000
epsilon: 0.2758630000000000
end_epsilon: 0.0000000000000000
pressure: 0.0172420000000000
lambda: 0.0000000000000000
lambda_coupling: 1.0000000000000000
uy: 0.0000000000000000
maximum_displacement: 1.0000000000000000
maximum_rotation: 1.0000000000000000
maximum_volume: 1.0000000000000000
maximum_shape: 0.0000001000000000
maximum_dsigma: 0.0100000000000000
mod: 10
pmod: 10
optimize: 1
verbose: 1
snapshot: 0
display: 1
explore: 1
npt: 1
nptxy: 0
nptdxdy: 0
shape: 0
seed: 1164805
173.309484847370 -74.967446366343 0.866025403784 0.500000000000
102.408728361356 -317.177784498043 0.866025403784 0.500000000000
20.074080437978 74.232489045739 0.866025403784 0.500000000000
9.678764288554 0.837361688343 0.000000000000 1.000000000000
43.105170889417 -131.231053560532 0.866025403784 0.500000000000
-50.741953411668 -297.458194858962 0.866025403784 0.500000000000
191.410182232374 -30.796275585054 0.866025403784 0.500000000000
-212.384268748051 39.757259046658 0.866025403784 -0.500000000000
-259.172990885885 -2.101726423494 0.866025403784 0.500000000000
143.085627948213 -89.780982952327 0.866025403784 -0.500000000000
-130.865315615664 -95.495266864571 0.000000000000 1.000000000000
80.255515558587 -187.653539476920 0.866025403784 -0.500000000000
-21.698902259737 293.821476797025 0.000000000000 1.000000000000
117.553326476070 -171.170899291934 0.000000000000 1.000000000000
-14.439424366568 87.106431634649 0.866025403784 0.500000000000
-256.877057344628 -25.880000562657 0.866025403784 0.500000000000
212.662589259477 180.299406372459 0.000000000000 1.000000000000
167.275109987009 53.138760610810 0.866025403784 0.500000000000
-45.840258732259 236.525532028734 0.866025403784 0.500000000000
-85.829559253642 -162.609102140458 0.866025403784 0.500000000000
