#Configurational_file created 2018-09-14 11:35:45  started 2018-09-14 11:35:44 run for 1.0s steps 0
name: p_1090
step: 10000
specie: 20
	particle_diameter: 1.0000000000000000
	interaction_length: 1.2000000000000000
	number_of_patches: 3
	number_of_particles_per_compound: 1
	rod_length: 1.0000000000000000
	interaction_matrix:  1.000000 1.000000 1.000000 1.000000 1.000000 1.000000 1.000000 1.000000 1.000000
	patch_type: symmetric
	patch_width: 8.0000000000000000
	patch_angle: 0.0000000000000000
	angles:  0.000000 0.000000 0.000000
	grand_canonical: 0
	chemical_potential: 0.0000000000000000
box: 8.364340 8.364340
copy: 1.000000 1.000000
epsilon: 0.3750250000000000
end_epsilon: 0.0000000000000000
pressure: 1.1667080000000001
lambda: 0.0000000000000000
lambda_coupling: 1.0000000000000000
uy: 0.0000000000000000
maximum_displacement: 1.0000000000000000
maximum_rotation: 1.0000000000000000
maximum_volume: 0.9643345320301001
maximum_shape: 0.0000001000000000
maximum_dsigma: 0.0100000000000000
mod: 10
pmod: 10
optimize: 1
verbose: 1
snapshot: 0
display: 1
explore: 1
npt: 1
nptxy: 0
nptdxdy: 0
shape: 0
seed: 1242121
-20.773617884635 12.806071072232 0.866025403784 0.500000000000
192.039824031960 23.877958187175 0.866025403784 0.500000000000
33.067713013271 -183.316205642433 0.000000000000 1.000000000000
-11.078650397155 30.327662671459 0.866025403784 -0.500000000000
-156.857246793286 -147.498198982127 0.000000000000 1.000000000000
-5.032719830821 -32.964258835239 0.866025403784 0.500000000000
19.847955677029 -92.309480659847 0.000000000000 1.000000000000
21.781464835704 51.457307086558 0.000000000000 1.000000000000
33.494984582610 26.658271889574 0.866025403784 0.500000000000
-57.895022441658 -76.496927754290 0.000000000000 1.000000000000
40.703870490852 11.338398813069 0.866025403784 -0.500000000000
97.383007626048 21.712424091886 0.000000000000 1.000000000000
68.083023593107 -111.129332819353 0.000000000000 1.000000000000
94.248329922516 -50.916829588632 0.866025403784 -0.500000000000
-3.619554428290 -122.579008127487 0.866025403784 -0.500000000000
7.597857075349 -36.479145839528 0.000000000000 1.000000000000
-28.821475088830 -35.857396502895 0.866025403784 0.500000000000
70.112850317850 -44.703587657582 0.866025403784 -0.500000000000
-85.687818857500 -6.197617476888 0.866025403784 0.500000000000
47.076048349716 -9.192316369561 0.866025403784 -0.500000000000
