#Configurational_file created 2018-09-14 11:34:54  started 2018-09-14 11:34:53 run for 1.0s steps 0
name: p_1029
step: 10000
specie: 20
	particle_diameter: 1.0000000000000000
	interaction_length: 1.2000000000000000
	number_of_patches: 3
	number_of_particles_per_compound: 1
	rod_length: 1.0000000000000000
	interaction_matrix:  1.000000 1.000000 1.000000 1.000000 1.000000 1.000000 1.000000 1.000000 1.000000
	patch_type: symmetric
	patch_width: 8.0000000000000000
	patch_angle: 0.0000000000000000
	angles:  0.000000 0.000000 0.000000
	grand_canonical: 0
	chemical_potential: 0.0000000000000000
box: 17.023173 17.023173
copy: 1.000000 1.000000
epsilon: 0.3333670000000000
end_epsilon: 0.0000000000000000
pressure: 0.2500870000000000
lambda: 0.0000000000000000
lambda_coupling: 1.0000000000000000
uy: 0.0000000000000000
maximum_displacement: 1.0000000000000000
maximum_rotation: 1.0000000000000000
maximum_volume: 1.0000000000000000
maximum_shape: 0.0000001000000000
maximum_dsigma: 0.0100000000000000
mod: 10
pmod: 10
optimize: 1
verbose: 1
snapshot: 0
display: 1
explore: 1
npt: 1
nptxy: 0
nptdxdy: 0
shape: 0
seed: 1172764
-5.052895352447 21.020344412913 0.866025403784 -0.500000000000
-23.693122011812 -82.809753955453 0.866025403784 0.500000000000
-54.603934659541 134.143723233356 0.866025403784 0.500000000000
-67.478613519824 111.566842049182 0.866025403784 0.500000000000
154.730707833128 30.746069440602 0.866025403784 0.500000000000
144.585344359311 -64.260174453762 0.866025403784 0.500000000000
-35.706515386618 -82.127983358690 0.866025403784 -0.500000000000
63.077708188086 261.823015404117 0.866025403784 -0.500000000000
11.903352585957 -58.533137390652 0.000000000000 1.000000000000
119.253085521972 -121.956468006858 0.866025403784 -0.500000000000
150.222023656276 -153.270363376904 0.866025403784 0.500000000000
8.046269193428 -97.785438523228 0.866025403784 -0.500000000000
-86.060552513365 120.685078720930 0.000000000000 1.000000000000
-97.823010418268 -30.199343040440 0.866025403784 0.500000000000
-55.596793764355 96.883382673811 0.000000000000 1.000000000000
-32.802493732073 207.303312642241 0.000000000000 1.000000000000
120.439048212998 56.871495750931 0.866025403784 0.500000000000
-9.214516735654 -2.415648584640 0.866025403784 0.500000000000
110.975847255516 -17.652363291655 0.866025403784 0.500000000000
-57.253814500028 -166.811430852162 0.866025403784 -0.500000000000
