#Configurational_file created 2018-09-14 12:02:39  started 2018-09-14 12:02:38 run for 1.0s steps 0
name: p_1050
step: 10000
specie: 20
	particle_diameter: 1.0000000000000000
	interaction_length: 1.2000000000000000
	number_of_patches: 3
	number_of_particles_per_compound: 1
	rod_length: 1.0000000000000000
	interaction_matrix:  1.000000 1.000000 1.000000 1.000000 1.000000 1.000000 1.000000 1.000000 1.000000
	patch_type: symmetric
	patch_width: 8.0000000000000000
	patch_angle: 0.0000000000000000
	angles:  0.000000 0.000000 0.000000
	grand_canonical: 0
	chemical_potential: 0.0000000000000000
box: 48.904214 48.904214
copy: 1.000000 1.000000
epsilon: 0.0333340000000000
end_epsilon: 0.0000000000000000
pressure: 0.1000000000000000
lambda: 0.0000000000000000
lambda_coupling: 1.0000000000000000
uy: 0.0000000000000000
maximum_displacement: 1.0000000000000000
maximum_rotation: 1.0000000000000000
maximum_volume: 1.0000000000000000
maximum_shape: 0.0000001000000000
maximum_dsigma: 0.0100000000000000
mod: 10
pmod: 10
optimize: 1
verbose: 1
snapshot: 0
display: 1
explore: 1
npt: 1
nptxy: 0
nptdxdy: 0
shape: 0
seed: 1196641
8.794357297883 -128.981280862570 0.000000000000 1.000000000000
-32.129756271677 -173.642583517265 0.866025403784 0.500000000000
80.928938855120 -179.109513607737 0.866025403784 -0.500000000000
-189.337427663634 154.698202439459 0.866025403784 0.500000000000
-85.206688502826 -260.394411005434 0.000000000000 1.000000000000
-22.614492978912 55.120687962571 0.000000000000 1.000000000000
136.713061708911 67.530090825267 0.000000000000 1.000000000000
77.546930525673 -66.050819878173 0.000000000000 1.000000000000
8.856898640822 79.603549532472 0.000000000000 1.000000000000
-190.793265080974 46.182682376576 0.866025403784 0.500000000000
382.248314082272 245.375912068808 0.000000000000 1.000000000000
216.595562852099 16.380807671866 0.000000000000 1.000000000000
-46.742300630557 -284.892588987594 0.866025403784 -0.500000000000
20.744927279098 100.167447192622 0.000000000000 1.000000000000
139.744435606266 -175.740177982063 0.866025403784 0.500000000000
99.037143006793 -317.839549554367 0.866025403784 -0.500000000000
-14.542795066195 249.980246071163 0.000000000000 1.000000000000
255.060757453764 -135.724471075654 0.866025403784 0.500000000000
79.945076261552 -116.570962818444 0.000000000000 1.000000000000
-39.588785324181 217.641516476686 0.000000000000 1.000000000000
