#Configurational_file created 2018-09-14 13:58:38  started 2018-09-14 13:58:37 run for 1.0s steps 0
name: p_1076
step: 10000
specie: 20
	particle_diameter: 1.0000000000000000
	interaction_length: 1.2000000000000000
	number_of_patches: 3
	number_of_particles_per_compound: 1
	rod_length: 1.0000000000000000
	interaction_matrix:  1.000000 1.000000 1.000000 1.000000 1.000000 1.000000 1.000000 1.000000 1.000000
	patch_type: symmetric
	patch_width: 8.0000000000000000
	patch_angle: 0.0000000000000000
	angles:  0.000000 0.000000 0.000000
	grand_canonical: 0
	chemical_potential: 0.0000000000000000
box: 12.715819 12.715819
copy: 1.000000 1.000000
epsilon: 0.3448280000000000
end_epsilon: 0.0000000000000000
pressure: 0.4310350000000000
lambda: 0.0000000000000000
lambda_coupling: 1.0000000000000000
uy: 0.0000000000000000
maximum_displacement: 1.0000000000000000
maximum_rotation: 1.0000000000000000
maximum_volume: 1.0000000000000000
maximum_shape: 0.0000001000000000
maximum_dsigma: 0.0100000000000000
mod: 10
pmod: 10
optimize: 1
verbose: 1
snapshot: 0
display: 1
explore: 1
npt: 1
nptxy: 0
nptdxdy: 0
shape: 0
seed: 1226203
6.548305576987 60.807322969692 0.000000000000 1.000000000000
-102.236887311175 -50.003145445654 0.000000000000 1.000000000000
-97.224171479251 -106.634823174686 0.866025403784 -0.500000000000
210.238850233140 142.551415097533 0.000000000000 1.000000000000
74.447510741275 175.626968635112 0.866025403784 -0.500000000000
31.392351292422 22.516214973759 0.866025403784 0.500000000000
6.654169711182 -25.495184857710 0.866025403784 -0.500000000000
4.272467161095 153.339487995617 0.000000000000 1.000000000000
-10.452363509537 72.586988598941 0.866025403784 -0.500000000000
-87.826239767723 62.576840389400 0.866025403784 -0.500000000000
-42.950512657721 -0.032030207113 0.866025403784 0.500000000000
213.310619546906 24.455304872966 0.866025403784 -0.500000000000
-58.080148861174 113.125230712980 0.866025403784 -0.500000000000
115.792512656138 -34.823904110792 0.866025403784 0.500000000000
-82.310394085323 -52.394438621292 0.000000000000 1.000000000000
3.832392900271 -19.162248138819 0.000000000000 1.000000000000
30.848816479614 2.733187071555 0.866025403784 0.500000000000
-156.905770692857 -136.911142608588 0.000000000000 1.000000000000
-32.500154598608 58.578938487210 0.866025403784 -0.500000000000
40.512662080611 101.785310543684 0.866025403784 0.500000000000
