#Configurational_file created 2018-09-14 12:02:57  started 2018-09-14 12:02:57 run for 0.0s steps 0
name: p_1075
step: 10000
specie: 20
	particle_diameter: 1.0000000000000000
	interaction_length: 1.2000000000000000
	number_of_patches: 3
	number_of_particles_per_compound: 1
	rod_length: 1.0000000000000000
	interaction_matrix:  1.000000 1.000000 1.000000 1.000000 1.000000 1.000000 1.000000 1.000000 1.000000
	patch_type: symmetric
	patch_width: 8.0000000000000000
	patch_angle: 0.0000000000000000
	angles:  0.000000 0.000000 0.000000
	grand_canonical: 0
	chemical_potential: 0.0000000000000000
box: 43.213067 43.213067
copy: 1.000000 1.000000
epsilon: 0.0354170000000000
end_epsilon: 0.0000000000000000
pressure: 0.1000000000000000
lambda: 0.0000000000000000
lambda_coupling: 1.0000000000000000
uy: 0.0000000000000000
maximum_displacement: 1.0000000000000000
maximum_rotation: 1.0000000000000000
maximum_volume: 1.0000000000000000
maximum_shape: 0.0000001000000000
maximum_dsigma: 0.0100000000000000
mod: 10
pmod: 10
optimize: 1
verbose: 1
snapshot: 0
display: 1
explore: 1
npt: 1
nptxy: 0
nptdxdy: 0
shape: 0
seed: 1225066
83.075851677600 -100.996012627460 0.866025403784 0.500000000000
-174.778373677854 51.750233070861 0.866025403784 -0.500000000000
-111.108513257671 153.145038649573 0.000000000000 1.000000000000
156.064005556698 33.184892288566 0.866025403784 -0.500000000000
-10.627014702556 257.415051512802 0.866025403784 0.500000000000
124.062417726640 18.036352227499 0.000000000000 1.000000000000
-212.056270672343 2.248306055828 0.866025403784 0.500000000000
242.122444247334 -94.078632817205 0.000000000000 1.000000000000
-7.849303154143 56.147174401405 0.866025403784 -0.500000000000
80.767146209679 -21.136684341604 0.866025403784 -0.500000000000
149.629157901340 -99.286788289896 0.866025403784 -0.500000000000
-73.365622689028 -82.342816252157 0.000000000000 1.000000000000
182.096622946606 -79.248060849861 0.000000000000 1.000000000000
75.446662249717 20.034544202908 0.866025403784 -0.500000000000
31.037795495160 -31.710368170938 0.866025403784 0.500000000000
75.610864776098 152.474699617385 0.866025403784 -0.500000000000
-246.555045996006 -60.803423465412 0.866025403784 -0.500000000000
-13.410922349027 15.311383096877 0.866025403784 0.500000000000
-227.187585873494 74.218728494348 0.000000000000 1.000000000000
-169.543536931460 -164.817029019164 0.866025403784 -0.500000000000
