#Configurational_file created 2018-09-14 13:58:14  started 2018-09-14 13:58:13 run for 1.0s steps 0
name: p_1042
step: 10000
specie: 20
	particle_diameter: 1.0000000000000000
	interaction_length: 1.2000000000000000
	number_of_patches: 3
	number_of_particles_per_compound: 1
	rod_length: 1.0000000000000000
	interaction_matrix:  1.000000 1.000000 1.000000 1.000000 1.000000 1.000000 1.000000 1.000000 1.000000
	patch_type: symmetric
	patch_width: 8.0000000000000000
	patch_angle: 0.0000000000000000
	angles:  0.000000 0.000000 0.000000
	grand_canonical: 0
	chemical_potential: 0.0000000000000000
box: 16.224084 16.224084
copy: 1.000000 1.000000
epsilon: 0.2758630000000000
end_epsilon: 0.0000000000000000
pressure: 0.3620690000000000
lambda: 0.0000000000000000
lambda_coupling: 1.0000000000000000
uy: 0.0000000000000000
maximum_displacement: 1.0000000000000000
maximum_rotation: 1.0000000000000000
maximum_volume: 1.0000000000000000
maximum_shape: 0.0000001000000000
maximum_dsigma: 0.0100000000000000
mod: 10
pmod: 10
optimize: 1
verbose: 1
snapshot: 0
display: 1
explore: 1
npt: 1
nptxy: 0
nptdxdy: 0
shape: 0
seed: 1187545
-55.103159031014 -1.784018666246 0.866025403784 0.500000000000
117.969431582211 -131.575894245725 0.866025403784 -0.500000000000
-81.036338681405 5.017983893263 0.866025403784 -0.500000000000
23.703259623485 88.348542215853 0.000000000000 1.000000000000
136.620783203955 186.755792986716 0.866025403784 -0.500000000000
45.141913600447 -31.130127506179 0.000000000000 1.000000000000
-134.494552010733 75.159802837076 0.866025403784 -0.500000000000
30.731909517066 -85.571343537797 0.866025403784 0.500000000000
30.390161118994 117.636367027578 0.000000000000 1.000000000000
-68.370590356446 87.510290133372 0.866025403784 -0.500000000000
-154.761765026795 30.255218041626 0.866025403784 0.500000000000
-50.931862623190 -32.837346379391 0.866025403784 -0.500000000000
-40.851043677081 16.983170369995 0.866025403784 -0.500000000000
-87.008002454141 -10.356767531237 0.000000000000 1.000000000000
-67.445428739233 80.007766357608 0.866025403784 0.500000000000
-75.006195474548 -43.575437609767 0.866025403784 -0.500000000000
70.466043745709 33.282710227700 0.000000000000 1.000000000000
-70.918537974132 -117.095543940722 0.866025403784 -0.500000000000
12.702854244700 150.394041875727 0.866025403784 -0.500000000000
-34.823462788661 85.796411559355 0.866025403784 0.500000000000
