#Configurational_file created 2018-09-14 11:06:47  started 2018-09-14 11:06:46 run for 1.0s steps 0
name: p_107
step: 10000
specie: 20
	particle_diameter: 1.0000000000000000
	interaction_length: 1.2000000000000000
	number_of_patches: 3
	number_of_particles_per_compound: 1
	rod_length: 1.0000000000000000
	interaction_matrix:  1.000000 1.000000 1.000000 1.000000 1.000000 1.000000 1.000000 1.000000 1.000000
	patch_type: symmetric
	patch_width: 8.0000000000000000
	patch_angle: 0.0000000000000000
	angles:  0.000000 0.000000 0.000000
	grand_canonical: 0
	chemical_potential: 0.0000000000000000
box: 12.236661 12.236661
copy: 1.000000 1.000000
epsilon: 0.3571710000000000
end_epsilon: 0.0000000000000000
pressure: 0.5715000000000000
lambda: 0.0000000000000000
lambda_coupling: 1.0000000000000000
uy: 0.0000000000000000
maximum_displacement: 1.0000000000000000
maximum_rotation: 1.0000000000000000
maximum_volume: 1.0000000000000000
maximum_shape: 0.0000001000000000
maximum_dsigma: 0.0100000000000000
mod: 10
pmod: 10
optimize: 1
verbose: 1
snapshot: 0
display: 1
explore: 1
npt: 1
nptxy: 0
nptdxdy: 0
shape: 0
seed: 124529
8.832125540837 -44.709629529699 0.000000000000 1.000000000000
-39.665746389162 -22.988980141721 0.000000000000 1.000000000000
-13.552878628337 250.174795989849 0.000000000000 1.000000000000
-140.156737166935 9.897728900081 0.000000000000 1.000000000000
-79.810943539070 -114.230860562276 0.866025403784 0.500000000000
193.619913510890 132.628810115879 0.866025403784 -0.500000000000
4.144929603022 -17.117780505650 0.866025403784 -0.500000000000
27.162249883207 96.408844241892 0.866025403784 0.500000000000
-33.150578730794 100.832826326504 0.866025403784 0.500000000000
-147.170121539581 169.648800387807 0.866025403784 0.500000000000
-31.610375303957 -55.582061595724 0.000000000000 1.000000000000
-47.731014408118 11.724348451648 0.866025403784 0.500000000000
-59.596102365976 -43.859418490720 0.000000000000 1.000000000000
-36.025111413644 228.857732127755 0.000000000000 1.000000000000
24.127235453470 -57.802008020206 0.866025403784 -0.500000000000
-42.550122095125 38.214315881904 0.866025403784 -0.500000000000
-178.127192624725 150.736031742265 0.000000000000 1.000000000000
45.537275902938 32.960408149019 0.866025403784 0.500000000000
34.447435747472 60.558123018885 0.866025403784 -0.500000000000
-188.450965683019 -64.669135390281 0.000000000000 1.000000000000
