#Configurational_file created 2018-09-14 13:58:38  started 2018-09-14 13:58:38 run for 0.0s steps 0
name: p_1077
step: 10000
specie: 20
	particle_diameter: 1.0000000000000000
	interaction_length: 1.2000000000000000
	number_of_patches: 3
	number_of_particles_per_compound: 1
	rod_length: 1.0000000000000000
	interaction_matrix:  1.000000 1.000000 1.000000 1.000000 1.000000 1.000000 1.000000 1.000000 1.000000
	patch_type: symmetric
	patch_width: 8.0000000000000000
	patch_angle: 0.0000000000000000
	angles:  0.000000 0.000000 0.000000
	grand_canonical: 0
	chemical_potential: 0.0000000000000000
box: 12.509577 12.509577
copy: 1.000000 1.000000
epsilon: 0.3448280000000000
end_epsilon: 0.0000000000000000
pressure: 0.4482760000000000
lambda: 0.0000000000000000
lambda_coupling: 1.0000000000000000
uy: 0.0000000000000000
maximum_displacement: 1.0000000000000000
maximum_rotation: 1.0000000000000000
maximum_volume: 1.0000000000000000
maximum_shape: 0.0000001000000000
maximum_dsigma: 0.0100000000000000
mod: 10
pmod: 10
optimize: 1
verbose: 1
snapshot: 0
display: 1
explore: 1
npt: 1
nptxy: 0
nptdxdy: 0
shape: 0
seed: 1227340
-81.908003047854 10.120194693662 0.866025403784 -0.500000000000
-35.572879934419 62.887924794088 0.866025403784 -0.500000000000
77.313982422921 -55.034918658126 0.000000000000 1.000000000000
-16.307358630208 2.573579385878 0.000000000000 1.000000000000
27.211499342788 -220.097737107453 0.866025403784 0.500000000000
63.658388538697 49.094938659463 0.000000000000 1.000000000000
-62.824877756544 132.164957356232 0.866025403784 0.500000000000
-114.677466802792 37.770996588438 0.000000000000 1.000000000000
-41.542696458885 112.331208825462 0.866025403784 -0.500000000000
33.925958076963 -59.173274421058 0.866025403784 0.500000000000
49.733786838629 -26.472263943758 0.000000000000 1.000000000000
-4.906658144452 149.052015649624 0.866025403784 -0.500000000000
-79.933801764690 -3.350572082764 0.000000000000 1.000000000000
-71.219059107211 -2.569006801323 0.866025403784 -0.500000000000
-84.515332718452 -37.773741569749 0.866025403784 0.500000000000
19.376236736384 -122.314129445521 0.000000000000 1.000000000000
-48.750649888107 -18.812432577916 0.000000000000 1.000000000000
-33.429361906734 -29.859105034765 0.866025403784 0.500000000000
55.435587984550 162.141846426556 0.866025403784 0.500000000000
54.059084792936 37.975720896803 0.866025403784 -0.500000000000
