#Configurational_file created 2018-09-14 13:57:53  started 2018-09-14 13:57:52 run for 1.0s steps 0
name: p_1011
step: 10000
specie: 20
	particle_diameter: 1.0000000000000000
	interaction_length: 1.2000000000000000
	number_of_patches: 3
	number_of_particles_per_compound: 1
	rod_length: 1.0000000000000000
	interaction_matrix:  1.000000 1.000000 1.000000 1.000000 1.000000 1.000000 1.000000 1.000000 1.000000
	patch_type: symmetric
	patch_width: 8.0000000000000000
	patch_angle: 0.0000000000000000
	angles:  0.000000 0.000000 0.000000
	grand_canonical: 0
	chemical_potential: 0.0000000000000000
box: 17.780380 17.780380
copy: 1.000000 1.000000
epsilon: 0.2068970000000000
end_epsilon: 0.0000000000000000
pressure: 0.3448280000000000
lambda: 0.0000000000000000
lambda_coupling: 1.0000000000000000
uy: 0.0000000000000000
maximum_displacement: 1.0000000000000000
maximum_rotation: 1.0000000000000000
maximum_volume: 1.0000000000000000
maximum_shape: 0.0000001000000000
maximum_dsigma: 0.0100000000000000
mod: 10
pmod: 10
optimize: 1
verbose: 1
snapshot: 0
display: 1
explore: 1
npt: 1
nptxy: 0
nptdxdy: 0
shape: 0
seed: 1152298
7.255032266734 74.324601470434 0.866025403784 -0.500000000000
30.283529913764 -112.559516612442 0.866025403784 -0.500000000000
90.903328811536 115.148806896425 0.000000000000 1.000000000000
186.233708657909 -66.054593054644 0.000000000000 1.000000000000
10.671900166904 -57.890784801991 0.866025403784 -0.500000000000
-46.103455723215 119.144307031220 0.000000000000 1.000000000000
-21.910005386671 -30.817377516910 0.000000000000 1.000000000000
-169.948721122486 -65.425813776160 0.866025403784 -0.500000000000
-75.392620472576 61.846217318855 0.866025403784 -0.500000000000
-4.557805040354 66.153461512738 0.866025403784 -0.500000000000
-180.918568850512 -99.804382323074 0.000000000000 1.000000000000
-2.056713994412 2.548832732467 0.866025403784 -0.500000000000
-42.038877385413 -233.459316229016 0.866025403784 0.500000000000
98.339294383215 -96.792420746518 0.000000000000 1.000000000000
169.481255000332 -187.178838789425 0.866025403784 0.500000000000
-21.338100175913 12.564163840186 0.866025403784 0.500000000000
-197.793300266714 17.144407714614 0.000000000000 1.000000000000
130.429403522739 -68.816055980748 0.866025403784 0.500000000000
47.911164860925 -146.299610806188 0.866025403784 -0.500000000000
29.268006913818 -123.488687988274 0.866025403784 0.500000000000
