#Configurational_file created 2018-09-14 12:02:56  started 2018-09-14 12:02:55 run for 1.0s steps 0
name: p_1073
step: 10000
specie: 20
	particle_diameter: 1.0000000000000000
	interaction_length: 1.2000000000000000
	number_of_patches: 3
	number_of_particles_per_compound: 1
	rod_length: 1.0000000000000000
	interaction_matrix:  1.000000 1.000000 1.000000 1.000000 1.000000 1.000000 1.000000 1.000000 1.000000
	patch_type: symmetric
	patch_width: 8.0000000000000000
	patch_angle: 0.0000000000000000
	angles:  0.000000 0.000000 0.000000
	grand_canonical: 0
	chemical_potential: 0.0000000000000000
box: 46.041529 46.041529
copy: 1.000000 1.000000
epsilon: 0.0354170000000000
end_epsilon: 0.0000000000000000
pressure: 0.0916670000000000
lambda: 0.0000000000000000
lambda_coupling: 1.0000000000000000
uy: 0.0000000000000000
maximum_displacement: 1.0000000000000000
maximum_rotation: 1.0000000000000000
maximum_volume: 1.0000000000000000
maximum_shape: 0.0000001000000000
maximum_dsigma: 0.0100000000000000
mod: 10
pmod: 10
optimize: 1
verbose: 1
snapshot: 0
display: 1
explore: 1
npt: 1
nptxy: 0
nptdxdy: 0
shape: 0
seed: 1222792
-91.453112407576 -27.059687588673 0.000000000000 1.000000000000
-394.116088376338 -36.304863355152 0.000000000000 1.000000000000
67.303445570188 131.044343696058 0.000000000000 1.000000000000
1.200642998215 274.926457562653 0.000000000000 1.000000000000
-51.586436700542 -52.436599030318 0.000000000000 1.000000000000
229.188796291091 -267.039555990561 0.866025403784 0.500000000000
-205.147934221612 185.969206431651 0.866025403784 -0.500000000000
251.808419272385 23.205215382104 0.000000000000 1.000000000000
-84.087518664526 210.118977809759 0.000000000000 1.000000000000
88.458389249833 259.114901156725 0.000000000000 1.000000000000
28.718099264552 -29.044943919309 0.866025403784 -0.500000000000
311.899544214628 -333.843830031319 0.866025403784 -0.500000000000
184.669481711295 88.650925208013 0.866025403784 -0.500000000000
42.315714251761 -133.779823809587 0.866025403784 -0.500000000000
150.765720877498 74.644956949302 0.866025403784 0.500000000000
110.104566848389 -62.276064731421 0.866025403784 0.500000000000
4.436134879840 -241.454401770688 0.000000000000 1.000000000000
-252.963852506558 174.320216133413 0.000000000000 1.000000000000
98.182130639190 -24.072046545980 0.866025403784 -0.500000000000
-351.157342518237 -12.435189607405 0.000000000000 1.000000000000
