#Configurational_file created 2018-09-14 12:02:16  started 2018-09-14 12:02:15 run for 1.0s steps 0
name: p_1018
step: 10000
specie: 20
	particle_diameter: 1.0000000000000000
	interaction_length: 1.2000000000000000
	number_of_patches: 3
	number_of_particles_per_compound: 1
	rod_length: 1.0000000000000000
	interaction_matrix:  1.000000 1.000000 1.000000 1.000000 1.000000 1.000000 1.000000 1.000000 1.000000
	patch_type: symmetric
	patch_width: 8.0000000000000000
	patch_angle: 0.0000000000000000
	angles:  0.000000 0.000000 0.000000
	grand_canonical: 0
	chemical_potential: 0.0000000000000000
box: 47.611027 47.611027
copy: 1.000000 1.000000
epsilon: 0.0312500000000000
end_epsilon: 0.0000000000000000
pressure: 0.0708340000000000
lambda: 0.0000000000000000
lambda_coupling: 1.0000000000000000
uy: 0.0000000000000000
maximum_displacement: 1.0000000000000000
maximum_rotation: 1.0000000000000000
maximum_volume: 1.0000000000000000
maximum_shape: 0.0000001000000000
maximum_dsigma: 0.0100000000000000
mod: 10
pmod: 10
optimize: 1
verbose: 1
snapshot: 0
display: 1
explore: 1
npt: 1
nptxy: 0
nptdxdy: 0
shape: 0
seed: 1160257
158.343506396219 104.156054679660 0.866025403784 0.500000000000
81.504157470106 71.062759952561 0.000000000000 1.000000000000
93.314999209856 294.210364815888 0.866025403784 0.500000000000
155.221575011498 30.936431466365 0.866025403784 -0.500000000000
-100.448377454706 -254.970615066879 0.000000000000 1.000000000000
70.887743028164 27.640541588532 0.000000000000 1.000000000000
54.085762603456 1.069919300667 0.866025403784 0.500000000000
-582.402732749151 32.125508412780 0.866025403784 0.500000000000
350.001963557954 -86.123200767378 0.000000000000 1.000000000000
45.051987031609 213.353418961159 0.866025403784 -0.500000000000
-17.372534236215 394.731271619927 0.000000000000 1.000000000000
316.791054810441 208.907692651380 0.000000000000 1.000000000000
354.518063010936 -188.689950339414 0.866025403784 0.500000000000
-5.029399033606 141.051626401024 0.866025403784 -0.500000000000
46.549862635754 119.922315001689 0.866025403784 0.500000000000
181.376987160231 114.003399560880 0.866025403784 0.500000000000
41.920684892067 150.910954316958 0.866025403784 0.500000000000
-20.639428051181 -27.886700007146 0.866025403784 0.500000000000
23.415474540995 314.401054505191 0.000000000000 1.000000000000
-21.261821884442 30.715398444577 0.866025403784 -0.500000000000
