#Configurational_file created 2018-09-14 12:03:00  started 2018-09-14 12:03:00 run for 0.0s steps 0
name: p_1079
step: 10000
specie: 20
	particle_diameter: 1.0000000000000000
	interaction_length: 1.2000000000000000
	number_of_patches: 3
	number_of_particles_per_compound: 1
	rod_length: 1.0000000000000000
	interaction_matrix:  1.000000 1.000000 1.000000 1.000000 1.000000 1.000000 1.000000 1.000000 1.000000
	patch_type: symmetric
	patch_width: 8.0000000000000000
	patch_angle: 0.0000000000000000
	angles:  0.000000 0.000000 0.000000
	grand_canonical: 0
	chemical_potential: 0.0000000000000000
box: 50.810781 50.810781
copy: 1.000000 1.000000
epsilon: 0.0375000000000000
end_epsilon: 0.0000000000000000
pressure: 0.0125010000000000
lambda: 0.0000000000000000
lambda_coupling: 1.0000000000000000
uy: 0.0000000000000000
maximum_displacement: 1.0000000000000000
maximum_rotation: 1.0000000000000000
maximum_volume: 1.0000000000000000
maximum_shape: 0.0000001000000000
maximum_dsigma: 0.0100000000000000
mod: 10
pmod: 10
optimize: 1
verbose: 1
snapshot: 0
display: 1
explore: 1
npt: 1
nptxy: 0
nptdxdy: 0
shape: 0
seed: 1229614
-127.509329493879 -258.969329021315 0.000000000000 1.000000000000
65.167602690825 193.349328800029 0.866025403784 0.500000000000
-31.799178987894 100.262133018788 0.866025403784 0.500000000000
106.399142469346 95.173730800490 0.866025403784 0.500000000000
86.143108056938 238.283784258185 0.000000000000 1.000000000000
-204.328396288760 -237.710262705048 0.866025403784 -0.500000000000
336.813645086616 423.555309540237 0.000000000000 1.000000000000
78.531148136263 204.823768676198 0.866025403784 -0.500000000000
54.950348010259 -180.682921678440 0.000000000000 1.000000000000
90.377256603058 -80.631223822177 0.866025403784 -0.500000000000
-112.889503628647 188.296603304083 0.866025403784 0.500000000000
34.763507723921 177.053252173431 0.000000000000 1.000000000000
12.703999159471 43.359963443903 0.866025403784 -0.500000000000
-97.278796021531 -272.757554727165 0.000000000000 1.000000000000
76.543016117749 -111.731960871206 0.000000000000 1.000000000000
-52.964372193382 118.103704876697 0.866025403784 0.500000000000
230.358197377508 292.496298194549 0.866025403784 0.500000000000
-329.585233231369 5.667794082793 0.866025403784 -0.500000000000
405.082107394847 -421.799744634175 0.000000000000 1.000000000000
10.646261301813 -124.880982264687 0.866025403784 0.500000000000
