#Configurational_file created 2018-09-14 11:35:02  started 2018-09-14 11:35:01 run for 1.0s steps 0
name: p_1039
step: 10000
specie: 20
	particle_diameter: 1.0000000000000000
	interaction_length: 1.2000000000000000
	number_of_patches: 3
	number_of_particles_per_compound: 1
	rod_length: 1.0000000000000000
	interaction_matrix:  1.000000 1.000000 1.000000 1.000000 1.000000 1.000000 1.000000 1.000000 1.000000
	patch_type: symmetric
	patch_width: 8.0000000000000000
	patch_angle: 0.0000000000000000
	angles:  0.000000 0.000000 0.000000
	grand_canonical: 0
	chemical_potential: 0.0000000000000000
box: 9.665129 9.665129
copy: 1.000000 1.000000
epsilon: 0.3333670000000000
end_epsilon: 0.0000000000000000
pressure: 1.0833790000000001
lambda: 0.0000000000000000
lambda_coupling: 1.0000000000000000
uy: 0.0000000000000000
maximum_displacement: 1.0000000000000000
maximum_rotation: 1.0000000000000000
maximum_volume: 1.0000000000000000
maximum_shape: 0.0000001000000000
maximum_dsigma: 0.0100000000000000
mod: 10
pmod: 10
optimize: 1
verbose: 1
snapshot: 0
display: 1
explore: 1
npt: 1
nptxy: 0
nptdxdy: 0
shape: 0
seed: 1184134
101.075440742532 -25.096052759422 0.866025403784 -0.500000000000
-12.457583556293 -88.390859862059 0.000000000000 1.000000000000
34.464556033829 33.584224923654 0.866025403784 0.500000000000
32.300228962323 -78.645131741092 0.000000000000 1.000000000000
8.829235228970 -39.016957314223 0.866025403784 0.500000000000
-46.145792537043 2.722152880620 0.866025403784 -0.500000000000
-55.203721931247 -22.643801333491 0.000000000000 1.000000000000
37.964466083789 7.242865504931 0.866025403784 0.500000000000
22.759711906613 -44.734864623384 0.000000000000 1.000000000000
-93.524853934163 -47.147330584740 0.000000000000 1.000000000000
43.002606894543 83.586970255880 0.866025403784 -0.500000000000
-14.944612332996 2.918462889922 0.000000000000 1.000000000000
93.220639807553 -12.459617776388 0.866025403784 0.500000000000
41.051243934675 -146.124198052283 0.866025403784 -0.500000000000
-27.433001292045 97.127840643176 0.866025403784 -0.500000000000
-112.343548572634 44.411217285591 0.000000000000 1.000000000000
72.583257188825 67.255503136770 0.866025403784 0.500000000000
194.895367910925 -33.820783427711 0.000000000000 1.000000000000
58.259782572686 141.145300762459 0.866025403784 0.500000000000
59.132323887835 -108.358897559442 0.000000000000 1.000000000000
