#Configurational_file created 2018-09-14 11:35:04  started 2018-09-14 11:35:03 run for 1.0s steps 0
name: p_1042
step: 10000
specie: 20
	particle_diameter: 1.0000000000000000
	interaction_length: 1.2000000000000000
	number_of_patches: 3
	number_of_particles_per_compound: 1
	rod_length: 1.0000000000000000
	interaction_matrix:  1.000000 1.000000 1.000000 1.000000 1.000000 1.000000 1.000000 1.000000 1.000000
	patch_type: symmetric
	patch_width: 8.0000000000000000
	patch_angle: 0.0000000000000000
	angles:  0.000000 0.000000 0.000000
	grand_canonical: 0
	chemical_potential: 0.0000000000000000
box: 8.313912 8.313912
copy: 1.000000 1.000000
epsilon: 0.3333670000000000
end_epsilon: 0.0000000000000000
pressure: 1.3333670000000000
lambda: 0.0000000000000000
lambda_coupling: 1.0000000000000000
uy: 0.0000000000000000
maximum_displacement: 1.0000000000000000
maximum_rotation: 1.0000000000000000
maximum_volume: 0.7488923618148876
maximum_shape: 0.0000001000000000
maximum_dsigma: 0.0100000000000000
mod: 10
pmod: 10
optimize: 1
verbose: 1
snapshot: 0
display: 1
explore: 1
npt: 1
nptxy: 0
nptdxdy: 0
shape: 0
seed: 1187545
14.309857143854 0.110315956354 0.000000000000 1.000000000000
13.964781894558 31.051465502446 0.866025403784 -0.500000000000
-51.356580099835 -3.857878312258 0.866025403784 0.500000000000
40.896433369986 21.254047532440 0.866025403784 -0.500000000000
-156.574181272220 59.728536400108 0.000000000000 1.000000000000
58.664703377346 1.973713857451 0.866025403784 -0.500000000000
-108.598998389808 70.309765479362 0.866025403784 0.500000000000
10.171489938538 -51.886941855509 0.866025403784 -0.500000000000
-42.969642043293 -59.921060297387 0.866025403784 0.500000000000
-20.297110720756 2.630268530356 0.000000000000 1.000000000000
2.012108429594 -116.127456360746 0.000000000000 1.000000000000
3.441378472927 -4.283357471300 0.866025403784 -0.500000000000
23.865785752276 75.527143418317 0.866025403784 0.500000000000
-35.661061961367 46.995661716123 0.866025403784 0.500000000000
116.344873536757 -0.691587756155 0.866025403784 0.500000000000
63.795101324699 61.541687351587 0.000000000000 1.000000000000
36.816771292024 -17.073108228950 0.866025403784 0.500000000000
56.497272057224 27.048250335461 0.000000000000 1.000000000000
-55.056095791553 -40.344009240967 0.866025403784 0.500000000000
-24.423683336145 -0.164158586700 0.866025403784 -0.500000000000
