#Configurational_file created 2018-09-14 13:58:03  started 2018-09-14 13:58:02 run for 1.0s steps 0
name: p_1026
step: 10000
specie: 20
	particle_diameter: 1.0000000000000000
	interaction_length: 1.2000000000000000
	number_of_patches: 3
	number_of_particles_per_compound: 1
	rod_length: 1.0000000000000000
	interaction_matrix:  1.000000 1.000000 1.000000 1.000000 1.000000 1.000000 1.000000 1.000000 1.000000
	patch_type: symmetric
	patch_width: 8.0000000000000000
	patch_angle: 0.0000000000000000
	angles:  0.000000 0.000000 0.000000
	grand_canonical: 0
	chemical_potential: 0.0000000000000000
box: 32.785009 32.785009
copy: 1.000000 1.000000
epsilon: 0.2758630000000000
end_epsilon: 0.0000000000000000
pressure: 0.0862080000000000
lambda: 0.0000000000000000
lambda_coupling: 1.0000000000000000
uy: 0.0000000000000000
maximum_displacement: 1.0000000000000000
maximum_rotation: 1.0000000000000000
maximum_volume: 1.0000000000000000
maximum_shape: 0.0000001000000000
maximum_dsigma: 0.0100000000000000
mod: 10
pmod: 10
optimize: 1
verbose: 1
snapshot: 0
display: 1
explore: 1
npt: 1
nptxy: 0
nptdxdy: 0
shape: 0
seed: 1169353
24.552219559235 57.840077638620 0.866025403784 0.500000000000
185.819469391510 -159.534107838469 0.866025403784 0.500000000000
-32.187837207220 -113.743783688974 0.000000000000 1.000000000000
98.579014734612 51.224183640031 0.000000000000 1.000000000000
-231.532899723875 293.690326550162 0.866025403784 0.500000000000
-110.721723592551 -97.855245948008 0.866025403784 -0.500000000000
167.999544913891 14.744721874244 0.000000000000 1.000000000000
249.080166934805 193.618060030936 0.866025403784 -0.500000000000
-272.390483941985 -55.523820480707 0.866025403784 0.500000000000
-61.321841800132 -131.047674308002 0.000000000000 1.000000000000
-67.047970819749 -42.122730799676 0.866025403784 -0.500000000000
179.557312538161 190.278922218684 0.866025403784 -0.500000000000
-11.513377184184 -68.139889734705 0.866025403784 -0.500000000000
2.692717207208 -190.304696836886 0.866025403784 -0.500000000000
-18.661124809349 13.909470900608 0.866025403784 0.500000000000
-100.986865761548 200.209666184719 0.866025403784 0.500000000000
9.658343004213 33.428393954038 0.866025403784 -0.500000000000
50.941198365763 -51.804987005097 0.866025403784 -0.500000000000
-19.861420431962 -18.254119838994 0.866025403784 0.500000000000
67.520803534613 -80.875919657868 0.000000000000 1.000000000000
