#Configurational_file created 2018-09-14 11:34:52  started 2018-09-14 11:34:52 run for 0.0s steps 0
name: p_1027
step: 10000
specie: 20
	particle_diameter: 1.0000000000000000
	interaction_length: 1.2000000000000000
	number_of_patches: 3
	number_of_particles_per_compound: 1
	rod_length: 1.0000000000000000
	interaction_matrix:  1.000000 1.000000 1.000000 1.000000 1.000000 1.000000 1.000000 1.000000 1.000000
	patch_type: symmetric
	patch_width: 8.0000000000000000
	patch_angle: 0.0000000000000000
	angles:  0.000000 0.000000 0.000000
	grand_canonical: 0
	chemical_potential: 0.0000000000000000
box: 25.790994 25.790994
copy: 1.000000 1.000000
epsilon: 0.3333670000000000
end_epsilon: 0.0000000000000000
pressure: 0.0834290000000000
lambda: 0.0000000000000000
lambda_coupling: 1.0000000000000000
uy: 0.0000000000000000
maximum_displacement: 1.0000000000000000
maximum_rotation: 1.0000000000000000
maximum_volume: 1.0000000000000000
maximum_shape: 0.0000001000000000
maximum_dsigma: 0.0100000000000000
mod: 10
pmod: 10
optimize: 1
verbose: 1
snapshot: 0
display: 1
explore: 1
npt: 1
nptxy: 0
nptdxdy: 0
shape: 0
seed: 1170490
-56.693215706721 -37.457249875018 0.866025403784 0.500000000000
-189.707368459300 -66.893588597575 0.000000000000 1.000000000000
266.787246095001 187.363284123180 0.866025403784 -0.500000000000
147.567517308750 -27.541610947987 0.000000000000 1.000000000000
-20.215446097425 99.614256643066 0.000000000000 1.000000000000
105.741128464484 254.802816876812 0.000000000000 1.000000000000
-154.187622876928 -87.337117168668 0.866025403784 -0.500000000000
-191.739168672550 9.358893224237 0.000000000000 1.000000000000
-172.215662055864 -106.856816224251 0.866025403784 0.500000000000
29.874159034047 136.592633496694 0.000000000000 1.000000000000
-8.893752519234 151.611363710445 0.866025403784 0.500000000000
-47.937003619208 -24.895295457091 0.866025403784 0.500000000000
-125.499168342299 -51.696488545245 0.866025403784 0.500000000000
85.684035173770 -124.415917923160 0.866025403784 0.500000000000
-54.243936055646 -60.484927394347 0.000000000000 1.000000000000
-66.602519736848 97.720556511352 0.000000000000 1.000000000000
-139.785342333422 51.407697600912 0.000000000000 1.000000000000
119.380681485246 111.432472082362 0.866025403784 0.500000000000
119.396855820072 0.462889028283 0.866025403784 -0.500000000000
13.940352149144 1.264623181074 0.866025403784 -0.500000000000
