#Configurational_file created 2018-09-14 13:58:08  started 2018-09-14 13:58:07 run for 1.0s steps 0
name: p_1033
step: 10000
specie: 20
	particle_diameter: 1.0000000000000000
	interaction_length: 1.2000000000000000
	number_of_patches: 3
	number_of_particles_per_compound: 1
	rod_length: 1.0000000000000000
	interaction_matrix:  1.000000 1.000000 1.000000 1.000000 1.000000 1.000000 1.000000 1.000000 1.000000
	patch_type: symmetric
	patch_width: 8.0000000000000000
	patch_angle: 0.0000000000000000
	angles:  0.000000 0.000000 0.000000
	grand_canonical: 0
	chemical_potential: 0.0000000000000000
box: 20.797415 20.797415
copy: 1.000000 1.000000
epsilon: 0.2758630000000000
end_epsilon: 0.0000000000000000
pressure: 0.2068970000000000
lambda: 0.0000000000000000
lambda_coupling: 1.0000000000000000
uy: 0.0000000000000000
maximum_displacement: 1.0000000000000000
maximum_rotation: 1.0000000000000000
maximum_volume: 1.0000000000000000
maximum_shape: 0.0000001000000000
maximum_dsigma: 0.0100000000000000
mod: 10
pmod: 10
optimize: 1
verbose: 1
snapshot: 0
display: 1
explore: 1
npt: 1
nptxy: 0
nptdxdy: 0
shape: 0
seed: 1177312
-47.329338104251 82.676095256458 0.866025403784 0.500000000000
226.837009661359 142.040108018985 0.866025403784 0.500000000000
-129.692526552114 -119.285476070737 0.000000000000 1.000000000000
-36.663074890900 130.833649719547 0.866025403784 -0.500000000000
189.300273464204 114.289864630996 0.866025403784 -0.500000000000
-84.499306511787 148.715489136601 0.000000000000 1.000000000000
59.822777193758 -6.338470004225 0.866025403784 -0.500000000000
91.547716188121 13.846285857968 0.866025403784 0.500000000000
-191.681337780408 -72.567023055889 0.000000000000 1.000000000000
-26.264241148332 11.564532554427 0.866025403784 0.500000000000
97.923954252067 -126.146428412199 0.000000000000 1.000000000000
-237.708044085513 131.711569924896 0.866025403784 0.500000000000
-15.344431267275 10.630920164572 0.000000000000 1.000000000000
-7.179416471888 -249.758777530890 0.000000000000 1.000000000000
63.918721787959 51.426292876894 0.866025403784 0.500000000000
27.067751139564 -84.424217529504 0.866025403784 -0.500000000000
38.818741114043 125.570934103343 0.000000000000 1.000000000000
-74.564729245584 114.054303098386 0.866025403784 0.500000000000
52.728170776264 -65.590673878938 0.000000000000 1.000000000000
-59.837390202299 -252.864747410258 0.000000000000 1.000000000000
