#Configurational_file created 2018-09-14 13:58:17  started 2018-09-14 13:58:16 run for 1.0s steps 0
name: p_1046
step: 10000
specie: 20
	particle_diameter: 1.0000000000000000
	interaction_length: 1.2000000000000000
	number_of_patches: 3
	number_of_particles_per_compound: 1
	rod_length: 1.0000000000000000
	interaction_matrix:  1.000000 1.000000 1.000000 1.000000 1.000000 1.000000 1.000000 1.000000 1.000000
	patch_type: symmetric
	patch_width: 8.0000000000000000
	patch_angle: 0.0000000000000000
	angles:  0.000000 0.000000 0.000000
	grand_canonical: 0
	chemical_potential: 0.0000000000000000
box: 12.880462 12.880462
copy: 1.000000 1.000000
epsilon: 0.2758630000000000
end_epsilon: 0.0000000000000000
pressure: 0.4310350000000000
lambda: 0.0000000000000000
lambda_coupling: 1.0000000000000000
uy: 0.0000000000000000
maximum_displacement: 1.0000000000000000
maximum_rotation: 1.0000000000000000
maximum_volume: 1.0000000000000000
maximum_shape: 0.0000001000000000
maximum_dsigma: 0.0100000000000000
mod: 10
pmod: 10
optimize: 1
verbose: 1
snapshot: 0
display: 1
explore: 1
npt: 1
nptxy: 0
nptdxdy: 0
shape: 0
seed: 1192093
-53.162370453584 46.895880213625 0.866025403784 0.500000000000
41.498297421706 1.046900444735 0.866025403784 -0.500000000000
91.070926050530 140.831098651122 0.866025403784 0.500000000000
-116.847779047987 -20.079790426855 0.866025403784 0.500000000000
-32.507243928832 36.201403159043 0.000000000000 1.000000000000
16.750494250885 -172.510455845028 0.866025403784 -0.500000000000
-15.707275993174 -95.572856382054 0.866025403784 -0.500000000000
53.944165204350 174.477161959967 0.866025403784 0.500000000000
64.077208435341 -118.012118981814 0.866025403784 0.500000000000
55.847453192648 44.420400234104 0.866025403784 0.500000000000
-54.467332153145 -36.376033106972 0.866025403784 0.500000000000
-46.797007399042 2.383200408599 0.866025403784 0.500000000000
-12.775480164572 94.356985182287 0.866025403784 -0.500000000000
195.007099215342 -114.326610966783 0.866025403784 0.500000000000
-94.579123794800 13.673201898452 0.866025403784 -0.500000000000
-18.575893169902 8.968242070973 0.866025403784 0.500000000000
-80.695644039589 1.347682160984 0.866025403784 0.500000000000
137.474626116290 -91.939511508862 0.866025403784 0.500000000000
82.733694698644 13.439502201767 0.000000000000 1.000000000000
99.802754776370 17.742606913583 0.000000000000 1.000000000000
