#Configurational_file created 2018-09-14 11:35:36  started 2018-09-14 11:35:35 run for 1.0s steps 0
name: p_1079
step: 10000
specie: 20
	particle_diameter: 1.0000000000000000
	interaction_length: 1.2000000000000000
	number_of_patches: 3
	number_of_particles_per_compound: 1
	rod_length: 1.0000000000000000
	interaction_matrix:  1.000000 1.000000 1.000000 1.000000 1.000000 1.000000 1.000000 1.000000 1.000000
	patch_type: symmetric
	patch_width: 8.0000000000000000
	patch_angle: 0.0000000000000000
	angles:  0.000000 0.000000 0.000000
	grand_canonical: 0
	chemical_potential: 0.0000000000000000
box: 15.756527 15.756527
copy: 1.000000 1.000000
epsilon: 0.3750250000000000
end_epsilon: 0.0000000000000000
pressure: 0.2500870000000000
lambda: 0.0000000000000000
lambda_coupling: 1.0000000000000000
uy: 0.0000000000000000
maximum_displacement: 1.0000000000000000
maximum_rotation: 1.0000000000000000
maximum_volume: 1.0000000000000000
maximum_shape: 0.0000001000000000
maximum_dsigma: 0.0100000000000000
mod: 10
pmod: 10
optimize: 1
verbose: 1
snapshot: 0
display: 1
explore: 1
npt: 1
nptxy: 0
nptdxdy: 0
shape: 0
seed: 1229614
51.728216548123 -77.147094234179 0.000000000000 1.000000000000
45.104521977212 -26.542189528539 0.866025403784 -0.500000000000
-56.874629539891 -21.492531511359 0.866025403784 -0.500000000000
142.397230797213 80.145444282487 0.866025403784 -0.500000000000
-45.119307804888 -191.030101405355 0.000000000000 1.000000000000
-76.482266095325 68.095323657093 0.000000000000 1.000000000000
86.742909647186 126.628028690566 0.866025403784 -0.500000000000
3.345162404577 83.464919453210 0.000000000000 1.000000000000
6.470271233446 -47.049182661247 0.866025403784 -0.500000000000
-170.557482073909 -87.585043369965 0.866025403784 -0.500000000000
40.574517038107 48.544437845671 0.000000000000 1.000000000000
-53.347809033728 -115.774728751741 0.000000000000 1.000000000000
28.712146296117 -22.738009492950 0.866025403784 -0.500000000000
-12.139644467537 40.345374363501 0.000000000000 1.000000000000
248.990789170624 109.622250352315 0.866025403784 0.500000000000
61.671001272332 60.352117690214 0.866025403784 -0.500000000000
-211.528459717207 123.504942422551 0.000000000000 1.000000000000
-179.771548598785 54.297892664702 0.000000000000 1.000000000000
-88.468021176231 59.847560137217 0.866025403784 -0.500000000000
-50.503617107487 23.974749648024 0.000000000000 1.000000000000
