#Configurational_file created 2018-09-14 11:35:51  started 2018-09-14 11:35:50 run for 1.0s steps 0
name: p_1097
step: 10000
specie: 20
	particle_diameter: 1.0000000000000000
	interaction_length: 1.2000000000000000
	number_of_patches: 3
	number_of_particles_per_compound: 1
	rod_length: 1.0000000000000000
	interaction_matrix:  1.000000 1.000000 1.000000 1.000000 1.000000 1.000000 1.000000 1.000000 1.000000
	patch_type: symmetric
	patch_width: 8.0000000000000000
	patch_angle: 0.0000000000000000
	angles:  0.000000 0.000000 0.000000
	grand_canonical: 0
	chemical_potential: 0.0000000000000000
box: 6.652365 6.652365
copy: 1.000000 1.000000
epsilon: 0.3750250000000000
end_epsilon: 0.0000000000000000
pressure: 1.7500119999999999
lambda: 0.0000000000000000
lambda_coupling: 1.0000000000000000
uy: 0.0000000000000000
maximum_displacement: 1.0000000000000000
maximum_rotation: 1.0000000000000000
maximum_volume: 0.5101054092012425
maximum_shape: 0.0000001000000000
maximum_dsigma: 0.0100000000000000
mod: 10
pmod: 10
optimize: 1
verbose: 1
snapshot: 0
display: 1
explore: 1
npt: 1
nptxy: 0
nptdxdy: 0
shape: 0
seed: 1250080
-103.237693417933 21.329550956714 0.866025403784 0.500000000000
-5.986094049731 23.185922328777 0.000000000000 1.000000000000
-3.959811585245 80.202771822796 0.866025403784 0.500000000000
60.548219838201 76.736330932393 0.866025403784 -0.500000000000
-127.584248529281 -96.903326446299 0.866025403784 0.500000000000
-11.713999175906 30.287434162034 0.000000000000 1.000000000000
-23.313401915134 -62.832547451410 0.866025403784 0.500000000000
25.189607690432 27.440285218278 0.866025403784 0.500000000000
90.055462922089 104.882837360552 0.000000000000 1.000000000000
32.908087054996 -79.719364816692 0.866025403784 -0.500000000000
-160.371085937951 18.615540827282 0.866025403784 -0.500000000000
-20.127154431068 -44.342230907530 0.866025403784 -0.500000000000
45.186623363425 -55.514327166004 0.866025403784 0.500000000000
-9.199705494670 -70.312274579509 0.866025403784 0.500000000000
-28.581974188085 41.318600203847 0.866025403784 -0.500000000000
-20.834934463821 -51.530952527445 0.866025403784 0.500000000000
-50.857020697583 37.243285462381 0.866025403784 -0.500000000000
-6.339433663729 12.954729662835 0.000000000000 1.000000000000
-18.198256371927 51.416542390320 0.866025403784 -0.500000000000
-61.920384756494 12.359579316596 0.866025403784 -0.500000000000
