#Configurational_file created 2018-09-14 12:03:14  started 2018-09-14 12:03:13 run for 1.0s steps 0
name: p_1098
step: 10000
specie: 20
	particle_diameter: 1.0000000000000000
	interaction_length: 1.2000000000000000
	number_of_patches: 3
	number_of_particles_per_compound: 1
	rod_length: 1.0000000000000000
	interaction_matrix:  1.000000 1.000000 1.000000 1.000000 1.000000 1.000000 1.000000 1.000000 1.000000
	patch_type: symmetric
	patch_width: 8.0000000000000000
	patch_angle: 0.0000000000000000
	angles:  0.000000 0.000000 0.000000
	grand_canonical: 0
	chemical_potential: 0.0000000000000000
box: 42.170453 42.170453
copy: 1.000000 1.000000
epsilon: 0.0375000000000000
end_epsilon: 0.0000000000000000
pressure: 0.0916670000000000
lambda: 0.0000000000000000
lambda_coupling: 1.0000000000000000
uy: 0.0000000000000000
maximum_displacement: 1.0000000000000000
maximum_rotation: 1.0000000000000000
maximum_volume: 1.0000000000000000
maximum_shape: 0.0000001000000000
maximum_dsigma: 0.0100000000000000
mod: 10
pmod: 10
optimize: 1
verbose: 1
snapshot: 0
display: 1
explore: 1
npt: 1
nptxy: 0
nptdxdy: 0
shape: 0
seed: 1251217
-16.656404854709 -587.859949384042 0.000000000000 1.000000000000
-130.984599260151 28.717954969261 0.866025403784 -0.500000000000
-331.395547661200 -37.976924477153 0.000000000000 1.000000000000
118.201239538681 -102.040718371505 0.000000000000 1.000000000000
-184.365867544049 -230.287860393336 0.000000000000 1.000000000000
-171.672898084611 -95.320692230717 0.000000000000 1.000000000000
39.192062571342 300.960107306909 0.866025403784 -0.500000000000
70.897225974985 -94.364250314106 0.000000000000 1.000000000000
-194.299335736110 200.799880390681 0.000000000000 1.000000000000
34.520185385164 145.421577872481 0.000000000000 1.000000000000
366.632118238490 -242.089192940699 0.866025403784 0.500000000000
-24.714177139802 -77.628476068820 0.866025403784 0.500000000000
-51.567599778859 -72.524620595998 0.000000000000 1.000000000000
128.891795712483 63.445250406980 0.866025403784 0.500000000000
336.479031676725 -7.094194038654 0.000000000000 1.000000000000
-68.990563789516 -82.250905775732 0.866025403784 0.500000000000
71.629386080999 44.116088088785 0.866025403784 -0.500000000000
-235.653733654978 127.478841736838 0.866025403784 0.500000000000
-277.418573434087 -264.437283840718 0.866025403784 0.500000000000
-124.707814576348 54.976665727401 0.866025403784 0.500000000000
