#Configurational_file created 2018-09-14 12:02:48  started 2018-09-14 12:02:47 run for 1.0s steps 0
name: p_1062
step: 10000
specie: 20
	particle_diameter: 1.0000000000000000
	interaction_length: 1.2000000000000000
	number_of_patches: 3
	number_of_particles_per_compound: 1
	rod_length: 1.0000000000000000
	interaction_matrix:  1.000000 1.000000 1.000000 1.000000 1.000000 1.000000 1.000000 1.000000 1.000000
	patch_type: symmetric
	patch_width: 8.0000000000000000
	patch_angle: 0.0000000000000000
	angles:  0.000000 0.000000 0.000000
	grand_canonical: 0
	chemical_potential: 0.0000000000000000
box: 45.652104 45.652104
copy: 1.000000 1.000000
epsilon: 0.0354170000000000
end_epsilon: 0.0000000000000000
pressure: 0.0458340000000000
lambda: 0.0000000000000000
lambda_coupling: 1.0000000000000000
uy: 0.0000000000000000
maximum_displacement: 1.0000000000000000
maximum_rotation: 1.0000000000000000
maximum_volume: 1.0000000000000000
maximum_shape: 0.0000001000000000
maximum_dsigma: 0.0100000000000000
mod: 10
pmod: 10
optimize: 1
verbose: 1
snapshot: 0
display: 1
explore: 1
npt: 1
nptxy: 0
nptdxdy: 0
shape: 0
seed: 1210285
63.468401891903 137.578482733698 0.866025403784 -0.500000000000
320.183979072382 21.606995631487 0.866025403784 0.500000000000
14.966054204583 324.454536417858 0.866025403784 -0.500000000000
-80.018387663014 -126.429473595251 0.866025403784 -0.500000000000
-19.170077476697 439.705905372893 0.866025403784 0.500000000000
-256.454425211824 127.537084933365 0.000000000000 1.000000000000
-114.377835376473 183.418595008215 0.866025403784 -0.500000000000
234.001488558100 -110.876863965228 0.000000000000 1.000000000000
54.634258071974 255.422676873402 0.866025403784 -0.500000000000
-172.311388449963 -163.211661568850 0.866025403784 -0.500000000000
0.997923373558 -151.768307481155 0.866025403784 -0.500000000000
155.676460570434 -223.011003306226 0.866025403784 0.500000000000
-159.491493568981 -156.313249019101 0.866025403784 -0.500000000000
-148.089286227984 258.414857231685 0.866025403784 -0.500000000000
76.994456747497 7.922597893291 0.866025403784 -0.500000000000
-157.780343681288 111.325861855468 0.866025403784 0.500000000000
-224.318788973672 -100.354672323660 0.866025403784 -0.500000000000
20.933222445491 -218.909216965219 0.866025403784 0.500000000000
98.149114103391 253.308302481824 0.000000000000 1.000000000000
73.964100442565 237.473490175706 0.866025403784 0.500000000000
