#Configurational_file created 2018-09-14 12:03:11  started 2018-09-14 12:03:10 run for 1.0s steps 0
name: p_1093
step: 10000
specie: 20
	particle_diameter: 1.0000000000000000
	interaction_length: 1.2000000000000000
	number_of_patches: 3
	number_of_particles_per_compound: 1
	rod_length: 1.0000000000000000
	interaction_matrix:  1.000000 1.000000 1.000000 1.000000 1.000000 1.000000 1.000000 1.000000 1.000000
	patch_type: symmetric
	patch_width: 8.0000000000000000
	patch_angle: 0.0000000000000000
	angles:  0.000000 0.000000 0.000000
	grand_canonical: 0
	chemical_potential: 0.0000000000000000
box: 47.584650 47.584650
copy: 1.000000 1.000000
epsilon: 0.0375000000000000
end_epsilon: 0.0000000000000000
pressure: 0.0708340000000000
lambda: 0.0000000000000000
lambda_coupling: 1.0000000000000000
uy: 0.0000000000000000
maximum_displacement: 1.0000000000000000
maximum_rotation: 1.0000000000000000
maximum_volume: 1.0000000000000000
maximum_shape: 0.0000001000000000
maximum_dsigma: 0.0100000000000000
mod: 10
pmod: 10
optimize: 1
verbose: 1
snapshot: 0
display: 1
explore: 1
npt: 1
nptxy: 0
nptdxdy: 0
shape: 0
seed: 1245532
32.726575915845 12.549851808825 0.000000000000 1.000000000000
-83.945323253747 -107.316156850838 0.866025403784 0.500000000000
183.785811855351 290.047052377196 0.866025403784 0.500000000000
-53.520283278724 91.000585601782 0.866025403784 0.500000000000
180.486087334863 278.649193687579 0.000000000000 1.000000000000
128.016733454337 -165.913334489028 0.866025403784 -0.500000000000
-264.759017341135 -228.887080036153 0.866025403784 0.500000000000
22.903934869736 64.601954107851 0.866025403784 -0.500000000000
-235.203073477221 -271.301910688444 0.866025403784 0.500000000000
-37.847363789175 -191.351747378035 0.000000000000 1.000000000000
-6.005770828245 -163.671540439028 0.000000000000 1.000000000000
47.479718379555 93.864001414362 0.866025403784 -0.500000000000
-236.899393501998 102.384141027973 0.866025403784 -0.500000000000
84.040642933753 99.607462536709 0.866025403784 -0.500000000000
-334.550914240028 167.216804543115 0.866025403784 -0.500000000000
-219.087391600440 103.605776700519 0.866025403784 0.500000000000
-12.372306949187 38.399142429320 0.866025403784 0.500000000000
75.090334130723 -69.682995680695 0.000000000000 1.000000000000
-49.175116521712 114.273416779449 0.866025403784 0.500000000000
-400.725681531269 -229.626158567772 0.866025403784 0.500000000000
