#Configurational_file created 2018-09-14 12:02:29  started 2018-09-14 12:02:28 run for 1.0s steps 0
name: p_1036
step: 10000
specie: 20
	particle_diameter: 1.0000000000000000
	interaction_length: 1.2000000000000000
	number_of_patches: 3
	number_of_particles_per_compound: 1
	rod_length: 1.0000000000000000
	interaction_matrix:  1.000000 1.000000 1.000000 1.000000 1.000000 1.000000 1.000000 1.000000 1.000000
	patch_type: symmetric
	patch_width: 8.0000000000000000
	patch_angle: 0.0000000000000000
	angles:  0.000000 0.000000 0.000000
	grand_canonical: 0
	chemical_potential: 0.0000000000000000
box: 46.788541 46.788541
copy: 1.000000 1.000000
epsilon: 0.0333340000000000
end_epsilon: 0.0000000000000000
pressure: 0.0416670000000000
lambda: 0.0000000000000000
lambda_coupling: 1.0000000000000000
uy: 0.0000000000000000
maximum_displacement: 1.0000000000000000
maximum_rotation: 1.0000000000000000
maximum_volume: 1.0000000000000000
maximum_shape: 0.0000001000000000
maximum_dsigma: 0.0100000000000000
mod: 10
pmod: 10
optimize: 1
verbose: 1
snapshot: 0
display: 1
explore: 1
npt: 1
nptxy: 0
nptdxdy: 0
shape: 0
seed: 1180723
27.306042402146 -76.450759908643 0.000000000000 1.000000000000
104.515147281942 104.248688973516 0.866025403784 -0.500000000000
11.916364276283 309.063023011512 0.000000000000 1.000000000000
9.158640822668 91.825664110427 0.000000000000 1.000000000000
-80.829934966794 -330.033615620372 0.000000000000 1.000000000000
-26.592719946877 14.932551798846 0.000000000000 1.000000000000
208.372658453998 -71.702547293529 0.866025403784 0.500000000000
125.207265518235 152.703947961289 0.000000000000 1.000000000000
103.508181666819 -22.458990589706 0.866025403784 -0.500000000000
129.098156841899 -49.596418950859 0.866025403784 -0.500000000000
-230.503555661556 254.958503204542 0.000000000000 1.000000000000
-126.368649636754 -4.285724183081 0.866025403784 -0.500000000000
25.238392509268 -116.278356175969 0.866025403784 -0.500000000000
-593.867130431432 20.021917016445 0.866025403784 0.500000000000
-159.884167563097 111.256538702263 0.866025403784 -0.500000000000
58.562857475396 197.098713722688 0.866025403784 0.500000000000
-26.509343264699 -280.727630642565 0.000000000000 1.000000000000
-26.768603443403 30.053449027795 0.866025403784 0.500000000000
239.277239025746 89.774942700858 0.866025403784 0.500000000000
126.532634860228 191.721147860631 0.866025403784 -0.500000000000
