#Configurational_file created 2018-09-14 12:03:03  started 2018-09-14 12:03:02 run for 1.0s steps 0
name: p_1082
step: 10000
specie: 20
	particle_diameter: 1.0000000000000000
	interaction_length: 1.2000000000000000
	number_of_patches: 3
	number_of_particles_per_compound: 1
	rod_length: 1.0000000000000000
	interaction_matrix:  1.000000 1.000000 1.000000 1.000000 1.000000 1.000000 1.000000 1.000000 1.000000
	patch_type: symmetric
	patch_width: 8.0000000000000000
	patch_angle: 0.0000000000000000
	angles:  0.000000 0.000000 0.000000
	grand_canonical: 0
	chemical_potential: 0.0000000000000000
box: 50.508361 50.508361
copy: 1.000000 1.000000
epsilon: 0.0375000000000000
end_epsilon: 0.0000000000000000
pressure: 0.0250010000000000
lambda: 0.0000000000000000
lambda_coupling: 1.0000000000000000
uy: 0.0000000000000000
maximum_displacement: 1.0000000000000000
maximum_rotation: 1.0000000000000000
maximum_volume: 1.0000000000000000
maximum_shape: 0.0000001000000000
maximum_dsigma: 0.0100000000000000
mod: 10
pmod: 10
optimize: 1
verbose: 1
snapshot: 0
display: 1
explore: 1
npt: 1
nptxy: 0
nptdxdy: 0
shape: 0
seed: 1233025
129.083638290749 -52.259636865301 0.866025403784 0.500000000000
178.493078423604 -44.847520621364 0.866025403784 -0.500000000000
-181.092599376268 -81.143698615471 0.866025403784 -0.500000000000
-64.619606792503 1.163105378683 0.866025403784 0.500000000000
79.429903713644 -1.143967107680 0.000000000000 1.000000000000
-66.473940231939 359.103895177463 0.866025403784 0.500000000000
21.880970932473 102.284069794396 0.866025403784 -0.500000000000
356.000659592290 91.239664860811 0.866025403784 -0.500000000000
245.999137860207 -305.764447961429 0.866025403784 -0.500000000000
5.911135550964 3.204478544199 0.866025403784 0.500000000000
196.571149243411 242.464845477014 0.866025403784 0.500000000000
-358.396550329200 -47.956444123234 0.866025403784 0.500000000000
27.039547831196 120.691223926157 0.000000000000 1.000000000000
-12.681117543712 -117.460417537450 0.866025403784 -0.500000000000
-4.957279337110 266.224215695520 0.000000000000 1.000000000000
-203.692699518883 83.961429166521 0.866025403784 -0.500000000000
-13.916719157256 374.102217259139 0.000000000000 1.000000000000
249.083453117328 104.878416077317 0.866025403784 0.500000000000
-87.027689821848 130.413284498538 0.866025403784 -0.500000000000
87.046066611731 487.555632726791 0.866025403784 0.500000000000
