#Configurational_file created 2018-09-14 13:58:19  started 2018-09-14 13:58:18 run for 1.0s steps 0
name: p_1049
step: 10000
specie: 20
	particle_diameter: 1.0000000000000000
	interaction_length: 1.2000000000000000
	number_of_patches: 3
	number_of_particles_per_compound: 1
	rod_length: 1.0000000000000000
	interaction_matrix:  1.000000 1.000000 1.000000 1.000000 1.000000 1.000000 1.000000 1.000000 1.000000
	patch_type: symmetric
	patch_width: 8.0000000000000000
	patch_angle: 0.0000000000000000
	angles:  0.000000 0.000000 0.000000
	grand_canonical: 0
	chemical_potential: 0.0000000000000000
box: 12.985224 12.985224
copy: 1.000000 1.000000
epsilon: 0.2758630000000000
end_epsilon: 0.0000000000000000
pressure: 0.4827590000000000
lambda: 0.0000000000000000
lambda_coupling: 1.0000000000000000
uy: 0.0000000000000000
maximum_displacement: 1.0000000000000000
maximum_rotation: 1.0000000000000000
maximum_volume: 1.0000000000000000
maximum_shape: 0.0000001000000000
maximum_dsigma: 0.0100000000000000
mod: 10
pmod: 10
optimize: 1
verbose: 1
snapshot: 0
display: 1
explore: 1
npt: 1
nptxy: 0
nptdxdy: 0
shape: 0
seed: 1195504
-17.995150160814 54.848468807460 0.000000000000 1.000000000000
23.649498233318 9.446483310818 0.000000000000 1.000000000000
58.177320817002 6.453343157753 0.866025403784 -0.500000000000
-7.376888625255 142.461005769745 0.000000000000 1.000000000000
-84.623023276477 119.850529650428 0.000000000000 1.000000000000
-77.792971619246 -80.206098189676 0.000000000000 1.000000000000
-17.455744182623 110.806340844559 0.866025403784 -0.500000000000
10.024819283957 58.033372200468 0.000000000000 1.000000000000
-135.102507658519 96.694673098407 0.866025403784 -0.500000000000
159.444781964224 145.597053124674 0.866025403784 0.500000000000
-93.739170563095 62.399249109911 0.000000000000 1.000000000000
95.788905954037 139.002744450153 0.000000000000 1.000000000000
58.833502546338 62.708276171820 0.866025403784 0.500000000000
117.724647904444 109.012464997953 0.866025403784 -0.500000000000
-4.680446754282 -28.171544076942 0.866025403784 0.500000000000
-39.021911523583 26.594966258459 0.866025403784 -0.500000000000
-42.165195427757 -89.840174865394 0.866025403784 -0.500000000000
226.991918222234 4.507902968422 0.000000000000 1.000000000000
100.966575620509 20.059815599147 0.866025403784 -0.500000000000
4.430138907735 90.880160256760 0.000000000000 1.000000000000
