#Configurational_file created 2018-09-14 13:58:04  started 2018-09-14 13:58:03 run for 1.0s steps 0
name: p_1027
step: 10000
specie: 20
	particle_diameter: 1.0000000000000000
	interaction_length: 1.2000000000000000
	number_of_patches: 3
	number_of_particles_per_compound: 1
	rod_length: 1.0000000000000000
	interaction_matrix:  1.000000 1.000000 1.000000 1.000000 1.000000 1.000000 1.000000 1.000000 1.000000
	patch_type: symmetric
	patch_width: 8.0000000000000000
	patch_angle: 0.0000000000000000
	angles:  0.000000 0.000000 0.000000
	grand_canonical: 0
	chemical_potential: 0.0000000000000000
box: 27.083860 27.083860
copy: 1.000000 1.000000
epsilon: 0.2758630000000000
end_epsilon: 0.0000000000000000
pressure: 0.1034490000000000
lambda: 0.0000000000000000
lambda_coupling: 1.0000000000000000
uy: 0.0000000000000000
maximum_displacement: 1.0000000000000000
maximum_rotation: 1.0000000000000000
maximum_volume: 1.0000000000000000
maximum_shape: 0.0000001000000000
maximum_dsigma: 0.0100000000000000
mod: 10
pmod: 10
optimize: 1
verbose: 1
snapshot: 0
display: 1
explore: 1
npt: 1
nptxy: 0
nptdxdy: 0
shape: 0
seed: 1170490
58.770347959190 188.629735713459 0.000000000000 1.000000000000
-267.016904980940 261.692576746988 0.866025403784 -0.500000000000
151.732181605334 -9.049668474582 0.866025403784 0.500000000000
179.381600257830 92.997217262883 0.866025403784 -0.500000000000
-12.741776659693 49.036341297285 0.866025403784 -0.500000000000
-130.615286572686 93.445189055073 0.000000000000 1.000000000000
-5.914572162656 46.029829152436 0.866025403784 0.500000000000
-137.627172301082 -56.490288554029 0.000000000000 1.000000000000
-18.042604686817 58.371544258594 0.866025403784 -0.500000000000
-84.739540161567 109.222534354012 0.866025403784 0.500000000000
78.410743271819 -199.260478847386 0.866025403784 0.500000000000
-90.505244609107 -69.536107758755 0.866025403784 0.500000000000
291.426726140415 63.814696499139 0.000000000000 1.000000000000
-18.633977686810 50.686509956907 0.866025403784 0.500000000000
-128.856533679015 -130.546977351220 0.866025403784 0.500000000000
-84.121451635294 -122.134817511945 0.866025403784 -0.500000000000
-190.734016652694 185.910860504629 0.000000000000 1.000000000000
141.915405740951 117.154645302362 0.866025403784 0.500000000000
-11.458313669106 -21.356915674728 0.866025403784 0.500000000000
87.342905818879 122.188989785434 0.000000000000 1.000000000000
