#Configurational_file created 2018-09-14 12:02:38  started 2018-09-14 12:02:38 run for 0.0s steps 0
name: p_1049
step: 10000
specie: 20
	particle_diameter: 1.0000000000000000
	interaction_length: 1.2000000000000000
	number_of_patches: 3
	number_of_particles_per_compound: 1
	rod_length: 1.0000000000000000
	interaction_matrix:  1.000000 1.000000 1.000000 1.000000 1.000000 1.000000 1.000000 1.000000 1.000000
	patch_type: symmetric
	patch_width: 8.0000000000000000
	patch_angle: 0.0000000000000000
	angles:  0.000000 0.000000 0.000000
	grand_canonical: 0
	chemical_potential: 0.0000000000000000
box: 49.994592 49.994592
copy: 1.000000 1.000000
epsilon: 0.0333340000000000
end_epsilon: 0.0000000000000000
pressure: 0.0958330000000000
lambda: 0.0000000000000000
lambda_coupling: 1.0000000000000000
uy: 0.0000000000000000
maximum_displacement: 1.0000000000000000
maximum_rotation: 1.0000000000000000
maximum_volume: 1.0000000000000000
maximum_shape: 0.0000001000000000
maximum_dsigma: 0.0100000000000000
mod: 10
pmod: 10
optimize: 1
verbose: 1
snapshot: 0
display: 1
explore: 1
npt: 1
nptxy: 0
nptdxdy: 0
shape: 0
seed: 1195504
92.191922128860 233.073325039166 0.866025403784 0.500000000000
234.789779288676 236.018414360026 0.866025403784 0.500000000000
-54.625746569600 102.694383482120 0.000000000000 1.000000000000
-112.318762507388 150.254341132137 0.866025403784 0.500000000000
-55.628996810524 63.412886344238 0.866025403784 -0.500000000000
-119.631105426710 -197.322272904933 0.866025403784 0.500000000000
-81.911313529137 116.247062280503 0.000000000000 1.000000000000
300.824784908610 157.046689775059 0.000000000000 1.000000000000
-59.396734102643 -91.234777139852 0.866025403784 -0.500000000000
76.770350734548 91.296830333067 0.000000000000 1.000000000000
152.075881159000 219.883093070191 0.000000000000 1.000000000000
-32.732553875280 216.858222805373 0.866025403784 -0.500000000000
178.918621846576 23.019692108926 0.866025403784 -0.500000000000
254.681233484679 172.551869919613 0.866025403784 0.500000000000
289.390809962554 -117.022032615111 0.866025403784 -0.500000000000
-31.864168255324 -176.997248635630 0.866025403784 -0.500000000000
216.997565293475 160.500617784896 0.866025403784 -0.500000000000
62.625987687973 188.086890061252 0.000000000000 1.000000000000
418.004136191810 270.022166142793 0.866025403784 -0.500000000000
36.389649509552 -18.465358432802 0.866025403784 0.500000000000
