#Configurational_file created 2018-09-14 11:06:45  started 2018-09-14 11:06:45 run for 0.0s steps 0
name: p_105
step: 10000
specie: 20
	particle_diameter: 1.0000000000000000
	interaction_length: 1.2000000000000000
	number_of_patches: 3
	number_of_particles_per_compound: 1
	rod_length: 1.0000000000000000
	interaction_matrix:  1.000000 1.000000 1.000000 1.000000 1.000000 1.000000 1.000000 1.000000 1.000000
	patch_type: symmetric
	patch_width: 8.0000000000000000
	patch_angle: 0.0000000000000000
	angles:  0.000000 0.000000 0.000000
	grand_canonical: 0
	chemical_potential: 0.0000000000000000
box: 48.978823 48.978823
copy: 1.000000 1.000000
epsilon: 0.3571710000000000
end_epsilon: 0.0000000000000000
pressure: 0.0001000000000000
lambda: 0.0000000000000000
lambda_coupling: 1.0000000000000000
uy: 0.0000000000000000
maximum_displacement: 1.0000000000000000
maximum_rotation: 1.0000000000000000
maximum_volume: 1.0000000000000000
maximum_shape: 0.0000001000000000
maximum_dsigma: 0.0100000000000000
mod: 10
pmod: 10
optimize: 1
verbose: 1
snapshot: 0
display: 1
explore: 1
npt: 1
nptxy: 0
nptdxdy: 0
shape: 0
seed: 122255
282.894629895590 115.915066886090 0.000000000000 1.000000000000
88.258953943393 -530.851587910140 0.000000000000 1.000000000000
163.868249889610 -57.961424974853 0.000000000000 1.000000000000
236.820071585989 33.913188623581 0.000000000000 1.000000000000
-90.136027031031 -53.394227728272 0.866025403784 0.500000000000
-50.337996862082 -16.248318316929 0.866025403784 -0.500000000000
-249.194432632556 270.477720809336 0.866025403784 -0.500000000000
50.596834794689 189.614605471176 0.866025403784 0.500000000000
41.967994062368 203.527882602931 0.866025403784 -0.500000000000
-52.078027376138 52.756458249838 0.866025403784 -0.500000000000
-27.891935199529 -108.076401187707 0.866025403784 0.500000000000
-86.096692049565 338.219393632030 0.866025403784 0.500000000000
208.014653927732 116.072187351861 0.866025403784 -0.500000000000
179.183036135630 23.024413564910 0.000000000000 1.000000000000
-13.403794892348 393.950506746897 0.000000000000 1.000000000000
-108.387446306547 -176.550713501291 0.866025403784 0.500000000000
6.966438818406 -23.163709481744 0.866025403784 0.500000000000
-82.592215923146 -102.927422012646 0.866025403784 -0.500000000000
-13.899757993478 -264.360751284266 0.866025403784 0.500000000000
242.646245512553 -3.452860247994 0.866025403784 -0.500000000000
