#Configurational_file created 2018-09-14 11:34:43  started 2018-09-14 11:34:42 run for 1.0s steps 0
name: p_1017
step: 10000
specie: 20
	particle_diameter: 1.0000000000000000
	interaction_length: 1.2000000000000000
	number_of_patches: 3
	number_of_particles_per_compound: 1
	rod_length: 1.0000000000000000
	interaction_matrix:  1.000000 1.000000 1.000000 1.000000 1.000000 1.000000 1.000000 1.000000 1.000000
	patch_type: symmetric
	patch_width: 8.0000000000000000
	patch_angle: 0.0000000000000000
	angles:  0.000000 0.000000 0.000000
	grand_canonical: 0
	chemical_potential: 0.0000000000000000
box: 8.999950 8.999950
copy: 1.000000 1.000000
epsilon: 0.3125370000000000
end_epsilon: 0.0000000000000000
pressure: 1.3333670000000000
lambda: 0.0000000000000000
lambda_coupling: 1.0000000000000000
uy: 0.0000000000000000
maximum_displacement: 1.0000000000000000
maximum_rotation: 1.0000000000000000
maximum_volume: 0.8605450381000705
maximum_shape: 0.0000001000000000
maximum_dsigma: 0.0100000000000000
mod: 10
pmod: 10
optimize: 1
verbose: 1
snapshot: 0
display: 1
explore: 1
npt: 1
nptxy: 0
nptdxdy: 0
shape: 0
seed: 1159120
44.230766526144 138.140272844012 0.866025403784 0.500000000000
23.035057015060 -4.947670477265 0.000000000000 1.000000000000
46.900698500102 89.394122064242 0.000000000000 1.000000000000
-120.342541553131 41.980124912603 0.000000000000 1.000000000000
-41.972762434587 36.330036688416 0.866025403784 -0.500000000000
20.518953616175 3.617825939152 0.000000000000 1.000000000000
130.008803781242 -111.311064201456 0.000000000000 1.000000000000
48.110363324075 71.027379473493 0.000000000000 1.000000000000
-71.387272199498 -6.875504563268 0.000000000000 1.000000000000
-65.003506759874 -75.684424548478 0.000000000000 1.000000000000
49.197134577871 61.063458269688 0.000000000000 1.000000000000
-33.489734083825 -34.417374903622 0.866025403784 -0.500000000000
-149.499954935894 105.265155349422 0.866025403784 -0.500000000000
109.300147808172 135.783282717592 0.866025403784 0.500000000000
63.819463128270 56.908172737255 0.866025403784 -0.500000000000
-2.808362180797 -43.836466422665 0.866025403784 -0.500000000000
54.815794185324 104.423807884028 0.866025403784 0.500000000000
3.548128925997 19.347910205097 0.866025403784 -0.500000000000
-7.009239226446 -11.879070864983 0.866025403784 -0.500000000000
134.249322047562 -125.708630612582 0.866025403784 0.500000000000
