#Configurational_file created 2018-09-14 12:02:45  started 2018-09-14 12:02:44 run for 1.0s steps 0
name: p_1058
step: 10000
specie: 20
	particle_diameter: 1.0000000000000000
	interaction_length: 1.2000000000000000
	number_of_patches: 3
	number_of_particles_per_compound: 1
	rod_length: 1.0000000000000000
	interaction_matrix:  1.000000 1.000000 1.000000 1.000000 1.000000 1.000000 1.000000 1.000000 1.000000
	patch_type: symmetric
	patch_width: 8.0000000000000000
	patch_angle: 0.0000000000000000
	angles:  0.000000 0.000000 0.000000
	grand_canonical: 0
	chemical_potential: 0.0000000000000000
box: 58.084694 58.084694
copy: 1.000000 1.000000
epsilon: 0.0354170000000000
end_epsilon: 0.0000000000000000
pressure: 0.0291670000000000
lambda: 0.0000000000000000
lambda_coupling: 1.0000000000000000
uy: 0.0000000000000000
maximum_displacement: 1.0000000000000000
maximum_rotation: 1.0000000000000000
maximum_volume: 1.0000000000000000
maximum_shape: 0.0000001000000000
maximum_dsigma: 0.0100000000000000
mod: 10
pmod: 10
optimize: 1
verbose: 1
snapshot: 0
display: 1
explore: 1
npt: 1
nptxy: 0
nptdxdy: 0
shape: 0
seed: 1205737
212.689989614635 90.237501613274 0.866025403784 -0.500000000000
104.623393274816 -34.895988946410 0.000000000000 1.000000000000
135.585703702442 -70.669117163881 0.000000000000 1.000000000000
-30.379232256684 -171.448447691362 0.866025403784 0.500000000000
104.849901528438 217.832634801260 0.866025403784 0.500000000000
-272.478857912915 -12.428202479286 0.000000000000 1.000000000000
395.302122803792 124.725864212329 0.866025403784 0.500000000000
-200.041167270281 335.017173443332 0.000000000000 1.000000000000
87.242549416749 -72.849110334904 0.866025403784 -0.500000000000
-320.574488216564 126.674340374621 0.000000000000 1.000000000000
-47.916855615152 -141.084194452696 0.866025403784 0.500000000000
85.810720449278 87.511210652579 0.866025403784 -0.500000000000
64.552334255074 172.127721703762 0.866025403784 -0.500000000000
162.131642823105 246.731885048984 0.866025403784 0.500000000000
-297.976779205943 -198.539985849409 0.866025403784 -0.500000000000
-61.854937456085 -551.994486000423 0.866025403784 -0.500000000000
359.266667347639 109.171903385969 0.000000000000 1.000000000000
-66.219846971771 88.934296619463 0.000000000000 1.000000000000
-71.058068234024 3.990977281277 0.866025403784 0.500000000000
533.028893109087 81.697844393515 0.866025403784 -0.500000000000
