#Configurational_file created 2018-09-14 13:57:50  started 2018-09-14 13:57:49 run for 1.0s steps 0
name: p_1007
step: 10000
specie: 20
	particle_diameter: 1.0000000000000000
	interaction_length: 1.2000000000000000
	number_of_patches: 3
	number_of_particles_per_compound: 1
	rod_length: 1.0000000000000000
	interaction_matrix:  1.000000 1.000000 1.000000 1.000000 1.000000 1.000000 1.000000 1.000000 1.000000
	patch_type: symmetric
	patch_width: 8.0000000000000000
	patch_angle: 0.0000000000000000
	angles:  0.000000 0.000000 0.000000
	grand_canonical: 0
	chemical_potential: 0.0000000000000000
box: 18.121055 18.121055
copy: 1.000000 1.000000
epsilon: 0.2068970000000000
end_epsilon: 0.0000000000000000
pressure: 0.2758630000000000
lambda: 0.0000000000000000
lambda_coupling: 1.0000000000000000
uy: 0.0000000000000000
maximum_displacement: 1.0000000000000000
maximum_rotation: 1.0000000000000000
maximum_volume: 1.0000000000000000
maximum_shape: 0.0000001000000000
maximum_dsigma: 0.0100000000000000
mod: 10
pmod: 10
optimize: 1
verbose: 1
snapshot: 0
display: 1
explore: 1
npt: 1
nptxy: 0
nptdxdy: 0
shape: 0
seed: 1147750
22.801326994327 87.070380697083 0.866025403784 0.500000000000
173.696029754472 1.040060836120 0.866025403784 0.500000000000
33.571999798855 75.359846620862 0.000000000000 1.000000000000
-156.539794557082 -0.172758092241 0.866025403784 -0.500000000000
-24.472905583964 54.632132809603 0.000000000000 1.000000000000
0.452013435432 168.514866432461 0.866025403784 0.500000000000
-23.602405922758 -59.548055783070 0.866025403784 -0.500000000000
18.605093384826 45.300486935611 0.866025403784 -0.500000000000
4.113993751816 -54.197538022251 0.866025403784 0.500000000000
11.416570879965 -22.501626654086 0.866025403784 0.500000000000
-51.932015587499 247.841519776352 0.000000000000 1.000000000000
81.642196885165 34.645141908129 0.866025403784 0.500000000000
162.507614366302 69.805367538091 0.000000000000 1.000000000000
-128.989389418874 -25.352001740457 0.866025403784 0.500000000000
-108.401534417644 -7.281092696147 0.866025403784 0.500000000000
125.927329230545 16.307956619345 0.866025403784 -0.500000000000
31.350044443423 -79.559113647813 0.866025403784 -0.500000000000
-124.903440124188 -54.309818524346 0.866025403784 -0.500000000000
55.107552601361 182.338766819227 0.866025403784 -0.500000000000
-136.327996911260 91.968417150246 0.866025403784 -0.500000000000
