#Configurational_file created 2018-09-14 12:02:47  started 2018-09-14 12:02:46 run for 1.0s steps 0
name: p_1060
step: 10000
specie: 20
	particle_diameter: 1.0000000000000000
	interaction_length: 1.2000000000000000
	number_of_patches: 3
	number_of_particles_per_compound: 1
	rod_length: 1.0000000000000000
	interaction_matrix:  1.000000 1.000000 1.000000 1.000000 1.000000 1.000000 1.000000 1.000000 1.000000
	patch_type: symmetric
	patch_width: 8.0000000000000000
	patch_angle: 0.0000000000000000
	angles:  0.000000 0.000000 0.000000
	grand_canonical: 0
	chemical_potential: 0.0000000000000000
box: 45.493188 45.493188
copy: 1.000000 1.000000
epsilon: 0.0354170000000000
end_epsilon: 0.0000000000000000
pressure: 0.0375010000000000
lambda: 0.0000000000000000
lambda_coupling: 1.0000000000000000
uy: 0.0000000000000000
maximum_displacement: 1.0000000000000000
maximum_rotation: 1.0000000000000000
maximum_volume: 1.0000000000000000
maximum_shape: 0.0000001000000000
maximum_dsigma: 0.0100000000000000
mod: 10
pmod: 10
optimize: 1
verbose: 1
snapshot: 0
display: 1
explore: 1
npt: 1
nptxy: 0
nptdxdy: 0
shape: 0
seed: 1208011
115.900384168653 -266.928968615387 0.000000000000 1.000000000000
143.195914797218 56.313894058755 0.866025403784 -0.500000000000
155.999690770968 -117.498878095815 0.866025403784 -0.500000000000
26.593176542130 325.489786843005 0.866025403784 0.500000000000
-93.880456995929 -234.483847252152 0.866025403784 0.500000000000
228.489054886014 -52.023470849306 0.000000000000 1.000000000000
130.424400150658 -162.656688945638 0.866025403784 -0.500000000000
175.364571594612 165.415637315663 0.866025403784 -0.500000000000
-123.293782022295 9.064799486246 0.866025403784 -0.500000000000
70.961045455386 227.805345786638 0.866025403784 -0.500000000000
-13.239363837215 67.531987696450 0.000000000000 1.000000000000
-63.015155024364 -92.445539887177 0.866025403784 -0.500000000000
-159.738781993869 -56.073002676455 0.866025403784 -0.500000000000
17.704754064144 143.523289625108 0.866025403784 0.500000000000
70.896549023390 -42.970730357612 0.866025403784 0.500000000000
5.676035537597 -200.439234832978 0.866025403784 -0.500000000000
-185.633989854161 -132.941191610924 0.866025403784 0.500000000000
125.566929522455 -1.003204238037 0.866025403784 0.500000000000
-5.176072043949 79.907938732846 0.866025403784 0.500000000000
-236.257318487753 -128.494153374869 0.000000000000 1.000000000000
