#Configurational_file created 2018-09-14 11:34:37  started 2018-09-14 11:34:37 run for 0.0s steps 0
name: p_1010
step: 10000
specie: 20
	particle_diameter: 1.0000000000000000
	interaction_length: 1.2000000000000000
	number_of_patches: 3
	number_of_particles_per_compound: 1
	rod_length: 1.0000000000000000
	interaction_matrix:  1.000000 1.000000 1.000000 1.000000 1.000000 1.000000 1.000000 1.000000 1.000000
	patch_type: symmetric
	patch_width: 8.0000000000000000
	patch_angle: 0.0000000000000000
	angles:  0.000000 0.000000 0.000000
	grand_canonical: 0
	chemical_potential: 0.0000000000000000
box: 9.992005 9.992005
copy: 1.000000 1.000000
epsilon: 0.3125370000000000
end_epsilon: 0.0000000000000000
pressure: 0.7500620000000000
lambda: 0.0000000000000000
lambda_coupling: 1.0000000000000000
uy: 0.0000000000000000
maximum_displacement: 1.0000000000000000
maximum_rotation: 1.0000000000000000
maximum_volume: 1.0000000000000000
maximum_shape: 0.0000001000000000
maximum_dsigma: 0.0100000000000000
mod: 10
pmod: 10
optimize: 1
verbose: 1
snapshot: 0
display: 1
explore: 1
npt: 1
nptxy: 0
nptdxdy: 0
shape: 0
seed: 1151161
147.561148740308 72.705513160530 0.866025403784 0.500000000000
-10.936024643601 -56.148552400882 0.866025403784 -0.500000000000
-27.305064164354 -50.034744877398 0.866025403784 0.500000000000
48.793537778304 27.118094245958 0.866025403784 0.500000000000
-68.070541564463 26.692377606720 0.000000000000 1.000000000000
47.983319010794 51.292504506109 0.866025403784 0.500000000000
23.571160540896 -4.885925132420 0.866025403784 -0.500000000000
10.559750334645 -84.868251395859 0.000000000000 1.000000000000
36.724171308634 81.184888515424 0.866025403784 -0.500000000000
146.902927380618 236.455397719137 0.866025403784 -0.500000000000
-24.229617603943 -189.859312597133 0.000000000000 1.000000000000
-48.930910260651 31.761434815703 0.866025403784 0.500000000000
85.744486472173 -103.721900557731 0.866025403784 -0.500000000000
96.871145985771 114.243720747538 0.000000000000 1.000000000000
-95.131260986666 -6.637765318717 0.866025403784 -0.500000000000
72.211001719644 -86.143496175959 0.866025403784 0.500000000000
40.644969015161 68.312651716114 0.866025403784 0.500000000000
25.667945277416 -1.751725603709 0.000000000000 1.000000000000
103.687068374273 -17.940801603540 0.866025403784 0.500000000000
-56.833321594151 98.309821195624 0.000000000000 1.000000000000
