#Configurational_file created 2018-09-14 13:58:28  started 2018-09-14 13:58:28 run for 0.0s steps 0
name: p_1063
step: 10000
specie: 20
	particle_diameter: 1.0000000000000000
	interaction_length: 1.2000000000000000
	number_of_patches: 3
	number_of_particles_per_compound: 1
	rod_length: 1.0000000000000000
	interaction_matrix:  1.000000 1.000000 1.000000 1.000000 1.000000 1.000000 1.000000 1.000000 1.000000
	patch_type: symmetric
	patch_width: 8.0000000000000000
	patch_angle: 0.0000000000000000
	angles:  0.000000 0.000000 0.000000
	grand_canonical: 0
	chemical_potential: 0.0000000000000000
box: 16.491289 16.491289
copy: 1.000000 1.000000
epsilon: 0.3448280000000000
end_epsilon: 0.0000000000000000
pressure: 0.2068970000000000
lambda: 0.0000000000000000
lambda_coupling: 1.0000000000000000
uy: 0.0000000000000000
maximum_displacement: 1.0000000000000000
maximum_rotation: 1.0000000000000000
maximum_volume: 1.0000000000000000
maximum_shape: 0.0000001000000000
maximum_dsigma: 0.0100000000000000
mod: 10
pmod: 10
optimize: 1
verbose: 1
snapshot: 0
display: 1
explore: 1
npt: 1
nptxy: 0
nptdxdy: 0
shape: 0
seed: 1211422
-85.789741330524 -123.371280603767 0.000000000000 1.000000000000
11.578486656962 95.166701689086 0.866025403784 -0.500000000000
-113.938928287542 95.715588391086 0.866025403784 0.500000000000
32.095145297565 278.304119572394 0.000000000000 1.000000000000
174.600042578380 -42.754363993960 0.866025403784 0.500000000000
55.894555644758 58.419198066919 0.866025403784 -0.500000000000
-94.774442741527 -150.298423331633 0.866025403784 0.500000000000
-47.461638517293 28.818839209899 0.866025403784 0.500000000000
3.258436457234 7.672693058708 0.000000000000 1.000000000000
-150.190736189014 107.326054682661 0.866025403784 -0.500000000000
73.073759657884 58.094121689373 0.000000000000 1.000000000000
175.310885445641 -61.246326720814 0.866025403784 -0.500000000000
41.139016837640 32.424817377948 0.000000000000 1.000000000000
-162.935838096941 -177.849598710510 0.866025403784 0.500000000000
-102.313440997581 -55.520277773939 0.866025403784 0.500000000000
-75.830670614467 14.199683014827 0.866025403784 -0.500000000000
36.785796935522 74.152286174147 0.866025403784 -0.500000000000
-70.652014056753 -57.274142020423 0.000000000000 1.000000000000
35.703033738988 37.776270188669 0.000000000000 1.000000000000
-85.400453165114 80.393411454050 0.866025403784 -0.500000000000
