#Configurational_file created 2018-09-14 12:03:04  started 2018-09-14 12:03:03 run for 1.0s steps 0
name: p_1084
step: 10000
specie: 20
	particle_diameter: 1.0000000000000000
	interaction_length: 1.2000000000000000
	number_of_patches: 3
	number_of_particles_per_compound: 1
	rod_length: 1.0000000000000000
	interaction_matrix:  1.000000 1.000000 1.000000 1.000000 1.000000 1.000000 1.000000 1.000000 1.000000
	patch_type: symmetric
	patch_width: 8.0000000000000000
	patch_angle: 0.0000000000000000
	angles:  0.000000 0.000000 0.000000
	grand_canonical: 0
	chemical_potential: 0.0000000000000000
box: 45.887898 45.887898
copy: 1.000000 1.000000
epsilon: 0.0375000000000000
end_epsilon: 0.0000000000000000
pressure: 0.0333340000000000
lambda: 0.0000000000000000
lambda_coupling: 1.0000000000000000
uy: 0.0000000000000000
maximum_displacement: 1.0000000000000000
maximum_rotation: 1.0000000000000000
maximum_volume: 1.0000000000000000
maximum_shape: 0.0000001000000000
maximum_dsigma: 0.0100000000000000
mod: 10
pmod: 10
optimize: 1
verbose: 1
snapshot: 0
display: 1
explore: 1
npt: 1
nptxy: 0
nptdxdy: 0
shape: 0
seed: 1235299
-85.935558658450 -233.306752581483 0.000000000000 1.000000000000
91.300862239470 -307.519756703235 0.866025403784 -0.500000000000
73.388963133883 122.741491390237 0.866025403784 0.500000000000
100.484971339848 67.895840157842 0.866025403784 0.500000000000
-144.202143356585 168.071050712460 0.866025403784 -0.500000000000
59.945105333391 123.428713081626 0.866025403784 0.500000000000
217.930449294177 -37.439897514192 0.866025403784 -0.500000000000
-203.642160338038 127.881177171764 0.866025403784 -0.500000000000
223.164468107487 439.406777544520 0.866025403784 -0.500000000000
188.162094915426 13.081775090784 0.866025403784 -0.500000000000
227.139272962589 -37.071443269233 0.866025403784 0.500000000000
-5.130300794890 82.970860021535 0.000000000000 1.000000000000
-59.039874687610 118.936493404346 0.866025403784 0.500000000000
-162.409079284428 176.365141288319 0.000000000000 1.000000000000
83.086520922384 -53.845583986584 0.000000000000 1.000000000000
244.455862348416 60.297776489913 0.866025403784 -0.500000000000
11.590339699967 -108.574507331869 0.866025403784 0.500000000000
-208.854134089472 -21.611460930472 0.866025403784 -0.500000000000
61.135112223651 -201.246401356312 0.000000000000 1.000000000000
-51.802544668681 13.481405045328 0.000000000000 1.000000000000
