#Configurational_file created 2018-09-14 12:02:27  started 2018-09-14 12:02:26 run for 1.0s steps 0
name: p_1033
step: 10000
specie: 20
	particle_diameter: 1.0000000000000000
	interaction_length: 1.2000000000000000
	number_of_patches: 3
	number_of_particles_per_compound: 1
	rod_length: 1.0000000000000000
	interaction_matrix:  1.000000 1.000000 1.000000 1.000000 1.000000 1.000000 1.000000 1.000000 1.000000
	patch_type: symmetric
	patch_width: 8.0000000000000000
	patch_angle: 0.0000000000000000
	angles:  0.000000 0.000000 0.000000
	grand_canonical: 0
	chemical_potential: 0.0000000000000000
box: 54.457525 54.457525
copy: 1.000000 1.000000
epsilon: 0.0333340000000000
end_epsilon: 0.0000000000000000
pressure: 0.0291670000000000
lambda: 0.0000000000000000
lambda_coupling: 1.0000000000000000
uy: 0.0000000000000000
maximum_displacement: 1.0000000000000000
maximum_rotation: 1.0000000000000000
maximum_volume: 1.0000000000000000
maximum_shape: 0.0000001000000000
maximum_dsigma: 0.0100000000000000
mod: 10
pmod: 10
optimize: 1
verbose: 1
snapshot: 0
display: 1
explore: 1
npt: 1
nptxy: 0
nptdxdy: 0
shape: 0
seed: 1177312
-32.883642504053 -65.181378943407 0.866025403784 -0.500000000000
494.526942535807 -183.551575756453 0.000000000000 1.000000000000
109.008886680168 -146.865254133640 0.866025403784 0.500000000000
87.096065256671 66.086897317941 0.000000000000 1.000000000000
17.257330953006 104.087566354923 0.866025403784 0.500000000000
-44.825895993643 187.595825518162 0.866025403784 0.500000000000
5.845578280989 -145.229158203845 0.000000000000 1.000000000000
245.723736498999 66.378990719489 0.000000000000 1.000000000000
68.527277373482 -196.550219974044 0.866025403784 -0.500000000000
-124.118609017305 275.344460823299 0.866025403784 0.500000000000
-4.988297872944 -47.231219711807 0.866025403784 0.500000000000
-197.739940833013 86.304678194522 0.866025403784 -0.500000000000
73.092646644975 11.325734737832 0.000000000000 1.000000000000
168.314209666629 -362.724422023094 0.866025403784 0.500000000000
-288.165560285652 332.464932101385 0.000000000000 1.000000000000
-71.583889126628 -261.961897477566 0.866025403784 0.500000000000
92.654878486583 70.096910652377 0.866025403784 0.500000000000
-22.889099800953 23.273316548009 0.866025403784 0.500000000000
-292.711857709083 -166.730013600327 0.866025403784 -0.500000000000
-123.745178383997 80.638976535489 0.000000000000 1.000000000000
