#Configurational_file created 2018-09-14 13:58:36  started 2018-09-14 13:58:35 run for 1.0s steps 0
name: p_1074
step: 10000
specie: 20
	particle_diameter: 1.0000000000000000
	interaction_length: 1.2000000000000000
	number_of_patches: 3
	number_of_particles_per_compound: 1
	rod_length: 1.0000000000000000
	interaction_matrix:  1.000000 1.000000 1.000000 1.000000 1.000000 1.000000 1.000000 1.000000 1.000000
	patch_type: symmetric
	patch_width: 8.0000000000000000
	patch_angle: 0.0000000000000000
	angles:  0.000000 0.000000 0.000000
	grand_canonical: 0
	chemical_potential: 0.0000000000000000
box: 13.196679 13.196679
copy: 1.000000 1.000000
epsilon: 0.3448280000000000
end_epsilon: 0.0000000000000000
pressure: 0.3965520000000000
lambda: 0.0000000000000000
lambda_coupling: 1.0000000000000000
uy: 0.0000000000000000
maximum_displacement: 1.0000000000000000
maximum_rotation: 1.0000000000000000
maximum_volume: 1.0000000000000000
maximum_shape: 0.0000001000000000
maximum_dsigma: 0.0100000000000000
mod: 10
pmod: 10
optimize: 1
verbose: 1
snapshot: 0
display: 1
explore: 1
npt: 1
nptxy: 0
nptdxdy: 0
shape: 0
seed: 1223929
0.771602961303 55.641150703866 0.866025403784 0.500000000000
92.959620069154 85.234658164053 0.866025403784 0.500000000000
-3.060235466529 86.533892766453 0.866025403784 0.500000000000
12.621578081043 103.774504083272 0.866025403784 -0.500000000000
-191.311520735565 38.262028204342 0.000000000000 1.000000000000
43.551881186991 -15.223047162792 0.866025403784 0.500000000000
101.439200194321 -69.183564294679 0.000000000000 1.000000000000
-129.092018655836 1.354470384010 0.866025403784 -0.500000000000
128.625434194240 -24.703144075398 0.866025403784 -0.500000000000
23.456232087014 30.662356502560 0.000000000000 1.000000000000
113.140544936172 80.088571899120 0.000000000000 1.000000000000
-60.093871509999 -178.849512407579 0.000000000000 1.000000000000
-4.482526808860 43.320244927290 0.866025403784 -0.500000000000
28.507679518189 24.501190627531 0.866025403784 0.500000000000
114.245377461130 65.204027456787 0.000000000000 1.000000000000
-146.703404806244 -81.336535651440 0.866025403784 0.500000000000
-52.659021231750 -78.960424565930 0.866025403784 -0.500000000000
-49.654118661439 5.022220796194 0.866025403784 0.500000000000
131.820529998080 99.712186863925 0.866025403784 -0.500000000000
151.305883712868 41.842648362091 0.000000000000 1.000000000000
