#Configurational_file created 2018-09-14 11:35:01  started 2018-09-14 11:35:00 run for 1.0s steps 0
name: p_1038
step: 10000
specie: 20
	particle_diameter: 1.0000000000000000
	interaction_length: 1.2000000000000000
	number_of_patches: 3
	number_of_particles_per_compound: 1
	rod_length: 1.0000000000000000
	interaction_matrix:  1.000000 1.000000 1.000000 1.000000 1.000000 1.000000 1.000000 1.000000 1.000000
	patch_type: symmetric
	patch_width: 8.0000000000000000
	patch_angle: 0.0000000000000000
	angles:  0.000000 0.000000 0.000000
	grand_canonical: 0
	chemical_potential: 0.0000000000000000
box: 8.963953 8.963953
copy: 1.000000 1.000000
epsilon: 0.3333670000000000
end_epsilon: 0.0000000000000000
pressure: 1.0000500000000001
lambda: 0.0000000000000000
lambda_coupling: 1.0000000000000000
uy: 0.0000000000000000
maximum_displacement: 1.0000000000000000
maximum_rotation: 1.0000000000000000
maximum_volume: 1.0000000000000000
maximum_shape: 0.0000001000000000
maximum_dsigma: 0.0100000000000000
mod: 10
pmod: 10
optimize: 1
verbose: 1
snapshot: 0
display: 1
explore: 1
npt: 1
nptxy: 0
nptdxdy: 0
shape: 0
seed: 1182997
0.935929601367 88.563948530340 0.866025403784 0.500000000000
99.216052502449 58.322319100068 0.000000000000 1.000000000000
74.624139929500 177.687734757063 0.866025403784 -0.500000000000
97.464527237315 33.927103343869 0.866025403784 0.500000000000
-79.903627626277 -20.703308508468 0.866025403784 0.500000000000
-53.948347855730 43.609340337811 0.866025403784 -0.500000000000
27.684799064232 46.402017902873 0.866025403784 -0.500000000000
11.778727126323 -14.124713383148 0.000000000000 1.000000000000
7.342145748893 93.617892897989 0.866025403784 -0.500000000000
33.221792468208 32.931030367372 0.000000000000 1.000000000000
4.156326419911 -125.096588322004 0.866025403784 -0.500000000000
21.628835396053 8.458760622262 0.000000000000 1.000000000000
64.968413615860 54.589525110568 0.866025403784 0.500000000000
62.934025175674 101.984610655732 0.000000000000 1.000000000000
34.404256147933 -34.691673010533 0.000000000000 1.000000000000
-6.821275752118 77.806741294120 0.866025403784 -0.500000000000
-85.682478223498 -149.591514948705 0.866025403784 0.500000000000
112.198866168923 -50.289845229288 0.000000000000 1.000000000000
-118.667495871428 -91.287167044029 0.866025403784 -0.500000000000
67.991409700129 -58.454731489125 0.000000000000 1.000000000000
