#Configurational_file created 2018-09-14 12:02:53  started 2018-09-14 12:02:52 run for 1.0s steps 0
name: p_1069
step: 10000
specie: 20
	particle_diameter: 1.0000000000000000
	interaction_length: 1.2000000000000000
	number_of_patches: 3
	number_of_particles_per_compound: 1
	rod_length: 1.0000000000000000
	interaction_matrix:  1.000000 1.000000 1.000000 1.000000 1.000000 1.000000 1.000000 1.000000 1.000000
	patch_type: symmetric
	patch_width: 8.0000000000000000
	patch_angle: 0.0000000000000000
	angles:  0.000000 0.000000 0.000000
	grand_canonical: 0
	chemical_potential: 0.0000000000000000
box: 44.464651 44.464651
copy: 1.000000 1.000000
epsilon: 0.0354170000000000
end_epsilon: 0.0000000000000000
pressure: 0.0750000000000000
lambda: 0.0000000000000000
lambda_coupling: 1.0000000000000000
uy: 0.0000000000000000
maximum_displacement: 1.0000000000000000
maximum_rotation: 1.0000000000000000
maximum_volume: 1.0000000000000000
maximum_shape: 0.0000001000000000
maximum_dsigma: 0.0100000000000000
mod: 10
pmod: 10
optimize: 1
verbose: 1
snapshot: 0
display: 1
explore: 1
npt: 1
nptxy: 0
nptdxdy: 0
shape: 0
seed: 1218244
193.028231128111 211.637099830399 0.000000000000 1.000000000000
-38.596262467560 -32.239697956885 0.866025403784 -0.500000000000
-145.271366093568 226.499084928144 0.000000000000 1.000000000000
86.037059574759 64.206344115990 0.866025403784 -0.500000000000
-111.691988252931 365.786702230446 0.000000000000 1.000000000000
262.566673929951 -217.712282969925 0.866025403784 0.500000000000
197.150511600685 -35.172961317711 0.866025403784 -0.500000000000
275.415910870944 201.480590718532 0.000000000000 1.000000000000
112.821908752584 198.951998865420 0.866025403784 0.500000000000
-222.700179385584 73.113876517136 0.866025403784 0.500000000000
-127.996828942230 -93.077186544349 0.866025403784 -0.500000000000
-158.683067222931 167.290288418904 0.866025403784 0.500000000000
-64.649126531162 -1.228516496771 0.000000000000 1.000000000000
31.052983936926 106.478907760359 0.000000000000 1.000000000000
249.134228902543 67.890646991804 0.866025403784 0.500000000000
-252.115596209735 -22.637807583168 0.000000000000 1.000000000000
-126.434280455684 15.776281672015 0.866025403784 -0.500000000000
149.803802151186 -267.895511446037 0.000000000000 1.000000000000
-124.096814809638 -165.377213913587 0.000000000000 1.000000000000
112.722489358015 409.852194582364 0.866025403784 -0.500000000000
