#Configurational_file created 2018-09-14 13:57:47  started 2018-09-14 13:57:46 run for 1.0s steps 0
name: p_1002
step: 10000
specie: 20
	particle_diameter: 1.0000000000000000
	interaction_length: 1.2000000000000000
	number_of_patches: 3
	number_of_particles_per_compound: 1
	rod_length: 1.0000000000000000
	interaction_matrix:  1.000000 1.000000 1.000000 1.000000 1.000000 1.000000 1.000000 1.000000 1.000000
	patch_type: symmetric
	patch_width: 8.0000000000000000
	patch_angle: 0.0000000000000000
	angles:  0.000000 0.000000 0.000000
	grand_canonical: 0
	chemical_potential: 0.0000000000000000
box: 23.636100 23.636100
copy: 1.000000 1.000000
epsilon: 0.2068970000000000
end_epsilon: 0.0000000000000000
pressure: 0.1896560000000000
lambda: 0.0000000000000000
lambda_coupling: 1.0000000000000000
uy: 0.0000000000000000
maximum_displacement: 1.0000000000000000
maximum_rotation: 1.0000000000000000
maximum_volume: 1.0000000000000000
maximum_shape: 0.0000001000000000
maximum_dsigma: 0.0100000000000000
mod: 10
pmod: 10
optimize: 1
verbose: 1
snapshot: 0
display: 1
explore: 1
npt: 1
nptxy: 0
nptdxdy: 0
shape: 0
seed: 1142065
16.356863461900 60.165941126727 0.866025403784 0.500000000000
-144.692154727104 99.549899460252 0.866025403784 0.500000000000
-190.558390105884 75.207932854572 0.000000000000 1.000000000000
117.645355926803 -77.363647167555 0.000000000000 1.000000000000
212.678474449712 -233.146018304457 0.866025403784 0.500000000000
-20.922777979199 122.535822075276 0.866025403784 0.500000000000
159.156520896944 -70.201334531934 0.000000000000 1.000000000000
203.580890014275 -115.884936142467 0.866025403784 -0.500000000000
88.519159434973 -69.018390508749 0.866025403784 0.500000000000
57.474030460135 42.216352518968 0.000000000000 1.000000000000
8.292988753486 176.299199920259 0.866025403784 0.500000000000
32.952108722793 -49.225831193224 0.866025403784 -0.500000000000
54.807136040113 14.093185705524 0.000000000000 1.000000000000
49.470713420535 -105.133459638962 0.866025403784 -0.500000000000
-29.611787565255 -100.468338456164 0.866025403784 0.500000000000
61.492598052140 39.143490023552 0.000000000000 1.000000000000
201.897004909414 -49.175695312635 0.866025403784 -0.500000000000
-70.742047138513 -23.991599363365 0.866025403784 -0.500000000000
-34.881271093266 -23.754817425756 0.866025403784 0.500000000000
-225.160404215762 78.180278128513 0.866025403784 -0.500000000000
