#Configurational_file created 2018-09-14 11:34:56  started 2018-09-14 11:34:55 run for 1.0s steps 0
name: p_1032
step: 10000
specie: 20
	particle_diameter: 1.0000000000000000
	interaction_length: 1.2000000000000000
	number_of_patches: 3
	number_of_particles_per_compound: 1
	rod_length: 1.0000000000000000
	interaction_matrix:  1.000000 1.000000 1.000000 1.000000 1.000000 1.000000 1.000000 1.000000 1.000000
	patch_type: symmetric
	patch_width: 8.0000000000000000
	patch_angle: 0.0000000000000000
	angles:  0.000000 0.000000 0.000000
	grand_canonical: 0
	chemical_potential: 0.0000000000000000
box: 11.221957 11.221957
copy: 1.000000 1.000000
epsilon: 0.3333670000000000
end_epsilon: 0.0000000000000000
pressure: 0.5000750000000000
lambda: 0.0000000000000000
lambda_coupling: 1.0000000000000000
uy: 0.0000000000000000
maximum_displacement: 1.0000000000000000
maximum_rotation: 1.0000000000000000
maximum_volume: 1.0000000000000000
maximum_shape: 0.0000001000000000
maximum_dsigma: 0.0100000000000000
mod: 10
pmod: 10
optimize: 1
verbose: 1
snapshot: 0
display: 1
explore: 1
npt: 1
nptxy: 0
nptdxdy: 0
shape: 0
seed: 1176175
-28.964547201515 -56.669799625680 0.000000000000 1.000000000000
-32.436459309221 79.554136465386 0.000000000000 1.000000000000
63.796118550525 104.812246649596 0.866025403784 0.500000000000
98.618896239448 66.864685795437 0.000000000000 1.000000000000
-6.766663719564 52.575368777913 0.866025403784 0.500000000000
-79.530664782880 5.528536141267 0.000000000000 1.000000000000
-19.336217152160 63.149143816522 0.866025403784 0.500000000000
89.399652629393 102.598078376127 0.866025403784 -0.500000000000
54.006321264051 -39.425216586592 0.000000000000 1.000000000000
-72.206011965593 -7.382620392853 0.866025403784 -0.500000000000
-115.678887472985 -45.425605894063 0.866025403784 0.500000000000
-88.452364715425 2.545567555512 0.866025403784 0.500000000000
46.671644881793 -127.245503896279 0.866025403784 -0.500000000000
-8.629815531058 69.722524461815 0.866025403784 -0.500000000000
18.377681984272 135.758116400986 0.000000000000 1.000000000000
48.748402415349 -78.297488462739 0.866025403784 0.500000000000
-66.794288263335 -99.670598530793 0.866025403784 0.500000000000
56.537714970706 -26.059205858711 0.866025403784 -0.500000000000
-84.694637790992 -16.260646411809 0.866025403784 0.500000000000
-0.682351196640 152.705342275531 0.866025403784 0.500000000000
