#Configurational_file created 2018-09-14 11:35:49  started 2018-09-14 11:35:49 run for 0.0s steps 0
name: p_1095
step: 10000
specie: 20
	particle_diameter: 1.0000000000000000
	interaction_length: 1.2000000000000000
	number_of_patches: 3
	number_of_particles_per_compound: 1
	rod_length: 1.0000000000000000
	interaction_matrix:  1.000000 1.000000 1.000000 1.000000 1.000000 1.000000 1.000000 1.000000 1.000000
	patch_type: symmetric
	patch_width: 8.0000000000000000
	patch_angle: 0.0000000000000000
	angles:  0.000000 0.000000 0.000000
	grand_canonical: 0
	chemical_potential: 0.0000000000000000
box: 7.510060 7.510060
copy: 1.000000 1.000000
epsilon: 0.3750250000000000
end_epsilon: 0.0000000000000000
pressure: 1.5833539999999999
lambda: 0.0000000000000000
lambda_coupling: 1.0000000000000000
uy: 0.0000000000000000
maximum_displacement: 1.0000000000000000
maximum_rotation: 1.0000000000000000
maximum_volume: 0.5987077342744090
maximum_shape: 0.0000001000000000
maximum_dsigma: 0.0100000000000000
mod: 10
pmod: 10
optimize: 1
verbose: 1
snapshot: 0
display: 1
explore: 1
npt: 1
nptxy: 0
nptdxdy: 0
shape: 0
seed: 1247806
85.188264908928 15.578192217163 0.866025403784 -0.500000000000
-61.037732070063 87.987841382489 0.000000000000 1.000000000000
60.844764866116 37.378731556000 0.866025403784 -0.500000000000
-82.979699450125 37.733249395609 0.866025403784 -0.500000000000
-35.450448695803 -17.775600438419 0.000000000000 1.000000000000
-47.309641465566 77.815999265386 0.866025403784 -0.500000000000
-23.322323095228 109.477777555562 0.000000000000 1.000000000000
45.437036514351 -102.867374576896 0.866025403784 -0.500000000000
-6.017680788976 24.698908737320 0.866025403784 -0.500000000000
-97.555940045346 -46.305175542822 0.866025403784 0.500000000000
-32.960071274741 87.344713238555 0.000000000000 1.000000000000
-36.917278946569 138.638611575061 0.866025403784 -0.500000000000
104.523630313680 67.181296450843 0.866025403784 0.500000000000
18.617038431160 -175.791777464509 0.866025403784 -0.500000000000
33.159959539094 -16.409772535717 0.866025403784 -0.500000000000
-26.140825634917 -37.917141896573 0.866025403784 -0.500000000000
-91.521934899726 15.172823570659 0.866025403784 -0.500000000000
-141.872365662149 -37.881407291747 0.000000000000 1.000000000000
88.605087245824 20.838610082306 0.866025403784 0.500000000000
83.083549228501 -43.424143030439 0.866025403784 0.500000000000
