#Configurational_file created 2018-09-14 11:35:18  started 2018-09-14 11:35:17 run for 1.0s steps 0
name: p_1058
step: 10000
specie: 20
	particle_diameter: 1.0000000000000000
	interaction_length: 1.2000000000000000
	number_of_patches: 3
	number_of_particles_per_compound: 1
	rod_length: 1.0000000000000000
	interaction_matrix:  1.000000 1.000000 1.000000 1.000000 1.000000 1.000000 1.000000 1.000000 1.000000
	patch_type: symmetric
	patch_width: 8.0000000000000000
	patch_angle: 0.0000000000000000
	angles:  0.000000 0.000000 0.000000
	grand_canonical: 0
	chemical_potential: 0.0000000000000000
box: 11.384119 11.384119
copy: 1.000000 1.000000
epsilon: 0.3541960000000000
end_epsilon: 0.0000000000000000
pressure: 0.5834040000000000
lambda: 0.0000000000000000
lambda_coupling: 1.0000000000000000
uy: 0.0000000000000000
maximum_displacement: 1.0000000000000000
maximum_rotation: 1.0000000000000000
maximum_volume: 1.0000000000000000
maximum_shape: 0.0000001000000000
maximum_dsigma: 0.0100000000000000
mod: 10
pmod: 10
optimize: 1
verbose: 1
snapshot: 0
display: 1
explore: 1
npt: 1
nptxy: 0
nptdxdy: 0
shape: 0
seed: 1205737
100.420777314535 32.341879570554 0.000000000000 1.000000000000
1.633362847698 -75.501302088822 0.866025403784 -0.500000000000
-87.766041560963 140.363406647582 0.866025403784 -0.500000000000
44.050141624844 -123.995911867484 0.000000000000 1.000000000000
60.623548307362 55.753634909885 0.000000000000 1.000000000000
5.238035557446 111.690046234394 0.866025403784 0.500000000000
-45.649610074422 -28.475700407059 0.000000000000 1.000000000000
-85.740230894497 74.913204836706 0.000000000000 1.000000000000
13.207909264192 -179.896869362980 0.866025403784 -0.500000000000
-155.906685005750 -62.616285629615 0.866025403784 -0.500000000000
92.605667149957 -55.930073549825 0.866025403784 0.500000000000
-9.351882427271 32.515985387945 0.866025403784 0.500000000000
4.267587689187 12.976764364377 0.866025403784 0.500000000000
27.418145862896 26.345297707389 0.866025403784 0.500000000000
-75.564035632112 109.639325000705 0.000000000000 1.000000000000
115.204782784847 -266.392936605721 0.000000000000 1.000000000000
-90.436765372196 44.324874419791 0.866025403784 -0.500000000000
30.754191366509 -41.335288088699 0.000000000000 1.000000000000
97.817292153511 -31.789529528680 0.000000000000 1.000000000000
91.179474661139 24.350213372337 0.866025403784 -0.500000000000
