#Configurational_file created 2018-09-14 12:02:03  started 2018-09-14 12:02:02 run for 1.0s steps 0
name: p_1000
step: 10000
specie: 20
	particle_diameter: 1.0000000000000000
	interaction_length: 1.2000000000000000
	number_of_patches: 3
	number_of_particles_per_compound: 1
	rod_length: 1.0000000000000000
	interaction_matrix:  1.000000 1.000000 1.000000 1.000000 1.000000 1.000000 1.000000 1.000000 1.000000
	patch_type: symmetric
	patch_width: 8.0000000000000000
	patch_angle: 0.0000000000000000
	angles:  0.000000 0.000000 0.000000
	grand_canonical: 0
	chemical_potential: 0.0000000000000000
box: 42.519023 42.519023
copy: 1.000000 1.000000
epsilon: 0.0291670000000000
end_epsilon: 0.0000000000000000
pressure: 0.1000000000000000
lambda: 0.0000000000000000
lambda_coupling: 1.0000000000000000
uy: 0.0000000000000000
maximum_displacement: 1.0000000000000000
maximum_rotation: 1.0000000000000000
maximum_volume: 1.0000000000000000
maximum_shape: 0.0000001000000000
maximum_dsigma: 0.0100000000000000
mod: 10
pmod: 10
optimize: 1
verbose: 1
snapshot: 0
display: 1
explore: 1
npt: 1
nptxy: 0
nptdxdy: 0
shape: 0
seed: 1139791
-22.701878345830 165.680889369226 0.000000000000 1.000000000000
65.145729771786 57.239913497208 0.000000000000 1.000000000000
-112.972602225640 -88.418673955789 0.866025403784 -0.500000000000
106.884563169664 310.667533670520 0.000000000000 1.000000000000
-2.853243376455 132.772739238929 0.866025403784 -0.500000000000
-110.600632111601 -151.172595987300 0.866025403784 -0.500000000000
394.886611200941 295.420274619579 0.866025403784 0.500000000000
-52.087219952219 -39.932036222741 0.000000000000 1.000000000000
-65.717129795882 64.957045459067 0.866025403784 0.500000000000
229.134163237240 115.513404860209 0.000000000000 1.000000000000
109.869057060734 138.034240131585 0.866025403784 0.500000000000
-186.823024426463 244.187662199495 0.000000000000 1.000000000000
165.426685826926 -73.077573386195 0.866025403784 0.500000000000
-141.184975374473 2.875225872480 0.000000000000 1.000000000000
-50.717855237203 82.885856459603 0.000000000000 1.000000000000
-49.257284019185 -37.337345755731 0.866025403784 0.500000000000
-39.407489958952 347.274913879987 0.000000000000 1.000000000000
13.795085650013 -60.786286241699 0.866025403784 -0.500000000000
98.397865976924 -38.280628427968 0.866025403784 -0.500000000000
-83.970298580869 -194.278663129330 0.866025403784 -0.500000000000
