#Configurational_file created 2018-09-14 12:02:57  started 2018-09-14 12:02:56 run for 1.0s steps 0
name: p_1074
step: 10000
specie: 20
	particle_diameter: 1.0000000000000000
	interaction_length: 1.2000000000000000
	number_of_patches: 3
	number_of_particles_per_compound: 1
	rod_length: 1.0000000000000000
	interaction_matrix:  1.000000 1.000000 1.000000 1.000000 1.000000 1.000000 1.000000 1.000000 1.000000
	patch_type: symmetric
	patch_width: 8.0000000000000000
	patch_angle: 0.0000000000000000
	angles:  0.000000 0.000000 0.000000
	grand_canonical: 0
	chemical_potential: 0.0000000000000000
box: 48.282200 48.282200
copy: 1.000000 1.000000
epsilon: 0.0354170000000000
end_epsilon: 0.0000000000000000
pressure: 0.0958330000000000
lambda: 0.0000000000000000
lambda_coupling: 1.0000000000000000
uy: 0.0000000000000000
maximum_displacement: 1.0000000000000000
maximum_rotation: 1.0000000000000000
maximum_volume: 1.0000000000000000
maximum_shape: 0.0000001000000000
maximum_dsigma: 0.0100000000000000
mod: 10
pmod: 10
optimize: 1
verbose: 1
snapshot: 0
display: 1
explore: 1
npt: 1
nptxy: 0
nptdxdy: 0
shape: 0
seed: 1223929
28.477359908786 49.898092666804 0.000000000000 1.000000000000
64.802969504199 -224.637439608724 0.866025403784 0.500000000000
91.151171320416 -155.690952508554 0.866025403784 -0.500000000000
115.893616445402 -191.188117737980 0.866025403784 -0.500000000000
-25.908947743946 -159.506534411332 0.866025403784 0.500000000000
-360.113645274864 8.521465436779 0.866025403784 0.500000000000
-130.928781946021 -241.975659818340 0.866025403784 0.500000000000
-120.834981564029 -110.712450747112 0.866025403784 -0.500000000000
327.272380567495 342.093189369832 0.866025403784 0.500000000000
-2.064951333147 35.265346604754 0.000000000000 1.000000000000
142.468070961511 219.237290054361 0.866025403784 -0.500000000000
503.985894320891 -224.963312769875 0.866025403784 -0.500000000000
-120.702319620393 48.492409113898 0.866025403784 -0.500000000000
340.364871327156 -18.708121418203 0.000000000000 1.000000000000
131.065996352377 -191.575966775696 0.866025403784 0.500000000000
44.385006392444 -125.274800807072 0.866025403784 -0.500000000000
-204.913581721032 -94.100083089187 0.000000000000 1.000000000000
-128.426276363484 34.141368266578 0.866025403784 0.500000000000
-132.861259804952 -60.545483748039 0.866025403784 -0.500000000000
193.284290640977 130.767226074145 0.866025403784 -0.500000000000
