#Configurational_file created 2018-09-14 12:02:09  started 2018-09-14 12:02:08 run for 1.0s steps 0
name: p_1009
step: 10000
specie: 20
	particle_diameter: 1.0000000000000000
	interaction_length: 1.2000000000000000
	number_of_patches: 3
	number_of_particles_per_compound: 1
	rod_length: 1.0000000000000000
	interaction_matrix:  1.000000 1.000000 1.000000 1.000000 1.000000 1.000000 1.000000 1.000000 1.000000
	patch_type: symmetric
	patch_width: 8.0000000000000000
	patch_angle: 0.0000000000000000
	angles:  0.000000 0.000000 0.000000
	grand_canonical: 0
	chemical_potential: 0.0000000000000000
box: 43.697740 43.697740
copy: 1.000000 1.000000
epsilon: 0.0312500000000000
end_epsilon: 0.0000000000000000
pressure: 0.0333340000000000
lambda: 0.0000000000000000
lambda_coupling: 1.0000000000000000
uy: 0.0000000000000000
maximum_displacement: 1.0000000000000000
maximum_rotation: 1.0000000000000000
maximum_volume: 1.0000000000000000
maximum_shape: 0.0000001000000000
maximum_dsigma: 0.0100000000000000
mod: 10
pmod: 10
optimize: 1
verbose: 1
snapshot: 0
display: 1
explore: 1
npt: 1
nptxy: 0
nptdxdy: 0
shape: 0
seed: 1150024
105.851291618512 -7.309244286862 0.000000000000 1.000000000000
30.107533547020 435.584900782007 0.000000000000 1.000000000000
135.175599454859 141.155393372707 0.866025403784 -0.500000000000
-34.068922342606 224.208534646645 0.866025403784 0.500000000000
126.269646471387 -490.231587765627 0.866025403784 0.500000000000
223.233157582900 -237.432883105897 0.866025403784 -0.500000000000
-57.091315631732 -71.733284954295 0.866025403784 -0.500000000000
-127.197086255288 -98.446404929058 0.866025403784 -0.500000000000
130.052432184893 73.672048331280 0.000000000000 1.000000000000
325.847551900114 -187.930123737563 0.866025403784 -0.500000000000
215.693376581349 36.339070262919 0.866025403784 0.500000000000
-192.148580832252 -289.282295092823 0.866025403784 -0.500000000000
-136.937687720228 285.865579426627 0.866025403784 0.500000000000
198.332076299277 318.346923611188 0.866025403784 -0.500000000000
-74.773700682475 -11.229487166353 0.866025403784 0.500000000000
21.281315003594 218.217340437466 0.866025403784 -0.500000000000
272.443548320407 221.919074150199 0.000000000000 1.000000000000
-68.418316640783 152.444949593613 0.000000000000 1.000000000000
-165.305732866057 -55.461988089195 0.866025403784 0.500000000000
89.591274234914 8.814828183199 0.000000000000 1.000000000000
