#Configurational_file created 2018-09-14 13:58:39  started 2018-09-14 13:58:38 run for 1.0s steps 0
name: p_1078
step: 10000
specie: 20
	particle_diameter: 1.0000000000000000
	interaction_length: 1.2000000000000000
	number_of_patches: 3
	number_of_particles_per_compound: 1
	rod_length: 1.0000000000000000
	interaction_matrix:  1.000000 1.000000 1.000000 1.000000 1.000000 1.000000 1.000000 1.000000 1.000000
	patch_type: symmetric
	patch_width: 8.0000000000000000
	patch_angle: 0.0000000000000000
	angles:  0.000000 0.000000 0.000000
	grand_canonical: 0
	chemical_potential: 0.0000000000000000
box: 12.028744 12.028744
copy: 1.000000 1.000000
epsilon: 0.3448280000000000
end_epsilon: 0.0000000000000000
pressure: 0.4655170000000000
lambda: 0.0000000000000000
lambda_coupling: 1.0000000000000000
uy: 0.0000000000000000
maximum_displacement: 1.0000000000000000
maximum_rotation: 1.0000000000000000
maximum_volume: 1.0000000000000000
maximum_shape: 0.0000001000000000
maximum_dsigma: 0.0100000000000000
mod: 10
pmod: 10
optimize: 1
verbose: 1
snapshot: 0
display: 1
explore: 1
npt: 1
nptxy: 0
nptdxdy: 0
shape: 0
seed: 1228477
-81.754134715441 -53.238770997584 0.000000000000 1.000000000000
92.630779846638 33.688783806830 0.866025403784 -0.500000000000
80.303401241127 -276.522297275529 0.000000000000 1.000000000000
5.584808996242 49.168025166927 0.866025403784 0.500000000000
-85.111942870883 64.530733550235 0.866025403784 0.500000000000
37.995639011014 105.726201954709 0.000000000000 1.000000000000
137.547778368479 -15.030245198611 0.866025403784 0.500000000000
-14.578271042478 -227.980425603933 0.866025403784 -0.500000000000
-50.415662235527 -50.024437803053 0.000000000000 1.000000000000
-27.296603286416 44.752323028408 0.866025403784 0.500000000000
-163.737730938818 -150.334290813442 0.866025403784 0.500000000000
-70.942361586066 -15.070944728579 0.866025403784 0.500000000000
201.116357251235 88.702503286077 0.866025403784 0.500000000000
37.315640776227 108.974454271992 0.866025403784 -0.500000000000
-2.640745080064 -92.381743174690 0.000000000000 1.000000000000
109.477477719611 -93.081261521014 0.866025403784 -0.500000000000
-62.453576375488 7.086892373145 0.866025403784 0.500000000000
-103.784920302970 -45.552120547616 0.866025403784 -0.500000000000
-29.593913805745 -37.721815196363 0.866025403784 0.500000000000
61.993587587757 -60.430426596993 0.866025403784 -0.500000000000
