#Configurational_file created 2018-09-14 12:03:13  started 2018-09-14 12:03:12 run for 1.0s steps 0
name: p_1096
step: 10000
specie: 20
	particle_diameter: 1.0000000000000000
	interaction_length: 1.2000000000000000
	number_of_patches: 3
	number_of_particles_per_compound: 1
	rod_length: 1.0000000000000000
	interaction_matrix:  1.000000 1.000000 1.000000 1.000000 1.000000 1.000000 1.000000 1.000000 1.000000
	patch_type: symmetric
	patch_width: 8.0000000000000000
	patch_angle: 0.0000000000000000
	angles:  0.000000 0.000000 0.000000
	grand_canonical: 0
	chemical_potential: 0.0000000000000000
box: 47.002167 47.002167
copy: 1.000000 1.000000
epsilon: 0.0375000000000000
end_epsilon: 0.0000000000000000
pressure: 0.0833340000000000
lambda: 0.0000000000000000
lambda_coupling: 1.0000000000000000
uy: 0.0000000000000000
maximum_displacement: 1.0000000000000000
maximum_rotation: 1.0000000000000000
maximum_volume: 1.0000000000000000
maximum_shape: 0.0000001000000000
maximum_dsigma: 0.0100000000000000
mod: 10
pmod: 10
optimize: 1
verbose: 1
snapshot: 0
display: 1
explore: 1
npt: 1
nptxy: 0
nptdxdy: 0
shape: 0
seed: 1248943
-93.079871744101 694.545409998623 0.000000000000 1.000000000000
-277.059777600486 -60.875721072782 0.866025403784 0.500000000000
190.216175839003 162.258462571519 0.000000000000 1.000000000000
77.967177612211 56.418604121773 0.000000000000 1.000000000000
-2.629411465790 -97.152290393422 0.866025403784 -0.500000000000
-1.326597044986 87.894181234165 0.866025403784 0.500000000000
-105.875541908345 -5.863267903543 0.866025403784 -0.500000000000
29.553774294327 -300.242649312692 0.866025403784 -0.500000000000
-200.677943106366 -76.967683088132 0.866025403784 -0.500000000000
-107.691101354905 -26.306237393591 0.000000000000 1.000000000000
93.461532422287 53.246176761726 0.866025403784 0.500000000000
39.562504313863 -29.164371024660 0.866025403784 0.500000000000
-5.817675693978 -220.953116191363 0.866025403784 -0.500000000000
37.766367297761 120.915442238514 0.000000000000 1.000000000000
-307.521054956894 -141.479111861688 0.866025403784 0.500000000000
79.096269929305 -46.432624507227 0.866025403784 0.500000000000
147.394873664629 131.061617380169 0.866025403784 0.500000000000
-132.088661863535 -194.769854213908 0.000000000000 1.000000000000
-414.609951000937 260.241908695067 0.000000000000 1.000000000000
106.693264840964 351.978560603583 0.000000000000 1.000000000000
