#Configurational_file created 2018-09-14 11:34:34  started 2018-09-14 11:34:33 run for 1.0s steps 0
name: p_1005
step: 10000
specie: 20
	particle_diameter: 1.0000000000000000
	interaction_length: 1.2000000000000000
	number_of_patches: 3
	number_of_particles_per_compound: 1
	rod_length: 1.0000000000000000
	interaction_matrix:  1.000000 1.000000 1.000000 1.000000 1.000000 1.000000 1.000000 1.000000 1.000000
	patch_type: symmetric
	patch_width: 8.0000000000000000
	patch_angle: 0.0000000000000000
	angles:  0.000000 0.000000 0.000000
	grand_canonical: 0
	chemical_potential: 0.0000000000000000
box: 16.106798 16.106798
copy: 1.000000 1.000000
epsilon: 0.3125370000000000
end_epsilon: 0.0000000000000000
pressure: 0.3334170000000000
lambda: 0.0000000000000000
lambda_coupling: 1.0000000000000000
uy: 0.0000000000000000
maximum_displacement: 1.0000000000000000
maximum_rotation: 1.0000000000000000
maximum_volume: 1.0000000000000000
maximum_shape: 0.0000001000000000
maximum_dsigma: 0.0100000000000000
mod: 10
pmod: 10
optimize: 1
verbose: 1
snapshot: 0
display: 1
explore: 1
npt: 1
nptxy: 0
nptdxdy: 0
shape: 0
seed: 1145476
-26.372285951489 78.471510872923 0.866025403784 0.500000000000
-36.856630394127 81.983137565381 0.866025403784 -0.500000000000
-94.423116600980 -145.454730004047 0.000000000000 1.000000000000
-82.340954607107 -58.382015439919 0.866025403784 0.500000000000
-118.277941619688 12.911541675888 0.866025403784 0.500000000000
-8.616212300105 63.372271366052 0.866025403784 0.500000000000
88.182316793899 8.942457511195 0.866025403784 -0.500000000000
6.147478223943 45.555125730426 0.000000000000 1.000000000000
28.176926858377 -132.159636109413 0.866025403784 -0.500000000000
-44.037922206140 91.949817168140 0.866025403784 -0.500000000000
199.919823094293 86.852364790061 0.000000000000 1.000000000000
-12.300425591415 134.247836596413 0.000000000000 1.000000000000
226.968044340230 -94.879648996240 0.000000000000 1.000000000000
158.289498260956 12.179066505444 0.866025403784 -0.500000000000
-134.627082727807 -113.744852667479 0.000000000000 1.000000000000
121.024619112736 -19.523298872897 0.000000000000 1.000000000000
100.167332908390 75.059795125796 0.000000000000 1.000000000000
59.601012468408 -85.578322974082 0.000000000000 1.000000000000
63.243125409816 -16.276277177226 0.866025403784 0.500000000000
-48.054740984250 76.255035025532 0.866025403784 0.500000000000
