#Configurational_file created 2018-09-14 11:35:21  started 2018-09-14 11:35:20 run for 1.0s steps 0
name: p_1062
step: 10000
specie: 20
	particle_diameter: 1.0000000000000000
	interaction_length: 1.2000000000000000
	number_of_patches: 3
	number_of_particles_per_compound: 1
	rod_length: 1.0000000000000000
	interaction_matrix:  1.000000 1.000000 1.000000 1.000000 1.000000 1.000000 1.000000 1.000000 1.000000
	patch_type: symmetric
	patch_width: 8.0000000000000000
	patch_angle: 0.0000000000000000
	angles:  0.000000 0.000000 0.000000
	grand_canonical: 0
	chemical_potential: 0.0000000000000000
box: 8.628495 8.628495
copy: 1.000000 1.000000
epsilon: 0.3541960000000000
end_epsilon: 0.0000000000000000
pressure: 0.9167210000000000
lambda: 0.0000000000000000
lambda_coupling: 1.0000000000000000
uy: 0.0000000000000000
maximum_displacement: 1.0000000000000000
maximum_rotation: 1.0000000000000000
maximum_volume: 1.0000000000000000
maximum_shape: 0.0000001000000000
maximum_dsigma: 0.0100000000000000
mod: 10
pmod: 10
optimize: 1
verbose: 1
snapshot: 0
display: 1
explore: 1
npt: 1
nptxy: 0
nptdxdy: 0
shape: 0
seed: 1210285
-163.401966678091 -42.608728387387 0.866025403784 -0.500000000000
14.234938449899 -135.591402940748 0.866025403784 -0.500000000000
24.871033491496 -2.931624964126 0.866025403784 0.500000000000
97.006560254069 68.341456287303 0.000000000000 1.000000000000
46.079555847376 22.924303217953 0.866025403784 -0.500000000000
-191.064357358387 12.444730602689 0.000000000000 1.000000000000
1.322983519175 -17.414465388371 0.866025403784 -0.500000000000
-52.919502630761 -1.308709961526 0.866025403784 0.500000000000
9.022155468612 106.577703344925 0.866025403784 0.500000000000
-203.146480417696 -4.650148667772 0.000000000000 1.000000000000
-9.380252499636 43.026408052861 0.000000000000 1.000000000000
58.281384515786 45.359155010807 0.866025403784 0.500000000000
-0.380095333487 -75.433275784529 0.866025403784 0.500000000000
39.754205428333 -102.392234990422 0.866025403784 -0.500000000000
10.682472935605 -59.370881134146 0.866025403784 -0.500000000000
-55.356760778896 77.456133393162 0.866025403784 0.500000000000
13.143051184574 31.252030098021 0.866025403784 0.500000000000
40.695932401041 69.423208807293 0.866025403784 -0.500000000000
25.947390473020 102.496828513952 0.000000000000 1.000000000000
39.692724395009 -2.501722625795 0.866025403784 -0.500000000000
