#Configurational_file created 2018-09-14 12:02:43  started 2018-09-14 12:02:42 run for 1.0s steps 0
name: p_1055
step: 10000
specie: 20
	particle_diameter: 1.0000000000000000
	interaction_length: 1.2000000000000000
	number_of_patches: 3
	number_of_particles_per_compound: 1
	rod_length: 1.0000000000000000
	interaction_matrix:  1.000000 1.000000 1.000000 1.000000 1.000000 1.000000 1.000000 1.000000 1.000000
	patch_type: symmetric
	patch_width: 8.0000000000000000
	patch_angle: 0.0000000000000000
	angles:  0.000000 0.000000 0.000000
	grand_canonical: 0
	chemical_potential: 0.0000000000000000
box: 45.762159 45.762159
copy: 1.000000 1.000000
epsilon: 0.0354170000000000
end_epsilon: 0.0000000000000000
pressure: 0.0166680000000000
lambda: 0.0000000000000000
lambda_coupling: 1.0000000000000000
uy: 0.0000000000000000
maximum_displacement: 1.0000000000000000
maximum_rotation: 1.0000000000000000
maximum_volume: 1.0000000000000000
maximum_shape: 0.0000001000000000
maximum_dsigma: 0.0100000000000000
mod: 10
pmod: 10
optimize: 1
verbose: 1
snapshot: 0
display: 1
explore: 1
npt: 1
nptxy: 0
nptdxdy: 0
shape: 0
seed: 1202326
-86.460458141962 146.117090733246 0.866025403784 -0.500000000000
61.640435142060 230.973628774488 0.000000000000 1.000000000000
-184.464922583447 -174.858858461201 0.866025403784 0.500000000000
-168.001171690669 -342.970922387571 0.866025403784 -0.500000000000
249.430246865997 353.770380197535 0.866025403784 -0.500000000000
141.588734737997 316.555548351896 0.866025403784 0.500000000000
4.128091238122 -88.752895065318 0.866025403784 -0.500000000000
-75.825500570574 64.306814733890 0.000000000000 1.000000000000
-22.362160799041 -126.416804045686 0.866025403784 -0.500000000000
-89.731379490137 -217.759912160474 0.866025403784 0.500000000000
77.788215093431 35.305202180358 0.866025403784 -0.500000000000
46.490260690352 123.230600572857 0.866025403784 -0.500000000000
145.398648109148 -223.638546298726 0.000000000000 1.000000000000
-232.159633864714 413.330576967397 0.866025403784 -0.500000000000
-71.757245953484 -133.401359632219 0.866025403784 -0.500000000000
-176.040727065897 -218.090215321794 0.866025403784 0.500000000000
38.092540086218 100.028074472952 0.866025403784 0.500000000000
54.078396705025 37.540334164040 0.866025403784 0.500000000000
-24.390594439994 -100.989172626463 0.000000000000 1.000000000000
0.580028535568 -168.549881159080 0.866025403784 0.500000000000
