#Configurational_file created 2018-09-14 13:58:30  started 2018-09-14 13:58:29 run for 1.0s steps 0
name: p_1065
step: 10000
specie: 20
	particle_diameter: 1.0000000000000000
	interaction_length: 1.2000000000000000
	number_of_patches: 3
	number_of_particles_per_compound: 1
	rod_length: 1.0000000000000000
	interaction_matrix:  1.000000 1.000000 1.000000 1.000000 1.000000 1.000000 1.000000 1.000000 1.000000
	patch_type: symmetric
	patch_width: 8.0000000000000000
	patch_angle: 0.0000000000000000
	angles:  0.000000 0.000000 0.000000
	grand_canonical: 0
	chemical_potential: 0.0000000000000000
box: 16.079612 16.079612
copy: 1.000000 1.000000
epsilon: 0.3448280000000000
end_epsilon: 0.0000000000000000
pressure: 0.2413800000000000
lambda: 0.0000000000000000
lambda_coupling: 1.0000000000000000
uy: 0.0000000000000000
maximum_displacement: 1.0000000000000000
maximum_rotation: 1.0000000000000000
maximum_volume: 1.0000000000000000
maximum_shape: 0.0000001000000000
maximum_dsigma: 0.0100000000000000
mod: 10
pmod: 10
optimize: 1
verbose: 1
snapshot: 0
display: 1
explore: 1
npt: 1
nptxy: 0
nptdxdy: 0
shape: 0
seed: 1213696
66.705522850692 -222.572293140363 0.000000000000 1.000000000000
88.286146601187 46.841131690838 0.866025403784 0.500000000000
76.945313564211 -1.799854818512 0.866025403784 -0.500000000000
162.245808152464 -34.510304598381 0.000000000000 1.000000000000
-12.793537055431 14.164220841843 0.866025403784 -0.500000000000
209.961033163763 -24.716617774860 0.000000000000 1.000000000000
-77.538256909143 65.061166006437 0.000000000000 1.000000000000
128.015791054819 -1.131333553856 0.866025403784 -0.500000000000
-31.613167157432 -85.325752653933 0.866025403784 0.500000000000
11.863784386027 -211.663417979296 0.866025403784 -0.500000000000
-50.497236713314 -79.976295702259 0.000000000000 1.000000000000
198.695322545125 39.828459419189 0.000000000000 1.000000000000
-176.986088794719 28.240097775474 0.866025403784 -0.500000000000
54.184919895781 102.890239611079 0.000000000000 1.000000000000
-83.584552691143 176.292927959848 0.866025403784 -0.500000000000
-59.926702782874 -188.010741775942 0.866025403784 0.500000000000
31.480906662453 119.481773848004 0.866025403784 -0.500000000000
7.087699147298 48.455219544744 0.000000000000 1.000000000000
-48.519840018377 -47.707162201693 0.866025403784 -0.500000000000
-82.317216869129 70.589096969650 0.866025403784 0.500000000000
