#Configurational_file created 2018-09-14 12:02:05  started 2018-09-14 12:02:04 run for 1.0s steps 0
name: p_1003
step: 10000
specie: 20
	particle_diameter: 1.0000000000000000
	interaction_length: 1.2000000000000000
	number_of_patches: 3
	number_of_particles_per_compound: 1
	rod_length: 1.0000000000000000
	interaction_matrix:  1.000000 1.000000 1.000000 1.000000 1.000000 1.000000 1.000000 1.000000 1.000000
	patch_type: symmetric
	patch_width: 8.0000000000000000
	patch_angle: 0.0000000000000000
	angles:  0.000000 0.000000 0.000000
	grand_canonical: 0
	chemical_potential: 0.0000000000000000
box: 48.525081 48.525081
copy: 1.000000 1.000000
epsilon: 0.0312500000000000
end_epsilon: 0.0000000000000000
pressure: 0.0083340000000000
lambda: 0.0000000000000000
lambda_coupling: 1.0000000000000000
uy: 0.0000000000000000
maximum_displacement: 1.0000000000000000
maximum_rotation: 1.0000000000000000
maximum_volume: 1.0000000000000000
maximum_shape: 0.0000001000000000
maximum_dsigma: 0.0100000000000000
mod: 10
pmod: 10
optimize: 1
verbose: 1
snapshot: 0
display: 1
explore: 1
npt: 1
nptxy: 0
nptdxdy: 0
shape: 0
seed: 1143202
31.220515791237 102.033316240144 0.866025403784 0.500000000000
-75.255271466352 479.625045006008 0.000000000000 1.000000000000
69.057959788845 123.185591077983 0.866025403784 -0.500000000000
-48.173674280023 112.523825532905 0.866025403784 0.500000000000
343.787958342740 35.706205235944 0.866025403784 0.500000000000
-150.744697835207 222.920616927283 0.000000000000 1.000000000000
150.410742469384 -31.181568003664 0.866025403784 -0.500000000000
136.090625543865 -437.487769205956 0.866025403784 0.500000000000
71.357801297088 134.004778342588 0.000000000000 1.000000000000
-249.465001335836 265.383785464856 0.000000000000 1.000000000000
-344.579970372127 -74.218084103676 0.866025403784 -0.500000000000
-127.756308855587 -168.166865816633 0.866025403784 0.500000000000
97.942821930253 -92.246645974033 0.000000000000 1.000000000000
125.991114308665 -354.524044381604 0.866025403784 0.500000000000
-52.950443693453 14.041689382845 0.866025403784 -0.500000000000
-347.929418059640 -323.700275836301 0.866025403784 -0.500000000000
-183.230304297849 171.011949608305 0.000000000000 1.000000000000
46.546887683112 68.372300556837 0.866025403784 0.500000000000
57.380504000821 -211.626053216517 0.866025403784 -0.500000000000
-105.236786166869 76.205759495277 0.000000000000 1.000000000000
