#Configurational_file created 2018-09-14 13:58:42  started 2018-09-14 13:58:41 run for 1.0s steps 0
name: p_1082
step: 10000
specie: 20
	particle_diameter: 1.0000000000000000
	interaction_length: 1.2000000000000000
	number_of_patches: 3
	number_of_particles_per_compound: 1
	rod_length: 1.0000000000000000
	interaction_matrix:  1.000000 1.000000 1.000000 1.000000 1.000000 1.000000 1.000000 1.000000 1.000000
	patch_type: symmetric
	patch_width: 8.0000000000000000
	patch_angle: 0.0000000000000000
	angles:  0.000000 0.000000 0.000000
	grand_canonical: 0
	chemical_potential: 0.0000000000000000
box: 44.188497 44.188497
copy: 1.000000 1.000000
epsilon: 0.4137940000000000
end_epsilon: 0.0000000000000000
pressure: 0.0172420000000000
lambda: 0.0000000000000000
lambda_coupling: 1.0000000000000000
uy: 0.0000000000000000
maximum_displacement: 1.0000000000000000
maximum_rotation: 1.0000000000000000
maximum_volume: 1.0000000000000000
maximum_shape: 0.0000001000000000
maximum_dsigma: 0.0100000000000000
mod: 10
pmod: 10
optimize: 1
verbose: 1
snapshot: 0
display: 1
explore: 1
npt: 1
nptxy: 0
nptdxdy: 0
shape: 0
seed: 1233025
338.326255982883 238.914004988196 0.866025403784 -0.500000000000
-21.321610362735 -50.869611135225 0.866025403784 0.500000000000
-0.090028261095 33.204330050446 0.866025403784 -0.500000000000
-8.265040784771 65.755846262749 0.000000000000 1.000000000000
-192.691461840746 186.917173424454 0.866025403784 -0.500000000000
-186.479664416914 199.453373936772 0.866025403784 -0.500000000000
-22.763919190536 19.096831592364 0.000000000000 1.000000000000
196.415456956066 57.077419951139 0.000000000000 1.000000000000
274.101132946696 10.752874629724 0.866025403784 -0.500000000000
97.065366756490 169.746133851046 0.000000000000 1.000000000000
-118.067339265965 -314.564530704844 0.866025403784 0.500000000000
37.655160969285 300.865976787227 0.000000000000 1.000000000000
92.046129521379 22.547135080344 0.866025403784 -0.500000000000
-51.115388729493 -66.425642839879 0.866025403784 -0.500000000000
-120.760983843202 229.084452466958 0.000000000000 1.000000000000
43.745473038737 -52.631454611543 0.866025403784 0.500000000000
-118.314524958033 179.253196897946 0.000000000000 1.000000000000
97.251577684974 11.909829592055 0.866025403784 -0.500000000000
-127.885366109217 90.764629882229 0.866025403784 0.500000000000
235.484299602242 298.440363665046 0.000000000000 1.000000000000
