#Configurational_file created 2018-09-14 12:02:11  started 2018-09-14 12:02:10 run for 1.0s steps 0
name: p_1011
step: 10000
specie: 20
	particle_diameter: 1.0000000000000000
	interaction_length: 1.2000000000000000
	number_of_patches: 3
	number_of_particles_per_compound: 1
	rod_length: 1.0000000000000000
	interaction_matrix:  1.000000 1.000000 1.000000 1.000000 1.000000 1.000000 1.000000 1.000000 1.000000
	patch_type: symmetric
	patch_width: 8.0000000000000000
	patch_angle: 0.0000000000000000
	angles:  0.000000 0.000000 0.000000
	grand_canonical: 0
	chemical_potential: 0.0000000000000000
box: 52.179817 52.179817
copy: 1.000000 1.000000
epsilon: 0.0312500000000000
end_epsilon: 0.0000000000000000
pressure: 0.0416670000000000
lambda: 0.0000000000000000
lambda_coupling: 1.0000000000000000
uy: 0.0000000000000000
maximum_displacement: 1.0000000000000000
maximum_rotation: 1.0000000000000000
maximum_volume: 1.0000000000000000
maximum_shape: 0.0000001000000000
maximum_dsigma: 0.0100000000000000
mod: 10
pmod: 10
optimize: 1
verbose: 1
snapshot: 0
display: 1
explore: 1
npt: 1
nptxy: 0
nptdxdy: 0
shape: 0
seed: 1152298
68.839228408915 161.456642821716 0.866025403784 0.500000000000
332.669400604317 181.628272456406 0.866025403784 -0.500000000000
30.742604213795 -10.269229867314 0.866025403784 -0.500000000000
61.542809461168 128.056570824892 0.000000000000 1.000000000000
71.618339689357 -168.479636496415 0.866025403784 -0.500000000000
-28.930481068861 -7.839274752562 0.000000000000 1.000000000000
-30.308536016020 -265.760158848949 0.866025403784 -0.500000000000
12.549730380229 145.062810079231 0.000000000000 1.000000000000
93.593555578644 229.198663339368 0.866025403784 0.500000000000
-28.946072239256 -74.956658006110 0.866025403784 0.500000000000
174.436036413109 -62.625631495501 0.866025403784 0.500000000000
-117.912494780321 -139.905601740028 0.866025403784 0.500000000000
377.020128443939 54.268442259695 0.000000000000 1.000000000000
203.901577545513 -10.746524739392 0.000000000000 1.000000000000
274.829456648982 39.024124213748 0.000000000000 1.000000000000
32.393579259266 290.478908516576 0.866025403784 0.500000000000
-34.676451165526 157.422671771166 0.866025403784 0.500000000000
107.512995721336 -101.334660571593 0.866025403784 -0.500000000000
325.346267180236 -59.309539631224 0.866025403784 -0.500000000000
-28.959095183052 -371.667796787174 0.000000000000 1.000000000000
