#Configurational_file created 2018-09-14 12:03:11  started 2018-09-14 12:03:11 run for 0.0s steps 0
name: p_1094
step: 10000
specie: 20
	particle_diameter: 1.0000000000000000
	interaction_length: 1.2000000000000000
	number_of_patches: 3
	number_of_particles_per_compound: 1
	rod_length: 1.0000000000000000
	interaction_matrix:  1.000000 1.000000 1.000000 1.000000 1.000000 1.000000 1.000000 1.000000 1.000000
	patch_type: symmetric
	patch_width: 8.0000000000000000
	patch_angle: 0.0000000000000000
	angles:  0.000000 0.000000 0.000000
	grand_canonical: 0
	chemical_potential: 0.0000000000000000
box: 45.013787 45.013787
copy: 1.000000 1.000000
epsilon: 0.0375000000000000
end_epsilon: 0.0000000000000000
pressure: 0.0750000000000000
lambda: 0.0000000000000000
lambda_coupling: 1.0000000000000000
uy: 0.0000000000000000
maximum_displacement: 1.0000000000000000
maximum_rotation: 1.0000000000000000
maximum_volume: 1.0000000000000000
maximum_shape: 0.0000001000000000
maximum_dsigma: 0.0100000000000000
mod: 10
pmod: 10
optimize: 1
verbose: 1
snapshot: 0
display: 1
explore: 1
npt: 1
nptxy: 0
nptdxdy: 0
shape: 0
seed: 1246669
-20.833569184052 120.768569486237 0.866025403784 -0.500000000000
-139.215429791998 84.658716784029 0.866025403784 -0.500000000000
209.551493937472 -244.432756034815 0.866025403784 0.500000000000
-224.682072570424 -42.631196075830 0.000000000000 1.000000000000
14.489352687043 248.519676079609 0.866025403784 0.500000000000
370.971300331929 96.265115710639 0.000000000000 1.000000000000
256.803901426850 133.786585024272 0.866025403784 0.500000000000
111.580315233248 154.890103244861 0.866025403784 0.500000000000
120.767815827682 154.223690754825 0.866025403784 -0.500000000000
140.252585512144 -95.656349031122 0.000000000000 1.000000000000
-56.913099927449 -64.776792153353 0.000000000000 1.000000000000
49.834708248370 -283.356283520015 0.866025403784 -0.500000000000
-103.956629355356 48.975033369588 0.866025403784 -0.500000000000
28.441251171665 -179.439047176591 0.000000000000 1.000000000000
134.316273365435 47.619814895273 0.866025403784 -0.500000000000
-280.356969486879 8.744739327343 0.866025403784 -0.500000000000
14.999270960681 35.035801461033 0.866025403784 -0.500000000000
349.433858302940 80.000541070992 0.866025403784 0.500000000000
67.295324916249 226.855176368987 0.866025403784 0.500000000000
17.676840036507 40.713930997896 0.000000000000 1.000000000000
