#Configurational_file created 2018-09-14 12:02:07  started 2018-09-14 12:02:06 run for 1.0s steps 0
name: p_1006
step: 10000
specie: 20
	particle_diameter: 1.0000000000000000
	interaction_length: 1.2000000000000000
	number_of_patches: 3
	number_of_particles_per_compound: 1
	rod_length: 1.0000000000000000
	interaction_matrix:  1.000000 1.000000 1.000000 1.000000 1.000000 1.000000 1.000000 1.000000 1.000000
	patch_type: symmetric
	patch_width: 8.0000000000000000
	patch_angle: 0.0000000000000000
	angles:  0.000000 0.000000 0.000000
	grand_canonical: 0
	chemical_potential: 0.0000000000000000
box: 44.854427 44.854427
copy: 1.000000 1.000000
epsilon: 0.0312500000000000
end_epsilon: 0.0000000000000000
pressure: 0.0208340000000000
lambda: 0.0000000000000000
lambda_coupling: 1.0000000000000000
uy: 0.0000000000000000
maximum_displacement: 1.0000000000000000
maximum_rotation: 1.0000000000000000
maximum_volume: 1.0000000000000000
maximum_shape: 0.0000001000000000
maximum_dsigma: 0.0100000000000000
mod: 10
pmod: 10
optimize: 1
verbose: 1
snapshot: 0
display: 1
explore: 1
npt: 1
nptxy: 0
nptdxdy: 0
shape: 0
seed: 1146613
87.624785349308 9.771735363383 0.866025403784 0.500000000000
188.569960113190 -90.178406931886 0.866025403784 -0.500000000000
-6.052280606654 -163.386118841004 0.866025403784 -0.500000000000
89.405519445319 87.542425602182 0.866025403784 -0.500000000000
399.255182820647 71.845492527923 0.866025403784 0.500000000000
65.262321289845 3.517933240379 0.866025403784 -0.500000000000
78.576330753791 -116.053975946267 0.866025403784 -0.500000000000
-2.508931353328 -64.814458939430 0.866025403784 -0.500000000000
328.597838659270 294.710751425647 0.866025403784 0.500000000000
-62.386744065130 30.703148177977 0.866025403784 0.500000000000
-212.719951964744 176.068560273875 0.866025403784 0.500000000000
60.330517440283 319.665508349462 0.866025403784 0.500000000000
131.932721016733 32.467507220621 0.866025403784 -0.500000000000
11.326961169401 136.670658953666 0.000000000000 1.000000000000
96.936179172786 65.753918275879 0.000000000000 1.000000000000
293.473179297923 81.771285016477 0.866025403784 -0.500000000000
-26.710655760983 125.114007790695 0.000000000000 1.000000000000
63.510274080091 51.797329845417 0.866025403784 0.500000000000
130.057312322859 188.965879635905 0.000000000000 1.000000000000
-227.806589522938 152.869072881300 0.866025403784 0.500000000000
