#Configurational_file created 2018-09-14 12:02:36  started 2018-09-14 12:02:35 run for 1.0s steps 0
name: p_1046
step: 10000
specie: 20
	particle_diameter: 1.0000000000000000
	interaction_length: 1.2000000000000000
	number_of_patches: 3
	number_of_particles_per_compound: 1
	rod_length: 1.0000000000000000
	interaction_matrix:  1.000000 1.000000 1.000000 1.000000 1.000000 1.000000 1.000000 1.000000 1.000000
	patch_type: symmetric
	patch_width: 8.0000000000000000
	patch_angle: 0.0000000000000000
	angles:  0.000000 0.000000 0.000000
	grand_canonical: 0
	chemical_potential: 0.0000000000000000
box: 45.931882 45.931882
copy: 1.000000 1.000000
epsilon: 0.0333340000000000
end_epsilon: 0.0000000000000000
pressure: 0.0833340000000000
lambda: 0.0000000000000000
lambda_coupling: 1.0000000000000000
uy: 0.0000000000000000
maximum_displacement: 1.0000000000000000
maximum_rotation: 1.0000000000000000
maximum_volume: 1.0000000000000000
maximum_shape: 0.0000001000000000
maximum_dsigma: 0.0100000000000000
mod: 10
pmod: 10
optimize: 1
verbose: 1
snapshot: 0
display: 1
explore: 1
npt: 1
nptxy: 0
nptdxdy: 0
shape: 0
seed: 1192093
135.069087916729 131.278095541397 0.000000000000 1.000000000000
-170.479377932992 356.354072377802 0.866025403784 -0.500000000000
-64.606206637176 138.621769774955 0.866025403784 0.500000000000
363.351167861538 -46.137643730438 0.866025403784 -0.500000000000
-59.181372768069 30.954574361608 0.866025403784 0.500000000000
-8.563422125284 -159.433387734900 0.866025403784 0.500000000000
-230.676557223643 17.565846871287 0.866025403784 -0.500000000000
120.924562938557 125.157918765501 0.866025403784 0.500000000000
-42.452690400103 -152.167212178550 0.000000000000 1.000000000000
170.437400102488 148.199091137041 0.866025403784 0.500000000000
197.349327005097 246.419411085932 0.866025403784 -0.500000000000
-440.210876174094 -69.752523410981 0.866025403784 -0.500000000000
-210.291587591791 30.806894811797 0.866025403784 -0.500000000000
-60.140241589245 -16.951699685619 0.000000000000 1.000000000000
182.586769998041 0.170175168996 0.000000000000 1.000000000000
-59.199710153314 -36.818079259107 0.866025403784 0.500000000000
-52.480909086232 -120.201018933738 0.000000000000 1.000000000000
-40.253773782368 -176.673253425483 0.000000000000 1.000000000000
186.547838923069 -23.162592906928 0.866025403784 0.500000000000
229.266071812596 -1.108512673166 0.000000000000 1.000000000000
