#Configurational_file created 2018-09-14 11:35:14  started 2018-09-14 11:35:13 run for 1.0s steps 0
name: p_1053
step: 10000
specie: 20
	particle_diameter: 1.0000000000000000
	interaction_length: 1.2000000000000000
	number_of_patches: 3
	number_of_particles_per_compound: 1
	rod_length: 1.0000000000000000
	interaction_matrix:  1.000000 1.000000 1.000000 1.000000 1.000000 1.000000 1.000000 1.000000 1.000000
	patch_type: symmetric
	patch_width: 8.0000000000000000
	patch_angle: 0.0000000000000000
	angles:  0.000000 0.000000 0.000000
	grand_canonical: 0
	chemical_potential: 0.0000000000000000
box: 17.120222 17.120222
copy: 1.000000 1.000000
epsilon: 0.3541960000000000
end_epsilon: 0.0000000000000000
pressure: 0.1667580000000000
lambda: 0.0000000000000000
lambda_coupling: 1.0000000000000000
uy: 0.0000000000000000
maximum_displacement: 1.0000000000000000
maximum_rotation: 1.0000000000000000
maximum_volume: 1.0000000000000000
maximum_shape: 0.0000001000000000
maximum_dsigma: 0.0100000000000000
mod: 10
pmod: 10
optimize: 1
verbose: 1
snapshot: 0
display: 1
explore: 1
npt: 1
nptxy: 0
nptdxdy: 0
shape: 0
seed: 1200052
-53.395997430134 -11.229328912372 0.000000000000 1.000000000000
66.439506155108 38.692088053745 0.866025403784 0.500000000000
29.841020546160 144.770287161698 0.866025403784 0.500000000000
72.421743955129 -160.017414757630 0.866025403784 -0.500000000000
80.264617290492 -114.247239372298 0.000000000000 1.000000000000
49.917585825075 137.251284069352 0.866025403784 -0.500000000000
77.973185723291 8.305917013412 0.000000000000 1.000000000000
45.423038482008 -26.080378293114 0.866025403784 -0.500000000000
128.815800748073 -20.517576011576 0.866025403784 -0.500000000000
17.524928169568 -150.894592346651 0.000000000000 1.000000000000
105.336862183417 -31.180501971970 0.866025403784 0.500000000000
-65.924280421632 -69.328725967520 0.866025403784 0.500000000000
-11.575744762651 28.179287247686 0.866025403784 0.500000000000
63.698409704860 140.532429918095 0.000000000000 1.000000000000
171.144173662845 27.758776086569 0.866025403784 -0.500000000000
82.444429684575 -41.530236768234 0.866025403784 0.500000000000
-46.781756151064 54.145306003815 0.866025403784 -0.500000000000
-51.838035274750 -21.273981853609 0.866025403784 -0.500000000000
-91.727111870614 -35.028110933113 0.000000000000 1.000000000000
-49.472394007945 -11.810573018787 0.000000000000 1.000000000000
