#Configurational_file created 2018-09-14 11:35:05  started 2018-09-14 11:35:04 run for 1.0s steps 0
name: p_1043
step: 10000
specie: 20
	particle_diameter: 1.0000000000000000
	interaction_length: 1.2000000000000000
	number_of_patches: 3
	number_of_particles_per_compound: 1
	rod_length: 1.0000000000000000
	interaction_matrix:  1.000000 1.000000 1.000000 1.000000 1.000000 1.000000 1.000000 1.000000 1.000000
	patch_type: symmetric
	patch_width: 8.0000000000000000
	patch_angle: 0.0000000000000000
	angles:  0.000000 0.000000 0.000000
	grand_canonical: 0
	chemical_potential: 0.0000000000000000
box: 7.017628 7.017628
copy: 1.000000 1.000000
epsilon: 0.3333670000000000
end_epsilon: 0.0000000000000000
pressure: 1.4166960000000000
lambda: 0.0000000000000000
lambda_coupling: 1.0000000000000000
uy: 0.0000000000000000
maximum_displacement: 1.0000000000000000
maximum_rotation: 1.0000000000000000
maximum_volume: 0.6994459691114832
maximum_shape: 0.0000001000000000
maximum_dsigma: 0.0100000000000000
mod: 10
pmod: 10
optimize: 1
verbose: 1
snapshot: 0
display: 1
explore: 1
npt: 1
nptxy: 0
nptdxdy: 0
shape: 0
seed: 1188682
43.383492817302 28.373250748855 0.866025403784 -0.500000000000
45.258047067473 -47.434975621439 0.866025403784 0.500000000000
8.030384272611 -38.020317029998 0.000000000000 1.000000000000
114.868745260470 21.396652279748 0.866025403784 -0.500000000000
4.077297582019 -71.023936796348 0.000000000000 1.000000000000
-59.198868276125 7.681754477032 0.000000000000 1.000000000000
59.917023409291 -31.241828537493 0.866025403784 0.500000000000
12.813933447836 -57.639931065805 0.000000000000 1.000000000000
-0.761952546105 71.288431517906 0.866025403784 0.500000000000
63.388132470334 70.031797270575 0.000000000000 1.000000000000
18.766783838342 -33.539795892200 0.866025403784 -0.500000000000
-5.260573172852 42.045944172153 0.000000000000 1.000000000000
-0.027689324672 -60.887908192315 0.866025403784 -0.500000000000
-67.062749375613 116.641809279533 0.866025403784 -0.500000000000
-44.295553658895 -65.626447830789 0.000000000000 1.000000000000
-27.750789044424 47.722828368610 0.000000000000 1.000000000000
44.252584034389 -50.170994987728 0.000000000000 1.000000000000
95.630193869461 -23.223615097338 0.866025403784 0.500000000000
61.714388083181 37.659397034165 0.866025403784 -0.500000000000
21.623837501984 44.421390568560 0.000000000000 1.000000000000
