#Configurational_file created 2018-09-14 12:02:30  started 2018-09-14 12:02:29 run for 1.0s steps 0
name: p_1037
step: 10000
specie: 20
	particle_diameter: 1.0000000000000000
	interaction_length: 1.2000000000000000
	number_of_patches: 3
	number_of_particles_per_compound: 1
	rod_length: 1.0000000000000000
	interaction_matrix:  1.000000 1.000000 1.000000 1.000000 1.000000 1.000000 1.000000 1.000000 1.000000
	patch_type: symmetric
	patch_width: 8.0000000000000000
	patch_angle: 0.0000000000000000
	angles:  0.000000 0.000000 0.000000
	grand_canonical: 0
	chemical_potential: 0.0000000000000000
box: 45.656509 45.656509
copy: 1.000000 1.000000
epsilon: 0.0333340000000000
end_epsilon: 0.0000000000000000
pressure: 0.0458340000000000
lambda: 0.0000000000000000
lambda_coupling: 1.0000000000000000
uy: 0.0000000000000000
maximum_displacement: 1.0000000000000000
maximum_rotation: 1.0000000000000000
maximum_volume: 1.0000000000000000
maximum_shape: 0.0000001000000000
maximum_dsigma: 0.0100000000000000
mod: 10
pmod: 10
optimize: 1
verbose: 1
snapshot: 0
display: 1
explore: 1
npt: 1
nptxy: 0
nptdxdy: 0
shape: 0
seed: 1181860
-8.155102453218 -25.431334834405 0.866025403784 -0.500000000000
177.242201673265 -83.186995351539 0.866025403784 -0.500000000000
154.065862533610 38.304271412174 0.866025403784 0.500000000000
153.468270212347 -363.104600075944 0.866025403784 0.500000000000
-8.689171655376 49.080594564633 0.866025403784 -0.500000000000
-253.508207852778 142.697483655806 0.000000000000 1.000000000000
130.436199769912 -255.975326849395 0.866025403784 -0.500000000000
-130.016932953871 253.585994296317 0.866025403784 0.500000000000
40.502157657667 126.595312564229 0.866025403784 -0.500000000000
270.030007226190 -7.899269246412 0.000000000000 1.000000000000
11.220343922710 37.293984956389 0.000000000000 1.000000000000
4.168755381809 22.790410153523 0.866025403784 -0.500000000000
11.503735888430 28.893550378593 0.000000000000 1.000000000000
381.788341992449 -161.269363976367 0.866025403784 -0.500000000000
194.773290442799 113.939883609220 0.866025403784 -0.500000000000
-121.870668420042 99.081363148969 0.866025403784 0.500000000000
92.518483233312 16.113513366124 0.866025403784 -0.500000000000
202.413962414862 90.875568827068 0.866025403784 -0.500000000000
29.954081365275 -223.912378419217 0.866025403784 0.500000000000
91.279296587515 63.070098112803 0.866025403784 0.500000000000
