#Configurational_file created 2018-09-14 13:58:35  started 2018-09-14 13:58:34 run for 1.0s steps 0
name: p_1072
step: 10000
specie: 20
	particle_diameter: 1.0000000000000000
	interaction_length: 1.2000000000000000
	number_of_patches: 3
	number_of_particles_per_compound: 1
	rod_length: 1.0000000000000000
	interaction_matrix:  1.000000 1.000000 1.000000 1.000000 1.000000 1.000000 1.000000 1.000000 1.000000
	patch_type: symmetric
	patch_width: 8.0000000000000000
	patch_angle: 0.0000000000000000
	angles:  0.000000 0.000000 0.000000
	grand_canonical: 0
	chemical_potential: 0.0000000000000000
box: 13.436385 13.436385
copy: 1.000000 1.000000
epsilon: 0.3448280000000000
end_epsilon: 0.0000000000000000
pressure: 0.3620690000000000
lambda: 0.0000000000000000
lambda_coupling: 1.0000000000000000
uy: 0.0000000000000000
maximum_displacement: 1.0000000000000000
maximum_rotation: 1.0000000000000000
maximum_volume: 1.0000000000000000
maximum_shape: 0.0000001000000000
maximum_dsigma: 0.0100000000000000
mod: 10
pmod: 10
optimize: 1
verbose: 1
snapshot: 0
display: 1
explore: 1
npt: 1
nptxy: 0
nptdxdy: 0
shape: 0
seed: 1221655
67.684515600878 -105.006170737072 0.866025403784 0.500000000000
11.242998229976 195.803973619016 0.866025403784 -0.500000000000
-128.186590822610 150.641338820953 0.000000000000 1.000000000000
-93.294439003323 281.064090476002 0.000000000000 1.000000000000
26.448106663163 1.229227819254 0.000000000000 1.000000000000
65.301464542542 -99.808355289450 0.000000000000 1.000000000000
-140.093670867946 43.012074959905 0.866025403784 0.500000000000
-90.791588580711 -20.548779742157 0.866025403784 -0.500000000000
-57.619415628203 23.802297946547 0.866025403784 -0.500000000000
-45.891447925897 -174.731838775153 0.000000000000 1.000000000000
132.834071918671 -65.662343664717 0.866025403784 -0.500000000000
-96.620009150154 -118.337828994189 0.866025403784 -0.500000000000
-53.565630350863 234.611463814093 0.866025403784 0.500000000000
-96.667823384909 130.861286036463 0.866025403784 -0.500000000000
-71.372518046719 -205.439363016369 0.866025403784 0.500000000000
25.531888046016 -53.796600096518 0.000000000000 1.000000000000
-0.519949538416 -49.142114772136 0.866025403784 -0.500000000000
174.556280663370 50.567420478337 0.866025403784 -0.500000000000
111.931760685831 -18.954973853250 0.866025403784 -0.500000000000
111.739389610497 111.392977609055 0.866025403784 0.500000000000
