#Configurational_file created 2018-09-14 12:02:41  started 2018-09-14 12:02:41 run for 0.0s steps 0
name: p_1053
step: 10000
specie: 20
	particle_diameter: 1.0000000000000000
	interaction_length: 1.2000000000000000
	number_of_patches: 3
	number_of_particles_per_compound: 1
	rod_length: 1.0000000000000000
	interaction_matrix:  1.000000 1.000000 1.000000 1.000000 1.000000 1.000000 1.000000 1.000000 1.000000
	patch_type: symmetric
	patch_width: 8.0000000000000000
	patch_angle: 0.0000000000000000
	angles:  0.000000 0.000000 0.000000
	grand_canonical: 0
	chemical_potential: 0.0000000000000000
box: 49.718013 49.718013
copy: 1.000000 1.000000
epsilon: 0.0354170000000000
end_epsilon: 0.0000000000000000
pressure: 0.0083340000000000
lambda: 0.0000000000000000
lambda_coupling: 1.0000000000000000
uy: 0.0000000000000000
maximum_displacement: 1.0000000000000000
maximum_rotation: 1.0000000000000000
maximum_volume: 1.0000000000000000
maximum_shape: 0.0000001000000000
maximum_dsigma: 0.0100000000000000
mod: 10
pmod: 10
optimize: 1
verbose: 1
snapshot: 0
display: 1
explore: 1
npt: 1
nptxy: 0
nptdxdy: 0
shape: 0
seed: 1200052
-8.798695797661 424.651040015006 0.866025403784 0.500000000000
-210.192177495892 -93.270966494756 0.866025403784 0.500000000000
-9.018690579462 208.156370252403 0.000000000000 1.000000000000
192.318233172416 -35.748793144427 0.000000000000 1.000000000000
6.308740971677 64.568457596023 0.866025403784 0.500000000000
-211.938835133327 17.808846682256 0.866025403784 -0.500000000000
110.988493425602 -2.202597314071 0.866025403784 0.500000000000
180.359365924152 20.526809614812 0.866025403784 -0.500000000000
119.989833558595 -259.787360169846 0.866025403784 0.500000000000
275.686825202262 -95.639236783732 0.866025403784 0.500000000000
206.726427047491 -164.650536451278 0.866025403784 0.500000000000
1.387838461770 -120.737297396540 0.866025403784 0.500000000000
86.365906650370 -154.601067669068 0.000000000000 1.000000000000
517.416284617870 -135.509366882952 0.866025403784 -0.500000000000
-66.996389806709 -46.172747559979 0.866025403784 -0.500000000000
-151.772716584184 24.325386753725 0.000000000000 1.000000000000
-310.700191627248 287.081186855311 0.866025403784 -0.500000000000
12.932592008358 5.695303667894 0.866025403784 -0.500000000000
-124.947142771523 19.824420194573 0.000000000000 1.000000000000
173.351121902940 -318.851442570550 0.000000000000 1.000000000000
