#Configurational_file created 2018-09-14 12:03:08  started 2018-09-14 12:03:07 run for 1.0s steps 0
name: p_1089
step: 10000
specie: 20
	particle_diameter: 1.0000000000000000
	interaction_length: 1.2000000000000000
	number_of_patches: 3
	number_of_particles_per_compound: 1
	rod_length: 1.0000000000000000
	interaction_matrix:  1.000000 1.000000 1.000000 1.000000 1.000000 1.000000 1.000000 1.000000 1.000000
	patch_type: symmetric
	patch_width: 8.0000000000000000
	patch_angle: 0.0000000000000000
	angles:  0.000000 0.000000 0.000000
	grand_canonical: 0
	chemical_potential: 0.0000000000000000
box: 45.602534 45.602534
copy: 1.000000 1.000000
epsilon: 0.0375000000000000
end_epsilon: 0.0000000000000000
pressure: 0.0541670000000000
lambda: 0.0000000000000000
lambda_coupling: 1.0000000000000000
uy: 0.0000000000000000
maximum_displacement: 1.0000000000000000
maximum_rotation: 1.0000000000000000
maximum_volume: 1.0000000000000000
maximum_shape: 0.0000001000000000
maximum_dsigma: 0.0100000000000000
mod: 10
pmod: 10
optimize: 1
verbose: 1
snapshot: 0
display: 1
explore: 1
npt: 1
nptxy: 0
nptdxdy: 0
shape: 0
seed: 1240984
243.452974319528 71.811710088697 0.000000000000 1.000000000000
-218.597093433014 -381.816353204464 0.000000000000 1.000000000000
56.435879131670 351.056596992752 0.000000000000 1.000000000000
247.219802586868 144.187882272782 0.866025403784 -0.500000000000
118.431225803329 -350.390533984979 0.866025403784 -0.500000000000
70.401350098458 141.604742549392 0.000000000000 1.000000000000
6.532642128113 -32.481189298997 0.866025403784 -0.500000000000
61.719726593584 -33.870428985180 0.000000000000 1.000000000000
119.821642235104 26.985234159541 0.000000000000 1.000000000000
-278.551867226442 52.007200283365 0.866025403784 -0.500000000000
-10.083178196923 -236.972194943348 0.000000000000 1.000000000000
-4.611315708424 -185.174947604475 0.866025403784 0.500000000000
232.563265219795 277.486820025928 0.866025403784 0.500000000000
-14.004864973945 -41.265060820713 0.866025403784 -0.500000000000
292.673397596414 -179.462375315863 0.000000000000 1.000000000000
-135.522065323771 -287.031411616662 0.866025403784 -0.500000000000
-216.316950638209 -145.714643564836 0.866025403784 -0.500000000000
-184.203984787959 -125.476282333287 0.866025403784 -0.500000000000
91.434255319269 -12.930264941860 0.866025403784 0.500000000000
76.302807193091 50.978770030594 0.866025403784 0.500000000000
