#Configurational_file created 2018-09-14 12:02:25  started 2018-09-14 12:02:24 run for 1.0s steps 0
name: p_1031
step: 10000
specie: 20
	particle_diameter: 1.0000000000000000
	interaction_length: 1.2000000000000000
	number_of_patches: 3
	number_of_particles_per_compound: 1
	rod_length: 1.0000000000000000
	interaction_matrix:  1.000000 1.000000 1.000000 1.000000 1.000000 1.000000 1.000000 1.000000 1.000000
	patch_type: symmetric
	patch_width: 8.0000000000000000
	patch_angle: 0.0000000000000000
	angles:  0.000000 0.000000 0.000000
	grand_canonical: 0
	chemical_potential: 0.0000000000000000
box: 50.805630 50.805630
copy: 1.000000 1.000000
epsilon: 0.0333340000000000
end_epsilon: 0.0000000000000000
pressure: 0.0208340000000000
lambda: 0.0000000000000000
lambda_coupling: 1.0000000000000000
uy: 0.0000000000000000
maximum_displacement: 1.0000000000000000
maximum_rotation: 1.0000000000000000
maximum_volume: 1.0000000000000000
maximum_shape: 0.0000001000000000
maximum_dsigma: 0.0100000000000000
mod: 10
pmod: 10
optimize: 1
verbose: 1
snapshot: 0
display: 1
explore: 1
npt: 1
nptxy: 0
nptdxdy: 0
shape: 0
seed: 1175038
-25.696142971326 -59.974439338439 0.000000000000 1.000000000000
-306.627468520783 60.616970759433 0.000000000000 1.000000000000
-273.163467220733 108.501976328272 0.866025403784 -0.500000000000
13.220678507467 265.793487314996 0.000000000000 1.000000000000
68.719855310248 -151.093885486578 0.000000000000 1.000000000000
266.970265140709 96.127009369706 0.000000000000 1.000000000000
-331.200546980986 42.596402048044 0.866025403784 -0.500000000000
-53.366152928599 -117.341239744950 0.866025403784 -0.500000000000
-68.891259704075 -138.227671448743 0.000000000000 1.000000000000
82.436684872067 -76.528177040814 0.866025403784 -0.500000000000
-263.792354390673 154.196089189049 0.866025403784 -0.500000000000
327.886812627289 140.741340054531 0.000000000000 1.000000000000
-86.883885879710 -32.566862820136 0.866025403784 0.500000000000
138.454263022065 271.820373678990 0.000000000000 1.000000000000
-202.876558642044 18.114801062996 0.866025403784 0.500000000000
-48.863955685407 -16.395161082043 0.866025403784 -0.500000000000
-43.236509612643 -36.202709122974 0.000000000000 1.000000000000
134.768142806051 -66.595242006813 0.000000000000 1.000000000000
-51.939145577561 196.601255303430 0.000000000000 1.000000000000
113.824867484721 -159.269011719720 0.866025403784 -0.500000000000
