#Configurational_file created 2018-09-14 12:02:24  started 2018-09-14 12:02:24 run for 0.0s steps 0
name: p_1030
step: 10000
specie: 20
	particle_diameter: 1.0000000000000000
	interaction_length: 1.2000000000000000
	number_of_patches: 3
	number_of_particles_per_compound: 1
	rod_length: 1.0000000000000000
	interaction_matrix:  1.000000 1.000000 1.000000 1.000000 1.000000 1.000000 1.000000 1.000000 1.000000
	patch_type: symmetric
	patch_width: 8.0000000000000000
	patch_angle: 0.0000000000000000
	angles:  0.000000 0.000000 0.000000
	grand_canonical: 0
	chemical_potential: 0.0000000000000000
box: 50.390377 50.390377
copy: 1.000000 1.000000
epsilon: 0.0333340000000000
end_epsilon: 0.0000000000000000
pressure: 0.0166680000000000
lambda: 0.0000000000000000
lambda_coupling: 1.0000000000000000
uy: 0.0000000000000000
maximum_displacement: 1.0000000000000000
maximum_rotation: 1.0000000000000000
maximum_volume: 1.0000000000000000
maximum_shape: 0.0000001000000000
maximum_dsigma: 0.0100000000000000
mod: 10
pmod: 10
optimize: 1
verbose: 1
snapshot: 0
display: 1
explore: 1
npt: 1
nptxy: 0
nptdxdy: 0
shape: 0
seed: 1173901
-35.759582357177 147.609886169480 0.866025403784 -0.500000000000
-87.890598085531 -269.924943946671 0.866025403784 -0.500000000000
-56.642471647193 -39.515165299526 0.866025403784 -0.500000000000
-9.588059681162 -363.100877629876 0.866025403784 0.500000000000
280.485799792218 166.101817422741 0.000000000000 1.000000000000
-99.985656306902 114.173060922382 0.866025403784 0.500000000000
136.236746828300 75.710403299861 0.866025403784 0.500000000000
132.386472913847 -139.385327397804 0.000000000000 1.000000000000
-132.324683704980 72.536279388323 0.000000000000 1.000000000000
104.487746406949 40.373445641347 0.866025403784 -0.500000000000
26.156478853198 227.681658408567 0.866025403784 0.500000000000
187.364105045950 15.559346750552 0.866025403784 -0.500000000000
216.259100732436 -65.392480278039 0.866025403784 0.500000000000
37.698094481447 -38.543956646569 0.866025403784 0.500000000000
448.659481929375 -154.049514052643 0.866025403784 -0.500000000000
-330.212680269608 -57.183330620585 0.000000000000 1.000000000000
-101.839485789015 -15.264804708352 0.866025403784 -0.500000000000
171.555270902721 28.104285268252 0.866025403784 -0.500000000000
-175.322222366000 -35.490865238309 0.866025403784 0.500000000000
-35.304412665509 -170.126512702649 0.000000000000 1.000000000000
