#Configurational_file created 2018-09-14 13:58:34  started 2018-09-14 13:58:33 run for 1.0s steps 0
name: p_1071
step: 10000
specie: 20
	particle_diameter: 1.0000000000000000
	interaction_length: 1.2000000000000000
	number_of_patches: 3
	number_of_particles_per_compound: 1
	rod_length: 1.0000000000000000
	interaction_matrix:  1.000000 1.000000 1.000000 1.000000 1.000000 1.000000 1.000000 1.000000 1.000000
	patch_type: symmetric
	patch_width: 8.0000000000000000
	patch_angle: 0.0000000000000000
	angles:  0.000000 0.000000 0.000000
	grand_canonical: 0
	chemical_potential: 0.0000000000000000
box: 13.876555 13.876555
copy: 1.000000 1.000000
epsilon: 0.3448280000000000
end_epsilon: 0.0000000000000000
pressure: 0.3448280000000000
lambda: 0.0000000000000000
lambda_coupling: 1.0000000000000000
uy: 0.0000000000000000
maximum_displacement: 1.0000000000000000
maximum_rotation: 1.0000000000000000
maximum_volume: 1.0000000000000000
maximum_shape: 0.0000001000000000
maximum_dsigma: 0.0100000000000000
mod: 10
pmod: 10
optimize: 1
verbose: 1
snapshot: 0
display: 1
explore: 1
npt: 1
nptxy: 0
nptdxdy: 0
shape: 0
seed: 1220518
-2.702402194494 61.781014609486 0.000000000000 1.000000000000
168.246133617722 -85.452832179920 0.866025403784 -0.500000000000
54.567431310904 163.838087241136 0.000000000000 1.000000000000
72.073502150639 54.725059949097 0.866025403784 -0.500000000000
197.954771534387 88.582502102800 0.866025403784 0.500000000000
30.480278474122 24.328135222117 0.866025403784 -0.500000000000
-28.335729834850 10.104573286040 0.000000000000 1.000000000000
80.890764386320 -155.713263590867 0.000000000000 1.000000000000
116.405747036497 -19.827342975770 0.866025403784 -0.500000000000
-29.820229460607 21.115684993593 0.866025403784 -0.500000000000
46.430991453124 25.447626740546 0.866025403784 0.500000000000
-21.528108053834 115.765553538930 0.866025403784 -0.500000000000
83.380620267157 -32.587129637236 0.000000000000 1.000000000000
-3.512148187744 173.648207567816 0.866025403784 -0.500000000000
140.770007816900 88.617383433308 0.866025403784 0.500000000000
8.158608894254 -23.337985343010 0.866025403784 0.500000000000
-9.401222035362 -62.380155786165 0.866025403784 -0.500000000000
86.044585352018 6.858517141076 0.000000000000 1.000000000000
-99.029354961443 -25.492190384270 0.866025403784 0.500000000000
-143.690712359432 -5.219027233079 0.866025403784 0.500000000000
