#Configurational_file created 2018-09-14 12:03:09  started 2018-09-14 12:03:08 run for 1.0s steps 0
name: p_1091
step: 10000
specie: 20
	particle_diameter: 1.0000000000000000
	interaction_length: 1.2000000000000000
	number_of_patches: 3
	number_of_particles_per_compound: 1
	rod_length: 1.0000000000000000
	interaction_matrix:  1.000000 1.000000 1.000000 1.000000 1.000000 1.000000 1.000000 1.000000 1.000000
	patch_type: symmetric
	patch_width: 8.0000000000000000
	patch_angle: 0.0000000000000000
	angles:  0.000000 0.000000 0.000000
	grand_canonical: 0
	chemical_potential: 0.0000000000000000
box: 46.212671 46.212671
copy: 1.000000 1.000000
epsilon: 0.0375000000000000
end_epsilon: 0.0000000000000000
pressure: 0.0625000000000000
lambda: 0.0000000000000000
lambda_coupling: 1.0000000000000000
uy: 0.0000000000000000
maximum_displacement: 1.0000000000000000
maximum_rotation: 1.0000000000000000
maximum_volume: 1.0000000000000000
maximum_shape: 0.0000001000000000
maximum_dsigma: 0.0100000000000000
mod: 10
pmod: 10
optimize: 1
verbose: 1
snapshot: 0
display: 1
explore: 1
npt: 1
nptxy: 0
nptdxdy: 0
shape: 0
seed: 1243258
53.926679370550 72.890623561756 0.866025403784 -0.500000000000
82.720021456987 308.679066226440 0.866025403784 -0.500000000000
-158.918893733085 402.163012916458 0.000000000000 1.000000000000
-83.142327715684 -101.141405025346 0.000000000000 1.000000000000
3.071315558516 187.605801404427 0.866025403784 0.500000000000
138.775473923364 -47.226955054601 0.000000000000 1.000000000000
-221.656775127874 -5.514377777623 0.866025403784 -0.500000000000
-54.801059292512 274.531012232200 0.000000000000 1.000000000000
-28.590876823344 268.216170179240 0.866025403784 0.500000000000
207.987156754239 -16.756344301507 0.866025403784 0.500000000000
312.966353081510 103.442968201860 0.000000000000 1.000000000000
-104.659540484146 259.760959097082 0.000000000000 1.000000000000
78.640749497026 -24.039826399583 0.000000000000 1.000000000000
-91.878481529602 369.195504454447 0.866025403784 -0.500000000000
59.971248671401 67.716551050606 0.866025403784 -0.500000000000
-369.451740196850 -32.072393823112 0.866025403784 -0.500000000000
-129.915174229936 -49.146724007194 0.866025403784 -0.500000000000
115.045835088865 -12.377158215800 0.000000000000 1.000000000000
79.403570905263 -12.216352927837 0.866025403784 0.500000000000
-139.328227960220 167.514471020971 0.866025403784 -0.500000000000
