#Configurational_file created 2018-09-14 12:02:17  started 2018-09-14 12:02:16 run for 1.0s steps 0
name: p_1020
step: 10000
specie: 20
	particle_diameter: 1.0000000000000000
	interaction_length: 1.2000000000000000
	number_of_patches: 3
	number_of_particles_per_compound: 1
	rod_length: 1.0000000000000000
	interaction_matrix:  1.000000 1.000000 1.000000 1.000000 1.000000 1.000000 1.000000 1.000000 1.000000
	patch_type: symmetric
	patch_width: 8.0000000000000000
	patch_angle: 0.0000000000000000
	angles:  0.000000 0.000000 0.000000
	grand_canonical: 0
	chemical_potential: 0.0000000000000000
box: 43.074414 43.074414
copy: 1.000000 1.000000
epsilon: 0.0312500000000000
end_epsilon: 0.0000000000000000
pressure: 0.0791670000000000
lambda: 0.0000000000000000
lambda_coupling: 1.0000000000000000
uy: 0.0000000000000000
maximum_displacement: 1.0000000000000000
maximum_rotation: 1.0000000000000000
maximum_volume: 1.0000000000000000
maximum_shape: 0.0000001000000000
maximum_dsigma: 0.0100000000000000
mod: 10
pmod: 10
optimize: 1
verbose: 1
snapshot: 0
display: 1
explore: 1
npt: 1
nptxy: 0
nptdxdy: 0
shape: 0
seed: 1162531
32.543171124387 -106.829345404872 0.866025403784 0.500000000000
-52.503022411052 98.994274889259 0.866025403784 -0.500000000000
-42.269770138417 179.226642760172 0.000000000000 1.000000000000
-11.427504275281 235.790065713889 0.866025403784 0.500000000000
471.049158251718 -92.017577500546 0.866025403784 -0.500000000000
244.296995917650 218.994384001988 0.866025403784 0.500000000000
-92.118673971225 144.330292820681 0.866025403784 -0.500000000000
56.405033455434 -6.528094288031 0.866025403784 0.500000000000
-143.810604682783 117.387535403054 0.866025403784 0.500000000000
-120.364682040073 111.582083751536 0.866025403784 0.500000000000
116.875800933608 -24.631325522228 0.866025403784 -0.500000000000
118.714870257845 196.659847962919 0.866025403784 -0.500000000000
86.318184844609 153.907582288070 0.866025403784 -0.500000000000
115.373144246217 163.921855637714 0.866025403784 0.500000000000
-347.513210625107 -121.494485384943 0.866025403784 -0.500000000000
108.157872696027 -215.167807461436 0.866025403784 0.500000000000
-76.235722897194 263.692353039060 0.866025403784 0.500000000000
-149.418606612387 157.048704696197 0.000000000000 1.000000000000
70.183186526572 264.701417297935 0.866025403784 0.500000000000
99.535274005076 182.227578406037 0.866025403784 -0.500000000000
