#Configurational_file created 2018-09-14 11:35:07  started 2018-09-14 11:35:06 run for 1.0s steps 0
name: p_1045
step: 10000
specie: 20
	particle_diameter: 1.0000000000000000
	interaction_length: 1.2000000000000000
	number_of_patches: 3
	number_of_particles_per_compound: 1
	rod_length: 1.0000000000000000
	interaction_matrix:  1.000000 1.000000 1.000000 1.000000 1.000000 1.000000 1.000000 1.000000 1.000000
	patch_type: symmetric
	patch_width: 8.0000000000000000
	patch_angle: 0.0000000000000000
	angles:  0.000000 0.000000 0.000000
	grand_canonical: 0
	chemical_potential: 0.0000000000000000
box: 9.495106 9.495106
copy: 1.000000 1.000000
epsilon: 0.3333670000000000
end_epsilon: 0.0000000000000000
pressure: 1.5833539999999999
lambda: 0.0000000000000000
lambda_coupling: 1.0000000000000000
uy: 0.0000000000000000
maximum_displacement: 1.0000000000000000
maximum_rotation: 1.0000000000000000
maximum_volume: 0.6541999999593897
maximum_shape: 0.0000001000000000
maximum_dsigma: 0.0100000000000000
mod: 10
pmod: 10
optimize: 1
verbose: 1
snapshot: 0
display: 1
explore: 1
npt: 1
nptxy: 0
nptdxdy: 0
shape: 0
seed: 1190956
-25.853043222938 22.584303077920 0.866025403784 0.500000000000
-61.871456692237 -66.387306318501 0.000000000000 1.000000000000
118.558956580591 6.172269540418 0.866025403784 0.500000000000
21.367238352098 -127.030852512039 0.000000000000 1.000000000000
112.050613114684 7.955777350198 0.866025403784 0.500000000000
-93.519060298012 77.846011458665 0.000000000000 1.000000000000
-88.035086159948 149.067188281147 0.000000000000 1.000000000000
-201.373179394335 34.315291619681 0.000000000000 1.000000000000
-82.946996737592 -19.515167771755 0.866025403784 -0.500000000000
15.207945318755 165.478176444465 0.000000000000 1.000000000000
-96.285539941941 -16.287533393150 0.866025403784 0.500000000000
43.322670064260 19.336077422352 0.866025403784 -0.500000000000
-43.585254197810 100.282605852345 0.000000000000 1.000000000000
-29.512892566768 -11.810584901435 0.866025403784 0.500000000000
119.954888853280 224.105164871198 0.866025403784 -0.500000000000
-116.199194626319 -46.353545127546 0.866025403784 0.500000000000
38.368267739372 -45.027738817239 0.866025403784 0.500000000000
0.621194823468 55.087892103413 0.000000000000 1.000000000000
-6.329963970116 106.061193708322 0.866025403784 -0.500000000000
-44.904423935591 10.805813718391 0.000000000000 1.000000000000
