#Configurational_file created 2018-09-14 12:02:46  started 2018-09-14 12:02:45 run for 1.0s steps 0
name: p_1059
step: 10000
specie: 20
	particle_diameter: 1.0000000000000000
	interaction_length: 1.2000000000000000
	number_of_patches: 3
	number_of_particles_per_compound: 1
	rod_length: 1.0000000000000000
	interaction_matrix:  1.000000 1.000000 1.000000 1.000000 1.000000 1.000000 1.000000 1.000000 1.000000
	patch_type: symmetric
	patch_width: 8.0000000000000000
	patch_angle: 0.0000000000000000
	angles:  0.000000 0.000000 0.000000
	grand_canonical: 0
	chemical_potential: 0.0000000000000000
box: 53.763208 53.763208
copy: 1.000000 1.000000
epsilon: 0.0354170000000000
end_epsilon: 0.0000000000000000
pressure: 0.0333340000000000
lambda: 0.0000000000000000
lambda_coupling: 1.0000000000000000
uy: 0.0000000000000000
maximum_displacement: 1.0000000000000000
maximum_rotation: 1.0000000000000000
maximum_volume: 1.0000000000000000
maximum_shape: 0.0000001000000000
maximum_dsigma: 0.0100000000000000
mod: 10
pmod: 10
optimize: 1
verbose: 1
snapshot: 0
display: 1
explore: 1
npt: 1
nptxy: 0
nptdxdy: 0
shape: 0
seed: 1206874
-118.980777792416 -60.460768021026 0.866025403784 0.500000000000
268.052298311044 219.343160417185 0.000000000000 1.000000000000
75.839519178992 -291.015614209417 0.000000000000 1.000000000000
187.019888461012 -86.611438745512 0.866025403784 0.500000000000
-71.696448721839 20.825128341272 0.866025403784 -0.500000000000
-70.787533182349 -334.748149370020 0.866025403784 -0.500000000000
91.858719229281 195.688578972376 0.866025403784 -0.500000000000
185.066631369156 -65.666527245705 0.866025403784 -0.500000000000
148.039316046391 -170.386154936977 0.866025403784 0.500000000000
235.303469640048 66.059733931808 0.866025403784 -0.500000000000
115.780826787612 -420.628093289496 0.866025403784 0.500000000000
49.034959678732 -127.629247616123 0.000000000000 1.000000000000
447.401872194934 -82.368889848409 0.866025403784 0.500000000000
78.849711115725 160.340981609685 0.866025403784 -0.500000000000
64.523698043945 58.151581221481 0.866025403784 -0.500000000000
37.505756499549 -73.659029303085 0.000000000000 1.000000000000
-226.991745000967 43.732004206728 0.866025403784 -0.500000000000
-131.822757853748 345.038071021851 0.866025403784 -0.500000000000
76.510556901364 354.964647506927 0.000000000000 1.000000000000
-144.395130837925 -147.168491964085 0.000000000000 1.000000000000
