#Configurational_file created 2018-09-14 11:35:28  started 2018-09-14 11:35:27 run for 1.0s steps 0
name: p_1070
step: 10000
specie: 20
	particle_diameter: 1.0000000000000000
	interaction_length: 1.2000000000000000
	number_of_patches: 3
	number_of_particles_per_compound: 1
	rod_length: 1.0000000000000000
	interaction_matrix:  1.000000 1.000000 1.000000 1.000000 1.000000 1.000000 1.000000 1.000000 1.000000
	patch_type: symmetric
	patch_width: 8.0000000000000000
	patch_angle: 0.0000000000000000
	angles:  0.000000 0.000000 0.000000
	grand_canonical: 0
	chemical_potential: 0.0000000000000000
box: 7.474103 7.474103
copy: 1.000000 1.000000
epsilon: 0.3541960000000000
end_epsilon: 0.0000000000000000
pressure: 1.5833539999999999
lambda: 0.0000000000000000
lambda_coupling: 1.0000000000000000
uy: 0.0000000000000000
maximum_displacement: 1.0000000000000000
maximum_rotation: 1.0000000000000000
maximum_volume: 0.5804631200000024
maximum_shape: 0.0000001000000000
maximum_dsigma: 0.0100000000000000
mod: 10
pmod: 10
optimize: 1
verbose: 1
snapshot: 0
display: 1
explore: 1
npt: 1
nptxy: 0
nptdxdy: 0
shape: 0
seed: 1219381
-58.329367738220 9.516920091137 0.000000000000 1.000000000000
96.306181835160 -25.717077324148 0.866025403784 -0.500000000000
-13.699395863535 65.061948169767 0.000000000000 1.000000000000
-51.541474528887 72.993932729682 0.866025403784 -0.500000000000
-62.379425931712 10.537557206264 0.866025403784 -0.500000000000
-106.183705593402 2.767188365239 0.866025403784 -0.500000000000
115.024827131946 40.129146460752 0.866025403784 -0.500000000000
-30.640846048817 6.742861499895 0.866025403784 0.500000000000
4.991893178167 42.552210632383 0.000000000000 1.000000000000
-0.231066139061 -41.247613553553 0.000000000000 1.000000000000
-94.476430744347 7.611294804050 0.866025403784 0.500000000000
-25.729964297290 9.814354840483 0.000000000000 1.000000000000
103.933047867016 91.541582829824 0.000000000000 1.000000000000
-54.819977098164 -68.392165665450 0.866025403784 -0.500000000000
-73.315010525434 -75.665486567943 0.000000000000 1.000000000000
-11.314023927175 52.801834958366 0.866025403784 -0.500000000000
-6.354112574790 -11.264019972926 0.866025403784 -0.500000000000
-63.746788778714 -57.729445708636 0.866025403784 0.500000000000
-78.944644162491 -144.959708288075 0.866025403784 0.500000000000
49.103724970347 30.956099867412 0.000000000000 1.000000000000
