#Configurational_file created 2018-09-14 11:34:41  started 2018-09-14 11:34:40 run for 1.0s steps 0
name: p_1014
step: 10000
specie: 20
	particle_diameter: 1.0000000000000000
	interaction_length: 1.2000000000000000
	number_of_patches: 3
	number_of_particles_per_compound: 1
	rod_length: 1.0000000000000000
	interaction_matrix:  1.000000 1.000000 1.000000 1.000000 1.000000 1.000000 1.000000 1.000000 1.000000
	patch_type: symmetric
	patch_width: 8.0000000000000000
	patch_angle: 0.0000000000000000
	angles:  0.000000 0.000000 0.000000
	grand_canonical: 0
	chemical_potential: 0.0000000000000000
box: 9.994137 9.994137
copy: 1.000000 1.000000
epsilon: 0.3125370000000000
end_epsilon: 0.0000000000000000
pressure: 1.0833790000000001
lambda: 0.0000000000000000
lambda_coupling: 1.0000000000000000
uy: 0.0000000000000000
maximum_displacement: 1.0000000000000000
maximum_rotation: 1.0000000000000000
maximum_volume: 1.0000000000000000
maximum_shape: 0.0000001000000000
maximum_dsigma: 0.0100000000000000
mod: 10
pmod: 10
optimize: 1
verbose: 1
snapshot: 0
display: 1
explore: 1
npt: 1
nptxy: 0
nptdxdy: 0
shape: 0
seed: 1155709
9.888766664477 84.272355343143 0.866025403784 0.500000000000
127.069413072657 -56.373868217554 0.866025403784 0.500000000000
-74.268574222774 71.447213833919 0.000000000000 1.000000000000
-23.008210100125 -2.346959895079 0.866025403784 0.500000000000
-60.847325922270 -18.126980848251 0.866025403784 -0.500000000000
56.578746084435 40.129725466366 0.000000000000 1.000000000000
-64.793960234235 159.528048318476 0.000000000000 1.000000000000
-32.548852376477 -4.532013199750 0.000000000000 1.000000000000
50.644029665052 62.558952152392 0.866025403784 0.500000000000
92.137296657520 -96.897683515177 0.000000000000 1.000000000000
31.830810367295 80.850605445197 0.000000000000 1.000000000000
151.556809924533 -6.715503114523 0.866025403784 0.500000000000
-84.927243870444 22.318266433413 0.000000000000 1.000000000000
-80.276329644637 -133.425981133040 0.866025403784 -0.500000000000
24.657164175674 -82.372157197129 0.866025403784 0.500000000000
57.372073980517 -128.060803598020 0.000000000000 1.000000000000
-97.963903048321 -113.989024269218 0.866025403784 -0.500000000000
-175.273571742141 -116.793884103152 0.866025403784 -0.500000000000
0.958283932891 68.039248133709 0.866025403784 -0.500000000000
-26.713063490194 -4.222674962383 0.866025403784 0.500000000000
