#Configurational_file created 2018-09-14 13:58:33  started 2018-09-14 13:58:33 run for 0.0s steps 0
name: p_1070
step: 10000
specie: 20
	particle_diameter: 1.0000000000000000
	interaction_length: 1.2000000000000000
	number_of_patches: 3
	number_of_particles_per_compound: 1
	rod_length: 1.0000000000000000
	interaction_matrix:  1.000000 1.000000 1.000000 1.000000 1.000000 1.000000 1.000000 1.000000 1.000000
	patch_type: symmetric
	patch_width: 8.0000000000000000
	patch_angle: 0.0000000000000000
	angles:  0.000000 0.000000 0.000000
	grand_canonical: 0
	chemical_potential: 0.0000000000000000
box: 14.055689 14.055689
copy: 1.000000 1.000000
epsilon: 0.3448280000000000
end_epsilon: 0.0000000000000000
pressure: 0.3275870000000000
lambda: 0.0000000000000000
lambda_coupling: 1.0000000000000000
uy: 0.0000000000000000
maximum_displacement: 1.0000000000000000
maximum_rotation: 1.0000000000000000
maximum_volume: 1.0000000000000000
maximum_shape: 0.0000001000000000
maximum_dsigma: 0.0100000000000000
mod: 10
pmod: 10
optimize: 1
verbose: 1
snapshot: 0
display: 1
explore: 1
npt: 1
nptxy: 0
nptdxdy: 0
shape: 0
seed: 1219381
-190.568900934726 23.906526185872 0.866025403784 0.500000000000
-22.645431810624 29.463375561935 0.000000000000 1.000000000000
-130.405989041177 -115.360160692808 0.000000000000 1.000000000000
-73.878005826004 -22.549197016287 0.866025403784 0.500000000000
-44.018536975578 24.587433403719 0.866025403784 -0.500000000000
-32.202994573496 -5.017680031315 0.866025403784 0.500000000000
21.787335465099 -14.800327872868 0.866025403784 0.500000000000
68.113611800293 101.492634717028 0.866025403784 -0.500000000000
61.196577508438 95.961167353724 0.866025403784 0.500000000000
-19.696872673949 -134.694902787424 0.866025403784 -0.500000000000
149.101159681025 -116.301025177946 0.866025403784 0.500000000000
116.263326637427 -47.493824360088 0.000000000000 1.000000000000
-1.899687444233 -75.874797648365 0.866025403784 0.500000000000
-89.890090491843 -24.340577257207 0.000000000000 1.000000000000
159.840493923254 -101.469685318843 0.000000000000 1.000000000000
9.213167234402 -53.922928157114 0.866025403784 0.500000000000
-14.107834631935 37.648199415705 0.866025403784 -0.500000000000
-45.651831404219 -79.927931453724 0.866025403784 0.500000000000
-11.892372120125 -113.385272968139 0.866025403784 0.500000000000
76.474103056233 92.939230031364 0.000000000000 1.000000000000
