#Configurational_file created 2018-09-14 13:58:23  started 2018-09-14 13:58:22 run for 1.0s steps 0
name: p_1055
step: 10000
specie: 20
	particle_diameter: 1.0000000000000000
	interaction_length: 1.2000000000000000
	number_of_patches: 3
	number_of_particles_per_compound: 1
	rod_length: 1.0000000000000000
	interaction_matrix:  1.000000 1.000000 1.000000 1.000000 1.000000 1.000000 1.000000 1.000000 1.000000
	patch_type: symmetric
	patch_width: 8.0000000000000000
	patch_angle: 0.0000000000000000
	angles:  0.000000 0.000000 0.000000
	grand_canonical: 0
	chemical_potential: 0.0000000000000000
box: 28.162859 28.162859
copy: 1.000000 1.000000
epsilon: 0.3448280000000000
end_epsilon: 0.0000000000000000
pressure: 0.0689660000000000
lambda: 0.0000000000000000
lambda_coupling: 1.0000000000000000
uy: 0.0000000000000000
maximum_displacement: 1.0000000000000000
maximum_rotation: 1.0000000000000000
maximum_volume: 1.0000000000000000
maximum_shape: 0.0000001000000000
maximum_dsigma: 0.0100000000000000
mod: 10
pmod: 10
optimize: 1
verbose: 1
snapshot: 0
display: 1
explore: 1
npt: 1
nptxy: 0
nptdxdy: 0
shape: 0
seed: 1202326
35.131322702070 -79.456151783898 0.000000000000 1.000000000000
-93.240578335214 18.072889897291 0.000000000000 1.000000000000
29.934217850010 -63.265005978375 0.866025403784 0.500000000000
41.323637833997 31.714031232586 0.866025403784 -0.500000000000
-48.396649670618 180.945979513283 0.000000000000 1.000000000000
115.526776189376 74.311110647804 0.866025403784 0.500000000000
43.158177487682 -52.253117896866 0.000000000000 1.000000000000
-153.573791014051 320.318041182117 0.866025403784 0.500000000000
-126.722831080155 -35.959568976372 0.000000000000 1.000000000000
-256.499811934251 -122.529850961464 0.866025403784 0.500000000000
79.756510969664 11.251158026865 0.866025403784 -0.500000000000
52.690283355970 -173.066445884554 0.000000000000 1.000000000000
156.680622147409 0.580079065571 0.866025403784 0.500000000000
79.721483088165 100.278680891487 0.866025403784 0.500000000000
-336.360249087395 -68.691603123094 0.866025403784 0.500000000000
-56.740538307671 28.725603006530 0.866025403784 0.500000000000
170.747821141549 8.267090512909 0.866025403784 0.500000000000
-10.899058554032 6.037778015347 0.866025403784 0.500000000000
-87.367779044758 20.905009172760 0.866025403784 0.500000000000
-66.346495206638 62.419714641037 0.866025403784 -0.500000000000
