#Configurational_file created 2018-09-14 12:02:49  started 2018-09-14 12:02:49 run for 0.0s steps 0
name: p_1064
step: 10000
specie: 20
	particle_diameter: 1.0000000000000000
	interaction_length: 1.2000000000000000
	number_of_patches: 3
	number_of_particles_per_compound: 1
	rod_length: 1.0000000000000000
	interaction_matrix:  1.000000 1.000000 1.000000 1.000000 1.000000 1.000000 1.000000 1.000000 1.000000
	patch_type: symmetric
	patch_width: 8.0000000000000000
	patch_angle: 0.0000000000000000
	angles:  0.000000 0.000000 0.000000
	grand_canonical: 0
	chemical_potential: 0.0000000000000000
box: 44.794134 44.794134
copy: 1.000000 1.000000
epsilon: 0.0354170000000000
end_epsilon: 0.0000000000000000
pressure: 0.0541670000000000
lambda: 0.0000000000000000
lambda_coupling: 1.0000000000000000
uy: 0.0000000000000000
maximum_displacement: 1.0000000000000000
maximum_rotation: 1.0000000000000000
maximum_volume: 1.0000000000000000
maximum_shape: 0.0000001000000000
maximum_dsigma: 0.0100000000000000
mod: 10
pmod: 10
optimize: 1
verbose: 1
snapshot: 0
display: 1
explore: 1
npt: 1
nptxy: 0
nptdxdy: 0
shape: 0
seed: 1212559
-101.302448806289 134.081064852793 0.866025403784 -0.500000000000
196.706913275113 54.220138170866 0.000000000000 1.000000000000
-29.174488327283 -335.720026096541 0.000000000000 1.000000000000
93.146804925087 321.881103364878 0.866025403784 -0.500000000000
549.433806182968 196.327607129442 0.866025403784 0.500000000000
-11.851882484912 -77.582678202717 0.000000000000 1.000000000000
-51.402082544770 -29.782192679709 0.000000000000 1.000000000000
-175.195018968402 315.709524636102 0.866025403784 -0.500000000000
-18.492010343689 129.761965701568 0.866025403784 -0.500000000000
20.973674540569 -55.676066635169 0.866025403784 0.500000000000
254.025570969349 15.095152526288 0.866025403784 0.500000000000
3.755842614273 312.105267409674 0.000000000000 1.000000000000
137.053662504267 330.561236018786 0.866025403784 -0.500000000000
-81.045073685570 142.641213840891 0.000000000000 1.000000000000
-131.479218371196 -32.602954297548 0.866025403784 0.500000000000
-15.394522549750 14.135962733390 0.000000000000 1.000000000000
-153.508616233572 78.485599088956 0.866025403784 -0.500000000000
35.991636112906 -170.714741669989 0.866025403784 -0.500000000000
-74.673964421133 217.644834976216 0.000000000000 1.000000000000
-92.295264228610 202.124177446093 0.000000000000 1.000000000000
