#Configurational_file created 2018-09-14 11:35:25  started 2018-09-14 11:35:24 run for 1.0s steps 0
name: p_1067
step: 10000
specie: 20
	particle_diameter: 1.0000000000000000
	interaction_length: 1.2000000000000000
	number_of_patches: 3
	number_of_particles_per_compound: 1
	rod_length: 1.0000000000000000
	interaction_matrix:  1.000000 1.000000 1.000000 1.000000 1.000000 1.000000 1.000000 1.000000 1.000000
	patch_type: symmetric
	patch_width: 8.0000000000000000
	patch_angle: 0.0000000000000000
	angles:  0.000000 0.000000 0.000000
	grand_canonical: 0
	chemical_potential: 0.0000000000000000
box: 7.553877 7.553877
copy: 1.000000 1.000000
epsilon: 0.3541960000000000
end_epsilon: 0.0000000000000000
pressure: 1.3333670000000000
lambda: 0.0000000000000000
lambda_coupling: 1.0000000000000000
uy: 0.0000000000000000
maximum_displacement: 1.0000000000000000
maximum_rotation: 1.0000000000000000
maximum_volume: 0.8460024429100372
maximum_shape: 0.0000001000000000
maximum_dsigma: 0.0100000000000000
mod: 10
pmod: 10
optimize: 1
verbose: 1
snapshot: 0
display: 1
explore: 1
npt: 1
nptxy: 0
nptdxdy: 0
shape: 0
seed: 1215970
-6.077543517276 125.523602806828 0.866025403784 0.500000000000
77.691198190999 25.603852398005 0.866025403784 -0.500000000000
-86.369759775884 83.442537176793 0.866025403784 0.500000000000
-50.075207703659 -55.905575243691 0.000000000000 1.000000000000
-17.575025402262 -27.344943698830 0.866025403784 -0.500000000000
3.822699850739 -9.112443121886 0.000000000000 1.000000000000
30.573851708535 -31.184874971779 0.866025403784 -0.500000000000
98.172972191806 96.347664388852 0.866025403784 0.500000000000
20.309554358342 95.791917952753 0.866025403784 0.500000000000
-7.625007879770 -10.490617467331 0.000000000000 1.000000000000
-77.719870070215 29.944647425695 0.866025403784 -0.500000000000
52.455145756946 61.006955167403 0.866025403784 -0.500000000000
69.978067250156 47.038975589500 0.000000000000 1.000000000000
-48.839792580029 31.128555732198 0.866025403784 -0.500000000000
-112.892455406192 -66.302357768563 0.866025403784 -0.500000000000
-67.070597015353 -11.656886538461 0.866025403784 0.500000000000
-16.523542394106 -54.465673359907 0.866025403784 -0.500000000000
2.817320281349 85.623257556730 0.866025403784 0.500000000000
-28.509482429091 6.351020581034 0.866025403784 -0.500000000000
31.371052334319 105.580578553551 0.866025403784 -0.500000000000
