#Configurational_file created 2018-09-14 12:02:41  started 2018-09-14 12:02:40 run for 1.0s steps 0
name: p_1052
step: 10000
specie: 20
	particle_diameter: 1.0000000000000000
	interaction_length: 1.2000000000000000
	number_of_patches: 3
	number_of_particles_per_compound: 1
	rod_length: 1.0000000000000000
	interaction_matrix:  1.000000 1.000000 1.000000 1.000000 1.000000 1.000000 1.000000 1.000000 1.000000
	patch_type: symmetric
	patch_width: 8.0000000000000000
	patch_angle: 0.0000000000000000
	angles:  0.000000 0.000000 0.000000
	grand_canonical: 0
	chemical_potential: 0.0000000000000000
box: 50.036933 50.036933
copy: 1.000000 1.000000
epsilon: 0.0354170000000000
end_epsilon: 0.0000000000000000
pressure: 0.0041680000000000
lambda: 0.0000000000000000
lambda_coupling: 1.0000000000000000
uy: 0.0000000000000000
maximum_displacement: 1.0000000000000000
maximum_rotation: 1.0000000000000000
maximum_volume: 1.0000000000000000
maximum_shape: 0.0000001000000000
maximum_dsigma: 0.0100000000000000
mod: 10
pmod: 10
optimize: 1
verbose: 1
snapshot: 0
display: 1
explore: 1
npt: 1
nptxy: 0
nptdxdy: 0
shape: 0
seed: 1198915
327.000660765848 384.065915336807 0.000000000000 1.000000000000
324.775278614222 -214.060242022998 0.866025403784 0.500000000000
264.099548313953 -118.571029509974 0.866025403784 -0.500000000000
113.043110661657 -242.416784641760 0.000000000000 1.000000000000
-11.150794565033 -18.866425070990 0.866025403784 0.500000000000
134.767511485394 168.301643788681 0.866025403784 -0.500000000000
258.076751717527 80.414918699004 0.000000000000 1.000000000000
370.261958457737 317.170790890000 0.866025403784 0.500000000000
52.346304384517 91.687470863166 0.866025403784 -0.500000000000
-350.788674260609 177.178616853631 0.866025403784 -0.500000000000
169.121806970073 170.741045428139 0.866025403784 0.500000000000
120.490473147410 254.863483847932 0.866025403784 -0.500000000000
68.598490453300 -90.464466747103 0.866025403784 0.500000000000
118.419991092587 95.167902305928 0.866025403784 -0.500000000000
-184.828606037233 -30.344048949356 0.866025403784 0.500000000000
313.874466805893 188.622686762639 0.866025403784 -0.500000000000
-173.139520111331 153.720214896313 0.866025403784 -0.500000000000
-21.853354215579 -9.039564721100 0.000000000000 1.000000000000
-38.920992749942 -224.204078773649 0.000000000000 1.000000000000
135.960275701609 33.741319113753 0.000000000000 1.000000000000
