#Configurational_file created 2018-09-14 11:34:34  started 2018-09-14 11:34:34 run for 0.0s steps 0
name: p_1006
step: 10000
specie: 20
	particle_diameter: 1.0000000000000000
	interaction_length: 1.2000000000000000
	number_of_patches: 3
	number_of_particles_per_compound: 1
	rod_length: 1.0000000000000000
	interaction_matrix:  1.000000 1.000000 1.000000 1.000000 1.000000 1.000000 1.000000 1.000000 1.000000
	patch_type: symmetric
	patch_width: 8.0000000000000000
	patch_angle: 0.0000000000000000
	angles:  0.000000 0.000000 0.000000
	grand_canonical: 0
	chemical_potential: 0.0000000000000000
box: 13.169692 13.169692
copy: 1.000000 1.000000
epsilon: 0.3125370000000000
end_epsilon: 0.0000000000000000
pressure: 0.4167460000000000
lambda: 0.0000000000000000
lambda_coupling: 1.0000000000000000
uy: 0.0000000000000000
maximum_displacement: 1.0000000000000000
maximum_rotation: 1.0000000000000000
maximum_volume: 1.0000000000000000
maximum_shape: 0.0000001000000000
maximum_dsigma: 0.0100000000000000
mod: 10
pmod: 10
optimize: 1
verbose: 1
snapshot: 0
display: 1
explore: 1
npt: 1
nptxy: 0
nptdxdy: 0
shape: 0
seed: 1146613
-19.606295830488 4.565264608821 0.866025403784 -0.500000000000
40.228165031030 43.162293390603 0.866025403784 -0.500000000000
-49.821904864439 -84.401893715124 0.866025403784 -0.500000000000
117.831162476903 -41.851861454206 0.000000000000 1.000000000000
66.299375687617 -37.481864569298 0.866025403784 -0.500000000000
144.254869529850 111.232200307837 0.866025403784 0.500000000000
-1.985744305884 20.955071249795 0.866025403784 0.500000000000
37.959897831345 127.540414829888 0.866025403784 0.500000000000
45.894122146209 -30.455906935382 0.000000000000 1.000000000000
67.107003728589 10.335252298291 0.866025403784 -0.500000000000
-22.414485196828 -85.740918314202 0.000000000000 1.000000000000
-1.287231991309 128.188117376007 0.866025403784 -0.500000000000
-55.639673363724 -11.748536246041 0.866025403784 0.500000000000
-1.784024199978 40.540919500411 0.000000000000 1.000000000000
7.552146660918 65.085107655319 0.866025403784 0.500000000000
-83.691879769602 79.242714641942 0.000000000000 1.000000000000
-21.433558799248 -67.069765222784 0.866025403784 0.500000000000
39.923063455695 97.689595331090 0.000000000000 1.000000000000
7.753223143464 125.706210551835 0.000000000000 1.000000000000
-122.189749980119 -8.815312304562 0.000000000000 1.000000000000
