#Configurational_file created 2018-09-14 12:02:31  started 2018-09-14 12:02:30 run for 1.0s steps 0
name: p_1039
step: 10000
specie: 20
	particle_diameter: 1.0000000000000000
	interaction_length: 1.2000000000000000
	number_of_patches: 3
	number_of_particles_per_compound: 1
	rod_length: 1.0000000000000000
	interaction_matrix:  1.000000 1.000000 1.000000 1.000000 1.000000 1.000000 1.000000 1.000000 1.000000
	patch_type: symmetric
	patch_width: 8.0000000000000000
	patch_angle: 0.0000000000000000
	angles:  0.000000 0.000000 0.000000
	grand_canonical: 0
	chemical_potential: 0.0000000000000000
box: 47.086376 47.086376
copy: 1.000000 1.000000
epsilon: 0.0333340000000000
end_epsilon: 0.0000000000000000
pressure: 0.0541670000000000
lambda: 0.0000000000000000
lambda_coupling: 1.0000000000000000
uy: 0.0000000000000000
maximum_displacement: 1.0000000000000000
maximum_rotation: 1.0000000000000000
maximum_volume: 1.0000000000000000
maximum_shape: 0.0000001000000000
maximum_dsigma: 0.0100000000000000
mod: 10
pmod: 10
optimize: 1
verbose: 1
snapshot: 0
display: 1
explore: 1
npt: 1
nptxy: 0
nptdxdy: 0
shape: 0
seed: 1184134
149.559363067292 -72.451130531169 0.866025403784 0.500000000000
231.840274727676 -80.136768787413 0.866025403784 0.500000000000
0.135661405756 -15.932128254607 0.000000000000 1.000000000000
-117.818765442710 38.693144267451 0.866025403784 0.500000000000
-357.923601908907 94.449469328968 0.866025403784 -0.500000000000
221.257037887779 12.163620915880 0.866025403784 0.500000000000
-114.940991285486 -28.418386589117 0.866025403784 0.500000000000
91.309106574903 -153.425536896272 0.866025403784 -0.500000000000
-229.910838163205 -105.555276772255 0.866025403784 -0.500000000000
63.602537588213 68.585226388849 0.000000000000 1.000000000000
-53.263987333816 30.223650028977 0.866025403784 -0.500000000000
166.230586129124 -88.246835824956 0.000000000000 1.000000000000
195.536439283883 226.488184524587 0.866025403784 0.500000000000
45.445966532949 95.380316147943 0.866025403784 0.500000000000
-38.721977267196 388.482246824528 0.866025403784 -0.500000000000
9.203876028598 -142.747720053065 0.866025403784 0.500000000000
193.752964267752 109.586013914073 0.866025403784 -0.500000000000
40.797926658290 -142.435522107003 0.866025403784 0.500000000000
-54.087741513619 -41.478301270862 0.000000000000 1.000000000000
32.417587914572 269.358727321644 0.866025403784 0.500000000000
