#Configurational_file created 2018-09-14 13:57:49  started 2018-09-14 13:57:49 run for 0.0s steps 0
name: p_1006
step: 10000
specie: 20
	particle_diameter: 1.0000000000000000
	interaction_length: 1.2000000000000000
	number_of_patches: 3
	number_of_particles_per_compound: 1
	rod_length: 1.0000000000000000
	interaction_matrix:  1.000000 1.000000 1.000000 1.000000 1.000000 1.000000 1.000000 1.000000 1.000000
	patch_type: symmetric
	patch_width: 8.0000000000000000
	patch_angle: 0.0000000000000000
	angles:  0.000000 0.000000 0.000000
	grand_canonical: 0
	chemical_potential: 0.0000000000000000
box: 16.291920 16.291920
copy: 1.000000 1.000000
epsilon: 0.2068970000000000
end_epsilon: 0.0000000000000000
pressure: 0.2586210000000000
lambda: 0.0000000000000000
lambda_coupling: 1.0000000000000000
uy: 0.0000000000000000
maximum_displacement: 1.0000000000000000
maximum_rotation: 1.0000000000000000
maximum_volume: 1.0000000000000000
maximum_shape: 0.0000001000000000
maximum_dsigma: 0.0100000000000000
mod: 10
pmod: 10
optimize: 1
verbose: 1
snapshot: 0
display: 1
explore: 1
npt: 1
nptxy: 0
nptdxdy: 0
shape: 0
seed: 1146613
15.614824712623 1.864313720424 0.866025403784 0.500000000000
12.637361584453 21.329473976339 0.866025403784 0.500000000000
128.280081999183 10.845396850377 0.866025403784 0.500000000000
40.654827455984 107.165198371816 0.866025403784 -0.500000000000
81.655328224774 -92.918521514212 0.866025403784 0.500000000000
-29.482985157572 95.404003706285 0.000000000000 1.000000000000
4.222823945786 59.342490668512 0.866025403784 -0.500000000000
-93.633024444923 113.040302935391 0.000000000000 1.000000000000
-128.810901224611 77.733597755478 0.866025403784 -0.500000000000
31.271364042574 -72.475147555666 0.000000000000 1.000000000000
-71.956705191195 89.148435232727 0.866025403784 -0.500000000000
68.600299803292 145.102985178186 0.866025403784 0.500000000000
-182.413532549766 44.664486656689 0.866025403784 0.500000000000
165.977595207216 18.677198996879 0.866025403784 0.500000000000
98.252388173361 89.045642594849 0.866025403784 -0.500000000000
-106.166421050719 -75.136757959348 0.866025403784 0.500000000000
-3.302340961748 -19.140983909046 0.000000000000 1.000000000000
0.515613118465 58.980870321639 0.866025403784 0.500000000000
11.758616461377 88.116793326058 0.866025403784 0.500000000000
-40.764740997972 48.175077107675 0.866025403784 0.500000000000
