#Configurational_file created 2018-09-14 12:02:40  started 2018-09-14 12:02:39 run for 1.0s steps 0
name: p_1051
step: 10000
specie: 20
	particle_diameter: 1.0000000000000000
	interaction_length: 1.2000000000000000
	number_of_patches: 3
	number_of_particles_per_compound: 1
	rod_length: 1.0000000000000000
	interaction_matrix:  1.000000 1.000000 1.000000 1.000000 1.000000 1.000000 1.000000 1.000000 1.000000
	patch_type: symmetric
	patch_width: 8.0000000000000000
	patch_angle: 0.0000000000000000
	angles:  0.000000 0.000000 0.000000
	grand_canonical: 0
	chemical_potential: 0.0000000000000000
box: 50.266010 50.266010
copy: 1.000000 1.000000
epsilon: 0.0354170000000000
end_epsilon: 0.0000000000000000
pressure: 0.0000010000000000
lambda: 0.0000000000000000
lambda_coupling: 1.0000000000000000
uy: 0.0000000000000000
maximum_displacement: 1.0000000000000000
maximum_rotation: 1.0000000000000000
maximum_volume: 1.0000000000000000
maximum_shape: 0.0000001000000000
maximum_dsigma: 0.0100000000000000
mod: 10
pmod: 10
optimize: 1
verbose: 1
snapshot: 0
display: 1
explore: 1
npt: 1
nptxy: 0
nptdxdy: 0
shape: 0
seed: 1197778
146.861563186859 -141.466648518273 0.866025403784 -0.500000000000
-128.556555750308 145.233489963433 0.866025403784 0.500000000000
-37.858871392784 -161.791730720160 0.866025403784 -0.500000000000
-282.694733268245 -107.943442231614 0.866025403784 -0.500000000000
-54.762611340408 -17.573172148123 0.866025403784 0.500000000000
66.852634059575 -253.993927851013 0.866025403784 -0.500000000000
267.781321242397 363.009755616883 0.866025403784 0.500000000000
47.364030480445 -32.094225811763 0.866025403784 0.500000000000
123.180012933517 -22.336627857464 0.000000000000 1.000000000000
-239.725451964530 -76.857454932916 0.866025403784 0.500000000000
-172.451776162699 -167.484623293115 0.866025403784 0.500000000000
-9.239024053488 103.083553989575 0.000000000000 1.000000000000
-349.340928001018 -75.202331241515 0.000000000000 1.000000000000
171.080411728061 289.125673914980 0.866025403784 -0.500000000000
-170.122717267555 11.020170292138 0.866025403784 -0.500000000000
74.076464421546 51.360397652534 0.866025403784 -0.500000000000
-265.891976938108 -169.449867655354 0.000000000000 1.000000000000
-318.529420333987 -31.532968599040 0.866025403784 -0.500000000000
33.245746027516 8.271011347183 0.866025403784 -0.500000000000
216.852027283682 275.039908732562 0.000000000000 1.000000000000
