#Configurational_file created 2018-09-14 12:02:10  started 2018-09-14 12:02:09 run for 1.0s steps 0
name: p_1010
step: 10000
specie: 20
	particle_diameter: 1.0000000000000000
	interaction_length: 1.2000000000000000
	number_of_patches: 3
	number_of_particles_per_compound: 1
	rod_length: 1.0000000000000000
	interaction_matrix:  1.000000 1.000000 1.000000 1.000000 1.000000 1.000000 1.000000 1.000000 1.000000
	patch_type: symmetric
	patch_width: 8.0000000000000000
	patch_angle: 0.0000000000000000
	angles:  0.000000 0.000000 0.000000
	grand_canonical: 0
	chemical_potential: 0.0000000000000000
box: 46.473882 46.473882
copy: 1.000000 1.000000
epsilon: 0.0312500000000000
end_epsilon: 0.0000000000000000
pressure: 0.0375010000000000
lambda: 0.0000000000000000
lambda_coupling: 1.0000000000000000
uy: 0.0000000000000000
maximum_displacement: 1.0000000000000000
maximum_rotation: 1.0000000000000000
maximum_volume: 1.0000000000000000
maximum_shape: 0.0000001000000000
maximum_dsigma: 0.0100000000000000
mod: 10
pmod: 10
optimize: 1
verbose: 1
snapshot: 0
display: 1
explore: 1
npt: 1
nptxy: 0
nptdxdy: 0
shape: 0
seed: 1151161
166.209082228944 49.826917275726 0.866025403784 -0.500000000000
-44.331077512899 -216.995201856631 0.866025403784 0.500000000000
123.185948549149 -122.431525589184 0.866025403784 -0.500000000000
77.114011932579 8.569289766350 0.866025403784 -0.500000000000
-37.022004357158 -168.306459144073 0.866025403784 -0.500000000000
-285.959284511661 -147.338054331674 0.866025403784 0.500000000000
-218.810848595423 51.914536009994 0.000000000000 1.000000000000
-41.540893815428 -70.018977645515 0.000000000000 1.000000000000
102.783263581523 -200.590478726100 0.866025403784 -0.500000000000
133.237491264289 95.602487736642 0.866025403784 -0.500000000000
-86.912906864464 30.103766396855 0.866025403784 -0.500000000000
141.177270427910 68.250139612972 0.000000000000 1.000000000000
34.904874205165 -142.377150139958 0.866025403784 0.500000000000
95.098439199414 -155.926484063589 0.866025403784 0.500000000000
111.627881169939 -111.077434813481 0.866025403784 0.500000000000
331.199344723319 -222.559741735883 0.000000000000 1.000000000000
-145.541327768011 248.917016035279 0.866025403784 -0.500000000000
8.362473069688 -25.472009723423 0.866025403784 -0.500000000000
-72.046174203353 82.260897191648 0.000000000000 1.000000000000
263.385685428780 153.712473206902 0.000000000000 1.000000000000
