#Configurational_file created 2018-09-14 13:58:53  started 2018-09-14 13:58:52 run for 1.0s steps 0
name: p_1098
step: 10000
specie: 20
	particle_diameter: 1.0000000000000000
	interaction_length: 1.2000000000000000
	number_of_patches: 3
	number_of_particles_per_compound: 1
	rod_length: 1.0000000000000000
	interaction_matrix:  1.000000 1.000000 1.000000 1.000000 1.000000 1.000000 1.000000 1.000000 1.000000
	patch_type: symmetric
	patch_width: 8.0000000000000000
	patch_angle: 0.0000000000000000
	angles:  0.000000 0.000000 0.000000
	grand_canonical: 0
	chemical_potential: 0.0000000000000000
box: 15.886232 15.886232
copy: 1.000000 1.000000
epsilon: 0.4137940000000000
end_epsilon: 0.0000000000000000
pressure: 0.2931040000000000
lambda: 0.0000000000000000
lambda_coupling: 1.0000000000000000
uy: 0.0000000000000000
maximum_displacement: 1.0000000000000000
maximum_rotation: 1.0000000000000000
maximum_volume: 1.0000000000000000
maximum_shape: 0.0000001000000000
maximum_dsigma: 0.0100000000000000
mod: 10
pmod: 10
optimize: 1
verbose: 1
snapshot: 0
display: 1
explore: 1
npt: 1
nptxy: 0
nptdxdy: 0
shape: 0
seed: 1251217
68.320744169036 -167.553303185982 0.866025403784 -0.500000000000
-101.164656924251 85.320552643682 0.000000000000 1.000000000000
-230.832888954710 -148.874678477359 0.866025403784 0.500000000000
72.360172094648 -60.300974291448 0.866025403784 -0.500000000000
16.522524140628 -375.330937140212 0.000000000000 1.000000000000
112.086965245501 -18.764148365568 0.000000000000 1.000000000000
45.474417187698 15.913186025272 0.866025403784 -0.500000000000
-71.405737405538 6.811312842147 0.000000000000 1.000000000000
-17.512822655850 -105.694948868461 0.866025403784 -0.500000000000
-10.573320587693 21.818414522825 0.866025403784 -0.500000000000
204.197757121393 -2.046251837160 0.000000000000 1.000000000000
47.129215097667 -133.859544004670 0.866025403784 -0.500000000000
-34.460139286437 -180.096530906059 0.866025403784 0.500000000000
98.508602211437 66.382508614522 0.866025403784 -0.500000000000
143.348440380379 1.229642321940 0.000000000000 1.000000000000
-19.354047106995 -181.935463177383 0.866025403784 -0.500000000000
-46.770540678927 146.828002451169 0.866025403784 0.500000000000
-188.619611506605 -80.459589011209 0.000000000000 1.000000000000
-195.475881423646 -165.559200542589 0.866025403784 0.500000000000
19.313106578163 64.191314793219 0.866025403784 -0.500000000000
