#Configurational_file created 2018-09-14 13:58:51  started 2018-09-14 13:58:50 run for 1.0s steps 0
name: p_1095
step: 10000
specie: 20
	particle_diameter: 1.0000000000000000
	interaction_length: 1.2000000000000000
	number_of_patches: 3
	number_of_particles_per_compound: 1
	rod_length: 1.0000000000000000
	interaction_matrix:  1.000000 1.000000 1.000000 1.000000 1.000000 1.000000 1.000000 1.000000 1.000000
	patch_type: symmetric
	patch_width: 8.0000000000000000
	patch_angle: 0.0000000000000000
	angles:  0.000000 0.000000 0.000000
	grand_canonical: 0
	chemical_potential: 0.0000000000000000
box: 16.341022 16.341022
copy: 1.000000 1.000000
epsilon: 0.4137940000000000
end_epsilon: 0.0000000000000000
pressure: 0.2413800000000000
lambda: 0.0000000000000000
lambda_coupling: 1.0000000000000000
uy: 0.0000000000000000
maximum_displacement: 1.0000000000000000
maximum_rotation: 1.0000000000000000
maximum_volume: 1.0000000000000000
maximum_shape: 0.0000001000000000
maximum_dsigma: 0.0100000000000000
mod: 10
pmod: 10
optimize: 1
verbose: 1
snapshot: 0
display: 1
explore: 1
npt: 1
nptxy: 0
nptdxdy: 0
shape: 0
seed: 1247806
61.948361334155 39.150010144011 0.000000000000 1.000000000000
53.441335402849 184.712798850988 0.866025403784 0.500000000000
-21.759974442806 109.805284562822 0.866025403784 0.500000000000
-26.476572009974 -45.442077396383 0.000000000000 1.000000000000
-29.887262122119 -14.460200312754 0.000000000000 1.000000000000
8.177636462856 77.799124504549 0.000000000000 1.000000000000
-40.991343922269 188.673523596102 0.866025403784 -0.500000000000
-80.021368179702 173.418160940543 0.000000000000 1.000000000000
107.787069894419 -32.900106467537 0.866025403784 0.500000000000
111.763455120872 98.444177238322 0.866025403784 -0.500000000000
-104.940346185426 68.959224731340 0.866025403784 -0.500000000000
-243.483856611180 -159.733995830093 0.000000000000 1.000000000000
152.616542541266 -38.195620353786 0.000000000000 1.000000000000
-1.731903424521 -108.168244771202 0.000000000000 1.000000000000
200.372360483985 153.172000414177 0.866025403784 0.500000000000
196.637046396012 -107.458931815560 0.866025403784 0.500000000000
-52.705403617224 -40.589341531657 0.866025403784 0.500000000000
10.491674158063 41.646825812212 0.866025403784 0.500000000000
210.394554822395 157.972742738861 0.866025403784 0.500000000000
26.810421378554 10.408697745175 0.000000000000 1.000000000000
