#Configurational_file created 2018-09-14 11:34:32  started 2018-09-14 11:34:31 run for 1.0s steps 0
name: p_1002
step: 10000
specie: 20
	particle_diameter: 1.0000000000000000
	interaction_length: 1.2000000000000000
	number_of_patches: 3
	number_of_particles_per_compound: 1
	rod_length: 1.0000000000000000
	interaction_matrix:  1.000000 1.000000 1.000000 1.000000 1.000000 1.000000 1.000000 1.000000 1.000000
	patch_type: symmetric
	patch_width: 8.0000000000000000
	patch_angle: 0.0000000000000000
	angles:  0.000000 0.000000 0.000000
	grand_canonical: 0
	chemical_potential: 0.0000000000000000
box: 31.931855 31.931855
copy: 1.000000 1.000000
epsilon: 0.3125370000000000
end_epsilon: 0.0000000000000000
pressure: 0.0834290000000000
lambda: 0.0000000000000000
lambda_coupling: 1.0000000000000000
uy: 0.0000000000000000
maximum_displacement: 1.0000000000000000
maximum_rotation: 1.0000000000000000
maximum_volume: 1.0000000000000000
maximum_shape: 0.0000001000000000
maximum_dsigma: 0.0100000000000000
mod: 10
pmod: 10
optimize: 1
verbose: 1
snapshot: 0
display: 1
explore: 1
npt: 1
nptxy: 0
nptdxdy: 0
shape: 0
seed: 1142065
-23.417737959933 256.288953448238 0.866025403784 0.500000000000
-94.071658675900 117.271650424929 0.866025403784 -0.500000000000
-214.171013744017 -72.441051577665 0.866025403784 -0.500000000000
42.334131558211 -40.115996707653 0.866025403784 -0.500000000000
-227.642234055746 41.233596050807 0.866025403784 -0.500000000000
-35.807870730689 165.502219954089 0.000000000000 1.000000000000
107.584875775459 155.189111713780 0.866025403784 0.500000000000
186.581027235082 -148.418768642453 0.000000000000 1.000000000000
-98.134068854795 -186.642776511272 0.866025403784 0.500000000000
120.151179818525 151.117813128069 0.866025403784 0.500000000000
-30.922237742267 20.959448905698 0.866025403784 0.500000000000
92.477431999608 -89.184850337272 0.866025403784 -0.500000000000
124.007784133353 -157.546114016585 0.866025403784 0.500000000000
-272.501528633018 -195.568484495949 0.000000000000 1.000000000000
-13.932514934576 -50.506644532994 0.000000000000 1.000000000000
172.601912618476 -55.163351995636 0.866025403784 -0.500000000000
-19.646967706969 286.507112364062 0.866025403784 -0.500000000000
212.432535149001 -175.169746051799 0.000000000000 1.000000000000
-241.214972123693 248.627566119984 0.866025403784 -0.500000000000
-121.643696993501 54.543248735699 0.000000000000 1.000000000000
