#Configurational_file created 2018-09-14 12:02:59  started 2018-09-14 12:02:58 run for 1.0s steps 0
name: p_1077
step: 10000
specie: 20
	particle_diameter: 1.0000000000000000
	interaction_length: 1.2000000000000000
	number_of_patches: 3
	number_of_particles_per_compound: 1
	rod_length: 1.0000000000000000
	interaction_matrix:  1.000000 1.000000 1.000000 1.000000 1.000000 1.000000 1.000000 1.000000 1.000000
	patch_type: symmetric
	patch_width: 8.0000000000000000
	patch_angle: 0.0000000000000000
	angles:  0.000000 0.000000 0.000000
	grand_canonical: 0
	chemical_potential: 0.0000000000000000
box: 45.895484 45.895484
copy: 1.000000 1.000000
epsilon: 0.0375000000000000
end_epsilon: 0.0000000000000000
pressure: 0.0041680000000000
lambda: 0.0000000000000000
lambda_coupling: 1.0000000000000000
uy: 0.0000000000000000
maximum_displacement: 1.0000000000000000
maximum_rotation: 1.0000000000000000
maximum_volume: 1.0000000000000000
maximum_shape: 0.0000001000000000
maximum_dsigma: 0.0100000000000000
mod: 10
pmod: 10
optimize: 1
verbose: 1
snapshot: 0
display: 1
explore: 1
npt: 1
nptxy: 0
nptdxdy: 0
shape: 0
seed: 1227340
-286.858046670954 177.966417542213 0.866025403784 0.500000000000
-52.873510462921 6.318907515035 0.866025403784 0.500000000000
47.571608999700 -159.716463539127 0.866025403784 0.500000000000
168.318262692918 16.000347684160 0.866025403784 -0.500000000000
-58.168349164057 -219.670535418956 0.866025403784 -0.500000000000
92.024804972156 -24.067528746050 0.866025403784 0.500000000000
183.790217757953 2.213200592786 0.866025403784 0.500000000000
93.592593942546 -46.097854884353 0.000000000000 1.000000000000
-0.820458626993 91.946105699893 0.866025403784 0.500000000000
-165.495320456500 -173.899831246221 0.866025403784 -0.500000000000
231.133862438437 -215.646614736021 0.000000000000 1.000000000000
-127.620458539614 158.076438878234 0.866025403784 -0.500000000000
-222.351892809522 -241.304507743049 0.866025403784 -0.500000000000
-147.614745181837 8.984484347829 0.000000000000 1.000000000000
42.774499695304 9.926552785666 0.866025403784 0.500000000000
-226.943735749122 -83.271886169122 0.000000000000 1.000000000000
194.494375225526 176.881668698128 0.866025403784 -0.500000000000
203.460305643950 -52.843782488024 0.866025403784 -0.500000000000
318.691298998498 -103.866780183404 0.866025403784 0.500000000000
184.789418438228 -171.531807524150 0.000000000000 1.000000000000
