#Configurational_file created 2018-09-14 11:35:00  started 2018-09-14 11:34:59 run for 1.0s steps 0
name: p_1037
step: 10000
specie: 20
	particle_diameter: 1.0000000000000000
	interaction_length: 1.2000000000000000
	number_of_patches: 3
	number_of_particles_per_compound: 1
	rod_length: 1.0000000000000000
	interaction_matrix:  1.000000 1.000000 1.000000 1.000000 1.000000 1.000000 1.000000 1.000000 1.000000
	patch_type: symmetric
	patch_width: 8.0000000000000000
	patch_angle: 0.0000000000000000
	angles:  0.000000 0.000000 0.000000
	grand_canonical: 0
	chemical_potential: 0.0000000000000000
box: 9.580148 9.580148
copy: 1.000000 1.000000
epsilon: 0.3333670000000000
end_epsilon: 0.0000000000000000
pressure: 0.9167210000000000
lambda: 0.0000000000000000
lambda_coupling: 1.0000000000000000
uy: 0.0000000000000000
maximum_displacement: 1.0000000000000000
maximum_rotation: 1.0000000000000000
maximum_volume: 1.0000000000000000
maximum_shape: 0.0000001000000000
maximum_dsigma: 0.0100000000000000
mod: 10
pmod: 10
optimize: 1
verbose: 1
snapshot: 0
display: 1
explore: 1
npt: 1
nptxy: 0
nptdxdy: 0
shape: 0
seed: 1181860
40.627708821941 -128.899915112801 0.000000000000 1.000000000000
-95.460636302293 -121.362850019320 0.866025403784 0.500000000000
-30.128970805438 17.533921537255 0.000000000000 1.000000000000
166.488449040363 -43.463871679623 0.000000000000 1.000000000000
32.206995000238 -57.282089383129 0.866025403784 -0.500000000000
-17.881308745587 11.495137978721 0.866025403784 -0.500000000000
-41.553982442690 -190.725308807961 0.000000000000 1.000000000000
-67.512050778089 96.667894440242 0.000000000000 1.000000000000
19.551185807076 52.875617566435 0.866025403784 -0.500000000000
113.655065495417 -9.415752494293 0.866025403784 0.500000000000
112.917704261929 -72.780946112604 0.866025403784 -0.500000000000
-25.536577906835 31.645412881594 0.000000000000 1.000000000000
-159.917872420093 112.431529912463 0.000000000000 1.000000000000
30.476391161005 7.219723419553 0.000000000000 1.000000000000
-60.780319323368 27.810623891048 0.866025403784 -0.500000000000
-22.289492101843 20.912013014263 0.866025403784 0.500000000000
58.323672083594 8.922808547111 0.866025403784 0.500000000000
85.304713795019 -65.654154496262 0.866025403784 -0.500000000000
-100.461514605434 -59.453649687301 0.000000000000 1.000000000000
8.749267281929 22.568807767363 0.866025403784 -0.500000000000
