#Configurational_file created 2018-09-14 11:35:52  started 2018-09-14 11:35:51 run for 1.0s steps 0
name: p_1098
step: 10000
specie: 20
	particle_diameter: 1.0000000000000000
	interaction_length: 1.2000000000000000
	number_of_patches: 3
	number_of_particles_per_compound: 1
	rod_length: 1.0000000000000000
	interaction_matrix:  1.000000 1.000000 1.000000 1.000000 1.000000 1.000000 1.000000 1.000000 1.000000
	patch_type: symmetric
	patch_width: 8.0000000000000000
	patch_angle: 0.0000000000000000
	angles:  0.000000 0.000000 0.000000
	grand_canonical: 0
	chemical_potential: 0.0000000000000000
box: 7.137905 7.137905
copy: 1.000000 1.000000
epsilon: 0.3750250000000000
end_epsilon: 0.0000000000000000
pressure: 1.8333420000000000
lambda: 0.0000000000000000
lambda_coupling: 1.0000000000000000
uy: 0.0000000000000000
maximum_displacement: 1.0000000000000000
maximum_rotation: 1.0000000000000000
maximum_volume: 0.3833912327109336
maximum_shape: 0.0000001000000000
maximum_dsigma: 0.0100000000000000
mod: 10
pmod: 10
optimize: 1
verbose: 1
snapshot: 0
display: 1
explore: 1
npt: 1
nptxy: 0
nptdxdy: 0
shape: 0
seed: 1251217
-44.525418665319 -88.992570410795 0.866025403784 0.500000000000
-4.405034962362 53.623142048527 0.000000000000 1.000000000000
-29.738350334405 2.903483066370 0.866025403784 0.500000000000
-8.366427506909 -36.024012739335 0.866025403784 -0.500000000000
-74.318800096813 -141.292200663470 0.866025403784 -0.500000000000
-69.576395061129 -42.556578898600 0.866025403784 0.500000000000
29.672682446965 39.687557691660 0.000000000000 1.000000000000
0.820294158125 -23.377907718707 0.000000000000 1.000000000000
-102.327705331068 61.183417718606 0.866025403784 -0.500000000000
20.264235299453 -27.602022071466 0.866025403784 -0.500000000000
-7.438397964022 -94.639646423062 0.866025403784 0.500000000000
-61.554194085868 -44.066276068951 0.866025403784 -0.500000000000
-142.991917906589 24.690739295209 0.866025403784 -0.500000000000
-74.833519302750 -2.869061895343 0.866025403784 0.500000000000
22.207361450658 -11.911826653756 0.866025403784 0.500000000000
-23.480673622371 -108.275503543086 0.866025403784 -0.500000000000
41.634632216375 84.369181160964 0.866025403784 0.500000000000
9.230377966438 16.237346938247 0.866025403784 -0.500000000000
35.724668688740 7.473093962306 0.000000000000 1.000000000000
-14.824234628984 -91.471792620392 0.000000000000 1.000000000000
