#Configurational_file created 2018-09-14 12:02:21  started 2018-09-14 12:02:20 run for 1.0s steps 0
name: p_1025
step: 10000
specie: 20
	particle_diameter: 1.0000000000000000
	interaction_length: 1.2000000000000000
	number_of_patches: 3
	number_of_particles_per_compound: 1
	rod_length: 1.0000000000000000
	interaction_matrix:  1.000000 1.000000 1.000000 1.000000 1.000000 1.000000 1.000000 1.000000 1.000000
	patch_type: symmetric
	patch_width: 8.0000000000000000
	patch_angle: 0.0000000000000000
	angles:  0.000000 0.000000 0.000000
	grand_canonical: 0
	chemical_potential: 0.0000000000000000
box: 46.870415 46.870415
copy: 1.000000 1.000000
epsilon: 0.0312500000000000
end_epsilon: 0.0000000000000000
pressure: 0.1000000000000000
lambda: 0.0000000000000000
lambda_coupling: 1.0000000000000000
uy: 0.0000000000000000
maximum_displacement: 1.0000000000000000
maximum_rotation: 1.0000000000000000
maximum_volume: 1.0000000000000000
maximum_shape: 0.0000001000000000
maximum_dsigma: 0.0100000000000000
mod: 10
pmod: 10
optimize: 1
verbose: 1
snapshot: 0
display: 1
explore: 1
npt: 1
nptxy: 0
nptdxdy: 0
shape: 0
seed: 1168216
69.525964372995 -147.100986899663 0.000000000000 1.000000000000
99.800276082269 -37.485459906741 0.866025403784 0.500000000000
242.505677365535 326.434714716793 0.866025403784 0.500000000000
125.484423188290 56.388627766475 0.000000000000 1.000000000000
94.300512674413 49.976169324550 0.866025403784 0.500000000000
279.877818715429 139.310746451304 0.866025403784 -0.500000000000
-11.130320278918 -200.738654082811 0.000000000000 1.000000000000
278.633560660520 -3.613981544397 0.866025403784 -0.500000000000
-9.683282465410 12.223879847277 0.866025403784 0.500000000000
116.481179687451 -133.010682711860 0.866025403784 -0.500000000000
103.099185934773 -269.242315020194 0.000000000000 1.000000000000
-54.944766307876 -64.478687565515 0.866025403784 0.500000000000
101.381608857082 -121.255185633601 0.000000000000 1.000000000000
-103.588401535961 177.543796785017 0.866025403784 0.500000000000
2.710184867937 28.924369442756 0.866025403784 -0.500000000000
-112.226435764451 27.991891594714 0.866025403784 0.500000000000
-21.672099164141 147.452186032951 0.000000000000 1.000000000000
72.575422157749 -143.656226717241 0.866025403784 0.500000000000
-23.257397637452 -95.966504797668 0.000000000000 1.000000000000
58.653819073013 -187.271621116099 0.866025403784 -0.500000000000
