#Configurational_file created 2018-09-14 12:02:14  started 2018-09-14 12:02:13 run for 1.0s steps 0
name: p_1015
step: 10000
specie: 20
	particle_diameter: 1.0000000000000000
	interaction_length: 1.2000000000000000
	number_of_patches: 3
	number_of_particles_per_compound: 1
	rod_length: 1.0000000000000000
	interaction_matrix:  1.000000 1.000000 1.000000 1.000000 1.000000 1.000000 1.000000 1.000000 1.000000
	patch_type: symmetric
	patch_width: 8.0000000000000000
	patch_angle: 0.0000000000000000
	angles:  0.000000 0.000000 0.000000
	grand_canonical: 0
	chemical_potential: 0.0000000000000000
box: 49.043270 49.043270
copy: 1.000000 1.000000
epsilon: 0.0312500000000000
end_epsilon: 0.0000000000000000
pressure: 0.0583340000000000
lambda: 0.0000000000000000
lambda_coupling: 1.0000000000000000
uy: 0.0000000000000000
maximum_displacement: 1.0000000000000000
maximum_rotation: 1.0000000000000000
maximum_volume: 1.0000000000000000
maximum_shape: 0.0000001000000000
maximum_dsigma: 0.0100000000000000
mod: 10
pmod: 10
optimize: 1
verbose: 1
snapshot: 0
display: 1
explore: 1
npt: 1
nptxy: 0
nptdxdy: 0
shape: 0
seed: 1156846
230.116048210803 1.877328633382 0.000000000000 1.000000000000
-76.689099331496 155.431464801143 0.866025403784 0.500000000000
-183.687869304924 -60.616215357791 0.866025403784 -0.500000000000
33.095185327986 319.275730251046 0.866025403784 0.500000000000
-287.588426522783 -140.366139256003 0.866025403784 0.500000000000
83.299709431211 -8.455555709094 0.866025403784 -0.500000000000
142.850894582708 46.600491611839 0.000000000000 1.000000000000
170.227016917281 -310.142389895914 0.866025403784 0.500000000000
296.581542366278 65.577313972625 0.866025403784 0.500000000000
-385.345072048248 -366.134503490196 0.866025403784 -0.500000000000
209.312676048400 -372.879836100379 0.866025403784 0.500000000000
-105.637720037014 139.920741892239 0.000000000000 1.000000000000
61.965648547274 194.487417579473 0.866025403784 0.500000000000
-23.526535311848 184.957277425624 0.000000000000 1.000000000000
-247.021667157223 141.037994384069 0.000000000000 1.000000000000
7.707581920389 146.901042780598 0.866025403784 0.500000000000
23.368755312338 -76.868077390018 0.866025403784 0.500000000000
-52.824952186138 -46.009451850924 0.866025403784 -0.500000000000
15.028846546038 -220.971797623579 0.866025403784 0.500000000000
255.956248528199 27.953484007479 0.866025403784 -0.500000000000
