#Configurational_file created 2018-09-14 13:57:53  started 2018-09-14 13:57:53 run for 0.0s steps 0
name: p_1012
step: 10000
specie: 20
	particle_diameter: 1.0000000000000000
	interaction_length: 1.2000000000000000
	number_of_patches: 3
	number_of_particles_per_compound: 1
	rod_length: 1.0000000000000000
	interaction_matrix:  1.000000 1.000000 1.000000 1.000000 1.000000 1.000000 1.000000 1.000000 1.000000
	patch_type: symmetric
	patch_width: 8.0000000000000000
	patch_angle: 0.0000000000000000
	angles:  0.000000 0.000000 0.000000
	grand_canonical: 0
	chemical_potential: 0.0000000000000000
box: 18.089562 18.089562
copy: 1.000000 1.000000
epsilon: 0.2068970000000000
end_epsilon: 0.0000000000000000
pressure: 0.3620690000000000
lambda: 0.0000000000000000
lambda_coupling: 1.0000000000000000
uy: 0.0000000000000000
maximum_displacement: 1.0000000000000000
maximum_rotation: 1.0000000000000000
maximum_volume: 1.0000000000000000
maximum_shape: 0.0000001000000000
maximum_dsigma: 0.0100000000000000
mod: 10
pmod: 10
optimize: 1
verbose: 1
snapshot: 0
display: 1
explore: 1
npt: 1
nptxy: 0
nptdxdy: 0
shape: 0
seed: 1153435
-113.050264226278 -17.047359072218 0.000000000000 1.000000000000
-23.296894743511 64.692385676762 0.866025403784 0.500000000000
-150.267118391357 57.239707217536 0.866025403784 -0.500000000000
61.475641501144 -16.891661542943 0.866025403784 0.500000000000
25.400610363466 -94.515889686549 0.000000000000 1.000000000000
72.266462358444 -150.502730637365 0.866025403784 -0.500000000000
237.498284841537 106.479538305583 0.000000000000 1.000000000000
79.867423297889 -32.157486711904 0.866025403784 -0.500000000000
190.567522459473 -57.387821323577 0.866025403784 0.500000000000
-63.398199132166 75.266467342963 0.866025403784 0.500000000000
37.415915420788 -113.225499393416 0.000000000000 1.000000000000
17.424278279597 10.134509046478 0.866025403784 0.500000000000
-35.145190350165 10.405007894126 0.000000000000 1.000000000000
131.770933584262 23.259463560322 0.000000000000 1.000000000000
51.720339537534 -257.248157032572 0.866025403784 0.500000000000
161.007306296053 12.639952522171 0.866025403784 -0.500000000000
52.995103353224 44.976477650586 0.866025403784 0.500000000000
78.149435902267 46.715307720046 0.000000000000 1.000000000000
-3.581236807160 22.507499111460 0.866025403784 -0.500000000000
14.225708168925 32.429446603482 0.866025403784 -0.500000000000
