#Configurational_file created 2018-09-14 11:34:33  started 2018-09-14 11:34:32 run for 1.0s steps 0
name: p_1004
step: 10000
specie: 20
	particle_diameter: 1.0000000000000000
	interaction_length: 1.2000000000000000
	number_of_patches: 3
	number_of_particles_per_compound: 1
	rod_length: 1.0000000000000000
	interaction_matrix:  1.000000 1.000000 1.000000 1.000000 1.000000 1.000000 1.000000 1.000000 1.000000
	patch_type: symmetric
	patch_width: 8.0000000000000000
	patch_angle: 0.0000000000000000
	angles:  0.000000 0.000000 0.000000
	grand_canonical: 0
	chemical_potential: 0.0000000000000000
box: 17.376494 17.376494
copy: 1.000000 1.000000
epsilon: 0.3125370000000000
end_epsilon: 0.0000000000000000
pressure: 0.2500870000000000
lambda: 0.0000000000000000
lambda_coupling: 1.0000000000000000
uy: 0.0000000000000000
maximum_displacement: 1.0000000000000000
maximum_rotation: 1.0000000000000000
maximum_volume: 1.0000000000000000
maximum_shape: 0.0000001000000000
maximum_dsigma: 0.0100000000000000
mod: 10
pmod: 10
optimize: 1
verbose: 1
snapshot: 0
display: 1
explore: 1
npt: 1
nptxy: 0
nptdxdy: 0
shape: 0
seed: 1144339
34.785927989251 72.324670819649 0.000000000000 1.000000000000
100.397852885308 -163.651844036569 0.866025403784 0.500000000000
127.654141924286 -136.469067293431 0.866025403784 -0.500000000000
-11.806046895135 118.709934349467 0.866025403784 0.500000000000
-42.031074527655 78.606690368214 0.866025403784 -0.500000000000
170.280784773969 102.808803420028 0.866025403784 0.500000000000
144.729890463672 1.946692046504 0.000000000000 1.000000000000
35.497940788607 -86.902923143287 0.000000000000 1.000000000000
64.188945274523 -149.241421181946 0.866025403784 0.500000000000
113.703993778296 99.553642613138 0.866025403784 0.500000000000
146.855855526811 -120.253368446691 0.866025403784 -0.500000000000
49.227490048993 19.649098180490 0.000000000000 1.000000000000
-91.013049138669 53.371541320934 0.866025403784 0.500000000000
-11.743354153542 86.758979829056 0.866025403784 -0.500000000000
40.993884721429 -68.697184120956 0.000000000000 1.000000000000
13.012024374218 31.975966753289 0.866025403784 0.500000000000
32.661509912678 66.590007041741 0.866025403784 0.500000000000
-37.303754291819 53.325998188335 0.000000000000 1.000000000000
74.094480193602 81.264500624875 0.866025403784 0.500000000000
-59.695556667841 31.355301610090 0.866025403784 -0.500000000000
