#Configurational_file created 2018-09-14 11:35:50  started 2018-09-14 11:35:49 run for 1.0s steps 0
name: p_1096
step: 10000
specie: 20
	particle_diameter: 1.0000000000000000
	interaction_length: 1.2000000000000000
	number_of_patches: 3
	number_of_particles_per_compound: 1
	rod_length: 1.0000000000000000
	interaction_matrix:  1.000000 1.000000 1.000000 1.000000 1.000000 1.000000 1.000000 1.000000 1.000000
	patch_type: symmetric
	patch_width: 8.0000000000000000
	patch_angle: 0.0000000000000000
	angles:  0.000000 0.000000 0.000000
	grand_canonical: 0
	chemical_potential: 0.0000000000000000
box: 8.228497 8.228497
copy: 1.000000 1.000000
epsilon: 0.3750250000000000
end_epsilon: 0.0000000000000000
pressure: 1.6666829999999999
lambda: 0.0000000000000000
lambda_coupling: 1.0000000000000000
uy: 0.0000000000000000
maximum_displacement: 1.0000000000000000
maximum_rotation: 1.0000000000000000
maximum_volume: 0.5480206731798861
maximum_shape: 0.0000001000000000
maximum_dsigma: 0.0100000000000000
mod: 10
pmod: 10
optimize: 1
verbose: 1
snapshot: 0
display: 1
explore: 1
npt: 1
nptxy: 0
nptdxdy: 0
shape: 0
seed: 1248943
12.379039089717 146.048918338501 0.000000000000 1.000000000000
-16.373157357733 -58.287459705577 0.866025403784 -0.500000000000
-59.766483248554 53.937867837616 0.866025403784 -0.500000000000
56.870567287824 60.172115593959 0.866025403784 0.500000000000
-181.876689329193 -36.012020156533 0.866025403784 -0.500000000000
-32.397557133658 5.443550154222 0.866025403784 0.500000000000
59.351061314086 28.408819045355 0.866025403784 0.500000000000
27.781871810349 -52.749811241147 0.866025403784 -0.500000000000
-21.588367799870 52.560700677384 0.000000000000 1.000000000000
-38.777608783480 -64.776180284794 0.866025403784 -0.500000000000
17.498591888314 -25.738199401416 0.866025403784 0.500000000000
-2.926168622375 35.122870214760 0.000000000000 1.000000000000
-36.119617522071 74.674518064157 0.866025403784 -0.500000000000
9.306293899715 30.675734794077 0.000000000000 1.000000000000
-99.473556502255 15.276609679991 0.000000000000 1.000000000000
-59.507272095257 85.477675816395 0.866025403784 0.500000000000
33.261125273817 -45.680030799826 0.866025403784 -0.500000000000
47.694923874898 -80.806811498343 0.000000000000 1.000000000000
-96.314860907666 94.988493230482 0.000000000000 1.000000000000
43.769192792421 32.587471904557 0.866025403784 0.500000000000
