#Configurational_file created 2018-09-14 11:35:32  started 2018-09-14 11:35:31 run for 1.0s steps 0
name: p_1074
step: 10000
specie: 20
	particle_diameter: 1.0000000000000000
	interaction_length: 1.2000000000000000
	number_of_patches: 3
	number_of_particles_per_compound: 1
	rod_length: 1.0000000000000000
	interaction_matrix:  1.000000 1.000000 1.000000 1.000000 1.000000 1.000000 1.000000 1.000000 1.000000
	patch_type: symmetric
	patch_width: 8.0000000000000000
	patch_angle: 0.0000000000000000
	angles:  0.000000 0.000000 0.000000
	grand_canonical: 0
	chemical_potential: 0.0000000000000000
box: 7.871328 7.871328
copy: 1.000000 1.000000
epsilon: 0.3541960000000000
end_epsilon: 0.0000000000000000
pressure: 1.9166710000000000
lambda: 0.0000000000000000
lambda_coupling: 1.0000000000000000
uy: 0.0000000000000000
maximum_displacement: 1.0000000000000000
maximum_rotation: 1.0000000000000000
maximum_volume: 0.4898924560974864
maximum_shape: 0.0000001000000000
maximum_dsigma: 0.0100000000000000
mod: 10
pmod: 10
optimize: 1
verbose: 1
snapshot: 0
display: 1
explore: 1
npt: 1
nptxy: 0
nptdxdy: 0
shape: 0
seed: 1223929
13.995285564941 12.270284648459 0.866025403784 0.500000000000
-40.876355564767 -81.067214782113 0.000000000000 1.000000000000
123.695436341877 -42.398492154333 0.866025403784 -0.500000000000
77.590030234534 24.695407907036 0.000000000000 1.000000000000
-170.781209604744 8.115069154895 0.866025403784 -0.500000000000
33.260156374459 -14.128366885784 0.866025403784 -0.500000000000
59.147564794243 31.619069200167 0.866025403784 -0.500000000000
-92.546329306920 -40.195216101943 0.000000000000 1.000000000000
94.094373011382 88.784500470483 0.866025403784 -0.500000000000
27.867936520255 11.929404630385 0.866025403784 0.500000000000
61.835127371910 34.472453548025 0.866025403784 -0.500000000000
-83.749637343972 1.440226929736 0.866025403784 -0.500000000000
4.737849576879 6.540119064312 0.866025403784 -0.500000000000
39.622517019056 29.561154540529 0.000000000000 1.000000000000
39.792376768558 -62.175444761606 0.000000000000 1.000000000000
3.626208727295 -71.195840095991 0.866025403784 0.500000000000
-4.701695711574 -20.882810878395 0.866025403784 -0.500000000000
-32.534861540614 72.164862561365 0.866025403784 -0.500000000000
-59.209867915634 14.040540628583 0.866025403784 0.500000000000
70.812958001682 -50.796036997616 0.000000000000 1.000000000000
