#Configurational_file created 2018-09-14 12:02:37  started 2018-09-14 12:02:36 run for 1.0s steps 0
name: p_1047
step: 10000
specie: 20
	particle_diameter: 1.0000000000000000
	interaction_length: 1.2000000000000000
	number_of_patches: 3
	number_of_particles_per_compound: 1
	rod_length: 1.0000000000000000
	interaction_matrix:  1.000000 1.000000 1.000000 1.000000 1.000000 1.000000 1.000000 1.000000 1.000000
	patch_type: symmetric
	patch_width: 8.0000000000000000
	patch_angle: 0.0000000000000000
	angles:  0.000000 0.000000 0.000000
	grand_canonical: 0
	chemical_potential: 0.0000000000000000
box: 47.195031 47.195031
copy: 1.000000 1.000000
epsilon: 0.0333340000000000
end_epsilon: 0.0000000000000000
pressure: 0.0875000000000000
lambda: 0.0000000000000000
lambda_coupling: 1.0000000000000000
uy: 0.0000000000000000
maximum_displacement: 1.0000000000000000
maximum_rotation: 1.0000000000000000
maximum_volume: 1.0000000000000000
maximum_shape: 0.0000001000000000
maximum_dsigma: 0.0100000000000000
mod: 10
pmod: 10
optimize: 1
verbose: 1
snapshot: 0
display: 1
explore: 1
npt: 1
nptxy: 0
nptdxdy: 0
shape: 0
seed: 1193230
195.633207990557 157.896949652860 0.866025403784 0.500000000000
11.380188370114 -132.724125186755 0.866025403784 -0.500000000000
-125.384654190910 -173.310102712918 0.866025403784 -0.500000000000
-138.710072739121 60.067994568050 0.000000000000 1.000000000000
75.685442993819 -154.540643518021 0.866025403784 -0.500000000000
19.481920642474 -251.498564681559 0.866025403784 0.500000000000
365.276740691184 -105.567824762261 0.000000000000 1.000000000000
93.261042696554 84.487450363340 0.866025403784 -0.500000000000
5.299450032498 95.001733908192 0.000000000000 1.000000000000
-263.311235290419 194.571162432694 0.866025403784 0.500000000000
59.632424239779 -49.514349872770 0.866025403784 -0.500000000000
-204.273462918775 -8.758226810644 0.000000000000 1.000000000000
-71.750683565926 71.230193894074 0.866025403784 -0.500000000000
250.602157646350 250.118528709853 0.866025403784 0.500000000000
-173.573408144047 -84.070677059957 0.000000000000 1.000000000000
-91.404526509699 -20.856687243674 0.000000000000 1.000000000000
24.055111229818 294.770306262491 0.866025403784 -0.500000000000
-16.196355401174 78.905931976708 0.000000000000 1.000000000000
-187.964814393993 -209.353433256482 0.866025403784 -0.500000000000
123.427633201422 -233.468771798553 0.866025403784 -0.500000000000
