#Configurational_file created 2018-09-14 12:03:10  started 2018-09-14 12:03:09 run for 1.0s steps 0
name: p_1092
step: 10000
specie: 20
	particle_diameter: 1.0000000000000000
	interaction_length: 1.2000000000000000
	number_of_patches: 3
	number_of_particles_per_compound: 1
	rod_length: 1.0000000000000000
	interaction_matrix:  1.000000 1.000000 1.000000 1.000000 1.000000 1.000000 1.000000 1.000000 1.000000
	patch_type: symmetric
	patch_width: 8.0000000000000000
	patch_angle: 0.0000000000000000
	angles:  0.000000 0.000000 0.000000
	grand_canonical: 0
	chemical_potential: 0.0000000000000000
box: 42.824653 42.824653
copy: 1.000000 1.000000
epsilon: 0.0375000000000000
end_epsilon: 0.0000000000000000
pressure: 0.0666670000000000
lambda: 0.0000000000000000
lambda_coupling: 1.0000000000000000
uy: 0.0000000000000000
maximum_displacement: 1.0000000000000000
maximum_rotation: 1.0000000000000000
maximum_volume: 1.0000000000000000
maximum_shape: 0.0000001000000000
maximum_dsigma: 0.0100000000000000
mod: 10
pmod: 10
optimize: 1
verbose: 1
snapshot: 0
display: 1
explore: 1
npt: 1
nptxy: 0
nptdxdy: 0
shape: 0
seed: 1244395
-12.142088119178 -194.611843607246 0.866025403784 0.500000000000
44.283779215962 256.821619630916 0.866025403784 -0.500000000000
170.483889201647 64.247097191077 0.866025403784 0.500000000000
53.959670388101 -172.470225417392 0.000000000000 1.000000000000
-97.462348879449 57.956554371759 0.000000000000 1.000000000000
-1.541264174557 -292.030209306234 0.000000000000 1.000000000000
-11.347966412942 116.407369336232 0.866025403784 0.500000000000
-107.144550522208 -128.161969773520 0.866025403784 -0.500000000000
27.950492590329 -262.625092342481 0.866025403784 -0.500000000000
-90.807924012473 0.844789064694 0.866025403784 0.500000000000
180.254235883151 26.875385941101 0.000000000000 1.000000000000
331.725501277511 -106.231028814116 0.866025403784 0.500000000000
98.352599310446 21.903245258510 0.000000000000 1.000000000000
-218.724252389871 -287.775752764123 0.000000000000 1.000000000000
-40.131909333255 -3.108177184138 0.866025403784 0.500000000000
187.687634868584 90.963081409515 0.866025403784 0.500000000000
-89.147253259649 -253.040467563792 0.866025403784 0.500000000000
190.321890637750 206.165253522822 0.866025403784 -0.500000000000
-154.483253456202 -186.572743448343 0.866025403784 0.500000000000
-375.857474045028 -33.341402942511 0.000000000000 1.000000000000
