#Configurational_file created 2018-09-14 11:35:15  started 2018-09-14 11:35:15 run for 0.0s steps 0
name: p_1055
step: 10000
specie: 20
	particle_diameter: 1.0000000000000000
	interaction_length: 1.2000000000000000
	number_of_patches: 3
	number_of_particles_per_compound: 1
	rod_length: 1.0000000000000000
	interaction_matrix:  1.000000 1.000000 1.000000 1.000000 1.000000 1.000000 1.000000 1.000000 1.000000
	patch_type: symmetric
	patch_width: 8.0000000000000000
	patch_angle: 0.0000000000000000
	angles:  0.000000 0.000000 0.000000
	grand_canonical: 0
	chemical_potential: 0.0000000000000000
box: 15.612375 15.612375
copy: 1.000000 1.000000
epsilon: 0.3541960000000000
end_epsilon: 0.0000000000000000
pressure: 0.3334170000000000
lambda: 0.0000000000000000
lambda_coupling: 1.0000000000000000
uy: 0.0000000000000000
maximum_displacement: 1.0000000000000000
maximum_rotation: 1.0000000000000000
maximum_volume: 1.0000000000000000
maximum_shape: 0.0000001000000000
maximum_dsigma: 0.0100000000000000
mod: 10
pmod: 10
optimize: 1
verbose: 1
snapshot: 0
display: 1
explore: 1
npt: 1
nptxy: 0
nptdxdy: 0
shape: 0
seed: 1202326
7.130324349323 -61.101692575589 0.866025403784 -0.500000000000
71.112272867539 33.728816677853 0.866025403784 0.500000000000
152.049896663337 -67.923388734462 0.866025403784 0.500000000000
157.575963596376 145.301825395835 0.000000000000 1.000000000000
-93.866513950747 205.821212535649 0.866025403784 -0.500000000000
269.440499040763 109.862382885321 0.000000000000 1.000000000000
-105.371138434820 -113.718409365113 0.000000000000 1.000000000000
-7.046867645630 98.136426397549 0.000000000000 1.000000000000
-53.834215455628 72.636919386119 0.866025403784 0.500000000000
42.664115185872 -38.685517898204 0.866025403784 -0.500000000000
28.154228605452 -126.254799419300 0.866025403784 0.500000000000
44.022518850045 -136.414525232530 0.866025403784 0.500000000000
111.988727556643 72.683843959118 0.000000000000 1.000000000000
128.463420027776 28.541165497314 0.000000000000 1.000000000000
-105.417214648894 117.306893452216 0.866025403784 -0.500000000000
-95.026704646028 121.297474884483 0.866025403784 0.500000000000
88.963441316293 32.893431761416 0.866025403784 0.500000000000
49.179026270374 -84.810649479465 0.000000000000 1.000000000000
-61.611345430037 145.949803440009 0.866025403784 -0.500000000000
-120.202688934706 13.138886437738 0.866025403784 -0.500000000000
