#Configurational_file created 2018-09-14 11:35:47  started 2018-09-14 11:35:46 run for 1.0s steps 0
name: p_1092
step: 10000
specie: 20
	particle_diameter: 1.0000000000000000
	interaction_length: 1.2000000000000000
	number_of_patches: 3
	number_of_particles_per_compound: 1
	rod_length: 1.0000000000000000
	interaction_matrix:  1.000000 1.000000 1.000000 1.000000 1.000000 1.000000 1.000000 1.000000 1.000000
	patch_type: symmetric
	patch_width: 8.0000000000000000
	patch_angle: 0.0000000000000000
	angles:  0.000000 0.000000 0.000000
	grand_canonical: 0
	chemical_potential: 0.0000000000000000
box: 8.663104 8.663104
copy: 1.000000 1.000000
epsilon: 0.3750250000000000
end_epsilon: 0.0000000000000000
pressure: 1.3333670000000000
lambda: 0.0000000000000000
lambda_coupling: 1.0000000000000000
uy: 0.0000000000000000
maximum_displacement: 1.0000000000000000
maximum_rotation: 1.0000000000000000
maximum_volume: 0.8126357831009652
maximum_shape: 0.0000001000000000
maximum_dsigma: 0.0100000000000000
mod: 10
pmod: 10
optimize: 1
verbose: 1
snapshot: 0
display: 1
explore: 1
npt: 1
nptxy: 0
nptdxdy: 0
shape: 0
seed: 1244395
-131.251012965890 -28.333401080087 0.866025403784 0.500000000000
110.083405959490 -6.301125284419 0.000000000000 1.000000000000
-26.893492429404 166.220975673256 0.866025403784 0.500000000000
20.569560631112 -38.581210374955 0.866025403784 0.500000000000
21.298866935746 -20.227900169655 0.866025403784 -0.500000000000
78.781152224210 156.896085184574 0.000000000000 1.000000000000
-216.341055321125 146.292228830488 0.866025403784 0.500000000000
-56.651515877566 65.021462776137 0.000000000000 1.000000000000
-156.416047661323 -74.171155362309 0.866025403784 0.500000000000
91.427345018705 8.875320157159 0.866025403784 0.500000000000
115.282943768358 -62.595762140152 0.866025403784 -0.500000000000
44.325399524527 21.442254384110 0.866025403784 0.500000000000
83.463210077965 -19.244367622947 0.866025403784 -0.500000000000
19.775573655959 6.408115890134 0.000000000000 1.000000000000
-115.054918572960 -174.172441144653 0.866025403784 -0.500000000000
-18.584564304190 43.530221559887 0.866025403784 0.500000000000
-48.818957575951 104.546733753753 0.866025403784 -0.500000000000
-51.389235534062 75.793215961106 0.866025403784 0.500000000000
13.365855413939 71.101830922002 0.866025403784 -0.500000000000
-53.851709834387 30.359251151413 0.866025403784 0.500000000000
