#Configurational_file created 2018-09-14 12:03:06  started 2018-09-14 12:03:05 run for 1.0s steps 0
name: p_1086
step: 10000
specie: 20
	particle_diameter: 1.0000000000000000
	interaction_length: 1.2000000000000000
	number_of_patches: 3
	number_of_particles_per_compound: 1
	rod_length: 1.0000000000000000
	interaction_matrix:  1.000000 1.000000 1.000000 1.000000 1.000000 1.000000 1.000000 1.000000 1.000000
	patch_type: symmetric
	patch_width: 8.0000000000000000
	patch_angle: 0.0000000000000000
	angles:  0.000000 0.000000 0.000000
	grand_canonical: 0
	chemical_potential: 0.0000000000000000
box: 47.875849 47.875849
copy: 1.000000 1.000000
epsilon: 0.0375000000000000
end_epsilon: 0.0000000000000000
pressure: 0.0416670000000000
lambda: 0.0000000000000000
lambda_coupling: 1.0000000000000000
uy: 0.0000000000000000
maximum_displacement: 1.0000000000000000
maximum_rotation: 1.0000000000000000
maximum_volume: 1.0000000000000000
maximum_shape: 0.0000001000000000
maximum_dsigma: 0.0100000000000000
mod: 10
pmod: 10
optimize: 1
verbose: 1
snapshot: 0
display: 1
explore: 1
npt: 1
nptxy: 0
nptdxdy: 0
shape: 0
seed: 1237573
-151.670947046004 -136.669236475397 0.866025403784 0.500000000000
262.713311070618 -209.267926693826 0.000000000000 1.000000000000
13.980901545929 98.910991439193 0.000000000000 1.000000000000
210.045666848934 123.185849768274 0.866025403784 -0.500000000000
-86.577139318590 198.461032538450 0.000000000000 1.000000000000
302.971957401125 -35.833491414308 0.000000000000 1.000000000000
464.865695641064 -119.105659367604 0.866025403784 -0.500000000000
83.566295554142 135.441455315280 0.866025403784 0.500000000000
296.704906271929 -138.222758320165 0.000000000000 1.000000000000
142.051113560569 -170.778635916283 0.866025403784 0.500000000000
-80.982300269554 116.152001404475 0.000000000000 1.000000000000
116.779945653093 92.103366650060 0.000000000000 1.000000000000
-310.451302916416 18.551971196305 0.866025403784 -0.500000000000
-105.010821212450 -96.058384386719 0.866025403784 -0.500000000000
20.099110643178 16.042765284249 0.000000000000 1.000000000000
-109.639370053959 384.498515326840 0.000000000000 1.000000000000
-180.433349755325 147.715622156665 0.866025403784 -0.500000000000
199.238685355962 -138.971928890510 0.866025403784 -0.500000000000
58.112406310208 270.768429558068 0.866025403784 0.500000000000
139.205421598897 223.276700047540 0.866025403784 0.500000000000
