#Configurational_file created 2018-09-14 11:35:34  started 2018-09-14 11:35:33 run for 1.0s steps 0
name: p_1076
step: 10000
specie: 20
	particle_diameter: 1.0000000000000000
	interaction_length: 1.2000000000000000
	number_of_patches: 3
	number_of_particles_per_compound: 1
	rod_length: 1.0000000000000000
	interaction_matrix:  1.000000 1.000000 1.000000 1.000000 1.000000 1.000000 1.000000 1.000000 1.000000
	patch_type: symmetric
	patch_width: 8.0000000000000000
	patch_angle: 0.0000000000000000
	angles:  0.000000 0.000000 0.000000
	grand_canonical: 0
	chemical_potential: 0.0000000000000000
box: 46.320514 46.320514
copy: 1.000000 1.000000
epsilon: 0.3750250000000000
end_epsilon: 0.0000000000000000
pressure: 0.0001000000000000
lambda: 0.0000000000000000
lambda_coupling: 1.0000000000000000
uy: 0.0000000000000000
maximum_displacement: 1.0000000000000000
maximum_rotation: 1.0000000000000000
maximum_volume: 1.0000000000000000
maximum_shape: 0.0000001000000000
maximum_dsigma: 0.0100000000000000
mod: 10
pmod: 10
optimize: 1
verbose: 1
snapshot: 0
display: 1
explore: 1
npt: 1
nptxy: 0
nptdxdy: 0
shape: 0
seed: 1226203
-84.031075412524 27.498931479921 0.866025403784 0.500000000000
-25.270701324303 253.321813601346 0.866025403784 0.500000000000
32.805871597631 -202.574056463446 0.866025403784 0.500000000000
120.543689892031 34.310827989656 0.866025403784 -0.500000000000
106.918734627447 179.703576268831 0.866025403784 -0.500000000000
-102.133149067090 -62.012150837445 0.866025403784 -0.500000000000
-31.292838275223 -3.449781656281 0.000000000000 1.000000000000
460.551969129672 -66.503065478430 0.000000000000 1.000000000000
-176.704723199273 68.284048281310 0.000000000000 1.000000000000
-20.079147115784 269.913764144832 0.866025403784 0.500000000000
156.737594717833 42.822865312891 0.000000000000 1.000000000000
318.540561686259 8.987322328275 0.866025403784 0.500000000000
-177.022213950672 -79.165067139942 0.000000000000 1.000000000000
68.918213382492 120.623584453183 0.866025403784 -0.500000000000
67.042763841713 57.551775813977 0.000000000000 1.000000000000
-154.171404647406 -1.205007204251 0.000000000000 1.000000000000
4.183182697397 -9.573252677271 0.866025403784 0.500000000000
-128.525986943204 -134.297002293898 0.000000000000 1.000000000000
102.697682319463 58.204383198886 0.866025403784 -0.500000000000
135.280939138467 97.491863001449 0.866025403784 0.500000000000
