#Configurational_file created 2018-09-14 12:02:19  started 2018-09-14 12:02:18 run for 1.0s steps 0
name: p_1022
step: 10000
specie: 20
	particle_diameter: 1.0000000000000000
	interaction_length: 1.2000000000000000
	number_of_patches: 3
	number_of_particles_per_compound: 1
	rod_length: 1.0000000000000000
	interaction_matrix:  1.000000 1.000000 1.000000 1.000000 1.000000 1.000000 1.000000 1.000000 1.000000
	patch_type: symmetric
	patch_width: 8.0000000000000000
	patch_angle: 0.0000000000000000
	angles:  0.000000 0.000000 0.000000
	grand_canonical: 0
	chemical_potential: 0.0000000000000000
box: 40.609769 40.609769
copy: 1.000000 1.000000
epsilon: 0.0312500000000000
end_epsilon: 0.0000000000000000
pressure: 0.0875000000000000
lambda: 0.0000000000000000
lambda_coupling: 1.0000000000000000
uy: 0.0000000000000000
maximum_displacement: 1.0000000000000000
maximum_rotation: 1.0000000000000000
maximum_volume: 1.0000000000000000
maximum_shape: 0.0000001000000000
maximum_dsigma: 0.0100000000000000
mod: 10
pmod: 10
optimize: 1
verbose: 1
snapshot: 0
display: 1
explore: 1
npt: 1
nptxy: 0
nptdxdy: 0
shape: 0
seed: 1164805
-6.420772907322 54.063185549742 0.000000000000 1.000000000000
53.656496684241 81.348887588927 0.866025403784 0.500000000000
45.105849065519 -156.662953175586 0.866025403784 0.500000000000
-31.125115466101 10.513949883750 0.000000000000 1.000000000000
-45.839634643791 -3.929422549480 0.866025403784 0.500000000000
-49.199411290901 -158.300311623471 0.866025403784 0.500000000000
-416.085765021492 -81.910566292810 0.000000000000 1.000000000000
-209.348891541287 293.733598768225 0.000000000000 1.000000000000
139.071295178604 -217.407191285568 0.866025403784 0.500000000000
66.327062097754 70.564108229177 0.866025403784 -0.500000000000
-226.568323941144 -30.292745833467 0.000000000000 1.000000000000
-118.243695149609 -94.364569965348 0.000000000000 1.000000000000
55.261465294963 118.344881598560 0.866025403784 -0.500000000000
-85.837422357736 -257.769356329064 0.000000000000 1.000000000000
-55.819350961250 203.840084167447 0.000000000000 1.000000000000
-52.025598247706 149.439361218345 0.866025403784 -0.500000000000
354.045195409443 152.799457975638 0.866025403784 0.500000000000
14.765634442473 60.158584944233 0.866025403784 0.500000000000
36.772821015376 112.381689281906 0.866025403784 -0.500000000000
177.935041985095 83.871018327516 0.000000000000 1.000000000000
