#Configurational_file created 2018-09-14 11:34:53  started 2018-09-14 11:34:52 run for 1.0s steps 0
name: p_1028
step: 10000
specie: 20
	particle_diameter: 1.0000000000000000
	interaction_length: 1.2000000000000000
	number_of_patches: 3
	number_of_particles_per_compound: 1
	rod_length: 1.0000000000000000
	interaction_matrix:  1.000000 1.000000 1.000000 1.000000 1.000000 1.000000 1.000000 1.000000 1.000000
	patch_type: symmetric
	patch_width: 8.0000000000000000
	patch_angle: 0.0000000000000000
	angles:  0.000000 0.000000 0.000000
	grand_canonical: 0
	chemical_potential: 0.0000000000000000
box: 21.793186 21.793186
copy: 1.000000 1.000000
epsilon: 0.3333670000000000
end_epsilon: 0.0000000000000000
pressure: 0.1667580000000000
lambda: 0.0000000000000000
lambda_coupling: 1.0000000000000000
uy: 0.0000000000000000
maximum_displacement: 1.0000000000000000
maximum_rotation: 1.0000000000000000
maximum_volume: 1.0000000000000000
maximum_shape: 0.0000001000000000
maximum_dsigma: 0.0100000000000000
mod: 10
pmod: 10
optimize: 1
verbose: 1
snapshot: 0
display: 1
explore: 1
npt: 1
nptxy: 0
nptdxdy: 0
shape: 0
seed: 1171627
171.542192056035 -79.178197383866 0.000000000000 1.000000000000
127.430484768502 -25.125486251352 0.866025403784 0.500000000000
-16.015747056033 90.071105467488 0.000000000000 1.000000000000
87.425514722859 -77.793180010096 0.000000000000 1.000000000000
17.849313502275 91.602600125824 0.000000000000 1.000000000000
-41.770853290210 -91.203136428134 0.866025403784 0.500000000000
253.337107079477 -77.573516268994 0.866025403784 -0.500000000000
123.062894729569 -144.208047154450 0.866025403784 -0.500000000000
138.987258949010 -16.425923379627 0.000000000000 1.000000000000
164.558520536510 172.737047665624 0.866025403784 0.500000000000
-26.500771796585 111.392375989457 0.866025403784 -0.500000000000
184.188782477467 62.868997691986 0.000000000000 1.000000000000
75.503057987014 94.838652437485 0.866025403784 0.500000000000
-137.112580385151 96.684213075554 0.866025403784 -0.500000000000
-4.333507023631 -181.935101669414 0.866025403784 -0.500000000000
-95.207696744701 106.795092723609 0.000000000000 1.000000000000
125.849906932852 -17.420518713225 0.866025403784 -0.500000000000
25.760488813175 44.814159963629 0.866025403784 0.500000000000
-197.272641503961 48.586136212118 0.866025403784 -0.500000000000
123.177650666538 15.511470909911 0.000000000000 1.000000000000
