#Configurational_file created 2018-09-14 13:58:50  started 2018-09-14 13:58:49 run for 1.0s steps 0
name: p_1094
step: 10000
specie: 20
	particle_diameter: 1.0000000000000000
	interaction_length: 1.2000000000000000
	number_of_patches: 3
	number_of_particles_per_compound: 1
	rod_length: 1.0000000000000000
	interaction_matrix:  1.000000 1.000000 1.000000 1.000000 1.000000 1.000000 1.000000 1.000000 1.000000
	patch_type: symmetric
	patch_width: 8.0000000000000000
	patch_angle: 0.0000000000000000
	angles:  0.000000 0.000000 0.000000
	grand_canonical: 0
	chemical_potential: 0.0000000000000000
box: 15.871503 15.871503
copy: 1.000000 1.000000
epsilon: 0.4137940000000000
end_epsilon: 0.0000000000000000
pressure: 0.2241380000000000
lambda: 0.0000000000000000
lambda_coupling: 1.0000000000000000
uy: 0.0000000000000000
maximum_displacement: 1.0000000000000000
maximum_rotation: 1.0000000000000000
maximum_volume: 1.0000000000000000
maximum_shape: 0.0000001000000000
maximum_dsigma: 0.0100000000000000
mod: 10
pmod: 10
optimize: 1
verbose: 1
snapshot: 0
display: 1
explore: 1
npt: 1
nptxy: 0
nptdxdy: 0
shape: 0
seed: 1246669
20.661819063480 -10.282436372941 0.866025403784 -0.500000000000
-36.135371573247 2.536533594756 0.866025403784 0.500000000000
-48.453571959692 78.573190569104 0.000000000000 1.000000000000
-51.679400090641 -81.387741365563 0.866025403784 0.500000000000
21.587760241797 35.702697338772 0.866025403784 -0.500000000000
-18.984463917970 72.359114967479 0.000000000000 1.000000000000
-0.269793371150 12.187282816099 0.866025403784 -0.500000000000
-55.009828536089 10.601535095120 0.000000000000 1.000000000000
35.465090171101 -94.790842781506 0.000000000000 1.000000000000
158.859830090386 -15.283031550970 0.866025403784 0.500000000000
153.641313853549 -87.762380001072 0.000000000000 1.000000000000
81.601360627018 -68.400552108944 0.866025403784 0.500000000000
-20.436468533047 35.677750745948 0.866025403784 0.500000000000
21.366710609843 -3.406943468824 0.000000000000 1.000000000000
71.363908610638 120.348383917981 0.000000000000 1.000000000000
100.153129914996 55.541232518752 0.000000000000 1.000000000000
-37.457071643290 1.846382125920 0.000000000000 1.000000000000
12.905631008698 -25.418866505268 0.866025403784 0.500000000000
40.106763954378 -112.236313633137 0.866025403784 -0.500000000000
-33.204709496873 68.275957973653 0.000000000000 1.000000000000
