#Configurational_file created 2018-09-14 12:02:14  started 2018-09-14 12:02:14 run for 0.0s steps 0
name: p_1016
step: 10000
specie: 20
	particle_diameter: 1.0000000000000000
	interaction_length: 1.2000000000000000
	number_of_patches: 3
	number_of_particles_per_compound: 1
	rod_length: 1.0000000000000000
	interaction_matrix:  1.000000 1.000000 1.000000 1.000000 1.000000 1.000000 1.000000 1.000000 1.000000
	patch_type: symmetric
	patch_width: 8.0000000000000000
	patch_angle: 0.0000000000000000
	angles:  0.000000 0.000000 0.000000
	grand_canonical: 0
	chemical_potential: 0.0000000000000000
box: 45.322104 45.322104
copy: 1.000000 1.000000
epsilon: 0.0312500000000000
end_epsilon: 0.0000000000000000
pressure: 0.0625000000000000
lambda: 0.0000000000000000
lambda_coupling: 1.0000000000000000
uy: 0.0000000000000000
maximum_displacement: 1.0000000000000000
maximum_rotation: 1.0000000000000000
maximum_volume: 1.0000000000000000
maximum_shape: 0.0000001000000000
maximum_dsigma: 0.0100000000000000
mod: 10
pmod: 10
optimize: 1
verbose: 1
snapshot: 0
display: 1
explore: 1
npt: 1
nptxy: 0
nptdxdy: 0
shape: 0
seed: 1157983
19.921633636513 -354.680503016656 0.000000000000 1.000000000000
238.409451488583 18.374483581315 0.000000000000 1.000000000000
79.295444070552 29.381088552457 0.866025403784 0.500000000000
54.266999991170 78.969611260895 0.000000000000 1.000000000000
-168.549446879967 389.664493618219 0.866025403784 0.500000000000
66.804850652534 -66.895815720259 0.866025403784 0.500000000000
45.742576746046 -59.397614088278 0.866025403784 0.500000000000
38.160487760597 -259.024561447932 0.866025403784 -0.500000000000
-107.994340683041 76.650515950056 0.866025403784 0.500000000000
76.284189570340 117.873894902839 0.866025403784 -0.500000000000
-68.117614905357 9.734449861600 0.000000000000 1.000000000000
-89.891659456934 94.954907865218 0.866025403784 0.500000000000
319.649923355818 -92.904035963195 0.866025403784 0.500000000000
58.563877743297 105.332189619544 0.866025403784 -0.500000000000
62.226183285385 147.023517522861 0.866025403784 0.500000000000
156.172739732012 -131.936788370479 0.866025403784 0.500000000000
126.126114161556 68.425876570692 0.000000000000 1.000000000000
266.111070703122 74.036926604851 0.000000000000 1.000000000000
96.490005604104 289.908333356202 0.866025403784 -0.500000000000
301.484709656206 -134.292329048102 0.866025403784 -0.500000000000
