#Configurational_file created 2018-09-14 12:03:37  started 2018-09-14 12:03:37 run for 0.0s steps 0
name: p_1130
step: 10000
specie: 20
	particle_diameter: 1.0000000000000000
	interaction_length: 1.2000000000000000
	number_of_patches: 3
	number_of_particles_per_compound: 1
	rod_length: 1.0000000000000000
	interaction_matrix:  1.000000 1.000000 1.000000 1.000000 1.000000 1.000000 1.000000 1.000000 1.000000
	patch_type: symmetric
	patch_width: 8.0000000000000000
	patch_angle: 0.0000000000000000
	angles:  0.000000 0.000000 0.000000
	grand_canonical: 0
	chemical_potential: 0.0000000000000000
box: 48.354725 48.354725
copy: 1.000000 1.000000
epsilon: 0.0416670000000000
end_epsilon: 0.0000000000000000
pressure: 0.0166680000000000
lambda: 0.0000000000000000
lambda_coupling: 1.0000000000000000
uy: 0.0000000000000000
maximum_displacement: 1.0000000000000000
maximum_rotation: 1.0000000000000000
maximum_volume: 1.0000000000000000
maximum_shape: 0.0000001000000000
maximum_dsigma: 0.0100000000000000
mod: 10
pmod: 10
optimize: 1
verbose: 1
snapshot: 0
display: 1
explore: 1
npt: 1
nptxy: 0
nptdxdy: 0
shape: 0
seed: 1287601
-8.600697407176 -81.933452222054 0.866025403784 0.500000000000
58.273971625499 130.941101915873 0.866025403784 0.500000000000
-120.763745771233 259.651061936399 0.866025403784 0.500000000000
125.614911662350 180.168385283005 0.866025403784 0.500000000000
-76.648622962178 233.153457291428 0.866025403784 0.500000000000
-247.081681017291 -154.177717929282 0.866025403784 0.500000000000
-217.740049153646 -114.754685918421 0.000000000000 1.000000000000
-149.805740151346 2.563102524982 0.866025403784 -0.500000000000
28.378391388319 203.050565901285 0.000000000000 1.000000000000
101.667839396162 -7.321501067041 0.866025403784 -0.500000000000
74.101018795012 -86.245277103184 0.866025403784 0.500000000000
-347.936250272580 210.989056939824 0.866025403784 -0.500000000000
74.666824883593 145.527578318950 0.866025403784 -0.500000000000
274.945692411477 147.769987699832 0.866025403784 -0.500000000000
53.971896115723 66.791649233821 0.866025403784 -0.500000000000
237.373284280336 -102.178307066821 0.866025403784 -0.500000000000
110.414942260049 56.877658621544 0.866025403784 0.500000000000
225.356389389912 53.004525409786 0.866025403784 -0.500000000000
69.730669693570 85.688422292923 0.866025403784 -0.500000000000
-113.999435168783 237.942296409599 0.000000000000 1.000000000000
