#Configurational_file created 2018-09-14 12:03:24  started 2018-09-14 12:03:24 run for 0.0s steps 0
name: p_1112
step: 10000
specie: 20
	particle_diameter: 1.0000000000000000
	interaction_length: 1.2000000000000000
	number_of_patches: 3
	number_of_particles_per_compound: 1
	rod_length: 1.0000000000000000
	interaction_matrix:  1.000000 1.000000 1.000000 1.000000 1.000000 1.000000 1.000000 1.000000 1.000000
	patch_type: symmetric
	patch_width: 8.0000000000000000
	patch_angle: 0.0000000000000000
	angles:  0.000000 0.000000 0.000000
	grand_canonical: 0
	chemical_potential: 0.0000000000000000
box: 50.694421 50.694421
copy: 1.000000 1.000000
epsilon: 0.0395840000000000
end_epsilon: 0.0000000000000000
pressure: 0.0458340000000000
lambda: 0.0000000000000000
lambda_coupling: 1.0000000000000000
uy: 0.0000000000000000
maximum_displacement: 1.0000000000000000
maximum_rotation: 1.0000000000000000
maximum_volume: 1.0000000000000000
maximum_shape: 0.0000001000000000
maximum_dsigma: 0.0100000000000000
mod: 10
pmod: 10
optimize: 1
verbose: 1
snapshot: 0
display: 1
explore: 1
npt: 1
nptxy: 0
nptdxdy: 0
shape: 0
seed: 1267135
147.875351553939 -262.007864082704 0.000000000000 1.000000000000
-79.099349324921 -275.467778755976 0.000000000000 1.000000000000
-344.352842802606 2.451779791147 0.866025403784 0.500000000000
70.539250986388 101.794896428049 0.000000000000 1.000000000000
154.380347382253 -47.790188848353 0.000000000000 1.000000000000
320.390312242129 280.772724555103 0.000000000000 1.000000000000
85.758081502488 20.747029757310 0.866025403784 0.500000000000
-261.078380182295 -49.691223274683 0.866025403784 0.500000000000
271.893120076529 250.255096423671 0.866025403784 0.500000000000
41.205297015688 67.653618750270 0.866025403784 0.500000000000
89.079969196397 5.400171897931 0.000000000000 1.000000000000
189.219757429675 365.026245743518 0.000000000000 1.000000000000
-79.873333611842 51.797454105072 0.866025403784 0.500000000000
74.766076010685 -39.810958486090 0.866025403784 -0.500000000000
268.577509394013 351.125611704857 0.000000000000 1.000000000000
-109.931875573053 -79.651090429393 0.866025403784 -0.500000000000
-159.903770431286 329.552267923849 0.866025403784 -0.500000000000
-105.840077075812 74.598480909086 0.000000000000 1.000000000000
223.361256949103 -26.737559024893 0.000000000000 1.000000000000
-232.343289390179 185.759007068095 0.866025403784 0.500000000000
