#Configurational_file created 2018-09-14 11:37:08  started 2018-09-14 11:37:07 run for 1.0s steps 0
name: p_1187
step: 10000
specie: 20
	particle_diameter: 1.0000000000000000
	interaction_length: 1.2000000000000000
	number_of_patches: 3
	number_of_particles_per_compound: 1
	rod_length: 1.0000000000000000
	interaction_matrix:  1.000000 1.000000 1.000000 1.000000 1.000000 1.000000 1.000000 1.000000 1.000000
	patch_type: symmetric
	patch_width: 8.0000000000000000
	patch_angle: 0.0000000000000000
	angles:  0.000000 0.000000 0.000000
	grand_canonical: 0
	chemical_potential: 0.0000000000000000
box: 8.481048 8.481048
copy: 1.000000 1.000000
epsilon: 0.4583420000000000
end_epsilon: 0.0000000000000000
pressure: 0.9167210000000000
lambda: 0.0000000000000000
lambda_coupling: 1.0000000000000000
uy: 0.0000000000000000
maximum_displacement: 1.0000000000000000
maximum_rotation: 1.0000000000000000
maximum_volume: 0.9247642822655999
maximum_shape: 0.0000001000000000
maximum_dsigma: 0.0100000000000000
mod: 10
pmod: 10
optimize: 1
verbose: 1
snapshot: 0
display: 1
explore: 1
npt: 1
nptxy: 0
nptdxdy: 0
shape: 0
seed: 1352410
-110.010489503539 -45.640758594626 0.866025403784 0.500000000000
-117.415310765202 75.225966648783 0.866025403784 -0.500000000000
-20.404439442448 78.526533126090 0.866025403784 0.500000000000
-12.732783806590 -0.305554456890 0.866025403784 -0.500000000000
7.754596076273 -46.620661132298 0.000000000000 1.000000000000
13.935918470989 -86.233959189954 0.866025403784 -0.500000000000
-47.260042751195 -11.357940715324 0.866025403784 -0.500000000000
10.483287710132 79.388278643872 0.000000000000 1.000000000000
-83.728559467657 -59.494179474836 0.866025403784 -0.500000000000
108.954621435167 60.072951259104 0.866025403784 0.500000000000
43.584966975212 -66.201858249729 0.866025403784 -0.500000000000
137.910389800866 -37.424377853899 0.866025403784 0.500000000000
-93.866485660017 67.989277539834 0.000000000000 1.000000000000
-11.715065977437 28.717344332677 0.000000000000 1.000000000000
-42.733947668183 -15.512143258691 0.000000000000 1.000000000000
58.129557168548 -17.680153980812 0.866025403784 0.500000000000
-73.146432519713 68.393193642928 0.866025403784 0.500000000000
-107.165889896798 74.952561206793 0.866025403784 0.500000000000
65.319976214578 -83.183131929958 0.000000000000 1.000000000000
-19.751059502235 -16.847738063831 0.866025403784 -0.500000000000
