#Configurational_file created 2018-09-14 11:36:59  started 2018-09-14 11:36:58 run for 1.0s steps 0
name: p_1175
step: 10000
specie: 20
	particle_diameter: 1.0000000000000000
	interaction_length: 1.2000000000000000
	number_of_patches: 3
	number_of_particles_per_compound: 1
	rod_length: 1.0000000000000000
	interaction_matrix:  1.000000 1.000000 1.000000 1.000000 1.000000 1.000000 1.000000 1.000000 1.000000
	patch_type: symmetric
	patch_width: 8.0000000000000000
	patch_angle: 0.0000000000000000
	angles:  0.000000 0.000000 0.000000
	grand_canonical: 0
	chemical_potential: 0.0000000000000000
box: 7.250158 7.250158
copy: 1.000000 1.000000
epsilon: 0.4375120000000000
end_epsilon: 0.0000000000000000
pressure: 2.0000000000000000
lambda: 0.0000000000000000
lambda_coupling: 1.0000000000000000
uy: 0.0000000000000000
maximum_displacement: 0.9697948635115490
maximum_rotation: 1.0000000000000000
maximum_volume: 0.3171179573364868
maximum_shape: 0.0000001000000000
maximum_dsigma: 0.0100000000000000
mod: 10
pmod: 10
optimize: 1
verbose: 1
snapshot: 0
display: 1
explore: 1
npt: 1
nptxy: 0
nptdxdy: 0
shape: 0
seed: 1338766
-28.825522510378 -98.370976599161 0.866025403784 0.500000000000
-6.110139368175 99.266227919336 0.866025403784 -0.500000000000
-48.888744336642 16.937279045326 0.866025403784 0.500000000000
-46.987927030052 71.452826512923 0.866025403784 0.500000000000
12.795907100700 57.587201691422 0.866025403784 0.500000000000
3.168904141582 61.072735601936 0.866025403784 -0.500000000000
98.003772787223 4.689670736018 0.866025403784 -0.500000000000
86.515093092951 122.415794709740 0.000000000000 1.000000000000
-79.760321982414 -28.777084493725 0.000000000000 1.000000000000
12.733736655496 -45.974203905398 0.866025403784 0.500000000000
25.596052908576 -28.387063360605 0.000000000000 1.000000000000
10.223429777890 44.703149516122 0.000000000000 1.000000000000
-48.397056850695 33.167531384599 0.866025403784 -0.500000000000
-17.061495430877 -112.750252473774 0.866025403784 0.500000000000
45.263932752877 35.360090994622 0.866025403784 -0.500000000000
-65.624162792083 -129.300840214468 0.866025403784 0.500000000000
-122.386103421337 61.992710070038 0.866025403784 -0.500000000000
38.038865774048 -47.019292739096 0.866025403784 0.500000000000
23.152152555517 -20.805391913399 0.866025403784 -0.500000000000
-90.566906719749 111.195239531983 0.866025403784 0.500000000000
