#Configurational_file created 2018-09-14 12:03:41  started 2018-09-14 12:03:40 run for 1.0s steps 0
name: p_1135
step: 10000
specie: 20
	particle_diameter: 1.0000000000000000
	interaction_length: 1.2000000000000000
	number_of_patches: 3
	number_of_particles_per_compound: 1
	rod_length: 1.0000000000000000
	interaction_matrix:  1.000000 1.000000 1.000000 1.000000 1.000000 1.000000 1.000000 1.000000 1.000000
	patch_type: symmetric
	patch_width: 8.0000000000000000
	patch_angle: 0.0000000000000000
	angles:  0.000000 0.000000 0.000000
	grand_canonical: 0
	chemical_potential: 0.0000000000000000
box: 52.210746 52.210746
copy: 1.000000 1.000000
epsilon: 0.0416670000000000
end_epsilon: 0.0000000000000000
pressure: 0.0375010000000000
lambda: 0.0000000000000000
lambda_coupling: 1.0000000000000000
uy: 0.0000000000000000
maximum_displacement: 1.0000000000000000
maximum_rotation: 1.0000000000000000
maximum_volume: 1.0000000000000000
maximum_shape: 0.0000001000000000
maximum_dsigma: 0.0100000000000000
mod: 10
pmod: 10
optimize: 1
verbose: 1
snapshot: 0
display: 1
explore: 1
npt: 1
nptxy: 0
nptdxdy: 0
shape: 0
seed: 1293286
-2.066327157190 -96.931792313279 0.866025403784 0.500000000000
126.441592497766 -259.160857443580 0.000000000000 1.000000000000
63.867435724215 -154.793581668190 0.000000000000 1.000000000000
-114.801806417652 67.164431309669 0.000000000000 1.000000000000
56.837782930976 186.101649772707 0.866025403784 0.500000000000
21.937036853185 123.896926510374 0.000000000000 1.000000000000
-147.436568734091 57.677466537131 0.866025403784 -0.500000000000
75.956996489585 33.982023053499 0.866025403784 -0.500000000000
205.824754604590 -105.992238788164 0.866025403784 -0.500000000000
31.103017171059 113.890651760342 0.000000000000 1.000000000000
-85.077824889916 122.436941423330 0.000000000000 1.000000000000
271.299340181323 -247.534381257340 0.866025403784 0.500000000000
259.849860362699 -124.754328445614 0.000000000000 1.000000000000
201.971230892981 122.261632001145 0.000000000000 1.000000000000
-3.607453342040 -120.920401784343 0.000000000000 1.000000000000
133.882886378642 94.631448772108 0.866025403784 0.500000000000
-97.606637820080 174.669252221973 0.000000000000 1.000000000000
9.396187635442 -62.763472205398 0.866025403784 0.500000000000
122.489220228954 98.600256185966 0.866025403784 -0.500000000000
14.356156646365 39.505193462525 0.000000000000 1.000000000000
