#Configurational_file created 2018-09-14 11:36:18  started 2018-09-14 11:36:17 run for 1.0s steps 0
name: p_1128
step: 10000
specie: 20
	particle_diameter: 1.0000000000000000
	interaction_length: 1.2000000000000000
	number_of_patches: 3
	number_of_particles_per_compound: 1
	rod_length: 1.0000000000000000
	interaction_matrix:  1.000000 1.000000 1.000000 1.000000 1.000000 1.000000 1.000000 1.000000 1.000000
	patch_type: symmetric
	patch_width: 8.0000000000000000
	patch_angle: 0.0000000000000000
	angles:  0.000000 0.000000 0.000000
	grand_canonical: 0
	chemical_potential: 0.0000000000000000
box: 20.253428 20.253428
copy: 1.000000 1.000000
epsilon: 0.4166830000000000
end_epsilon: 0.0000000000000000
pressure: 0.1667580000000000
lambda: 0.0000000000000000
lambda_coupling: 1.0000000000000000
uy: 0.0000000000000000
maximum_displacement: 1.0000000000000000
maximum_rotation: 1.0000000000000000
maximum_volume: 1.0000000000000000
maximum_shape: 0.0000001000000000
maximum_dsigma: 0.0100000000000000
mod: 10
pmod: 10
optimize: 1
verbose: 1
snapshot: 0
display: 1
explore: 1
npt: 1
nptxy: 0
nptdxdy: 0
shape: 0
seed: 1285327
-63.993168622644 -127.465182495212 0.000000000000 1.000000000000
-152.356225346470 -75.684516062992 0.866025403784 0.500000000000
46.070972827077 -88.750492413984 0.000000000000 1.000000000000
-60.926414339568 -21.000209808642 0.866025403784 -0.500000000000
-24.934845417807 16.682534841913 0.866025403784 -0.500000000000
83.797307483012 -37.300229767691 0.866025403784 0.500000000000
26.740914602755 61.634531486001 0.866025403784 0.500000000000
70.574779514260 50.740717258968 0.000000000000 1.000000000000
186.917017421417 -11.534102350536 0.000000000000 1.000000000000
-124.259767113517 111.508944534505 0.000000000000 1.000000000000
102.434576177377 -63.734716877732 0.866025403784 0.500000000000
-264.588941151650 4.612144815613 0.866025403784 0.500000000000
43.338374582864 -212.539468720067 0.866025403784 0.500000000000
39.843690935706 -160.859221916842 0.866025403784 0.500000000000
114.124799238793 -146.890430454824 0.000000000000 1.000000000000
-90.985799757845 -168.519222926403 0.866025403784 0.500000000000
22.633613666560 129.724681272899 0.000000000000 1.000000000000
-30.997021611386 225.359268889879 0.000000000000 1.000000000000
-42.072194036901 40.606457918883 0.866025403784 0.500000000000
20.424378299591 -113.415893062571 0.000000000000 1.000000000000
