#Configurational_file created 2018-09-14 12:03:27  started 2018-09-14 12:03:26 run for 1.0s steps 0
name: p_1115
step: 10000
specie: 20
	particle_diameter: 1.0000000000000000
	interaction_length: 1.2000000000000000
	number_of_patches: 3
	number_of_particles_per_compound: 1
	rod_length: 1.0000000000000000
	interaction_matrix:  1.000000 1.000000 1.000000 1.000000 1.000000 1.000000 1.000000 1.000000 1.000000
	patch_type: symmetric
	patch_width: 8.0000000000000000
	patch_angle: 0.0000000000000000
	angles:  0.000000 0.000000 0.000000
	grand_canonical: 0
	chemical_potential: 0.0000000000000000
box: 43.770259 43.770259
copy: 1.000000 1.000000
epsilon: 0.0395840000000000
end_epsilon: 0.0000000000000000
pressure: 0.0583340000000000
lambda: 0.0000000000000000
lambda_coupling: 1.0000000000000000
uy: 0.0000000000000000
maximum_displacement: 1.0000000000000000
maximum_rotation: 1.0000000000000000
maximum_volume: 1.0000000000000000
maximum_shape: 0.0000001000000000
maximum_dsigma: 0.0100000000000000
mod: 10
pmod: 10
optimize: 1
verbose: 1
snapshot: 0
display: 1
explore: 1
npt: 1
nptxy: 0
nptdxdy: 0
shape: 0
seed: 1270546
-52.815476271196 44.447481526153 0.000000000000 1.000000000000
213.348948879199 72.767107004159 0.866025403784 0.500000000000
-66.255512951222 129.928991995901 0.866025403784 0.500000000000
62.741020751068 232.451464747695 0.000000000000 1.000000000000
-79.063909668014 299.771298291482 0.866025403784 0.500000000000
-28.813558302029 73.621511871413 0.000000000000 1.000000000000
-34.822043512382 309.417077784646 0.866025403784 -0.500000000000
-48.025071565931 -80.986076780385 0.000000000000 1.000000000000
255.857060305271 201.906993473622 0.866025403784 0.500000000000
220.156167933103 -130.450707135329 0.000000000000 1.000000000000
107.734775211222 16.118318235005 0.000000000000 1.000000000000
-295.048749178149 1.351263293319 0.866025403784 -0.500000000000
-9.814467629151 54.349655766306 0.866025403784 -0.500000000000
-34.035599782270 395.958039292259 0.000000000000 1.000000000000
-65.641185940562 302.186125408894 0.866025403784 -0.500000000000
-47.748129158118 163.293217605296 0.000000000000 1.000000000000
169.886562419160 -56.857711738683 0.866025403784 0.500000000000
-106.046400764534 197.760125353438 0.000000000000 1.000000000000
3.124265644535 -77.695993977711 0.866025403784 0.500000000000
-46.030159087760 160.332032514152 0.866025403784 -0.500000000000
