#Configurational_file created 2018-09-14 13:59:01  started 2018-09-14 13:59:00 run for 1.0s steps 0
name: p_1109
step: 10000
specie: 20
	particle_diameter: 1.0000000000000000
	interaction_length: 1.2000000000000000
	number_of_patches: 3
	number_of_particles_per_compound: 1
	rod_length: 1.0000000000000000
	interaction_matrix:  1.000000 1.000000 1.000000 1.000000 1.000000 1.000000 1.000000 1.000000 1.000000
	patch_type: symmetric
	patch_width: 8.0000000000000000
	patch_angle: 0.0000000000000000
	angles:  0.000000 0.000000 0.000000
	grand_canonical: 0
	chemical_potential: 0.0000000000000000
box: 12.780549 12.780549
copy: 1.000000 1.000000
epsilon: 0.4137940000000000
end_epsilon: 0.0000000000000000
pressure: 0.4827590000000000
lambda: 0.0000000000000000
lambda_coupling: 1.0000000000000000
uy: 0.0000000000000000
maximum_displacement: 1.0000000000000000
maximum_rotation: 1.0000000000000000
maximum_volume: 1.0000000000000000
maximum_shape: 0.0000001000000000
maximum_dsigma: 0.0100000000000000
mod: 10
pmod: 10
optimize: 1
verbose: 1
snapshot: 0
display: 1
explore: 1
npt: 1
nptxy: 0
nptdxdy: 0
shape: 0
seed: 1263724
104.555265280282 -56.702443746010 0.866025403784 0.500000000000
171.732794859150 56.702883325102 0.866025403784 0.500000000000
258.638686827935 -29.280687209075 0.866025403784 0.500000000000
-97.997690498074 -0.477577540807 0.866025403784 -0.500000000000
-24.931243833296 80.271657582088 0.000000000000 1.000000000000
153.015911159618 55.490386395753 0.000000000000 1.000000000000
-52.976613896363 41.733200952634 0.866025403784 0.500000000000
-174.055379060411 -184.811996340307 0.866025403784 -0.500000000000
81.572613606996 60.382013588183 0.866025403784 0.500000000000
56.765991517260 180.230496778595 0.000000000000 1.000000000000
-7.265408360437 -53.045271584911 0.866025403784 0.500000000000
-72.295870316536 41.384489297518 0.866025403784 -0.500000000000
-50.844296922053 -255.585145447855 0.000000000000 1.000000000000
17.189824281204 39.091623184273 0.866025403784 -0.500000000000
52.385493685273 22.218053732565 0.866025403784 -0.500000000000
1.897004995879 85.283429331923 0.866025403784 0.500000000000
25.187114590117 -62.211547371216 0.000000000000 1.000000000000
-74.746873195459 62.120970321443 0.866025403784 0.500000000000
101.627810532116 36.184854502662 0.866025403784 0.500000000000
160.864928970866 106.152146333865 0.000000000000 1.000000000000
