#Configurational_file created 2018-09-14 12:04:15  started 2018-09-14 12:04:14 run for 1.0s steps 0
name: p_1182
step: 10000
specie: 20
	particle_diameter: 1.0000000000000000
	interaction_length: 1.2000000000000000
	number_of_patches: 3
	number_of_particles_per_compound: 1
	rod_length: 1.0000000000000000
	interaction_matrix:  1.000000 1.000000 1.000000 1.000000 1.000000 1.000000 1.000000 1.000000 1.000000
	patch_type: symmetric
	patch_width: 8.0000000000000000
	patch_angle: 0.0000000000000000
	angles:  0.000000 0.000000 0.000000
	grand_canonical: 0
	chemical_potential: 0.0000000000000000
box: 47.506716 47.506716
copy: 1.000000 1.000000
epsilon: 0.0458330000000000
end_epsilon: 0.0000000000000000
pressure: 0.0250010000000000
lambda: 0.0000000000000000
lambda_coupling: 1.0000000000000000
uy: 0.0000000000000000
maximum_displacement: 1.0000000000000000
maximum_rotation: 1.0000000000000000
maximum_volume: 1.0000000000000000
maximum_shape: 0.0000001000000000
maximum_dsigma: 0.0100000000000000
mod: 10
pmod: 10
optimize: 1
verbose: 1
snapshot: 0
display: 1
explore: 1
npt: 1
nptxy: 0
nptdxdy: 0
shape: 0
seed: 1346725
72.433115476850 205.687446750777 0.000000000000 1.000000000000
211.111267172556 -165.309988818625 0.866025403784 -0.500000000000
-87.698277486843 208.277782720220 0.866025403784 -0.500000000000
-61.325304281638 239.612178944745 0.866025403784 0.500000000000
88.295122042222 -337.297156636310 0.866025403784 0.500000000000
21.627389213091 -107.452042429818 0.866025403784 -0.500000000000
281.593942680919 -19.621286875968 0.866025403784 0.500000000000
131.133337963215 -260.223539918251 0.000000000000 1.000000000000
129.529992136191 385.143731202594 0.000000000000 1.000000000000
174.059409351624 22.971369842507 0.866025403784 -0.500000000000
-0.349936866144 -41.009357924731 0.866025403784 0.500000000000
-19.662395853344 33.132032378699 0.000000000000 1.000000000000
-43.958469377846 131.838604891880 0.000000000000 1.000000000000
-7.869067731490 221.077820455383 0.866025403784 -0.500000000000
-285.925832176119 -44.114070919498 0.866025403784 0.500000000000
241.146458859620 -307.921553532253 0.000000000000 1.000000000000
37.382296981018 -66.124087577193 0.866025403784 -0.500000000000
-315.807928812273 127.546660238929 0.866025403784 -0.500000000000
279.072303469699 -20.632732680063 0.000000000000 1.000000000000
173.827798803636 95.746097616973 0.000000000000 1.000000000000
