#Configurational_file created 2018-09-14 13:59:20  started 2018-09-14 13:59:19 run for 1.0s steps 0
name: p_1135
step: 10000
specie: 20
	particle_diameter: 1.0000000000000000
	interaction_length: 1.2000000000000000
	number_of_patches: 3
	number_of_particles_per_compound: 1
	rod_length: 1.0000000000000000
	interaction_matrix:  1.000000 1.000000 1.000000 1.000000 1.000000 1.000000 1.000000 1.000000 1.000000
	patch_type: symmetric
	patch_width: 8.0000000000000000
	patch_angle: 0.0000000000000000
	angles:  0.000000 0.000000 0.000000
	grand_canonical: 0
	chemical_potential: 0.0000000000000000
box: 9.795469 9.795469
copy: 1.000000 1.000000
epsilon: 0.4827590000000000
end_epsilon: 0.0000000000000000
pressure: 0.4137930000000000
lambda: 0.0000000000000000
lambda_coupling: 1.0000000000000000
uy: 0.0000000000000000
maximum_displacement: 1.0000000000000000
maximum_rotation: 1.0000000000000000
maximum_volume: 1.0000000000000000
maximum_shape: 0.0000001000000000
maximum_dsigma: 0.0100000000000000
mod: 10
pmod: 10
optimize: 1
verbose: 1
snapshot: 0
display: 1
explore: 1
npt: 1
nptxy: 0
nptdxdy: 0
shape: 0
seed: 1293286
54.337110791209 24.907650528958 0.000000000000 1.000000000000
-10.151296190763 -31.349557351538 0.000000000000 1.000000000000
82.380106378916 86.060692769408 0.866025403784 -0.500000000000
5.058840744969 36.554618449377 0.866025403784 -0.500000000000
-83.045637282242 55.514300690255 0.866025403784 0.500000000000
51.023453886572 51.994156289942 0.866025403784 -0.500000000000
35.125388053260 -74.431583066734 0.866025403784 0.500000000000
-70.809563125673 -27.233375353142 0.866025403784 -0.500000000000
-29.922760234250 -201.584970632429 0.866025403784 0.500000000000
114.497279933156 -57.505081252245 0.866025403784 -0.500000000000
-132.259293402989 69.712391914784 0.866025403784 0.500000000000
40.431386255819 -200.563191199760 0.866025403784 0.500000000000
34.996368676442 -134.212028972532 0.866025403784 0.500000000000
76.698481218466 -70.293007453378 0.866025403784 -0.500000000000
186.787680352286 -26.208763036191 0.866025403784 0.500000000000
-65.056670778575 -74.035696737334 0.000000000000 1.000000000000
-116.633497796935 66.714585568276 0.000000000000 1.000000000000
45.671731948273 83.529714496109 0.000000000000 1.000000000000
7.948376992648 151.837103623648 0.866025403784 -0.500000000000
28.986622000827 38.459751294699 0.866025403784 -0.500000000000
