#Configurational_file created 2018-09-14 12:03:50  started 2018-09-14 12:03:50 run for 0.0s steps 0
name: p_1148
step: 10000
specie: 20
	particle_diameter: 1.0000000000000000
	interaction_length: 1.2000000000000000
	number_of_patches: 3
	number_of_particles_per_compound: 1
	rod_length: 1.0000000000000000
	interaction_matrix:  1.000000 1.000000 1.000000 1.000000 1.000000 1.000000 1.000000 1.000000 1.000000
	patch_type: symmetric
	patch_width: 8.0000000000000000
	patch_angle: 0.0000000000000000
	angles:  0.000000 0.000000 0.000000
	grand_canonical: 0
	chemical_potential: 0.0000000000000000
box: 43.059349 43.059349
copy: 1.000000 1.000000
epsilon: 0.0416670000000000
end_epsilon: 0.0000000000000000
pressure: 0.0916670000000000
lambda: 0.0000000000000000
lambda_coupling: 1.0000000000000000
uy: 0.0000000000000000
maximum_displacement: 1.0000000000000000
maximum_rotation: 1.0000000000000000
maximum_volume: 1.0000000000000000
maximum_shape: 0.0000001000000000
maximum_dsigma: 0.0100000000000000
mod: 10
pmod: 10
optimize: 1
verbose: 1
snapshot: 0
display: 1
explore: 1
npt: 1
nptxy: 0
nptdxdy: 0
shape: 0
seed: 1308067
-54.100682916824 162.018123700248 0.000000000000 1.000000000000
170.366325716838 116.245986768436 0.866025403784 0.500000000000
-40.591897829072 -78.563452346849 0.866025403784 0.500000000000
-366.839691337037 112.805912620342 0.866025403784 -0.500000000000
-36.815261791428 -73.105820116784 0.866025403784 0.500000000000
221.483433976751 -139.351456159297 0.866025403784 -0.500000000000
375.865892557759 37.587029427740 0.866025403784 -0.500000000000
144.762435024095 -17.030899160594 0.000000000000 1.000000000000
304.341647929219 -226.313785421576 0.000000000000 1.000000000000
82.855801152987 -22.646691908358 0.866025403784 0.500000000000
606.198234524753 -219.977518424410 0.000000000000 1.000000000000
138.416346260010 123.041271760136 0.866025403784 0.500000000000
180.949084152708 -16.263420569335 0.000000000000 1.000000000000
140.647964832480 89.621444457475 0.866025403784 -0.500000000000
-54.558513373429 146.189034426303 0.866025403784 -0.500000000000
-93.000020572426 -291.157345485324 0.866025403784 -0.500000000000
149.288388874227 188.722116075657 0.000000000000 1.000000000000
120.358179186062 40.446989809930 0.866025403784 -0.500000000000
-50.575837311854 -120.497849729888 0.866025403784 0.500000000000
264.295483631143 -135.490646183898 0.866025403784 0.500000000000
