#Configurational_file created 2018-09-14 11:06:58  started 2018-09-14 11:06:57 run for 1.0s steps 0
name: p_119
step: 10000
specie: 20
	particle_diameter: 1.0000000000000000
	interaction_length: 1.2000000000000000
	number_of_patches: 3
	number_of_particles_per_compound: 1
	rod_length: 1.0000000000000000
	interaction_matrix:  1.000000 1.000000 1.000000 1.000000 1.000000 1.000000 1.000000 1.000000 1.000000
	patch_type: symmetric
	patch_width: 8.0000000000000000
	patch_angle: 0.0000000000000000
	angles:  0.000000 0.000000 0.000000
	grand_canonical: 0
	chemical_potential: 0.0000000000000000
box: 7.102780 7.102780
copy: 1.000000 1.000000
epsilon: 0.4285860000000000
end_epsilon: 0.0000000000000000
pressure: 1.7142999999999999
lambda: 0.0000000000000000
lambda_coupling: 1.0000000000000000
uy: 0.0000000000000000
maximum_displacement: 1.0000000000000000
maximum_rotation: 1.0000000000000000
maximum_volume: 0.4537486063635721
maximum_shape: 0.0000001000000000
maximum_dsigma: 0.0100000000000000
mod: 10
pmod: 10
optimize: 1
verbose: 1
snapshot: 0
display: 1
explore: 1
npt: 1
nptxy: 0
nptdxdy: 0
shape: 0
seed: 138173
-12.200511125409 -40.953230485390 0.866025403784 0.500000000000
12.541561030251 -101.834610277805 0.866025403784 0.500000000000
-79.152764120318 -5.300889663640 0.866025403784 0.500000000000
-109.826922933013 31.715592095865 0.866025403784 0.500000000000
-68.481315206345 -43.243122838741 0.866025403784 -0.500000000000
-17.059613459054 -72.315070858025 0.000000000000 1.000000000000
-62.162380537641 48.346619164059 0.866025403784 0.500000000000
93.285353549350 -39.862600139459 0.866025403784 -0.500000000000
3.859525083735 -52.998010860391 0.866025403784 -0.500000000000
6.896671147392 -2.511484116748 0.000000000000 1.000000000000
-4.889709578856 -60.493408408243 0.866025403784 -0.500000000000
39.351407243502 62.757443678580 0.866025403784 -0.500000000000
-31.235126891386 -5.263902567167 0.866025403784 0.500000000000
14.367837606983 -93.710527816445 0.000000000000 1.000000000000
-65.149399637090 -86.186300016722 0.866025403784 -0.500000000000
17.360906798530 -105.604845098488 0.866025403784 -0.500000000000
76.775025172496 -53.236980604282 0.000000000000 1.000000000000
22.696873931433 -56.765563289912 0.866025403784 0.500000000000
-57.381033690700 180.302663530442 0.000000000000 1.000000000000
-66.239076642270 -43.179872324903 0.866025403784 -0.500000000000
