#Configurational_file created 2018-09-14 11:37:10  started 2018-09-14 11:37:09 run for 1.0s steps 0
name: p_1189
step: 10000
specie: 20
	particle_diameter: 1.0000000000000000
	interaction_length: 1.2000000000000000
	number_of_patches: 3
	number_of_particles_per_compound: 1
	rod_length: 1.0000000000000000
	interaction_matrix:  1.000000 1.000000 1.000000 1.000000 1.000000 1.000000 1.000000 1.000000 1.000000
	patch_type: symmetric
	patch_width: 8.0000000000000000
	patch_angle: 0.0000000000000000
	angles:  0.000000 0.000000 0.000000
	grand_canonical: 0
	chemical_potential: 0.0000000000000000
box: 8.062063 8.062063
copy: 1.000000 1.000000
epsilon: 0.4583420000000000
end_epsilon: 0.0000000000000000
pressure: 1.0833790000000001
lambda: 0.0000000000000000
lambda_coupling: 1.0000000000000000
uy: 0.0000000000000000
maximum_displacement: 1.0000000000000000
maximum_rotation: 1.0000000000000000
maximum_volume: 0.7343710903983611
maximum_shape: 0.0000001000000000
maximum_dsigma: 0.0100000000000000
mod: 10
pmod: 10
optimize: 1
verbose: 1
snapshot: 0
display: 1
explore: 1
npt: 1
nptxy: 0
nptdxdy: 0
shape: 0
seed: 1354684
119.000184695692 39.797978772132 0.866025403784 0.500000000000
19.832431224963 16.866890033001 0.866025403784 -0.500000000000
-18.240623512806 93.368046689183 0.866025403784 -0.500000000000
-98.630620813027 1.621375568857 0.000000000000 1.000000000000
-111.777422412254 -114.767800229273 0.866025403784 -0.500000000000
-59.552466624174 -114.455207596976 0.000000000000 1.000000000000
85.539517791666 82.637375534417 0.866025403784 0.500000000000
-67.856731578906 -32.988095345517 0.866025403784 0.500000000000
62.072637530691 11.337147711929 0.000000000000 1.000000000000
120.969734864400 -97.397134812926 0.866025403784 0.500000000000
-137.165913574675 97.963382837580 0.866025403784 -0.500000000000
24.624014668756 40.753124772272 0.000000000000 1.000000000000
-7.240242320206 28.850423594308 0.866025403784 -0.500000000000
-45.769419779890 69.505521266784 0.866025403784 0.500000000000
147.730884281566 -57.499869558362 0.866025403784 -0.500000000000
72.135355838428 -16.230212023457 0.866025403784 -0.500000000000
63.200999833380 45.583048700280 0.866025403784 -0.500000000000
75.647670880992 -21.526191191056 0.866025403784 -0.500000000000
82.510482922115 -68.310703094928 0.000000000000 1.000000000000
-15.667751914924 -102.342729976390 0.000000000000 1.000000000000
