#Configurational_file created 2018-09-14 14:00:05  started 2018-09-14 14:00:04 run for 1.0s steps 0
name: p_1196
step: 10000
specie: 20
	particle_diameter: 1.0000000000000000
	interaction_length: 1.2000000000000000
	number_of_patches: 3
	number_of_particles_per_compound: 1
	rod_length: 1.0000000000000000
	interaction_matrix:  1.000000 1.000000 1.000000 1.000000 1.000000 1.000000 1.000000 1.000000 1.000000
	patch_type: symmetric
	patch_width: 8.0000000000000000
	patch_angle: 0.0000000000000000
	angles:  0.000000 0.000000 0.000000
	grand_canonical: 0
	chemical_potential: 0.0000000000000000
box: 10.646660 10.646660
copy: 1.000000 1.000000
epsilon: 0.6206900000000000
end_epsilon: 0.0000000000000000
pressure: 0.4310350000000000
lambda: 0.0000000000000000
lambda_coupling: 1.0000000000000000
uy: 0.0000000000000000
maximum_displacement: 1.0000000000000000
maximum_rotation: 1.0000000000000000
maximum_volume: 1.0000000000000000
maximum_shape: 0.0000001000000000
maximum_dsigma: 0.0100000000000000
mod: 10
pmod: 10
optimize: 1
verbose: 1
snapshot: 0
display: 1
explore: 1
npt: 1
nptxy: 0
nptdxdy: 0
shape: 0
seed: 1362643
65.281782283564 123.972597616227 0.866025403784 -0.500000000000
-40.857497740510 -40.267422985925 0.866025403784 -0.500000000000
52.934116223977 38.154816560604 0.866025403784 -0.500000000000
65.435979404977 -85.225985198986 0.866025403784 0.500000000000
173.654968179753 6.088857715489 0.000000000000 1.000000000000
54.945622338361 5.001099837564 0.866025403784 -0.500000000000
-39.285082074558 42.837862480527 0.866025403784 -0.500000000000
123.676382480352 11.761058695165 0.000000000000 1.000000000000
127.487836390991 -9.899503949298 0.000000000000 1.000000000000
62.454936397996 54.946851841793 0.000000000000 1.000000000000
-37.979048111166 14.304475662186 0.866025403784 0.500000000000
-134.032935072003 -33.786180107443 0.000000000000 1.000000000000
126.778433464760 -44.568046831024 0.866025403784 0.500000000000
54.327774909937 52.133189914100 0.866025403784 0.500000000000
27.460616735769 -21.249416985512 0.000000000000 1.000000000000
113.249731919505 40.819097619089 0.866025403784 0.500000000000
-23.229118442100 94.370024305132 0.866025403784 0.500000000000
5.813371739858 -193.550439980857 0.866025403784 -0.500000000000
-23.330786582869 -21.609259109338 0.866025403784 -0.500000000000
56.789010247434 -3.557601918652 0.866025403784 -0.500000000000
