#Configurational_file created 2018-09-14 11:36:42  started 2018-09-14 11:36:41 run for 1.0s steps 0
name: p_1157
step: 10000
specie: 20
	particle_diameter: 1.0000000000000000
	interaction_length: 1.2000000000000000
	number_of_patches: 3
	number_of_particles_per_compound: 1
	rod_length: 1.0000000000000000
	interaction_matrix:  1.000000 1.000000 1.000000 1.000000 1.000000 1.000000 1.000000 1.000000 1.000000
	patch_type: symmetric
	patch_width: 8.0000000000000000
	patch_angle: 0.0000000000000000
	angles:  0.000000 0.000000 0.000000
	grand_canonical: 0
	chemical_potential: 0.0000000000000000
box: 10.872245 10.872245
copy: 1.000000 1.000000
epsilon: 0.4375120000000000
end_epsilon: 0.0000000000000000
pressure: 0.5000750000000000
lambda: 0.0000000000000000
lambda_coupling: 1.0000000000000000
uy: 0.0000000000000000
maximum_displacement: 1.0000000000000000
maximum_rotation: 1.0000000000000000
maximum_volume: 1.0000000000000000
maximum_shape: 0.0000001000000000
maximum_dsigma: 0.0100000000000000
mod: 10
pmod: 10
optimize: 1
verbose: 1
snapshot: 0
display: 1
explore: 1
npt: 1
nptxy: 0
nptdxdy: 0
shape: 0
seed: 1318300
13.894012787448 -48.519042316653 0.866025403784 0.500000000000
-126.717149870158 28.891774660685 0.000000000000 1.000000000000
-64.504300776499 -98.568129714479 0.866025403784 0.500000000000
140.870506911610 -126.157771664541 0.000000000000 1.000000000000
99.485193101718 130.092852751893 0.000000000000 1.000000000000
-41.099509472700 -42.875950594751 0.866025403784 0.500000000000
21.008718138176 -53.233253646393 0.866025403784 -0.500000000000
28.040808489411 -166.276136852337 0.866025403784 -0.500000000000
88.231277799830 174.812022651087 0.866025403784 -0.500000000000
-26.387172125499 -227.172752112600 0.000000000000 1.000000000000
34.061856612202 -18.125060833907 0.000000000000 1.000000000000
48.657749511128 34.265169733765 0.000000000000 1.000000000000
13.595121124541 -52.412762971350 0.000000000000 1.000000000000
-36.562805299050 59.147247266004 0.866025403784 -0.500000000000
43.808775962886 65.608033226766 0.866025403784 0.500000000000
-179.718853210667 135.403803478630 0.866025403784 -0.500000000000
4.846514497991 8.843167710602 0.866025403784 0.500000000000
44.485390751062 -82.233060921200 0.866025403784 -0.500000000000
48.793825718386 14.800821666711 0.000000000000 1.000000000000
-68.772816283732 19.983897960902 0.866025403784 0.500000000000
