#Configurational_file created 2018-09-14 12:03:45  started 2018-09-14 12:03:45 run for 0.0s steps 0
name: p_1141
step: 10000
specie: 20
	particle_diameter: 1.0000000000000000
	interaction_length: 1.2000000000000000
	number_of_patches: 3
	number_of_particles_per_compound: 1
	rod_length: 1.0000000000000000
	interaction_matrix:  1.000000 1.000000 1.000000 1.000000 1.000000 1.000000 1.000000 1.000000 1.000000
	patch_type: symmetric
	patch_width: 8.0000000000000000
	patch_angle: 0.0000000000000000
	angles:  0.000000 0.000000 0.000000
	grand_canonical: 0
	chemical_potential: 0.0000000000000000
box: 47.968795 47.968795
copy: 1.000000 1.000000
epsilon: 0.0416670000000000
end_epsilon: 0.0000000000000000
pressure: 0.0625000000000000
lambda: 0.0000000000000000
lambda_coupling: 1.0000000000000000
uy: 0.0000000000000000
maximum_displacement: 1.0000000000000000
maximum_rotation: 1.0000000000000000
maximum_volume: 1.0000000000000000
maximum_shape: 0.0000001000000000
maximum_dsigma: 0.0100000000000000
mod: 10
pmod: 10
optimize: 1
verbose: 1
snapshot: 0
display: 1
explore: 1
npt: 1
nptxy: 0
nptdxdy: 0
shape: 0
seed: 1300108
113.887622009013 -389.988686383148 0.866025403784 -0.500000000000
260.214155009739 139.355397773520 0.866025403784 -0.500000000000
175.411814602704 218.970119111794 0.866025403784 0.500000000000
82.142219187704 42.379196240174 0.000000000000 1.000000000000
34.075450131920 449.944028877526 0.866025403784 -0.500000000000
-256.037138858296 208.596358214083 0.866025403784 0.500000000000
29.027991919655 71.389676322214 0.866025403784 -0.500000000000
25.028000502796 132.836468210184 0.866025403784 0.500000000000
207.938277713984 202.791591130813 0.866025403784 -0.500000000000
81.793545161656 -141.513300922959 0.866025403784 0.500000000000
56.946400865880 142.472009512905 0.866025403784 0.500000000000
-104.728597045632 -140.302997594737 0.000000000000 1.000000000000
213.912558703027 1.519519656819 0.866025403784 0.500000000000
33.189599086396 -3.381416566809 0.866025403784 -0.500000000000
95.844127623398 101.630111574389 0.866025403784 -0.500000000000
153.769850565816 75.428971179732 0.866025403784 -0.500000000000
-214.442072809445 89.608926350251 0.000000000000 1.000000000000
177.665756792880 111.967293433216 0.000000000000 1.000000000000
146.233071539817 23.250264872335 0.000000000000 1.000000000000
-236.483108738406 224.449805910228 0.866025403784 0.500000000000
