#Configurational_file created 2018-09-14 11:37:16  started 2018-09-14 11:37:15 run for 1.0s steps 0
name: p_1195
step: 10000
specie: 20
	particle_diameter: 1.0000000000000000
	interaction_length: 1.2000000000000000
	number_of_patches: 3
	number_of_particles_per_compound: 1
	rod_length: 1.0000000000000000
	interaction_matrix:  1.000000 1.000000 1.000000 1.000000 1.000000 1.000000 1.000000 1.000000 1.000000
	patch_type: symmetric
	patch_width: 8.0000000000000000
	patch_angle: 0.0000000000000000
	angles:  0.000000 0.000000 0.000000
	grand_canonical: 0
	chemical_potential: 0.0000000000000000
box: 7.443023 7.443023
copy: 1.000000 1.000000
epsilon: 0.4583420000000000
end_epsilon: 0.0000000000000000
pressure: 1.5833539999999999
lambda: 0.0000000000000000
lambda_coupling: 1.0000000000000000
uy: 0.0000000000000000
maximum_displacement: 1.0000000000000000
maximum_rotation: 1.0000000000000000
maximum_volume: 0.4875943442983313
maximum_shape: 0.0000001000000000
maximum_dsigma: 0.0100000000000000
mod: 10
pmod: 10
optimize: 1
verbose: 1
snapshot: 0
display: 1
explore: 1
npt: 1
nptxy: 0
nptdxdy: 0
shape: 0
seed: 1361506
48.819941043820 10.197068627501 0.000000000000 1.000000000000
31.934740389533 36.934033448589 0.866025403784 0.500000000000
20.945297146171 46.225076043318 0.000000000000 1.000000000000
-1.107963743978 -70.888955968907 0.866025403784 0.500000000000
18.261057324436 11.154258615738 0.866025403784 0.500000000000
169.526819330388 -53.323642777960 0.866025403784 -0.500000000000
61.110662190175 17.117830482537 0.866025403784 0.500000000000
-72.173822192222 -55.225270536803 0.866025403784 0.500000000000
10.232566766194 -57.148648304736 0.866025403784 -0.500000000000
68.390720704598 50.283023228497 0.000000000000 1.000000000000
26.613085288651 12.704480394311 0.866025403784 -0.500000000000
-8.068774147298 82.193115426292 0.866025403784 0.500000000000
97.047942752336 -14.338063155910 0.866025403784 -0.500000000000
-35.173155219075 -50.956272336037 0.866025403784 0.500000000000
36.274392592780 43.619243458063 0.000000000000 1.000000000000
-44.173480140815 131.155825579966 0.000000000000 1.000000000000
-17.273239242253 7.649983597165 0.866025403784 -0.500000000000
-19.455851707061 12.722278301860 0.866025403784 0.500000000000
-62.930815191164 -7.790440969537 0.000000000000 1.000000000000
-38.216825287605 17.522048545412 0.000000000000 1.000000000000
