#Configurational_file created 2018-09-14 11:37:19  started 2018-09-14 11:37:18 run for 1.0s steps 0
name: p_1198
step: 10000
specie: 20
	particle_diameter: 1.0000000000000000
	interaction_length: 1.2000000000000000
	number_of_patches: 3
	number_of_particles_per_compound: 1
	rod_length: 1.0000000000000000
	interaction_matrix:  1.000000 1.000000 1.000000 1.000000 1.000000 1.000000 1.000000 1.000000 1.000000
	patch_type: symmetric
	patch_width: 8.0000000000000000
	patch_angle: 0.0000000000000000
	angles:  0.000000 0.000000 0.000000
	grand_canonical: 0
	chemical_potential: 0.0000000000000000
box: 7.290022 7.290022
copy: 1.000000 1.000000
epsilon: 0.4583420000000000
end_epsilon: 0.0000000000000000
pressure: 1.8333420000000000
lambda: 0.0000000000000000
lambda_coupling: 1.0000000000000000
uy: 0.0000000000000000
maximum_displacement: 1.0000000000000000
maximum_rotation: 1.0000000000000000
maximum_volume: 0.3572827526656290
maximum_shape: 0.0000001000000000
maximum_dsigma: 0.0100000000000000
mod: 10
pmod: 10
optimize: 1
verbose: 1
snapshot: 0
display: 1
explore: 1
npt: 1
nptxy: 0
nptdxdy: 0
shape: 0
seed: 1364917
15.671157272325 49.520292895315 0.866025403784 0.500000000000
-62.245773983463 -39.545382035322 0.866025403784 -0.500000000000
-36.041862737744 -61.978903027599 0.866025403784 0.500000000000
-22.355433857789 99.016059161195 0.866025403784 -0.500000000000
78.429430248715 53.152831647506 0.866025403784 0.500000000000
-13.607139989063 80.452852434518 0.000000000000 1.000000000000
-38.719198133592 19.461188272969 0.866025403784 -0.500000000000
16.744413563437 -35.619139311696 0.000000000000 1.000000000000
26.746637483590 58.729215227047 0.866025403784 0.500000000000
150.948450904358 13.953434301980 0.866025403784 0.500000000000
-51.997480323890 -95.810912797431 0.866025403784 -0.500000000000
-55.931138133777 23.831886546785 0.866025403784 -0.500000000000
49.038452064122 -93.382482481103 0.000000000000 1.000000000000
-14.212615747460 36.199443717838 0.866025403784 0.500000000000
-76.967583336458 -86.006207983561 0.000000000000 1.000000000000
59.591997074364 -47.379962644133 0.866025403784 -0.500000000000
50.539924258251 -63.339373561051 0.866025403784 -0.500000000000
-34.177788441971 -0.784446928439 0.000000000000 1.000000000000
98.561883909631 53.641173071932 0.866025403784 -0.500000000000
-31.415854929689 -18.363575607284 0.000000000000 1.000000000000
