#Configurational_file created 2018-09-14 13:59:41  started 2018-09-14 13:59:40 run for 1.0s steps 0
name: p_1164
step: 10000
specie: 20
	particle_diameter: 1.0000000000000000
	interaction_length: 1.2000000000000000
	number_of_patches: 3
	number_of_particles_per_compound: 1
	rod_length: 1.0000000000000000
	interaction_matrix:  1.000000 1.000000 1.000000 1.000000 1.000000 1.000000 1.000000 1.000000 1.000000
	patch_type: symmetric
	patch_width: 8.0000000000000000
	patch_angle: 0.0000000000000000
	angles:  0.000000 0.000000 0.000000
	grand_canonical: 0
	chemical_potential: 0.0000000000000000
box: 11.286934 11.286934
copy: 1.000000 1.000000
epsilon: 0.5517250000000000
end_epsilon: 0.0000000000000000
pressure: 0.3965520000000000
lambda: 0.0000000000000000
lambda_coupling: 1.0000000000000000
uy: 0.0000000000000000
maximum_displacement: 1.0000000000000000
maximum_rotation: 1.0000000000000000
maximum_volume: 1.0000000000000000
maximum_shape: 0.0000001000000000
maximum_dsigma: 0.0100000000000000
mod: 10
pmod: 10
optimize: 1
verbose: 1
snapshot: 0
display: 1
explore: 1
npt: 1
nptxy: 0
nptdxdy: 0
shape: 0
seed: 1326259
-17.326179224147 267.782660096638 0.866025403784 0.500000000000
47.960914987674 111.477648553011 0.866025403784 0.500000000000
105.050279952312 76.239874559494 0.866025403784 0.500000000000
-143.675777710485 -4.612953350895 0.000000000000 1.000000000000
-54.864619004326 -56.580131604023 0.866025403784 -0.500000000000
-60.767112964942 -18.178730616182 0.866025403784 0.500000000000
31.762164042856 3.075169669653 0.866025403784 -0.500000000000
39.090439196002 -79.661436799657 0.866025403784 0.500000000000
115.113770968527 -100.206875002894 0.000000000000 1.000000000000
40.130862707745 -139.991216928180 0.000000000000 1.000000000000
-8.715757538324 -97.387956914562 0.000000000000 1.000000000000
-10.631420993280 -226.066969826678 0.000000000000 1.000000000000
-3.435620712165 -46.898891179004 0.866025403784 -0.500000000000
64.187898679383 -18.798263402246 0.000000000000 1.000000000000
-11.994892130634 -10.205110201527 0.866025403784 0.500000000000
220.925944030971 98.067704311982 0.000000000000 1.000000000000
212.990088510806 12.936932363533 0.866025403784 -0.500000000000
-128.050363587228 57.333642642246 0.866025403784 -0.500000000000
17.707765936915 99.468486885098 0.866025403784 0.500000000000
64.801238616773 45.357124020368 0.866025403784 -0.500000000000
