#Configurational_file created 2018-09-14 13:59:42  started 2018-09-14 13:59:41 run for 1.0s steps 0
name: p_1165
step: 10000
specie: 20
	particle_diameter: 1.0000000000000000
	interaction_length: 1.2000000000000000
	number_of_patches: 3
	number_of_particles_per_compound: 1
	rod_length: 1.0000000000000000
	interaction_matrix:  1.000000 1.000000 1.000000 1.000000 1.000000 1.000000 1.000000 1.000000 1.000000
	patch_type: symmetric
	patch_width: 8.0000000000000000
	patch_angle: 0.0000000000000000
	angles:  0.000000 0.000000 0.000000
	grand_canonical: 0
	chemical_potential: 0.0000000000000000
box: 11.433439 11.433439
copy: 1.000000 1.000000
epsilon: 0.5517250000000000
end_epsilon: 0.0000000000000000
pressure: 0.4137930000000000
lambda: 0.0000000000000000
lambda_coupling: 1.0000000000000000
uy: 0.0000000000000000
maximum_displacement: 1.0000000000000000
maximum_rotation: 1.0000000000000000
maximum_volume: 1.0000000000000000
maximum_shape: 0.0000001000000000
maximum_dsigma: 0.0100000000000000
mod: 10
pmod: 10
optimize: 1
verbose: 1
snapshot: 0
display: 1
explore: 1
npt: 1
nptxy: 0
nptdxdy: 0
shape: 0
seed: 1327396
15.884399168897 107.423121144638 0.866025403784 -0.500000000000
93.532667241208 -69.404303803542 0.866025403784 -0.500000000000
126.732467842351 10.362265367807 0.000000000000 1.000000000000
112.605307561980 106.602022539191 0.866025403784 0.500000000000
-129.790268100478 10.090469174333 0.000000000000 1.000000000000
59.554046110917 -106.156381662283 0.866025403784 0.500000000000
-16.251709794515 152.726949920096 0.000000000000 1.000000000000
163.473860404139 36.265292325026 0.866025403784 0.500000000000
-25.846931059638 -22.941617239214 0.866025403784 0.500000000000
142.090605222340 80.732756620282 0.866025403784 0.500000000000
-133.371094071276 53.539940484844 0.866025403784 -0.500000000000
89.429233069718 -280.411371612991 0.866025403784 0.500000000000
-43.442838460516 -122.550926498732 0.000000000000 1.000000000000
-34.467171129913 27.116853361287 0.866025403784 0.500000000000
69.379748738508 46.417182712265 0.866025403784 -0.500000000000
-137.348460474514 52.405408895678 0.000000000000 1.000000000000
-59.783703531436 98.161870402600 0.000000000000 1.000000000000
58.740035678529 74.782571645825 0.000000000000 1.000000000000
63.136807192279 -97.131636485234 0.866025403784 0.500000000000
-19.309561670353 -23.622076836229 0.866025403784 0.500000000000
