#Configurational_file created 2018-09-14 11:36:20  started 2018-09-14 11:36:19 run for 1.0s steps 0
name: p_1131
step: 10000
specie: 20
	particle_diameter: 1.0000000000000000
	interaction_length: 1.2000000000000000
	number_of_patches: 3
	number_of_particles_per_compound: 1
	rod_length: 1.0000000000000000
	interaction_matrix:  1.000000 1.000000 1.000000 1.000000 1.000000 1.000000 1.000000 1.000000 1.000000
	patch_type: symmetric
	patch_width: 8.0000000000000000
	patch_angle: 0.0000000000000000
	angles:  0.000000 0.000000 0.000000
	grand_canonical: 0
	chemical_potential: 0.0000000000000000
box: 11.617636 11.617636
copy: 1.000000 1.000000
epsilon: 0.4166830000000000
end_epsilon: 0.0000000000000000
pressure: 0.4167460000000000
lambda: 0.0000000000000000
lambda_coupling: 1.0000000000000000
uy: 0.0000000000000000
maximum_displacement: 1.0000000000000000
maximum_rotation: 1.0000000000000000
maximum_volume: 1.0000000000000000
maximum_shape: 0.0000001000000000
maximum_dsigma: 0.0100000000000000
mod: 10
pmod: 10
optimize: 1
verbose: 1
snapshot: 0
display: 1
explore: 1
npt: 1
nptxy: 0
nptdxdy: 0
shape: 0
seed: 1288738
-38.257577659111 -10.069556528747 0.866025403784 0.500000000000
-16.835900740797 -119.512269877599 0.866025403784 -0.500000000000
-196.040414979396 -47.684873491303 0.000000000000 1.000000000000
-23.282972124785 37.390744166203 0.000000000000 1.000000000000
0.212621859315 32.858144413443 0.866025403784 -0.500000000000
-25.695363833858 41.002948846874 0.000000000000 1.000000000000
-34.713327134929 -95.805233143629 0.866025403784 0.500000000000
-185.273314480520 27.896152641245 0.000000000000 1.000000000000
123.378576261384 232.584582619505 0.866025403784 0.500000000000
-21.146379408424 -37.485438117898 0.000000000000 1.000000000000
-63.945781865598 56.343426174236 0.866025403784 -0.500000000000
-7.755996724525 53.316723767745 0.866025403784 -0.500000000000
-71.403576023573 82.616376601272 0.866025403784 0.500000000000
-84.819692984526 -118.442858566819 0.866025403784 0.500000000000
-4.663609704481 -28.824542924418 0.866025403784 -0.500000000000
52.456748727616 52.080563042157 0.000000000000 1.000000000000
96.318470724760 -59.841901912676 0.866025403784 0.500000000000
-24.741895410900 -26.830296575585 0.866025403784 0.500000000000
110.396548511021 -76.794791267964 0.000000000000 1.000000000000
78.219890474098 -109.124750399374 0.866025403784 -0.500000000000
