#Configurational_file created 2018-09-14 11:36:51  started 2018-09-14 11:36:50 run for 1.0s steps 0
name: p_1167
step: 10000
specie: 20
	particle_diameter: 1.0000000000000000
	interaction_length: 1.2000000000000000
	number_of_patches: 3
	number_of_particles_per_compound: 1
	rod_length: 1.0000000000000000
	interaction_matrix:  1.000000 1.000000 1.000000 1.000000 1.000000 1.000000 1.000000 1.000000 1.000000
	patch_type: symmetric
	patch_width: 8.0000000000000000
	patch_angle: 0.0000000000000000
	angles:  0.000000 0.000000 0.000000
	grand_canonical: 0
	chemical_potential: 0.0000000000000000
box: 6.974285 6.974285
copy: 1.000000 1.000000
epsilon: 0.4375120000000000
end_epsilon: 0.0000000000000000
pressure: 1.3333670000000000
lambda: 0.0000000000000000
lambda_coupling: 1.0000000000000000
uy: 0.0000000000000000
maximum_displacement: 1.0000000000000000
maximum_rotation: 1.0000000000000000
maximum_volume: 0.5713735217999649
maximum_shape: 0.0000001000000000
maximum_dsigma: 0.0100000000000000
mod: 10
pmod: 10
optimize: 1
verbose: 1
snapshot: 0
display: 1
explore: 1
npt: 1
nptxy: 0
nptdxdy: 0
shape: 0
seed: 1329670
33.870240739591 -30.609089264167 0.866025403784 0.500000000000
40.292888876380 -104.802556476329 0.866025403784 0.500000000000
9.578530809241 -6.331234075236 0.000000000000 1.000000000000
72.298640333507 -58.624571625814 0.866025403784 0.500000000000
-0.415437688731 105.399585016313 0.866025403784 0.500000000000
-92.958475292965 106.033772912254 0.866025403784 -0.500000000000
-19.477803974915 -66.352551669880 0.000000000000 1.000000000000
133.084290457486 -85.417964263490 0.866025403784 -0.500000000000
45.346264031338 67.456358727541 0.000000000000 1.000000000000
21.416963456152 -37.431570961869 0.000000000000 1.000000000000
3.445797148621 -19.550615227003 0.866025403784 0.500000000000
-56.972533486226 44.189107207759 0.866025403784 0.500000000000
-47.239630734168 -51.283630270981 0.866025403784 -0.500000000000
116.750433885169 -24.236502982156 0.866025403784 0.500000000000
-31.757030801570 -136.770603283366 0.866025403784 -0.500000000000
70.854930841712 -28.361036375692 0.866025403784 -0.500000000000
35.008811123906 27.071880403016 0.866025403784 -0.500000000000
53.126458656422 40.194519388894 0.000000000000 1.000000000000
155.615740503217 -6.459262351141 0.866025403784 -0.500000000000
14.131814052714 16.533308260031 0.866025403784 0.500000000000
