#Configurational_file created 2018-09-14 12:03:52  started 2018-09-14 12:03:51 run for 1.0s steps 0
name: p_1150
step: 10000
specie: 20
	particle_diameter: 1.0000000000000000
	interaction_length: 1.2000000000000000
	number_of_patches: 3
	number_of_particles_per_compound: 1
	rod_length: 1.0000000000000000
	interaction_matrix:  1.000000 1.000000 1.000000 1.000000 1.000000 1.000000 1.000000 1.000000 1.000000
	patch_type: symmetric
	patch_width: 8.0000000000000000
	patch_angle: 0.0000000000000000
	angles:  0.000000 0.000000 0.000000
	grand_canonical: 0
	chemical_potential: 0.0000000000000000
box: 40.547832 40.547832
copy: 1.000000 1.000000
epsilon: 0.0416670000000000
end_epsilon: 0.0000000000000000
pressure: 0.1000000000000000
lambda: 0.0000000000000000
lambda_coupling: 1.0000000000000000
uy: 0.0000000000000000
maximum_displacement: 1.0000000000000000
maximum_rotation: 1.0000000000000000
maximum_volume: 1.0000000000000000
maximum_shape: 0.0000001000000000
maximum_dsigma: 0.0100000000000000
mod: 10
pmod: 10
optimize: 1
verbose: 1
snapshot: 0
display: 1
explore: 1
npt: 1
nptxy: 0
nptdxdy: 0
shape: 0
seed: 1310341
125.104633729695 -144.616259909359 0.000000000000 1.000000000000
51.684629291438 50.171461748672 0.866025403784 0.500000000000
91.951587388449 41.620599247343 0.866025403784 0.500000000000
-134.973439978227 202.394948780240 0.866025403784 -0.500000000000
-92.059364211524 -191.014299627502 0.866025403784 -0.500000000000
-25.592284117247 98.750900918841 0.866025403784 -0.500000000000
85.831485750697 173.437909331065 0.866025403784 -0.500000000000
32.961216546528 19.970447084722 0.866025403784 0.500000000000
-235.649325641912 1.417467224999 0.866025403784 -0.500000000000
91.375586254583 -109.275745216552 0.000000000000 1.000000000000
-38.785708993302 -227.993635126729 0.000000000000 1.000000000000
163.470229410824 223.110807291077 0.000000000000 1.000000000000
-262.555986328265 28.951439378723 0.000000000000 1.000000000000
-39.738848698623 -69.149187930616 0.000000000000 1.000000000000
-67.954842042089 -404.403467727001 0.866025403784 0.500000000000
25.595323175447 -113.617089202105 0.000000000000 1.000000000000
25.502621863980 151.723598746864 0.866025403784 0.500000000000
-97.781897159315 47.625872054259 0.866025403784 -0.500000000000
50.494706876089 5.324408274052 0.866025403784 -0.500000000000
408.126557399386 45.451708414584 0.000000000000 1.000000000000
