#Configurational_file created 2018-09-14 13:59:24  started 2018-09-14 13:59:24 run for 0.0s steps 0
name: p_1141
step: 10000
specie: 20
	particle_diameter: 1.0000000000000000
	interaction_length: 1.2000000000000000
	number_of_patches: 3
	number_of_particles_per_compound: 1
	rod_length: 1.0000000000000000
	interaction_matrix:  1.000000 1.000000 1.000000 1.000000 1.000000 1.000000 1.000000 1.000000 1.000000
	patch_type: symmetric
	patch_width: 8.0000000000000000
	patch_angle: 0.0000000000000000
	angles:  0.000000 0.000000 0.000000
	grand_canonical: 0
	chemical_potential: 0.0000000000000000
box: 49.857264 49.857264
copy: 1.000000 1.000000
epsilon: 0.5517250000000000
end_epsilon: 0.0000000000000000
pressure: 0.0000010000000000
lambda: 0.0000000000000000
lambda_coupling: 1.0000000000000000
uy: 0.0000000000000000
maximum_displacement: 1.0000000000000000
maximum_rotation: 1.0000000000000000
maximum_volume: 1.0000000000000000
maximum_shape: 0.0000001000000000
maximum_dsigma: 0.0100000000000000
mod: 10
pmod: 10
optimize: 1
verbose: 1
snapshot: 0
display: 1
explore: 1
npt: 1
nptxy: 0
nptdxdy: 0
shape: 0
seed: 1300108
82.203246125807 82.133956453035 0.866025403784 -0.500000000000
211.894488536760 220.246991498843 0.866025403784 0.500000000000
-117.662742233912 322.998347591333 0.866025403784 0.500000000000
-282.983381444790 193.348553317319 0.000000000000 1.000000000000
-247.145514660078 405.823197635855 0.866025403784 0.500000000000
-166.101495726360 347.040775597308 0.866025403784 0.500000000000
5.247820850250 234.159978715599 0.000000000000 1.000000000000
88.281625570887 72.867079697622 0.866025403784 -0.500000000000
173.601444710022 -145.980996624603 0.866025403784 -0.500000000000
-43.164364460023 -226.770001709642 0.866025403784 0.500000000000
-12.686937860252 111.423985030904 0.000000000000 1.000000000000
14.600826905502 -198.681896778592 0.866025403784 0.500000000000
261.362929886085 -115.023383267879 0.866025403784 -0.500000000000
-278.842899776027 113.326648054900 0.866025403784 0.500000000000
-34.661515994068 63.647460243132 0.866025403784 -0.500000000000
54.085973050377 167.510356740098 0.000000000000 1.000000000000
-43.226792422377 129.170643586894 0.866025403784 0.500000000000
-211.407771706081 -148.490635669306 0.866025403784 0.500000000000
175.791353708088 -355.854724380015 0.866025403784 -0.500000000000
23.748262669792 116.008357313746 0.866025403784 0.500000000000
