#Configurational_file created 2018-09-14 11:37:13  started 2018-09-14 11:37:12 run for 1.0s steps 0
name: p_1192
step: 10000
specie: 20
	particle_diameter: 1.0000000000000000
	interaction_length: 1.2000000000000000
	number_of_patches: 3
	number_of_particles_per_compound: 1
	rod_length: 1.0000000000000000
	interaction_matrix:  1.000000 1.000000 1.000000 1.000000 1.000000 1.000000 1.000000 1.000000 1.000000
	patch_type: symmetric
	patch_width: 8.0000000000000000
	patch_angle: 0.0000000000000000
	angles:  0.000000 0.000000 0.000000
	grand_canonical: 0
	chemical_potential: 0.0000000000000000
box: 8.052995 8.052995
copy: 1.000000 1.000000
epsilon: 0.4583420000000000
end_epsilon: 0.0000000000000000
pressure: 1.3333670000000000
lambda: 0.0000000000000000
lambda_coupling: 1.0000000000000000
uy: 0.0000000000000000
maximum_displacement: 1.0000000000000000
maximum_rotation: 1.0000000000000000
maximum_volume: 0.5484313030270506
maximum_shape: 0.0000001000000000
maximum_dsigma: 0.0100000000000000
mod: 10
pmod: 10
optimize: 1
verbose: 1
snapshot: 0
display: 1
explore: 1
npt: 1
nptxy: 0
nptdxdy: 0
shape: 0
seed: 1358095
6.146054711939 167.965940470020 0.866025403784 0.500000000000
-85.926282321701 12.756587985150 0.866025403784 0.500000000000
-19.151518644669 -38.932012411683 0.866025403784 0.500000000000
-85.039589141931 -10.871154894527 0.866025403784 -0.500000000000
-21.078046354707 -78.178188988808 0.866025403784 -0.500000000000
19.425677453343 71.499581905363 0.866025403784 0.500000000000
36.800212107590 -32.435971312302 0.000000000000 1.000000000000
-120.663594479952 -3.808118060391 0.866025403784 0.500000000000
-139.686940794208 62.267368428943 0.866025403784 0.500000000000
54.698179701713 41.263056692035 0.866025403784 0.500000000000
38.273725212075 -13.261759489555 0.866025403784 -0.500000000000
-87.999226833102 26.700263279752 0.866025403784 0.500000000000
-131.899599517223 35.079246741571 0.866025403784 0.500000000000
18.626683567319 -56.896620284202 0.866025403784 -0.500000000000
10.535415466936 -71.284908743171 0.000000000000 1.000000000000
177.537465845737 80.620441973184 0.866025403784 -0.500000000000
-88.017023951576 -147.637589097372 0.000000000000 1.000000000000
-33.212091964542 -134.238846453726 0.866025403784 -0.500000000000
13.382028395206 -76.243796452679 0.866025403784 0.500000000000
-104.508237986248 -9.756336799953 0.866025403784 -0.500000000000
