#Configurational_file created 2018-09-14 12:04:14  started 2018-09-14 12:04:14 run for 0.0s steps 0
name: p_1181
step: 10000
specie: 20
	particle_diameter: 1.0000000000000000
	interaction_length: 1.2000000000000000
	number_of_patches: 3
	number_of_particles_per_compound: 1
	rod_length: 1.0000000000000000
	interaction_matrix:  1.000000 1.000000 1.000000 1.000000 1.000000 1.000000 1.000000 1.000000 1.000000
	patch_type: symmetric
	patch_width: 8.0000000000000000
	patch_angle: 0.0000000000000000
	angles:  0.000000 0.000000 0.000000
	grand_canonical: 0
	chemical_potential: 0.0000000000000000
box: 52.608746 52.608746
copy: 1.000000 1.000000
epsilon: 0.0458330000000000
end_epsilon: 0.0000000000000000
pressure: 0.0208340000000000
lambda: 0.0000000000000000
lambda_coupling: 1.0000000000000000
uy: 0.0000000000000000
maximum_displacement: 1.0000000000000000
maximum_rotation: 1.0000000000000000
maximum_volume: 1.0000000000000000
maximum_shape: 0.0000001000000000
maximum_dsigma: 0.0100000000000000
mod: 10
pmod: 10
optimize: 1
verbose: 1
snapshot: 0
display: 1
explore: 1
npt: 1
nptxy: 0
nptdxdy: 0
shape: 0
seed: 1345588
-80.055501717547 174.715119437464 0.866025403784 0.500000000000
54.431439620137 26.012518350260 0.000000000000 1.000000000000
-73.152303325527 -316.400001685547 0.866025403784 -0.500000000000
11.989760044303 99.031302221473 0.000000000000 1.000000000000
-38.705746302041 333.368524532226 0.000000000000 1.000000000000
244.252586673921 84.610276162536 0.866025403784 -0.500000000000
22.955444812831 -52.716002601366 0.866025403784 -0.500000000000
49.675652698175 147.146089517609 0.000000000000 1.000000000000
-49.485228165341 63.474068315455 0.866025403784 -0.500000000000
323.504187729124 -77.251801565974 0.866025403784 0.500000000000
-371.764647252606 -105.014574757654 0.866025403784 0.500000000000
245.743116563017 182.986167176227 0.000000000000 1.000000000000
56.096062554577 6.881273054397 0.000000000000 1.000000000000
37.264916048214 238.677993735987 0.000000000000 1.000000000000
-6.686013286994 -112.732226217342 0.000000000000 1.000000000000
-292.235306707143 -281.156983972046 0.000000000000 1.000000000000
110.574235745640 93.412469769622 0.866025403784 -0.500000000000
103.661719793632 145.934773489502 0.866025403784 0.500000000000
-26.184405992362 -30.391781783720 0.866025403784 0.500000000000
158.369955552924 102.958560286555 0.866025403784 -0.500000000000
