#Configurational_file created 2018-09-14 12:03:48  started 2018-09-14 12:03:47 run for 1.0s steps 0
name: p_1145
step: 10000
specie: 20
	particle_diameter: 1.0000000000000000
	interaction_length: 1.2000000000000000
	number_of_patches: 3
	number_of_particles_per_compound: 1
	rod_length: 1.0000000000000000
	interaction_matrix:  1.000000 1.000000 1.000000 1.000000 1.000000 1.000000 1.000000 1.000000 1.000000
	patch_type: symmetric
	patch_width: 8.0000000000000000
	patch_angle: 0.0000000000000000
	angles:  0.000000 0.000000 0.000000
	grand_canonical: 0
	chemical_potential: 0.0000000000000000
box: 42.750836 42.750836
copy: 1.000000 1.000000
epsilon: 0.0416670000000000
end_epsilon: 0.0000000000000000
pressure: 0.0791670000000000
lambda: 0.0000000000000000
lambda_coupling: 1.0000000000000000
uy: 0.0000000000000000
maximum_displacement: 1.0000000000000000
maximum_rotation: 1.0000000000000000
maximum_volume: 1.0000000000000000
maximum_shape: 0.0000001000000000
maximum_dsigma: 0.0100000000000000
mod: 10
pmod: 10
optimize: 1
verbose: 1
snapshot: 0
display: 1
explore: 1
npt: 1
nptxy: 0
nptdxdy: 0
shape: 0
seed: 1304656
49.641298686937 -257.859398373356 0.866025403784 -0.500000000000
-132.130590705269 24.644927076940 0.000000000000 1.000000000000
268.158324251262 193.843419793950 0.000000000000 1.000000000000
-193.520805971894 -15.508186199228 0.866025403784 0.500000000000
165.098870757138 400.747961857673 0.000000000000 1.000000000000
425.991664541997 -65.144243601364 0.000000000000 1.000000000000
-33.415943360164 -52.493524983987 0.866025403784 0.500000000000
-128.400844109235 -292.640780461760 0.866025403784 -0.500000000000
235.506783680419 99.776904932795 0.866025403784 0.500000000000
141.697664406340 11.843249803547 0.866025403784 -0.500000000000
-18.263850084150 185.800957208300 0.866025403784 0.500000000000
62.243998043223 110.193334389836 0.000000000000 1.000000000000
-144.342947911366 238.712688631982 0.000000000000 1.000000000000
142.936766253013 130.479266921582 0.866025403784 -0.500000000000
25.229519985274 90.131104532495 0.866025403784 0.500000000000
-343.465131528898 -184.556127687027 0.866025403784 -0.500000000000
-179.710618792062 18.146314009662 0.866025403784 -0.500000000000
-44.861914478520 300.754519435968 0.866025403784 -0.500000000000
139.580682144816 83.584444698384 0.866025403784 -0.500000000000
-198.431000517123 134.569212587960 0.866025403784 -0.500000000000
