#Configurational_file created 2018-09-14 13:58:56  started 2018-09-14 13:58:56 run for 0.0s steps 0
name: p_1103
step: 10000
specie: 20
	particle_diameter: 1.0000000000000000
	interaction_length: 1.2000000000000000
	number_of_patches: 3
	number_of_particles_per_compound: 1
	rod_length: 1.0000000000000000
	interaction_matrix:  1.000000 1.000000 1.000000 1.000000 1.000000 1.000000 1.000000 1.000000 1.000000
	patch_type: symmetric
	patch_width: 8.0000000000000000
	patch_angle: 0.0000000000000000
	angles:  0.000000 0.000000 0.000000
	grand_canonical: 0
	chemical_potential: 0.0000000000000000
box: 13.200237 13.200237
copy: 1.000000 1.000000
epsilon: 0.4137940000000000
end_epsilon: 0.0000000000000000
pressure: 0.3793110000000000
lambda: 0.0000000000000000
lambda_coupling: 1.0000000000000000
uy: 0.0000000000000000
maximum_displacement: 1.0000000000000000
maximum_rotation: 1.0000000000000000
maximum_volume: 1.0000000000000000
maximum_shape: 0.0000001000000000
maximum_dsigma: 0.0100000000000000
mod: 10
pmod: 10
optimize: 1
verbose: 1
snapshot: 0
display: 1
explore: 1
npt: 1
nptxy: 0
nptdxdy: 0
shape: 0
seed: 1256902
122.567363492295 -84.621985099794 0.866025403784 -0.500000000000
-28.493065779208 -2.209785357954 0.000000000000 1.000000000000
-121.246019409381 -31.692442739809 0.866025403784 0.500000000000
25.556221747316 198.470592490465 0.866025403784 -0.500000000000
-105.802940292953 -67.157250893538 0.866025403784 0.500000000000
-17.959430737836 112.694619519402 0.866025403784 -0.500000000000
69.837508967765 -79.162040470940 0.000000000000 1.000000000000
60.401243164764 27.087596853093 0.000000000000 1.000000000000
-51.484367232047 264.503627747029 0.866025403784 -0.500000000000
43.302905675068 144.241895553936 0.000000000000 1.000000000000
265.372922373324 -9.526988094770 0.866025403784 -0.500000000000
84.118390965217 24.384156743804 0.000000000000 1.000000000000
-104.771143436780 63.527628857380 0.866025403784 0.500000000000
129.192686441924 -13.870620568685 0.866025403784 -0.500000000000
3.272945890493 -53.945517919598 0.866025403784 -0.500000000000
10.351668911082 72.362059441476 0.866025403784 -0.500000000000
103.190895745607 124.055531839719 0.866025403784 -0.500000000000
50.522766934042 161.438926555590 0.866025403784 -0.500000000000
75.949677229436 -83.029538916362 0.866025403784 -0.500000000000
-28.832093823857 -89.983754188228 0.000000000000 1.000000000000
