#Configurational_file created 2018-09-14 11:06:57  started 2018-09-14 11:06:56 run for 1.0s steps 0
name: p_118
step: 10000
specie: 20
	particle_diameter: 1.0000000000000000
	interaction_length: 1.2000000000000000
	number_of_patches: 3
	number_of_particles_per_compound: 1
	rod_length: 1.0000000000000000
	interaction_matrix:  1.000000 1.000000 1.000000 1.000000 1.000000 1.000000 1.000000 1.000000 1.000000
	patch_type: symmetric
	patch_width: 8.0000000000000000
	patch_angle: 0.0000000000000000
	angles:  0.000000 0.000000 0.000000
	grand_canonical: 0
	chemical_potential: 0.0000000000000000
box: 7.639807 7.639807
copy: 1.000000 1.000000
epsilon: 0.4285860000000000
end_epsilon: 0.0000000000000000
pressure: 1.4286000000000001
lambda: 0.0000000000000000
lambda_coupling: 1.0000000000000000
uy: 0.0000000000000000
maximum_displacement: 1.0000000000000000
maximum_rotation: 1.0000000000000000
maximum_volume: 0.5634432952438244
maximum_shape: 0.0000001000000000
maximum_dsigma: 0.0100000000000000
mod: 10
pmod: 10
optimize: 1
verbose: 1
snapshot: 0
display: 1
explore: 1
npt: 1
nptxy: 0
nptdxdy: 0
shape: 0
seed: 137036
27.017651627350 192.973195314722 0.866025403784 -0.500000000000
-45.601888943554 153.845709927843 0.000000000000 1.000000000000
-38.940575847320 37.621832639811 0.866025403784 -0.500000000000
-27.421614970703 66.935220079679 0.866025403784 -0.500000000000
-31.352889673888 -14.670379052610 0.866025403784 -0.500000000000
140.439073581778 5.588379662937 0.000000000000 1.000000000000
38.577892025491 22.435937239702 0.000000000000 1.000000000000
32.332987515546 -116.522443393856 0.000000000000 1.000000000000
-77.896158041386 72.186365915834 0.000000000000 1.000000000000
-51.244272309656 -13.021843715055 0.866025403784 -0.500000000000
3.822838515163 -46.601435572653 0.866025403784 -0.500000000000
62.276492401694 -43.368566910130 0.866025403784 -0.500000000000
32.220791911154 44.009484492431 0.866025403784 -0.500000000000
-10.620212374856 32.265023327683 0.000000000000 1.000000000000
-17.165283740058 65.322040140373 0.866025403784 0.500000000000
77.372731199503 -41.587659717547 0.866025403784 0.500000000000
9.871729427724 93.149667699827 0.866025403784 0.500000000000
-26.303173108693 82.811448891521 0.866025403784 0.500000000000
6.399975928342 -18.267260184526 0.000000000000 1.000000000000
23.476950902497 -2.794939380407 0.866025403784 -0.500000000000
