#Configurational_file created 2018-09-14 11:35:58  started 2018-09-14 11:35:58 run for 0.0s steps 0
name: p_1106
step: 10000
specie: 20
	particle_diameter: 1.0000000000000000
	interaction_length: 1.2000000000000000
	number_of_patches: 3
	number_of_particles_per_compound: 1
	rod_length: 1.0000000000000000
	interaction_matrix:  1.000000 1.000000 1.000000 1.000000 1.000000 1.000000 1.000000 1.000000 1.000000
	patch_type: symmetric
	patch_width: 8.0000000000000000
	patch_angle: 0.0000000000000000
	angles:  0.000000 0.000000 0.000000
	grand_canonical: 0
	chemical_potential: 0.0000000000000000
box: 13.374205 13.374205
copy: 1.000000 1.000000
epsilon: 0.3958540000000000
end_epsilon: 0.0000000000000000
pressure: 0.4167460000000000
lambda: 0.0000000000000000
lambda_coupling: 1.0000000000000000
uy: 0.0000000000000000
maximum_displacement: 1.0000000000000000
maximum_rotation: 1.0000000000000000
maximum_volume: 1.0000000000000000
maximum_shape: 0.0000001000000000
maximum_dsigma: 0.0100000000000000
mod: 10
pmod: 10
optimize: 1
verbose: 1
snapshot: 0
display: 1
explore: 1
npt: 1
nptxy: 0
nptdxdy: 0
shape: 0
seed: 1260313
-10.424755544691 -101.928047588874 0.000000000000 1.000000000000
38.609037444642 -123.749631854257 0.000000000000 1.000000000000
-93.121666064171 96.880568886118 0.000000000000 1.000000000000
200.787248397198 -21.191903305243 0.866025403784 -0.500000000000
17.888166251815 59.746915543998 0.000000000000 1.000000000000
181.457544166678 172.905959797479 0.000000000000 1.000000000000
-113.180122788292 -106.878874080503 0.866025403784 0.500000000000
-49.676542627162 -119.449086551056 0.000000000000 1.000000000000
-72.510582710731 -5.642959986563 0.866025403784 -0.500000000000
70.917486013846 38.579078066894 0.866025403784 -0.500000000000
-41.881934958431 -58.667429714073 0.866025403784 0.500000000000
-119.456978899915 -159.717702066867 0.866025403784 -0.500000000000
112.539684078586 -13.946380696458 0.000000000000 1.000000000000
-91.709964595822 -17.162099328691 0.866025403784 0.500000000000
-256.087827010495 -81.096312417413 0.000000000000 1.000000000000
-82.153684721451 -37.759440965825 0.866025403784 -0.500000000000
87.514819541557 179.134373931342 0.866025403784 0.500000000000
25.028297080488 5.545927984757 0.866025403784 -0.500000000000
-17.910317757590 87.354669076869 0.866025403784 0.500000000000
-77.707148918747 19.056695569190 0.866025403784 -0.500000000000
