#Configurational_file created 2018-09-14 11:36:54  started 2018-09-14 11:36:53 run for 1.0s steps 0
name: p_1170
step: 10000
specie: 20
	particle_diameter: 1.0000000000000000
	interaction_length: 1.2000000000000000
	number_of_patches: 3
	number_of_particles_per_compound: 1
	rod_length: 1.0000000000000000
	interaction_matrix:  1.000000 1.000000 1.000000 1.000000 1.000000 1.000000 1.000000 1.000000 1.000000
	patch_type: symmetric
	patch_width: 8.0000000000000000
	patch_angle: 0.0000000000000000
	angles:  0.000000 0.000000 0.000000
	grand_canonical: 0
	chemical_potential: 0.0000000000000000
box: 7.888465 7.888465
copy: 1.000000 1.000000
epsilon: 0.4375120000000000
end_epsilon: 0.0000000000000000
pressure: 1.5833539999999999
lambda: 0.0000000000000000
lambda_coupling: 1.0000000000000000
uy: 0.0000000000000000
maximum_displacement: 1.0000000000000000
maximum_rotation: 1.0000000000000000
maximum_volume: 0.4094409082272501
maximum_shape: 0.0000001000000000
maximum_dsigma: 0.0100000000000000
mod: 10
pmod: 10
optimize: 1
verbose: 1
snapshot: 0
display: 1
explore: 1
npt: 1
nptxy: 0
nptdxdy: 0
shape: 0
seed: 1333081
71.128362948013 -62.437528473067 0.866025403784 -0.500000000000
72.814153359919 -83.327327565963 0.000000000000 1.000000000000
-30.246995293395 -74.278466078774 0.000000000000 1.000000000000
28.381627282590 -47.453385395253 0.000000000000 1.000000000000
79.023248886920 54.020976180768 0.000000000000 1.000000000000
107.630046071468 -4.882453855687 0.000000000000 1.000000000000
-78.825897700558 -55.579317483482 0.866025403784 0.500000000000
-51.012906445440 6.436435095946 0.866025403784 0.500000000000
51.599799578035 79.111185971066 0.866025403784 0.500000000000
32.441024228302 48.420075279885 0.000000000000 1.000000000000
34.701759489618 -78.551434081630 0.866025403784 0.500000000000
177.589175115014 -58.011563432507 0.000000000000 1.000000000000
16.814699995912 -44.912559542763 0.866025403784 -0.500000000000
45.043121781579 0.342202786022 0.866025403784 -0.500000000000
66.570623445892 -3.847109226124 0.000000000000 1.000000000000
6.633164918389 83.149754032061 0.866025403784 0.500000000000
-8.444050392441 -52.218403882582 0.866025403784 0.500000000000
-25.434932498847 22.891866893510 0.000000000000 1.000000000000
26.775440698823 80.504001354644 0.866025403784 -0.500000000000
-4.807601260345 6.362411856764 0.866025403784 -0.500000000000
