#Configurational_file created 2018-09-14 13:59:54  started 2018-09-14 13:59:53 run for 1.0s steps 0
name: p_1182
step: 10000
specie: 20
	particle_diameter: 1.0000000000000000
	interaction_length: 1.2000000000000000
	number_of_patches: 3
	number_of_particles_per_compound: 1
	rod_length: 1.0000000000000000
	interaction_matrix:  1.000000 1.000000 1.000000 1.000000 1.000000 1.000000 1.000000 1.000000 1.000000
	patch_type: symmetric
	patch_width: 8.0000000000000000
	patch_angle: 0.0000000000000000
	angles:  0.000000 0.000000 0.000000
	grand_canonical: 0
	chemical_potential: 0.0000000000000000
box: 12.537708 12.537708
copy: 1.000000 1.000000
epsilon: 0.6206900000000000
end_epsilon: 0.0000000000000000
pressure: 0.1896560000000000
lambda: 0.0000000000000000
lambda_coupling: 1.0000000000000000
uy: 0.0000000000000000
maximum_displacement: 1.0000000000000000
maximum_rotation: 1.0000000000000000
maximum_volume: 1.0000000000000000
maximum_shape: 0.0000001000000000
maximum_dsigma: 0.0100000000000000
mod: 10
pmod: 10
optimize: 1
verbose: 1
snapshot: 0
display: 1
explore: 1
npt: 1
nptxy: 0
nptdxdy: 0
shape: 0
seed: 1346725
-18.020575366149 -35.096071835155 0.866025403784 -0.500000000000
59.964424293809 -134.532718541908 0.866025403784 -0.500000000000
19.669266836920 -96.254800842682 0.866025403784 0.500000000000
32.035624121347 22.724339325272 0.866025403784 0.500000000000
82.777548070397 -13.893002535931 0.866025403784 0.500000000000
-81.868825211869 51.174946062175 0.866025403784 0.500000000000
-25.134938842200 -110.030278290750 0.000000000000 1.000000000000
80.010247511239 -55.500323024461 0.866025403784 -0.500000000000
73.657062954194 -16.823632197975 0.000000000000 1.000000000000
-178.206330109968 -119.457768588271 0.866025403784 0.500000000000
11.533325692707 57.375068524405 0.000000000000 1.000000000000
-60.206544444164 -104.438787424257 0.866025403784 0.500000000000
-39.716924438903 66.721743482999 0.000000000000 1.000000000000
75.005121744225 25.480985591578 0.866025403784 -0.500000000000
-48.552710276417 105.405572824011 0.866025403784 0.500000000000
132.950377735563 -32.054166970109 0.000000000000 1.000000000000
71.234033134624 38.837829966792 0.866025403784 0.500000000000
-49.610840963157 116.819357511955 0.000000000000 1.000000000000
88.907521393679 134.401580353727 0.866025403784 0.500000000000
61.771555733042 -63.378744873636 0.000000000000 1.000000000000
