#Configurational_file created 2018-09-14 13:58:56  started 2018-09-14 13:58:55 run for 1.0s steps 0
name: p_1102
step: 10000
specie: 20
	particle_diameter: 1.0000000000000000
	interaction_length: 1.2000000000000000
	number_of_patches: 3
	number_of_particles_per_compound: 1
	rod_length: 1.0000000000000000
	interaction_matrix:  1.000000 1.000000 1.000000 1.000000 1.000000 1.000000 1.000000 1.000000 1.000000
	patch_type: symmetric
	patch_width: 8.0000000000000000
	patch_angle: 0.0000000000000000
	angles:  0.000000 0.000000 0.000000
	grand_canonical: 0
	chemical_potential: 0.0000000000000000
box: 12.123511 12.123511
copy: 1.000000 1.000000
epsilon: 0.4137940000000000
end_epsilon: 0.0000000000000000
pressure: 0.3620690000000000
lambda: 0.0000000000000000
lambda_coupling: 1.0000000000000000
uy: 0.0000000000000000
maximum_displacement: 1.0000000000000000
maximum_rotation: 1.0000000000000000
maximum_volume: 1.0000000000000000
maximum_shape: 0.0000001000000000
maximum_dsigma: 0.0100000000000000
mod: 10
pmod: 10
optimize: 1
verbose: 1
snapshot: 0
display: 1
explore: 1
npt: 1
nptxy: 0
nptdxdy: 0
shape: 0
seed: 1255765
211.122727126506 -85.668990361672 0.000000000000 1.000000000000
-28.429249696883 30.564269071959 0.866025403784 -0.500000000000
47.306495798282 -53.183701064222 0.866025403784 -0.500000000000
43.976833532374 47.658327829038 0.000000000000 1.000000000000
-96.058660776356 -54.251660616476 0.866025403784 -0.500000000000
-97.006368760778 -224.735095670297 0.000000000000 1.000000000000
7.554740032182 -48.258002754086 0.866025403784 0.500000000000
16.137876921911 -15.909724619453 0.000000000000 1.000000000000
-62.420152580979 131.119505132034 0.000000000000 1.000000000000
47.062591714030 98.580802462502 0.000000000000 1.000000000000
-26.588637323278 18.066589300594 0.866025403784 0.500000000000
-105.420557347116 -96.271661897943 0.866025403784 0.500000000000
0.022419458628 62.033887698456 0.866025403784 -0.500000000000
6.538368487065 -84.531724465482 0.866025403784 0.500000000000
111.325952769275 15.059725522214 0.866025403784 -0.500000000000
27.368603075916 -63.082773250664 0.866025403784 -0.500000000000
-114.313990401619 57.194751941529 0.000000000000 1.000000000000
105.724312952788 -136.073400369460 0.866025403784 -0.500000000000
31.105611791691 -28.846636327740 0.866025403784 0.500000000000
22.122125972213 202.634018424799 0.866025403784 0.500000000000
