#Configurational_file created 2018-09-14 13:59:26  started 2018-09-14 13:59:26 run for 0.0s steps 0
name: p_1144
step: 10000
specie: 20
	particle_diameter: 1.0000000000000000
	interaction_length: 1.2000000000000000
	number_of_patches: 3
	number_of_particles_per_compound: 1
	rod_length: 1.0000000000000000
	interaction_matrix:  1.000000 1.000000 1.000000 1.000000 1.000000 1.000000 1.000000 1.000000 1.000000
	patch_type: symmetric
	patch_width: 8.0000000000000000
	patch_angle: 0.0000000000000000
	angles:  0.000000 0.000000 0.000000
	grand_canonical: 0
	chemical_potential: 0.0000000000000000
box: 31.321357 31.321357
copy: 1.000000 1.000000
epsilon: 0.5517250000000000
end_epsilon: 0.0000000000000000
pressure: 0.0517250000000000
lambda: 0.0000000000000000
lambda_coupling: 1.0000000000000000
uy: 0.0000000000000000
maximum_displacement: 1.0000000000000000
maximum_rotation: 1.0000000000000000
maximum_volume: 1.0000000000000000
maximum_shape: 0.0000001000000000
maximum_dsigma: 0.0100000000000000
mod: 10
pmod: 10
optimize: 1
verbose: 1
snapshot: 0
display: 1
explore: 1
npt: 1
nptxy: 0
nptdxdy: 0
shape: 0
seed: 1303519
-81.979761864938 3.448963285110 0.866025403784 -0.500000000000
25.831328741770 -98.552542340354 0.866025403784 -0.500000000000
-64.796307719727 68.377169600226 0.866025403784 0.500000000000
-26.904136031261 184.714291952519 0.000000000000 1.000000000000
81.421647363186 -136.333482299310 0.866025403784 0.500000000000
-68.189164729950 108.743260804276 0.000000000000 1.000000000000
-175.147882939886 -40.962560842465 0.866025403784 -0.500000000000
-36.786276112344 302.827183308260 0.866025403784 0.500000000000
47.431685536115 90.253465123832 0.000000000000 1.000000000000
-185.539697773432 -34.762958715654 0.866025403784 -0.500000000000
-281.271119435774 -149.416120462130 0.866025403784 0.500000000000
59.278881183812 -23.310078942567 0.866025403784 0.500000000000
102.501719050143 -117.649262876218 0.866025403784 0.500000000000
-40.551120627980 -63.016720838580 0.866025403784 0.500000000000
315.119430165302 -122.370620103538 0.866025403784 0.500000000000
56.764934355335 3.044495867190 0.866025403784 0.500000000000
-136.567879313653 180.671153257656 0.000000000000 1.000000000000
-188.464240248345 87.909487113931 0.866025403784 0.500000000000
-73.304182608389 -119.126888411386 0.866025403784 0.500000000000
-79.345404854456 248.893782279370 0.866025403784 0.500000000000
