#Configurational_file created 2018-09-14 12:04:03  started 2018-09-14 12:04:02 run for 1.0s steps 0
name: p_1165
step: 10000
specie: 20
	particle_diameter: 1.0000000000000000
	interaction_length: 1.2000000000000000
	number_of_patches: 3
	number_of_particles_per_compound: 1
	rod_length: 1.0000000000000000
	interaction_matrix:  1.000000 1.000000 1.000000 1.000000 1.000000 1.000000 1.000000 1.000000 1.000000
	patch_type: symmetric
	patch_width: 8.0000000000000000
	patch_angle: 0.0000000000000000
	angles:  0.000000 0.000000 0.000000
	grand_canonical: 0
	chemical_potential: 0.0000000000000000
box: 42.013169 42.013169
copy: 1.000000 1.000000
epsilon: 0.0437500000000000
end_epsilon: 0.0000000000000000
pressure: 0.0583340000000000
lambda: 0.0000000000000000
lambda_coupling: 1.0000000000000000
uy: 0.0000000000000000
maximum_displacement: 1.0000000000000000
maximum_rotation: 1.0000000000000000
maximum_volume: 1.0000000000000000
maximum_shape: 0.0000001000000000
maximum_dsigma: 0.0100000000000000
mod: 10
pmod: 10
optimize: 1
verbose: 1
snapshot: 0
display: 1
explore: 1
npt: 1
nptxy: 0
nptdxdy: 0
shape: 0
seed: 1327396
-259.278135588803 -45.718964159430 0.000000000000 1.000000000000
51.085717732612 25.911329963231 0.866025403784 0.500000000000
-268.196444149079 182.675149486415 0.866025403784 -0.500000000000
-161.567473584353 217.638166500179 0.866025403784 -0.500000000000
213.296971346707 -209.388658102937 0.866025403784 -0.500000000000
189.724672964271 102.999197855908 0.866025403784 0.500000000000
-109.594574332599 -125.075662260961 0.000000000000 1.000000000000
-15.829422110422 257.872338506222 0.866025403784 -0.500000000000
36.885401720128 -85.911216227572 0.866025403784 -0.500000000000
248.395550660536 112.684536736525 0.866025403784 0.500000000000
71.018589801518 -56.803552582028 0.866025403784 0.500000000000
31.312724242066 -31.795554247027 0.000000000000 1.000000000000
-167.204168166052 -203.169757326669 0.000000000000 1.000000000000
-210.617335629167 8.838006076829 0.866025403784 0.500000000000
33.573791864215 -69.583407848169 0.866025403784 0.500000000000
-138.009245872158 -447.278084639480 0.000000000000 1.000000000000
-45.772083896643 125.399012586481 0.000000000000 1.000000000000
-304.516252128561 118.329077642505 0.000000000000 1.000000000000
-193.807263034474 -19.832707232950 0.000000000000 1.000000000000
-147.997176782350 -362.430109776843 0.866025403784 0.500000000000
