#Configurational_file created 2018-09-14 11:06:55  started 2018-09-14 11:06:54 run for 1.0s steps 0
name: p_116
step: 10000
specie: 20
	particle_diameter: 1.0000000000000000
	interaction_length: 1.2000000000000000
	number_of_patches: 3
	number_of_particles_per_compound: 1
	rod_length: 1.0000000000000000
	interaction_matrix:  1.000000 1.000000 1.000000 1.000000 1.000000 1.000000 1.000000 1.000000 1.000000
	patch_type: symmetric
	patch_width: 8.0000000000000000
	patch_angle: 0.0000000000000000
	angles:  0.000000 0.000000 0.000000
	grand_canonical: 0
	chemical_potential: 0.0000000000000000
box: 8.472629 8.472629
copy: 1.000000 1.000000
epsilon: 0.4285860000000000
end_epsilon: 0.0000000000000000
pressure: 0.8572000000000000
lambda: 0.0000000000000000
lambda_coupling: 1.0000000000000000
uy: 0.0000000000000000
maximum_displacement: 1.0000000000000000
maximum_rotation: 1.0000000000000000
maximum_volume: 1.0000000000000000
maximum_shape: 0.0000001000000000
maximum_dsigma: 0.0100000000000000
mod: 10
pmod: 10
optimize: 1
verbose: 1
snapshot: 0
display: 1
explore: 1
npt: 1
nptxy: 0
nptdxdy: 0
shape: 0
seed: 134762
95.557524132488 38.825926519327 0.866025403784 -0.500000000000
-7.317187680699 96.876582036180 0.866025403784 0.500000000000
-10.025222193009 62.671750069609 0.866025403784 0.500000000000
31.271581396714 -33.845840977127 0.866025403784 -0.500000000000
-66.077632975218 -34.319352866403 0.866025403784 -0.500000000000
43.367489038322 95.219797968564 0.866025403784 -0.500000000000
-126.335483210447 -49.186827728848 0.000000000000 1.000000000000
-17.888809261163 -105.575810488380 0.866025403784 0.500000000000
-1.870746323047 -77.407565520285 0.000000000000 1.000000000000
-29.555963603664 15.761211509074 0.866025403784 -0.500000000000
115.583571362431 -26.797045943588 0.000000000000 1.000000000000
38.574891059752 36.223824410224 0.866025403784 0.500000000000
-48.441384855915 -12.864230495750 0.000000000000 1.000000000000
82.997196272706 -60.129362337815 0.866025403784 -0.500000000000
-183.051952588070 -155.214237327788 0.866025403784 -0.500000000000
34.033816556157 -37.574165865840 0.866025403784 -0.500000000000
-62.003973177436 -15.384944509895 0.866025403784 0.500000000000
-37.102830871887 -89.987164771086 0.000000000000 1.000000000000
89.189395511038 -81.462726758006 0.866025403784 -0.500000000000
60.721523695047 109.460888383430 0.000000000000 1.000000000000
