#Configurational_file created 2018-09-14 13:59:28  started 2018-09-14 13:59:27 run for 1.0s steps 0
name: p_1146
step: 10000
specie: 20
	particle_diameter: 1.0000000000000000
	interaction_length: 1.2000000000000000
	number_of_patches: 3
	number_of_particles_per_compound: 1
	rod_length: 1.0000000000000000
	interaction_matrix:  1.000000 1.000000 1.000000 1.000000 1.000000 1.000000 1.000000 1.000000 1.000000
	patch_type: symmetric
	patch_width: 8.0000000000000000
	patch_angle: 0.0000000000000000
	angles:  0.000000 0.000000 0.000000
	grand_canonical: 0
	chemical_potential: 0.0000000000000000
box: 21.036230 21.036230
copy: 1.000000 1.000000
epsilon: 0.5517250000000000
end_epsilon: 0.0000000000000000
pressure: 0.0862080000000000
lambda: 0.0000000000000000
lambda_coupling: 1.0000000000000000
uy: 0.0000000000000000
maximum_displacement: 1.0000000000000000
maximum_rotation: 1.0000000000000000
maximum_volume: 1.0000000000000000
maximum_shape: 0.0000001000000000
maximum_dsigma: 0.0100000000000000
mod: 10
pmod: 10
optimize: 1
verbose: 1
snapshot: 0
display: 1
explore: 1
npt: 1
nptxy: 0
nptdxdy: 0
shape: 0
seed: 1305793
-118.651377067391 -261.398762059945 0.000000000000 1.000000000000
-57.976248712977 -31.492207459330 0.866025403784 0.500000000000
66.334418946199 -77.828300959672 0.866025403784 0.500000000000
102.496176775757 65.281760971000 0.866025403784 -0.500000000000
42.602873535782 75.488829359198 0.866025403784 -0.500000000000
-202.511019647454 -35.461787119754 0.000000000000 1.000000000000
-135.969706567928 36.350615256505 0.866025403784 -0.500000000000
46.141651404899 96.666162052256 0.866025403784 -0.500000000000
90.381030612730 65.278948838376 0.000000000000 1.000000000000
-86.978510943896 173.353064416822 0.866025403784 0.500000000000
17.170187586887 -169.016657810391 0.000000000000 1.000000000000
-178.531709272134 -126.404084732072 0.000000000000 1.000000000000
-81.886062905994 -138.415928771043 0.866025403784 0.500000000000
-33.385567761267 -10.770957537742 0.000000000000 1.000000000000
69.927185128680 -210.610352249010 0.866025403784 0.500000000000
-37.190844922882 15.748256180474 0.866025403784 -0.500000000000
-89.909857923140 131.328829628227 0.000000000000 1.000000000000
-31.963417472812 -44.888758648875 0.000000000000 1.000000000000
-3.884913261017 67.096106295437 0.866025403784 -0.500000000000
-75.286924163530 36.605137210453 0.866025403784 -0.500000000000
