#Configurational_file created 2018-09-14 12:04:20  started 2018-09-14 12:04:20 run for 0.0s steps 0
name: p_1189
step: 10000
specie: 20
	particle_diameter: 1.0000000000000000
	interaction_length: 1.2000000000000000
	number_of_patches: 3
	number_of_particles_per_compound: 1
	rod_length: 1.0000000000000000
	interaction_matrix:  1.000000 1.000000 1.000000 1.000000 1.000000 1.000000 1.000000 1.000000 1.000000
	patch_type: symmetric
	patch_width: 8.0000000000000000
	patch_angle: 0.0000000000000000
	angles:  0.000000 0.000000 0.000000
	grand_canonical: 0
	chemical_potential: 0.0000000000000000
box: 54.000089 54.000089
copy: 1.000000 1.000000
epsilon: 0.0458330000000000
end_epsilon: 0.0000000000000000
pressure: 0.0541670000000000
lambda: 0.0000000000000000
lambda_coupling: 1.0000000000000000
uy: 0.0000000000000000
maximum_displacement: 1.0000000000000000
maximum_rotation: 1.0000000000000000
maximum_volume: 1.0000000000000000
maximum_shape: 0.0000001000000000
maximum_dsigma: 0.0100000000000000
mod: 10
pmod: 10
optimize: 1
verbose: 1
snapshot: 0
display: 1
explore: 1
npt: 1
nptxy: 0
nptdxdy: 0
shape: 0
seed: 1354684
-25.206683165911 -93.211349115487 0.866025403784 -0.500000000000
11.170960935950 -203.000109164346 0.000000000000 1.000000000000
52.396164156528 239.422444889122 0.000000000000 1.000000000000
90.313489557781 -17.305335216628 0.866025403784 -0.500000000000
29.596050015699 288.806241808702 0.866025403784 0.500000000000
48.483384966640 161.123253948044 0.866025403784 -0.500000000000
81.569948389403 -266.149396871793 0.866025403784 0.500000000000
65.363880405763 -190.713944507141 0.000000000000 1.000000000000
121.467304875571 -93.987817863477 0.866025403784 -0.500000000000
-68.032058526361 -121.235468920211 0.000000000000 1.000000000000
37.112962201108 56.579221421387 0.866025403784 0.500000000000
-9.862743004846 219.575304616581 0.000000000000 1.000000000000
-46.017959814288 32.113774438233 0.000000000000 1.000000000000
254.033779565337 224.295360342902 0.866025403784 0.500000000000
8.491126904315 5.667654615137 0.866025403784 -0.500000000000
-141.794463664208 345.873245264708 0.000000000000 1.000000000000
136.357791603741 -113.451542487948 0.000000000000 1.000000000000
-55.478613424763 123.185008717633 0.866025403784 0.500000000000
-402.034285528363 -173.477515617687 0.866025403784 0.500000000000
-123.991150127258 -234.008232376966 0.000000000000 1.000000000000
