#Configurational_file created 2018-09-14 12:03:55  started 2018-09-14 12:03:54 run for 1.0s steps 0
name: p_1154
step: 10000
specie: 20
	particle_diameter: 1.0000000000000000
	interaction_length: 1.2000000000000000
	number_of_patches: 3
	number_of_particles_per_compound: 1
	rod_length: 1.0000000000000000
	interaction_matrix:  1.000000 1.000000 1.000000 1.000000 1.000000 1.000000 1.000000 1.000000 1.000000
	patch_type: symmetric
	patch_width: 8.0000000000000000
	patch_angle: 0.0000000000000000
	angles:  0.000000 0.000000 0.000000
	grand_canonical: 0
	chemical_potential: 0.0000000000000000
box: 50.663139 50.663139
copy: 1.000000 1.000000
epsilon: 0.0437500000000000
end_epsilon: 0.0000000000000000
pressure: 0.0125010000000000
lambda: 0.0000000000000000
lambda_coupling: 1.0000000000000000
uy: 0.0000000000000000
maximum_displacement: 1.0000000000000000
maximum_rotation: 1.0000000000000000
maximum_volume: 1.0000000000000000
maximum_shape: 0.0000001000000000
maximum_dsigma: 0.0100000000000000
mod: 10
pmod: 10
optimize: 1
verbose: 1
snapshot: 0
display: 1
explore: 1
npt: 1
nptxy: 0
nptdxdy: 0
shape: 0
seed: 1314889
18.009144310887 242.130191363807 0.000000000000 1.000000000000
74.608155110557 -536.846348959627 0.866025403784 -0.500000000000
227.144747924720 -22.464174410411 0.866025403784 -0.500000000000
194.575803190413 1.065806120389 0.866025403784 -0.500000000000
-37.144084944498 213.245279832295 0.866025403784 0.500000000000
79.699410872571 -25.959770793187 0.866025403784 0.500000000000
160.989017966738 246.899232215123 0.866025403784 0.500000000000
212.260080417507 249.593926207757 0.866025403784 -0.500000000000
66.159052397203 159.725406753639 0.000000000000 1.000000000000
101.269142222686 368.380463330461 0.866025403784 -0.500000000000
-153.225750268699 -111.028936686556 0.866025403784 0.500000000000
101.163362338503 -15.138725601444 0.866025403784 0.500000000000
214.362448543490 241.186445511464 0.000000000000 1.000000000000
111.404439413418 -46.109178929602 0.866025403784 0.500000000000
-37.694473909389 117.428667289383 0.866025403784 -0.500000000000
50.599602707055 300.139294263480 0.866025403784 0.500000000000
33.527691915483 387.082280478309 0.866025403784 -0.500000000000
-80.793652239013 -171.323490528524 0.000000000000 1.000000000000
-3.837238783566 -72.223164960091 0.866025403784 -0.500000000000
238.346453273494 155.031171867757 0.866025403784 -0.500000000000
