#Configurational_file created 2018-09-14 13:59:46  started 2018-09-14 13:59:46 run for 0.0s steps 0
name: p_1171
step: 10000
specie: 20
	particle_diameter: 1.0000000000000000
	interaction_length: 1.2000000000000000
	number_of_patches: 3
	number_of_particles_per_compound: 1
	rod_length: 1.0000000000000000
	interaction_matrix:  1.000000 1.000000 1.000000 1.000000 1.000000 1.000000 1.000000 1.000000 1.000000
	patch_type: symmetric
	patch_width: 8.0000000000000000
	patch_angle: 0.0000000000000000
	angles:  0.000000 0.000000 0.000000
	grand_canonical: 0
	chemical_potential: 0.0000000000000000
box: 48.554330 48.554330
copy: 1.000000 1.000000
epsilon: 0.6206900000000000
end_epsilon: 0.0000000000000000
pressure: 0.0000010000000000
lambda: 0.0000000000000000
lambda_coupling: 1.0000000000000000
uy: 0.0000000000000000
maximum_displacement: 1.0000000000000000
maximum_rotation: 1.0000000000000000
maximum_volume: 1.0000000000000000
maximum_shape: 0.0000001000000000
maximum_dsigma: 0.0100000000000000
mod: 10
pmod: 10
optimize: 1
verbose: 1
snapshot: 0
display: 1
explore: 1
npt: 1
nptxy: 0
nptdxdy: 0
shape: 0
seed: 1334218
145.255233358118 64.651555928796 0.000000000000 1.000000000000
-155.158628461116 -91.478303255020 0.866025403784 0.500000000000
79.817573033407 -173.111694344605 0.866025403784 -0.500000000000
178.733593118513 -6.653641350328 0.000000000000 1.000000000000
349.414943258280 -207.835416898186 0.000000000000 1.000000000000
-360.595223787949 -148.494471641885 0.000000000000 1.000000000000
73.752331925620 -171.578714414946 0.000000000000 1.000000000000
35.886277461574 -257.895811657612 0.866025403784 -0.500000000000
46.455357717591 172.790777484194 0.866025403784 -0.500000000000
-107.217511340486 -152.865205229347 0.000000000000 1.000000000000
167.162493185180 14.073579081071 0.000000000000 1.000000000000
128.072530210473 -84.145215221297 0.000000000000 1.000000000000
346.582637394274 13.313873472449 0.866025403784 0.500000000000
216.426901610564 161.310585418275 0.866025403784 -0.500000000000
224.681309039114 405.796121328731 0.866025403784 -0.500000000000
242.345936935409 30.939580061385 0.866025403784 -0.500000000000
353.639629673027 -21.067585833884 0.000000000000 1.000000000000
131.655013605738 -66.949223604952 0.866025403784 0.500000000000
-11.257819940502 -93.139103611462 0.866025403784 0.500000000000
-215.795612624750 60.298770936156 0.866025403784 -0.500000000000
