#Configurational_file created 2018-09-14 14:00:02  started 2018-09-14 14:00:01 run for 1.0s steps 0
name: p_1192
step: 10000
specie: 20
	particle_diameter: 1.0000000000000000
	interaction_length: 1.2000000000000000
	number_of_patches: 3
	number_of_particles_per_compound: 1
	rod_length: 1.0000000000000000
	interaction_matrix:  1.000000 1.000000 1.000000 1.000000 1.000000 1.000000 1.000000 1.000000 1.000000
	patch_type: symmetric
	patch_width: 8.0000000000000000
	patch_angle: 0.0000000000000000
	angles:  0.000000 0.000000 0.000000
	grand_canonical: 0
	chemical_potential: 0.0000000000000000
box: 11.700539 11.700539
copy: 1.000000 1.000000
epsilon: 0.6206900000000000
end_epsilon: 0.0000000000000000
pressure: 0.3620690000000000
lambda: 0.0000000000000000
lambda_coupling: 1.0000000000000000
uy: 0.0000000000000000
maximum_displacement: 1.0000000000000000
maximum_rotation: 1.0000000000000000
maximum_volume: 1.0000000000000000
maximum_shape: 0.0000001000000000
maximum_dsigma: 0.0100000000000000
mod: 10
pmod: 10
optimize: 1
verbose: 1
snapshot: 0
display: 1
explore: 1
npt: 1
nptxy: 0
nptdxdy: 0
shape: 0
seed: 1358095
65.559400661825 -64.771153243804 0.866025403784 -0.500000000000
91.010699332868 -20.707243693672 0.866025403784 0.500000000000
118.208236697448 -125.807550927787 0.866025403784 0.500000000000
11.097961322836 107.185302717870 0.866025403784 0.500000000000
-3.251575089591 175.928662533755 0.866025403784 -0.500000000000
124.293083239043 191.544677153096 0.866025403784 0.500000000000
166.242053431831 -152.558709333573 0.866025403784 0.500000000000
-100.618413902427 28.485630063867 0.866025403784 -0.500000000000
-8.657699602733 -13.935981033918 0.866025403784 0.500000000000
102.920557368959 64.021178543491 0.866025403784 0.500000000000
-65.173351462731 82.266685649553 0.000000000000 1.000000000000
-24.667239692664 -86.601838794381 0.000000000000 1.000000000000
-57.003422488656 58.929115375337 0.866025403784 -0.500000000000
32.574673167614 -29.012817465535 0.866025403784 -0.500000000000
-112.913873983847 -68.313049501616 0.000000000000 1.000000000000
-58.655805799158 -193.439119336494 0.866025403784 -0.500000000000
-43.961118022048 -20.807940971590 0.000000000000 1.000000000000
18.323210797108 67.372665415697 0.866025403784 -0.500000000000
-80.313987722450 -26.883214679942 0.866025403784 0.500000000000
-68.645219695930 -72.500313428266 0.866025403784 -0.500000000000
