#Configurational_file created 2018-09-14 12:03:52  started 2018-09-14 12:03:52 run for 0.0s steps 0
name: p_1151
step: 10000
specie: 20
	particle_diameter: 1.0000000000000000
	interaction_length: 1.2000000000000000
	number_of_patches: 3
	number_of_particles_per_compound: 1
	rod_length: 1.0000000000000000
	interaction_matrix:  1.000000 1.000000 1.000000 1.000000 1.000000 1.000000 1.000000 1.000000 1.000000
	patch_type: symmetric
	patch_width: 8.0000000000000000
	patch_angle: 0.0000000000000000
	angles:  0.000000 0.000000 0.000000
	grand_canonical: 0
	chemical_potential: 0.0000000000000000
box: 45.303848 45.303848
copy: 1.000000 1.000000
epsilon: 0.0437500000000000
end_epsilon: 0.0000000000000000
pressure: 0.0000010000000000
lambda: 0.0000000000000000
lambda_coupling: 1.0000000000000000
uy: 0.0000000000000000
maximum_displacement: 1.0000000000000000
maximum_rotation: 1.0000000000000000
maximum_volume: 1.0000000000000000
maximum_shape: 0.0000001000000000
maximum_dsigma: 0.0100000000000000
mod: 10
pmod: 10
optimize: 1
verbose: 1
snapshot: 0
display: 1
explore: 1
npt: 1
nptxy: 0
nptdxdy: 0
shape: 0
seed: 1311478
313.662278717407 -49.220827813904 0.000000000000 1.000000000000
-31.384729238760 -103.139100418069 0.866025403784 -0.500000000000
12.809729867139 -64.913219207377 0.000000000000 1.000000000000
226.413488978098 -119.748170192581 0.866025403784 0.500000000000
-45.042701946515 -130.720410549946 0.866025403784 0.500000000000
377.041144489345 14.955892627889 0.000000000000 1.000000000000
91.443475786769 16.506082589860 0.866025403784 -0.500000000000
377.757260233461 78.656166172501 0.866025403784 0.500000000000
-11.182797912801 11.665208601460 0.866025403784 -0.500000000000
500.993221159738 370.575387720751 0.000000000000 1.000000000000
-39.048997515240 -85.030268260748 0.866025403784 0.500000000000
-105.702581746083 -48.709234619114 0.000000000000 1.000000000000
16.208220807281 -23.808288637365 0.000000000000 1.000000000000
-83.082581978973 -322.763767070799 0.866025403784 0.500000000000
38.284823157509 -7.018033423027 0.000000000000 1.000000000000
-43.406352853601 -118.031355950369 0.000000000000 1.000000000000
51.516017688341 -113.484077385294 0.866025403784 -0.500000000000
-165.460107823864 -41.787256606319 0.866025403784 -0.500000000000
170.544230595787 183.600896807522 0.866025403784 -0.500000000000
-189.040398299527 297.195291567917 0.000000000000 1.000000000000
