#Configurational_file created 2018-09-14 11:37:09  started 2018-09-14 11:37:08 run for 1.0s steps 0
name: p_1188
step: 10000
specie: 20
	particle_diameter: 1.0000000000000000
	interaction_length: 1.2000000000000000
	number_of_patches: 3
	number_of_particles_per_compound: 1
	rod_length: 1.0000000000000000
	interaction_matrix:  1.000000 1.000000 1.000000 1.000000 1.000000 1.000000 1.000000 1.000000 1.000000
	patch_type: symmetric
	patch_width: 8.0000000000000000
	patch_angle: 0.0000000000000000
	angles:  0.000000 0.000000 0.000000
	grand_canonical: 0
	chemical_potential: 0.0000000000000000
box: 9.196730 9.196730
copy: 1.000000 1.000000
epsilon: 0.4583420000000000
end_epsilon: 0.0000000000000000
pressure: 1.0000500000000001
lambda: 0.0000000000000000
lambda_coupling: 1.0000000000000000
uy: 0.0000000000000000
maximum_displacement: 1.0000000000000000
maximum_rotation: 1.0000000000000000
maximum_volume: 0.9261547084035572
maximum_shape: 0.0000001000000000
maximum_dsigma: 0.0100000000000000
mod: 10
pmod: 10
optimize: 1
verbose: 1
snapshot: 0
display: 1
explore: 1
npt: 1
nptxy: 0
nptdxdy: 0
shape: 0
seed: 1353547
32.922835049426 21.458639801933 0.866025403784 -0.500000000000
75.582593839932 114.603061288547 0.866025403784 -0.500000000000
76.212195593151 106.520364248602 0.000000000000 1.000000000000
40.749156549748 145.613172259462 0.866025403784 -0.500000000000
-33.788849018501 -56.075923601814 0.866025403784 -0.500000000000
38.890905908082 116.403357893577 0.866025403784 0.500000000000
52.434799979693 47.329070331866 0.866025403784 -0.500000000000
-83.206883476704 -15.273571484747 0.866025403784 -0.500000000000
98.149205501869 -35.912170393430 0.000000000000 1.000000000000
-3.996506962140 109.399592376636 0.866025403784 0.500000000000
-95.983430473759 -25.631644799077 0.866025403784 -0.500000000000
-30.599397701001 -77.961544926058 0.866025403784 0.500000000000
-89.038415166696 -23.506293576831 0.866025403784 0.500000000000
25.587768416899 112.550356794709 0.000000000000 1.000000000000
-77.075938245444 -58.685600079783 0.866025403784 -0.500000000000
47.100695344661 22.482301714096 0.866025403784 0.500000000000
-17.025026163695 -39.156127300338 0.866025403784 0.500000000000
-80.203309914358 1.174021663659 0.866025403784 -0.500000000000
80.692288020890 70.087043415893 0.866025403784 0.500000000000
-45.834856848770 80.199404682235 0.866025403784 0.500000000000
