#Configurational_file created 2018-09-14 13:59:58  started 2018-09-14 13:59:58 run for 0.0s steps 0
name: p_1188
step: 10000
specie: 20
	particle_diameter: 1.0000000000000000
	interaction_length: 1.2000000000000000
	number_of_patches: 3
	number_of_particles_per_compound: 1
	rod_length: 1.0000000000000000
	interaction_matrix:  1.000000 1.000000 1.000000 1.000000 1.000000 1.000000 1.000000 1.000000 1.000000
	patch_type: symmetric
	patch_width: 8.0000000000000000
	patch_angle: 0.0000000000000000
	angles:  0.000000 0.000000 0.000000
	grand_canonical: 0
	chemical_potential: 0.0000000000000000
box: 11.884389 11.884389
copy: 1.000000 1.000000
epsilon: 0.6206900000000000
end_epsilon: 0.0000000000000000
pressure: 0.2931040000000000
lambda: 0.0000000000000000
lambda_coupling: 1.0000000000000000
uy: 0.0000000000000000
maximum_displacement: 1.0000000000000000
maximum_rotation: 1.0000000000000000
maximum_volume: 1.0000000000000000
maximum_shape: 0.0000001000000000
maximum_dsigma: 0.0100000000000000
mod: 10
pmod: 10
optimize: 1
verbose: 1
snapshot: 0
display: 1
explore: 1
npt: 1
nptxy: 0
nptdxdy: 0
shape: 0
seed: 1353547
-76.298067709468 10.254391064343 0.866025403784 -0.500000000000
-73.950194375991 27.321722177953 0.000000000000 1.000000000000
-43.263717265824 19.643119361331 0.000000000000 1.000000000000
73.533085560960 -33.026448931392 0.866025403784 -0.500000000000
-8.105929405176 -110.747435689157 0.866025403784 0.500000000000
90.758222451412 -39.764369156875 0.000000000000 1.000000000000
-65.516685092127 -142.229033249169 0.866025403784 0.500000000000
36.547925168933 17.071327764655 0.866025403784 -0.500000000000
-65.039748612466 -13.969279678834 0.000000000000 1.000000000000
-71.273924512634 23.982412584498 0.000000000000 1.000000000000
-93.531251192921 41.616630643964 0.000000000000 1.000000000000
-79.047720564807 18.357712824514 0.000000000000 1.000000000000
-110.544613849969 -226.480464345930 0.866025403784 -0.500000000000
28.382274460025 110.761668973939 0.866025403784 -0.500000000000
-65.103130545354 77.580000573623 0.866025403784 0.500000000000
-256.524722413058 13.664466974293 0.866025403784 0.500000000000
87.183302635458 23.761433655711 0.866025403784 -0.500000000000
94.675963030557 -110.327359286453 0.000000000000 1.000000000000
-130.669941175227 -102.575486138477 0.866025403784 -0.500000000000
-108.626259251296 -71.498404768835 0.866025403784 -0.500000000000
