#Configurational_file created 2018-09-14 11:06:53  started 2018-09-14 11:06:52 run for 1.0s steps 0
name: p_114
step: 10000
specie: 20
	particle_diameter: 1.0000000000000000
	interaction_length: 1.2000000000000000
	number_of_patches: 3
	number_of_particles_per_compound: 1
	rod_length: 1.0000000000000000
	interaction_matrix:  1.000000 1.000000 1.000000 1.000000 1.000000 1.000000 1.000000 1.000000 1.000000
	patch_type: symmetric
	patch_width: 8.0000000000000000
	patch_angle: 0.0000000000000000
	angles:  0.000000 0.000000 0.000000
	grand_canonical: 0
	chemical_potential: 0.0000000000000000
box: 12.163964 12.163964
copy: 1.000000 1.000000
epsilon: 0.4285860000000000
end_epsilon: 0.0000000000000000
pressure: 0.2858000000000000
lambda: 0.0000000000000000
lambda_coupling: 1.0000000000000000
uy: 0.0000000000000000
maximum_displacement: 1.0000000000000000
maximum_rotation: 1.0000000000000000
maximum_volume: 1.0000000000000000
maximum_shape: 0.0000001000000000
maximum_dsigma: 0.0100000000000000
mod: 10
pmod: 10
optimize: 1
verbose: 1
snapshot: 0
display: 1
explore: 1
npt: 1
nptxy: 0
nptdxdy: 0
shape: 0
seed: 132488
13.046654560631 -85.893355052269 0.000000000000 1.000000000000
96.551110780360 -66.675625976226 0.866025403784 0.500000000000
-81.438897015952 51.462310156196 0.000000000000 1.000000000000
24.035838942048 -63.919615297248 0.866025403784 -0.500000000000
107.805653881598 21.019723065117 0.866025403784 -0.500000000000
55.433087059616 -112.546122700163 0.000000000000 1.000000000000
4.691574067988 -0.173367355456 0.000000000000 1.000000000000
14.788422011478 152.646861628168 0.866025403784 -0.500000000000
-154.741069234138 52.116598384282 0.866025403784 0.500000000000
-251.552131900979 37.662875211207 0.866025403784 0.500000000000
0.888113442261 -55.308809740156 0.866025403784 0.500000000000
-13.060512143491 59.221590252848 0.866025403784 0.500000000000
26.131020031217 -31.371395712602 0.000000000000 1.000000000000
-151.806795393971 172.182048818628 0.000000000000 1.000000000000
108.515087020803 -22.251703178787 0.000000000000 1.000000000000
60.746778247807 0.132041403824 0.866025403784 -0.500000000000
141.588863105274 -58.896271848424 0.866025403784 0.500000000000
43.503715130103 -70.724228840935 0.866025403784 -0.500000000000
59.571676026883 52.954750164223 0.866025403784 0.500000000000
82.457831030542 12.767147735521 0.866025403784 -0.500000000000
