#Configurational_file created 2018-09-14 12:03:40  started 2018-09-14 12:03:40 run for 0.0s steps 0
name: p_1134
step: 10000
specie: 20
	particle_diameter: 1.0000000000000000
	interaction_length: 1.2000000000000000
	number_of_patches: 3
	number_of_particles_per_compound: 1
	rod_length: 1.0000000000000000
	interaction_matrix:  1.000000 1.000000 1.000000 1.000000 1.000000 1.000000 1.000000 1.000000 1.000000
	patch_type: symmetric
	patch_width: 8.0000000000000000
	patch_angle: 0.0000000000000000
	angles:  0.000000 0.000000 0.000000
	grand_canonical: 0
	chemical_potential: 0.0000000000000000
box: 49.755505 49.755505
copy: 1.000000 1.000000
epsilon: 0.0416670000000000
end_epsilon: 0.0000000000000000
pressure: 0.0333340000000000
lambda: 0.0000000000000000
lambda_coupling: 1.0000000000000000
uy: 0.0000000000000000
maximum_displacement: 1.0000000000000000
maximum_rotation: 1.0000000000000000
maximum_volume: 1.0000000000000000
maximum_shape: 0.0000001000000000
maximum_dsigma: 0.0100000000000000
mod: 10
pmod: 10
optimize: 1
verbose: 1
snapshot: 0
display: 1
explore: 1
npt: 1
nptxy: 0
nptdxdy: 0
shape: 0
seed: 1292149
80.280431927707 -186.398442193371 0.866025403784 0.500000000000
241.057689002846 -54.503961913246 0.866025403784 0.500000000000
318.569226598924 -237.774020845575 0.866025403784 0.500000000000
-178.580425211312 -119.274646895077 0.866025403784 -0.500000000000
5.812083755431 243.972331647089 0.000000000000 1.000000000000
194.349042138084 -120.729536376859 0.866025403784 -0.500000000000
182.588682873618 -172.148009055449 0.866025403784 0.500000000000
-127.049767164576 252.969998753523 0.866025403784 -0.500000000000
273.749972374469 266.517649891920 0.000000000000 1.000000000000
-55.098420172080 17.767316343169 0.866025403784 -0.500000000000
-187.159904624886 122.449641274884 0.866025403784 -0.500000000000
234.768288407748 79.307348211999 0.000000000000 1.000000000000
-227.021388015752 115.361711436982 0.866025403784 0.500000000000
-138.243782093185 268.844086912629 0.866025403784 -0.500000000000
-122.784056025267 -95.443651199973 0.866025403784 0.500000000000
-406.481219730241 328.625051923182 0.000000000000 1.000000000000
30.457651325790 -99.076713291108 0.866025403784 -0.500000000000
-40.991746396525 -58.206366971431 0.000000000000 1.000000000000
-141.065899198268 122.180206623662 0.866025403784 -0.500000000000
-150.474468425229 45.328516357426 0.866025403784 0.500000000000
