#Configurational_file created 2018-09-14 13:59:33  started 2018-09-14 13:59:33 run for 0.0s steps 0
name: p_1154
step: 10000
specie: 20
	particle_diameter: 1.0000000000000000
	interaction_length: 1.2000000000000000
	number_of_patches: 3
	number_of_particles_per_compound: 1
	rod_length: 1.0000000000000000
	interaction_matrix:  1.000000 1.000000 1.000000 1.000000 1.000000 1.000000 1.000000 1.000000 1.000000
	patch_type: symmetric
	patch_width: 8.0000000000000000
	patch_angle: 0.0000000000000000
	angles:  0.000000 0.000000 0.000000
	grand_canonical: 0
	chemical_potential: 0.0000000000000000
box: 13.670962 13.670962
copy: 1.000000 1.000000
epsilon: 0.5517250000000000
end_epsilon: 0.0000000000000000
pressure: 0.2241380000000000
lambda: 0.0000000000000000
lambda_coupling: 1.0000000000000000
uy: 0.0000000000000000
maximum_displacement: 1.0000000000000000
maximum_rotation: 1.0000000000000000
maximum_volume: 1.0000000000000000
maximum_shape: 0.0000001000000000
maximum_dsigma: 0.0100000000000000
mod: 10
pmod: 10
optimize: 1
verbose: 1
snapshot: 0
display: 1
explore: 1
npt: 1
nptxy: 0
nptdxdy: 0
shape: 0
seed: 1314889
-75.557684881438 -42.715472708660 0.866025403784 -0.500000000000
33.834118634983 -35.178099229939 0.866025403784 -0.500000000000
-37.081930331414 -167.156556433758 0.866025403784 0.500000000000
83.902882750029 -157.387883537823 0.866025403784 -0.500000000000
-11.870253141769 40.188359887111 0.000000000000 1.000000000000
44.389032694022 107.789696525157 0.866025403784 -0.500000000000
145.347030878134 132.695256240412 0.866025403784 -0.500000000000
95.365027536515 65.946287249248 0.866025403784 -0.500000000000
66.100734025204 83.142884208687 0.000000000000 1.000000000000
197.207561164804 -120.104521352053 0.866025403784 0.500000000000
-35.279474789286 -23.076816806983 0.866025403784 -0.500000000000
134.242823244898 22.836647128938 0.000000000000 1.000000000000
-44.403895513088 20.205058728946 0.866025403784 0.500000000000
-29.384758295745 7.435449312356 0.000000000000 1.000000000000
79.470111445868 136.366073169251 0.000000000000 1.000000000000
3.516235224913 84.082910499962 0.000000000000 1.000000000000
48.381962120173 42.029907268725 0.866025403784 0.500000000000
-73.159953933524 43.306716520494 0.866025403784 0.500000000000
30.634615144993 20.321844611963 0.000000000000 1.000000000000
63.616483249431 86.698882604733 0.000000000000 1.000000000000
