#Configurational_file created 2018-09-14 12:03:22  started 2018-09-14 12:03:21 run for 1.0s steps 0
name: p_1109
step: 10000
specie: 20
	particle_diameter: 1.0000000000000000
	interaction_length: 1.2000000000000000
	number_of_patches: 3
	number_of_particles_per_compound: 1
	rod_length: 1.0000000000000000
	interaction_matrix:  1.000000 1.000000 1.000000 1.000000 1.000000 1.000000 1.000000 1.000000 1.000000
	patch_type: symmetric
	patch_width: 8.0000000000000000
	patch_angle: 0.0000000000000000
	angles:  0.000000 0.000000 0.000000
	grand_canonical: 0
	chemical_potential: 0.0000000000000000
box: 46.621409 46.621409
copy: 1.000000 1.000000
epsilon: 0.0395840000000000
end_epsilon: 0.0000000000000000
pressure: 0.0333340000000000
lambda: 0.0000000000000000
lambda_coupling: 1.0000000000000000
uy: 0.0000000000000000
maximum_displacement: 1.0000000000000000
maximum_rotation: 1.0000000000000000
maximum_volume: 1.0000000000000000
maximum_shape: 0.0000001000000000
maximum_dsigma: 0.0100000000000000
mod: 10
pmod: 10
optimize: 1
verbose: 1
snapshot: 0
display: 1
explore: 1
npt: 1
nptxy: 0
nptdxdy: 0
shape: 0
seed: 1263724
124.995908948903 270.162943199922 0.866025403784 0.500000000000
265.511180488739 181.927212860859 0.000000000000 1.000000000000
121.505976003726 -237.426041121212 0.866025403784 -0.500000000000
76.196095817192 -102.973304808602 0.866025403784 -0.500000000000
210.295069122402 17.130126645090 0.866025403784 -0.500000000000
164.317466807217 119.452659048011 0.866025403784 -0.500000000000
170.742000055414 -39.430834618558 0.866025403784 0.500000000000
50.346549037631 -85.534494680409 0.000000000000 1.000000000000
125.861002547506 256.421530394416 0.866025403784 -0.500000000000
199.957513781815 -375.663954458690 0.866025403784 0.500000000000
104.502311741053 -110.212417410770 0.866025403784 -0.500000000000
-130.928439336431 49.567152665587 0.000000000000 1.000000000000
-172.115318418445 -115.958881830962 0.866025403784 -0.500000000000
17.875771773839 94.366713828852 0.866025403784 0.500000000000
301.791642410541 69.732893610573 0.866025403784 0.500000000000
416.726883623823 -258.329977260587 0.000000000000 1.000000000000
426.897757026036 122.602606830087 0.866025403784 -0.500000000000
-20.802636228339 354.896362315870 0.000000000000 1.000000000000
224.341584137835 -1.899851959455 0.000000000000 1.000000000000
307.851863017886 20.717584364699 0.000000000000 1.000000000000
