#Configurational_file created 2018-09-14 11:36:41  started 2018-09-14 11:36:40 run for 1.0s steps 0
name: p_1155
step: 10000
specie: 20
	particle_diameter: 1.0000000000000000
	interaction_length: 1.2000000000000000
	number_of_patches: 3
	number_of_particles_per_compound: 1
	rod_length: 1.0000000000000000
	interaction_matrix:  1.000000 1.000000 1.000000 1.000000 1.000000 1.000000 1.000000 1.000000 1.000000
	patch_type: symmetric
	patch_width: 8.0000000000000000
	patch_angle: 0.0000000000000000
	angles:  0.000000 0.000000 0.000000
	grand_canonical: 0
	chemical_potential: 0.0000000000000000
box: 11.113329 11.113329
copy: 1.000000 1.000000
epsilon: 0.4375120000000000
end_epsilon: 0.0000000000000000
pressure: 0.3334170000000000
lambda: 0.0000000000000000
lambda_coupling: 1.0000000000000000
uy: 0.0000000000000000
maximum_displacement: 1.0000000000000000
maximum_rotation: 1.0000000000000000
maximum_volume: 1.0000000000000000
maximum_shape: 0.0000001000000000
maximum_dsigma: 0.0100000000000000
mod: 10
pmod: 10
optimize: 1
verbose: 1
snapshot: 0
display: 1
explore: 1
npt: 1
nptxy: 0
nptdxdy: 0
shape: 0
seed: 1316026
-19.935860687454 104.113098556797 0.000000000000 1.000000000000
-3.036581221224 -47.888875857203 0.866025403784 0.500000000000
-16.689686468575 -155.201669238739 0.000000000000 1.000000000000
10.570029869472 44.820879835328 0.866025403784 -0.500000000000
13.475422343375 -19.726930016241 0.866025403784 0.500000000000
-44.460481561215 19.420091687741 0.866025403784 0.500000000000
-18.251890861139 -41.820563449065 0.000000000000 1.000000000000
23.311897818797 44.197296361089 0.000000000000 1.000000000000
-85.318123000634 166.422063746476 0.000000000000 1.000000000000
-9.229705078085 41.055324491965 0.866025403784 -0.500000000000
-23.690498539965 53.982446168026 0.000000000000 1.000000000000
117.783336740350 -32.790679821730 0.866025403784 -0.500000000000
8.059096700543 108.747233730862 0.866025403784 0.500000000000
65.187259096860 151.562691856825 0.866025403784 -0.500000000000
-82.474068218825 -25.483075793031 0.000000000000 1.000000000000
-13.865202599010 125.013806239303 0.866025403784 -0.500000000000
123.162354452578 -15.369369313527 0.000000000000 1.000000000000
27.199066568363 -152.095370378080 0.866025403784 0.500000000000
102.756776371980 19.524307793785 0.866025403784 -0.500000000000
-56.845197237523 105.998897603054 0.000000000000 1.000000000000
