#Configurational_file created 2018-09-14 11:36:31  started 2018-09-14 11:36:30 run for 1.0s steps 0
name: p_1144
step: 10000
specie: 20
	particle_diameter: 1.0000000000000000
	interaction_length: 1.2000000000000000
	number_of_patches: 3
	number_of_particles_per_compound: 1
	rod_length: 1.0000000000000000
	interaction_matrix:  1.000000 1.000000 1.000000 1.000000 1.000000 1.000000 1.000000 1.000000 1.000000
	patch_type: symmetric
	patch_width: 8.0000000000000000
	patch_angle: 0.0000000000000000
	angles:  0.000000 0.000000 0.000000
	grand_canonical: 0
	chemical_potential: 0.0000000000000000
box: 7.096670 7.096670
copy: 1.000000 1.000000
epsilon: 0.4166830000000000
end_epsilon: 0.0000000000000000
pressure: 1.5000249999999999
lambda: 0.0000000000000000
lambda_coupling: 1.0000000000000000
uy: 0.0000000000000000
maximum_displacement: 1.0000000000000000
maximum_rotation: 1.0000000000000000
maximum_volume: 0.4533826765259453
maximum_shape: 0.0000001000000000
maximum_dsigma: 0.0100000000000000
mod: 10
pmod: 10
optimize: 1
verbose: 1
snapshot: 0
display: 1
explore: 1
npt: 1
nptxy: 0
nptdxdy: 0
shape: 0
seed: 1303519
1.151636364766 -86.206412456429 0.866025403784 0.500000000000
-27.854614874167 -30.585475155021 0.866025403784 0.500000000000
-32.704289808312 -57.635468873685 0.000000000000 1.000000000000
-45.258201957708 113.018158545377 0.866025403784 0.500000000000
-5.762516004790 -14.143501372095 0.866025403784 0.500000000000
17.775119055648 45.520533388853 0.866025403784 -0.500000000000
18.627493754669 71.811100510311 0.866025403784 0.500000000000
30.284584515945 -66.180339577613 0.866025403784 -0.500000000000
-30.347728027636 -152.740518961372 0.000000000000 1.000000000000
-6.164318316106 78.587400662268 0.866025403784 -0.500000000000
24.529330864852 2.074213585274 0.866025403784 0.500000000000
-72.232925316730 -50.056962639936 0.866025403784 0.500000000000
-79.404612605957 40.056496171950 0.866025403784 -0.500000000000
4.268257383997 102.052970746702 0.866025403784 0.500000000000
-9.802824563563 -109.084680768154 0.866025403784 -0.500000000000
17.367938668352 -91.791191407161 0.000000000000 1.000000000000
16.787212778882 42.652107593244 0.866025403784 -0.500000000000
-6.997947871917 -107.871336804924 0.866025403784 -0.500000000000
-1.999025125310 51.444171059964 0.866025403784 0.500000000000
36.801730137689 -32.539344316536 0.000000000000 1.000000000000
