#Configurational_file created 2018-09-14 11:36:01  started 2018-09-14 11:36:00 run for 1.0s steps 0
name: p_1109
step: 10000
specie: 20
	particle_diameter: 1.0000000000000000
	interaction_length: 1.2000000000000000
	number_of_patches: 3
	number_of_particles_per_compound: 1
	rod_length: 1.0000000000000000
	interaction_matrix:  1.000000 1.000000 1.000000 1.000000 1.000000 1.000000 1.000000 1.000000 1.000000
	patch_type: symmetric
	patch_width: 8.0000000000000000
	patch_angle: 0.0000000000000000
	angles:  0.000000 0.000000 0.000000
	grand_canonical: 0
	chemical_potential: 0.0000000000000000
box: 9.921208 9.921208
copy: 1.000000 1.000000
epsilon: 0.3958540000000000
end_epsilon: 0.0000000000000000
pressure: 0.6667330000000000
lambda: 0.0000000000000000
lambda_coupling: 1.0000000000000000
uy: 0.0000000000000000
maximum_displacement: 1.0000000000000000
maximum_rotation: 1.0000000000000000
maximum_volume: 1.0000000000000000
maximum_shape: 0.0000001000000000
maximum_dsigma: 0.0100000000000000
mod: 10
pmod: 10
optimize: 1
verbose: 1
snapshot: 0
display: 1
explore: 1
npt: 1
nptxy: 0
nptdxdy: 0
shape: 0
seed: 1263724
22.694147194497 -12.903477073423 0.866025403784 -0.500000000000
77.132211851738 134.678467257255 0.000000000000 1.000000000000
65.126025671165 31.472758206686 0.866025403784 0.500000000000
112.180770428305 -19.677364650676 0.866025403784 -0.500000000000
12.410376055600 -47.371796974899 0.866025403784 0.500000000000
17.056998386233 125.875330567900 0.866025403784 0.500000000000
11.135207851654 -35.698975899578 0.000000000000 1.000000000000
-29.942162472226 -36.903901971797 0.000000000000 1.000000000000
133.905316100329 -50.282021580187 0.000000000000 1.000000000000
123.952236270588 26.211607453430 0.866025403784 -0.500000000000
3.312296287698 -21.060212232287 0.866025403784 -0.500000000000
77.767650778990 132.611945830374 0.866025403784 0.500000000000
-152.422451447628 -89.632781848039 0.866025403784 -0.500000000000
5.341052671684 17.912194311674 0.000000000000 1.000000000000
57.330784017941 109.771316289734 0.866025403784 -0.500000000000
69.187630439917 33.498265934105 0.866025403784 -0.500000000000
31.244450360916 147.278055223150 0.000000000000 1.000000000000
-36.840548584552 182.515358000889 0.866025403784 0.500000000000
-56.073059046242 71.299753516307 0.000000000000 1.000000000000
93.717009367423 23.391454757643 0.866025403784 0.500000000000
