#Configurational_file created 2018-09-14 13:59:22  started 2018-09-14 13:59:21 run for 1.0s steps 0
name: p_1138
step: 10000
specie: 20
	particle_diameter: 1.0000000000000000
	interaction_length: 1.2000000000000000
	number_of_patches: 3
	number_of_particles_per_compound: 1
	rod_length: 1.0000000000000000
	interaction_matrix:  1.000000 1.000000 1.000000 1.000000 1.000000 1.000000 1.000000 1.000000 1.000000
	patch_type: symmetric
	patch_width: 8.0000000000000000
	patch_angle: 0.0000000000000000
	angles:  0.000000 0.000000 0.000000
	grand_canonical: 0
	chemical_potential: 0.0000000000000000
box: 10.466622 10.466622
copy: 1.000000 1.000000
epsilon: 0.4827590000000000
end_epsilon: 0.0000000000000000
pressure: 0.4655170000000000
lambda: 0.0000000000000000
lambda_coupling: 1.0000000000000000
uy: 0.0000000000000000
maximum_displacement: 1.0000000000000000
maximum_rotation: 1.0000000000000000
maximum_volume: 1.0000000000000000
maximum_shape: 0.0000001000000000
maximum_dsigma: 0.0100000000000000
mod: 10
pmod: 10
optimize: 1
verbose: 1
snapshot: 0
display: 1
explore: 1
npt: 1
nptxy: 0
nptdxdy: 0
shape: 0
seed: 1296697
66.841138219071 39.821413544076 0.866025403784 0.500000000000
-25.864165850125 -97.279494555151 0.866025403784 -0.500000000000
1.577880446595 164.200807544775 0.866025403784 0.500000000000
229.310069492158 118.314451894669 0.866025403784 -0.500000000000
-42.402518197969 94.217017121263 0.000000000000 1.000000000000
27.791547491377 -50.607990790202 0.000000000000 1.000000000000
13.187963886804 57.645222271902 0.000000000000 1.000000000000
-48.026939268341 -143.096200874884 0.866025403784 -0.500000000000
190.613601636221 22.430487572344 0.866025403784 -0.500000000000
61.148483380948 -28.943421490796 0.866025403784 -0.500000000000
-74.932275180802 6.728526843573 0.866025403784 0.500000000000
64.751177372597 5.025544137944 0.866025403784 -0.500000000000
-1.873782774259 85.367442029703 0.000000000000 1.000000000000
14.338703117257 -42.465192324152 0.866025403784 0.500000000000
68.282562089433 -104.257012409177 0.866025403784 -0.500000000000
-9.909342357777 12.110367726244 0.000000000000 1.000000000000
-54.646773516339 92.653481773606 0.866025403784 -0.500000000000
-48.744130401909 62.696742244544 0.866025403784 -0.500000000000
74.258107862081 36.073774178367 0.866025403784 0.500000000000
-39.533167000650 77.165548161360 0.866025403784 0.500000000000
