#Configurational_file created 2018-09-14 14:00:06  started 2018-09-14 14:00:05 run for 1.0s steps 0
name: p_1197
step: 10000
specie: 20
	particle_diameter: 1.0000000000000000
	interaction_length: 1.2000000000000000
	number_of_patches: 3
	number_of_particles_per_compound: 1
	rod_length: 1.0000000000000000
	interaction_matrix:  1.000000 1.000000 1.000000 1.000000 1.000000 1.000000 1.000000 1.000000 1.000000
	patch_type: symmetric
	patch_width: 8.0000000000000000
	patch_angle: 0.0000000000000000
	angles:  0.000000 0.000000 0.000000
	grand_canonical: 0
	chemical_potential: 0.0000000000000000
box: 11.818319 11.818319
copy: 1.000000 1.000000
epsilon: 0.6206900000000000
end_epsilon: 0.0000000000000000
pressure: 0.4482760000000000
lambda: 0.0000000000000000
lambda_coupling: 1.0000000000000000
uy: 0.0000000000000000
maximum_displacement: 1.0000000000000000
maximum_rotation: 1.0000000000000000
maximum_volume: 1.0000000000000000
maximum_shape: 0.0000001000000000
maximum_dsigma: 0.0100000000000000
mod: 10
pmod: 10
optimize: 1
verbose: 1
snapshot: 0
display: 1
explore: 1
npt: 1
nptxy: 0
nptdxdy: 0
shape: 0
seed: 1363780
54.142082407514 101.400434170396 0.000000000000 1.000000000000
-42.746461339942 -50.200139084283 0.866025403784 -0.500000000000
46.516911072282 -26.532903553041 0.000000000000 1.000000000000
74.571986369381 84.494985270500 0.866025403784 0.500000000000
45.641133073553 -177.844613283217 0.866025403784 0.500000000000
72.290416474756 22.870092289394 0.000000000000 1.000000000000
91.603128298442 -122.308201888755 0.866025403784 -0.500000000000
-151.644662257052 -33.966194121428 0.000000000000 1.000000000000
96.532162514778 -109.242258211578 0.866025403784 -0.500000000000
117.997373309962 -56.207827989363 0.000000000000 1.000000000000
-126.151584391463 17.063829132370 0.866025403784 0.500000000000
21.659328958060 -61.208894969841 0.866025403784 -0.500000000000
-182.623437713328 -81.513083662719 0.866025403784 -0.500000000000
-103.119045755761 66.553334793621 0.866025403784 0.500000000000
-25.243601433820 -6.724648446837 0.000000000000 1.000000000000
-35.102357310303 -53.131145129478 0.866025403784 -0.500000000000
26.734207741101 50.221657438344 0.866025403784 0.500000000000
-78.396406246179 -59.559297147621 0.866025403784 -0.500000000000
-97.349591409511 -9.293986936229 0.866025403784 0.500000000000
-183.203030481664 125.343955283206 0.866025403784 -0.500000000000
