#Configurational_file created 2018-09-14 12:03:44  started 2018-09-14 12:03:43 run for 1.0s steps 0
name: p_1139
step: 10000
specie: 20
	particle_diameter: 1.0000000000000000
	interaction_length: 1.2000000000000000
	number_of_patches: 3
	number_of_particles_per_compound: 1
	rod_length: 1.0000000000000000
	interaction_matrix:  1.000000 1.000000 1.000000 1.000000 1.000000 1.000000 1.000000 1.000000 1.000000
	patch_type: symmetric
	patch_width: 8.0000000000000000
	patch_angle: 0.0000000000000000
	angles:  0.000000 0.000000 0.000000
	grand_canonical: 0
	chemical_potential: 0.0000000000000000
box: 47.970069 47.970069
copy: 1.000000 1.000000
epsilon: 0.0416670000000000
end_epsilon: 0.0000000000000000
pressure: 0.0541670000000000
lambda: 0.0000000000000000
lambda_coupling: 1.0000000000000000
uy: 0.0000000000000000
maximum_displacement: 1.0000000000000000
maximum_rotation: 1.0000000000000000
maximum_volume: 1.0000000000000000
maximum_shape: 0.0000001000000000
maximum_dsigma: 0.0100000000000000
mod: 10
pmod: 10
optimize: 1
verbose: 1
snapshot: 0
display: 1
explore: 1
npt: 1
nptxy: 0
nptdxdy: 0
shape: 0
seed: 1297834
-51.803968133268 -46.996612213094 0.866025403784 0.500000000000
140.748385974343 -0.419980817570 0.866025403784 -0.500000000000
149.130598117603 -101.147143255661 0.000000000000 1.000000000000
-26.910827607852 -153.109113328126 0.866025403784 0.500000000000
-39.198375573167 -31.102282712762 0.866025403784 0.500000000000
389.684861036953 306.299735459482 0.866025403784 -0.500000000000
106.126927920924 -16.173852045934 0.866025403784 0.500000000000
-5.685329549333 50.237004216515 0.000000000000 1.000000000000
65.913762014667 -142.223881940137 0.866025403784 -0.500000000000
162.569559640462 -53.624656424207 0.000000000000 1.000000000000
-76.169919352258 -19.891976504949 0.000000000000 1.000000000000
18.001845854646 35.742417695940 0.866025403784 -0.500000000000
109.572679989141 185.578935491917 0.866025403784 -0.500000000000
-60.097946711537 162.463233500173 0.866025403784 -0.500000000000
324.376933417477 315.254556723359 0.866025403784 -0.500000000000
166.132475582661 104.025977588636 0.866025403784 -0.500000000000
3.160611298326 10.420825450931 0.000000000000 1.000000000000
96.216297538014 37.498892285507 0.866025403784 -0.500000000000
340.820082379733 287.414079701209 0.866025403784 -0.500000000000
111.963197970816 3.850364600697 0.866025403784 -0.500000000000
