#Configurational_file created 2018-09-14 11:36:37  started 2018-09-14 11:36:36 run for 1.0s steps 0
name: p_1150
step: 10000
specie: 20
	particle_diameter: 1.0000000000000000
	interaction_length: 1.2000000000000000
	number_of_patches: 3
	number_of_particles_per_compound: 1
	rod_length: 1.0000000000000000
	interaction_matrix:  1.000000 1.000000 1.000000 1.000000 1.000000 1.000000 1.000000 1.000000 1.000000
	patch_type: symmetric
	patch_width: 8.0000000000000000
	patch_angle: 0.0000000000000000
	angles:  0.000000 0.000000 0.000000
	grand_canonical: 0
	chemical_potential: 0.0000000000000000
box: 6.854951 6.854951
copy: 1.000000 1.000000
epsilon: 0.4166830000000000
end_epsilon: 0.0000000000000000
pressure: 2.0000000000000000
lambda: 0.0000000000000000
lambda_coupling: 1.0000000000000000
uy: 0.0000000000000000
maximum_displacement: 1.0000000000000000
maximum_rotation: 1.0000000000000000
maximum_volume: 0.3076751077376872
maximum_shape: 0.0000001000000000
maximum_dsigma: 0.0100000000000000
mod: 10
pmod: 10
optimize: 1
verbose: 1
snapshot: 0
display: 1
explore: 1
npt: 1
nptxy: 0
nptdxdy: 0
shape: 0
seed: 1310341
69.866952533358 -87.320384556869 0.000000000000 1.000000000000
-91.475119700805 -22.067807185891 0.866025403784 0.500000000000
50.717098118521 2.385589317233 0.866025403784 -0.500000000000
18.114725934426 35.112686664827 0.000000000000 1.000000000000
23.541736927917 -0.345381445855 0.866025403784 -0.500000000000
-62.341132256730 -49.103206296833 0.866025403784 0.500000000000
1.309943393236 53.021018612916 0.866025403784 0.500000000000
146.942574197139 18.110009596447 0.866025403784 -0.500000000000
-68.262869429470 38.545565739524 0.866025403784 -0.500000000000
-40.861698084195 27.687837757173 0.866025403784 0.500000000000
-66.142003223284 43.128835408599 0.000000000000 1.000000000000
-35.674762177647 -16.100577446903 0.000000000000 1.000000000000
-144.673292251070 0.004245789410 0.866025403784 0.500000000000
-33.558373492288 16.310764131605 0.000000000000 1.000000000000
30.473652886700 24.468716200939 0.000000000000 1.000000000000
-48.220995880724 -114.500095737558 0.866025403784 -0.500000000000
-37.667332970593 6.479083340850 0.000000000000 1.000000000000
-2.886630389051 42.004404402514 0.866025403784 -0.500000000000
12.178803466958 -12.154178821355 0.866025403784 0.500000000000
73.157980532555 23.704344403142 0.866025403784 -0.500000000000
