#Configurational_file created 2018-09-14 12:03:29  started 2018-09-14 12:03:29 run for 0.0s steps 0
name: p_1119
step: 10000
specie: 20
	particle_diameter: 1.0000000000000000
	interaction_length: 1.2000000000000000
	number_of_patches: 3
	number_of_particles_per_compound: 1
	rod_length: 1.0000000000000000
	interaction_matrix:  1.000000 1.000000 1.000000 1.000000 1.000000 1.000000 1.000000 1.000000 1.000000
	patch_type: symmetric
	patch_width: 8.0000000000000000
	patch_angle: 0.0000000000000000
	angles:  0.000000 0.000000 0.000000
	grand_canonical: 0
	chemical_potential: 0.0000000000000000
box: 48.168031 48.168031
copy: 1.000000 1.000000
epsilon: 0.0395840000000000
end_epsilon: 0.0000000000000000
pressure: 0.0750000000000000
lambda: 0.0000000000000000
lambda_coupling: 1.0000000000000000
uy: 0.0000000000000000
maximum_displacement: 1.0000000000000000
maximum_rotation: 1.0000000000000000
maximum_volume: 1.0000000000000000
maximum_shape: 0.0000001000000000
maximum_dsigma: 0.0100000000000000
mod: 10
pmod: 10
optimize: 1
verbose: 1
snapshot: 0
display: 1
explore: 1
npt: 1
nptxy: 0
nptdxdy: 0
shape: 0
seed: 1275094
-207.611045160953 -15.001362125980 0.000000000000 1.000000000000
-178.348273625996 115.510588226878 0.866025403784 -0.500000000000
-37.046044073311 10.785097214142 0.866025403784 0.500000000000
100.980170255765 -39.949601727737 0.866025403784 0.500000000000
189.690242867821 216.375711680797 0.866025403784 -0.500000000000
-3.989661631094 -78.202438289345 0.866025403784 0.500000000000
-139.934976310863 224.306005808950 0.866025403784 0.500000000000
-119.906656737378 56.449724752852 0.866025403784 0.500000000000
41.419987451337 5.532974136791 0.866025403784 0.500000000000
122.960858124582 290.063389601552 0.866025403784 -0.500000000000
-20.752049179834 -249.043716415760 0.866025403784 -0.500000000000
168.569182405685 -262.593534541824 0.000000000000 1.000000000000
-452.098208222870 -353.843632442453 0.866025403784 -0.500000000000
57.917483215808 125.426784750922 0.000000000000 1.000000000000
-127.911657837100 125.211174520567 0.866025403784 0.500000000000
-221.722135472212 -388.789043314640 0.000000000000 1.000000000000
167.116047515367 24.274400382706 0.000000000000 1.000000000000
-356.395262684224 61.258088771090 0.866025403784 0.500000000000
297.183180522068 309.499893852389 0.866025403784 0.500000000000
-158.373548254154 88.140888951678 0.866025403784 -0.500000000000
