#Configurational_file created 2018-09-14 12:04:16  started 2018-09-14 12:04:15 run for 1.0s steps 0
name: p_1183
step: 10000
specie: 20
	particle_diameter: 1.0000000000000000
	interaction_length: 1.2000000000000000
	number_of_patches: 3
	number_of_particles_per_compound: 1
	rod_length: 1.0000000000000000
	interaction_matrix:  1.000000 1.000000 1.000000 1.000000 1.000000 1.000000 1.000000 1.000000 1.000000
	patch_type: symmetric
	patch_width: 8.0000000000000000
	patch_angle: 0.0000000000000000
	angles:  0.000000 0.000000 0.000000
	grand_canonical: 0
	chemical_potential: 0.0000000000000000
box: 47.074842 47.074842
copy: 1.000000 1.000000
epsilon: 0.0458330000000000
end_epsilon: 0.0000000000000000
pressure: 0.0291670000000000
lambda: 0.0000000000000000
lambda_coupling: 1.0000000000000000
uy: 0.0000000000000000
maximum_displacement: 1.0000000000000000
maximum_rotation: 1.0000000000000000
maximum_volume: 1.0000000000000000
maximum_shape: 0.0000001000000000
maximum_dsigma: 0.0100000000000000
mod: 10
pmod: 10
optimize: 1
verbose: 1
snapshot: 0
display: 1
explore: 1
npt: 1
nptxy: 0
nptdxdy: 0
shape: 0
seed: 1347862
24.930508740505 -80.822384614770 0.866025403784 -0.500000000000
140.402807958154 -182.168283660889 0.866025403784 0.500000000000
-140.885354858977 -202.441728980940 0.866025403784 -0.500000000000
-202.072431013985 -305.020459742477 0.866025403784 0.500000000000
-310.685451207076 147.904207652241 0.000000000000 1.000000000000
84.805583601037 -91.619583514773 0.000000000000 1.000000000000
-123.418494739409 -507.716135016736 0.866025403784 -0.500000000000
4.230628631791 202.199872588922 0.866025403784 0.500000000000
-217.521802422734 -57.371043881023 0.866025403784 -0.500000000000
89.080565171287 204.014148604257 0.866025403784 -0.500000000000
2.946509826864 -13.788383799551 0.000000000000 1.000000000000
270.514371160033 14.979213564148 0.000000000000 1.000000000000
-407.240807172729 -112.531928854903 0.866025403784 -0.500000000000
286.805829678820 -70.780696196949 0.866025403784 0.500000000000
38.758059006608 -148.205711220385 0.000000000000 1.000000000000
-49.246308876256 78.753288295064 0.866025403784 0.500000000000
115.780514921331 39.721324204410 0.866025403784 -0.500000000000
-169.736444956739 -121.393977469168 0.000000000000 1.000000000000
75.955335074616 179.188888074568 0.866025403784 -0.500000000000
48.520229513170 -349.363151770257 0.866025403784 0.500000000000
