#Configurational_file created 2018-09-14 12:04:11  started 2018-09-14 12:04:10 run for 1.0s steps 0
name: p_1176
step: 10000
specie: 20
	particle_diameter: 1.0000000000000000
	interaction_length: 1.2000000000000000
	number_of_patches: 3
	number_of_particles_per_compound: 1
	rod_length: 1.0000000000000000
	interaction_matrix:  1.000000 1.000000 1.000000 1.000000 1.000000 1.000000 1.000000 1.000000 1.000000
	patch_type: symmetric
	patch_width: 8.0000000000000000
	patch_angle: 0.0000000000000000
	angles:  0.000000 0.000000 0.000000
	grand_canonical: 0
	chemical_potential: 0.0000000000000000
box: 49.965456 49.965456
copy: 1.000000 1.000000
epsilon: 0.0458330000000000
end_epsilon: 0.0000000000000000
pressure: 0.0000010000000000
lambda: 0.0000000000000000
lambda_coupling: 1.0000000000000000
uy: 0.0000000000000000
maximum_displacement: 1.0000000000000000
maximum_rotation: 1.0000000000000000
maximum_volume: 1.0000000000000000
maximum_shape: 0.0000001000000000
maximum_dsigma: 0.0100000000000000
mod: 10
pmod: 10
optimize: 1
verbose: 1
snapshot: 0
display: 1
explore: 1
npt: 1
nptxy: 0
nptdxdy: 0
shape: 0
seed: 1339903
250.417837091826 101.456545445917 0.866025403784 -0.500000000000
-73.633496032792 -66.578780980555 0.866025403784 0.500000000000
-273.507504558335 -180.539089276825 0.866025403784 0.500000000000
-207.690182819866 199.779071715899 0.866025403784 -0.500000000000
131.264247583615 84.672034167418 0.866025403784 -0.500000000000
106.053400590303 30.022022474530 0.000000000000 1.000000000000
-35.625516189538 172.424582671305 0.000000000000 1.000000000000
-12.317858136361 -135.680191531326 0.866025403784 -0.500000000000
-387.296526752255 94.554856184349 0.866025403784 -0.500000000000
105.511295360939 403.670058758287 0.866025403784 0.500000000000
91.433955650496 -36.739468789314 0.866025403784 0.500000000000
-204.772051189277 -13.330924039138 0.866025403784 -0.500000000000
-35.324903765339 250.918905938348 0.866025403784 -0.500000000000
276.312517871421 356.472046495753 0.866025403784 0.500000000000
-216.306966994901 36.410044818988 0.000000000000 1.000000000000
-202.859888176205 303.117830822293 0.866025403784 -0.500000000000
-19.307128641015 282.575517877499 0.866025403784 -0.500000000000
21.176663708018 251.897832730492 0.866025403784 -0.500000000000
-115.196938959558 125.160724103869 0.866025403784 -0.500000000000
198.295194973559 -80.091025450282 0.866025403784 -0.500000000000
