#Configurational_file created 2018-09-14 13:59:18  started 2018-09-14 13:59:17 run for 1.0s steps 0
name: p_1133
step: 10000
specie: 20
	particle_diameter: 1.0000000000000000
	interaction_length: 1.2000000000000000
	number_of_patches: 3
	number_of_particles_per_compound: 1
	rod_length: 1.0000000000000000
	interaction_matrix:  1.000000 1.000000 1.000000 1.000000 1.000000 1.000000 1.000000 1.000000 1.000000
	patch_type: symmetric
	patch_width: 8.0000000000000000
	patch_angle: 0.0000000000000000
	angles:  0.000000 0.000000 0.000000
	grand_canonical: 0
	chemical_potential: 0.0000000000000000
box: 13.024007 13.024007
copy: 1.000000 1.000000
epsilon: 0.4827590000000000
end_epsilon: 0.0000000000000000
pressure: 0.3793110000000000
lambda: 0.0000000000000000
lambda_coupling: 1.0000000000000000
uy: 0.0000000000000000
maximum_displacement: 1.0000000000000000
maximum_rotation: 1.0000000000000000
maximum_volume: 1.0000000000000000
maximum_shape: 0.0000001000000000
maximum_dsigma: 0.0100000000000000
mod: 10
pmod: 10
optimize: 1
verbose: 1
snapshot: 0
display: 1
explore: 1
npt: 1
nptxy: 0
nptdxdy: 0
shape: 0
seed: 1291012
35.574375802040 60.262378415058 0.000000000000 1.000000000000
-3.484453452850 -1.440026754961 0.000000000000 1.000000000000
-104.598790354208 -206.885913567895 0.866025403784 -0.500000000000
84.929385525002 -74.187682004452 0.866025403784 0.500000000000
180.568150268962 -62.285494855711 0.866025403784 0.500000000000
-16.590642559342 9.460417485430 0.000000000000 1.000000000000
9.036923178750 64.995453076959 0.866025403784 0.500000000000
-3.907111379547 -115.658248217575 0.000000000000 1.000000000000
-9.672777322936 56.069023425589 0.866025403784 -0.500000000000
79.194690784773 -15.065069673410 0.000000000000 1.000000000000
-33.011838902140 13.542889654536 0.866025403784 -0.500000000000
-94.462729057823 15.816580301275 0.000000000000 1.000000000000
69.811889693368 -43.823614790868 0.866025403784 -0.500000000000
17.998875423867 -98.888088273772 0.866025403784 -0.500000000000
-97.916776171217 -138.280002095720 0.866025403784 -0.500000000000
256.406805132568 176.547197310816 0.000000000000 1.000000000000
133.874246678923 161.570050548579 0.866025403784 -0.500000000000
-187.273247149100 -93.091667605706 0.866025403784 -0.500000000000
91.218851373964 -48.094841282252 0.866025403784 0.500000000000
-31.069057501457 -64.466739026706 0.866025403784 -0.500000000000
