#Configurational_file created 2018-09-14 11:36:26  started 2018-09-14 11:36:25 run for 1.0s steps 0
name: p_1138
step: 10000
specie: 20
	particle_diameter: 1.0000000000000000
	interaction_length: 1.2000000000000000
	number_of_patches: 3
	number_of_particles_per_compound: 1
	rod_length: 1.0000000000000000
	interaction_matrix:  1.000000 1.000000 1.000000 1.000000 1.000000 1.000000 1.000000 1.000000 1.000000
	patch_type: symmetric
	patch_width: 8.0000000000000000
	patch_angle: 0.0000000000000000
	angles:  0.000000 0.000000 0.000000
	grand_canonical: 0
	chemical_potential: 0.0000000000000000
box: 8.717494 8.717494
copy: 1.000000 1.000000
epsilon: 0.4166830000000000
end_epsilon: 0.0000000000000000
pressure: 1.0000500000000001
lambda: 0.0000000000000000
lambda_coupling: 1.0000000000000000
uy: 0.0000000000000000
maximum_displacement: 1.0000000000000000
maximum_rotation: 1.0000000000000000
maximum_volume: 0.8800000000000000
maximum_shape: 0.0000001000000000
maximum_dsigma: 0.0100000000000000
mod: 10
pmod: 10
optimize: 1
verbose: 1
snapshot: 0
display: 1
explore: 1
npt: 1
nptxy: 0
nptdxdy: 0
shape: 0
seed: 1296697
34.443039221381 -58.404501510982 0.866025403784 0.500000000000
9.381444751178 93.998981030976 0.000000000000 1.000000000000
-168.276243671540 6.968789001244 0.866025403784 0.500000000000
97.058936029132 11.973736926725 0.000000000000 1.000000000000
57.362258256508 67.231472173488 0.000000000000 1.000000000000
54.029782381976 52.051956916143 0.000000000000 1.000000000000
2.682426927729 -81.226518598847 0.866025403784 0.500000000000
1.772559570586 -47.912025383604 0.866025403784 -0.500000000000
25.135700343346 -43.202567196524 0.866025403784 0.500000000000
-60.562791003113 -100.071992884507 0.866025403784 0.500000000000
-60.290203536465 -114.043222645566 0.000000000000 1.000000000000
-90.153847814041 -17.785672653555 0.866025403784 0.500000000000
-140.237816538595 128.859550939991 0.866025403784 -0.500000000000
182.011114906892 -73.405049934726 0.866025403784 -0.500000000000
0.461561479826 -128.171149882306 0.866025403784 -0.500000000000
29.458735280715 2.292688911175 0.000000000000 1.000000000000
29.289176051264 -57.024957359783 0.866025403784 -0.500000000000
98.160934661497 96.665008623746 0.000000000000 1.000000000000
-22.671454031532 -104.187084360295 0.000000000000 1.000000000000
-10.380723820151 12.385038315893 0.866025403784 0.500000000000
