#Configurational_file created 2018-09-14 13:59:49  started 2018-09-14 13:59:49 run for 0.0s steps 0
name: p_1175
step: 10000
specie: 20
	particle_diameter: 1.0000000000000000
	interaction_length: 1.2000000000000000
	number_of_patches: 3
	number_of_particles_per_compound: 1
	rod_length: 1.0000000000000000
	interaction_matrix:  1.000000 1.000000 1.000000 1.000000 1.000000 1.000000 1.000000 1.000000 1.000000
	patch_type: symmetric
	patch_width: 8.0000000000000000
	patch_angle: 0.0000000000000000
	angles:  0.000000 0.000000 0.000000
	grand_canonical: 0
	chemical_potential: 0.0000000000000000
box: 18.212549 18.212549
copy: 1.000000 1.000000
epsilon: 0.6206900000000000
end_epsilon: 0.0000000000000000
pressure: 0.0689660000000000
lambda: 0.0000000000000000
lambda_coupling: 1.0000000000000000
uy: 0.0000000000000000
maximum_displacement: 1.0000000000000000
maximum_rotation: 1.0000000000000000
maximum_volume: 1.0000000000000000
maximum_shape: 0.0000001000000000
maximum_dsigma: 0.0100000000000000
mod: 10
pmod: 10
optimize: 1
verbose: 1
snapshot: 0
display: 1
explore: 1
npt: 1
nptxy: 0
nptdxdy: 0
shape: 0
seed: 1338766
90.073856208415 72.599005219873 0.866025403784 0.500000000000
-24.376424111431 123.891558500269 0.000000000000 1.000000000000
8.381431333299 110.204489282181 0.866025403784 0.500000000000
-73.982849386311 -95.179839246989 0.866025403784 -0.500000000000
-21.097710134570 -51.850446774221 0.866025403784 0.500000000000
-38.287513178211 46.101634012762 0.866025403784 0.500000000000
36.010686473493 -2.240137741135 0.866025403784 -0.500000000000
-59.041268602191 120.011861420634 0.866025403784 -0.500000000000
-3.335001592615 -7.403744053308 0.866025403784 0.500000000000
10.512766687272 -75.698247546244 0.866025403784 -0.500000000000
6.373787333507 -35.747343185190 0.000000000000 1.000000000000
70.409815092104 -122.920139733023 0.866025403784 -0.500000000000
-134.836512758947 73.361567152076 0.866025403784 -0.500000000000
-26.378247842271 28.255887963449 0.866025403784 -0.500000000000
192.950698385270 -83.520470506734 0.000000000000 1.000000000000
121.360999095398 8.565496044506 0.866025403784 0.500000000000
-36.431160574875 -59.550477200295 0.000000000000 1.000000000000
-154.104229127040 -159.671405207498 0.866025403784 -0.500000000000
29.499473094882 22.642555996883 0.866025403784 0.500000000000
40.079222285576 -177.253867056017 0.866025403784 -0.500000000000
