#Configurational_file created 2018-09-14 12:03:47  started 2018-09-14 12:03:47 run for 0.0s steps 0
name: p_1144
step: 10000
specie: 20
	particle_diameter: 1.0000000000000000
	interaction_length: 1.2000000000000000
	number_of_patches: 3
	number_of_particles_per_compound: 1
	rod_length: 1.0000000000000000
	interaction_matrix:  1.000000 1.000000 1.000000 1.000000 1.000000 1.000000 1.000000 1.000000 1.000000
	patch_type: symmetric
	patch_width: 8.0000000000000000
	patch_angle: 0.0000000000000000
	angles:  0.000000 0.000000 0.000000
	grand_canonical: 0
	chemical_potential: 0.0000000000000000
box: 42.401549 42.401549
copy: 1.000000 1.000000
epsilon: 0.0416670000000000
end_epsilon: 0.0000000000000000
pressure: 0.0750000000000000
lambda: 0.0000000000000000
lambda_coupling: 1.0000000000000000
uy: 0.0000000000000000
maximum_displacement: 1.0000000000000000
maximum_rotation: 1.0000000000000000
maximum_volume: 1.0000000000000000
maximum_shape: 0.0000001000000000
maximum_dsigma: 0.0100000000000000
mod: 10
pmod: 10
optimize: 1
verbose: 1
snapshot: 0
display: 1
explore: 1
npt: 1
nptxy: 0
nptdxdy: 0
shape: 0
seed: 1303519
-116.067346325711 29.578750341792 0.000000000000 1.000000000000
111.498731986344 174.441017138156 0.000000000000 1.000000000000
-96.334918717301 -111.381611421230 0.866025403784 -0.500000000000
80.877755340240 145.375868641990 0.000000000000 1.000000000000
250.222087902931 -219.825841947340 0.000000000000 1.000000000000
-84.800923558842 -130.426567663976 0.866025403784 0.500000000000
-78.780422458697 -221.217588614978 0.866025403784 -0.500000000000
-59.805387287451 39.319845068176 0.866025403784 -0.500000000000
-95.795794376157 -73.748879171673 0.000000000000 1.000000000000
125.649771567575 29.002145780991 0.866025403784 0.500000000000
-27.369418242494 -369.651866949980 0.866025403784 -0.500000000000
171.562192246715 -97.015482530054 0.866025403784 -0.500000000000
-196.956900698419 132.930482309484 0.866025403784 -0.500000000000
108.358874517319 6.413497880040 0.000000000000 1.000000000000
309.903939090275 -45.216476204802 0.866025403784 -0.500000000000
105.230865217026 -59.534284437522 0.866025403784 -0.500000000000
128.115876715846 154.798282986098 0.866025403784 0.500000000000
-1.082506854925 -73.772277354263 0.000000000000 1.000000000000
125.225258504257 106.079082572672 0.000000000000 1.000000000000
-65.510664956679 -182.263408605291 0.866025403784 -0.500000000000
