#Configurational_file created 2018-09-14 11:35:56  started 2018-09-14 11:35:55 run for 1.0s steps 0
name: p_1102
step: 10000
specie: 20
	particle_diameter: 1.0000000000000000
	interaction_length: 1.2000000000000000
	number_of_patches: 3
	number_of_particles_per_compound: 1
	rod_length: 1.0000000000000000
	interaction_matrix:  1.000000 1.000000 1.000000 1.000000 1.000000 1.000000 1.000000 1.000000 1.000000
	patch_type: symmetric
	patch_width: 8.0000000000000000
	patch_angle: 0.0000000000000000
	angles:  0.000000 0.000000 0.000000
	grand_canonical: 0
	chemical_potential: 0.0000000000000000
box: 28.488748 28.488748
copy: 1.000000 1.000000
epsilon: 0.3958540000000000
end_epsilon: 0.0000000000000000
pressure: 0.0834290000000000
lambda: 0.0000000000000000
lambda_coupling: 1.0000000000000000
uy: 0.0000000000000000
maximum_displacement: 1.0000000000000000
maximum_rotation: 1.0000000000000000
maximum_volume: 1.0000000000000000
maximum_shape: 0.0000001000000000
maximum_dsigma: 0.0100000000000000
mod: 10
pmod: 10
optimize: 1
verbose: 1
snapshot: 0
display: 1
explore: 1
npt: 1
nptxy: 0
nptdxdy: 0
shape: 0
seed: 1255765
182.069922103995 -118.122579026325 0.000000000000 1.000000000000
-93.043004615620 123.002959854425 0.000000000000 1.000000000000
-46.805549313231 -197.156947336412 0.000000000000 1.000000000000
-60.446002498915 76.934355397824 0.866025403784 0.500000000000
-193.760378593993 53.978274046944 0.866025403784 -0.500000000000
70.934578389709 -111.658170099054 0.866025403784 -0.500000000000
-27.026807215674 -113.020558644590 0.866025403784 -0.500000000000
137.545326756920 -161.058873353479 0.866025403784 -0.500000000000
-215.187439321101 -185.075124174928 0.000000000000 1.000000000000
187.883333999276 44.756438221967 0.866025403784 -0.500000000000
-291.646211587836 37.727866063339 0.866025403784 -0.500000000000
0.164435751686 -192.977218299000 0.866025403784 0.500000000000
-109.042696602901 31.060518173637 0.866025403784 0.500000000000
-124.738329240308 86.048668821063 0.866025403784 -0.500000000000
180.445495460398 0.867603078366 0.866025403784 -0.500000000000
133.855458329960 73.985217359826 0.000000000000 1.000000000000
-10.432297531391 79.060605222718 0.000000000000 1.000000000000
205.984817298546 -82.909561249400 0.866025403784 -0.500000000000
87.601196451418 -6.997816129224 0.000000000000 1.000000000000
-74.256935627702 43.227412161907 0.000000000000 1.000000000000
