#Configurational_file created 2018-09-14 13:59:13  started 2018-09-14 13:59:12 run for 1.0s steps 0
name: p_1126
step: 10000
specie: 20
	particle_diameter: 1.0000000000000000
	interaction_length: 1.2000000000000000
	number_of_patches: 3
	number_of_particles_per_compound: 1
	rod_length: 1.0000000000000000
	interaction_matrix:  1.000000 1.000000 1.000000 1.000000 1.000000 1.000000 1.000000 1.000000 1.000000
	patch_type: symmetric
	patch_width: 8.0000000000000000
	patch_angle: 0.0000000000000000
	angles:  0.000000 0.000000 0.000000
	grand_canonical: 0
	chemical_potential: 0.0000000000000000
box: 12.847222 12.847222
copy: 1.000000 1.000000
epsilon: 0.4827590000000000
end_epsilon: 0.0000000000000000
pressure: 0.2586210000000000
lambda: 0.0000000000000000
lambda_coupling: 1.0000000000000000
uy: 0.0000000000000000
maximum_displacement: 1.0000000000000000
maximum_rotation: 1.0000000000000000
maximum_volume: 1.0000000000000000
maximum_shape: 0.0000001000000000
maximum_dsigma: 0.0100000000000000
mod: 10
pmod: 10
optimize: 1
verbose: 1
snapshot: 0
display: 1
explore: 1
npt: 1
nptxy: 0
nptdxdy: 0
shape: 0
seed: 1283053
-64.541069941462 -75.695419246690 0.866025403784 -0.500000000000
-84.796695166316 70.753807046267 0.866025403784 0.500000000000
-121.794668593615 -66.732668122444 0.866025403784 0.500000000000
50.941327597275 55.695244001604 0.866025403784 -0.500000000000
72.824156725569 67.109042546567 0.866025403784 0.500000000000
-56.097767569960 25.674842896106 0.866025403784 0.500000000000
-10.853927508861 122.485698298473 0.000000000000 1.000000000000
41.511192025017 28.077968844623 0.000000000000 1.000000000000
-93.127150553159 90.735181338387 0.866025403784 0.500000000000
193.030826512566 -22.186863030285 0.866025403784 0.500000000000
14.231028682047 -39.532467453443 0.866025403784 -0.500000000000
-2.101057051490 -42.548081472376 0.000000000000 1.000000000000
23.143836550498 55.258116550797 0.866025403784 0.500000000000
71.973068970373 29.234742656554 0.866025403784 -0.500000000000
-47.564799590162 154.101826174107 0.866025403784 -0.500000000000
12.257729510872 46.697872921536 0.866025403784 0.500000000000
-82.549164651402 -39.664224817873 0.000000000000 1.000000000000
60.978514775856 -121.278663111904 0.000000000000 1.000000000000
-107.647699761360 86.152527801647 0.000000000000 1.000000000000
56.719897492940 42.833194328445 0.866025403784 0.500000000000
