#Configurational_file created 2018-09-14 12:03:42  started 2018-09-14 12:03:42 run for 0.0s steps 0
name: p_1137
step: 10000
specie: 20
	particle_diameter: 1.0000000000000000
	interaction_length: 1.2000000000000000
	number_of_patches: 3
	number_of_particles_per_compound: 1
	rod_length: 1.0000000000000000
	interaction_matrix:  1.000000 1.000000 1.000000 1.000000 1.000000 1.000000 1.000000 1.000000 1.000000
	patch_type: symmetric
	patch_width: 8.0000000000000000
	patch_angle: 0.0000000000000000
	angles:  0.000000 0.000000 0.000000
	grand_canonical: 0
	chemical_potential: 0.0000000000000000
box: 45.132338 45.132338
copy: 1.000000 1.000000
epsilon: 0.0416670000000000
end_epsilon: 0.0000000000000000
pressure: 0.0458340000000000
lambda: 0.0000000000000000
lambda_coupling: 1.0000000000000000
uy: 0.0000000000000000
maximum_displacement: 1.0000000000000000
maximum_rotation: 1.0000000000000000
maximum_volume: 1.0000000000000000
maximum_shape: 0.0000001000000000
maximum_dsigma: 0.0100000000000000
mod: 10
pmod: 10
optimize: 1
verbose: 1
snapshot: 0
display: 1
explore: 1
npt: 1
nptxy: 0
nptdxdy: 0
shape: 0
seed: 1295560
-185.974304178228 -61.103019318199 0.000000000000 1.000000000000
-60.669930374909 146.930753044224 0.866025403784 0.500000000000
-8.795273028746 54.417744895174 0.866025403784 0.500000000000
276.706896618396 21.931809559104 0.000000000000 1.000000000000
-263.882868356176 148.425927838302 0.000000000000 1.000000000000
266.617456947402 59.617896631225 0.000000000000 1.000000000000
399.049082847991 105.776093305514 0.866025403784 -0.500000000000
-177.967639673295 91.571350579725 0.000000000000 1.000000000000
113.679693531026 80.779136218288 0.866025403784 0.500000000000
-16.196234194024 -139.904762833324 0.866025403784 -0.500000000000
-86.023579841790 136.396567711512 0.866025403784 0.500000000000
17.253660455273 -137.245222318333 0.000000000000 1.000000000000
-155.257587882408 -340.896307040997 0.866025403784 0.500000000000
519.850288680466 -138.588114305355 0.866025403784 -0.500000000000
20.515169913763 -83.770061668345 0.866025403784 0.500000000000
-11.511569353229 -57.806390929302 0.866025403784 0.500000000000
-243.523242130585 73.983693288540 0.000000000000 1.000000000000
277.454976408311 23.700191999409 0.000000000000 1.000000000000
31.780550369165 72.383924963301 0.866025403784 -0.500000000000
280.930067442642 95.350597317038 0.866025403784 0.500000000000
