#Configurational_file created 2018-09-14 12:03:20  started 2018-09-14 12:03:19 run for 1.0s steps 0
name: p_1106
step: 10000
specie: 20
	particle_diameter: 1.0000000000000000
	interaction_length: 1.2000000000000000
	number_of_patches: 3
	number_of_particles_per_compound: 1
	rod_length: 1.0000000000000000
	interaction_matrix:  1.000000 1.000000 1.000000 1.000000 1.000000 1.000000 1.000000 1.000000 1.000000
	patch_type: symmetric
	patch_width: 8.0000000000000000
	patch_angle: 0.0000000000000000
	angles:  0.000000 0.000000 0.000000
	grand_canonical: 0
	chemical_potential: 0.0000000000000000
box: 45.503836 45.503836
copy: 1.000000 1.000000
epsilon: 0.0395840000000000
end_epsilon: 0.0000000000000000
pressure: 0.0208340000000000
lambda: 0.0000000000000000
lambda_coupling: 1.0000000000000000
uy: 0.0000000000000000
maximum_displacement: 1.0000000000000000
maximum_rotation: 1.0000000000000000
maximum_volume: 1.0000000000000000
maximum_shape: 0.0000001000000000
maximum_dsigma: 0.0100000000000000
mod: 10
pmod: 10
optimize: 1
verbose: 1
snapshot: 0
display: 1
explore: 1
npt: 1
nptxy: 0
nptdxdy: 0
shape: 0
seed: 1260313
170.222063457218 -10.387448762734 0.866025403784 -0.500000000000
154.334152537114 28.877399009569 0.000000000000 1.000000000000
129.089208935257 -1.067449169642 0.866025403784 -0.500000000000
83.304676889315 -134.594710742857 0.000000000000 1.000000000000
176.894138134057 -28.515610545017 0.000000000000 1.000000000000
112.538638606448 -133.631177388871 0.000000000000 1.000000000000
-4.389197313666 259.676679912049 0.000000000000 1.000000000000
85.856633923768 -43.454102332144 0.866025403784 0.500000000000
31.069452298716 151.913897640348 0.866025403784 0.500000000000
-74.094431542622 -146.997514000748 0.000000000000 1.000000000000
105.506282502195 -142.498647384318 0.866025403784 0.500000000000
-178.920053992670 -70.445950431282 0.866025403784 0.500000000000
334.237000042772 -13.111495325285 0.866025403784 -0.500000000000
-44.463015494873 -1.385438837520 0.866025403784 -0.500000000000
-153.512172495375 9.346115081082 0.866025403784 -0.500000000000
-52.878061456176 296.177208928674 0.866025403784 -0.500000000000
300.832023986127 194.899747062473 0.000000000000 1.000000000000
74.868979360363 22.198538411653 0.000000000000 1.000000000000
170.823194053431 -141.093933156624 0.866025403784 0.500000000000
97.144208718439 122.686939424147 0.866025403784 0.500000000000
