#Configurational_file created 2018-09-14 13:59:35  started 2018-09-14 13:59:34 run for 1.0s steps 0
name: p_1156
step: 10000
specie: 20
	particle_diameter: 1.0000000000000000
	interaction_length: 1.2000000000000000
	number_of_patches: 3
	number_of_particles_per_compound: 1
	rod_length: 1.0000000000000000
	interaction_matrix:  1.000000 1.000000 1.000000 1.000000 1.000000 1.000000 1.000000 1.000000 1.000000
	patch_type: symmetric
	patch_width: 8.0000000000000000
	patch_angle: 0.0000000000000000
	angles:  0.000000 0.000000 0.000000
	grand_canonical: 0
	chemical_potential: 0.0000000000000000
box: 11.260231 11.260231
copy: 1.000000 1.000000
epsilon: 0.5517250000000000
end_epsilon: 0.0000000000000000
pressure: 0.2586210000000000
lambda: 0.0000000000000000
lambda_coupling: 1.0000000000000000
uy: 0.0000000000000000
maximum_displacement: 1.0000000000000000
maximum_rotation: 1.0000000000000000
maximum_volume: 1.0000000000000000
maximum_shape: 0.0000001000000000
maximum_dsigma: 0.0100000000000000
mod: 10
pmod: 10
optimize: 1
verbose: 1
snapshot: 0
display: 1
explore: 1
npt: 1
nptxy: 0
nptdxdy: 0
shape: 0
seed: 1317163
-37.464362124834 69.021138959620 0.000000000000 1.000000000000
129.597275660482 -22.385013573577 0.866025403784 -0.500000000000
54.429098085341 0.328353121836 0.000000000000 1.000000000000
22.814974738988 -44.580203829816 0.866025403784 -0.500000000000
-21.522779419106 18.600840555743 0.866025403784 0.500000000000
-85.942036805964 44.825789072103 0.000000000000 1.000000000000
46.046969627522 56.766003322524 0.000000000000 1.000000000000
38.798397976399 -171.826454927066 0.000000000000 1.000000000000
-128.159034318971 -14.344713516737 0.866025403784 -0.500000000000
-94.275863084197 -23.791454872477 0.866025403784 -0.500000000000
15.372378950527 -119.163633358010 0.866025403784 0.500000000000
46.811546326457 -29.814315304176 0.866025403784 0.500000000000
-69.195922198332 170.223924145633 0.000000000000 1.000000000000
128.131609585942 -116.941066461629 0.866025403784 -0.500000000000
58.316459154358 16.621598247078 0.000000000000 1.000000000000
145.490209917304 81.539016774493 0.866025403784 0.500000000000
64.596546212829 73.330316297071 0.866025403784 0.500000000000
34.311826229982 -74.008073174743 0.000000000000 1.000000000000
80.592487295053 91.492371755839 0.000000000000 1.000000000000
-40.856523834103 -120.611194308290 0.000000000000 1.000000000000
