#Configurational_file created 2018-09-14 11:37:02  started 2018-09-14 11:37:02 run for 0.0s steps 0
name: p_1180
step: 10000
specie: 20
	particle_diameter: 1.0000000000000000
	interaction_length: 1.2000000000000000
	number_of_patches: 3
	number_of_particles_per_compound: 1
	rod_length: 1.0000000000000000
	interaction_matrix:  1.000000 1.000000 1.000000 1.000000 1.000000 1.000000 1.000000 1.000000 1.000000
	patch_type: symmetric
	patch_width: 8.0000000000000000
	patch_angle: 0.0000000000000000
	angles:  0.000000 0.000000 0.000000
	grand_canonical: 0
	chemical_potential: 0.0000000000000000
box: 14.511759 14.511759
copy: 1.000000 1.000000
epsilon: 0.4583420000000000
end_epsilon: 0.0000000000000000
pressure: 0.3334170000000000
lambda: 0.0000000000000000
lambda_coupling: 1.0000000000000000
uy: 0.0000000000000000
maximum_displacement: 1.0000000000000000
maximum_rotation: 1.0000000000000000
maximum_volume: 1.0000000000000000
maximum_shape: 0.0000001000000000
maximum_dsigma: 0.0100000000000000
mod: 10
pmod: 10
optimize: 1
verbose: 1
snapshot: 0
display: 1
explore: 1
npt: 1
nptxy: 0
nptdxdy: 0
shape: 0
seed: 1344451
121.502765902268 -107.698400425642 0.866025403784 -0.500000000000
-26.586553928421 -80.553318072975 0.866025403784 -0.500000000000
27.916664619759 -56.079565235711 0.866025403784 -0.500000000000
17.549184209048 101.181189180424 0.866025403784 -0.500000000000
26.944348100121 -210.681966888604 0.866025403784 0.500000000000
66.826647674251 -10.625675389659 0.000000000000 1.000000000000
28.228448683210 91.105039431966 0.866025403784 0.500000000000
135.897054836731 73.079736584570 0.866025403784 -0.500000000000
157.954549794666 87.258133296666 0.866025403784 -0.500000000000
177.629853035135 41.840637218298 0.866025403784 -0.500000000000
175.554780837778 -218.306865249849 0.000000000000 1.000000000000
195.064460496740 5.959470659850 0.866025403784 0.500000000000
-73.989386302696 156.977929551256 0.866025403784 -0.500000000000
-143.967389531957 43.999499176593 0.000000000000 1.000000000000
-66.814413177338 75.480288305155 0.000000000000 1.000000000000
83.321650809357 -64.354152691744 0.866025403784 0.500000000000
104.270456169170 -195.017655157043 0.000000000000 1.000000000000
108.875827846950 26.393521787991 0.866025403784 0.500000000000
-43.349169810075 -128.444973446243 0.866025403784 0.500000000000
95.576799459291 -28.694859823368 0.866025403784 0.500000000000
