#Configurational_file created 2018-09-14 11:35:59  started 2018-09-14 11:35:59 run for 0.0s steps 0
name: p_1107
step: 10000
specie: 20
	particle_diameter: 1.0000000000000000
	interaction_length: 1.2000000000000000
	number_of_patches: 3
	number_of_particles_per_compound: 1
	rod_length: 1.0000000000000000
	interaction_matrix:  1.000000 1.000000 1.000000 1.000000 1.000000 1.000000 1.000000 1.000000 1.000000
	patch_type: symmetric
	patch_width: 8.0000000000000000
	patch_angle: 0.0000000000000000
	angles:  0.000000 0.000000 0.000000
	grand_canonical: 0
	chemical_potential: 0.0000000000000000
box: 11.389220 11.389220
copy: 1.000000 1.000000
epsilon: 0.3958540000000000
end_epsilon: 0.0000000000000000
pressure: 0.5000750000000000
lambda: 0.0000000000000000
lambda_coupling: 1.0000000000000000
uy: 0.0000000000000000
maximum_displacement: 1.0000000000000000
maximum_rotation: 1.0000000000000000
maximum_volume: 1.0000000000000000
maximum_shape: 0.0000001000000000
maximum_dsigma: 0.0100000000000000
mod: 10
pmod: 10
optimize: 1
verbose: 1
snapshot: 0
display: 1
explore: 1
npt: 1
nptxy: 0
nptdxdy: 0
shape: 0
seed: 1261450
108.031502844359 24.107369920165 0.866025403784 -0.500000000000
58.021996123016 77.158160344894 0.866025403784 -0.500000000000
61.953728627021 167.050119713015 0.866025403784 0.500000000000
96.707938838182 119.504243825610 0.866025403784 -0.500000000000
-130.140255913204 -17.025311205354 0.000000000000 1.000000000000
106.819457087157 39.730891293039 0.866025403784 -0.500000000000
-8.076631418994 -61.765663100242 0.866025403784 -0.500000000000
-194.784620664991 -37.574123112608 0.866025403784 0.500000000000
-71.210774180419 37.134106574683 0.866025403784 0.500000000000
54.289422363216 -83.929016910408 0.000000000000 1.000000000000
49.199999900565 -7.719163371792 0.866025403784 0.500000000000
-47.063316235589 141.408031932103 0.866025403784 -0.500000000000
101.640212551769 91.574904162010 0.000000000000 1.000000000000
-7.193350648352 113.184774517955 0.000000000000 1.000000000000
50.394381317957 54.168299082633 0.866025403784 -0.500000000000
81.309295025622 -60.977423320283 0.866025403784 0.500000000000
-43.551053787810 -102.635001799425 0.866025403784 -0.500000000000
-118.268861718324 47.104528729375 0.866025403784 0.500000000000
-34.070128063396 112.635836531737 0.866025403784 -0.500000000000
97.485754290191 284.425234728520 0.000000000000 1.000000000000
