#Configurational_file created 2018-09-14 11:36:30  started 2018-09-14 11:36:29 run for 1.0s steps 0
name: p_1143
step: 10000
specie: 20
	particle_diameter: 1.0000000000000000
	interaction_length: 1.2000000000000000
	number_of_patches: 3
	number_of_particles_per_compound: 1
	rod_length: 1.0000000000000000
	interaction_matrix:  1.000000 1.000000 1.000000 1.000000 1.000000 1.000000 1.000000 1.000000 1.000000
	patch_type: symmetric
	patch_width: 8.0000000000000000
	patch_angle: 0.0000000000000000
	angles:  0.000000 0.000000 0.000000
	grand_canonical: 0
	chemical_potential: 0.0000000000000000
box: 7.325075 7.325075
copy: 1.000000 1.000000
epsilon: 0.4166830000000000
end_epsilon: 0.0000000000000000
pressure: 1.4166960000000000
lambda: 0.0000000000000000
lambda_coupling: 1.0000000000000000
uy: 0.0000000000000000
maximum_displacement: 1.0000000000000000
maximum_rotation: 1.0000000000000000
maximum_volume: 0.3981745253555479
maximum_shape: 0.0000001000000000
maximum_dsigma: 0.0100000000000000
mod: 10
pmod: 10
optimize: 1
verbose: 1
snapshot: 0
display: 1
explore: 1
npt: 1
nptxy: 0
nptdxdy: 0
shape: 0
seed: 1302382
68.231390739153 -1.679336988141 0.866025403784 -0.500000000000
108.036656002813 18.884177272142 0.866025403784 0.500000000000
-45.285771070854 -35.978203304379 0.866025403784 -0.500000000000
-32.382262886731 -51.200834296144 0.000000000000 1.000000000000
-41.863982895448 -63.357327246589 0.000000000000 1.000000000000
-59.134167548038 11.890327631878 0.866025403784 0.500000000000
44.435978490038 -51.987102740526 0.000000000000 1.000000000000
68.319374509987 25.889385000740 0.866025403784 -0.500000000000
-81.153308466133 71.620050799033 0.866025403784 -0.500000000000
59.057169439281 -40.197325496839 0.866025403784 -0.500000000000
-57.533090750904 40.012636083712 0.000000000000 1.000000000000
42.041822031534 43.811040513155 0.000000000000 1.000000000000
-19.838618527555 -58.643162905333 0.866025403784 -0.500000000000
39.312599155660 44.116124735424 0.000000000000 1.000000000000
20.757310989894 -18.992005421865 0.866025403784 0.500000000000
69.114042721364 70.894333717804 0.000000000000 1.000000000000
-77.456793923794 -12.480410221692 0.000000000000 1.000000000000
-42.628281368971 -2.249730578864 0.866025403784 0.500000000000
14.787021078935 103.627516192767 0.866025403784 0.500000000000
43.527298842590 -19.710087727090 0.866025403784 0.500000000000
