#Configurational_file created 2018-09-14 11:35:56  started 2018-09-14 11:35:56 run for 0.0s steps 0
name: p_1103
step: 10000
specie: 20
	particle_diameter: 1.0000000000000000
	interaction_length: 1.2000000000000000
	number_of_patches: 3
	number_of_particles_per_compound: 1
	rod_length: 1.0000000000000000
	interaction_matrix:  1.000000 1.000000 1.000000 1.000000 1.000000 1.000000 1.000000 1.000000 1.000000
	patch_type: symmetric
	patch_width: 8.0000000000000000
	patch_angle: 0.0000000000000000
	angles:  0.000000 0.000000 0.000000
	grand_canonical: 0
	chemical_potential: 0.0000000000000000
box: 19.395413 19.395413
copy: 1.000000 1.000000
epsilon: 0.3958540000000000
end_epsilon: 0.0000000000000000
pressure: 0.1667580000000000
lambda: 0.0000000000000000
lambda_coupling: 1.0000000000000000
uy: 0.0000000000000000
maximum_displacement: 1.0000000000000000
maximum_rotation: 1.0000000000000000
maximum_volume: 1.0000000000000000
maximum_shape: 0.0000001000000000
maximum_dsigma: 0.0100000000000000
mod: 10
pmod: 10
optimize: 1
verbose: 1
snapshot: 0
display: 1
explore: 1
npt: 1
nptxy: 0
nptdxdy: 0
shape: 0
seed: 1256902
78.905454162675 -108.769792748022 0.866025403784 0.500000000000
154.880807863661 178.293277300784 0.866025403784 0.500000000000
-92.250882689566 -134.738202203441 0.000000000000 1.000000000000
-53.809543659361 140.836971226231 0.000000000000 1.000000000000
2.953999928831 129.569760494336 0.866025403784 0.500000000000
-14.297670190460 16.424281251207 0.000000000000 1.000000000000
52.061227571050 19.005576598363 0.866025403784 -0.500000000000
158.032664316150 60.118016479870 0.000000000000 1.000000000000
84.345189806438 47.249926934577 0.866025403784 -0.500000000000
-70.999182602460 -121.170624405629 0.000000000000 1.000000000000
70.617636141937 69.011687389887 0.000000000000 1.000000000000
-57.943390535122 89.643022606400 0.000000000000 1.000000000000
39.506566867202 -16.454535526291 0.866025403784 -0.500000000000
147.539815339771 24.537680849524 0.866025403784 0.500000000000
65.653447188546 -67.469353656809 0.866025403784 -0.500000000000
204.893723874767 35.833892997360 0.866025403784 0.500000000000
175.037615423187 -146.234977910374 0.866025403784 -0.500000000000
-128.829590053880 135.710910273265 0.866025403784 -0.500000000000
34.921037511483 13.763464260596 0.866025403784 0.500000000000
205.713406339924 -257.984711752185 0.866025403784 0.500000000000
