#Configurational_file created 2018-09-14 11:36:57  started 2018-09-14 11:36:56 run for 1.0s steps 0
name: p_1173
step: 10000
specie: 20
	particle_diameter: 1.0000000000000000
	interaction_length: 1.2000000000000000
	number_of_patches: 3
	number_of_particles_per_compound: 1
	rod_length: 1.0000000000000000
	interaction_matrix:  1.000000 1.000000 1.000000 1.000000 1.000000 1.000000 1.000000 1.000000 1.000000
	patch_type: symmetric
	patch_width: 8.0000000000000000
	patch_angle: 0.0000000000000000
	angles:  0.000000 0.000000 0.000000
	grand_canonical: 0
	chemical_potential: 0.0000000000000000
box: 6.716877 6.716877
copy: 1.000000 1.000000
epsilon: 0.4375120000000000
end_epsilon: 0.0000000000000000
pressure: 1.8333420000000000
lambda: 0.0000000000000000
lambda_coupling: 1.0000000000000000
uy: 0.0000000000000000
maximum_displacement: 1.0000000000000000
maximum_rotation: 1.0000000000000000
maximum_volume: 0.4397416897958313
maximum_shape: 0.0000001000000000
maximum_dsigma: 0.0100000000000000
mod: 10
pmod: 10
optimize: 1
verbose: 1
snapshot: 0
display: 1
explore: 1
npt: 1
nptxy: 0
nptdxdy: 0
shape: 0
seed: 1336492
-28.025272189352 -8.632726536132 0.866025403784 0.500000000000
-34.295255656319 -60.545215278378 0.866025403784 -0.500000000000
63.597383643795 -19.761897722091 0.866025403784 -0.500000000000
37.405185222023 -38.488567317623 0.000000000000 1.000000000000
-132.880563431926 48.099879909786 0.000000000000 1.000000000000
43.863702550289 -13.495194172785 0.866025403784 0.500000000000
-0.503809455851 50.446181424528 0.866025403784 -0.500000000000
-28.793809203976 -0.333220024591 0.000000000000 1.000000000000
-74.748079729994 23.311680160717 0.000000000000 1.000000000000
-39.102334442639 24.739182825792 0.866025403784 -0.500000000000
23.323990652037 68.813602960560 0.866025403784 -0.500000000000
-32.214937249296 12.627405830650 0.866025403784 -0.500000000000
21.577557498703 24.272509170024 0.000000000000 1.000000000000
77.423745301386 11.559659387755 0.866025403784 0.500000000000
-64.942483785151 -67.743787398811 0.000000000000 1.000000000000
-23.220092301913 -3.837017500697 0.000000000000 1.000000000000
-33.761949424323 -38.502701794606 0.000000000000 1.000000000000
144.272178134861 -50.098155062496 0.866025403784 0.500000000000
-5.055083380742 1.633278058480 0.866025403784 -0.500000000000
84.978669464006 -23.195827176290 0.866025403784 0.500000000000
