#Configurational_file created 2018-09-14 12:04:06  started 2018-09-14 12:04:05 run for 1.0s steps 0
name: p_1169
step: 10000
specie: 20
	particle_diameter: 1.0000000000000000
	interaction_length: 1.2000000000000000
	number_of_patches: 3
	number_of_particles_per_compound: 1
	rod_length: 1.0000000000000000
	interaction_matrix:  1.000000 1.000000 1.000000 1.000000 1.000000 1.000000 1.000000 1.000000 1.000000
	patch_type: symmetric
	patch_width: 8.0000000000000000
	patch_angle: 0.0000000000000000
	angles:  0.000000 0.000000 0.000000
	grand_canonical: 0
	chemical_potential: 0.0000000000000000
box: 50.542087 50.542087
copy: 1.000000 1.000000
epsilon: 0.0437500000000000
end_epsilon: 0.0000000000000000
pressure: 0.0750000000000000
lambda: 0.0000000000000000
lambda_coupling: 1.0000000000000000
uy: 0.0000000000000000
maximum_displacement: 1.0000000000000000
maximum_rotation: 1.0000000000000000
maximum_volume: 1.0000000000000000
maximum_shape: 0.0000001000000000
maximum_dsigma: 0.0100000000000000
mod: 10
pmod: 10
optimize: 1
verbose: 1
snapshot: 0
display: 1
explore: 1
npt: 1
nptxy: 0
nptdxdy: 0
shape: 0
seed: 1331944
255.141319806904 63.196672630549 0.866025403784 0.500000000000
98.433743257145 254.532937440687 0.000000000000 1.000000000000
-186.871766456518 -173.671343026652 0.000000000000 1.000000000000
-35.975171408043 -166.598620458484 0.866025403784 0.500000000000
12.033955489207 66.543894316269 0.866025403784 -0.500000000000
30.062717868629 -119.507410489297 0.866025403784 0.500000000000
-113.828448716241 321.398231044454 0.000000000000 1.000000000000
-61.956933751682 41.463986151513 0.866025403784 0.500000000000
150.270664887023 -189.936873938970 0.866025403784 -0.500000000000
281.077136340161 -101.419981672059 0.866025403784 -0.500000000000
57.002672261177 47.926265550778 0.000000000000 1.000000000000
132.974406418481 67.470515422450 0.866025403784 0.500000000000
112.918044813403 -89.095302844281 0.866025403784 0.500000000000
-9.306233772585 332.758566908982 0.866025403784 0.500000000000
-188.946075937781 114.553593663939 0.866025403784 0.500000000000
-198.892499792169 175.645409578924 0.866025403784 -0.500000000000
71.658313356613 170.381400415302 0.866025403784 0.500000000000
208.215892729923 134.586838256639 0.866025403784 0.500000000000
-167.227334447856 -209.836710129214 0.866025403784 -0.500000000000
-57.374538011218 -93.477220418336 0.866025403784 -0.500000000000
