#Configurational_file created 2018-09-14 13:59:48  started 2018-09-14 13:59:47 run for 1.0s steps 0
name: p_1173
step: 10000
specie: 20
	particle_diameter: 1.0000000000000000
	interaction_length: 1.2000000000000000
	number_of_patches: 3
	number_of_particles_per_compound: 1
	rod_length: 1.0000000000000000
	interaction_matrix:  1.000000 1.000000 1.000000 1.000000 1.000000 1.000000 1.000000 1.000000 1.000000
	patch_type: symmetric
	patch_width: 8.0000000000000000
	patch_angle: 0.0000000000000000
	angles:  0.000000 0.000000 0.000000
	grand_canonical: 0
	chemical_potential: 0.0000000000000000
box: 28.972042 28.972042
copy: 1.000000 1.000000
epsilon: 0.6206900000000000
end_epsilon: 0.0000000000000000
pressure: 0.0344840000000000
lambda: 0.0000000000000000
lambda_coupling: 1.0000000000000000
uy: 0.0000000000000000
maximum_displacement: 1.0000000000000000
maximum_rotation: 1.0000000000000000
maximum_volume: 1.0000000000000000
maximum_shape: 0.0000001000000000
maximum_dsigma: 0.0100000000000000
mod: 10
pmod: 10
optimize: 1
verbose: 1
snapshot: 0
display: 1
explore: 1
npt: 1
nptxy: 0
nptdxdy: 0
shape: 0
seed: 1336492
-89.102574786196 142.174780724205 0.866025403784 0.500000000000
189.228465889961 -75.225589404365 0.866025403784 0.500000000000
109.902827745485 -71.759842587699 0.866025403784 0.500000000000
17.494300103880 37.051879620324 0.866025403784 0.500000000000
-142.131404055358 99.228029636623 0.866025403784 -0.500000000000
-94.875422858809 -86.786749408321 0.866025403784 0.500000000000
181.292004232634 100.455751215501 0.000000000000 1.000000000000
47.983129495124 127.396194292042 0.866025403784 0.500000000000
-23.450459141058 155.553533221268 0.000000000000 1.000000000000
262.849265287276 -257.528928699194 0.000000000000 1.000000000000
-37.169675913452 10.811692714013 0.000000000000 1.000000000000
-207.627937809736 -32.325849563513 0.866025403784 0.500000000000
28.047907466079 23.747501385875 0.866025403784 -0.500000000000
114.367172039744 80.862959273580 0.866025403784 -0.500000000000
-43.539035555483 168.389576957388 0.000000000000 1.000000000000
275.143600391670 113.619347832463 0.866025403784 -0.500000000000
31.149404429534 -28.269001987155 0.866025403784 0.500000000000
-89.450575145779 -70.940184227273 0.000000000000 1.000000000000
-146.684516065402 3.177705510664 0.866025403784 0.500000000000
85.049957320856 -26.565669705606 0.000000000000 1.000000000000
