#Configurational_file created 2018-09-14 13:59:20  started 2018-09-14 13:59:20 run for 0.0s steps 0
name: p_1136
step: 10000
specie: 20
	particle_diameter: 1.0000000000000000
	interaction_length: 1.2000000000000000
	number_of_patches: 3
	number_of_particles_per_compound: 1
	rod_length: 1.0000000000000000
	interaction_matrix:  1.000000 1.000000 1.000000 1.000000 1.000000 1.000000 1.000000 1.000000 1.000000
	patch_type: symmetric
	patch_width: 8.0000000000000000
	patch_angle: 0.0000000000000000
	angles:  0.000000 0.000000 0.000000
	grand_canonical: 0
	chemical_potential: 0.0000000000000000
box: 11.107229 11.107229
copy: 1.000000 1.000000
epsilon: 0.4827590000000000
end_epsilon: 0.0000000000000000
pressure: 0.4310350000000000
lambda: 0.0000000000000000
lambda_coupling: 1.0000000000000000
uy: 0.0000000000000000
maximum_displacement: 1.0000000000000000
maximum_rotation: 1.0000000000000000
maximum_volume: 1.0000000000000000
maximum_shape: 0.0000001000000000
maximum_dsigma: 0.0100000000000000
mod: 10
pmod: 10
optimize: 1
verbose: 1
snapshot: 0
display: 1
explore: 1
npt: 1
nptxy: 0
nptdxdy: 0
shape: 0
seed: 1294423
-102.409460250846 57.101850979421 0.000000000000 1.000000000000
18.606188806715 -104.684635889652 0.866025403784 -0.500000000000
105.693646643521 48.370616315756 0.866025403784 -0.500000000000
44.128354753809 -78.833435245534 0.866025403784 -0.500000000000
-220.361519278619 -14.770599924924 0.866025403784 0.500000000000
-41.867265171666 -62.114803363267 0.866025403784 -0.500000000000
65.812405959397 3.762790063119 0.866025403784 -0.500000000000
22.766391031893 -101.259687541317 0.000000000000 1.000000000000
53.884757426790 96.128750430370 0.000000000000 1.000000000000
-228.660403113068 -61.057939716458 0.000000000000 1.000000000000
113.301867399630 -97.910510879120 0.000000000000 1.000000000000
-191.722694083891 50.429106426375 0.000000000000 1.000000000000
-47.361080996077 9.048721373218 0.000000000000 1.000000000000
-46.997392016171 -19.850037289193 0.866025403784 0.500000000000
16.225587799194 -24.132731063358 0.866025403784 0.500000000000
84.521656697736 -67.013432606353 0.000000000000 1.000000000000
118.052282191076 170.986516639918 0.000000000000 1.000000000000
4.457731119315 -55.512310824795 0.000000000000 1.000000000000
-172.951421459099 -63.208895936543 0.866025403784 0.500000000000
-61.467907670624 2.492976125129 0.000000000000 1.000000000000
