#Configurational_file created 2018-09-14 12:03:21  started 2018-09-14 12:03:21 run for 0.0s steps 0
name: p_1108
step: 10000
specie: 20
	particle_diameter: 1.0000000000000000
	interaction_length: 1.2000000000000000
	number_of_patches: 3
	number_of_particles_per_compound: 1
	rod_length: 1.0000000000000000
	interaction_matrix:  1.000000 1.000000 1.000000 1.000000 1.000000 1.000000 1.000000 1.000000 1.000000
	patch_type: symmetric
	patch_width: 8.0000000000000000
	patch_angle: 0.0000000000000000
	angles:  0.000000 0.000000 0.000000
	grand_canonical: 0
	chemical_potential: 0.0000000000000000
box: 47.451363 47.451363
copy: 1.000000 1.000000
epsilon: 0.0395840000000000
end_epsilon: 0.0000000000000000
pressure: 0.0291670000000000
lambda: 0.0000000000000000
lambda_coupling: 1.0000000000000000
uy: 0.0000000000000000
maximum_displacement: 1.0000000000000000
maximum_rotation: 1.0000000000000000
maximum_volume: 1.0000000000000000
maximum_shape: 0.0000001000000000
maximum_dsigma: 0.0100000000000000
mod: 10
pmod: 10
optimize: 1
verbose: 1
snapshot: 0
display: 1
explore: 1
npt: 1
nptxy: 0
nptdxdy: 0
shape: 0
seed: 1262587
31.505360567640 200.625106673933 0.866025403784 -0.500000000000
400.744702686321 -171.688615474211 0.866025403784 0.500000000000
-101.234258860044 -83.662543358907 0.866025403784 -0.500000000000
25.034085320143 81.706687160629 0.866025403784 0.500000000000
162.290637966430 -206.571129463664 0.000000000000 1.000000000000
301.756194209686 159.443322441233 0.866025403784 0.500000000000
422.158546070954 -36.966609847118 0.866025403784 0.500000000000
-264.737186318276 -3.802303085501 0.866025403784 -0.500000000000
58.088486071094 -217.664361395397 0.866025403784 0.500000000000
104.518984617976 -155.709822868456 0.866025403784 0.500000000000
-39.900082084308 -60.095048381910 0.866025403784 0.500000000000
219.107340749780 121.161616697217 0.000000000000 1.000000000000
-343.482101450257 333.996829797597 0.866025403784 -0.500000000000
106.907935952704 2.167973045340 0.000000000000 1.000000000000
115.437400166601 336.247425949484 0.866025403784 -0.500000000000
32.183468768736 425.531822273130 0.866025403784 -0.500000000000
-137.424502535148 -119.724563769213 0.000000000000 1.000000000000
328.021082362142 -305.004286452223 0.866025403784 -0.500000000000
56.972614581557 137.572931610168 0.866025403784 -0.500000000000
-15.486692284882 -138.150744798033 0.000000000000 1.000000000000
