#Configurational_file created 2018-09-14 11:36:35  started 2018-09-14 11:36:34 run for 1.0s steps 0
name: p_1148
step: 10000
specie: 20
	particle_diameter: 1.0000000000000000
	interaction_length: 1.2000000000000000
	number_of_patches: 3
	number_of_particles_per_compound: 1
	rod_length: 1.0000000000000000
	interaction_matrix:  1.000000 1.000000 1.000000 1.000000 1.000000 1.000000 1.000000 1.000000 1.000000
	patch_type: symmetric
	patch_width: 8.0000000000000000
	patch_angle: 0.0000000000000000
	angles:  0.000000 0.000000 0.000000
	grand_canonical: 0
	chemical_potential: 0.0000000000000000
box: 6.870098 6.870098
copy: 1.000000 1.000000
epsilon: 0.4166830000000000
end_epsilon: 0.0000000000000000
pressure: 1.8333420000000000
lambda: 0.0000000000000000
lambda_coupling: 1.0000000000000000
uy: 0.0000000000000000
maximum_displacement: 1.0000000000000000
maximum_rotation: 1.0000000000000000
maximum_volume: 0.4522495571716658
maximum_shape: 0.0000001000000000
maximum_dsigma: 0.0100000000000000
mod: 10
pmod: 10
optimize: 1
verbose: 1
snapshot: 0
display: 1
explore: 1
npt: 1
nptxy: 0
nptdxdy: 0
shape: 0
seed: 1308067
81.297321916471 74.882345704151 0.000000000000 1.000000000000
117.760580063559 37.835352380495 0.866025403784 -0.500000000000
-3.720797439111 -73.420009750533 0.000000000000 1.000000000000
-109.633456799890 51.170484071987 0.000000000000 1.000000000000
0.092750952805 -0.651351016547 0.866025403784 -0.500000000000
-25.085837456817 -22.544561027292 0.866025403784 0.500000000000
-14.206036264582 22.427822192205 0.866025403784 -0.500000000000
-8.308964178192 59.895201648672 0.866025403784 0.500000000000
10.292637837123 -54.119220159131 0.000000000000 1.000000000000
15.866126534872 -82.738200527936 0.866025403784 -0.500000000000
-84.345127179816 75.083805694499 0.866025403784 -0.500000000000
-23.131533800333 153.849663185501 0.866025403784 0.500000000000
29.236341826579 11.040051425040 0.000000000000 1.000000000000
17.734571575931 -15.630192811846 0.000000000000 1.000000000000
-4.076507118531 26.306067490742 0.866025403784 -0.500000000000
48.769968341515 -46.902770567586 0.866025403784 -0.500000000000
-17.123340607924 -8.933484143723 0.866025403784 -0.500000000000
8.534136991278 125.640033922914 0.866025403784 -0.500000000000
81.810402473930 -74.373244017710 0.000000000000 1.000000000000
-5.935458587961 -91.544983674297 0.866025403784 -0.500000000000
