#Configurational_file created 2018-09-14 12:04:06  started 2018-09-14 12:04:06 run for 0.0s steps 0
name: p_1170
step: 10000
specie: 20
	particle_diameter: 1.0000000000000000
	interaction_length: 1.2000000000000000
	number_of_patches: 3
	number_of_particles_per_compound: 1
	rod_length: 1.0000000000000000
	interaction_matrix:  1.000000 1.000000 1.000000 1.000000 1.000000 1.000000 1.000000 1.000000 1.000000
	patch_type: symmetric
	patch_width: 8.0000000000000000
	patch_angle: 0.0000000000000000
	angles:  0.000000 0.000000 0.000000
	grand_canonical: 0
	chemical_potential: 0.0000000000000000
box: 51.408184 51.408184
copy: 1.000000 1.000000
epsilon: 0.0437500000000000
end_epsilon: 0.0000000000000000
pressure: 0.0791670000000000
lambda: 0.0000000000000000
lambda_coupling: 1.0000000000000000
uy: 0.0000000000000000
maximum_displacement: 1.0000000000000000
maximum_rotation: 1.0000000000000000
maximum_volume: 1.0000000000000000
maximum_shape: 0.0000001000000000
maximum_dsigma: 0.0100000000000000
mod: 10
pmod: 10
optimize: 1
verbose: 1
snapshot: 0
display: 1
explore: 1
npt: 1
nptxy: 0
nptdxdy: 0
shape: 0
seed: 1333081
-30.750550056812 143.194366906469 0.000000000000 1.000000000000
1.982043316922 228.565632708123 0.000000000000 1.000000000000
-176.073623870026 177.916167949644 0.866025403784 -0.500000000000
199.617153791523 114.368596693342 0.000000000000 1.000000000000
19.956509442719 278.741763621585 0.866025403784 -0.500000000000
46.794880092727 -259.091935129790 0.866025403784 -0.500000000000
-109.239399289300 -14.343949155694 0.000000000000 1.000000000000
368.882261320407 85.396991426737 0.866025403784 0.500000000000
53.213361672157 226.925747140623 0.866025403784 -0.500000000000
114.859434199431 39.455922972964 0.866025403784 0.500000000000
71.348990046152 -250.265994474169 0.866025403784 -0.500000000000
-209.903558603570 -279.818190903998 0.866025403784 0.500000000000
-62.774078672351 -53.371990560303 0.000000000000 1.000000000000
182.082596802933 19.946238851406 0.000000000000 1.000000000000
62.756835424445 -48.592278553742 0.866025403784 -0.500000000000
129.379040397381 16.110150613333 0.866025403784 -0.500000000000
-242.650497250822 -18.427352433859 0.000000000000 1.000000000000
189.661283008151 -207.414563659512 0.866025403784 -0.500000000000
-51.221537990743 -74.765249808735 0.866025403784 0.500000000000
150.862175625388 -113.230507456880 0.866025403784 0.500000000000
