#Configurational_file created 2018-09-14 12:03:25  started 2018-09-14 12:03:24 run for 1.0s steps 0
name: p_1113
step: 10000
specie: 20
	particle_diameter: 1.0000000000000000
	interaction_length: 1.2000000000000000
	number_of_patches: 3
	number_of_particles_per_compound: 1
	rod_length: 1.0000000000000000
	interaction_matrix:  1.000000 1.000000 1.000000 1.000000 1.000000 1.000000 1.000000 1.000000 1.000000
	patch_type: symmetric
	patch_width: 8.0000000000000000
	patch_angle: 0.0000000000000000
	angles:  0.000000 0.000000 0.000000
	grand_canonical: 0
	chemical_potential: 0.0000000000000000
box: 48.243358 48.243358
copy: 1.000000 1.000000
epsilon: 0.0395840000000000
end_epsilon: 0.0000000000000000
pressure: 0.0500010000000000
lambda: 0.0000000000000000
lambda_coupling: 1.0000000000000000
uy: 0.0000000000000000
maximum_displacement: 1.0000000000000000
maximum_rotation: 1.0000000000000000
maximum_volume: 1.0000000000000000
maximum_shape: 0.0000001000000000
maximum_dsigma: 0.0100000000000000
mod: 10
pmod: 10
optimize: 1
verbose: 1
snapshot: 0
display: 1
explore: 1
npt: 1
nptxy: 0
nptdxdy: 0
shape: 0
seed: 1268272
-43.185356226430 -5.592013514317 0.866025403784 0.500000000000
-22.422970817036 55.479201863775 0.866025403784 0.500000000000
-331.895749548496 -113.991898674569 0.000000000000 1.000000000000
412.485030597137 268.196764036886 0.000000000000 1.000000000000
-39.751277301132 12.501120281639 0.866025403784 -0.500000000000
8.745607313584 -299.745513583059 0.000000000000 1.000000000000
95.132306305459 66.643596380475 0.866025403784 -0.500000000000
-39.288269172691 -220.539206167018 0.866025403784 -0.500000000000
14.512044415088 277.666973332361 0.000000000000 1.000000000000
-107.477699510616 133.013410835793 0.866025403784 0.500000000000
-57.015899183680 -283.919959070385 0.000000000000 1.000000000000
104.984082599152 187.074782130767 0.866025403784 0.500000000000
-200.286290078908 215.319746961515 0.866025403784 -0.500000000000
405.915062301845 -186.460282432544 0.000000000000 1.000000000000
97.187296077565 281.606438115989 0.866025403784 -0.500000000000
98.011573348469 131.011299229095 0.000000000000 1.000000000000
-58.488405660489 -172.576514506180 0.866025403784 -0.500000000000
53.654788660086 123.544229160402 0.866025403784 -0.500000000000
-70.980509217858 -62.499381746630 0.000000000000 1.000000000000
169.440824564483 -125.399286708505 0.866025403784 -0.500000000000
