#Configurational_file created 2018-09-14 11:36:24  started 2018-09-14 11:36:23 run for 1.0s steps 0
name: p_1136
step: 10000
specie: 20
	particle_diameter: 1.0000000000000000
	interaction_length: 1.2000000000000000
	number_of_patches: 3
	number_of_particles_per_compound: 1
	rod_length: 1.0000000000000000
	interaction_matrix:  1.000000 1.000000 1.000000 1.000000 1.000000 1.000000 1.000000 1.000000 1.000000
	patch_type: symmetric
	patch_width: 8.0000000000000000
	patch_angle: 0.0000000000000000
	angles:  0.000000 0.000000 0.000000
	grand_canonical: 0
	chemical_potential: 0.0000000000000000
box: 9.422419 9.422419
copy: 1.000000 1.000000
epsilon: 0.4166830000000000
end_epsilon: 0.0000000000000000
pressure: 0.8333920000000000
lambda: 0.0000000000000000
lambda_coupling: 1.0000000000000000
uy: 0.0000000000000000
maximum_displacement: 1.0000000000000000
maximum_rotation: 1.0000000000000000
maximum_volume: 1.0000000000000000
maximum_shape: 0.0000001000000000
maximum_dsigma: 0.0100000000000000
mod: 10
pmod: 10
optimize: 1
verbose: 1
snapshot: 0
display: 1
explore: 1
npt: 1
nptxy: 0
nptdxdy: 0
shape: 0
seed: 1294423
-126.791047403149 -160.674146434204 0.866025403784 0.500000000000
-104.910694018190 24.799854123225 0.000000000000 1.000000000000
-3.222628386302 -58.888845254442 0.000000000000 1.000000000000
-48.379141534758 -108.769251948421 0.000000000000 1.000000000000
-59.647403824515 -55.928535657803 0.866025403784 0.500000000000
-70.675883514973 80.757271362808 0.866025403784 -0.500000000000
-121.898730917161 -94.965523076374 0.866025403784 -0.500000000000
-61.102032159963 -44.372867412703 0.866025403784 0.500000000000
49.129004923396 -8.443171660972 0.866025403784 0.500000000000
-43.532458173767 -2.808534805926 0.866025403784 -0.500000000000
-45.930980278604 8.999151621561 0.000000000000 1.000000000000
-77.243692702624 -15.581649376307 0.866025403784 0.500000000000
-2.567553781671 -4.209548348196 0.866025403784 -0.500000000000
-55.796572055628 -48.777056405011 0.866025403784 0.500000000000
59.618931369148 11.392122595127 0.866025403784 -0.500000000000
-77.936814907556 -10.564282937902 0.866025403784 0.500000000000
-155.624698996166 67.580871234631 0.000000000000 1.000000000000
25.411827993235 -24.237719759489 0.866025403784 0.500000000000
-148.071228021887 -36.634134922180 0.000000000000 1.000000000000
81.184765772045 -136.028404647660 0.866025403784 -0.500000000000
