#Configurational_file created 2018-09-14 12:04:21  started 2018-09-14 12:04:20 run for 1.0s steps 0
name: p_1190
step: 10000
specie: 20
	particle_diameter: 1.0000000000000000
	interaction_length: 1.2000000000000000
	number_of_patches: 3
	number_of_particles_per_compound: 1
	rod_length: 1.0000000000000000
	interaction_matrix:  1.000000 1.000000 1.000000 1.000000 1.000000 1.000000 1.000000 1.000000 1.000000
	patch_type: symmetric
	patch_width: 8.0000000000000000
	patch_angle: 0.0000000000000000
	angles:  0.000000 0.000000 0.000000
	grand_canonical: 0
	chemical_potential: 0.0000000000000000
box: 48.165828 48.165828
copy: 1.000000 1.000000
epsilon: 0.0458330000000000
end_epsilon: 0.0000000000000000
pressure: 0.0583340000000000
lambda: 0.0000000000000000
lambda_coupling: 1.0000000000000000
uy: 0.0000000000000000
maximum_displacement: 1.0000000000000000
maximum_rotation: 1.0000000000000000
maximum_volume: 1.0000000000000000
maximum_shape: 0.0000001000000000
maximum_dsigma: 0.0100000000000000
mod: 10
pmod: 10
optimize: 1
verbose: 1
snapshot: 0
display: 1
explore: 1
npt: 1
nptxy: 0
nptdxdy: 0
shape: 0
seed: 1355821
-129.646086641642 -8.723345715939 0.000000000000 1.000000000000
-63.598875754289 -44.555278087629 0.866025403784 -0.500000000000
-15.665414551540 83.715698808813 0.000000000000 1.000000000000
-22.252327796529 -125.194137214274 0.866025403784 -0.500000000000
38.681750684624 73.450343351001 0.866025403784 -0.500000000000
-250.439950478746 212.395321843635 0.866025403784 -0.500000000000
352.374770945554 133.116707603573 0.000000000000 1.000000000000
137.961153865846 -51.872579343389 0.000000000000 1.000000000000
81.929544463178 194.400266805926 0.866025403784 -0.500000000000
-164.132503206823 210.622582795157 0.866025403784 0.500000000000
215.215234154980 -63.209427018263 0.866025403784 -0.500000000000
118.735817575983 206.303074796828 0.866025403784 0.500000000000
-102.101055663438 -234.400995837771 0.866025403784 0.500000000000
-221.642212946145 51.553834834539 0.866025403784 0.500000000000
186.080670777942 88.860295581550 0.000000000000 1.000000000000
164.841614522401 -85.142956524282 0.000000000000 1.000000000000
35.887901314242 37.964605882899 0.866025403784 0.500000000000
-1.584822825708 117.350863741541 0.866025403784 -0.500000000000
60.413623940174 195.193982470292 0.000000000000 1.000000000000
-16.158368828834 84.009763704964 0.866025403784 0.500000000000
