#Configurational_file created 2018-09-14 13:59:24  started 2018-09-14 13:59:23 run for 1.0s steps 0
name: p_1140
step: 10000
specie: 20
	particle_diameter: 1.0000000000000000
	interaction_length: 1.2000000000000000
	number_of_patches: 3
	number_of_particles_per_compound: 1
	rod_length: 1.0000000000000000
	interaction_matrix:  1.000000 1.000000 1.000000 1.000000 1.000000 1.000000 1.000000 1.000000 1.000000
	patch_type: symmetric
	patch_width: 8.0000000000000000
	patch_angle: 0.0000000000000000
	angles:  0.000000 0.000000 0.000000
	grand_canonical: 0
	chemical_potential: 0.0000000000000000
box: 10.433687 10.433687
copy: 1.000000 1.000000
epsilon: 0.4827590000000000
end_epsilon: 0.0000000000000000
pressure: 0.5000000000000000
lambda: 0.0000000000000000
lambda_coupling: 1.0000000000000000
uy: 0.0000000000000000
maximum_displacement: 1.0000000000000000
maximum_rotation: 1.0000000000000000
maximum_volume: 1.0000000000000000
maximum_shape: 0.0000001000000000
maximum_dsigma: 0.0100000000000000
mod: 10
pmod: 10
optimize: 1
verbose: 1
snapshot: 0
display: 1
explore: 1
npt: 1
nptxy: 0
nptdxdy: 0
shape: 0
seed: 1298971
2.359391875255 17.075765756604 0.000000000000 1.000000000000
140.476575008473 36.767122228690 0.866025403784 0.500000000000
7.531622409901 -9.350029277248 0.866025403784 0.500000000000
-101.785529438462 3.341964835659 0.866025403784 0.500000000000
-20.704802969687 -45.174041688102 0.000000000000 1.000000000000
-182.435161342279 72.213682909887 0.866025403784 0.500000000000
-54.454451938333 28.954589356293 0.866025403784 0.500000000000
38.816951061402 117.204211239757 0.000000000000 1.000000000000
-28.465272647688 10.396228299726 0.866025403784 -0.500000000000
-43.124423194083 35.439789749589 0.866025403784 -0.500000000000
48.245249652245 -55.039173704692 0.866025403784 -0.500000000000
75.953015441076 -8.769768876544 0.000000000000 1.000000000000
-11.050694439106 -27.945808613251 0.866025403784 -0.500000000000
36.128180075375 -8.344702643891 0.866025403784 0.500000000000
-93.076545517380 -26.730841731836 0.866025403784 -0.500000000000
44.678403289146 26.159898532608 0.000000000000 1.000000000000
-25.866504054236 111.893756803740 0.866025403784 0.500000000000
20.119469779958 49.068540600465 0.866025403784 -0.500000000000
-72.679240179879 -153.771107442500 0.866025403784 0.500000000000
37.367380971087 -103.600138522738 0.000000000000 1.000000000000
