#Configurational_file created 2018-09-14 13:59:53  started 2018-09-14 13:59:52 run for 1.0s steps 0
name: p_1180
step: 10000
specie: 20
	particle_diameter: 1.0000000000000000
	interaction_length: 1.2000000000000000
	number_of_patches: 3
	number_of_particles_per_compound: 1
	rod_length: 1.0000000000000000
	interaction_matrix:  1.000000 1.000000 1.000000 1.000000 1.000000 1.000000 1.000000 1.000000 1.000000
	patch_type: symmetric
	patch_width: 8.0000000000000000
	patch_angle: 0.0000000000000000
	angles:  0.000000 0.000000 0.000000
	grand_canonical: 0
	chemical_potential: 0.0000000000000000
box: 12.725933 12.725933
copy: 1.000000 1.000000
epsilon: 0.6206900000000000
end_epsilon: 0.0000000000000000
pressure: 0.1551730000000000
lambda: 0.0000000000000000
lambda_coupling: 1.0000000000000000
uy: 0.0000000000000000
maximum_displacement: 1.0000000000000000
maximum_rotation: 1.0000000000000000
maximum_volume: 1.0000000000000000
maximum_shape: 0.0000001000000000
maximum_dsigma: 0.0100000000000000
mod: 10
pmod: 10
optimize: 1
verbose: 1
snapshot: 0
display: 1
explore: 1
npt: 1
nptxy: 0
nptdxdy: 0
shape: 0
seed: 1344451
-49.338658321382 188.464360126945 0.866025403784 0.500000000000
131.722345154891 -15.646173561098 0.000000000000 1.000000000000
174.556071654216 -22.094215818177 0.000000000000 1.000000000000
-21.267086840139 4.455815914239 0.866025403784 -0.500000000000
-10.131724197711 -69.708759531102 0.866025403784 0.500000000000
-98.863125754357 77.023469570760 0.866025403784 0.500000000000
-44.048770217372 181.835644102802 0.866025403784 0.500000000000
21.538492821343 34.911735096336 0.866025403784 0.500000000000
10.955825460425 12.671345096720 0.866025403784 0.500000000000
41.065089871057 28.389765581846 0.866025403784 0.500000000000
95.661399940966 -139.676141217375 0.866025403784 -0.500000000000
-93.447902855852 15.170432835843 0.866025403784 0.500000000000
-33.799665372450 7.052658116089 0.000000000000 1.000000000000
-80.869129982006 61.823034265872 0.000000000000 1.000000000000
-247.335217803855 95.438606374037 0.000000000000 1.000000000000
146.828540182704 -94.724304013164 0.866025403784 -0.500000000000
-27.717215174049 -247.160549531006 0.000000000000 1.000000000000
-1.856026567825 56.650224061665 0.866025403784 0.500000000000
-89.172318416242 19.767911079925 0.000000000000 1.000000000000
69.793380732341 -26.390787547544 0.866025403784 0.500000000000
