#Configurational_file created 2018-09-14 11:37:00  started 2018-09-14 11:37:00 run for 0.0s steps 0
name: p_1177
step: 10000
specie: 20
	particle_diameter: 1.0000000000000000
	interaction_length: 1.2000000000000000
	number_of_patches: 3
	number_of_particles_per_compound: 1
	rod_length: 1.0000000000000000
	interaction_matrix:  1.000000 1.000000 1.000000 1.000000 1.000000 1.000000 1.000000 1.000000 1.000000
	patch_type: symmetric
	patch_width: 8.0000000000000000
	patch_angle: 0.0000000000000000
	angles:  0.000000 0.000000 0.000000
	grand_canonical: 0
	chemical_potential: 0.0000000000000000
box: 22.262300 22.262300
copy: 1.000000 1.000000
epsilon: 0.4583420000000000
end_epsilon: 0.0000000000000000
pressure: 0.0834290000000000
lambda: 0.0000000000000000
lambda_coupling: 1.0000000000000000
uy: 0.0000000000000000
maximum_displacement: 1.0000000000000000
maximum_rotation: 1.0000000000000000
maximum_volume: 1.0000000000000000
maximum_shape: 0.0000001000000000
maximum_dsigma: 0.0100000000000000
mod: 10
pmod: 10
optimize: 1
verbose: 1
snapshot: 0
display: 1
explore: 1
npt: 1
nptxy: 0
nptdxdy: 0
shape: 0
seed: 1341040
151.043064023800 55.942025842579 0.000000000000 1.000000000000
82.879855564215 -306.014242814261 0.866025403784 -0.500000000000
-123.905252341604 71.939254443409 0.000000000000 1.000000000000
93.078440985290 166.605141420553 0.000000000000 1.000000000000
-190.674819042205 44.206750659357 0.866025403784 0.500000000000
14.693790264068 -50.603106253715 0.866025403784 0.500000000000
32.567615941191 98.201518156472 0.866025403784 -0.500000000000
112.178588835903 97.926178109129 0.000000000000 1.000000000000
14.014951448647 66.945200456981 0.000000000000 1.000000000000
-35.555695308190 -121.005744654878 0.866025403784 0.500000000000
-25.178350817671 -7.510322382875 0.866025403784 -0.500000000000
0.144263176802 123.785982851931 0.866025403784 -0.500000000000
-71.873508377908 -143.034057085585 0.866025403784 -0.500000000000
12.802109902306 186.832546182054 0.866025403784 0.500000000000
22.418075265627 -7.907109235116 0.866025403784 0.500000000000
-33.425805312672 -23.099607983685 0.866025403784 0.500000000000
-42.967927604428 169.451541090480 0.000000000000 1.000000000000
-152.946679424097 83.245759408912 0.000000000000 1.000000000000
18.404177090955 -115.829144515378 0.000000000000 1.000000000000
-25.974065326281 -182.302646618182 0.866025403784 -0.500000000000
