#Configurational_file created 2018-09-14 13:59:47  started 2018-09-14 13:59:46 run for 1.0s steps 0
name: p_1172
step: 10000
specie: 20
	particle_diameter: 1.0000000000000000
	interaction_length: 1.2000000000000000
	number_of_patches: 3
	number_of_particles_per_compound: 1
	rod_length: 1.0000000000000000
	interaction_matrix:  1.000000 1.000000 1.000000 1.000000 1.000000 1.000000 1.000000 1.000000 1.000000
	patch_type: symmetric
	patch_width: 8.0000000000000000
	patch_angle: 0.0000000000000000
	angles:  0.000000 0.000000 0.000000
	grand_canonical: 0
	chemical_potential: 0.0000000000000000
box: 34.719233 34.719233
copy: 1.000000 1.000000
epsilon: 0.6206900000000000
end_epsilon: 0.0000000000000000
pressure: 0.0172420000000000
lambda: 0.0000000000000000
lambda_coupling: 1.0000000000000000
uy: 0.0000000000000000
maximum_displacement: 1.0000000000000000
maximum_rotation: 1.0000000000000000
maximum_volume: 1.0000000000000000
maximum_shape: 0.0000001000000000
maximum_dsigma: 0.0100000000000000
mod: 10
pmod: 10
optimize: 1
verbose: 1
snapshot: 0
display: 1
explore: 1
npt: 1
nptxy: 0
nptdxdy: 0
shape: 0
seed: 1335355
176.022232701795 -65.487764980604 0.866025403784 -0.500000000000
305.366530585447 43.546173715522 0.866025403784 -0.500000000000
157.721003926692 -219.220265916813 0.866025403784 0.500000000000
61.815558654055 59.020925925434 0.866025403784 -0.500000000000
83.092530676665 -233.834087612171 0.866025403784 0.500000000000
20.609237742083 -26.058301362968 0.000000000000 1.000000000000
331.806827248880 151.301575173728 0.866025403784 -0.500000000000
164.759324171115 -81.717573060803 0.866025403784 -0.500000000000
98.227531317121 128.826441533094 0.866025403784 0.500000000000
245.930929588772 -1.853976500995 0.866025403784 0.500000000000
-90.140258684698 202.167398201625 0.000000000000 1.000000000000
179.196910017552 61.801629730177 0.866025403784 0.500000000000
-7.649038956631 13.465688002515 0.866025403784 -0.500000000000
255.593937297147 79.703015721291 0.866025403784 0.500000000000
83.502704925872 -184.051907850173 0.866025403784 0.500000000000
130.531964289162 -56.390036521810 0.000000000000 1.000000000000
-37.968922872409 128.326722704480 0.000000000000 1.000000000000
-21.677216324193 40.043563772599 0.866025403784 -0.500000000000
-12.049298852402 49.860889502358 0.866025403784 0.500000000000
44.011315242962 -234.413323910039 0.000000000000 1.000000000000
