#Configurational_file created 2018-09-14 14:00:07  started 2018-09-14 14:00:06 run for 1.0s steps 0
name: p_1199
step: 10000
specie: 20
	particle_diameter: 1.0000000000000000
	interaction_length: 1.2000000000000000
	number_of_patches: 3
	number_of_particles_per_compound: 1
	rod_length: 1.0000000000000000
	interaction_matrix:  1.000000 1.000000 1.000000 1.000000 1.000000 1.000000 1.000000 1.000000 1.000000
	patch_type: symmetric
	patch_width: 8.0000000000000000
	patch_angle: 0.0000000000000000
	angles:  0.000000 0.000000 0.000000
	grand_canonical: 0
	chemical_potential: 0.0000000000000000
box: 10.334507 10.334507
copy: 1.000000 1.000000
epsilon: 0.6206900000000000
end_epsilon: 0.0000000000000000
pressure: 0.4827590000000000
lambda: 0.0000000000000000
lambda_coupling: 1.0000000000000000
uy: 0.0000000000000000
maximum_displacement: 1.0000000000000000
maximum_rotation: 1.0000000000000000
maximum_volume: 1.0000000000000000
maximum_shape: 0.0000001000000000
maximum_dsigma: 0.0100000000000000
mod: 10
pmod: 10
optimize: 1
verbose: 1
snapshot: 0
display: 1
explore: 1
npt: 1
nptxy: 0
nptdxdy: 0
shape: 0
seed: 1366054
-54.371601664806 -11.683791065790 0.866025403784 -0.500000000000
-42.364546853666 18.369761456078 0.866025403784 0.500000000000
0.773133789383 102.049772777199 0.866025403784 0.500000000000
-101.002725133674 -77.463888358632 0.866025403784 0.500000000000
43.917993539415 93.014506684680 0.866025403784 0.500000000000
-210.284380646370 -18.944908404862 0.866025403784 -0.500000000000
-4.080594232060 -74.486537640387 0.866025403784 0.500000000000
77.166750574309 -41.432074360087 0.866025403784 -0.500000000000
125.853978930170 -49.136454259030 0.866025403784 -0.500000000000
-19.368581057395 79.075092751808 0.866025403784 0.500000000000
46.609963834954 43.606502068808 0.866025403784 0.500000000000
70.432124871158 3.697543655784 0.866025403784 0.500000000000
116.545542457922 -135.473580558969 0.866025403784 0.500000000000
109.725478221858 40.644866610421 0.866025403784 -0.500000000000
-6.038403848708 -68.938248608889 0.866025403784 -0.500000000000
-4.635885653706 -12.105078487101 0.866025403784 -0.500000000000
10.076566864155 2.077050584247 0.000000000000 1.000000000000
33.641629246248 121.161344178606 0.000000000000 1.000000000000
-78.237691229199 50.089491200739 0.866025403784 0.500000000000
-168.330360927333 67.276310229131 0.866025403784 0.500000000000
