#Configurational_file created 2018-09-14 12:04:05  started 2018-09-14 12:04:04 run for 1.0s steps 0
name: p_1168
step: 10000
specie: 20
	particle_diameter: 1.0000000000000000
	interaction_length: 1.2000000000000000
	number_of_patches: 3
	number_of_particles_per_compound: 1
	rod_length: 1.0000000000000000
	interaction_matrix:  1.000000 1.000000 1.000000 1.000000 1.000000 1.000000 1.000000 1.000000 1.000000
	patch_type: symmetric
	patch_width: 8.0000000000000000
	patch_angle: 0.0000000000000000
	angles:  0.000000 0.000000 0.000000
	grand_canonical: 0
	chemical_potential: 0.0000000000000000
box: 41.537968 41.537968
copy: 1.000000 1.000000
epsilon: 0.0437500000000000
end_epsilon: 0.0000000000000000
pressure: 0.0708340000000000
lambda: 0.0000000000000000
lambda_coupling: 1.0000000000000000
uy: 0.0000000000000000
maximum_displacement: 1.0000000000000000
maximum_rotation: 1.0000000000000000
maximum_volume: 1.0000000000000000
maximum_shape: 0.0000001000000000
maximum_dsigma: 0.0100000000000000
mod: 10
pmod: 10
optimize: 1
verbose: 1
snapshot: 0
display: 1
explore: 1
npt: 1
nptxy: 0
nptdxdy: 0
shape: 0
seed: 1330807
-170.853192670741 -33.028949105730 0.000000000000 1.000000000000
132.453749153736 130.428887717008 0.000000000000 1.000000000000
-227.797357654036 56.739567746962 0.000000000000 1.000000000000
143.475131709179 293.719260452274 0.866025403784 0.500000000000
-291.801809472268 -110.234173375831 0.000000000000 1.000000000000
208.998617332470 74.831175523874 0.000000000000 1.000000000000
-313.264711044747 285.330647322468 0.866025403784 0.500000000000
-93.433569512788 0.627346421711 0.000000000000 1.000000000000
277.030954572399 -41.837979781961 0.866025403784 -0.500000000000
-139.632787448499 178.295114416482 0.866025403784 -0.500000000000
85.823676452770 107.904412420457 0.866025403784 -0.500000000000
93.082477545219 -157.115083115425 0.866025403784 0.500000000000
-181.982332129405 -106.718437427173 0.866025403784 0.500000000000
66.859792676594 173.594334041392 0.000000000000 1.000000000000
190.636090415899 -45.225872119950 0.866025403784 0.500000000000
-337.587833869250 -60.854556743674 0.000000000000 1.000000000000
190.603799222566 242.479972360967 0.000000000000 1.000000000000
169.896383135255 54.103692006725 0.866025403784 0.500000000000
177.783722034179 151.608507955625 0.866025403784 0.500000000000
-179.160785889946 252.545293541281 0.000000000000 1.000000000000
