#Configurational_file created 2018-09-14 11:35:58  started 2018-09-14 11:35:57 run for 1.0s steps 0
name: p_1105
step: 10000
specie: 20
	particle_diameter: 1.0000000000000000
	interaction_length: 1.2000000000000000
	number_of_patches: 3
	number_of_particles_per_compound: 1
	rod_length: 1.0000000000000000
	interaction_matrix:  1.000000 1.000000 1.000000 1.000000 1.000000 1.000000 1.000000 1.000000 1.000000
	patch_type: symmetric
	patch_width: 8.0000000000000000
	patch_angle: 0.0000000000000000
	angles:  0.000000 0.000000 0.000000
	grand_canonical: 0
	chemical_potential: 0.0000000000000000
box: 15.515187 15.515187
copy: 1.000000 1.000000
epsilon: 0.3958540000000000
end_epsilon: 0.0000000000000000
pressure: 0.3334170000000000
lambda: 0.0000000000000000
lambda_coupling: 1.0000000000000000
uy: 0.0000000000000000
maximum_displacement: 1.0000000000000000
maximum_rotation: 1.0000000000000000
maximum_volume: 1.0000000000000000
maximum_shape: 0.0000001000000000
maximum_dsigma: 0.0100000000000000
mod: 10
pmod: 10
optimize: 1
verbose: 1
snapshot: 0
display: 1
explore: 1
npt: 1
nptxy: 0
nptdxdy: 0
shape: 0
seed: 1259176
19.546945760424 128.705713065381 0.000000000000 1.000000000000
67.361831674654 34.277703796996 0.866025403784 -0.500000000000
36.954957002029 -10.593498825964 0.866025403784 0.500000000000
51.206819347928 121.263146587078 0.866025403784 0.500000000000
-127.773321233514 -30.522913905622 0.866025403784 -0.500000000000
-137.599076901674 -84.666859982802 0.000000000000 1.000000000000
-47.609874129952 122.921687940658 0.866025403784 0.500000000000
99.894081655277 91.701745206666 0.866025403784 0.500000000000
31.152504161813 -60.074869983412 0.000000000000 1.000000000000
181.766041145073 -5.170475804226 0.866025403784 0.500000000000
-52.194618853549 -40.346685985472 0.866025403784 -0.500000000000
72.121560582053 86.297503012755 0.866025403784 -0.500000000000
-109.830991423647 -214.124626595112 0.000000000000 1.000000000000
-178.946077572954 -51.441253366150 0.866025403784 0.500000000000
65.551268217368 66.825737176204 0.866025403784 0.500000000000
119.816464674285 66.985291794950 0.866025403784 0.500000000000
85.858440487412 -85.826223309088 0.866025403784 0.500000000000
-7.778645920087 61.977531879938 0.866025403784 -0.500000000000
155.577863791892 -124.051557233241 0.866025403784 0.500000000000
14.316924087587 73.372608742117 0.866025403784 0.500000000000
