#Configurational_file created 2018-09-14 12:04:25  started 2018-09-14 12:04:24 run for 1.0s steps 0
name: p_1195
step: 10000
specie: 20
	particle_diameter: 1.0000000000000000
	interaction_length: 1.2000000000000000
	number_of_patches: 3
	number_of_particles_per_compound: 1
	rod_length: 1.0000000000000000
	interaction_matrix:  1.000000 1.000000 1.000000 1.000000 1.000000 1.000000 1.000000 1.000000 1.000000
	patch_type: symmetric
	patch_width: 8.0000000000000000
	patch_angle: 0.0000000000000000
	angles:  0.000000 0.000000 0.000000
	grand_canonical: 0
	chemical_potential: 0.0000000000000000
box: 46.511119 46.511119
copy: 1.000000 1.000000
epsilon: 0.0458330000000000
end_epsilon: 0.0000000000000000
pressure: 0.0791670000000000
lambda: 0.0000000000000000
lambda_coupling: 1.0000000000000000
uy: 0.0000000000000000
maximum_displacement: 1.0000000000000000
maximum_rotation: 1.0000000000000000
maximum_volume: 1.0000000000000000
maximum_shape: 0.0000001000000000
maximum_dsigma: 0.0100000000000000
mod: 10
pmod: 10
optimize: 1
verbose: 1
snapshot: 0
display: 1
explore: 1
npt: 1
nptxy: 0
nptdxdy: 0
shape: 0
seed: 1361506
59.081020429082 -131.963244972204 0.000000000000 1.000000000000
-31.304006313899 -267.307458103880 0.866025403784 -0.500000000000
-23.960102561736 159.803992127535 0.866025403784 0.500000000000
175.169368117164 -198.177243631978 0.866025403784 0.500000000000
254.095574959575 -41.525825480503 0.866025403784 -0.500000000000
31.956795820158 14.653713490857 0.000000000000 1.000000000000
278.792185570467 83.382404381621 0.866025403784 0.500000000000
152.788709235495 -31.040847510854 0.866025403784 -0.500000000000
18.948158645641 31.838179324230 0.000000000000 1.000000000000
298.502960055566 40.748789449517 0.000000000000 1.000000000000
-261.148616746380 -145.913075120124 0.000000000000 1.000000000000
-247.216313321342 -158.411589110117 0.866025403784 0.500000000000
69.961291316147 427.424416886237 0.866025403784 -0.500000000000
5.020274933729 -159.391548357392 0.000000000000 1.000000000000
119.547521400121 -319.532226268331 0.000000000000 1.000000000000
34.281580138625 -85.114108029326 0.866025403784 0.500000000000
4.975697370915 84.200001806085 0.866025403784 -0.500000000000
125.627982700496 24.316660367828 0.000000000000 1.000000000000
-125.158373169861 235.920060974985 0.866025403784 0.500000000000
-103.876615891954 -230.752359633792 0.000000000000 1.000000000000
