#Configurational_file created 2018-09-14 13:59:50  started 2018-09-14 13:59:50 run for 0.0s steps 0
name: p_1177
step: 10000
specie: 20
	particle_diameter: 1.0000000000000000
	interaction_length: 1.2000000000000000
	number_of_patches: 3
	number_of_particles_per_compound: 1
	rod_length: 1.0000000000000000
	interaction_matrix:  1.000000 1.000000 1.000000 1.000000 1.000000 1.000000 1.000000 1.000000 1.000000
	patch_type: symmetric
	patch_width: 8.0000000000000000
	patch_angle: 0.0000000000000000
	angles:  0.000000 0.000000 0.000000
	grand_canonical: 0
	chemical_potential: 0.0000000000000000
box: 17.090044 17.090044
copy: 1.000000 1.000000
epsilon: 0.6206900000000000
end_epsilon: 0.0000000000000000
pressure: 0.1034490000000000
lambda: 0.0000000000000000
lambda_coupling: 1.0000000000000000
uy: 0.0000000000000000
maximum_displacement: 1.0000000000000000
maximum_rotation: 1.0000000000000000
maximum_volume: 1.0000000000000000
maximum_shape: 0.0000001000000000
maximum_dsigma: 0.0100000000000000
mod: 10
pmod: 10
optimize: 1
verbose: 1
snapshot: 0
display: 1
explore: 1
npt: 1
nptxy: 0
nptdxdy: 0
shape: 0
seed: 1341040
21.973514568251 82.577299923231 0.866025403784 0.500000000000
4.592568867134 -127.870732958248 0.866025403784 -0.500000000000
-204.024077940323 -69.674220384978 0.866025403784 -0.500000000000
46.740246186059 -77.027742508147 0.866025403784 -0.500000000000
-144.177872651439 81.634422858165 0.866025403784 -0.500000000000
-12.822280938510 93.145460401678 0.866025403784 0.500000000000
150.097959716858 -4.766263973949 0.866025403784 -0.500000000000
-165.575198028315 33.220472981746 0.000000000000 1.000000000000
96.401956851484 25.015545768394 0.000000000000 1.000000000000
-96.311596525871 -59.985774272445 0.000000000000 1.000000000000
1.599715765271 -6.559586468126 0.866025403784 0.500000000000
54.277884238772 29.644833429163 0.866025403784 -0.500000000000
54.350767257163 1.711874433709 0.866025403784 -0.500000000000
-24.786540904826 8.387767449859 0.000000000000 1.000000000000
-45.613032680192 -112.586283520508 0.866025403784 0.500000000000
-52.533534828356 18.494119488868 0.866025403784 -0.500000000000
-2.551268098366 202.829438591260 0.866025403784 0.500000000000
-33.017732312806 12.921372602121 0.866025403784 0.500000000000
55.933516277123 -101.523841580190 0.866025403784 0.500000000000
-13.378500934667 -189.502973544969 0.000000000000 1.000000000000
