#Configurational_file created 2018-09-14 12:04:14  started 2018-09-14 12:04:13 run for 1.0s steps 0
name: p_1180
step: 10000
specie: 20
	particle_diameter: 1.0000000000000000
	interaction_length: 1.2000000000000000
	number_of_patches: 3
	number_of_particles_per_compound: 1
	rod_length: 1.0000000000000000
	interaction_matrix:  1.000000 1.000000 1.000000 1.000000 1.000000 1.000000 1.000000 1.000000 1.000000
	patch_type: symmetric
	patch_width: 8.0000000000000000
	patch_angle: 0.0000000000000000
	angles:  0.000000 0.000000 0.000000
	grand_canonical: 0
	chemical_potential: 0.0000000000000000
box: 52.630894 52.630894
copy: 1.000000 1.000000
epsilon: 0.0458330000000000
end_epsilon: 0.0000000000000000
pressure: 0.0166680000000000
lambda: 0.0000000000000000
lambda_coupling: 1.0000000000000000
uy: 0.0000000000000000
maximum_displacement: 1.0000000000000000
maximum_rotation: 1.0000000000000000
maximum_volume: 1.0000000000000000
maximum_shape: 0.0000001000000000
maximum_dsigma: 0.0100000000000000
mod: 10
pmod: 10
optimize: 1
verbose: 1
snapshot: 0
display: 1
explore: 1
npt: 1
nptxy: 0
nptdxdy: 0
shape: 0
seed: 1344451
39.475280149563 79.685861815897 0.866025403784 -0.500000000000
183.849892578912 -83.434379509965 0.866025403784 -0.500000000000
218.464440814187 -321.267262975986 0.866025403784 0.500000000000
-225.818695202573 -52.503656841534 0.000000000000 1.000000000000
95.809267812747 -184.681733054481 0.866025403784 -0.500000000000
-123.055642442451 -28.976791177557 0.866025403784 -0.500000000000
145.665947378202 330.027042074326 0.000000000000 1.000000000000
78.193921335548 -194.031076524828 0.866025403784 0.500000000000
255.621612990526 264.294800663154 0.866025403784 -0.500000000000
368.257877979890 -30.383853343538 0.866025403784 -0.500000000000
141.967869595886 -66.073401764690 0.866025403784 -0.500000000000
340.016373756656 116.474732898381 0.000000000000 1.000000000000
11.920695854049 122.546407452082 0.000000000000 1.000000000000
-37.601199790928 92.150031501065 0.866025403784 0.500000000000
-170.792815610655 127.406614973894 0.866025403784 0.500000000000
300.709734839135 110.427522729738 0.866025403784 0.500000000000
-130.477207899025 44.028239041386 0.866025403784 0.500000000000
-324.162146476810 183.487938328752 0.866025403784 -0.500000000000
-130.531536498055 321.927831039460 0.866025403784 -0.500000000000
382.271733781439 -249.084948561670 0.000000000000 1.000000000000
