#Configurational_file created 2018-09-14 11:37:20  started 2018-09-14 11:37:19 run for 1.0s steps 0
name: p_1199
step: 10000
specie: 20
	particle_diameter: 1.0000000000000000
	interaction_length: 1.2000000000000000
	number_of_patches: 3
	number_of_particles_per_compound: 1
	rod_length: 1.0000000000000000
	interaction_matrix:  1.000000 1.000000 1.000000 1.000000 1.000000 1.000000 1.000000 1.000000 1.000000
	patch_type: symmetric
	patch_width: 8.0000000000000000
	patch_angle: 0.0000000000000000
	angles:  0.000000 0.000000 0.000000
	grand_canonical: 0
	chemical_potential: 0.0000000000000000
box: 6.650678 6.650678
copy: 1.000000 1.000000
epsilon: 0.4583420000000000
end_epsilon: 0.0000000000000000
pressure: 1.9166710000000000
lambda: 0.0000000000000000
lambda_coupling: 1.0000000000000000
uy: 0.0000000000000000
maximum_displacement: 1.0000000000000000
maximum_rotation: 1.0000000000000000
maximum_volume: 0.2920383314877667
maximum_shape: 0.0000001000000000
maximum_dsigma: 0.0100000000000000
mod: 10
pmod: 10
optimize: 1
verbose: 1
snapshot: 0
display: 1
explore: 1
npt: 1
nptxy: 0
nptdxdy: 0
shape: 0
seed: 1366054
52.065224214057 -20.036678382734 0.866025403784 -0.500000000000
-47.807853896434 -58.194025012016 0.866025403784 0.500000000000
-72.965003251925 -90.471804844472 0.000000000000 1.000000000000
13.091326458068 -49.463664889687 0.866025403784 0.500000000000
-23.411931038710 1.785298631936 0.000000000000 1.000000000000
53.860538640773 -68.019886893915 0.000000000000 1.000000000000
34.212585823016 -19.378839057888 0.866025403784 0.500000000000
-82.767989243038 -30.182498868752 0.866025403784 -0.500000000000
-15.441867434193 -38.091155063333 0.866025403784 -0.500000000000
1.693295592118 54.580176087111 0.000000000000 1.000000000000
-20.898350184237 -21.058598084450 0.866025403784 -0.500000000000
-55.218411496907 -62.304878524507 0.000000000000 1.000000000000
72.673163386822 -37.457516518254 0.866025403784 0.500000000000
-13.844366961377 -1.662611996715 0.866025403784 0.500000000000
41.558302098507 -9.166016273805 0.000000000000 1.000000000000
-30.905546990544 10.024288283006 0.000000000000 1.000000000000
67.354210918016 105.364174705793 0.866025403784 -0.500000000000
15.418227317173 11.610615325553 0.866025403784 0.500000000000
-8.990491138742 13.354788137181 0.866025403784 -0.500000000000
3.177659489509 -48.476547821392 0.866025403784 -0.500000000000
