#Configurational_file created 2018-09-14 11:37:15  started 2018-09-14 11:37:14 run for 1.0s steps 0
name: p_1194
step: 10000
specie: 20
	particle_diameter: 1.0000000000000000
	interaction_length: 1.2000000000000000
	number_of_patches: 3
	number_of_particles_per_compound: 1
	rod_length: 1.0000000000000000
	interaction_matrix:  1.000000 1.000000 1.000000 1.000000 1.000000 1.000000 1.000000 1.000000 1.000000
	patch_type: symmetric
	patch_width: 8.0000000000000000
	patch_angle: 0.0000000000000000
	angles:  0.000000 0.000000 0.000000
	grand_canonical: 0
	chemical_potential: 0.0000000000000000
box: 7.575387 7.575387
copy: 1.000000 1.000000
epsilon: 0.4583420000000000
end_epsilon: 0.0000000000000000
pressure: 1.5000249999999999
lambda: 0.0000000000000000
lambda_coupling: 1.0000000000000000
uy: 0.0000000000000000
maximum_displacement: 1.0000000000000000
maximum_rotation: 1.0000000000000000
maximum_volume: 0.3557309498050445
maximum_shape: 0.0000001000000000
maximum_dsigma: 0.0100000000000000
mod: 10
pmod: 10
optimize: 1
verbose: 1
snapshot: 0
display: 1
explore: 1
npt: 1
nptxy: 0
nptdxdy: 0
shape: 0
seed: 1360369
-2.749665340315 73.631524963370 0.000000000000 1.000000000000
-63.932018765239 -38.242245098598 0.866025403784 -0.500000000000
32.701525216600 72.059606710976 0.866025403784 -0.500000000000
-18.856627222131 19.783261594551 0.000000000000 1.000000000000
56.294275853586 84.904140485063 0.866025403784 -0.500000000000
32.357608683028 109.477503351614 0.866025403784 0.500000000000
104.242303733657 43.961143001865 0.866025403784 -0.500000000000
-14.157002675787 -65.255590313237 0.866025403784 0.500000000000
-42.311722070703 6.131065465548 0.866025403784 -0.500000000000
79.525612165280 -24.631973960833 0.866025403784 0.500000000000
-97.077615803858 102.627763117033 0.866025403784 -0.500000000000
8.026170559779 5.280011906875 0.866025403784 -0.500000000000
7.701043189599 -83.079776462528 0.000000000000 1.000000000000
10.006877548664 83.745767194290 0.000000000000 1.000000000000
92.278677731711 47.182299900669 0.866025403784 0.500000000000
-61.937673475859 -57.208284522486 0.866025403784 0.500000000000
24.525475912097 -5.024884861144 0.000000000000 1.000000000000
90.066778158250 -0.115342563716 0.866025403784 -0.500000000000
-25.475383700362 77.046654816589 0.866025403784 -0.500000000000
17.462509792903 96.223700711824 0.866025403784 -0.500000000000
