#Configurational_file created 2018-09-14 11:36:36  started 2018-09-14 11:36:35 run for 1.0s steps 0
name: p_1149
step: 10000
specie: 20
	particle_diameter: 1.0000000000000000
	interaction_length: 1.2000000000000000
	number_of_patches: 3
	number_of_particles_per_compound: 1
	rod_length: 1.0000000000000000
	interaction_matrix:  1.000000 1.000000 1.000000 1.000000 1.000000 1.000000 1.000000 1.000000 1.000000
	patch_type: symmetric
	patch_width: 8.0000000000000000
	patch_angle: 0.0000000000000000
	angles:  0.000000 0.000000 0.000000
	grand_canonical: 0
	chemical_potential: 0.0000000000000000
box: 6.973901 6.973901
copy: 1.000000 1.000000
epsilon: 0.4166830000000000
end_epsilon: 0.0000000000000000
pressure: 1.9166710000000000
lambda: 0.0000000000000000
lambda_coupling: 1.0000000000000000
uy: 0.0000000000000000
maximum_displacement: 1.0000000000000000
maximum_rotation: 1.0000000000000000
maximum_volume: 0.3680572058244970
maximum_shape: 0.0000001000000000
maximum_dsigma: 0.0100000000000000
mod: 10
pmod: 10
optimize: 1
verbose: 1
snapshot: 0
display: 1
explore: 1
npt: 1
nptxy: 0
nptdxdy: 0
shape: 0
seed: 1309204
51.827422295380 27.332191203401 0.866025403784 0.500000000000
-48.055605640326 -54.258435624041 0.000000000000 1.000000000000
-39.007329509385 -31.275488376265 0.866025403784 0.500000000000
79.521257139030 -19.621155647510 0.000000000000 1.000000000000
90.591484809185 -40.871267191867 0.866025403784 -0.500000000000
13.957538013978 39.346550484600 0.866025403784 0.500000000000
-7.712256599300 -51.993874525013 0.866025403784 0.500000000000
104.367891822421 -29.794248882539 0.866025403784 -0.500000000000
-58.428045152900 -1.236075335768 0.866025403784 -0.500000000000
29.930348397152 -53.676571472058 0.866025403784 0.500000000000
48.733853387514 45.153536901677 0.000000000000 1.000000000000
2.025720446283 111.605986979044 0.866025403784 -0.500000000000
97.708096368703 -76.821854676270 0.866025403784 0.500000000000
113.032531636279 41.294802528424 0.000000000000 1.000000000000
81.863057105343 -44.840843436432 0.866025403784 -0.500000000000
-52.309951855175 -23.709737611130 0.866025403784 -0.500000000000
116.204277580661 -82.840167375802 0.866025403784 -0.500000000000
12.239823566856 58.461114548669 0.000000000000 1.000000000000
-16.982410660316 -10.992114152547 0.866025403784 -0.500000000000
-95.566519122525 60.456942587662 0.866025403784 -0.500000000000
