#Configurational_file created 2018-09-14 13:58:59  started 2018-09-14 13:58:58 run for 1.0s steps 0
name: p_1106
step: 10000
specie: 20
	particle_diameter: 1.0000000000000000
	interaction_length: 1.2000000000000000
	number_of_patches: 3
	number_of_particles_per_compound: 1
	rod_length: 1.0000000000000000
	interaction_matrix:  1.000000 1.000000 1.000000 1.000000 1.000000 1.000000 1.000000 1.000000 1.000000
	patch_type: symmetric
	patch_width: 8.0000000000000000
	patch_angle: 0.0000000000000000
	angles:  0.000000 0.000000 0.000000
	grand_canonical: 0
	chemical_potential: 0.0000000000000000
box: 10.888643 10.888643
copy: 1.000000 1.000000
epsilon: 0.4137940000000000
end_epsilon: 0.0000000000000000
pressure: 0.4310350000000000
lambda: 0.0000000000000000
lambda_coupling: 1.0000000000000000
uy: 0.0000000000000000
maximum_displacement: 1.0000000000000000
maximum_rotation: 1.0000000000000000
maximum_volume: 1.0000000000000000
maximum_shape: 0.0000001000000000
maximum_dsigma: 0.0100000000000000
mod: 10
pmod: 10
optimize: 1
verbose: 1
snapshot: 0
display: 1
explore: 1
npt: 1
nptxy: 0
nptdxdy: 0
shape: 0
seed: 1260313
61.708801337960 16.217181306062 0.866025403784 -0.500000000000
26.344580047541 39.553232371138 0.866025403784 -0.500000000000
2.374823075750 -46.415983994444 0.866025403784 -0.500000000000
155.622415755324 -17.219964544861 0.866025403784 -0.500000000000
181.876330814482 -20.303765820905 0.000000000000 1.000000000000
-22.435660446848 86.841138496234 0.866025403784 0.500000000000
-111.804715253190 46.657907539169 0.866025403784 0.500000000000
-57.977701314777 -90.424986786594 0.866025403784 -0.500000000000
-120.043066815943 -13.318079481665 0.000000000000 1.000000000000
12.833839991502 2.584260690976 0.866025403784 -0.500000000000
-71.825899530078 -19.316480772548 0.866025403784 -0.500000000000
-3.973128855055 -58.322352364501 0.866025403784 0.500000000000
136.693790138339 43.631861564351 0.000000000000 1.000000000000
-77.902413136987 68.905874065562 0.866025403784 -0.500000000000
37.184982554152 -200.420115317730 0.000000000000 1.000000000000
-83.511839999994 131.168106127557 0.866025403784 -0.500000000000
175.367422373364 -76.705977901352 0.866025403784 -0.500000000000
82.215542327924 -50.367749867532 0.866025403784 -0.500000000000
17.888584788154 -158.719676920805 0.866025403784 0.500000000000
10.162690309191 46.462769272214 0.000000000000 1.000000000000
