#Configurational_file created 2018-09-14 12:03:26  started 2018-09-14 12:03:25 run for 1.0s steps 0
name: p_1114
step: 10000
specie: 20
	particle_diameter: 1.0000000000000000
	interaction_length: 1.2000000000000000
	number_of_patches: 3
	number_of_particles_per_compound: 1
	rod_length: 1.0000000000000000
	interaction_matrix:  1.000000 1.000000 1.000000 1.000000 1.000000 1.000000 1.000000 1.000000 1.000000
	patch_type: symmetric
	patch_width: 8.0000000000000000
	patch_angle: 0.0000000000000000
	angles:  0.000000 0.000000 0.000000
	grand_canonical: 0
	chemical_potential: 0.0000000000000000
box: 47.554050 47.554050
copy: 1.000000 1.000000
epsilon: 0.0395840000000000
end_epsilon: 0.0000000000000000
pressure: 0.0541670000000000
lambda: 0.0000000000000000
lambda_coupling: 1.0000000000000000
uy: 0.0000000000000000
maximum_displacement: 1.0000000000000000
maximum_rotation: 1.0000000000000000
maximum_volume: 1.0000000000000000
maximum_shape: 0.0000001000000000
maximum_dsigma: 0.0100000000000000
mod: 10
pmod: 10
optimize: 1
verbose: 1
snapshot: 0
display: 1
explore: 1
npt: 1
nptxy: 0
nptdxdy: 0
shape: 0
seed: 1269409
215.902456913956 196.304754407653 0.866025403784 -0.500000000000
73.466803676787 490.865543540775 0.866025403784 -0.500000000000
251.566565666134 -32.218118959841 0.000000000000 1.000000000000
93.101406829439 -89.081704694754 0.866025403784 0.500000000000
-90.983772782220 116.145851458347 0.866025403784 -0.500000000000
-9.900521870765 -76.371505612696 0.866025403784 0.500000000000
30.884689421051 162.023611002704 0.000000000000 1.000000000000
24.361735584176 -307.757348264956 0.000000000000 1.000000000000
-47.289397390837 -103.585895280020 0.866025403784 0.500000000000
-231.607269097170 -34.352987177442 0.866025403784 -0.500000000000
101.544183894505 168.510642067736 0.866025403784 0.500000000000
-37.923668916169 17.407670132990 0.866025403784 0.500000000000
-89.671003165241 -20.139779668242 0.866025403784 -0.500000000000
-84.422105987151 151.501119185892 0.000000000000 1.000000000000
301.836301754615 147.577176589852 0.000000000000 1.000000000000
107.040380200872 145.093653239999 0.866025403784 0.500000000000
-320.989301118908 17.370831379034 0.000000000000 1.000000000000
79.049039389277 -16.215453288887 0.000000000000 1.000000000000
-107.779448481014 121.176592483950 0.866025403784 -0.500000000000
-203.132837318569 -60.386066230786 0.866025403784 0.500000000000
