#Configurational_file created 2018-09-14 11:37:01  started 2018-09-14 11:37:00 run for 1.0s steps 0
name: p_1178
step: 10000
specie: 20
	particle_diameter: 1.0000000000000000
	interaction_length: 1.2000000000000000
	number_of_patches: 3
	number_of_particles_per_compound: 1
	rod_length: 1.0000000000000000
	interaction_matrix:  1.000000 1.000000 1.000000 1.000000 1.000000 1.000000 1.000000 1.000000 1.000000
	patch_type: symmetric
	patch_width: 8.0000000000000000
	patch_angle: 0.0000000000000000
	angles:  0.000000 0.000000 0.000000
	grand_canonical: 0
	chemical_potential: 0.0000000000000000
box: 17.837287 17.837287
copy: 1.000000 1.000000
epsilon: 0.4583420000000000
end_epsilon: 0.0000000000000000
pressure: 0.1667580000000000
lambda: 0.0000000000000000
lambda_coupling: 1.0000000000000000
uy: 0.0000000000000000
maximum_displacement: 1.0000000000000000
maximum_rotation: 1.0000000000000000
maximum_volume: 1.0000000000000000
maximum_shape: 0.0000001000000000
maximum_dsigma: 0.0100000000000000
mod: 10
pmod: 10
optimize: 1
verbose: 1
snapshot: 0
display: 1
explore: 1
npt: 1
nptxy: 0
nptdxdy: 0
shape: 0
seed: 1342177
-111.306636609485 51.155400704366 0.000000000000 1.000000000000
74.240298184564 -193.514674147535 0.866025403784 0.500000000000
51.463224132697 165.722096315589 0.000000000000 1.000000000000
-221.523319732028 -61.369732650750 0.866025403784 0.500000000000
28.611249363082 95.507467535841 0.866025403784 -0.500000000000
-22.525582372787 20.842480571303 0.000000000000 1.000000000000
142.874378150011 -159.912961230808 0.866025403784 -0.500000000000
-104.435547141952 -71.427924112266 0.866025403784 0.500000000000
-63.666879678091 70.991079598237 0.866025403784 -0.500000000000
42.351181522559 -127.859897389514 0.866025403784 -0.500000000000
26.359262346591 63.335031855233 0.866025403784 -0.500000000000
111.935872357169 38.440034580084 0.000000000000 1.000000000000
69.345580779084 -149.840903777922 0.000000000000 1.000000000000
59.024055510411 -97.979156860535 0.000000000000 1.000000000000
40.611978297198 85.379099609832 0.866025403784 0.500000000000
177.244777561912 -98.374063731166 0.000000000000 1.000000000000
200.670208120143 39.645405494646 0.866025403784 -0.500000000000
7.533685883891 115.689984727812 0.866025403784 -0.500000000000
-36.825842001963 24.226017734734 0.866025403784 0.500000000000
11.173548554543 -63.428171412871 0.000000000000 1.000000000000
