#Configurational_file created 2018-09-14 11:37:07  started 2018-09-14 11:37:07 run for 0.0s steps 0
name: p_1186
step: 10000
specie: 20
	particle_diameter: 1.0000000000000000
	interaction_length: 1.2000000000000000
	number_of_patches: 3
	number_of_particles_per_compound: 1
	rod_length: 1.0000000000000000
	interaction_matrix:  1.000000 1.000000 1.000000 1.000000 1.000000 1.000000 1.000000 1.000000 1.000000
	patch_type: symmetric
	patch_width: 8.0000000000000000
	patch_angle: 0.0000000000000000
	angles:  0.000000 0.000000 0.000000
	grand_canonical: 0
	chemical_potential: 0.0000000000000000
box: 8.209800 8.209800
copy: 1.000000 1.000000
epsilon: 0.4583420000000000
end_epsilon: 0.0000000000000000
pressure: 0.8333920000000000
lambda: 0.0000000000000000
lambda_coupling: 1.0000000000000000
uy: 0.0000000000000000
maximum_displacement: 1.0000000000000000
maximum_rotation: 1.0000000000000000
maximum_volume: 1.0000000000000000
maximum_shape: 0.0000001000000000
maximum_dsigma: 0.0100000000000000
mod: 10
pmod: 10
optimize: 1
verbose: 1
snapshot: 0
display: 1
explore: 1
npt: 1
nptxy: 0
nptdxdy: 0
shape: 0
seed: 1351273
38.579064392788 -45.793492170596 0.866025403784 -0.500000000000
-39.778842627731 -61.905477105404 0.866025403784 -0.500000000000
44.845931146851 -58.367244317845 0.000000000000 1.000000000000
-17.444248909636 13.325798815180 0.866025403784 0.500000000000
15.812454418778 81.424557924682 0.866025403784 0.500000000000
35.600589762010 -26.332679095356 0.866025403784 0.500000000000
-32.703009434377 11.543451139775 0.866025403784 -0.500000000000
-5.250974754107 40.706785017214 0.866025403784 0.500000000000
38.813376877142 70.169372456679 0.866025403784 -0.500000000000
34.729042589430 -3.415328025064 0.866025403784 -0.500000000000
-32.310008733564 -28.236527372622 0.866025403784 -0.500000000000
84.459098150727 28.680868221060 0.866025403784 0.500000000000
-25.807042657276 -59.987795954542 0.866025403784 -0.500000000000
25.192946088362 40.196526761422 0.866025403784 0.500000000000
28.748046257125 123.871378382456 0.866025403784 0.500000000000
64.094285317761 9.286837460137 0.000000000000 1.000000000000
-11.875524070329 -44.329958243424 0.000000000000 1.000000000000
-33.803496914364 18.909093912849 0.866025403784 0.500000000000
-84.305616776552 90.364475413738 0.866025403784 0.500000000000
-6.933906148666 -34.362792028558 0.000000000000 1.000000000000
