#Configurational_file created 2018-09-14 12:04:17  started 2018-09-14 12:04:17 run for 0.0s steps 0
name: p_1185
step: 10000
specie: 20
	particle_diameter: 1.0000000000000000
	interaction_length: 1.2000000000000000
	number_of_patches: 3
	number_of_particles_per_compound: 1
	rod_length: 1.0000000000000000
	interaction_matrix:  1.000000 1.000000 1.000000 1.000000 1.000000 1.000000 1.000000 1.000000 1.000000
	patch_type: symmetric
	patch_width: 8.0000000000000000
	patch_angle: 0.0000000000000000
	angles:  0.000000 0.000000 0.000000
	grand_canonical: 0
	chemical_potential: 0.0000000000000000
box: 52.456646 52.456646
copy: 1.000000 1.000000
epsilon: 0.0458330000000000
end_epsilon: 0.0000000000000000
pressure: 0.0375010000000000
lambda: 0.0000000000000000
lambda_coupling: 1.0000000000000000
uy: 0.0000000000000000
maximum_displacement: 1.0000000000000000
maximum_rotation: 1.0000000000000000
maximum_volume: 1.0000000000000000
maximum_shape: 0.0000001000000000
maximum_dsigma: 0.0100000000000000
mod: 10
pmod: 10
optimize: 1
verbose: 1
snapshot: 0
display: 1
explore: 1
npt: 1
nptxy: 0
nptdxdy: 0
shape: 0
seed: 1350136
-91.452085478393 70.629666593391 0.866025403784 -0.500000000000
39.526404801407 3.061588485570 0.866025403784 -0.500000000000
-29.416097140471 -230.500109077309 0.866025403784 0.500000000000
-97.223776686966 135.007965500571 0.866025403784 -0.500000000000
-5.772956371617 37.349183610105 0.000000000000 1.000000000000
-84.688788845741 8.860957510476 0.866025403784 -0.500000000000
193.081242599842 -429.210298672305 0.000000000000 1.000000000000
7.599748557553 333.401872583464 0.866025403784 0.500000000000
243.809199357432 157.323983943622 0.866025403784 0.500000000000
-77.763834681592 47.662355263456 0.866025403784 0.500000000000
100.805986635004 -48.642538864480 0.000000000000 1.000000000000
195.765920398169 -35.265432701523 0.000000000000 1.000000000000
-5.503698177788 63.743192625408 0.866025403784 -0.500000000000
-248.433851759452 -42.820866159019 0.000000000000 1.000000000000
45.978442481195 62.147340866994 0.866025403784 0.500000000000
31.029117745798 18.388294294149 0.866025403784 0.500000000000
-154.758833497644 -29.591664048408 0.000000000000 1.000000000000
244.526028507104 160.368524845366 0.000000000000 1.000000000000
-24.941436318822 -52.111512568480 0.000000000000 1.000000000000
-6.682516472795 -45.667409545419 0.866025403784 -0.500000000000
