#Configurational_file created 2018-09-14 13:59:15  started 2018-09-14 13:59:14 run for 1.0s steps 0
name: p_1129
step: 10000
specie: 20
	particle_diameter: 1.0000000000000000
	interaction_length: 1.2000000000000000
	number_of_patches: 3
	number_of_particles_per_compound: 1
	rod_length: 1.0000000000000000
	interaction_matrix:  1.000000 1.000000 1.000000 1.000000 1.000000 1.000000 1.000000 1.000000 1.000000
	patch_type: symmetric
	patch_width: 8.0000000000000000
	patch_angle: 0.0000000000000000
	angles:  0.000000 0.000000 0.000000
	grand_canonical: 0
	chemical_potential: 0.0000000000000000
box: 13.311314 13.311314
copy: 1.000000 1.000000
epsilon: 0.4827590000000000
end_epsilon: 0.0000000000000000
pressure: 0.3103450000000000
lambda: 0.0000000000000000
lambda_coupling: 1.0000000000000000
uy: 0.0000000000000000
maximum_displacement: 1.0000000000000000
maximum_rotation: 1.0000000000000000
maximum_volume: 1.0000000000000000
maximum_shape: 0.0000001000000000
maximum_dsigma: 0.0100000000000000
mod: 10
pmod: 10
optimize: 1
verbose: 1
snapshot: 0
display: 1
explore: 1
npt: 1
nptxy: 0
nptdxdy: 0
shape: 0
seed: 1286464
62.412935798650 120.772587808700 0.000000000000 1.000000000000
-15.840592254034 54.667216361924 0.866025403784 -0.500000000000
-29.294576972433 31.881652723410 0.866025403784 -0.500000000000
103.368985018316 203.814675305804 0.866025403784 0.500000000000
-12.424996699100 92.741935992013 0.000000000000 1.000000000000
-71.909635886454 34.692411156547 0.866025403784 0.500000000000
148.237089643986 112.323273516285 0.866025403784 -0.500000000000
126.606048425455 -234.800908377790 0.866025403784 -0.500000000000
83.252765858306 39.102687969164 0.866025403784 -0.500000000000
10.628457681541 -17.594440525949 0.000000000000 1.000000000000
133.420080763877 263.558656836223 0.866025403784 -0.500000000000
26.397210472078 -67.681763502432 0.866025403784 -0.500000000000
-265.823925502052 -143.083909041705 0.866025403784 0.500000000000
2.438940506617 -3.445719930286 0.866025403784 0.500000000000
166.356946006657 -107.474604319756 0.866025403784 -0.500000000000
-86.863581431272 99.871412193188 0.866025403784 -0.500000000000
-93.856143953217 86.020305694536 0.866025403784 -0.500000000000
40.383515398691 229.001034806081 0.000000000000 1.000000000000
178.748135746578 -12.157393195401 0.000000000000 1.000000000000
149.188168896516 39.894986056552 0.866025403784 -0.500000000000
