#Configurational_file created 2018-09-14 12:03:37  started 2018-09-14 12:03:36 run for 1.0s steps 0
name: p_1129
step: 10000
specie: 20
	particle_diameter: 1.0000000000000000
	interaction_length: 1.2000000000000000
	number_of_patches: 3
	number_of_particles_per_compound: 1
	rod_length: 1.0000000000000000
	interaction_matrix:  1.000000 1.000000 1.000000 1.000000 1.000000 1.000000 1.000000 1.000000 1.000000
	patch_type: symmetric
	patch_width: 8.0000000000000000
	patch_angle: 0.0000000000000000
	angles:  0.000000 0.000000 0.000000
	grand_canonical: 0
	chemical_potential: 0.0000000000000000
box: 53.340825 53.340825
copy: 1.000000 1.000000
epsilon: 0.0416670000000000
end_epsilon: 0.0000000000000000
pressure: 0.0125010000000000
lambda: 0.0000000000000000
lambda_coupling: 1.0000000000000000
uy: 0.0000000000000000
maximum_displacement: 1.0000000000000000
maximum_rotation: 1.0000000000000000
maximum_volume: 1.0000000000000000
maximum_shape: 0.0000001000000000
maximum_dsigma: 0.0100000000000000
mod: 10
pmod: 10
optimize: 1
verbose: 1
snapshot: 0
display: 1
explore: 1
npt: 1
nptxy: 0
nptdxdy: 0
shape: 0
seed: 1286464
-14.801067228030 28.912232804388 0.000000000000 1.000000000000
348.361960098793 296.188636537594 0.000000000000 1.000000000000
127.128693006374 116.482289959769 0.000000000000 1.000000000000
140.707001819526 117.894372077422 0.000000000000 1.000000000000
163.671007962947 -67.226767205271 0.866025403784 -0.500000000000
-40.468886968680 214.620779884837 0.866025403784 -0.500000000000
143.027180573862 204.134812516098 0.866025403784 -0.500000000000
153.588950188951 69.016289001500 0.866025403784 0.500000000000
-101.596203791892 -172.323953288707 0.000000000000 1.000000000000
369.102499179105 207.300597798492 0.866025403784 -0.500000000000
-58.846403188598 -20.113836009837 0.866025403784 0.500000000000
-149.321842429846 -225.758732485595 0.866025403784 0.500000000000
-402.012921825429 -167.276668103212 0.000000000000 1.000000000000
35.163740901446 -142.486167985631 0.000000000000 1.000000000000
432.348112239978 -143.138595654191 0.866025403784 -0.500000000000
-19.401836568428 -22.624832169304 0.000000000000 1.000000000000
256.280231474063 219.612787946492 0.866025403784 -0.500000000000
14.494201300987 91.144939211134 0.866025403784 -0.500000000000
-196.189654848439 -48.990131977386 0.000000000000 1.000000000000
378.718835694246 -9.494576547925 0.000000000000 1.000000000000
