#Configurational_file created 2018-09-14 12:03:36  started 2018-09-14 12:03:35 run for 1.0s steps 0
name: p_1128
step: 10000
specie: 20
	particle_diameter: 1.0000000000000000
	interaction_length: 1.2000000000000000
	number_of_patches: 3
	number_of_particles_per_compound: 1
	rod_length: 1.0000000000000000
	interaction_matrix:  1.000000 1.000000 1.000000 1.000000 1.000000 1.000000 1.000000 1.000000 1.000000
	patch_type: symmetric
	patch_width: 8.0000000000000000
	patch_angle: 0.0000000000000000
	angles:  0.000000 0.000000 0.000000
	grand_canonical: 0
	chemical_potential: 0.0000000000000000
box: 56.037126 56.037126
copy: 1.000000 1.000000
epsilon: 0.0416670000000000
end_epsilon: 0.0000000000000000
pressure: 0.0083340000000000
lambda: 0.0000000000000000
lambda_coupling: 1.0000000000000000
uy: 0.0000000000000000
maximum_displacement: 1.0000000000000000
maximum_rotation: 1.0000000000000000
maximum_volume: 1.0000000000000000
maximum_shape: 0.0000001000000000
maximum_dsigma: 0.0100000000000000
mod: 10
pmod: 10
optimize: 1
verbose: 1
snapshot: 0
display: 1
explore: 1
npt: 1
nptxy: 0
nptdxdy: 0
shape: 0
seed: 1285327
-98.332443510880 161.898589476848 0.866025403784 -0.500000000000
245.634317634461 45.649614385015 0.000000000000 1.000000000000
-100.571828685887 -163.389836749022 0.866025403784 0.500000000000
99.559870309983 9.520105902280 0.000000000000 1.000000000000
166.816281606176 258.609148967172 0.000000000000 1.000000000000
173.923623846638 15.428449902032 0.866025403784 -0.500000000000
218.298160338115 -43.900332426852 0.866025403784 0.500000000000
38.426318112712 -2.324187200230 0.866025403784 0.500000000000
182.040998786897 -124.584081114825 0.000000000000 1.000000000000
-187.900552006083 -120.376980641121 0.866025403784 0.500000000000
106.277601601151 -53.593828502501 0.000000000000 1.000000000000
-324.706518315529 157.684852785905 0.866025403784 0.500000000000
41.415764707899 -333.463720759165 0.866025403784 0.500000000000
220.710499548324 41.444558389892 0.000000000000 1.000000000000
31.321685239108 71.095007492380 0.866025403784 -0.500000000000
48.238085269782 -284.365807887426 0.000000000000 1.000000000000
277.790549911890 240.080788457711 0.000000000000 1.000000000000
290.616869470035 308.781041278397 0.866025403784 0.500000000000
-46.000347030719 256.603474312073 0.000000000000 1.000000000000
-46.052427661538 -92.415156960351 0.866025403784 -0.500000000000
