#Configurational_file created 2018-09-14 13:59:04  started 2018-09-14 13:59:03 run for 1.0s steps 0
name: p_1113
step: 10000
specie: 20
	particle_diameter: 1.0000000000000000
	interaction_length: 1.2000000000000000
	number_of_patches: 3
	number_of_particles_per_compound: 1
	rod_length: 1.0000000000000000
	interaction_matrix:  1.000000 1.000000 1.000000 1.000000 1.000000 1.000000 1.000000 1.000000 1.000000
	patch_type: symmetric
	patch_width: 8.0000000000000000
	patch_angle: 0.0000000000000000
	angles:  0.000000 0.000000 0.000000
	grand_canonical: 0
	chemical_potential: 0.0000000000000000
box: 31.559377 31.559377
copy: 1.000000 1.000000
epsilon: 0.4827590000000000
end_epsilon: 0.0000000000000000
pressure: 0.0344840000000000
lambda: 0.0000000000000000
lambda_coupling: 1.0000000000000000
uy: 0.0000000000000000
maximum_displacement: 1.0000000000000000
maximum_rotation: 1.0000000000000000
maximum_volume: 1.0000000000000000
maximum_shape: 0.0000001000000000
maximum_dsigma: 0.0100000000000000
mod: 10
pmod: 10
optimize: 1
verbose: 1
snapshot: 0
display: 1
explore: 1
npt: 1
nptxy: 0
nptdxdy: 0
shape: 0
seed: 1268272
113.223710932889 198.923209811754 0.000000000000 1.000000000000
102.911629749953 118.142837449033 0.866025403784 0.500000000000
-41.310289037668 -62.446630858620 0.866025403784 -0.500000000000
-134.663529969200 177.554224549945 0.866025403784 -0.500000000000
-230.502284578313 -108.597658670011 0.866025403784 0.500000000000
-34.046174438445 24.724849910403 0.866025403784 0.500000000000
-78.241744608535 -95.830860188161 0.866025403784 -0.500000000000
162.424708082495 293.182202730303 0.866025403784 -0.500000000000
-225.774254394498 9.473518036598 0.000000000000 1.000000000000
-24.914516195951 261.974699939765 0.000000000000 1.000000000000
-62.839370480460 -34.590922529480 0.866025403784 0.500000000000
94.450630672033 93.980790840113 0.866025403784 -0.500000000000
-217.628217831773 80.101954910748 0.866025403784 -0.500000000000
173.475413322066 47.434156278759 0.866025403784 -0.500000000000
-22.374786054098 204.644782776107 0.866025403784 -0.500000000000
-115.444641936648 58.322945029559 0.000000000000 1.000000000000
10.940900768976 43.370366894861 0.000000000000 1.000000000000
184.422577557681 -81.300075049885 0.866025403784 0.500000000000
66.417997481495 -317.298174594382 0.866025403784 -0.500000000000
-60.067523500421 -105.053974550752 0.866025403784 0.500000000000
