#Configurational_file created 2018-09-14 12:04:04  started 2018-09-14 12:04:03 run for 1.0s steps 0
name: p_1167
step: 10000
specie: 20
	particle_diameter: 1.0000000000000000
	interaction_length: 1.2000000000000000
	number_of_patches: 3
	number_of_particles_per_compound: 1
	rod_length: 1.0000000000000000
	interaction_matrix:  1.000000 1.000000 1.000000 1.000000 1.000000 1.000000 1.000000 1.000000 1.000000
	patch_type: symmetric
	patch_width: 8.0000000000000000
	patch_angle: 0.0000000000000000
	angles:  0.000000 0.000000 0.000000
	grand_canonical: 0
	chemical_potential: 0.0000000000000000
box: 49.044887 49.044887
copy: 1.000000 1.000000
epsilon: 0.0437500000000000
end_epsilon: 0.0000000000000000
pressure: 0.0666670000000000
lambda: 0.0000000000000000
lambda_coupling: 1.0000000000000000
uy: 0.0000000000000000
maximum_displacement: 1.0000000000000000
maximum_rotation: 1.0000000000000000
maximum_volume: 1.0000000000000000
maximum_shape: 0.0000001000000000
maximum_dsigma: 0.0100000000000000
mod: 10
pmod: 10
optimize: 1
verbose: 1
snapshot: 0
display: 1
explore: 1
npt: 1
nptxy: 0
nptdxdy: 0
shape: 0
seed: 1329670
-28.741658536470 67.434910378240 0.866025403784 -0.500000000000
90.346084504742 -331.453492026506 0.866025403784 0.500000000000
252.756170903840 130.456355222801 0.000000000000 1.000000000000
-220.992571459026 171.799127734333 0.866025403784 -0.500000000000
152.447198134316 -236.547401573591 0.866025403784 0.500000000000
-85.757011110812 33.097420661794 0.866025403784 0.500000000000
-155.825731340995 162.259805382863 0.000000000000 1.000000000000
46.214091622362 -137.255048233154 0.866025403784 -0.500000000000
-52.217232046115 288.469938028948 0.000000000000 1.000000000000
176.550665708632 -136.017341766183 0.000000000000 1.000000000000
-245.680370974643 130.643589178726 0.866025403784 0.500000000000
-14.510851741781 488.253249778979 0.000000000000 1.000000000000
-158.730277151181 141.175977698526 0.866025403784 0.500000000000
79.607114465083 -208.631855892044 0.866025403784 0.500000000000
169.594143322496 103.703803396700 0.866025403784 0.500000000000
-247.055801257117 148.039152092173 0.866025403784 0.500000000000
-134.286069682596 160.498121753749 0.866025403784 0.500000000000
41.476098768340 -110.616798728196 0.866025403784 0.500000000000
-72.030301071068 -82.402618171874 0.866025403784 0.500000000000
-72.111721342260 354.663510695962 0.866025403784 -0.500000000000
