#Configurational_file created 2018-09-14 11:36:49  started 2018-09-14 11:36:48 run for 1.0s steps 0
name: p_1165
step: 10000
specie: 20
	particle_diameter: 1.0000000000000000
	interaction_length: 1.2000000000000000
	number_of_patches: 3
	number_of_particles_per_compound: 1
	rod_length: 1.0000000000000000
	interaction_matrix:  1.000000 1.000000 1.000000 1.000000 1.000000 1.000000 1.000000 1.000000 1.000000
	patch_type: symmetric
	patch_width: 8.0000000000000000
	patch_angle: 0.0000000000000000
	angles:  0.000000 0.000000 0.000000
	grand_canonical: 0
	chemical_potential: 0.0000000000000000
box: 8.127496 8.127496
copy: 1.000000 1.000000
epsilon: 0.4375120000000000
end_epsilon: 0.0000000000000000
pressure: 1.1667080000000001
lambda: 0.0000000000000000
lambda_coupling: 1.0000000000000000
uy: 0.0000000000000000
maximum_displacement: 1.0000000000000000
maximum_rotation: 1.0000000000000000
maximum_volume: 0.7344112838036484
maximum_shape: 0.0000001000000000
maximum_dsigma: 0.0100000000000000
mod: 10
pmod: 10
optimize: 1
verbose: 1
snapshot: 0
display: 1
explore: 1
npt: 1
nptxy: 0
nptdxdy: 0
shape: 0
seed: 1327396
-166.043575611199 -97.012409979125 0.000000000000 1.000000000000
-25.825025468364 -129.987453541824 0.866025403784 0.500000000000
-100.740195588501 -155.860835142814 0.866025403784 0.500000000000
-60.174571091425 43.627638749349 0.866025403784 -0.500000000000
-73.866700403131 -56.664473147696 0.000000000000 1.000000000000
-23.423770954620 77.748681455353 0.866025403784 0.500000000000
77.692348526023 -54.545849472235 0.000000000000 1.000000000000
33.247720528847 -2.372147198151 0.866025403784 -0.500000000000
-2.064809565019 42.607346336625 0.000000000000 1.000000000000
-78.268771167331 105.885306835070 0.000000000000 1.000000000000
-32.861809324580 -18.218741831851 0.866025403784 0.500000000000
83.752905425086 -19.735550126160 0.866025403784 0.500000000000
-60.530653101447 -75.347265086443 0.000000000000 1.000000000000
11.826237022295 -17.757125648279 0.866025403784 0.500000000000
50.903967357660 100.703029860607 0.866025403784 -0.500000000000
-15.334507289455 41.106837958881 0.866025403784 0.500000000000
41.920025898331 -62.649205218587 0.866025403784 -0.500000000000
44.249184002836 45.142993201945 0.866025403784 0.500000000000
-52.090634500612 61.475800862317 0.866025403784 0.500000000000
64.768128597472 -43.248071830976 0.000000000000 1.000000000000
