#Configurational_file created 2018-09-14 14:00:03  started 2018-09-14 14:00:02 run for 1.0s steps 0
name: p_1194
step: 10000
specie: 20
	particle_diameter: 1.0000000000000000
	interaction_length: 1.2000000000000000
	number_of_patches: 3
	number_of_particles_per_compound: 1
	rod_length: 1.0000000000000000
	interaction_matrix:  1.000000 1.000000 1.000000 1.000000 1.000000 1.000000 1.000000 1.000000 1.000000
	patch_type: symmetric
	patch_width: 8.0000000000000000
	patch_angle: 0.0000000000000000
	angles:  0.000000 0.000000 0.000000
	grand_canonical: 0
	chemical_potential: 0.0000000000000000
box: 10.910024 10.910024
copy: 1.000000 1.000000
epsilon: 0.6206900000000000
end_epsilon: 0.0000000000000000
pressure: 0.3965520000000000
lambda: 0.0000000000000000
lambda_coupling: 1.0000000000000000
uy: 0.0000000000000000
maximum_displacement: 1.0000000000000000
maximum_rotation: 1.0000000000000000
maximum_volume: 1.0000000000000000
maximum_shape: 0.0000001000000000
maximum_dsigma: 0.0100000000000000
mod: 10
pmod: 10
optimize: 1
verbose: 1
snapshot: 0
display: 1
explore: 1
npt: 1
nptxy: 0
nptdxdy: 0
shape: 0
seed: 1360369
37.475805841237 -30.349299235840 0.866025403784 0.500000000000
-69.026518977760 183.722754522605 0.000000000000 1.000000000000
-82.110314503808 -113.925705003546 0.000000000000 1.000000000000
93.380876557878 121.900660626798 0.866025403784 -0.500000000000
-49.857075433141 -104.408286810489 0.866025403784 0.500000000000
1.378074168457 -67.173418668143 0.000000000000 1.000000000000
-45.582631312708 13.508391467043 0.866025403784 0.500000000000
166.180473056131 -51.699934919659 0.000000000000 1.000000000000
74.506451774079 -14.373234050351 0.866025403784 -0.500000000000
-43.200867798268 94.500925947944 0.866025403784 -0.500000000000
-186.654123959675 -80.105396590679 0.000000000000 1.000000000000
-155.248324341061 60.463024132043 0.866025403784 0.500000000000
-11.076116990584 37.022514970947 0.000000000000 1.000000000000
-78.243647965741 6.309244921509 0.866025403784 -0.500000000000
51.863955067213 118.930379898456 0.000000000000 1.000000000000
-136.923410271306 43.002645456727 0.866025403784 0.500000000000
46.730888146984 -40.258313076063 0.866025403784 -0.500000000000
59.940475667864 -27.677360429331 0.000000000000 1.000000000000
-82.401311727140 -43.027723037682 0.866025403784 0.500000000000
-72.373624943276 6.061324118392 0.866025403784 -0.500000000000
