#Configurational_file created 2018-09-14 12:04:22  started 2018-09-14 12:04:22 run for 0.0s steps 0
name: p_1192
step: 10000
specie: 20
	particle_diameter: 1.0000000000000000
	interaction_length: 1.2000000000000000
	number_of_patches: 3
	number_of_particles_per_compound: 1
	rod_length: 1.0000000000000000
	interaction_matrix:  1.000000 1.000000 1.000000 1.000000 1.000000 1.000000 1.000000 1.000000 1.000000
	patch_type: symmetric
	patch_width: 8.0000000000000000
	patch_angle: 0.0000000000000000
	angles:  0.000000 0.000000 0.000000
	grand_canonical: 0
	chemical_potential: 0.0000000000000000
box: 44.770097 44.770097
copy: 1.000000 1.000000
epsilon: 0.0458330000000000
end_epsilon: 0.0000000000000000
pressure: 0.0666670000000000
lambda: 0.0000000000000000
lambda_coupling: 1.0000000000000000
uy: 0.0000000000000000
maximum_displacement: 1.0000000000000000
maximum_rotation: 1.0000000000000000
maximum_volume: 1.0000000000000000
maximum_shape: 0.0000001000000000
maximum_dsigma: 0.0100000000000000
mod: 10
pmod: 10
optimize: 1
verbose: 1
snapshot: 0
display: 1
explore: 1
npt: 1
nptxy: 0
nptdxdy: 0
shape: 0
seed: 1358095
-174.162821515526 207.217562503716 0.866025403784 0.500000000000
-75.872171165014 9.024941858930 0.866025403784 -0.500000000000
-322.186875457568 104.873527625450 0.000000000000 1.000000000000
379.396030937156 -70.223068401876 0.866025403784 0.500000000000
-48.473827552459 190.000370705043 0.000000000000 1.000000000000
-106.473906223637 27.183083718269 0.000000000000 1.000000000000
22.842113839514 -76.745019239195 0.866025403784 0.500000000000
106.338896821237 102.577769162833 0.000000000000 1.000000000000
29.887247303351 172.678889049049 0.000000000000 1.000000000000
-16.788365293805 21.260306940554 0.866025403784 -0.500000000000
220.049817126971 -22.660357062067 0.000000000000 1.000000000000
-79.166550935227 15.164802383067 0.866025403784 -0.500000000000
-60.058958431461 44.163957046699 0.000000000000 1.000000000000
-182.314283267196 97.396832128338 0.866025403784 0.500000000000
149.555126929600 -126.004226598048 0.866025403784 0.500000000000
23.886290805730 -12.972072257543 0.866025403784 0.500000000000
227.247832702696 121.278134401547 0.000000000000 1.000000000000
148.258002012662 -16.715715844930 0.866025403784 0.500000000000
255.251738323288 240.827036069062 0.866025403784 0.500000000000
-95.383345625330 -6.026651705111 0.866025403784 0.500000000000
