#Configurational_file created 2018-09-14 12:03:17  started 2018-09-14 12:03:16 run for 1.0s steps 0
name: p_1102
step: 10000
specie: 20
	particle_diameter: 1.0000000000000000
	interaction_length: 1.2000000000000000
	number_of_patches: 3
	number_of_particles_per_compound: 1
	rod_length: 1.0000000000000000
	interaction_matrix:  1.000000 1.000000 1.000000 1.000000 1.000000 1.000000 1.000000 1.000000 1.000000
	patch_type: symmetric
	patch_width: 8.0000000000000000
	patch_angle: 0.0000000000000000
	angles:  0.000000 0.000000 0.000000
	grand_canonical: 0
	chemical_potential: 0.0000000000000000
box: 52.194941 52.194941
copy: 1.000000 1.000000
epsilon: 0.0395840000000000
end_epsilon: 0.0000000000000000
pressure: 0.0041680000000000
lambda: 0.0000000000000000
lambda_coupling: 1.0000000000000000
uy: 0.0000000000000000
maximum_displacement: 1.0000000000000000
maximum_rotation: 1.0000000000000000
maximum_volume: 1.0000000000000000
maximum_shape: 0.0000001000000000
maximum_dsigma: 0.0100000000000000
mod: 10
pmod: 10
optimize: 1
verbose: 1
snapshot: 0
display: 1
explore: 1
npt: 1
nptxy: 0
nptdxdy: 0
shape: 0
seed: 1255765
252.328239078766 -124.645093300842 0.866025403784 0.500000000000
218.574280524781 159.865593973533 0.866025403784 -0.500000000000
41.939516953761 -61.769645961846 0.000000000000 1.000000000000
-121.599076163692 145.677830587510 0.000000000000 1.000000000000
251.849255899793 74.335531396578 0.866025403784 0.500000000000
51.656875686315 -39.524824110751 0.866025403784 -0.500000000000
107.385692642111 -377.413614117507 0.866025403784 0.500000000000
48.929355269854 -171.480148601443 0.866025403784 -0.500000000000
-62.987977305230 415.359325927219 0.866025403784 0.500000000000
127.515882820711 149.040635862293 0.000000000000 1.000000000000
-172.038427163123 -277.607650336356 0.000000000000 1.000000000000
-64.160097123709 -131.129221845751 0.866025403784 -0.500000000000
53.516361781562 393.547612140030 0.000000000000 1.000000000000
-257.636940194999 256.743164902900 0.000000000000 1.000000000000
25.224838421256 97.129914654260 0.866025403784 0.500000000000
177.425696541895 310.200152127390 0.000000000000 1.000000000000
384.653789873080 175.069976217518 0.000000000000 1.000000000000
18.934305552925 151.064907174324 0.866025403784 0.500000000000
221.510350664514 50.951104113275 0.000000000000 1.000000000000
16.475554449323 221.392687333467 0.866025403784 0.500000000000
