#Configurational_file created 2018-09-14 12:04:18  started 2018-09-14 12:04:17 run for 1.0s steps 0
name: p_1186
step: 10000
specie: 20
	particle_diameter: 1.0000000000000000
	interaction_length: 1.2000000000000000
	number_of_patches: 3
	number_of_particles_per_compound: 1
	rod_length: 1.0000000000000000
	interaction_matrix:  1.000000 1.000000 1.000000 1.000000 1.000000 1.000000 1.000000 1.000000 1.000000
	patch_type: symmetric
	patch_width: 8.0000000000000000
	patch_angle: 0.0000000000000000
	angles:  0.000000 0.000000 0.000000
	grand_canonical: 0
	chemical_potential: 0.0000000000000000
box: 45.189747 45.189747
copy: 1.000000 1.000000
epsilon: 0.0458330000000000
end_epsilon: 0.0000000000000000
pressure: 0.0416670000000000
lambda: 0.0000000000000000
lambda_coupling: 1.0000000000000000
uy: 0.0000000000000000
maximum_displacement: 1.0000000000000000
maximum_rotation: 1.0000000000000000
maximum_volume: 1.0000000000000000
maximum_shape: 0.0000001000000000
maximum_dsigma: 0.0100000000000000
mod: 10
pmod: 10
optimize: 1
verbose: 1
snapshot: 0
display: 1
explore: 1
npt: 1
nptxy: 0
nptdxdy: 0
shape: 0
seed: 1351273
-292.112690201976 26.011533217512 0.866025403784 -0.500000000000
-89.973692962029 -84.279508987842 0.866025403784 -0.500000000000
-104.939431556368 -244.674462023224 0.000000000000 1.000000000000
188.149344632798 -27.987656450705 0.866025403784 -0.500000000000
-136.336434743478 -100.014414106239 0.000000000000 1.000000000000
229.343407573246 -66.896337485945 0.866025403784 0.500000000000
-15.343832169856 -92.082439479217 0.866025403784 -0.500000000000
172.871066091761 123.608670703233 0.866025403784 -0.500000000000
102.174134440339 57.230850814213 0.866025403784 0.500000000000
141.495552397510 -156.067886911326 0.866025403784 0.500000000000
93.215064963312 -95.938419866763 0.000000000000 1.000000000000
-58.991283659002 13.558081701404 0.866025403784 -0.500000000000
310.430878853978 -14.793465407825 0.866025403784 -0.500000000000
48.036904946866 281.055843573790 0.866025403784 -0.500000000000
-127.836575696483 151.546311616538 0.866025403784 -0.500000000000
-207.705547977387 -70.672969592232 0.000000000000 1.000000000000
82.188550078564 134.416856205817 0.000000000000 1.000000000000
141.857962274434 -102.367829934971 0.866025403784 0.500000000000
-22.690378616179 30.829425821941 0.866025403784 0.500000000000
91.466052945923 -140.151435072505 0.000000000000 1.000000000000
