#Configurational_file created 2018-09-14 13:59:07  started 2018-09-14 13:59:06 run for 1.0s steps 0
name: p_1117
step: 10000
specie: 20
	particle_diameter: 1.0000000000000000
	interaction_length: 1.2000000000000000
	number_of_patches: 3
	number_of_particles_per_compound: 1
	rod_length: 1.0000000000000000
	interaction_matrix:  1.000000 1.000000 1.000000 1.000000 1.000000 1.000000 1.000000 1.000000 1.000000
	patch_type: symmetric
	patch_width: 8.0000000000000000
	patch_angle: 0.0000000000000000
	angles:  0.000000 0.000000 0.000000
	grand_canonical: 0
	chemical_potential: 0.0000000000000000
box: 19.569970 19.569970
copy: 1.000000 1.000000
epsilon: 0.4827590000000000
end_epsilon: 0.0000000000000000
pressure: 0.1034490000000000
lambda: 0.0000000000000000
lambda_coupling: 1.0000000000000000
uy: 0.0000000000000000
maximum_displacement: 1.0000000000000000
maximum_rotation: 1.0000000000000000
maximum_volume: 1.0000000000000000
maximum_shape: 0.0000001000000000
maximum_dsigma: 0.0100000000000000
mod: 10
pmod: 10
optimize: 1
verbose: 1
snapshot: 0
display: 1
explore: 1
npt: 1
nptxy: 0
nptdxdy: 0
shape: 0
seed: 1272820
-118.054320153196 -120.279782996251 0.866025403784 -0.500000000000
-50.489418225566 14.293155223922 0.866025403784 0.500000000000
32.233345267508 -70.804150723641 0.866025403784 -0.500000000000
-102.915165795056 121.472386701074 0.000000000000 1.000000000000
-104.772039833108 -92.758231839250 0.866025403784 -0.500000000000
-119.110446648799 2.533878830365 0.000000000000 1.000000000000
37.388052143133 14.845843798652 0.866025403784 -0.500000000000
-68.833334358980 -74.070041660813 0.866025403784 -0.500000000000
55.655648009330 58.233982969458 0.866025403784 0.500000000000
138.953315647311 -68.730325110747 0.866025403784 -0.500000000000
-40.675435968213 -230.305030570160 0.000000000000 1.000000000000
-10.768261076611 -149.445252262599 0.866025403784 -0.500000000000
57.670560478028 63.536035578467 0.866025403784 -0.500000000000
1.885103887058 -104.231125512405 0.000000000000 1.000000000000
71.291309685606 110.051231006011 0.866025403784 -0.500000000000
35.930989477891 89.977451235204 0.866025403784 -0.500000000000
7.682858706099 -111.016769548957 0.866025403784 -0.500000000000
-83.833404922862 -99.756054095639 0.866025403784 0.500000000000
25.367378721899 135.097286562951 0.866025403784 0.500000000000
-135.492972226906 74.031199094872 0.866025403784 -0.500000000000
