#Configurational_file created 2018-09-14 13:59:10  started 2018-09-14 13:59:09 run for 1.0s steps 0
name: p_1122
step: 10000
specie: 20
	particle_diameter: 1.0000000000000000
	interaction_length: 1.2000000000000000
	number_of_patches: 3
	number_of_particles_per_compound: 1
	rod_length: 1.0000000000000000
	interaction_matrix:  1.000000 1.000000 1.000000 1.000000 1.000000 1.000000 1.000000 1.000000 1.000000
	patch_type: symmetric
	patch_width: 8.0000000000000000
	patch_angle: 0.0000000000000000
	angles:  0.000000 0.000000 0.000000
	grand_canonical: 0
	chemical_potential: 0.0000000000000000
box: 17.195781 17.195781
copy: 1.000000 1.000000
epsilon: 0.4827590000000000
end_epsilon: 0.0000000000000000
pressure: 0.1896560000000000
lambda: 0.0000000000000000
lambda_coupling: 1.0000000000000000
uy: 0.0000000000000000
maximum_displacement: 1.0000000000000000
maximum_rotation: 1.0000000000000000
maximum_volume: 1.0000000000000000
maximum_shape: 0.0000001000000000
maximum_dsigma: 0.0100000000000000
mod: 10
pmod: 10
optimize: 1
verbose: 1
snapshot: 0
display: 1
explore: 1
npt: 1
nptxy: 0
nptdxdy: 0
shape: 0
seed: 1278505
-112.856431684338 -64.151182032285 0.866025403784 -0.500000000000
-40.526339737353 71.679250316963 0.000000000000 1.000000000000
35.318584932824 -99.460558763594 0.000000000000 1.000000000000
50.646142094475 23.451681539379 0.866025403784 -0.500000000000
-58.213021120470 47.054356501051 0.866025403784 -0.500000000000
63.266698677213 -88.786580850472 0.000000000000 1.000000000000
45.472906800464 170.811931081807 0.866025403784 0.500000000000
-239.986825965739 68.772123462480 0.866025403784 -0.500000000000
88.059771625174 -94.373778360337 0.866025403784 0.500000000000
-6.941515024958 165.766177446130 0.000000000000 1.000000000000
74.232088175609 -49.527589338875 0.000000000000 1.000000000000
137.558429165387 -54.722222204242 0.866025403784 -0.500000000000
-53.037501970009 -183.853592353730 0.866025403784 -0.500000000000
37.977382134612 89.892203875837 0.000000000000 1.000000000000
-73.966797777376 -11.437157484862 0.000000000000 1.000000000000
-82.289366007960 28.466485543583 0.000000000000 1.000000000000
-55.252704215969 48.809921185572 0.866025403784 -0.500000000000
48.762595817867 92.966929505164 0.866025403784 0.500000000000
230.308877258799 183.920287999489 0.866025403784 -0.500000000000
208.082815100113 -53.412886343020 0.866025403784 -0.500000000000
