#Configurational_file created 2018-09-14 12:03:42  started 2018-09-14 12:03:41 run for 1.0s steps 0
name: p_1136
step: 10000
specie: 20
	particle_diameter: 1.0000000000000000
	interaction_length: 1.2000000000000000
	number_of_patches: 3
	number_of_particles_per_compound: 1
	rod_length: 1.0000000000000000
	interaction_matrix:  1.000000 1.000000 1.000000 1.000000 1.000000 1.000000 1.000000 1.000000 1.000000
	patch_type: symmetric
	patch_width: 8.0000000000000000
	patch_angle: 0.0000000000000000
	angles:  0.000000 0.000000 0.000000
	grand_canonical: 0
	chemical_potential: 0.0000000000000000
box: 48.935125 48.935125
copy: 1.000000 1.000000
epsilon: 0.0416670000000000
end_epsilon: 0.0000000000000000
pressure: 0.0416670000000000
lambda: 0.0000000000000000
lambda_coupling: 1.0000000000000000
uy: 0.0000000000000000
maximum_displacement: 1.0000000000000000
maximum_rotation: 1.0000000000000000
maximum_volume: 1.0000000000000000
maximum_shape: 0.0000001000000000
maximum_dsigma: 0.0100000000000000
mod: 10
pmod: 10
optimize: 1
verbose: 1
snapshot: 0
display: 1
explore: 1
npt: 1
nptxy: 0
nptdxdy: 0
shape: 0
seed: 1294423
-279.132667615887 333.142389783699 0.866025403784 0.500000000000
203.806108718706 58.268566719015 0.866025403784 -0.500000000000
-12.946659067130 167.327515079645 0.000000000000 1.000000000000
-82.190332536109 -299.054501604003 0.866025403784 -0.500000000000
-452.595391477620 -240.678077255764 0.866025403784 -0.500000000000
256.712118360883 -89.571783179512 0.866025403784 0.500000000000
198.747346574716 -78.231221661740 0.866025403784 -0.500000000000
31.030114453066 69.293530418886 0.866025403784 -0.500000000000
295.152930114184 273.527790343191 0.866025403784 0.500000000000
53.703949242755 -265.634358700530 0.866025403784 -0.500000000000
-41.424710853436 -389.047442065112 0.000000000000 1.000000000000
-212.781696686031 -138.669532317911 0.866025403784 -0.500000000000
16.122515471179 -75.237961882065 0.866025403784 0.500000000000
32.213628301571 62.593902093790 0.866025403784 0.500000000000
-36.105101064033 -218.318053643808 0.866025403784 0.500000000000
-172.679570279540 93.157180965655 0.866025403784 0.500000000000
315.145548108840 -54.345228059690 0.866025403784 -0.500000000000
-4.443365362695 198.936784789058 0.866025403784 0.500000000000
-189.539012421336 122.766308918092 0.000000000000 1.000000000000
-74.622035147603 76.574554696675 0.866025403784 0.500000000000
