#Configurational_file created 2018-09-14 13:59:30  started 2018-09-14 13:59:30 run for 0.0s steps 0
name: p_1150
step: 10000
specie: 20
	particle_diameter: 1.0000000000000000
	interaction_length: 1.2000000000000000
	number_of_patches: 3
	number_of_particles_per_compound: 1
	rod_length: 1.0000000000000000
	interaction_matrix:  1.000000 1.000000 1.000000 1.000000 1.000000 1.000000 1.000000 1.000000 1.000000
	patch_type: symmetric
	patch_width: 8.0000000000000000
	patch_angle: 0.0000000000000000
	angles:  0.000000 0.000000 0.000000
	grand_canonical: 0
	chemical_potential: 0.0000000000000000
box: 17.756484 17.756484
copy: 1.000000 1.000000
epsilon: 0.5517250000000000
end_epsilon: 0.0000000000000000
pressure: 0.1551730000000000
lambda: 0.0000000000000000
lambda_coupling: 1.0000000000000000
uy: 0.0000000000000000
maximum_displacement: 1.0000000000000000
maximum_rotation: 1.0000000000000000
maximum_volume: 1.0000000000000000
maximum_shape: 0.0000001000000000
maximum_dsigma: 0.0100000000000000
mod: 10
pmod: 10
optimize: 1
verbose: 1
snapshot: 0
display: 1
explore: 1
npt: 1
nptxy: 0
nptdxdy: 0
shape: 0
seed: 1310341
178.874896596932 -42.681063606061 0.866025403784 0.500000000000
-5.087653809438 -213.534286313965 0.000000000000 1.000000000000
-27.338291946906 -63.537451337088 0.000000000000 1.000000000000
125.019239929476 210.092558811971 0.866025403784 0.500000000000
-48.444297070303 -204.025862929818 0.866025403784 0.500000000000
23.673151505051 -162.823155270941 0.866025403784 -0.500000000000
16.096783466052 82.325472975012 0.000000000000 1.000000000000
-5.255496388406 15.068578078168 0.866025403784 0.500000000000
-60.780508030091 -75.851509038370 0.000000000000 1.000000000000
31.372647327534 36.722366959817 0.866025403784 0.500000000000
-9.550605719589 -78.560334789895 0.000000000000 1.000000000000
186.929114663153 -45.269148932661 0.866025403784 -0.500000000000
-23.522622007089 -65.699519320115 0.866025403784 0.500000000000
35.766428438333 3.556043127271 0.866025403784 -0.500000000000
-55.040437119555 130.303060586708 0.000000000000 1.000000000000
193.203440388924 43.189273527504 0.866025403784 -0.500000000000
-14.099855535835 71.387833114697 0.866025403784 0.500000000000
-21.702760474227 118.250455423462 0.866025403784 0.500000000000
90.839892245972 110.425518932176 0.866025403784 -0.500000000000
110.779446556094 -99.447790608886 0.866025403784 -0.500000000000
