#Configurational_file created 2018-09-14 11:35:55  started 2018-09-14 11:35:54 run for 1.0s steps 0
name: p_1101
step: 10000
specie: 20
	particle_diameter: 1.0000000000000000
	interaction_length: 1.2000000000000000
	number_of_patches: 3
	number_of_particles_per_compound: 1
	rod_length: 1.0000000000000000
	interaction_matrix:  1.000000 1.000000 1.000000 1.000000 1.000000 1.000000 1.000000 1.000000 1.000000
	patch_type: symmetric
	patch_width: 8.0000000000000000
	patch_angle: 0.0000000000000000
	angles:  0.000000 0.000000 0.000000
	grand_canonical: 0
	chemical_potential: 0.0000000000000000
box: 49.318141 49.318141
copy: 1.000000 1.000000
epsilon: 0.3958540000000000
end_epsilon: 0.0000000000000000
pressure: 0.0001000000000000
lambda: 0.0000000000000000
lambda_coupling: 1.0000000000000000
uy: 0.0000000000000000
maximum_displacement: 1.0000000000000000
maximum_rotation: 1.0000000000000000
maximum_volume: 1.0000000000000000
maximum_shape: 0.0000001000000000
maximum_dsigma: 0.0100000000000000
mod: 10
pmod: 10
optimize: 1
verbose: 1
snapshot: 0
display: 1
explore: 1
npt: 1
nptxy: 0
nptdxdy: 0
shape: 0
seed: 1254628
-86.718910140403 5.627332399890 0.000000000000 1.000000000000
171.635819895227 -215.285652156109 0.866025403784 -0.500000000000
36.363979667590 9.057238186344 0.866025403784 -0.500000000000
-111.462987606088 364.215369266929 0.000000000000 1.000000000000
-38.079699314571 76.512882251082 0.866025403784 -0.500000000000
-165.546292973724 -81.451794628339 0.000000000000 1.000000000000
95.129046180869 -416.747132817951 0.866025403784 0.500000000000
-144.641235055343 123.313008262975 0.000000000000 1.000000000000
215.724129960165 -148.660463272215 0.866025403784 0.500000000000
19.591944816856 317.471155975770 0.000000000000 1.000000000000
107.364142086392 263.832159872428 0.866025403784 -0.500000000000
69.031847105634 205.846545630134 0.866025403784 0.500000000000
408.116952020188 -17.717543511300 0.000000000000 1.000000000000
-0.077831407966 150.629881963161 0.866025403784 0.500000000000
111.681378836037 177.443802066147 0.866025403784 -0.500000000000
149.748865086536 -16.251626930335 0.866025403784 -0.500000000000
3.134042773359 -26.286353248632 0.866025403784 -0.500000000000
-42.799013948939 111.253472122593 0.866025403784 0.500000000000
39.808525974363 54.951867563915 0.000000000000 1.000000000000
-111.651571888983 44.638159712926 0.866025403784 0.500000000000
