#Configurational_file created 2018-09-14 13:59:12  started 2018-09-14 13:59:11 run for 1.0s steps 0
name: p_1125
step: 10000
specie: 20
	particle_diameter: 1.0000000000000000
	interaction_length: 1.2000000000000000
	number_of_patches: 3
	number_of_particles_per_compound: 1
	rod_length: 1.0000000000000000
	interaction_matrix:  1.000000 1.000000 1.000000 1.000000 1.000000 1.000000 1.000000 1.000000 1.000000
	patch_type: symmetric
	patch_width: 8.0000000000000000
	patch_angle: 0.0000000000000000
	angles:  0.000000 0.000000 0.000000
	grand_canonical: 0
	chemical_potential: 0.0000000000000000
box: 14.948787 14.948787
copy: 1.000000 1.000000
epsilon: 0.4827590000000000
end_epsilon: 0.0000000000000000
pressure: 0.2413800000000000
lambda: 0.0000000000000000
lambda_coupling: 1.0000000000000000
uy: 0.0000000000000000
maximum_displacement: 1.0000000000000000
maximum_rotation: 1.0000000000000000
maximum_volume: 1.0000000000000000
maximum_shape: 0.0000001000000000
maximum_dsigma: 0.0100000000000000
mod: 10
pmod: 10
optimize: 1
verbose: 1
snapshot: 0
display: 1
explore: 1
npt: 1
nptxy: 0
nptdxdy: 0
shape: 0
seed: 1281916
114.611943707151 -90.284693256342 0.866025403784 0.500000000000
-81.542611846632 55.287006030134 0.866025403784 0.500000000000
142.115136638516 215.693585462764 0.000000000000 1.000000000000
113.810143195404 -32.664061012140 0.866025403784 0.500000000000
122.151899371865 95.180540715477 0.000000000000 1.000000000000
24.730962768741 82.012850672528 0.000000000000 1.000000000000
63.091989251324 57.753552056114 0.000000000000 1.000000000000
-58.025330526788 30.736452495587 0.866025403784 0.500000000000
-32.235293975253 139.070792281542 0.000000000000 1.000000000000
32.306949581490 -55.887642353999 0.866025403784 0.500000000000
-108.666548091471 -28.367529454652 0.000000000000 1.000000000000
4.029262933960 -65.546709162627 0.000000000000 1.000000000000
-74.441170635105 56.065066981129 0.000000000000 1.000000000000
-105.221771440693 -49.493296915341 0.866025403784 -0.500000000000
-60.723922768314 71.539283984594 0.866025403784 -0.500000000000
16.995627564846 144.020001966735 0.866025403784 0.500000000000
104.851877534811 -45.167799309525 0.000000000000 1.000000000000
99.190876802470 106.598290394962 0.866025403784 0.500000000000
-244.441531365860 175.668546505545 0.000000000000 1.000000000000
-81.246693324177 -1.518248299067 0.000000000000 1.000000000000
