#Configurational_file created 2018-09-14 11:36:58  started 2018-09-14 11:36:57 run for 1.0s steps 0
name: p_1174
step: 10000
specie: 20
	particle_diameter: 1.0000000000000000
	interaction_length: 1.2000000000000000
	number_of_patches: 3
	number_of_particles_per_compound: 1
	rod_length: 1.0000000000000000
	interaction_matrix:  1.000000 1.000000 1.000000 1.000000 1.000000 1.000000 1.000000 1.000000 1.000000
	patch_type: symmetric
	patch_width: 8.0000000000000000
	patch_angle: 0.0000000000000000
	angles:  0.000000 0.000000 0.000000
	grand_canonical: 0
	chemical_potential: 0.0000000000000000
box: 6.988974 6.988974
copy: 1.000000 1.000000
epsilon: 0.4375120000000000
end_epsilon: 0.0000000000000000
pressure: 1.9166710000000000
lambda: 0.0000000000000000
lambda_coupling: 1.0000000000000000
uy: 0.0000000000000000
maximum_displacement: 1.0000000000000000
maximum_rotation: 1.0000000000000000
maximum_volume: 0.3227356280891652
maximum_shape: 0.0000001000000000
maximum_dsigma: 0.0100000000000000
mod: 10
pmod: 10
optimize: 1
verbose: 1
snapshot: 0
display: 1
explore: 1
npt: 1
nptxy: 0
nptdxdy: 0
shape: 0
seed: 1337629
9.180176333066 -16.253076173035 0.866025403784 -0.500000000000
45.528660920234 -81.145560690610 0.000000000000 1.000000000000
-92.114368011832 22.773030928721 0.866025403784 -0.500000000000
25.772120753144 -58.691504728057 0.866025403784 0.500000000000
41.622850218856 -13.243641604214 0.866025403784 0.500000000000
6.804803952650 -59.263189025097 0.866025403784 0.500000000000
-60.400644536510 24.959207905054 0.866025403784 0.500000000000
51.138762224077 40.700831238406 0.866025403784 -0.500000000000
-18.975760209416 1.354390655225 0.866025403784 0.500000000000
25.920814142993 2.687815600276 0.866025403784 -0.500000000000
53.071991043450 -44.093117979532 0.866025403784 -0.500000000000
-104.518804405072 -113.210461328826 0.000000000000 1.000000000000
23.311613953873 -12.023658660027 0.866025403784 -0.500000000000
44.091644661388 70.558259941955 0.000000000000 1.000000000000
-38.258347793132 -34.924474616478 0.866025403784 0.500000000000
57.010074164274 51.907381187423 0.866025403784 -0.500000000000
94.142361153110 11.041191836799 0.000000000000 1.000000000000
4.665854253120 -40.870143143122 0.000000000000 1.000000000000
77.461288912320 35.150278166611 0.000000000000 1.000000000000
-43.000386938077 -64.644625550744 0.866025403784 0.500000000000
