#Configurational_file created 2018-09-14 12:03:59  started 2018-09-14 12:03:58 run for 1.0s steps 0
name: p_1160
step: 10000
specie: 20
	particle_diameter: 1.0000000000000000
	interaction_length: 1.2000000000000000
	number_of_patches: 3
	number_of_particles_per_compound: 1
	rod_length: 1.0000000000000000
	interaction_matrix:  1.000000 1.000000 1.000000 1.000000 1.000000 1.000000 1.000000 1.000000 1.000000
	patch_type: symmetric
	patch_width: 8.0000000000000000
	patch_angle: 0.0000000000000000
	angles:  0.000000 0.000000 0.000000
	grand_canonical: 0
	chemical_potential: 0.0000000000000000
box: 41.853066 41.853066
copy: 1.000000 1.000000
epsilon: 0.0437500000000000
end_epsilon: 0.0000000000000000
pressure: 0.0375010000000000
lambda: 0.0000000000000000
lambda_coupling: 1.0000000000000000
uy: 0.0000000000000000
maximum_displacement: 1.0000000000000000
maximum_rotation: 1.0000000000000000
maximum_volume: 1.0000000000000000
maximum_shape: 0.0000001000000000
maximum_dsigma: 0.0100000000000000
mod: 10
pmod: 10
optimize: 1
verbose: 1
snapshot: 0
display: 1
explore: 1
npt: 1
nptxy: 0
nptdxdy: 0
shape: 0
seed: 1321711
23.374862157848 -132.609403439912 0.000000000000 1.000000000000
66.167454680871 188.413148402765 0.000000000000 1.000000000000
-75.836528899745 -129.361150524733 0.866025403784 -0.500000000000
-249.237562770329 -267.818127679029 0.866025403784 0.500000000000
-66.806123344330 99.585616017457 0.866025403784 0.500000000000
-268.864273324916 150.041272463852 0.000000000000 1.000000000000
37.141693700328 -40.628757495338 0.866025403784 0.500000000000
44.868374536177 294.060464834190 0.866025403784 0.500000000000
-176.952459017561 159.077435284058 0.866025403784 0.500000000000
-28.806094825339 75.812444895798 0.866025403784 -0.500000000000
-215.098729846143 39.272087673505 0.000000000000 1.000000000000
14.571859121539 160.569455018677 0.866025403784 0.500000000000
-20.577453730966 -172.532415087880 0.866025403784 0.500000000000
-110.876410562827 -303.997527209039 0.866025403784 0.500000000000
-150.107322428969 147.923822545158 0.000000000000 1.000000000000
-39.999594855075 -5.218712321803 0.866025403784 -0.500000000000
-101.571887659604 -77.907489660033 0.866025403784 -0.500000000000
221.262578824955 101.925905577427 0.866025403784 0.500000000000
322.788109259971 91.797042145724 0.000000000000 1.000000000000
276.385454925758 -54.341425190821 0.866025403784 0.500000000000
