#Configurational_file created 2018-09-14 11:36:27  started 2018-09-14 11:36:26 run for 1.0s steps 0
name: p_1139
step: 10000
specie: 20
	particle_diameter: 1.0000000000000000
	interaction_length: 1.2000000000000000
	number_of_patches: 3
	number_of_particles_per_compound: 1
	rod_length: 1.0000000000000000
	interaction_matrix:  1.000000 1.000000 1.000000 1.000000 1.000000 1.000000 1.000000 1.000000 1.000000
	patch_type: symmetric
	patch_width: 8.0000000000000000
	patch_angle: 0.0000000000000000
	angles:  0.000000 0.000000 0.000000
	grand_canonical: 0
	chemical_potential: 0.0000000000000000
box: 9.145956 9.145956
copy: 1.000000 1.000000
epsilon: 0.4166830000000000
end_epsilon: 0.0000000000000000
pressure: 1.0833790000000001
lambda: 0.0000000000000000
lambda_coupling: 1.0000000000000000
uy: 0.0000000000000000
maximum_displacement: 1.0000000000000000
maximum_rotation: 1.0000000000000000
maximum_volume: 0.7448876676471508
maximum_shape: 0.0000001000000000
maximum_dsigma: 0.0100000000000000
mod: 10
pmod: 10
optimize: 1
verbose: 1
snapshot: 0
display: 1
explore: 1
npt: 1
nptxy: 0
nptdxdy: 0
shape: 0
seed: 1297834
-18.386917781645 9.951635113689 0.866025403784 0.500000000000
-3.612626298857 -29.846945580009 0.866025403784 -0.500000000000
-34.015865816856 -10.260819638318 0.000000000000 1.000000000000
79.446995365412 154.503024352854 0.000000000000 1.000000000000
55.711963472246 4.405957292717 0.866025403784 0.500000000000
85.627052242933 -64.112477546252 0.000000000000 1.000000000000
47.268574444378 -53.503512039274 0.866025403784 0.500000000000
-83.716737267661 1.597631896070 0.000000000000 1.000000000000
68.930674031141 33.337583267129 0.866025403784 0.500000000000
68.769689561903 -31.439092883112 0.000000000000 1.000000000000
-48.457430463263 34.554885370954 0.000000000000 1.000000000000
-57.112148967265 -72.195380708607 0.866025403784 0.500000000000
-13.834284227182 -15.663225770906 0.866025403784 0.500000000000
26.066164414890 36.658841958977 0.000000000000 1.000000000000
72.006590156366 4.426376571698 0.866025403784 0.500000000000
54.330193888629 53.323662602942 0.000000000000 1.000000000000
-53.663044500080 89.455178932917 0.866025403784 -0.500000000000
-97.274375325072 76.700099478523 0.866025403784 0.500000000000
71.290951793144 -15.704474162474 0.000000000000 1.000000000000
130.815132774157 -94.853727252255 0.866025403784 -0.500000000000
