#Configurational_file created 2018-09-14 13:59:56  started 2018-09-14 13:59:55 run for 1.0s steps 0
name: p_1185
step: 10000
specie: 20
	particle_diameter: 1.0000000000000000
	interaction_length: 1.2000000000000000
	number_of_patches: 3
	number_of_particles_per_compound: 1
	rod_length: 1.0000000000000000
	interaction_matrix:  1.000000 1.000000 1.000000 1.000000 1.000000 1.000000 1.000000 1.000000 1.000000
	patch_type: symmetric
	patch_width: 8.0000000000000000
	patch_angle: 0.0000000000000000
	angles:  0.000000 0.000000 0.000000
	grand_canonical: 0
	chemical_potential: 0.0000000000000000
box: 13.111122 13.111122
copy: 1.000000 1.000000
epsilon: 0.6206900000000000
end_epsilon: 0.0000000000000000
pressure: 0.2413800000000000
lambda: 0.0000000000000000
lambda_coupling: 1.0000000000000000
uy: 0.0000000000000000
maximum_displacement: 1.0000000000000000
maximum_rotation: 1.0000000000000000
maximum_volume: 1.0000000000000000
maximum_shape: 0.0000001000000000
maximum_dsigma: 0.0100000000000000
mod: 10
pmod: 10
optimize: 1
verbose: 1
snapshot: 0
display: 1
explore: 1
npt: 1
nptxy: 0
nptdxdy: 0
shape: 0
seed: 1350136
-85.145090255787 30.020137992095 0.000000000000 1.000000000000
-53.193939429806 -28.218413340715 0.866025403784 0.500000000000
53.481406680361 82.192769775325 0.866025403784 -0.500000000000
85.823211466072 37.204542431836 0.000000000000 1.000000000000
-11.149081866013 108.576284206362 0.000000000000 1.000000000000
-31.193082908374 64.123151665596 0.000000000000 1.000000000000
105.399618888977 13.728067423075 0.000000000000 1.000000000000
-5.959591517253 135.848771334598 0.866025403784 0.500000000000
87.592429340463 66.741652553292 0.000000000000 1.000000000000
64.508076043730 200.285955592184 0.000000000000 1.000000000000
111.966948289764 -84.545415375894 0.866025403784 0.500000000000
-38.969654489633 -119.349131981701 0.866025403784 0.500000000000
-28.368061660647 -16.311936339206 0.866025403784 -0.500000000000
-61.329325158291 -114.658225914600 0.866025403784 -0.500000000000
127.555833230507 104.328530268277 0.866025403784 -0.500000000000
-36.917879305385 210.599799649927 0.000000000000 1.000000000000
66.005502368886 -57.416663404143 0.866025403784 -0.500000000000
29.354939682328 -20.114603377658 0.000000000000 1.000000000000
-181.004128706749 -46.953758558298 0.866025403784 -0.500000000000
-109.775460267769 34.504720193015 0.866025403784 0.500000000000
