#Configurational_file created 2018-09-14 12:04:19  started 2018-09-14 12:04:19 run for 0.0s steps 0
name: p_1188
step: 10000
specie: 20
	particle_diameter: 1.0000000000000000
	interaction_length: 1.2000000000000000
	number_of_patches: 3
	number_of_particles_per_compound: 1
	rod_length: 1.0000000000000000
	interaction_matrix:  1.000000 1.000000 1.000000 1.000000 1.000000 1.000000 1.000000 1.000000 1.000000
	patch_type: symmetric
	patch_width: 8.0000000000000000
	patch_angle: 0.0000000000000000
	angles:  0.000000 0.000000 0.000000
	grand_canonical: 0
	chemical_potential: 0.0000000000000000
box: 41.808230 41.808230
copy: 1.000000 1.000000
epsilon: 0.0458330000000000
end_epsilon: 0.0000000000000000
pressure: 0.0500010000000000
lambda: 0.0000000000000000
lambda_coupling: 1.0000000000000000
uy: 0.0000000000000000
maximum_displacement: 1.0000000000000000
maximum_rotation: 1.0000000000000000
maximum_volume: 1.0000000000000000
maximum_shape: 0.0000001000000000
maximum_dsigma: 0.0100000000000000
mod: 10
pmod: 10
optimize: 1
verbose: 1
snapshot: 0
display: 1
explore: 1
npt: 1
nptxy: 0
nptdxdy: 0
shape: 0
seed: 1353547
35.688571195518 63.789422391340 0.866025403784 -0.500000000000
-58.652250066942 168.021328492253 0.866025403784 0.500000000000
51.435106506990 125.654983763239 0.866025403784 -0.500000000000
10.067260335025 -50.293242987392 0.866025403784 -0.500000000000
-209.056272664848 53.265598858510 0.866025403784 0.500000000000
233.472045133511 79.228698076827 0.866025403784 -0.500000000000
37.715880649404 -139.616803929686 0.866025403784 -0.500000000000
-12.291133919038 -79.308918923483 0.000000000000 1.000000000000
-34.068535559391 22.430943819560 0.866025403784 0.500000000000
114.125727502886 202.622257495516 0.000000000000 1.000000000000
-77.200304426587 -83.717285165374 0.866025403784 0.500000000000
40.180318711893 197.608325285888 0.866025403784 -0.500000000000
86.388892642614 -402.549346004914 0.866025403784 -0.500000000000
-166.829497324190 -2.407045551002 0.866025403784 0.500000000000
193.221261461413 -95.121976707711 0.866025403784 -0.500000000000
-132.145339308541 138.075298719287 0.000000000000 1.000000000000
-55.671596254215 -177.965071663211 0.866025403784 0.500000000000
279.730297963632 169.779801301660 0.866025403784 0.500000000000
-11.365306712091 -83.783361051198 0.866025403784 -0.500000000000
135.835960915321 -145.951387385752 0.000000000000 1.000000000000
