#Configurational_file created 2018-09-14 12:03:23  started 2018-09-14 12:03:22 run for 1.0s steps 0
name: p_1110
step: 10000
specie: 20
	particle_diameter: 1.0000000000000000
	interaction_length: 1.2000000000000000
	number_of_patches: 3
	number_of_particles_per_compound: 1
	rod_length: 1.0000000000000000
	interaction_matrix:  1.000000 1.000000 1.000000 1.000000 1.000000 1.000000 1.000000 1.000000 1.000000
	patch_type: symmetric
	patch_width: 8.0000000000000000
	patch_angle: 0.0000000000000000
	angles:  0.000000 0.000000 0.000000
	grand_canonical: 0
	chemical_potential: 0.0000000000000000
box: 44.514372 44.514372
copy: 1.000000 1.000000
epsilon: 0.0395840000000000
end_epsilon: 0.0000000000000000
pressure: 0.0375010000000000
lambda: 0.0000000000000000
lambda_coupling: 1.0000000000000000
uy: 0.0000000000000000
maximum_displacement: 1.0000000000000000
maximum_rotation: 1.0000000000000000
maximum_volume: 1.0000000000000000
maximum_shape: 0.0000001000000000
maximum_dsigma: 0.0100000000000000
mod: 10
pmod: 10
optimize: 1
verbose: 1
snapshot: 0
display: 1
explore: 1
npt: 1
nptxy: 0
nptdxdy: 0
shape: 0
seed: 1264861
16.458622174232 -126.160972741990 0.866025403784 0.500000000000
-308.165231875112 -165.452862382060 0.866025403784 -0.500000000000
95.121531415707 -8.406615933335 0.866025403784 0.500000000000
53.435405228708 72.182081529912 0.866025403784 -0.500000000000
-51.180944569941 -17.447145131824 0.866025403784 -0.500000000000
-191.922738010783 -90.072359845023 0.866025403784 0.500000000000
-112.230721121136 -223.734687243755 0.000000000000 1.000000000000
56.468709210925 259.593651405470 0.866025403784 0.500000000000
-40.731503562547 305.699724564544 0.000000000000 1.000000000000
-273.409254035733 118.757366341478 0.866025403784 0.500000000000
144.778174050630 75.722963163246 0.866025403784 -0.500000000000
-58.214177847673 23.183833911054 0.866025403784 0.500000000000
-6.451545572356 17.204466529927 0.866025403784 -0.500000000000
-311.801177098180 -30.571062017005 0.866025403784 0.500000000000
165.660148658853 -307.325291740511 0.866025403784 0.500000000000
200.596930947564 8.414957012033 0.866025403784 0.500000000000
107.586764053700 -55.797836941137 0.866025403784 -0.500000000000
43.342553699244 164.286691945769 0.866025403784 -0.500000000000
-295.510927932379 12.489834045334 0.866025403784 -0.500000000000
-35.423242728326 86.442205669904 0.866025403784 0.500000000000
