#Configurational_file created 2018-09-14 13:59:25  started 2018-09-14 13:59:24 run for 1.0s steps 0
name: p_1142
step: 10000
specie: 20
	particle_diameter: 1.0000000000000000
	interaction_length: 1.2000000000000000
	number_of_patches: 3
	number_of_particles_per_compound: 1
	rod_length: 1.0000000000000000
	interaction_matrix:  1.000000 1.000000 1.000000 1.000000 1.000000 1.000000 1.000000 1.000000 1.000000
	patch_type: symmetric
	patch_width: 8.0000000000000000
	patch_angle: 0.0000000000000000
	angles:  0.000000 0.000000 0.000000
	grand_canonical: 0
	chemical_potential: 0.0000000000000000
box: 41.538311 41.538311
copy: 1.000000 1.000000
epsilon: 0.5517250000000000
end_epsilon: 0.0000000000000000
pressure: 0.0172420000000000
lambda: 0.0000000000000000
lambda_coupling: 1.0000000000000000
uy: 0.0000000000000000
maximum_displacement: 1.0000000000000000
maximum_rotation: 1.0000000000000000
maximum_volume: 1.0000000000000000
maximum_shape: 0.0000001000000000
maximum_dsigma: 0.0100000000000000
mod: 10
pmod: 10
optimize: 1
verbose: 1
snapshot: 0
display: 1
explore: 1
npt: 1
nptxy: 0
nptdxdy: 0
shape: 0
seed: 1301245
-4.692614474936 194.218424552928 0.000000000000 1.000000000000
8.152805406449 -169.765914840366 0.866025403784 -0.500000000000
70.120394123991 253.939431617379 0.866025403784 0.500000000000
-160.611552210148 -18.502025633297 0.866025403784 -0.500000000000
248.849990906496 -221.358440197850 0.000000000000 1.000000000000
-156.867605132204 215.423079245969 0.866025403784 0.500000000000
81.932510549700 -38.694253494663 0.866025403784 -0.500000000000
10.542658172860 111.083555860144 0.866025403784 0.500000000000
126.890319762492 205.219983102821 0.000000000000 1.000000000000
32.855614658297 -59.980317453963 0.000000000000 1.000000000000
18.605203821035 147.778412993145 0.866025403784 0.500000000000
150.353295796141 -108.573315398681 0.866025403784 0.500000000000
-70.735381653025 169.441507433097 0.866025403784 0.500000000000
-52.273925037051 -5.312635351619 0.866025403784 -0.500000000000
17.980362895125 -66.426735923278 0.866025403784 -0.500000000000
188.354204014811 -39.150771630802 0.866025403784 -0.500000000000
-47.777677593177 -31.600712177274 0.866025403784 0.500000000000
199.631213402247 -7.397429004623 0.866025403784 -0.500000000000
25.296795048656 -7.882267901031 0.866025403784 -0.500000000000
83.541435103063 -89.370403693946 0.000000000000 1.000000000000
