#Configurational_file created 2018-09-14 13:59:06  started 2018-09-14 13:59:05 run for 1.0s steps 0
name: p_1116
step: 10000
specie: 20
	particle_diameter: 1.0000000000000000
	interaction_length: 1.2000000000000000
	number_of_patches: 3
	number_of_particles_per_compound: 1
	rod_length: 1.0000000000000000
	interaction_matrix:  1.000000 1.000000 1.000000 1.000000 1.000000 1.000000 1.000000 1.000000 1.000000
	patch_type: symmetric
	patch_width: 8.0000000000000000
	patch_angle: 0.0000000000000000
	angles:  0.000000 0.000000 0.000000
	grand_canonical: 0
	chemical_potential: 0.0000000000000000
box: 22.937628 22.937628
copy: 1.000000 1.000000
epsilon: 0.4827590000000000
end_epsilon: 0.0000000000000000
pressure: 0.0862080000000000
lambda: 0.0000000000000000
lambda_coupling: 1.0000000000000000
uy: 0.0000000000000000
maximum_displacement: 1.0000000000000000
maximum_rotation: 1.0000000000000000
maximum_volume: 1.0000000000000000
maximum_shape: 0.0000001000000000
maximum_dsigma: 0.0100000000000000
mod: 10
pmod: 10
optimize: 1
verbose: 1
snapshot: 0
display: 1
explore: 1
npt: 1
nptxy: 0
nptdxdy: 0
shape: 0
seed: 1271683
-32.978049692940 -108.727844335628 0.866025403784 -0.500000000000
-1.400597213954 63.084774217200 0.000000000000 1.000000000000
-80.836580542204 40.298548946879 0.866025403784 0.500000000000
148.908244810716 -46.941631341836 0.000000000000 1.000000000000
85.469997505436 -43.226245310815 0.000000000000 1.000000000000
-44.443573199169 41.582415772335 0.866025403784 -0.500000000000
15.251473406982 91.381227527364 0.866025403784 -0.500000000000
-88.901166267100 -78.477394749277 0.866025403784 -0.500000000000
-20.432302478366 -176.486077701196 0.866025403784 -0.500000000000
15.322942739645 -67.016723010359 0.866025403784 0.500000000000
194.276238466248 -83.322335142324 0.866025403784 0.500000000000
-58.256261707724 90.273478168648 0.866025403784 -0.500000000000
-118.851396592035 97.732144639288 0.866025403784 0.500000000000
32.260733850852 95.586475258216 0.000000000000 1.000000000000
-81.118918029618 42.772841567562 0.000000000000 1.000000000000
-9.891350987675 102.186287301894 0.000000000000 1.000000000000
-75.226340967745 -29.456285809387 0.866025403784 -0.500000000000
107.419073638717 38.868124302683 0.866025403784 0.500000000000
-9.801469503037 -33.607046734913 0.866025403784 0.500000000000
9.107136316636 -29.844835853921 0.866025403784 -0.500000000000
