#Configurational_file created 2018-09-14 11:36:28  started 2018-09-14 11:36:27 run for 1.0s steps 0
name: p_1140
step: 10000
specie: 20
	particle_diameter: 1.0000000000000000
	interaction_length: 1.2000000000000000
	number_of_patches: 3
	number_of_particles_per_compound: 1
	rod_length: 1.0000000000000000
	interaction_matrix:  1.000000 1.000000 1.000000 1.000000 1.000000 1.000000 1.000000 1.000000 1.000000
	patch_type: symmetric
	patch_width: 8.0000000000000000
	patch_angle: 0.0000000000000000
	angles:  0.000000 0.000000 0.000000
	grand_canonical: 0
	chemical_potential: 0.0000000000000000
box: 8.351210 8.351210
copy: 1.000000 1.000000
epsilon: 0.4166830000000000
end_epsilon: 0.0000000000000000
pressure: 1.1667080000000001
lambda: 0.0000000000000000
lambda_coupling: 1.0000000000000000
uy: 0.0000000000000000
maximum_displacement: 1.0000000000000000
maximum_rotation: 1.0000000000000000
maximum_volume: 0.7382104544056133
maximum_shape: 0.0000001000000000
maximum_dsigma: 0.0100000000000000
mod: 10
pmod: 10
optimize: 1
verbose: 1
snapshot: 0
display: 1
explore: 1
npt: 1
nptxy: 0
nptdxdy: 0
shape: 0
seed: 1298971
-7.532765256456 26.267209845680 0.866025403784 0.500000000000
18.101897677043 -10.844910421607 0.866025403784 -0.500000000000
15.885110323011 23.104256611481 0.866025403784 0.500000000000
-21.157154876361 32.339909980496 0.866025403784 0.500000000000
-75.606405974826 -49.498844899995 0.866025403784 0.500000000000
-106.036801672581 -14.309673313048 0.866025403784 0.500000000000
-38.867224699147 58.963419720866 0.866025403784 0.500000000000
69.496992847662 -3.884097064602 0.000000000000 1.000000000000
-48.236456223706 157.977719630579 0.866025403784 -0.500000000000
12.148927559625 -24.865529758700 0.000000000000 1.000000000000
30.140609646043 50.497675165346 0.866025403784 -0.500000000000
20.467040834498 -64.085703082252 0.000000000000 1.000000000000
-3.879130350877 97.009333065994 0.866025403784 -0.500000000000
-44.046615036938 -54.499159264241 0.866025403784 0.500000000000
-21.204482511087 25.932623117588 0.866025403784 0.500000000000
-24.925422998025 64.006182766006 0.866025403784 -0.500000000000
82.008898042929 169.801589503190 0.000000000000 1.000000000000
-50.962557100692 53.421053250057 0.866025403784 -0.500000000000
-2.044827122721 -122.980329408105 0.866025403784 -0.500000000000
77.229523189438 17.298049821675 0.866025403784 -0.500000000000
