#Configurational_file created 2018-09-14 12:04:11  started 2018-09-14 12:04:11 run for 0.0s steps 0
name: p_1177
step: 10000
specie: 20
	particle_diameter: 1.0000000000000000
	interaction_length: 1.2000000000000000
	number_of_patches: 3
	number_of_particles_per_compound: 1
	rod_length: 1.0000000000000000
	interaction_matrix:  1.000000 1.000000 1.000000 1.000000 1.000000 1.000000 1.000000 1.000000 1.000000
	patch_type: symmetric
	patch_width: 8.0000000000000000
	patch_angle: 0.0000000000000000
	angles:  0.000000 0.000000 0.000000
	grand_canonical: 0
	chemical_potential: 0.0000000000000000
box: 55.310333 55.310333
copy: 1.000000 1.000000
epsilon: 0.0458330000000000
end_epsilon: 0.0000000000000000
pressure: 0.0041680000000000
lambda: 0.0000000000000000
lambda_coupling: 1.0000000000000000
uy: 0.0000000000000000
maximum_displacement: 1.0000000000000000
maximum_rotation: 1.0000000000000000
maximum_volume: 1.0000000000000000
maximum_shape: 0.0000001000000000
maximum_dsigma: 0.0100000000000000
mod: 10
pmod: 10
optimize: 1
verbose: 1
snapshot: 0
display: 1
explore: 1
npt: 1
nptxy: 0
nptdxdy: 0
shape: 0
seed: 1341040
226.301766001103 148.771934444034 0.866025403784 0.500000000000
-143.028584166589 35.834107786208 0.866025403784 -0.500000000000
-43.623585744474 85.932304734798 0.866025403784 0.500000000000
-161.532062973981 139.363326692538 0.866025403784 -0.500000000000
-24.353027921773 182.116665598590 0.866025403784 0.500000000000
149.806868237468 144.549800127373 0.866025403784 -0.500000000000
-39.573716431807 -169.020395427837 0.866025403784 0.500000000000
-160.652581724951 549.398607952562 0.000000000000 1.000000000000
-187.404501690467 -78.612336859503 0.000000000000 1.000000000000
-79.079286889763 -240.725710484455 0.866025403784 0.500000000000
159.260109754130 -19.877867755603 0.866025403784 -0.500000000000
17.233578519209 132.489666948826 0.866025403784 -0.500000000000
2.404255064303 -419.127583936020 0.866025403784 0.500000000000
-17.230604217885 434.485357566689 0.866025403784 -0.500000000000
20.184478289508 -71.134350946019 0.866025403784 0.500000000000
74.025930546926 -400.646416337976 0.866025403784 0.500000000000
-157.552873188759 -2.355230515159 0.000000000000 1.000000000000
-258.556413684603 248.868696886147 0.000000000000 1.000000000000
250.749296264047 -550.436696083398 0.000000000000 1.000000000000
-134.185856035899 -91.780255844060 0.866025403784 -0.500000000000
