#Configurational_file created 2018-09-14 11:36:38  started 2018-09-14 11:36:37 run for 1.0s steps 0
name: p_1151
step: 10000
specie: 20
	particle_diameter: 1.0000000000000000
	interaction_length: 1.2000000000000000
	number_of_patches: 3
	number_of_particles_per_compound: 1
	rod_length: 1.0000000000000000
	interaction_matrix:  1.000000 1.000000 1.000000 1.000000 1.000000 1.000000 1.000000 1.000000 1.000000
	patch_type: symmetric
	patch_width: 8.0000000000000000
	patch_angle: 0.0000000000000000
	angles:  0.000000 0.000000 0.000000
	grand_canonical: 0
	chemical_potential: 0.0000000000000000
box: 42.536508 42.536508
copy: 1.000000 1.000000
epsilon: 0.4375120000000000
end_epsilon: 0.0000000000000000
pressure: 0.0001000000000000
lambda: 0.0000000000000000
lambda_coupling: 1.0000000000000000
uy: 0.0000000000000000
maximum_displacement: 1.0000000000000000
maximum_rotation: 1.0000000000000000
maximum_volume: 1.0000000000000000
maximum_shape: 0.0000001000000000
maximum_dsigma: 0.0100000000000000
mod: 10
pmod: 10
optimize: 1
verbose: 1
snapshot: 0
display: 1
explore: 1
npt: 1
nptxy: 0
nptdxdy: 0
shape: 0
seed: 1311478
-6.383251316078 -39.915057918698 0.866025403784 0.500000000000
334.725705527161 -55.654421630151 0.000000000000 1.000000000000
-110.225792542825 -215.322116061364 0.866025403784 0.500000000000
0.281613755147 59.144388426129 0.000000000000 1.000000000000
-50.279586442351 -186.219797960422 0.866025403784 -0.500000000000
-218.934882838497 -215.149160547606 0.866025403784 -0.500000000000
-80.789184501296 -0.810285791157 0.000000000000 1.000000000000
-49.230922526855 276.321430271361 0.866025403784 -0.500000000000
-12.350131162154 -143.923813863516 0.866025403784 0.500000000000
-64.203003456434 141.743850880744 0.866025403784 0.500000000000
-132.514854948015 99.960262147112 0.000000000000 1.000000000000
95.900503091116 426.915970281840 0.866025403784 -0.500000000000
-327.358385584533 258.157819694173 0.000000000000 1.000000000000
-115.684847332357 -183.270386420340 0.866025403784 -0.500000000000
-115.446360958989 60.449518431975 0.866025403784 -0.500000000000
-29.121437536867 -91.446015619899 0.866025403784 -0.500000000000
105.229102864924 -76.535002748654 0.000000000000 1.000000000000
39.757917280247 -97.550662967116 0.866025403784 0.500000000000
149.660618275544 349.868149411254 0.866025403784 -0.500000000000
46.633106674599 -25.659106681765 0.000000000000 1.000000000000
