#Configurational_file created 2018-09-14 11:37:18  started 2018-09-14 11:37:17 run for 1.0s steps 0
name: p_1197
step: 10000
specie: 20
	particle_diameter: 1.0000000000000000
	interaction_length: 1.2000000000000000
	number_of_patches: 3
	number_of_particles_per_compound: 1
	rod_length: 1.0000000000000000
	interaction_matrix:  1.000000 1.000000 1.000000 1.000000 1.000000 1.000000 1.000000 1.000000 1.000000
	patch_type: symmetric
	patch_width: 8.0000000000000000
	patch_angle: 0.0000000000000000
	angles:  0.000000 0.000000 0.000000
	grand_canonical: 0
	chemical_potential: 0.0000000000000000
box: 7.309528 7.309528
copy: 1.000000 1.000000
epsilon: 0.4583420000000000
end_epsilon: 0.0000000000000000
pressure: 1.7500119999999999
lambda: 0.0000000000000000
lambda_coupling: 1.0000000000000000
uy: 0.0000000000000000
maximum_displacement: 1.0000000000000000
maximum_rotation: 1.0000000000000000
maximum_volume: 0.3841702728727571
maximum_shape: 0.0000001000000000
maximum_dsigma: 0.0100000000000000
mod: 10
pmod: 10
optimize: 1
verbose: 1
snapshot: 0
display: 1
explore: 1
npt: 1
nptxy: 0
nptdxdy: 0
shape: 0
seed: 1363780
5.286215978659 -71.233888306751 0.000000000000 1.000000000000
-7.696188736832 54.918180489153 0.866025403784 0.500000000000
-39.002271074397 -61.824103477847 0.000000000000 1.000000000000
-49.358935870005 -139.416965621269 0.866025403784 -0.500000000000
-35.127480219288 -172.689667092480 0.000000000000 1.000000000000
-37.067882687121 -104.363281750414 0.866025403784 0.500000000000
50.369503600165 1.243174053643 0.000000000000 1.000000000000
55.570092661517 29.555905533250 0.866025403784 0.500000000000
-25.816667308599 -84.250473492706 0.866025403784 -0.500000000000
-54.803444348917 6.601500764770 0.866025403784 0.500000000000
-12.234746818019 -138.041195746967 0.866025403784 0.500000000000
-10.198327300024 -22.382600622175 0.000000000000 1.000000000000
-28.123643563165 -91.632739707743 0.866025403784 -0.500000000000
6.456128072549 2.961821059679 0.000000000000 1.000000000000
148.418728605022 26.334549449366 0.866025403784 0.500000000000
84.421147535261 -23.608261869250 0.866025403784 0.500000000000
-3.491735092354 82.351836964914 0.000000000000 1.000000000000
-63.125101224036 71.398329730876 0.866025403784 -0.500000000000
41.172307834150 -61.006337196079 0.866025403784 0.500000000000
-7.234310805202 116.529223785658 0.866025403784 0.500000000000
