#Configurational_file created 2018-09-14 13:59:44  started 2018-09-14 13:59:43 run for 1.0s steps 0
name: p_1168
step: 10000
specie: 20
	particle_diameter: 1.0000000000000000
	interaction_length: 1.2000000000000000
	number_of_patches: 3
	number_of_particles_per_compound: 1
	rod_length: 1.0000000000000000
	interaction_matrix:  1.000000 1.000000 1.000000 1.000000 1.000000 1.000000 1.000000 1.000000 1.000000
	patch_type: symmetric
	patch_width: 8.0000000000000000
	patch_angle: 0.0000000000000000
	angles:  0.000000 0.000000 0.000000
	grand_canonical: 0
	chemical_potential: 0.0000000000000000
box: 10.747966 10.747966
copy: 1.000000 1.000000
epsilon: 0.5517250000000000
end_epsilon: 0.0000000000000000
pressure: 0.4655170000000000
lambda: 0.0000000000000000
lambda_coupling: 1.0000000000000000
uy: 0.0000000000000000
maximum_displacement: 1.0000000000000000
maximum_rotation: 1.0000000000000000
maximum_volume: 1.0000000000000000
maximum_shape: 0.0000001000000000
maximum_dsigma: 0.0100000000000000
mod: 10
pmod: 10
optimize: 1
verbose: 1
snapshot: 0
display: 1
explore: 1
npt: 1
nptxy: 0
nptdxdy: 0
shape: 0
seed: 1330807
191.391878563681 -17.956853541237 0.866025403784 -0.500000000000
139.305548324056 5.920069015569 0.000000000000 1.000000000000
15.573649437868 -32.289217256329 0.866025403784 0.500000000000
-55.865205483654 56.716342319480 0.866025403784 0.500000000000
-43.741464865291 -30.462901464634 0.866025403784 0.500000000000
49.598031740163 -51.313312145626 0.866025403784 -0.500000000000
-98.517930215366 119.277694352211 0.866025403784 -0.500000000000
71.227613636381 76.464894976312 0.866025403784 -0.500000000000
-29.407764460394 -3.861992787721 0.000000000000 1.000000000000
-31.417203939128 -60.348003452806 0.866025403784 0.500000000000
-78.015901930982 -128.167448992786 0.866025403784 -0.500000000000
-19.936425917705 51.875047941365 0.866025403784 -0.500000000000
-2.542468250559 85.469898796599 0.866025403784 0.500000000000
-8.246613783991 -26.677440718004 0.000000000000 1.000000000000
85.866381737818 92.487180751119 0.866025403784 -0.500000000000
-147.667032897466 63.230238972206 0.000000000000 1.000000000000
151.436763201642 -34.705095689272 0.866025403784 0.500000000000
11.888375243505 93.339415803582 0.000000000000 1.000000000000
-75.254312279839 74.420597908331 0.866025403784 0.500000000000
-102.276232096727 51.772074089117 0.866025403784 0.500000000000
