#Configurational_file created 2018-09-14 12:03:56  started 2018-09-14 12:03:55 run for 1.0s steps 0
name: p_1156
step: 10000
specie: 20
	particle_diameter: 1.0000000000000000
	interaction_length: 1.2000000000000000
	number_of_patches: 3
	number_of_particles_per_compound: 1
	rod_length: 1.0000000000000000
	interaction_matrix:  1.000000 1.000000 1.000000 1.000000 1.000000 1.000000 1.000000 1.000000 1.000000
	patch_type: symmetric
	patch_width: 8.0000000000000000
	patch_angle: 0.0000000000000000
	angles:  0.000000 0.000000 0.000000
	grand_canonical: 0
	chemical_potential: 0.0000000000000000
box: 52.919818 52.919818
copy: 1.000000 1.000000
epsilon: 0.0437500000000000
end_epsilon: 0.0000000000000000
pressure: 0.0208340000000000
lambda: 0.0000000000000000
lambda_coupling: 1.0000000000000000
uy: 0.0000000000000000
maximum_displacement: 1.0000000000000000
maximum_rotation: 1.0000000000000000
maximum_volume: 1.0000000000000000
maximum_shape: 0.0000001000000000
maximum_dsigma: 0.0100000000000000
mod: 10
pmod: 10
optimize: 1
verbose: 1
snapshot: 0
display: 1
explore: 1
npt: 1
nptxy: 0
nptdxdy: 0
shape: 0
seed: 1317163
-35.813925124093 -98.897531106843 0.000000000000 1.000000000000
141.665874611350 -276.635956151990 0.000000000000 1.000000000000
-261.013391195812 -1.785852994787 0.866025403784 -0.500000000000
-108.969852550803 -318.058512999916 0.000000000000 1.000000000000
238.829959835564 78.264922079672 0.000000000000 1.000000000000
-156.985213601242 -540.861214838800 0.866025403784 0.500000000000
-13.963422617627 243.714639575835 0.000000000000 1.000000000000
165.302787695485 -116.297983522697 0.000000000000 1.000000000000
-11.663298289602 305.276257771644 0.000000000000 1.000000000000
-106.466553514238 19.690280928482 0.866025403784 -0.500000000000
313.160065432375 49.925289225979 0.866025403784 0.500000000000
79.736265506469 71.880259737674 0.000000000000 1.000000000000
-99.783228505446 -75.967734712839 0.866025403784 0.500000000000
308.437339950269 104.707448921108 0.866025403784 -0.500000000000
-94.466207450068 49.682173769187 0.000000000000 1.000000000000
67.492777197424 71.887992862651 0.000000000000 1.000000000000
-43.030311279669 -82.859836069321 0.866025403784 0.500000000000
136.893872076657 4.771497884522 0.000000000000 1.000000000000
329.035361361310 72.621703097404 0.866025403784 0.500000000000
-104.946833947308 120.818558335970 0.000000000000 1.000000000000
