#Configurational_file created 2018-09-14 12:03:58  started 2018-09-14 12:03:57 run for 1.0s steps 0
name: p_1158
step: 10000
specie: 20
	particle_diameter: 1.0000000000000000
	interaction_length: 1.2000000000000000
	number_of_patches: 3
	number_of_particles_per_compound: 1
	rod_length: 1.0000000000000000
	interaction_matrix:  1.000000 1.000000 1.000000 1.000000 1.000000 1.000000 1.000000 1.000000 1.000000
	patch_type: symmetric
	patch_width: 8.0000000000000000
	patch_angle: 0.0000000000000000
	angles:  0.000000 0.000000 0.000000
	grand_canonical: 0
	chemical_potential: 0.0000000000000000
box: 44.426375 44.426375
copy: 1.000000 1.000000
epsilon: 0.0437500000000000
end_epsilon: 0.0000000000000000
pressure: 0.0291670000000000
lambda: 0.0000000000000000
lambda_coupling: 1.0000000000000000
uy: 0.0000000000000000
maximum_displacement: 1.0000000000000000
maximum_rotation: 1.0000000000000000
maximum_volume: 1.0000000000000000
maximum_shape: 0.0000001000000000
maximum_dsigma: 0.0100000000000000
mod: 10
pmod: 10
optimize: 1
verbose: 1
snapshot: 0
display: 1
explore: 1
npt: 1
nptxy: 0
nptdxdy: 0
shape: 0
seed: 1319437
-155.966769367292 -24.781037714629 0.866025403784 -0.500000000000
-87.736678457833 -45.199451589109 0.000000000000 1.000000000000
75.300916722110 269.978378821335 0.000000000000 1.000000000000
40.081544976572 -119.680048979111 0.000000000000 1.000000000000
57.360485469150 168.685110489902 0.866025403784 0.500000000000
-23.304632456015 -5.671285662452 0.000000000000 1.000000000000
31.712327408438 -248.312495229333 0.866025403784 -0.500000000000
25.636713059402 -125.239726264784 0.866025403784 0.500000000000
46.833344109890 -3.921411264413 0.000000000000 1.000000000000
-239.731901056447 272.436160365608 0.866025403784 -0.500000000000
349.262692082693 -355.096904436533 0.866025403784 -0.500000000000
-108.923551377680 -219.354475242692 0.000000000000 1.000000000000
265.097756292056 -70.620771624652 0.866025403784 0.500000000000
-405.456190913748 -123.223335936433 0.866025403784 -0.500000000000
101.946858114533 26.806772319598 0.866025403784 0.500000000000
243.324175413258 -172.131423560372 0.000000000000 1.000000000000
128.511627764833 22.760867765776 0.866025403784 -0.500000000000
77.593234213074 151.409737085312 0.866025403784 -0.500000000000
-105.826406151675 -9.465461160827 0.866025403784 0.500000000000
90.975698289752 -28.985034014565 0.000000000000 1.000000000000
