#Configurational_file created 2018-09-14 12:04:17  started 2018-09-14 12:04:16 run for 1.0s steps 0
name: p_1184
step: 10000
specie: 20
	particle_diameter: 1.0000000000000000
	interaction_length: 1.2000000000000000
	number_of_patches: 3
	number_of_particles_per_compound: 1
	rod_length: 1.0000000000000000
	interaction_matrix:  1.000000 1.000000 1.000000 1.000000 1.000000 1.000000 1.000000 1.000000 1.000000
	patch_type: symmetric
	patch_width: 8.0000000000000000
	patch_angle: 0.0000000000000000
	angles:  0.000000 0.000000 0.000000
	grand_canonical: 0
	chemical_potential: 0.0000000000000000
box: 45.111215 45.111215
copy: 1.000000 1.000000
epsilon: 0.0458330000000000
end_epsilon: 0.0000000000000000
pressure: 0.0333340000000000
lambda: 0.0000000000000000
lambda_coupling: 1.0000000000000000
uy: 0.0000000000000000
maximum_displacement: 1.0000000000000000
maximum_rotation: 1.0000000000000000
maximum_volume: 1.0000000000000000
maximum_shape: 0.0000001000000000
maximum_dsigma: 0.0100000000000000
mod: 10
pmod: 10
optimize: 1
verbose: 1
snapshot: 0
display: 1
explore: 1
npt: 1
nptxy: 0
nptdxdy: 0
shape: 0
seed: 1348999
16.539222897791 122.920015546041 0.866025403784 -0.500000000000
55.892151141562 -90.511616074569 0.000000000000 1.000000000000
-155.384858056432 -42.362008253873 0.000000000000 1.000000000000
-201.250466121450 100.356121105683 0.866025403784 -0.500000000000
214.199127407908 374.733531874617 0.866025403784 -0.500000000000
80.143586572704 149.691181765691 0.000000000000 1.000000000000
-174.238062648479 -39.156759357850 0.000000000000 1.000000000000
435.450218870643 125.021099892080 0.000000000000 1.000000000000
-19.279316729261 -181.509105251968 0.866025403784 -0.500000000000
-107.368233475165 -284.454104458367 0.000000000000 1.000000000000
11.910024889176 -68.032810728133 0.000000000000 1.000000000000
303.320221615054 215.904877320573 0.866025403784 -0.500000000000
-63.009192953757 107.527215654380 0.866025403784 0.500000000000
14.596848648155 232.099053087452 0.866025403784 -0.500000000000
-34.597375724792 492.478362020171 0.866025403784 -0.500000000000
-118.476593155164 -206.953668634497 0.866025403784 -0.500000000000
-304.539425954887 27.335923659872 0.866025403784 -0.500000000000
-144.843700068558 235.540443272970 0.866025403784 -0.500000000000
273.997259269792 -152.284754942601 0.000000000000 1.000000000000
346.285845573538 175.491845402914 0.866025403784 0.500000000000
