#Configurational_file created 2018-09-14 11:36:39  started 2018-09-14 11:36:38 run for 1.0s steps 0
name: p_1152
step: 10000
specie: 20
	particle_diameter: 1.0000000000000000
	interaction_length: 1.2000000000000000
	number_of_patches: 3
	number_of_particles_per_compound: 1
	rod_length: 1.0000000000000000
	interaction_matrix:  1.000000 1.000000 1.000000 1.000000 1.000000 1.000000 1.000000 1.000000 1.000000
	patch_type: symmetric
	patch_width: 8.0000000000000000
	patch_angle: 0.0000000000000000
	angles:  0.000000 0.000000 0.000000
	grand_canonical: 0
	chemical_potential: 0.0000000000000000
box: 30.611042 30.611042
copy: 1.000000 1.000000
epsilon: 0.4375120000000000
end_epsilon: 0.0000000000000000
pressure: 0.0834290000000000
lambda: 0.0000000000000000
lambda_coupling: 1.0000000000000000
uy: 0.0000000000000000
maximum_displacement: 1.0000000000000000
maximum_rotation: 1.0000000000000000
maximum_volume: 1.0000000000000000
maximum_shape: 0.0000001000000000
maximum_dsigma: 0.0100000000000000
mod: 10
pmod: 10
optimize: 1
verbose: 1
snapshot: 0
display: 1
explore: 1
npt: 1
nptxy: 0
nptdxdy: 0
shape: 0
seed: 1312615
-243.195902566543 -4.430378892549 0.000000000000 1.000000000000
26.578059196671 216.463091759362 0.866025403784 -0.500000000000
148.095167670493 131.760484222192 0.866025403784 0.500000000000
-80.341157277732 240.793788418686 0.000000000000 1.000000000000
22.626823535840 3.581252587865 0.866025403784 -0.500000000000
-346.325744453344 118.040958065771 0.000000000000 1.000000000000
118.942648474389 -41.545851701500 0.866025403784 0.500000000000
-19.529153815752 191.560483234690 0.866025403784 -0.500000000000
-28.552159115161 31.102252096002 0.866025403784 0.500000000000
294.093481517098 -305.511295622922 0.866025403784 0.500000000000
331.798228280770 97.669788501233 0.866025403784 -0.500000000000
-52.607690079220 60.512581741197 0.866025403784 -0.500000000000
90.474890276364 -170.175839212177 0.866025403784 -0.500000000000
16.886669573077 -107.996096917388 0.000000000000 1.000000000000
47.316954934376 -84.160930800704 0.000000000000 1.000000000000
-220.798527629658 -254.387046038775 0.866025403784 0.500000000000
-6.628887727922 180.248039952969 0.866025403784 0.500000000000
86.981313483494 238.068007839552 0.866025403784 -0.500000000000
176.455262622353 142.829186504565 0.000000000000 1.000000000000
-168.676431741716 -42.748164072999 0.866025403784 0.500000000000
