#Configurational_file created 2018-09-14 14:00:00  started 2018-09-14 13:59:59 run for 1.0s steps 0
name: p_1190
step: 10000
specie: 20
	particle_diameter: 1.0000000000000000
	interaction_length: 1.2000000000000000
	number_of_patches: 3
	number_of_particles_per_compound: 1
	rod_length: 1.0000000000000000
	interaction_matrix:  1.000000 1.000000 1.000000 1.000000 1.000000 1.000000 1.000000 1.000000 1.000000
	patch_type: symmetric
	patch_width: 8.0000000000000000
	patch_angle: 0.0000000000000000
	angles:  0.000000 0.000000 0.000000
	grand_canonical: 0
	chemical_potential: 0.0000000000000000
box: 12.712150 12.712150
copy: 1.000000 1.000000
epsilon: 0.6206900000000000
end_epsilon: 0.0000000000000000
pressure: 0.3275870000000000
lambda: 0.0000000000000000
lambda_coupling: 1.0000000000000000
uy: 0.0000000000000000
maximum_displacement: 1.0000000000000000
maximum_rotation: 1.0000000000000000
maximum_volume: 1.0000000000000000
maximum_shape: 0.0000001000000000
maximum_dsigma: 0.0100000000000000
mod: 10
pmod: 10
optimize: 1
verbose: 1
snapshot: 0
display: 1
explore: 1
npt: 1
nptxy: 0
nptdxdy: 0
shape: 0
seed: 1355821
-122.177630947432 -32.476761787819 0.000000000000 1.000000000000
-211.793410636752 -14.103697871881 0.866025403784 0.500000000000
-100.409131215343 19.794520629773 0.866025403784 -0.500000000000
50.862309389493 -52.348946728390 0.000000000000 1.000000000000
2.921212019691 59.830531867590 0.000000000000 1.000000000000
-15.406150943393 -99.690025564105 0.866025403784 -0.500000000000
-63.053486924716 40.680619009535 0.866025403784 0.500000000000
103.968359915610 -117.846041729918 0.866025403784 -0.500000000000
18.852523227485 -44.796359406631 0.866025403784 -0.500000000000
6.448571492999 -22.886289980119 0.000000000000 1.000000000000
131.954375317619 -117.460593084399 0.866025403784 -0.500000000000
-41.977585996837 -397.964082795222 0.000000000000 1.000000000000
21.493725220669 -33.380464494848 0.866025403784 0.500000000000
34.769165825580 85.924735669714 0.866025403784 0.500000000000
-137.074828258295 -48.876991679056 0.000000000000 1.000000000000
74.771032986561 -123.771325699069 0.866025403784 0.500000000000
44.862661889492 21.559880856460 0.000000000000 1.000000000000
-36.219548017855 -6.393296558108 0.000000000000 1.000000000000
-134.603203430765 64.791556724480 0.866025403784 -0.500000000000
124.244103697005 30.550602946481 0.866025403784 0.500000000000
