#Configurational_file created 2018-09-14 11:37:06  started 2018-09-14 11:37:05 run for 1.0s steps 0
name: p_1184
step: 10000
specie: 20
	particle_diameter: 1.0000000000000000
	interaction_length: 1.2000000000000000
	number_of_patches: 3
	number_of_particles_per_compound: 1
	rod_length: 1.0000000000000000
	interaction_matrix:  1.000000 1.000000 1.000000 1.000000 1.000000 1.000000 1.000000 1.000000 1.000000
	patch_type: symmetric
	patch_width: 8.0000000000000000
	patch_angle: 0.0000000000000000
	angles:  0.000000 0.000000 0.000000
	grand_canonical: 0
	chemical_potential: 0.0000000000000000
box: 10.259539 10.259539
copy: 1.000000 1.000000
epsilon: 0.4583420000000000
end_epsilon: 0.0000000000000000
pressure: 0.6667330000000000
lambda: 0.0000000000000000
lambda_coupling: 1.0000000000000000
uy: 0.0000000000000000
maximum_displacement: 1.0000000000000000
maximum_rotation: 1.0000000000000000
maximum_volume: 1.0000000000000000
maximum_shape: 0.0000001000000000
maximum_dsigma: 0.0100000000000000
mod: 10
pmod: 10
optimize: 1
verbose: 1
snapshot: 0
display: 1
explore: 1
npt: 1
nptxy: 0
nptdxdy: 0
shape: 0
seed: 1348999
74.857694684133 -37.680545091312 0.866025403784 0.500000000000
55.075198834323 16.751704367417 0.866025403784 -0.500000000000
21.922640529215 -38.152223146757 0.866025403784 0.500000000000
-23.870006444254 -1.657487958747 0.866025403784 -0.500000000000
-63.358294780734 34.437817304020 0.866025403784 0.500000000000
34.270099156542 -113.895065414676 0.866025403784 -0.500000000000
105.291473026433 74.326318990357 0.000000000000 1.000000000000
-42.264440761216 36.172944870070 0.000000000000 1.000000000000
133.906100570201 16.486762329328 0.866025403784 -0.500000000000
68.823985850873 -87.185876102744 0.866025403784 0.500000000000
-62.323512488436 33.208399116646 0.866025403784 0.500000000000
84.433430849246 55.690074480086 0.866025403784 -0.500000000000
-19.195446465813 1.188686648004 0.000000000000 1.000000000000
5.183671764413 33.366168149563 0.000000000000 1.000000000000
-57.267425294046 -71.527269364299 0.866025403784 0.500000000000
-33.670392739498 -54.819290049271 0.866025403784 -0.500000000000
93.230837437127 -72.918174033154 0.000000000000 1.000000000000
-33.031564167844 69.864047360249 0.000000000000 1.000000000000
64.238362667126 28.257728721916 0.866025403784 0.500000000000
25.177436731194 28.474411139341 0.866025403784 0.500000000000
