#Configurational_file created 2018-09-14 12:04:02  started 2018-09-14 12:04:01 run for 1.0s steps 0
name: p_1164
step: 10000
specie: 20
	particle_diameter: 1.0000000000000000
	interaction_length: 1.2000000000000000
	number_of_patches: 3
	number_of_particles_per_compound: 1
	rod_length: 1.0000000000000000
	interaction_matrix:  1.000000 1.000000 1.000000 1.000000 1.000000 1.000000 1.000000 1.000000 1.000000
	patch_type: symmetric
	patch_width: 8.0000000000000000
	patch_angle: 0.0000000000000000
	angles:  0.000000 0.000000 0.000000
	grand_canonical: 0
	chemical_potential: 0.0000000000000000
box: 53.888105 53.888105
copy: 1.000000 1.000000
epsilon: 0.0437500000000000
end_epsilon: 0.0000000000000000
pressure: 0.0541670000000000
lambda: 0.0000000000000000
lambda_coupling: 1.0000000000000000
uy: 0.0000000000000000
maximum_displacement: 1.0000000000000000
maximum_rotation: 1.0000000000000000
maximum_volume: 1.0000000000000000
maximum_shape: 0.0000001000000000
maximum_dsigma: 0.0100000000000000
mod: 10
pmod: 10
optimize: 1
verbose: 1
snapshot: 0
display: 1
explore: 1
npt: 1
nptxy: 0
nptdxdy: 0
shape: 0
seed: 1326259
-182.491134960704 -52.842733314572 0.866025403784 0.500000000000
10.871631870086 153.059769561281 0.866025403784 -0.500000000000
164.451720381992 174.098337817168 0.866025403784 0.500000000000
-99.230595355666 218.636246224781 0.866025403784 0.500000000000
29.366875240697 -286.619172518969 0.866025403784 0.500000000000
166.557679704572 -18.645786825856 0.866025403784 0.500000000000
-172.577866105669 100.649542936798 0.866025403784 0.500000000000
-183.037946324605 379.880019849616 0.866025403784 -0.500000000000
42.227795936617 -51.507780705746 0.000000000000 1.000000000000
204.145748280576 -233.328946653411 0.866025403784 0.500000000000
3.510254429576 -159.606378805844 0.866025403784 0.500000000000
-70.989709861132 234.081228780548 0.866025403784 0.500000000000
-105.305109723902 376.915528308962 0.866025403784 0.500000000000
-18.076185618773 -130.399304035007 0.866025403784 0.500000000000
-246.967560985839 -46.307303455544 0.866025403784 0.500000000000
110.450147522246 -8.415684728926 0.866025403784 0.500000000000
-31.358427871165 -70.931712122645 0.000000000000 1.000000000000
-196.509121219263 -20.800616890557 0.000000000000 1.000000000000
24.151834693132 70.877409141588 0.866025403784 -0.500000000000
-355.851687115898 236.898125411534 0.866025403784 -0.500000000000
