#Configurational_file created 2018-09-14 12:03:27  started 2018-09-14 12:03:27 run for 0.0s steps 0
name: p_1116
step: 10000
specie: 20
	particle_diameter: 1.0000000000000000
	interaction_length: 1.2000000000000000
	number_of_patches: 3
	number_of_particles_per_compound: 1
	rod_length: 1.0000000000000000
	interaction_matrix:  1.000000 1.000000 1.000000 1.000000 1.000000 1.000000 1.000000 1.000000 1.000000
	patch_type: symmetric
	patch_width: 8.0000000000000000
	patch_angle: 0.0000000000000000
	angles:  0.000000 0.000000 0.000000
	grand_canonical: 0
	chemical_potential: 0.0000000000000000
box: 50.206868 50.206868
copy: 1.000000 1.000000
epsilon: 0.0395840000000000
end_epsilon: 0.0000000000000000
pressure: 0.0625000000000000
lambda: 0.0000000000000000
lambda_coupling: 1.0000000000000000
uy: 0.0000000000000000
maximum_displacement: 1.0000000000000000
maximum_rotation: 1.0000000000000000
maximum_volume: 1.0000000000000000
maximum_shape: 0.0000001000000000
maximum_dsigma: 0.0100000000000000
mod: 10
pmod: 10
optimize: 1
verbose: 1
snapshot: 0
display: 1
explore: 1
npt: 1
nptxy: 0
nptdxdy: 0
shape: 0
seed: 1271683
72.636541868980 315.927972140796 0.866025403784 -0.500000000000
-19.699276492727 -142.618155401762 0.866025403784 -0.500000000000
-94.409585067568 198.821603296146 0.866025403784 0.500000000000
212.837486956247 204.315286905988 0.000000000000 1.000000000000
-213.529742775562 212.252507165319 0.866025403784 -0.500000000000
189.915910367846 81.496310633899 0.866025403784 -0.500000000000
155.795526593672 -281.318249106029 0.000000000000 1.000000000000
-27.777121388664 -83.070214463739 0.000000000000 1.000000000000
31.459120119786 107.463132658110 0.866025403784 -0.500000000000
15.924797782422 180.594946794699 0.866025403784 -0.500000000000
-108.355961969521 122.245064410333 0.866025403784 0.500000000000
-55.365251079813 -71.014273482048 0.000000000000 1.000000000000
98.545340298761 -58.344144491676 0.000000000000 1.000000000000
105.485120012938 159.835078133380 0.000000000000 1.000000000000
141.456359838711 153.179453792949 0.000000000000 1.000000000000
-58.804633930467 200.919967697395 0.866025403784 0.500000000000
212.227188922630 18.579063345969 0.866025403784 -0.500000000000
267.393974598738 -30.508916365412 0.000000000000 1.000000000000
113.977939492826 75.597271068160 0.866025403784 0.500000000000
149.005889240195 207.150323811025 0.000000000000 1.000000000000
