#Configurational_file created 2018-09-14 11:36:09  started 2018-09-14 11:36:08 run for 1.0s steps 0
name: p_1118
step: 10000
specie: 20
	particle_diameter: 1.0000000000000000
	interaction_length: 1.2000000000000000
	number_of_patches: 3
	number_of_particles_per_compound: 1
	rod_length: 1.0000000000000000
	interaction_matrix:  1.000000 1.000000 1.000000 1.000000 1.000000 1.000000 1.000000 1.000000 1.000000
	patch_type: symmetric
	patch_width: 8.0000000000000000
	patch_angle: 0.0000000000000000
	angles:  0.000000 0.000000 0.000000
	grand_canonical: 0
	chemical_potential: 0.0000000000000000
box: 8.510618 8.510618
copy: 1.000000 1.000000
epsilon: 0.3958540000000000
end_epsilon: 0.0000000000000000
pressure: 1.4166960000000000
lambda: 0.0000000000000000
lambda_coupling: 1.0000000000000000
uy: 0.0000000000000000
maximum_displacement: 1.0000000000000000
maximum_rotation: 1.0000000000000000
maximum_volume: 0.4817306134923992
maximum_shape: 0.0000001000000000
maximum_dsigma: 0.0100000000000000
mod: 10
pmod: 10
optimize: 1
verbose: 1
snapshot: 0
display: 1
explore: 1
npt: 1
nptxy: 0
nptdxdy: 0
shape: 0
seed: 1273957
-10.972456046410 -176.880066387519 0.866025403784 -0.500000000000
124.330899384375 13.976985950234 0.866025403784 0.500000000000
84.145885588787 -74.277231088467 0.866025403784 0.500000000000
-36.208312520158 5.888402502947 0.000000000000 1.000000000000
49.967634538096 86.620168718458 0.000000000000 1.000000000000
33.715639924885 -36.355825204244 0.000000000000 1.000000000000
-38.722840884185 28.666627003930 0.000000000000 1.000000000000
-7.148730063893 49.536544528731 0.866025403784 0.500000000000
81.306158173186 -38.917969580715 0.866025403784 -0.500000000000
50.733344495592 30.466510004779 0.000000000000 1.000000000000
-11.854363917132 74.697557888577 0.866025403784 0.500000000000
-30.591545914088 -20.274486528499 0.866025403784 -0.500000000000
-43.999144649159 45.798546458428 0.866025403784 -0.500000000000
-125.253473672101 58.948565414840 0.866025403784 0.500000000000
50.837882304653 66.790769867218 0.866025403784 -0.500000000000
-58.720652976762 85.257059201957 0.866025403784 0.500000000000
130.126277926840 105.992653524948 0.866025403784 -0.500000000000
86.285218469029 -31.438986964545 0.866025403784 -0.500000000000
-39.291067199387 -9.996344314974 0.866025403784 0.500000000000
-27.537692465678 -67.292006492063 0.000000000000 1.000000000000
