#Configurational_file created 2018-09-14 13:59:34  started 2018-09-14 13:59:33 run for 1.0s steps 0
name: p_1155
step: 10000
specie: 20
	particle_diameter: 1.0000000000000000
	interaction_length: 1.2000000000000000
	number_of_patches: 3
	number_of_particles_per_compound: 1
	rod_length: 1.0000000000000000
	interaction_matrix:  1.000000 1.000000 1.000000 1.000000 1.000000 1.000000 1.000000 1.000000 1.000000
	patch_type: symmetric
	patch_width: 8.0000000000000000
	patch_angle: 0.0000000000000000
	angles:  0.000000 0.000000 0.000000
	grand_canonical: 0
	chemical_potential: 0.0000000000000000
box: 14.125625 14.125625
copy: 1.000000 1.000000
epsilon: 0.5517250000000000
end_epsilon: 0.0000000000000000
pressure: 0.2413800000000000
lambda: 0.0000000000000000
lambda_coupling: 1.0000000000000000
uy: 0.0000000000000000
maximum_displacement: 1.0000000000000000
maximum_rotation: 1.0000000000000000
maximum_volume: 1.0000000000000000
maximum_shape: 0.0000001000000000
maximum_dsigma: 0.0100000000000000
mod: 10
pmod: 10
optimize: 1
verbose: 1
snapshot: 0
display: 1
explore: 1
npt: 1
nptxy: 0
nptdxdy: 0
shape: 0
seed: 1316026
-59.442144780279 100.341404999622 0.866025403784 -0.500000000000
90.418824493461 91.984443379481 0.000000000000 1.000000000000
106.256612400397 -100.190329308658 0.866025403784 -0.500000000000
-26.914370377686 170.144025285981 0.000000000000 1.000000000000
-84.831584565998 3.320839263195 0.866025403784 -0.500000000000
-12.908804331184 63.520553446759 0.866025403784 -0.500000000000
-53.604866686771 143.851142366295 0.866025403784 -0.500000000000
-74.097874312184 -86.680976332737 0.866025403784 0.500000000000
101.170673547937 98.481601837264 0.000000000000 1.000000000000
6.796840862217 92.331523410268 0.000000000000 1.000000000000
-16.378071029464 56.722269407589 0.866025403784 -0.500000000000
180.265504053935 -50.506415582364 0.866025403784 0.500000000000
10.416912002971 -63.637627188765 0.866025403784 -0.500000000000
-28.111058297328 -32.887512589053 0.866025403784 0.500000000000
217.797348054741 1.696946759813 0.866025403784 -0.500000000000
108.210282272202 141.493238450716 0.866025403784 -0.500000000000
122.662722391844 121.948037969702 0.866025403784 -0.500000000000
-3.218877024575 -46.192694507266 0.866025403784 -0.500000000000
13.979261058795 141.097623573967 0.000000000000 1.000000000000
109.108332785932 45.556629221425 0.866025403784 0.500000000000
