#Configurational_file created 2018-09-14 11:36:17  started 2018-09-14 11:36:16 run for 1.0s steps 0
name: p_1127
step: 10000
specie: 20
	particle_diameter: 1.0000000000000000
	interaction_length: 1.2000000000000000
	number_of_patches: 3
	number_of_particles_per_compound: 1
	rod_length: 1.0000000000000000
	interaction_matrix:  1.000000 1.000000 1.000000 1.000000 1.000000 1.000000 1.000000 1.000000 1.000000
	patch_type: symmetric
	patch_width: 8.0000000000000000
	patch_angle: 0.0000000000000000
	angles:  0.000000 0.000000 0.000000
	grand_canonical: 0
	chemical_potential: 0.0000000000000000
box: 28.327013 28.327013
copy: 1.000000 1.000000
epsilon: 0.4166830000000000
end_epsilon: 0.0000000000000000
pressure: 0.0834290000000000
lambda: 0.0000000000000000
lambda_coupling: 1.0000000000000000
uy: 0.0000000000000000
maximum_displacement: 1.0000000000000000
maximum_rotation: 1.0000000000000000
maximum_volume: 1.0000000000000000
maximum_shape: 0.0000001000000000
maximum_dsigma: 0.0100000000000000
mod: 10
pmod: 10
optimize: 1
verbose: 1
snapshot: 0
display: 1
explore: 1
npt: 1
nptxy: 0
nptdxdy: 0
shape: 0
seed: 1284190
-82.705341300602 204.639709844266 0.866025403784 -0.500000000000
-114.010980733282 49.378187725675 0.000000000000 1.000000000000
-92.235543975862 -55.336802131338 0.866025403784 -0.500000000000
-21.186529548920 3.352840752553 0.000000000000 1.000000000000
58.636976479263 110.609127091634 0.000000000000 1.000000000000
113.280154292877 -135.781179745351 0.000000000000 1.000000000000
37.187711747871 -79.788629570262 0.000000000000 1.000000000000
130.718507714904 50.320358380304 0.866025403784 -0.500000000000
-204.176331562542 -419.166747408364 0.000000000000 1.000000000000
-35.902784193418 -94.114517521441 0.866025403784 -0.500000000000
33.866528281035 6.552146774420 0.866025403784 0.500000000000
-7.207910597610 271.049685471831 0.866025403784 -0.500000000000
2.904113671851 64.614190467665 0.866025403784 0.500000000000
-164.463511840853 128.572764364732 0.000000000000 1.000000000000
137.883200240695 1.922254750880 0.866025403784 -0.500000000000
-14.812163578939 -130.523684058404 0.866025403784 0.500000000000
-87.382771383560 70.326999843032 0.000000000000 1.000000000000
147.412241346919 -44.562687340741 0.866025403784 0.500000000000
72.837640090244 -26.727280087690 0.866025403784 -0.500000000000
-3.485281069669 -133.294272679883 0.866025403784 0.500000000000
