#Configurational_file created 2018-09-14 14:00:01  started 2018-09-14 14:00:00 run for 1.0s steps 0
name: p_1191
step: 10000
specie: 20
	particle_diameter: 1.0000000000000000
	interaction_length: 1.2000000000000000
	number_of_patches: 3
	number_of_particles_per_compound: 1
	rod_length: 1.0000000000000000
	interaction_matrix:  1.000000 1.000000 1.000000 1.000000 1.000000 1.000000 1.000000 1.000000 1.000000
	patch_type: symmetric
	patch_width: 8.0000000000000000
	patch_angle: 0.0000000000000000
	angles:  0.000000 0.000000 0.000000
	grand_canonical: 0
	chemical_potential: 0.0000000000000000
box: 10.606456 10.606456
copy: 1.000000 1.000000
epsilon: 0.6206900000000000
end_epsilon: 0.0000000000000000
pressure: 0.3448280000000000
lambda: 0.0000000000000000
lambda_coupling: 1.0000000000000000
uy: 0.0000000000000000
maximum_displacement: 1.0000000000000000
maximum_rotation: 1.0000000000000000
maximum_volume: 1.0000000000000000
maximum_shape: 0.0000001000000000
maximum_dsigma: 0.0100000000000000
mod: 10
pmod: 10
optimize: 1
verbose: 1
snapshot: 0
display: 1
explore: 1
npt: 1
nptxy: 0
nptdxdy: 0
shape: 0
seed: 1356958
-19.662432234103 85.861740428007 0.866025403784 -0.500000000000
-46.822217495386 16.666810240869 0.866025403784 0.500000000000
64.082292776519 -44.544967832407 0.866025403784 0.500000000000
79.477942161025 77.519680770384 0.866025403784 0.500000000000
-84.508678298669 -58.828987220960 0.000000000000 1.000000000000
64.380166050555 28.067284864438 0.000000000000 1.000000000000
164.833206347973 74.622049676784 0.866025403784 -0.500000000000
7.669696875989 -16.740020141741 0.000000000000 1.000000000000
-124.662739655665 7.077505435545 0.866025403784 0.500000000000
11.526197139649 84.813108297525 0.000000000000 1.000000000000
134.921316705976 70.120381279748 0.866025403784 -0.500000000000
-102.190841630128 -17.943225386420 0.866025403784 0.500000000000
-47.570714522072 -135.817987302475 0.866025403784 0.500000000000
266.808801512300 -87.196323556391 0.866025403784 -0.500000000000
-19.171969903439 -12.774061380725 0.000000000000 1.000000000000
-85.443731922046 -91.202591213568 0.866025403784 -0.500000000000
-89.579469961533 72.460943217369 0.866025403784 0.500000000000
-106.713070238046 -39.451054131351 0.000000000000 1.000000000000
-27.927405123748 -40.909241917590 0.866025403784 -0.500000000000
115.948774090850 -136.033349449221 0.000000000000 1.000000000000
