#Configurational_file created 2018-09-14 11:37:14  started 2018-09-14 11:37:13 run for 1.0s steps 0
name: p_1193
step: 10000
specie: 20
	particle_diameter: 1.0000000000000000
	interaction_length: 1.2000000000000000
	number_of_patches: 3
	number_of_particles_per_compound: 1
	rod_length: 1.0000000000000000
	interaction_matrix:  1.000000 1.000000 1.000000 1.000000 1.000000 1.000000 1.000000 1.000000 1.000000
	patch_type: symmetric
	patch_width: 8.0000000000000000
	patch_angle: 0.0000000000000000
	angles:  0.000000 0.000000 0.000000
	grand_canonical: 0
	chemical_potential: 0.0000000000000000
box: 8.614456 8.614456
copy: 1.000000 1.000000
epsilon: 0.4583420000000000
end_epsilon: 0.0000000000000000
pressure: 1.4166960000000000
lambda: 0.0000000000000000
lambda_coupling: 1.0000000000000000
uy: 0.0000000000000000
maximum_displacement: 1.0000000000000000
maximum_rotation: 1.0000000000000000
maximum_volume: 0.5316827415071435
maximum_shape: 0.0000001000000000
maximum_dsigma: 0.0100000000000000
mod: 10
pmod: 10
optimize: 1
verbose: 1
snapshot: 0
display: 1
explore: 1
npt: 1
nptxy: 0
nptdxdy: 0
shape: 0
seed: 1359232
39.587661035327 -12.695601198936 0.000000000000 1.000000000000
27.198123731194 39.211744913510 0.000000000000 1.000000000000
-26.041825181877 -150.352082981857 0.866025403784 -0.500000000000
71.542812864626 70.853441134081 0.000000000000 1.000000000000
143.312260610193 31.333393374428 0.866025403784 0.500000000000
-53.857110719832 20.155068944949 0.000000000000 1.000000000000
-31.753202595723 81.947424346749 0.866025403784 -0.500000000000
-69.764250990498 18.194005150195 0.000000000000 1.000000000000
-54.153998073174 162.369394013489 0.866025403784 0.500000000000
-85.942470489795 -27.283500080641 0.866025403784 0.500000000000
-60.841926540858 46.128735659068 0.866025403784 0.500000000000
98.782623081026 111.039757154229 0.000000000000 1.000000000000
42.116235076753 88.092804599709 0.866025403784 0.500000000000
-65.685785265645 -1.313130872506 0.866025403784 0.500000000000
-3.055108806504 105.717475198037 0.866025403784 0.500000000000
0.855036220527 -5.163428668214 0.000000000000 1.000000000000
-4.270756363996 -86.063333169630 0.866025403784 0.500000000000
55.463910765750 150.303890000748 0.866025403784 -0.500000000000
14.712722940313 -42.470425486220 0.866025403784 0.500000000000
-67.199942047798 34.059494356928 0.866025403784 0.500000000000
