#Configurational_file created 2018-09-14 12:03:34  started 2018-09-14 12:03:34 run for 0.0s steps 0
name: p_1126
step: 10000
specie: 20
	particle_diameter: 1.0000000000000000
	interaction_length: 1.2000000000000000
	number_of_patches: 3
	number_of_particles_per_compound: 1
	rod_length: 1.0000000000000000
	interaction_matrix:  1.000000 1.000000 1.000000 1.000000 1.000000 1.000000 1.000000 1.000000 1.000000
	patch_type: symmetric
	patch_width: 8.0000000000000000
	patch_angle: 0.0000000000000000
	angles:  0.000000 0.000000 0.000000
	grand_canonical: 0
	chemical_potential: 0.0000000000000000
box: 47.010460 47.010460
copy: 1.000000 1.000000
epsilon: 0.0416670000000000
end_epsilon: 0.0000000000000000
pressure: 0.0000010000000000
lambda: 0.0000000000000000
lambda_coupling: 1.0000000000000000
uy: 0.0000000000000000
maximum_displacement: 1.0000000000000000
maximum_rotation: 1.0000000000000000
maximum_volume: 1.0000000000000000
maximum_shape: 0.0000001000000000
maximum_dsigma: 0.0100000000000000
mod: 10
pmod: 10
optimize: 1
verbose: 1
snapshot: 0
display: 1
explore: 1
npt: 1
nptxy: 0
nptdxdy: 0
shape: 0
seed: 1283053
60.992974401763 81.558137896318 0.866025403784 -0.500000000000
338.338948132151 103.744569023698 0.866025403784 -0.500000000000
41.537210844570 99.949511750657 0.866025403784 0.500000000000
274.567523193944 16.631769060806 0.000000000000 1.000000000000
-14.639034336882 173.340158428035 0.866025403784 -0.500000000000
142.152804888851 95.294846932405 0.866025403784 0.500000000000
-123.707501248765 -232.419631362966 0.866025403784 0.500000000000
269.298963043443 -47.863820486022 0.000000000000 1.000000000000
60.310318257054 93.302913547976 0.866025403784 -0.500000000000
396.958618908384 -46.936545527851 0.866025403784 0.500000000000
69.068211722305 -201.934728264615 0.866025403784 0.500000000000
-57.963633436009 -165.997042220634 0.000000000000 1.000000000000
-206.033257372835 93.113120221282 0.000000000000 1.000000000000
-173.196038884159 84.622141139184 0.866025403784 -0.500000000000
-192.699373369946 -101.461709148702 0.000000000000 1.000000000000
-86.693391429570 -83.748277081129 0.866025403784 -0.500000000000
138.932604404867 56.799640777824 0.866025403784 0.500000000000
-282.755965546904 -242.913457534054 0.866025403784 0.500000000000
40.315323455042 80.639559235073 0.866025403784 0.500000000000
113.283070246165 107.357217953049 0.000000000000 1.000000000000
