#Configurational_file created 2018-09-14 13:59:36  started 2018-09-14 13:59:35 run for 1.0s steps 0
name: p_1157
step: 10000
specie: 20
	particle_diameter: 1.0000000000000000
	interaction_length: 1.2000000000000000
	number_of_patches: 3
	number_of_particles_per_compound: 1
	rod_length: 1.0000000000000000
	interaction_matrix:  1.000000 1.000000 1.000000 1.000000 1.000000 1.000000 1.000000 1.000000 1.000000
	patch_type: symmetric
	patch_width: 8.0000000000000000
	patch_angle: 0.0000000000000000
	angles:  0.000000 0.000000 0.000000
	grand_canonical: 0
	chemical_potential: 0.0000000000000000
box: 12.213779 12.213779
copy: 1.000000 1.000000
epsilon: 0.5517250000000000
end_epsilon: 0.0000000000000000
pressure: 0.2758630000000000
lambda: 0.0000000000000000
lambda_coupling: 1.0000000000000000
uy: 0.0000000000000000
maximum_displacement: 1.0000000000000000
maximum_rotation: 1.0000000000000000
maximum_volume: 1.0000000000000000
maximum_shape: 0.0000001000000000
maximum_dsigma: 0.0100000000000000
mod: 10
pmod: 10
optimize: 1
verbose: 1
snapshot: 0
display: 1
explore: 1
npt: 1
nptxy: 0
nptdxdy: 0
shape: 0
seed: 1318300
40.505719729112 -161.056363224750 0.866025403784 0.500000000000
23.127895712811 -26.109270623846 0.866025403784 0.500000000000
33.918216203426 96.154002334442 0.866025403784 0.500000000000
31.721656749293 -15.701261573747 0.000000000000 1.000000000000
24.634712340741 -10.596974751630 0.866025403784 -0.500000000000
63.555523914696 -45.923727993545 0.000000000000 1.000000000000
53.799179003574 2.278174926826 0.000000000000 1.000000000000
66.716993679303 242.125902986721 0.866025403784 -0.500000000000
-13.840607926366 30.328940854507 0.866025403784 -0.500000000000
-4.427402804279 -201.515787715938 0.000000000000 1.000000000000
-26.180473318274 98.096536677505 0.866025403784 0.500000000000
-70.472817318458 -57.605729872036 0.866025403784 -0.500000000000
55.867933006929 6.110061118699 0.866025403784 0.500000000000
5.113275922072 -33.391599667084 0.866025403784 -0.500000000000
-67.723407428224 -48.994617704136 0.866025403784 -0.500000000000
-118.426807401630 113.239528897552 0.866025403784 0.500000000000
-65.389480359730 -85.311248285617 0.866025403784 0.500000000000
-163.946175821439 -37.947930115344 0.866025403784 -0.500000000000
-39.502670831949 26.608896540367 0.866025403784 -0.500000000000
73.864703624714 125.358967941369 0.000000000000 1.000000000000
