#Configurational_file created 2018-09-14 12:04:13  started 2018-09-14 12:04:12 run for 1.0s steps 0
name: p_1179
step: 10000
specie: 20
	particle_diameter: 1.0000000000000000
	interaction_length: 1.2000000000000000
	number_of_patches: 3
	number_of_particles_per_compound: 1
	rod_length: 1.0000000000000000
	interaction_matrix:  1.000000 1.000000 1.000000 1.000000 1.000000 1.000000 1.000000 1.000000 1.000000
	patch_type: symmetric
	patch_width: 8.0000000000000000
	patch_angle: 0.0000000000000000
	angles:  0.000000 0.000000 0.000000
	grand_canonical: 0
	chemical_potential: 0.0000000000000000
box: 54.994084 54.994084
copy: 1.000000 1.000000
epsilon: 0.0458330000000000
end_epsilon: 0.0000000000000000
pressure: 0.0125010000000000
lambda: 0.0000000000000000
lambda_coupling: 1.0000000000000000
uy: 0.0000000000000000
maximum_displacement: 1.0000000000000000
maximum_rotation: 1.0000000000000000
maximum_volume: 1.0000000000000000
maximum_shape: 0.0000001000000000
maximum_dsigma: 0.0100000000000000
mod: 10
pmod: 10
optimize: 1
verbose: 1
snapshot: 0
display: 1
explore: 1
npt: 1
nptxy: 0
nptdxdy: 0
shape: 0
seed: 1343314
57.715098667286 375.398841910157 0.000000000000 1.000000000000
-293.326160426082 7.039367023761 0.866025403784 0.500000000000
-271.189452498272 243.712679130939 0.866025403784 -0.500000000000
-48.541996488318 148.270337539952 0.000000000000 1.000000000000
-27.942527892432 163.359441450177 0.000000000000 1.000000000000
-244.303225614386 112.270049904118 0.866025403784 0.500000000000
-183.634662045343 -50.192771667865 0.000000000000 1.000000000000
-211.769345231099 -102.669172597182 0.866025403784 0.500000000000
92.265755711255 -8.224082405433 0.000000000000 1.000000000000
169.695406828052 56.719046886301 0.866025403784 0.500000000000
-47.228083334421 -142.522120390860 0.866025403784 -0.500000000000
246.154140380291 -241.644104631117 0.866025403784 -0.500000000000
261.805682856523 -0.430445679603 0.866025403784 -0.500000000000
191.130009266708 101.863675384740 0.000000000000 1.000000000000
92.211884914425 25.589334297447 0.000000000000 1.000000000000
348.274384604094 95.396130873522 0.866025403784 0.500000000000
394.266685050944 419.326299076020 0.866025403784 -0.500000000000
243.309105831251 93.538474272411 0.000000000000 1.000000000000
73.807411855082 6.538178541872 0.866025403784 0.500000000000
-204.439242286845 -240.883645495184 0.866025403784 0.500000000000
