#Configurational_file created 2018-09-14 12:03:16  started 2018-09-14 12:03:15 run for 1.0s steps 0
name: p_1100
step: 10000
specie: 20
	particle_diameter: 1.0000000000000000
	interaction_length: 1.2000000000000000
	number_of_patches: 3
	number_of_particles_per_compound: 1
	rod_length: 1.0000000000000000
	interaction_matrix:  1.000000 1.000000 1.000000 1.000000 1.000000 1.000000 1.000000 1.000000 1.000000
	patch_type: symmetric
	patch_width: 8.0000000000000000
	patch_angle: 0.0000000000000000
	angles:  0.000000 0.000000 0.000000
	grand_canonical: 0
	chemical_potential: 0.0000000000000000
box: 43.258193 43.258193
copy: 1.000000 1.000000
epsilon: 0.0375000000000000
end_epsilon: 0.0000000000000000
pressure: 0.1000000000000000
lambda: 0.0000000000000000
lambda_coupling: 1.0000000000000000
uy: 0.0000000000000000
maximum_displacement: 1.0000000000000000
maximum_rotation: 1.0000000000000000
maximum_volume: 1.0000000000000000
maximum_shape: 0.0000001000000000
maximum_dsigma: 0.0100000000000000
mod: 10
pmod: 10
optimize: 1
verbose: 1
snapshot: 0
display: 1
explore: 1
npt: 1
nptxy: 0
nptdxdy: 0
shape: 0
seed: 1253491
-154.073978208915 -86.664323761464 0.866025403784 0.500000000000
257.715023140139 -78.584122752670 0.866025403784 -0.500000000000
85.207426843034 -144.647081907444 0.866025403784 -0.500000000000
285.642799779855 -89.814431385081 0.866025403784 -0.500000000000
-10.289412040446 56.126794062407 0.000000000000 1.000000000000
-30.217463572411 -144.044371212171 0.866025403784 -0.500000000000
12.653102055739 268.856186569425 0.866025403784 0.500000000000
-32.904547562488 18.417717286802 0.866025403784 -0.500000000000
174.911392993407 203.777680334530 0.866025403784 0.500000000000
-69.641944044382 -223.353541931752 0.866025403784 -0.500000000000
30.955351324155 98.420834275635 0.866025403784 0.500000000000
478.769180829153 43.751567972923 0.000000000000 1.000000000000
68.884108662024 69.253356979579 0.866025403784 0.500000000000
-12.996601356601 56.970578890600 0.866025403784 -0.500000000000
146.105954004328 160.269185615690 0.866025403784 0.500000000000
13.546519976350 157.926523981080 0.866025403784 0.500000000000
-1.526158411024 209.909232950237 0.866025403784 0.500000000000
208.479941285256 151.198081690186 0.866025403784 -0.500000000000
194.660302620098 -159.686352051631 0.000000000000 1.000000000000
-40.314981270375 96.264207443117 0.866025403784 -0.500000000000
