#Configurational_file created 2018-09-14 11:36:50  started 2018-09-14 11:36:49 run for 1.0s steps 0
name: p_1166
step: 10000
specie: 20
	particle_diameter: 1.0000000000000000
	interaction_length: 1.2000000000000000
	number_of_patches: 3
	number_of_particles_per_compound: 1
	rod_length: 1.0000000000000000
	interaction_matrix:  1.000000 1.000000 1.000000 1.000000 1.000000 1.000000 1.000000 1.000000 1.000000
	patch_type: symmetric
	patch_width: 8.0000000000000000
	patch_angle: 0.0000000000000000
	angles:  0.000000 0.000000 0.000000
	grand_canonical: 0
	chemical_potential: 0.0000000000000000
box: 8.257907 8.257907
copy: 1.000000 1.000000
epsilon: 0.4375120000000000
end_epsilon: 0.0000000000000000
pressure: 1.2500370000000001
lambda: 0.0000000000000000
lambda_coupling: 1.0000000000000000
uy: 0.0000000000000000
maximum_displacement: 1.0000000000000000
maximum_rotation: 1.0000000000000000
maximum_volume: 0.6716602308814813
maximum_shape: 0.0000001000000000
maximum_dsigma: 0.0100000000000000
mod: 10
pmod: 10
optimize: 1
verbose: 1
snapshot: 0
display: 1
explore: 1
npt: 1
nptxy: 0
nptdxdy: 0
shape: 0
seed: 1328533
-42.883094662071 -40.044277526327 0.866025403784 -0.500000000000
93.768461269448 24.230093684874 0.000000000000 1.000000000000
4.747272920501 43.728126619209 0.866025403784 -0.500000000000
-21.267208696269 -56.857503747553 0.000000000000 1.000000000000
-30.566130396776 31.034683429608 0.866025403784 0.500000000000
-107.283725616001 74.690629828350 0.866025403784 0.500000000000
79.302023688359 -40.760366730630 0.000000000000 1.000000000000
-23.846769139814 100.483282040204 0.866025403784 -0.500000000000
27.613952128304 -65.932341051755 0.866025403784 -0.500000000000
-36.477686320330 22.449046634537 0.000000000000 1.000000000000
-113.837761282595 27.087144150860 0.000000000000 1.000000000000
-49.985857867168 -46.889784561932 0.866025403784 -0.500000000000
141.209162331038 -63.101501394056 0.866025403784 -0.500000000000
9.519726096211 -8.876728650621 0.000000000000 1.000000000000
-5.947176745353 61.132599034077 0.866025403784 -0.500000000000
-114.869740952422 -82.321638378219 0.000000000000 1.000000000000
-31.415308946603 136.718440085927 0.866025403784 -0.500000000000
-100.970260396752 14.484766715196 0.866025403784 0.500000000000
104.630467892698 100.280183064921 0.866025403784 -0.500000000000
81.459340481897 -75.223539869765 0.866025403784 -0.500000000000
