#Configurational_file created 2018-09-14 12:03:33  started 2018-09-14 12:03:32 run for 1.0s steps 0
name: p_1124
step: 10000
specie: 20
	particle_diameter: 1.0000000000000000
	interaction_length: 1.2000000000000000
	number_of_patches: 3
	number_of_particles_per_compound: 1
	rod_length: 1.0000000000000000
	interaction_matrix:  1.000000 1.000000 1.000000 1.000000 1.000000 1.000000 1.000000 1.000000 1.000000
	patch_type: symmetric
	patch_width: 8.0000000000000000
	patch_angle: 0.0000000000000000
	angles:  0.000000 0.000000 0.000000
	grand_canonical: 0
	chemical_potential: 0.0000000000000000
box: 51.500130 51.500130
copy: 1.000000 1.000000
epsilon: 0.0395840000000000
end_epsilon: 0.0000000000000000
pressure: 0.0958330000000000
lambda: 0.0000000000000000
lambda_coupling: 1.0000000000000000
uy: 0.0000000000000000
maximum_displacement: 1.0000000000000000
maximum_rotation: 1.0000000000000000
maximum_volume: 1.0000000000000000
maximum_shape: 0.0000001000000000
maximum_dsigma: 0.0100000000000000
mod: 10
pmod: 10
optimize: 1
verbose: 1
snapshot: 0
display: 1
explore: 1
npt: 1
nptxy: 0
nptdxdy: 0
shape: 0
seed: 1280779
15.553840168249 -211.524900917164 0.000000000000 1.000000000000
-174.164571133752 31.207805648041 0.866025403784 0.500000000000
76.965646086645 -79.497541484593 0.866025403784 -0.500000000000
84.859880688980 -289.553303200316 0.000000000000 1.000000000000
-80.718806264545 -165.227009445733 0.000000000000 1.000000000000
244.186580270251 -120.399160096453 0.000000000000 1.000000000000
43.148339326634 -32.649312417195 0.000000000000 1.000000000000
126.325619316842 33.132106108920 0.866025403784 0.500000000000
-94.619485803190 -171.450549645143 0.866025403784 0.500000000000
-69.908422331112 36.677333375944 0.866025403784 0.500000000000
1.897768296642 -17.594381890133 0.866025403784 -0.500000000000
253.926181439885 -35.873680882316 0.866025403784 0.500000000000
-52.937959891962 17.227544161419 0.000000000000 1.000000000000
91.440344810782 3.278345585341 0.000000000000 1.000000000000
-130.595918886474 174.627625312744 0.866025403784 0.500000000000
-46.291666860450 33.706231135487 0.866025403784 0.500000000000
-63.114362099746 100.422228125888 0.000000000000 1.000000000000
67.351181187329 -47.887980180045 0.866025403784 -0.500000000000
165.765435587946 -390.979375299199 0.000000000000 1.000000000000
206.183234781876 70.745087841388 0.866025403784 0.500000000000
