#Configurational_file created 2018-09-14 14:00:06  started 2018-09-14 14:00:06 run for 0.0s steps 0
name: p_1198
step: 10000
specie: 20
	particle_diameter: 1.0000000000000000
	interaction_length: 1.2000000000000000
	number_of_patches: 3
	number_of_particles_per_compound: 1
	rod_length: 1.0000000000000000
	interaction_matrix:  1.000000 1.000000 1.000000 1.000000 1.000000 1.000000 1.000000 1.000000 1.000000
	patch_type: symmetric
	patch_width: 8.0000000000000000
	patch_angle: 0.0000000000000000
	angles:  0.000000 0.000000 0.000000
	grand_canonical: 0
	chemical_potential: 0.0000000000000000
box: 9.685311 9.685311
copy: 1.000000 1.000000
epsilon: 0.6206900000000000
end_epsilon: 0.0000000000000000
pressure: 0.4655170000000000
lambda: 0.0000000000000000
lambda_coupling: 1.0000000000000000
uy: 0.0000000000000000
maximum_displacement: 1.0000000000000000
maximum_rotation: 1.0000000000000000
maximum_volume: 1.0000000000000000
maximum_shape: 0.0000001000000000
maximum_dsigma: 0.0100000000000000
mod: 10
pmod: 10
optimize: 1
verbose: 1
snapshot: 0
display: 1
explore: 1
npt: 1
nptxy: 0
nptdxdy: 0
shape: 0
seed: 1364917
-78.475494522902 92.789752704507 0.000000000000 1.000000000000
-179.485902487495 77.277646636751 0.000000000000 1.000000000000
-13.405482697988 -43.487655661149 0.866025403784 0.500000000000
-24.689900780291 65.318271672001 0.000000000000 1.000000000000
12.565793418908 -16.115030000189 0.866025403784 0.500000000000
-64.449380690437 39.371812708430 0.866025403784 -0.500000000000
-30.202602722645 46.319334365783 0.000000000000 1.000000000000
-39.780326153705 66.820047371697 0.000000000000 1.000000000000
58.833188756794 93.926142060983 0.866025403784 -0.500000000000
-0.905675561239 101.086589824138 0.000000000000 1.000000000000
70.047176251750 89.602047325606 0.866025403784 0.500000000000
-93.011241660313 12.330704525011 0.866025403784 0.500000000000
-193.468007798670 -90.707795950395 0.866025403784 0.500000000000
-133.751750697111 85.812673146701 0.866025403784 0.500000000000
57.682231649276 30.885958547113 0.866025403784 -0.500000000000
-57.346866061527 -91.193510761744 0.000000000000 1.000000000000
-22.957701756115 -59.804965040730 0.866025403784 0.500000000000
12.202337778525 -19.039083133911 0.866025403784 0.500000000000
55.594992071414 -21.875572683478 0.866025403784 0.500000000000
144.021908386405 -38.075237975411 0.000000000000 1.000000000000
