#Configurational_file created 2018-09-14 11:36:39  started 2018-09-14 11:36:39 run for 0.0s steps 0
name: p_1153
step: 10000
specie: 20
	particle_diameter: 1.0000000000000000
	interaction_length: 1.2000000000000000
	number_of_patches: 3
	number_of_particles_per_compound: 1
	rod_length: 1.0000000000000000
	interaction_matrix:  1.000000 1.000000 1.000000 1.000000 1.000000 1.000000 1.000000 1.000000 1.000000
	patch_type: symmetric
	patch_width: 8.0000000000000000
	patch_angle: 0.0000000000000000
	angles:  0.000000 0.000000 0.000000
	grand_canonical: 0
	chemical_potential: 0.0000000000000000
box: 21.588565 21.588565
copy: 1.000000 1.000000
epsilon: 0.4375120000000000
end_epsilon: 0.0000000000000000
pressure: 0.1667580000000000
lambda: 0.0000000000000000
lambda_coupling: 1.0000000000000000
uy: 0.0000000000000000
maximum_displacement: 1.0000000000000000
maximum_rotation: 1.0000000000000000
maximum_volume: 1.0000000000000000
maximum_shape: 0.0000001000000000
maximum_dsigma: 0.0100000000000000
mod: 10
pmod: 10
optimize: 1
verbose: 1
snapshot: 0
display: 1
explore: 1
npt: 1
nptxy: 0
nptdxdy: 0
shape: 0
seed: 1313752
3.082534730097 5.370188537002 0.866025403784 0.500000000000
53.200608597961 -133.563311858759 0.000000000000 1.000000000000
-15.326415740764 41.269554396113 0.866025403784 -0.500000000000
-314.468041062995 47.731291853022 0.000000000000 1.000000000000
-149.906161612168 142.877131904484 0.866025403784 -0.500000000000
-50.374209387228 -218.009088762163 0.866025403784 0.500000000000
48.893718929086 178.395337804846 0.866025403784 -0.500000000000
33.951902902509 -35.894088633554 0.866025403784 -0.500000000000
-32.702955716748 -60.184520842483 0.866025403784 -0.500000000000
-189.806725519116 61.811881328397 0.866025403784 0.500000000000
-38.522169859730 130.640579836303 0.000000000000 1.000000000000
64.531231700732 256.165297449423 0.000000000000 1.000000000000
203.551660863181 -22.828347729673 0.866025403784 -0.500000000000
84.269670356951 93.547069154373 0.000000000000 1.000000000000
110.334862735299 216.572251708685 0.866025403784 0.500000000000
-83.335463180864 -99.896755253979 0.866025403784 0.500000000000
-250.965883467470 -98.819453490842 0.866025403784 -0.500000000000
-49.169428688342 223.872813628095 0.866025403784 -0.500000000000
-64.928779076885 163.863685729824 0.000000000000 1.000000000000
107.662027670777 -109.087643555042 0.000000000000 1.000000000000
