#Configurational_file created 2018-09-14 11:36:02  started 2018-09-14 11:36:01 run for 1.0s steps 0
name: p_1110
step: 10000
specie: 20
	particle_diameter: 1.0000000000000000
	interaction_length: 1.2000000000000000
	number_of_patches: 3
	number_of_particles_per_compound: 1
	rod_length: 1.0000000000000000
	interaction_matrix:  1.000000 1.000000 1.000000 1.000000 1.000000 1.000000 1.000000 1.000000 1.000000
	patch_type: symmetric
	patch_width: 8.0000000000000000
	patch_angle: 0.0000000000000000
	angles:  0.000000 0.000000 0.000000
	grand_canonical: 0
	chemical_potential: 0.0000000000000000
box: 9.027789 9.027789
copy: 1.000000 1.000000
epsilon: 0.3958540000000000
end_epsilon: 0.0000000000000000
pressure: 0.7500620000000000
lambda: 0.0000000000000000
lambda_coupling: 1.0000000000000000
uy: 0.0000000000000000
maximum_displacement: 1.0000000000000000
maximum_rotation: 1.0000000000000000
maximum_volume: 1.0000000000000000
maximum_shape: 0.0000001000000000
maximum_dsigma: 0.0100000000000000
mod: 10
pmod: 10
optimize: 1
verbose: 1
snapshot: 0
display: 1
explore: 1
npt: 1
nptxy: 0
nptdxdy: 0
shape: 0
seed: 1264861
-73.977646308405 15.521416945739 0.866025403784 -0.500000000000
-11.611826261792 -62.901202948001 0.000000000000 1.000000000000
108.327850701038 -50.327620543698 0.000000000000 1.000000000000
-31.158386075658 -18.503508994690 0.000000000000 1.000000000000
-139.028513703909 16.671947611352 0.000000000000 1.000000000000
-77.037167457270 10.985643148088 0.000000000000 1.000000000000
-56.321842614368 -59.979116491358 0.000000000000 1.000000000000
-7.425572584479 37.889807859073 0.866025403784 0.500000000000
49.219966009615 67.399158238299 0.000000000000 1.000000000000
-42.119198405196 37.949302298444 0.866025403784 -0.500000000000
-38.906751624641 66.978465724735 0.866025403784 -0.500000000000
-26.328389488004 -56.158520254689 0.000000000000 1.000000000000
44.212337110646 -0.153595657528 0.866025403784 -0.500000000000
-5.994881209684 9.429386779950 0.866025403784 -0.500000000000
-107.801026061412 -21.741138681338 0.866025403784 0.500000000000
4.297637875490 33.586784583933 0.866025403784 -0.500000000000
46.185194482608 89.118418206347 0.866025403784 0.500000000000
-23.320026540319 -114.278723335892 0.866025403784 0.500000000000
-30.516426442485 -44.313105936017 0.866025403784 -0.500000000000
20.605421413165 -100.080831199876 0.866025403784 0.500000000000
