#Configurational_file created 2018-09-14 12:03:29  started 2018-09-14 12:03:28 run for 1.0s steps 0
name: p_1118
step: 10000
specie: 20
	particle_diameter: 1.0000000000000000
	interaction_length: 1.2000000000000000
	number_of_patches: 3
	number_of_particles_per_compound: 1
	rod_length: 1.0000000000000000
	interaction_matrix:  1.000000 1.000000 1.000000 1.000000 1.000000 1.000000 1.000000 1.000000 1.000000
	patch_type: symmetric
	patch_width: 8.0000000000000000
	patch_angle: 0.0000000000000000
	angles:  0.000000 0.000000 0.000000
	grand_canonical: 0
	chemical_potential: 0.0000000000000000
box: 45.258046 45.258046
copy: 1.000000 1.000000
epsilon: 0.0395840000000000
end_epsilon: 0.0000000000000000
pressure: 0.0708340000000000
lambda: 0.0000000000000000
lambda_coupling: 1.0000000000000000
uy: 0.0000000000000000
maximum_displacement: 1.0000000000000000
maximum_rotation: 1.0000000000000000
maximum_volume: 1.0000000000000000
maximum_shape: 0.0000001000000000
maximum_dsigma: 0.0100000000000000
mod: 10
pmod: 10
optimize: 1
verbose: 1
snapshot: 0
display: 1
explore: 1
npt: 1
nptxy: 0
nptdxdy: 0
shape: 0
seed: 1273957
-26.372031984128 -43.306394745792 0.866025403784 -0.500000000000
-86.307968461893 20.044557955052 0.866025403784 -0.500000000000
-219.052347580978 -73.417282705312 0.000000000000 1.000000000000
-75.828103611846 -98.445676925808 0.866025403784 -0.500000000000
48.791248975771 72.947127624701 0.866025403784 0.500000000000
114.036199803196 175.340003678712 0.866025403784 0.500000000000
176.430361807945 -226.595599209134 0.000000000000 1.000000000000
95.004715308131 114.794561893756 0.866025403784 0.500000000000
10.620268570962 -43.501289202403 0.000000000000 1.000000000000
-64.671701164283 7.426282421546 0.866025403784 -0.500000000000
86.767925448632 144.904409332587 0.866025403784 0.500000000000
-115.127880415919 41.575754009088 0.000000000000 1.000000000000
25.845080677436 84.227370086734 0.000000000000 1.000000000000
137.003809470468 -201.438987340490 0.000000000000 1.000000000000
-99.726529861193 -113.144903927308 0.866025403784 0.500000000000
98.391119445134 -81.710554349702 0.866025403784 -0.500000000000
428.569506446596 -182.283213759821 0.000000000000 1.000000000000
-345.828993949203 -39.952198633368 0.000000000000 1.000000000000
97.196177202696 -16.849462047430 0.866025403784 0.500000000000
134.524326628075 121.848183187338 0.866025403784 0.500000000000
