#Configurational_file created 2018-09-14 12:04:24  started 2018-09-14 12:04:23 run for 1.0s steps 0
name: p_1194
step: 10000
specie: 20
	particle_diameter: 1.0000000000000000
	interaction_length: 1.2000000000000000
	number_of_patches: 3
	number_of_particles_per_compound: 1
	rod_length: 1.0000000000000000
	interaction_matrix:  1.000000 1.000000 1.000000 1.000000 1.000000 1.000000 1.000000 1.000000 1.000000
	patch_type: symmetric
	patch_width: 8.0000000000000000
	patch_angle: 0.0000000000000000
	angles:  0.000000 0.000000 0.000000
	grand_canonical: 0
	chemical_potential: 0.0000000000000000
box: 45.936046 45.936046
copy: 1.000000 1.000000
epsilon: 0.0458330000000000
end_epsilon: 0.0000000000000000
pressure: 0.0750000000000000
lambda: 0.0000000000000000
lambda_coupling: 1.0000000000000000
uy: 0.0000000000000000
maximum_displacement: 1.0000000000000000
maximum_rotation: 1.0000000000000000
maximum_volume: 1.0000000000000000
maximum_shape: 0.0000001000000000
maximum_dsigma: 0.0100000000000000
mod: 10
pmod: 10
optimize: 1
verbose: 1
snapshot: 0
display: 1
explore: 1
npt: 1
nptxy: 0
nptdxdy: 0
shape: 0
seed: 1360369
35.113076744190 -234.988465843093 0.866025403784 0.500000000000
-332.262577052995 415.884810221207 0.866025403784 -0.500000000000
30.877873063667 -58.459390168921 0.000000000000 1.000000000000
27.162686319008 -82.823033229603 0.000000000000 1.000000000000
110.464358698524 257.179353091714 0.000000000000 1.000000000000
-168.772641209517 -110.464553706573 0.000000000000 1.000000000000
190.632122747042 -77.534807930928 0.866025403784 -0.500000000000
-14.795743666324 337.606741799721 0.000000000000 1.000000000000
237.604239796486 -369.385790190367 0.000000000000 1.000000000000
12.579285805249 -313.892423261556 0.866025403784 0.500000000000
-73.840814182753 13.786941756953 0.866025403784 -0.500000000000
-140.314997372890 22.673018172351 0.866025403784 0.500000000000
119.273472309023 -204.242420790927 0.000000000000 1.000000000000
-12.528114866207 -107.415041197932 0.866025403784 -0.500000000000
254.323896116595 248.592030822096 0.000000000000 1.000000000000
-124.174546366890 -254.704636487702 0.000000000000 1.000000000000
-31.075300927198 58.001684585441 0.866025403784 0.500000000000
109.079134317101 5.598942016750 0.000000000000 1.000000000000
-185.836319818840 75.785326012965 0.000000000000 1.000000000000
157.751187787537 -205.818550787744 0.866025403784 -0.500000000000
