#Configurational_file created 2018-09-14 13:59:50  started 2018-09-14 13:59:49 run for 1.0s steps 0
name: p_1176
step: 10000
specie: 20
	particle_diameter: 1.0000000000000000
	interaction_length: 1.2000000000000000
	number_of_patches: 3
	number_of_particles_per_compound: 1
	rod_length: 1.0000000000000000
	interaction_matrix:  1.000000 1.000000 1.000000 1.000000 1.000000 1.000000 1.000000 1.000000 1.000000
	patch_type: symmetric
	patch_width: 8.0000000000000000
	patch_angle: 0.0000000000000000
	angles:  0.000000 0.000000 0.000000
	grand_canonical: 0
	chemical_potential: 0.0000000000000000
box: 20.997465 20.997465
copy: 1.000000 1.000000
epsilon: 0.6206900000000000
end_epsilon: 0.0000000000000000
pressure: 0.0862080000000000
lambda: 0.0000000000000000
lambda_coupling: 1.0000000000000000
uy: 0.0000000000000000
maximum_displacement: 1.0000000000000000
maximum_rotation: 1.0000000000000000
maximum_volume: 1.0000000000000000
maximum_shape: 0.0000001000000000
maximum_dsigma: 0.0100000000000000
mod: 10
pmod: 10
optimize: 1
verbose: 1
snapshot: 0
display: 1
explore: 1
npt: 1
nptxy: 0
nptdxdy: 0
shape: 0
seed: 1339903
266.318721229784 -14.316442094107 0.866025403784 -0.500000000000
54.063543988025 40.928022804727 0.000000000000 1.000000000000
18.339370528386 -156.871032671015 0.866025403784 0.500000000000
65.990815827469 203.357280605566 0.866025403784 -0.500000000000
99.894559008006 -198.453906299522 0.866025403784 0.500000000000
-307.958457749028 -177.482258779648 0.000000000000 1.000000000000
-57.958198327802 80.743539549098 0.866025403784 -0.500000000000
41.685949021363 -76.848257350090 0.866025403784 0.500000000000
-135.980354473233 -34.933166840618 0.866025403784 -0.500000000000
35.277309105592 95.908876613324 0.000000000000 1.000000000000
-35.050155375808 -15.484267569792 0.866025403784 0.500000000000
-2.729125619101 60.017706369508 0.866025403784 0.500000000000
-111.773493298208 10.789452837948 0.866025403784 0.500000000000
145.880461173951 15.349107925747 0.866025403784 0.500000000000
-38.311417429595 -38.166024094476 0.866025403784 0.500000000000
27.060158224483 -6.915499710881 0.000000000000 1.000000000000
32.196689992738 17.155484347587 0.866025403784 -0.500000000000
12.403935484207 -114.186529601829 0.000000000000 1.000000000000
17.771580463339 12.434632928179 0.866025403784 0.500000000000
-73.762707022673 0.656797263591 0.000000000000 1.000000000000
