#Configurational_file created 2018-09-14 13:58:54  started 2018-09-14 13:58:54 run for 0.0s steps 0
name: p_1100
step: 10000
specie: 20
	particle_diameter: 1.0000000000000000
	interaction_length: 1.2000000000000000
	number_of_patches: 3
	number_of_particles_per_compound: 1
	rod_length: 1.0000000000000000
	interaction_matrix:  1.000000 1.000000 1.000000 1.000000 1.000000 1.000000 1.000000 1.000000 1.000000
	patch_type: symmetric
	patch_width: 8.0000000000000000
	patch_angle: 0.0000000000000000
	angles:  0.000000 0.000000 0.000000
	grand_canonical: 0
	chemical_potential: 0.0000000000000000
box: 13.277013 13.277013
copy: 1.000000 1.000000
epsilon: 0.4137940000000000
end_epsilon: 0.0000000000000000
pressure: 0.3275870000000000
lambda: 0.0000000000000000
lambda_coupling: 1.0000000000000000
uy: 0.0000000000000000
maximum_displacement: 1.0000000000000000
maximum_rotation: 1.0000000000000000
maximum_volume: 1.0000000000000000
maximum_shape: 0.0000001000000000
maximum_dsigma: 0.0100000000000000
mod: 10
pmod: 10
optimize: 1
verbose: 1
snapshot: 0
display: 1
explore: 1
npt: 1
nptxy: 0
nptdxdy: 0
shape: 0
seed: 1253491
44.778853984922 13.536096156454 0.000000000000 1.000000000000
51.245325035985 53.344917698868 0.866025403784 -0.500000000000
-40.466466976874 -42.792920609719 0.866025403784 0.500000000000
15.289828036382 -6.391856750432 0.866025403784 -0.500000000000
-59.355261826771 201.956274953838 0.866025403784 0.500000000000
-29.997381020370 -26.022574334745 0.000000000000 1.000000000000
-32.361632416162 -8.853725070017 0.000000000000 1.000000000000
141.415834284160 -6.442585951324 0.866025403784 -0.500000000000
-26.572783984878 -90.480762739607 0.866025403784 0.500000000000
-45.835407145108 -56.314790806943 0.866025403784 0.500000000000
214.103033256709 -55.674850794627 0.000000000000 1.000000000000
66.228308186951 -18.798333313541 0.866025403784 0.500000000000
43.517659910432 17.505509570433 0.866025403784 -0.500000000000
-2.134741445073 15.984898772206 0.000000000000 1.000000000000
-26.229033869874 66.960541751279 0.866025403784 0.500000000000
-123.100111493307 31.836396629945 0.000000000000 1.000000000000
108.734483527965 -106.954042986065 0.000000000000 1.000000000000
12.090339484712 63.900829659045 0.866025403784 -0.500000000000
140.248270084090 -3.983471337081 0.000000000000 1.000000000000
204.250599962810 11.875924801203 0.866025403784 0.500000000000
