#Configurational_file created 2018-09-14 11:36:25  started 2018-09-14 11:36:24 run for 1.0s steps 0
name: p_1137
step: 10000
specie: 20
	particle_diameter: 1.0000000000000000
	interaction_length: 1.2000000000000000
	number_of_patches: 3
	number_of_particles_per_compound: 1
	rod_length: 1.0000000000000000
	interaction_matrix:  1.000000 1.000000 1.000000 1.000000 1.000000 1.000000 1.000000 1.000000 1.000000
	patch_type: symmetric
	patch_width: 8.0000000000000000
	patch_angle: 0.0000000000000000
	angles:  0.000000 0.000000 0.000000
	grand_canonical: 0
	chemical_potential: 0.0000000000000000
box: 8.816368 8.816368
copy: 1.000000 1.000000
epsilon: 0.4166830000000000
end_epsilon: 0.0000000000000000
pressure: 0.9167210000000000
lambda: 0.0000000000000000
lambda_coupling: 1.0000000000000000
uy: 0.0000000000000000
maximum_displacement: 1.0000000000000000
maximum_rotation: 1.0000000000000000
maximum_volume: 1.0000000000000000
maximum_shape: 0.0000001000000000
maximum_dsigma: 0.0100000000000000
mod: 10
pmod: 10
optimize: 1
verbose: 1
snapshot: 0
display: 1
explore: 1
npt: 1
nptxy: 0
nptdxdy: 0
shape: 0
seed: 1295560
13.849084527139 12.164494833836 0.866025403784 0.500000000000
53.073276754158 68.630699026921 0.866025403784 0.500000000000
28.936449243708 -57.286550517318 0.000000000000 1.000000000000
99.950961453832 -121.816545304894 0.000000000000 1.000000000000
108.954927876856 43.299688823683 0.866025403784 0.500000000000
-1.031629195440 17.198047520516 0.866025403784 0.500000000000
64.570975792452 84.953971627616 0.000000000000 1.000000000000
-42.267381726856 -129.012460017200 0.866025403784 -0.500000000000
-175.848816596192 -49.999177263155 0.866025403784 0.500000000000
62.583217698973 -68.874484658810 0.000000000000 1.000000000000
-96.206159765133 -80.983258965827 0.000000000000 1.000000000000
37.073588347732 78.278836053547 0.866025403784 0.500000000000
-56.846167452041 -24.984371920093 0.000000000000 1.000000000000
-17.323169321141 0.264761436682 0.000000000000 1.000000000000
36.485557548504 -136.704075465288 0.866025403784 -0.500000000000
-62.296503663377 -26.237622348862 0.866025403784 -0.500000000000
-22.568444417743 20.110688332634 0.000000000000 1.000000000000
50.512924168076 -36.129290255199 0.866025403784 0.500000000000
-40.459527520443 33.300612472881 0.000000000000 1.000000000000
69.308051085207 13.906914307502 0.866025403784 0.500000000000
