#Configurational_file created 2018-09-14 11:37:02  started 2018-09-14 11:37:01 run for 1.0s steps 0
name: p_1179
step: 10000
specie: 20
	particle_diameter: 1.0000000000000000
	interaction_length: 1.2000000000000000
	number_of_patches: 3
	number_of_particles_per_compound: 1
	rod_length: 1.0000000000000000
	interaction_matrix:  1.000000 1.000000 1.000000 1.000000 1.000000 1.000000 1.000000 1.000000 1.000000
	patch_type: symmetric
	patch_width: 8.0000000000000000
	patch_angle: 0.0000000000000000
	angles:  0.000000 0.000000 0.000000
	grand_canonical: 0
	chemical_potential: 0.0000000000000000
box: 17.957903 17.957903
copy: 1.000000 1.000000
epsilon: 0.4583420000000000
end_epsilon: 0.0000000000000000
pressure: 0.2500870000000000
lambda: 0.0000000000000000
lambda_coupling: 1.0000000000000000
uy: 0.0000000000000000
maximum_displacement: 1.0000000000000000
maximum_rotation: 1.0000000000000000
maximum_volume: 1.0000000000000000
maximum_shape: 0.0000001000000000
maximum_dsigma: 0.0100000000000000
mod: 10
pmod: 10
optimize: 1
verbose: 1
snapshot: 0
display: 1
explore: 1
npt: 1
nptxy: 0
nptdxdy: 0
shape: 0
seed: 1343314
-90.629556264967 -32.757177012410 0.866025403784 0.500000000000
-74.008854274070 -213.177568423558 0.000000000000 1.000000000000
-97.160813595492 67.936641846914 0.000000000000 1.000000000000
24.584815381682 38.655141866734 0.000000000000 1.000000000000
56.475852120830 -138.377887948789 0.866025403784 -0.500000000000
-292.517761256029 -62.514258859568 0.866025403784 -0.500000000000
-221.220479916642 16.459213944954 0.866025403784 0.500000000000
-134.712998666025 -5.506661411544 0.866025403784 -0.500000000000
-45.028222029779 -68.160001845959 0.000000000000 1.000000000000
56.893386794959 -50.830107969494 0.866025403784 0.500000000000
-69.228429230742 18.873691370538 0.866025403784 0.500000000000
129.368578314705 -29.735939965468 0.866025403784 0.500000000000
-122.417802919032 -4.355734125307 0.866025403784 -0.500000000000
195.213698832700 39.619769061864 0.866025403784 0.500000000000
122.688254562652 20.374195103457 0.866025403784 -0.500000000000
101.669836678317 229.593839026435 0.866025403784 -0.500000000000
244.645775831361 -49.540282901671 0.000000000000 1.000000000000
205.344036009705 2.352482356482 0.000000000000 1.000000000000
-112.477490722777 167.140747228018 0.866025403784 -0.500000000000
107.835583894456 -88.518383068503 0.866025403784 0.500000000000
