#Configurational_file created 2018-09-14 11:36:19  started 2018-09-14 11:36:18 run for 1.0s steps 0
name: p_1130
step: 10000
specie: 20
	particle_diameter: 1.0000000000000000
	interaction_length: 1.2000000000000000
	number_of_patches: 3
	number_of_particles_per_compound: 1
	rod_length: 1.0000000000000000
	interaction_matrix:  1.000000 1.000000 1.000000 1.000000 1.000000 1.000000 1.000000 1.000000 1.000000
	patch_type: symmetric
	patch_width: 8.0000000000000000
	patch_angle: 0.0000000000000000
	angles:  0.000000 0.000000 0.000000
	grand_canonical: 0
	chemical_potential: 0.0000000000000000
box: 13.867944 13.867944
copy: 1.000000 1.000000
epsilon: 0.4166830000000000
end_epsilon: 0.0000000000000000
pressure: 0.3334170000000000
lambda: 0.0000000000000000
lambda_coupling: 1.0000000000000000
uy: 0.0000000000000000
maximum_displacement: 1.0000000000000000
maximum_rotation: 1.0000000000000000
maximum_volume: 1.0000000000000000
maximum_shape: 0.0000001000000000
maximum_dsigma: 0.0100000000000000
mod: 10
pmod: 10
optimize: 1
verbose: 1
snapshot: 0
display: 1
explore: 1
npt: 1
nptxy: 0
nptdxdy: 0
shape: 0
seed: 1287601
22.436509997408 -64.008473423440 0.866025403784 0.500000000000
35.730231791558 -109.857349575902 0.866025403784 0.500000000000
139.714178029437 -68.345659578812 0.866025403784 0.500000000000
-14.582691509712 37.198811643654 0.000000000000 1.000000000000
154.240523829037 49.672782070569 0.000000000000 1.000000000000
-184.302737212032 -58.901582237785 0.866025403784 0.500000000000
21.754982797802 -120.550994139969 0.000000000000 1.000000000000
-8.509848035856 -5.073600437860 0.866025403784 0.500000000000
115.979318710893 -52.841570834316 0.000000000000 1.000000000000
-42.122478924946 -47.748160649686 0.866025403784 -0.500000000000
57.021720992796 323.520910423727 0.866025403784 0.500000000000
20.022558544615 36.721041210826 0.866025403784 -0.500000000000
77.092760647394 -222.968628825541 0.000000000000 1.000000000000
139.448550625771 169.686670735666 0.866025403784 0.500000000000
107.784108869686 99.064655449076 0.000000000000 1.000000000000
-178.327607906670 -14.502121799560 0.000000000000 1.000000000000
-96.230315577701 -72.248201489140 0.866025403784 0.500000000000
59.887879230673 107.149427338488 0.000000000000 1.000000000000
51.833428117735 -117.034749864116 0.866025403784 -0.500000000000
39.607468008216 52.725644347613 0.000000000000 1.000000000000
