#Configurational_file created 2018-09-14 11:36:03  started 2018-09-14 11:36:02 run for 1.0s steps 0
name: p_1111
step: 10000
specie: 20
	particle_diameter: 1.0000000000000000
	interaction_length: 1.2000000000000000
	number_of_patches: 3
	number_of_particles_per_compound: 1
	rod_length: 1.0000000000000000
	interaction_matrix:  1.000000 1.000000 1.000000 1.000000 1.000000 1.000000 1.000000 1.000000 1.000000
	patch_type: symmetric
	patch_width: 8.0000000000000000
	patch_angle: 0.0000000000000000
	angles:  0.000000 0.000000 0.000000
	grand_canonical: 0
	chemical_potential: 0.0000000000000000
box: 10.329144 10.329144
copy: 1.000000 1.000000
epsilon: 0.3958540000000000
end_epsilon: 0.0000000000000000
pressure: 0.8333920000000000
lambda: 0.0000000000000000
lambda_coupling: 1.0000000000000000
uy: 0.0000000000000000
maximum_displacement: 1.0000000000000000
maximum_rotation: 1.0000000000000000
maximum_volume: 1.0000000000000000
maximum_shape: 0.0000001000000000
maximum_dsigma: 0.0100000000000000
mod: 10
pmod: 10
optimize: 1
verbose: 1
snapshot: 0
display: 1
explore: 1
npt: 1
nptxy: 0
nptdxdy: 0
shape: 0
seed: 1265998
-35.607512820091 83.458166236563 0.866025403784 -0.500000000000
-124.131693193941 -92.493693370883 0.866025403784 -0.500000000000
110.402041553092 24.400407070403 0.000000000000 1.000000000000
103.564047817396 -5.527151277534 0.866025403784 0.500000000000
48.760155738602 -14.181393962761 0.866025403784 -0.500000000000
-15.553444089869 -60.241114219625 0.866025403784 -0.500000000000
103.504618723154 19.087524656521 0.000000000000 1.000000000000
-12.089337774422 -70.492617710361 0.000000000000 1.000000000000
6.341599838144 -163.463042517058 0.866025403784 -0.500000000000
40.181688090249 -12.201852756114 0.866025403784 0.500000000000
48.744843447649 -124.047382588589 0.000000000000 1.000000000000
-110.946494114628 57.349539501594 0.866025403784 0.500000000000
-2.424425302116 -66.163429598187 0.000000000000 1.000000000000
113.448705549614 3.402889069077 0.000000000000 1.000000000000
331.220172981064 -145.091919083545 0.866025403784 0.500000000000
23.273915677054 106.139701738477 0.866025403784 -0.500000000000
44.724723641301 56.374446306402 0.000000000000 1.000000000000
-61.008609149988 99.578141962601 0.000000000000 1.000000000000
-56.422159145518 -45.612492080746 0.000000000000 1.000000000000
46.534064815110 -140.678922354204 0.866025403784 0.500000000000
