#Configurational_file created 2018-09-14 13:59:09  started 2018-09-14 13:59:08 run for 1.0s steps 0
name: p_1120
step: 10000
specie: 20
	particle_diameter: 1.0000000000000000
	interaction_length: 1.2000000000000000
	number_of_patches: 3
	number_of_particles_per_compound: 1
	rod_length: 1.0000000000000000
	interaction_matrix:  1.000000 1.000000 1.000000 1.000000 1.000000 1.000000 1.000000 1.000000 1.000000
	patch_type: symmetric
	patch_width: 8.0000000000000000
	patch_angle: 0.0000000000000000
	angles:  0.000000 0.000000 0.000000
	grand_canonical: 0
	chemical_potential: 0.0000000000000000
box: 15.622852 15.622852
copy: 1.000000 1.000000
epsilon: 0.4827590000000000
end_epsilon: 0.0000000000000000
pressure: 0.1551730000000000
lambda: 0.0000000000000000
lambda_coupling: 1.0000000000000000
uy: 0.0000000000000000
maximum_displacement: 1.0000000000000000
maximum_rotation: 1.0000000000000000
maximum_volume: 1.0000000000000000
maximum_shape: 0.0000001000000000
maximum_dsigma: 0.0100000000000000
mod: 10
pmod: 10
optimize: 1
verbose: 1
snapshot: 0
display: 1
explore: 1
npt: 1
nptxy: 0
nptdxdy: 0
shape: 0
seed: 1276231
105.997501928512 -110.677820291815 0.866025403784 0.500000000000
-111.309966177307 -112.431355082113 0.866025403784 0.500000000000
-21.474341476101 11.931456689287 0.866025403784 0.500000000000
34.347138364083 -14.763246268769 0.866025403784 0.500000000000
81.736775452617 181.631646151485 0.000000000000 1.000000000000
-42.492766082584 -73.343774217034 0.866025403784 0.500000000000
-43.168984541629 -17.720760926713 0.866025403784 -0.500000000000
-146.767262031595 80.167059776790 0.000000000000 1.000000000000
70.811663034722 -82.045507926647 0.866025403784 0.500000000000
178.764209622916 -117.042187351944 0.866025403784 0.500000000000
-104.834179849193 111.362892297880 0.000000000000 1.000000000000
69.750291061888 -202.274443323677 0.866025403784 0.500000000000
15.180782891225 -96.270883616433 0.866025403784 0.500000000000
33.532563415821 38.222450485040 0.866025403784 0.500000000000
-104.084630477307 164.418865798622 0.000000000000 1.000000000000
89.152458046700 16.299012339155 0.866025403784 0.500000000000
-44.011429012569 113.576991321860 0.000000000000 1.000000000000
-96.025981794873 -69.465976824784 0.866025403784 -0.500000000000
83.206905161926 55.902901927467 0.866025403784 -0.500000000000
-54.407586910209 38.388563263894 0.866025403784 -0.500000000000
