#Configurational_file created 2018-09-14 13:59:30  started 2018-09-14 13:59:29 run for 1.0s steps 0
name: p_1149
step: 10000
specie: 20
	particle_diameter: 1.0000000000000000
	interaction_length: 1.2000000000000000
	number_of_patches: 3
	number_of_particles_per_compound: 1
	rod_length: 1.0000000000000000
	interaction_matrix:  1.000000 1.000000 1.000000 1.000000 1.000000 1.000000 1.000000 1.000000 1.000000
	patch_type: symmetric
	patch_width: 8.0000000000000000
	patch_angle: 0.0000000000000000
	angles:  0.000000 0.000000 0.000000
	grand_canonical: 0
	chemical_potential: 0.0000000000000000
box: 16.550223 16.550223
copy: 1.000000 1.000000
epsilon: 0.5517250000000000
end_epsilon: 0.0000000000000000
pressure: 0.1379320000000000
lambda: 0.0000000000000000
lambda_coupling: 1.0000000000000000
uy: 0.0000000000000000
maximum_displacement: 1.0000000000000000
maximum_rotation: 1.0000000000000000
maximum_volume: 1.0000000000000000
maximum_shape: 0.0000001000000000
maximum_dsigma: 0.0100000000000000
mod: 10
pmod: 10
optimize: 1
verbose: 1
snapshot: 0
display: 1
explore: 1
npt: 1
nptxy: 0
nptdxdy: 0
shape: 0
seed: 1309204
96.775445253018 162.145615289561 0.866025403784 0.500000000000
93.149236084946 -92.307237750785 0.866025403784 0.500000000000
90.095521927854 149.574606006611 0.866025403784 0.500000000000
-37.508546748249 -45.180341488197 0.000000000000 1.000000000000
131.185629496178 28.802370008632 0.866025403784 0.500000000000
-75.429564688381 -135.164790828996 0.866025403784 -0.500000000000
37.093132695285 33.962336912205 0.866025403784 -0.500000000000
306.307399041060 88.948055065419 0.000000000000 1.000000000000
142.913893499128 -10.675242691302 0.866025403784 0.500000000000
75.370714030479 -14.614696321124 0.866025403784 -0.500000000000
-9.696809958142 -21.472598438943 0.000000000000 1.000000000000
-117.863223538188 -11.851336480247 0.000000000000 1.000000000000
-50.256243262977 38.363186056884 0.000000000000 1.000000000000
30.265621218347 -61.287641445058 0.866025403784 0.500000000000
100.965153517590 -11.867768891735 0.000000000000 1.000000000000
167.910485592431 -38.389922267720 0.866025403784 -0.500000000000
-54.120733966695 77.698591680807 0.866025403784 -0.500000000000
139.817013495839 -40.445589756315 0.866025403784 -0.500000000000
19.915316115733 -134.243700701908 0.866025403784 0.500000000000
24.228576798830 155.680382216660 0.866025403784 0.500000000000
