#Configurational_file created 2018-09-14 13:59:07  started 2018-09-14 13:59:07 run for 0.0s steps 0
name: p_1118
step: 10000
specie: 20
	particle_diameter: 1.0000000000000000
	interaction_length: 1.2000000000000000
	number_of_patches: 3
	number_of_particles_per_compound: 1
	rod_length: 1.0000000000000000
	interaction_matrix:  1.000000 1.000000 1.000000 1.000000 1.000000 1.000000 1.000000 1.000000 1.000000
	patch_type: symmetric
	patch_width: 8.0000000000000000
	patch_angle: 0.0000000000000000
	angles:  0.000000 0.000000 0.000000
	grand_canonical: 0
	chemical_potential: 0.0000000000000000
box: 20.490736 20.490736
copy: 1.000000 1.000000
epsilon: 0.4827590000000000
end_epsilon: 0.0000000000000000
pressure: 0.1206900000000000
lambda: 0.0000000000000000
lambda_coupling: 1.0000000000000000
uy: 0.0000000000000000
maximum_displacement: 1.0000000000000000
maximum_rotation: 1.0000000000000000
maximum_volume: 1.0000000000000000
maximum_shape: 0.0000001000000000
maximum_dsigma: 0.0100000000000000
mod: 10
pmod: 10
optimize: 1
verbose: 1
snapshot: 0
display: 1
explore: 1
npt: 1
nptxy: 0
nptdxdy: 0
shape: 0
seed: 1273957
-40.746067711777 -100.180469412791 0.000000000000 1.000000000000
19.651015705994 -226.359299760326 0.000000000000 1.000000000000
-30.067465059326 40.829634544576 0.866025403784 -0.500000000000
-38.731108494726 25.158339892526 0.000000000000 1.000000000000
48.071012538192 59.411818469161 0.866025403784 -0.500000000000
62.792658421307 112.029632449401 0.000000000000 1.000000000000
91.892413555828 -2.751776905127 0.866025403784 -0.500000000000
79.925823211589 28.631680344549 0.000000000000 1.000000000000
-31.907379857782 128.008433528043 0.000000000000 1.000000000000
-92.714123842056 50.381469690145 0.000000000000 1.000000000000
-207.218307764693 181.300763244873 0.866025403784 0.500000000000
-42.418964159485 -21.499762010873 0.866025403784 -0.500000000000
0.099212669170 117.973194002788 0.866025403784 0.500000000000
-126.833842646219 149.556789078543 0.866025403784 -0.500000000000
5.571932566187 -52.420307801557 0.866025403784 0.500000000000
25.678108258867 116.921318900966 0.000000000000 1.000000000000
-15.683468927350 -90.347537458969 0.866025403784 -0.500000000000
-187.703193654730 -74.149188748522 0.000000000000 1.000000000000
29.377393879544 -88.806361975138 0.866025403784 -0.500000000000
170.184835887930 -43.791369554678 0.000000000000 1.000000000000
