#Configurational_file created 2018-09-14 13:59:00  started 2018-09-14 13:59:00 run for 0.0s steps 0
name: p_1108
step: 10000
specie: 20
	particle_diameter: 1.0000000000000000
	interaction_length: 1.2000000000000000
	number_of_patches: 3
	number_of_particles_per_compound: 1
	rod_length: 1.0000000000000000
	interaction_matrix:  1.000000 1.000000 1.000000 1.000000 1.000000 1.000000 1.000000 1.000000 1.000000
	patch_type: symmetric
	patch_width: 8.0000000000000000
	patch_angle: 0.0000000000000000
	angles:  0.000000 0.000000 0.000000
	grand_canonical: 0
	chemical_potential: 0.0000000000000000
box: 12.143271 12.143271
copy: 1.000000 1.000000
epsilon: 0.4137940000000000
end_epsilon: 0.0000000000000000
pressure: 0.4655170000000000
lambda: 0.0000000000000000
lambda_coupling: 1.0000000000000000
uy: 0.0000000000000000
maximum_displacement: 1.0000000000000000
maximum_rotation: 1.0000000000000000
maximum_volume: 1.0000000000000000
maximum_shape: 0.0000001000000000
maximum_dsigma: 0.0100000000000000
mod: 10
pmod: 10
optimize: 1
verbose: 1
snapshot: 0
display: 1
explore: 1
npt: 1
nptxy: 0
nptdxdy: 0
shape: 0
seed: 1262587
-31.681070478481 -89.286604821137 0.000000000000 1.000000000000
79.715146254980 -111.442493950415 0.866025403784 -0.500000000000
24.661132806333 40.030429969554 0.000000000000 1.000000000000
56.358420229055 63.076696367210 0.000000000000 1.000000000000
19.575918926576 -8.402036227240 0.866025403784 -0.500000000000
191.222379224342 -196.331116740872 0.000000000000 1.000000000000
73.814920048729 -132.855290853725 0.866025403784 -0.500000000000
-143.677268104500 12.175693018508 0.866025403784 -0.500000000000
-79.199988520682 48.668812619454 0.866025403784 -0.500000000000
84.652272352948 3.202966678897 0.866025403784 0.500000000000
-19.570812661905 158.779946966567 0.866025403784 -0.500000000000
-68.100476841971 -141.098145788241 0.866025403784 0.500000000000
-79.743506620835 -13.700594751654 0.866025403784 0.500000000000
160.736206918941 97.088782630932 0.866025403784 0.500000000000
44.626189520529 -52.362022552047 0.000000000000 1.000000000000
10.661336208727 75.526675870121 0.866025403784 0.500000000000
-114.834151431752 114.382601433146 0.866025403784 -0.500000000000
103.604474169567 87.165196958720 0.866025403784 -0.500000000000
1.966561806802 -81.605131468752 0.866025403784 0.500000000000
84.610971044881 -1.265064579337 0.866025403784 0.500000000000
