#Configurational_file created 2018-09-14 13:59:27  started 2018-09-14 13:59:26 run for 1.0s steps 0
name: p_1145
step: 10000
specie: 20
	particle_diameter: 1.0000000000000000
	interaction_length: 1.2000000000000000
	number_of_patches: 3
	number_of_particles_per_compound: 1
	rod_length: 1.0000000000000000
	interaction_matrix:  1.000000 1.000000 1.000000 1.000000 1.000000 1.000000 1.000000 1.000000 1.000000
	patch_type: symmetric
	patch_width: 8.0000000000000000
	patch_angle: 0.0000000000000000
	angles:  0.000000 0.000000 0.000000
	grand_canonical: 0
	chemical_potential: 0.0000000000000000
box: 24.709572 24.709572
copy: 1.000000 1.000000
epsilon: 0.5517250000000000
end_epsilon: 0.0000000000000000
pressure: 0.0689660000000000
lambda: 0.0000000000000000
lambda_coupling: 1.0000000000000000
uy: 0.0000000000000000
maximum_displacement: 1.0000000000000000
maximum_rotation: 1.0000000000000000
maximum_volume: 1.0000000000000000
maximum_shape: 0.0000001000000000
maximum_dsigma: 0.0100000000000000
mod: 10
pmod: 10
optimize: 1
verbose: 1
snapshot: 0
display: 1
explore: 1
npt: 1
nptxy: 0
nptdxdy: 0
shape: 0
seed: 1304656
-126.821012826786 -46.215837197578 0.866025403784 0.500000000000
-134.771566752058 65.707771055027 0.866025403784 -0.500000000000
8.676840559652 -227.988409841552 0.866025403784 0.500000000000
-57.684273107395 184.535670973767 0.866025403784 -0.500000000000
119.719802944371 170.797019705927 0.000000000000 1.000000000000
54.601734938612 -58.206884835228 0.000000000000 1.000000000000
35.223959240996 123.388695290729 0.866025403784 -0.500000000000
-55.886468135864 -104.701719102033 0.000000000000 1.000000000000
54.592433989267 34.089038001006 0.000000000000 1.000000000000
179.645136177145 36.703741629016 0.866025403784 -0.500000000000
45.811275542984 -53.957007844695 0.866025403784 0.500000000000
47.350504798909 69.073427870013 0.000000000000 1.000000000000
-117.938523824872 4.976852069383 0.000000000000 1.000000000000
-110.324123468376 138.295742261460 0.866025403784 -0.500000000000
10.140351587535 -55.528819038185 0.000000000000 1.000000000000
-96.724561884898 -263.411440767857 0.866025403784 -0.500000000000
131.732403521832 132.136037987378 0.000000000000 1.000000000000
49.326529285179 -56.243860924452 0.866025403784 -0.500000000000
60.919133304761 124.307203996442 0.866025403784 0.500000000000
115.158989162013 151.971826665096 0.866025403784 -0.500000000000
