#Configurational_file created 2018-09-14 11:36:16  started 2018-09-14 11:36:16 run for 0.0s steps 0
name: p_1126
step: 10000
specie: 20
	particle_diameter: 1.0000000000000000
	interaction_length: 1.2000000000000000
	number_of_patches: 3
	number_of_particles_per_compound: 1
	rod_length: 1.0000000000000000
	interaction_matrix:  1.000000 1.000000 1.000000 1.000000 1.000000 1.000000 1.000000 1.000000 1.000000
	patch_type: symmetric
	patch_width: 8.0000000000000000
	patch_angle: 0.0000000000000000
	angles:  0.000000 0.000000 0.000000
	grand_canonical: 0
	chemical_potential: 0.0000000000000000
box: 46.884325 46.884325
copy: 1.000000 1.000000
epsilon: 0.4166830000000000
end_epsilon: 0.0000000000000000
pressure: 0.0001000000000000
lambda: 0.0000000000000000
lambda_coupling: 1.0000000000000000
uy: 0.0000000000000000
maximum_displacement: 1.0000000000000000
maximum_rotation: 1.0000000000000000
maximum_volume: 1.0000000000000000
maximum_shape: 0.0000001000000000
maximum_dsigma: 0.0100000000000000
mod: 10
pmod: 10
optimize: 1
verbose: 1
snapshot: 0
display: 1
explore: 1
npt: 1
nptxy: 0
nptdxdy: 0
shape: 0
seed: 1283053
-338.293383264317 -258.541741989029 0.000000000000 1.000000000000
57.377524877104 305.886430068082 0.866025403784 0.500000000000
18.799001941022 46.412137689111 0.866025403784 -0.500000000000
67.799152216677 -42.161497847768 0.000000000000 1.000000000000
-411.041359028368 238.209039750717 0.866025403784 -0.500000000000
-39.422839003259 307.432379719376 0.866025403784 0.500000000000
-30.612588850156 163.920936737998 0.000000000000 1.000000000000
-4.844366431117 -178.680591988612 0.866025403784 0.500000000000
-92.322190675546 -87.925589705683 0.866025403784 0.500000000000
157.850088688722 151.033593613913 0.866025403784 0.500000000000
283.847104395720 -134.385688844348 0.000000000000 1.000000000000
41.234878939097 28.153932830114 0.866025403784 0.500000000000
25.824538111972 168.043224326126 0.866025403784 0.500000000000
-23.844333795445 170.508524443186 0.866025403784 0.500000000000
-242.463088709492 -118.970902028177 0.000000000000 1.000000000000
163.852284840579 49.658629815590 0.866025403784 0.500000000000
191.444825782976 210.254157752561 0.866025403784 -0.500000000000
-124.012399351077 126.173482580483 0.000000000000 1.000000000000
-158.328675383970 56.316677611148 0.866025403784 0.500000000000
193.014308706144 -42.249575192173 0.000000000000 1.000000000000
