#Configurational_file created 2018-09-14 11:36:55  started 2018-09-14 11:36:54 run for 1.0s steps 0
name: p_1171
step: 10000
specie: 20
	particle_diameter: 1.0000000000000000
	interaction_length: 1.2000000000000000
	number_of_patches: 3
	number_of_particles_per_compound: 1
	rod_length: 1.0000000000000000
	interaction_matrix:  1.000000 1.000000 1.000000 1.000000 1.000000 1.000000 1.000000 1.000000 1.000000
	patch_type: symmetric
	patch_width: 8.0000000000000000
	patch_angle: 0.0000000000000000
	angles:  0.000000 0.000000 0.000000
	grand_canonical: 0
	chemical_potential: 0.0000000000000000
box: 7.945538 7.945538
copy: 1.000000 1.000000
epsilon: 0.4375120000000000
end_epsilon: 0.0000000000000000
pressure: 1.6666829999999999
lambda: 0.0000000000000000
lambda_coupling: 1.0000000000000000
uy: 0.0000000000000000
maximum_displacement: 1.0000000000000000
maximum_rotation: 1.0000000000000000
maximum_volume: 0.4014747290079070
maximum_shape: 0.0000001000000000
maximum_dsigma: 0.0100000000000000
mod: 10
pmod: 10
optimize: 1
verbose: 1
snapshot: 0
display: 1
explore: 1
npt: 1
nptxy: 0
nptdxdy: 0
shape: 0
seed: 1334218
37.532344717930 -122.038348101650 0.866025403784 0.500000000000
-25.759969427562 -8.518886437036 0.866025403784 -0.500000000000
-134.168677256658 -16.770674519916 0.866025403784 -0.500000000000
100.971614166372 69.705299836942 0.866025403784 0.500000000000
167.269957140894 -45.287950344774 0.866025403784 0.500000000000
-53.173593534863 -73.002700862696 0.866025403784 -0.500000000000
107.631127005845 39.261433971508 0.866025403784 -0.500000000000
101.636390541071 8.516578543546 0.866025403784 -0.500000000000
68.713254531083 0.892595490664 0.866025403784 -0.500000000000
11.371162305422 60.450036403399 0.866025403784 -0.500000000000
15.393329171469 16.358507070828 0.000000000000 1.000000000000
57.493835299274 59.358843954546 0.866025403784 0.500000000000
119.103635867924 -7.024695617004 0.866025403784 -0.500000000000
-4.018254806436 10.767203002064 0.000000000000 1.000000000000
-93.584945308336 -26.330892660357 0.000000000000 1.000000000000
44.368285537806 -122.658566262007 0.866025403784 0.500000000000
13.039772249984 -48.457824314209 0.866025403784 0.500000000000
13.757465726509 114.707941921679 0.866025403784 -0.500000000000
-16.783292599182 37.363313381420 0.866025403784 -0.500000000000
79.552771868076 4.719261863381 0.866025403784 -0.500000000000
