#Configurational_file created 2018-09-14 12:03:16  started 2018-09-14 12:03:16 run for 0.0s steps 0
name: p_1101
step: 10000
specie: 20
	particle_diameter: 1.0000000000000000
	interaction_length: 1.2000000000000000
	number_of_patches: 3
	number_of_particles_per_compound: 1
	rod_length: 1.0000000000000000
	interaction_matrix:  1.000000 1.000000 1.000000 1.000000 1.000000 1.000000 1.000000 1.000000 1.000000
	patch_type: symmetric
	patch_width: 8.0000000000000000
	patch_angle: 0.0000000000000000
	angles:  0.000000 0.000000 0.000000
	grand_canonical: 0
	chemical_potential: 0.0000000000000000
box: 50.923857 50.923857
copy: 1.000000 1.000000
epsilon: 0.0395840000000000
end_epsilon: 0.0000000000000000
pressure: 0.0000010000000000
lambda: 0.0000000000000000
lambda_coupling: 1.0000000000000000
uy: 0.0000000000000000
maximum_displacement: 1.0000000000000000
maximum_rotation: 1.0000000000000000
maximum_volume: 1.0000000000000000
maximum_shape: 0.0000001000000000
maximum_dsigma: 0.0100000000000000
mod: 10
pmod: 10
optimize: 1
verbose: 1
snapshot: 0
display: 1
explore: 1
npt: 1
nptxy: 0
nptdxdy: 0
shape: 0
seed: 1254628
190.996953989861 147.210441703975 0.000000000000 1.000000000000
-60.591897652640 -443.445515758967 0.866025403784 -0.500000000000
157.670136417734 176.403399710303 0.866025403784 0.500000000000
34.369855826405 110.372520768667 0.000000000000 1.000000000000
-143.135078831643 54.976326941892 0.866025403784 -0.500000000000
238.922488120678 22.294539387629 0.866025403784 0.500000000000
80.804841912895 -123.252525302491 0.866025403784 0.500000000000
-129.372559324360 41.564541993718 0.866025403784 0.500000000000
384.491673865692 37.529737954727 0.866025403784 -0.500000000000
-170.525277617842 -99.170983905612 0.866025403784 0.500000000000
275.371919745378 60.824731779517 0.866025403784 0.500000000000
59.356768729816 245.550256844963 0.866025403784 -0.500000000000
244.842751750053 -45.789561655551 0.866025403784 0.500000000000
342.766790147881 25.850091310967 0.866025403784 -0.500000000000
291.252458265747 261.802833972209 0.000000000000 1.000000000000
317.739862035061 102.788716693002 0.866025403784 -0.500000000000
-151.801708870378 4.728214818377 0.866025403784 -0.500000000000
201.557288783265 -152.530211232280 0.866025403784 0.500000000000
-47.979376562400 -268.968296385663 0.000000000000 1.000000000000
186.770212696767 -86.543552325891 0.866025403784 0.500000000000
