#Configurational_file created 2018-09-14 13:59:05  started 2018-09-14 13:59:05 run for 0.0s steps 0
name: p_1115
step: 10000
specie: 20
	particle_diameter: 1.0000000000000000
	interaction_length: 1.2000000000000000
	number_of_patches: 3
	number_of_particles_per_compound: 1
	rod_length: 1.0000000000000000
	interaction_matrix:  1.000000 1.000000 1.000000 1.000000 1.000000 1.000000 1.000000 1.000000 1.000000
	patch_type: symmetric
	patch_width: 8.0000000000000000
	patch_angle: 0.0000000000000000
	angles:  0.000000 0.000000 0.000000
	grand_canonical: 0
	chemical_potential: 0.0000000000000000
box: 24.075974 24.075974
copy: 1.000000 1.000000
epsilon: 0.4827590000000000
end_epsilon: 0.0000000000000000
pressure: 0.0689660000000000
lambda: 0.0000000000000000
lambda_coupling: 1.0000000000000000
uy: 0.0000000000000000
maximum_displacement: 1.0000000000000000
maximum_rotation: 1.0000000000000000
maximum_volume: 1.0000000000000000
maximum_shape: 0.0000001000000000
maximum_dsigma: 0.0100000000000000
mod: 10
pmod: 10
optimize: 1
verbose: 1
snapshot: 0
display: 1
explore: 1
npt: 1
nptxy: 0
nptdxdy: 0
shape: 0
seed: 1270546
16.861323409360 56.860131370294 0.000000000000 1.000000000000
116.444951898997 68.868687341643 0.000000000000 1.000000000000
-88.350394574984 37.928730620933 0.866025403784 0.500000000000
87.846802384600 54.886020497062 0.866025403784 0.500000000000
6.685363669512 -74.381631216259 0.000000000000 1.000000000000
23.472607081968 9.860975151978 0.866025403784 0.500000000000
-134.431270828509 223.285776397626 0.000000000000 1.000000000000
-81.806136424252 -32.994644511686 0.000000000000 1.000000000000
93.193433031834 114.841316598461 0.000000000000 1.000000000000
26.988201109289 -105.793394454312 0.866025403784 0.500000000000
9.654561907164 208.699408214476 0.866025403784 0.500000000000
-80.475552696888 -22.666406908712 0.000000000000 1.000000000000
-129.256819650738 -31.760035800375 0.000000000000 1.000000000000
79.224507364216 139.795652854247 0.866025403784 0.500000000000
44.236797228571 -73.825114926820 0.000000000000 1.000000000000
-32.083890986469 84.406995031367 0.000000000000 1.000000000000
116.314891428956 9.978127062387 0.866025403784 0.500000000000
-92.192164366964 60.051766285014 0.866025403784 0.500000000000
80.830730929901 -34.769120104176 0.000000000000 1.000000000000
66.441651694443 20.463436018928 0.866025403784 -0.500000000000
