#Configurational_file created 2018-09-14 11:36:44  started 2018-09-14 11:36:43 run for 1.0s steps 0
name: p_1159
step: 10000
specie: 20
	particle_diameter: 1.0000000000000000
	interaction_length: 1.2000000000000000
	number_of_patches: 3
	number_of_particles_per_compound: 1
	rod_length: 1.0000000000000000
	interaction_matrix:  1.000000 1.000000 1.000000 1.000000 1.000000 1.000000 1.000000 1.000000 1.000000
	patch_type: symmetric
	patch_width: 8.0000000000000000
	patch_angle: 0.0000000000000000
	angles:  0.000000 0.000000 0.000000
	grand_canonical: 0
	chemical_potential: 0.0000000000000000
box: 10.189654 10.189654
copy: 1.000000 1.000000
epsilon: 0.4375120000000000
end_epsilon: 0.0000000000000000
pressure: 0.6667330000000000
lambda: 0.0000000000000000
lambda_coupling: 1.0000000000000000
uy: 0.0000000000000000
maximum_displacement: 1.0000000000000000
maximum_rotation: 1.0000000000000000
maximum_volume: 1.0000000000000000
maximum_shape: 0.0000001000000000
maximum_dsigma: 0.0100000000000000
mod: 10
pmod: 10
optimize: 1
verbose: 1
snapshot: 0
display: 1
explore: 1
npt: 1
nptxy: 0
nptdxdy: 0
shape: 0
seed: 1320574
-38.761737590378 55.103452335544 0.866025403784 0.500000000000
11.930228378950 51.944805392614 0.866025403784 0.500000000000
4.474537438912 -24.451321253656 0.866025403784 -0.500000000000
-92.315106946761 -79.315455945984 0.866025403784 0.500000000000
45.784930674589 205.447591243270 0.000000000000 1.000000000000
-43.590138661189 91.895629385778 0.866025403784 0.500000000000
-24.234708121897 -106.364590303873 0.866025403784 0.500000000000
-94.402976151131 118.248761174491 0.866025403784 -0.500000000000
-51.424548785568 -37.542718665362 0.866025403784 -0.500000000000
179.164005727902 -36.554137967290 0.866025403784 0.500000000000
-115.656814586256 38.681545136125 0.000000000000 1.000000000000
23.103882975707 24.185156692036 0.000000000000 1.000000000000
-112.391146077223 -71.295507898486 0.866025403784 -0.500000000000
-44.195007926033 84.468437810647 0.866025403784 -0.500000000000
-132.668472797448 17.603781355210 0.000000000000 1.000000000000
-131.381251799305 159.064588533257 0.000000000000 1.000000000000
120.175535903902 -94.379518778266 0.866025403784 -0.500000000000
-93.000137955466 147.522230313231 0.866025403784 -0.500000000000
140.376454415839 -39.012420466766 0.866025403784 0.500000000000
-72.369084713704 18.783681736299 0.866025403784 -0.500000000000
