#Configurational_file created 2018-09-14 13:59:55  started 2018-09-14 13:59:54 run for 1.0s steps 0
name: p_1183
step: 10000
specie: 20
	particle_diameter: 1.0000000000000000
	interaction_length: 1.2000000000000000
	number_of_patches: 3
	number_of_particles_per_compound: 1
	rod_length: 1.0000000000000000
	interaction_matrix:  1.000000 1.000000 1.000000 1.000000 1.000000 1.000000 1.000000 1.000000 1.000000
	patch_type: symmetric
	patch_width: 8.0000000000000000
	patch_angle: 0.0000000000000000
	angles:  0.000000 0.000000 0.000000
	grand_canonical: 0
	chemical_potential: 0.0000000000000000
box: 13.604052 13.604052
copy: 1.000000 1.000000
epsilon: 0.6206900000000000
end_epsilon: 0.0000000000000000
pressure: 0.2068970000000000
lambda: 0.0000000000000000
lambda_coupling: 1.0000000000000000
uy: 0.0000000000000000
maximum_displacement: 1.0000000000000000
maximum_rotation: 1.0000000000000000
maximum_volume: 1.0000000000000000
maximum_shape: 0.0000001000000000
maximum_dsigma: 0.0100000000000000
mod: 10
pmod: 10
optimize: 1
verbose: 1
snapshot: 0
display: 1
explore: 1
npt: 1
nptxy: 0
nptdxdy: 0
shape: 0
seed: 1347862
-100.617109620076 -53.451150112305 0.866025403784 0.500000000000
46.497263705178 83.701734229967 0.866025403784 0.500000000000
67.477765473335 -122.266884987875 0.000000000000 1.000000000000
66.351923929136 -6.610558196466 0.866025403784 -0.500000000000
-93.653439114206 -14.854496352346 0.000000000000 1.000000000000
8.281012226267 -75.481793451565 0.866025403784 -0.500000000000
-64.355672573608 -85.254080493861 0.866025403784 -0.500000000000
-47.158612225506 -222.893645155148 0.866025403784 -0.500000000000
-20.812767638873 62.188351876312 0.866025403784 -0.500000000000
110.449706103715 69.524285220693 0.866025403784 0.500000000000
211.105544186088 -27.625854961281 0.000000000000 1.000000000000
-62.292296956264 88.059828152641 0.866025403784 0.500000000000
-137.437950548823 -39.163429315259 0.866025403784 0.500000000000
75.338961712851 19.034220401322 0.000000000000 1.000000000000
23.580192795994 -5.892400626796 0.866025403784 0.500000000000
-76.232914378706 -57.858124126360 0.866025403784 -0.500000000000
-63.212066725453 -77.151490018065 0.000000000000 1.000000000000
-28.386854692096 -171.355978680619 0.866025403784 0.500000000000
-21.633776331125 -71.640816163501 0.000000000000 1.000000000000
-53.472967669237 -179.784657849631 0.000000000000 1.000000000000
