#Configurational_file created 2018-09-14 12:03:43  started 2018-09-14 12:03:42 run for 1.0s steps 0
name: p_1138
step: 10000
specie: 20
	particle_diameter: 1.0000000000000000
	interaction_length: 1.2000000000000000
	number_of_patches: 3
	number_of_particles_per_compound: 1
	rod_length: 1.0000000000000000
	interaction_matrix:  1.000000 1.000000 1.000000 1.000000 1.000000 1.000000 1.000000 1.000000 1.000000
	patch_type: symmetric
	patch_width: 8.0000000000000000
	patch_angle: 0.0000000000000000
	angles:  0.000000 0.000000 0.000000
	grand_canonical: 0
	chemical_potential: 0.0000000000000000
box: 50.020485 50.020485
copy: 1.000000 1.000000
epsilon: 0.0416670000000000
end_epsilon: 0.0000000000000000
pressure: 0.0500010000000000
lambda: 0.0000000000000000
lambda_coupling: 1.0000000000000000
uy: 0.0000000000000000
maximum_displacement: 1.0000000000000000
maximum_rotation: 1.0000000000000000
maximum_volume: 1.0000000000000000
maximum_shape: 0.0000001000000000
maximum_dsigma: 0.0100000000000000
mod: 10
pmod: 10
optimize: 1
verbose: 1
snapshot: 0
display: 1
explore: 1
npt: 1
nptxy: 0
nptdxdy: 0
shape: 0
seed: 1296697
118.813071772297 121.409918498729 0.866025403784 0.500000000000
-103.472835371837 214.562098703354 0.000000000000 1.000000000000
159.258570643128 395.713100003922 0.866025403784 -0.500000000000
468.632058403053 74.955133479732 0.000000000000 1.000000000000
104.794446925065 293.808499894029 0.866025403784 0.500000000000
79.005369750657 -468.544308453423 0.000000000000 1.000000000000
-277.940120222179 212.892476891998 0.866025403784 -0.500000000000
281.257944736828 -191.836060899111 0.866025403784 -0.500000000000
139.896068508586 454.452923425505 0.000000000000 1.000000000000
-54.284182726305 36.424462474654 0.000000000000 1.000000000000
-38.020982338732 23.739188193449 0.000000000000 1.000000000000
-77.539222111451 -4.889885380486 0.000000000000 1.000000000000
-96.893264771811 153.565879774170 0.866025403784 -0.500000000000
85.304947551721 -106.570473358510 0.866025403784 0.500000000000
83.840517200526 -395.792378760301 0.866025403784 0.500000000000
25.894203214158 -144.293618641203 0.866025403784 -0.500000000000
-82.760131651694 3.454601350848 0.866025403784 0.500000000000
145.764290117912 68.612247760788 0.866025403784 -0.500000000000
-6.638931001428 -228.141195498289 0.866025403784 0.500000000000
-391.910883640898 -10.432198879983 0.866025403784 -0.500000000000
