#Configurational_file created 2018-09-14 12:03:39  started 2018-09-14 12:03:38 run for 1.0s steps 0
name: p_1132
step: 10000
specie: 20
	particle_diameter: 1.0000000000000000
	interaction_length: 1.2000000000000000
	number_of_patches: 3
	number_of_particles_per_compound: 1
	rod_length: 1.0000000000000000
	interaction_matrix:  1.000000 1.000000 1.000000 1.000000 1.000000 1.000000 1.000000 1.000000 1.000000
	patch_type: symmetric
	patch_width: 8.0000000000000000
	patch_angle: 0.0000000000000000
	angles:  0.000000 0.000000 0.000000
	grand_canonical: 0
	chemical_potential: 0.0000000000000000
box: 44.260640 44.260640
copy: 1.000000 1.000000
epsilon: 0.0416670000000000
end_epsilon: 0.0000000000000000
pressure: 0.0250010000000000
lambda: 0.0000000000000000
lambda_coupling: 1.0000000000000000
uy: 0.0000000000000000
maximum_displacement: 1.0000000000000000
maximum_rotation: 1.0000000000000000
maximum_volume: 1.0000000000000000
maximum_shape: 0.0000001000000000
maximum_dsigma: 0.0100000000000000
mod: 10
pmod: 10
optimize: 1
verbose: 1
snapshot: 0
display: 1
explore: 1
npt: 1
nptxy: 0
nptdxdy: 0
shape: 0
seed: 1289875
157.657140615281 188.097778213265 0.866025403784 -0.500000000000
278.578098693087 -36.737493906549 0.866025403784 0.500000000000
-37.312781837846 -43.406485929134 0.000000000000 1.000000000000
-41.756250020982 293.939749905562 0.866025403784 -0.500000000000
37.522095908569 57.934493396971 0.000000000000 1.000000000000
440.661566155479 -204.016859446173 0.000000000000 1.000000000000
75.865456738856 -51.457441919178 0.866025403784 0.500000000000
47.817357498110 -180.357795782268 0.000000000000 1.000000000000
91.317179337488 -82.062428579294 0.866025403784 0.500000000000
160.684638222376 -164.085847048481 0.866025403784 0.500000000000
-35.443724976327 -219.801740330229 0.866025403784 0.500000000000
146.172849211174 -102.781636134839 0.866025403784 -0.500000000000
41.415005504154 19.141143750212 0.000000000000 1.000000000000
98.546455254097 30.947536931041 0.000000000000 1.000000000000
119.652410520264 15.235697156911 0.866025403784 0.500000000000
185.095113315927 -194.484314785009 0.866025403784 0.500000000000
144.125905849337 -217.266233881550 0.000000000000 1.000000000000
-124.485240125360 -19.361321039000 0.866025403784 -0.500000000000
-155.354209081089 84.346738878622 0.000000000000 1.000000000000
92.283858538553 52.144022210705 0.866025403784 -0.500000000000
