#Configurational_file created 2018-09-14 13:59:58  started 2018-09-14 13:59:57 run for 1.0s steps 0
name: p_1187
step: 10000
specie: 20
	particle_diameter: 1.0000000000000000
	interaction_length: 1.2000000000000000
	number_of_patches: 3
	number_of_particles_per_compound: 1
	rod_length: 1.0000000000000000
	interaction_matrix:  1.000000 1.000000 1.000000 1.000000 1.000000 1.000000 1.000000 1.000000 1.000000
	patch_type: symmetric
	patch_width: 8.0000000000000000
	patch_angle: 0.0000000000000000
	angles:  0.000000 0.000000 0.000000
	grand_canonical: 0
	chemical_potential: 0.0000000000000000
box: 13.077557 13.077557
copy: 1.000000 1.000000
epsilon: 0.6206900000000000
end_epsilon: 0.0000000000000000
pressure: 0.2758630000000000
lambda: 0.0000000000000000
lambda_coupling: 1.0000000000000000
uy: 0.0000000000000000
maximum_displacement: 1.0000000000000000
maximum_rotation: 1.0000000000000000
maximum_volume: 1.0000000000000000
maximum_shape: 0.0000001000000000
maximum_dsigma: 0.0100000000000000
mod: 10
pmod: 10
optimize: 1
verbose: 1
snapshot: 0
display: 1
explore: 1
npt: 1
nptxy: 0
nptdxdy: 0
shape: 0
seed: 1352410
-127.529866470464 -71.371370404718 0.866025403784 -0.500000000000
-85.297296197056 94.362245986858 0.000000000000 1.000000000000
-40.742207749948 34.866612691795 0.866025403784 -0.500000000000
126.851400064319 -41.225014698999 0.000000000000 1.000000000000
179.550346092417 -23.895920523914 0.866025403784 0.500000000000
-115.743637369770 -163.337227346151 0.000000000000 1.000000000000
0.643226835498 -26.162332716165 0.866025403784 0.500000000000
188.845761282083 84.555725383724 0.866025403784 0.500000000000
-119.916822070393 -14.187180532895 0.000000000000 1.000000000000
14.267731940058 153.407465761112 0.866025403784 -0.500000000000
14.110817174638 -56.110942223738 0.000000000000 1.000000000000
-62.152437922863 -39.163591725995 0.866025403784 -0.500000000000
-63.096186165515 42.088135956041 0.866025403784 -0.500000000000
68.017294964709 -109.310199205954 0.866025403784 0.500000000000
12.765927158559 11.458304327773 0.866025403784 0.500000000000
-2.660343531015 46.639043420595 0.000000000000 1.000000000000
5.865883408898 -200.003074094853 0.866025403784 -0.500000000000
-42.705843213900 47.236325174740 0.866025403784 0.500000000000
-36.999494399089 -89.721093093286 0.000000000000 1.000000000000
155.241921568644 -89.642843511183 0.866025403784 0.500000000000
