#Configurational_file created 2018-09-14 12:04:27  started 2018-09-14 12:04:27 run for 0.0s steps 0
name: p_1199
step: 10000
specie: 20
	particle_diameter: 1.0000000000000000
	interaction_length: 1.2000000000000000
	number_of_patches: 3
	number_of_particles_per_compound: 1
	rod_length: 1.0000000000000000
	interaction_matrix:  1.000000 1.000000 1.000000 1.000000 1.000000 1.000000 1.000000 1.000000 1.000000
	patch_type: symmetric
	patch_width: 8.0000000000000000
	patch_angle: 0.0000000000000000
	angles:  0.000000 0.000000 0.000000
	grand_canonical: 0
	chemical_potential: 0.0000000000000000
box: 41.498947 41.498947
copy: 1.000000 1.000000
epsilon: 0.0458330000000000
end_epsilon: 0.0000000000000000
pressure: 0.0958330000000000
lambda: 0.0000000000000000
lambda_coupling: 1.0000000000000000
uy: 0.0000000000000000
maximum_displacement: 1.0000000000000000
maximum_rotation: 1.0000000000000000
maximum_volume: 1.0000000000000000
maximum_shape: 0.0000001000000000
maximum_dsigma: 0.0100000000000000
mod: 10
pmod: 10
optimize: 1
verbose: 1
snapshot: 0
display: 1
explore: 1
npt: 1
nptxy: 0
nptdxdy: 0
shape: 0
seed: 1366054
70.481575823243 62.535623852957 0.000000000000 1.000000000000
-40.896304530264 211.869507395159 0.866025403784 -0.500000000000
276.727913113293 148.481375112936 0.866025403784 0.500000000000
-43.680884213269 -63.850600834452 0.866025403784 0.500000000000
-44.892998309323 106.058559832504 0.866025403784 0.500000000000
-280.829544044369 -72.549296165042 0.000000000000 1.000000000000
243.583653664466 -197.681420110762 0.866025403784 -0.500000000000
6.978538420692 295.332895695007 0.866025403784 -0.500000000000
-219.007959892266 -257.707790560368 0.000000000000 1.000000000000
183.882086571348 80.658737335528 0.866025403784 0.500000000000
-118.433136890358 0.710387526707 0.866025403784 0.500000000000
-201.807050789937 304.083205788480 0.866025403784 0.500000000000
127.810277270044 75.224037744008 0.866025403784 0.500000000000
7.013464122167 120.012650907215 0.866025403784 0.500000000000
158.726447959744 183.568859850954 0.866025403784 -0.500000000000
-37.925312760712 45.945811791127 0.866025403784 0.500000000000
-44.533841340034 277.604461424276 0.866025403784 -0.500000000000
190.631275094290 -7.550497724223 0.866025403784 -0.500000000000
162.088446740350 -84.682387926573 0.866025403784 -0.500000000000
-90.696880083335 -118.993266103046 0.866025403784 0.500000000000
