#Configurational_file created 2018-09-14 13:58:55  started 2018-09-14 13:58:54 run for 1.0s steps 0
name: p_1101
step: 10000
specie: 20
	particle_diameter: 1.0000000000000000
	interaction_length: 1.2000000000000000
	number_of_patches: 3
	number_of_particles_per_compound: 1
	rod_length: 1.0000000000000000
	interaction_matrix:  1.000000 1.000000 1.000000 1.000000 1.000000 1.000000 1.000000 1.000000 1.000000
	patch_type: symmetric
	patch_width: 8.0000000000000000
	patch_angle: 0.0000000000000000
	angles:  0.000000 0.000000 0.000000
	grand_canonical: 0
	chemical_potential: 0.0000000000000000
box: 13.802009 13.802009
copy: 1.000000 1.000000
epsilon: 0.4137940000000000
end_epsilon: 0.0000000000000000
pressure: 0.3448280000000000
lambda: 0.0000000000000000
lambda_coupling: 1.0000000000000000
uy: 0.0000000000000000
maximum_displacement: 1.0000000000000000
maximum_rotation: 1.0000000000000000
maximum_volume: 1.0000000000000000
maximum_shape: 0.0000001000000000
maximum_dsigma: 0.0100000000000000
mod: 10
pmod: 10
optimize: 1
verbose: 1
snapshot: 0
display: 1
explore: 1
npt: 1
nptxy: 0
nptdxdy: 0
shape: 0
seed: 1254628
107.879531606549 -45.309810568358 0.866025403784 0.500000000000
58.086449979451 -75.384043534374 0.866025403784 -0.500000000000
73.839372384529 70.348954197922 0.000000000000 1.000000000000
-37.166141669125 260.690720517830 0.866025403784 -0.500000000000
-40.512744696713 47.170326404175 0.866025403784 -0.500000000000
-183.390283139850 -52.656158852121 0.000000000000 1.000000000000
92.557800573543 -176.480526340530 0.866025403784 -0.500000000000
-1.914679847214 -38.596507091783 0.866025403784 -0.500000000000
172.725868703217 -191.868259960842 0.866025403784 0.500000000000
-19.990569590478 -64.970318763209 0.866025403784 -0.500000000000
-51.154759012133 84.932107276177 0.000000000000 1.000000000000
144.992178960413 41.196667718188 0.866025403784 -0.500000000000
-38.748305175782 -8.436156350760 0.000000000000 1.000000000000
-1.739273188386 -85.048383264423 0.866025403784 -0.500000000000
-24.121539620908 -121.230487969163 0.866025403784 0.500000000000
143.175320046711 65.327166030013 0.866025403784 -0.500000000000
17.421167368929 79.150548477097 0.000000000000 1.000000000000
-33.824522009408 -166.960277284913 0.000000000000 1.000000000000
-26.149597477057 -35.634279061691 0.000000000000 1.000000000000
91.402895602320 100.188128460695 0.866025403784 0.500000000000
