#Configurational_file created 2018-09-14 11:36:53  started 2018-09-14 11:36:52 run for 1.0s steps 0
name: p_1169
step: 10000
specie: 20
	particle_diameter: 1.0000000000000000
	interaction_length: 1.2000000000000000
	number_of_patches: 3
	number_of_particles_per_compound: 1
	rod_length: 1.0000000000000000
	interaction_matrix:  1.000000 1.000000 1.000000 1.000000 1.000000 1.000000 1.000000 1.000000 1.000000
	patch_type: symmetric
	patch_width: 8.0000000000000000
	patch_angle: 0.0000000000000000
	angles:  0.000000 0.000000 0.000000
	grand_canonical: 0
	chemical_potential: 0.0000000000000000
box: 6.711616 6.711616
copy: 1.000000 1.000000
epsilon: 0.4375120000000000
end_epsilon: 0.0000000000000000
pressure: 1.5000249999999999
lambda: 0.0000000000000000
lambda_coupling: 1.0000000000000000
uy: 0.0000000000000000
maximum_displacement: 1.0000000000000000
maximum_rotation: 1.0000000000000000
maximum_volume: 0.4415744820831749
maximum_shape: 0.0000001000000000
maximum_dsigma: 0.0100000000000000
mod: 10
pmod: 10
optimize: 1
verbose: 1
snapshot: 0
display: 1
explore: 1
npt: 1
nptxy: 0
nptdxdy: 0
shape: 0
seed: 1331944
-50.206459674930 89.332879603951 0.866025403784 -0.500000000000
-6.683967320132 -13.066244249346 0.866025403784 -0.500000000000
-15.733852421457 22.158122963680 0.866025403784 0.500000000000
97.100791039844 -3.065991917201 0.866025403784 0.500000000000
73.273569005898 -54.577329571727 0.000000000000 1.000000000000
-65.176372424477 25.893696674084 0.000000000000 1.000000000000
41.658733235837 20.148825918918 0.000000000000 1.000000000000
-57.182630412846 -26.574936260275 0.866025403784 0.500000000000
-2.516593431180 -54.291809344981 0.866025403784 -0.500000000000
-61.459721047174 27.109823234045 0.866025403784 -0.500000000000
15.096444082079 105.023233777400 0.000000000000 1.000000000000
7.730936835931 14.429351134302 0.000000000000 1.000000000000
106.663811594975 65.063064724212 0.000000000000 1.000000000000
-82.313745655839 -27.200474806881 0.000000000000 1.000000000000
21.379344035206 50.142448034493 0.866025403784 0.500000000000
71.095623705273 151.361953615900 0.866025403784 -0.500000000000
-20.466620308031 -11.002504164759 0.866025403784 -0.500000000000
110.544288097535 18.884295795862 0.000000000000 1.000000000000
-71.598230891541 -111.953788120527 0.866025403784 -0.500000000000
30.506531126310 -39.536476137970 0.866025403784 -0.500000000000
