#Configurational_file created 2018-09-14 12:03:19  started 2018-09-14 12:03:18 run for 1.0s steps 0
name: p_1104
step: 10000
specie: 20
	particle_diameter: 1.0000000000000000
	interaction_length: 1.2000000000000000
	number_of_patches: 3
	number_of_particles_per_compound: 1
	rod_length: 1.0000000000000000
	interaction_matrix:  1.000000 1.000000 1.000000 1.000000 1.000000 1.000000 1.000000 1.000000 1.000000
	patch_type: symmetric
	patch_width: 8.0000000000000000
	patch_angle: 0.0000000000000000
	angles:  0.000000 0.000000 0.000000
	grand_canonical: 0
	chemical_potential: 0.0000000000000000
box: 47.900284 47.900284
copy: 1.000000 1.000000
epsilon: 0.0395840000000000
end_epsilon: 0.0000000000000000
pressure: 0.0125010000000000
lambda: 0.0000000000000000
lambda_coupling: 1.0000000000000000
uy: 0.0000000000000000
maximum_displacement: 1.0000000000000000
maximum_rotation: 1.0000000000000000
maximum_volume: 1.0000000000000000
maximum_shape: 0.0000001000000000
maximum_dsigma: 0.0100000000000000
mod: 10
pmod: 10
optimize: 1
verbose: 1
snapshot: 0
display: 1
explore: 1
npt: 1
nptxy: 0
nptdxdy: 0
shape: 0
seed: 1258039
267.179018824665 -42.658983980095 0.866025403784 0.500000000000
52.171936686622 -26.258016245411 0.000000000000 1.000000000000
59.094860502848 101.972138019318 0.866025403784 0.500000000000
245.410029744504 168.078599367249 0.866025403784 0.500000000000
-240.111501395253 -84.407011112502 0.866025403784 0.500000000000
148.473880597105 85.141380678756 0.000000000000 1.000000000000
-109.401055800167 170.848483249057 0.000000000000 1.000000000000
-239.457891446284 -94.223931866231 0.866025403784 0.500000000000
-151.119467918341 -375.671233577860 0.866025403784 -0.500000000000
16.103203033049 -145.165477119345 0.000000000000 1.000000000000
-317.288911299718 -463.271343527954 0.000000000000 1.000000000000
311.099263549842 62.442322691065 0.866025403784 0.500000000000
175.821576976978 326.830986564512 0.000000000000 1.000000000000
7.987979069799 130.821191751650 0.000000000000 1.000000000000
-140.429411521044 140.685017154318 0.866025403784 -0.500000000000
58.044992884237 -10.050293197111 0.866025403784 -0.500000000000
369.923133371301 48.132908703701 0.000000000000 1.000000000000
-181.859564986255 -38.810338463153 0.866025403784 0.500000000000
-144.970513936258 28.628799818797 0.866025403784 -0.500000000000
334.558728941705 277.465254268200 0.866025403784 -0.500000000000
