#Configurational_file created 2018-09-14 11:36:13  started 2018-09-14 11:36:12 run for 1.0s steps 0
name: p_1122
step: 10000
specie: 20
	particle_diameter: 1.0000000000000000
	interaction_length: 1.2000000000000000
	number_of_patches: 3
	number_of_particles_per_compound: 1
	rod_length: 1.0000000000000000
	interaction_matrix:  1.000000 1.000000 1.000000 1.000000 1.000000 1.000000 1.000000 1.000000 1.000000
	patch_type: symmetric
	patch_width: 8.0000000000000000
	patch_angle: 0.0000000000000000
	angles:  0.000000 0.000000 0.000000
	grand_canonical: 0
	chemical_potential: 0.0000000000000000
box: 7.537686 7.537686
copy: 1.000000 1.000000
epsilon: 0.3958540000000000
end_epsilon: 0.0000000000000000
pressure: 1.7500119999999999
lambda: 0.0000000000000000
lambda_coupling: 1.0000000000000000
uy: 0.0000000000000000
maximum_displacement: 1.0000000000000000
maximum_rotation: 1.0000000000000000
maximum_volume: 0.4724029518979557
maximum_shape: 0.0000001000000000
maximum_dsigma: 0.0100000000000000
mod: 10
pmod: 10
optimize: 1
verbose: 1
snapshot: 0
display: 1
explore: 1
npt: 1
nptxy: 0
nptdxdy: 0
shape: 0
seed: 1278505
23.515981376964 -66.123912069735 0.000000000000 1.000000000000
-32.110892011639 16.098481842572 0.000000000000 1.000000000000
-20.680992109289 -60.728253736494 0.000000000000 1.000000000000
85.837403656246 68.169293154597 0.000000000000 1.000000000000
-9.354142182427 59.516507952799 0.000000000000 1.000000000000
101.481181227328 63.607455795387 0.866025403784 -0.500000000000
126.265034590820 48.454101959123 0.866025403784 0.500000000000
-14.947174229132 -23.442091599843 0.866025403784 0.500000000000
-33.057347682778 -3.448289256961 0.866025403784 0.500000000000
-29.473000949845 -22.555544349232 0.000000000000 1.000000000000
-5.257863530172 23.899615760892 0.000000000000 1.000000000000
-76.922847949513 -39.817611225351 0.866025403784 0.500000000000
107.091768231775 58.317407965791 0.000000000000 1.000000000000
26.745108722155 -6.972406356343 0.000000000000 1.000000000000
37.515650464131 -58.871308221235 0.000000000000 1.000000000000
-60.571811192963 -57.449242010305 0.866025403784 0.500000000000
-25.302986661311 -50.630298677770 0.000000000000 1.000000000000
57.880236703123 6.290661757789 0.866025403784 0.500000000000
6.376895965460 19.458501443205 0.866025403784 0.500000000000
48.775020832489 27.994165120014 0.866025403784 0.500000000000
