#Configurational_file created 2018-09-14 14:00:04  started 2018-09-14 14:00:03 run for 1.0s steps 0
name: p_1195
step: 10000
specie: 20
	particle_diameter: 1.0000000000000000
	interaction_length: 1.2000000000000000
	number_of_patches: 3
	number_of_particles_per_compound: 1
	rod_length: 1.0000000000000000
	interaction_matrix:  1.000000 1.000000 1.000000 1.000000 1.000000 1.000000 1.000000 1.000000 1.000000
	patch_type: symmetric
	patch_width: 8.0000000000000000
	patch_angle: 0.0000000000000000
	angles:  0.000000 0.000000 0.000000
	grand_canonical: 0
	chemical_potential: 0.0000000000000000
box: 9.824347 9.824347
copy: 1.000000 1.000000
epsilon: 0.6206900000000000
end_epsilon: 0.0000000000000000
pressure: 0.4137930000000000
lambda: 0.0000000000000000
lambda_coupling: 1.0000000000000000
uy: 0.0000000000000000
maximum_displacement: 1.0000000000000000
maximum_rotation: 1.0000000000000000
maximum_volume: 1.0000000000000000
maximum_shape: 0.0000001000000000
maximum_dsigma: 0.0100000000000000
mod: 10
pmod: 10
optimize: 1
verbose: 1
snapshot: 0
display: 1
explore: 1
npt: 1
nptxy: 0
nptdxdy: 0
shape: 0
seed: 1361506
-69.195149805349 85.943671503201 0.866025403784 -0.500000000000
-67.871174800858 -47.405068873256 0.866025403784 0.500000000000
-7.773338669922 2.458957989137 0.866025403784 -0.500000000000
141.110065845290 1.829945619901 0.000000000000 1.000000000000
-72.596082254814 116.650872322582 0.000000000000 1.000000000000
-18.706048539920 46.204755050902 0.000000000000 1.000000000000
-42.994853914520 100.361882718318 0.866025403784 0.500000000000
12.742693124788 59.265946128343 0.866025403784 -0.500000000000
-61.125662857838 -45.168678453314 0.866025403784 0.500000000000
112.499828129733 -16.069182188393 0.000000000000 1.000000000000
73.506801693313 76.857007811541 0.000000000000 1.000000000000
-40.026700405943 63.996974511736 0.866025403784 -0.500000000000
-30.066171314416 169.533510353527 0.000000000000 1.000000000000
-2.463731962292 70.268421416341 0.866025403784 -0.500000000000
45.381554053874 -114.562737411888 0.866025403784 0.500000000000
55.660655342322 26.729582206379 0.866025403784 0.500000000000
-31.063235797682 -127.843282878032 0.866025403784 0.500000000000
52.329672650029 -173.430250485816 0.000000000000 1.000000000000
-137.041422391395 -19.920378884752 0.866025403784 -0.500000000000
-59.446057695890 10.539345704258 0.866025403784 -0.500000000000
