#Configurational_file created 2018-09-14 12:03:21  started 2018-09-14 12:03:20 run for 1.0s steps 0
name: p_1107
step: 10000
specie: 20
	particle_diameter: 1.0000000000000000
	interaction_length: 1.2000000000000000
	number_of_patches: 3
	number_of_particles_per_compound: 1
	rod_length: 1.0000000000000000
	interaction_matrix:  1.000000 1.000000 1.000000 1.000000 1.000000 1.000000 1.000000 1.000000 1.000000
	patch_type: symmetric
	patch_width: 8.0000000000000000
	patch_angle: 0.0000000000000000
	angles:  0.000000 0.000000 0.000000
	grand_canonical: 0
	chemical_potential: 0.0000000000000000
box: 46.534933 46.534933
copy: 1.000000 1.000000
epsilon: 0.0395840000000000
end_epsilon: 0.0000000000000000
pressure: 0.0250010000000000
lambda: 0.0000000000000000
lambda_coupling: 1.0000000000000000
uy: 0.0000000000000000
maximum_displacement: 1.0000000000000000
maximum_rotation: 1.0000000000000000
maximum_volume: 1.0000000000000000
maximum_shape: 0.0000001000000000
maximum_dsigma: 0.0100000000000000
mod: 10
pmod: 10
optimize: 1
verbose: 1
snapshot: 0
display: 1
explore: 1
npt: 1
nptxy: 0
nptdxdy: 0
shape: 0
seed: 1261450
49.253176988897 151.637183937140 0.000000000000 1.000000000000
93.213628560345 193.535556755092 0.866025403784 0.500000000000
361.325267711940 -209.305903000129 0.866025403784 0.500000000000
204.437173842596 101.035142272581 0.866025403784 -0.500000000000
-241.639670337964 70.112151324461 0.000000000000 1.000000000000
37.549571797485 252.962198230151 0.866025403784 -0.500000000000
-49.743447015787 -188.941351259566 0.000000000000 1.000000000000
173.538748014088 78.141419644441 0.866025403784 -0.500000000000
-75.304180898651 104.364460049107 0.866025403784 -0.500000000000
-399.320175242726 77.848114247680 0.000000000000 1.000000000000
94.405468465875 -283.166920043364 0.000000000000 1.000000000000
123.653087393205 102.596466511193 0.866025403784 -0.500000000000
417.925225249846 129.496714630170 0.866025403784 0.500000000000
-163.079116571253 135.804916646791 0.866025403784 -0.500000000000
111.869317542938 -56.332382781925 0.866025403784 0.500000000000
-105.098141511939 92.063643507452 0.000000000000 1.000000000000
6.480539603736 33.080922259930 0.866025403784 -0.500000000000
32.633541665399 -30.156600367104 0.000000000000 1.000000000000
91.563901253968 386.372901719472 0.000000000000 1.000000000000
15.189988087941 207.092434034721 0.866025403784 0.500000000000
