#Configurational_file created 2018-09-14 12:04:00  started 2018-09-14 12:04:00 run for 0.0s steps 0
name: p_1162
step: 10000
specie: 20
	particle_diameter: 1.0000000000000000
	interaction_length: 1.2000000000000000
	number_of_patches: 3
	number_of_particles_per_compound: 1
	rod_length: 1.0000000000000000
	interaction_matrix:  1.000000 1.000000 1.000000 1.000000 1.000000 1.000000 1.000000 1.000000 1.000000
	patch_type: symmetric
	patch_width: 8.0000000000000000
	patch_angle: 0.0000000000000000
	angles:  0.000000 0.000000 0.000000
	grand_canonical: 0
	chemical_potential: 0.0000000000000000
box: 43.196607 43.196607
copy: 1.000000 1.000000
epsilon: 0.0437500000000000
end_epsilon: 0.0000000000000000
pressure: 0.0458340000000000
lambda: 0.0000000000000000
lambda_coupling: 1.0000000000000000
uy: 0.0000000000000000
maximum_displacement: 1.0000000000000000
maximum_rotation: 1.0000000000000000
maximum_volume: 1.0000000000000000
maximum_shape: 0.0000001000000000
maximum_dsigma: 0.0100000000000000
mod: 10
pmod: 10
optimize: 1
verbose: 1
snapshot: 0
display: 1
explore: 1
npt: 1
nptxy: 0
nptdxdy: 0
shape: 0
seed: 1323985
-260.344667285130 -119.692021656526 0.866025403784 0.500000000000
-209.082436190971 82.961929349568 0.866025403784 0.500000000000
134.606154683258 -53.986139511573 0.866025403784 -0.500000000000
2.315811005454 -56.550982190855 0.000000000000 1.000000000000
341.628844307344 69.146669262868 0.866025403784 0.500000000000
55.632111494804 -78.312004277439 0.866025403784 -0.500000000000
143.498365160189 -194.096072010461 0.866025403784 -0.500000000000
-198.466686833629 35.904843395361 0.866025403784 0.500000000000
420.338248010759 163.580741301016 0.866025403784 -0.500000000000
194.279809140690 19.742135578485 0.866025403784 -0.500000000000
-211.592107104528 51.373386645125 0.000000000000 1.000000000000
-28.703217615333 39.206606305149 0.866025403784 0.500000000000
227.266047883550 -15.837214440412 0.866025403784 0.500000000000
-0.982673577478 120.960170946441 0.866025403784 -0.500000000000
246.279265385133 138.795944203990 0.866025403784 0.500000000000
-166.345766907193 210.984126653193 0.866025403784 0.500000000000
322.314453316859 191.471369194707 0.000000000000 1.000000000000
159.443364058022 297.349708042124 0.866025403784 -0.500000000000
185.151083862264 -95.444537629473 0.866025403784 0.500000000000
139.426495319814 171.114807403654 0.866025403784 -0.500000000000
