#Configurational_file created 2018-09-14 13:59:39  started 2018-09-14 13:59:39 run for 0.0s steps 0
name: p_1162
step: 10000
specie: 20
	particle_diameter: 1.0000000000000000
	interaction_length: 1.2000000000000000
	number_of_patches: 3
	number_of_particles_per_compound: 1
	rod_length: 1.0000000000000000
	interaction_matrix:  1.000000 1.000000 1.000000 1.000000 1.000000 1.000000 1.000000 1.000000 1.000000
	patch_type: symmetric
	patch_width: 8.0000000000000000
	patch_angle: 0.0000000000000000
	angles:  0.000000 0.000000 0.000000
	grand_canonical: 0
	chemical_potential: 0.0000000000000000
box: 10.418000 10.418000
copy: 1.000000 1.000000
epsilon: 0.5517250000000000
end_epsilon: 0.0000000000000000
pressure: 0.3620690000000000
lambda: 0.0000000000000000
lambda_coupling: 1.0000000000000000
uy: 0.0000000000000000
maximum_displacement: 1.0000000000000000
maximum_rotation: 1.0000000000000000
maximum_volume: 1.0000000000000000
maximum_shape: 0.0000001000000000
maximum_dsigma: 0.0100000000000000
mod: 10
pmod: 10
optimize: 1
verbose: 1
snapshot: 0
display: 1
explore: 1
npt: 1
nptxy: 0
nptdxdy: 0
shape: 0
seed: 1323985
-100.300458346673 -57.657739797038 0.000000000000 1.000000000000
-113.644087894714 15.325423825002 0.866025403784 0.500000000000
92.067886513926 75.868050598697 0.866025403784 0.500000000000
-22.948552793495 -33.432948210248 0.866025403784 -0.500000000000
55.140315032452 64.761996731566 0.866025403784 -0.500000000000
28.240952437132 -47.058055893259 0.000000000000 1.000000000000
-94.736385473481 -77.544707412733 0.866025403784 0.500000000000
-213.261502180201 -77.787096357283 0.000000000000 1.000000000000
-1.511415159646 126.100336342024 0.866025403784 -0.500000000000
0.010122294847 -131.783891982308 0.866025403784 0.500000000000
11.791909555286 -102.941923387986 0.866025403784 0.500000000000
16.437763429943 38.126862465537 0.866025403784 0.500000000000
65.645293815200 14.534191087335 0.866025403784 0.500000000000
116.880735411718 155.340868323197 0.866025403784 0.500000000000
286.836248264192 -2.014870984148 0.866025403784 -0.500000000000
-81.652310490801 86.460328454495 0.866025403784 -0.500000000000
22.690784662716 -102.268360042417 0.866025403784 -0.500000000000
30.175893012899 74.034816391310 0.000000000000 1.000000000000
68.445640595494 -68.490145270979 0.000000000000 1.000000000000
163.679769905624 -28.776995639741 0.000000000000 1.000000000000
