#Configurational_file created 2018-09-14 11:36:08  started 2018-09-14 11:36:07 run for 1.0s steps 0
name: p_1117
step: 10000
specie: 20
	particle_diameter: 1.0000000000000000
	interaction_length: 1.2000000000000000
	number_of_patches: 3
	number_of_particles_per_compound: 1
	rod_length: 1.0000000000000000
	interaction_matrix:  1.000000 1.000000 1.000000 1.000000 1.000000 1.000000 1.000000 1.000000 1.000000
	patch_type: symmetric
	patch_width: 8.0000000000000000
	patch_angle: 0.0000000000000000
	angles:  0.000000 0.000000 0.000000
	grand_canonical: 0
	chemical_potential: 0.0000000000000000
box: 8.841281 8.841281
copy: 1.000000 1.000000
epsilon: 0.3958540000000000
end_epsilon: 0.0000000000000000
pressure: 1.3333670000000000
lambda: 0.0000000000000000
lambda_coupling: 1.0000000000000000
uy: 0.0000000000000000
maximum_displacement: 1.0000000000000000
maximum_rotation: 1.0000000000000000
maximum_volume: 0.8381801769577050
maximum_shape: 0.0000001000000000
maximum_dsigma: 0.0100000000000000
mod: 10
pmod: 10
optimize: 1
verbose: 1
snapshot: 0
display: 1
explore: 1
npt: 1
nptxy: 0
nptdxdy: 0
shape: 0
seed: 1272820
12.353435957230 36.665550589560 0.866025403784 -0.500000000000
-28.983444871745 107.421822459055 0.866025403784 -0.500000000000
126.510338242981 -120.149623151785 0.866025403784 0.500000000000
226.142666544073 40.256084684375 0.866025403784 -0.500000000000
-12.585614522781 15.402329371550 0.866025403784 0.500000000000
-34.746474613142 -156.269374775632 0.866025403784 -0.500000000000
124.510357964780 143.905848430779 0.000000000000 1.000000000000
39.883509857959 -75.565885697171 0.866025403784 -0.500000000000
-112.338055838210 89.496110549649 0.866025403784 0.500000000000
-41.786637326528 -21.494201211590 0.866025403784 -0.500000000000
-10.172772878725 -38.712078495266 0.000000000000 1.000000000000
46.492804712728 -0.373166693027 0.000000000000 1.000000000000
21.647034347479 -23.292775306946 0.866025403784 0.500000000000
-4.761135227457 182.234366946004 0.866025403784 0.500000000000
-58.746821880018 156.555586221101 0.866025403784 0.500000000000
-18.056921832577 41.952946042104 0.866025403784 -0.500000000000
54.056343702722 42.025844979301 0.866025403784 -0.500000000000
-29.727353482204 -44.441222549822 0.866025403784 0.500000000000
32.012146151981 -48.662071198077 0.000000000000 1.000000000000
-117.462221546065 22.738273791996 0.866025403784 -0.500000000000
