#Configurational_file created 2018-09-14 13:59:17  started 2018-09-14 13:59:17 run for 0.0s steps 0
name: p_1132
step: 10000
specie: 20
	particle_diameter: 1.0000000000000000
	interaction_length: 1.2000000000000000
	number_of_patches: 3
	number_of_particles_per_compound: 1
	rod_length: 1.0000000000000000
	interaction_matrix:  1.000000 1.000000 1.000000 1.000000 1.000000 1.000000 1.000000 1.000000 1.000000
	patch_type: symmetric
	patch_width: 8.0000000000000000
	patch_angle: 0.0000000000000000
	angles:  0.000000 0.000000 0.000000
	grand_canonical: 0
	chemical_potential: 0.0000000000000000
box: 12.866474 12.866474
copy: 1.000000 1.000000
epsilon: 0.4827590000000000
end_epsilon: 0.0000000000000000
pressure: 0.3620690000000000
lambda: 0.0000000000000000
lambda_coupling: 1.0000000000000000
uy: 0.0000000000000000
maximum_displacement: 1.0000000000000000
maximum_rotation: 1.0000000000000000
maximum_volume: 1.0000000000000000
maximum_shape: 0.0000001000000000
maximum_dsigma: 0.0100000000000000
mod: 10
pmod: 10
optimize: 1
verbose: 1
snapshot: 0
display: 1
explore: 1
npt: 1
nptxy: 0
nptdxdy: 0
shape: 0
seed: 1289875
-24.847810643696 -83.400541617765 0.866025403784 -0.500000000000
179.171063270643 -7.312462711742 0.000000000000 1.000000000000
-35.416195811788 54.295323568530 0.866025403784 0.500000000000
138.328425879029 198.722174330937 0.866025403784 -0.500000000000
-104.512113685477 23.260572443307 0.866025403784 -0.500000000000
83.449193075141 24.395509213172 0.866025403784 -0.500000000000
-54.989355412117 -125.105243902178 0.866025403784 -0.500000000000
145.623002243665 71.911178845277 0.866025403784 -0.500000000000
89.456568679509 -102.131889413867 0.866025403784 -0.500000000000
-72.849557616702 -61.940242246734 0.000000000000 1.000000000000
-136.964976744328 -121.606531998551 0.866025403784 0.500000000000
-27.346558791972 -70.405841001781 0.866025403784 -0.500000000000
10.778071111073 -93.929109765528 0.000000000000 1.000000000000
140.383530320932 -19.355767778446 0.866025403784 0.500000000000
59.931420125065 40.094680785214 0.866025403784 0.500000000000
104.269213731054 48.866297954395 0.866025403784 -0.500000000000
71.108518587520 3.950625199790 0.866025403784 -0.500000000000
-174.246409948753 73.616293715185 0.866025403784 0.500000000000
65.128319333221 -8.400349738137 0.000000000000 1.000000000000
55.683803954629 56.976625507651 0.000000000000 1.000000000000
