#Configurational_file created 2018-09-14 12:03:31  started 2018-09-14 12:03:30 run for 1.0s steps 0
name: p_1121
step: 10000
specie: 20
	particle_diameter: 1.0000000000000000
	interaction_length: 1.2000000000000000
	number_of_patches: 3
	number_of_particles_per_compound: 1
	rod_length: 1.0000000000000000
	interaction_matrix:  1.000000 1.000000 1.000000 1.000000 1.000000 1.000000 1.000000 1.000000 1.000000
	patch_type: symmetric
	patch_width: 8.0000000000000000
	patch_angle: 0.0000000000000000
	angles:  0.000000 0.000000 0.000000
	grand_canonical: 0
	chemical_potential: 0.0000000000000000
box: 43.687400 43.687400
copy: 1.000000 1.000000
epsilon: 0.0395840000000000
end_epsilon: 0.0000000000000000
pressure: 0.0833340000000000
lambda: 0.0000000000000000
lambda_coupling: 1.0000000000000000
uy: 0.0000000000000000
maximum_displacement: 1.0000000000000000
maximum_rotation: 1.0000000000000000
maximum_volume: 1.0000000000000000
maximum_shape: 0.0000001000000000
maximum_dsigma: 0.0100000000000000
mod: 10
pmod: 10
optimize: 1
verbose: 1
snapshot: 0
display: 1
explore: 1
npt: 1
nptxy: 0
nptdxdy: 0
shape: 0
seed: 1277368
225.533737068500 141.580853331094 0.866025403784 -0.500000000000
-130.834032567218 188.673632361267 0.866025403784 -0.500000000000
-169.481443874797 -36.275821429438 0.866025403784 0.500000000000
-322.610066896870 -14.931324017226 0.866025403784 -0.500000000000
21.382779635789 138.417337594821 0.866025403784 0.500000000000
82.387983735316 19.475299097761 0.866025403784 0.500000000000
318.312112029520 117.920171470879 0.866025403784 -0.500000000000
86.741081220156 -52.888729636809 0.866025403784 0.500000000000
-165.088472983610 80.143218186980 0.866025403784 -0.500000000000
347.848056156412 226.594218401861 0.866025403784 0.500000000000
-113.182630164272 -36.320108951307 0.866025403784 -0.500000000000
118.854543247354 -1.499319272400 0.866025403784 0.500000000000
10.699298277078 -179.545815026555 0.866025403784 -0.500000000000
80.775835580909 73.725536085555 0.000000000000 1.000000000000
120.485684995118 57.337235165914 0.000000000000 1.000000000000
148.942441666003 0.793103032597 0.000000000000 1.000000000000
-101.024973158584 278.018136651180 0.000000000000 1.000000000000
181.433364218147 -5.107882406677 0.866025403784 -0.500000000000
-7.444248113257 120.894692906000 0.866025403784 0.500000000000
-19.835819199472 -66.668759657208 0.866025403784 -0.500000000000
