#Configurational_file created 2018-09-14 13:59:57  started 2018-09-14 13:59:56 run for 1.0s steps 0
name: p_1186
step: 10000
specie: 20
	particle_diameter: 1.0000000000000000
	interaction_length: 1.2000000000000000
	number_of_patches: 3
	number_of_particles_per_compound: 1
	rod_length: 1.0000000000000000
	interaction_matrix:  1.000000 1.000000 1.000000 1.000000 1.000000 1.000000 1.000000 1.000000 1.000000
	patch_type: symmetric
	patch_width: 8.0000000000000000
	patch_angle: 0.0000000000000000
	angles:  0.000000 0.000000 0.000000
	grand_canonical: 0
	chemical_potential: 0.0000000000000000
box: 13.388096 13.388096
copy: 1.000000 1.000000
epsilon: 0.6206900000000000
end_epsilon: 0.0000000000000000
pressure: 0.2586210000000000
lambda: 0.0000000000000000
lambda_coupling: 1.0000000000000000
uy: 0.0000000000000000
maximum_displacement: 1.0000000000000000
maximum_rotation: 1.0000000000000000
maximum_volume: 1.0000000000000000
maximum_shape: 0.0000001000000000
maximum_dsigma: 0.0100000000000000
mod: 10
pmod: 10
optimize: 1
verbose: 1
snapshot: 0
display: 1
explore: 1
npt: 1
nptxy: 0
nptdxdy: 0
shape: 0
seed: 1351273
-204.477972917315 -58.474830615677 0.866025403784 -0.500000000000
49.041471971548 -139.259658749024 0.866025403784 0.500000000000
-131.442292642289 -129.377037936131 0.866025403784 0.500000000000
148.557195288950 42.515609763409 0.866025403784 0.500000000000
20.805611673597 79.764876505230 0.866025403784 -0.500000000000
-86.113303010360 -29.193976750673 0.866025403784 0.500000000000
-148.408437757987 -56.887006881864 0.866025403784 0.500000000000
-15.690941739201 105.071426773289 0.000000000000 1.000000000000
-37.705011219477 -92.826261408159 0.000000000000 1.000000000000
113.479720475826 59.992199168427 0.866025403784 -0.500000000000
48.326597244358 46.201305111128 0.866025403784 -0.500000000000
-82.353229257257 -79.301311620194 0.000000000000 1.000000000000
114.346189104385 -89.460943420696 0.866025403784 0.500000000000
132.605351385128 132.289659959729 0.000000000000 1.000000000000
50.342598449091 113.247335537007 0.866025403784 -0.500000000000
6.542731734435 121.338237814462 0.866025403784 0.500000000000
-2.199704660095 41.540101631702 0.866025403784 -0.500000000000
16.121577274955 -59.783820093121 0.866025403784 0.500000000000
-74.971220400809 -103.946797026923 0.866025403784 -0.500000000000
132.787321582792 -71.542514031994 0.866025403784 0.500000000000
