#Configurational_file created 2018-09-14 13:59:48  started 2018-09-14 13:59:48 run for 0.0s steps 0
name: p_1174
step: 10000
specie: 20
	particle_diameter: 1.0000000000000000
	interaction_length: 1.2000000000000000
	number_of_patches: 3
	number_of_particles_per_compound: 1
	rod_length: 1.0000000000000000
	interaction_matrix:  1.000000 1.000000 1.000000 1.000000 1.000000 1.000000 1.000000 1.000000 1.000000
	patch_type: symmetric
	patch_width: 8.0000000000000000
	patch_angle: 0.0000000000000000
	angles:  0.000000 0.000000 0.000000
	grand_canonical: 0
	chemical_potential: 0.0000000000000000
box: 22.446430 22.446430
copy: 1.000000 1.000000
epsilon: 0.6206900000000000
end_epsilon: 0.0000000000000000
pressure: 0.0517250000000000
lambda: 0.0000000000000000
lambda_coupling: 1.0000000000000000
uy: 0.0000000000000000
maximum_displacement: 1.0000000000000000
maximum_rotation: 1.0000000000000000
maximum_volume: 1.0000000000000000
maximum_shape: 0.0000001000000000
maximum_dsigma: 0.0100000000000000
mod: 10
pmod: 10
optimize: 1
verbose: 1
snapshot: 0
display: 1
explore: 1
npt: 1
nptxy: 0
nptdxdy: 0
shape: 0
seed: 1337629
-73.400113333294 -196.558908526136 0.000000000000 1.000000000000
-38.452671166459 -58.794088554044 0.000000000000 1.000000000000
24.037279703786 22.122341258264 0.866025403784 0.500000000000
49.234238999583 -77.907152271265 0.000000000000 1.000000000000
-3.076641211621 32.546732401505 0.000000000000 1.000000000000
-37.120912398726 88.019919009875 0.866025403784 -0.500000000000
-72.451299362666 44.786187090335 0.866025403784 -0.500000000000
49.871380392700 39.592045247981 0.866025403784 0.500000000000
-79.004447369656 -78.625543964940 0.866025403784 0.500000000000
-36.996861148954 171.517302225906 0.866025403784 -0.500000000000
54.497157138846 54.512230032604 0.866025403784 0.500000000000
-43.678851125526 -111.946313970819 0.866025403784 -0.500000000000
194.144139549059 -78.764753079353 0.866025403784 -0.500000000000
160.278065877211 69.690003041980 0.000000000000 1.000000000000
-65.402045955089 -149.036824835753 0.866025403784 0.500000000000
-45.946190741803 71.115629874129 0.000000000000 1.000000000000
11.254553703360 -186.995964888496 0.000000000000 1.000000000000
87.850384334828 -21.633861092352 0.866025403784 -0.500000000000
93.981826328889 120.733432603648 0.866025403784 -0.500000000000
171.143520901406 134.436667335947 0.000000000000 1.000000000000
