#Configurational_file created 2018-09-14 11:36:48  started 2018-09-14 11:36:47 run for 1.0s steps 0
name: p_1164
step: 10000
specie: 20
	particle_diameter: 1.0000000000000000
	interaction_length: 1.2000000000000000
	number_of_patches: 3
	number_of_particles_per_compound: 1
	rod_length: 1.0000000000000000
	interaction_matrix:  1.000000 1.000000 1.000000 1.000000 1.000000 1.000000 1.000000 1.000000 1.000000
	patch_type: symmetric
	patch_width: 8.0000000000000000
	patch_angle: 0.0000000000000000
	angles:  0.000000 0.000000 0.000000
	grand_canonical: 0
	chemical_potential: 0.0000000000000000
box: 8.843118 8.843118
copy: 1.000000 1.000000
epsilon: 0.4375120000000000
end_epsilon: 0.0000000000000000
pressure: 1.0833790000000001
lambda: 0.0000000000000000
lambda_coupling: 1.0000000000000000
uy: 0.0000000000000000
maximum_displacement: 1.0000000000000000
maximum_rotation: 1.0000000000000000
maximum_volume: 0.7750300819930247
maximum_shape: 0.0000001000000000
maximum_dsigma: 0.0100000000000000
mod: 10
pmod: 10
optimize: 1
verbose: 1
snapshot: 0
display: 1
explore: 1
npt: 1
nptxy: 0
nptdxdy: 0
shape: 0
seed: 1326259
48.044217496196 47.086847924026 0.000000000000 1.000000000000
-60.854757582094 -35.873131259955 0.866025403784 -0.500000000000
101.992993891442 -4.785709323609 0.000000000000 1.000000000000
-101.537484351069 -80.839072737273 0.866025403784 -0.500000000000
-89.444099534890 123.925146797788 0.000000000000 1.000000000000
-34.260115433190 -2.113754878050 0.866025403784 0.500000000000
10.918293024188 -106.153419489727 0.000000000000 1.000000000000
-28.355489289760 -35.379687657842 0.866025403784 0.500000000000
139.390868599434 -36.263778675943 0.000000000000 1.000000000000
-41.464499565199 -23.577462978393 0.000000000000 1.000000000000
94.483513676884 66.912101553103 0.866025403784 0.500000000000
-117.500257850582 -147.790654384257 0.866025403784 -0.500000000000
60.458462901975 155.743256638549 0.000000000000 1.000000000000
117.143882871180 -2.934438390358 0.000000000000 1.000000000000
-28.927548248576 66.416803158210 0.000000000000 1.000000000000
-29.880432712821 52.190689542594 0.000000000000 1.000000000000
-26.487577569926 -72.467832914439 0.866025403784 -0.500000000000
-19.579286881443 82.803507250558 0.000000000000 1.000000000000
21.537532256700 -170.495677033942 0.866025403784 0.500000000000
72.508595245100 22.083681218278 0.866025403784 0.500000000000
