#Configurational_file created 2018-09-14 12:03:32  started 2018-09-14 12:03:31 run for 1.0s steps 0
name: p_1122
step: 10000
specie: 20
	particle_diameter: 1.0000000000000000
	interaction_length: 1.2000000000000000
	number_of_patches: 3
	number_of_particles_per_compound: 1
	rod_length: 1.0000000000000000
	interaction_matrix:  1.000000 1.000000 1.000000 1.000000 1.000000 1.000000 1.000000 1.000000 1.000000
	patch_type: symmetric
	patch_width: 8.0000000000000000
	patch_angle: 0.0000000000000000
	angles:  0.000000 0.000000 0.000000
	grand_canonical: 0
	chemical_potential: 0.0000000000000000
box: 48.024481 48.024481
copy: 1.000000 1.000000
epsilon: 0.0395840000000000
end_epsilon: 0.0000000000000000
pressure: 0.0875000000000000
lambda: 0.0000000000000000
lambda_coupling: 1.0000000000000000
uy: 0.0000000000000000
maximum_displacement: 1.0000000000000000
maximum_rotation: 1.0000000000000000
maximum_volume: 1.0000000000000000
maximum_shape: 0.0000001000000000
maximum_dsigma: 0.0100000000000000
mod: 10
pmod: 10
optimize: 1
verbose: 1
snapshot: 0
display: 1
explore: 1
npt: 1
nptxy: 0
nptdxdy: 0
shape: 0
seed: 1278505
-140.261135873823 215.010410337817 0.866025403784 -0.500000000000
-333.810628909933 353.416815962989 0.866025403784 -0.500000000000
175.637769369126 274.954626384963 0.000000000000 1.000000000000
182.092296502008 -75.856392711802 0.866025403784 0.500000000000
-295.602469581306 38.615125051126 0.866025403784 0.500000000000
104.439540822027 -250.946852172697 0.866025403784 0.500000000000
102.163435946186 317.361633849296 0.866025403784 -0.500000000000
-219.877439899869 -234.434607335334 0.000000000000 1.000000000000
-127.147516410420 21.400049427333 0.866025403784 0.500000000000
-196.454209608693 -24.597671914482 0.866025403784 0.500000000000
217.870669830254 358.651939967231 0.000000000000 1.000000000000
350.621006157892 -176.334436368452 0.866025403784 -0.500000000000
192.869155475951 -182.723645005471 0.866025403784 0.500000000000
285.604257493729 167.141362002052 0.000000000000 1.000000000000
-59.820827359124 0.304753365291 0.866025403784 0.500000000000
-94.785546165421 46.050723891296 0.866025403784 0.500000000000
-129.413456702203 -151.540356260967 0.000000000000 1.000000000000
-278.909626479600 -84.733375373896 0.000000000000 1.000000000000
286.337908463871 252.234398213256 0.000000000000 1.000000000000
29.905997492849 126.672025925966 0.866025403784 0.500000000000
