#Configurational_file created 2018-09-14 11:36:34  started 2018-09-14 11:36:33 run for 1.0s steps 0
name: p_1147
step: 10000
specie: 20
	particle_diameter: 1.0000000000000000
	interaction_length: 1.2000000000000000
	number_of_patches: 3
	number_of_particles_per_compound: 1
	rod_length: 1.0000000000000000
	interaction_matrix:  1.000000 1.000000 1.000000 1.000000 1.000000 1.000000 1.000000 1.000000 1.000000
	patch_type: symmetric
	patch_width: 8.0000000000000000
	patch_angle: 0.0000000000000000
	angles:  0.000000 0.000000 0.000000
	grand_canonical: 0
	chemical_potential: 0.0000000000000000
box: 7.082978 7.082978
copy: 1.000000 1.000000
epsilon: 0.4166830000000000
end_epsilon: 0.0000000000000000
pressure: 1.7500119999999999
lambda: 0.0000000000000000
lambda_coupling: 1.0000000000000000
uy: 0.0000000000000000
maximum_displacement: 1.0000000000000000
maximum_rotation: 1.0000000000000000
maximum_volume: 0.4347575406406807
maximum_shape: 0.0000001000000000
maximum_dsigma: 0.0100000000000000
mod: 10
pmod: 10
optimize: 1
verbose: 1
snapshot: 0
display: 1
explore: 1
npt: 1
nptxy: 0
nptdxdy: 0
shape: 0
seed: 1306930
46.414776563548 -12.396373327202 0.866025403784 -0.500000000000
-39.294525395015 -1.576514118303 0.866025403784 0.500000000000
-72.619049951909 -40.958278944395 0.000000000000 1.000000000000
139.006305959112 43.803809286121 0.866025403784 0.500000000000
-105.547510333572 10.247521376732 0.000000000000 1.000000000000
127.646202342436 6.004280465747 0.000000000000 1.000000000000
-37.501739430248 -49.069249689350 0.000000000000 1.000000000000
4.341240297113 26.836206510357 0.866025403784 0.500000000000
-1.440791750536 -17.097390451087 0.866025403784 0.500000000000
-50.655299274317 -8.903854519045 0.866025403784 0.500000000000
-102.357232582047 85.039042180136 0.000000000000 1.000000000000
-75.509869977613 117.320295756201 0.000000000000 1.000000000000
6.428070562371 -14.203451126980 0.866025403784 -0.500000000000
37.276023046678 111.032510690705 0.866025403784 0.500000000000
-75.647277408982 -41.597021448481 0.866025403784 -0.500000000000
83.497318200084 -75.786085090877 0.866025403784 -0.500000000000
58.753169293095 31.043407667096 0.000000000000 1.000000000000
4.552008820884 -45.906727875147 0.866025403784 0.500000000000
-40.083147505103 0.398124478399 0.866025403784 0.500000000000
23.331855176551 41.446822695310 0.866025403784 -0.500000000000
