#Configurational_file created 2018-09-14 12:04:12  started 2018-09-14 12:04:11 run for 1.0s steps 0
name: p_1178
step: 10000
specie: 20
	particle_diameter: 1.0000000000000000
	interaction_length: 1.2000000000000000
	number_of_patches: 3
	number_of_particles_per_compound: 1
	rod_length: 1.0000000000000000
	interaction_matrix:  1.000000 1.000000 1.000000 1.000000 1.000000 1.000000 1.000000 1.000000 1.000000
	patch_type: symmetric
	patch_width: 8.0000000000000000
	patch_angle: 0.0000000000000000
	angles:  0.000000 0.000000 0.000000
	grand_canonical: 0
	chemical_potential: 0.0000000000000000
box: 52.315321 52.315321
copy: 1.000000 1.000000
epsilon: 0.0458330000000000
end_epsilon: 0.0000000000000000
pressure: 0.0083340000000000
lambda: 0.0000000000000000
lambda_coupling: 1.0000000000000000
uy: 0.0000000000000000
maximum_displacement: 1.0000000000000000
maximum_rotation: 1.0000000000000000
maximum_volume: 1.0000000000000000
maximum_shape: 0.0000001000000000
maximum_dsigma: 0.0100000000000000
mod: 10
pmod: 10
optimize: 1
verbose: 1
snapshot: 0
display: 1
explore: 1
npt: 1
nptxy: 0
nptdxdy: 0
shape: 0
seed: 1342177
4.538570545330 61.263934837210 0.866025403784 0.500000000000
258.226832301745 88.684827178803 0.866025403784 -0.500000000000
157.318434875884 -56.364831772822 0.866025403784 -0.500000000000
-401.361755650242 -48.498438022497 0.000000000000 1.000000000000
-370.471754755553 5.363243582436 0.866025403784 0.500000000000
255.886585700224 58.177455869494 0.000000000000 1.000000000000
-79.253137998205 -18.140998743905 0.000000000000 1.000000000000
-474.622088825993 45.817430840945 0.866025403784 0.500000000000
129.393770623469 -98.573453783075 0.000000000000 1.000000000000
30.161313428839 202.122838849706 0.000000000000 1.000000000000
-2.714087195674 84.578726938282 0.866025403784 -0.500000000000
-15.075376331886 56.831236208338 0.866025403784 0.500000000000
281.652714989825 18.775156349303 0.866025403784 0.500000000000
-24.090428865926 139.368873021461 0.000000000000 1.000000000000
229.778214182478 319.426867057139 0.866025403784 -0.500000000000
196.809459274193 -141.073480004381 0.866025403784 -0.500000000000
-9.134977798514 318.142624233059 0.866025403784 0.500000000000
348.793141131719 1.853632152160 0.866025403784 0.500000000000
79.904677396368 -78.982181754988 0.000000000000 1.000000000000
116.663946218269 77.911242094275 0.866025403784 0.500000000000
