#Configurational_file created 2018-09-14 11:06:51  started 2018-09-14 11:06:51 run for 0.0s steps 0
name: p_112
step: 10000
specie: 20
	particle_diameter: 1.0000000000000000
	interaction_length: 1.2000000000000000
	number_of_patches: 3
	number_of_particles_per_compound: 1
	rod_length: 1.0000000000000000
	interaction_matrix:  1.000000 1.000000 1.000000 1.000000 1.000000 1.000000 1.000000 1.000000 1.000000
	patch_type: symmetric
	patch_width: 8.0000000000000000
	patch_angle: 0.0000000000000000
	angles:  0.000000 0.000000 0.000000
	grand_canonical: 0
	chemical_potential: 0.0000000000000000
box: 8.162551 8.162551
copy: 1.000000 1.000000
epsilon: 0.3571710000000000
end_epsilon: 0.0000000000000000
pressure: 2.0000000000000000
lambda: 0.0000000000000000
lambda_coupling: 1.0000000000000000
uy: 0.0000000000000000
maximum_displacement: 1.0000000000000000
maximum_rotation: 1.0000000000000000
maximum_volume: 0.3838375370259726
maximum_shape: 0.0000001000000000
maximum_dsigma: 0.0100000000000000
mod: 10
pmod: 10
optimize: 1
verbose: 1
snapshot: 0
display: 1
explore: 1
npt: 1
nptxy: 0
nptdxdy: 0
shape: 0
seed: 130214
-0.058230630680 -33.124152709621 0.000000000000 1.000000000000
115.155478957460 55.089289890776 0.000000000000 1.000000000000
-28.336016690056 -31.771956795583 0.866025403784 -0.500000000000
37.286014668929 -11.659740506252 0.866025403784 -0.500000000000
5.063921702916 17.061243473542 0.000000000000 1.000000000000
-48.529345534382 76.100534868663 0.000000000000 1.000000000000
-20.708023198693 122.167461650493 0.866025403784 0.500000000000
98.820296310959 -32.382518232120 0.000000000000 1.000000000000
57.662298412519 -86.179012223740 0.866025403784 -0.500000000000
-51.567926135270 -2.684655775785 0.000000000000 1.000000000000
23.286054912895 -126.839670568663 0.866025403784 -0.500000000000
27.624801584337 34.828400960300 0.866025403784 -0.500000000000
126.553127064771 -50.661130255533 0.866025403784 0.500000000000
-13.532225057493 113.239199641216 0.866025403784 -0.500000000000
-57.491921609456 96.237194632034 0.866025403784 0.500000000000
25.775865014256 141.641370857418 0.866025403784 -0.500000000000
1.823750517501 1.098034731536 0.866025403784 0.500000000000
56.568438039085 54.207200918637 0.000000000000 1.000000000000
-78.609528379511 -52.737975049735 0.866025403784 -0.500000000000
159.433558187420 34.628703344489 0.866025403784 -0.500000000000
