#Configurational_file created 2018-09-14 12:03:58  started 2018-09-14 12:03:58 run for 0.0s steps 0
name: p_1159
step: 10000
specie: 20
	particle_diameter: 1.0000000000000000
	interaction_length: 1.2000000000000000
	number_of_patches: 3
	number_of_particles_per_compound: 1
	rod_length: 1.0000000000000000
	interaction_matrix:  1.000000 1.000000 1.000000 1.000000 1.000000 1.000000 1.000000 1.000000 1.000000
	patch_type: symmetric
	patch_width: 8.0000000000000000
	patch_angle: 0.0000000000000000
	angles:  0.000000 0.000000 0.000000
	grand_canonical: 0
	chemical_potential: 0.0000000000000000
box: 41.731304 41.731304
copy: 1.000000 1.000000
epsilon: 0.0437500000000000
end_epsilon: 0.0000000000000000
pressure: 0.0333340000000000
lambda: 0.0000000000000000
lambda_coupling: 1.0000000000000000
uy: 0.0000000000000000
maximum_displacement: 1.0000000000000000
maximum_rotation: 1.0000000000000000
maximum_volume: 1.0000000000000000
maximum_shape: 0.0000001000000000
maximum_dsigma: 0.0100000000000000
mod: 10
pmod: 10
optimize: 1
verbose: 1
snapshot: 0
display: 1
explore: 1
npt: 1
nptxy: 0
nptdxdy: 0
shape: 0
seed: 1320574
51.713909713986 63.998739881383 0.866025403784 -0.500000000000
-96.007682065294 319.750181474663 0.000000000000 1.000000000000
86.566810514549 23.386330311834 0.866025403784 -0.500000000000
-138.220805335568 -52.483157252994 0.866025403784 -0.500000000000
70.453212927892 -70.220492807696 0.866025403784 -0.500000000000
-0.339475868662 -11.714476687634 0.866025403784 -0.500000000000
-58.911108973415 61.197655808241 0.866025403784 -0.500000000000
133.823149985145 188.421657065908 0.866025403784 0.500000000000
-222.240695782866 60.740267212681 0.866025403784 -0.500000000000
232.262175022268 297.330033758922 0.866025403784 0.500000000000
120.280971487291 301.267778718094 0.866025403784 0.500000000000
-88.052260308557 211.566042111973 0.000000000000 1.000000000000
-338.769366457207 -124.265420645076 0.866025403784 -0.500000000000
-180.504383591705 192.271249651273 0.866025403784 0.500000000000
-271.041958482988 73.942132185971 0.866025403784 -0.500000000000
-32.123282818156 300.051394010687 0.000000000000 1.000000000000
73.468403078679 32.943569052464 0.866025403784 0.500000000000
-377.146169583019 315.262654182216 0.866025403784 -0.500000000000
-121.262891949794 270.817580695131 0.866025403784 0.500000000000
44.717710237873 36.584122843682 0.000000000000 1.000000000000
