#Configurational_file created 2018-09-14 13:59:52  started 2018-09-14 13:59:51 run for 1.0s steps 0
name: p_1179
step: 10000
specie: 20
	particle_diameter: 1.0000000000000000
	interaction_length: 1.2000000000000000
	number_of_patches: 3
	number_of_particles_per_compound: 1
	rod_length: 1.0000000000000000
	interaction_matrix:  1.000000 1.000000 1.000000 1.000000 1.000000 1.000000 1.000000 1.000000 1.000000
	patch_type: symmetric
	patch_width: 8.0000000000000000
	patch_angle: 0.0000000000000000
	angles:  0.000000 0.000000 0.000000
	grand_canonical: 0
	chemical_potential: 0.0000000000000000
box: 17.550961 17.550961
copy: 1.000000 1.000000
epsilon: 0.6206900000000000
end_epsilon: 0.0000000000000000
pressure: 0.1379320000000000
lambda: 0.0000000000000000
lambda_coupling: 1.0000000000000000
uy: 0.0000000000000000
maximum_displacement: 1.0000000000000000
maximum_rotation: 1.0000000000000000
maximum_volume: 1.0000000000000000
maximum_shape: 0.0000001000000000
maximum_dsigma: 0.0100000000000000
mod: 10
pmod: 10
optimize: 1
verbose: 1
snapshot: 0
display: 1
explore: 1
npt: 1
nptxy: 0
nptdxdy: 0
shape: 0
seed: 1343314
-56.370092267432 -13.685386325694 0.000000000000 1.000000000000
10.591505092166 -34.752615115472 0.866025403784 0.500000000000
-130.115820862687 188.486200427356 0.866025403784 -0.500000000000
63.264994039152 168.473118791042 0.000000000000 1.000000000000
-7.430396108448 -65.036890376853 0.000000000000 1.000000000000
-53.659004245327 -148.851594578172 0.000000000000 1.000000000000
17.892523236551 75.133721888183 0.000000000000 1.000000000000
-57.780575591297 -58.283228435099 0.866025403784 -0.500000000000
127.762967639715 30.929823307619 0.866025403784 -0.500000000000
150.997957151842 -26.362932766395 0.866025403784 0.500000000000
180.116647757356 179.188194410190 0.000000000000 1.000000000000
-101.555665764811 -108.040952473567 0.866025403784 -0.500000000000
243.091058720056 217.173045790109 0.866025403784 -0.500000000000
14.309006546144 101.716942531819 0.866025403784 0.500000000000
40.925503234076 65.900582454012 0.866025403784 0.500000000000
114.445311021862 -50.372395823997 0.000000000000 1.000000000000
-33.607012190699 184.061207265610 0.866025403784 -0.500000000000
7.946519337615 -13.950958597269 0.000000000000 1.000000000000
-77.030239313986 198.512676172756 0.866025403784 -0.500000000000
124.824499460100 35.471740857036 0.000000000000 1.000000000000
