#Configurational_file created 2018-09-14 12:03:30  started 2018-09-14 12:03:29 run for 1.0s steps 0
name: p_1120
step: 10000
specie: 20
	particle_diameter: 1.0000000000000000
	interaction_length: 1.2000000000000000
	number_of_patches: 3
	number_of_particles_per_compound: 1
	rod_length: 1.0000000000000000
	interaction_matrix:  1.000000 1.000000 1.000000 1.000000 1.000000 1.000000 1.000000 1.000000 1.000000
	patch_type: symmetric
	patch_width: 8.0000000000000000
	patch_angle: 0.0000000000000000
	angles:  0.000000 0.000000 0.000000
	grand_canonical: 0
	chemical_potential: 0.0000000000000000
box: 43.402038 43.402038
copy: 1.000000 1.000000
epsilon: 0.0395840000000000
end_epsilon: 0.0000000000000000
pressure: 0.0791670000000000
lambda: 0.0000000000000000
lambda_coupling: 1.0000000000000000
uy: 0.0000000000000000
maximum_displacement: 1.0000000000000000
maximum_rotation: 1.0000000000000000
maximum_volume: 1.0000000000000000
maximum_shape: 0.0000001000000000
maximum_dsigma: 0.0100000000000000
mod: 10
pmod: 10
optimize: 1
verbose: 1
snapshot: 0
display: 1
explore: 1
npt: 1
nptxy: 0
nptdxdy: 0
shape: 0
seed: 1276231
123.207555706527 -30.429233956377 0.000000000000 1.000000000000
91.763191601528 -116.694176869040 0.866025403784 0.500000000000
112.468342071573 121.000339873959 0.866025403784 0.500000000000
294.745405464338 155.715240143987 0.866025403784 0.500000000000
205.989220658128 334.961711122487 0.000000000000 1.000000000000
97.316704318182 -322.359320244454 0.000000000000 1.000000000000
337.138995867472 -188.160574671459 0.866025403784 0.500000000000
-1.184882168195 55.132320028128 0.000000000000 1.000000000000
130.744900471228 -36.198130414544 0.866025403784 -0.500000000000
102.476577802019 187.224619836376 0.000000000000 1.000000000000
-92.618014335746 304.026566654643 0.000000000000 1.000000000000
-15.681464379040 -337.167307432686 0.866025403784 -0.500000000000
-143.504538926719 88.583873105279 0.866025403784 -0.500000000000
52.966484437906 64.618997812626 0.866025403784 -0.500000000000
135.417502744258 -90.533734010526 0.866025403784 0.500000000000
150.479926890539 -225.068563058412 0.866025403784 0.500000000000
-98.256216798836 238.034331088319 0.866025403784 0.500000000000
-67.342201962297 -28.243257025435 0.866025403784 -0.500000000000
22.946824342256 112.228964273662 0.866025403784 -0.500000000000
26.309237614776 199.643562013553 0.866025403784 -0.500000000000
