#Configurational_file created 2018-09-14 13:59:11  started 2018-09-14 13:59:11 run for 0.0s steps 0
name: p_1124
step: 10000
specie: 20
	particle_diameter: 1.0000000000000000
	interaction_length: 1.2000000000000000
	number_of_patches: 3
	number_of_particles_per_compound: 1
	rod_length: 1.0000000000000000
	interaction_matrix:  1.000000 1.000000 1.000000 1.000000 1.000000 1.000000 1.000000 1.000000 1.000000
	patch_type: symmetric
	patch_width: 8.0000000000000000
	patch_angle: 0.0000000000000000
	angles:  0.000000 0.000000 0.000000
	grand_canonical: 0
	chemical_potential: 0.0000000000000000
box: 15.253482 15.253482
copy: 1.000000 1.000000
epsilon: 0.4827590000000000
end_epsilon: 0.0000000000000000
pressure: 0.2241380000000000
lambda: 0.0000000000000000
lambda_coupling: 1.0000000000000000
uy: 0.0000000000000000
maximum_displacement: 1.0000000000000000
maximum_rotation: 1.0000000000000000
maximum_volume: 1.0000000000000000
maximum_shape: 0.0000001000000000
maximum_dsigma: 0.0100000000000000
mod: 10
pmod: 10
optimize: 1
verbose: 1
snapshot: 0
display: 1
explore: 1
npt: 1
nptxy: 0
nptdxdy: 0
shape: 0
seed: 1280779
37.397488535792 -171.195533361072 0.866025403784 0.500000000000
206.762016654745 103.535380686966 0.866025403784 0.500000000000
-36.858645808690 -95.563537662047 0.000000000000 1.000000000000
66.109035095694 35.874317102884 0.866025403784 0.500000000000
123.721931795820 63.719516617457 0.866025403784 -0.500000000000
225.208178311604 -37.731644177342 0.000000000000 1.000000000000
-125.843251811764 21.619557942905 0.000000000000 1.000000000000
59.384312696410 66.460119061782 0.866025403784 0.500000000000
137.097893073957 73.990513403360 0.866025403784 0.500000000000
-60.794990018627 -209.952832408818 0.866025403784 -0.500000000000
79.253833140353 -97.027766958490 0.000000000000 1.000000000000
41.314942141651 -91.042535615680 0.866025403784 0.500000000000
-52.328586345360 16.079460132412 0.866025403784 -0.500000000000
122.611919962728 84.494081968017 0.866025403784 0.500000000000
-32.343813463291 -44.724987372291 0.000000000000 1.000000000000
-167.355953218762 184.622085464055 0.866025403784 -0.500000000000
-116.903010838600 19.590063728382 0.866025403784 0.500000000000
-96.629373362986 7.626304966138 0.000000000000 1.000000000000
12.181134749689 -29.082001631240 0.866025403784 -0.500000000000
85.182297010920 186.514118664355 0.000000000000 1.000000000000
