#Configurational_file created 2018-09-14 11:36:14  started 2018-09-14 11:36:13 run for 1.0s steps 0
name: p_1123
step: 10000
specie: 20
	particle_diameter: 1.0000000000000000
	interaction_length: 1.2000000000000000
	number_of_patches: 3
	number_of_particles_per_compound: 1
	rod_length: 1.0000000000000000
	interaction_matrix:  1.000000 1.000000 1.000000 1.000000 1.000000 1.000000 1.000000 1.000000 1.000000
	patch_type: symmetric
	patch_width: 8.0000000000000000
	patch_angle: 0.0000000000000000
	angles:  0.000000 0.000000 0.000000
	grand_canonical: 0
	chemical_potential: 0.0000000000000000
box: 7.685571 7.685571
copy: 1.000000 1.000000
epsilon: 0.3958540000000000
end_epsilon: 0.0000000000000000
pressure: 1.8333420000000000
lambda: 0.0000000000000000
lambda_coupling: 1.0000000000000000
uy: 0.0000000000000000
maximum_displacement: 1.0000000000000000
maximum_rotation: 1.0000000000000000
maximum_volume: 0.4043697297780992
maximum_shape: 0.0000001000000000
maximum_dsigma: 0.0100000000000000
mod: 10
pmod: 10
optimize: 1
verbose: 1
snapshot: 0
display: 1
explore: 1
npt: 1
nptxy: 0
nptdxdy: 0
shape: 0
seed: 1279642
-82.100067725055 42.752477590330 0.000000000000 1.000000000000
19.346692952789 33.173596254899 0.000000000000 1.000000000000
-38.282799601356 25.238506006188 0.866025403784 0.500000000000
-12.484476917542 -38.915390514039 0.000000000000 1.000000000000
-71.198873138280 92.601273797783 0.866025403784 -0.500000000000
-3.462673367224 59.051575417807 0.000000000000 1.000000000000
64.428405908743 -68.587080544554 0.000000000000 1.000000000000
90.125670668783 -106.033074052357 0.866025403784 -0.500000000000
28.731466087261 20.965920091954 0.866025403784 0.500000000000
-27.376969769061 -57.549602990870 0.000000000000 1.000000000000
6.859721452853 118.431584794980 0.866025403784 -0.500000000000
91.267815160410 -17.291715139668 0.866025403784 -0.500000000000
-1.010013082748 31.940578100331 0.000000000000 1.000000000000
-21.581140918572 89.967876988159 0.866025403784 0.500000000000
71.131371397392 -30.399824277619 0.866025403784 0.500000000000
13.624389633875 -62.002082636873 0.866025403784 0.500000000000
-121.737631405183 -12.596195085531 0.866025403784 -0.500000000000
23.508034275213 -24.947426475386 0.866025403784 0.500000000000
-7.610623716111 61.081628280780 0.866025403784 0.500000000000
24.328402818800 125.041354125379 0.866025403784 0.500000000000
