#Configurational_file created 2018-09-14 11:36:21  started 2018-09-14 11:36:21 run for 0.0s steps 0
name: p_1133
step: 10000
specie: 20
	particle_diameter: 1.0000000000000000
	interaction_length: 1.2000000000000000
	number_of_patches: 3
	number_of_particles_per_compound: 1
	rod_length: 1.0000000000000000
	interaction_matrix:  1.000000 1.000000 1.000000 1.000000 1.000000 1.000000 1.000000 1.000000 1.000000
	patch_type: symmetric
	patch_width: 8.0000000000000000
	patch_angle: 0.0000000000000000
	angles:  0.000000 0.000000 0.000000
	grand_canonical: 0
	chemical_potential: 0.0000000000000000
box: 10.673803 10.673803
copy: 1.000000 1.000000
epsilon: 0.4166830000000000
end_epsilon: 0.0000000000000000
pressure: 0.5834040000000000
lambda: 0.0000000000000000
lambda_coupling: 1.0000000000000000
uy: 0.0000000000000000
maximum_displacement: 1.0000000000000000
maximum_rotation: 1.0000000000000000
maximum_volume: 1.0000000000000000
maximum_shape: 0.0000001000000000
maximum_dsigma: 0.0100000000000000
mod: 10
pmod: 10
optimize: 1
verbose: 1
snapshot: 0
display: 1
explore: 1
npt: 1
nptxy: 0
nptdxdy: 0
shape: 0
seed: 1291012
55.955387305769 -24.060753287383 0.000000000000 1.000000000000
98.596533255820 -89.936829142955 0.866025403784 -0.500000000000
-234.925290883598 -76.428455711773 0.866025403784 -0.500000000000
80.223395931731 -0.148341797706 0.866025403784 0.500000000000
22.820031705474 -32.019273257228 0.866025403784 0.500000000000
-40.372456269426 -34.209416982862 0.866025403784 -0.500000000000
2.173533058586 107.487412021765 0.866025403784 -0.500000000000
26.714890733839 125.826025117284 0.000000000000 1.000000000000
14.032356422019 119.017634429085 0.866025403784 0.500000000000
-112.200516232841 -101.744273216866 0.866025403784 0.500000000000
153.198356716391 -61.453809085121 0.866025403784 0.500000000000
-22.517118866948 -178.173626487782 0.866025403784 -0.500000000000
67.531695650414 4.272849364767 0.000000000000 1.000000000000
-50.718952302800 16.268817191628 0.866025403784 0.500000000000
-104.679828687934 34.908287214533 0.866025403784 0.500000000000
10.251803598116 2.238078170242 0.866025403784 0.500000000000
123.754001037813 36.194682055809 0.000000000000 1.000000000000
-90.844965372389 -103.303789340863 0.866025403784 0.500000000000
-0.005604068990 -53.025469553987 0.866025403784 -0.500000000000
-4.775778406887 -99.579356982601 0.866025403784 0.500000000000
