#Configurational_file created 2018-09-14 11:36:18  started 2018-09-14 11:36:18 run for 0.0s steps 0
name: p_1129
step: 10000
specie: 20
	particle_diameter: 1.0000000000000000
	interaction_length: 1.2000000000000000
	number_of_patches: 3
	number_of_particles_per_compound: 1
	rod_length: 1.0000000000000000
	interaction_matrix:  1.000000 1.000000 1.000000 1.000000 1.000000 1.000000 1.000000 1.000000 1.000000
	patch_type: symmetric
	patch_width: 8.0000000000000000
	patch_angle: 0.0000000000000000
	angles:  0.000000 0.000000 0.000000
	grand_canonical: 0
	chemical_potential: 0.0000000000000000
box: 14.929210 14.929210
copy: 1.000000 1.000000
epsilon: 0.4166830000000000
end_epsilon: 0.0000000000000000
pressure: 0.2500870000000000
lambda: 0.0000000000000000
lambda_coupling: 1.0000000000000000
uy: 0.0000000000000000
maximum_displacement: 1.0000000000000000
maximum_rotation: 1.0000000000000000
maximum_volume: 1.0000000000000000
maximum_shape: 0.0000001000000000
maximum_dsigma: 0.0100000000000000
mod: 10
pmod: 10
optimize: 1
verbose: 1
snapshot: 0
display: 1
explore: 1
npt: 1
nptxy: 0
nptdxdy: 0
shape: 0
seed: 1286464
152.114011947455 132.768239884032 0.866025403784 0.500000000000
45.654830806407 -15.934398440742 0.000000000000 1.000000000000
-76.352268303776 18.479693523914 0.866025403784 -0.500000000000
181.788765357036 46.541438456866 0.866025403784 -0.500000000000
48.870914990185 -84.393066156425 0.866025403784 -0.500000000000
26.936965208727 115.880760068139 0.866025403784 0.500000000000
95.680110630777 67.677241468106 0.866025403784 0.500000000000
70.968134622360 -113.929387459935 0.866025403784 -0.500000000000
-38.333444216605 42.986883353387 0.866025403784 -0.500000000000
22.252391517451 -18.708813651848 0.866025403784 -0.500000000000
-135.266749163081 -72.660667635444 0.866025403784 -0.500000000000
-58.557379443383 -129.769107285236 0.866025403784 -0.500000000000
-196.283554080081 66.157263480987 0.866025403784 0.500000000000
23.784089728813 -37.417792654746 0.866025403784 -0.500000000000
67.029860205415 -133.156741312217 0.866025403784 0.500000000000
-128.746099332739 21.370272945427 0.000000000000 1.000000000000
50.204717090115 -12.773032124745 0.866025403784 0.500000000000
173.322047377799 115.500936192412 0.866025403784 0.500000000000
10.347512483261 -64.302296700465 0.866025403784 0.500000000000
-27.100908252362 74.888511379348 0.000000000000 1.000000000000
