#Configurational_file created 2018-09-14 11:37:00  started 2018-09-14 11:36:59 run for 1.0s steps 0
name: p_1176
step: 10000
specie: 20
	particle_diameter: 1.0000000000000000
	interaction_length: 1.2000000000000000
	number_of_patches: 3
	number_of_particles_per_compound: 1
	rod_length: 1.0000000000000000
	interaction_matrix:  1.000000 1.000000 1.000000 1.000000 1.000000 1.000000 1.000000 1.000000 1.000000
	patch_type: symmetric
	patch_width: 8.0000000000000000
	patch_angle: 0.0000000000000000
	angles:  0.000000 0.000000 0.000000
	grand_canonical: 0
	chemical_potential: 0.0000000000000000
box: 46.260942 46.260942
copy: 1.000000 1.000000
epsilon: 0.4583420000000000
end_epsilon: 0.0000000000000000
pressure: 0.0001000000000000
lambda: 0.0000000000000000
lambda_coupling: 1.0000000000000000
uy: 0.0000000000000000
maximum_displacement: 1.0000000000000000
maximum_rotation: 1.0000000000000000
maximum_volume: 1.0000000000000000
maximum_shape: 0.0000001000000000
maximum_dsigma: 0.0100000000000000
mod: 10
pmod: 10
optimize: 1
verbose: 1
snapshot: 0
display: 1
explore: 1
npt: 1
nptxy: 0
nptdxdy: 0
shape: 0
seed: 1339903
46.715828119815 155.243356265932 0.866025403784 -0.500000000000
127.082689726953 -69.601668177792 0.000000000000 1.000000000000
-168.238943566819 -63.056567892417 0.866025403784 -0.500000000000
6.389683101409 130.724077978195 0.000000000000 1.000000000000
259.266760731430 -89.852173204038 0.866025403784 0.500000000000
-38.243009076476 -53.700328978181 0.866025403784 0.500000000000
-200.082456759581 97.155325784543 0.866025403784 0.500000000000
-147.866655537039 222.877245844639 0.000000000000 1.000000000000
-0.388219921599 33.666614445955 0.000000000000 1.000000000000
-2.487006030781 3.147627595574 0.000000000000 1.000000000000
-202.108838910283 124.783466519598 0.000000000000 1.000000000000
-113.833906209074 -194.329216401300 0.866025403784 -0.500000000000
-124.163356880069 -30.160340588075 0.000000000000 1.000000000000
149.715703962446 -151.284781358231 0.866025403784 -0.500000000000
-311.806033767770 57.883745565968 0.866025403784 -0.500000000000
-23.016887220093 -68.372452091191 0.866025403784 -0.500000000000
58.326031800219 -189.888181178485 0.000000000000 1.000000000000
282.618762472110 -145.611104855238 0.866025403784 -0.500000000000
-129.374202284124 213.825530080435 0.000000000000 1.000000000000
327.447109807226 -86.330980861004 0.866025403784 0.500000000000
