#Configurational_file created 2018-09-14 13:59:32  started 2018-09-14 13:59:31 run for 1.0s steps 0
name: p_1152
step: 10000
specie: 20
	particle_diameter: 1.0000000000000000
	interaction_length: 1.2000000000000000
	number_of_patches: 3
	number_of_particles_per_compound: 1
	rod_length: 1.0000000000000000
	interaction_matrix:  1.000000 1.000000 1.000000 1.000000 1.000000 1.000000 1.000000 1.000000 1.000000
	patch_type: symmetric
	patch_width: 8.0000000000000000
	patch_angle: 0.0000000000000000
	angles:  0.000000 0.000000 0.000000
	grand_canonical: 0
	chemical_potential: 0.0000000000000000
box: 15.539218 15.539218
copy: 1.000000 1.000000
epsilon: 0.5517250000000000
end_epsilon: 0.0000000000000000
pressure: 0.1896560000000000
lambda: 0.0000000000000000
lambda_coupling: 1.0000000000000000
uy: 0.0000000000000000
maximum_displacement: 1.0000000000000000
maximum_rotation: 1.0000000000000000
maximum_volume: 1.0000000000000000
maximum_shape: 0.0000001000000000
maximum_dsigma: 0.0100000000000000
mod: 10
pmod: 10
optimize: 1
verbose: 1
snapshot: 0
display: 1
explore: 1
npt: 1
nptxy: 0
nptdxdy: 0
shape: 0
seed: 1312615
34.510539691773 27.643191627238 0.000000000000 1.000000000000
95.682750144672 156.549582031556 0.000000000000 1.000000000000
93.112029951489 -11.788514970319 0.866025403784 -0.500000000000
58.103364444701 123.817741302452 0.866025403784 0.500000000000
75.477107136069 50.881086453647 0.000000000000 1.000000000000
-43.579430891623 69.716934599163 0.000000000000 1.000000000000
-96.932497252911 11.549197531746 0.000000000000 1.000000000000
-34.350835396504 -5.913306557159 0.000000000000 1.000000000000
28.294581977496 93.340692626886 0.866025403784 -0.500000000000
-84.194466869194 -120.272091222024 0.866025403784 0.500000000000
157.831096693109 137.846254629237 0.000000000000 1.000000000000
-133.924980176466 -103.991511325733 0.866025403784 -0.500000000000
141.130914478104 99.309663069767 0.000000000000 1.000000000000
-67.439809328628 -137.012077831493 0.000000000000 1.000000000000
-113.186116497608 109.717148132727 0.866025403784 -0.500000000000
-90.870377705753 -134.805978464172 0.000000000000 1.000000000000
81.281180734725 -58.603070146569 0.866025403784 -0.500000000000
-0.313532443455 -65.110139628266 0.000000000000 1.000000000000
8.975507338436 -24.520422539795 0.000000000000 1.000000000000
-210.127676156159 -25.470033298116 0.000000000000 1.000000000000
