#Configurational_file created 2018-09-14 11:36:21  started 2018-09-14 11:36:20 run for 1.0s steps 0
name: p_1132
step: 10000
specie: 20
	particle_diameter: 1.0000000000000000
	interaction_length: 1.2000000000000000
	number_of_patches: 3
	number_of_particles_per_compound: 1
	rod_length: 1.0000000000000000
	interaction_matrix:  1.000000 1.000000 1.000000 1.000000 1.000000 1.000000 1.000000 1.000000 1.000000
	patch_type: symmetric
	patch_width: 8.0000000000000000
	patch_angle: 0.0000000000000000
	angles:  0.000000 0.000000 0.000000
	grand_canonical: 0
	chemical_potential: 0.0000000000000000
box: 10.644096 10.644096
copy: 1.000000 1.000000
epsilon: 0.4166830000000000
end_epsilon: 0.0000000000000000
pressure: 0.5000750000000000
lambda: 0.0000000000000000
lambda_coupling: 1.0000000000000000
uy: 0.0000000000000000
maximum_displacement: 1.0000000000000000
maximum_rotation: 1.0000000000000000
maximum_volume: 1.0000000000000000
maximum_shape: 0.0000001000000000
maximum_dsigma: 0.0100000000000000
mod: 10
pmod: 10
optimize: 1
verbose: 1
snapshot: 0
display: 1
explore: 1
npt: 1
nptxy: 0
nptdxdy: 0
shape: 0
seed: 1289875
36.260106897820 -121.777447988727 0.866025403784 0.500000000000
138.496733416732 -92.845424557697 0.000000000000 1.000000000000
-56.211347387370 -75.000132397614 0.866025403784 -0.500000000000
0.018616812207 108.297843927848 0.000000000000 1.000000000000
-173.432723395180 99.202550408381 0.000000000000 1.000000000000
83.561669424608 -62.089891267561 0.866025403784 -0.500000000000
15.933767785547 131.189084991754 0.866025403784 -0.500000000000
78.906775677097 11.447309031707 0.000000000000 1.000000000000
-61.639523571103 -42.889281207247 0.000000000000 1.000000000000
4.210671675932 -126.403136348891 0.866025403784 -0.500000000000
-99.552359716699 -249.735261044578 0.866025403784 -0.500000000000
-2.407367397885 -56.479865848822 0.866025403784 -0.500000000000
-75.267307272739 65.068067189312 0.000000000000 1.000000000000
127.448634386007 -150.207344426661 0.000000000000 1.000000000000
99.677696971900 -87.035074729854 0.000000000000 1.000000000000
86.606538483244 -2.065623507808 0.000000000000 1.000000000000
108.645951516159 33.733562263110 0.866025403784 0.500000000000
23.090300206017 165.732466060941 0.866025403784 -0.500000000000
-26.694647135160 -25.192323981084 0.000000000000 1.000000000000
136.774654208477 -92.188515856150 0.000000000000 1.000000000000
