#Configurational_file created 2018-09-14 12:03:38  started 2018-09-14 12:03:37 run for 1.0s steps 0
name: p_1131
step: 10000
specie: 20
	particle_diameter: 1.0000000000000000
	interaction_length: 1.2000000000000000
	number_of_patches: 3
	number_of_particles_per_compound: 1
	rod_length: 1.0000000000000000
	interaction_matrix:  1.000000 1.000000 1.000000 1.000000 1.000000 1.000000 1.000000 1.000000 1.000000
	patch_type: symmetric
	patch_width: 8.0000000000000000
	patch_angle: 0.0000000000000000
	angles:  0.000000 0.000000 0.000000
	grand_canonical: 0
	chemical_potential: 0.0000000000000000
box: 48.398787 48.398787
copy: 1.000000 1.000000
epsilon: 0.0416670000000000
end_epsilon: 0.0000000000000000
pressure: 0.0208340000000000
lambda: 0.0000000000000000
lambda_coupling: 1.0000000000000000
uy: 0.0000000000000000
maximum_displacement: 1.0000000000000000
maximum_rotation: 1.0000000000000000
maximum_volume: 1.0000000000000000
maximum_shape: 0.0000001000000000
maximum_dsigma: 0.0100000000000000
mod: 10
pmod: 10
optimize: 1
verbose: 1
snapshot: 0
display: 1
explore: 1
npt: 1
nptxy: 0
nptdxdy: 0
shape: 0
seed: 1288738
-148.737275706526 120.103063238633 0.866025403784 -0.500000000000
-249.165102203749 248.674660426265 0.866025403784 -0.500000000000
-131.559815802810 -20.592723125104 0.866025403784 0.500000000000
-58.415149388143 113.967322992966 0.866025403784 -0.500000000000
-207.858190651460 244.128001216217 0.866025403784 0.500000000000
197.410360825787 20.091648697358 0.000000000000 1.000000000000
289.022557613289 -256.985534221709 0.866025403784 0.500000000000
86.718605488199 121.048500895639 0.000000000000 1.000000000000
39.724613699399 -148.714090534268 0.000000000000 1.000000000000
94.822272031774 63.322970433888 0.000000000000 1.000000000000
-6.697406094330 60.890214070017 0.866025403784 0.500000000000
317.339763448684 -34.513012233685 0.000000000000 1.000000000000
-114.911015494183 -254.852491106258 0.866025403784 0.500000000000
-62.764515079342 273.634645059682 0.866025403784 -0.500000000000
-170.980526369585 -122.881640052802 0.866025403784 0.500000000000
-91.702850638973 231.162973234296 0.000000000000 1.000000000000
55.547451509736 -384.312594093764 0.866025403784 -0.500000000000
90.184223197302 -174.942937137869 0.000000000000 1.000000000000
-112.972640087471 -23.595470219134 0.000000000000 1.000000000000
204.772484320101 114.557986295232 0.866025403784 0.500000000000
