#Configurational_file created 2018-09-14 11:35:54  started 2018-09-14 11:35:53 run for 1.0s steps 0
name: p_1100
step: 10000
specie: 20
	particle_diameter: 1.0000000000000000
	interaction_length: 1.2000000000000000
	number_of_patches: 3
	number_of_particles_per_compound: 1
	rod_length: 1.0000000000000000
	interaction_matrix:  1.000000 1.000000 1.000000 1.000000 1.000000 1.000000 1.000000 1.000000 1.000000
	patch_type: symmetric
	patch_width: 8.0000000000000000
	patch_angle: 0.0000000000000000
	angles:  0.000000 0.000000 0.000000
	grand_canonical: 0
	chemical_potential: 0.0000000000000000
box: 7.542864 7.542864
copy: 1.000000 1.000000
epsilon: 0.3750250000000000
end_epsilon: 0.0000000000000000
pressure: 2.0000000000000000
lambda: 0.0000000000000000
lambda_coupling: 1.0000000000000000
uy: 0.0000000000000000
maximum_displacement: 1.0000000000000000
maximum_rotation: 1.0000000000000000
maximum_volume: 0.3960419587372940
maximum_shape: 0.0000001000000000
maximum_dsigma: 0.0100000000000000
mod: 10
pmod: 10
optimize: 1
verbose: 1
snapshot: 0
display: 1
explore: 1
npt: 1
nptxy: 0
nptdxdy: 0
shape: 0
seed: 1253491
74.788451297860 47.381308682411 0.000000000000 1.000000000000
-38.590248247659 -21.716218543385 0.000000000000 1.000000000000
33.332146901414 129.973330297876 0.866025403784 -0.500000000000
-14.424600189576 -105.659719904204 0.866025403784 -0.500000000000
-8.836774596587 -121.732723635911 0.866025403784 0.500000000000
-39.227193442648 -25.918290900589 0.866025403784 -0.500000000000
3.262678695453 37.700476376399 0.866025403784 -0.500000000000
48.837427404788 22.079512167447 0.866025403784 0.500000000000
80.018112645013 40.299965532082 0.866025403784 -0.500000000000
-4.522030603816 -122.579405157885 0.866025403784 0.500000000000
115.336827961730 -78.468009261052 0.866025403784 -0.500000000000
44.738408646404 -38.718892364159 0.000000000000 1.000000000000
47.851624567595 -3.784095072945 0.000000000000 1.000000000000
-0.886769781812 -19.136037921815 0.000000000000 1.000000000000
64.719591509970 162.872382046694 0.866025403784 -0.500000000000
-111.677708730492 -46.030167400672 0.000000000000 1.000000000000
-14.273425805211 9.364976265528 0.866025403784 -0.500000000000
-13.707756013917 55.086019435587 0.000000000000 1.000000000000
-55.206926265055 -142.220689522843 0.866025403784 0.500000000000
5.997457448983 -49.839121263933 0.866025403784 0.500000000000
