#Configurational_file created 2018-09-14 13:59:31  started 2018-09-14 13:59:30 run for 1.0s steps 0
name: p_1151
step: 10000
specie: 20
	particle_diameter: 1.0000000000000000
	interaction_length: 1.2000000000000000
	number_of_patches: 3
	number_of_particles_per_compound: 1
	rod_length: 1.0000000000000000
	interaction_matrix:  1.000000 1.000000 1.000000 1.000000 1.000000 1.000000 1.000000 1.000000 1.000000
	patch_type: symmetric
	patch_width: 8.0000000000000000
	patch_angle: 0.0000000000000000
	angles:  0.000000 0.000000 0.000000
	grand_canonical: 0
	chemical_potential: 0.0000000000000000
box: 15.160040 15.160040
copy: 1.000000 1.000000
epsilon: 0.5517250000000000
end_epsilon: 0.0000000000000000
pressure: 0.1724140000000000
lambda: 0.0000000000000000
lambda_coupling: 1.0000000000000000
uy: 0.0000000000000000
maximum_displacement: 1.0000000000000000
maximum_rotation: 1.0000000000000000
maximum_volume: 1.0000000000000000
maximum_shape: 0.0000001000000000
maximum_dsigma: 0.0100000000000000
mod: 10
pmod: 10
optimize: 1
verbose: 1
snapshot: 0
display: 1
explore: 1
npt: 1
nptxy: 0
nptdxdy: 0
shape: 0
seed: 1311478
-2.695537657844 3.443987450681 0.866025403784 0.500000000000
-9.575255656563 -40.272111340289 0.866025403784 0.500000000000
190.769697962996 -118.443128090609 0.866025403784 -0.500000000000
81.161999821068 -79.879252123805 0.866025403784 -0.500000000000
1.786524435978 -71.118787098634 0.866025403784 0.500000000000
-16.295511736388 -78.605809094623 0.866025403784 0.500000000000
-70.208075224604 -99.656813216933 0.000000000000 1.000000000000
-54.032234497603 -79.167692827298 0.866025403784 0.500000000000
40.932184018050 -98.957452611351 0.866025403784 -0.500000000000
80.886990187558 137.890108841853 0.866025403784 0.500000000000
-77.357486353580 -28.151026978999 0.866025403784 0.500000000000
6.625365172421 125.196272368436 0.000000000000 1.000000000000
-74.208983725825 29.027797966646 0.866025403784 -0.500000000000
11.407109872970 -93.575682831633 0.866025403784 0.500000000000
44.462035114093 56.219367689756 0.866025403784 0.500000000000
144.376597614761 -172.623162977785 0.866025403784 -0.500000000000
-95.688957494957 -130.896141836989 0.866025403784 0.500000000000
-127.544447811926 72.373335938007 0.000000000000 1.000000000000
-102.167052946476 153.301098412763 0.866025403784 0.500000000000
24.399502611398 -30.783553076269 0.866025403784 -0.500000000000
