#Configurational_file created 2018-09-14 13:59:03  started 2018-09-14 13:59:03 run for 0.0s steps 0
name: p_1112
step: 10000
specie: 20
	particle_diameter: 1.0000000000000000
	interaction_length: 1.2000000000000000
	number_of_patches: 3
	number_of_particles_per_compound: 1
	rod_length: 1.0000000000000000
	interaction_matrix:  1.000000 1.000000 1.000000 1.000000 1.000000 1.000000 1.000000 1.000000 1.000000
	patch_type: symmetric
	patch_width: 8.0000000000000000
	patch_angle: 0.0000000000000000
	angles:  0.000000 0.000000 0.000000
	grand_canonical: 0
	chemical_potential: 0.0000000000000000
box: 43.000864 43.000864
copy: 1.000000 1.000000
epsilon: 0.4827590000000000
end_epsilon: 0.0000000000000000
pressure: 0.0172420000000000
lambda: 0.0000000000000000
lambda_coupling: 1.0000000000000000
uy: 0.0000000000000000
maximum_displacement: 1.0000000000000000
maximum_rotation: 1.0000000000000000
maximum_volume: 1.0000000000000000
maximum_shape: 0.0000001000000000
maximum_dsigma: 0.0100000000000000
mod: 10
pmod: 10
optimize: 1
verbose: 1
snapshot: 0
display: 1
explore: 1
npt: 1
nptxy: 0
nptdxdy: 0
shape: 0
seed: 1267135
-162.108246289354 -135.324488135701 0.866025403784 -0.500000000000
150.370004069644 -76.269601591059 0.000000000000 1.000000000000
88.566061781038 261.599317487920 0.000000000000 1.000000000000
-254.271727196948 315.056843402614 0.866025403784 -0.500000000000
171.545131726788 -92.728779796183 0.866025403784 0.500000000000
223.882926797727 11.908370397681 0.866025403784 -0.500000000000
165.569966619241 88.939596260379 0.000000000000 1.000000000000
-216.846043508319 -113.533329576184 0.866025403784 -0.500000000000
88.002019636538 168.156200709113 0.000000000000 1.000000000000
8.879527978616 15.734976270919 0.866025403784 -0.500000000000
156.432972066619 132.569786156692 0.866025403784 -0.500000000000
100.312307306129 188.268710609781 0.000000000000 1.000000000000
-69.732757157199 -132.836692744283 0.866025403784 0.500000000000
22.556456111976 2.528460703407 0.866025403784 0.500000000000
-38.536700803409 68.946378116565 0.866025403784 -0.500000000000
-251.464916072499 8.128230350614 0.866025403784 -0.500000000000
-38.813959618404 182.760672849825 0.000000000000 1.000000000000
-477.931757327272 -11.448854602158 0.866025403784 -0.500000000000
-19.043620329329 -32.892648788347 0.866025403784 -0.500000000000
-349.937827052435 18.787131082766 0.000000000000 1.000000000000
