#Configurational_file created 2018-09-14 13:58:59  started 2018-09-14 13:58:59 run for 0.0s steps 0
name: p_1107
step: 10000
specie: 20
	particle_diameter: 1.0000000000000000
	interaction_length: 1.2000000000000000
	number_of_patches: 3
	number_of_particles_per_compound: 1
	rod_length: 1.0000000000000000
	interaction_matrix:  1.000000 1.000000 1.000000 1.000000 1.000000 1.000000 1.000000 1.000000 1.000000
	patch_type: symmetric
	patch_width: 8.0000000000000000
	patch_angle: 0.0000000000000000
	angles:  0.000000 0.000000 0.000000
	grand_canonical: 0
	chemical_potential: 0.0000000000000000
box: 12.979773 12.979773
copy: 1.000000 1.000000
epsilon: 0.4137940000000000
end_epsilon: 0.0000000000000000
pressure: 0.4482760000000000
lambda: 0.0000000000000000
lambda_coupling: 1.0000000000000000
uy: 0.0000000000000000
maximum_displacement: 1.0000000000000000
maximum_rotation: 1.0000000000000000
maximum_volume: 1.0000000000000000
maximum_shape: 0.0000001000000000
maximum_dsigma: 0.0100000000000000
mod: 10
pmod: 10
optimize: 1
verbose: 1
snapshot: 0
display: 1
explore: 1
npt: 1
nptxy: 0
nptdxdy: 0
shape: 0
seed: 1261450
-64.720686778715 84.016140539270 0.000000000000 1.000000000000
-34.883950981123 221.467185288886 0.000000000000 1.000000000000
143.640685776396 20.002837854040 0.866025403784 -0.500000000000
185.409746514941 -66.496066804550 0.866025403784 -0.500000000000
-23.543090995762 -68.517544400562 0.866025403784 -0.500000000000
-151.939577537235 139.970235599803 0.866025403784 -0.500000000000
-71.157383867238 11.313076525852 0.866025403784 0.500000000000
60.880158820969 17.575067320705 0.866025403784 -0.500000000000
-206.972351051794 39.504645149870 0.000000000000 1.000000000000
-5.404423608874 56.799496703346 0.866025403784 -0.500000000000
135.824900483855 -43.586927412882 0.000000000000 1.000000000000
90.325552923809 78.148067424705 0.000000000000 1.000000000000
102.163803045195 -32.183245203866 0.866025403784 -0.500000000000
53.473539891775 -100.759236812403 0.866025403784 0.500000000000
22.729079653317 112.179112367110 0.000000000000 1.000000000000
95.223507076849 68.901955053302 0.866025403784 -0.500000000000
-77.948326285083 41.108481280043 0.000000000000 1.000000000000
24.893688226443 93.842287462913 0.866025403784 -0.500000000000
71.528417871265 97.287715777742 0.866025403784 -0.500000000000
-70.930716350649 171.791526194094 0.000000000000 1.000000000000
