#Configurational_file created 2018-09-14 13:59:16  started 2018-09-14 13:59:15 run for 1.0s steps 0
name: p_1130
step: 10000
specie: 20
	particle_diameter: 1.0000000000000000
	interaction_length: 1.2000000000000000
	number_of_patches: 3
	number_of_particles_per_compound: 1
	rod_length: 1.0000000000000000
	interaction_matrix:  1.000000 1.000000 1.000000 1.000000 1.000000 1.000000 1.000000 1.000000 1.000000
	patch_type: symmetric
	patch_width: 8.0000000000000000
	patch_angle: 0.0000000000000000
	angles:  0.000000 0.000000 0.000000
	grand_canonical: 0
	chemical_potential: 0.0000000000000000
box: 12.496174 12.496174
copy: 1.000000 1.000000
epsilon: 0.4827590000000000
end_epsilon: 0.0000000000000000
pressure: 0.3275870000000000
lambda: 0.0000000000000000
lambda_coupling: 1.0000000000000000
uy: 0.0000000000000000
maximum_displacement: 1.0000000000000000
maximum_rotation: 1.0000000000000000
maximum_volume: 1.0000000000000000
maximum_shape: 0.0000001000000000
maximum_dsigma: 0.0100000000000000
mod: 10
pmod: 10
optimize: 1
verbose: 1
snapshot: 0
display: 1
explore: 1
npt: 1
nptxy: 0
nptdxdy: 0
shape: 0
seed: 1287601
47.341283884758 -45.195844656674 0.000000000000 1.000000000000
-28.686008999213 81.379491630072 0.866025403784 -0.500000000000
-83.662009636378 65.767724403735 0.000000000000 1.000000000000
-43.337682184628 -22.103809070760 0.866025403784 0.500000000000
76.510301251988 -32.230814122362 0.866025403784 0.500000000000
-48.423361137155 12.613109701679 0.000000000000 1.000000000000
106.699132425176 -88.650915978677 0.866025403784 -0.500000000000
-41.777455341781 -97.559898152342 0.866025403784 -0.500000000000
69.192933918053 -67.525107674240 0.000000000000 1.000000000000
-98.085425192279 -92.602460939555 0.866025403784 0.500000000000
170.969351769706 25.526032567888 0.000000000000 1.000000000000
-37.312386568200 -106.510240557118 0.866025403784 -0.500000000000
-127.947682415055 -0.672180818640 0.866025403784 0.500000000000
89.833316583552 54.368245925036 0.000000000000 1.000000000000
-72.194377430080 -153.279891263936 0.000000000000 1.000000000000
28.546008639816 67.878053543640 0.866025403784 -0.500000000000
-18.246152842412 97.737026094083 0.000000000000 1.000000000000
158.836899971610 -35.443399382381 0.000000000000 1.000000000000
114.686480976446 -51.291489594972 0.000000000000 1.000000000000
-25.270465215805 34.468896030648 0.866025403784 0.500000000000
