#Configurational_file created 2018-09-14 13:59:39  started 2018-09-14 13:59:38 run for 1.0s steps 0
name: p_1161
step: 10000
specie: 20
	particle_diameter: 1.0000000000000000
	interaction_length: 1.2000000000000000
	number_of_patches: 3
	number_of_particles_per_compound: 1
	rod_length: 1.0000000000000000
	interaction_matrix:  1.000000 1.000000 1.000000 1.000000 1.000000 1.000000 1.000000 1.000000 1.000000
	patch_type: symmetric
	patch_width: 8.0000000000000000
	patch_angle: 0.0000000000000000
	angles:  0.000000 0.000000 0.000000
	grand_canonical: 0
	chemical_potential: 0.0000000000000000
box: 12.120916 12.120916
copy: 1.000000 1.000000
epsilon: 0.5517250000000000
end_epsilon: 0.0000000000000000
pressure: 0.3448280000000000
lambda: 0.0000000000000000
lambda_coupling: 1.0000000000000000
uy: 0.0000000000000000
maximum_displacement: 1.0000000000000000
maximum_rotation: 1.0000000000000000
maximum_volume: 1.0000000000000000
maximum_shape: 0.0000001000000000
maximum_dsigma: 0.0100000000000000
mod: 10
pmod: 10
optimize: 1
verbose: 1
snapshot: 0
display: 1
explore: 1
npt: 1
nptxy: 0
nptdxdy: 0
shape: 0
seed: 1322848
144.130004788737 11.389218801312 0.866025403784 -0.500000000000
-75.229572377965 -57.854814053270 0.866025403784 -0.500000000000
-1.838226004602 91.301674122940 0.866025403784 -0.500000000000
-31.236306028371 105.956153476349 0.866025403784 0.500000000000
92.330272617651 149.407380379415 0.866025403784 -0.500000000000
36.930016282292 91.073070728122 0.866025403784 0.500000000000
-130.306168293608 118.091526910538 0.000000000000 1.000000000000
36.983295998947 84.246239487573 0.866025403784 -0.500000000000
46.460461463116 -45.981148113285 0.000000000000 1.000000000000
-24.935181826957 -135.450155892940 0.866025403784 -0.500000000000
155.665248690416 158.780261294100 0.866025403784 0.500000000000
-58.343733265919 -66.061309842005 0.866025403784 0.500000000000
4.759908002732 52.581427168591 0.866025403784 0.500000000000
-60.347530972794 -51.783386564429 0.000000000000 1.000000000000
-20.015651706963 -18.703830745809 0.866025403784 0.500000000000
-82.836742919912 8.264417322652 0.866025403784 0.500000000000
-54.467891255841 -22.291767577113 0.866025403784 0.500000000000
-31.220090853083 10.529025213297 0.000000000000 1.000000000000
14.036171376304 37.281873912552 0.866025403784 0.500000000000
133.123775610927 75.228883917344 0.866025403784 0.500000000000
