#Configurational_file created 2018-09-14 11:36:10  started 2018-09-14 11:36:09 run for 1.0s steps 0
name: p_1119
step: 10000
specie: 20
	particle_diameter: 1.0000000000000000
	interaction_length: 1.2000000000000000
	number_of_patches: 3
	number_of_particles_per_compound: 1
	rod_length: 1.0000000000000000
	interaction_matrix:  1.000000 1.000000 1.000000 1.000000 1.000000 1.000000 1.000000 1.000000 1.000000
	patch_type: symmetric
	patch_width: 8.0000000000000000
	patch_angle: 0.0000000000000000
	angles:  0.000000 0.000000 0.000000
	grand_canonical: 0
	chemical_potential: 0.0000000000000000
box: 7.566502 7.566502
copy: 1.000000 1.000000
epsilon: 0.3958540000000000
end_epsilon: 0.0000000000000000
pressure: 1.5000249999999999
lambda: 0.0000000000000000
lambda_coupling: 1.0000000000000000
uy: 0.0000000000000000
maximum_displacement: 1.0000000000000000
maximum_rotation: 1.0000000000000000
maximum_volume: 0.6661956164726944
maximum_shape: 0.0000001000000000
maximum_dsigma: 0.0100000000000000
mod: 10
pmod: 10
optimize: 1
verbose: 1
snapshot: 0
display: 1
explore: 1
npt: 1
nptxy: 0
nptdxdy: 0
shape: 0
seed: 1275094
73.439105960985 11.751242497973 0.866025403784 0.500000000000
-24.034573500520 87.633484912276 0.866025403784 -0.500000000000
-76.666544816434 77.142285741693 0.000000000000 1.000000000000
119.291154651226 59.541391184494 0.866025403784 -0.500000000000
112.938798395918 57.666310248128 0.000000000000 1.000000000000
19.510653111876 25.300689885064 0.000000000000 1.000000000000
-26.757931138108 30.018820473983 0.000000000000 1.000000000000
-106.137027052750 52.169253410931 0.000000000000 1.000000000000
-21.272958345439 17.738694593036 0.866025403784 -0.500000000000
71.275264543209 -57.427020416060 0.866025403784 0.500000000000
79.214166727559 54.573946872390 0.866025403784 -0.500000000000
22.625267297896 86.180809995905 0.866025403784 -0.500000000000
-37.588063995071 27.666487987613 0.866025403784 -0.500000000000
8.858106905276 -10.855396208550 0.866025403784 -0.500000000000
64.859206092255 74.434666306713 0.000000000000 1.000000000000
-37.558400687743 25.145007828659 0.866025403784 0.500000000000
-97.183434405459 66.387779258819 0.866025403784 0.500000000000
-232.919915344353 -15.679112563240 0.866025403784 0.500000000000
41.747066776296 39.193933613162 0.000000000000 1.000000000000
-118.846573333043 37.559736652956 0.000000000000 1.000000000000
