#Configurational_file created 2018-09-14 12:03:24  started 2018-09-14 12:03:23 run for 1.0s steps 0
name: p_1111
step: 10000
specie: 20
	particle_diameter: 1.0000000000000000
	interaction_length: 1.2000000000000000
	number_of_patches: 3
	number_of_particles_per_compound: 1
	rod_length: 1.0000000000000000
	interaction_matrix:  1.000000 1.000000 1.000000 1.000000 1.000000 1.000000 1.000000 1.000000 1.000000
	patch_type: symmetric
	patch_width: 8.0000000000000000
	patch_angle: 0.0000000000000000
	angles:  0.000000 0.000000 0.000000
	grand_canonical: 0
	chemical_potential: 0.0000000000000000
box: 51.324876 51.324876
copy: 1.000000 1.000000
epsilon: 0.0395840000000000
end_epsilon: 0.0000000000000000
pressure: 0.0416670000000000
lambda: 0.0000000000000000
lambda_coupling: 1.0000000000000000
uy: 0.0000000000000000
maximum_displacement: 1.0000000000000000
maximum_rotation: 1.0000000000000000
maximum_volume: 1.0000000000000000
maximum_shape: 0.0000001000000000
maximum_dsigma: 0.0100000000000000
mod: 10
pmod: 10
optimize: 1
verbose: 1
snapshot: 0
display: 1
explore: 1
npt: 1
nptxy: 0
nptdxdy: 0
shape: 0
seed: 1265998
-145.270263080470 174.104393459670 0.000000000000 1.000000000000
-377.217989512866 123.732966129581 0.866025403784 -0.500000000000
108.141970358344 9.693133491674 0.000000000000 1.000000000000
20.030392170905 -41.691311276784 0.000000000000 1.000000000000
-28.933301979025 -250.407841290359 0.866025403784 0.500000000000
-79.268388213909 152.814122312844 0.866025403784 -0.500000000000
74.490332896863 -172.622930680494 0.000000000000 1.000000000000
-5.659921907499 199.145860798818 0.866025403784 -0.500000000000
103.983822812725 75.549908985337 0.000000000000 1.000000000000
184.063761743892 124.307965969741 0.866025403784 -0.500000000000
-226.553735563063 19.540166184524 0.000000000000 1.000000000000
-82.147770795188 142.870632529191 0.866025403784 -0.500000000000
-91.925598037588 272.912442245693 0.866025403784 -0.500000000000
126.113942450560 128.911639217648 0.000000000000 1.000000000000
127.935951852222 2.233175028519 0.000000000000 1.000000000000
-256.326246368869 195.280693712626 0.866025403784 0.500000000000
326.435402030709 140.012708553066 0.866025403784 -0.500000000000
-90.560731475897 -20.054838444276 0.866025403784 0.500000000000
-306.822429594635 -24.662543311353 0.866025403784 -0.500000000000
-289.265203991263 123.360146154409 0.866025403784 0.500000000000
