#Configurational_file created 2018-09-14 13:59:09  started 2018-09-14 13:59:09 run for 0.0s steps 0
name: p_1121
step: 10000
specie: 20
	particle_diameter: 1.0000000000000000
	interaction_length: 1.2000000000000000
	number_of_patches: 3
	number_of_particles_per_compound: 1
	rod_length: 1.0000000000000000
	interaction_matrix:  1.000000 1.000000 1.000000 1.000000 1.000000 1.000000 1.000000 1.000000 1.000000
	patch_type: symmetric
	patch_width: 8.0000000000000000
	patch_angle: 0.0000000000000000
	angles:  0.000000 0.000000 0.000000
	grand_canonical: 0
	chemical_potential: 0.0000000000000000
box: 21.591619 21.591619
copy: 1.000000 1.000000
epsilon: 0.4827590000000000
end_epsilon: 0.0000000000000000
pressure: 0.1724140000000000
lambda: 0.0000000000000000
lambda_coupling: 1.0000000000000000
uy: 0.0000000000000000
maximum_displacement: 1.0000000000000000
maximum_rotation: 1.0000000000000000
maximum_volume: 1.0000000000000000
maximum_shape: 0.0000001000000000
maximum_dsigma: 0.0100000000000000
mod: 10
pmod: 10
optimize: 1
verbose: 1
snapshot: 0
display: 1
explore: 1
npt: 1
nptxy: 0
nptdxdy: 0
shape: 0
seed: 1277368
94.208932297587 -119.690316285489 0.866025403784 -0.500000000000
-84.810542155784 96.440875560453 0.000000000000 1.000000000000
-256.103386582677 150.326553086095 0.000000000000 1.000000000000
-149.207250422849 275.911328968381 0.000000000000 1.000000000000
-25.058226222358 -92.424727291710 0.866025403784 -0.500000000000
10.759402734681 -56.132983974068 0.866025403784 0.500000000000
-75.243114942079 112.333988568673 0.000000000000 1.000000000000
-10.118031952656 -51.656547175171 0.000000000000 1.000000000000
-101.906678185627 -46.786380942153 0.866025403784 -0.500000000000
-105.337760627055 110.382168943119 0.866025403784 0.500000000000
79.696888569671 -58.306845006330 0.866025403784 -0.500000000000
107.733272211447 -74.407293157390 0.866025403784 0.500000000000
-266.979506051832 -96.615159064286 0.000000000000 1.000000000000
-120.293945975660 -185.278241039901 0.866025403784 -0.500000000000
-104.123109121939 -125.312253264326 0.866025403784 0.500000000000
-85.254142297261 -51.889778644418 0.000000000000 1.000000000000
-160.416017304119 164.456300389747 0.866025403784 -0.500000000000
-201.893164572444 -87.255130155933 0.866025403784 -0.500000000000
-54.959513917124 108.406277184525 0.866025403784 0.500000000000
-47.977107410519 29.688793852040 0.866025403784 0.500000000000
