#Configurational_file created 2018-09-14 12:03:35  started 2018-09-14 12:03:34 run for 1.0s steps 0
name: p_1127
step: 10000
specie: 20
	particle_diameter: 1.0000000000000000
	interaction_length: 1.2000000000000000
	number_of_patches: 3
	number_of_particles_per_compound: 1
	rod_length: 1.0000000000000000
	interaction_matrix:  1.000000 1.000000 1.000000 1.000000 1.000000 1.000000 1.000000 1.000000 1.000000
	patch_type: symmetric
	patch_width: 8.0000000000000000
	patch_angle: 0.0000000000000000
	angles:  0.000000 0.000000 0.000000
	grand_canonical: 0
	chemical_potential: 0.0000000000000000
box: 54.329216 54.329216
copy: 1.000000 1.000000
epsilon: 0.0416670000000000
end_epsilon: 0.0000000000000000
pressure: 0.0041680000000000
lambda: 0.0000000000000000
lambda_coupling: 1.0000000000000000
uy: 0.0000000000000000
maximum_displacement: 1.0000000000000000
maximum_rotation: 1.0000000000000000
maximum_volume: 1.0000000000000000
maximum_shape: 0.0000001000000000
maximum_dsigma: 0.0100000000000000
mod: 10
pmod: 10
optimize: 1
verbose: 1
snapshot: 0
display: 1
explore: 1
npt: 1
nptxy: 0
nptdxdy: 0
shape: 0
seed: 1284190
218.088324141959 -177.981048110412 0.866025403784 -0.500000000000
184.543029896824 181.420323735520 0.866025403784 0.500000000000
-622.120570250831 19.192796851182 0.000000000000 1.000000000000
-341.540926705062 198.007875638430 0.000000000000 1.000000000000
-18.942036295265 -24.884826644610 0.000000000000 1.000000000000
152.060515953971 -266.456226533323 0.866025403784 -0.500000000000
-167.835257033810 -268.404397473688 0.000000000000 1.000000000000
204.397958677927 55.764929319489 0.866025403784 0.500000000000
-223.181540097223 -160.253400839772 0.000000000000 1.000000000000
158.709244549118 155.787019859428 0.000000000000 1.000000000000
16.953750267079 -150.459870659824 0.866025403784 -0.500000000000
-116.870490003306 355.296712109786 0.000000000000 1.000000000000
7.559647894033 44.992455145195 0.000000000000 1.000000000000
-241.459496395551 0.629408769123 0.866025403784 -0.500000000000
69.401916812231 340.753422429915 0.866025403784 0.500000000000
-40.514821688079 40.578884001006 0.866025403784 -0.500000000000
-172.297968485417 -152.606695542663 0.000000000000 1.000000000000
165.633743248633 -295.256354419961 0.866025403784 0.500000000000
-252.514718538762 -150.225438441104 0.866025403784 -0.500000000000
202.913264649725 -173.462410441885 0.000000000000 1.000000000000
