#Configurational_file created 2018-09-14 12:03:34  started 2018-09-14 12:03:33 run for 1.0s steps 0
name: p_1125
step: 10000
specie: 20
	particle_diameter: 1.0000000000000000
	interaction_length: 1.2000000000000000
	number_of_patches: 3
	number_of_particles_per_compound: 1
	rod_length: 1.0000000000000000
	interaction_matrix:  1.000000 1.000000 1.000000 1.000000 1.000000 1.000000 1.000000 1.000000 1.000000
	patch_type: symmetric
	patch_width: 8.0000000000000000
	patch_angle: 0.0000000000000000
	angles:  0.000000 0.000000 0.000000
	grand_canonical: 0
	chemical_potential: 0.0000000000000000
box: 41.489839 41.489839
copy: 1.000000 1.000000
epsilon: 0.0395840000000000
end_epsilon: 0.0000000000000000
pressure: 0.1000000000000000
lambda: 0.0000000000000000
lambda_coupling: 1.0000000000000000
uy: 0.0000000000000000
maximum_displacement: 1.0000000000000000
maximum_rotation: 1.0000000000000000
maximum_volume: 1.0000000000000000
maximum_shape: 0.0000001000000000
maximum_dsigma: 0.0100000000000000
mod: 10
pmod: 10
optimize: 1
verbose: 1
snapshot: 0
display: 1
explore: 1
npt: 1
nptxy: 0
nptdxdy: 0
shape: 0
seed: 1281916
-84.677657014231 -111.208462544113 0.000000000000 1.000000000000
24.945766925079 -8.749759324306 0.000000000000 1.000000000000
234.511596749124 151.619916536471 0.000000000000 1.000000000000
-118.145283284415 -281.425447446836 0.000000000000 1.000000000000
239.450648918021 276.460810301317 0.866025403784 0.500000000000
136.451946255435 -42.794750269117 0.866025403784 0.500000000000
341.309061055260 -79.124926792614 0.866025403784 -0.500000000000
-283.923183895510 70.476270528086 0.866025403784 -0.500000000000
-171.821670582582 115.222640302066 0.000000000000 1.000000000000
-185.123619015267 -138.065260295505 0.866025403784 0.500000000000
250.051238112604 -93.662108956775 0.866025403784 -0.500000000000
-90.880470875430 47.322342812611 0.866025403784 0.500000000000
-133.713502150215 -123.203168445836 0.866025403784 0.500000000000
-30.598451366053 -111.737824078018 0.866025403784 -0.500000000000
35.068763569208 182.863786075283 0.866025403784 -0.500000000000
106.582316787414 88.927299009018 0.000000000000 1.000000000000
-227.500128063299 -254.225967855597 0.866025403784 0.500000000000
-237.187986378775 47.040983249939 0.866025403784 -0.500000000000
-191.659400972051 276.183374352827 0.866025403784 -0.500000000000
310.073249082565 173.634050966726 0.866025403784 0.500000000000
