#Configurational_file created 2018-09-14 11:36:32  started 2018-09-14 11:36:31 run for 1.0s steps 0
name: p_1145
step: 10000
specie: 20
	particle_diameter: 1.0000000000000000
	interaction_length: 1.2000000000000000
	number_of_patches: 3
	number_of_particles_per_compound: 1
	rod_length: 1.0000000000000000
	interaction_matrix:  1.000000 1.000000 1.000000 1.000000 1.000000 1.000000 1.000000 1.000000 1.000000
	patch_type: symmetric
	patch_width: 8.0000000000000000
	patch_angle: 0.0000000000000000
	angles:  0.000000 0.000000 0.000000
	grand_canonical: 0
	chemical_potential: 0.0000000000000000
box: 7.863162 7.863162
copy: 1.000000 1.000000
epsilon: 0.4166830000000000
end_epsilon: 0.0000000000000000
pressure: 1.5833539999999999
lambda: 0.0000000000000000
lambda_coupling: 1.0000000000000000
uy: 0.0000000000000000
maximum_displacement: 1.0000000000000000
maximum_rotation: 1.0000000000000000
maximum_volume: 0.5283383674090458
maximum_shape: 0.0000001000000000
maximum_dsigma: 0.0100000000000000
mod: 10
pmod: 10
optimize: 1
verbose: 1
snapshot: 0
display: 1
explore: 1
npt: 1
nptxy: 0
nptdxdy: 0
shape: 0
seed: 1304656
29.297174407107 2.194221383049 0.000000000000 1.000000000000
-144.361349574318 46.023855049962 0.000000000000 1.000000000000
17.641596249623 -37.800730140442 0.000000000000 1.000000000000
-80.221345743954 -23.550385902288 0.866025403784 -0.500000000000
7.602012720766 13.201230973853 0.866025403784 0.500000000000
4.158969315158 46.070894343743 0.866025403784 -0.500000000000
-109.607653013575 80.883775503184 0.866025403784 -0.500000000000
-7.279499186147 -71.246740624490 0.866025403784 0.500000000000
149.542059704470 32.328847127117 0.866025403784 0.500000000000
11.455205964483 18.620237974357 0.000000000000 1.000000000000
56.780055948530 65.223442784215 0.866025403784 0.500000000000
-36.837954592654 -64.295466359758 0.866025403784 -0.500000000000
75.643116689000 -14.512325074454 0.866025403784 -0.500000000000
-72.491871999184 20.792978532902 0.866025403784 -0.500000000000
-103.302508641316 19.834384290429 0.866025403784 0.500000000000
11.200839690009 -13.819103364336 0.000000000000 1.000000000000
-8.243792393459 -24.074671403646 0.866025403784 -0.500000000000
-92.182352522462 90.007458669887 0.000000000000 1.000000000000
-12.409637800973 90.963928093116 0.000000000000 1.000000000000
6.079465858101 14.690306380233 0.866025403784 -0.500000000000
