#Configurational_file created 2018-09-14 11:36:41  started 2018-09-14 11:36:41 run for 0.0s steps 0
name: p_1156
step: 10000
specie: 20
	particle_diameter: 1.0000000000000000
	interaction_length: 1.2000000000000000
	number_of_patches: 3
	number_of_particles_per_compound: 1
	rod_length: 1.0000000000000000
	interaction_matrix:  1.000000 1.000000 1.000000 1.000000 1.000000 1.000000 1.000000 1.000000 1.000000
	patch_type: symmetric
	patch_width: 8.0000000000000000
	patch_angle: 0.0000000000000000
	angles:  0.000000 0.000000 0.000000
	grand_canonical: 0
	chemical_potential: 0.0000000000000000
box: 10.647528 10.647528
copy: 1.000000 1.000000
epsilon: 0.4375120000000000
end_epsilon: 0.0000000000000000
pressure: 0.4167460000000000
lambda: 0.0000000000000000
lambda_coupling: 1.0000000000000000
uy: 0.0000000000000000
maximum_displacement: 1.0000000000000000
maximum_rotation: 1.0000000000000000
maximum_volume: 1.0000000000000000
maximum_shape: 0.0000001000000000
maximum_dsigma: 0.0100000000000000
mod: 10
pmod: 10
optimize: 1
verbose: 1
snapshot: 0
display: 1
explore: 1
npt: 1
nptxy: 0
nptdxdy: 0
shape: 0
seed: 1317163
-27.975009048716 26.592258689015 0.866025403784 0.500000000000
20.952368024344 -109.342813284295 0.866025403784 0.500000000000
53.380409397289 -94.418029168365 0.866025403784 -0.500000000000
-95.079465171203 -79.688592544398 0.866025403784 0.500000000000
-28.889139798725 -61.162620361606 0.866025403784 -0.500000000000
22.983538824253 -17.244831715443 0.000000000000 1.000000000000
66.487297679864 72.016991898590 0.866025403784 -0.500000000000
165.071440218304 -94.566305434263 0.000000000000 1.000000000000
-43.391068116366 67.463752398879 0.866025403784 -0.500000000000
-11.218240604353 -90.749592414764 0.866025403784 0.500000000000
46.949823820250 -129.442250816346 0.000000000000 1.000000000000
-150.621093700294 -42.580436508601 0.866025403784 0.500000000000
19.248757479567 16.618186425207 0.866025403784 0.500000000000
36.030809679282 -50.833329777285 0.866025403784 0.500000000000
62.659696422260 84.000212983302 0.000000000000 1.000000000000
90.893396839237 9.485011576814 0.000000000000 1.000000000000
28.164791029098 -6.896436816851 0.866025403784 -0.500000000000
37.563035441496 3.632745024777 0.866025403784 -0.500000000000
-46.100160554702 131.526118555902 0.000000000000 1.000000000000
-139.239485588169 48.882179917606 0.866025403784 -0.500000000000
