#Configurational_file created 2018-09-14 13:58:57  started 2018-09-14 13:58:56 run for 1.0s steps 0
name: p_1104
step: 10000
specie: 20
	particle_diameter: 1.0000000000000000
	interaction_length: 1.2000000000000000
	number_of_patches: 3
	number_of_particles_per_compound: 1
	rod_length: 1.0000000000000000
	interaction_matrix:  1.000000 1.000000 1.000000 1.000000 1.000000 1.000000 1.000000 1.000000 1.000000
	patch_type: symmetric
	patch_width: 8.0000000000000000
	patch_angle: 0.0000000000000000
	angles:  0.000000 0.000000 0.000000
	grand_canonical: 0
	chemical_potential: 0.0000000000000000
box: 12.279802 12.279802
copy: 1.000000 1.000000
epsilon: 0.4137940000000000
end_epsilon: 0.0000000000000000
pressure: 0.3965520000000000
lambda: 0.0000000000000000
lambda_coupling: 1.0000000000000000
uy: 0.0000000000000000
maximum_displacement: 1.0000000000000000
maximum_rotation: 1.0000000000000000
maximum_volume: 1.0000000000000000
maximum_shape: 0.0000001000000000
maximum_dsigma: 0.0100000000000000
mod: 10
pmod: 10
optimize: 1
verbose: 1
snapshot: 0
display: 1
explore: 1
npt: 1
nptxy: 0
nptdxdy: 0
shape: 0
seed: 1258039
-35.542366908158 -113.520455369731 0.866025403784 -0.500000000000
-99.230354231438 101.107727902364 0.000000000000 1.000000000000
5.272564300326 66.399619639902 0.866025403784 0.500000000000
-48.838190236361 60.667846054381 0.866025403784 0.500000000000
-154.082767337985 -159.889625894840 0.000000000000 1.000000000000
-6.674125767651 205.834368958311 0.866025403784 -0.500000000000
51.738555203063 80.774244429234 0.866025403784 -0.500000000000
-113.514334830485 51.228113872505 0.866025403784 -0.500000000000
-189.254166333083 -129.501648188381 0.866025403784 -0.500000000000
-2.796699579626 -48.838355124457 0.866025403784 0.500000000000
69.180493312005 -21.221387819555 0.000000000000 1.000000000000
-27.078516010700 58.270291230647 0.866025403784 0.500000000000
47.198565000230 105.593487832063 0.000000000000 1.000000000000
157.467434185231 48.343203817957 0.866025403784 0.500000000000
-52.303639684645 130.028878550343 0.866025403784 0.500000000000
65.207076915782 95.503712637211 0.866025403784 -0.500000000000
19.040567259606 -57.776362999808 0.000000000000 1.000000000000
-32.698421393530 50.008550889306 0.866025403784 0.500000000000
-73.271421893424 114.497134001731 0.866025403784 -0.500000000000
118.369845520229 10.491651956080 0.866025403784 0.500000000000
