#Configurational_file created 2018-09-14 14:00:02  started 2018-09-14 14:00:02 run for 0.0s steps 0
name: p_1193
step: 10000
specie: 20
	particle_diameter: 1.0000000000000000
	interaction_length: 1.2000000000000000
	number_of_patches: 3
	number_of_particles_per_compound: 1
	rod_length: 1.0000000000000000
	interaction_matrix:  1.000000 1.000000 1.000000 1.000000 1.000000 1.000000 1.000000 1.000000 1.000000
	patch_type: symmetric
	patch_width: 8.0000000000000000
	patch_angle: 0.0000000000000000
	angles:  0.000000 0.000000 0.000000
	grand_canonical: 0
	chemical_potential: 0.0000000000000000
box: 11.746995 11.746995
copy: 1.000000 1.000000
epsilon: 0.6206900000000000
end_epsilon: 0.0000000000000000
pressure: 0.3793110000000000
lambda: 0.0000000000000000
lambda_coupling: 1.0000000000000000
uy: 0.0000000000000000
maximum_displacement: 1.0000000000000000
maximum_rotation: 1.0000000000000000
maximum_volume: 1.0000000000000000
maximum_shape: 0.0000001000000000
maximum_dsigma: 0.0100000000000000
mod: 10
pmod: 10
optimize: 1
verbose: 1
snapshot: 0
display: 1
explore: 1
npt: 1
nptxy: 0
nptdxdy: 0
shape: 0
seed: 1359232
-79.524788104621 -26.399229383954 0.866025403784 0.500000000000
125.993985508023 -183.029337101983 0.866025403784 -0.500000000000
45.841856207220 48.934981803825 0.866025403784 -0.500000000000
66.741306312513 13.519135563372 0.866025403784 0.500000000000
16.327924448876 108.375103707266 0.000000000000 1.000000000000
-95.973956541219 83.390858464106 0.866025403784 0.500000000000
-159.249754232691 46.265044602471 0.866025403784 0.500000000000
-43.956521200633 -18.932650341743 0.866025403784 -0.500000000000
-80.085837836895 -51.938014687750 0.866025403784 -0.500000000000
-39.196638506701 34.425801971742 0.866025403784 -0.500000000000
163.628991431163 -183.676608046108 0.866025403784 -0.500000000000
49.479549978131 -34.439460310664 0.866025403784 0.500000000000
15.897502522217 -1.533036907899 0.866025403784 -0.500000000000
-69.586580374313 -11.270144330313 0.866025403784 -0.500000000000
-76.253296508079 130.986891739089 0.866025403784 0.500000000000
-14.917865924755 -102.257408613135 0.866025403784 0.500000000000
4.671151443504 44.269296861183 0.866025403784 -0.500000000000
-41.314898037357 43.980482343056 0.000000000000 1.000000000000
53.547823703768 7.313133185894 0.866025403784 0.500000000000
94.262097823980 -36.713311221927 0.000000000000 1.000000000000
