#Configurational_file created 2018-09-14 13:59:28  started 2018-09-14 13:59:28 run for 0.0s steps 0
name: p_1147
step: 10000
specie: 20
	particle_diameter: 1.0000000000000000
	interaction_length: 1.2000000000000000
	number_of_patches: 3
	number_of_particles_per_compound: 1
	rod_length: 1.0000000000000000
	interaction_matrix:  1.000000 1.000000 1.000000 1.000000 1.000000 1.000000 1.000000 1.000000 1.000000
	patch_type: symmetric
	patch_width: 8.0000000000000000
	patch_angle: 0.0000000000000000
	angles:  0.000000 0.000000 0.000000
	grand_canonical: 0
	chemical_potential: 0.0000000000000000
box: 20.525512 20.525512
copy: 1.000000 1.000000
epsilon: 0.5517250000000000
end_epsilon: 0.0000000000000000
pressure: 0.1034490000000000
lambda: 0.0000000000000000
lambda_coupling: 1.0000000000000000
uy: 0.0000000000000000
maximum_displacement: 1.0000000000000000
maximum_rotation: 1.0000000000000000
maximum_volume: 1.0000000000000000
maximum_shape: 0.0000001000000000
maximum_dsigma: 0.0100000000000000
mod: 10
pmod: 10
optimize: 1
verbose: 1
snapshot: 0
display: 1
explore: 1
npt: 1
nptxy: 0
nptdxdy: 0
shape: 0
seed: 1306930
89.635101990402 -115.463737482149 0.866025403784 -0.500000000000
132.543422727736 -113.211846624346 0.866025403784 0.500000000000
-55.839180681602 110.828199823242 0.000000000000 1.000000000000
-37.019930508018 31.471287905122 0.000000000000 1.000000000000
37.986326145357 -120.523326275616 0.000000000000 1.000000000000
-131.170751152677 -193.949212932829 0.000000000000 1.000000000000
-60.309303353782 -146.067044476158 0.866025403784 -0.500000000000
-44.141387750872 -88.605754625640 0.000000000000 1.000000000000
-86.954634306669 130.508229238677 0.866025403784 -0.500000000000
-24.238480340548 -80.271339089674 0.866025403784 -0.500000000000
-74.583118396295 -107.902151459359 0.866025403784 0.500000000000
-167.070960732400 69.271284715074 0.000000000000 1.000000000000
-104.147410095079 93.552561742889 0.866025403784 -0.500000000000
-31.201097332215 -78.649217914163 0.866025403784 0.500000000000
-49.285553137962 -109.239690309648 0.866025403784 -0.500000000000
80.335653099755 17.579358601502 0.866025403784 -0.500000000000
330.646159282749 -69.832724419907 0.866025403784 -0.500000000000
179.335643719557 -86.456789823744 0.000000000000 1.000000000000
193.278580013006 -118.736920407042 0.000000000000 1.000000000000
82.210821311967 -42.492684647272 0.866025403784 0.500000000000
