#Configurational_file created 2018-09-14 12:03:51  started 2018-09-14 12:03:50 run for 1.0s steps 0
name: p_1149
step: 10000
specie: 20
	particle_diameter: 1.0000000000000000
	interaction_length: 1.2000000000000000
	number_of_patches: 3
	number_of_particles_per_compound: 1
	rod_length: 1.0000000000000000
	interaction_matrix:  1.000000 1.000000 1.000000 1.000000 1.000000 1.000000 1.000000 1.000000 1.000000
	patch_type: symmetric
	patch_width: 8.0000000000000000
	patch_angle: 0.0000000000000000
	angles:  0.000000 0.000000 0.000000
	grand_canonical: 0
	chemical_potential: 0.0000000000000000
box: 53.291055 53.291055
copy: 1.000000 1.000000
epsilon: 0.0416670000000000
end_epsilon: 0.0000000000000000
pressure: 0.0958330000000000
lambda: 0.0000000000000000
lambda_coupling: 1.0000000000000000
uy: 0.0000000000000000
maximum_displacement: 1.0000000000000000
maximum_rotation: 1.0000000000000000
maximum_volume: 1.0000000000000000
maximum_shape: 0.0000001000000000
maximum_dsigma: 0.0100000000000000
mod: 10
pmod: 10
optimize: 1
verbose: 1
snapshot: 0
display: 1
explore: 1
npt: 1
nptxy: 0
nptdxdy: 0
shape: 0
seed: 1309204
153.098229171057 156.710149540066 0.866025403784 0.500000000000
337.170119667646 18.384753588874 0.866025403784 0.500000000000
69.430343252428 241.347546157523 0.866025403784 -0.500000000000
216.724985972431 121.894720580508 0.866025403784 -0.500000000000
74.365968219602 -221.258129941956 0.866025403784 0.500000000000
-235.532152309852 -304.512729186160 0.866025403784 0.500000000000
142.194883563983 -119.772658017467 0.000000000000 1.000000000000
49.640112102516 284.585539448788 0.000000000000 1.000000000000
-26.427311399971 -110.850397725888 0.866025403784 0.500000000000
60.555358429353 -179.520789813262 0.866025403784 -0.500000000000
-73.893260054366 179.375889296207 0.000000000000 1.000000000000
-453.120132573960 26.606241839415 0.000000000000 1.000000000000
58.470452991578 147.915871409276 0.866025403784 0.500000000000
204.307645823302 43.281433121561 0.866025403784 -0.500000000000
-27.842668650087 -57.605118042332 0.866025403784 0.500000000000
141.836993073661 117.226873256122 0.866025403784 -0.500000000000
-139.297256146460 367.113385492658 0.866025403784 -0.500000000000
70.605166625443 -99.139914759433 0.866025403784 0.500000000000
-10.996987606990 10.890270733589 0.000000000000 1.000000000000
121.631665799397 -80.262918841375 0.866025403784 0.500000000000
