#Configurational_file created 2018-09-14 12:03:54  started 2018-09-14 12:03:53 run for 1.0s steps 0
name: p_1153
step: 10000
specie: 20
	particle_diameter: 1.0000000000000000
	interaction_length: 1.2000000000000000
	number_of_patches: 3
	number_of_particles_per_compound: 1
	rod_length: 1.0000000000000000
	interaction_matrix:  1.000000 1.000000 1.000000 1.000000 1.000000 1.000000 1.000000 1.000000 1.000000
	patch_type: symmetric
	patch_width: 8.0000000000000000
	patch_angle: 0.0000000000000000
	angles:  0.000000 0.000000 0.000000
	grand_canonical: 0
	chemical_potential: 0.0000000000000000
box: 45.070935 45.070935
copy: 1.000000 1.000000
epsilon: 0.0437500000000000
end_epsilon: 0.0000000000000000
pressure: 0.0083340000000000
lambda: 0.0000000000000000
lambda_coupling: 1.0000000000000000
uy: 0.0000000000000000
maximum_displacement: 1.0000000000000000
maximum_rotation: 1.0000000000000000
maximum_volume: 1.0000000000000000
maximum_shape: 0.0000001000000000
maximum_dsigma: 0.0100000000000000
mod: 10
pmod: 10
optimize: 1
verbose: 1
snapshot: 0
display: 1
explore: 1
npt: 1
nptxy: 0
nptdxdy: 0
shape: 0
seed: 1313752
283.757687677700 -71.461577270150 0.000000000000 1.000000000000
4.202327919849 -291.824025639588 0.866025403784 -0.500000000000
-313.375992075076 -160.010176227380 0.000000000000 1.000000000000
-305.729162821072 -174.986683066436 0.866025403784 -0.500000000000
-359.356714121602 -26.345424333807 0.866025403784 -0.500000000000
38.228169709942 266.449869724774 0.000000000000 1.000000000000
-114.112084245388 -57.905833098576 0.866025403784 0.500000000000
-118.508622688885 10.195997761775 0.866025403784 0.500000000000
-41.692105283707 130.460864077163 0.000000000000 1.000000000000
236.634019388437 331.235404369479 0.866025403784 0.500000000000
137.760011222810 69.426168423342 0.000000000000 1.000000000000
-85.590626166688 226.857051239434 0.866025403784 -0.500000000000
5.838255546575 24.970248985909 0.866025403784 0.500000000000
235.518384368017 -109.404401533222 0.866025403784 0.500000000000
-103.986904153047 156.246064484337 0.000000000000 1.000000000000
-20.713360081868 138.770470546042 0.000000000000 1.000000000000
-92.119381623119 95.238129065067 0.000000000000 1.000000000000
-405.128004907767 201.996106855767 0.866025403784 0.500000000000
-415.886325510775 31.040598592545 0.866025403784 -0.500000000000
28.074035502607 249.717778730141 0.866025403784 -0.500000000000
