#Configurational_file created 2018-09-14 12:03:55  started 2018-09-14 12:03:55 run for 0.0s steps 0
name: p_1155
step: 10000
specie: 20
	particle_diameter: 1.0000000000000000
	interaction_length: 1.2000000000000000
	number_of_patches: 3
	number_of_particles_per_compound: 1
	rod_length: 1.0000000000000000
	interaction_matrix:  1.000000 1.000000 1.000000 1.000000 1.000000 1.000000 1.000000 1.000000 1.000000
	patch_type: symmetric
	patch_width: 8.0000000000000000
	patch_angle: 0.0000000000000000
	angles:  0.000000 0.000000 0.000000
	grand_canonical: 0
	chemical_potential: 0.0000000000000000
box: 40.985183 40.985183
copy: 1.000000 1.000000
epsilon: 0.0437500000000000
end_epsilon: 0.0000000000000000
pressure: 0.0166680000000000
lambda: 0.0000000000000000
lambda_coupling: 1.0000000000000000
uy: 0.0000000000000000
maximum_displacement: 1.0000000000000000
maximum_rotation: 1.0000000000000000
maximum_volume: 1.0000000000000000
maximum_shape: 0.0000001000000000
maximum_dsigma: 0.0100000000000000
mod: 10
pmod: 10
optimize: 1
verbose: 1
snapshot: 0
display: 1
explore: 1
npt: 1
nptxy: 0
nptdxdy: 0
shape: 0
seed: 1316026
-75.880409963585 -216.491048525248 0.866025403784 0.500000000000
12.519040422703 9.428402671213 0.866025403784 -0.500000000000
-12.174014116396 -91.293489323046 0.000000000000 1.000000000000
32.996415649402 -42.753187715729 0.000000000000 1.000000000000
-162.047113755395 -13.451929157319 0.866025403784 -0.500000000000
8.544384213138 106.791129812055 0.866025403784 -0.500000000000
185.275312230608 -261.122630477481 0.866025403784 0.500000000000
-49.764423742587 -185.940545235183 0.000000000000 1.000000000000
-19.461583017140 -59.675002246151 0.866025403784 0.500000000000
-7.753516735790 -13.450647152807 0.866025403784 -0.500000000000
147.357187678352 -105.123016627640 0.000000000000 1.000000000000
310.076933019373 -290.799318800405 0.000000000000 1.000000000000
-60.992652339411 -44.342223875484 0.000000000000 1.000000000000
95.502065586483 45.559993988704 0.866025403784 0.500000000000
5.861249370683 -34.310016156632 0.866025403784 0.500000000000
101.327237634292 63.158263767673 0.866025403784 0.500000000000
-75.231077155230 -8.072943213817 0.000000000000 1.000000000000
2.608806809567 45.254633638485 0.000000000000 1.000000000000
124.739140340460 11.186857678926 0.866025403784 -0.500000000000
-137.976239797021 -45.928734027993 0.866025403784 -0.500000000000
