#Configurational_file created 2018-09-14 11:36:04  started 2018-09-14 11:36:03 run for 1.0s steps 0
name: p_1113
step: 10000
specie: 20
	particle_diameter: 1.0000000000000000
	interaction_length: 1.2000000000000000
	number_of_patches: 3
	number_of_particles_per_compound: 1
	rod_length: 1.0000000000000000
	interaction_matrix:  1.000000 1.000000 1.000000 1.000000 1.000000 1.000000 1.000000 1.000000 1.000000
	patch_type: symmetric
	patch_width: 8.0000000000000000
	patch_angle: 0.0000000000000000
	angles:  0.000000 0.000000 0.000000
	grand_canonical: 0
	chemical_potential: 0.0000000000000000
box: 8.895152 8.895152
copy: 1.000000 1.000000
epsilon: 0.3958540000000000
end_epsilon: 0.0000000000000000
pressure: 1.0000500000000001
lambda: 0.0000000000000000
lambda_coupling: 1.0000000000000000
uy: 0.0000000000000000
maximum_displacement: 1.0000000000000000
maximum_rotation: 1.0000000000000000
maximum_volume: 0.8897664000000000
maximum_shape: 0.0000001000000000
maximum_dsigma: 0.0100000000000000
mod: 10
pmod: 10
optimize: 1
verbose: 1
snapshot: 0
display: 1
explore: 1
npt: 1
nptxy: 0
nptdxdy: 0
shape: 0
seed: 1268272
50.264184720500 105.339030177698 0.000000000000 1.000000000000
74.524741624595 0.048778461369 0.866025403784 -0.500000000000
21.237717709241 -42.682070743878 0.000000000000 1.000000000000
57.221001744025 -22.661756245876 0.866025403784 -0.500000000000
-76.075474406832 34.738354709325 0.866025403784 0.500000000000
-22.321238202359 -94.665135985723 0.866025403784 0.500000000000
34.154723044890 -61.010687148786 0.866025403784 -0.500000000000
7.116925567402 121.308595556218 0.866025403784 -0.500000000000
-34.862231234846 41.782828106803 0.000000000000 1.000000000000
87.891242655959 35.215733828572 0.866025403784 -0.500000000000
25.559919328308 -75.257525807689 0.866025403784 -0.500000000000
-73.418962913481 -18.007815604165 0.866025403784 0.500000000000
-12.017635674064 110.565235703599 0.000000000000 1.000000000000
70.564656637690 -77.528966848796 0.866025403784 -0.500000000000
-5.033510503805 76.581455512784 0.866025403784 -0.500000000000
-3.719250622472 41.406145461205 0.866025403784 -0.500000000000
-82.653967049508 46.525392032759 0.866025403784 0.500000000000
19.713567303146 22.427759189500 0.000000000000 1.000000000000
63.905492343601 -61.018803544417 0.866025403784 0.500000000000
20.864646088876 2.941933407705 0.866025403784 -0.500000000000
