#Configurational_file created 2018-09-14 12:03:18  started 2018-09-14 12:03:17 run for 1.0s steps 0
name: p_1103
step: 10000
specie: 20
	particle_diameter: 1.0000000000000000
	interaction_length: 1.2000000000000000
	number_of_patches: 3
	number_of_particles_per_compound: 1
	rod_length: 1.0000000000000000
	interaction_matrix:  1.000000 1.000000 1.000000 1.000000 1.000000 1.000000 1.000000 1.000000 1.000000
	patch_type: symmetric
	patch_width: 8.0000000000000000
	patch_angle: 0.0000000000000000
	angles:  0.000000 0.000000 0.000000
	grand_canonical: 0
	chemical_potential: 0.0000000000000000
box: 53.582948 53.582948
copy: 1.000000 1.000000
epsilon: 0.0395840000000000
end_epsilon: 0.0000000000000000
pressure: 0.0083340000000000
lambda: 0.0000000000000000
lambda_coupling: 1.0000000000000000
uy: 0.0000000000000000
maximum_displacement: 1.0000000000000000
maximum_rotation: 1.0000000000000000
maximum_volume: 1.0000000000000000
maximum_shape: 0.0000001000000000
maximum_dsigma: 0.0100000000000000
mod: 10
pmod: 10
optimize: 1
verbose: 1
snapshot: 0
display: 1
explore: 1
npt: 1
nptxy: 0
nptdxdy: 0
shape: 0
seed: 1256902
-24.783286669374 101.315351578100 0.866025403784 0.500000000000
19.314270626276 138.936177262200 0.866025403784 0.500000000000
63.715140643348 242.908387184691 0.866025403784 -0.500000000000
-115.833968293398 198.451165250848 0.866025403784 -0.500000000000
144.454334289414 149.253963884728 0.866025403784 -0.500000000000
122.382290475313 94.475058714899 0.000000000000 1.000000000000
108.412880232770 -313.465431925176 0.000000000000 1.000000000000
64.341015496359 309.705754485989 0.866025403784 -0.500000000000
19.947208492627 409.006400060263 0.866025403784 -0.500000000000
-5.028882828880 145.643819359378 0.000000000000 1.000000000000
239.429201309750 63.139301721172 0.000000000000 1.000000000000
14.000612377949 150.901945562428 0.866025403784 -0.500000000000
206.650397038794 109.383425193062 0.000000000000 1.000000000000
108.109436329967 219.031796924908 0.000000000000 1.000000000000
284.677137565115 -164.630362168324 0.000000000000 1.000000000000
138.234663842349 179.137235440141 0.866025403784 -0.500000000000
9.376187080205 -157.423470653281 0.000000000000 1.000000000000
22.186682091074 248.368838803174 0.000000000000 1.000000000000
-139.234121439957 106.311967844849 0.866025403784 0.500000000000
129.342667690854 7.605399248436 0.000000000000 1.000000000000
