#Configurational_file created 2018-09-14 12:04:08  started 2018-09-14 12:04:08 run for 0.0s steps 0
name: p_1173
step: 10000
specie: 20
	particle_diameter: 1.0000000000000000
	interaction_length: 1.2000000000000000
	number_of_patches: 3
	number_of_particles_per_compound: 1
	rod_length: 1.0000000000000000
	interaction_matrix:  1.000000 1.000000 1.000000 1.000000 1.000000 1.000000 1.000000 1.000000 1.000000
	patch_type: symmetric
	patch_width: 8.0000000000000000
	patch_angle: 0.0000000000000000
	angles:  0.000000 0.000000 0.000000
	grand_canonical: 0
	chemical_potential: 0.0000000000000000
box: 39.758956 39.758956
copy: 1.000000 1.000000
epsilon: 0.0437500000000000
end_epsilon: 0.0000000000000000
pressure: 0.0916670000000000
lambda: 0.0000000000000000
lambda_coupling: 1.0000000000000000
uy: 0.0000000000000000
maximum_displacement: 1.0000000000000000
maximum_rotation: 1.0000000000000000
maximum_volume: 1.0000000000000000
maximum_shape: 0.0000001000000000
maximum_dsigma: 0.0100000000000000
mod: 10
pmod: 10
optimize: 1
verbose: 1
snapshot: 0
display: 1
explore: 1
npt: 1
nptxy: 0
nptdxdy: 0
shape: 0
seed: 1336492
-189.696128214893 212.345866047193 0.000000000000 1.000000000000
133.287963343560 56.013872998538 0.866025403784 -0.500000000000
32.637020448697 -194.118877427764 0.000000000000 1.000000000000
50.274275230390 77.224597764156 0.866025403784 0.500000000000
-270.474455294150 35.977685152895 0.866025403784 -0.500000000000
-86.363585741916 -43.019845343835 0.866025403784 -0.500000000000
65.174815410251 125.924685923698 0.866025403784 -0.500000000000
104.524336843448 2.013519256097 0.000000000000 1.000000000000
38.319463931028 164.738875170788 0.866025403784 0.500000000000
127.814020300624 -27.587958739286 0.000000000000 1.000000000000
-141.311818410221 -44.011507263215 0.866025403784 -0.500000000000
111.528453021207 171.574414195083 0.866025403784 -0.500000000000
186.188259613068 -125.146838950105 0.866025403784 -0.500000000000
130.650320118003 -124.339051925118 0.866025403784 -0.500000000000
-66.096550580708 197.992762328529 0.866025403784 0.500000000000
5.590322127886 194.036732769962 0.000000000000 1.000000000000
218.370409024880 118.384502446076 0.866025403784 -0.500000000000
42.252233713358 99.355674039955 0.866025403784 0.500000000000
-134.666570106103 40.404835399315 0.866025403784 -0.500000000000
245.409821375917 -255.899976325596 0.866025403784 -0.500000000000
