#Configurational_file created 2018-09-14 12:04:08  started 2018-09-14 12:04:07 run for 1.0s steps 0
name: p_1172
step: 10000
specie: 20
	particle_diameter: 1.0000000000000000
	interaction_length: 1.2000000000000000
	number_of_patches: 3
	number_of_particles_per_compound: 1
	rod_length: 1.0000000000000000
	interaction_matrix:  1.000000 1.000000 1.000000 1.000000 1.000000 1.000000 1.000000 1.000000 1.000000
	patch_type: symmetric
	patch_width: 8.0000000000000000
	patch_angle: 0.0000000000000000
	angles:  0.000000 0.000000 0.000000
	grand_canonical: 0
	chemical_potential: 0.0000000000000000
box: 39.163244 39.163244
copy: 1.000000 1.000000
epsilon: 0.0437500000000000
end_epsilon: 0.0000000000000000
pressure: 0.0875000000000000
lambda: 0.0000000000000000
lambda_coupling: 1.0000000000000000
uy: 0.0000000000000000
maximum_displacement: 1.0000000000000000
maximum_rotation: 1.0000000000000000
maximum_volume: 1.0000000000000000
maximum_shape: 0.0000001000000000
maximum_dsigma: 0.0100000000000000
mod: 10
pmod: 10
optimize: 1
verbose: 1
snapshot: 0
display: 1
explore: 1
npt: 1
nptxy: 0
nptdxdy: 0
shape: 0
seed: 1335355
54.619287270406 246.875251952188 0.866025403784 -0.500000000000
110.599986436613 -131.651618512114 0.866025403784 0.500000000000
-72.370059551088 -139.387661670120 0.866025403784 -0.500000000000
270.343205295054 144.960909122946 0.000000000000 1.000000000000
269.830732056762 -72.319605294414 0.000000000000 1.000000000000
-206.022131889781 -26.889195929045 0.000000000000 1.000000000000
198.835568004576 117.378621177940 0.000000000000 1.000000000000
193.667767448430 43.191086128972 0.866025403784 -0.500000000000
43.542926887126 150.380881698772 0.866025403784 -0.500000000000
-10.192865917580 -206.793451059391 0.866025403784 0.500000000000
-36.678785610632 247.663870093120 0.000000000000 1.000000000000
37.530146541307 -72.433775990997 0.866025403784 -0.500000000000
-53.444760442416 36.977292920590 0.000000000000 1.000000000000
117.995836937984 140.597673177806 0.866025403784 -0.500000000000
-34.922888037849 -70.978876488281 0.000000000000 1.000000000000
-54.897404496141 -70.195317602082 0.866025403784 0.500000000000
-292.954922772408 15.465833550719 0.866025403784 -0.500000000000
-232.405897955960 114.968642828938 0.866025403784 0.500000000000
197.161839958086 -17.935274034906 0.000000000000 1.000000000000
59.365718987252 -36.803086870091 0.866025403784 -0.500000000000
