#Configurational_file created 2018-09-14 12:04:09  started 2018-09-14 12:04:08 run for 1.0s steps 0
name: p_1174
step: 10000
specie: 20
	particle_diameter: 1.0000000000000000
	interaction_length: 1.2000000000000000
	number_of_patches: 3
	number_of_particles_per_compound: 1
	rod_length: 1.0000000000000000
	interaction_matrix:  1.000000 1.000000 1.000000 1.000000 1.000000 1.000000 1.000000 1.000000 1.000000
	patch_type: symmetric
	patch_width: 8.0000000000000000
	patch_angle: 0.0000000000000000
	angles:  0.000000 0.000000 0.000000
	grand_canonical: 0
	chemical_potential: 0.0000000000000000
box: 46.103570 46.103570
copy: 1.000000 1.000000
epsilon: 0.0437500000000000
end_epsilon: 0.0000000000000000
pressure: 0.0958330000000000
lambda: 0.0000000000000000
lambda_coupling: 1.0000000000000000
uy: 0.0000000000000000
maximum_displacement: 1.0000000000000000
maximum_rotation: 1.0000000000000000
maximum_volume: 1.0000000000000000
maximum_shape: 0.0000001000000000
maximum_dsigma: 0.0100000000000000
mod: 10
pmod: 10
optimize: 1
verbose: 1
snapshot: 0
display: 1
explore: 1
npt: 1
nptxy: 0
nptdxdy: 0
shape: 0
seed: 1337629
144.361351790333 -52.992980933378 0.866025403784 -0.500000000000
62.655835974745 -172.264979500568 0.866025403784 -0.500000000000
-153.060348320250 -89.980391134404 0.000000000000 1.000000000000
-15.117463233800 303.615716712767 0.866025403784 0.500000000000
-25.659933548638 130.548399664546 0.866025403784 -0.500000000000
303.805051580267 308.028206780792 0.866025403784 0.500000000000
-131.365066070376 -1.286229708059 0.866025403784 -0.500000000000
209.185564815545 -132.520321465829 0.866025403784 0.500000000000
226.088228936701 114.177731298062 0.000000000000 1.000000000000
-34.598529352080 256.258426184307 0.866025403784 -0.500000000000
-73.716931230611 71.241375294855 0.866025403784 -0.500000000000
15.815978689876 -101.170384078636 0.866025403784 0.500000000000
113.502873794550 -106.293212169420 0.000000000000 1.000000000000
-107.693856846009 123.516700965752 0.866025403784 -0.500000000000
-200.648565261421 58.293900886796 0.866025403784 -0.500000000000
-53.842422041904 21.237970500667 0.866025403784 -0.500000000000
434.180979146267 -150.253810500369 0.866025403784 0.500000000000
-136.937749194960 84.873055274721 0.866025403784 0.500000000000
135.464992719532 55.772407463702 0.866025403784 0.500000000000
193.723977053086 -90.226208261520 0.866025403784 0.500000000000
