#Configurational_file created 2018-09-14 11:36:40  started 2018-09-14 11:36:39 run for 1.0s steps 0
name: p_1154
step: 10000
specie: 20
	particle_diameter: 1.0000000000000000
	interaction_length: 1.2000000000000000
	number_of_patches: 3
	number_of_particles_per_compound: 1
	rod_length: 1.0000000000000000
	interaction_matrix:  1.000000 1.000000 1.000000 1.000000 1.000000 1.000000 1.000000 1.000000 1.000000
	patch_type: symmetric
	patch_width: 8.0000000000000000
	patch_angle: 0.0000000000000000
	angles:  0.000000 0.000000 0.000000
	grand_canonical: 0
	chemical_potential: 0.0000000000000000
box: 13.985334 13.985334
copy: 1.000000 1.000000
epsilon: 0.4375120000000000
end_epsilon: 0.0000000000000000
pressure: 0.2500870000000000
lambda: 0.0000000000000000
lambda_coupling: 1.0000000000000000
uy: 0.0000000000000000
maximum_displacement: 1.0000000000000000
maximum_rotation: 1.0000000000000000
maximum_volume: 1.0000000000000000
maximum_shape: 0.0000001000000000
maximum_dsigma: 0.0100000000000000
mod: 10
pmod: 10
optimize: 1
verbose: 1
snapshot: 0
display: 1
explore: 1
npt: 1
nptxy: 0
nptdxdy: 0
shape: 0
seed: 1314889
17.649560767837 -8.654711260760 0.866025403784 0.500000000000
31.146991112546 -6.952913483666 0.000000000000 1.000000000000
116.956504968435 80.221193072335 0.866025403784 -0.500000000000
-27.509577983642 108.076841010962 0.866025403784 0.500000000000
18.155509969728 22.920892070126 0.866025403784 -0.500000000000
53.705058829522 253.040144866101 0.000000000000 1.000000000000
93.323398919363 63.799784779429 0.866025403784 0.500000000000
-20.086791422087 -13.631223825985 0.000000000000 1.000000000000
-4.985015429863 108.088029985742 0.866025403784 -0.500000000000
-215.388020804159 8.061615482576 0.866025403784 0.500000000000
-190.137603324445 -89.957019457062 0.000000000000 1.000000000000
136.599144282878 -66.341828090200 0.866025403784 0.500000000000
126.354966763930 105.135409549962 0.866025403784 0.500000000000
108.603796469380 -49.356386728606 0.866025403784 -0.500000000000
40.962162483641 39.502384748706 0.000000000000 1.000000000000
95.651774906166 111.056286617763 0.000000000000 1.000000000000
-92.376275380570 124.596105755114 0.866025403784 0.500000000000
-39.013938716410 22.153852894249 0.866025403784 0.500000000000
133.471090439826 12.837449880153 0.000000000000 1.000000000000
-48.445184630530 6.801486914250 0.866025403784 0.500000000000
