#Configurational_file created 2018-09-14 13:58:58  started 2018-09-14 13:58:57 run for 1.0s steps 0
name: p_1105
step: 10000
specie: 20
	particle_diameter: 1.0000000000000000
	interaction_length: 1.2000000000000000
	number_of_patches: 3
	number_of_particles_per_compound: 1
	rod_length: 1.0000000000000000
	interaction_matrix:  1.000000 1.000000 1.000000 1.000000 1.000000 1.000000 1.000000 1.000000 1.000000
	patch_type: symmetric
	patch_width: 8.0000000000000000
	patch_angle: 0.0000000000000000
	angles:  0.000000 0.000000 0.000000
	grand_canonical: 0
	chemical_potential: 0.0000000000000000
box: 12.724345 12.724345
copy: 1.000000 1.000000
epsilon: 0.4137940000000000
end_epsilon: 0.0000000000000000
pressure: 0.4137930000000000
lambda: 0.0000000000000000
lambda_coupling: 1.0000000000000000
uy: 0.0000000000000000
maximum_displacement: 1.0000000000000000
maximum_rotation: 1.0000000000000000
maximum_volume: 1.0000000000000000
maximum_shape: 0.0000001000000000
maximum_dsigma: 0.0100000000000000
mod: 10
pmod: 10
optimize: 1
verbose: 1
snapshot: 0
display: 1
explore: 1
npt: 1
nptxy: 0
nptdxdy: 0
shape: 0
seed: 1259176
-51.061070539300 101.258941914380 0.866025403784 -0.500000000000
12.157766338537 57.564095280985 0.866025403784 0.500000000000
-124.373589603168 44.313347536115 0.866025403784 -0.500000000000
-16.145957414257 2.641849775620 0.866025403784 0.500000000000
-65.911675996626 -230.835324724851 0.866025403784 0.500000000000
65.373424257144 22.537075551954 0.866025403784 0.500000000000
-42.482322085087 27.205830018362 0.866025403784 0.500000000000
-17.527684024744 -31.256127668929 0.866025403784 0.500000000000
-54.260770199810 -30.133926686351 0.000000000000 1.000000000000
-120.328440862696 79.022270219475 0.866025403784 -0.500000000000
-98.118390775863 12.077919471509 0.000000000000 1.000000000000
76.746573249426 -30.430842339639 0.000000000000 1.000000000000
-134.701816468549 31.000084776749 0.866025403784 0.500000000000
-100.672553401820 -101.929037038189 0.000000000000 1.000000000000
10.519042640508 -41.229099647027 0.866025403784 0.500000000000
146.629531727678 24.977819118098 0.000000000000 1.000000000000
-5.152009774294 -91.553186855161 0.000000000000 1.000000000000
-31.545062277910 -17.560418069267 0.000000000000 1.000000000000
112.621973823037 42.389392199223 0.000000000000 1.000000000000
-97.299431234108 60.137945911843 0.866025403784 -0.500000000000
