#Configurational_file created 2018-09-14 13:59:38  started 2018-09-14 13:59:37 run for 1.0s steps 0
name: p_1160
step: 10000
specie: 20
	particle_diameter: 1.0000000000000000
	interaction_length: 1.2000000000000000
	number_of_patches: 3
	number_of_particles_per_compound: 1
	rod_length: 1.0000000000000000
	interaction_matrix:  1.000000 1.000000 1.000000 1.000000 1.000000 1.000000 1.000000 1.000000 1.000000
	patch_type: symmetric
	patch_width: 8.0000000000000000
	patch_angle: 0.0000000000000000
	angles:  0.000000 0.000000 0.000000
	grand_canonical: 0
	chemical_potential: 0.0000000000000000
box: 13.103698 13.103698
copy: 1.000000 1.000000
epsilon: 0.5517250000000000
end_epsilon: 0.0000000000000000
pressure: 0.3275870000000000
lambda: 0.0000000000000000
lambda_coupling: 1.0000000000000000
uy: 0.0000000000000000
maximum_displacement: 1.0000000000000000
maximum_rotation: 1.0000000000000000
maximum_volume: 1.0000000000000000
maximum_shape: 0.0000001000000000
maximum_dsigma: 0.0100000000000000
mod: 10
pmod: 10
optimize: 1
verbose: 1
snapshot: 0
display: 1
explore: 1
npt: 1
nptxy: 0
nptdxdy: 0
shape: 0
seed: 1321711
-179.393454286522 75.891310252822 0.000000000000 1.000000000000
58.021936613087 -61.353782643778 0.866025403784 -0.500000000000
113.776496070355 -34.474935581383 0.000000000000 1.000000000000
-124.260524994416 39.074146781525 0.866025403784 0.500000000000
-21.692892353078 129.892106021216 0.000000000000 1.000000000000
7.124130397745 -29.214380996497 0.866025403784 -0.500000000000
37.186914330215 70.711897696435 0.866025403784 0.500000000000
99.059844589125 -46.398313768652 0.000000000000 1.000000000000
-32.253416591081 -37.988944417821 0.000000000000 1.000000000000
-12.926912498008 44.604794204255 0.866025403784 -0.500000000000
63.656368331135 42.786698902393 0.866025403784 0.500000000000
-26.886436939663 22.846580012629 0.000000000000 1.000000000000
165.140411974987 -97.561530261467 0.866025403784 -0.500000000000
-23.800015724750 -119.394159765904 0.866025403784 -0.500000000000
-101.949190417990 35.447917064316 0.866025403784 -0.500000000000
51.020663110768 64.738094764075 0.866025403784 -0.500000000000
-3.301308923493 -51.360808611836 0.866025403784 -0.500000000000
132.230449380396 122.984122588847 0.866025403784 -0.500000000000
4.356578789418 -23.634628108079 0.000000000000 1.000000000000
-70.150447199806 -121.329479281555 0.866025403784 -0.500000000000
