#Configurational_file created 2018-09-14 11:36:46  started 2018-09-14 11:36:45 run for 1.0s steps 0
name: p_1161
step: 10000
specie: 20
	particle_diameter: 1.0000000000000000
	interaction_length: 1.2000000000000000
	number_of_patches: 3
	number_of_particles_per_compound: 1
	rod_length: 1.0000000000000000
	interaction_matrix:  1.000000 1.000000 1.000000 1.000000 1.000000 1.000000 1.000000 1.000000 1.000000
	patch_type: symmetric
	patch_width: 8.0000000000000000
	patch_angle: 0.0000000000000000
	angles:  0.000000 0.000000 0.000000
	grand_canonical: 0
	chemical_potential: 0.0000000000000000
box: 7.080090 7.080090
copy: 1.000000 1.000000
epsilon: 0.4375120000000000
end_epsilon: 0.0000000000000000
pressure: 0.8333920000000000
lambda: 0.0000000000000000
lambda_coupling: 1.0000000000000000
uy: 0.0000000000000000
maximum_displacement: 1.0000000000000000
maximum_rotation: 1.0000000000000000
maximum_volume: 1.0000000000000000
maximum_shape: 0.0000001000000000
maximum_dsigma: 0.0100000000000000
mod: 10
pmod: 10
optimize: 1
verbose: 1
snapshot: 0
display: 1
explore: 1
npt: 1
nptxy: 0
nptdxdy: 0
shape: 0
seed: 1322848
90.012047278095 -25.663938433352 0.866025403784 0.500000000000
55.734163856200 54.133698140781 0.000000000000 1.000000000000
2.694468332979 22.562029323577 0.866025403784 0.500000000000
59.149328101275 56.487060957492 0.866025403784 0.500000000000
-11.175492826351 110.551586405259 0.866025403784 -0.500000000000
-16.765282437426 49.957168148246 0.866025403784 -0.500000000000
-115.308877677418 21.520074100381 0.000000000000 1.000000000000
5.025025569428 -7.871881816421 0.000000000000 1.000000000000
12.641259788612 24.845956944149 0.866025403784 -0.500000000000
50.232355420077 -80.707838525736 0.000000000000 1.000000000000
64.151992348996 42.713884952697 0.000000000000 1.000000000000
-51.996674589811 -86.737299271719 0.866025403784 0.500000000000
16.633266004470 -38.900387441111 0.866025403784 0.500000000000
-88.420159237109 23.975592403408 0.866025403784 -0.500000000000
-7.257505862775 28.059286867495 0.866025403784 -0.500000000000
-13.632202454001 104.192828341721 0.866025403784 -0.500000000000
-42.211451729544 -103.598385449758 0.000000000000 1.000000000000
-0.147400809300 43.890175591955 0.866025403784 0.500000000000
-36.386256268401 45.866296890416 0.000000000000 1.000000000000
34.256495064306 4.606731687649 0.866025403784 -0.500000000000
