#Configurational_file created 2018-09-14 11:36:43  started 2018-09-14 11:36:42 run for 1.0s steps 0
name: p_1158
step: 10000
specie: 20
	particle_diameter: 1.0000000000000000
	interaction_length: 1.2000000000000000
	number_of_patches: 3
	number_of_particles_per_compound: 1
	rod_length: 1.0000000000000000
	interaction_matrix:  1.000000 1.000000 1.000000 1.000000 1.000000 1.000000 1.000000 1.000000 1.000000
	patch_type: symmetric
	patch_width: 8.0000000000000000
	patch_angle: 0.0000000000000000
	angles:  0.000000 0.000000 0.000000
	grand_canonical: 0
	chemical_potential: 0.0000000000000000
box: 11.185384 11.185384
copy: 1.000000 1.000000
epsilon: 0.4375120000000000
end_epsilon: 0.0000000000000000
pressure: 0.5834040000000000
lambda: 0.0000000000000000
lambda_coupling: 1.0000000000000000
uy: 0.0000000000000000
maximum_displacement: 1.0000000000000000
maximum_rotation: 1.0000000000000000
maximum_volume: 1.0000000000000000
maximum_shape: 0.0000001000000000
maximum_dsigma: 0.0100000000000000
mod: 10
pmod: 10
optimize: 1
verbose: 1
snapshot: 0
display: 1
explore: 1
npt: 1
nptxy: 0
nptdxdy: 0
shape: 0
seed: 1319437
-73.202609119955 13.296445006982 0.866025403784 -0.500000000000
65.065285008528 88.385006324189 0.000000000000 1.000000000000
214.406198362026 24.904728946468 0.866025403784 -0.500000000000
59.548786921159 218.121775042694 0.866025403784 -0.500000000000
121.421881003287 -7.358709819718 0.000000000000 1.000000000000
31.181365696695 57.823456174269 0.866025403784 0.500000000000
-75.192510293273 131.228438709401 0.866025403784 0.500000000000
22.802029456825 17.726453177331 0.866025403784 -0.500000000000
139.281526167612 9.546552824664 0.866025403784 0.500000000000
-2.280386030717 16.632783635104 0.866025403784 0.500000000000
19.391153454887 -137.204347849987 0.866025403784 -0.500000000000
91.375842013082 -21.924144528788 0.000000000000 1.000000000000
79.297695818328 51.252094441239 0.000000000000 1.000000000000
-16.890410672582 -55.297923667633 0.000000000000 1.000000000000
14.443643801364 89.087381813614 0.866025403784 0.500000000000
17.053722324819 -62.704440213911 0.866025403784 -0.500000000000
29.035644208214 -42.249582816024 0.000000000000 1.000000000000
84.813543435214 50.645248166379 0.866025403784 -0.500000000000
105.121987319538 -122.404829100844 0.000000000000 1.000000000000
-22.886185830902 -51.028995439836 0.866025403784 0.500000000000
