#Configurational_file created 2018-09-14 12:03:50  started 2018-09-14 12:03:49 run for 1.0s steps 0
name: p_1147
step: 10000
specie: 20
	particle_diameter: 1.0000000000000000
	interaction_length: 1.2000000000000000
	number_of_patches: 3
	number_of_particles_per_compound: 1
	rod_length: 1.0000000000000000
	interaction_matrix:  1.000000 1.000000 1.000000 1.000000 1.000000 1.000000 1.000000 1.000000 1.000000
	patch_type: symmetric
	patch_width: 8.0000000000000000
	patch_angle: 0.0000000000000000
	angles:  0.000000 0.000000 0.000000
	grand_canonical: 0
	chemical_potential: 0.0000000000000000
box: 46.837673 46.837673
copy: 1.000000 1.000000
epsilon: 0.0416670000000000
end_epsilon: 0.0000000000000000
pressure: 0.0875000000000000
lambda: 0.0000000000000000
lambda_coupling: 1.0000000000000000
uy: 0.0000000000000000
maximum_displacement: 1.0000000000000000
maximum_rotation: 1.0000000000000000
maximum_volume: 1.0000000000000000
maximum_shape: 0.0000001000000000
maximum_dsigma: 0.0100000000000000
mod: 10
pmod: 10
optimize: 1
verbose: 1
snapshot: 0
display: 1
explore: 1
npt: 1
nptxy: 0
nptdxdy: 0
shape: 0
seed: 1306930
94.923750240830 89.300528917648 0.000000000000 1.000000000000
164.856781573114 -187.198656828679 0.866025403784 -0.500000000000
287.977668086114 116.637194939722 0.866025403784 0.500000000000
129.723080426028 108.105831991420 0.000000000000 1.000000000000
-43.646627156814 -102.321483390340 0.866025403784 -0.500000000000
258.170302910227 49.014645651463 0.866025403784 0.500000000000
159.285590740078 112.595311299429 0.866025403784 0.500000000000
95.583993863182 -157.557255071584 0.866025403784 0.500000000000
-32.014858940041 127.886118877266 0.866025403784 -0.500000000000
53.071680115347 -132.856208373785 0.000000000000 1.000000000000
-88.201879710574 275.528553381983 0.866025403784 0.500000000000
-173.676466756149 169.767494387647 0.866025403784 -0.500000000000
-137.965825155123 210.735208033877 0.866025403784 -0.500000000000
-101.456261671449 235.314049212327 0.000000000000 1.000000000000
-235.465820730146 -144.827706032923 0.866025403784 0.500000000000
333.262154111771 130.580739727677 0.866025403784 0.500000000000
11.057129424862 -160.215104193212 0.000000000000 1.000000000000
209.705424334137 2.526419347170 0.866025403784 0.500000000000
111.929770727203 53.179197201774 0.866025403784 0.500000000000
76.494436525909 50.245070023305 0.866025403784 0.500000000000
