#Configurational_file created 2018-09-14 13:59:05  started 2018-09-14 13:59:04 run for 1.0s steps 0
name: p_1114
step: 10000
specie: 20
	particle_diameter: 1.0000000000000000
	interaction_length: 1.2000000000000000
	number_of_patches: 3
	number_of_particles_per_compound: 1
	rod_length: 1.0000000000000000
	interaction_matrix:  1.000000 1.000000 1.000000 1.000000 1.000000 1.000000 1.000000 1.000000 1.000000
	patch_type: symmetric
	patch_width: 8.0000000000000000
	patch_angle: 0.0000000000000000
	angles:  0.000000 0.000000 0.000000
	grand_canonical: 0
	chemical_potential: 0.0000000000000000
box: 28.540710 28.540710
copy: 1.000000 1.000000
epsilon: 0.4827590000000000
end_epsilon: 0.0000000000000000
pressure: 0.0517250000000000
lambda: 0.0000000000000000
lambda_coupling: 1.0000000000000000
uy: 0.0000000000000000
maximum_displacement: 1.0000000000000000
maximum_rotation: 1.0000000000000000
maximum_volume: 1.0000000000000000
maximum_shape: 0.0000001000000000
maximum_dsigma: 0.0100000000000000
mod: 10
pmod: 10
optimize: 1
verbose: 1
snapshot: 0
display: 1
explore: 1
npt: 1
nptxy: 0
nptdxdy: 0
shape: 0
seed: 1269409
79.376299617646 216.497343093134 0.866025403784 0.500000000000
-41.093025388982 -47.581618880502 0.866025403784 0.500000000000
129.993209427388 -37.575503496237 0.000000000000 1.000000000000
8.947794355332 -125.303977471171 0.000000000000 1.000000000000
63.906929200094 -83.711022642652 0.000000000000 1.000000000000
-187.148175003018 -255.940443478131 0.000000000000 1.000000000000
154.983990867987 4.084799550565 0.000000000000 1.000000000000
13.148926372903 -286.582835458550 0.000000000000 1.000000000000
40.752487614854 -93.790686714787 0.866025403784 -0.500000000000
82.591108830870 8.658466489567 0.000000000000 1.000000000000
217.080490147732 40.463928856749 0.866025403784 -0.500000000000
3.294923191509 45.738949118557 0.866025403784 -0.500000000000
-145.641428447778 -226.051666235577 0.866025403784 0.500000000000
-136.630223935579 -51.724393671946 0.866025403784 -0.500000000000
237.443654130430 -185.159914519139 0.866025403784 -0.500000000000
110.466642436753 41.474453082878 0.866025403784 0.500000000000
2.743306934869 -35.815127077643 0.000000000000 1.000000000000
80.150597051519 -159.452384464200 0.000000000000 1.000000000000
-42.353448300553 -61.882968493354 0.000000000000 1.000000000000
-39.846316672452 33.180322970169 0.000000000000 1.000000000000
