#Configurational_file created 2018-09-14 13:59:37  started 2018-09-14 13:59:36 run for 1.0s steps 0
name: p_1159
step: 10000
specie: 20
	particle_diameter: 1.0000000000000000
	interaction_length: 1.2000000000000000
	number_of_patches: 3
	number_of_particles_per_compound: 1
	rod_length: 1.0000000000000000
	interaction_matrix:  1.000000 1.000000 1.000000 1.000000 1.000000 1.000000 1.000000 1.000000 1.000000
	patch_type: symmetric
	patch_width: 8.0000000000000000
	patch_angle: 0.0000000000000000
	angles:  0.000000 0.000000 0.000000
	grand_canonical: 0
	chemical_potential: 0.0000000000000000
box: 12.848334 12.848334
copy: 1.000000 1.000000
epsilon: 0.5517250000000000
end_epsilon: 0.0000000000000000
pressure: 0.3103450000000000
lambda: 0.0000000000000000
lambda_coupling: 1.0000000000000000
uy: 0.0000000000000000
maximum_displacement: 1.0000000000000000
maximum_rotation: 1.0000000000000000
maximum_volume: 1.0000000000000000
maximum_shape: 0.0000001000000000
maximum_dsigma: 0.0100000000000000
mod: 10
pmod: 10
optimize: 1
verbose: 1
snapshot: 0
display: 1
explore: 1
npt: 1
nptxy: 0
nptdxdy: 0
shape: 0
seed: 1320574
59.380690905436 -24.678285273082 0.866025403784 -0.500000000000
-82.095264000973 -17.265062270311 0.866025403784 0.500000000000
-32.090012973584 -77.130856112123 0.000000000000 1.000000000000
-234.919496558418 23.004300637074 0.000000000000 1.000000000000
14.456754694279 94.785037832618 0.866025403784 0.500000000000
140.070912569161 101.535821657502 0.000000000000 1.000000000000
20.133269536520 157.188313338800 0.866025403784 0.500000000000
105.924586554176 3.163759490927 0.866025403784 -0.500000000000
-12.860447590480 -120.843800442928 0.866025403784 0.500000000000
35.404073120987 38.445880445944 0.000000000000 1.000000000000
21.063592866534 14.854081522378 0.866025403784 -0.500000000000
-22.804667142951 167.833505617174 0.866025403784 0.500000000000
-69.092477923987 -90.454529789981 0.866025403784 -0.500000000000
-174.004349919508 -102.646479993306 0.866025403784 -0.500000000000
0.741308866023 214.309662711660 0.866025403784 0.500000000000
-46.200251078956 -5.903279790502 0.866025403784 0.500000000000
88.067389719626 -78.782305200550 0.866025403784 -0.500000000000
-101.610112814206 -79.975156047815 0.000000000000 1.000000000000
-45.321249533026 -45.215182655237 0.000000000000 1.000000000000
67.543866011732 19.229649735797 0.000000000000 1.000000000000
