#Configurational_file created 2018-09-14 11:36:12  started 2018-09-14 11:36:11 run for 1.0s steps 0
name: p_1121
step: 10000
specie: 20
	particle_diameter: 1.0000000000000000
	interaction_length: 1.2000000000000000
	number_of_patches: 3
	number_of_particles_per_compound: 1
	rod_length: 1.0000000000000000
	interaction_matrix:  1.000000 1.000000 1.000000 1.000000 1.000000 1.000000 1.000000 1.000000 1.000000
	patch_type: symmetric
	patch_width: 8.0000000000000000
	patch_angle: 0.0000000000000000
	angles:  0.000000 0.000000 0.000000
	grand_canonical: 0
	chemical_potential: 0.0000000000000000
box: 7.364747 7.364747
copy: 1.000000 1.000000
epsilon: 0.3958540000000000
end_epsilon: 0.0000000000000000
pressure: 1.6666829999999999
lambda: 0.0000000000000000
lambda_coupling: 1.0000000000000000
uy: 0.0000000000000000
maximum_displacement: 1.0000000000000000
maximum_rotation: 1.0000000000000000
maximum_volume: 0.4683777951661165
maximum_shape: 0.0000001000000000
maximum_dsigma: 0.0100000000000000
mod: 10
pmod: 10
optimize: 1
verbose: 1
snapshot: 0
display: 1
explore: 1
npt: 1
nptxy: 0
nptdxdy: 0
shape: 0
seed: 1277368
-0.937264958782 -91.838010300230 0.000000000000 1.000000000000
16.278860556364 -9.337016867610 0.866025403784 0.500000000000
-21.738743392690 -6.678708760147 0.000000000000 1.000000000000
-101.062452382429 7.409027516504 0.866025403784 -0.500000000000
-38.493523070859 43.634519122573 0.000000000000 1.000000000000
19.485076581976 47.384299722832 0.866025403784 -0.500000000000
152.557775252522 66.715040637067 0.000000000000 1.000000000000
91.889922664326 4.093469050809 0.866025403784 0.500000000000
38.487232878321 -10.879700628271 0.866025403784 -0.500000000000
47.856148631250 21.380405539926 0.000000000000 1.000000000000
-118.353792256925 -42.791659350943 0.866025403784 -0.500000000000
34.770645324368 -39.205460054484 0.866025403784 0.500000000000
-36.391586761273 47.920893029657 0.866025403784 -0.500000000000
66.725948421912 -13.740585319461 0.866025403784 -0.500000000000
-13.007768841231 39.505421588100 0.000000000000 1.000000000000
-56.117468870383 -11.908956659369 0.000000000000 1.000000000000
-94.286605825042 -28.388878676336 0.866025403784 -0.500000000000
-47.585158118924 6.937963005276 0.866025403784 -0.500000000000
-87.796927705953 27.895307012123 0.866025403784 0.500000000000
9.197357907105 -74.081377025144 0.866025403784 0.500000000000
