#Configurational_file created 2018-09-14 11:37:12  started 2018-09-14 11:37:11 run for 1.0s steps 0
name: p_1191
step: 10000
specie: 20
	particle_diameter: 1.0000000000000000
	interaction_length: 1.2000000000000000
	number_of_patches: 3
	number_of_particles_per_compound: 1
	rod_length: 1.0000000000000000
	interaction_matrix:  1.000000 1.000000 1.000000 1.000000 1.000000 1.000000 1.000000 1.000000 1.000000
	patch_type: symmetric
	patch_width: 8.0000000000000000
	patch_angle: 0.0000000000000000
	angles:  0.000000 0.000000 0.000000
	grand_canonical: 0
	chemical_potential: 0.0000000000000000
box: 7.844505 7.844505
copy: 1.000000 1.000000
epsilon: 0.4583420000000000
end_epsilon: 0.0000000000000000
pressure: 1.2500370000000001
lambda: 0.0000000000000000
lambda_coupling: 1.0000000000000000
uy: 0.0000000000000000
maximum_displacement: 1.0000000000000000
maximum_rotation: 1.0000000000000000
maximum_volume: 0.6582814139152163
maximum_shape: 0.0000001000000000
maximum_dsigma: 0.0100000000000000
mod: 10
pmod: 10
optimize: 1
verbose: 1
snapshot: 0
display: 1
explore: 1
npt: 1
nptxy: 0
nptdxdy: 0
shape: 0
seed: 1356958
-3.016606898072 27.050080648540 0.866025403784 -0.500000000000
-68.864151290924 104.269028900738 0.866025403784 -0.500000000000
-7.019411100925 1.057724474454 0.866025403784 -0.500000000000
-12.617052320616 26.458678787971 0.866025403784 -0.500000000000
-36.671211961598 5.668931504136 0.000000000000 1.000000000000
70.297854893179 -18.032632435772 0.866025403784 -0.500000000000
-57.880793206164 -31.635687253129 0.000000000000 1.000000000000
6.030557314691 -27.769134214344 0.866025403784 0.500000000000
-4.209431766940 22.366696777094 0.000000000000 1.000000000000
-109.270699599143 -31.039882254573 0.866025403784 0.500000000000
143.692269844459 -16.527235952778 0.866025403784 0.500000000000
-51.823027809668 -92.223246580407 0.000000000000 1.000000000000
-126.792187910896 13.478392788712 0.866025403784 0.500000000000
-90.257215857714 2.761679763707 0.866025403784 0.500000000000
3.542139117663 -78.403495114117 0.000000000000 1.000000000000
55.324898035640 22.442243777911 0.000000000000 1.000000000000
-41.004245356452 8.172685949469 0.866025403784 -0.500000000000
8.642257884247 34.487569617772 0.866025403784 -0.500000000000
38.833396971900 55.857351811724 0.866025403784 -0.500000000000
139.857268822273 -21.417743117393 0.866025403784 -0.500000000000
