#Configurational_file created 2018-09-14 12:03:57  started 2018-09-14 12:03:56 run for 1.0s steps 0
name: p_1157
step: 10000
specie: 20
	particle_diameter: 1.0000000000000000
	interaction_length: 1.2000000000000000
	number_of_patches: 3
	number_of_particles_per_compound: 1
	rod_length: 1.0000000000000000
	interaction_matrix:  1.000000 1.000000 1.000000 1.000000 1.000000 1.000000 1.000000 1.000000 1.000000
	patch_type: symmetric
	patch_width: 8.0000000000000000
	patch_angle: 0.0000000000000000
	angles:  0.000000 0.000000 0.000000
	grand_canonical: 0
	chemical_potential: 0.0000000000000000
box: 46.176915 46.176915
copy: 1.000000 1.000000
epsilon: 0.0437500000000000
end_epsilon: 0.0000000000000000
pressure: 0.0250010000000000
lambda: 0.0000000000000000
lambda_coupling: 1.0000000000000000
uy: 0.0000000000000000
maximum_displacement: 1.0000000000000000
maximum_rotation: 1.0000000000000000
maximum_volume: 1.0000000000000000
maximum_shape: 0.0000001000000000
maximum_dsigma: 0.0100000000000000
mod: 10
pmod: 10
optimize: 1
verbose: 1
snapshot: 0
display: 1
explore: 1
npt: 1
nptxy: 0
nptdxdy: 0
shape: 0
seed: 1318300
200.759585212900 -266.417163023121 0.000000000000 1.000000000000
-189.404303147327 71.123362552383 0.866025403784 -0.500000000000
206.821643344274 117.249216436768 0.866025403784 0.500000000000
215.753611551851 -346.418099925195 0.866025403784 0.500000000000
46.538424075451 117.507962061367 0.866025403784 0.500000000000
-43.523100070068 166.358372280028 0.866025403784 0.500000000000
-240.956839543784 -472.197785716469 0.866025403784 0.500000000000
-3.256461989764 132.620024758720 0.000000000000 1.000000000000
167.178141349135 129.833624345129 0.000000000000 1.000000000000
-264.425833282170 0.869508884479 0.000000000000 1.000000000000
-15.566260417490 108.121407746516 0.866025403784 -0.500000000000
166.032723630734 -278.769232604891 0.000000000000 1.000000000000
188.030814033694 171.492608629598 0.000000000000 1.000000000000
116.334123316904 -83.497801186764 0.000000000000 1.000000000000
-88.382241836256 48.672698259920 0.866025403784 -0.500000000000
-8.975475186482 278.674251975378 0.866025403784 -0.500000000000
-188.984709979977 -219.280706420804 0.866025403784 0.500000000000
-139.614830569515 -92.914124281455 0.000000000000 1.000000000000
-259.519644235892 -208.238067086263 0.866025403784 -0.500000000000
114.331417206602 132.994128396985 0.866025403784 0.500000000000
