#Configurational_file created 2018-09-14 11:36:15  started 2018-09-14 11:36:14 run for 1.0s steps 0
name: p_1124
step: 10000
specie: 20
	particle_diameter: 1.0000000000000000
	interaction_length: 1.2000000000000000
	number_of_patches: 3
	number_of_particles_per_compound: 1
	rod_length: 1.0000000000000000
	interaction_matrix:  1.000000 1.000000 1.000000 1.000000 1.000000 1.000000 1.000000 1.000000 1.000000
	patch_type: symmetric
	patch_width: 8.0000000000000000
	patch_angle: 0.0000000000000000
	angles:  0.000000 0.000000 0.000000
	grand_canonical: 0
	chemical_potential: 0.0000000000000000
box: 7.404596 7.404596
copy: 1.000000 1.000000
epsilon: 0.3958540000000000
end_epsilon: 0.0000000000000000
pressure: 1.9166710000000000
lambda: 0.0000000000000000
lambda_coupling: 1.0000000000000000
uy: 0.0000000000000000
maximum_displacement: 1.0000000000000000
maximum_rotation: 1.0000000000000000
maximum_volume: 0.3944406477466205
maximum_shape: 0.0000001000000000
maximum_dsigma: 0.0100000000000000
mod: 10
pmod: 10
optimize: 1
verbose: 1
snapshot: 0
display: 1
explore: 1
npt: 1
nptxy: 0
nptdxdy: 0
shape: 0
seed: 1280779
-36.326156784287 -43.386454658121 0.866025403784 0.500000000000
-48.874096885684 17.978193878983 0.000000000000 1.000000000000
-16.169521999330 -44.845856419198 0.866025403784 0.500000000000
20.743785157688 16.529505308832 0.866025403784 -0.500000000000
0.796015992387 -85.677567979788 0.000000000000 1.000000000000
49.904552651509 -68.998936508298 0.866025403784 0.500000000000
14.723301183947 -58.941722648965 0.000000000000 1.000000000000
-22.931681133575 -46.902366794159 0.866025403784 0.500000000000
-43.394910556563 -73.625851238512 0.000000000000 1.000000000000
9.837817584186 -40.129216350516 0.866025403784 0.500000000000
-21.020572955451 79.962678289596 0.866025403784 -0.500000000000
2.750745232804 -90.776104055075 0.866025403784 0.500000000000
15.132568566518 92.514689708846 0.866025403784 -0.500000000000
-20.267448063012 -63.232927732407 0.000000000000 1.000000000000
-25.833720359649 -25.818000549409 0.000000000000 1.000000000000
5.303621766932 1.304804699684 0.866025403784 0.500000000000
46.772864707903 -28.149094126200 0.866025403784 0.500000000000
14.086365788205 -86.886056852166 0.000000000000 1.000000000000
85.410355063523 -21.891097826129 0.866025403784 0.500000000000
49.772429673643 -3.173242752462 0.000000000000 1.000000000000
