#Configurational_file created 2018-09-14 13:59:42  started 2018-09-14 13:59:42 run for 0.0s steps 0
name: p_1166
step: 10000
specie: 20
	particle_diameter: 1.0000000000000000
	interaction_length: 1.2000000000000000
	number_of_patches: 3
	number_of_particles_per_compound: 1
	rod_length: 1.0000000000000000
	interaction_matrix:  1.000000 1.000000 1.000000 1.000000 1.000000 1.000000 1.000000 1.000000 1.000000
	patch_type: symmetric
	patch_width: 8.0000000000000000
	patch_angle: 0.0000000000000000
	angles:  0.000000 0.000000 0.000000
	grand_canonical: 0
	chemical_potential: 0.0000000000000000
box: 10.959939 10.959939
copy: 1.000000 1.000000
epsilon: 0.5517250000000000
end_epsilon: 0.0000000000000000
pressure: 0.4310350000000000
lambda: 0.0000000000000000
lambda_coupling: 1.0000000000000000
uy: 0.0000000000000000
maximum_displacement: 1.0000000000000000
maximum_rotation: 1.0000000000000000
maximum_volume: 1.0000000000000000
maximum_shape: 0.0000001000000000
maximum_dsigma: 0.0100000000000000
mod: 10
pmod: 10
optimize: 1
verbose: 1
snapshot: 0
display: 1
explore: 1
npt: 1
nptxy: 0
nptdxdy: 0
shape: 0
seed: 1328533
61.681029950586 -23.902361836009 0.866025403784 -0.500000000000
64.882164823935 -87.678721696729 0.000000000000 1.000000000000
-49.410007823998 57.400917282048 0.866025403784 -0.500000000000
-20.729340075745 133.357560921889 0.000000000000 1.000000000000
77.848771105957 80.280414090479 0.866025403784 -0.500000000000
90.241943704637 21.237499686604 0.866025403784 -0.500000000000
58.886102783875 87.500113243227 0.866025403784 0.500000000000
73.503471915630 -0.568449236055 0.866025403784 -0.500000000000
-87.655462704384 -74.805836274915 0.866025403784 -0.500000000000
18.406752960136 -71.404680794650 0.866025403784 -0.500000000000
91.742523810954 36.898215965435 0.866025403784 0.500000000000
-122.325419531342 57.903820281241 0.866025403784 -0.500000000000
-73.861228688893 -23.718947408928 0.866025403784 -0.500000000000
76.813258066722 -81.229052947371 0.866025403784 -0.500000000000
-45.986957283424 113.729491104954 0.866025403784 -0.500000000000
8.801664205677 62.918014259889 0.866025403784 -0.500000000000
-78.604315460095 -91.788576012199 0.866025403784 0.500000000000
14.942364146695 103.742973016859 0.866025403784 0.500000000000
69.452230733220 -36.983784427364 0.000000000000 1.000000000000
75.122764198241 -32.369502538974 0.866025403784 0.500000000000
