#Configurational_file created 2018-09-14 11:37:05  started 2018-09-14 11:37:04 run for 1.0s steps 0
name: p_1183
step: 10000
specie: 20
	particle_diameter: 1.0000000000000000
	interaction_length: 1.2000000000000000
	number_of_patches: 3
	number_of_particles_per_compound: 1
	rod_length: 1.0000000000000000
	interaction_matrix:  1.000000 1.000000 1.000000 1.000000 1.000000 1.000000 1.000000 1.000000 1.000000
	patch_type: symmetric
	patch_width: 8.0000000000000000
	patch_angle: 0.0000000000000000
	angles:  0.000000 0.000000 0.000000
	grand_canonical: 0
	chemical_potential: 0.0000000000000000
box: 11.216633 11.216633
copy: 1.000000 1.000000
epsilon: 0.4583420000000000
end_epsilon: 0.0000000000000000
pressure: 0.5834040000000000
lambda: 0.0000000000000000
lambda_coupling: 1.0000000000000000
uy: 0.0000000000000000
maximum_displacement: 1.0000000000000000
maximum_rotation: 1.0000000000000000
maximum_volume: 1.0000000000000000
maximum_shape: 0.0000001000000000
maximum_dsigma: 0.0100000000000000
mod: 10
pmod: 10
optimize: 1
verbose: 1
snapshot: 0
display: 1
explore: 1
npt: 1
nptxy: 0
nptdxdy: 0
shape: 0
seed: 1347862
29.148912283478 -189.171475578033 0.000000000000 1.000000000000
1.398743821385 126.012219324064 0.866025403784 -0.500000000000
-18.954314392407 -40.480543920993 0.866025403784 -0.500000000000
21.752336111616 -60.380877646910 0.866025403784 -0.500000000000
23.496944850496 -43.527503442615 0.866025403784 0.500000000000
-16.750704882336 -144.583069775846 0.866025403784 0.500000000000
-4.026338364595 -209.738690104330 0.866025403784 0.500000000000
-114.496924633945 -91.261619992738 0.866025403784 0.500000000000
84.797173832736 -60.136069397122 0.866025403784 0.500000000000
-171.174096575040 5.241575711642 0.866025403784 -0.500000000000
-181.276234696197 -120.845538207575 0.866025403784 0.500000000000
180.107110366814 40.110517076440 0.866025403784 -0.500000000000
-76.288716567949 -78.989919323190 0.866025403784 0.500000000000
9.154921394499 -61.032718059655 0.866025403784 -0.500000000000
-176.812887081020 -77.306750406865 0.866025403784 0.500000000000
108.378097399324 -1.553249412665 0.866025403784 0.500000000000
124.832723633111 -35.113458976186 0.866025403784 0.500000000000
-72.331596788556 -57.099935559002 0.866025403784 0.500000000000
-234.478407503825 -14.826468689301 0.866025403784 -0.500000000000
55.822346004713 -128.685087704986 0.866025403784 0.500000000000
