#Configurational_file created 2018-09-14 11:37:11  started 2018-09-14 11:37:10 run for 1.0s steps 0
name: p_1190
step: 10000
specie: 20
	particle_diameter: 1.0000000000000000
	interaction_length: 1.2000000000000000
	number_of_patches: 3
	number_of_particles_per_compound: 1
	rod_length: 1.0000000000000000
	interaction_matrix:  1.000000 1.000000 1.000000 1.000000 1.000000 1.000000 1.000000 1.000000 1.000000
	patch_type: symmetric
	patch_width: 8.0000000000000000
	patch_angle: 0.0000000000000000
	angles:  0.000000 0.000000 0.000000
	grand_canonical: 0
	chemical_potential: 0.0000000000000000
box: 8.203783 8.203783
copy: 1.000000 1.000000
epsilon: 0.4583420000000000
end_epsilon: 0.0000000000000000
pressure: 1.1667080000000001
lambda: 0.0000000000000000
lambda_coupling: 1.0000000000000000
uy: 0.0000000000000000
maximum_displacement: 1.0000000000000000
maximum_rotation: 1.0000000000000000
maximum_volume: 0.7579914922336969
maximum_shape: 0.0000001000000000
maximum_dsigma: 0.0100000000000000
mod: 10
pmod: 10
optimize: 1
verbose: 1
snapshot: 0
display: 1
explore: 1
npt: 1
nptxy: 0
nptdxdy: 0
shape: 0
seed: 1355821
-143.207947908479 -159.620136414767 0.866025403784 0.500000000000
31.366844174318 51.120778000744 0.866025403784 0.500000000000
-51.600077542684 0.919285131211 0.000000000000 1.000000000000
143.132429178747 -46.629949390847 0.866025403784 -0.500000000000
44.797301386714 75.801362638140 0.000000000000 1.000000000000
-85.914827087343 -19.120604183280 0.866025403784 0.500000000000
131.924681645698 16.420897362363 0.866025403784 -0.500000000000
-97.595128167166 -6.068744929374 0.866025403784 -0.500000000000
-14.172624125252 51.086448021154 0.866025403784 0.500000000000
-101.116216913230 26.216304161177 0.866025403784 0.500000000000
-75.769000054364 -94.891445380376 0.866025403784 -0.500000000000
-38.041911680638 -33.307785948300 0.866025403784 -0.500000000000
-77.699660220926 -29.115153977662 0.000000000000 1.000000000000
-180.691847511637 110.011629441327 0.866025403784 -0.500000000000
-124.794453426906 121.958963860461 0.866025403784 0.500000000000
-39.215899881143 -40.037480995213 0.000000000000 1.000000000000
11.454126814153 5.310828729872 0.866025403784 -0.500000000000
18.785913325919 -61.900248396765 0.866025403784 0.500000000000
90.078190193792 31.079737611993 0.866025403784 0.500000000000
-32.375500731135 87.619755942563 0.000000000000 1.000000000000
