#Configurational_file created 2018-09-14 11:37:07  started 2018-09-14 11:37:06 run for 1.0s steps 0
name: p_1185
step: 10000
specie: 20
	particle_diameter: 1.0000000000000000
	interaction_length: 1.2000000000000000
	number_of_patches: 3
	number_of_particles_per_compound: 1
	rod_length: 1.0000000000000000
	interaction_matrix:  1.000000 1.000000 1.000000 1.000000 1.000000 1.000000 1.000000 1.000000 1.000000
	patch_type: symmetric
	patch_width: 8.0000000000000000
	patch_angle: 0.0000000000000000
	angles:  0.000000 0.000000 0.000000
	grand_canonical: 0
	chemical_potential: 0.0000000000000000
box: 7.724238 7.724238
copy: 1.000000 1.000000
epsilon: 0.4583420000000000
end_epsilon: 0.0000000000000000
pressure: 0.7500620000000000
lambda: 0.0000000000000000
lambda_coupling: 1.0000000000000000
uy: 0.0000000000000000
maximum_displacement: 1.0000000000000000
maximum_rotation: 1.0000000000000000
maximum_volume: 1.0000000000000000
maximum_shape: 0.0000001000000000
maximum_dsigma: 0.0100000000000000
mod: 10
pmod: 10
optimize: 1
verbose: 1
snapshot: 0
display: 1
explore: 1
npt: 1
nptxy: 0
nptdxdy: 0
shape: 0
seed: 1350136
26.225691677285 -47.375201176369 0.000000000000 1.000000000000
-70.918008986939 97.653892917442 0.866025403784 -0.500000000000
11.203057330038 -28.358530514907 0.866025403784 -0.500000000000
-161.670602586096 39.186641677470 0.866025403784 0.500000000000
2.186561004644 27.256301291760 0.866025403784 0.500000000000
-30.641169931673 -3.860566283982 0.866025403784 -0.500000000000
-93.557727354852 -11.820538053588 0.866025403784 0.500000000000
-17.230950024729 152.776262651908 0.866025403784 -0.500000000000
34.639300328386 11.736648948630 0.000000000000 1.000000000000
-13.126624844999 -83.354952138216 0.866025403784 -0.500000000000
-12.760543978141 -10.159443082659 0.000000000000 1.000000000000
3.517382109383 32.406707942644 0.866025403784 -0.500000000000
38.841338841017 68.816410079274 0.000000000000 1.000000000000
67.107549041420 -91.548744357405 0.000000000000 1.000000000000
55.218147774374 28.582383108261 0.000000000000 1.000000000000
38.087268940331 156.505322302483 0.866025403784 0.500000000000
-101.870384957249 -36.649592680725 0.866025403784 -0.500000000000
-157.246603332887 120.699647776897 0.866025403784 -0.500000000000
-42.153167487072 -52.004086743346 0.000000000000 1.000000000000
-48.958027947802 -24.090623028172 0.866025403784 -0.500000000000
