#Configurational_file created 2018-09-14 11:36:05  started 2018-09-14 11:36:04 run for 1.0s steps 0
name: p_1114
step: 10000
specie: 20
	particle_diameter: 1.0000000000000000
	interaction_length: 1.2000000000000000
	number_of_patches: 3
	number_of_particles_per_compound: 1
	rod_length: 1.0000000000000000
	interaction_matrix:  1.000000 1.000000 1.000000 1.000000 1.000000 1.000000 1.000000 1.000000 1.000000
	patch_type: symmetric
	patch_width: 8.0000000000000000
	patch_angle: 0.0000000000000000
	angles:  0.000000 0.000000 0.000000
	grand_canonical: 0
	chemical_potential: 0.0000000000000000
box: 10.411259 10.411259
copy: 1.000000 1.000000
epsilon: 0.3958540000000000
end_epsilon: 0.0000000000000000
pressure: 1.0833790000000001
lambda: 0.0000000000000000
lambda_coupling: 1.0000000000000000
uy: 0.0000000000000000
maximum_displacement: 1.0000000000000000
maximum_rotation: 1.0000000000000000
maximum_volume: 0.9788313599999998
maximum_shape: 0.0000001000000000
maximum_dsigma: 0.0100000000000000
mod: 10
pmod: 10
optimize: 1
verbose: 1
snapshot: 0
display: 1
explore: 1
npt: 1
nptxy: 0
nptdxdy: 0
shape: 0
seed: 1269409
54.671522203170 188.832882555023 0.866025403784 -0.500000000000
-129.643095784409 20.895721850995 0.866025403784 -0.500000000000
11.927466749068 -154.740853168867 0.000000000000 1.000000000000
-39.991113827742 -84.678975153910 0.866025403784 0.500000000000
-169.789158590937 -86.401049025118 0.866025403784 0.500000000000
-239.782598079149 -13.066326521013 0.000000000000 1.000000000000
-189.023261124041 80.797191040386 0.866025403784 0.500000000000
-80.605486035597 -198.513445645783 0.866025403784 -0.500000000000
-168.353559014922 -94.754307479127 0.866025403784 -0.500000000000
87.919312224949 -74.510165263091 0.866025403784 0.500000000000
54.875620949988 29.870038918732 0.866025403784 0.500000000000
-26.325432418503 13.572883627735 0.866025403784 -0.500000000000
-24.352058190453 -7.172359469663 0.866025403784 -0.500000000000
130.515992343356 9.273267419436 0.866025403784 -0.500000000000
-90.551418353088 -78.082477719306 0.866025403784 0.500000000000
-253.686807342685 50.180846341527 0.866025403784 -0.500000000000
-117.189131131588 84.071354030169 0.000000000000 1.000000000000
117.918658252905 -117.542891274219 0.866025403784 -0.500000000000
60.814509496153 -50.366694692739 0.000000000000 1.000000000000
166.679916021615 -61.416903129163 0.000000000000 1.000000000000
