#Configurational_file created 2018-09-14 11:36:16  started 2018-09-14 11:36:15 run for 1.0s steps 0
name: p_1125
step: 10000
specie: 20
	particle_diameter: 1.0000000000000000
	interaction_length: 1.2000000000000000
	number_of_patches: 3
	number_of_particles_per_compound: 1
	rod_length: 1.0000000000000000
	interaction_matrix:  1.000000 1.000000 1.000000 1.000000 1.000000 1.000000 1.000000 1.000000 1.000000
	patch_type: symmetric
	patch_width: 8.0000000000000000
	patch_angle: 0.0000000000000000
	angles:  0.000000 0.000000 0.000000
	grand_canonical: 0
	chemical_potential: 0.0000000000000000
box: 7.177982 7.177982
copy: 1.000000 1.000000
epsilon: 0.3958540000000000
end_epsilon: 0.0000000000000000
pressure: 2.0000000000000000
lambda: 0.0000000000000000
lambda_coupling: 1.0000000000000000
uy: 0.0000000000000000
maximum_displacement: 1.0000000000000000
maximum_rotation: 1.0000000000000000
maximum_volume: 0.3359708440245603
maximum_shape: 0.0000001000000000
maximum_dsigma: 0.0100000000000000
mod: 10
pmod: 10
optimize: 1
verbose: 1
snapshot: 0
display: 1
explore: 1
npt: 1
nptxy: 0
nptdxdy: 0
shape: 0
seed: 1281916
-9.228756565658 -17.706813664007 0.000000000000 1.000000000000
26.045346379749 -25.280336659118 0.866025403784 0.500000000000
37.641999621645 59.077652369084 0.866025403784 -0.500000000000
-21.907428284494 20.513952724625 0.866025403784 0.500000000000
-40.329610542285 64.038965278249 0.866025403784 -0.500000000000
-72.928636343290 22.679368003995 0.000000000000 1.000000000000
75.774788111707 -40.843887522388 0.000000000000 1.000000000000
-64.718220624966 24.176232874193 0.000000000000 1.000000000000
58.202550300528 11.046527976430 0.000000000000 1.000000000000
-19.088346740124 88.158689424217 0.000000000000 1.000000000000
-83.185105286341 25.503837798977 0.866025403784 0.500000000000
22.829467770776 29.280121835289 0.866025403784 0.500000000000
-11.028829055294 62.698223212989 0.866025403784 0.500000000000
-10.409674147597 -43.283749337913 0.000000000000 1.000000000000
-46.152016497930 84.674561452779 0.000000000000 1.000000000000
25.091011936666 148.200783266317 0.000000000000 1.000000000000
-6.792713135332 -49.082464487354 0.866025403784 0.500000000000
-12.518134864691 149.021302309611 0.000000000000 1.000000000000
-93.131027205434 25.484738126189 0.866025403784 0.500000000000
7.033126905785 70.157735756104 0.000000000000 1.000000000000
