#Configurational_file created 2018-09-14 11:36:45  started 2018-09-14 11:36:44 run for 1.0s steps 0
name: p_1160
step: 10000
specie: 20
	particle_diameter: 1.0000000000000000
	interaction_length: 1.2000000000000000
	number_of_patches: 3
	number_of_particles_per_compound: 1
	rod_length: 1.0000000000000000
	interaction_matrix:  1.000000 1.000000 1.000000 1.000000 1.000000 1.000000 1.000000 1.000000 1.000000
	patch_type: symmetric
	patch_width: 8.0000000000000000
	patch_angle: 0.0000000000000000
	angles:  0.000000 0.000000 0.000000
	grand_canonical: 0
	chemical_potential: 0.0000000000000000
box: 9.392011 9.392011
copy: 1.000000 1.000000
epsilon: 0.4375120000000000
end_epsilon: 0.0000000000000000
pressure: 0.7500620000000000
lambda: 0.0000000000000000
lambda_coupling: 1.0000000000000000
uy: 0.0000000000000000
maximum_displacement: 1.0000000000000000
maximum_rotation: 1.0000000000000000
maximum_volume: 1.0000000000000000
maximum_shape: 0.0000001000000000
maximum_dsigma: 0.0100000000000000
mod: 10
pmod: 10
optimize: 1
verbose: 1
snapshot: 0
display: 1
explore: 1
npt: 1
nptxy: 0
nptdxdy: 0
shape: 0
seed: 1321711
35.572560956411 63.078725268021 0.866025403784 -0.500000000000
-71.702285000987 -88.670602436770 0.000000000000 1.000000000000
3.350038675863 -43.503104171758 0.866025403784 0.500000000000
-63.078003177417 -145.214400937984 0.866025403784 -0.500000000000
-27.005299214981 13.429298020762 0.866025403784 -0.500000000000
-68.527603607273 -29.009497516446 0.000000000000 1.000000000000
31.670786192736 -26.361662913573 0.866025403784 -0.500000000000
-49.849832325058 56.672737081058 0.000000000000 1.000000000000
57.733670098536 -20.153705343623 0.866025403784 0.500000000000
19.874590596956 -26.846806302528 0.866025403784 0.500000000000
4.752999469471 75.828131043685 0.866025403784 -0.500000000000
32.605556533808 53.211618463252 0.000000000000 1.000000000000
-37.732661075311 12.256136876525 0.000000000000 1.000000000000
-91.991917741462 -159.678353485271 0.866025403784 0.500000000000
-39.080265133110 2.361565730144 0.000000000000 1.000000000000
-126.135869504965 49.161246184086 0.000000000000 1.000000000000
21.556943244556 -124.803239490994 0.866025403784 0.500000000000
39.623871344329 -34.709698935490 0.000000000000 1.000000000000
-15.835323875427 0.821318522984 0.866025403784 0.500000000000
-50.092579698137 -99.700017817429 0.866025403784 0.500000000000
