#Configurational_file created 2018-09-14 11:36:23  started 2018-09-14 11:36:22 run for 1.0s steps 0
name: p_1135
step: 10000
specie: 20
	particle_diameter: 1.0000000000000000
	interaction_length: 1.2000000000000000
	number_of_patches: 3
	number_of_particles_per_compound: 1
	rod_length: 1.0000000000000000
	interaction_matrix:  1.000000 1.000000 1.000000 1.000000 1.000000 1.000000 1.000000 1.000000 1.000000
	patch_type: symmetric
	patch_width: 8.0000000000000000
	patch_angle: 0.0000000000000000
	angles:  0.000000 0.000000 0.000000
	grand_canonical: 0
	chemical_potential: 0.0000000000000000
box: 8.203453 8.203453
copy: 1.000000 1.000000
epsilon: 0.4166830000000000
end_epsilon: 0.0000000000000000
pressure: 0.7500620000000000
lambda: 0.0000000000000000
lambda_coupling: 1.0000000000000000
uy: 0.0000000000000000
maximum_displacement: 1.0000000000000000
maximum_rotation: 1.0000000000000000
maximum_volume: 1.0000000000000000
maximum_shape: 0.0000001000000000
maximum_dsigma: 0.0100000000000000
mod: 10
pmod: 10
optimize: 1
verbose: 1
snapshot: 0
display: 1
explore: 1
npt: 1
nptxy: 0
nptdxdy: 0
shape: 0
seed: 1293286
51.893149557635 26.811710710284 0.000000000000 1.000000000000
123.338291452806 -15.865771444248 0.866025403784 0.500000000000
38.665440099899 48.122540486511 0.866025403784 0.500000000000
-24.255117142665 -4.895516781038 0.866025403784 0.500000000000
-96.855377600226 29.047618916124 0.000000000000 1.000000000000
70.625267011328 55.202344350670 0.866025403784 -0.500000000000
8.403298525510 4.367350839638 0.866025403784 0.500000000000
-35.849690970186 71.028461394885 0.866025403784 0.500000000000
-66.302866206283 -71.773058608882 0.866025403784 0.500000000000
82.521888095067 -1.566666749029 0.866025403784 -0.500000000000
-83.487448555407 23.822943320652 0.000000000000 1.000000000000
-28.962231625023 -39.979606291669 0.000000000000 1.000000000000
-56.511126272580 -51.724573475170 0.000000000000 1.000000000000
88.005545679174 -54.464527289374 0.866025403784 -0.500000000000
-54.002710474334 19.962150537706 0.000000000000 1.000000000000
62.106614564297 -38.079264064435 0.000000000000 1.000000000000
-138.007725778342 16.342889013640 0.866025403784 0.500000000000
-10.319250733026 -93.755715149530 0.866025403784 0.500000000000
-66.297053071073 -125.607070461963 0.866025403784 0.500000000000
-15.197679782434 10.954206111075 0.000000000000 1.000000000000
