#Configurational_file created 2018-09-14 13:59:17  started 2018-09-14 13:59:16 run for 1.0s steps 0
name: p_1131
step: 10000
specie: 20
	particle_diameter: 1.0000000000000000
	interaction_length: 1.2000000000000000
	number_of_patches: 3
	number_of_particles_per_compound: 1
	rod_length: 1.0000000000000000
	interaction_matrix:  1.000000 1.000000 1.000000 1.000000 1.000000 1.000000 1.000000 1.000000 1.000000
	patch_type: symmetric
	patch_width: 8.0000000000000000
	patch_angle: 0.0000000000000000
	angles:  0.000000 0.000000 0.000000
	grand_canonical: 0
	chemical_potential: 0.0000000000000000
box: 13.897655 13.897655
copy: 1.000000 1.000000
epsilon: 0.4827590000000000
end_epsilon: 0.0000000000000000
pressure: 0.3448280000000000
lambda: 0.0000000000000000
lambda_coupling: 1.0000000000000000
uy: 0.0000000000000000
maximum_displacement: 1.0000000000000000
maximum_rotation: 1.0000000000000000
maximum_volume: 1.0000000000000000
maximum_shape: 0.0000001000000000
maximum_dsigma: 0.0100000000000000
mod: 10
pmod: 10
optimize: 1
verbose: 1
snapshot: 0
display: 1
explore: 1
npt: 1
nptxy: 0
nptdxdy: 0
shape: 0
seed: 1288738
-47.039760013311 1.497464092054 0.866025403784 -0.500000000000
62.474643363879 -81.735840551176 0.000000000000 1.000000000000
-51.763811127582 -13.213062799446 0.000000000000 1.000000000000
-23.661162197019 23.734732436927 0.000000000000 1.000000000000
131.124388264970 64.875967517516 0.000000000000 1.000000000000
210.289866328066 106.775078055624 0.866025403784 -0.500000000000
21.351923343756 -181.730895175088 0.000000000000 1.000000000000
-138.299040533819 99.856391647306 0.866025403784 -0.500000000000
-7.761777315273 71.664770378016 0.866025403784 0.500000000000
-124.783849009858 46.860173170397 0.000000000000 1.000000000000
-78.411721406575 -37.467969979085 0.866025403784 -0.500000000000
-190.116108137243 214.992431923325 0.866025403784 0.500000000000
-212.872788011593 87.338431930477 0.866025403784 0.500000000000
12.672143820358 174.810868371181 0.000000000000 1.000000000000
92.944727180745 -56.570234773230 0.866025403784 0.500000000000
167.403688402023 92.588240841920 0.866025403784 0.500000000000
108.404835541200 110.702498515840 0.866025403784 0.500000000000
100.161739861958 -120.881436823910 0.866025403784 0.500000000000
13.879768781817 165.337479769576 0.866025403784 -0.500000000000
18.969174230952 196.782834240125 0.866025403784 0.500000000000
