#Configurational_file created 2018-09-14 12:04:25  started 2018-09-14 12:04:25 run for 0.0s steps 0
name: p_1196
step: 10000
specie: 20
	particle_diameter: 1.0000000000000000
	interaction_length: 1.2000000000000000
	number_of_patches: 3
	number_of_particles_per_compound: 1
	rod_length: 1.0000000000000000
	interaction_matrix:  1.000000 1.000000 1.000000 1.000000 1.000000 1.000000 1.000000 1.000000 1.000000
	patch_type: symmetric
	patch_width: 8.0000000000000000
	patch_angle: 0.0000000000000000
	angles:  0.000000 0.000000 0.000000
	grand_canonical: 0
	chemical_potential: 0.0000000000000000
box: 48.911921 48.911921
copy: 1.000000 1.000000
epsilon: 0.0458330000000000
end_epsilon: 0.0000000000000000
pressure: 0.0833340000000000
lambda: 0.0000000000000000
lambda_coupling: 1.0000000000000000
uy: 0.0000000000000000
maximum_displacement: 1.0000000000000000
maximum_rotation: 1.0000000000000000
maximum_volume: 1.0000000000000000
maximum_shape: 0.0000001000000000
maximum_dsigma: 0.0100000000000000
mod: 10
pmod: 10
optimize: 1
verbose: 1
snapshot: 0
display: 1
explore: 1
npt: 1
nptxy: 0
nptdxdy: 0
shape: 0
seed: 1362643
-57.534728806338 94.029627329055 0.000000000000 1.000000000000
121.937648577884 54.806651912421 0.866025403784 -0.500000000000
234.313210623811 247.566452869338 0.866025403784 0.500000000000
43.279065675953 -188.548123699335 0.866025403784 0.500000000000
110.479645187510 23.548783335618 0.000000000000 1.000000000000
84.565049178094 455.874322065513 0.866025403784 0.500000000000
18.499442703289 -5.376359329835 0.000000000000 1.000000000000
-50.577434511492 -23.740500532270 0.866025403784 0.500000000000
217.312655597996 60.731185336290 0.866025403784 0.500000000000
-23.353834235611 269.221110633898 0.866025403784 -0.500000000000
86.208187205409 -207.285020026396 0.866025403784 -0.500000000000
179.321130136730 -27.889621284104 0.866025403784 0.500000000000
-166.630527304516 163.801861289622 0.866025403784 -0.500000000000
-26.214019798416 -275.774479066147 0.000000000000 1.000000000000
339.795635757502 6.256869629229 0.866025403784 0.500000000000
-144.849663780947 -155.595144047965 0.866025403784 0.500000000000
-368.272858866504 259.872905529373 0.866025403784 0.500000000000
212.446682075138 101.951876781011 0.000000000000 1.000000000000
60.975819094905 41.100785852756 0.000000000000 1.000000000000
-25.046307606591 -187.953094977216 0.866025403784 -0.500000000000
