#Configurational_file created 2018-09-14 12:03:32  started 2018-09-14 12:03:32 run for 0.0s steps 0
name: p_1123
step: 10000
specie: 20
	particle_diameter: 1.0000000000000000
	interaction_length: 1.2000000000000000
	number_of_patches: 3
	number_of_particles_per_compound: 1
	rod_length: 1.0000000000000000
	interaction_matrix:  1.000000 1.000000 1.000000 1.000000 1.000000 1.000000 1.000000 1.000000 1.000000
	patch_type: symmetric
	patch_width: 8.0000000000000000
	patch_angle: 0.0000000000000000
	angles:  0.000000 0.000000 0.000000
	grand_canonical: 0
	chemical_potential: 0.0000000000000000
box: 50.340276 50.340276
copy: 1.000000 1.000000
epsilon: 0.0395840000000000
end_epsilon: 0.0000000000000000
pressure: 0.0916670000000000
lambda: 0.0000000000000000
lambda_coupling: 1.0000000000000000
uy: 0.0000000000000000
maximum_displacement: 1.0000000000000000
maximum_rotation: 1.0000000000000000
maximum_volume: 1.0000000000000000
maximum_shape: 0.0000001000000000
maximum_dsigma: 0.0100000000000000
mod: 10
pmod: 10
optimize: 1
verbose: 1
snapshot: 0
display: 1
explore: 1
npt: 1
nptxy: 0
nptdxdy: 0
shape: 0
seed: 1279642
149.417414124673 -345.876081753170 0.866025403784 -0.500000000000
-45.381128258416 -183.802236670936 0.866025403784 -0.500000000000
169.638153193862 -75.156807248438 0.866025403784 -0.500000000000
-89.920169876934 67.527655513140 0.866025403784 0.500000000000
28.242634446520 257.765293271489 0.866025403784 -0.500000000000
24.293976023255 247.989375539703 0.866025403784 0.500000000000
338.787364577727 -212.441001579776 0.866025403784 -0.500000000000
266.269478858477 -133.548045810327 0.866025403784 0.500000000000
7.677865429064 -79.183630015400 0.866025403784 -0.500000000000
133.759524783379 157.009589016852 0.000000000000 1.000000000000
-291.497767256515 -71.877014662152 0.000000000000 1.000000000000
664.404235074358 133.434200999483 0.000000000000 1.000000000000
-174.603639750024 25.269810267536 0.866025403784 -0.500000000000
-45.578271449401 -25.819011468210 0.000000000000 1.000000000000
-479.237436300431 -69.997923010010 0.000000000000 1.000000000000
-143.718757910520 77.349154463241 0.866025403784 0.500000000000
-125.524250012095 -355.405037031082 0.866025403784 -0.500000000000
-115.649426840321 -113.170070661757 0.866025403784 -0.500000000000
-98.836197121871 52.663380433778 0.866025403784 -0.500000000000
-121.180543248917 -11.586705234509 0.866025403784 -0.500000000000
