#Configurational_file created 2018-09-14 11:36:29  started 2018-09-14 11:36:28 run for 1.0s steps 0
name: p_1141
step: 10000
specie: 20
	particle_diameter: 1.0000000000000000
	interaction_length: 1.2000000000000000
	number_of_patches: 3
	number_of_particles_per_compound: 1
	rod_length: 1.0000000000000000
	interaction_matrix:  1.000000 1.000000 1.000000 1.000000 1.000000 1.000000 1.000000 1.000000 1.000000
	patch_type: symmetric
	patch_width: 8.0000000000000000
	patch_angle: 0.0000000000000000
	angles:  0.000000 0.000000 0.000000
	grand_canonical: 0
	chemical_potential: 0.0000000000000000
box: 8.279925 8.279925
copy: 1.000000 1.000000
epsilon: 0.4166830000000000
end_epsilon: 0.0000000000000000
pressure: 1.2500370000000001
lambda: 0.0000000000000000
lambda_coupling: 1.0000000000000000
uy: 0.0000000000000000
maximum_displacement: 1.0000000000000000
maximum_rotation: 1.0000000000000000
maximum_volume: 0.5689468640140765
maximum_shape: 0.0000001000000000
maximum_dsigma: 0.0100000000000000
mod: 10
pmod: 10
optimize: 1
verbose: 1
snapshot: 0
display: 1
explore: 1
npt: 1
nptxy: 0
nptdxdy: 0
shape: 0
seed: 1300108
-14.448760264993 31.035354952464 0.866025403784 -0.500000000000
123.743091000090 79.203929693869 0.000000000000 1.000000000000
-21.658896198026 87.038451449757 0.866025403784 -0.500000000000
45.833654819553 -10.883268976446 0.866025403784 -0.500000000000
54.824743976420 125.951923885738 0.866025403784 -0.500000000000
-3.379229036125 -5.484556166148 0.866025403784 -0.500000000000
14.331672092600 -109.725957148060 0.866025403784 0.500000000000
-30.938616829621 70.839003098344 0.866025403784 -0.500000000000
-186.899878165712 37.042737814487 0.000000000000 1.000000000000
46.214576514086 -36.306627630919 0.866025403784 0.500000000000
27.964398839120 56.609998479014 0.866025403784 0.500000000000
-24.246946346554 15.863914135350 0.000000000000 1.000000000000
-91.530192650759 -57.879432779853 0.866025403784 -0.500000000000
83.529582619029 44.753387307705 0.866025403784 0.500000000000
-1.769138838375 85.955448209882 0.000000000000 1.000000000000
-36.842238007200 33.750110224222 0.000000000000 1.000000000000
42.733781383641 21.114844683084 0.866025403784 0.500000000000
75.354159243109 30.610210676624 0.866025403784 0.500000000000
30.797951259522 34.375118286840 0.000000000000 1.000000000000
-105.523536087892 158.220403518915 0.866025403784 -0.500000000000
