#Configurational_file created 2018-09-14 13:59:03  started 2018-09-14 13:59:02 run for 1.0s steps 0
name: p_1111
step: 10000
specie: 20
	particle_diameter: 1.0000000000000000
	interaction_length: 1.2000000000000000
	number_of_patches: 3
	number_of_particles_per_compound: 1
	rod_length: 1.0000000000000000
	interaction_matrix:  1.000000 1.000000 1.000000 1.000000 1.000000 1.000000 1.000000 1.000000 1.000000
	patch_type: symmetric
	patch_width: 8.0000000000000000
	patch_angle: 0.0000000000000000
	angles:  0.000000 0.000000 0.000000
	grand_canonical: 0
	chemical_potential: 0.0000000000000000
box: 55.573193 55.573193
copy: 1.000000 1.000000
epsilon: 0.4827590000000000
end_epsilon: 0.0000000000000000
pressure: 0.0000010000000000
lambda: 0.0000000000000000
lambda_coupling: 1.0000000000000000
uy: 0.0000000000000000
maximum_displacement: 1.0000000000000000
maximum_rotation: 1.0000000000000000
maximum_volume: 1.0000000000000000
maximum_shape: 0.0000001000000000
maximum_dsigma: 0.0100000000000000
mod: 10
pmod: 10
optimize: 1
verbose: 1
snapshot: 0
display: 1
explore: 1
npt: 1
nptxy: 0
nptdxdy: 0
shape: 0
seed: 1265998
105.574308834393 48.924843598043 0.000000000000 1.000000000000
-326.915801989759 355.273783488079 0.866025403784 0.500000000000
146.898576241017 -179.131076423238 0.000000000000 1.000000000000
-43.474988711927 -29.639991220491 0.866025403784 -0.500000000000
-181.841024244757 -115.357863752310 0.866025403784 -0.500000000000
-120.781813745815 -73.347441763363 0.866025403784 -0.500000000000
187.257119391457 105.648518674677 0.866025403784 0.500000000000
58.203714782554 -100.586368436389 0.866025403784 0.500000000000
-69.346034071597 103.713359015342 0.000000000000 1.000000000000
159.711436276436 83.266336038876 0.000000000000 1.000000000000
13.677990800255 41.370984917220 0.866025403784 0.500000000000
51.350703664302 110.895445381741 0.866025403784 -0.500000000000
-3.929686921523 -133.625082602420 0.866025403784 0.500000000000
131.974215653467 18.865645458371 0.000000000000 1.000000000000
287.781696099881 -96.862688821321 0.866025403784 -0.500000000000
234.610203210653 255.917425395462 0.000000000000 1.000000000000
14.638797702535 96.747580481558 0.866025403784 -0.500000000000
-88.571385388151 11.054172592168 0.866025403784 -0.500000000000
-459.130468723430 -220.889919400545 0.000000000000 1.000000000000
-423.980184148662 -220.854787095333 0.000000000000 1.000000000000
