#Configurational_file created 2018-09-14 12:04:26  started 2018-09-14 12:04:25 run for 1.0s steps 0
name: p_1197
step: 10000
specie: 20
	particle_diameter: 1.0000000000000000
	interaction_length: 1.2000000000000000
	number_of_patches: 3
	number_of_particles_per_compound: 1
	rod_length: 1.0000000000000000
	interaction_matrix:  1.000000 1.000000 1.000000 1.000000 1.000000 1.000000 1.000000 1.000000 1.000000
	patch_type: symmetric
	patch_width: 8.0000000000000000
	patch_angle: 0.0000000000000000
	angles:  0.000000 0.000000 0.000000
	grand_canonical: 0
	chemical_potential: 0.0000000000000000
box: 44.936710 44.936710
copy: 1.000000 1.000000
epsilon: 0.0458330000000000
end_epsilon: 0.0000000000000000
pressure: 0.0875000000000000
lambda: 0.0000000000000000
lambda_coupling: 1.0000000000000000
uy: 0.0000000000000000
maximum_displacement: 1.0000000000000000
maximum_rotation: 1.0000000000000000
maximum_volume: 1.0000000000000000
maximum_shape: 0.0000001000000000
maximum_dsigma: 0.0100000000000000
mod: 10
pmod: 10
optimize: 1
verbose: 1
snapshot: 0
display: 1
explore: 1
npt: 1
nptxy: 0
nptdxdy: 0
shape: 0
seed: 1363780
130.528253856152 49.869775794299 0.866025403784 -0.500000000000
114.884412786797 -202.427911742917 0.866025403784 -0.500000000000
100.044532886862 1.886207058821 0.000000000000 1.000000000000
17.432701254174 -155.283240890845 0.866025403784 -0.500000000000
27.267350814092 94.200090636026 0.866025403784 -0.500000000000
126.760455560891 74.671263657118 0.866025403784 -0.500000000000
414.124980794772 -26.739738427702 0.866025403784 0.500000000000
115.003519408908 150.219945409592 0.866025403784 -0.500000000000
121.136077647635 -78.193680460778 0.866025403784 0.500000000000
-48.753480834555 -118.728512470154 0.000000000000 1.000000000000
285.520502627534 -30.335653210040 0.866025403784 0.500000000000
-161.827408119216 -165.026433612181 0.866025403784 -0.500000000000
44.168335885332 -276.569530141759 0.866025403784 -0.500000000000
-21.540581249393 -32.885905691148 0.000000000000 1.000000000000
469.201440392463 18.945659113676 0.866025403784 -0.500000000000
29.908320853483 42.111781127764 0.866025403784 0.500000000000
-240.748231789288 27.687833272077 0.866025403784 -0.500000000000
-319.099548362038 333.776951950376 0.866025403784 -0.500000000000
-29.693567332099 -124.024739586694 0.000000000000 1.000000000000
-176.327323442820 210.374803893552 0.000000000000 1.000000000000
