#Configurational_file created 2018-09-14 12:03:45  started 2018-09-14 12:03:44 run for 1.0s steps 0
name: p_1140
step: 10000
specie: 20
	particle_diameter: 1.0000000000000000
	interaction_length: 1.2000000000000000
	number_of_patches: 3
	number_of_particles_per_compound: 1
	rod_length: 1.0000000000000000
	interaction_matrix:  1.000000 1.000000 1.000000 1.000000 1.000000 1.000000 1.000000 1.000000 1.000000
	patch_type: symmetric
	patch_width: 8.0000000000000000
	patch_angle: 0.0000000000000000
	angles:  0.000000 0.000000 0.000000
	grand_canonical: 0
	chemical_potential: 0.0000000000000000
box: 41.744354 41.744354
copy: 1.000000 1.000000
epsilon: 0.0416670000000000
end_epsilon: 0.0000000000000000
pressure: 0.0583340000000000
lambda: 0.0000000000000000
lambda_coupling: 1.0000000000000000
uy: 0.0000000000000000
maximum_displacement: 1.0000000000000000
maximum_rotation: 1.0000000000000000
maximum_volume: 1.0000000000000000
maximum_shape: 0.0000001000000000
maximum_dsigma: 0.0100000000000000
mod: 10
pmod: 10
optimize: 1
verbose: 1
snapshot: 0
display: 1
explore: 1
npt: 1
nptxy: 0
nptdxdy: 0
shape: 0
seed: 1298971
126.010336859946 -92.494142340615 0.866025403784 0.500000000000
157.553964225086 214.473592873700 0.000000000000 1.000000000000
9.878477011760 -294.746157145575 0.866025403784 0.500000000000
129.389803317704 296.422025959719 0.866025403784 -0.500000000000
-111.100820109283 -146.879443285507 0.000000000000 1.000000000000
-125.918323705229 -119.773405081657 0.866025403784 0.500000000000
73.746354800780 -28.129090162656 0.866025403784 0.500000000000
-13.920903700995 -115.636237591312 0.866025403784 0.500000000000
34.177866979501 -191.827767025778 0.866025403784 0.500000000000
104.515178181071 109.562325251988 0.866025403784 0.500000000000
-137.274192814337 220.626298151938 0.000000000000 1.000000000000
54.732155806393 -104.747105412039 0.000000000000 1.000000000000
-135.332630829780 -89.594191555746 0.866025403784 -0.500000000000
99.145384224106 103.480463414186 0.866025403784 -0.500000000000
-362.819511203300 27.306635884075 0.866025403784 0.500000000000
-21.388013441001 0.314132545991 0.000000000000 1.000000000000
182.793405586162 283.319108019127 0.000000000000 1.000000000000
306.512600123597 244.027992573799 0.866025403784 -0.500000000000
-95.709398616860 10.543831820919 0.866025403784 0.500000000000
454.203046708912 97.539521028808 0.866025403784 0.500000000000
