#Configurational_file created 2018-09-14 12:04:10  started 2018-09-14 12:04:09 run for 1.0s steps 0
name: p_1175
step: 10000
specie: 20
	particle_diameter: 1.0000000000000000
	interaction_length: 1.2000000000000000
	number_of_patches: 3
	number_of_particles_per_compound: 1
	rod_length: 1.0000000000000000
	interaction_matrix:  1.000000 1.000000 1.000000 1.000000 1.000000 1.000000 1.000000 1.000000 1.000000
	patch_type: symmetric
	patch_width: 8.0000000000000000
	patch_angle: 0.0000000000000000
	angles:  0.000000 0.000000 0.000000
	grand_canonical: 0
	chemical_potential: 0.0000000000000000
box: 39.208083 39.208083
copy: 1.000000 1.000000
epsilon: 0.0437500000000000
end_epsilon: 0.0000000000000000
pressure: 0.1000000000000000
lambda: 0.0000000000000000
lambda_coupling: 1.0000000000000000
uy: 0.0000000000000000
maximum_displacement: 1.0000000000000000
maximum_rotation: 1.0000000000000000
maximum_volume: 1.0000000000000000
maximum_shape: 0.0000001000000000
maximum_dsigma: 0.0100000000000000
mod: 10
pmod: 10
optimize: 1
verbose: 1
snapshot: 0
display: 1
explore: 1
npt: 1
nptxy: 0
nptdxdy: 0
shape: 0
seed: 1338766
235.833234392623 -181.834863553862 0.866025403784 -0.500000000000
-38.577984996576 222.440890054882 0.000000000000 1.000000000000
149.423533639053 177.214959654881 0.866025403784 -0.500000000000
-205.765770929718 69.273910103564 0.866025403784 0.500000000000
-140.370939117730 -58.329006577844 0.000000000000 1.000000000000
-182.637471531171 -43.094790006037 0.000000000000 1.000000000000
-54.827021822252 -87.592819244887 0.866025403784 -0.500000000000
-77.863444280746 7.277846723072 0.866025403784 0.500000000000
182.093222770910 -35.414656582366 0.866025403784 0.500000000000
73.986302373965 56.228378175570 0.000000000000 1.000000000000
88.674845532398 -116.613778836119 0.000000000000 1.000000000000
-6.353010377288 46.734885117048 0.866025403784 -0.500000000000
18.628409466720 -8.106405437441 0.866025403784 0.500000000000
-214.557264521411 -23.984373373622 0.866025403784 0.500000000000
30.758549582320 53.637958745995 0.000000000000 1.000000000000
-145.989043797572 72.275798198825 0.000000000000 1.000000000000
-24.688276913522 82.730859157727 0.866025403784 -0.500000000000
-70.788094860478 -161.504013874705 0.866025403784 0.500000000000
-236.338746952471 74.762776103905 0.000000000000 1.000000000000
-136.037823594064 -111.905278870566 0.000000000000 1.000000000000
