#Configurational_file created 2018-09-14 11:06:51  started 2018-09-14 11:06:50 run for 1.0s steps 0
name: p_111
step: 10000
specie: 20
	particle_diameter: 1.0000000000000000
	interaction_length: 1.2000000000000000
	number_of_patches: 3
	number_of_particles_per_compound: 1
	rod_length: 1.0000000000000000
	interaction_matrix:  1.000000 1.000000 1.000000 1.000000 1.000000 1.000000 1.000000 1.000000 1.000000
	patch_type: symmetric
	patch_width: 8.0000000000000000
	patch_angle: 0.0000000000000000
	angles:  0.000000 0.000000 0.000000
	grand_canonical: 0
	chemical_potential: 0.0000000000000000
box: 9.092673 9.092673
copy: 1.000000 1.000000
epsilon: 0.3571710000000000
end_epsilon: 0.0000000000000000
pressure: 1.7142999999999999
lambda: 0.0000000000000000
lambda_coupling: 1.0000000000000000
uy: 0.0000000000000000
maximum_displacement: 1.0000000000000000
maximum_rotation: 1.0000000000000000
maximum_volume: 0.5223960480128598
maximum_shape: 0.0000001000000000
maximum_dsigma: 0.0100000000000000
mod: 10
pmod: 10
optimize: 1
verbose: 1
snapshot: 0
display: 1
explore: 1
npt: 1
nptxy: 0
nptdxdy: 0
shape: 0
seed: 129077
23.818002654674 -47.784745330147 0.000000000000 1.000000000000
-41.836970544308 -72.018874488861 0.000000000000 1.000000000000
-62.101397187577 29.622300581908 0.866025403784 -0.500000000000
35.284688669635 -1.776210199545 0.000000000000 1.000000000000
-45.737084206455 163.873653777539 0.000000000000 1.000000000000
79.925071307101 -0.394662632682 0.866025403784 -0.500000000000
25.826771087265 -50.881909280925 0.866025403784 -0.500000000000
87.786264211916 54.812288004522 0.866025403784 -0.500000000000
-3.452551114210 -14.900692942780 0.866025403784 -0.500000000000
30.969252836090 -134.078055508821 0.866025403784 0.500000000000
5.785489088315 13.878054459013 0.866025403784 -0.500000000000
20.286778599153 -47.779286625174 0.866025403784 0.500000000000
18.952496629583 -114.028602356513 0.866025403784 0.500000000000
60.903955869299 -101.258947789843 0.866025403784 0.500000000000
31.028834672797 -29.683524234395 0.866025403784 -0.500000000000
-153.744270537696 -54.179212598586 0.000000000000 1.000000000000
101.241703397592 -85.736833111528 0.866025403784 0.500000000000
-6.961649963941 8.668486516501 0.866025403784 0.500000000000
124.937223915188 38.609398055759 0.866025403784 0.500000000000
-88.649908843102 32.747808395821 0.000000000000 1.000000000000
