#Configurational_file created 2018-09-14 12:03:19  started 2018-09-14 12:03:19 run for 0.0s steps 0
name: p_1105
step: 10000
specie: 20
	particle_diameter: 1.0000000000000000
	interaction_length: 1.2000000000000000
	number_of_patches: 3
	number_of_particles_per_compound: 1
	rod_length: 1.0000000000000000
	interaction_matrix:  1.000000 1.000000 1.000000 1.000000 1.000000 1.000000 1.000000 1.000000 1.000000
	patch_type: symmetric
	patch_width: 8.0000000000000000
	patch_angle: 0.0000000000000000
	angles:  0.000000 0.000000 0.000000
	grand_canonical: 0
	chemical_potential: 0.0000000000000000
box: 50.652956 50.652956
copy: 1.000000 1.000000
epsilon: 0.0395840000000000
end_epsilon: 0.0000000000000000
pressure: 0.0166680000000000
lambda: 0.0000000000000000
lambda_coupling: 1.0000000000000000
uy: 0.0000000000000000
maximum_displacement: 1.0000000000000000
maximum_rotation: 1.0000000000000000
maximum_volume: 1.0000000000000000
maximum_shape: 0.0000001000000000
maximum_dsigma: 0.0100000000000000
mod: 10
pmod: 10
optimize: 1
verbose: 1
snapshot: 0
display: 1
explore: 1
npt: 1
nptxy: 0
nptdxdy: 0
shape: 0
seed: 1259176
-206.497437511003 12.008226748907 0.866025403784 -0.500000000000
280.893061056534 37.181503437373 0.866025403784 0.500000000000
-150.574706730137 -37.560219137036 0.866025403784 0.500000000000
-5.872339167578 -63.633073207766 0.866025403784 0.500000000000
-173.250952474672 4.554416205469 0.000000000000 1.000000000000
70.705474820312 224.309028928848 0.866025403784 -0.500000000000
-402.606610668874 -57.022233149673 0.866025403784 -0.500000000000
-386.303062837147 105.152191021013 0.866025403784 0.500000000000
-9.705188212993 -477.012590480951 0.866025403784 0.500000000000
28.735475918873 -36.392074958520 0.866025403784 0.500000000000
-30.796608547043 -40.579986992153 0.866025403784 0.500000000000
-208.882651417944 -296.385731358979 0.866025403784 0.500000000000
-88.435106651285 -61.252208032478 0.000000000000 1.000000000000
96.091535186312 -214.516112807597 0.866025403784 -0.500000000000
126.986793455098 0.450884236655 0.866025403784 0.500000000000
-8.583102326755 -0.422914848597 0.866025403784 -0.500000000000
-85.086637219407 66.320460831056 0.866025403784 -0.500000000000
303.886326685270 348.410073621973 0.866025403784 0.500000000000
154.710734334223 -36.604637554464 0.000000000000 1.000000000000
135.795391008470 222.868249600208 0.000000000000 1.000000000000
