#Configurational_file created 2018-09-14 13:59:33  started 2018-09-14 13:59:32 run for 1.0s steps 0
name: p_1153
step: 10000
specie: 20
	particle_diameter: 1.0000000000000000
	interaction_length: 1.2000000000000000
	number_of_patches: 3
	number_of_particles_per_compound: 1
	rod_length: 1.0000000000000000
	interaction_matrix:  1.000000 1.000000 1.000000 1.000000 1.000000 1.000000 1.000000 1.000000 1.000000
	patch_type: symmetric
	patch_width: 8.0000000000000000
	patch_angle: 0.0000000000000000
	angles:  0.000000 0.000000 0.000000
	grand_canonical: 0
	chemical_potential: 0.0000000000000000
box: 13.877357 13.877357
copy: 1.000000 1.000000
epsilon: 0.5517250000000000
end_epsilon: 0.0000000000000000
pressure: 0.2068970000000000
lambda: 0.0000000000000000
lambda_coupling: 1.0000000000000000
uy: 0.0000000000000000
maximum_displacement: 1.0000000000000000
maximum_rotation: 1.0000000000000000
maximum_volume: 1.0000000000000000
maximum_shape: 0.0000001000000000
maximum_dsigma: 0.0100000000000000
mod: 10
pmod: 10
optimize: 1
verbose: 1
snapshot: 0
display: 1
explore: 1
npt: 1
nptxy: 0
nptdxdy: 0
shape: 0
seed: 1313752
103.724316292917 -92.324341925339 0.000000000000 1.000000000000
59.885172142450 -180.900077853871 0.866025403784 -0.500000000000
-33.093623436805 36.159462874129 0.866025403784 -0.500000000000
-226.525319168339 -59.470801356193 0.000000000000 1.000000000000
-50.807095403398 -49.487389567136 0.866025403784 -0.500000000000
-20.425390875935 210.090053033564 0.866025403784 0.500000000000
-10.353067242984 81.140607455566 0.000000000000 1.000000000000
-3.769863687192 43.002523723855 0.866025403784 0.500000000000
-27.096500102610 -117.908499393337 0.866025403784 0.500000000000
-42.431715401603 -85.716245641902 0.000000000000 1.000000000000
167.428537118511 -10.363079101896 0.866025403784 0.500000000000
-41.975926907302 147.618567436326 0.866025403784 0.500000000000
122.307030364900 -115.250384608475 0.000000000000 1.000000000000
-36.213111891178 13.802522628408 0.866025403784 -0.500000000000
-43.661368883046 171.678992409786 0.866025403784 -0.500000000000
29.130483989114 -108.604646112187 0.866025403784 0.500000000000
10.802901004954 -6.736803970400 0.000000000000 1.000000000000
-151.317331663894 -85.292739072572 0.866025403784 0.500000000000
50.719839702654 -36.160532230940 0.866025403784 -0.500000000000
-61.413441142753 26.455210979205 0.866025403784 -0.500000000000
