#Configurational_file created 2018-09-14 12:04:19  started 2018-09-14 12:04:18 run for 1.0s steps 0
name: p_1187
step: 10000
specie: 20
	particle_diameter: 1.0000000000000000
	interaction_length: 1.2000000000000000
	number_of_patches: 3
	number_of_particles_per_compound: 1
	rod_length: 1.0000000000000000
	interaction_matrix:  1.000000 1.000000 1.000000 1.000000 1.000000 1.000000 1.000000 1.000000 1.000000
	patch_type: symmetric
	patch_width: 8.0000000000000000
	patch_angle: 0.0000000000000000
	angles:  0.000000 0.000000 0.000000
	grand_canonical: 0
	chemical_potential: 0.0000000000000000
box: 43.485648 43.485648
copy: 1.000000 1.000000
epsilon: 0.0458330000000000
end_epsilon: 0.0000000000000000
pressure: 0.0458340000000000
lambda: 0.0000000000000000
lambda_coupling: 1.0000000000000000
uy: 0.0000000000000000
maximum_displacement: 1.0000000000000000
maximum_rotation: 1.0000000000000000
maximum_volume: 1.0000000000000000
maximum_shape: 0.0000001000000000
maximum_dsigma: 0.0100000000000000
mod: 10
pmod: 10
optimize: 1
verbose: 1
snapshot: 0
display: 1
explore: 1
npt: 1
nptxy: 0
nptdxdy: 0
shape: 0
seed: 1352410
-32.240483429490 -13.540643662662 0.000000000000 1.000000000000
-18.341732888255 -230.361873287750 0.000000000000 1.000000000000
24.694701720118 -175.095311397131 0.000000000000 1.000000000000
234.483154361388 6.678724558749 0.866025403784 0.500000000000
226.069712527873 81.077941072773 0.866025403784 0.500000000000
-19.723555214083 29.372820321961 0.866025403784 0.500000000000
-120.923446151486 -275.450050079829 0.866025403784 -0.500000000000
164.531919361256 240.346945207961 0.000000000000 1.000000000000
101.237948711486 7.396281181833 0.866025403784 0.500000000000
274.867604707217 -102.983122666908 0.000000000000 1.000000000000
-123.517941073230 20.519675130703 0.866025403784 -0.500000000000
39.298980089396 -109.254333683425 0.866025403784 0.500000000000
-77.467561073984 -35.342585048337 0.866025403784 0.500000000000
-368.781450899346 -315.275002922145 0.000000000000 1.000000000000
-386.424904174669 34.439067589577 0.866025403784 -0.500000000000
28.538387568129 -88.199832773353 0.866025403784 0.500000000000
116.121151115562 51.652154090432 0.866025403784 0.500000000000
-312.207808468483 33.809816374856 0.000000000000 1.000000000000
108.539863086579 136.272148145723 0.866025403784 0.500000000000
117.206494140388 223.879940267533 0.866025403784 0.500000000000
