#Configurational_file created 2018-09-14 12:04:01  started 2018-09-14 12:04:00 run for 1.0s steps 0
name: p_1163
step: 10000
specie: 20
	particle_diameter: 1.0000000000000000
	interaction_length: 1.2000000000000000
	number_of_patches: 3
	number_of_particles_per_compound: 1
	rod_length: 1.0000000000000000
	interaction_matrix:  1.000000 1.000000 1.000000 1.000000 1.000000 1.000000 1.000000 1.000000 1.000000
	patch_type: symmetric
	patch_width: 8.0000000000000000
	patch_angle: 0.0000000000000000
	angles:  0.000000 0.000000 0.000000
	grand_canonical: 0
	chemical_potential: 0.0000000000000000
box: 56.356478 56.356478
copy: 1.000000 1.000000
epsilon: 0.0437500000000000
end_epsilon: 0.0000000000000000
pressure: 0.0500010000000000
lambda: 0.0000000000000000
lambda_coupling: 1.0000000000000000
uy: 0.0000000000000000
maximum_displacement: 1.0000000000000000
maximum_rotation: 1.0000000000000000
maximum_volume: 1.0000000000000000
maximum_shape: 0.0000001000000000
maximum_dsigma: 0.0100000000000000
mod: 10
pmod: 10
optimize: 1
verbose: 1
snapshot: 0
display: 1
explore: 1
npt: 1
nptxy: 0
nptdxdy: 0
shape: 0
seed: 1325122
83.103752786309 92.247479733258 0.866025403784 -0.500000000000
-206.872698714028 93.706935114146 0.866025403784 -0.500000000000
-266.751908299927 -258.013239943356 0.866025403784 0.500000000000
148.499142129760 -290.868596671179 0.866025403784 -0.500000000000
-253.766540513092 400.480369609710 0.000000000000 1.000000000000
12.278384662420 -77.148033628441 0.000000000000 1.000000000000
181.215920319585 184.678431720974 0.866025403784 0.500000000000
-39.516833081087 390.454570666030 0.000000000000 1.000000000000
201.927047388995 273.614634704288 0.866025403784 -0.500000000000
76.176480948236 127.487581966778 0.000000000000 1.000000000000
-257.725999948829 -343.569383054741 0.866025403784 -0.500000000000
179.329511803625 170.761099461191 0.000000000000 1.000000000000
108.669366799996 212.143398354951 0.866025403784 -0.500000000000
-203.499172860303 -36.385748078939 0.866025403784 -0.500000000000
-464.921108592426 -231.474791385432 0.866025403784 0.500000000000
9.523742343846 -147.205181377256 0.866025403784 -0.500000000000
98.897908461798 -88.395864601224 0.866025403784 -0.500000000000
175.672555366288 229.383614224084 0.866025403784 0.500000000000
315.409051364188 114.118557106374 0.000000000000 1.000000000000
-208.916932216762 216.468673545866 0.866025403784 -0.500000000000
