#Configurational_file created 2018-09-14 12:03:53  started 2018-09-14 12:03:52 run for 1.0s steps 0
name: p_1152
step: 10000
specie: 20
	particle_diameter: 1.0000000000000000
	interaction_length: 1.2000000000000000
	number_of_patches: 3
	number_of_particles_per_compound: 1
	rod_length: 1.0000000000000000
	interaction_matrix:  1.000000 1.000000 1.000000 1.000000 1.000000 1.000000 1.000000 1.000000 1.000000
	patch_type: symmetric
	patch_width: 8.0000000000000000
	patch_angle: 0.0000000000000000
	angles:  0.000000 0.000000 0.000000
	grand_canonical: 0
	chemical_potential: 0.0000000000000000
box: 50.927128 50.927128
copy: 1.000000 1.000000
epsilon: 0.0437500000000000
end_epsilon: 0.0000000000000000
pressure: 0.0041680000000000
lambda: 0.0000000000000000
lambda_coupling: 1.0000000000000000
uy: 0.0000000000000000
maximum_displacement: 1.0000000000000000
maximum_rotation: 1.0000000000000000
maximum_volume: 1.0000000000000000
maximum_shape: 0.0000001000000000
maximum_dsigma: 0.0100000000000000
mod: 10
pmod: 10
optimize: 1
verbose: 1
snapshot: 0
display: 1
explore: 1
npt: 1
nptxy: 0
nptdxdy: 0
shape: 0
seed: 1312615
9.468743423340 101.431239683857 0.000000000000 1.000000000000
-0.117340647693 -14.390669355094 0.000000000000 1.000000000000
234.150098059549 -83.280180368855 0.000000000000 1.000000000000
-242.921652358627 -6.865795324442 0.866025403784 -0.500000000000
12.647155957066 122.186086069337 0.866025403784 -0.500000000000
221.198422968588 -53.962818957444 0.000000000000 1.000000000000
-72.343273218732 147.089259365785 0.866025403784 0.500000000000
61.431662173014 238.876062142516 0.866025403784 0.500000000000
112.739154190479 180.975928825154 0.866025403784 0.500000000000
211.346091158497 -522.048279328826 0.866025403784 -0.500000000000
26.522390904673 159.011229731566 0.866025403784 0.500000000000
-166.047179669496 283.714306978842 0.000000000000 1.000000000000
55.034319816266 -11.458537074167 0.000000000000 1.000000000000
-236.917357894724 22.268669111865 0.000000000000 1.000000000000
213.680999150794 122.937734498318 0.000000000000 1.000000000000
38.907347011911 -312.191165665296 0.866025403784 0.500000000000
84.856263142957 -80.169377081113 0.000000000000 1.000000000000
86.541387988627 391.160895456943 0.000000000000 1.000000000000
-82.906023660029 164.124562153636 0.000000000000 1.000000000000
-264.495555014252 276.707990223525 0.866025403784 0.500000000000
