#Configurational_file created 2018-09-14 13:59:40  started 2018-09-14 13:59:39 run for 1.0s steps 0
name: p_1163
step: 10000
specie: 20
	particle_diameter: 1.0000000000000000
	interaction_length: 1.2000000000000000
	number_of_patches: 3
	number_of_particles_per_compound: 1
	rod_length: 1.0000000000000000
	interaction_matrix:  1.000000 1.000000 1.000000 1.000000 1.000000 1.000000 1.000000 1.000000 1.000000
	patch_type: symmetric
	patch_width: 8.0000000000000000
	patch_angle: 0.0000000000000000
	angles:  0.000000 0.000000 0.000000
	grand_canonical: 0
	chemical_potential: 0.0000000000000000
box: 10.153036 10.153036
copy: 1.000000 1.000000
epsilon: 0.5517250000000000
end_epsilon: 0.0000000000000000
pressure: 0.3793110000000000
lambda: 0.0000000000000000
lambda_coupling: 1.0000000000000000
uy: 0.0000000000000000
maximum_displacement: 1.0000000000000000
maximum_rotation: 1.0000000000000000
maximum_volume: 1.0000000000000000
maximum_shape: 0.0000001000000000
maximum_dsigma: 0.0100000000000000
mod: 10
pmod: 10
optimize: 1
verbose: 1
snapshot: 0
display: 1
explore: 1
npt: 1
nptxy: 0
nptdxdy: 0
shape: 0
seed: 1325122
3.745781689350 33.826673209302 0.866025403784 -0.500000000000
171.279087346638 56.147000545702 0.866025403784 0.500000000000
-93.534313052764 28.687747214871 0.000000000000 1.000000000000
106.623422241649 -64.084199745065 0.866025403784 -0.500000000000
-32.100629396037 193.869056453383 0.000000000000 1.000000000000
98.650047012263 119.929263311329 0.866025403784 -0.500000000000
-36.055764100214 -15.464834996412 0.000000000000 1.000000000000
0.334456708581 102.508074947758 0.866025403784 -0.500000000000
17.784151521921 -40.935736267706 0.000000000000 1.000000000000
-14.387965007190 137.123325493624 0.000000000000 1.000000000000
3.474141657995 58.592867896897 0.866025403784 0.500000000000
-47.163699280649 59.615997249428 0.866025403784 -0.500000000000
118.539619990809 -13.631816468982 0.000000000000 1.000000000000
-57.721230544063 -29.054061805603 0.000000000000 1.000000000000
-19.673942010541 6.431971597305 0.866025403784 0.500000000000
-106.979580682005 -50.261240148330 0.000000000000 1.000000000000
-42.322704432594 -54.748314916261 0.866025403784 -0.500000000000
67.158847408890 15.627425960678 0.866025403784 -0.500000000000
124.668795201365 -13.258523863158 0.000000000000 1.000000000000
-70.333088557223 34.696356850763 0.866025403784 0.500000000000
