#Configurational_file created 2018-09-14 11:37:04  started 2018-09-14 11:37:03 run for 1.0s steps 0
name: p_1182
step: 10000
specie: 20
	particle_diameter: 1.0000000000000000
	interaction_length: 1.2000000000000000
	number_of_patches: 3
	number_of_particles_per_compound: 1
	rod_length: 1.0000000000000000
	interaction_matrix:  1.000000 1.000000 1.000000 1.000000 1.000000 1.000000 1.000000 1.000000 1.000000
	patch_type: symmetric
	patch_width: 8.0000000000000000
	patch_angle: 0.0000000000000000
	angles:  0.000000 0.000000 0.000000
	grand_canonical: 0
	chemical_potential: 0.0000000000000000
box: 10.238326 10.238326
copy: 1.000000 1.000000
epsilon: 0.4583420000000000
end_epsilon: 0.0000000000000000
pressure: 0.5000750000000000
lambda: 0.0000000000000000
lambda_coupling: 1.0000000000000000
uy: 0.0000000000000000
maximum_displacement: 1.0000000000000000
maximum_rotation: 1.0000000000000000
maximum_volume: 1.0000000000000000
maximum_shape: 0.0000001000000000
maximum_dsigma: 0.0100000000000000
mod: 10
pmod: 10
optimize: 1
verbose: 1
snapshot: 0
display: 1
explore: 1
npt: 1
nptxy: 0
nptdxdy: 0
shape: 0
seed: 1346725
-17.288258585954 77.616140633476 0.866025403784 0.500000000000
-113.352087602364 31.972353753039 0.000000000000 1.000000000000
7.346553885808 53.024105935076 0.866025403784 0.500000000000
103.588092709440 83.949520501122 0.866025403784 0.500000000000
69.101880267886 7.207343474987 0.866025403784 0.500000000000
-16.418919098982 77.055157782057 0.866025403784 0.500000000000
-146.407278635339 -47.588173011635 0.866025403784 0.500000000000
45.684275830675 7.950822189249 0.000000000000 1.000000000000
75.703706435800 22.342316198368 0.866025403784 -0.500000000000
61.127200109810 -176.503402729743 0.866025403784 0.500000000000
-12.869505829386 -61.017500353372 0.866025403784 0.500000000000
-44.099992252153 110.208730196394 0.866025403784 -0.500000000000
-58.986558935524 102.574024118687 0.000000000000 1.000000000000
69.513904616014 69.790163898838 0.000000000000 1.000000000000
-24.546576476736 71.309378725150 0.866025403784 0.500000000000
64.159718817205 -19.192332603236 0.000000000000 1.000000000000
-63.276419378967 67.362940786693 0.866025403784 0.500000000000
-66.732738291154 44.063318792426 0.866025403784 0.500000000000
-37.700235260100 34.700514620464 0.000000000000 1.000000000000
-8.979926387549 -42.798898510022 0.866025403784 0.500000000000
