#Configurational_file created 2018-09-14 12:04:00  started 2018-09-14 12:03:59 run for 1.0s steps 0
name: p_1161
step: 10000
specie: 20
	particle_diameter: 1.0000000000000000
	interaction_length: 1.2000000000000000
	number_of_patches: 3
	number_of_particles_per_compound: 1
	rod_length: 1.0000000000000000
	interaction_matrix:  1.000000 1.000000 1.000000 1.000000 1.000000 1.000000 1.000000 1.000000 1.000000
	patch_type: symmetric
	patch_width: 8.0000000000000000
	patch_angle: 0.0000000000000000
	angles:  0.000000 0.000000 0.000000
	grand_canonical: 0
	chemical_potential: 0.0000000000000000
box: 44.544447 44.544447
copy: 1.000000 1.000000
epsilon: 0.0437500000000000
end_epsilon: 0.0000000000000000
pressure: 0.0416670000000000
lambda: 0.0000000000000000
lambda_coupling: 1.0000000000000000
uy: 0.0000000000000000
maximum_displacement: 1.0000000000000000
maximum_rotation: 1.0000000000000000
maximum_volume: 1.0000000000000000
maximum_shape: 0.0000001000000000
maximum_dsigma: 0.0100000000000000
mod: 10
pmod: 10
optimize: 1
verbose: 1
snapshot: 0
display: 1
explore: 1
npt: 1
nptxy: 0
nptdxdy: 0
shape: 0
seed: 1322848
402.637084357468 3.894099335100 0.000000000000 1.000000000000
-12.301868418159 23.141680009201 0.866025403784 0.500000000000
53.986947163351 -195.500664382757 0.000000000000 1.000000000000
174.604389792893 37.355703224208 0.866025403784 -0.500000000000
-32.101331203512 -60.774418104237 0.866025403784 0.500000000000
435.931904738456 -134.378872048459 0.866025403784 0.500000000000
-54.343872897474 -151.483895307682 0.866025403784 -0.500000000000
106.016058218557 28.174001274759 0.866025403784 -0.500000000000
-17.350060925756 -89.308326851919 0.866025403784 -0.500000000000
-77.384402780644 -157.675327963880 0.000000000000 1.000000000000
206.175561912381 129.743241525383 0.866025403784 -0.500000000000
-154.066334789083 -91.751439248866 0.000000000000 1.000000000000
42.274386824820 -124.988323959479 0.866025403784 -0.500000000000
-76.853045934238 130.460810668089 0.866025403784 -0.500000000000
50.310260385797 -47.756866241524 0.866025403784 -0.500000000000
9.324896256483 -93.832022293033 0.866025403784 -0.500000000000
6.152695868039 -165.495768370695 0.000000000000 1.000000000000
166.324630524260 107.930748446991 0.000000000000 1.000000000000
-270.939085732721 77.210061262167 0.000000000000 1.000000000000
282.770577881873 -226.606185263527 0.000000000000 1.000000000000
