#Configurational_file created 2018-09-14 13:59:26  started 2018-09-14 13:59:25 run for 1.0s steps 0
name: p_1143
step: 10000
specie: 20
	particle_diameter: 1.0000000000000000
	interaction_length: 1.2000000000000000
	number_of_patches: 3
	number_of_particles_per_compound: 1
	rod_length: 1.0000000000000000
	interaction_matrix:  1.000000 1.000000 1.000000 1.000000 1.000000 1.000000 1.000000 1.000000 1.000000
	patch_type: symmetric
	patch_width: 8.0000000000000000
	patch_angle: 0.0000000000000000
	angles:  0.000000 0.000000 0.000000
	grand_canonical: 0
	chemical_potential: 0.0000000000000000
box: 34.558714 34.558714
copy: 1.000000 1.000000
epsilon: 0.5517250000000000
end_epsilon: 0.0000000000000000
pressure: 0.0344840000000000
lambda: 0.0000000000000000
lambda_coupling: 1.0000000000000000
uy: 0.0000000000000000
maximum_displacement: 1.0000000000000000
maximum_rotation: 1.0000000000000000
maximum_volume: 1.0000000000000000
maximum_shape: 0.0000001000000000
maximum_dsigma: 0.0100000000000000
mod: 10
pmod: 10
optimize: 1
verbose: 1
snapshot: 0
display: 1
explore: 1
npt: 1
nptxy: 0
nptdxdy: 0
shape: 0
seed: 1302382
-58.789297066756 294.368152941831 0.866025403784 0.500000000000
161.740620368424 -112.069345049956 0.866025403784 0.500000000000
-51.238005984381 266.468052736116 0.866025403784 -0.500000000000
163.972718798024 -65.064439740468 0.866025403784 0.500000000000
-160.851333406614 -137.882837055207 0.866025403784 -0.500000000000
12.737228728789 93.937893868170 0.000000000000 1.000000000000
50.398217544611 156.871080052116 0.000000000000 1.000000000000
115.664229928313 101.774766119018 0.866025403784 -0.500000000000
-15.740225653339 120.692284137431 0.000000000000 1.000000000000
12.992615731963 -51.733601380466 0.866025403784 0.500000000000
57.073817291201 122.837013894825 0.866025403784 0.500000000000
93.986990443547 78.774211437063 0.866025403784 -0.500000000000
254.298072671430 72.837764606085 0.866025403784 0.500000000000
47.645261320252 -3.271044020015 0.866025403784 0.500000000000
-90.507292345588 5.326184706279 0.000000000000 1.000000000000
-111.009711242848 217.100205093413 0.000000000000 1.000000000000
-97.873205440941 102.422185039752 0.000000000000 1.000000000000
72.831247155706 40.850566569786 0.866025403784 -0.500000000000
118.234431794676 11.851727812252 0.000000000000 1.000000000000
84.549786850158 91.122610899667 0.866025403784 -0.500000000000
