#Configurational_file created 2018-09-14 11:36:06  started 2018-09-14 11:36:05 run for 1.0s steps 0
name: p_1115
step: 10000
specie: 20
	particle_diameter: 1.0000000000000000
	interaction_length: 1.2000000000000000
	number_of_patches: 3
	number_of_particles_per_compound: 1
	rod_length: 1.0000000000000000
	interaction_matrix:  1.000000 1.000000 1.000000 1.000000 1.000000 1.000000 1.000000 1.000000 1.000000
	patch_type: symmetric
	patch_width: 8.0000000000000000
	patch_angle: 0.0000000000000000
	angles:  0.000000 0.000000 0.000000
	grand_canonical: 0
	chemical_potential: 0.0000000000000000
box: 8.853208 8.853208
copy: 1.000000 1.000000
epsilon: 0.3958540000000000
end_epsilon: 0.0000000000000000
pressure: 1.1667080000000001
lambda: 0.0000000000000000
lambda_coupling: 1.0000000000000000
uy: 0.0000000000000000
maximum_displacement: 1.0000000000000000
maximum_rotation: 1.0000000000000000
maximum_volume: 0.8415398831390720
maximum_shape: 0.0000001000000000
maximum_dsigma: 0.0100000000000000
mod: 10
pmod: 10
optimize: 1
verbose: 1
snapshot: 0
display: 1
explore: 1
npt: 1
nptxy: 0
nptdxdy: 0
shape: 0
seed: 1270546
-34.671081085477 -7.741750884946 0.866025403784 -0.500000000000
136.211096644197 -62.185137608187 0.866025403784 -0.500000000000
-0.119461565295 91.412699859786 0.866025403784 -0.500000000000
-89.829282864232 72.127838568375 0.866025403784 -0.500000000000
-80.183452415064 -27.709820951744 0.000000000000 1.000000000000
-104.299083147199 83.232985610115 0.000000000000 1.000000000000
-19.585054663335 111.793933427978 0.000000000000 1.000000000000
-73.512453238221 46.864149720511 0.000000000000 1.000000000000
51.575189347248 -19.017550517887 0.866025403784 0.500000000000
10.281096672939 57.025372149235 0.866025403784 -0.500000000000
-14.140111008895 72.353924390957 0.866025403784 -0.500000000000
-41.590714958471 -19.220192224397 0.866025403784 0.500000000000
30.049862464472 23.514461328799 0.866025403784 0.500000000000
-9.833650173690 26.503996282074 0.866025403784 -0.500000000000
58.494742331099 25.321397898566 0.866025403784 -0.500000000000
-77.888325678744 34.689488754061 0.866025403784 0.500000000000
-6.279055278577 -101.422143830945 0.866025403784 0.500000000000
-57.024124775747 3.779889218509 0.000000000000 1.000000000000
-44.379110577854 160.094783194070 0.000000000000 1.000000000000
138.815539755931 48.494266507991 0.000000000000 1.000000000000
