#Configurational_file created 2018-09-14 11:36:56  started 2018-09-14 11:36:55 run for 1.0s steps 0
name: p_1172
step: 10000
specie: 20
	particle_diameter: 1.0000000000000000
	interaction_length: 1.2000000000000000
	number_of_patches: 3
	number_of_particles_per_compound: 1
	rod_length: 1.0000000000000000
	interaction_matrix:  1.000000 1.000000 1.000000 1.000000 1.000000 1.000000 1.000000 1.000000 1.000000
	patch_type: symmetric
	patch_width: 8.0000000000000000
	patch_angle: 0.0000000000000000
	angles:  0.000000 0.000000 0.000000
	grand_canonical: 0
	chemical_potential: 0.0000000000000000
box: 6.784276 6.784276
copy: 1.000000 1.000000
epsilon: 0.4375120000000000
end_epsilon: 0.0000000000000000
pressure: 1.7500119999999999
lambda: 0.0000000000000000
lambda_coupling: 1.0000000000000000
uy: 0.0000000000000000
maximum_displacement: 1.0000000000000000
maximum_rotation: 1.0000000000000000
maximum_volume: 0.3607979750967707
maximum_shape: 0.0000001000000000
maximum_dsigma: 0.0100000000000000
mod: 10
pmod: 10
optimize: 1
verbose: 1
snapshot: 0
display: 1
explore: 1
npt: 1
nptxy: 0
nptdxdy: 0
shape: 0
seed: 1335355
69.074858447566 -9.696421043311 0.000000000000 1.000000000000
21.224261629457 8.600599334715 0.000000000000 1.000000000000
25.754433159751 -38.803581882468 0.000000000000 1.000000000000
99.833954905354 107.426196182593 0.866025403784 -0.500000000000
70.572718292068 61.127791583807 0.000000000000 1.000000000000
20.154441253595 -49.424470892467 0.866025403784 0.500000000000
62.888824691615 -63.705427054365 0.866025403784 -0.500000000000
52.382121164599 -39.857852269292 0.866025403784 0.500000000000
-29.223792596100 49.286973074348 0.866025403784 -0.500000000000
8.960292945549 14.114209192196 0.866025403784 -0.500000000000
-45.301806667892 29.508383491633 0.000000000000 1.000000000000
27.868231040559 -16.230012286559 0.866025403784 0.500000000000
4.267356785205 -15.445649523541 0.000000000000 1.000000000000
137.238143428826 60.431114861979 0.866025403784 -0.500000000000
-3.308236120829 -80.054847048060 0.000000000000 1.000000000000
77.733809169502 -29.696391904569 0.000000000000 1.000000000000
-14.950856522478 24.408775105338 0.000000000000 1.000000000000
-3.076859028125 -92.492949740164 0.866025403784 -0.500000000000
91.376244224493 18.300894674539 0.866025403784 -0.500000000000
79.798062591983 -82.542386361322 0.000000000000 1.000000000000
