#Configurational_file created 2018-09-14 12:03:49  started 2018-09-14 12:03:48 run for 1.0s steps 0
name: p_1146
step: 10000
specie: 20
	particle_diameter: 1.0000000000000000
	interaction_length: 1.2000000000000000
	number_of_patches: 3
	number_of_particles_per_compound: 1
	rod_length: 1.0000000000000000
	interaction_matrix:  1.000000 1.000000 1.000000 1.000000 1.000000 1.000000 1.000000 1.000000 1.000000
	patch_type: symmetric
	patch_width: 8.0000000000000000
	patch_angle: 0.0000000000000000
	angles:  0.000000 0.000000 0.000000
	grand_canonical: 0
	chemical_potential: 0.0000000000000000
box: 48.253555 48.253555
copy: 1.000000 1.000000
epsilon: 0.0416670000000000
end_epsilon: 0.0000000000000000
pressure: 0.0833340000000000
lambda: 0.0000000000000000
lambda_coupling: 1.0000000000000000
uy: 0.0000000000000000
maximum_displacement: 1.0000000000000000
maximum_rotation: 1.0000000000000000
maximum_volume: 1.0000000000000000
maximum_shape: 0.0000001000000000
maximum_dsigma: 0.0100000000000000
mod: 10
pmod: 10
optimize: 1
verbose: 1
snapshot: 0
display: 1
explore: 1
npt: 1
nptxy: 0
nptdxdy: 0
shape: 0
seed: 1305793
-5.170848636233 -581.499846751938 0.000000000000 1.000000000000
118.873198614471 -76.801653156063 0.866025403784 0.500000000000
76.813091159175 -49.620962239430 0.866025403784 0.500000000000
141.478252235340 -20.243221773993 0.000000000000 1.000000000000
290.696855513555 -32.218996794474 0.000000000000 1.000000000000
192.485293181204 -250.759521963364 0.866025403784 0.500000000000
114.693031546360 -123.457115174929 0.866025403784 0.500000000000
-58.450045861620 25.320640608193 0.866025403784 -0.500000000000
150.457585161344 324.948440720316 0.866025403784 0.500000000000
-210.694259478063 -58.403959264017 0.000000000000 1.000000000000
-197.380047546640 -164.376587868049 0.866025403784 -0.500000000000
-101.635327504637 23.510346022144 0.000000000000 1.000000000000
-68.138732688145 -83.932452542247 0.866025403784 0.500000000000
169.883472202164 -103.238811643346 0.866025403784 -0.500000000000
111.513702987309 -245.499135075034 0.000000000000 1.000000000000
63.094471485424 199.471614838241 0.866025403784 0.500000000000
284.346905370037 -86.728045980503 0.866025403784 0.500000000000
-182.795698281975 127.039886164650 0.866025403784 0.500000000000
-119.136650893452 143.023123929082 0.866025403784 0.500000000000
46.728876489996 299.574603570788 0.866025403784 0.500000000000
