#Configurational_file created 2018-09-14 12:04:22  started 2018-09-14 12:04:21 run for 1.0s steps 0
name: p_1191
step: 10000
specie: 20
	particle_diameter: 1.0000000000000000
	interaction_length: 1.2000000000000000
	number_of_patches: 3
	number_of_particles_per_compound: 1
	rod_length: 1.0000000000000000
	interaction_matrix:  1.000000 1.000000 1.000000 1.000000 1.000000 1.000000 1.000000 1.000000 1.000000
	patch_type: symmetric
	patch_width: 8.0000000000000000
	patch_angle: 0.0000000000000000
	angles:  0.000000 0.000000 0.000000
	grand_canonical: 0
	chemical_potential: 0.0000000000000000
box: 47.345057 47.345057
copy: 1.000000 1.000000
epsilon: 0.0458330000000000
end_epsilon: 0.0000000000000000
pressure: 0.0625000000000000
lambda: 0.0000000000000000
lambda_coupling: 1.0000000000000000
uy: 0.0000000000000000
maximum_displacement: 1.0000000000000000
maximum_rotation: 1.0000000000000000
maximum_volume: 1.0000000000000000
maximum_shape: 0.0000001000000000
maximum_dsigma: 0.0100000000000000
mod: 10
pmod: 10
optimize: 1
verbose: 1
snapshot: 0
display: 1
explore: 1
npt: 1
nptxy: 0
nptdxdy: 0
shape: 0
seed: 1356958
-178.197845708383 93.725891155318 0.866025403784 0.500000000000
-77.279023585965 49.702844501891 0.866025403784 0.500000000000
136.175410075622 -52.226753067684 0.000000000000 1.000000000000
32.503792172689 -39.563849088117 0.866025403784 -0.500000000000
-272.315827217129 -109.919168475593 0.866025403784 -0.500000000000
145.152482735160 4.896115483797 0.866025403784 -0.500000000000
44.340040486263 324.726917544760 0.866025403784 -0.500000000000
-37.606996642228 -126.421418445217 0.866025403784 0.500000000000
-138.018195516458 503.238858142520 0.866025403784 -0.500000000000
103.165135988452 372.670306949410 0.866025403784 0.500000000000
155.234842594602 218.064898149978 0.000000000000 1.000000000000
-20.540542249091 -53.028493824229 0.000000000000 1.000000000000
227.034493857885 -178.264141245932 0.866025403784 0.500000000000
103.126510601997 -44.047591972545 0.000000000000 1.000000000000
0.605714823079 -184.359930265196 0.000000000000 1.000000000000
-15.396089071865 -161.553156338703 0.000000000000 1.000000000000
-361.132792304191 209.004156159285 0.866025403784 0.500000000000
33.202281432020 232.040811740390 0.000000000000 1.000000000000
13.357542192918 268.596541689186 0.866025403784 -0.500000000000
205.187950067231 -78.622194583814 0.866025403784 0.500000000000
