#Configurational_file created 2018-09-14 11:36:22  started 2018-09-14 11:36:21 run for 1.0s steps 0
name: p_1134
step: 10000
specie: 20
	particle_diameter: 1.0000000000000000
	interaction_length: 1.2000000000000000
	number_of_patches: 3
	number_of_particles_per_compound: 1
	rod_length: 1.0000000000000000
	interaction_matrix:  1.000000 1.000000 1.000000 1.000000 1.000000 1.000000 1.000000 1.000000 1.000000
	patch_type: symmetric
	patch_width: 8.0000000000000000
	patch_angle: 0.0000000000000000
	angles:  0.000000 0.000000 0.000000
	grand_canonical: 0
	chemical_potential: 0.0000000000000000
box: 10.735585 10.735585
copy: 1.000000 1.000000
epsilon: 0.4166830000000000
end_epsilon: 0.0000000000000000
pressure: 0.6667330000000000
lambda: 0.0000000000000000
lambda_coupling: 1.0000000000000000
uy: 0.0000000000000000
maximum_displacement: 1.0000000000000000
maximum_rotation: 1.0000000000000000
maximum_volume: 1.0000000000000000
maximum_shape: 0.0000001000000000
maximum_dsigma: 0.0100000000000000
mod: 10
pmod: 10
optimize: 1
verbose: 1
snapshot: 0
display: 1
explore: 1
npt: 1
nptxy: 0
nptdxdy: 0
shape: 0
seed: 1292149
-47.295076940994 69.300022567016 0.866025403784 0.500000000000
-90.728513740470 17.681179819151 0.866025403784 0.500000000000
-22.096574864317 -103.920439545776 0.866025403784 -0.500000000000
-114.861474963215 -42.483907629510 0.866025403784 0.500000000000
-8.261297329646 48.815513416550 0.866025403784 0.500000000000
-130.713192818407 -107.058964639560 0.866025403784 0.500000000000
37.785125603789 -65.103419648493 0.866025403784 0.500000000000
-64.153705186717 158.530625782116 0.866025403784 0.500000000000
28.649181594492 45.803625040429 0.000000000000 1.000000000000
79.374079224474 4.341604780902 0.866025403784 0.500000000000
-74.295463629727 -118.098865889181 0.866025403784 -0.500000000000
-13.642656371442 53.450184033884 0.866025403784 0.500000000000
11.808701738609 -173.557228799107 0.866025403784 0.500000000000
30.692151544214 -59.234772689794 0.866025403784 0.500000000000
-151.686591648385 -63.737806871782 0.866025403784 -0.500000000000
-74.887909664639 49.938254769985 0.000000000000 1.000000000000
-3.022265176907 -145.331415901751 0.000000000000 1.000000000000
-75.906144158832 -79.846409368147 0.000000000000 1.000000000000
-158.484929048547 109.960135163403 0.000000000000 1.000000000000
-35.498496183337 70.824422699058 0.866025403784 -0.500000000000
