#Configurational_file created 2018-09-14 13:59:29  started 2018-09-14 13:59:28 run for 1.0s steps 0
name: p_1148
step: 10000
specie: 20
	particle_diameter: 1.0000000000000000
	interaction_length: 1.2000000000000000
	number_of_patches: 3
	number_of_particles_per_compound: 1
	rod_length: 1.0000000000000000
	interaction_matrix:  1.000000 1.000000 1.000000 1.000000 1.000000 1.000000 1.000000 1.000000 1.000000
	patch_type: symmetric
	patch_width: 8.0000000000000000
	patch_angle: 0.0000000000000000
	angles:  0.000000 0.000000 0.000000
	grand_canonical: 0
	chemical_potential: 0.0000000000000000
box: 18.199083 18.199083
copy: 1.000000 1.000000
epsilon: 0.5517250000000000
end_epsilon: 0.0000000000000000
pressure: 0.1206900000000000
lambda: 0.0000000000000000
lambda_coupling: 1.0000000000000000
uy: 0.0000000000000000
maximum_displacement: 1.0000000000000000
maximum_rotation: 1.0000000000000000
maximum_volume: 1.0000000000000000
maximum_shape: 0.0000001000000000
maximum_dsigma: 0.0100000000000000
mod: 10
pmod: 10
optimize: 1
verbose: 1
snapshot: 0
display: 1
explore: 1
npt: 1
nptxy: 0
nptdxdy: 0
shape: 0
seed: 1308067
150.074749048194 226.035841660030 0.000000000000 1.000000000000
-78.899252417106 -111.433539450744 0.000000000000 1.000000000000
10.364735852913 115.023744320838 0.866025403784 0.500000000000
-256.149486226690 63.564038117395 0.866025403784 -0.500000000000
-237.581189035489 119.983459083878 0.866025403784 -0.500000000000
113.626461516146 5.548160452644 0.866025403784 -0.500000000000
151.620375574772 -4.521869443589 0.866025403784 0.500000000000
-103.897336965764 168.242493956774 0.866025403784 -0.500000000000
-113.085123810053 -86.125159347821 0.866025403784 0.500000000000
246.803764409031 61.892862822431 0.866025403784 -0.500000000000
93.939775126339 -89.966435493740 0.000000000000 1.000000000000
7.128791078008 -50.373752955451 0.866025403784 0.500000000000
-84.891514277689 34.090386633798 0.000000000000 1.000000000000
121.268341870820 -52.622211127673 0.866025403784 -0.500000000000
158.080908991373 146.302276664329 0.866025403784 -0.500000000000
27.870613808229 45.714514409581 0.000000000000 1.000000000000
-6.537860065843 -55.417768143480 0.866025403784 -0.500000000000
113.628988211277 72.380004633154 0.000000000000 1.000000000000
-61.789110967781 -17.803521595783 0.866025403784 -0.500000000000
-80.972657459060 -88.317034043329 0.866025403784 0.500000000000
