#Configurational_file created 2018-09-14 13:59:14  started 2018-09-14 13:59:14 run for 0.0s steps 0
name: p_1128
step: 10000
specie: 20
	particle_diameter: 1.0000000000000000
	interaction_length: 1.2000000000000000
	number_of_patches: 3
	number_of_particles_per_compound: 1
	rod_length: 1.0000000000000000
	interaction_matrix:  1.000000 1.000000 1.000000 1.000000 1.000000 1.000000 1.000000 1.000000 1.000000
	patch_type: symmetric
	patch_width: 8.0000000000000000
	patch_angle: 0.0000000000000000
	angles:  0.000000 0.000000 0.000000
	grand_canonical: 0
	chemical_potential: 0.0000000000000000
box: 13.552691 13.552691
copy: 1.000000 1.000000
epsilon: 0.4827590000000000
end_epsilon: 0.0000000000000000
pressure: 0.2931040000000000
lambda: 0.0000000000000000
lambda_coupling: 1.0000000000000000
uy: 0.0000000000000000
maximum_displacement: 1.0000000000000000
maximum_rotation: 1.0000000000000000
maximum_volume: 1.0000000000000000
maximum_shape: 0.0000001000000000
maximum_dsigma: 0.0100000000000000
mod: 10
pmod: 10
optimize: 1
verbose: 1
snapshot: 0
display: 1
explore: 1
npt: 1
nptxy: 0
nptdxdy: 0
shape: 0
seed: 1285327
24.756128607920 -41.531975237407 0.866025403784 0.500000000000
103.833001280823 -105.116685609926 0.866025403784 -0.500000000000
218.553890319158 -7.798670507848 0.866025403784 -0.500000000000
-26.240572839399 76.606380211400 0.866025403784 0.500000000000
64.071405328401 109.922192096078 0.000000000000 1.000000000000
7.151280653786 22.444706851548 0.866025403784 0.500000000000
-11.884376450900 109.054237942435 0.866025403784 -0.500000000000
-72.334583060256 -2.832313289461 0.866025403784 -0.500000000000
127.726080614510 -15.771352472287 0.866025403784 -0.500000000000
183.971621269110 6.835711264051 0.866025403784 0.500000000000
-59.463035890399 -374.675958125880 0.866025403784 -0.500000000000
-173.876185840958 51.632021428024 0.866025403784 0.500000000000
-9.178029210489 -91.031400224258 0.000000000000 1.000000000000
50.775514906502 4.967098083709 0.866025403784 0.500000000000
30.081705472564 -42.339913946158 0.866025403784 0.500000000000
-183.797777929948 111.978829941845 0.866025403784 0.500000000000
-218.669717717196 54.509158671979 0.000000000000 1.000000000000
-258.194433864198 172.286815218895 0.866025403784 -0.500000000000
78.737708747032 19.479080278185 0.000000000000 1.000000000000
-27.715918077339 14.697337592941 0.866025403784 0.500000000000
