#Configurational_file created 2018-09-14 13:59:51  started 2018-09-14 13:59:50 run for 1.0s steps 0
name: p_1178
step: 10000
specie: 20
	particle_diameter: 1.0000000000000000
	interaction_length: 1.2000000000000000
	number_of_patches: 3
	number_of_particles_per_compound: 1
	rod_length: 1.0000000000000000
	interaction_matrix:  1.000000 1.000000 1.000000 1.000000 1.000000 1.000000 1.000000 1.000000 1.000000
	patch_type: symmetric
	patch_width: 8.0000000000000000
	patch_angle: 0.0000000000000000
	angles:  0.000000 0.000000 0.000000
	grand_canonical: 0
	chemical_potential: 0.0000000000000000
box: 19.968368 19.968368
copy: 1.000000 1.000000
epsilon: 0.6206900000000000
end_epsilon: 0.0000000000000000
pressure: 0.1206900000000000
lambda: 0.0000000000000000
lambda_coupling: 1.0000000000000000
uy: 0.0000000000000000
maximum_displacement: 1.0000000000000000
maximum_rotation: 1.0000000000000000
maximum_volume: 1.0000000000000000
maximum_shape: 0.0000001000000000
maximum_dsigma: 0.0100000000000000
mod: 10
pmod: 10
optimize: 1
verbose: 1
snapshot: 0
display: 1
explore: 1
npt: 1
nptxy: 0
nptdxdy: 0
shape: 0
seed: 1342177
-49.475331975644 131.459298808406 0.000000000000 1.000000000000
-5.491712828351 119.591595005116 0.866025403784 -0.500000000000
-7.691501291282 84.606905540176 0.866025403784 -0.500000000000
99.822921201368 34.224702742425 0.000000000000 1.000000000000
10.214383557409 26.950863458902 0.866025403784 0.500000000000
68.430351041867 53.964139587738 0.866025403784 0.500000000000
5.167447127379 -86.899513869331 0.000000000000 1.000000000000
-37.265750108919 1.109231340360 0.866025403784 0.500000000000
178.324522137905 9.431372837248 0.866025403784 -0.500000000000
107.776960648813 -79.229338914237 0.000000000000 1.000000000000
107.044985900006 13.082398173293 0.866025403784 0.500000000000
69.184748516529 -74.542241475638 0.866025403784 -0.500000000000
57.508261064278 -46.437540223333 0.866025403784 0.500000000000
-49.259473707941 62.685238408981 0.866025403784 -0.500000000000
36.018384168001 53.855994865490 0.866025403784 -0.500000000000
117.397727370010 -138.988849791789 0.866025403784 -0.500000000000
26.293196418512 -77.640199546676 0.866025403784 -0.500000000000
-118.242143000135 146.774352713429 0.866025403784 0.500000000000
-44.392637418575 16.950438801113 0.866025403784 -0.500000000000
135.338139533510 -13.275850783538 0.000000000000 1.000000000000
