#Configurational_file created 2018-09-14 13:59:11  started 2018-09-14 13:59:10 run for 1.0s steps 0
name: p_1123
step: 10000
specie: 20
	particle_diameter: 1.0000000000000000
	interaction_length: 1.2000000000000000
	number_of_patches: 3
	number_of_particles_per_compound: 1
	rod_length: 1.0000000000000000
	interaction_matrix:  1.000000 1.000000 1.000000 1.000000 1.000000 1.000000 1.000000 1.000000 1.000000
	patch_type: symmetric
	patch_width: 8.0000000000000000
	patch_angle: 0.0000000000000000
	angles:  0.000000 0.000000 0.000000
	grand_canonical: 0
	chemical_potential: 0.0000000000000000
box: 14.082253 14.082253
copy: 1.000000 1.000000
epsilon: 0.4827590000000000
end_epsilon: 0.0000000000000000
pressure: 0.2068970000000000
lambda: 0.0000000000000000
lambda_coupling: 1.0000000000000000
uy: 0.0000000000000000
maximum_displacement: 1.0000000000000000
maximum_rotation: 1.0000000000000000
maximum_volume: 1.0000000000000000
maximum_shape: 0.0000001000000000
maximum_dsigma: 0.0100000000000000
mod: 10
pmod: 10
optimize: 1
verbose: 1
snapshot: 0
display: 1
explore: 1
npt: 1
nptxy: 0
nptdxdy: 0
shape: 0
seed: 1279642
53.036776939027 -16.494228202585 0.000000000000 1.000000000000
-94.926836871184 25.213602315849 0.000000000000 1.000000000000
9.314574701782 -26.540863996635 0.866025403784 -0.500000000000
-102.364078638884 18.685652009243 0.000000000000 1.000000000000
68.712037949157 31.427326378090 0.000000000000 1.000000000000
33.400687741864 156.049607777871 0.866025403784 -0.500000000000
77.469508643262 -130.852802537518 0.866025403784 0.500000000000
113.371536835231 -129.769773077540 0.866025403784 0.500000000000
-83.448451866867 47.694857442423 0.000000000000 1.000000000000
-6.112371516505 -8.630289435684 0.866025403784 -0.500000000000
-73.256050458010 97.011731321384 0.866025403784 -0.500000000000
218.619321658410 -33.713088817143 0.866025403784 0.500000000000
46.764202458588 56.507312866115 0.000000000000 1.000000000000
-246.794199775203 -66.434887409259 0.866025403784 0.500000000000
-8.014799811437 -1.035417809912 0.866025403784 0.500000000000
0.602188501717 0.221088752571 0.000000000000 1.000000000000
-97.003917290984 -77.649810860177 0.866025403784 0.500000000000
-34.367361642933 83.795189777966 0.866025403784 0.500000000000
-11.171263370486 86.499505942585 0.866025403784 0.500000000000
92.378233062244 1.610098483824 0.000000000000 1.000000000000
