#Configurational_file created 2018-09-14 11:36:00  started 2018-09-14 11:35:59 run for 1.0s steps 0
name: p_1108
step: 10000
specie: 20
	particle_diameter: 1.0000000000000000
	interaction_length: 1.2000000000000000
	number_of_patches: 3
	number_of_particles_per_compound: 1
	rod_length: 1.0000000000000000
	interaction_matrix:  1.000000 1.000000 1.000000 1.000000 1.000000 1.000000 1.000000 1.000000 1.000000
	patch_type: symmetric
	patch_width: 8.0000000000000000
	patch_angle: 0.0000000000000000
	angles:  0.000000 0.000000 0.000000
	grand_canonical: 0
	chemical_potential: 0.0000000000000000
box: 11.090711 11.090711
copy: 1.000000 1.000000
epsilon: 0.3958540000000000
end_epsilon: 0.0000000000000000
pressure: 0.5834040000000000
lambda: 0.0000000000000000
lambda_coupling: 1.0000000000000000
uy: 0.0000000000000000
maximum_displacement: 1.0000000000000000
maximum_rotation: 1.0000000000000000
maximum_volume: 1.0000000000000000
maximum_shape: 0.0000001000000000
maximum_dsigma: 0.0100000000000000
mod: 10
pmod: 10
optimize: 1
verbose: 1
snapshot: 0
display: 1
explore: 1
npt: 1
nptxy: 0
nptdxdy: 0
shape: 0
seed: 1262587
-81.408639090481 67.981799399938 0.866025403784 0.500000000000
138.769540218307 -64.483596571205 0.866025403784 -0.500000000000
-31.350546918013 89.953527994458 0.866025403784 -0.500000000000
27.008381451651 -66.917372316369 0.866025403784 -0.500000000000
40.362178321480 36.193219846320 0.866025403784 0.500000000000
176.202702316908 -19.692710382308 0.866025403784 0.500000000000
106.324419990460 86.659382936439 0.866025403784 -0.500000000000
-75.213214209619 30.238841014647 0.866025403784 -0.500000000000
74.844445778931 -27.029351232029 0.000000000000 1.000000000000
31.590475444681 10.743250966666 0.866025403784 -0.500000000000
-94.879738085184 64.755601694281 0.866025403784 -0.500000000000
-80.313467907721 46.436595726158 0.000000000000 1.000000000000
7.450738948687 59.462980417842 0.866025403784 0.500000000000
-43.251809244952 25.437742809906 0.000000000000 1.000000000000
63.385308240094 232.957032450714 0.866025403784 0.500000000000
53.613058835517 15.387109068295 0.000000000000 1.000000000000
-8.977435844388 59.179844501119 0.866025403784 -0.500000000000
33.552272670189 -58.952183016218 0.000000000000 1.000000000000
-133.223363081636 55.517373983346 0.866025403784 0.500000000000
9.495703856739 41.326518060787 0.866025403784 0.500000000000
