#Configurational_file created 2018-09-14 11:37:03  started 2018-09-14 11:37:02 run for 1.0s steps 0
name: p_1181
step: 10000
specie: 20
	particle_diameter: 1.0000000000000000
	interaction_length: 1.2000000000000000
	number_of_patches: 3
	number_of_particles_per_compound: 1
	rod_length: 1.0000000000000000
	interaction_matrix:  1.000000 1.000000 1.000000 1.000000 1.000000 1.000000 1.000000 1.000000 1.000000
	patch_type: symmetric
	patch_width: 8.0000000000000000
	patch_angle: 0.0000000000000000
	angles:  0.000000 0.000000 0.000000
	grand_canonical: 0
	chemical_potential: 0.0000000000000000
box: 11.670459 11.670459
copy: 1.000000 1.000000
epsilon: 0.4583420000000000
end_epsilon: 0.0000000000000000
pressure: 0.4167460000000000
lambda: 0.0000000000000000
lambda_coupling: 1.0000000000000000
uy: 0.0000000000000000
maximum_displacement: 1.0000000000000000
maximum_rotation: 1.0000000000000000
maximum_volume: 1.0000000000000000
maximum_shape: 0.0000001000000000
maximum_dsigma: 0.0100000000000000
mod: 10
pmod: 10
optimize: 1
verbose: 1
snapshot: 0
display: 1
explore: 1
npt: 1
nptxy: 0
nptdxdy: 0
shape: 0
seed: 1345588
21.307545928085 -71.233217653930 0.866025403784 0.500000000000
33.182642921537 -77.097229129744 0.866025403784 0.500000000000
-95.994983859381 41.000952201129 0.866025403784 -0.500000000000
-78.412556328408 -171.644770432672 0.866025403784 -0.500000000000
-9.776495579187 -102.013642565829 0.866025403784 0.500000000000
-36.603078772534 -49.893509558309 0.866025403784 0.500000000000
5.038664170204 -53.606802684321 0.000000000000 1.000000000000
47.621481322661 -12.411289652897 0.866025403784 0.500000000000
-71.573483729675 -49.292478243092 0.866025403784 -0.500000000000
14.308386150437 46.543654191783 0.866025403784 0.500000000000
-112.360521458747 104.432134215031 0.000000000000 1.000000000000
-120.098770802938 1.356124710139 0.000000000000 1.000000000000
-240.605789775208 18.292517351220 0.000000000000 1.000000000000
-15.581272611050 145.848853652339 0.000000000000 1.000000000000
97.642363381219 -25.667880041295 0.000000000000 1.000000000000
58.033757639603 133.232361051084 0.866025403784 -0.500000000000
190.037317139651 106.270362299419 0.866025403784 0.500000000000
-55.015678316411 103.308750583944 0.866025403784 0.500000000000
-61.495668567715 -26.609801807121 0.000000000000 1.000000000000
-59.734647282532 -28.503051234650 0.866025403784 -0.500000000000
