#Configurational_file created 2018-09-14 12:04:03  started 2018-09-14 12:04:03 run for 0.0s steps 0
name: p_1166
step: 10000
specie: 20
	particle_diameter: 1.0000000000000000
	interaction_length: 1.2000000000000000
	number_of_patches: 3
	number_of_particles_per_compound: 1
	rod_length: 1.0000000000000000
	interaction_matrix:  1.000000 1.000000 1.000000 1.000000 1.000000 1.000000 1.000000 1.000000 1.000000
	patch_type: symmetric
	patch_width: 8.0000000000000000
	patch_angle: 0.0000000000000000
	angles:  0.000000 0.000000 0.000000
	grand_canonical: 0
	chemical_potential: 0.0000000000000000
box: 42.072170 42.072170
copy: 1.000000 1.000000
epsilon: 0.0437500000000000
end_epsilon: 0.0000000000000000
pressure: 0.0625000000000000
lambda: 0.0000000000000000
lambda_coupling: 1.0000000000000000
uy: 0.0000000000000000
maximum_displacement: 1.0000000000000000
maximum_rotation: 1.0000000000000000
maximum_volume: 1.0000000000000000
maximum_shape: 0.0000001000000000
maximum_dsigma: 0.0100000000000000
mod: 10
pmod: 10
optimize: 1
verbose: 1
snapshot: 0
display: 1
explore: 1
npt: 1
nptxy: 0
nptdxdy: 0
shape: 0
seed: 1328533
-50.055499619010 44.941462084476 0.866025403784 -0.500000000000
121.397726010564 44.960653877842 0.866025403784 0.500000000000
-7.479610113995 -69.311115962359 0.000000000000 1.000000000000
40.248954474135 85.455934478778 0.000000000000 1.000000000000
60.931986138843 234.257791145664 0.866025403784 -0.500000000000
-18.943838576660 67.894703667197 0.866025403784 -0.500000000000
194.025718677625 184.322687051224 0.866025403784 0.500000000000
-79.654655537483 133.129035324969 0.866025403784 -0.500000000000
-141.268066384342 259.901283338492 0.866025403784 0.500000000000
107.397664917869 -49.824238911795 0.866025403784 0.500000000000
151.656678373978 -140.902826133132 0.866025403784 0.500000000000
-131.066016897049 19.818044927324 0.866025403784 0.500000000000
0.592808632247 227.764896429333 0.866025403784 -0.500000000000
13.260071580012 -27.955208435975 0.000000000000 1.000000000000
-65.085117518786 -132.793175517948 0.000000000000 1.000000000000
4.385284782585 82.403607884376 0.866025403784 0.500000000000
-120.774695736793 100.320337499931 0.866025403784 -0.500000000000
-59.096341198501 -3.790970718943 0.000000000000 1.000000000000
38.700814780340 144.721799510853 0.000000000000 1.000000000000
-175.199697258623 317.871461071740 0.866025403784 -0.500000000000
