#Configurational_file created 2018-09-14 11:06:56  started 2018-09-14 11:06:55 run for 1.0s steps 0
name: p_117
step: 10000
specie: 20
	particle_diameter: 1.0000000000000000
	interaction_length: 1.2000000000000000
	number_of_patches: 3
	number_of_particles_per_compound: 1
	rod_length: 1.0000000000000000
	interaction_matrix:  1.000000 1.000000 1.000000 1.000000 1.000000 1.000000 1.000000 1.000000 1.000000
	patch_type: symmetric
	patch_width: 8.0000000000000000
	patch_angle: 0.0000000000000000
	angles:  0.000000 0.000000 0.000000
	grand_canonical: 0
	chemical_potential: 0.0000000000000000
box: 8.543976 8.543976
copy: 1.000000 1.000000
epsilon: 0.4285860000000000
end_epsilon: 0.0000000000000000
pressure: 1.1429000000000000
lambda: 0.0000000000000000
lambda_coupling: 1.0000000000000000
uy: 0.0000000000000000
maximum_displacement: 1.0000000000000000
maximum_rotation: 1.0000000000000000
maximum_volume: 0.7210678042208999
maximum_shape: 0.0000001000000000
maximum_dsigma: 0.0100000000000000
mod: 10
pmod: 10
optimize: 1
verbose: 1
snapshot: 0
display: 1
explore: 1
npt: 1
nptxy: 0
nptdxdy: 0
shape: 0
seed: 135899
-4.194555946426 -58.229745797717 0.000000000000 1.000000000000
-57.894022954846 -55.478012776679 0.866025403784 -0.500000000000
76.406908751600 -23.604000800867 0.866025403784 -0.500000000000
-62.466562704410 -44.066169540482 0.000000000000 1.000000000000
-113.313049686038 -68.695008625123 0.866025403784 -0.500000000000
13.586659434538 -116.132970789935 0.866025403784 -0.500000000000
-78.953849236813 -92.190475531699 0.000000000000 1.000000000000
31.983870789701 -21.689793723746 0.866025403784 -0.500000000000
-79.086944672824 -46.024781845931 0.866025403784 -0.500000000000
-4.596590803843 6.429416225504 0.866025403784 -0.500000000000
-77.564392474745 150.806095807880 0.866025403784 -0.500000000000
5.154147933731 40.642865530901 0.866025403784 -0.500000000000
20.788013480317 -153.777780259112 0.866025403784 0.500000000000
-26.869006217415 114.542877880645 0.866025403784 0.500000000000
156.538810268934 2.840763325824 0.866025403784 -0.500000000000
-59.922220574082 -105.702597640923 0.000000000000 1.000000000000
95.882463167729 -101.638336002326 0.866025403784 -0.500000000000
3.979623183452 106.395820322770 0.866025403784 0.500000000000
-3.846682431530 -3.663973636148 0.866025403784 -0.500000000000
-6.429761473750 57.556646630560 0.866025403784 -0.500000000000
