#Configurational_file created 2018-09-14 11:37:17  started 2018-09-14 11:37:16 run for 1.0s steps 0
name: p_1196
step: 10000
specie: 20
	particle_diameter: 1.0000000000000000
	interaction_length: 1.2000000000000000
	number_of_patches: 3
	number_of_particles_per_compound: 1
	rod_length: 1.0000000000000000
	interaction_matrix:  1.000000 1.000000 1.000000 1.000000 1.000000 1.000000 1.000000 1.000000 1.000000
	patch_type: symmetric
	patch_width: 8.0000000000000000
	patch_angle: 0.0000000000000000
	angles:  0.000000 0.000000 0.000000
	grand_canonical: 0
	chemical_potential: 0.0000000000000000
box: 7.494885 7.494885
copy: 1.000000 1.000000
epsilon: 0.4583420000000000
end_epsilon: 0.0000000000000000
pressure: 1.6666829999999999
lambda: 0.0000000000000000
lambda_coupling: 1.0000000000000000
uy: 0.0000000000000000
maximum_displacement: 1.0000000000000000
maximum_rotation: 1.0000000000000000
maximum_volume: 0.3109335322144674
maximum_shape: 0.0000001000000000
maximum_dsigma: 0.0100000000000000
mod: 10
pmod: 10
optimize: 1
verbose: 1
snapshot: 0
display: 1
explore: 1
npt: 1
nptxy: 0
nptdxdy: 0
shape: 0
seed: 1362643
-55.345837452847 94.690696175207 0.000000000000 1.000000000000
-19.525204256797 -57.701199621532 0.000000000000 1.000000000000
35.493505920550 -27.481409337350 0.866025403784 0.500000000000
64.625984377371 50.426902726198 0.866025403784 -0.500000000000
113.806049435459 21.384091783147 0.000000000000 1.000000000000
43.625804460996 86.047041879709 0.866025403784 0.500000000000
89.436710088741 37.079473051316 0.866025403784 0.500000000000
1.347804655004 48.198149546354 0.866025403784 -0.500000000000
74.508069552029 -41.122165930339 0.000000000000 1.000000000000
64.594035953680 -36.370545328570 0.866025403784 -0.500000000000
2.120551060843 27.889877434615 0.000000000000 1.000000000000
-57.625876179384 -57.049599329461 0.866025403784 -0.500000000000
-1.541165500196 87.602736697634 0.866025403784 -0.500000000000
37.966827045524 -87.646990135201 0.000000000000 1.000000000000
119.617202606061 166.002461127692 0.866025403784 -0.500000000000
104.585869700030 20.497313748313 0.866025403784 0.500000000000
2.803645059435 6.401464283080 0.866025403784 -0.500000000000
41.343521574484 -11.790402615506 0.000000000000 1.000000000000
-16.963575879252 -28.447838622990 0.000000000000 1.000000000000
-52.198201227201 -83.573331476842 0.866025403784 0.500000000000
