#Configurational_file created 2018-09-14 13:59:36  started 2018-09-14 13:59:36 run for 0.0s steps 0
name: p_1158
step: 10000
specie: 20
	particle_diameter: 1.0000000000000000
	interaction_length: 1.2000000000000000
	number_of_patches: 3
	number_of_particles_per_compound: 1
	rod_length: 1.0000000000000000
	interaction_matrix:  1.000000 1.000000 1.000000 1.000000 1.000000 1.000000 1.000000 1.000000 1.000000
	patch_type: symmetric
	patch_width: 8.0000000000000000
	patch_angle: 0.0000000000000000
	angles:  0.000000 0.000000 0.000000
	grand_canonical: 0
	chemical_potential: 0.0000000000000000
box: 12.721706 12.721706
copy: 1.000000 1.000000
epsilon: 0.5517250000000000
end_epsilon: 0.0000000000000000
pressure: 0.2931040000000000
lambda: 0.0000000000000000
lambda_coupling: 1.0000000000000000
uy: 0.0000000000000000
maximum_displacement: 1.0000000000000000
maximum_rotation: 1.0000000000000000
maximum_volume: 1.0000000000000000
maximum_shape: 0.0000001000000000
maximum_dsigma: 0.0100000000000000
mod: 10
pmod: 10
optimize: 1
verbose: 1
snapshot: 0
display: 1
explore: 1
npt: 1
nptxy: 0
nptdxdy: 0
shape: 0
seed: 1319437
107.601546692366 141.134804861447 0.866025403784 -0.500000000000
112.765157367699 -10.466834837693 0.866025403784 0.500000000000
-63.354256177431 -5.600589643879 0.866025403784 -0.500000000000
-149.220866371974 75.492295932515 0.866025403784 0.500000000000
-125.758549409534 215.967544842244 0.000000000000 1.000000000000
113.677148371843 -159.998316104833 0.000000000000 1.000000000000
-9.115588258992 77.075686637046 0.866025403784 0.500000000000
-15.932866553181 -67.275557186359 0.866025403784 0.500000000000
-37.246723909631 -76.796631682094 0.866025403784 -0.500000000000
-77.593524014581 -67.021885099522 0.000000000000 1.000000000000
-68.521030087852 21.813984441378 0.000000000000 1.000000000000
9.297224971243 -39.620071861343 0.000000000000 1.000000000000
74.510006862776 119.931431097367 0.866025403784 0.500000000000
-104.795492703946 -30.535486240068 0.866025403784 0.500000000000
111.844204656940 25.019497975777 0.866025403784 -0.500000000000
-0.973092255945 -244.279557175838 0.866025403784 -0.500000000000
33.171353533761 91.809771174203 0.866025403784 -0.500000000000
82.843900931525 220.423053165853 0.866025403784 -0.500000000000
-147.653074541232 112.310881051450 0.866025403784 0.500000000000
27.666452381819 58.302913543938 0.866025403784 -0.500000000000
