#Configurational_file created 2018-09-14 11:36:47  started 2018-09-14 11:36:46 run for 1.0s steps 0
name: p_1163
step: 10000
specie: 20
	particle_diameter: 1.0000000000000000
	interaction_length: 1.2000000000000000
	number_of_patches: 3
	number_of_particles_per_compound: 1
	rod_length: 1.0000000000000000
	interaction_matrix:  1.000000 1.000000 1.000000 1.000000 1.000000 1.000000 1.000000 1.000000 1.000000
	patch_type: symmetric
	patch_width: 8.0000000000000000
	patch_angle: 0.0000000000000000
	angles:  0.000000 0.000000 0.000000
	grand_canonical: 0
	chemical_potential: 0.0000000000000000
box: 8.676477 8.676477
copy: 1.000000 1.000000
epsilon: 0.4375120000000000
end_epsilon: 0.0000000000000000
pressure: 1.0000500000000001
lambda: 0.0000000000000000
lambda_coupling: 1.0000000000000000
uy: 0.0000000000000000
maximum_displacement: 1.0000000000000000
maximum_rotation: 1.0000000000000000
maximum_volume: 0.8914788753260545
maximum_shape: 0.0000001000000000
maximum_dsigma: 0.0100000000000000
mod: 10
pmod: 10
optimize: 1
verbose: 1
snapshot: 0
display: 1
explore: 1
npt: 1
nptxy: 0
nptdxdy: 0
shape: 0
seed: 1325122
-30.485869127350 -21.922808083274 0.866025403784 0.500000000000
-154.702591375197 -9.066875246112 0.866025403784 0.500000000000
115.891834056421 -120.201548474282 0.866025403784 0.500000000000
54.625311371266 -1.351753745510 0.866025403784 -0.500000000000
-69.659305110273 68.933039698859 0.000000000000 1.000000000000
-21.512891652914 -95.989534322848 0.000000000000 1.000000000000
51.529359443448 49.172036183847 0.866025403784 -0.500000000000
-5.798058400869 -21.918768242189 0.866025403784 -0.500000000000
-3.988177900371 2.329919103114 0.866025403784 0.500000000000
-41.343448645644 182.791428344955 0.000000000000 1.000000000000
-163.847722985151 67.557175978226 0.000000000000 1.000000000000
-12.313804009019 -28.163530917792 0.000000000000 1.000000000000
-10.917700823807 157.382532770282 0.866025403784 0.500000000000
45.067810019304 149.312820366143 0.866025403784 -0.500000000000
100.717086896754 91.421468060665 0.866025403784 0.500000000000
6.458161713465 11.574428801328 0.000000000000 1.000000000000
-10.052417758365 118.375351532513 0.866025403784 0.500000000000
50.824989226084 13.099858101209 0.000000000000 1.000000000000
29.877170755433 11.195621499690 0.866025403784 -0.500000000000
31.544274561004 -52.356414376278 0.000000000000 1.000000000000
