#Configurational_file created 2018-09-14 12:03:46  started 2018-09-14 12:03:45 run for 1.0s steps 0
name: p_1142
step: 10000
specie: 20
	particle_diameter: 1.0000000000000000
	interaction_length: 1.2000000000000000
	number_of_patches: 3
	number_of_particles_per_compound: 1
	rod_length: 1.0000000000000000
	interaction_matrix:  1.000000 1.000000 1.000000 1.000000 1.000000 1.000000 1.000000 1.000000 1.000000
	patch_type: symmetric
	patch_width: 8.0000000000000000
	patch_angle: 0.0000000000000000
	angles:  0.000000 0.000000 0.000000
	grand_canonical: 0
	chemical_potential: 0.0000000000000000
box: 45.800273 45.800273
copy: 1.000000 1.000000
epsilon: 0.0416670000000000
end_epsilon: 0.0000000000000000
pressure: 0.0666670000000000
lambda: 0.0000000000000000
lambda_coupling: 1.0000000000000000
uy: 0.0000000000000000
maximum_displacement: 1.0000000000000000
maximum_rotation: 1.0000000000000000
maximum_volume: 1.0000000000000000
maximum_shape: 0.0000001000000000
maximum_dsigma: 0.0100000000000000
mod: 10
pmod: 10
optimize: 1
verbose: 1
snapshot: 0
display: 1
explore: 1
npt: 1
nptxy: 0
nptdxdy: 0
shape: 0
seed: 1301245
135.446550099696 -102.708197987197 0.866025403784 0.500000000000
78.246464821741 41.564412636389 0.866025403784 -0.500000000000
-52.877275141844 191.240901981896 0.000000000000 1.000000000000
43.594317463412 -12.594161669663 0.866025403784 -0.500000000000
147.436403775922 -5.420051303808 0.000000000000 1.000000000000
16.230124522031 318.366416499630 0.000000000000 1.000000000000
45.739895641527 -51.879047818547 0.866025403784 0.500000000000
15.950086163022 51.025813455238 0.866025403784 -0.500000000000
100.607700874816 -187.973820219575 0.866025403784 -0.500000000000
297.345723627020 -69.535129905621 0.000000000000 1.000000000000
32.787122100298 253.837777838421 0.000000000000 1.000000000000
35.107236760261 -233.227962846713 0.866025403784 0.500000000000
100.290607797233 -212.987204818084 0.866025403784 -0.500000000000
-200.461596071701 -45.080351527571 0.866025403784 0.500000000000
-27.608840089653 120.491738827226 0.866025403784 -0.500000000000
224.897439248961 -200.852640473077 0.000000000000 1.000000000000
206.467940465806 110.021380359249 0.000000000000 1.000000000000
-20.854661730318 -89.686847129837 0.866025403784 0.500000000000
-22.932947611390 194.555974632844 0.000000000000 1.000000000000
130.931352634637 25.750411469748 0.866025403784 0.500000000000
