#Configurational_file created 2018-09-14 12:03:40  started 2018-09-14 12:03:39 run for 1.0s steps 0
name: p_1133
step: 10000
specie: 20
	particle_diameter: 1.0000000000000000
	interaction_length: 1.2000000000000000
	number_of_patches: 3
	number_of_particles_per_compound: 1
	rod_length: 1.0000000000000000
	interaction_matrix:  1.000000 1.000000 1.000000 1.000000 1.000000 1.000000 1.000000 1.000000 1.000000
	patch_type: symmetric
	patch_width: 8.0000000000000000
	patch_angle: 0.0000000000000000
	angles:  0.000000 0.000000 0.000000
	grand_canonical: 0
	chemical_potential: 0.0000000000000000
box: 46.651150 46.651150
copy: 1.000000 1.000000
epsilon: 0.0416670000000000
end_epsilon: 0.0000000000000000
pressure: 0.0291670000000000
lambda: 0.0000000000000000
lambda_coupling: 1.0000000000000000
uy: 0.0000000000000000
maximum_displacement: 1.0000000000000000
maximum_rotation: 1.0000000000000000
maximum_volume: 1.0000000000000000
maximum_shape: 0.0000001000000000
maximum_dsigma: 0.0100000000000000
mod: 10
pmod: 10
optimize: 1
verbose: 1
snapshot: 0
display: 1
explore: 1
npt: 1
nptxy: 0
nptdxdy: 0
shape: 0
seed: 1291012
278.355525712766 -98.895798196095 0.866025403784 -0.500000000000
-52.965408772315 -101.307474379133 0.866025403784 0.500000000000
-333.170372918783 33.696554229468 0.866025403784 0.500000000000
28.316591503688 -225.374295549284 0.866025403784 0.500000000000
123.688784247793 176.761439369792 0.000000000000 1.000000000000
445.766893913045 -211.270735866408 0.866025403784 -0.500000000000
-126.974477842351 36.518852161580 0.866025403784 0.500000000000
-265.323413622845 -201.338996990968 0.866025403784 0.500000000000
87.078388549262 -57.022871709022 0.866025403784 -0.500000000000
-171.264018985045 139.911764361534 0.866025403784 -0.500000000000
101.059561568173 -304.349777533117 0.866025403784 -0.500000000000
-239.794250664469 366.862846551411 0.866025403784 0.500000000000
-179.561504852905 -158.231677128795 0.866025403784 -0.500000000000
-75.502342914458 127.770890122089 0.866025403784 -0.500000000000
111.824721086354 214.613024760201 0.866025403784 0.500000000000
15.442410095911 177.997998006414 0.000000000000 1.000000000000
71.364594414511 -164.291293613558 0.866025403784 0.500000000000
-327.389444569580 -64.250278659348 0.866025403784 -0.500000000000
53.047308459569 26.135577344926 0.866025403784 -0.500000000000
-251.618450942091 82.665975583958 0.866025403784 -0.500000000000
