#Configurational_file created 2018-09-14 12:04:07  started 2018-09-14 12:04:06 run for 1.0s steps 0
name: p_1171
step: 10000
specie: 20
	particle_diameter: 1.0000000000000000
	interaction_length: 1.2000000000000000
	number_of_patches: 3
	number_of_particles_per_compound: 1
	rod_length: 1.0000000000000000
	interaction_matrix:  1.000000 1.000000 1.000000 1.000000 1.000000 1.000000 1.000000 1.000000 1.000000
	patch_type: symmetric
	patch_width: 8.0000000000000000
	patch_angle: 0.0000000000000000
	angles:  0.000000 0.000000 0.000000
	grand_canonical: 0
	chemical_potential: 0.0000000000000000
box: 42.080383 42.080383
copy: 1.000000 1.000000
epsilon: 0.0437500000000000
end_epsilon: 0.0000000000000000
pressure: 0.0833340000000000
lambda: 0.0000000000000000
lambda_coupling: 1.0000000000000000
uy: 0.0000000000000000
maximum_displacement: 1.0000000000000000
maximum_rotation: 1.0000000000000000
maximum_volume: 1.0000000000000000
maximum_shape: 0.0000001000000000
maximum_dsigma: 0.0100000000000000
mod: 10
pmod: 10
optimize: 1
verbose: 1
snapshot: 0
display: 1
explore: 1
npt: 1
nptxy: 0
nptdxdy: 0
shape: 0
seed: 1334218
-2.198220636777 116.677267356085 0.866025403784 -0.500000000000
-188.643271200948 58.392453082732 0.866025403784 0.500000000000
155.391158686799 -107.337993874392 0.866025403784 0.500000000000
-31.948573489285 162.736869868719 0.000000000000 1.000000000000
264.860250453611 -103.322935598317 0.000000000000 1.000000000000
-43.302654936807 38.350636590051 0.000000000000 1.000000000000
233.098647365003 193.132874898012 0.000000000000 1.000000000000
209.001837301892 86.247741947170 0.000000000000 1.000000000000
88.212764675386 190.561019210512 0.000000000000 1.000000000000
-169.489674793746 -61.210124106821 0.866025403784 0.500000000000
91.140607993025 31.121741005453 0.866025403784 0.500000000000
-2.176034860119 10.649921572931 0.866025403784 -0.500000000000
-4.052562747768 -82.666539685419 0.866025403784 0.500000000000
60.215712196662 160.703196791346 0.000000000000 1.000000000000
-64.584788159352 263.408453166499 0.866025403784 0.500000000000
70.571039948936 24.496430368780 0.866025403784 -0.500000000000
145.357692664945 148.303621652632 0.000000000000 1.000000000000
-5.509596407749 -6.313950315576 0.000000000000 1.000000000000
218.778049250097 -335.929288320940 0.000000000000 1.000000000000
-104.226416884039 -215.203453405335 0.866025403784 -0.500000000000
