#Configurational_file created 2018-09-14 13:59:55  started 2018-09-14 13:59:55 run for 0.0s steps 0
name: p_1184
step: 10000
specie: 20
	particle_diameter: 1.0000000000000000
	interaction_length: 1.2000000000000000
	number_of_patches: 3
	number_of_particles_per_compound: 1
	rod_length: 1.0000000000000000
	interaction_matrix:  1.000000 1.000000 1.000000 1.000000 1.000000 1.000000 1.000000 1.000000 1.000000
	patch_type: symmetric
	patch_width: 8.0000000000000000
	patch_angle: 0.0000000000000000
	angles:  0.000000 0.000000 0.000000
	grand_canonical: 0
	chemical_potential: 0.0000000000000000
box: 13.185449 13.185449
copy: 1.000000 1.000000
epsilon: 0.6206900000000000
end_epsilon: 0.0000000000000000
pressure: 0.2241380000000000
lambda: 0.0000000000000000
lambda_coupling: 1.0000000000000000
uy: 0.0000000000000000
maximum_displacement: 1.0000000000000000
maximum_rotation: 1.0000000000000000
maximum_volume: 1.0000000000000000
maximum_shape: 0.0000001000000000
maximum_dsigma: 0.0100000000000000
mod: 10
pmod: 10
optimize: 1
verbose: 1
snapshot: 0
display: 1
explore: 1
npt: 1
nptxy: 0
nptdxdy: 0
shape: 0
seed: 1348999
101.801145782347 -79.697577130652 0.866025403784 0.500000000000
-52.458995394984 -36.882021744806 0.866025403784 -0.500000000000
-13.883943314945 -19.947496563971 0.866025403784 -0.500000000000
-30.414229075581 33.013857969226 0.866025403784 -0.500000000000
23.609100789003 -53.726218297219 0.866025403784 0.500000000000
64.100721035188 -13.436412142474 0.866025403784 -0.500000000000
188.811960577467 55.271232364993 0.866025403784 0.500000000000
-26.954763449950 13.868331959031 0.000000000000 1.000000000000
167.371251646903 -10.472519275845 0.866025403784 0.500000000000
28.050469131291 -61.322106179639 0.000000000000 1.000000000000
-25.742835468597 -0.793061585522 0.866025403784 -0.500000000000
67.414024804446 -17.706805854922 0.866025403784 -0.500000000000
111.976771107854 55.363178112517 0.000000000000 1.000000000000
-36.510186451649 22.284406436191 0.000000000000 1.000000000000
98.922826053996 9.672300407596 0.866025403784 -0.500000000000
121.616487000732 -146.982226591692 0.866025403784 0.500000000000
44.754785049202 -121.489558245302 0.866025403784 -0.500000000000
39.403627807773 111.405648798828 0.866025403784 0.500000000000
293.890771442852 -38.805157393170 0.000000000000 1.000000000000
102.756695485276 4.383090623843 0.866025403784 0.500000000000
