#Configurational_file created 2018-09-14 13:59:19  started 2018-09-14 13:59:18 run for 1.0s steps 0
name: p_1134
step: 10000
specie: 20
	particle_diameter: 1.0000000000000000
	interaction_length: 1.2000000000000000
	number_of_patches: 3
	number_of_particles_per_compound: 1
	rod_length: 1.0000000000000000
	interaction_matrix:  1.000000 1.000000 1.000000 1.000000 1.000000 1.000000 1.000000 1.000000 1.000000
	patch_type: symmetric
	patch_width: 8.0000000000000000
	patch_angle: 0.0000000000000000
	angles:  0.000000 0.000000 0.000000
	grand_canonical: 0
	chemical_potential: 0.0000000000000000
box: 14.149314 14.149314
copy: 1.000000 1.000000
epsilon: 0.4827590000000000
end_epsilon: 0.0000000000000000
pressure: 0.3965520000000000
lambda: 0.0000000000000000
lambda_coupling: 1.0000000000000000
uy: 0.0000000000000000
maximum_displacement: 1.0000000000000000
maximum_rotation: 1.0000000000000000
maximum_volume: 1.0000000000000000
maximum_shape: 0.0000001000000000
maximum_dsigma: 0.0100000000000000
mod: 10
pmod: 10
optimize: 1
verbose: 1
snapshot: 0
display: 1
explore: 1
npt: 1
nptxy: 0
nptdxdy: 0
shape: 0
seed: 1292149
-30.081139170462 80.250558863141 0.866025403784 0.500000000000
133.248903456876 -25.831383719363 0.866025403784 -0.500000000000
168.555781996080 115.164077900054 0.866025403784 -0.500000000000
-71.200302255395 -197.972806241179 0.866025403784 -0.500000000000
-101.538401389397 59.243380608516 0.866025403784 -0.500000000000
28.269567894547 -152.512161679962 0.866025403784 -0.500000000000
97.621803523244 83.343990568857 0.000000000000 1.000000000000
-1.137224284469 81.246022324323 0.000000000000 1.000000000000
-138.688195343149 -35.167124635614 0.866025403784 0.500000000000
-9.082043882159 114.796832196515 0.866025403784 0.500000000000
44.689775561170 -9.336883422044 0.866025403784 0.500000000000
-95.128771511096 78.654568999358 0.866025403784 -0.500000000000
-78.549478005802 43.241536835505 0.866025403784 -0.500000000000
3.141692801943 94.348191761780 0.866025403784 -0.500000000000
-90.605699382504 14.543009056845 0.866025403784 0.500000000000
-211.440639498649 -0.813356486598 0.866025403784 0.500000000000
31.137195271520 -124.145222513816 0.866025403784 0.500000000000
-136.241681786236 -84.700332719242 0.000000000000 1.000000000000
-75.173000351005 188.898962882515 0.866025403784 0.500000000000
14.763854337404 49.484023406313 0.000000000000 1.000000000000
