#Configurational_file created 2018-09-14 12:04:23  started 2018-09-14 12:04:22 run for 1.0s steps 0
name: p_1193
step: 10000
specie: 20
	particle_diameter: 1.0000000000000000
	interaction_length: 1.2000000000000000
	number_of_patches: 3
	number_of_particles_per_compound: 1
	rod_length: 1.0000000000000000
	interaction_matrix:  1.000000 1.000000 1.000000 1.000000 1.000000 1.000000 1.000000 1.000000 1.000000
	patch_type: symmetric
	patch_width: 8.0000000000000000
	patch_angle: 0.0000000000000000
	angles:  0.000000 0.000000 0.000000
	grand_canonical: 0
	chemical_potential: 0.0000000000000000
box: 44.412363 44.412363
copy: 1.000000 1.000000
epsilon: 0.0458330000000000
end_epsilon: 0.0000000000000000
pressure: 0.0708340000000000
lambda: 0.0000000000000000
lambda_coupling: 1.0000000000000000
uy: 0.0000000000000000
maximum_displacement: 1.0000000000000000
maximum_rotation: 1.0000000000000000
maximum_volume: 1.0000000000000000
maximum_shape: 0.0000001000000000
maximum_dsigma: 0.0100000000000000
mod: 10
pmod: 10
optimize: 1
verbose: 1
snapshot: 0
display: 1
explore: 1
npt: 1
nptxy: 0
nptdxdy: 0
shape: 0
seed: 1359232
-290.053645417858 286.886806667844 0.866025403784 0.500000000000
68.570641884474 -219.215929565976 0.866025403784 0.500000000000
368.965692696940 -9.764826031049 0.000000000000 1.000000000000
110.184061340077 -144.654060653332 0.866025403784 -0.500000000000
135.936650054644 -73.813489436734 0.000000000000 1.000000000000
87.904436603628 -162.430521746297 0.866025403784 -0.500000000000
147.185884053950 -75.832112420646 0.866025403784 -0.500000000000
62.684781583314 -45.672546742511 0.866025403784 -0.500000000000
-69.347451303474 51.556227961867 0.866025403784 0.500000000000
27.617255575012 18.754031038519 0.000000000000 1.000000000000
201.094577719623 98.443873115369 0.866025403784 0.500000000000
28.755455805183 16.246863990237 0.866025403784 -0.500000000000
29.725132071498 169.096919711900 0.000000000000 1.000000000000
80.763882008958 113.343800753525 0.866025403784 -0.500000000000
-30.049839568215 227.350242584844 0.866025403784 -0.500000000000
117.236548419280 -209.485352252539 0.866025403784 -0.500000000000
-69.827707024413 -174.984225292826 0.000000000000 1.000000000000
309.568864849512 -95.708031394276 0.866025403784 0.500000000000
82.358544682830 308.426280681200 0.866025403784 -0.500000000000
-190.718787374435 48.592791080906 0.866025403784 0.500000000000
