#Configurational_file created 2018-09-14 12:04:27  started 2018-09-14 12:04:26 run for 1.0s steps 0
name: p_1198
step: 10000
specie: 20
	particle_diameter: 1.0000000000000000
	interaction_length: 1.2000000000000000
	number_of_patches: 3
	number_of_particles_per_compound: 1
	rod_length: 1.0000000000000000
	interaction_matrix:  1.000000 1.000000 1.000000 1.000000 1.000000 1.000000 1.000000 1.000000 1.000000
	patch_type: symmetric
	patch_width: 8.0000000000000000
	patch_angle: 0.0000000000000000
	angles:  0.000000 0.000000 0.000000
	grand_canonical: 0
	chemical_potential: 0.0000000000000000
box: 44.209922 44.209922
copy: 1.000000 1.000000
epsilon: 0.0458330000000000
end_epsilon: 0.0000000000000000
pressure: 0.0916670000000000
lambda: 0.0000000000000000
lambda_coupling: 1.0000000000000000
uy: 0.0000000000000000
maximum_displacement: 1.0000000000000000
maximum_rotation: 1.0000000000000000
maximum_volume: 1.0000000000000000
maximum_shape: 0.0000001000000000
maximum_dsigma: 0.0100000000000000
mod: 10
pmod: 10
optimize: 1
verbose: 1
snapshot: 0
display: 1
explore: 1
npt: 1
nptxy: 0
nptdxdy: 0
shape: 0
seed: 1364917
-203.054350000481 119.077962893300 0.000000000000 1.000000000000
-249.167188778607 69.808304196601 0.866025403784 -0.500000000000
-55.358543790818 -340.451890774279 0.866025403784 0.500000000000
33.636354433590 -111.339377183792 0.866025403784 -0.500000000000
-88.955084511800 46.757105515739 0.000000000000 1.000000000000
-91.452167856558 -64.750855461881 0.866025403784 -0.500000000000
94.819368572195 57.990536482706 0.866025403784 -0.500000000000
141.005171504856 187.591134268445 0.000000000000 1.000000000000
-201.189483528384 -68.258862352817 0.866025403784 -0.500000000000
-92.619831500262 -2.619724995310 0.866025403784 0.500000000000
141.962231258291 40.766581258838 0.866025403784 -0.500000000000
-345.167212776754 -88.436940593519 0.000000000000 1.000000000000
-149.796772055365 167.393200815039 0.866025403784 0.500000000000
-31.880163532362 361.897014608025 0.000000000000 1.000000000000
-105.832628143932 53.164815005482 0.000000000000 1.000000000000
13.671521106519 4.708767303984 0.000000000000 1.000000000000
197.460380382622 197.691224649767 0.000000000000 1.000000000000
-156.565858572221 23.455342476288 0.866025403784 0.500000000000
-124.775804201296 82.844487050478 0.866025403784 0.500000000000
445.623545831263 233.798463091894 0.866025403784 -0.500000000000
