#Configurational_file created 2018-09-14 11:36:29  started 2018-09-14 11:36:29 run for 0.0s steps 0
name: p_1142
step: 10000
specie: 20
	particle_diameter: 1.0000000000000000
	interaction_length: 1.2000000000000000
	number_of_patches: 3
	number_of_particles_per_compound: 1
	rod_length: 1.0000000000000000
	interaction_matrix:  1.000000 1.000000 1.000000 1.000000 1.000000 1.000000 1.000000 1.000000 1.000000
	patch_type: symmetric
	patch_width: 8.0000000000000000
	patch_angle: 0.0000000000000000
	angles:  0.000000 0.000000 0.000000
	grand_canonical: 0
	chemical_potential: 0.0000000000000000
box: 7.743791 7.743791
copy: 1.000000 1.000000
epsilon: 0.4166830000000000
end_epsilon: 0.0000000000000000
pressure: 1.3333670000000000
lambda: 0.0000000000000000
lambda_coupling: 1.0000000000000000
uy: 0.0000000000000000
maximum_displacement: 1.0000000000000000
maximum_rotation: 1.0000000000000000
maximum_volume: 0.6385898046842367
maximum_shape: 0.0000001000000000
maximum_dsigma: 0.0100000000000000
mod: 10
pmod: 10
optimize: 1
verbose: 1
snapshot: 0
display: 1
explore: 1
npt: 1
nptxy: 0
nptdxdy: 0
shape: 0
seed: 1301245
-24.466960824378 20.780093687344 0.866025403784 0.500000000000
-34.723517762138 18.007819589694 0.866025403784 -0.500000000000
34.319790581612 66.422660605973 0.000000000000 1.000000000000
-3.619407164330 31.002105602255 0.000000000000 1.000000000000
-58.762617588334 75.715625556505 0.866025403784 -0.500000000000
7.507286732518 67.118494434436 0.866025403784 0.500000000000
32.373439992736 -55.700577303204 0.866025403784 0.500000000000
8.731163908533 -3.836161671706 0.000000000000 1.000000000000
20.298324135754 -13.842042685478 0.866025403784 0.500000000000
63.266508193535 77.564245470268 0.000000000000 1.000000000000
-48.585922654795 70.075671530991 0.866025403784 0.500000000000
-42.268442056082 -56.234183822198 0.866025403784 0.500000000000
11.170101623352 -37.753845672016 0.000000000000 1.000000000000
-46.577773089317 119.629081393347 0.866025403784 -0.500000000000
60.892996685775 61.485447958484 0.866025403784 -0.500000000000
38.171490934667 84.741646490624 0.000000000000 1.000000000000
-111.077204250326 19.790066636218 0.866025403784 -0.500000000000
37.076100300963 -13.845764830904 0.000000000000 1.000000000000
51.971197205095 -43.560259400553 0.866025403784 0.500000000000
-51.148583694843 41.665795897678 0.866025403784 -0.500000000000
