#Configurational_file created 2018-09-14 13:59:02  started 2018-09-14 13:59:01 run for 1.0s steps 0
name: p_1110
step: 10000
specie: 20
	particle_diameter: 1.0000000000000000
	interaction_length: 1.2000000000000000
	number_of_patches: 3
	number_of_particles_per_compound: 1
	rod_length: 1.0000000000000000
	interaction_matrix:  1.000000 1.000000 1.000000 1.000000 1.000000 1.000000 1.000000 1.000000 1.000000
	patch_type: symmetric
	patch_width: 8.0000000000000000
	patch_angle: 0.0000000000000000
	angles:  0.000000 0.000000 0.000000
	grand_canonical: 0
	chemical_potential: 0.0000000000000000
box: 11.020243 11.020243
copy: 1.000000 1.000000
epsilon: 0.4137940000000000
end_epsilon: 0.0000000000000000
pressure: 0.5000000000000000
lambda: 0.0000000000000000
lambda_coupling: 1.0000000000000000
uy: 0.0000000000000000
maximum_displacement: 1.0000000000000000
maximum_rotation: 1.0000000000000000
maximum_volume: 1.0000000000000000
maximum_shape: 0.0000001000000000
maximum_dsigma: 0.0100000000000000
mod: 10
pmod: 10
optimize: 1
verbose: 1
snapshot: 0
display: 1
explore: 1
npt: 1
nptxy: 0
nptdxdy: 0
shape: 0
seed: 1264861
-54.596513066291 49.962426005025 0.000000000000 1.000000000000
6.981475785731 -76.770605240630 0.000000000000 1.000000000000
51.438974179631 64.672520103146 0.866025403784 0.500000000000
-107.052316937295 -12.309056626353 0.000000000000 1.000000000000
-84.635117498868 7.088561409400 0.000000000000 1.000000000000
17.898871414490 60.729450393052 0.866025403784 -0.500000000000
-56.380802653495 -17.594912317806 0.000000000000 1.000000000000
78.804993075868 54.910146358586 0.866025403784 -0.500000000000
21.042495747566 -36.778705120212 0.866025403784 0.500000000000
-71.145656699049 37.445245978723 0.866025403784 0.500000000000
20.493878981625 -37.885672064498 0.866025403784 0.500000000000
75.256731654335 89.625459230748 0.000000000000 1.000000000000
132.134084952309 -24.375215523043 0.866025403784 -0.500000000000
-35.801922609869 62.374088962050 0.866025403784 -0.500000000000
55.039056608209 -22.192951450841 0.866025403784 0.500000000000
135.388964993067 38.147883433478 0.866025403784 0.500000000000
40.326175030695 58.193827222278 0.000000000000 1.000000000000
-47.267814323136 60.084906815303 0.866025403784 0.500000000000
-95.302986951496 -88.236176445792 0.000000000000 1.000000000000
100.952436488253 -63.270889164906 0.866025403784 0.500000000000
