#Configurational_file created 2018-09-14 11:06:54  started 2018-09-14 11:06:53 run for 1.0s steps 0
name: p_115
step: 10000
specie: 20
	particle_diameter: 1.0000000000000000
	interaction_length: 1.2000000000000000
	number_of_patches: 3
	number_of_particles_per_compound: 1
	rod_length: 1.0000000000000000
	interaction_matrix:  1.000000 1.000000 1.000000 1.000000 1.000000 1.000000 1.000000 1.000000 1.000000
	patch_type: symmetric
	patch_width: 8.0000000000000000
	patch_angle: 0.0000000000000000
	angles:  0.000000 0.000000 0.000000
	grand_canonical: 0
	chemical_potential: 0.0000000000000000
box: 10.131130 10.131130
copy: 1.000000 1.000000
epsilon: 0.4285860000000000
end_epsilon: 0.0000000000000000
pressure: 0.5715000000000000
lambda: 0.0000000000000000
lambda_coupling: 1.0000000000000000
uy: 0.0000000000000000
maximum_displacement: 1.0000000000000000
maximum_rotation: 1.0000000000000000
maximum_volume: 1.0000000000000000
maximum_shape: 0.0000001000000000
maximum_dsigma: 0.0100000000000000
mod: 10
pmod: 10
optimize: 1
verbose: 1
snapshot: 0
display: 1
explore: 1
npt: 1
nptxy: 0
nptdxdy: 0
shape: 0
seed: 133625
87.756523491077 -115.355343095915 0.866025403784 0.500000000000
-144.554723771972 -47.345096007446 0.866025403784 -0.500000000000
50.582330285996 85.610857932981 0.866025403784 0.500000000000
-51.310482105009 39.722717991122 0.866025403784 0.500000000000
114.432569482728 26.157555826354 0.866025403784 -0.500000000000
109.257733628259 79.661917415262 0.000000000000 1.000000000000
-108.713833948030 -46.447652885474 0.866025403784 0.500000000000
-158.632186883220 68.591836253035 0.866025403784 -0.500000000000
100.954662443869 101.166266133216 0.866025403784 -0.500000000000
99.539460545883 -14.015268475601 0.866025403784 0.500000000000
138.616767436806 -15.076706525224 0.000000000000 1.000000000000
-60.702991792126 7.600210119281 0.000000000000 1.000000000000
49.858169192839 112.562223370336 0.866025403784 -0.500000000000
12.331170696121 35.509923609593 0.866025403784 -0.500000000000
-76.043488318029 -46.793359814112 0.866025403784 -0.500000000000
28.825038294977 -36.904196523790 0.866025403784 -0.500000000000
-32.958377981851 37.585129711047 0.866025403784 -0.500000000000
254.349317901145 65.830378014099 0.000000000000 1.000000000000
5.937257011930 -63.452427705201 0.000000000000 1.000000000000
-99.293330396039 103.544279602964 0.000000000000 1.000000000000
