#Configurational_file created 2018-09-14 13:59:43  started 2018-09-14 13:59:42 run for 1.0s steps 0
name: p_1167
step: 10000
specie: 20
	particle_diameter: 1.0000000000000000
	interaction_length: 1.2000000000000000
	number_of_patches: 3
	number_of_particles_per_compound: 1
	rod_length: 1.0000000000000000
	interaction_matrix:  1.000000 1.000000 1.000000 1.000000 1.000000 1.000000 1.000000 1.000000 1.000000
	patch_type: symmetric
	patch_width: 8.0000000000000000
	patch_angle: 0.0000000000000000
	angles:  0.000000 0.000000 0.000000
	grand_canonical: 0
	chemical_potential: 0.0000000000000000
box: 10.221285 10.221285
copy: 1.000000 1.000000
epsilon: 0.5517250000000000
end_epsilon: 0.0000000000000000
pressure: 0.4482760000000000
lambda: 0.0000000000000000
lambda_coupling: 1.0000000000000000
uy: 0.0000000000000000
maximum_displacement: 1.0000000000000000
maximum_rotation: 1.0000000000000000
maximum_volume: 1.0000000000000000
maximum_shape: 0.0000001000000000
maximum_dsigma: 0.0100000000000000
mod: 10
pmod: 10
optimize: 1
verbose: 1
snapshot: 0
display: 1
explore: 1
npt: 1
nptxy: 0
nptdxdy: 0
shape: 0
seed: 1329670
-70.914875811234 -36.652532278913 0.866025403784 -0.500000000000
-4.455738406988 -13.644334191351 0.866025403784 -0.500000000000
21.052098896217 125.323747994545 0.866025403784 -0.500000000000
-98.871172300929 71.476747850280 0.000000000000 1.000000000000
-23.341097559039 27.538722322729 0.866025403784 -0.500000000000
-42.800787793593 143.875303079708 0.866025403784 0.500000000000
-45.036310500731 -97.696591020246 0.866025403784 0.500000000000
-42.330614910310 -75.046533103125 0.866025403784 0.500000000000
122.735159186435 56.586668272443 0.866025403784 -0.500000000000
100.928517512479 -28.774139276235 0.866025403784 -0.500000000000
-114.327603127670 33.671568479260 0.866025403784 -0.500000000000
70.858883645917 -19.638433429153 0.866025403784 -0.500000000000
32.667500546219 -28.613097451756 0.866025403784 -0.500000000000
33.708259027371 94.997094603663 0.866025403784 0.500000000000
-98.989660523990 -75.195084464198 0.866025403784 0.500000000000
-84.367553772633 -158.478720661020 0.866025403784 0.500000000000
-7.625126470188 -42.586226971001 0.866025403784 0.500000000000
4.783826265836 57.729156935864 0.866025403784 0.500000000000
30.769533514244 28.212971045907 0.866025403784 0.500000000000
-32.135779737547 30.581919421931 0.000000000000 1.000000000000
