#Configurational_file created 2018-09-14 13:59:45  started 2018-09-14 13:59:44 run for 1.0s steps 0
name: p_1169
step: 10000
specie: 20
	particle_diameter: 1.0000000000000000
	interaction_length: 1.2000000000000000
	number_of_patches: 3
	number_of_particles_per_compound: 1
	rod_length: 1.0000000000000000
	interaction_matrix:  1.000000 1.000000 1.000000 1.000000 1.000000 1.000000 1.000000 1.000000 1.000000
	patch_type: symmetric
	patch_width: 8.0000000000000000
	patch_angle: 0.0000000000000000
	angles:  0.000000 0.000000 0.000000
	grand_canonical: 0
	chemical_potential: 0.0000000000000000
box: 10.178098 10.178098
copy: 1.000000 1.000000
epsilon: 0.5517250000000000
end_epsilon: 0.0000000000000000
pressure: 0.4827590000000000
lambda: 0.0000000000000000
lambda_coupling: 1.0000000000000000
uy: 0.0000000000000000
maximum_displacement: 1.0000000000000000
maximum_rotation: 1.0000000000000000
maximum_volume: 1.0000000000000000
maximum_shape: 0.0000001000000000
maximum_dsigma: 0.0100000000000000
mod: 10
pmod: 10
optimize: 1
verbose: 1
snapshot: 0
display: 1
explore: 1
npt: 1
nptxy: 0
nptdxdy: 0
shape: 0
seed: 1331944
34.592062048733 82.361912593533 0.866025403784 0.500000000000
136.256356259323 -21.244289800890 0.866025403784 0.500000000000
-95.518117304491 52.129388552250 0.866025403784 0.500000000000
115.834633658700 -27.122144363383 0.000000000000 1.000000000000
32.680019706380 -51.759444910673 0.000000000000 1.000000000000
43.988098095132 64.505493646998 0.866025403784 0.500000000000
-18.688692368732 -119.842283860081 0.866025403784 0.500000000000
54.729087244002 25.530885644586 0.866025403784 -0.500000000000
93.365596873642 11.340407136356 0.866025403784 0.500000000000
-55.930503455057 5.396711537505 0.000000000000 1.000000000000
174.375088871171 6.154989364081 0.000000000000 1.000000000000
81.573069662009 -29.970904377109 0.866025403784 0.500000000000
-30.576202949160 13.389440447213 0.866025403784 0.500000000000
-23.776722327542 -3.156378874865 0.866025403784 0.500000000000
-26.842763280764 44.571935587289 0.866025403784 -0.500000000000
-74.864603585660 74.208245879380 0.866025403784 0.500000000000
130.331770894256 68.122798500339 0.866025403784 0.500000000000
58.740942486165 12.646711793842 0.000000000000 1.000000000000
25.594674720977 -31.226979513426 0.866025403784 -0.500000000000
39.419830008197 -37.363609467717 0.866025403784 -0.500000000000
