#Configurational_file created 2018-09-14 13:59:21  started 2018-09-14 13:59:20 run for 1.0s steps 0
name: p_1137
step: 10000
specie: 20
	particle_diameter: 1.0000000000000000
	interaction_length: 1.2000000000000000
	number_of_patches: 3
	number_of_particles_per_compound: 1
	rod_length: 1.0000000000000000
	interaction_matrix:  1.000000 1.000000 1.000000 1.000000 1.000000 1.000000 1.000000 1.000000 1.000000
	patch_type: symmetric
	patch_width: 8.0000000000000000
	patch_angle: 0.0000000000000000
	angles:  0.000000 0.000000 0.000000
	grand_canonical: 0
	chemical_potential: 0.0000000000000000
box: 11.251458 11.251458
copy: 1.000000 1.000000
epsilon: 0.4827590000000000
end_epsilon: 0.0000000000000000
pressure: 0.4482760000000000
lambda: 0.0000000000000000
lambda_coupling: 1.0000000000000000
uy: 0.0000000000000000
maximum_displacement: 1.0000000000000000
maximum_rotation: 1.0000000000000000
maximum_volume: 1.0000000000000000
maximum_shape: 0.0000001000000000
maximum_dsigma: 0.0100000000000000
mod: 10
pmod: 10
optimize: 1
verbose: 1
snapshot: 0
display: 1
explore: 1
npt: 1
nptxy: 0
nptdxdy: 0
shape: 0
seed: 1295560
45.485774246389 26.177245077931 0.866025403784 -0.500000000000
19.565175329339 2.691568009539 0.000000000000 1.000000000000
-79.458683805422 -21.587517772593 0.866025403784 -0.500000000000
50.641289231659 -20.895606960271 0.000000000000 1.000000000000
-17.319145847023 -59.324422349103 0.000000000000 1.000000000000
15.168274294712 85.994600200574 0.000000000000 1.000000000000
1.744204955486 -170.457816139186 0.000000000000 1.000000000000
-55.742613709496 98.806279712329 0.866025403784 -0.500000000000
1.678721217642 103.305125205269 0.000000000000 1.000000000000
-120.890128480843 40.474811201937 0.866025403784 -0.500000000000
203.907070525501 -35.017799418161 0.866025403784 0.500000000000
-47.590867967738 8.997842500047 0.866025403784 -0.500000000000
52.990436048649 -195.006134881821 0.866025403784 0.500000000000
87.175401976598 -107.065220837810 0.866025403784 -0.500000000000
-37.832582907379 -40.020887479791 0.866025403784 0.500000000000
37.261427537838 -72.480043801384 0.000000000000 1.000000000000
81.271049625227 -6.772726908886 0.000000000000 1.000000000000
-19.662528369926 -117.579475554875 0.866025403784 0.500000000000
-90.832011882440 33.490858951654 0.866025403784 0.500000000000
74.062554953781 -91.593897560318 0.866025403784 0.500000000000
