#Configurational_file created 2018-09-14 11:06:50  started 2018-09-14 11:06:49 run for 1.0s steps 0
name: p_110
step: 10000
specie: 20
	particle_diameter: 1.0000000000000000
	interaction_length: 1.2000000000000000
	number_of_patches: 3
	number_of_particles_per_compound: 1
	rod_length: 1.0000000000000000
	interaction_matrix:  1.000000 1.000000 1.000000 1.000000 1.000000 1.000000 1.000000 1.000000 1.000000
	patch_type: symmetric
	patch_width: 8.0000000000000000
	patch_angle: 0.0000000000000000
	angles:  0.000000 0.000000 0.000000
	grand_canonical: 0
	chemical_potential: 0.0000000000000000
box: 8.215532 8.215532
copy: 1.000000 1.000000
epsilon: 0.3571710000000000
end_epsilon: 0.0000000000000000
pressure: 1.4286000000000001
lambda: 0.0000000000000000
lambda_coupling: 1.0000000000000000
uy: 0.0000000000000000
maximum_displacement: 1.0000000000000000
maximum_rotation: 1.0000000000000000
maximum_volume: 0.8010041417100121
maximum_shape: 0.0000001000000000
maximum_dsigma: 0.0100000000000000
mod: 10
pmod: 10
optimize: 1
verbose: 1
snapshot: 0
display: 1
explore: 1
npt: 1
nptxy: 0
nptdxdy: 0
shape: 0
seed: 127940
-13.029741859200 -120.148305053773 0.866025403784 0.500000000000
-15.500213860871 -102.654376458796 0.000000000000 1.000000000000
-91.119282475570 -174.869116645212 0.866025403784 -0.500000000000
79.970647227760 53.978992934777 0.866025403784 0.500000000000
-110.600264406227 -35.099291082857 0.000000000000 1.000000000000
-129.127316766047 -32.629029067800 0.866025403784 -0.500000000000
29.542209611694 -40.167389123401 0.866025403784 -0.500000000000
34.114736121166 24.671249393818 0.000000000000 1.000000000000
9.959871305840 62.005576302577 0.866025403784 -0.500000000000
-25.684501193752 -24.776240215873 0.000000000000 1.000000000000
47.837015767912 88.761960109626 0.866025403784 -0.500000000000
112.121226846281 -83.501200669314 0.866025403784 -0.500000000000
-111.020823673864 4.570913302780 0.866025403784 -0.500000000000
101.430884903740 78.509447138532 0.000000000000 1.000000000000
-122.259635975465 109.442051662569 0.000000000000 1.000000000000
-81.802313947129 2.478149967152 0.866025403784 -0.500000000000
-54.589127542826 29.456856583614 0.866025403784 -0.500000000000
-76.115232078582 60.507797652457 0.000000000000 1.000000000000
-22.392410731347 -108.468652009537 0.866025403784 0.500000000000
-111.952994544478 0.811811780892 0.000000000000 1.000000000000
