#Configurational_file created 2018-09-14 12:03:47  started 2018-09-14 12:03:46 run for 1.0s steps 0
name: p_1143
step: 10000
specie: 20
	particle_diameter: 1.0000000000000000
	interaction_length: 1.2000000000000000
	number_of_patches: 3
	number_of_particles_per_compound: 1
	rod_length: 1.0000000000000000
	interaction_matrix:  1.000000 1.000000 1.000000 1.000000 1.000000 1.000000 1.000000 1.000000 1.000000
	patch_type: symmetric
	patch_width: 8.0000000000000000
	patch_angle: 0.0000000000000000
	angles:  0.000000 0.000000 0.000000
	grand_canonical: 0
	chemical_potential: 0.0000000000000000
box: 45.145575 45.145575
copy: 1.000000 1.000000
epsilon: 0.0416670000000000
end_epsilon: 0.0000000000000000
pressure: 0.0708340000000000
lambda: 0.0000000000000000
lambda_coupling: 1.0000000000000000
uy: 0.0000000000000000
maximum_displacement: 1.0000000000000000
maximum_rotation: 1.0000000000000000
maximum_volume: 1.0000000000000000
maximum_shape: 0.0000001000000000
maximum_dsigma: 0.0100000000000000
mod: 10
pmod: 10
optimize: 1
verbose: 1
snapshot: 0
display: 1
explore: 1
npt: 1
nptxy: 0
nptdxdy: 0
shape: 0
seed: 1302382
-167.296788640197 364.956654344785 0.000000000000 1.000000000000
-210.126005974441 -159.762220846121 0.000000000000 1.000000000000
-166.304593270803 66.843457403904 0.000000000000 1.000000000000
14.313998247427 99.661087620765 0.866025403784 0.500000000000
35.135795660964 -159.320467412304 0.000000000000 1.000000000000
-235.232098988058 50.698275041793 0.866025403784 -0.500000000000
267.802566041191 262.145717585465 0.000000000000 1.000000000000
-66.457425003579 37.888102365483 0.000000000000 1.000000000000
-9.561317459808 -256.057415098157 0.000000000000 1.000000000000
173.489328422530 147.948130884414 0.866025403784 -0.500000000000
-13.598472941323 -330.963659694596 0.000000000000 1.000000000000
94.563557729083 64.356043765310 0.000000000000 1.000000000000
303.594174054949 58.020258603283 0.866025403784 0.500000000000
39.050684992466 -190.781222251466 0.866025403784 -0.500000000000
111.703534624317 -8.722639659850 0.000000000000 1.000000000000
138.183976596071 181.735193508430 0.000000000000 1.000000000000
12.223270672346 102.325853963876 0.866025403784 0.500000000000
32.841025100213 61.313023432758 0.866025403784 -0.500000000000
155.296016063679 215.487972287807 0.866025403784 0.500000000000
160.698657191024 50.228568097001 0.866025403784 -0.500000000000
