#Configurational_file created 2018-09-14 11:36:46  started 2018-09-14 11:36:46 run for 0.0s steps 0
name: p_1162
step: 10000
specie: 20
	particle_diameter: 1.0000000000000000
	interaction_length: 1.2000000000000000
	number_of_patches: 3
	number_of_particles_per_compound: 1
	rod_length: 1.0000000000000000
	interaction_matrix:  1.000000 1.000000 1.000000 1.000000 1.000000 1.000000 1.000000 1.000000 1.000000
	patch_type: symmetric
	patch_width: 8.0000000000000000
	patch_angle: 0.0000000000000000
	angles:  0.000000 0.000000 0.000000
	grand_canonical: 0
	chemical_potential: 0.0000000000000000
box: 9.259537 9.259537
copy: 1.000000 1.000000
epsilon: 0.4375120000000000
end_epsilon: 0.0000000000000000
pressure: 0.9167210000000000
lambda: 0.0000000000000000
lambda_coupling: 1.0000000000000000
uy: 0.0000000000000000
maximum_displacement: 1.0000000000000000
maximum_rotation: 1.0000000000000000
maximum_volume: 0.9800000000000000
maximum_shape: 0.0000001000000000
maximum_dsigma: 0.0100000000000000
mod: 10
pmod: 10
optimize: 1
verbose: 1
snapshot: 0
display: 1
explore: 1
npt: 1
nptxy: 0
nptdxdy: 0
shape: 0
seed: 1323985
-73.386024552380 34.862064140331 0.866025403784 0.500000000000
51.724520686470 81.084762135847 0.000000000000 1.000000000000
119.450795014337 27.777403328374 0.866025403784 -0.500000000000
93.189364853061 -105.808834276574 0.866025403784 -0.500000000000
68.910661446858 -31.642109900070 0.866025403784 0.500000000000
34.504859705795 -9.116948254470 0.866025403784 0.500000000000
-61.033279515676 -155.421658749669 0.000000000000 1.000000000000
-114.588974869649 -89.378245405128 0.000000000000 1.000000000000
69.829170361275 88.652931800924 0.866025403784 -0.500000000000
90.948390466339 -77.566458568844 0.866025403784 0.500000000000
69.446518522969 -24.335503179272 0.866025403784 -0.500000000000
64.926926472613 65.818080428497 0.866025403784 0.500000000000
58.979195632473 -89.281052119257 0.866025403784 0.500000000000
-29.158095205992 29.887885346464 0.000000000000 1.000000000000
93.818462243164 37.514587890385 0.866025403784 0.500000000000
-5.998405068834 33.326211835399 0.866025403784 -0.500000000000
94.417213336893 -99.833720029944 0.866025403784 -0.500000000000
-62.699384360737 -2.031652955362 0.000000000000 1.000000000000
41.449945684995 16.045947559804 0.866025403784 -0.500000000000
18.706793855621 -47.481792169764 0.866025403784 0.500000000000
