#Configurational_file created 2018-09-14 13:59:14  started 2018-09-14 13:59:13 run for 1.0s steps 0
name: p_1127
step: 10000
specie: 20
	particle_diameter: 1.0000000000000000
	interaction_length: 1.2000000000000000
	number_of_patches: 3
	number_of_particles_per_compound: 1
	rod_length: 1.0000000000000000
	interaction_matrix:  1.000000 1.000000 1.000000 1.000000 1.000000 1.000000 1.000000 1.000000 1.000000
	patch_type: symmetric
	patch_width: 8.0000000000000000
	patch_angle: 0.0000000000000000
	angles:  0.000000 0.000000 0.000000
	grand_canonical: 0
	chemical_potential: 0.0000000000000000
box: 14.521334 14.521334
copy: 1.000000 1.000000
epsilon: 0.4827590000000000
end_epsilon: 0.0000000000000000
pressure: 0.2758630000000000
lambda: 0.0000000000000000
lambda_coupling: 1.0000000000000000
uy: 0.0000000000000000
maximum_displacement: 1.0000000000000000
maximum_rotation: 1.0000000000000000
maximum_volume: 1.0000000000000000
maximum_shape: 0.0000001000000000
maximum_dsigma: 0.0100000000000000
mod: 10
pmod: 10
optimize: 1
verbose: 1
snapshot: 0
display: 1
explore: 1
npt: 1
nptxy: 0
nptdxdy: 0
shape: 0
seed: 1284190
105.692577984632 25.015793045891 0.000000000000 1.000000000000
82.426096574920 46.709280271493 0.000000000000 1.000000000000
-234.744204269829 187.067695822779 0.866025403784 0.500000000000
-165.513936239812 -10.168098236408 0.866025403784 0.500000000000
-97.403906229962 43.042082085211 0.000000000000 1.000000000000
36.837984381372 69.555064864274 0.866025403784 0.500000000000
-8.242245117626 -71.502985078659 0.866025403784 -0.500000000000
46.164029117821 252.695723101141 0.866025403784 -0.500000000000
-205.901239134653 10.010343320565 0.866025403784 -0.500000000000
-35.860539815544 115.421267882516 0.866025403784 -0.500000000000
-35.336615792716 -150.839730493834 0.000000000000 1.000000000000
-159.541804273053 205.268335130009 0.000000000000 1.000000000000
-118.985604972551 -133.477273063228 0.000000000000 1.000000000000
-100.509994261654 -2.915218428398 0.866025403784 -0.500000000000
147.730281100526 -24.681976799538 0.000000000000 1.000000000000
-46.177602414425 137.829893657610 0.866025403784 -0.500000000000
-46.170084884774 77.649576468897 0.866025403784 -0.500000000000
80.412807011948 -169.262371645981 0.866025403784 0.500000000000
120.958488658074 -99.036527355537 0.866025403784 -0.500000000000
-198.975611004832 -231.890305838221 0.866025403784 0.500000000000
