#Configurational_file created 2018-09-14 11:36:07  started 2018-09-14 11:36:06 run for 1.0s steps 0
name: p_1116
step: 10000
specie: 20
	particle_diameter: 1.0000000000000000
	interaction_length: 1.2000000000000000
	number_of_patches: 3
	number_of_particles_per_compound: 1
	rod_length: 1.0000000000000000
	interaction_matrix:  1.000000 1.000000 1.000000 1.000000 1.000000 1.000000 1.000000 1.000000 1.000000
	patch_type: symmetric
	patch_width: 8.0000000000000000
	patch_angle: 0.0000000000000000
	angles:  0.000000 0.000000 0.000000
	grand_canonical: 0
	chemical_potential: 0.0000000000000000
box: 7.666718 7.666718
copy: 1.000000 1.000000
epsilon: 0.3958540000000000
end_epsilon: 0.0000000000000000
pressure: 1.2500370000000001
lambda: 0.0000000000000000
lambda_coupling: 1.0000000000000000
uy: 0.0000000000000000
maximum_displacement: 1.0000000000000000
maximum_rotation: 1.0000000000000000
maximum_volume: 0.9409034765577994
maximum_shape: 0.0000001000000000
maximum_dsigma: 0.0100000000000000
mod: 10
pmod: 10
optimize: 1
verbose: 1
snapshot: 0
display: 1
explore: 1
npt: 1
nptxy: 0
nptdxdy: 0
shape: 0
seed: 1271683
-1.817639712717 60.724217936684 0.866025403784 -0.500000000000
-72.523254848939 -24.448660604409 0.866025403784 0.500000000000
-10.447982001004 56.844756374358 0.866025403784 0.500000000000
19.147512918867 -122.412446696791 0.866025403784 0.500000000000
-4.760320139585 0.229363875216 0.866025403784 -0.500000000000
90.052341629124 -116.425815716156 0.000000000000 1.000000000000
-24.303286310673 -28.039875771084 0.866025403784 -0.500000000000
-105.168757199347 17.677448025595 0.000000000000 1.000000000000
82.376508479037 86.321154144857 0.866025403784 0.500000000000
9.713101477111 26.442206731212 0.000000000000 1.000000000000
-3.397039424065 16.776251406048 0.866025403784 -0.500000000000
8.127341270609 -24.242618539951 0.000000000000 1.000000000000
-25.428075961635 -30.425839551804 0.866025403784 -0.500000000000
9.638761915021 20.652978660436 0.866025403784 -0.500000000000
-67.692608735003 -16.210043498983 0.866025403784 -0.500000000000
33.786410301533 181.027353834355 0.866025403784 -0.500000000000
-55.782997356004 -10.920767311002 0.866025403784 0.500000000000
-54.771185068948 5.646017484681 0.000000000000 1.000000000000
-59.391583278312 -0.205358926075 0.000000000000 1.000000000000
16.451952375569 -89.116454854223 0.000000000000 1.000000000000
