#Configurational_file created 2018-09-14 13:59:46  started 2018-09-14 13:59:45 run for 1.0s steps 0
name: p_1170
step: 10000
specie: 20
	particle_diameter: 1.0000000000000000
	interaction_length: 1.2000000000000000
	number_of_patches: 3
	number_of_particles_per_compound: 1
	rod_length: 1.0000000000000000
	interaction_matrix:  1.000000 1.000000 1.000000 1.000000 1.000000 1.000000 1.000000 1.000000 1.000000
	patch_type: symmetric
	patch_width: 8.0000000000000000
	patch_angle: 0.0000000000000000
	angles:  0.000000 0.000000 0.000000
	grand_canonical: 0
	chemical_potential: 0.0000000000000000
box: 9.326305 9.326305
copy: 1.000000 1.000000
epsilon: 0.5517250000000000
end_epsilon: 0.0000000000000000
pressure: 0.5000000000000000
lambda: 0.0000000000000000
lambda_coupling: 1.0000000000000000
uy: 0.0000000000000000
maximum_displacement: 1.0000000000000000
maximum_rotation: 1.0000000000000000
maximum_volume: 1.0000000000000000
maximum_shape: 0.0000001000000000
maximum_dsigma: 0.0100000000000000
mod: 10
pmod: 10
optimize: 1
verbose: 1
snapshot: 0
display: 1
explore: 1
npt: 1
nptxy: 0
nptdxdy: 0
shape: 0
seed: 1333081
49.889136929671 -78.763913429037 0.866025403784 0.500000000000
-21.680342401061 -3.175146077073 0.000000000000 1.000000000000
-147.828396788388 47.455895532402 0.866025403784 0.500000000000
-60.295072834014 92.620270566705 0.000000000000 1.000000000000
-31.672663903009 87.616030336459 0.866025403784 0.500000000000
13.035420650253 168.300019366670 0.000000000000 1.000000000000
-38.379688193606 -106.781035534021 0.866025403784 0.500000000000
-12.284822516764 63.364138118311 0.000000000000 1.000000000000
134.205486981538 81.526897356649 0.866025403784 0.500000000000
-52.946787147226 -17.841635993343 0.866025403784 0.500000000000
-0.492670968450 -93.950473371938 0.866025403784 0.500000000000
-29.094942371760 -53.645839260228 0.866025403784 -0.500000000000
-16.377240285504 20.434165492997 0.866025403784 0.500000000000
23.796664205013 28.288246981441 0.866025403784 -0.500000000000
19.620369977467 -57.087263913421 0.866025403784 -0.500000000000
-69.886582466836 -69.400795622964 0.000000000000 1.000000000000
40.041613840644 31.495032900150 0.866025403784 -0.500000000000
11.438347183192 -23.290467587036 0.866025403784 -0.500000000000
-57.318360130683 9.235229579443 0.866025403784 0.500000000000
17.654121104067 15.615831619057 0.866025403784 -0.500000000000
