#Configurational_file created 2018-09-14 13:59:23  started 2018-09-14 13:59:22 run for 1.0s steps 0
name: p_1139
step: 10000
specie: 20
	particle_diameter: 1.0000000000000000
	interaction_length: 1.2000000000000000
	number_of_patches: 3
	number_of_particles_per_compound: 1
	rod_length: 1.0000000000000000
	interaction_matrix:  1.000000 1.000000 1.000000 1.000000 1.000000 1.000000 1.000000 1.000000 1.000000
	patch_type: symmetric
	patch_width: 8.0000000000000000
	patch_angle: 0.0000000000000000
	angles:  0.000000 0.000000 0.000000
	grand_canonical: 0
	chemical_potential: 0.0000000000000000
box: 10.787958 10.787958
copy: 1.000000 1.000000
epsilon: 0.4827590000000000
end_epsilon: 0.0000000000000000
pressure: 0.4827590000000000
lambda: 0.0000000000000000
lambda_coupling: 1.0000000000000000
uy: 0.0000000000000000
maximum_displacement: 1.0000000000000000
maximum_rotation: 1.0000000000000000
maximum_volume: 1.0000000000000000
maximum_shape: 0.0000001000000000
maximum_dsigma: 0.0100000000000000
mod: 10
pmod: 10
optimize: 1
verbose: 1
snapshot: 0
display: 1
explore: 1
npt: 1
nptxy: 0
nptdxdy: 0
shape: 0
seed: 1297834
-206.807213235457 -45.909785506693 0.866025403784 0.500000000000
34.594158752061 61.597362287487 0.000000000000 1.000000000000
-70.615426921573 -23.587404618650 0.866025403784 -0.500000000000
-57.916127799008 -30.780098716695 0.866025403784 -0.500000000000
-76.381298260296 -31.691316165132 0.000000000000 1.000000000000
41.793598535380 23.380900328137 0.866025403784 0.500000000000
116.083764047145 -11.619932395113 0.866025403784 -0.500000000000
-146.346601216518 -28.022244455312 0.866025403784 -0.500000000000
-1.402095796887 25.643983145860 0.000000000000 1.000000000000
26.065087299546 7.538971701324 0.866025403784 0.500000000000
-98.760060319455 6.609117116275 0.866025403784 0.500000000000
35.223696447987 12.158275069705 0.866025403784 0.500000000000
82.501976517772 79.054616828653 0.866025403784 0.500000000000
101.044567339376 178.279413875221 0.866025403784 0.500000000000
259.607740094426 41.839800754447 0.000000000000 1.000000000000
1.426440839656 -17.411785946977 0.866025403784 -0.500000000000
-56.768834021333 -72.280075329177 0.866025403784 0.500000000000
12.794729187407 33.978316394181 0.866025403784 -0.500000000000
33.164605122507 22.864853957644 0.866025403784 -0.500000000000
48.934789675254 -122.018183259106 0.866025403784 -0.500000000000
