#Configurational_file created 2018-09-14 11:36:52  started 2018-09-14 11:36:51 run for 1.0s steps 0
name: p_1168
step: 10000
specie: 20
	particle_diameter: 1.0000000000000000
	interaction_length: 1.2000000000000000
	number_of_patches: 3
	number_of_particles_per_compound: 1
	rod_length: 1.0000000000000000
	interaction_matrix:  1.000000 1.000000 1.000000 1.000000 1.000000 1.000000 1.000000 1.000000 1.000000
	patch_type: symmetric
	patch_width: 8.0000000000000000
	patch_angle: 0.0000000000000000
	angles:  0.000000 0.000000 0.000000
	grand_canonical: 0
	chemical_potential: 0.0000000000000000
box: 6.947655 6.947655
copy: 1.000000 1.000000
epsilon: 0.4375120000000000
end_epsilon: 0.0000000000000000
pressure: 1.4166960000000000
lambda: 0.0000000000000000
lambda_coupling: 1.0000000000000000
uy: 0.0000000000000000
maximum_displacement: 1.0000000000000000
maximum_rotation: 1.0000000000000000
maximum_volume: 0.4772394830380554
maximum_shape: 0.0000001000000000
maximum_dsigma: 0.0100000000000000
mod: 10
pmod: 10
optimize: 1
verbose: 1
snapshot: 0
display: 1
explore: 1
npt: 1
nptxy: 0
nptdxdy: 0
shape: 0
seed: 1330807
115.888529786286 -28.361448620107 0.866025403784 -0.500000000000
-20.561115426997 57.599451604517 0.000000000000 1.000000000000
44.306362279158 26.544206101845 0.866025403784 -0.500000000000
33.476342438992 -30.806405554831 0.866025403784 0.500000000000
-85.330456788371 66.837079579499 0.866025403784 -0.500000000000
-7.159122982491 56.531472067375 0.866025403784 0.500000000000
1.202153107759 -1.386446173924 0.000000000000 1.000000000000
98.131778544578 94.098191317375 0.866025403784 0.500000000000
54.174514789636 21.822595838840 0.866025403784 0.500000000000
-5.184072906570 -68.362440022819 0.866025403784 0.500000000000
102.113869098732 -10.634747685114 0.866025403784 0.500000000000
-87.253512795768 51.904977539729 0.866025403784 0.500000000000
42.242260165429 -22.114756201745 0.866025403784 0.500000000000
0.353494810008 -33.812763571739 0.000000000000 1.000000000000
44.297593150917 -12.000813013695 0.866025403784 0.500000000000
-4.729564685235 21.603159815038 0.000000000000 1.000000000000
-3.725842548570 99.330980399591 0.000000000000 1.000000000000
23.388534938721 5.391010377825 0.000000000000 1.000000000000
26.210058303854 12.971622836457 0.000000000000 1.000000000000
34.535015572348 -99.374213440479 0.000000000000 1.000000000000
