#Configurational_file created 2018-09-14 13:59:08  started 2018-09-14 13:59:07 run for 1.0s steps 0
name: p_1119
step: 10000
specie: 20
	particle_diameter: 1.0000000000000000
	interaction_length: 1.2000000000000000
	number_of_patches: 3
	number_of_particles_per_compound: 1
	rod_length: 1.0000000000000000
	interaction_matrix:  1.000000 1.000000 1.000000 1.000000 1.000000 1.000000 1.000000 1.000000 1.000000
	patch_type: symmetric
	patch_width: 8.0000000000000000
	patch_angle: 0.0000000000000000
	angles:  0.000000 0.000000 0.000000
	grand_canonical: 0
	chemical_potential: 0.0000000000000000
box: 15.931836 15.931836
copy: 1.000000 1.000000
epsilon: 0.4827590000000000
end_epsilon: 0.0000000000000000
pressure: 0.1379320000000000
lambda: 0.0000000000000000
lambda_coupling: 1.0000000000000000
uy: 0.0000000000000000
maximum_displacement: 1.0000000000000000
maximum_rotation: 1.0000000000000000
maximum_volume: 1.0000000000000000
maximum_shape: 0.0000001000000000
maximum_dsigma: 0.0100000000000000
mod: 10
pmod: 10
optimize: 1
verbose: 1
snapshot: 0
display: 1
explore: 1
npt: 1
nptxy: 0
nptdxdy: 0
shape: 0
seed: 1275094
-33.121491643252 -173.475879310390 0.866025403784 -0.500000000000
-7.533456741599 -0.630599197523 0.866025403784 -0.500000000000
83.349496516370 56.973033446504 0.866025403784 -0.500000000000
109.658833840147 102.925773608763 0.866025403784 0.500000000000
64.751079548039 -0.937058275160 0.000000000000 1.000000000000
-47.234364838125 -124.075089522505 0.000000000000 1.000000000000
70.427488462447 205.463695801156 0.000000000000 1.000000000000
-196.900049780671 7.232059871936 0.866025403784 0.500000000000
75.840900417225 132.737974416003 0.866025403784 -0.500000000000
-55.113159819425 5.571769088562 0.866025403784 -0.500000000000
-47.302024558594 -31.602348093920 0.866025403784 -0.500000000000
19.831268629859 59.648644377650 0.866025403784 0.500000000000
25.660877172266 40.673926724774 0.866025403784 -0.500000000000
193.118648242485 40.397934302184 0.866025403784 0.500000000000
-133.813342410271 4.036644898188 0.000000000000 1.000000000000
-0.966552044490 46.228850381724 0.866025403784 0.500000000000
24.780449805784 -58.903543541386 0.866025403784 0.500000000000
-123.679365529405 -89.437823362510 0.000000000000 1.000000000000
-25.771315859523 214.085311671263 0.866025403784 -0.500000000000
5.055543767075 32.219850373262 0.866025403784 -0.500000000000
