#Configurational_file created 2018-09-14 13:59:59  started 2018-09-14 13:59:58 run for 1.0s steps 0
name: p_1189
step: 10000
specie: 20
	particle_diameter: 1.0000000000000000
	interaction_length: 1.2000000000000000
	number_of_patches: 3
	number_of_particles_per_compound: 1
	rod_length: 1.0000000000000000
	interaction_matrix:  1.000000 1.000000 1.000000 1.000000 1.000000 1.000000 1.000000 1.000000 1.000000
	patch_type: symmetric
	patch_width: 8.0000000000000000
	patch_angle: 0.0000000000000000
	angles:  0.000000 0.000000 0.000000
	grand_canonical: 0
	chemical_potential: 0.0000000000000000
box: 10.072044 10.072044
copy: 1.000000 1.000000
epsilon: 0.6206900000000000
end_epsilon: 0.0000000000000000
pressure: 0.3103450000000000
lambda: 0.0000000000000000
lambda_coupling: 1.0000000000000000
uy: 0.0000000000000000
maximum_displacement: 1.0000000000000000
maximum_rotation: 1.0000000000000000
maximum_volume: 1.0000000000000000
maximum_shape: 0.0000001000000000
maximum_dsigma: 0.0100000000000000
mod: 10
pmod: 10
optimize: 1
verbose: 1
snapshot: 0
display: 1
explore: 1
npt: 1
nptxy: 0
nptdxdy: 0
shape: 0
seed: 1354684
86.390884681433 -149.233986318406 0.000000000000 1.000000000000
112.178358689824 -68.786408408319 0.866025403784 0.500000000000
52.649940857337 67.545453732944 0.866025403784 0.500000000000
10.447616766402 123.157752201327 0.866025403784 0.500000000000
10.431377124963 166.331212464686 0.866025403784 0.500000000000
21.934710710017 -22.635529035911 0.866025403784 -0.500000000000
35.360190445366 15.676425347845 0.866025403784 0.500000000000
64.113915619928 70.941302003844 0.866025403784 0.500000000000
48.877536402407 81.529941892474 0.866025403784 0.500000000000
-22.215871123644 44.191309177604 0.866025403784 -0.500000000000
-87.627823312118 -2.051990293339 0.866025403784 -0.500000000000
-78.918355882312 -81.448688511837 0.866025403784 0.500000000000
49.658364042526 55.462053076135 0.866025403784 0.500000000000
26.203342115791 28.966682845051 0.000000000000 1.000000000000
-54.302102272658 -57.804156981240 0.866025403784 0.500000000000
-9.246162850057 -46.952291260310 0.866025403784 -0.500000000000
-60.193262820516 -100.388350144865 0.000000000000 1.000000000000
116.686692278387 -107.392257392109 0.866025403784 -0.500000000000
63.479588083596 33.187736758783 0.000000000000 1.000000000000
66.095267508667 6.963390332339 0.000000000000 1.000000000000
