#Configurational_file created 2018-09-14 11:36:33  started 2018-09-14 11:36:32 run for 1.0s steps 0
name: p_1146
step: 10000
specie: 20
	particle_diameter: 1.0000000000000000
	interaction_length: 1.2000000000000000
	number_of_patches: 3
	number_of_particles_per_compound: 1
	rod_length: 1.0000000000000000
	interaction_matrix:  1.000000 1.000000 1.000000 1.000000 1.000000 1.000000 1.000000 1.000000 1.000000
	patch_type: symmetric
	patch_width: 8.0000000000000000
	patch_angle: 0.0000000000000000
	angles:  0.000000 0.000000 0.000000
	grand_canonical: 0
	chemical_potential: 0.0000000000000000
box: 7.828482 7.828482
copy: 1.000000 1.000000
epsilon: 0.4166830000000000
end_epsilon: 0.0000000000000000
pressure: 1.6666829999999999
lambda: 0.0000000000000000
lambda_coupling: 1.0000000000000000
uy: 0.0000000000000000
maximum_displacement: 1.0000000000000000
maximum_rotation: 1.0000000000000000
maximum_volume: 0.4919797743713096
maximum_shape: 0.0000001000000000
maximum_dsigma: 0.0100000000000000
mod: 10
pmod: 10
optimize: 1
verbose: 1
snapshot: 0
display: 1
explore: 1
npt: 1
nptxy: 0
nptdxdy: 0
shape: 0
seed: 1305793
-1.802511784088 99.723798562176 0.000000000000 1.000000000000
-58.124713168550 -78.109910529966 0.866025403784 0.500000000000
64.886003208775 -54.195112636759 0.000000000000 1.000000000000
2.405811863091 -19.289521181056 0.000000000000 1.000000000000
50.153836478905 -47.108930391447 0.000000000000 1.000000000000
52.738949886730 58.874782423454 0.866025403784 -0.500000000000
-46.468528717618 84.330294744338 0.000000000000 1.000000000000
-129.058397306280 40.724793219079 0.866025403784 -0.500000000000
54.664759749924 -20.269231083542 0.000000000000 1.000000000000
53.468424746454 -53.681924889846 0.866025403784 -0.500000000000
32.255615893597 -68.981615963798 0.866025403784 -0.500000000000
-51.397908312106 -112.532179029840 0.866025403784 -0.500000000000
-0.451724756647 -68.836055139543 0.000000000000 1.000000000000
-25.818332012824 47.003412431175 0.000000000000 1.000000000000
73.188747029393 -60.268462625615 0.866025403784 -0.500000000000
-34.104235185003 -56.440300072438 0.000000000000 1.000000000000
29.828931357728 27.932028216684 0.000000000000 1.000000000000
-59.173685604851 58.417320021937 0.000000000000 1.000000000000
20.281929029521 40.323189942450 0.866025403784 0.500000000000
109.594084875102 -11.404720283025 0.000000000000 1.000000000000
