#Configurational_file created 2018-09-14 13:59:53  started 2018-09-14 13:59:53 run for 0.0s steps 0
name: p_1181
step: 10000
specie: 20
	particle_diameter: 1.0000000000000000
	interaction_length: 1.2000000000000000
	number_of_patches: 3
	number_of_particles_per_compound: 1
	rod_length: 1.0000000000000000
	interaction_matrix:  1.000000 1.000000 1.000000 1.000000 1.000000 1.000000 1.000000 1.000000 1.000000
	patch_type: symmetric
	patch_width: 8.0000000000000000
	patch_angle: 0.0000000000000000
	angles:  0.000000 0.000000 0.000000
	grand_canonical: 0
	chemical_potential: 0.0000000000000000
box: 13.937647 13.937647
copy: 1.000000 1.000000
epsilon: 0.6206900000000000
end_epsilon: 0.0000000000000000
pressure: 0.1724140000000000
lambda: 0.0000000000000000
lambda_coupling: 1.0000000000000000
uy: 0.0000000000000000
maximum_displacement: 1.0000000000000000
maximum_rotation: 1.0000000000000000
maximum_volume: 1.0000000000000000
maximum_shape: 0.0000001000000000
maximum_dsigma: 0.0100000000000000
mod: 10
pmod: 10
optimize: 1
verbose: 1
snapshot: 0
display: 1
explore: 1
npt: 1
nptxy: 0
nptdxdy: 0
shape: 0
seed: 1345588
20.642765940668 -74.754841873348 0.866025403784 0.500000000000
-14.185825133065 -113.224127169486 0.866025403784 0.500000000000
50.110384495880 32.136978202958 0.000000000000 1.000000000000
-140.238524762984 0.318191411861 0.000000000000 1.000000000000
127.180109004968 75.481332779781 0.000000000000 1.000000000000
-145.029802066018 -138.992956131590 0.866025403784 0.500000000000
-116.965873597819 75.308398797262 0.866025403784 0.500000000000
-4.544067740617 -165.397422419541 0.866025403784 0.500000000000
60.268354899854 -94.375281767165 0.000000000000 1.000000000000
113.448671363635 96.017709983200 0.866025403784 0.500000000000
-66.103864477823 9.117840813461 0.866025403784 -0.500000000000
38.508040454176 -44.016646959374 0.866025403784 0.500000000000
134.558146409173 -19.888092512764 0.866025403784 0.500000000000
128.774532648401 230.132284135536 0.000000000000 1.000000000000
121.929731518529 23.454552253168 0.866025403784 -0.500000000000
-40.070174284248 -122.188814043555 0.866025403784 0.500000000000
-39.647584764085 99.057219325789 0.866025403784 0.500000000000
-79.226137764844 98.438250247346 0.866025403784 0.500000000000
117.934168854760 -21.281545088935 0.866025403784 -0.500000000000
67.534297997877 31.004194995428 0.866025403784 0.500000000000
