#Configurational_file created 2018-09-14 11:06:52  started 2018-09-14 11:06:52 run for 0.0s steps 0
name: p_113
step: 10000
specie: 20
	particle_diameter: 1.0000000000000000
	interaction_length: 1.2000000000000000
	number_of_patches: 3
	number_of_particles_per_compound: 1
	rod_length: 1.0000000000000000
	interaction_matrix:  1.000000 1.000000 1.000000 1.000000 1.000000 1.000000 1.000000 1.000000 1.000000
	patch_type: symmetric
	patch_width: 8.0000000000000000
	patch_angle: 0.0000000000000000
	angles:  0.000000 0.000000 0.000000
	grand_canonical: 0
	chemical_potential: 0.0000000000000000
box: 45.864625 45.864625
copy: 1.000000 1.000000
epsilon: 0.4285860000000000
end_epsilon: 0.0000000000000000
pressure: 0.0001000000000000
lambda: 0.0000000000000000
lambda_coupling: 1.0000000000000000
uy: 0.0000000000000000
maximum_displacement: 1.0000000000000000
maximum_rotation: 1.0000000000000000
maximum_volume: 1.0000000000000000
maximum_shape: 0.0000001000000000
maximum_dsigma: 0.0100000000000000
mod: 10
pmod: 10
optimize: 1
verbose: 1
snapshot: 0
display: 1
explore: 1
npt: 1
nptxy: 0
nptdxdy: 0
shape: 0
seed: 131351
202.076373035959 4.069370463877 0.000000000000 1.000000000000
333.628132324798 -96.430627211314 0.000000000000 1.000000000000
172.022877609126 270.413081629327 0.866025403784 -0.500000000000
-294.969948139987 151.694861853950 0.866025403784 -0.500000000000
-363.892021414419 102.398080637356 0.000000000000 1.000000000000
27.900226200191 -70.247913514471 0.866025403784 -0.500000000000
-98.257853383932 45.018834989460 0.866025403784 -0.500000000000
-118.397476254170 -24.434318317347 0.866025403784 -0.500000000000
5.833132926661 535.225932621012 0.000000000000 1.000000000000
-7.969938602492 -217.578311241890 0.000000000000 1.000000000000
-96.693412824135 -71.016346414822 0.866025403784 -0.500000000000
-76.600611881213 -149.521320376537 0.866025403784 -0.500000000000
66.827926316302 310.578243693149 0.866025403784 -0.500000000000
-12.977273510646 176.646841657929 0.000000000000 1.000000000000
267.824427628653 61.319808485530 0.000000000000 1.000000000000
248.435474029018 -209.209541623404 0.866025403784 -0.500000000000
44.016628152647 140.271249672584 0.000000000000 1.000000000000
261.820341588862 143.831187475187 0.866025403784 -0.500000000000
339.536840743480 59.880526021526 0.866025403784 -0.500000000000
97.285915115719 177.814456558999 0.866025403784 0.500000000000
