#Configurational_file created 2018-09-14 11:35:57  started 2018-09-14 11:35:56 run for 1.0s steps 0
name: p_1104
step: 10000
specie: 20
	particle_diameter: 1.0000000000000000
	interaction_length: 1.2000000000000000
	number_of_patches: 3
	number_of_particles_per_compound: 1
	rod_length: 1.0000000000000000
	interaction_matrix:  1.000000 1.000000 1.000000 1.000000 1.000000 1.000000 1.000000 1.000000 1.000000
	patch_type: symmetric
	patch_width: 8.0000000000000000
	patch_angle: 0.0000000000000000
	angles:  0.000000 0.000000 0.000000
	grand_canonical: 0
	chemical_potential: 0.0000000000000000
box: 14.751451 14.751451
copy: 1.000000 1.000000
epsilon: 0.3958540000000000
end_epsilon: 0.0000000000000000
pressure: 0.2500870000000000
lambda: 0.0000000000000000
lambda_coupling: 1.0000000000000000
uy: 0.0000000000000000
maximum_displacement: 1.0000000000000000
maximum_rotation: 1.0000000000000000
maximum_volume: 1.0000000000000000
maximum_shape: 0.0000001000000000
maximum_dsigma: 0.0100000000000000
mod: 10
pmod: 10
optimize: 1
verbose: 1
snapshot: 0
display: 1
explore: 1
npt: 1
nptxy: 0
nptdxdy: 0
shape: 0
seed: 1258039
-5.558022162656 -166.119186496357 0.866025403784 -0.500000000000
-40.493414267052 40.019711114908 0.000000000000 1.000000000000
20.233703473153 -5.151486298555 0.866025403784 -0.500000000000
46.229044439896 38.171983142657 0.866025403784 0.500000000000
14.259650478995 -106.616817306746 0.866025403784 -0.500000000000
90.914390387937 79.657814808679 0.866025403784 0.500000000000
15.329962306873 42.735617168349 0.866025403784 0.500000000000
77.857098222429 -90.188650941982 0.866025403784 0.500000000000
-57.297594830795 -137.258814458490 0.866025403784 -0.500000000000
10.922812456243 -14.464438033033 0.866025403784 -0.500000000000
62.503478596414 -156.400019676068 0.866025403784 -0.500000000000
35.361381036178 6.623406003771 0.866025403784 0.500000000000
132.416153778056 78.739712767723 0.866025403784 0.500000000000
113.716815746899 -71.486841077478 0.866025403784 -0.500000000000
-27.124190256202 107.635769965887 0.866025403784 -0.500000000000
-35.381742318198 45.778225759714 0.000000000000 1.000000000000
191.481638789401 37.443600771533 0.866025403784 -0.500000000000
-18.745210170987 142.827955320742 0.000000000000 1.000000000000
-17.604019510910 -11.574482613981 0.866025403784 0.500000000000
-58.616507250775 -8.998559345404 0.866025403784 0.500000000000
