#Configurational_file created 2018-09-14 12:04:28  started 2018-09-14 12:04:28 run for 0.0s steps 0
name: p_1200
step: 10000
specie: 20
	particle_diameter: 1.0000000000000000
	interaction_length: 1.2000000000000000
	number_of_patches: 3
	number_of_particles_per_compound: 1
	rod_length: 1.0000000000000000
	interaction_matrix:  1.000000 1.000000 1.000000 1.000000 1.000000 1.000000 1.000000 1.000000 1.000000
	patch_type: symmetric
	patch_width: 8.0000000000000000
	patch_angle: 0.0000000000000000
	angles:  0.000000 0.000000 0.000000
	grand_canonical: 0
	chemical_potential: 0.0000000000000000
box: 41.166883 41.166883
copy: 1.000000 1.000000
epsilon: 0.0458330000000000
end_epsilon: 0.0000000000000000
pressure: 0.1000000000000000
lambda: 0.0000000000000000
lambda_coupling: 1.0000000000000000
uy: 0.0000000000000000
maximum_displacement: 1.0000000000000000
maximum_rotation: 1.0000000000000000
maximum_volume: 1.0000000000000000
maximum_shape: 0.0000001000000000
maximum_dsigma: 0.0100000000000000
mod: 10
pmod: 10
optimize: 1
verbose: 1
snapshot: 0
display: 1
explore: 1
npt: 1
nptxy: 0
nptdxdy: 0
shape: 0
seed: 1367191
-251.149225414459 170.583749664488 0.866025403784 0.500000000000
-55.157833443005 294.050228138636 0.866025403784 -0.500000000000
-0.624501936363 359.081394225048 0.000000000000 1.000000000000
92.355469278749 -83.855659525406 0.000000000000 1.000000000000
349.683994483417 84.329775247979 0.866025403784 0.500000000000
301.698877318961 -84.346906486208 0.866025403784 0.500000000000
42.340262679820 -167.789693297311 0.000000000000 1.000000000000
50.308225927192 -89.091862986057 0.866025403784 -0.500000000000
-30.070967748569 98.963138500546 0.866025403784 -0.500000000000
97.716353940048 -20.627760388639 0.866025403784 0.500000000000
1.345691638943 134.556605770950 0.866025403784 0.500000000000
271.831532710986 46.681025812127 0.866025403784 0.500000000000
-6.325899339815 -19.513348688641 0.000000000000 1.000000000000
99.798546180910 -27.320917042797 0.000000000000 1.000000000000
-325.858956312710 -87.649731886266 0.866025403784 0.500000000000
26.831848331111 40.113204708403 0.866025403784 0.500000000000
-106.444185006275 -222.947402375267 0.000000000000 1.000000000000
31.970472620527 37.497548194340 0.866025403784 -0.500000000000
164.197426505329 -31.718708276299 0.866025403784 -0.500000000000
199.618009187886 -20.889320384199 0.866025403784 0.500000000000
