#Configurational_file created 2018-09-14 11:37:48  started 2018-09-14 11:37:47 run for 1.0s steps 0
name: p_1232
step: 10000
specie: 20
	particle_diameter: 1.0000000000000000
	interaction_length: 1.2000000000000000
	number_of_patches: 3
	number_of_particles_per_compound: 1
	rod_length: 1.0000000000000000
	interaction_matrix:  1.000000 1.000000 1.000000 1.000000 1.000000 1.000000 1.000000 1.000000 1.000000
	patch_type: symmetric
	patch_width: 8.0000000000000000
	patch_angle: 0.0000000000000000
	angles:  0.000000 0.000000 0.000000
	grand_canonical: 0
	chemical_potential: 0.0000000000000000
box: 9.450133 9.450133
copy: 1.000000 1.000000
epsilon: 0.5000000000000000
end_epsilon: 0.0000000000000000
pressure: 0.5000750000000000
lambda: 0.0000000000000000
lambda_coupling: 1.0000000000000000
uy: 0.0000000000000000
maximum_displacement: 1.0000000000000000
maximum_rotation: 1.0000000000000000
maximum_volume: 1.0000000000000000
maximum_shape: 0.0000001000000000
maximum_dsigma: 0.0100000000000000
mod: 10
pmod: 10
optimize: 1
verbose: 1
snapshot: 0
display: 1
explore: 1
npt: 1
nptxy: 0
nptdxdy: 0
shape: 0
seed: 1403575
33.930832928996 17.311074677966 0.866025403784 0.500000000000
122.326302577603 -67.959687929484 0.866025403784 -0.500000000000
-36.597663078454 59.950809862078 0.000000000000 1.000000000000
-20.723661867232 110.109223655563 0.866025403784 -0.500000000000
28.576109323663 88.176438297782 0.866025403784 -0.500000000000
-57.494456251250 53.265579433661 0.000000000000 1.000000000000
90.159693949441 37.896167399304 0.866025403784 -0.500000000000
-1.497472900277 -62.110563288483 0.866025403784 -0.500000000000
62.743199089134 14.812223076614 0.866025403784 -0.500000000000
13.173407379805 105.481200958153 0.000000000000 1.000000000000
20.038247988560 -9.942456333546 0.866025403784 0.500000000000
6.334713461320 48.586230056805 0.000000000000 1.000000000000
-17.641747676096 -77.738568894570 0.000000000000 1.000000000000
48.863872792799 -4.761755779613 0.866025403784 -0.500000000000
89.024760326613 9.452444790309 0.866025403784 0.500000000000
42.569250675953 108.553147280608 0.000000000000 1.000000000000
27.557205079592 -74.586142908630 0.866025403784 -0.500000000000
-66.904686954147 56.508262720594 0.866025403784 -0.500000000000
-33.845624484607 -108.363117851962 0.866025403784 0.500000000000
-134.372735431324 90.162171651309 0.866025403784 -0.500000000000
