#Configurational_file created 2018-09-14 14:00:12  started 2018-09-14 14:00:11 run for 1.0s steps 0
name: p_1205
step: 10000
specie: 20
	particle_diameter: 1.0000000000000000
	interaction_length: 1.2000000000000000
	number_of_patches: 3
	number_of_particles_per_compound: 1
	rod_length: 1.0000000000000000
	interaction_matrix:  1.000000 1.000000 1.000000 1.000000 1.000000 1.000000 1.000000 1.000000 1.000000
	patch_type: symmetric
	patch_width: 8.0000000000000000
	patch_angle: 0.0000000000000000
	angles:  0.000000 0.000000 0.000000
	grand_canonical: 0
	chemical_potential: 0.0000000000000000
box: 21.387381 21.387381
copy: 1.000000 1.000000
epsilon: 0.6896560000000000
end_epsilon: 0.0000000000000000
pressure: 0.0689660000000000
lambda: 0.0000000000000000
lambda_coupling: 1.0000000000000000
uy: 0.0000000000000000
maximum_displacement: 1.0000000000000000
maximum_rotation: 1.0000000000000000
maximum_volume: 1.0000000000000000
maximum_shape: 0.0000001000000000
maximum_dsigma: 0.0100000000000000
mod: 10
pmod: 10
optimize: 1
verbose: 1
snapshot: 0
display: 1
explore: 1
npt: 1
nptxy: 0
nptdxdy: 0
shape: 0
seed: 1372876
80.437719801803 125.728248312513 0.866025403784 -0.500000000000
-31.201442928107 46.343204510653 0.866025403784 0.500000000000
47.886292229235 165.328953652466 0.866025403784 -0.500000000000
145.961437607002 -147.917270816880 0.866025403784 -0.500000000000
1.974497628836 28.934523754569 0.000000000000 1.000000000000
41.203148572091 94.377929081568 0.000000000000 1.000000000000
104.478921010019 -76.822860703679 0.866025403784 -0.500000000000
93.948420717622 -107.423242344296 0.866025403784 0.500000000000
77.887292751959 123.317516466036 0.000000000000 1.000000000000
-64.594868637847 -24.526221934318 0.000000000000 1.000000000000
-23.054080445167 196.112150637935 0.000000000000 1.000000000000
-22.618019868058 -229.271035846120 0.000000000000 1.000000000000
198.519052680413 143.630893987030 0.866025403784 0.500000000000
61.434623752103 159.597777664840 0.866025403784 -0.500000000000
54.250416070842 -70.200894329854 0.000000000000 1.000000000000
-50.618867403168 -179.367987092107 0.866025403784 -0.500000000000
-134.117265807849 162.817963818464 0.866025403784 0.500000000000
-59.416388992145 -30.791687543426 0.000000000000 1.000000000000
36.122327150067 -39.148065349971 0.866025403784 0.500000000000
1.208073218925 -89.390092997481 0.000000000000 1.000000000000
