#Configurational_file created 2018-09-14 14:00:36  started 2018-09-14 14:00:36 run for 0.0s steps 0
name: p_1238
step: 10000
specie: 20
	particle_diameter: 1.0000000000000000
	interaction_length: 1.2000000000000000
	number_of_patches: 3
	number_of_particles_per_compound: 1
	rod_length: 1.0000000000000000
	interaction_matrix:  1.000000 1.000000 1.000000 1.000000 1.000000 1.000000 1.000000 1.000000 1.000000
	patch_type: symmetric
	patch_width: 8.0000000000000000
	patch_angle: 0.0000000000000000
	angles:  0.000000 0.000000 0.000000
	grand_canonical: 0
	chemical_potential: 0.0000000000000000
box: 15.734769 15.734769
copy: 1.000000 1.000000
epsilon: 0.7586210000000000
end_epsilon: 0.0000000000000000
pressure: 0.1206900000000000
lambda: 0.0000000000000000
lambda_coupling: 1.0000000000000000
uy: 0.0000000000000000
maximum_displacement: 1.0000000000000000
maximum_rotation: 1.0000000000000000
maximum_volume: 1.0000000000000000
maximum_shape: 0.0000001000000000
maximum_dsigma: 0.0100000000000000
mod: 10
pmod: 10
optimize: 1
verbose: 1
snapshot: 0
display: 1
explore: 1
npt: 1
nptxy: 0
nptdxdy: 0
shape: 0
seed: 1410397
161.591274787850 37.766614064371 0.000000000000 1.000000000000
94.733963264057 1.455908283651 0.000000000000 1.000000000000
-65.668253143150 96.603585552979 0.000000000000 1.000000000000
65.950282465134 -47.251904005393 0.000000000000 1.000000000000
-32.203599113735 -212.516956822247 0.866025403784 -0.500000000000
178.813934999511 -66.820468701535 0.866025403784 -0.500000000000
-45.338196379386 -10.271171727557 0.000000000000 1.000000000000
-128.910967666170 147.352374348995 0.000000000000 1.000000000000
11.689964849107 48.976563378728 0.000000000000 1.000000000000
74.585604032573 72.363484545518 0.866025403784 -0.500000000000
12.136625782217 119.900753487002 0.000000000000 1.000000000000
-243.354876483623 -112.739659805023 0.866025403784 -0.500000000000
-52.183412550554 -39.191634404368 0.866025403784 -0.500000000000
82.741295858849 -26.462835974063 0.866025403784 0.500000000000
92.481470241262 -23.051474903373 0.866025403784 -0.500000000000
80.839573902803 -21.513627908927 0.000000000000 1.000000000000
104.918243650298 46.203536298577 0.866025403784 0.500000000000
28.009850504009 -32.297557642828 0.000000000000 1.000000000000
0.260184394673 168.982440584395 0.866025403784 0.500000000000
102.701130228103 53.210920529015 0.866025403784 0.500000000000
