#Configurational_file created 2018-09-14 14:00:24  started 2018-09-14 14:00:23 run for 1.0s steps 0
name: p_1222
step: 10000
specie: 20
	particle_diameter: 1.0000000000000000
	interaction_length: 1.2000000000000000
	number_of_patches: 3
	number_of_particles_per_compound: 1
	rod_length: 1.0000000000000000
	interaction_matrix:  1.000000 1.000000 1.000000 1.000000 1.000000 1.000000 1.000000 1.000000 1.000000
	patch_type: symmetric
	patch_width: 8.0000000000000000
	patch_angle: 0.0000000000000000
	angles:  0.000000 0.000000 0.000000
	grand_canonical: 0
	chemical_potential: 0.0000000000000000
box: 11.336129 11.336129
copy: 1.000000 1.000000
epsilon: 0.6896560000000000
end_epsilon: 0.0000000000000000
pressure: 0.3620690000000000
lambda: 0.0000000000000000
lambda_coupling: 1.0000000000000000
uy: 0.0000000000000000
maximum_displacement: 1.0000000000000000
maximum_rotation: 1.0000000000000000
maximum_volume: 1.0000000000000000
maximum_shape: 0.0000001000000000
maximum_dsigma: 0.0100000000000000
mod: 10
pmod: 10
optimize: 1
verbose: 1
snapshot: 0
display: 1
explore: 1
npt: 1
nptxy: 0
nptdxdy: 0
shape: 0
seed: 1392205
-57.042283044088 -47.146938440166 0.866025403784 -0.500000000000
168.509799183766 209.396156162749 0.866025403784 -0.500000000000
-45.782923366001 117.693920630150 0.000000000000 1.000000000000
123.042796718567 -76.706590447756 0.866025403784 -0.500000000000
-141.772389852475 130.450935723369 0.866025403784 -0.500000000000
103.745164857076 61.004023756259 0.866025403784 0.500000000000
-53.213754546816 152.962535248463 0.866025403784 0.500000000000
-133.612670124065 109.940982984548 0.866025403784 0.500000000000
-87.464985684831 67.499050923026 0.000000000000 1.000000000000
31.372597740683 62.204911985575 0.866025403784 -0.500000000000
-32.847988002668 -34.244992701348 0.000000000000 1.000000000000
-65.759284912697 196.864288710269 0.000000000000 1.000000000000
-48.142440710062 214.750346457869 0.866025403784 0.500000000000
11.716620138197 133.593599768251 0.000000000000 1.000000000000
-79.269897371260 158.745858548400 0.866025403784 0.500000000000
30.355304848463 94.128575547841 0.866025403784 0.500000000000
-146.888246027840 157.726892940328 0.000000000000 1.000000000000
-120.771083523825 -4.428856559472 0.000000000000 1.000000000000
19.842791364469 -191.714304114101 0.000000000000 1.000000000000
-31.973707056787 6.578967429607 0.000000000000 1.000000000000
