#Configurational_file created 2018-09-14 14:00:08  started 2018-09-14 14:00:07 run for 1.0s steps 0
name: p_1200
step: 10000
specie: 20
	particle_diameter: 1.0000000000000000
	interaction_length: 1.2000000000000000
	number_of_patches: 3
	number_of_particles_per_compound: 1
	rod_length: 1.0000000000000000
	interaction_matrix:  1.000000 1.000000 1.000000 1.000000 1.000000 1.000000 1.000000 1.000000 1.000000
	patch_type: symmetric
	patch_width: 8.0000000000000000
	patch_angle: 0.0000000000000000
	angles:  0.000000 0.000000 0.000000
	grand_canonical: 0
	chemical_potential: 0.0000000000000000
box: 9.658558 9.658558
copy: 1.000000 1.000000
epsilon: 0.6206900000000000
end_epsilon: 0.0000000000000000
pressure: 0.5000000000000000
lambda: 0.0000000000000000
lambda_coupling: 1.0000000000000000
uy: 0.0000000000000000
maximum_displacement: 1.0000000000000000
maximum_rotation: 1.0000000000000000
maximum_volume: 1.0000000000000000
maximum_shape: 0.0000001000000000
maximum_dsigma: 0.0100000000000000
mod: 10
pmod: 10
optimize: 1
verbose: 1
snapshot: 0
display: 1
explore: 1
npt: 1
nptxy: 0
nptdxdy: 0
shape: 0
seed: 1367191
-42.139579150803 -58.612728703509 0.866025403784 -0.500000000000
-18.599445770387 -137.147452126958 0.866025403784 0.500000000000
64.577814129643 64.086448513519 0.866025403784 -0.500000000000
18.115796759832 -13.871838560972 0.000000000000 1.000000000000
-75.025616761228 32.659047409514 0.000000000000 1.000000000000
154.020012623026 20.149112850612 0.000000000000 1.000000000000
8.368188355915 -42.298291421848 0.866025403784 -0.500000000000
125.320611836664 65.633328642562 0.866025403784 -0.500000000000
-1.745206487396 86.986559913089 0.866025403784 -0.500000000000
-53.297828818881 -146.554011127217 0.866025403784 -0.500000000000
-15.893876559029 10.552202527009 0.866025403784 0.500000000000
67.601321716986 -82.525803411077 0.866025403784 0.500000000000
29.322666147132 -22.409255865119 0.866025403784 0.500000000000
155.183152823017 -135.825441897711 0.866025403784 -0.500000000000
-19.683345765492 -6.890547723430 0.866025403784 -0.500000000000
-60.813686685957 100.938798247478 0.866025403784 0.500000000000
-25.800773819156 -23.968389021090 0.866025403784 -0.500000000000
61.807682691055 64.464599976347 0.866025403784 -0.500000000000
62.645019179201 14.907686734728 0.866025403784 -0.500000000000
125.583770255965 108.401112234229 0.866025403784 0.500000000000
