#Configurational_file created 2018-09-14 12:04:57  started 2018-09-14 12:04:57 run for 0.0s steps 0
name: p_1240
step: 10000
specie: 20
	particle_diameter: 1.0000000000000000
	interaction_length: 1.2000000000000000
	number_of_patches: 3
	number_of_particles_per_compound: 1
	rod_length: 1.0000000000000000
	interaction_matrix:  1.000000 1.000000 1.000000 1.000000 1.000000 1.000000 1.000000 1.000000 1.000000
	patch_type: symmetric
	patch_width: 8.0000000000000000
	patch_angle: 0.0000000000000000
	angles:  0.000000 0.000000 0.000000
	grand_canonical: 0
	chemical_potential: 0.0000000000000000
box: 49.902959 49.902959
copy: 1.000000 1.000000
epsilon: 0.0500000000000000
end_epsilon: 0.0000000000000000
pressure: 0.0583340000000000
lambda: 0.0000000000000000
lambda_coupling: 1.0000000000000000
uy: 0.0000000000000000
maximum_displacement: 1.0000000000000000
maximum_rotation: 1.0000000000000000
maximum_volume: 1.0000000000000000
maximum_shape: 0.0000001000000000
maximum_dsigma: 0.0100000000000000
mod: 10
pmod: 10
optimize: 1
verbose: 1
snapshot: 0
display: 1
explore: 1
npt: 1
nptxy: 0
nptdxdy: 0
shape: 0
seed: 1412671
54.668856102677 -6.500768193720 0.866025403784 0.500000000000
-328.119853399937 -176.941304188247 0.866025403784 0.500000000000
-76.447867912906 -347.531464111081 0.000000000000 1.000000000000
211.634217026336 -55.433372757000 0.866025403784 0.500000000000
-165.782113668078 -130.429357712547 0.866025403784 0.500000000000
-99.178489476795 -38.984853091067 0.866025403784 -0.500000000000
-18.846630434543 -6.060827038522 0.866025403784 -0.500000000000
-82.637979441965 150.163445684364 0.000000000000 1.000000000000
-4.011941735103 -116.741559934840 0.000000000000 1.000000000000
321.725579306631 163.686845714966 0.000000000000 1.000000000000
-191.820464891020 136.487747596069 0.000000000000 1.000000000000
-16.106515569562 192.419836588817 0.000000000000 1.000000000000
99.134890200561 -261.632502479837 0.866025403784 -0.500000000000
-184.940251604497 -279.899192214134 0.866025403784 0.500000000000
108.069454330377 34.170776603444 0.866025403784 0.500000000000
130.409015750163 -308.001963195686 0.866025403784 0.500000000000
-133.480197246120 -83.577980385954 0.866025403784 -0.500000000000
-8.177586732471 -218.682420418602 0.866025403784 -0.500000000000
23.334754026305 -110.077630784770 0.866025403784 0.500000000000
-2.889498990306 505.036769811306 0.000000000000 1.000000000000
