#Configurational_file created 2018-09-14 11:07:03  started 2018-09-14 11:07:02 run for 1.0s steps 0
name: p_125
step: 10000
specie: 20
	particle_diameter: 1.0000000000000000
	interaction_length: 1.2000000000000000
	number_of_patches: 3
	number_of_particles_per_compound: 1
	rod_length: 1.0000000000000000
	interaction_matrix:  1.000000 1.000000 1.000000 1.000000 1.000000 1.000000 1.000000 1.000000 1.000000
	patch_type: symmetric
	patch_width: 8.0000000000000000
	patch_angle: 0.0000000000000000
	angles:  0.000000 0.000000 0.000000
	grand_canonical: 0
	chemical_potential: 0.0000000000000000
box: 7.536869 7.536869
copy: 1.000000 1.000000
epsilon: 0.5000000000000000
end_epsilon: 0.0000000000000000
pressure: 1.1429000000000000
lambda: 0.0000000000000000
lambda_coupling: 1.0000000000000000
uy: 0.0000000000000000
maximum_displacement: 1.0000000000000000
maximum_rotation: 1.0000000000000000
maximum_volume: 0.5495830417934331
maximum_shape: 0.0000001000000000
maximum_dsigma: 0.0100000000000000
mod: 10
pmod: 10
optimize: 1
verbose: 1
snapshot: 0
display: 1
explore: 1
npt: 1
nptxy: 0
nptdxdy: 0
shape: 0
seed: 144995
105.189047293737 38.863295179703 0.866025403784 -0.500000000000
25.064180240979 64.554979725806 0.866025403784 0.500000000000
-29.174909995903 72.247886595153 0.866025403784 0.500000000000
-24.354644943223 36.855194166000 0.000000000000 1.000000000000
-48.050716413318 -3.614409227316 0.866025403784 -0.500000000000
-135.026958007834 -95.855888376963 0.866025403784 0.500000000000
61.959763510014 -32.627929150513 0.866025403784 -0.500000000000
-38.793057148272 -27.136832867402 0.866025403784 0.500000000000
84.384744236898 -42.746224292134 0.866025403784 -0.500000000000
14.082021103930 -47.430989480761 0.000000000000 1.000000000000
-74.860608555347 -77.547848792032 0.866025403784 -0.500000000000
58.278875540777 45.879047175482 0.866025403784 -0.500000000000
35.862122617820 15.518330272750 0.000000000000 1.000000000000
65.014757236331 0.338753373685 0.866025403784 0.500000000000
116.532056709551 -66.761168834189 0.866025403784 -0.500000000000
-10.033501147519 -12.531836165915 0.866025403784 0.500000000000
-93.915687385698 96.223286377304 0.000000000000 1.000000000000
-20.694215166678 44.498501573127 0.866025403784 0.500000000000
-27.899992708224 -1.437973136119 0.000000000000 1.000000000000
19.477886825708 40.603696966951 0.866025403784 -0.500000000000
