#Configurational_file created 2018-09-14 14:00:45  started 2018-09-14 14:00:45 run for 0.0s steps 0
name: p_1250
step: 10000
specie: 20
	particle_diameter: 1.0000000000000000
	interaction_length: 1.2000000000000000
	number_of_patches: 3
	number_of_particles_per_compound: 1
	rod_length: 1.0000000000000000
	interaction_matrix:  1.000000 1.000000 1.000000 1.000000 1.000000 1.000000 1.000000 1.000000 1.000000
	patch_type: symmetric
	patch_width: 8.0000000000000000
	patch_angle: 0.0000000000000000
	angles:  0.000000 0.000000 0.000000
	grand_canonical: 0
	chemical_potential: 0.0000000000000000
box: 12.491605 12.491605
copy: 1.000000 1.000000
epsilon: 0.7586210000000000
end_epsilon: 0.0000000000000000
pressure: 0.3275870000000000
lambda: 0.0000000000000000
lambda_coupling: 1.0000000000000000
uy: 0.0000000000000000
maximum_displacement: 1.0000000000000000
maximum_rotation: 1.0000000000000000
maximum_volume: 1.0000000000000000
maximum_shape: 0.0000001000000000
maximum_dsigma: 0.0100000000000000
mod: 10
pmod: 10
optimize: 1
verbose: 1
snapshot: 0
display: 1
explore: 1
npt: 1
nptxy: 0
nptdxdy: 0
shape: 0
seed: 1424041
-201.599840888114 11.779763542890 0.866025403784 0.500000000000
31.753060697699 121.912722269931 0.000000000000 1.000000000000
5.646666570543 78.807196074668 0.866025403784 -0.500000000000
246.352443256469 -34.369592420388 0.000000000000 1.000000000000
30.994009136949 -164.093487395965 0.866025403784 -0.500000000000
108.820993476708 122.094655111745 0.866025403784 0.500000000000
-157.344990305441 100.408088226988 0.866025403784 -0.500000000000
16.370541185805 107.365243171142 0.866025403784 -0.500000000000
73.227425224120 213.059749383977 0.000000000000 1.000000000000
62.014572099777 155.006355325417 0.866025403784 0.500000000000
-84.277067090466 97.418390886100 0.866025403784 0.500000000000
8.220154046954 -135.064246765356 0.866025403784 0.500000000000
-8.594965109092 -3.237719165072 0.866025403784 0.500000000000
68.926236423938 -54.601466874793 0.866025403784 0.500000000000
-26.509724885066 71.711225612641 0.866025403784 -0.500000000000
-28.497840375217 18.839789895479 0.866025403784 -0.500000000000
-11.524971865738 6.706621999042 0.866025403784 0.500000000000
-104.317672283096 -57.769920630853 0.866025403784 -0.500000000000
-18.989669815625 102.987535271880 0.866025403784 0.500000000000
113.370665110636 39.081791355590 0.000000000000 1.000000000000
