#Configurational_file created 2018-09-14 14:00:22  started 2018-09-14 14:00:21 run for 1.0s steps 0
name: p_1219
step: 10000
specie: 20
	particle_diameter: 1.0000000000000000
	interaction_length: 1.2000000000000000
	number_of_patches: 3
	number_of_particles_per_compound: 1
	rod_length: 1.0000000000000000
	interaction_matrix:  1.000000 1.000000 1.000000 1.000000 1.000000 1.000000 1.000000 1.000000 1.000000
	patch_type: symmetric
	patch_width: 8.0000000000000000
	patch_angle: 0.0000000000000000
	angles:  0.000000 0.000000 0.000000
	grand_canonical: 0
	chemical_potential: 0.0000000000000000
box: 11.607139 11.607139
copy: 1.000000 1.000000
epsilon: 0.6896560000000000
end_epsilon: 0.0000000000000000
pressure: 0.3103450000000000
lambda: 0.0000000000000000
lambda_coupling: 1.0000000000000000
uy: 0.0000000000000000
maximum_displacement: 1.0000000000000000
maximum_rotation: 1.0000000000000000
maximum_volume: 1.0000000000000000
maximum_shape: 0.0000001000000000
maximum_dsigma: 0.0100000000000000
mod: 10
pmod: 10
optimize: 1
verbose: 1
snapshot: 0
display: 1
explore: 1
npt: 1
nptxy: 0
nptdxdy: 0
shape: 0
seed: 1388794
56.944187454269 -89.602170717676 0.866025403784 0.500000000000
2.047797421745 139.293027978497 0.000000000000 1.000000000000
185.344868574939 71.743812707789 0.866025403784 0.500000000000
-28.923169125828 -81.882819125458 0.866025403784 0.500000000000
29.148613886222 -16.339510651039 0.000000000000 1.000000000000
18.344203501271 -10.362214607243 0.000000000000 1.000000000000
145.858949892509 -29.885696685231 0.866025403784 0.500000000000
-125.901615626312 -75.100490660215 0.000000000000 1.000000000000
-115.049340228200 -81.918952940478 0.866025403784 0.500000000000
126.238499467327 178.495054792464 0.866025403784 -0.500000000000
37.221364772991 -39.405784827927 0.866025403784 0.500000000000
54.062512335993 -28.713871748418 0.866025403784 -0.500000000000
74.011288979297 9.218602852685 0.866025403784 -0.500000000000
-39.884799106093 113.885212746686 0.000000000000 1.000000000000
18.902162464401 79.314498027206 0.866025403784 -0.500000000000
-27.978643992635 60.927298720927 0.000000000000 1.000000000000
77.697879002499 -93.429398489115 0.866025403784 -0.500000000000
-1.333123120883 79.266147008055 0.000000000000 1.000000000000
-44.481811399714 49.522474108011 0.866025403784 -0.500000000000
-180.757767524324 -5.949647460528 0.000000000000 1.000000000000
