#Configurational_file created 2018-09-14 12:05:01  started 2018-09-14 12:05:00 run for 1.0s steps 0
name: p_1245
step: 10000
specie: 20
	particle_diameter: 1.0000000000000000
	interaction_length: 1.2000000000000000
	number_of_patches: 3
	number_of_particles_per_compound: 1
	rod_length: 1.0000000000000000
	interaction_matrix:  1.000000 1.000000 1.000000 1.000000 1.000000 1.000000 1.000000 1.000000 1.000000
	patch_type: symmetric
	patch_width: 8.0000000000000000
	patch_angle: 0.0000000000000000
	angles:  0.000000 0.000000 0.000000
	grand_canonical: 0
	chemical_potential: 0.0000000000000000
box: 47.687958 47.687958
copy: 1.000000 1.000000
epsilon: 0.0500000000000000
end_epsilon: 0.0000000000000000
pressure: 0.0791670000000000
lambda: 0.0000000000000000
lambda_coupling: 1.0000000000000000
uy: 0.0000000000000000
maximum_displacement: 1.0000000000000000
maximum_rotation: 1.0000000000000000
maximum_volume: 1.0000000000000000
maximum_shape: 0.0000001000000000
maximum_dsigma: 0.0100000000000000
mod: 10
pmod: 10
optimize: 1
verbose: 1
snapshot: 0
display: 1
explore: 1
npt: 1
nptxy: 0
nptdxdy: 0
shape: 0
seed: 1418356
180.111584519495 -7.069688853967 0.866025403784 0.500000000000
354.064903124983 45.925164787602 0.000000000000 1.000000000000
109.146390783643 47.619471176632 0.866025403784 -0.500000000000
-120.501350190771 -187.051217128225 0.000000000000 1.000000000000
121.144870050799 -165.556484479780 0.866025403784 -0.500000000000
3.640431384655 -4.748072189621 0.866025403784 -0.500000000000
113.173836141157 40.106641190577 0.866025403784 0.500000000000
33.023818474942 55.976484435392 0.866025403784 -0.500000000000
151.801878683076 -170.283322748618 0.866025403784 -0.500000000000
59.692211831734 -28.687786205247 0.866025403784 -0.500000000000
-212.822566831596 -47.520109785354 0.000000000000 1.000000000000
-85.287278108600 25.174986961272 0.866025403784 -0.500000000000
316.653664093941 68.197314113587 0.866025403784 0.500000000000
70.449832255589 40.691624890479 0.866025403784 0.500000000000
-29.280423636085 -164.224256706095 0.866025403784 0.500000000000
177.944834108576 110.465749340127 0.866025403784 -0.500000000000
273.484601146699 -179.896481165218 0.000000000000 1.000000000000
236.694551837014 44.509257476400 0.000000000000 1.000000000000
0.912845741341 -62.579070619156 0.000000000000 1.000000000000
-203.445602067586 -338.064034230818 0.866025403784 -0.500000000000
