#Configurational_file created 2018-09-14 11:37:27  started 2018-09-14 11:37:26 run for 1.0s steps 0
name: p_1208
step: 10000
specie: 20
	particle_diameter: 1.0000000000000000
	interaction_length: 1.2000000000000000
	number_of_patches: 3
	number_of_particles_per_compound: 1
	rod_length: 1.0000000000000000
	interaction_matrix:  1.000000 1.000000 1.000000 1.000000 1.000000 1.000000 1.000000 1.000000 1.000000
	patch_type: symmetric
	patch_width: 8.0000000000000000
	patch_angle: 0.0000000000000000
	angles:  0.000000 0.000000 0.000000
	grand_canonical: 0
	chemical_potential: 0.0000000000000000
box: 11.192151 11.192151
copy: 1.000000 1.000000
epsilon: 0.4791710000000000
end_epsilon: 0.0000000000000000
pressure: 0.5834040000000000
lambda: 0.0000000000000000
lambda_coupling: 1.0000000000000000
uy: 0.0000000000000000
maximum_displacement: 1.0000000000000000
maximum_rotation: 1.0000000000000000
maximum_volume: 1.0000000000000000
maximum_shape: 0.0000001000000000
maximum_dsigma: 0.0100000000000000
mod: 10
pmod: 10
optimize: 1
verbose: 1
snapshot: 0
display: 1
explore: 1
npt: 1
nptxy: 0
nptdxdy: 0
shape: 0
seed: 1376287
55.077044326151 -20.672595348664 0.866025403784 -0.500000000000
-30.451405003312 30.230170648473 0.000000000000 1.000000000000
-24.753706966969 -71.087040070384 0.000000000000 1.000000000000
-103.853372246363 112.547698483818 0.000000000000 1.000000000000
-167.176588051970 32.363279806175 0.866025403784 -0.500000000000
-28.803548889178 -29.074869958784 0.866025403784 0.500000000000
-32.532732472067 26.949348738145 0.866025403784 -0.500000000000
-109.275448635093 -57.465179070318 0.866025403784 0.500000000000
-87.514267819610 58.678224000309 0.866025403784 -0.500000000000
-18.353247599399 55.303189285295 0.000000000000 1.000000000000
155.904048632247 -33.731333421320 0.866025403784 -0.500000000000
88.459484959120 83.073870608764 0.866025403784 0.500000000000
-128.968844014654 78.861480440100 0.000000000000 1.000000000000
102.923317544644 16.660766653727 0.866025403784 0.500000000000
2.448494444188 -31.365836250331 0.000000000000 1.000000000000
109.446396917871 53.607334770289 0.866025403784 -0.500000000000
-16.677073525556 104.200382331742 0.866025403784 0.500000000000
-56.156958691854 -23.936679792958 0.866025403784 0.500000000000
57.182746436621 202.236033258134 0.000000000000 1.000000000000
-1.689763094793 -0.811645785954 0.000000000000 1.000000000000
