#Configurational_file created 2018-09-14 12:04:56  started 2018-09-14 12:04:55 run for 1.0s steps 0
name: p_1238
step: 10000
specie: 20
	particle_diameter: 1.0000000000000000
	interaction_length: 1.2000000000000000
	number_of_patches: 3
	number_of_particles_per_compound: 1
	rod_length: 1.0000000000000000
	interaction_matrix:  1.000000 1.000000 1.000000 1.000000 1.000000 1.000000 1.000000 1.000000 1.000000
	patch_type: symmetric
	patch_width: 8.0000000000000000
	patch_angle: 0.0000000000000000
	angles:  0.000000 0.000000 0.000000
	grand_canonical: 0
	chemical_potential: 0.0000000000000000
box: 44.315172 44.315172
copy: 1.000000 1.000000
epsilon: 0.0500000000000000
end_epsilon: 0.0000000000000000
pressure: 0.0500010000000000
lambda: 0.0000000000000000
lambda_coupling: 1.0000000000000000
uy: 0.0000000000000000
maximum_displacement: 1.0000000000000000
maximum_rotation: 1.0000000000000000
maximum_volume: 1.0000000000000000
maximum_shape: 0.0000001000000000
maximum_dsigma: 0.0100000000000000
mod: 10
pmod: 10
optimize: 1
verbose: 1
snapshot: 0
display: 1
explore: 1
npt: 1
nptxy: 0
nptdxdy: 0
shape: 0
seed: 1410397
147.916455256663 -233.480815709111 0.000000000000 1.000000000000
-43.698014062770 -35.070769084343 0.866025403784 0.500000000000
28.112544445686 -184.198332434200 0.000000000000 1.000000000000
243.807519797741 -28.970140241543 0.866025403784 0.500000000000
-107.257576518968 -103.755526429668 0.866025403784 -0.500000000000
347.976279358364 190.330434102851 0.000000000000 1.000000000000
162.456896872479 83.994893245947 0.000000000000 1.000000000000
-199.266257262527 3.134949911072 0.866025403784 0.500000000000
102.475018057653 29.462277418847 0.866025403784 0.500000000000
114.289848556941 525.317639616007 0.866025403784 0.500000000000
-180.106514682008 -93.416832562758 0.866025403784 -0.500000000000
-69.626615612370 -97.270449885476 0.000000000000 1.000000000000
169.164683225878 143.566885241153 0.866025403784 -0.500000000000
125.494145989392 65.519141508152 0.000000000000 1.000000000000
177.083628993302 63.485765047009 0.000000000000 1.000000000000
-186.469918446118 21.635222336824 0.000000000000 1.000000000000
-276.275229406696 -225.996452343608 0.866025403784 -0.500000000000
4.658147542642 5.642950029203 0.000000000000 1.000000000000
-111.734952079662 46.346090623008 0.000000000000 1.000000000000
-126.526783480088 194.532254910651 0.866025403784 -0.500000000000
