#Configurational_file created 2018-09-14 14:00:27  started 2018-09-14 14:00:27 run for 0.0s steps 0
name: p_1226
step: 10000
specie: 20
	particle_diameter: 1.0000000000000000
	interaction_length: 1.2000000000000000
	number_of_patches: 3
	number_of_particles_per_compound: 1
	rod_length: 1.0000000000000000
	interaction_matrix:  1.000000 1.000000 1.000000 1.000000 1.000000 1.000000 1.000000 1.000000 1.000000
	patch_type: symmetric
	patch_width: 8.0000000000000000
	patch_angle: 0.0000000000000000
	angles:  0.000000 0.000000 0.000000
	grand_canonical: 0
	chemical_potential: 0.0000000000000000
box: 10.067860 10.067860
copy: 1.000000 1.000000
epsilon: 0.6896560000000000
end_epsilon: 0.0000000000000000
pressure: 0.4310350000000000
lambda: 0.0000000000000000
lambda_coupling: 1.0000000000000000
uy: 0.0000000000000000
maximum_displacement: 1.0000000000000000
maximum_rotation: 1.0000000000000000
maximum_volume: 1.0000000000000000
maximum_shape: 0.0000001000000000
maximum_dsigma: 0.0100000000000000
mod: 10
pmod: 10
optimize: 1
verbose: 1
snapshot: 0
display: 1
explore: 1
npt: 1
nptxy: 0
nptdxdy: 0
shape: 0
seed: 1396753
-110.912416533273 75.527637145542 0.866025403784 -0.500000000000
36.094430510546 -16.920365145990 0.866025403784 0.500000000000
-35.692015698056 7.114564313316 0.866025403784 -0.500000000000
27.014070797589 105.445674219254 0.866025403784 -0.500000000000
-64.048860438596 52.536855544039 0.000000000000 1.000000000000
-94.285396448216 -134.606847551654 0.866025403784 0.500000000000
-26.894454787742 -219.584074608132 0.000000000000 1.000000000000
-14.598464189884 29.744399648177 0.000000000000 1.000000000000
71.878604794003 110.087623645276 0.866025403784 0.500000000000
7.815506283848 27.466277521899 0.000000000000 1.000000000000
-62.142333650176 13.914598262916 0.866025403784 0.500000000000
19.767974809846 84.446428848527 0.866025403784 0.500000000000
56.691601610493 -131.057679050416 0.866025403784 -0.500000000000
-174.151809921747 -23.563923505593 0.866025403784 -0.500000000000
52.565077654516 -76.505155623090 0.000000000000 1.000000000000
-58.660102500351 -27.691442978375 0.866025403784 0.500000000000
62.821040764855 -29.710450562557 0.000000000000 1.000000000000
1.620419259708 64.088768248809 0.866025403784 -0.500000000000
-153.002418897152 54.894486147364 0.866025403784 -0.500000000000
-20.454080866119 99.832922170817 0.866025403784 0.500000000000
