#Configurational_file created 2018-09-14 11:37:29  started 2018-09-14 11:37:29 run for 0.0s steps 0
name: p_1211
step: 10000
specie: 20
	particle_diameter: 1.0000000000000000
	interaction_length: 1.2000000000000000
	number_of_patches: 3
	number_of_particles_per_compound: 1
	rod_length: 1.0000000000000000
	interaction_matrix:  1.000000 1.000000 1.000000 1.000000 1.000000 1.000000 1.000000 1.000000 1.000000
	patch_type: symmetric
	patch_width: 8.0000000000000000
	patch_angle: 0.0000000000000000
	angles:  0.000000 0.000000 0.000000
	grand_canonical: 0
	chemical_potential: 0.0000000000000000
box: 8.686940 8.686940
copy: 1.000000 1.000000
epsilon: 0.4791710000000000
end_epsilon: 0.0000000000000000
pressure: 0.8333920000000000
lambda: 0.0000000000000000
lambda_coupling: 1.0000000000000000
uy: 0.0000000000000000
maximum_displacement: 1.0000000000000000
maximum_rotation: 1.0000000000000000
maximum_volume: 1.0000000000000000
maximum_shape: 0.0000001000000000
maximum_dsigma: 0.0100000000000000
mod: 10
pmod: 10
optimize: 1
verbose: 1
snapshot: 0
display: 1
explore: 1
npt: 1
nptxy: 0
nptdxdy: 0
shape: 0
seed: 1379698
52.812124958625 86.485038360337 0.000000000000 1.000000000000
-12.013679381604 -43.323068397131 0.866025403784 -0.500000000000
-18.228036579104 -74.273290721448 0.866025403784 0.500000000000
73.379408868310 52.310539631782 0.000000000000 1.000000000000
8.863400581710 -38.480694594557 0.000000000000 1.000000000000
-100.379735702458 -51.790001387864 0.866025403784 -0.500000000000
23.367891674319 -100.420061948342 0.000000000000 1.000000000000
86.444369516496 -78.042518867115 0.866025403784 -0.500000000000
62.521377915416 108.891317789162 0.866025403784 -0.500000000000
51.580956626843 -9.533260184597 0.866025403784 0.500000000000
39.375841925389 31.040847379198 0.866025403784 0.500000000000
44.594804571542 61.232089361838 0.866025403784 -0.500000000000
58.971072782269 -34.714366097762 0.000000000000 1.000000000000
13.552809600092 -45.153822470571 0.866025403784 -0.500000000000
-61.135327149035 14.192043638286 0.866025403784 0.500000000000
-68.532570633620 63.073074701028 0.866025403784 0.500000000000
-113.111744453194 123.138880485782 0.866025403784 -0.500000000000
32.318926625993 -133.051323440832 0.000000000000 1.000000000000
-10.139915179764 -114.639691150108 0.866025403784 0.500000000000
-29.892469407613 -36.723324079272 0.000000000000 1.000000000000
