#Configurational_file created 2018-09-14 14:00:39  started 2018-09-14 14:00:38 run for 1.0s steps 0
name: p_1241
step: 10000
specie: 20
	particle_diameter: 1.0000000000000000
	interaction_length: 1.2000000000000000
	number_of_patches: 3
	number_of_particles_per_compound: 1
	rod_length: 1.0000000000000000
	interaction_matrix:  1.000000 1.000000 1.000000 1.000000 1.000000 1.000000 1.000000 1.000000 1.000000
	patch_type: symmetric
	patch_width: 8.0000000000000000
	patch_angle: 0.0000000000000000
	angles:  0.000000 0.000000 0.000000
	grand_canonical: 0
	chemical_potential: 0.0000000000000000
box: 15.845983 15.845983
copy: 1.000000 1.000000
epsilon: 0.7586210000000000
end_epsilon: 0.0000000000000000
pressure: 0.1724140000000000
lambda: 0.0000000000000000
lambda_coupling: 1.0000000000000000
uy: 0.0000000000000000
maximum_displacement: 1.0000000000000000
maximum_rotation: 1.0000000000000000
maximum_volume: 1.0000000000000000
maximum_shape: 0.0000001000000000
maximum_dsigma: 0.0100000000000000
mod: 10
pmod: 10
optimize: 1
verbose: 1
snapshot: 0
display: 1
explore: 1
npt: 1
nptxy: 0
nptdxdy: 0
shape: 0
seed: 1413808
-295.643898268778 270.167475168038 0.000000000000 1.000000000000
106.294599072363 95.231229723897 0.866025403784 -0.500000000000
59.750227353498 213.574546146669 0.866025403784 -0.500000000000
-16.048563467072 -96.127199425982 0.866025403784 -0.500000000000
8.456438006912 -1.685053542799 0.866025403784 -0.500000000000
12.524669642557 -169.729611768388 0.866025403784 -0.500000000000
7.680871130493 -86.769604288604 0.866025403784 0.500000000000
93.447506893781 -18.242172974050 0.000000000000 1.000000000000
186.564812410676 -155.747627891877 0.866025403784 0.500000000000
-57.976073553168 -73.798362450995 0.866025403784 0.500000000000
5.018680071144 -66.430965515689 0.866025403784 0.500000000000
-156.070859722857 83.275594196762 0.866025403784 0.500000000000
-122.344948052205 3.001529508524 0.866025403784 0.500000000000
53.193441542810 130.479439270079 0.866025403784 0.500000000000
-11.909811343914 -102.546072396875 0.866025403784 -0.500000000000
177.875875528986 46.774849904079 0.000000000000 1.000000000000
-235.751033244056 -80.818831317822 0.866025403784 0.500000000000
163.950093002999 -88.780582348043 0.866025403784 -0.500000000000
-92.207120667878 -17.198853325921 0.866025403784 -0.500000000000
-25.086227487665 18.722141847141 0.866025403784 0.500000000000
