#Configurational_file created 2018-09-14 14:00:12  started 2018-09-14 14:00:12 run for 0.0s steps 0
name: p_1206
step: 10000
specie: 20
	particle_diameter: 1.0000000000000000
	interaction_length: 1.2000000000000000
	number_of_patches: 3
	number_of_particles_per_compound: 1
	rod_length: 1.0000000000000000
	interaction_matrix:  1.000000 1.000000 1.000000 1.000000 1.000000 1.000000 1.000000 1.000000 1.000000
	patch_type: symmetric
	patch_width: 8.0000000000000000
	patch_angle: 0.0000000000000000
	angles:  0.000000 0.000000 0.000000
	grand_canonical: 0
	chemical_potential: 0.0000000000000000
box: 17.003927 17.003927
copy: 1.000000 1.000000
epsilon: 0.6896560000000000
end_epsilon: 0.0000000000000000
pressure: 0.0862080000000000
lambda: 0.0000000000000000
lambda_coupling: 1.0000000000000000
uy: 0.0000000000000000
maximum_displacement: 1.0000000000000000
maximum_rotation: 1.0000000000000000
maximum_volume: 1.0000000000000000
maximum_shape: 0.0000001000000000
maximum_dsigma: 0.0100000000000000
mod: 10
pmod: 10
optimize: 1
verbose: 1
snapshot: 0
display: 1
explore: 1
npt: 1
nptxy: 0
nptdxdy: 0
shape: 0
seed: 1374013
4.031924283162 99.129246473949 0.866025403784 -0.500000000000
-78.897375565462 144.899569359189 0.000000000000 1.000000000000
68.787448693017 145.480790875987 0.000000000000 1.000000000000
-206.117510887291 -68.173507370588 0.000000000000 1.000000000000
-37.623391066433 61.760838190828 0.866025403784 -0.500000000000
-12.937330060399 -66.729049160468 0.000000000000 1.000000000000
144.078809527925 -133.655273619542 0.866025403784 0.500000000000
-21.600493985087 -14.364728042825 0.000000000000 1.000000000000
-0.128022964652 -123.942145759111 0.866025403784 -0.500000000000
-160.190304417444 24.258705920170 0.866025403784 -0.500000000000
116.756969229906 19.632710027027 0.866025403784 -0.500000000000
-74.299423383770 -18.880898850669 0.866025403784 0.500000000000
51.763865113089 -171.773740150736 0.000000000000 1.000000000000
29.221676920670 108.964569834024 0.000000000000 1.000000000000
-110.295364188855 85.354017094572 0.866025403784 0.500000000000
123.241422193431 91.414320772632 0.000000000000 1.000000000000
156.544097926399 -149.823286221790 0.866025403784 0.500000000000
117.980205423023 10.939717441832 0.866025403784 0.500000000000
8.554794351631 10.123563329259 0.866025403784 -0.500000000000
-103.704057487709 31.192280174768 0.866025403784 -0.500000000000
