#Configurational_file created 2018-09-14 11:37:35  started 2018-09-14 11:37:34 run for 1.0s steps 0
name: p_1217
step: 10000
specie: 20
	particle_diameter: 1.0000000000000000
	interaction_length: 1.2000000000000000
	number_of_patches: 3
	number_of_particles_per_compound: 1
	rod_length: 1.0000000000000000
	interaction_matrix:  1.000000 1.000000 1.000000 1.000000 1.000000 1.000000 1.000000 1.000000 1.000000
	patch_type: symmetric
	patch_width: 8.0000000000000000
	patch_angle: 0.0000000000000000
	angles:  0.000000 0.000000 0.000000
	grand_canonical: 0
	chemical_potential: 0.0000000000000000
box: 8.215935 8.215935
copy: 1.000000 1.000000
epsilon: 0.4791710000000000
end_epsilon: 0.0000000000000000
pressure: 1.3333670000000000
lambda: 0.0000000000000000
lambda_coupling: 1.0000000000000000
uy: 0.0000000000000000
maximum_displacement: 1.0000000000000000
maximum_rotation: 1.0000000000000000
maximum_volume: 0.4491054064523214
maximum_shape: 0.0000001000000000
maximum_dsigma: 0.0100000000000000
mod: 10
pmod: 10
optimize: 1
verbose: 1
snapshot: 0
display: 1
explore: 1
npt: 1
nptxy: 0
nptdxdy: 0
shape: 0
seed: 1386520
105.828143073606 -82.445968498020 0.866025403784 0.500000000000
-103.422104279033 -14.279341486315 0.000000000000 1.000000000000
115.775938395820 -5.106148069950 0.000000000000 1.000000000000
47.730367444589 10.843792721505 0.866025403784 0.500000000000
84.708424743451 -77.343488788739 0.866025403784 -0.500000000000
9.528682614585 45.272755044589 0.866025403784 -0.500000000000
78.282760531723 16.840886124291 0.866025403784 -0.500000000000
-4.899733423080 85.777497871631 0.866025403784 -0.500000000000
37.965628964507 18.724002076501 0.866025403784 -0.500000000000
63.473827577072 -7.900686844180 0.866025403784 -0.500000000000
39.438115504265 38.938767354015 0.000000000000 1.000000000000
69.039777674223 109.684608379343 0.866025403784 0.500000000000
103.952664716791 7.221636933042 0.866025403784 0.500000000000
16.096434003335 57.803603804426 0.866025403784 -0.500000000000
-32.800814602664 63.860888276878 0.000000000000 1.000000000000
-14.629620256649 125.531783523514 0.000000000000 1.000000000000
57.636972784134 -16.899681228494 0.866025403784 0.500000000000
132.152479721955 33.641814281477 0.866025403784 0.500000000000
-27.013028452519 71.960246934932 0.866025403784 0.500000000000
-180.870517267029 -3.820455205706 0.866025403784 -0.500000000000
