#Configurational_file created 2018-09-14 12:04:44  started 2018-09-14 12:04:44 run for 0.0s steps 0
name: p_1222
step: 10000
specie: 20
	particle_diameter: 1.0000000000000000
	interaction_length: 1.2000000000000000
	number_of_patches: 3
	number_of_particles_per_compound: 1
	rod_length: 1.0000000000000000
	interaction_matrix:  1.000000 1.000000 1.000000 1.000000 1.000000 1.000000 1.000000 1.000000 1.000000
	patch_type: symmetric
	patch_width: 8.0000000000000000
	patch_angle: 0.0000000000000000
	angles:  0.000000 0.000000 0.000000
	grand_canonical: 0
	chemical_potential: 0.0000000000000000
box: 55.636027 55.636027
copy: 1.000000 1.000000
epsilon: 0.0479170000000000
end_epsilon: 0.0000000000000000
pressure: 0.0875000000000000
lambda: 0.0000000000000000
lambda_coupling: 1.0000000000000000
uy: 0.0000000000000000
maximum_displacement: 1.0000000000000000
maximum_rotation: 1.0000000000000000
maximum_volume: 1.0000000000000000
maximum_shape: 0.0000001000000000
maximum_dsigma: 0.0100000000000000
mod: 10
pmod: 10
optimize: 1
verbose: 1
snapshot: 0
display: 1
explore: 1
npt: 1
nptxy: 0
nptdxdy: 0
shape: 0
seed: 1392205
168.510523622391 36.653411237053 0.866025403784 0.500000000000
133.822384738946 334.616143881053 0.866025403784 0.500000000000
192.490836054922 410.427358322515 0.000000000000 1.000000000000
-99.040286947479 -109.505862286038 0.866025403784 -0.500000000000
47.648630216359 -210.869989929207 0.000000000000 1.000000000000
134.245564993130 -49.134049797039 0.866025403784 -0.500000000000
113.997215908986 -15.624000456075 0.866025403784 0.500000000000
-29.705310975748 301.935043034952 0.000000000000 1.000000000000
-37.793517379607 -189.243773666588 0.000000000000 1.000000000000
224.327723833567 127.172336296476 0.866025403784 -0.500000000000
182.426418311286 -70.877666121531 0.866025403784 -0.500000000000
77.636231792450 196.936709235783 0.866025403784 -0.500000000000
113.336082253328 138.676800466635 0.000000000000 1.000000000000
275.985922345682 -176.239714399195 0.000000000000 1.000000000000
-4.683611810871 6.729519199647 0.000000000000 1.000000000000
-195.994676023561 -89.413022576366 0.866025403784 0.500000000000
-180.025317196453 -93.207644909107 0.866025403784 -0.500000000000
-68.059758120455 146.553448868039 0.000000000000 1.000000000000
-88.068029552673 9.615386791835 0.000000000000 1.000000000000
-338.107426152822 -37.002893868384 0.866025403784 -0.500000000000
