#Configurational_file created 2018-09-14 14:00:18  started 2018-09-14 14:00:17 run for 1.0s steps 0
name: p_1214
step: 10000
specie: 20
	particle_diameter: 1.0000000000000000
	interaction_length: 1.2000000000000000
	number_of_patches: 3
	number_of_particles_per_compound: 1
	rod_length: 1.0000000000000000
	interaction_matrix:  1.000000 1.000000 1.000000 1.000000 1.000000 1.000000 1.000000 1.000000 1.000000
	patch_type: symmetric
	patch_width: 8.0000000000000000
	patch_angle: 0.0000000000000000
	angles:  0.000000 0.000000 0.000000
	grand_canonical: 0
	chemical_potential: 0.0000000000000000
box: 14.467796 14.467796
copy: 1.000000 1.000000
epsilon: 0.6896560000000000
end_epsilon: 0.0000000000000000
pressure: 0.2241380000000000
lambda: 0.0000000000000000
lambda_coupling: 1.0000000000000000
uy: 0.0000000000000000
maximum_displacement: 1.0000000000000000
maximum_rotation: 1.0000000000000000
maximum_volume: 1.0000000000000000
maximum_shape: 0.0000001000000000
maximum_dsigma: 0.0100000000000000
mod: 10
pmod: 10
optimize: 1
verbose: 1
snapshot: 0
display: 1
explore: 1
npt: 1
nptxy: 0
nptdxdy: 0
shape: 0
seed: 1383109
5.197342361593 -11.475315117446 0.866025403784 0.500000000000
-110.245058761781 -85.735281164172 0.000000000000 1.000000000000
-181.641123335981 85.845958074650 0.866025403784 0.500000000000
86.251656588447 29.118657555683 0.000000000000 1.000000000000
-131.810007762095 11.048039135597 0.866025403784 -0.500000000000
5.934841413049 109.815037388015 0.866025403784 -0.500000000000
-179.790800984079 92.066757777600 0.000000000000 1.000000000000
70.684104878215 -24.824130886565 0.866025403784 -0.500000000000
57.301142728604 -169.374347221170 0.866025403784 0.500000000000
182.971534417734 -44.445093480355 0.866025403784 -0.500000000000
-45.503497860985 -34.231926426430 0.866025403784 0.500000000000
-25.400084828870 -57.165383864737 0.866025403784 0.500000000000
-46.557851538822 107.795202700388 0.866025403784 -0.500000000000
-72.472071780616 -215.883443397597 0.000000000000 1.000000000000
57.536095788477 161.915629106767 0.000000000000 1.000000000000
58.160866431182 100.262696048054 0.866025403784 0.500000000000
-9.201945171865 13.113117137208 0.866025403784 0.500000000000
-41.064218350464 230.526485191869 0.000000000000 1.000000000000
71.781160231699 -33.394496036519 0.866025403784 -0.500000000000
140.486349476549 174.609417628712 0.866025403784 -0.500000000000
