#Configurational_file created 2018-09-14 11:38:00  started 2018-09-14 11:37:59 run for 1.0s steps 0
name: p_1245
step: 10000
specie: 20
	particle_diameter: 1.0000000000000000
	interaction_length: 1.2000000000000000
	number_of_patches: 3
	number_of_particles_per_compound: 1
	rod_length: 1.0000000000000000
	interaction_matrix:  1.000000 1.000000 1.000000 1.000000 1.000000 1.000000 1.000000 1.000000 1.000000
	patch_type: symmetric
	patch_width: 8.0000000000000000
	patch_angle: 0.0000000000000000
	angles:  0.000000 0.000000 0.000000
	grand_canonical: 0
	chemical_potential: 0.0000000000000000
box: 7.357909 7.357909
copy: 1.000000 1.000000
epsilon: 0.5000000000000000
end_epsilon: 0.0000000000000000
pressure: 1.5833539999999999
lambda: 0.0000000000000000
lambda_coupling: 1.0000000000000000
uy: 0.0000000000000000
maximum_displacement: 1.0000000000000000
maximum_rotation: 1.0000000000000000
maximum_volume: 0.3831797758131184
maximum_shape: 0.0000001000000000
maximum_dsigma: 0.0100000000000000
mod: 10
pmod: 10
optimize: 1
verbose: 1
snapshot: 0
display: 1
explore: 1
npt: 1
nptxy: 0
nptdxdy: 0
shape: 0
seed: 1418356
0.248862489359 64.715586115672 0.866025403784 0.500000000000
16.739998802300 30.961939632564 0.000000000000 1.000000000000
-16.793458392019 -103.288387802164 0.866025403784 -0.500000000000
35.805327544296 -40.058484399315 0.000000000000 1.000000000000
47.895008576452 10.659186734464 0.866025403784 0.500000000000
-108.296003989763 -39.897301796238 0.000000000000 1.000000000000
31.174219636314 -15.245720269878 0.866025403784 0.500000000000
50.764176523347 7.006820479285 0.866025403784 -0.500000000000
128.344175242034 -7.216114659964 0.000000000000 1.000000000000
30.603324477804 10.626419478058 0.000000000000 1.000000000000
15.557068206034 -11.485931423904 0.866025403784 -0.500000000000
-16.514400383982 -2.561838560865 0.866025403784 0.500000000000
70.984045497813 -2.112475923282 0.866025403784 -0.500000000000
113.555432163353 5.884011502609 0.866025403784 0.500000000000
51.592930785097 71.035117584119 0.866025403784 0.500000000000
-13.473963157821 -53.939949043290 0.866025403784 0.500000000000
111.402061288098 52.971225112736 0.866025403784 0.500000000000
21.467255967737 -64.366517439169 0.866025403784 0.500000000000
-96.313828884760 -82.374439933203 0.866025403784 -0.500000000000
18.564297945989 -50.448105976918 0.866025403784 -0.500000000000
