#Configurational_file created 2018-09-14 11:07:00  started 2018-09-14 11:06:59 run for 1.0s steps 0
name: p_122
step: 10000
specie: 20
	particle_diameter: 1.0000000000000000
	interaction_length: 1.2000000000000000
	number_of_patches: 3
	number_of_particles_per_compound: 1
	rod_length: 1.0000000000000000
	interaction_matrix:  1.000000 1.000000 1.000000 1.000000 1.000000 1.000000 1.000000 1.000000 1.000000
	patch_type: symmetric
	patch_width: 8.0000000000000000
	patch_angle: 0.0000000000000000
	angles:  0.000000 0.000000 0.000000
	grand_canonical: 0
	chemical_potential: 0.0000000000000000
box: 13.265431 13.265431
copy: 1.000000 1.000000
epsilon: 0.5000000000000000
end_epsilon: 0.0000000000000000
pressure: 0.2858000000000000
lambda: 0.0000000000000000
lambda_coupling: 1.0000000000000000
uy: 0.0000000000000000
maximum_displacement: 1.0000000000000000
maximum_rotation: 1.0000000000000000
maximum_volume: 1.0000000000000000
maximum_shape: 0.0000001000000000
maximum_dsigma: 0.0100000000000000
mod: 10
pmod: 10
optimize: 1
verbose: 1
snapshot: 0
display: 1
explore: 1
npt: 1
nptxy: 0
nptdxdy: 0
shape: 0
seed: 141584
127.615793297867 -112.105584383410 0.000000000000 1.000000000000
174.475957707141 76.350861833772 0.866025403784 0.500000000000
11.674328348241 105.785643202293 0.866025403784 0.500000000000
47.304012279946 -272.062839085695 0.866025403784 0.500000000000
108.431456328420 183.817052108434 0.866025403784 0.500000000000
-40.550299773715 54.569841133729 0.000000000000 1.000000000000
10.066112992602 -113.278433285083 0.866025403784 0.500000000000
-9.062145742270 -171.046985130466 0.000000000000 1.000000000000
64.998864813018 -184.957852012425 0.866025403784 -0.500000000000
88.157378577615 -30.622913825424 0.000000000000 1.000000000000
60.580295831146 246.807475818320 0.000000000000 1.000000000000
-54.884274514090 33.448859289432 0.866025403784 0.500000000000
19.376944886819 111.036900297845 0.866025403784 -0.500000000000
-248.810568933002 -154.529371398892 0.866025403784 0.500000000000
-129.317619239897 0.158999356496 0.000000000000 1.000000000000
-97.831821213912 -143.613251877243 0.866025403784 0.500000000000
-171.669790803615 6.651208877161 0.000000000000 1.000000000000
-84.301164794879 238.365468897414 0.866025403784 0.500000000000
-109.216555319858 -46.397418503884 0.866025403784 -0.500000000000
125.322234177352 131.279477727450 0.866025403784 0.500000000000
