#Configurational_file created 2018-09-14 11:37:50  started 2018-09-14 11:37:49 run for 1.0s steps 0
name: p_1234
step: 10000
specie: 20
	particle_diameter: 1.0000000000000000
	interaction_length: 1.2000000000000000
	number_of_patches: 3
	number_of_particles_per_compound: 1
	rod_length: 1.0000000000000000
	interaction_matrix:  1.000000 1.000000 1.000000 1.000000 1.000000 1.000000 1.000000 1.000000 1.000000
	patch_type: symmetric
	patch_width: 8.0000000000000000
	patch_angle: 0.0000000000000000
	angles:  0.000000 0.000000 0.000000
	grand_canonical: 0
	chemical_potential: 0.0000000000000000
box: 11.513381 11.513381
copy: 1.000000 1.000000
epsilon: 0.5000000000000000
end_epsilon: 0.0000000000000000
pressure: 0.6667330000000000
lambda: 0.0000000000000000
lambda_coupling: 1.0000000000000000
uy: 0.0000000000000000
maximum_displacement: 1.0000000000000000
maximum_rotation: 1.0000000000000000
maximum_volume: 1.0000000000000000
maximum_shape: 0.0000001000000000
maximum_dsigma: 0.0100000000000000
mod: 10
pmod: 10
optimize: 1
verbose: 1
snapshot: 0
display: 1
explore: 1
npt: 1
nptxy: 0
nptdxdy: 0
shape: 0
seed: 1405849
-160.106091408017 -35.363615806905 0.866025403784 0.500000000000
-87.409002798459 -17.310986702445 0.000000000000 1.000000000000
16.192413097921 71.650648440086 0.000000000000 1.000000000000
67.868147936128 -106.432629195928 0.866025403784 -0.500000000000
-159.905552009359 100.655279201348 0.866025403784 -0.500000000000
-155.212550437001 58.380198597998 0.000000000000 1.000000000000
-82.319612615695 6.541621491722 0.866025403784 0.500000000000
34.379032919006 -125.653624967258 0.866025403784 -0.500000000000
13.382316102090 66.603229754016 0.000000000000 1.000000000000
42.033817016748 91.664184891508 0.866025403784 0.500000000000
37.975836287062 -87.345782104782 0.000000000000 1.000000000000
86.427181333204 -96.240779878588 0.000000000000 1.000000000000
-85.159845609706 -132.310143273913 0.866025403784 -0.500000000000
-6.514566031475 127.389112962813 0.866025403784 0.500000000000
93.936849982190 69.350763779462 0.866025403784 -0.500000000000
206.100615490371 65.542473667520 0.000000000000 1.000000000000
37.384061554850 -39.098821969001 0.000000000000 1.000000000000
-65.292702732600 -15.755583737260 0.866025403784 -0.500000000000
111.311825917941 75.091515700177 0.000000000000 1.000000000000
-111.152016747092 148.662044136728 0.866025403784 -0.500000000000
