#Configurational_file created 2018-09-14 11:37:41  started 2018-09-14 11:37:40 run for 1.0s steps 0
name: p_1223
step: 10000
specie: 20
	particle_diameter: 1.0000000000000000
	interaction_length: 1.2000000000000000
	number_of_patches: 3
	number_of_particles_per_compound: 1
	rod_length: 1.0000000000000000
	interaction_matrix:  1.000000 1.000000 1.000000 1.000000 1.000000 1.000000 1.000000 1.000000 1.000000
	patch_type: symmetric
	patch_width: 8.0000000000000000
	patch_angle: 0.0000000000000000
	angles:  0.000000 0.000000 0.000000
	grand_canonical: 0
	chemical_potential: 0.0000000000000000
box: 6.702589 6.702589
copy: 1.000000 1.000000
epsilon: 0.4791710000000000
end_epsilon: 0.0000000000000000
pressure: 1.8333420000000000
lambda: 0.0000000000000000
lambda_coupling: 1.0000000000000000
uy: 0.0000000000000000
maximum_displacement: 1.0000000000000000
maximum_rotation: 1.0000000000000000
maximum_volume: 0.3005573344654592
maximum_shape: 0.0000001000000000
maximum_dsigma: 0.0100000000000000
mod: 10
pmod: 10
optimize: 1
verbose: 1
snapshot: 0
display: 1
explore: 1
npt: 1
nptxy: 0
nptdxdy: 0
shape: 0
seed: 1393342
74.735347682615 13.749438267064 0.000000000000 1.000000000000
146.689511832673 65.966043930384 0.866025403784 -0.500000000000
-50.681583469654 -73.278346620362 0.866025403784 -0.500000000000
13.195128423796 -62.265054668014 0.000000000000 1.000000000000
-104.330455069112 -62.139179160710 0.866025403784 -0.500000000000
-33.934875174462 -112.881416198206 0.866025403784 0.500000000000
-51.985537533274 -23.685992035219 0.000000000000 1.000000000000
-45.876780478759 -21.041741382802 0.000000000000 1.000000000000
34.688166800313 28.652651265981 0.000000000000 1.000000000000
133.965910881700 37.195880453758 0.000000000000 1.000000000000
-10.649183183691 32.824895341121 0.866025403784 -0.500000000000
1.032657734068 35.943419486690 0.866025403784 0.500000000000
18.483355933618 -1.461559245728 0.866025403784 0.500000000000
-29.994024804223 -43.333460450888 0.866025403784 -0.500000000000
-29.977728484314 21.621913363369 0.000000000000 1.000000000000
-52.790640073802 18.050962952821 0.000000000000 1.000000000000
98.792057949617 -10.720185205542 0.000000000000 1.000000000000
11.031779156508 20.921672351950 0.000000000000 1.000000000000
117.781048873757 19.682781037335 0.866025403784 0.500000000000
-4.871275971118 -42.683096392845 0.000000000000 1.000000000000
