#Configurational_file created 2018-09-14 14:00:25  started 2018-09-14 14:00:24 run for 1.0s steps 0
name: p_1223
step: 10000
specie: 20
	particle_diameter: 1.0000000000000000
	interaction_length: 1.2000000000000000
	number_of_patches: 3
	number_of_particles_per_compound: 1
	rod_length: 1.0000000000000000
	interaction_matrix:  1.000000 1.000000 1.000000 1.000000 1.000000 1.000000 1.000000 1.000000 1.000000
	patch_type: symmetric
	patch_width: 8.0000000000000000
	patch_angle: 0.0000000000000000
	angles:  0.000000 0.000000 0.000000
	grand_canonical: 0
	chemical_potential: 0.0000000000000000
box: 9.471913 9.471913
copy: 1.000000 1.000000
epsilon: 0.6896560000000000
end_epsilon: 0.0000000000000000
pressure: 0.3793110000000000
lambda: 0.0000000000000000
lambda_coupling: 1.0000000000000000
uy: 0.0000000000000000
maximum_displacement: 1.0000000000000000
maximum_rotation: 1.0000000000000000
maximum_volume: 1.0000000000000000
maximum_shape: 0.0000001000000000
maximum_dsigma: 0.0100000000000000
mod: 10
pmod: 10
optimize: 1
verbose: 1
snapshot: 0
display: 1
explore: 1
npt: 1
nptxy: 0
nptdxdy: 0
shape: 0
seed: 1393342
-24.040828036263 38.715827205127 0.866025403784 -0.500000000000
35.951423555907 -87.501322879885 0.866025403784 -0.500000000000
-60.485469346440 158.766022602682 0.866025403784 0.500000000000
-19.878372130656 3.223441606230 0.000000000000 1.000000000000
-109.827304084071 -129.540063820989 0.866025403784 0.500000000000
146.411379772595 -47.852010667927 0.000000000000 1.000000000000
-111.435592613167 -38.075738332197 0.866025403784 0.500000000000
4.628199675370 4.190582058998 0.866025403784 -0.500000000000
-53.565952453846 20.910242211827 0.866025403784 0.500000000000
5.879409976982 15.478906220028 0.866025403784 0.500000000000
-76.501257622724 -76.701980661549 0.866025403784 0.500000000000
62.464105283177 22.795971086126 0.866025403784 -0.500000000000
105.097304443209 -10.439691577078 0.000000000000 1.000000000000
13.286710392538 8.603033818608 0.866025403784 -0.500000000000
76.827907145014 31.900733573878 0.866025403784 0.500000000000
-28.144456053577 -24.692302027414 0.866025403784 -0.500000000000
-74.857591934314 30.028361138417 0.866025403784 -0.500000000000
-0.000104783855 24.912249423879 0.000000000000 1.000000000000
6.118058020763 30.956340460079 0.000000000000 1.000000000000
-18.021063500635 -97.522368259680 0.000000000000 1.000000000000
