#Configurational_file created 2018-09-14 14:00:16  started 2018-09-14 14:00:15 run for 1.0s steps 0
name: p_1211
step: 10000
specie: 20
	particle_diameter: 1.0000000000000000
	interaction_length: 1.2000000000000000
	number_of_patches: 3
	number_of_particles_per_compound: 1
	rod_length: 1.0000000000000000
	interaction_matrix:  1.000000 1.000000 1.000000 1.000000 1.000000 1.000000 1.000000 1.000000 1.000000
	patch_type: symmetric
	patch_width: 8.0000000000000000
	patch_angle: 0.0000000000000000
	angles:  0.000000 0.000000 0.000000
	grand_canonical: 0
	chemical_potential: 0.0000000000000000
box: 12.424200 12.424200
copy: 1.000000 1.000000
epsilon: 0.6896560000000000
end_epsilon: 0.0000000000000000
pressure: 0.1724140000000000
lambda: 0.0000000000000000
lambda_coupling: 1.0000000000000000
uy: 0.0000000000000000
maximum_displacement: 1.0000000000000000
maximum_rotation: 1.0000000000000000
maximum_volume: 1.0000000000000000
maximum_shape: 0.0000001000000000
maximum_dsigma: 0.0100000000000000
mod: 10
pmod: 10
optimize: 1
verbose: 1
snapshot: 0
display: 1
explore: 1
npt: 1
nptxy: 0
nptdxdy: 0
shape: 0
seed: 1379698
78.594696644507 -69.849707641066 0.000000000000 1.000000000000
-18.401001547777 -4.831772294480 0.000000000000 1.000000000000
55.893979322306 -40.476501997803 0.866025403784 -0.500000000000
-154.081563699653 -48.734886728746 0.866025403784 -0.500000000000
-46.921033255305 -75.891984411448 0.000000000000 1.000000000000
36.263739657305 -45.223869557731 0.866025403784 0.500000000000
-57.861632940344 28.486461228130 0.000000000000 1.000000000000
54.977705958773 -114.270576116624 0.866025403784 -0.500000000000
11.258762672146 -43.016464465170 0.866025403784 0.500000000000
117.263347363687 26.399796325437 0.000000000000 1.000000000000
126.118658367203 72.493203942154 0.866025403784 -0.500000000000
28.049139375742 -10.630344872451 0.000000000000 1.000000000000
71.851117946063 -91.647935622741 0.866025403784 -0.500000000000
112.536038534962 24.773837647424 0.000000000000 1.000000000000
-0.915326444837 -19.686317718668 0.866025403784 -0.500000000000
143.827840790203 97.436713984970 0.000000000000 1.000000000000
81.183441147607 -12.865688155775 0.866025403784 -0.500000000000
-58.958070045561 9.375775167558 0.000000000000 1.000000000000
-202.018945818993 25.693866132005 0.000000000000 1.000000000000
-41.344441289175 39.531701404209 0.866025403784 0.500000000000
