#Configurational_file created 2018-09-14 11:37:37  started 2018-09-14 11:37:36 run for 1.0s steps 0
name: p_1219
step: 10000
specie: 20
	particle_diameter: 1.0000000000000000
	interaction_length: 1.2000000000000000
	number_of_patches: 3
	number_of_particles_per_compound: 1
	rod_length: 1.0000000000000000
	interaction_matrix:  1.000000 1.000000 1.000000 1.000000 1.000000 1.000000 1.000000 1.000000 1.000000
	patch_type: symmetric
	patch_width: 8.0000000000000000
	patch_angle: 0.0000000000000000
	angles:  0.000000 0.000000 0.000000
	grand_canonical: 0
	chemical_potential: 0.0000000000000000
box: 7.400769 7.400769
copy: 1.000000 1.000000
epsilon: 0.4791710000000000
end_epsilon: 0.0000000000000000
pressure: 1.5000249999999999
lambda: 0.0000000000000000
lambda_coupling: 1.0000000000000000
uy: 0.0000000000000000
maximum_displacement: 1.0000000000000000
maximum_rotation: 1.0000000000000000
maximum_volume: 0.4296188823925595
maximum_shape: 0.0000001000000000
maximum_dsigma: 0.0100000000000000
mod: 10
pmod: 10
optimize: 1
verbose: 1
snapshot: 0
display: 1
explore: 1
npt: 1
nptxy: 0
nptdxdy: 0
shape: 0
seed: 1388794
-15.269324300012 90.919831702529 0.866025403784 -0.500000000000
-31.143844212774 -25.277723926746 0.000000000000 1.000000000000
42.838249000778 -49.132692283014 0.866025403784 -0.500000000000
-14.875409349619 34.529615254403 0.866025403784 0.500000000000
-42.838034324171 6.398769243937 0.866025403784 -0.500000000000
106.617871224577 23.157230028081 0.000000000000 1.000000000000
48.763582932330 -56.048260226286 0.000000000000 1.000000000000
49.042791609439 -16.040377390541 0.866025403784 -0.500000000000
102.806630818417 -67.745853465398 0.000000000000 1.000000000000
54.106046195502 37.615671930485 0.866025403784 -0.500000000000
122.126993791723 46.272194601474 0.866025403784 0.500000000000
-19.793865902436 -1.549094246170 0.866025403784 0.500000000000
-153.842623312929 56.516977484065 0.866025403784 0.500000000000
79.663268563461 82.226482928506 0.866025403784 0.500000000000
-4.227330321103 21.826994672884 0.000000000000 1.000000000000
-49.455984049668 99.250335484413 0.866025403784 0.500000000000
-33.959338982530 -3.874771388751 0.000000000000 1.000000000000
27.410024555989 34.627552648748 0.866025403784 0.500000000000
-46.064950336380 36.641819405007 0.000000000000 1.000000000000
81.044347284227 -25.512465047399 0.000000000000 1.000000000000
