#Configurational_file created 2018-09-14 12:04:52  started 2018-09-14 12:04:51 run for 1.0s steps 0
name: p_1232
step: 10000
specie: 20
	particle_diameter: 1.0000000000000000
	interaction_length: 1.2000000000000000
	number_of_patches: 3
	number_of_particles_per_compound: 1
	rod_length: 1.0000000000000000
	interaction_matrix:  1.000000 1.000000 1.000000 1.000000 1.000000 1.000000 1.000000 1.000000 1.000000
	patch_type: symmetric
	patch_width: 8.0000000000000000
	patch_angle: 0.0000000000000000
	angles:  0.000000 0.000000 0.000000
	grand_canonical: 0
	chemical_potential: 0.0000000000000000
box: 48.300046 48.300046
copy: 1.000000 1.000000
epsilon: 0.0500000000000000
end_epsilon: 0.0000000000000000
pressure: 0.0250010000000000
lambda: 0.0000000000000000
lambda_coupling: 1.0000000000000000
uy: 0.0000000000000000
maximum_displacement: 1.0000000000000000
maximum_rotation: 1.0000000000000000
maximum_volume: 1.0000000000000000
maximum_shape: 0.0000001000000000
maximum_dsigma: 0.0100000000000000
mod: 10
pmod: 10
optimize: 1
verbose: 1
snapshot: 0
display: 1
explore: 1
npt: 1
nptxy: 0
nptdxdy: 0
shape: 0
seed: 1403575
-99.472654230419 -37.431463356439 0.866025403784 0.500000000000
263.180849203109 -6.388240610576 0.000000000000 1.000000000000
-6.867959270334 -56.676856911164 0.866025403784 0.500000000000
-488.347220395598 3.228148859881 0.866025403784 -0.500000000000
85.205990836620 138.541873924105 0.866025403784 0.500000000000
12.141178350584 -243.453603842810 0.000000000000 1.000000000000
31.603328748945 -30.243263839770 0.866025403784 0.500000000000
-12.182634218446 -286.525572065650 0.000000000000 1.000000000000
-159.470653221331 37.616921186266 0.866025403784 -0.500000000000
-48.253914042915 11.477742885956 0.866025403784 0.500000000000
246.468050151880 317.783064242204 0.866025403784 0.500000000000
-94.031275864653 19.708912039540 0.866025403784 -0.500000000000
213.911157146010 -260.087254240790 0.866025403784 0.500000000000
181.118956589723 -127.231638172833 0.000000000000 1.000000000000
-13.194546708398 -110.369504400810 0.866025403784 0.500000000000
91.425671020393 -24.458016522101 0.866025403784 0.500000000000
-127.925827253851 226.280043605106 0.000000000000 1.000000000000
-84.956899437349 130.204394475923 0.000000000000 1.000000000000
16.222283652567 -172.838574882343 0.866025403784 0.500000000000
69.922635389714 -249.592475942697 0.000000000000 1.000000000000
