#Configurational_file created 2018-09-14 14:00:19  started 2018-09-14 14:00:19 run for 0.0s steps 0
name: p_1216
step: 10000
specie: 20
	particle_diameter: 1.0000000000000000
	interaction_length: 1.2000000000000000
	number_of_patches: 3
	number_of_particles_per_compound: 1
	rod_length: 1.0000000000000000
	interaction_matrix:  1.000000 1.000000 1.000000 1.000000 1.000000 1.000000 1.000000 1.000000 1.000000
	patch_type: symmetric
	patch_width: 8.0000000000000000
	patch_angle: 0.0000000000000000
	angles:  0.000000 0.000000 0.000000
	grand_canonical: 0
	chemical_potential: 0.0000000000000000
box: 12.432204 12.432204
copy: 1.000000 1.000000
epsilon: 0.6896560000000000
end_epsilon: 0.0000000000000000
pressure: 0.2586210000000000
lambda: 0.0000000000000000
lambda_coupling: 1.0000000000000000
uy: 0.0000000000000000
maximum_displacement: 1.0000000000000000
maximum_rotation: 1.0000000000000000
maximum_volume: 1.0000000000000000
maximum_shape: 0.0000001000000000
maximum_dsigma: 0.0100000000000000
mod: 10
pmod: 10
optimize: 1
verbose: 1
snapshot: 0
display: 1
explore: 1
npt: 1
nptxy: 0
nptdxdy: 0
shape: 0
seed: 1385383
-76.342644348493 -49.817748376273 0.866025403784 -0.500000000000
9.849777246245 -34.061233736141 0.866025403784 -0.500000000000
229.531194865044 -46.053915892912 0.866025403784 -0.500000000000
-71.549649242128 139.400092996661 0.866025403784 -0.500000000000
66.419607670466 -76.865927438927 0.866025403784 -0.500000000000
-60.846527838676 -130.869767666838 0.866025403784 -0.500000000000
-135.680517940372 8.643001809378 0.000000000000 1.000000000000
210.297218904557 -17.500124004235 0.866025403784 0.500000000000
0.330619365726 -110.040626751480 0.866025403784 0.500000000000
-38.725924813821 -57.967014995997 0.866025403784 0.500000000000
3.788668079928 118.584117850079 0.866025403784 -0.500000000000
-26.074562276556 -44.244667002623 0.000000000000 1.000000000000
-52.691208154445 -162.155505461837 0.866025403784 -0.500000000000
-144.376468565604 20.588936066873 0.866025403784 0.500000000000
1.492261026631 -37.807781264040 0.866025403784 0.500000000000
171.400500010954 67.905997704242 0.866025403784 -0.500000000000
118.754156602147 -154.086438699291 0.000000000000 1.000000000000
-107.404719676933 -49.635370493400 0.866025403784 -0.500000000000
28.879863995930 66.136982732830 0.866025403784 -0.500000000000
150.490380984011 15.912767660070 0.000000000000 1.000000000000
