#Configurational_file created 2018-09-14 12:04:55  started 2018-09-14 12:04:55 run for 0.0s steps 0
name: p_1237
step: 10000
specie: 20
	particle_diameter: 1.0000000000000000
	interaction_length: 1.2000000000000000
	number_of_patches: 3
	number_of_particles_per_compound: 1
	rod_length: 1.0000000000000000
	interaction_matrix:  1.000000 1.000000 1.000000 1.000000 1.000000 1.000000 1.000000 1.000000 1.000000
	patch_type: symmetric
	patch_width: 8.0000000000000000
	patch_angle: 0.0000000000000000
	angles:  0.000000 0.000000 0.000000
	grand_canonical: 0
	chemical_potential: 0.0000000000000000
box: 48.980353 48.980353
copy: 1.000000 1.000000
epsilon: 0.0500000000000000
end_epsilon: 0.0000000000000000
pressure: 0.0458340000000000
lambda: 0.0000000000000000
lambda_coupling: 1.0000000000000000
uy: 0.0000000000000000
maximum_displacement: 1.0000000000000000
maximum_rotation: 1.0000000000000000
maximum_volume: 1.0000000000000000
maximum_shape: 0.0000001000000000
maximum_dsigma: 0.0100000000000000
mod: 10
pmod: 10
optimize: 1
verbose: 1
snapshot: 0
display: 1
explore: 1
npt: 1
nptxy: 0
nptdxdy: 0
shape: 0
seed: 1409260
101.327575191129 12.357863989002 0.866025403784 0.500000000000
162.484009162929 -5.972086265647 0.866025403784 -0.500000000000
233.177636574926 37.310743872199 0.000000000000 1.000000000000
294.002744009250 -33.028452584676 0.000000000000 1.000000000000
257.616904552195 -429.149912190885 0.866025403784 -0.500000000000
139.312539526966 146.125854139139 0.866025403784 -0.500000000000
-95.684210406109 -190.750260795661 0.866025403784 -0.500000000000
-40.241856066648 -173.011902088222 0.000000000000 1.000000000000
127.093791510034 365.705342524979 0.000000000000 1.000000000000
139.307191426989 8.086388397789 0.866025403784 0.500000000000
269.944699085078 114.478819806386 0.866025403784 0.500000000000
-247.613895344822 -220.256216852212 0.866025403784 0.500000000000
-67.398619914082 -165.579326808157 0.866025403784 0.500000000000
-55.228813381128 294.673329890177 0.000000000000 1.000000000000
-65.338313463939 -180.009938550541 0.866025403784 -0.500000000000
74.132173431779 -31.145277946218 0.000000000000 1.000000000000
83.524642508499 -25.483540942957 0.866025403784 0.500000000000
186.488623140457 13.379781954185 0.000000000000 1.000000000000
-292.844553809597 242.622515223540 0.866025403784 0.500000000000
201.786896207571 92.039259967798 0.866025403784 -0.500000000000
