#Configurational_file created 2018-09-14 14:00:36  started 2018-09-14 14:00:35 run for 1.0s steps 0
name: p_1237
step: 10000
specie: 20
	particle_diameter: 1.0000000000000000
	interaction_length: 1.2000000000000000
	number_of_patches: 3
	number_of_particles_per_compound: 1
	rod_length: 1.0000000000000000
	interaction_matrix:  1.000000 1.000000 1.000000 1.000000 1.000000 1.000000 1.000000 1.000000 1.000000
	patch_type: symmetric
	patch_width: 8.0000000000000000
	patch_angle: 0.0000000000000000
	angles:  0.000000 0.000000 0.000000
	grand_canonical: 0
	chemical_potential: 0.0000000000000000
box: 17.075398 17.075398
copy: 1.000000 1.000000
epsilon: 0.7586210000000000
end_epsilon: 0.0000000000000000
pressure: 0.1034490000000000
lambda: 0.0000000000000000
lambda_coupling: 1.0000000000000000
uy: 0.0000000000000000
maximum_displacement: 1.0000000000000000
maximum_rotation: 1.0000000000000000
maximum_volume: 1.0000000000000000
maximum_shape: 0.0000001000000000
maximum_dsigma: 0.0100000000000000
mod: 10
pmod: 10
optimize: 1
verbose: 1
snapshot: 0
display: 1
explore: 1
npt: 1
nptxy: 0
nptdxdy: 0
shape: 0
seed: 1409260
-168.615602205294 -1.086671144581 0.000000000000 1.000000000000
102.102218583684 62.838819029167 0.000000000000 1.000000000000
91.061585296980 5.547562722688 0.866025403784 0.500000000000
-44.105187969392 80.675655752366 0.866025403784 -0.500000000000
5.259973166824 -164.447947129212 0.866025403784 -0.500000000000
-44.261630556942 -52.747444491964 0.000000000000 1.000000000000
169.009520473597 -7.849035551310 0.866025403784 0.500000000000
-37.515554314229 -103.960971255028 0.000000000000 1.000000000000
109.937354246148 68.280439099002 0.866025403784 -0.500000000000
36.892953071200 53.692322491805 0.866025403784 0.500000000000
101.181346593116 -207.775039638274 0.866025403784 0.500000000000
170.664390327081 32.863579741257 0.866025403784 -0.500000000000
96.068876134961 -80.860003018083 0.866025403784 -0.500000000000
76.196202046671 -168.848566880220 0.866025403784 0.500000000000
156.198868618355 34.607194502731 0.866025403784 -0.500000000000
86.447880961404 -53.477587565238 0.000000000000 1.000000000000
-107.442287166292 -88.664052605401 0.866025403784 -0.500000000000
-23.226558670815 -30.703043288072 0.000000000000 1.000000000000
24.671058312355 -21.831745261442 0.000000000000 1.000000000000
86.059845019899 32.145554491362 0.866025403784 -0.500000000000
