#Configurational_file created 2018-09-14 14:00:34  started 2018-09-14 14:00:33 run for 1.0s steps 0
name: p_1234
step: 10000
specie: 20
	particle_diameter: 1.0000000000000000
	interaction_length: 1.2000000000000000
	number_of_patches: 3
	number_of_particles_per_compound: 1
	rod_length: 1.0000000000000000
	interaction_matrix:  1.000000 1.000000 1.000000 1.000000 1.000000 1.000000 1.000000 1.000000 1.000000
	patch_type: symmetric
	patch_width: 8.0000000000000000
	patch_angle: 0.0000000000000000
	angles:  0.000000 0.000000 0.000000
	grand_canonical: 0
	chemical_potential: 0.0000000000000000
box: 22.391584 22.391584
copy: 1.000000 1.000000
epsilon: 0.7586210000000000
end_epsilon: 0.0000000000000000
pressure: 0.0517250000000000
lambda: 0.0000000000000000
lambda_coupling: 1.0000000000000000
uy: 0.0000000000000000
maximum_displacement: 1.0000000000000000
maximum_rotation: 1.0000000000000000
maximum_volume: 1.0000000000000000
maximum_shape: 0.0000001000000000
maximum_dsigma: 0.0100000000000000
mod: 10
pmod: 10
optimize: 1
verbose: 1
snapshot: 0
display: 1
explore: 1
npt: 1
nptxy: 0
nptdxdy: 0
shape: 0
seed: 1405849
-79.790716553679 -13.062544389480 0.866025403784 -0.500000000000
33.962754068635 -135.709499816798 0.000000000000 1.000000000000
-62.162969013196 155.497128713765 0.866025403784 -0.500000000000
106.267458886696 -193.877141914606 0.866025403784 -0.500000000000
-41.060711969623 117.077176269121 0.000000000000 1.000000000000
-128.750852239700 12.048435964315 0.866025403784 -0.500000000000
29.232779043068 131.750186692243 0.866025403784 -0.500000000000
4.532780943235 -115.977004706880 0.866025403784 0.500000000000
-11.090037672586 76.493741175050 0.866025403784 -0.500000000000
-74.398295871176 75.696359569602 0.000000000000 1.000000000000
51.338599036781 -43.166673558319 0.866025403784 0.500000000000
200.687118209538 -98.274379843366 0.866025403784 0.500000000000
-193.229773186378 -42.973603397114 0.866025403784 0.500000000000
-8.638440741178 210.294855648204 0.000000000000 1.000000000000
-13.924618770663 -17.833344831296 0.866025403784 0.500000000000
179.597220050274 -67.584673167765 0.866025403784 0.500000000000
-23.721572917646 11.048172016884 0.866025403784 0.500000000000
-60.636984187671 -48.819001441730 0.866025403784 -0.500000000000
-10.376062412901 13.874287455508 0.000000000000 1.000000000000
175.347118955963 -76.744730573411 0.866025403784 -0.500000000000
