#Configurational_file created 2018-09-14 12:05:04  started 2018-09-14 12:05:03 run for 1.0s steps 0
name: p_1249
step: 10000
specie: 20
	particle_diameter: 1.0000000000000000
	interaction_length: 1.2000000000000000
	number_of_patches: 3
	number_of_particles_per_compound: 1
	rod_length: 1.0000000000000000
	interaction_matrix:  1.000000 1.000000 1.000000 1.000000 1.000000 1.000000 1.000000 1.000000 1.000000
	patch_type: symmetric
	patch_width: 8.0000000000000000
	patch_angle: 0.0000000000000000
	angles:  0.000000 0.000000 0.000000
	grand_canonical: 0
	chemical_potential: 0.0000000000000000
box: 49.033295 49.033295
copy: 1.000000 1.000000
epsilon: 0.0500000000000000
end_epsilon: 0.0000000000000000
pressure: 0.0958330000000000
lambda: 0.0000000000000000
lambda_coupling: 1.0000000000000000
uy: 0.0000000000000000
maximum_displacement: 1.0000000000000000
maximum_rotation: 1.0000000000000000
maximum_volume: 1.0000000000000000
maximum_shape: 0.0000001000000000
maximum_dsigma: 0.0100000000000000
mod: 10
pmod: 10
optimize: 1
verbose: 1
snapshot: 0
display: 1
explore: 1
npt: 1
nptxy: 0
nptdxdy: 0
shape: 0
seed: 1422904
-153.698384387667 15.567590801534 0.866025403784 -0.500000000000
242.392565869943 29.193083368606 0.866025403784 0.500000000000
274.142683902705 192.404965092376 0.000000000000 1.000000000000
-391.876207714927 298.538614500872 0.000000000000 1.000000000000
105.256142872440 90.616253499986 0.000000000000 1.000000000000
-24.851814685173 8.575176417356 0.000000000000 1.000000000000
344.886609249650 -234.637477559618 0.000000000000 1.000000000000
112.666227190671 -91.995800211748 0.000000000000 1.000000000000
278.673421147237 104.651592138948 0.866025403784 -0.500000000000
212.298871000348 -90.766987506930 0.866025403784 -0.500000000000
232.188204096719 -26.324534845464 0.866025403784 0.500000000000
474.596267522320 -255.238628893133 0.000000000000 1.000000000000
-179.132723369946 -56.684737080012 0.866025403784 0.500000000000
-209.740698669327 -22.837572908435 0.866025403784 0.500000000000
-12.557354434779 -51.039096936952 0.866025403784 -0.500000000000
-115.901751469919 45.500141476321 0.000000000000 1.000000000000
-192.760591403355 180.984782273216 0.866025403784 0.500000000000
232.763263681897 -232.596410558179 0.866025403784 0.500000000000
144.411924075698 63.039511867694 0.866025403784 0.500000000000
312.556566832027 -172.535870631879 0.000000000000 1.000000000000
