#Configurational_file created 2018-09-14 11:37:34  started 2018-09-14 11:37:33 run for 1.0s steps 0
name: p_1216
step: 10000
specie: 20
	particle_diameter: 1.0000000000000000
	interaction_length: 1.2000000000000000
	number_of_patches: 3
	number_of_particles_per_compound: 1
	rod_length: 1.0000000000000000
	interaction_matrix:  1.000000 1.000000 1.000000 1.000000 1.000000 1.000000 1.000000 1.000000 1.000000
	patch_type: symmetric
	patch_width: 8.0000000000000000
	patch_angle: 0.0000000000000000
	angles:  0.000000 0.000000 0.000000
	grand_canonical: 0
	chemical_potential: 0.0000000000000000
box: 6.649161 6.649161
copy: 1.000000 1.000000
epsilon: 0.4791710000000000
end_epsilon: 0.0000000000000000
pressure: 1.2500370000000001
lambda: 0.0000000000000000
lambda_coupling: 1.0000000000000000
uy: 0.0000000000000000
maximum_displacement: 1.0000000000000000
maximum_rotation: 1.0000000000000000
maximum_volume: 0.6358410661857289
maximum_shape: 0.0000001000000000
maximum_dsigma: 0.0100000000000000
mod: 10
pmod: 10
optimize: 1
verbose: 1
snapshot: 0
display: 1
explore: 1
npt: 1
nptxy: 0
nptdxdy: 0
shape: 0
seed: 1385383
53.115069794875 -17.117455328878 0.866025403784 -0.500000000000
-64.994787368520 -36.897849532956 0.000000000000 1.000000000000
-75.274913634602 162.242739804355 0.866025403784 0.500000000000
-22.973273775477 -42.009908046545 0.866025403784 -0.500000000000
43.576684170864 8.719528770302 0.866025403784 0.500000000000
18.841802147289 26.156396227920 0.866025403784 -0.500000000000
3.457823140060 74.055898001056 0.866025403784 0.500000000000
41.030842119068 -14.457704733216 0.866025403784 0.500000000000
72.189036564399 47.406983719060 0.866025403784 -0.500000000000
-8.074033572003 77.880449815074 0.000000000000 1.000000000000
106.755723653463 84.443837777200 0.000000000000 1.000000000000
22.441287294473 26.460045768310 0.000000000000 1.000000000000
95.035067596604 65.517815860121 0.000000000000 1.000000000000
51.746776507255 29.372495194635 0.000000000000 1.000000000000
22.936793505086 17.044339941985 0.866025403784 -0.500000000000
2.234091467279 26.880985657004 0.866025403784 -0.500000000000
-15.533270783151 -6.920957263770 0.866025403784 0.500000000000
-146.006814249951 46.056282581611 0.866025403784 -0.500000000000
33.780752223343 55.258976934109 0.866025403784 0.500000000000
87.553222059756 -37.862761163730 0.000000000000 1.000000000000
