#Configurational_file created 2018-09-14 14:00:14  started 2018-09-14 14:00:13 run for 1.0s steps 0
name: p_1208
step: 10000
specie: 20
	particle_diameter: 1.0000000000000000
	interaction_length: 1.2000000000000000
	number_of_patches: 3
	number_of_particles_per_compound: 1
	rod_length: 1.0000000000000000
	interaction_matrix:  1.000000 1.000000 1.000000 1.000000 1.000000 1.000000 1.000000 1.000000 1.000000
	patch_type: symmetric
	patch_width: 8.0000000000000000
	patch_angle: 0.0000000000000000
	angles:  0.000000 0.000000 0.000000
	grand_canonical: 0
	chemical_potential: 0.0000000000000000
box: 14.837371 14.837371
copy: 1.000000 1.000000
epsilon: 0.6896560000000000
end_epsilon: 0.0000000000000000
pressure: 0.1206900000000000
lambda: 0.0000000000000000
lambda_coupling: 1.0000000000000000
uy: 0.0000000000000000
maximum_displacement: 1.0000000000000000
maximum_rotation: 1.0000000000000000
maximum_volume: 1.0000000000000000
maximum_shape: 0.0000001000000000
maximum_dsigma: 0.0100000000000000
mod: 10
pmod: 10
optimize: 1
verbose: 1
snapshot: 0
display: 1
explore: 1
npt: 1
nptxy: 0
nptdxdy: 0
shape: 0
seed: 1376287
98.413139776347 -44.015937491017 0.866025403784 -0.500000000000
19.022236551998 66.350431682262 0.866025403784 0.500000000000
9.885623867817 -48.631115712870 0.000000000000 1.000000000000
159.625761123637 -134.134395479667 0.866025403784 -0.500000000000
1.367465282901 -66.535856732728 0.000000000000 1.000000000000
48.989787594635 107.422672261855 0.000000000000 1.000000000000
-68.098610302030 40.617005361782 0.000000000000 1.000000000000
-177.970671546856 -48.867850462832 0.866025403784 -0.500000000000
60.178319619260 55.972015199802 0.000000000000 1.000000000000
-56.884770969936 -68.360693949677 0.866025403784 0.500000000000
-51.412243387260 -144.864362571417 0.866025403784 -0.500000000000
27.711942653500 -57.759472497564 0.866025403784 0.500000000000
-4.434207996424 -2.959398432361 0.000000000000 1.000000000000
116.417170095855 63.551057893025 0.866025403784 -0.500000000000
110.342331359994 29.332905127092 0.866025403784 0.500000000000
74.525152363136 -109.425849376164 0.000000000000 1.000000000000
-67.765957787973 -83.562758153228 0.866025403784 -0.500000000000
101.506247175083 38.933306006631 0.000000000000 1.000000000000
40.048586113229 -26.283319533210 0.866025403784 0.500000000000
16.879096861981 134.792613628351 0.000000000000 1.000000000000
