#Configurational_file created 2018-09-14 11:38:03  started 2018-09-14 11:38:02 run for 1.0s steps 0
name: p_1248
step: 10000
specie: 20
	particle_diameter: 1.0000000000000000
	interaction_length: 1.2000000000000000
	number_of_patches: 3
	number_of_particles_per_compound: 1
	rod_length: 1.0000000000000000
	interaction_matrix:  1.000000 1.000000 1.000000 1.000000 1.000000 1.000000 1.000000 1.000000 1.000000
	patch_type: symmetric
	patch_width: 8.0000000000000000
	patch_angle: 0.0000000000000000
	angles:  0.000000 0.000000 0.000000
	grand_canonical: 0
	chemical_potential: 0.0000000000000000
box: 7.169322 7.169322
copy: 1.000000 1.000000
epsilon: 0.5000000000000000
end_epsilon: 0.0000000000000000
pressure: 1.8333420000000000
lambda: 0.0000000000000000
lambda_coupling: 1.0000000000000000
uy: 0.0000000000000000
maximum_displacement: 1.0000000000000000
maximum_rotation: 1.0000000000000000
maximum_volume: 0.2999269727635454
maximum_shape: 0.0000001000000000
maximum_dsigma: 0.0100000000000000
mod: 10
pmod: 10
optimize: 1
verbose: 1
snapshot: 0
display: 1
explore: 1
npt: 1
nptxy: 0
nptdxdy: 0
shape: 0
seed: 1421767
-6.433962747971 -32.295260724451 0.866025403784 -0.500000000000
5.688849678739 58.738721124558 0.866025403784 0.500000000000
-116.100151708113 14.688671507720 0.000000000000 1.000000000000
31.216625475226 44.662599424160 0.000000000000 1.000000000000
-13.773691172359 -66.404295753851 0.000000000000 1.000000000000
55.520361897746 56.909030774983 0.866025403784 0.500000000000
23.481765320114 6.667766189380 0.866025403784 -0.500000000000
72.834467244741 -51.286932406174 0.866025403784 0.500000000000
22.231445682207 79.104865549383 0.866025403784 0.500000000000
57.012803964243 32.482576421123 0.866025403784 0.500000000000
-12.130237774824 -126.803459517335 0.866025403784 0.500000000000
-91.415374073311 46.699593703107 0.000000000000 1.000000000000
-125.328994721992 -19.324961112658 0.866025403784 0.500000000000
76.135887482478 -2.208515007711 0.866025403784 -0.500000000000
86.765183439461 65.614042351943 0.866025403784 -0.500000000000
63.349371363639 -4.330974591842 0.000000000000 1.000000000000
13.480978443944 -87.404949291163 0.000000000000 1.000000000000
-37.552371115075 -16.850294031876 0.000000000000 1.000000000000
52.098577537526 120.634720865468 0.000000000000 1.000000000000
82.614837579134 78.897125865403 0.866025403784 0.500000000000
