#Configurational_file created 2018-09-14 12:04:35  started 2018-09-14 12:04:34 run for 1.0s steps 0
name: p_1209
step: 10000
specie: 20
	particle_diameter: 1.0000000000000000
	interaction_length: 1.2000000000000000
	number_of_patches: 3
	number_of_particles_per_compound: 1
	rod_length: 1.0000000000000000
	interaction_matrix:  1.000000 1.000000 1.000000 1.000000 1.000000 1.000000 1.000000 1.000000 1.000000
	patch_type: symmetric
	patch_width: 8.0000000000000000
	patch_angle: 0.0000000000000000
	angles:  0.000000 0.000000 0.000000
	grand_canonical: 0
	chemical_potential: 0.0000000000000000
box: 50.337914 50.337914
copy: 1.000000 1.000000
epsilon: 0.0479170000000000
end_epsilon: 0.0000000000000000
pressure: 0.0333340000000000
lambda: 0.0000000000000000
lambda_coupling: 1.0000000000000000
uy: 0.0000000000000000
maximum_displacement: 1.0000000000000000
maximum_rotation: 1.0000000000000000
maximum_volume: 1.0000000000000000
maximum_shape: 0.0000001000000000
maximum_dsigma: 0.0100000000000000
mod: 10
pmod: 10
optimize: 1
verbose: 1
snapshot: 0
display: 1
explore: 1
npt: 1
nptxy: 0
nptdxdy: 0
shape: 0
seed: 1377424
-115.302133308502 -69.348124230014 0.866025403784 0.500000000000
225.602430757535 -121.992919551751 0.866025403784 -0.500000000000
2.933209699761 80.865456150869 0.000000000000 1.000000000000
54.593998489022 128.199217872107 0.866025403784 -0.500000000000
28.455917486738 265.754050094051 0.000000000000 1.000000000000
129.150196606082 -76.672741861032 0.000000000000 1.000000000000
188.300016360444 -220.661652658337 0.866025403784 0.500000000000
210.252585290849 193.448801702708 0.000000000000 1.000000000000
262.962134971070 73.598176047060 0.866025403784 -0.500000000000
-194.152767133399 -52.865555288209 0.866025403784 -0.500000000000
105.327757343213 -159.900798089583 0.866025403784 0.500000000000
-104.575988630357 -103.034174037883 0.000000000000 1.000000000000
-95.040022233014 128.547805417271 0.000000000000 1.000000000000
-195.605879138685 64.150980038052 0.866025403784 0.500000000000
-134.824074079942 267.207287283206 0.866025403784 -0.500000000000
-264.271976187302 323.513427514362 0.866025403784 0.500000000000
-198.619889930171 328.941084707137 0.000000000000 1.000000000000
-142.115069174973 139.561847435415 0.866025403784 0.500000000000
273.776879328767 158.368647337575 0.000000000000 1.000000000000
-168.508386995852 111.385407715097 0.000000000000 1.000000000000
