#Configurational_file created 2018-09-14 11:37:21  started 2018-09-14 11:37:20 run for 1.0s steps 0
name: p_1200
step: 10000
specie: 20
	particle_diameter: 1.0000000000000000
	interaction_length: 1.2000000000000000
	number_of_patches: 3
	number_of_particles_per_compound: 1
	rod_length: 1.0000000000000000
	interaction_matrix:  1.000000 1.000000 1.000000 1.000000 1.000000 1.000000 1.000000 1.000000 1.000000
	patch_type: symmetric
	patch_width: 8.0000000000000000
	patch_angle: 0.0000000000000000
	angles:  0.000000 0.000000 0.000000
	grand_canonical: 0
	chemical_potential: 0.0000000000000000
box: 7.664319 7.664319
copy: 1.000000 1.000000
epsilon: 0.4583420000000000
end_epsilon: 0.0000000000000000
pressure: 2.0000000000000000
lambda: 0.0000000000000000
lambda_coupling: 1.0000000000000000
uy: 0.0000000000000000
maximum_displacement: 1.0000000000000000
maximum_rotation: 1.0000000000000000
maximum_volume: 0.3237252405849936
maximum_shape: 0.0000001000000000
maximum_dsigma: 0.0100000000000000
mod: 10
pmod: 10
optimize: 1
verbose: 1
snapshot: 0
display: 1
explore: 1
npt: 1
nptxy: 0
nptdxdy: 0
shape: 0
seed: 1367191
-15.682172589273 -43.289963767964 0.866025403784 0.500000000000
-65.862136018551 -19.215728092630 0.866025403784 0.500000000000
12.276661975889 52.485377026963 0.866025403784 -0.500000000000
-27.427437993753 14.666819656707 0.866025403784 0.500000000000
-11.397835762587 -109.717465388261 0.866025403784 -0.500000000000
-35.340195656575 35.294238306871 0.866025403784 -0.500000000000
8.662141697242 -6.098224693821 0.866025403784 0.500000000000
4.294511514249 56.873022003744 0.866025403784 0.500000000000
104.748368022082 -88.980998739361 0.000000000000 1.000000000000
-1.722496413855 4.581029292320 0.866025403784 -0.500000000000
-13.943515034252 29.038339009142 0.866025403784 0.500000000000
25.119084125503 -5.808119504426 0.000000000000 1.000000000000
59.154394322134 55.167730137050 0.866025403784 0.500000000000
-38.532038493067 4.665852327334 0.000000000000 1.000000000000
-24.714091142118 52.104770138246 0.866025403784 0.500000000000
134.286320014474 16.618461519746 0.000000000000 1.000000000000
19.183328356428 -5.271179398251 0.000000000000 1.000000000000
1.420704760667 -37.959772829146 0.866025403784 0.500000000000
22.197002955832 -24.785107565336 0.000000000000 1.000000000000
-17.296323946723 -15.012591613932 0.000000000000 1.000000000000
