#Configurational_file created 2018-09-14 12:04:52  started 2018-09-14 12:04:52 run for 0.0s steps 0
name: p_1233
step: 10000
specie: 20
	particle_diameter: 1.0000000000000000
	interaction_length: 1.2000000000000000
	number_of_patches: 3
	number_of_particles_per_compound: 1
	rod_length: 1.0000000000000000
	interaction_matrix:  1.000000 1.000000 1.000000 1.000000 1.000000 1.000000 1.000000 1.000000 1.000000
	patch_type: symmetric
	patch_width: 8.0000000000000000
	patch_angle: 0.0000000000000000
	angles:  0.000000 0.000000 0.000000
	grand_canonical: 0
	chemical_potential: 0.0000000000000000
box: 49.094375 49.094375
copy: 1.000000 1.000000
epsilon: 0.0500000000000000
end_epsilon: 0.0000000000000000
pressure: 0.0291670000000000
lambda: 0.0000000000000000
lambda_coupling: 1.0000000000000000
uy: 0.0000000000000000
maximum_displacement: 1.0000000000000000
maximum_rotation: 1.0000000000000000
maximum_volume: 1.0000000000000000
maximum_shape: 0.0000001000000000
maximum_dsigma: 0.0100000000000000
mod: 10
pmod: 10
optimize: 1
verbose: 1
snapshot: 0
display: 1
explore: 1
npt: 1
nptxy: 0
nptdxdy: 0
shape: 0
seed: 1404712
-112.423283797344 -13.022971771942 0.866025403784 -0.500000000000
50.262933362866 291.453863700074 0.866025403784 0.500000000000
-199.464519459926 -109.812347868516 0.000000000000 1.000000000000
-18.630803191252 345.070528159532 0.866025403784 0.500000000000
162.136581666061 266.454103366303 0.866025403784 -0.500000000000
50.531241662989 -5.857205628064 0.000000000000 1.000000000000
199.685920280323 -105.938142866286 0.000000000000 1.000000000000
37.210624826933 392.063127756260 0.866025403784 0.500000000000
117.312309759173 220.706459615062 0.866025403784 -0.500000000000
180.994326355919 287.775186033119 0.000000000000 1.000000000000
-399.818110638532 -29.350161690762 0.866025403784 0.500000000000
190.936595205766 -107.170923632228 0.866025403784 -0.500000000000
540.302112749445 -97.471133411370 0.000000000000 1.000000000000
23.312193668257 -80.802054681630 0.866025403784 -0.500000000000
105.557109082094 214.351677232515 0.866025403784 0.500000000000
85.475503874046 198.937639421201 0.866025403784 -0.500000000000
81.873857503949 105.731243234583 0.866025403784 0.500000000000
-270.561656048639 160.220860021874 0.000000000000 1.000000000000
240.971094364965 -129.626586728907 0.866025403784 -0.500000000000
453.670338932833 -19.815648009498 0.866025403784 -0.500000000000
