#Configurational_file created 2018-09-14 11:37:43  started 2018-09-14 11:37:42 run for 1.0s steps 0
name: p_1225
step: 10000
specie: 20
	particle_diameter: 1.0000000000000000
	interaction_length: 1.2000000000000000
	number_of_patches: 3
	number_of_particles_per_compound: 1
	rod_length: 1.0000000000000000
	interaction_matrix:  1.000000 1.000000 1.000000 1.000000 1.000000 1.000000 1.000000 1.000000 1.000000
	patch_type: symmetric
	patch_width: 8.0000000000000000
	patch_angle: 0.0000000000000000
	angles:  0.000000 0.000000 0.000000
	grand_canonical: 0
	chemical_potential: 0.0000000000000000
box: 6.609631 6.609631
copy: 1.000000 1.000000
epsilon: 0.4791710000000000
end_epsilon: 0.0000000000000000
pressure: 2.0000000000000000
lambda: 0.0000000000000000
lambda_coupling: 1.0000000000000000
uy: 0.0000000000000000
maximum_displacement: 0.8554043418166049
maximum_rotation: 1.0000000000000000
maximum_volume: 0.2792772773937652
maximum_shape: 0.0000001000000000
maximum_dsigma: 0.0100000000000000
mod: 10
pmod: 10
optimize: 1
verbose: 1
snapshot: 0
display: 1
explore: 1
npt: 1
nptxy: 0
nptdxdy: 0
shape: 0
seed: 1395616
-101.517467663613 21.986022124306 0.000000000000 1.000000000000
0.724698293335 28.190582369979 0.866025403784 0.500000000000
-4.712159654338 -68.669386882720 0.000000000000 1.000000000000
42.803704492429 -39.079861622333 0.866025403784 -0.500000000000
-11.013142800643 78.080753131561 0.866025403784 -0.500000000000
19.559934385840 -12.309224997339 0.866025403784 -0.500000000000
-34.464707214662 3.864783235112 0.000000000000 1.000000000000
32.639677580460 3.924647243490 0.000000000000 1.000000000000
12.972500023884 12.620685775192 0.866025403784 -0.500000000000
24.394796879661 -27.264068899466 0.866025403784 -0.500000000000
-83.641776856736 8.377347275616 0.866025403784 0.500000000000
31.465924849336 -71.781993728609 0.000000000000 1.000000000000
-32.107538353108 -36.826101948605 0.000000000000 1.000000000000
-2.468449508292 11.759473731917 0.000000000000 1.000000000000
-52.131043752384 -8.043111904340 0.866025403784 -0.500000000000
-10.365241469399 19.362586727116 0.000000000000 1.000000000000
-45.277605866637 -42.735061577905 0.866025403784 -0.500000000000
0.166598631279 31.246901455509 0.866025403784 0.500000000000
21.640875698014 40.223828380006 0.000000000000 1.000000000000
51.772652926760 -36.815241925972 0.000000000000 1.000000000000
