#Configurational_file created 2018-09-14 12:04:29  started 2018-09-14 12:04:28 run for 1.0s steps 0
name: p_1201
step: 10000
specie: 20
	particle_diameter: 1.0000000000000000
	interaction_length: 1.2000000000000000
	number_of_patches: 3
	number_of_particles_per_compound: 1
	rod_length: 1.0000000000000000
	interaction_matrix:  1.000000 1.000000 1.000000 1.000000 1.000000 1.000000 1.000000 1.000000 1.000000
	patch_type: symmetric
	patch_width: 8.0000000000000000
	patch_angle: 0.0000000000000000
	angles:  0.000000 0.000000 0.000000
	grand_canonical: 0
	chemical_potential: 0.0000000000000000
box: 50.680783 50.680783
copy: 1.000000 1.000000
epsilon: 0.0479170000000000
end_epsilon: 0.0000000000000000
pressure: 0.0000010000000000
lambda: 0.0000000000000000
lambda_coupling: 1.0000000000000000
uy: 0.0000000000000000
maximum_displacement: 1.0000000000000000
maximum_rotation: 1.0000000000000000
maximum_volume: 1.0000000000000000
maximum_shape: 0.0000001000000000
maximum_dsigma: 0.0100000000000000
mod: 10
pmod: 10
optimize: 1
verbose: 1
snapshot: 0
display: 1
explore: 1
npt: 1
nptxy: 0
nptdxdy: 0
shape: 0
seed: 1368328
-84.183069187451 344.652067438098 0.000000000000 1.000000000000
63.185242943286 91.339552747571 0.000000000000 1.000000000000
-426.375400712480 -68.446250835910 0.866025403784 0.500000000000
3.740549250665 392.132576587423 0.866025403784 0.500000000000
-372.195138586404 -15.143878926006 0.000000000000 1.000000000000
-48.605854250973 71.898227228337 0.000000000000 1.000000000000
351.869193914662 -243.396491612058 0.866025403784 -0.500000000000
-0.443387794745 78.290349453882 0.000000000000 1.000000000000
-59.853397352531 -144.989800351220 0.866025403784 0.500000000000
263.188101488528 79.482077021345 0.866025403784 -0.500000000000
-121.684511377787 202.222056168911 0.866025403784 0.500000000000
78.613641503050 49.763627616985 0.000000000000 1.000000000000
18.780400153399 -39.456574267372 0.866025403784 0.500000000000
77.236554084055 94.513047151111 0.866025403784 -0.500000000000
-140.616787036446 233.749587402210 0.000000000000 1.000000000000
376.432057288911 102.663124565671 0.866025403784 0.500000000000
326.823851029159 -157.440328981737 0.866025403784 0.500000000000
387.679479824789 202.286972069998 0.000000000000 1.000000000000
-181.541052712413 66.501590475386 0.866025403784 -0.500000000000
-91.986671300088 165.102562819279 0.000000000000 1.000000000000
