#Configurational_file created 2018-09-14 12:04:47  started 2018-09-14 12:04:46 run for 1.0s steps 0
name: p_1226
step: 10000
specie: 20
	particle_diameter: 1.0000000000000000
	interaction_length: 1.2000000000000000
	number_of_patches: 3
	number_of_particles_per_compound: 1
	rod_length: 1.0000000000000000
	interaction_matrix:  1.000000 1.000000 1.000000 1.000000 1.000000 1.000000 1.000000 1.000000 1.000000
	patch_type: symmetric
	patch_width: 8.0000000000000000
	patch_angle: 0.0000000000000000
	angles:  0.000000 0.000000 0.000000
	grand_canonical: 0
	chemical_potential: 0.0000000000000000
box: 46.742205 46.742205
copy: 1.000000 1.000000
epsilon: 0.0500000000000000
end_epsilon: 0.0000000000000000
pressure: 0.0000010000000000
lambda: 0.0000000000000000
lambda_coupling: 1.0000000000000000
uy: 0.0000000000000000
maximum_displacement: 1.0000000000000000
maximum_rotation: 1.0000000000000000
maximum_volume: 1.0000000000000000
maximum_shape: 0.0000001000000000
maximum_dsigma: 0.0100000000000000
mod: 10
pmod: 10
optimize: 1
verbose: 1
snapshot: 0
display: 1
explore: 1
npt: 1
nptxy: 0
nptdxdy: 0
shape: 0
seed: 1396753
202.175335822102 -273.283775893971 0.000000000000 1.000000000000
117.772334168761 -149.700347049346 0.000000000000 1.000000000000
156.859569997324 -36.910775764113 0.866025403784 -0.500000000000
346.201574012844 323.932333444295 0.000000000000 1.000000000000
111.295782372368 2.877902053565 0.866025403784 -0.500000000000
171.606379112990 92.957187907203 0.866025403784 -0.500000000000
-50.104082592097 -124.372343592393 0.866025403784 -0.500000000000
-424.579499555032 48.986684724798 0.866025403784 0.500000000000
-86.328884610829 -122.508805278832 0.866025403784 -0.500000000000
-39.566096857620 -193.353403924999 0.000000000000 1.000000000000
-412.670497216666 -268.783252341702 0.866025403784 -0.500000000000
24.008346602524 27.821225229151 0.866025403784 0.500000000000
45.303944154115 205.743196983585 0.866025403784 0.500000000000
-257.570656378239 31.189075210361 0.866025403784 0.500000000000
245.017414394714 -370.612313054217 0.000000000000 1.000000000000
-61.089879634420 236.398713574053 0.866025403784 -0.500000000000
103.781888369236 -63.331064119628 0.866025403784 -0.500000000000
170.754838495473 357.162052865599 0.866025403784 -0.500000000000
-180.895501518132 -63.718956789732 0.866025403784 -0.500000000000
41.216751681762 -144.325303134977 0.866025403784 -0.500000000000
