#Configurational_file created 2018-09-14 12:04:55  started 2018-09-14 12:04:54 run for 1.0s steps 0
name: p_1236
step: 10000
specie: 20
	particle_diameter: 1.0000000000000000
	interaction_length: 1.2000000000000000
	number_of_patches: 3
	number_of_particles_per_compound: 1
	rod_length: 1.0000000000000000
	interaction_matrix:  1.000000 1.000000 1.000000 1.000000 1.000000 1.000000 1.000000 1.000000 1.000000
	patch_type: symmetric
	patch_width: 8.0000000000000000
	patch_angle: 0.0000000000000000
	angles:  0.000000 0.000000 0.000000
	grand_canonical: 0
	chemical_potential: 0.0000000000000000
box: 44.526533 44.526533
copy: 1.000000 1.000000
epsilon: 0.0500000000000000
end_epsilon: 0.0000000000000000
pressure: 0.0416670000000000
lambda: 0.0000000000000000
lambda_coupling: 1.0000000000000000
uy: 0.0000000000000000
maximum_displacement: 1.0000000000000000
maximum_rotation: 1.0000000000000000
maximum_volume: 1.0000000000000000
maximum_shape: 0.0000001000000000
maximum_dsigma: 0.0100000000000000
mod: 10
pmod: 10
optimize: 1
verbose: 1
snapshot: 0
display: 1
explore: 1
npt: 1
nptxy: 0
nptdxdy: 0
shape: 0
seed: 1408123
-99.783195274226 198.585579520630 0.866025403784 -0.500000000000
105.060316206474 -42.909848058593 0.866025403784 -0.500000000000
88.017612168758 26.833296505629 0.000000000000 1.000000000000
74.493957022062 46.372614512569 0.866025403784 -0.500000000000
-158.650589309784 -250.820198039485 0.866025403784 -0.500000000000
128.102503603715 8.572467703503 0.000000000000 1.000000000000
-196.219246126106 81.233077483919 0.000000000000 1.000000000000
-197.877579371227 -267.279084477836 0.866025403784 -0.500000000000
-34.015588814132 94.220176502728 0.866025403784 0.500000000000
264.153011532996 -81.001423624524 0.866025403784 -0.500000000000
19.936928651420 293.874937633151 0.866025403784 -0.500000000000
-44.027760951967 99.734352390542 0.866025403784 -0.500000000000
115.405249552055 -48.796884775527 0.000000000000 1.000000000000
39.556527654454 107.483172942092 0.866025403784 0.500000000000
-28.942702200043 110.185770265790 0.866025403784 -0.500000000000
-42.950633966326 108.250840681903 0.000000000000 1.000000000000
-22.965137423130 10.396485484207 0.000000000000 1.000000000000
-131.105988494899 -27.721179258679 0.000000000000 1.000000000000
197.311387908233 53.653156740709 0.866025403784 0.500000000000
-28.934989224105 -11.362255842911 0.000000000000 1.000000000000
