#Configurational_file created 2018-09-14 11:37:51  started 2018-09-14 11:37:51 run for 0.0s steps 0
name: p_1236
step: 10000
specie: 20
	particle_diameter: 1.0000000000000000
	interaction_length: 1.2000000000000000
	number_of_patches: 3
	number_of_particles_per_compound: 1
	rod_length: 1.0000000000000000
	interaction_matrix:  1.000000 1.000000 1.000000 1.000000 1.000000 1.000000 1.000000 1.000000 1.000000
	patch_type: symmetric
	patch_width: 8.0000000000000000
	patch_angle: 0.0000000000000000
	angles:  0.000000 0.000000 0.000000
	grand_canonical: 0
	chemical_potential: 0.0000000000000000
box: 8.786423 8.786423
copy: 1.000000 1.000000
epsilon: 0.5000000000000000
end_epsilon: 0.0000000000000000
pressure: 0.8333920000000000
lambda: 0.0000000000000000
lambda_coupling: 1.0000000000000000
uy: 0.0000000000000000
maximum_displacement: 1.0000000000000000
maximum_rotation: 1.0000000000000000
maximum_volume: 0.8629200000000000
maximum_shape: 0.0000001000000000
maximum_dsigma: 0.0100000000000000
mod: 10
pmod: 10
optimize: 1
verbose: 1
snapshot: 0
display: 1
explore: 1
npt: 1
nptxy: 0
nptdxdy: 0
shape: 0
seed: 1408123
-30.141362322366 -119.614844473693 0.000000000000 1.000000000000
32.731698863208 2.336205749746 0.866025403784 0.500000000000
-38.804275346094 -20.525703231532 0.866025403784 0.500000000000
26.174598841146 34.441370551851 0.866025403784 -0.500000000000
9.548252334254 111.164008152783 0.866025403784 -0.500000000000
-16.368454913964 121.929859300086 0.866025403784 0.500000000000
19.131323264764 75.758056580579 0.000000000000 1.000000000000
-45.926160102550 -57.084461979216 0.000000000000 1.000000000000
-89.128428027142 43.602904960890 0.866025403784 -0.500000000000
60.817347871831 1.471656926311 0.000000000000 1.000000000000
-107.565104503136 17.174078851919 0.866025403784 0.500000000000
73.801636433052 3.338673398424 0.000000000000 1.000000000000
-31.151055109159 -27.629837329871 0.866025403784 -0.500000000000
-48.617293720872 -1.671668065997 0.000000000000 1.000000000000
-103.533203102901 114.573465489854 0.866025403784 0.500000000000
-5.897062188381 -99.492216741928 0.866025403784 -0.500000000000
97.245861355755 45.469961472115 0.000000000000 1.000000000000
-123.575304025916 83.401956035912 0.000000000000 1.000000000000
72.377290639775 46.803766658107 0.866025403784 0.500000000000
-63.954583287631 -49.013113381331 0.866025403784 0.500000000000
