#Configurational_file created 2018-09-14 11:37:44  started 2018-09-14 11:37:44 run for 0.0s steps 0
name: p_1227
step: 10000
specie: 20
	particle_diameter: 1.0000000000000000
	interaction_length: 1.2000000000000000
	number_of_patches: 3
	number_of_particles_per_compound: 1
	rod_length: 1.0000000000000000
	interaction_matrix:  1.000000 1.000000 1.000000 1.000000 1.000000 1.000000 1.000000 1.000000 1.000000
	patch_type: symmetric
	patch_width: 8.0000000000000000
	patch_angle: 0.0000000000000000
	angles:  0.000000 0.000000 0.000000
	grand_canonical: 0
	chemical_potential: 0.0000000000000000
box: 21.039528 21.039528
copy: 1.000000 1.000000
epsilon: 0.5000000000000000
end_epsilon: 0.0000000000000000
pressure: 0.0834290000000000
lambda: 0.0000000000000000
lambda_coupling: 1.0000000000000000
uy: 0.0000000000000000
maximum_displacement: 1.0000000000000000
maximum_rotation: 1.0000000000000000
maximum_volume: 1.0000000000000000
maximum_shape: 0.0000001000000000
maximum_dsigma: 0.0100000000000000
mod: 10
pmod: 10
optimize: 1
verbose: 1
snapshot: 0
display: 1
explore: 1
npt: 1
nptxy: 0
nptdxdy: 0
shape: 0
seed: 1397890
223.153914859499 71.500151829828 0.866025403784 -0.500000000000
-82.132679645393 -84.216612679104 0.866025403784 -0.500000000000
82.558680276265 -102.001968079058 0.866025403784 -0.500000000000
-10.485101919531 205.064767119102 0.000000000000 1.000000000000
143.225638125828 58.384579829484 0.000000000000 1.000000000000
49.502186659892 -62.873897075792 0.000000000000 1.000000000000
-128.231273832286 17.481998697402 0.000000000000 1.000000000000
111.197315346273 2.825657014643 0.866025403784 -0.500000000000
1.547559825287 -70.521759676525 0.866025403784 -0.500000000000
-305.973858512823 -37.397486058739 0.866025403784 -0.500000000000
306.083260629313 41.520248135584 0.866025403784 0.500000000000
15.128858564505 -109.575504829551 0.000000000000 1.000000000000
-59.675120595466 57.439888861905 0.866025403784 0.500000000000
30.004487215594 145.369615412173 0.866025403784 -0.500000000000
43.198160177922 -171.882390596923 0.866025403784 -0.500000000000
86.145042615455 145.698779673684 0.000000000000 1.000000000000
226.411321481982 -87.717484177163 0.866025403784 -0.500000000000
35.314634804038 -8.679777850601 0.866025403784 0.500000000000
78.664416626793 216.577042848287 0.866025403784 0.500000000000
29.402403447074 -191.761000565394 0.000000000000 1.000000000000
