#Configurational_file created 2018-09-14 14:00:10  started 2018-09-14 14:00:09 run for 1.0s steps 0
name: p_1202
step: 10000
specie: 20
	particle_diameter: 1.0000000000000000
	interaction_length: 1.2000000000000000
	number_of_patches: 3
	number_of_particles_per_compound: 1
	rod_length: 1.0000000000000000
	interaction_matrix:  1.000000 1.000000 1.000000 1.000000 1.000000 1.000000 1.000000 1.000000 1.000000
	patch_type: symmetric
	patch_width: 8.0000000000000000
	patch_angle: 0.0000000000000000
	angles:  0.000000 0.000000 0.000000
	grand_canonical: 0
	chemical_potential: 0.0000000000000000
box: 48.009264 48.009264
copy: 1.000000 1.000000
epsilon: 0.6896560000000000
end_epsilon: 0.0000000000000000
pressure: 0.0172420000000000
lambda: 0.0000000000000000
lambda_coupling: 1.0000000000000000
uy: 0.0000000000000000
maximum_displacement: 1.0000000000000000
maximum_rotation: 1.0000000000000000
maximum_volume: 1.0000000000000000
maximum_shape: 0.0000001000000000
maximum_dsigma: 0.0100000000000000
mod: 10
pmod: 10
optimize: 1
verbose: 1
snapshot: 0
display: 1
explore: 1
npt: 1
nptxy: 0
nptdxdy: 0
shape: 0
seed: 1369465
-156.706957794822 -390.984135338939 0.866025403784 0.500000000000
117.431173028701 22.938992065671 0.866025403784 0.500000000000
-61.628221089725 167.139614195322 0.866025403784 -0.500000000000
-248.234854246777 21.843387062549 0.866025403784 0.500000000000
42.268668286998 343.498913643802 0.866025403784 -0.500000000000
-72.083932998217 62.230208545401 0.866025403784 -0.500000000000
398.542247872459 667.864972920542 0.866025403784 0.500000000000
247.456972406911 173.872980918951 0.866025403784 -0.500000000000
-65.713344946315 90.733483136656 0.000000000000 1.000000000000
-236.299342181230 41.965276233821 0.866025403784 0.500000000000
-51.482245584949 332.645313441071 0.000000000000 1.000000000000
17.767230703863 267.352787511260 0.000000000000 1.000000000000
133.404485575892 -170.419944337878 0.866025403784 -0.500000000000
-116.356901622076 32.527584549116 0.866025403784 -0.500000000000
-97.085815524605 169.190862893837 0.000000000000 1.000000000000
186.074058060168 131.593273194760 0.866025403784 -0.500000000000
137.367485929672 41.251806935884 0.000000000000 1.000000000000
-218.369216153948 -218.959216228416 0.000000000000 1.000000000000
82.085744733712 -5.441452583205 0.000000000000 1.000000000000
161.638267958434 13.136731529606 0.866025403784 0.500000000000
