#Configurational_file created 2018-09-14 12:04:33  started 2018-09-14 12:04:33 run for 0.0s steps 0
name: p_1207
step: 10000
specie: 20
	particle_diameter: 1.0000000000000000
	interaction_length: 1.2000000000000000
	number_of_patches: 3
	number_of_particles_per_compound: 1
	rod_length: 1.0000000000000000
	interaction_matrix:  1.000000 1.000000 1.000000 1.000000 1.000000 1.000000 1.000000 1.000000 1.000000
	patch_type: symmetric
	patch_width: 8.0000000000000000
	patch_angle: 0.0000000000000000
	angles:  0.000000 0.000000 0.000000
	grand_canonical: 0
	chemical_potential: 0.0000000000000000
box: 56.289147 56.289147
copy: 1.000000 1.000000
epsilon: 0.0479170000000000
end_epsilon: 0.0000000000000000
pressure: 0.0250010000000000
lambda: 0.0000000000000000
lambda_coupling: 1.0000000000000000
uy: 0.0000000000000000
maximum_displacement: 1.0000000000000000
maximum_rotation: 1.0000000000000000
maximum_volume: 1.0000000000000000
maximum_shape: 0.0000001000000000
maximum_dsigma: 0.0100000000000000
mod: 10
pmod: 10
optimize: 1
verbose: 1
snapshot: 0
display: 1
explore: 1
npt: 1
nptxy: 0
nptdxdy: 0
shape: 0
seed: 1375150
38.837439241223 288.726427381996 0.000000000000 1.000000000000
227.733487770287 421.411751383072 0.866025403784 -0.500000000000
310.728527983293 431.528476000107 0.000000000000 1.000000000000
-215.634627097788 -29.019501102908 0.866025403784 -0.500000000000
29.377439442997 147.144890218449 0.866025403784 -0.500000000000
118.033807651725 239.848494634494 0.000000000000 1.000000000000
28.931461162580 -95.508681714534 0.866025403784 -0.500000000000
4.631352442750 -23.001699231786 0.866025403784 0.500000000000
-92.605237772047 309.494962589993 0.000000000000 1.000000000000
32.415054122370 359.144361358797 0.866025403784 -0.500000000000
-43.528743715523 183.594792649647 0.866025403784 -0.500000000000
363.193784580632 137.201594242303 0.866025403784 -0.500000000000
-298.392797098085 342.348783763685 0.000000000000 1.000000000000
142.450491085124 145.218833424256 0.000000000000 1.000000000000
0.658675589557 139.872607812240 0.866025403784 -0.500000000000
-36.125908972105 391.115579084342 0.000000000000 1.000000000000
215.432326624863 26.350564108010 0.866025403784 0.500000000000
5.865863390479 -276.739674033429 0.866025403784 0.500000000000
257.811343760433 245.019876511325 0.866025403784 -0.500000000000
-337.376399232776 -358.952299900506 0.000000000000 1.000000000000
