#Configurational_file created 2018-09-14 12:05:00  started 2018-09-14 12:05:00 run for 0.0s steps 0
name: p_1244
step: 10000
specie: 20
	particle_diameter: 1.0000000000000000
	interaction_length: 1.2000000000000000
	number_of_patches: 3
	number_of_particles_per_compound: 1
	rod_length: 1.0000000000000000
	interaction_matrix:  1.000000 1.000000 1.000000 1.000000 1.000000 1.000000 1.000000 1.000000 1.000000
	patch_type: symmetric
	patch_width: 8.0000000000000000
	patch_angle: 0.0000000000000000
	angles:  0.000000 0.000000 0.000000
	grand_canonical: 0
	chemical_potential: 0.0000000000000000
box: 48.415160 48.415160
copy: 1.000000 1.000000
epsilon: 0.0500000000000000
end_epsilon: 0.0000000000000000
pressure: 0.0750000000000000
lambda: 0.0000000000000000
lambda_coupling: 1.0000000000000000
uy: 0.0000000000000000
maximum_displacement: 1.0000000000000000
maximum_rotation: 1.0000000000000000
maximum_volume: 1.0000000000000000
maximum_shape: 0.0000001000000000
maximum_dsigma: 0.0100000000000000
mod: 10
pmod: 10
optimize: 1
verbose: 1
snapshot: 0
display: 1
explore: 1
npt: 1
nptxy: 0
nptdxdy: 0
shape: 0
seed: 1417219
-122.110668434825 99.461596552273 0.000000000000 1.000000000000
-176.950060329979 -396.849505518145 0.866025403784 -0.500000000000
-46.702042509261 54.453533187808 0.866025403784 0.500000000000
220.576009343555 78.287248216548 0.866025403784 -0.500000000000
38.436201538257 -76.452131420153 0.866025403784 0.500000000000
113.426284557814 134.644172735902 0.866025403784 0.500000000000
2.768078466695 -94.550602730816 0.000000000000 1.000000000000
-13.033876766949 85.775004986201 0.866025403784 0.500000000000
22.378732629213 51.003657137862 0.866025403784 0.500000000000
75.647808505778 159.429262795231 0.000000000000 1.000000000000
-226.064935231054 133.348496670016 0.866025403784 0.500000000000
-240.412902465174 142.146307139841 0.866025403784 0.500000000000
56.994562363337 73.397094535191 0.866025403784 -0.500000000000
310.263585997441 42.164410541436 0.866025403784 -0.500000000000
-49.061923459765 -159.433069177165 0.866025403784 -0.500000000000
136.510862940238 122.693280938546 0.000000000000 1.000000000000
-166.459934852319 -8.501154919950 0.866025403784 0.500000000000
172.708287521477 167.000456433686 0.000000000000 1.000000000000
-199.878406867776 -237.970981320402 0.866025403784 0.500000000000
-519.937345442062 171.280806421622 0.000000000000 1.000000000000
