#Configurational_file created 2018-09-14 12:04:50  started 2018-09-14 12:04:49 run for 1.0s steps 0
name: p_1230
step: 10000
specie: 20
	particle_diameter: 1.0000000000000000
	interaction_length: 1.2000000000000000
	number_of_patches: 3
	number_of_particles_per_compound: 1
	rod_length: 1.0000000000000000
	interaction_matrix:  1.000000 1.000000 1.000000 1.000000 1.000000 1.000000 1.000000 1.000000 1.000000
	patch_type: symmetric
	patch_width: 8.0000000000000000
	patch_angle: 0.0000000000000000
	angles:  0.000000 0.000000 0.000000
	grand_canonical: 0
	chemical_potential: 0.0000000000000000
box: 51.207781 51.207781
copy: 1.000000 1.000000
epsilon: 0.0500000000000000
end_epsilon: 0.0000000000000000
pressure: 0.0166680000000000
lambda: 0.0000000000000000
lambda_coupling: 1.0000000000000000
uy: 0.0000000000000000
maximum_displacement: 1.0000000000000000
maximum_rotation: 1.0000000000000000
maximum_volume: 1.0000000000000000
maximum_shape: 0.0000001000000000
maximum_dsigma: 0.0100000000000000
mod: 10
pmod: 10
optimize: 1
verbose: 1
snapshot: 0
display: 1
explore: 1
npt: 1
nptxy: 0
nptdxdy: 0
shape: 0
seed: 1401301
-258.013751134211 -138.860844605814 0.866025403784 -0.500000000000
81.519608412618 306.680063688053 0.866025403784 0.500000000000
216.931734476564 8.030957115787 0.866025403784 0.500000000000
-184.889782828933 -32.442886093869 0.866025403784 -0.500000000000
355.098561224407 -68.469217681993 0.866025403784 0.500000000000
-37.862560911800 -115.957460446537 0.866025403784 -0.500000000000
112.995754929706 5.072485758533 0.866025403784 0.500000000000
-77.964806539864 91.008073781288 0.866025403784 -0.500000000000
99.271673658047 -11.609242341158 0.866025403784 0.500000000000
127.460585702350 -35.872251812915 0.866025403784 -0.500000000000
-32.679686253265 -27.148220325443 0.866025403784 0.500000000000
195.145829559543 432.346295694746 0.866025403784 -0.500000000000
-206.976318490807 -153.925307330206 0.866025403784 0.500000000000
-183.113222210821 236.438653411628 0.866025403784 -0.500000000000
-151.607713125850 -290.021911642028 0.866025403784 -0.500000000000
-198.356741450088 -16.411995274062 0.866025403784 -0.500000000000
153.208128526252 126.090811332845 0.866025403784 -0.500000000000
327.020180785584 -439.512564652225 0.866025403784 0.500000000000
-201.707711725611 -102.326022083413 0.000000000000 1.000000000000
114.347298778505 -21.574537548464 0.866025403784 -0.500000000000
