#Configurational_file created 2018-09-14 12:04:46  started 2018-09-14 12:04:45 run for 1.0s steps 0
name: p_1224
step: 10000
specie: 20
	particle_diameter: 1.0000000000000000
	interaction_length: 1.2000000000000000
	number_of_patches: 3
	number_of_particles_per_compound: 1
	rod_length: 1.0000000000000000
	interaction_matrix:  1.000000 1.000000 1.000000 1.000000 1.000000 1.000000 1.000000 1.000000 1.000000
	patch_type: symmetric
	patch_width: 8.0000000000000000
	patch_angle: 0.0000000000000000
	angles:  0.000000 0.000000 0.000000
	grand_canonical: 0
	chemical_potential: 0.0000000000000000
box: 44.843898 44.843898
copy: 1.000000 1.000000
epsilon: 0.0479170000000000
end_epsilon: 0.0000000000000000
pressure: 0.0958330000000000
lambda: 0.0000000000000000
lambda_coupling: 1.0000000000000000
uy: 0.0000000000000000
maximum_displacement: 1.0000000000000000
maximum_rotation: 1.0000000000000000
maximum_volume: 1.0000000000000000
maximum_shape: 0.0000001000000000
maximum_dsigma: 0.0100000000000000
mod: 10
pmod: 10
optimize: 1
verbose: 1
snapshot: 0
display: 1
explore: 1
npt: 1
nptxy: 0
nptdxdy: 0
shape: 0
seed: 1394479
-94.811427068946 266.594519658136 0.866025403784 -0.500000000000
38.389173174398 108.711503623792 0.866025403784 0.500000000000
-281.048364377097 217.887079616129 0.000000000000 1.000000000000
-110.896196584382 -99.250319733122 0.866025403784 0.500000000000
74.832534039815 18.731504712006 0.866025403784 0.500000000000
82.843824707282 267.530242646769 0.866025403784 -0.500000000000
8.895794499896 90.105840620714 0.866025403784 -0.500000000000
-310.631097456264 315.896596096520 0.866025403784 0.500000000000
-245.041713155047 170.762615256993 0.866025403784 -0.500000000000
-48.677112207173 74.533491830703 0.866025403784 0.500000000000
246.432939001504 18.671031974633 0.000000000000 1.000000000000
-109.919280722610 221.159703583708 0.866025403784 0.500000000000
-67.100996673324 -40.894096064000 0.866025403784 -0.500000000000
67.039458548262 53.425073150940 0.866025403784 0.500000000000
33.776587298417 53.962258196687 0.000000000000 1.000000000000
83.490263129691 1.928486304025 0.866025403784 0.500000000000
33.353411893898 48.469293830328 0.866025403784 -0.500000000000
43.044517500540 -204.456194670581 0.866025403784 -0.500000000000
108.785828794023 -79.506145292289 0.866025403784 0.500000000000
253.639888290549 346.597438590306 0.000000000000 1.000000000000
