#Configurational_file created 2018-09-14 12:04:30  started 2018-09-14 12:04:30 run for 0.0s steps 0
name: p_1203
step: 10000
specie: 20
	particle_diameter: 1.0000000000000000
	interaction_length: 1.2000000000000000
	number_of_patches: 3
	number_of_particles_per_compound: 1
	rod_length: 1.0000000000000000
	interaction_matrix:  1.000000 1.000000 1.000000 1.000000 1.000000 1.000000 1.000000 1.000000 1.000000
	patch_type: symmetric
	patch_width: 8.0000000000000000
	patch_angle: 0.0000000000000000
	angles:  0.000000 0.000000 0.000000
	grand_canonical: 0
	chemical_potential: 0.0000000000000000
box: 49.259134 49.259134
copy: 1.000000 1.000000
epsilon: 0.0479170000000000
end_epsilon: 0.0000000000000000
pressure: 0.0083340000000000
lambda: 0.0000000000000000
lambda_coupling: 1.0000000000000000
uy: 0.0000000000000000
maximum_displacement: 1.0000000000000000
maximum_rotation: 1.0000000000000000
maximum_volume: 1.0000000000000000
maximum_shape: 0.0000001000000000
maximum_dsigma: 0.0100000000000000
mod: 10
pmod: 10
optimize: 1
verbose: 1
snapshot: 0
display: 1
explore: 1
npt: 1
nptxy: 0
nptdxdy: 0
shape: 0
seed: 1370602
66.890796219603 164.645838719799 0.866025403784 0.500000000000
-142.466866454621 127.225489839308 0.866025403784 -0.500000000000
-63.648657288629 -79.311730517682 0.866025403784 0.500000000000
-99.674403378566 309.384399425517 0.000000000000 1.000000000000
202.234471628011 11.489439369545 0.866025403784 0.500000000000
-183.457408365482 186.519694116402 0.000000000000 1.000000000000
-46.049842396642 10.050749547284 0.000000000000 1.000000000000
124.632878180296 -163.317093556573 0.866025403784 0.500000000000
301.049775197332 42.202941165956 0.866025403784 -0.500000000000
-14.006688410166 -248.463589711657 0.866025403784 -0.500000000000
63.605726619677 377.878577803938 0.866025403784 -0.500000000000
-8.177271830683 24.608519364398 0.866025403784 0.500000000000
143.611881847036 -35.330964683764 0.000000000000 1.000000000000
108.392697315749 167.460993019931 0.866025403784 -0.500000000000
60.203932416867 125.029783147358 0.000000000000 1.000000000000
-40.035931422143 184.592577050204 0.000000000000 1.000000000000
55.616023624467 39.914310803687 0.866025403784 0.500000000000
61.407763015200 135.151808444212 0.000000000000 1.000000000000
-25.449663725143 41.239621029379 0.866025403784 -0.500000000000
-4.224595744667 -150.212236555344 0.000000000000 1.000000000000
