#Configurational_file created 2018-09-14 11:37:23  started 2018-09-14 11:37:22 run for 1.0s steps 0
name: p_1203
step: 10000
specie: 20
	particle_diameter: 1.0000000000000000
	interaction_length: 1.2000000000000000
	number_of_patches: 3
	number_of_particles_per_compound: 1
	rod_length: 1.0000000000000000
	interaction_matrix:  1.000000 1.000000 1.000000 1.000000 1.000000 1.000000 1.000000 1.000000 1.000000
	patch_type: symmetric
	patch_width: 8.0000000000000000
	patch_angle: 0.0000000000000000
	angles:  0.000000 0.000000 0.000000
	grand_canonical: 0
	chemical_potential: 0.0000000000000000
box: 19.595982 19.595982
copy: 1.000000 1.000000
epsilon: 0.4791710000000000
end_epsilon: 0.0000000000000000
pressure: 0.1667580000000000
lambda: 0.0000000000000000
lambda_coupling: 1.0000000000000000
uy: 0.0000000000000000
maximum_displacement: 1.0000000000000000
maximum_rotation: 1.0000000000000000
maximum_volume: 1.0000000000000000
maximum_shape: 0.0000001000000000
maximum_dsigma: 0.0100000000000000
mod: 10
pmod: 10
optimize: 1
verbose: 1
snapshot: 0
display: 1
explore: 1
npt: 1
nptxy: 0
nptdxdy: 0
shape: 0
seed: 1370602
53.326165756240 128.736997727549 0.000000000000 1.000000000000
-54.565663615494 143.970406984017 0.000000000000 1.000000000000
-128.392695486197 5.888657358939 0.866025403784 -0.500000000000
-103.030509512913 248.885768657033 0.000000000000 1.000000000000
91.047829104765 177.177853745001 0.000000000000 1.000000000000
-31.560245374985 53.389459858565 0.000000000000 1.000000000000
52.994455465315 -93.907982363699 0.000000000000 1.000000000000
-36.437460600390 -1.869804081512 0.000000000000 1.000000000000
117.133462219308 198.664272452050 0.866025403784 -0.500000000000
11.125841019688 -117.193680342752 0.866025403784 0.500000000000
-80.937150887494 212.710347064535 0.866025403784 -0.500000000000
-48.003447708906 99.106982074635 0.866025403784 -0.500000000000
-147.737310122862 -171.765178071631 0.866025403784 -0.500000000000
93.827644305204 176.172687072271 0.866025403784 -0.500000000000
-238.377525032278 -103.389339588719 0.000000000000 1.000000000000
-36.522644344578 21.608219128291 0.866025403784 0.500000000000
108.241638554278 84.162742421184 0.000000000000 1.000000000000
87.773177011900 -47.368822148193 0.000000000000 1.000000000000
-263.537279523876 -169.731782298289 0.000000000000 1.000000000000
64.204259092231 62.657424931307 0.000000000000 1.000000000000
