#Configurational_file created 2018-09-14 11:38:01  started 2018-09-14 11:38:00 run for 1.0s steps 0
name: p_1246
step: 10000
specie: 20
	particle_diameter: 1.0000000000000000
	interaction_length: 1.2000000000000000
	number_of_patches: 3
	number_of_particles_per_compound: 1
	rod_length: 1.0000000000000000
	interaction_matrix:  1.000000 1.000000 1.000000 1.000000 1.000000 1.000000 1.000000 1.000000 1.000000
	patch_type: symmetric
	patch_width: 8.0000000000000000
	patch_angle: 0.0000000000000000
	angles:  0.000000 0.000000 0.000000
	grand_canonical: 0
	chemical_potential: 0.0000000000000000
box: 7.286820 7.286820
copy: 1.000000 1.000000
epsilon: 0.5000000000000000
end_epsilon: 0.0000000000000000
pressure: 1.6666829999999999
lambda: 0.0000000000000000
lambda_coupling: 1.0000000000000000
uy: 0.0000000000000000
maximum_displacement: 1.0000000000000000
maximum_rotation: 1.0000000000000000
maximum_volume: 0.3277512838247627
maximum_shape: 0.0000001000000000
maximum_dsigma: 0.0100000000000000
mod: 10
pmod: 10
optimize: 1
verbose: 1
snapshot: 0
display: 1
explore: 1
npt: 1
nptxy: 0
nptdxdy: 0
shape: 0
seed: 1419493
31.728303352749 -69.042714763128 0.000000000000 1.000000000000
33.768665699281 12.893995821827 0.000000000000 1.000000000000
5.968989006266 -8.253043356733 0.866025403784 0.500000000000
51.211469795072 -6.795544385176 0.866025403784 -0.500000000000
-20.191933155690 -22.164879090191 0.000000000000 1.000000000000
-133.901000942292 84.007624512949 0.866025403784 -0.500000000000
-25.489825452452 -4.323636759329 0.000000000000 1.000000000000
-6.041037311260 47.528752657635 0.866025403784 -0.500000000000
-94.531891012777 21.173970213549 0.000000000000 1.000000000000
-10.984723779312 -8.441597248183 0.866025403784 -0.500000000000
-12.651703829765 -54.773551827259 0.866025403784 0.500000000000
-50.468915291109 -6.705758936361 0.000000000000 1.000000000000
59.423563071127 -30.438722210331 0.000000000000 1.000000000000
-65.087133438784 17.005800795559 0.866025403784 -0.500000000000
1.465889367838 82.386501692986 0.866025403784 0.500000000000
20.013347465390 -26.974195170867 0.866025403784 -0.500000000000
60.412514086744 17.364275333742 0.000000000000 1.000000000000
-37.900642724662 -21.456623552537 0.866025403784 0.500000000000
-19.945744090483 -130.007655863100 0.866025403784 0.500000000000
-102.267905429045 7.374600618068 0.866025403784 0.500000000000
