#Configurational_file created 2018-09-14 14:00:32  started 2018-09-14 14:00:31 run for 1.0s steps 0
name: p_1231
step: 10000
specie: 20
	particle_diameter: 1.0000000000000000
	interaction_length: 1.2000000000000000
	number_of_patches: 3
	number_of_particles_per_compound: 1
	rod_length: 1.0000000000000000
	interaction_matrix:  1.000000 1.000000 1.000000 1.000000 1.000000 1.000000 1.000000 1.000000 1.000000
	patch_type: symmetric
	patch_width: 8.0000000000000000
	patch_angle: 0.0000000000000000
	angles:  0.000000 0.000000 0.000000
	grand_canonical: 0
	chemical_potential: 0.0000000000000000
box: 53.380644 53.380644
copy: 1.000000 1.000000
epsilon: 0.7586210000000000
end_epsilon: 0.0000000000000000
pressure: 0.0000010000000000
lambda: 0.0000000000000000
lambda_coupling: 1.0000000000000000
uy: 0.0000000000000000
maximum_displacement: 1.0000000000000000
maximum_rotation: 1.0000000000000000
maximum_volume: 1.0000000000000000
maximum_shape: 0.0000001000000000
maximum_dsigma: 0.0100000000000000
mod: 10
pmod: 10
optimize: 1
verbose: 1
snapshot: 0
display: 1
explore: 1
npt: 1
nptxy: 0
nptdxdy: 0
shape: 0
seed: 1402438
292.973061583967 46.452855252841 0.000000000000 1.000000000000
115.933675230041 -215.203968781682 0.866025403784 -0.500000000000
326.827847015044 -7.166032190005 0.000000000000 1.000000000000
163.293689694980 -104.657563170743 0.000000000000 1.000000000000
-236.253474074358 68.679963414551 0.866025403784 0.500000000000
380.972414030452 91.172753826548 0.000000000000 1.000000000000
187.676471180360 221.093405806892 0.000000000000 1.000000000000
16.641534046733 171.925308880212 0.866025403784 0.500000000000
103.018431386190 -23.461849031953 0.866025403784 -0.500000000000
-79.490887939768 301.040942127204 0.866025403784 -0.500000000000
188.569934134660 10.893059447418 0.866025403784 0.500000000000
-151.177784238900 -86.244161743518 0.866025403784 -0.500000000000
67.360606733887 74.813527554295 0.000000000000 1.000000000000
38.987388064610 248.354118383430 0.866025403784 0.500000000000
95.773766272657 73.483534800934 0.000000000000 1.000000000000
-45.517896563220 -191.414253808388 0.866025403784 0.500000000000
111.244082229523 315.988911510917 0.866025403784 -0.500000000000
64.121190594231 8.275383369944 0.866025403784 -0.500000000000
-318.497275961356 90.313455363827 0.866025403784 0.500000000000
-70.622207899813 -78.191208486160 0.866025403784 -0.500000000000
