#Configurational_file created 2018-09-14 12:04:33  started 2018-09-14 12:04:32 run for 1.0s steps 0
name: p_1206
step: 10000
specie: 20
	particle_diameter: 1.0000000000000000
	interaction_length: 1.2000000000000000
	number_of_patches: 3
	number_of_particles_per_compound: 1
	rod_length: 1.0000000000000000
	interaction_matrix:  1.000000 1.000000 1.000000 1.000000 1.000000 1.000000 1.000000 1.000000 1.000000
	patch_type: symmetric
	patch_width: 8.0000000000000000
	patch_angle: 0.0000000000000000
	angles:  0.000000 0.000000 0.000000
	grand_canonical: 0
	chemical_potential: 0.0000000000000000
box: 52.547400 52.547400
copy: 1.000000 1.000000
epsilon: 0.0479170000000000
end_epsilon: 0.0000000000000000
pressure: 0.0208340000000000
lambda: 0.0000000000000000
lambda_coupling: 1.0000000000000000
uy: 0.0000000000000000
maximum_displacement: 1.0000000000000000
maximum_rotation: 1.0000000000000000
maximum_volume: 1.0000000000000000
maximum_shape: 0.0000001000000000
maximum_dsigma: 0.0100000000000000
mod: 10
pmod: 10
optimize: 1
verbose: 1
snapshot: 0
display: 1
explore: 1
npt: 1
nptxy: 0
nptdxdy: 0
shape: 0
seed: 1374013
127.694599744317 416.799022237829 0.866025403784 -0.500000000000
25.231488046311 34.862528777165 0.866025403784 0.500000000000
-107.893455603235 360.226804433045 0.866025403784 -0.500000000000
99.076970105585 -169.062369285176 0.866025403784 -0.500000000000
28.164686083741 -19.905182162710 0.000000000000 1.000000000000
-183.428746276732 39.817432717949 0.866025403784 -0.500000000000
0.076439522266 -104.831308472752 0.866025403784 -0.500000000000
194.801688917851 278.918559015689 0.866025403784 0.500000000000
-75.262625815661 150.952730167506 0.866025403784 0.500000000000
-43.844137035657 169.405325144681 0.866025403784 -0.500000000000
257.889437794805 335.658247754036 0.000000000000 1.000000000000
-380.245002476306 124.630760375007 0.866025403784 0.500000000000
51.878876414367 -8.793527928956 0.866025403784 -0.500000000000
243.971260009558 121.966535781235 0.866025403784 0.500000000000
59.855483904151 54.750651359569 0.000000000000 1.000000000000
41.926053429538 279.218279215221 0.866025403784 -0.500000000000
292.014610768806 -118.049149446383 0.866025403784 0.500000000000
139.276978178563 410.453455154031 0.000000000000 1.000000000000
224.660312171435 260.863671999410 0.866025403784 -0.500000000000
-327.700489992206 -135.235948135509 0.866025403784 -0.500000000000
