#Configurational_file created 2018-09-14 14:00:19  started 2018-09-14 14:00:18 run for 1.0s steps 0
name: p_1215
step: 10000
specie: 20
	particle_diameter: 1.0000000000000000
	interaction_length: 1.2000000000000000
	number_of_patches: 3
	number_of_particles_per_compound: 1
	rod_length: 1.0000000000000000
	interaction_matrix:  1.000000 1.000000 1.000000 1.000000 1.000000 1.000000 1.000000 1.000000 1.000000
	patch_type: symmetric
	patch_width: 8.0000000000000000
	patch_angle: 0.0000000000000000
	angles:  0.000000 0.000000 0.000000
	grand_canonical: 0
	chemical_potential: 0.0000000000000000
box: 12.545397 12.545397
copy: 1.000000 1.000000
epsilon: 0.6896560000000000
end_epsilon: 0.0000000000000000
pressure: 0.2413800000000000
lambda: 0.0000000000000000
lambda_coupling: 1.0000000000000000
uy: 0.0000000000000000
maximum_displacement: 1.0000000000000000
maximum_rotation: 1.0000000000000000
maximum_volume: 1.0000000000000000
maximum_shape: 0.0000001000000000
maximum_dsigma: 0.0100000000000000
mod: 10
pmod: 10
optimize: 1
verbose: 1
snapshot: 0
display: 1
explore: 1
npt: 1
nptxy: 0
nptdxdy: 0
shape: 0
seed: 1384246
-25.509484635184 2.545246188314 0.866025403784 0.500000000000
-73.612255354407 33.272187836637 0.866025403784 0.500000000000
16.370166135420 198.025413833942 0.866025403784 0.500000000000
-99.037523821654 -195.309600118922 0.000000000000 1.000000000000
-37.736186393479 -29.309119563224 0.866025403784 -0.500000000000
-33.716770105080 91.527776656205 0.000000000000 1.000000000000
44.668242995311 78.510135082964 0.866025403784 0.500000000000
-44.106089347454 45.977433806844 0.866025403784 -0.500000000000
-20.381602303516 -51.999086148251 0.866025403784 -0.500000000000
-15.809232885750 -27.704104065949 0.866025403784 0.500000000000
44.665935789121 69.012436468707 0.866025403784 0.500000000000
-73.336776830546 87.240412993457 0.866025403784 0.500000000000
-67.092917611910 100.769668167092 0.000000000000 1.000000000000
-18.069907418031 -13.531131359657 0.866025403784 -0.500000000000
0.904938657903 47.714644177445 0.866025403784 -0.500000000000
-84.016410871403 157.666520130636 0.866025403784 -0.500000000000
12.528269061428 99.731399074432 0.866025403784 0.500000000000
55.192569374015 -45.922577496234 0.000000000000 1.000000000000
86.203894393390 -12.973139172123 0.000000000000 1.000000000000
-87.159774562304 26.696325129076 0.866025403784 -0.500000000000
