#Configurational_file created 2018-09-14 14:00:31  started 2018-09-14 14:00:30 run for 1.0s steps 0
name: p_1230
step: 10000
specie: 20
	particle_diameter: 1.0000000000000000
	interaction_length: 1.2000000000000000
	number_of_patches: 3
	number_of_particles_per_compound: 1
	rod_length: 1.0000000000000000
	interaction_matrix:  1.000000 1.000000 1.000000 1.000000 1.000000 1.000000 1.000000 1.000000 1.000000
	patch_type: symmetric
	patch_width: 8.0000000000000000
	patch_angle: 0.0000000000000000
	angles:  0.000000 0.000000 0.000000
	grand_canonical: 0
	chemical_potential: 0.0000000000000000
box: 9.132584 9.132584
copy: 1.000000 1.000000
epsilon: 0.6896560000000000
end_epsilon: 0.0000000000000000
pressure: 0.5000000000000000
lambda: 0.0000000000000000
lambda_coupling: 1.0000000000000000
uy: 0.0000000000000000
maximum_displacement: 1.0000000000000000
maximum_rotation: 1.0000000000000000
maximum_volume: 1.0000000000000000
maximum_shape: 0.0000001000000000
maximum_dsigma: 0.0100000000000000
mod: 10
pmod: 10
optimize: 1
verbose: 1
snapshot: 0
display: 1
explore: 1
npt: 1
nptxy: 0
nptdxdy: 0
shape: 0
seed: 1401301
-146.554227182346 -90.550464169498 0.866025403784 -0.500000000000
-48.224813354740 -45.490308608505 0.866025403784 0.500000000000
-5.913617211298 -39.784305874654 0.000000000000 1.000000000000
-8.013560915595 -149.987257781368 0.866025403784 0.500000000000
36.472457744118 -23.195461980958 0.000000000000 1.000000000000
-107.732167469386 -65.894013069988 0.866025403784 -0.500000000000
-8.286024506553 -8.599373808404 0.866025403784 0.500000000000
-43.848348364862 123.952761512190 0.000000000000 1.000000000000
70.534511935846 -46.529120197234 0.000000000000 1.000000000000
81.378491120925 -6.619330290021 0.866025403784 0.500000000000
-39.399420545327 -2.645980082469 0.866025403784 0.500000000000
13.788647046417 111.440461321985 0.866025403784 -0.500000000000
21.655915946892 -128.152685426966 0.000000000000 1.000000000000
-3.925323128312 143.194717280433 0.866025403784 0.500000000000
4.936291306558 -92.288199595400 0.866025403784 -0.500000000000
79.688832622638 -52.318799890602 0.866025403784 -0.500000000000
95.970791941850 -77.424766573837 0.866025403784 -0.500000000000
117.214999610295 -20.247066421729 0.866025403784 0.500000000000
35.687860666468 -105.719645639737 0.866025403784 0.500000000000
49.438085641984 -57.399694996786 0.866025403784 -0.500000000000
