#Configurational_file created 2018-09-14 12:04:59  started 2018-09-14 12:04:58 run for 1.0s steps 0
name: p_1242
step: 10000
specie: 20
	particle_diameter: 1.0000000000000000
	interaction_length: 1.2000000000000000
	number_of_patches: 3
	number_of_particles_per_compound: 1
	rod_length: 1.0000000000000000
	interaction_matrix:  1.000000 1.000000 1.000000 1.000000 1.000000 1.000000 1.000000 1.000000 1.000000
	patch_type: symmetric
	patch_width: 8.0000000000000000
	patch_angle: 0.0000000000000000
	angles:  0.000000 0.000000 0.000000
	grand_canonical: 0
	chemical_potential: 0.0000000000000000
box: 47.569249 47.569249
copy: 1.000000 1.000000
epsilon: 0.0500000000000000
end_epsilon: 0.0000000000000000
pressure: 0.0666670000000000
lambda: 0.0000000000000000
lambda_coupling: 1.0000000000000000
uy: 0.0000000000000000
maximum_displacement: 1.0000000000000000
maximum_rotation: 1.0000000000000000
maximum_volume: 1.0000000000000000
maximum_shape: 0.0000001000000000
maximum_dsigma: 0.0100000000000000
mod: 10
pmod: 10
optimize: 1
verbose: 1
snapshot: 0
display: 1
explore: 1
npt: 1
nptxy: 0
nptdxdy: 0
shape: 0
seed: 1414945
-368.772562385432 177.613821831292 0.866025403784 -0.500000000000
-136.615713880439 -89.373490166884 0.866025403784 0.500000000000
-73.042238285593 -107.033128946289 0.000000000000 1.000000000000
39.297945178112 186.301359477979 0.866025403784 -0.500000000000
436.076075326690 -158.657370693277 0.000000000000 1.000000000000
-88.185084266732 177.100676142276 0.000000000000 1.000000000000
107.182053860499 112.843771439385 0.866025403784 -0.500000000000
-32.085580114850 -149.735299226125 0.866025403784 -0.500000000000
25.000934383327 153.913748748081 0.866025403784 0.500000000000
102.179870649707 -51.417098119438 0.866025403784 -0.500000000000
-146.447777781995 221.551392604906 0.000000000000 1.000000000000
77.505867433217 -269.295148305498 0.000000000000 1.000000000000
70.055366379561 -271.029834282599 0.866025403784 -0.500000000000
-21.993399045119 -86.987592111314 0.866025403784 0.500000000000
-111.087544692472 -91.169437198576 0.000000000000 1.000000000000
226.987908218625 -118.915946316681 0.866025403784 0.500000000000
254.627044025946 -69.375639066567 0.866025403784 -0.500000000000
-143.771703416250 385.119815577260 0.866025403784 -0.500000000000
13.501043358811 -282.561085519035 0.866025403784 -0.500000000000
-26.233210739053 -91.542254559802 0.000000000000 1.000000000000
