#Configurational_file created 2018-09-14 12:04:32  started 2018-09-14 12:04:31 run for 1.0s steps 0
name: p_1205
step: 10000
specie: 20
	particle_diameter: 1.0000000000000000
	interaction_length: 1.2000000000000000
	number_of_patches: 3
	number_of_particles_per_compound: 1
	rod_length: 1.0000000000000000
	interaction_matrix:  1.000000 1.000000 1.000000 1.000000 1.000000 1.000000 1.000000 1.000000 1.000000
	patch_type: symmetric
	patch_width: 8.0000000000000000
	patch_angle: 0.0000000000000000
	angles:  0.000000 0.000000 0.000000
	grand_canonical: 0
	chemical_potential: 0.0000000000000000
box: 51.951173 51.951173
copy: 1.000000 1.000000
epsilon: 0.0479170000000000
end_epsilon: 0.0000000000000000
pressure: 0.0166680000000000
lambda: 0.0000000000000000
lambda_coupling: 1.0000000000000000
uy: 0.0000000000000000
maximum_displacement: 1.0000000000000000
maximum_rotation: 1.0000000000000000
maximum_volume: 1.0000000000000000
maximum_shape: 0.0000001000000000
maximum_dsigma: 0.0100000000000000
mod: 10
pmod: 10
optimize: 1
verbose: 1
snapshot: 0
display: 1
explore: 1
npt: 1
nptxy: 0
nptdxdy: 0
shape: 0
seed: 1372876
133.279443697852 87.880782589182 0.866025403784 0.500000000000
23.185504323590 -17.868671854533 0.866025403784 0.500000000000
87.009567448505 41.342337083803 0.866025403784 -0.500000000000
133.459999776171 -311.037677116969 0.866025403784 0.500000000000
-357.057937346825 27.301269602746 0.866025403784 -0.500000000000
-69.409787817779 599.369754330512 0.000000000000 1.000000000000
20.184497492427 19.803763679201 0.000000000000 1.000000000000
-18.322592922095 194.145709156541 0.866025403784 0.500000000000
-9.228043644276 -122.209388272477 0.000000000000 1.000000000000
-135.618275594561 17.525778831877 0.866025403784 0.500000000000
22.932610912834 114.743702247287 0.866025403784 -0.500000000000
120.834850810547 341.376355805377 0.866025403784 -0.500000000000
29.648195580977 93.053658737118 0.000000000000 1.000000000000
93.477680055838 -57.577880704103 0.000000000000 1.000000000000
266.995188382346 -8.494094854798 0.866025403784 -0.500000000000
-4.501338124488 -60.333292066998 0.866025403784 -0.500000000000
-278.393110346726 -285.584489488517 0.000000000000 1.000000000000
-19.274122179691 46.606815200612 0.866025403784 0.500000000000
-77.301004954239 -240.847711579909 0.866025403784 -0.500000000000
55.152110430415 390.887718625924 0.000000000000 1.000000000000
