#Configurational_file created 2018-09-14 14:00:23  started 2018-09-14 14:00:23 run for 0.0s steps 0
name: p_1221
step: 10000
specie: 20
	particle_diameter: 1.0000000000000000
	interaction_length: 1.2000000000000000
	number_of_patches: 3
	number_of_particles_per_compound: 1
	rod_length: 1.0000000000000000
	interaction_matrix:  1.000000 1.000000 1.000000 1.000000 1.000000 1.000000 1.000000 1.000000 1.000000
	patch_type: symmetric
	patch_width: 8.0000000000000000
	patch_angle: 0.0000000000000000
	angles:  0.000000 0.000000 0.000000
	grand_canonical: 0
	chemical_potential: 0.0000000000000000
box: 10.217505 10.217505
copy: 1.000000 1.000000
epsilon: 0.6896560000000000
end_epsilon: 0.0000000000000000
pressure: 0.3448280000000000
lambda: 0.0000000000000000
lambda_coupling: 1.0000000000000000
uy: 0.0000000000000000
maximum_displacement: 1.0000000000000000
maximum_rotation: 1.0000000000000000
maximum_volume: 1.0000000000000000
maximum_shape: 0.0000001000000000
maximum_dsigma: 0.0100000000000000
mod: 10
pmod: 10
optimize: 1
verbose: 1
snapshot: 0
display: 1
explore: 1
npt: 1
nptxy: 0
nptdxdy: 0
shape: 0
seed: 1391068
85.036073771083 97.157698090116 0.000000000000 1.000000000000
127.889021477769 -162.848432398288 0.866025403784 -0.500000000000
123.176542621994 90.621731006429 0.866025403784 -0.500000000000
-27.395789236257 73.009214978035 0.866025403784 0.500000000000
59.323563774970 104.815868865567 0.866025403784 -0.500000000000
-2.184679154970 -63.944438135095 0.866025403784 0.500000000000
52.787398465436 27.130624884875 0.000000000000 1.000000000000
52.636420266730 52.009286706701 0.000000000000 1.000000000000
-141.952200133827 4.581878888844 0.866025403784 -0.500000000000
-120.595320700606 9.035256254198 0.866025403784 -0.500000000000
67.813536614685 20.134098045304 0.866025403784 0.500000000000
61.620134044588 -120.113759579823 0.000000000000 1.000000000000
-95.559173290064 123.793936593133 0.866025403784 0.500000000000
-126.838082247018 -16.553809898992 0.000000000000 1.000000000000
-41.123123911027 -50.330864834453 0.866025403784 0.500000000000
16.976862050634 120.653362664573 0.866025403784 -0.500000000000
92.091187229805 -27.448237904999 0.866025403784 -0.500000000000
-34.521978009883 -44.908055066627 0.866025403784 -0.500000000000
-64.440291595477 66.688391635682 0.866025403784 -0.500000000000
114.596493497650 14.585744258950 0.866025403784 -0.500000000000
