#Configurational_file created 2018-09-14 12:04:49  started 2018-09-14 12:04:49 run for 0.0s steps 0
name: p_1229
step: 10000
specie: 20
	particle_diameter: 1.0000000000000000
	interaction_length: 1.2000000000000000
	number_of_patches: 3
	number_of_particles_per_compound: 1
	rod_length: 1.0000000000000000
	interaction_matrix:  1.000000 1.000000 1.000000 1.000000 1.000000 1.000000 1.000000 1.000000 1.000000
	patch_type: symmetric
	patch_width: 8.0000000000000000
	patch_angle: 0.0000000000000000
	angles:  0.000000 0.000000 0.000000
	grand_canonical: 0
	chemical_potential: 0.0000000000000000
box: 49.451327 49.451327
copy: 1.000000 1.000000
epsilon: 0.0500000000000000
end_epsilon: 0.0000000000000000
pressure: 0.0125010000000000
lambda: 0.0000000000000000
lambda_coupling: 1.0000000000000000
uy: 0.0000000000000000
maximum_displacement: 1.0000000000000000
maximum_rotation: 1.0000000000000000
maximum_volume: 1.0000000000000000
maximum_shape: 0.0000001000000000
maximum_dsigma: 0.0100000000000000
mod: 10
pmod: 10
optimize: 1
verbose: 1
snapshot: 0
display: 1
explore: 1
npt: 1
nptxy: 0
nptdxdy: 0
shape: 0
seed: 1400164
108.049696595331 63.914882225690 0.000000000000 1.000000000000
98.737109937894 -2.625848512312 0.000000000000 1.000000000000
-55.261648839300 -80.479729366309 0.000000000000 1.000000000000
16.093200438654 -9.463814591482 0.866025403784 -0.500000000000
19.049008891897 352.686853564942 0.866025403784 -0.500000000000
249.673399229302 -73.058772095889 0.866025403784 0.500000000000
-59.194740663860 -46.902495415594 0.866025403784 -0.500000000000
-56.770650399367 31.480056630175 0.000000000000 1.000000000000
-180.663869004486 55.801854905089 0.866025403784 -0.500000000000
75.688288589834 -162.875450889928 0.000000000000 1.000000000000
62.304422155933 634.765863586743 0.000000000000 1.000000000000
-38.360706355147 22.940661439006 0.866025403784 0.500000000000
-60.451883736832 325.570278843800 0.866025403784 -0.500000000000
-30.866729702329 360.240833440739 0.866025403784 0.500000000000
-33.444799779610 65.191451901336 0.866025403784 0.500000000000
20.060776854680 198.082667294516 0.866025403784 0.500000000000
240.885261145050 -157.584116587464 0.866025403784 0.500000000000
82.630867205164 24.810413860786 0.866025403784 0.500000000000
6.508454336549 353.449844890227 0.000000000000 1.000000000000
-89.811017644256 -0.936160354466 0.866025403784 -0.500000000000
