#Configurational_file created 2018-09-14 14:00:34  started 2018-09-14 14:00:34 run for 0.0s steps 0
name: p_1235
step: 10000
specie: 20
	particle_diameter: 1.0000000000000000
	interaction_length: 1.2000000000000000
	number_of_patches: 3
	number_of_particles_per_compound: 1
	rod_length: 1.0000000000000000
	interaction_matrix:  1.000000 1.000000 1.000000 1.000000 1.000000 1.000000 1.000000 1.000000 1.000000
	patch_type: symmetric
	patch_width: 8.0000000000000000
	patch_angle: 0.0000000000000000
	angles:  0.000000 0.000000 0.000000
	grand_canonical: 0
	chemical_potential: 0.0000000000000000
box: 19.546614 19.546614
copy: 1.000000 1.000000
epsilon: 0.7586210000000000
end_epsilon: 0.0000000000000000
pressure: 0.0689660000000000
lambda: 0.0000000000000000
lambda_coupling: 1.0000000000000000
uy: 0.0000000000000000
maximum_displacement: 1.0000000000000000
maximum_rotation: 1.0000000000000000
maximum_volume: 1.0000000000000000
maximum_shape: 0.0000001000000000
maximum_dsigma: 0.0100000000000000
mod: 10
pmod: 10
optimize: 1
verbose: 1
snapshot: 0
display: 1
explore: 1
npt: 1
nptxy: 0
nptdxdy: 0
shape: 0
seed: 1406986
-140.157898170151 -70.473146206102 0.000000000000 1.000000000000
176.363929304903 9.128282773329 0.866025403784 0.500000000000
-19.661097540135 113.604612046023 0.000000000000 1.000000000000
207.516678436067 91.693900606893 0.866025403784 -0.500000000000
22.950488026096 30.455120347854 0.866025403784 0.500000000000
-77.832492050878 -93.950865695833 0.866025403784 0.500000000000
105.910464088646 11.684610042502 0.866025403784 0.500000000000
7.600227355127 -114.096631449846 0.866025403784 0.500000000000
17.163813297650 23.952469959603 0.866025403784 -0.500000000000
42.621526164842 -27.619148819981 0.866025403784 -0.500000000000
47.207185707205 41.612634807829 0.000000000000 1.000000000000
-7.752443569232 -262.815562944816 0.866025403784 0.500000000000
169.273658394201 -173.602567404060 0.866025403784 0.500000000000
-46.672360051198 40.500897601434 0.866025403784 -0.500000000000
-57.406762494024 17.712218952728 0.000000000000 1.000000000000
-44.107861657347 -150.501499646062 0.866025403784 -0.500000000000
-32.961717699163 9.778513285042 0.000000000000 1.000000000000
23.947562111445 -79.873642028945 0.000000000000 1.000000000000
67.724910453191 -154.102228314803 0.000000000000 1.000000000000
2.202582340204 8.937810262113 0.000000000000 1.000000000000
