#Configurational_file created 2018-09-14 11:37:57  started 2018-09-14 11:37:56 run for 1.0s steps 0
name: p_1242
step: 10000
specie: 20
	particle_diameter: 1.0000000000000000
	interaction_length: 1.2000000000000000
	number_of_patches: 3
	number_of_particles_per_compound: 1
	rod_length: 1.0000000000000000
	interaction_matrix:  1.000000 1.000000 1.000000 1.000000 1.000000 1.000000 1.000000 1.000000 1.000000
	patch_type: symmetric
	patch_width: 8.0000000000000000
	patch_angle: 0.0000000000000000
	angles:  0.000000 0.000000 0.000000
	grand_canonical: 0
	chemical_potential: 0.0000000000000000
box: 7.880386 7.880386
copy: 1.000000 1.000000
epsilon: 0.5000000000000000
end_epsilon: 0.0000000000000000
pressure: 1.3333670000000000
lambda: 0.0000000000000000
lambda_coupling: 1.0000000000000000
uy: 0.0000000000000000
maximum_displacement: 1.0000000000000000
maximum_rotation: 1.0000000000000000
maximum_volume: 0.5312467417820580
maximum_shape: 0.0000001000000000
maximum_dsigma: 0.0100000000000000
mod: 10
pmod: 10
optimize: 1
verbose: 1
snapshot: 0
display: 1
explore: 1
npt: 1
nptxy: 0
nptdxdy: 0
shape: 0
seed: 1414945
-183.888229370951 -79.492739859710 0.000000000000 1.000000000000
27.659080577853 -96.808466069502 0.000000000000 1.000000000000
-6.880231780235 117.774106322285 0.000000000000 1.000000000000
-18.523700503589 9.937881813183 0.000000000000 1.000000000000
75.973163868671 15.836233487629 0.866025403784 -0.500000000000
92.430837765660 -46.067422213869 0.000000000000 1.000000000000
-13.599854664374 116.090066655273 0.866025403784 -0.500000000000
-107.741577908778 -41.723769787158 0.000000000000 1.000000000000
-41.860848675594 -44.162364802568 0.866025403784 0.500000000000
49.702558008217 -32.032888968841 0.000000000000 1.000000000000
31.523949046167 6.967482159209 0.866025403784 0.500000000000
113.083230858203 48.072599010916 0.866025403784 -0.500000000000
-0.204742622370 -78.338095150479 0.866025403784 0.500000000000
6.158976884942 -27.461460456297 0.866025403784 -0.500000000000
-59.085322935772 168.633271351276 0.866025403784 0.500000000000
102.220304625580 -42.465968029310 0.866025403784 0.500000000000
-16.074499945567 25.407799707929 0.000000000000 1.000000000000
-32.978105978034 -60.129322907862 0.866025403784 -0.500000000000
-7.647607383876 -57.269511302448 0.000000000000 1.000000000000
63.344708775719 91.236278542060 0.000000000000 1.000000000000
