#Configurational_file created 2018-09-14 11:37:24  started 2018-09-14 11:37:24 run for 0.0s steps 0
name: p_1205
step: 10000
specie: 20
	particle_diameter: 1.0000000000000000
	interaction_length: 1.2000000000000000
	number_of_patches: 3
	number_of_particles_per_compound: 1
	rod_length: 1.0000000000000000
	interaction_matrix:  1.000000 1.000000 1.000000 1.000000 1.000000 1.000000 1.000000 1.000000 1.000000
	patch_type: symmetric
	patch_width: 8.0000000000000000
	patch_angle: 0.0000000000000000
	angles:  0.000000 0.000000 0.000000
	grand_canonical: 0
	chemical_potential: 0.0000000000000000
box: 13.419328 13.419328
copy: 1.000000 1.000000
epsilon: 0.4791710000000000
end_epsilon: 0.0000000000000000
pressure: 0.3334170000000000
lambda: 0.0000000000000000
lambda_coupling: 1.0000000000000000
uy: 0.0000000000000000
maximum_displacement: 1.0000000000000000
maximum_rotation: 1.0000000000000000
maximum_volume: 1.0000000000000000
maximum_shape: 0.0000001000000000
maximum_dsigma: 0.0100000000000000
mod: 10
pmod: 10
optimize: 1
verbose: 1
snapshot: 0
display: 1
explore: 1
npt: 1
nptxy: 0
nptdxdy: 0
shape: 0
seed: 1372876
-77.122966912342 -70.256209181989 0.866025403784 0.500000000000
-39.939743306221 -5.162205865923 0.866025403784 -0.500000000000
-122.631760887173 -85.912534292778 0.000000000000 1.000000000000
-60.159624569657 -77.360220726163 0.866025403784 -0.500000000000
-18.180097165645 -99.177622510907 0.000000000000 1.000000000000
-32.365171369043 38.514310841676 0.866025403784 0.500000000000
-21.736616265224 -19.375696866895 0.866025403784 -0.500000000000
19.017696410530 -43.427369632018 0.866025403784 0.500000000000
67.235167928674 82.133929785961 0.866025403784 -0.500000000000
-52.209530808241 22.662047838036 0.866025403784 0.500000000000
59.235229204430 139.562069138551 0.000000000000 1.000000000000
-61.930367052366 -54.651835464954 0.866025403784 0.500000000000
-26.820220002467 5.485691917136 0.000000000000 1.000000000000
-193.858910084735 22.458357355574 0.866025403784 0.500000000000
69.650507727077 -77.860751191738 0.000000000000 1.000000000000
-42.500890374948 -119.765461142181 0.866025403784 -0.500000000000
43.737648030544 7.037598305714 0.000000000000 1.000000000000
36.236654091790 -101.219397391268 0.866025403784 0.500000000000
-2.231252180568 -82.052150191059 0.866025403784 0.500000000000
75.305660139505 -22.543235480821 0.866025403784 0.500000000000
