#Configurational_file created 2018-09-14 11:37:32  started 2018-09-14 11:37:31 run for 1.0s steps 0
name: p_1214
step: 10000
specie: 20
	particle_diameter: 1.0000000000000000
	interaction_length: 1.2000000000000000
	number_of_patches: 3
	number_of_particles_per_compound: 1
	rod_length: 1.0000000000000000
	interaction_matrix:  1.000000 1.000000 1.000000 1.000000 1.000000 1.000000 1.000000 1.000000 1.000000
	patch_type: symmetric
	patch_width: 8.0000000000000000
	patch_angle: 0.0000000000000000
	angles:  0.000000 0.000000 0.000000
	grand_canonical: 0
	chemical_potential: 0.0000000000000000
box: 9.093233 9.093233
copy: 1.000000 1.000000
epsilon: 0.4791710000000000
end_epsilon: 0.0000000000000000
pressure: 1.0833790000000001
lambda: 0.0000000000000000
lambda_coupling: 1.0000000000000000
uy: 0.0000000000000000
maximum_displacement: 1.0000000000000000
maximum_rotation: 1.0000000000000000
maximum_volume: 0.5707441515735727
maximum_shape: 0.0000001000000000
maximum_dsigma: 0.0100000000000000
mod: 10
pmod: 10
optimize: 1
verbose: 1
snapshot: 0
display: 1
explore: 1
npt: 1
nptxy: 0
nptdxdy: 0
shape: 0
seed: 1383109
54.789004085296 -56.851055348335 0.000000000000 1.000000000000
-52.660784833590 112.501453289736 0.866025403784 0.500000000000
-2.108681325284 102.068166376717 0.866025403784 -0.500000000000
93.596293583013 90.271786299935 0.000000000000 1.000000000000
-169.637173435221 -49.275236724412 0.866025403784 -0.500000000000
-71.215232847381 159.802766373539 0.000000000000 1.000000000000
116.328190118393 197.411754755409 0.000000000000 1.000000000000
14.293248798616 98.515855619559 0.866025403784 -0.500000000000
12.529120540090 -4.858478680880 0.866025403784 -0.500000000000
-41.525678635684 -44.878195497531 0.866025403784 -0.500000000000
16.370115080133 61.543951618518 0.866025403784 -0.500000000000
83.758844496777 -172.235858206218 0.866025403784 0.500000000000
58.998361310779 8.891383119944 0.866025403784 0.500000000000
-44.974357935470 107.767014454573 0.866025403784 -0.500000000000
24.614482629840 -14.863443551448 0.866025403784 -0.500000000000
53.718490626459 -24.918832740957 0.866025403784 0.500000000000
-36.433353108046 -136.335320986130 0.866025403784 0.500000000000
68.961880311799 29.651859724710 0.866025403784 -0.500000000000
72.924658072972 -51.602191880930 0.866025403784 -0.500000000000
32.332614651640 78.123857001885 0.866025403784 -0.500000000000
