#Configurational_file created 2018-09-14 14:00:44  started 2018-09-14 14:00:43 run for 1.0s steps 0
name: p_1248
step: 10000
specie: 20
	particle_diameter: 1.0000000000000000
	interaction_length: 1.2000000000000000
	number_of_patches: 3
	number_of_particles_per_compound: 1
	rod_length: 1.0000000000000000
	interaction_matrix:  1.000000 1.000000 1.000000 1.000000 1.000000 1.000000 1.000000 1.000000 1.000000
	patch_type: symmetric
	patch_width: 8.0000000000000000
	patch_angle: 0.0000000000000000
	angles:  0.000000 0.000000 0.000000
	grand_canonical: 0
	chemical_potential: 0.0000000000000000
box: 10.232002 10.232002
copy: 1.000000 1.000000
epsilon: 0.7586210000000000
end_epsilon: 0.0000000000000000
pressure: 0.2931040000000000
lambda: 0.0000000000000000
lambda_coupling: 1.0000000000000000
uy: 0.0000000000000000
maximum_displacement: 1.0000000000000000
maximum_rotation: 1.0000000000000000
maximum_volume: 1.0000000000000000
maximum_shape: 0.0000001000000000
maximum_dsigma: 0.0100000000000000
mod: 10
pmod: 10
optimize: 1
verbose: 1
snapshot: 0
display: 1
explore: 1
npt: 1
nptxy: 0
nptdxdy: 0
shape: 0
seed: 1421767
23.997021483178 -75.327019901708 0.866025403784 0.500000000000
19.576388665010 -47.136148713817 0.866025403784 0.500000000000
39.828539202751 -154.511124143562 0.866025403784 -0.500000000000
7.993874020235 26.073229384671 0.866025403784 0.500000000000
-15.303342948293 -37.697427723817 0.000000000000 1.000000000000
122.750490979986 -43.238342368116 0.866025403784 0.500000000000
43.800756760327 -9.949121069460 0.866025403784 -0.500000000000
-28.250546679481 -27.061790761049 0.866025403784 0.500000000000
-121.398369004772 16.111440983545 0.000000000000 1.000000000000
-41.109288794983 20.233097960222 0.866025403784 -0.500000000000
55.014354178963 81.132861130286 0.866025403784 0.500000000000
-102.974871924270 1.211452759055 0.866025403784 0.500000000000
16.331749797369 -51.317905411445 0.866025403784 -0.500000000000
-20.315059108903 13.062229320785 0.866025403784 0.500000000000
-68.101315584805 -87.978326132899 0.866025403784 -0.500000000000
88.606590764835 -9.532848512463 0.000000000000 1.000000000000
79.396673745926 -23.914813350370 0.866025403784 0.500000000000
13.461650519221 -49.754122618094 0.866025403784 -0.500000000000
1.060436267352 -12.976117961518 0.866025403784 -0.500000000000
-132.702300814033 -97.350822189410 0.866025403784 0.500000000000
