#Configurational_file created 2018-09-14 14:00:33  started 2018-09-14 14:00:32 run for 1.0s steps 0
name: p_1233
step: 10000
specie: 20
	particle_diameter: 1.0000000000000000
	interaction_length: 1.2000000000000000
	number_of_patches: 3
	number_of_particles_per_compound: 1
	rod_length: 1.0000000000000000
	interaction_matrix:  1.000000 1.000000 1.000000 1.000000 1.000000 1.000000 1.000000 1.000000 1.000000
	patch_type: symmetric
	patch_width: 8.0000000000000000
	patch_angle: 0.0000000000000000
	angles:  0.000000 0.000000 0.000000
	grand_canonical: 0
	chemical_potential: 0.0000000000000000
box: 30.006065 30.006065
copy: 1.000000 1.000000
epsilon: 0.7586210000000000
end_epsilon: 0.0000000000000000
pressure: 0.0344840000000000
lambda: 0.0000000000000000
lambda_coupling: 1.0000000000000000
uy: 0.0000000000000000
maximum_displacement: 1.0000000000000000
maximum_rotation: 1.0000000000000000
maximum_volume: 1.0000000000000000
maximum_shape: 0.0000001000000000
maximum_dsigma: 0.0100000000000000
mod: 10
pmod: 10
optimize: 1
verbose: 1
snapshot: 0
display: 1
explore: 1
npt: 1
nptxy: 0
nptdxdy: 0
shape: 0
seed: 1404712
-104.820470939263 -194.259548935421 0.866025403784 -0.500000000000
151.453722407305 75.654017842080 0.866025403784 -0.500000000000
-341.778587205058 3.302448876910 0.866025403784 0.500000000000
56.924427550195 163.741300992032 0.866025403784 0.500000000000
50.504238770834 131.680685725743 0.866025403784 0.500000000000
-169.272860370852 6.241874055009 0.866025403784 -0.500000000000
-40.618920132580 70.299457545169 0.866025403784 -0.500000000000
-238.203121573849 159.927307029531 0.000000000000 1.000000000000
49.139613100689 260.838483677183 0.000000000000 1.000000000000
-164.894201744737 49.926697418018 0.866025403784 0.500000000000
10.990633982022 226.886897111803 0.866025403784 0.500000000000
178.348810016661 83.823490694221 0.866025403784 0.500000000000
182.965187698695 -83.933882694757 0.000000000000 1.000000000000
64.387863371678 -101.250271083764 0.000000000000 1.000000000000
86.204184117618 -117.284142203361 0.866025403784 0.500000000000
154.893511554963 264.128109181517 0.866025403784 0.500000000000
5.794388208332 -71.536560464211 0.866025403784 -0.500000000000
-209.092076627151 0.482070940713 0.866025403784 0.500000000000
-58.354813960373 -85.523783371020 0.866025403784 0.500000000000
-24.348267484648 -18.325256885236 0.866025403784 -0.500000000000
