#Configurational_file created 2018-09-14 11:37:36  started 2018-09-14 11:37:35 run for 1.0s steps 0
name: p_1218
step: 10000
specie: 20
	particle_diameter: 1.0000000000000000
	interaction_length: 1.2000000000000000
	number_of_patches: 3
	number_of_particles_per_compound: 1
	rod_length: 1.0000000000000000
	interaction_matrix:  1.000000 1.000000 1.000000 1.000000 1.000000 1.000000 1.000000 1.000000 1.000000
	patch_type: symmetric
	patch_width: 8.0000000000000000
	patch_angle: 0.0000000000000000
	angles:  0.000000 0.000000 0.000000
	grand_canonical: 0
	chemical_potential: 0.0000000000000000
box: 7.775883 7.775883
copy: 1.000000 1.000000
epsilon: 0.4791710000000000
end_epsilon: 0.0000000000000000
pressure: 1.4166960000000000
lambda: 0.0000000000000000
lambda_coupling: 1.0000000000000000
uy: 0.0000000000000000
maximum_displacement: 1.0000000000000000
maximum_rotation: 1.0000000000000000
maximum_volume: 0.4470512838736636
maximum_shape: 0.0000001000000000
maximum_dsigma: 0.0100000000000000
mod: 10
pmod: 10
optimize: 1
verbose: 1
snapshot: 0
display: 1
explore: 1
npt: 1
nptxy: 0
nptdxdy: 0
shape: 0
seed: 1387657
-8.681907764779 98.804326976133 0.866025403784 -0.500000000000
70.580274393658 12.199527230725 0.866025403784 -0.500000000000
-20.473913040229 54.523636964790 0.866025403784 0.500000000000
22.383531850714 -19.340695987081 0.000000000000 1.000000000000
-18.432560091899 30.895085088395 0.866025403784 0.500000000000
33.034929736077 -45.011334641932 0.866025403784 -0.500000000000
22.032244275660 10.571416534859 0.000000000000 1.000000000000
67.873105126115 42.923552364868 0.000000000000 1.000000000000
-66.953232693289 65.149170797008 0.866025403784 0.500000000000
50.123291943590 38.151804279229 0.866025403784 0.500000000000
-115.833458813855 10.380314757847 0.866025403784 -0.500000000000
79.893449835701 145.433252861152 0.000000000000 1.000000000000
13.355945247584 118.136092163089 0.866025403784 -0.500000000000
-65.358492313218 -21.741393705892 0.866025403784 0.500000000000
-72.519573169317 -88.161599495525 0.866025403784 -0.500000000000
-11.704565808576 -18.533802388265 0.866025403784 -0.500000000000
-91.025248243783 17.244939437790 0.000000000000 1.000000000000
-18.658586329051 97.233216678231 0.866025403784 -0.500000000000
32.849972330075 70.488836824334 0.866025403784 -0.500000000000
-91.305569639561 -8.874298406863 0.000000000000 1.000000000000
