#Configurational_file created 2018-09-14 12:04:57  started 2018-09-14 12:04:56 run for 1.0s steps 0
name: p_1239
step: 10000
specie: 20
	particle_diameter: 1.0000000000000000
	interaction_length: 1.2000000000000000
	number_of_patches: 3
	number_of_particles_per_compound: 1
	rod_length: 1.0000000000000000
	interaction_matrix:  1.000000 1.000000 1.000000 1.000000 1.000000 1.000000 1.000000 1.000000 1.000000
	patch_type: symmetric
	patch_width: 8.0000000000000000
	patch_angle: 0.0000000000000000
	angles:  0.000000 0.000000 0.000000
	grand_canonical: 0
	chemical_potential: 0.0000000000000000
box: 48.662612 48.662612
copy: 1.000000 1.000000
epsilon: 0.0500000000000000
end_epsilon: 0.0000000000000000
pressure: 0.0541670000000000
lambda: 0.0000000000000000
lambda_coupling: 1.0000000000000000
uy: 0.0000000000000000
maximum_displacement: 1.0000000000000000
maximum_rotation: 1.0000000000000000
maximum_volume: 1.0000000000000000
maximum_shape: 0.0000001000000000
maximum_dsigma: 0.0100000000000000
mod: 10
pmod: 10
optimize: 1
verbose: 1
snapshot: 0
display: 1
explore: 1
npt: 1
nptxy: 0
nptdxdy: 0
shape: 0
seed: 1411534
-127.225434260166 345.177977116328 0.866025403784 0.500000000000
122.112895218702 199.960181631143 0.000000000000 1.000000000000
11.539677075654 39.920543083979 0.866025403784 -0.500000000000
340.989873438627 90.577759987613 0.866025403784 -0.500000000000
-390.409511007375 -60.039147544777 0.866025403784 0.500000000000
108.765942805201 -184.233880222763 0.866025403784 -0.500000000000
208.453202784039 -61.100312877232 0.866025403784 0.500000000000
202.405813292829 -332.327879457111 0.866025403784 -0.500000000000
-138.300483207344 65.389948143261 0.866025403784 -0.500000000000
42.100456653236 222.404658317661 0.866025403784 0.500000000000
-319.784842780256 -121.598990062151 0.866025403784 -0.500000000000
78.801649382637 108.038668719919 0.866025403784 0.500000000000
-9.469877891195 -93.759227900099 0.866025403784 0.500000000000
20.571036276919 -77.461808432074 0.866025403784 -0.500000000000
180.010472457472 -428.194618553750 0.866025403784 -0.500000000000
96.053623141295 220.290014142359 0.000000000000 1.000000000000
486.601733915021 143.018083938188 0.866025403784 0.500000000000
43.790139646091 325.774491030800 0.866025403784 0.500000000000
169.075666293553 180.394821633263 0.866025403784 0.500000000000
247.538563250187 -209.859316643296 0.866025403784 0.500000000000
