#Configurational_file created 2018-09-14 14:00:23  started 2018-09-14 14:00:22 run for 1.0s steps 0
name: p_1220
step: 10000
specie: 20
	particle_diameter: 1.0000000000000000
	interaction_length: 1.2000000000000000
	number_of_patches: 3
	number_of_particles_per_compound: 1
	rod_length: 1.0000000000000000
	interaction_matrix:  1.000000 1.000000 1.000000 1.000000 1.000000 1.000000 1.000000 1.000000 1.000000
	patch_type: symmetric
	patch_width: 8.0000000000000000
	patch_angle: 0.0000000000000000
	angles:  0.000000 0.000000 0.000000
	grand_canonical: 0
	chemical_potential: 0.0000000000000000
box: 11.559519 11.559519
copy: 1.000000 1.000000
epsilon: 0.6896560000000000
end_epsilon: 0.0000000000000000
pressure: 0.3275870000000000
lambda: 0.0000000000000000
lambda_coupling: 1.0000000000000000
uy: 0.0000000000000000
maximum_displacement: 1.0000000000000000
maximum_rotation: 1.0000000000000000
maximum_volume: 1.0000000000000000
maximum_shape: 0.0000001000000000
maximum_dsigma: 0.0100000000000000
mod: 10
pmod: 10
optimize: 1
verbose: 1
snapshot: 0
display: 1
explore: 1
npt: 1
nptxy: 0
nptdxdy: 0
shape: 0
seed: 1389931
-23.735253376779 76.752227065173 0.866025403784 -0.500000000000
-27.658855613621 72.178395281972 0.000000000000 1.000000000000
104.899361161588 45.953961515666 0.866025403784 0.500000000000
17.211588551455 78.738103100634 0.866025403784 0.500000000000
19.485751121400 -63.359151586697 0.866025403784 -0.500000000000
76.431224333370 82.327998563274 0.866025403784 0.500000000000
-92.723585894417 -2.072044223546 0.866025403784 -0.500000000000
16.813914536648 1.528749282510 0.866025403784 -0.500000000000
-17.995687504593 -91.552155129941 0.866025403784 0.500000000000
24.002433355431 12.915528903202 0.000000000000 1.000000000000
-51.262734851809 -23.897232684026 0.866025403784 0.500000000000
3.736655167665 -32.121387732056 0.866025403784 0.500000000000
210.158602301545 71.760994940449 0.866025403784 0.500000000000
100.989633710676 8.673496659606 0.866025403784 0.500000000000
86.098257239600 192.716759157186 0.866025403784 -0.500000000000
-23.473281260163 -69.250432052459 0.866025403784 0.500000000000
-96.954729917169 -83.728444490294 0.866025403784 -0.500000000000
45.674891953310 -86.772741879720 0.866025403784 -0.500000000000
-43.035819281246 -103.585279111734 0.866025403784 0.500000000000
90.565427416853 -19.017850532477 0.000000000000 1.000000000000
