#Configurational_file created 2018-09-14 12:04:34  started 2018-09-14 12:04:33 run for 1.0s steps 0
name: p_1208
step: 10000
specie: 20
	particle_diameter: 1.0000000000000000
	interaction_length: 1.2000000000000000
	number_of_patches: 3
	number_of_particles_per_compound: 1
	rod_length: 1.0000000000000000
	interaction_matrix:  1.000000 1.000000 1.000000 1.000000 1.000000 1.000000 1.000000 1.000000 1.000000
	patch_type: symmetric
	patch_width: 8.0000000000000000
	patch_angle: 0.0000000000000000
	angles:  0.000000 0.000000 0.000000
	grand_canonical: 0
	chemical_potential: 0.0000000000000000
box: 50.676486 50.676486
copy: 1.000000 1.000000
epsilon: 0.0479170000000000
end_epsilon: 0.0000000000000000
pressure: 0.0291670000000000
lambda: 0.0000000000000000
lambda_coupling: 1.0000000000000000
uy: 0.0000000000000000
maximum_displacement: 1.0000000000000000
maximum_rotation: 1.0000000000000000
maximum_volume: 1.0000000000000000
maximum_shape: 0.0000001000000000
maximum_dsigma: 0.0100000000000000
mod: 10
pmod: 10
optimize: 1
verbose: 1
snapshot: 0
display: 1
explore: 1
npt: 1
nptxy: 0
nptdxdy: 0
shape: 0
seed: 1376287
225.922149966132 -30.328147952682 0.866025403784 0.500000000000
-187.594255114800 34.575435005058 0.866025403784 0.500000000000
-97.969126036126 -58.082211155933 0.866025403784 0.500000000000
93.262931728457 430.846133223727 0.866025403784 0.500000000000
-95.561361792515 215.017834629507 0.866025403784 -0.500000000000
153.074912302646 -298.040384043747 0.866025403784 -0.500000000000
-187.675498992930 11.024567948083 0.866025403784 0.500000000000
-111.576262746940 -1.205498161846 0.866025403784 -0.500000000000
-99.762588116492 402.703703065829 0.866025403784 0.500000000000
-163.813617465786 -39.576646946311 0.000000000000 1.000000000000
154.444560967394 64.996675964025 0.866025403784 0.500000000000
355.512810119969 -52.245474010647 0.866025403784 0.500000000000
-250.929805305045 -38.395832307856 0.866025403784 0.500000000000
351.652792228696 20.326962233948 0.866025403784 0.500000000000
16.315500131486 207.270224482331 0.866025403784 0.500000000000
207.540075985760 28.613402580044 0.866025403784 0.500000000000
-69.852050304228 -95.903811845609 0.000000000000 1.000000000000
-91.389922978856 402.521340736882 0.866025403784 -0.500000000000
87.674153828860 108.142445252045 0.866025403784 0.500000000000
381.701604277191 49.809997986984 0.866025403784 -0.500000000000
