#Configurational_file created 2018-09-14 12:04:36  started 2018-09-14 12:04:36 run for 0.0s steps 0
name: p_1211
step: 10000
specie: 20
	particle_diameter: 1.0000000000000000
	interaction_length: 1.2000000000000000
	number_of_patches: 3
	number_of_particles_per_compound: 1
	rod_length: 1.0000000000000000
	interaction_matrix:  1.000000 1.000000 1.000000 1.000000 1.000000 1.000000 1.000000 1.000000 1.000000
	patch_type: symmetric
	patch_width: 8.0000000000000000
	patch_angle: 0.0000000000000000
	angles:  0.000000 0.000000 0.000000
	grand_canonical: 0
	chemical_potential: 0.0000000000000000
box: 45.255680 45.255680
copy: 1.000000 1.000000
epsilon: 0.0479170000000000
end_epsilon: 0.0000000000000000
pressure: 0.0416670000000000
lambda: 0.0000000000000000
lambda_coupling: 1.0000000000000000
uy: 0.0000000000000000
maximum_displacement: 1.0000000000000000
maximum_rotation: 1.0000000000000000
maximum_volume: 1.0000000000000000
maximum_shape: 0.0000001000000000
maximum_dsigma: 0.0100000000000000
mod: 10
pmod: 10
optimize: 1
verbose: 1
snapshot: 0
display: 1
explore: 1
npt: 1
nptxy: 0
nptdxdy: 0
shape: 0
seed: 1379698
53.325500967288 -11.135089671217 0.866025403784 0.500000000000
55.503341072683 -118.191738654926 0.866025403784 -0.500000000000
-273.885315492734 -232.854275332193 0.866025403784 0.500000000000
52.844085737281 -188.861665860811 0.866025403784 -0.500000000000
146.721896953906 415.242300182793 0.000000000000 1.000000000000
-16.098781063479 101.196033662551 0.000000000000 1.000000000000
-121.472840963511 -8.951753717771 0.866025403784 0.500000000000
192.704205621435 -7.965177590612 0.000000000000 1.000000000000
50.675274036405 -29.062442322789 0.000000000000 1.000000000000
-134.873950225472 122.568227784274 0.000000000000 1.000000000000
164.402707740258 -223.016100864197 0.866025403784 -0.500000000000
-126.142074193532 -255.400262111881 0.866025403784 0.500000000000
41.889099314194 144.376721603562 0.866025403784 0.500000000000
-144.012899718087 192.451698575695 0.866025403784 0.500000000000
-113.522274078233 -34.276955819152 0.866025403784 0.500000000000
55.012284768087 -85.532942483676 0.866025403784 -0.500000000000
-157.809194377476 126.476782880301 0.866025403784 0.500000000000
-347.264665651537 -262.088215462598 0.000000000000 1.000000000000
-84.667243057600 -71.172578050323 0.866025403784 0.500000000000
-39.585561779528 59.754023991100 0.000000000000 1.000000000000
