#Configurational_file created 2018-09-14 12:04:58  started 2018-09-14 12:04:57 run for 1.0s steps 0
name: p_1241
step: 10000
specie: 20
	particle_diameter: 1.0000000000000000
	interaction_length: 1.2000000000000000
	number_of_patches: 3
	number_of_particles_per_compound: 1
	rod_length: 1.0000000000000000
	interaction_matrix:  1.000000 1.000000 1.000000 1.000000 1.000000 1.000000 1.000000 1.000000 1.000000
	patch_type: symmetric
	patch_width: 8.0000000000000000
	patch_angle: 0.0000000000000000
	angles:  0.000000 0.000000 0.000000
	grand_canonical: 0
	chemical_potential: 0.0000000000000000
box: 48.399061 48.399061
copy: 1.000000 1.000000
epsilon: 0.0500000000000000
end_epsilon: 0.0000000000000000
pressure: 0.0625000000000000
lambda: 0.0000000000000000
lambda_coupling: 1.0000000000000000
uy: 0.0000000000000000
maximum_displacement: 1.0000000000000000
maximum_rotation: 1.0000000000000000
maximum_volume: 1.0000000000000000
maximum_shape: 0.0000001000000000
maximum_dsigma: 0.0100000000000000
mod: 10
pmod: 10
optimize: 1
verbose: 1
snapshot: 0
display: 1
explore: 1
npt: 1
nptxy: 0
nptdxdy: 0
shape: 0
seed: 1413808
-284.455480975608 -73.381845340624 0.866025403784 -0.500000000000
-4.485958931993 -57.841643706431 0.000000000000 1.000000000000
84.539089562025 261.024749008660 0.866025403784 0.500000000000
-195.647967277854 106.647303747911 0.866025403784 0.500000000000
-232.344589613490 -119.650602671945 0.866025403784 0.500000000000
-348.840124015018 -210.790277740373 0.000000000000 1.000000000000
35.371487895125 -124.400130481420 0.866025403784 0.500000000000
6.905029121619 85.441566235177 0.000000000000 1.000000000000
148.091688160266 -138.220751044499 0.866025403784 0.500000000000
13.846003891354 245.446442698726 0.000000000000 1.000000000000
-381.952785756051 32.912594902174 0.866025403784 -0.500000000000
56.268414587177 106.681741638348 0.866025403784 -0.500000000000
-168.068677968905 -23.626023307524 0.866025403784 0.500000000000
263.678065110416 -117.815070841905 0.866025403784 -0.500000000000
-138.480361718322 -30.362355397852 0.000000000000 1.000000000000
215.842791749341 8.176236016215 0.866025403784 -0.500000000000
-45.058500790586 250.441426697811 0.000000000000 1.000000000000
-141.964423621008 4.525599315787 0.866025403784 0.500000000000
-53.007061670705 -27.431029831763 0.000000000000 1.000000000000
-63.038637710824 106.062116918178 0.000000000000 1.000000000000
