#Configurational_file created 2018-09-14 12:04:53  started 2018-09-14 12:04:52 run for 1.0s steps 0
name: p_1234
step: 10000
specie: 20
	particle_diameter: 1.0000000000000000
	interaction_length: 1.2000000000000000
	number_of_patches: 3
	number_of_particles_per_compound: 1
	rod_length: 1.0000000000000000
	interaction_matrix:  1.000000 1.000000 1.000000 1.000000 1.000000 1.000000 1.000000 1.000000 1.000000
	patch_type: symmetric
	patch_width: 8.0000000000000000
	patch_angle: 0.0000000000000000
	angles:  0.000000 0.000000 0.000000
	grand_canonical: 0
	chemical_potential: 0.0000000000000000
box: 48.505301 48.505301
copy: 1.000000 1.000000
epsilon: 0.0500000000000000
end_epsilon: 0.0000000000000000
pressure: 0.0333340000000000
lambda: 0.0000000000000000
lambda_coupling: 1.0000000000000000
uy: 0.0000000000000000
maximum_displacement: 1.0000000000000000
maximum_rotation: 1.0000000000000000
maximum_volume: 1.0000000000000000
maximum_shape: 0.0000001000000000
maximum_dsigma: 0.0100000000000000
mod: 10
pmod: 10
optimize: 1
verbose: 1
snapshot: 0
display: 1
explore: 1
npt: 1
nptxy: 0
nptdxdy: 0
shape: 0
seed: 1405849
11.029663075282 -183.295230846515 0.000000000000 1.000000000000
-55.364172227787 173.374187475530 0.866025403784 0.500000000000
-18.202441123785 -74.046699020275 0.866025403784 0.500000000000
29.239840942381 -23.366134536358 0.866025403784 0.500000000000
-9.042531307500 72.314258471822 0.866025403784 0.500000000000
25.378397088454 186.196116600584 0.000000000000 1.000000000000
300.246618605620 71.191716394446 0.866025403784 0.500000000000
7.147646026936 99.696645011312 0.000000000000 1.000000000000
24.186005206857 151.808684931740 0.000000000000 1.000000000000
218.892602574174 447.605570100571 0.866025403784 -0.500000000000
297.333943854223 -100.912992066683 0.866025403784 -0.500000000000
58.503432200795 -87.132467690061 0.866025403784 -0.500000000000
289.031557959039 232.220517343287 0.866025403784 0.500000000000
123.358143365505 22.561353385133 0.866025403784 0.500000000000
-273.627547058043 -88.210098119395 0.866025403784 0.500000000000
187.022381485888 -85.303075911381 0.000000000000 1.000000000000
28.316572335371 94.797535569615 0.866025403784 -0.500000000000
-226.361564190341 109.902456683863 0.866025403784 0.500000000000
-22.026955084385 -67.377420302998 0.000000000000 1.000000000000
-173.581945789405 -84.038960508335 0.866025403784 0.500000000000
