#Configurational_file created 2018-09-14 12:04:40  started 2018-09-14 12:04:39 run for 1.0s steps 0
name: p_1216
step: 10000
specie: 20
	particle_diameter: 1.0000000000000000
	interaction_length: 1.2000000000000000
	number_of_patches: 3
	number_of_particles_per_compound: 1
	rod_length: 1.0000000000000000
	interaction_matrix:  1.000000 1.000000 1.000000 1.000000 1.000000 1.000000 1.000000 1.000000 1.000000
	patch_type: symmetric
	patch_width: 8.0000000000000000
	patch_angle: 0.0000000000000000
	angles:  0.000000 0.000000 0.000000
	grand_canonical: 0
	chemical_potential: 0.0000000000000000
box: 49.931535 49.931535
copy: 1.000000 1.000000
epsilon: 0.0479170000000000
end_epsilon: 0.0000000000000000
pressure: 0.0625000000000000
lambda: 0.0000000000000000
lambda_coupling: 1.0000000000000000
uy: 0.0000000000000000
maximum_displacement: 1.0000000000000000
maximum_rotation: 1.0000000000000000
maximum_volume: 1.0000000000000000
maximum_shape: 0.0000001000000000
maximum_dsigma: 0.0100000000000000
mod: 10
pmod: 10
optimize: 1
verbose: 1
snapshot: 0
display: 1
explore: 1
npt: 1
nptxy: 0
nptdxdy: 0
shape: 0
seed: 1385383
-204.868697519907 -47.191814924026 0.866025403784 -0.500000000000
139.614382747756 142.164573728677 0.866025403784 0.500000000000
4.814331932800 -8.157314178712 0.866025403784 0.500000000000
30.691675936338 446.536730948918 0.000000000000 1.000000000000
364.818149380796 -42.898902091514 0.866025403784 0.500000000000
83.986052261661 -333.654884766093 0.866025403784 -0.500000000000
-84.049625229265 42.181073784317 0.000000000000 1.000000000000
121.512199574112 -193.556427663464 0.866025403784 0.500000000000
-263.666417423268 -250.467534050680 0.866025403784 -0.500000000000
-136.704111774421 -23.424870947579 0.000000000000 1.000000000000
33.704377393859 236.242354478286 0.866025403784 0.500000000000
192.405226984481 -58.098691542103 0.866025403784 0.500000000000
-84.901156543174 -185.232246827772 0.866025403784 0.500000000000
34.377161682460 240.932984762543 0.866025403784 -0.500000000000
23.743318378133 28.629635765871 0.000000000000 1.000000000000
201.150386808985 1.533153598141 0.000000000000 1.000000000000
438.020967138874 250.409246492173 0.866025403784 -0.500000000000
42.188852599922 19.360180396472 0.866025403784 0.500000000000
8.108477396453 279.465862349261 0.866025403784 0.500000000000
63.528243675870 100.889652695376 0.866025403784 -0.500000000000
