#Configurational_file created 2018-09-14 11:37:46  started 2018-09-14 11:37:45 run for 1.0s steps 0
name: p_1229
step: 10000
specie: 20
	particle_diameter: 1.0000000000000000
	interaction_length: 1.2000000000000000
	number_of_patches: 3
	number_of_particles_per_compound: 1
	rod_length: 1.0000000000000000
	interaction_matrix:  1.000000 1.000000 1.000000 1.000000 1.000000 1.000000 1.000000 1.000000 1.000000
	patch_type: symmetric
	patch_width: 8.0000000000000000
	patch_angle: 0.0000000000000000
	angles:  0.000000 0.000000 0.000000
	grand_canonical: 0
	chemical_potential: 0.0000000000000000
box: 14.208696 14.208696
copy: 1.000000 1.000000
epsilon: 0.5000000000000000
end_epsilon: 0.0000000000000000
pressure: 0.2500870000000000
lambda: 0.0000000000000000
lambda_coupling: 1.0000000000000000
uy: 0.0000000000000000
maximum_displacement: 1.0000000000000000
maximum_rotation: 1.0000000000000000
maximum_volume: 1.0000000000000000
maximum_shape: 0.0000001000000000
maximum_dsigma: 0.0100000000000000
mod: 10
pmod: 10
optimize: 1
verbose: 1
snapshot: 0
display: 1
explore: 1
npt: 1
nptxy: 0
nptdxdy: 0
shape: 0
seed: 1400164
50.809563050691 -0.711045510075 0.866025403784 -0.500000000000
21.442418920017 -110.664794705540 0.866025403784 -0.500000000000
124.612632828533 -95.589086229386 0.866025403784 0.500000000000
-24.006439663445 -2.183266391348 0.866025403784 0.500000000000
43.540886310182 63.690366442248 0.000000000000 1.000000000000
113.480738831702 -53.965637506449 0.866025403784 -0.500000000000
79.944904913134 87.033064746637 0.000000000000 1.000000000000
37.692635545733 -3.843831417840 0.866025403784 0.500000000000
-6.374564582952 -22.491339662044 0.000000000000 1.000000000000
-130.538651938655 -97.164273288855 0.866025403784 -0.500000000000
-44.741166330765 27.070715700831 0.866025403784 0.500000000000
-5.571470563805 -101.745622012593 0.866025403784 0.500000000000
65.824540506151 14.831632250212 0.000000000000 1.000000000000
61.141272798757 15.667741725210 0.866025403784 0.500000000000
90.850435797121 -66.498201242793 0.000000000000 1.000000000000
-56.646379480610 44.742996517865 0.866025403784 0.500000000000
109.162963367647 -22.315717060550 0.000000000000 1.000000000000
-33.717150555777 27.422629190444 0.000000000000 1.000000000000
68.348165456444 -23.526109635332 0.000000000000 1.000000000000
-11.129317460304 64.111404729317 0.866025403784 0.500000000000
