#Configurational_file created 2018-09-14 14:00:17  started 2018-09-14 14:00:16 run for 1.0s steps 0
name: p_1213
step: 10000
specie: 20
	particle_diameter: 1.0000000000000000
	interaction_length: 1.2000000000000000
	number_of_patches: 3
	number_of_particles_per_compound: 1
	rod_length: 1.0000000000000000
	interaction_matrix:  1.000000 1.000000 1.000000 1.000000 1.000000 1.000000 1.000000 1.000000 1.000000
	patch_type: symmetric
	patch_width: 8.0000000000000000
	patch_angle: 0.0000000000000000
	angles:  0.000000 0.000000 0.000000
	grand_canonical: 0
	chemical_potential: 0.0000000000000000
box: 13.631599 13.631599
copy: 1.000000 1.000000
epsilon: 0.6896560000000000
end_epsilon: 0.0000000000000000
pressure: 0.2068970000000000
lambda: 0.0000000000000000
lambda_coupling: 1.0000000000000000
uy: 0.0000000000000000
maximum_displacement: 1.0000000000000000
maximum_rotation: 1.0000000000000000
maximum_volume: 1.0000000000000000
maximum_shape: 0.0000001000000000
maximum_dsigma: 0.0100000000000000
mod: 10
pmod: 10
optimize: 1
verbose: 1
snapshot: 0
display: 1
explore: 1
npt: 1
nptxy: 0
nptdxdy: 0
shape: 0
seed: 1381972
134.535006616177 -210.381189966773 0.866025403784 -0.500000000000
-75.377750745712 58.902206438887 0.000000000000 1.000000000000
-22.279001942821 64.587274703679 0.866025403784 0.500000000000
-39.590270951385 -42.740955354067 0.866025403784 -0.500000000000
-231.507953695062 -15.237588436485 0.866025403784 -0.500000000000
101.615159495965 65.847341167772 0.866025403784 0.500000000000
12.439740766741 -114.479743466797 0.000000000000 1.000000000000
-164.643980202686 47.691865484966 0.866025403784 0.500000000000
10.288513179145 -25.863400572151 0.866025403784 -0.500000000000
-59.730030376075 -8.840698422246 0.866025403784 -0.500000000000
103.934110750193 -162.773388205897 0.000000000000 1.000000000000
53.893747202476 91.084499290949 0.000000000000 1.000000000000
-85.259321678488 70.618529094734 0.866025403784 -0.500000000000
-75.094353782960 -68.720910555713 0.866025403784 -0.500000000000
28.709613854579 156.258724384237 0.866025403784 0.500000000000
-100.019674037115 -101.095014902518 0.000000000000 1.000000000000
2.008607867305 45.059848544926 0.866025403784 0.500000000000
-38.139885126666 29.871490822370 0.866025403784 0.500000000000
74.064596504084 -131.205805699108 0.866025403784 -0.500000000000
115.341135622399 69.993277521107 0.866025403784 0.500000000000
