#Configurational_file created 2018-09-14 12:04:38  started 2018-09-14 12:04:38 run for 0.0s steps 0
name: p_1214
step: 10000
specie: 20
	particle_diameter: 1.0000000000000000
	interaction_length: 1.2000000000000000
	number_of_patches: 3
	number_of_particles_per_compound: 1
	rod_length: 1.0000000000000000
	interaction_matrix:  1.000000 1.000000 1.000000 1.000000 1.000000 1.000000 1.000000 1.000000 1.000000
	patch_type: symmetric
	patch_width: 8.0000000000000000
	patch_angle: 0.0000000000000000
	angles:  0.000000 0.000000 0.000000
	grand_canonical: 0
	chemical_potential: 0.0000000000000000
box: 44.466104 44.466104
copy: 1.000000 1.000000
epsilon: 0.0479170000000000
end_epsilon: 0.0000000000000000
pressure: 0.0541670000000000
lambda: 0.0000000000000000
lambda_coupling: 1.0000000000000000
uy: 0.0000000000000000
maximum_displacement: 1.0000000000000000
maximum_rotation: 1.0000000000000000
maximum_volume: 1.0000000000000000
maximum_shape: 0.0000001000000000
maximum_dsigma: 0.0100000000000000
mod: 10
pmod: 10
optimize: 1
verbose: 1
snapshot: 0
display: 1
explore: 1
npt: 1
nptxy: 0
nptdxdy: 0
shape: 0
seed: 1383109
-147.610886372372 149.737070425515 0.866025403784 0.500000000000
-56.220646820265 -41.352960161667 0.000000000000 1.000000000000
77.081155469958 220.907059908694 0.000000000000 1.000000000000
99.159213042467 206.507569047764 0.866025403784 -0.500000000000
-51.423802868150 -198.043811048063 0.866025403784 0.500000000000
-146.249929787383 121.760666041562 0.000000000000 1.000000000000
185.673748051914 155.537115697580 0.000000000000 1.000000000000
39.754440376642 194.015311950099 0.866025403784 0.500000000000
83.253932768341 438.800226274389 0.866025403784 0.500000000000
-45.953890916265 147.838665245624 0.866025403784 -0.500000000000
98.309135100060 62.910413046320 0.866025403784 0.500000000000
-74.799119610227 189.696100973620 0.866025403784 0.500000000000
8.362002054423 57.282893365203 0.866025403784 -0.500000000000
124.711001776324 13.522470278558 0.866025403784 -0.500000000000
130.485004162688 130.734989127713 0.000000000000 1.000000000000
-51.952263694045 -48.236979453881 0.866025403784 0.500000000000
-352.159713028245 -161.547252646261 0.866025403784 -0.500000000000
89.291155895454 26.605740172355 0.000000000000 1.000000000000
36.932191220838 27.909673461391 0.866025403784 0.500000000000
85.992347970437 216.557774917752 0.866025403784 0.500000000000
