#Configurational_file created 2018-09-14 11:37:30  started 2018-09-14 11:37:29 run for 1.0s steps 0
name: p_1212
step: 10000
specie: 20
	particle_diameter: 1.0000000000000000
	interaction_length: 1.2000000000000000
	number_of_patches: 3
	number_of_particles_per_compound: 1
	rod_length: 1.0000000000000000
	interaction_matrix:  1.000000 1.000000 1.000000 1.000000 1.000000 1.000000 1.000000 1.000000 1.000000
	patch_type: symmetric
	patch_width: 8.0000000000000000
	patch_angle: 0.0000000000000000
	angles:  0.000000 0.000000 0.000000
	grand_canonical: 0
	chemical_potential: 0.0000000000000000
box: 8.829360 8.829360
copy: 1.000000 1.000000
epsilon: 0.4791710000000000
end_epsilon: 0.0000000000000000
pressure: 0.9167210000000000
lambda: 0.0000000000000000
lambda_coupling: 1.0000000000000000
uy: 0.0000000000000000
maximum_displacement: 1.0000000000000000
maximum_rotation: 1.0000000000000000
maximum_volume: 0.8832000000000000
maximum_shape: 0.0000001000000000
maximum_dsigma: 0.0100000000000000
mod: 10
pmod: 10
optimize: 1
verbose: 1
snapshot: 0
display: 1
explore: 1
npt: 1
nptxy: 0
nptdxdy: 0
shape: 0
seed: 1380835
89.176927647646 -25.388213242454 0.866025403784 -0.500000000000
81.007344097954 31.641046605463 0.866025403784 0.500000000000
-50.505629160803 135.573176254760 0.866025403784 0.500000000000
52.564062864573 96.483146460661 0.000000000000 1.000000000000
-20.257022425332 10.013178248317 0.866025403784 -0.500000000000
-7.442470339501 87.418163090180 0.866025403784 0.500000000000
61.180071401566 137.954768154522 0.866025403784 0.500000000000
-19.328959571851 -125.360995378238 0.000000000000 1.000000000000
-21.738398509550 15.382651292506 0.000000000000 1.000000000000
129.309914027352 39.477517007551 0.866025403784 0.500000000000
60.258450629995 -24.866488132141 0.000000000000 1.000000000000
30.996647397370 -60.835701817940 0.866025403784 -0.500000000000
27.956191885621 130.042936791511 0.866025403784 -0.500000000000
-38.865748412801 64.352998240460 0.866025403784 0.500000000000
-83.877969515004 -28.173455981484 0.866025403784 -0.500000000000
-120.175753676054 12.436981776036 0.866025403784 -0.500000000000
69.311243641205 61.832315503045 0.000000000000 1.000000000000
29.299134347900 89.750351473242 0.866025403784 -0.500000000000
30.260622989118 84.941619356609 0.000000000000 1.000000000000
55.147580717608 115.388276260502 0.866025403784 0.500000000000
