#Configurational_file created 2018-09-14 11:37:29  started 2018-09-14 11:37:28 run for 1.0s steps 0
name: p_1210
step: 10000
specie: 20
	particle_diameter: 1.0000000000000000
	interaction_length: 1.2000000000000000
	number_of_patches: 3
	number_of_particles_per_compound: 1
	rod_length: 1.0000000000000000
	interaction_matrix:  1.000000 1.000000 1.000000 1.000000 1.000000 1.000000 1.000000 1.000000 1.000000
	patch_type: symmetric
	patch_width: 8.0000000000000000
	patch_angle: 0.0000000000000000
	angles:  0.000000 0.000000 0.000000
	grand_canonical: 0
	chemical_potential: 0.0000000000000000
box: 8.729744 8.729744
copy: 1.000000 1.000000
epsilon: 0.4791710000000000
end_epsilon: 0.0000000000000000
pressure: 0.7500620000000000
lambda: 0.0000000000000000
lambda_coupling: 1.0000000000000000
uy: 0.0000000000000000
maximum_displacement: 1.0000000000000000
maximum_rotation: 1.0000000000000000
maximum_volume: 1.0000000000000000
maximum_shape: 0.0000001000000000
maximum_dsigma: 0.0100000000000000
mod: 10
pmod: 10
optimize: 1
verbose: 1
snapshot: 0
display: 1
explore: 1
npt: 1
nptxy: 0
nptdxdy: 0
shape: 0
seed: 1378561
95.676611714791 20.102434245274 0.866025403784 0.500000000000
11.012452926185 -13.736538735302 0.866025403784 0.500000000000
37.514980864222 49.094175586124 0.866025403784 0.500000000000
-57.820402463337 -23.086348904379 0.866025403784 -0.500000000000
-20.156236612235 -22.495248315237 0.000000000000 1.000000000000
30.823397647004 17.196876675855 0.866025403784 -0.500000000000
-18.414877743652 47.993083649439 0.866025403784 -0.500000000000
89.892143525949 -94.299368771766 0.866025403784 0.500000000000
44.983972992373 65.633664707443 0.866025403784 0.500000000000
102.487543969222 1.335880395276 0.000000000000 1.000000000000
-103.821009081047 -51.409512243230 0.866025403784 -0.500000000000
-44.154605795740 58.158499353216 0.000000000000 1.000000000000
22.969976632625 -200.324418278211 0.000000000000 1.000000000000
-91.224282047306 2.897379431764 0.866025403784 -0.500000000000
-52.854718204953 9.682641824274 0.866025403784 0.500000000000
20.654161865015 -63.105998882991 0.866025403784 0.500000000000
-49.850878082046 -62.257353074144 0.866025403784 0.500000000000
-65.716977689456 -94.020734506203 0.866025403784 0.500000000000
-26.075534793968 7.094850441807 0.000000000000 1.000000000000
-30.715189979139 -73.386186244786 0.866025403784 -0.500000000000
