#Configurational_file created 2018-09-14 11:38:04  started 2018-09-14 11:38:03 run for 1.0s steps 0
name: p_1249
step: 10000
specie: 20
	particle_diameter: 1.0000000000000000
	interaction_length: 1.2000000000000000
	number_of_patches: 3
	number_of_particles_per_compound: 1
	rod_length: 1.0000000000000000
	interaction_matrix:  1.000000 1.000000 1.000000 1.000000 1.000000 1.000000 1.000000 1.000000 1.000000
	patch_type: symmetric
	patch_width: 8.0000000000000000
	patch_angle: 0.0000000000000000
	angles:  0.000000 0.000000 0.000000
	grand_canonical: 0
	chemical_potential: 0.0000000000000000
box: 6.623083 6.623083
copy: 1.000000 1.000000
epsilon: 0.5000000000000000
end_epsilon: 0.0000000000000000
pressure: 1.9166710000000000
lambda: 0.0000000000000000
lambda_coupling: 1.0000000000000000
uy: 0.0000000000000000
maximum_displacement: 0.9685211988609176
maximum_rotation: 1.0000000000000000
maximum_volume: 0.2891519734062364
maximum_shape: 0.0000001000000000
maximum_dsigma: 0.0100000000000000
mod: 10
pmod: 10
optimize: 1
verbose: 1
snapshot: 0
display: 1
explore: 1
npt: 1
nptxy: 0
nptdxdy: 0
shape: 0
seed: 1422904
65.592893799861 -4.666896449181 0.866025403784 -0.500000000000
53.683645667999 97.693011663609 0.866025403784 0.500000000000
-76.344256509693 -44.949266037184 0.866025403784 0.500000000000
-37.193123720197 12.858776911634 0.866025403784 -0.500000000000
49.864297506705 39.548232563812 0.866025403784 0.500000000000
26.571586770447 27.700954698636 0.000000000000 1.000000000000
-107.243085148705 -0.992651309785 0.866025403784 -0.500000000000
15.426542962867 56.620353269150 0.866025403784 0.500000000000
123.291473162067 0.285002313044 0.866025403784 -0.500000000000
44.278145341384 74.747024290357 0.866025403784 0.500000000000
49.938483774744 -108.981686958417 0.866025403784 0.500000000000
-19.314585903140 46.034713387426 0.000000000000 1.000000000000
24.039408563743 37.941676707297 0.000000000000 1.000000000000
-34.454614040565 -72.197117617732 0.866025403784 -0.500000000000
-46.189045582915 2.407037842995 0.000000000000 1.000000000000
-44.256842266778 -20.791749064228 0.000000000000 1.000000000000
-64.677948837917 15.382283198284 0.000000000000 1.000000000000
-5.562509957315 53.645369386768 0.000000000000 1.000000000000
44.684107035870 -23.603245108555 0.866025403784 -0.500000000000
52.834060795037 -26.980146376755 0.866025403784 -0.500000000000
