#Configurational_file created 2018-09-14 12:04:39  started 2018-09-14 12:04:38 run for 1.0s steps 0
name: p_1215
step: 10000
specie: 20
	particle_diameter: 1.0000000000000000
	interaction_length: 1.2000000000000000
	number_of_patches: 3
	number_of_particles_per_compound: 1
	rod_length: 1.0000000000000000
	interaction_matrix:  1.000000 1.000000 1.000000 1.000000 1.000000 1.000000 1.000000 1.000000 1.000000
	patch_type: symmetric
	patch_width: 8.0000000000000000
	patch_angle: 0.0000000000000000
	angles:  0.000000 0.000000 0.000000
	grand_canonical: 0
	chemical_potential: 0.0000000000000000
box: 41.378032 41.378032
copy: 1.000000 1.000000
epsilon: 0.0479170000000000
end_epsilon: 0.0000000000000000
pressure: 0.0583340000000000
lambda: 0.0000000000000000
lambda_coupling: 1.0000000000000000
uy: 0.0000000000000000
maximum_displacement: 1.0000000000000000
maximum_rotation: 1.0000000000000000
maximum_volume: 1.0000000000000000
maximum_shape: 0.0000001000000000
maximum_dsigma: 0.0100000000000000
mod: 10
pmod: 10
optimize: 1
verbose: 1
snapshot: 0
display: 1
explore: 1
npt: 1
nptxy: 0
nptdxdy: 0
shape: 0
seed: 1384246
68.910405101637 -47.406895602992 0.000000000000 1.000000000000
32.201180163724 -184.368745727059 0.866025403784 0.500000000000
174.829492585390 29.024985029290 0.866025403784 0.500000000000
-216.647260877218 -240.362715402390 0.866025403784 -0.500000000000
123.008616131888 276.717356247127 0.866025403784 0.500000000000
-61.354553450198 79.456475175601 0.866025403784 -0.500000000000
81.615786238850 173.013876799845 0.866025403784 0.500000000000
85.762599748881 158.552789147380 0.000000000000 1.000000000000
281.638099891261 65.676076904612 0.866025403784 0.500000000000
-52.261110988756 -214.099680907247 0.866025403784 0.500000000000
-358.243113957827 -122.872950919656 0.866025403784 0.500000000000
-145.314550498881 -146.705373247260 0.866025403784 0.500000000000
-309.360727031391 20.413080152029 0.866025403784 0.500000000000
95.012112538380 432.309882929562 0.866025403784 -0.500000000000
-60.052133979142 176.546564188371 0.866025403784 -0.500000000000
-87.224753348875 103.436452011490 0.866025403784 -0.500000000000
184.119625654988 41.179667542934 0.000000000000 1.000000000000
115.437519862101 14.490264402181 0.866025403784 0.500000000000
166.191302306451 176.396852008794 0.000000000000 1.000000000000
-0.969397871535 -134.033187343860 0.000000000000 1.000000000000
