#Configurational_file created 2018-09-14 11:07:02  started 2018-09-14 11:07:01 run for 1.0s steps 0
name: p_124
step: 10000
specie: 20
	particle_diameter: 1.0000000000000000
	interaction_length: 1.2000000000000000
	number_of_patches: 3
	number_of_particles_per_compound: 1
	rod_length: 1.0000000000000000
	interaction_matrix:  1.000000 1.000000 1.000000 1.000000 1.000000 1.000000 1.000000 1.000000 1.000000
	patch_type: symmetric
	patch_width: 8.0000000000000000
	patch_angle: 0.0000000000000000
	angles:  0.000000 0.000000 0.000000
	grand_canonical: 0
	chemical_potential: 0.0000000000000000
box: 10.114654 10.114654
copy: 1.000000 1.000000
epsilon: 0.5000000000000000
end_epsilon: 0.0000000000000000
pressure: 0.8572000000000000
lambda: 0.0000000000000000
lambda_coupling: 1.0000000000000000
uy: 0.0000000000000000
maximum_displacement: 1.0000000000000000
maximum_rotation: 1.0000000000000000
maximum_volume: 0.8761613952000000
maximum_shape: 0.0000001000000000
maximum_dsigma: 0.0100000000000000
mod: 10
pmod: 10
optimize: 1
verbose: 1
snapshot: 0
display: 1
explore: 1
npt: 1
nptxy: 0
nptdxdy: 0
shape: 0
seed: 143858
3.796303967699 251.767439536730 0.866025403784 -0.500000000000
-8.796950690997 29.827352554006 0.866025403784 -0.500000000000
-8.353658775691 2.757397125217 0.866025403784 0.500000000000
28.813401946358 38.356328706335 0.866025403784 0.500000000000
124.363461975219 -175.336340960831 0.000000000000 1.000000000000
-53.484283223348 -64.158333079212 0.866025403784 -0.500000000000
59.198074629560 43.430804127408 0.866025403784 -0.500000000000
-93.481567469903 33.491281176987 0.866025403784 0.500000000000
-102.634078153212 -5.207617087257 0.866025403784 -0.500000000000
-4.359197547456 -40.975294542233 0.866025403784 0.500000000000
-55.435412112950 74.502071328422 0.000000000000 1.000000000000
-124.331412256865 35.776107914334 0.866025403784 -0.500000000000
-42.111001423814 171.603028377231 0.866025403784 0.500000000000
85.449937292808 3.286578333367 0.866025403784 -0.500000000000
143.835639777045 -42.413316703432 0.866025403784 -0.500000000000
-91.920166650100 52.787280520515 0.866025403784 0.500000000000
53.853042316655 92.229187654391 0.866025403784 -0.500000000000
-28.478217722546 -25.969108259005 0.866025403784 0.500000000000
63.924781523159 5.294331622894 0.000000000000 1.000000000000
-42.890136069441 153.101324617337 0.866025403784 -0.500000000000
