#Configurational_file created 2018-09-14 11:37:53  started 2018-09-14 11:37:52 run for 1.0s steps 0
name: p_1238
step: 10000
specie: 20
	particle_diameter: 1.0000000000000000
	interaction_length: 1.2000000000000000
	number_of_patches: 3
	number_of_particles_per_compound: 1
	rod_length: 1.0000000000000000
	interaction_matrix:  1.000000 1.000000 1.000000 1.000000 1.000000 1.000000 1.000000 1.000000 1.000000
	patch_type: symmetric
	patch_width: 8.0000000000000000
	patch_angle: 0.0000000000000000
	angles:  0.000000 0.000000 0.000000
	grand_canonical: 0
	chemical_potential: 0.0000000000000000
box: 7.780485 7.780485
copy: 1.000000 1.000000
epsilon: 0.5000000000000000
end_epsilon: 0.0000000000000000
pressure: 1.0000500000000001
lambda: 0.0000000000000000
lambda_coupling: 1.0000000000000000
uy: 0.0000000000000000
maximum_displacement: 1.0000000000000000
maximum_rotation: 1.0000000000000000
maximum_volume: 0.7550907315125552
maximum_shape: 0.0000001000000000
maximum_dsigma: 0.0100000000000000
mod: 10
pmod: 10
optimize: 1
verbose: 1
snapshot: 0
display: 1
explore: 1
npt: 1
nptxy: 0
nptdxdy: 0
shape: 0
seed: 1410397
10.990751958379 -22.725216208641 0.000000000000 1.000000000000
-14.815125845509 114.152118558813 0.000000000000 1.000000000000
80.414721119320 -22.914872212404 0.866025403784 -0.500000000000
127.801134127652 -71.222438039297 0.000000000000 1.000000000000
-3.839869989556 2.876681077016 0.866025403784 -0.500000000000
64.465784326248 10.095486584615 0.000000000000 1.000000000000
-14.183228826145 -81.906139382277 0.000000000000 1.000000000000
-53.513339149346 115.399047556515 0.866025403784 -0.500000000000
62.400884449110 49.765914886163 0.866025403784 -0.500000000000
45.853671140187 63.538074869728 0.866025403784 -0.500000000000
-0.278292597214 86.509324088504 0.000000000000 1.000000000000
-50.171027042061 66.823285982226 0.866025403784 0.500000000000
10.891032423979 45.644866059119 0.866025403784 -0.500000000000
-33.891531371148 -34.264835872743 0.000000000000 1.000000000000
4.711639964459 38.109216092127 0.000000000000 1.000000000000
-54.649510220044 29.668915071488 0.866025403784 0.500000000000
-33.782437625656 86.839555965421 0.866025403784 0.500000000000
-83.504488006458 13.825433068013 0.000000000000 1.000000000000
-40.717458558747 -9.581226762350 0.000000000000 1.000000000000
-39.811217596134 -77.954569156412 0.000000000000 1.000000000000
