#Configurational_file created 2018-09-14 11:37:55  started 2018-09-14 11:37:54 run for 1.0s steps 0
name: p_1240
step: 10000
specie: 20
	particle_diameter: 1.0000000000000000
	interaction_length: 1.2000000000000000
	number_of_patches: 3
	number_of_particles_per_compound: 1
	rod_length: 1.0000000000000000
	interaction_matrix:  1.000000 1.000000 1.000000 1.000000 1.000000 1.000000 1.000000 1.000000 1.000000
	patch_type: symmetric
	patch_width: 8.0000000000000000
	patch_angle: 0.0000000000000000
	angles:  0.000000 0.000000 0.000000
	grand_canonical: 0
	chemical_potential: 0.0000000000000000
box: 8.496343 8.496343
copy: 1.000000 1.000000
epsilon: 0.5000000000000000
end_epsilon: 0.0000000000000000
pressure: 1.1667080000000001
lambda: 0.0000000000000000
lambda_coupling: 1.0000000000000000
uy: 0.0000000000000000
maximum_displacement: 1.0000000000000000
maximum_rotation: 1.0000000000000000
maximum_volume: 0.6382472026760482
maximum_shape: 0.0000001000000000
maximum_dsigma: 0.0100000000000000
mod: 10
pmod: 10
optimize: 1
verbose: 1
snapshot: 0
display: 1
explore: 1
npt: 1
nptxy: 0
nptdxdy: 0
shape: 0
seed: 1412671
45.437067949019 -133.262620677849 0.000000000000 1.000000000000
-13.495509663327 51.396562062482 0.866025403784 -0.500000000000
-42.322380277626 -53.963589643922 0.866025403784 -0.500000000000
-39.536554939458 -20.172000262961 0.866025403784 -0.500000000000
-25.720370329446 -152.732016873892 0.866025403784 0.500000000000
63.963751952014 -60.869177347534 0.000000000000 1.000000000000
-13.811641048227 -18.285029846880 0.866025403784 -0.500000000000
-120.451049178698 -64.425785384507 0.866025403784 0.500000000000
57.803584177888 27.033469128052 0.000000000000 1.000000000000
-91.926541783767 94.569745340296 0.000000000000 1.000000000000
178.248468448984 69.486615191079 0.000000000000 1.000000000000
-61.037826680449 -45.157905821239 0.866025403784 0.500000000000
-42.181881918748 -122.566860844176 0.000000000000 1.000000000000
-147.235791824246 1.466943770025 0.866025403784 0.500000000000
11.781014722878 -105.576113025711 0.000000000000 1.000000000000
188.266836314031 19.901779470676 0.866025403784 0.500000000000
-25.511984589611 12.154505410013 0.000000000000 1.000000000000
-53.992935380570 -8.676090763830 0.866025403784 0.500000000000
47.629137637667 44.387065660279 0.866025403784 -0.500000000000
4.629787265951 72.514666112481 0.866025403784 -0.500000000000
