#Configurational_file created 2018-09-14 12:04:38  started 2018-09-14 12:04:37 run for 1.0s steps 0
name: p_1213
step: 10000
specie: 20
	particle_diameter: 1.0000000000000000
	interaction_length: 1.2000000000000000
	number_of_patches: 3
	number_of_particles_per_compound: 1
	rod_length: 1.0000000000000000
	interaction_matrix:  1.000000 1.000000 1.000000 1.000000 1.000000 1.000000 1.000000 1.000000 1.000000
	patch_type: symmetric
	patch_width: 8.0000000000000000
	patch_angle: 0.0000000000000000
	angles:  0.000000 0.000000 0.000000
	grand_canonical: 0
	chemical_potential: 0.0000000000000000
box: 43.221277 43.221277
copy: 1.000000 1.000000
epsilon: 0.0479170000000000
end_epsilon: 0.0000000000000000
pressure: 0.0500010000000000
lambda: 0.0000000000000000
lambda_coupling: 1.0000000000000000
uy: 0.0000000000000000
maximum_displacement: 1.0000000000000000
maximum_rotation: 1.0000000000000000
maximum_volume: 1.0000000000000000
maximum_shape: 0.0000001000000000
maximum_dsigma: 0.0100000000000000
mod: 10
pmod: 10
optimize: 1
verbose: 1
snapshot: 0
display: 1
explore: 1
npt: 1
nptxy: 0
nptdxdy: 0
shape: 0
seed: 1381972
6.893243619508 -106.844198173048 0.866025403784 0.500000000000
-185.637608478440 -101.075680440937 0.866025403784 0.500000000000
169.741604220541 101.489589431800 0.866025403784 0.500000000000
-85.601229097520 -57.510188323200 0.000000000000 1.000000000000
44.912865463030 -114.247391882455 0.866025403784 -0.500000000000
-116.408177795165 -21.871752666777 0.866025403784 -0.500000000000
-52.197976076828 81.862272334522 0.000000000000 1.000000000000
-102.826376965482 31.160347491917 0.866025403784 -0.500000000000
156.107938104287 113.696707207772 0.000000000000 1.000000000000
183.680722066698 199.899244592571 0.000000000000 1.000000000000
46.849459279878 -186.319903840060 0.866025403784 -0.500000000000
8.034216772068 12.516651295924 0.866025403784 0.500000000000
-125.790847533036 72.380307106968 0.000000000000 1.000000000000
234.065462416522 118.386050006208 0.866025403784 -0.500000000000
-57.493158386483 -53.171565496636 0.866025403784 0.500000000000
81.351871060620 222.626998481558 0.866025403784 0.500000000000
379.857379773331 -122.569471249745 0.866025403784 0.500000000000
418.412351448605 -26.510209474321 0.000000000000 1.000000000000
-109.155340340473 -119.298596085028 0.866025403784 -0.500000000000
-147.505054131507 43.159888635844 0.866025403784 0.500000000000
