#Configurational_file created 2018-09-14 11:38:02  started 2018-09-14 11:38:01 run for 1.0s steps 0
name: p_1247
step: 10000
specie: 20
	particle_diameter: 1.0000000000000000
	interaction_length: 1.2000000000000000
	number_of_patches: 3
	number_of_particles_per_compound: 1
	rod_length: 1.0000000000000000
	interaction_matrix:  1.000000 1.000000 1.000000 1.000000 1.000000 1.000000 1.000000 1.000000 1.000000
	patch_type: symmetric
	patch_width: 8.0000000000000000
	patch_angle: 0.0000000000000000
	angles:  0.000000 0.000000 0.000000
	grand_canonical: 0
	chemical_potential: 0.0000000000000000
box: 6.555518 6.555518
copy: 1.000000 1.000000
epsilon: 0.5000000000000000
end_epsilon: 0.0000000000000000
pressure: 1.7500119999999999
lambda: 0.0000000000000000
lambda_coupling: 1.0000000000000000
uy: 0.0000000000000000
maximum_displacement: 0.9909794843138821
maximum_rotation: 1.0000000000000000
maximum_volume: 0.2838323735074618
maximum_shape: 0.0000001000000000
maximum_dsigma: 0.0100000000000000
mod: 10
pmod: 10
optimize: 1
verbose: 1
snapshot: 0
display: 1
explore: 1
npt: 1
nptxy: 0
nptdxdy: 0
shape: 0
seed: 1420630
25.800538248897 15.422925501405 0.866025403784 0.500000000000
44.405495457404 42.986745697055 0.866025403784 0.500000000000
-61.560843046951 29.127231397523 0.866025403784 0.500000000000
13.224596235237 -1.706602770950 0.866025403784 -0.500000000000
-19.658179426725 -29.144705732562 0.866025403784 -0.500000000000
48.176983638876 59.296292118240 0.000000000000 1.000000000000
-12.706185670384 53.278295968788 0.866025403784 0.500000000000
-13.219591963574 -68.759071585865 0.000000000000 1.000000000000
27.666059266072 83.500748701000 0.000000000000 1.000000000000
-31.895692370614 16.892743296658 0.000000000000 1.000000000000
-27.175677918403 -31.384442217368 0.866025403784 0.500000000000
51.784280270987 32.715132165100 0.866025403784 0.500000000000
11.267983040434 51.407849845237 0.000000000000 1.000000000000
-17.150791983223 29.819173550693 0.000000000000 1.000000000000
56.293319155695 34.956883750524 0.000000000000 1.000000000000
2.013844771935 -44.351123946187 0.866025403784 -0.500000000000
55.673823091324 41.016868349838 0.866025403784 -0.500000000000
-29.694321846404 30.631950363768 0.866025403784 0.500000000000
16.831090604716 46.113406695245 0.866025403784 0.500000000000
-36.730745975607 73.457096104648 0.000000000000 1.000000000000
