#Configurational_file created 2018-09-14 14:00:30  started 2018-09-14 14:00:29 run for 1.0s steps 0
name: p_1229
step: 10000
specie: 20
	particle_diameter: 1.0000000000000000
	interaction_length: 1.2000000000000000
	number_of_patches: 3
	number_of_particles_per_compound: 1
	rod_length: 1.0000000000000000
	interaction_matrix:  1.000000 1.000000 1.000000 1.000000 1.000000 1.000000 1.000000 1.000000 1.000000
	patch_type: symmetric
	patch_width: 8.0000000000000000
	patch_angle: 0.0000000000000000
	angles:  0.000000 0.000000 0.000000
	grand_canonical: 0
	chemical_potential: 0.0000000000000000
box: 10.036231 10.036231
copy: 1.000000 1.000000
epsilon: 0.6896560000000000
end_epsilon: 0.0000000000000000
pressure: 0.4827590000000000
lambda: 0.0000000000000000
lambda_coupling: 1.0000000000000000
uy: 0.0000000000000000
maximum_displacement: 1.0000000000000000
maximum_rotation: 1.0000000000000000
maximum_volume: 0.9600000000000000
maximum_shape: 0.0000001000000000
maximum_dsigma: 0.0100000000000000
mod: 10
pmod: 10
optimize: 1
verbose: 1
snapshot: 0
display: 1
explore: 1
npt: 1
nptxy: 0
nptdxdy: 0
shape: 0
seed: 1400164
143.377813824249 14.156458495276 0.000000000000 1.000000000000
186.808020079970 -45.474278298053 0.000000000000 1.000000000000
72.375162591390 48.849547715673 0.866025403784 0.500000000000
-156.709035939427 163.068547617971 0.866025403784 -0.500000000000
37.531679958089 148.726119830388 0.866025403784 0.500000000000
-51.731288543416 -56.497910922607 0.000000000000 1.000000000000
149.063720375922 29.923768778527 0.866025403784 -0.500000000000
202.010157677045 -76.419047214872 0.000000000000 1.000000000000
-61.082914341705 66.031963319762 0.866025403784 -0.500000000000
-115.933618752903 -92.111491907052 0.866025403784 0.500000000000
59.956764445568 152.429403912461 0.866025403784 0.500000000000
100.713995134260 -99.186430143211 0.000000000000 1.000000000000
-39.501229189090 -4.719097574287 0.000000000000 1.000000000000
55.158294589089 62.622804835807 0.866025403784 -0.500000000000
148.161997431463 -38.530647690297 0.866025403784 0.500000000000
-55.998759360052 -40.616727685823 0.000000000000 1.000000000000
154.247983233755 -64.533744437458 0.000000000000 1.000000000000
147.352326774864 -101.537948835636 0.866025403784 -0.500000000000
216.133854424073 9.009979778136 0.000000000000 1.000000000000
76.313160756994 110.768669122979 0.866025403784 -0.500000000000
