#Configurational_file created 2018-09-14 11:37:44  started 2018-09-14 11:37:43 run for 1.0s steps 0
name: p_1226
step: 10000
specie: 20
	particle_diameter: 1.0000000000000000
	interaction_length: 1.2000000000000000
	number_of_patches: 3
	number_of_particles_per_compound: 1
	rod_length: 1.0000000000000000
	interaction_matrix:  1.000000 1.000000 1.000000 1.000000 1.000000 1.000000 1.000000 1.000000 1.000000
	patch_type: symmetric
	patch_width: 8.0000000000000000
	patch_angle: 0.0000000000000000
	angles:  0.000000 0.000000 0.000000
	grand_canonical: 0
	chemical_potential: 0.0000000000000000
box: 54.988772 54.988772
copy: 1.000000 1.000000
epsilon: 0.5000000000000000
end_epsilon: 0.0000000000000000
pressure: 0.0001000000000000
lambda: 0.0000000000000000
lambda_coupling: 1.0000000000000000
uy: 0.0000000000000000
maximum_displacement: 1.0000000000000000
maximum_rotation: 1.0000000000000000
maximum_volume: 1.0000000000000000
maximum_shape: 0.0000001000000000
maximum_dsigma: 0.0100000000000000
mod: 10
pmod: 10
optimize: 1
verbose: 1
snapshot: 0
display: 1
explore: 1
npt: 1
nptxy: 0
nptdxdy: 0
shape: 0
seed: 1396753
434.260859139680 -253.475003936873 0.866025403784 0.500000000000
-89.636904580337 -124.271113030348 0.000000000000 1.000000000000
-58.261004821804 -167.078282764984 0.000000000000 1.000000000000
248.669479521910 348.684118883720 0.866025403784 -0.500000000000
383.018295734516 1.536486131862 0.000000000000 1.000000000000
271.167481890782 319.124897810936 0.866025403784 -0.500000000000
176.610828832239 -120.600639010743 0.866025403784 0.500000000000
0.033753377615 -121.494849028866 0.866025403784 0.500000000000
-207.901953090599 274.721581521856 0.866025403784 -0.500000000000
-197.805207010134 316.311980361926 0.866025403784 -0.500000000000
-157.417170770132 -104.323198724297 0.866025403784 -0.500000000000
-370.751717660123 -43.185115951426 0.866025403784 -0.500000000000
7.848818650149 -69.805541741552 0.866025403784 0.500000000000
-42.628851264426 95.362574013230 0.866025403784 0.500000000000
65.664850800584 -296.676799241074 0.866025403784 -0.500000000000
-47.820776456479 -196.146546383106 0.866025403784 -0.500000000000
155.706623371970 240.234058190363 0.866025403784 -0.500000000000
407.862061074951 487.393196113741 0.000000000000 1.000000000000
-370.752505402689 -163.817117148812 0.866025403784 0.500000000000
171.937713129453 84.064292370362 0.866025403784 0.500000000000
