#Configurational_file created 2018-09-14 11:37:33  started 2018-09-14 11:37:32 run for 1.0s steps 0
name: p_1215
step: 10000
specie: 20
	particle_diameter: 1.0000000000000000
	interaction_length: 1.2000000000000000
	number_of_patches: 3
	number_of_particles_per_compound: 1
	rod_length: 1.0000000000000000
	interaction_matrix:  1.000000 1.000000 1.000000 1.000000 1.000000 1.000000 1.000000 1.000000 1.000000
	patch_type: symmetric
	patch_width: 8.0000000000000000
	patch_angle: 0.0000000000000000
	angles:  0.000000 0.000000 0.000000
	grand_canonical: 0
	chemical_potential: 0.0000000000000000
box: 8.031777 8.031777
copy: 1.000000 1.000000
epsilon: 0.4791710000000000
end_epsilon: 0.0000000000000000
pressure: 1.1667080000000001
lambda: 0.0000000000000000
lambda_coupling: 1.0000000000000000
uy: 0.0000000000000000
maximum_displacement: 1.0000000000000000
maximum_rotation: 1.0000000000000000
maximum_volume: 0.6429513768579860
maximum_shape: 0.0000001000000000
maximum_dsigma: 0.0100000000000000
mod: 10
pmod: 10
optimize: 1
verbose: 1
snapshot: 0
display: 1
explore: 1
npt: 1
nptxy: 0
nptdxdy: 0
shape: 0
seed: 1384246
12.811332127623 89.057804690620 0.866025403784 0.500000000000
-30.282246564527 -20.723131776062 0.000000000000 1.000000000000
50.288050057888 36.908490622524 0.000000000000 1.000000000000
143.329058822414 -86.758379385579 0.866025403784 -0.500000000000
75.735401882140 10.394213985946 0.000000000000 1.000000000000
-8.118926220407 71.667468953492 0.866025403784 -0.500000000000
136.594384951561 14.809993423599 0.000000000000 1.000000000000
-46.457986638843 95.931667127912 0.866025403784 -0.500000000000
250.205248553536 63.556788732735 0.000000000000 1.000000000000
47.435001808922 -19.505329633588 0.866025403784 -0.500000000000
7.073156908993 43.124183688111 0.866025403784 -0.500000000000
-61.847029250034 -113.021403642834 0.000000000000 1.000000000000
-23.652554724784 68.251351215934 0.866025403784 0.500000000000
77.843496644590 51.330676373137 0.866025403784 0.500000000000
94.210356511195 117.324704160849 0.000000000000 1.000000000000
-44.242461633099 -2.576555509963 0.000000000000 1.000000000000
-59.071276984009 52.500143215129 0.866025403784 0.500000000000
96.007959488574 74.727369264540 0.000000000000 1.000000000000
3.167553847116 17.461725535995 0.866025403784 0.500000000000
-78.887632169847 147.748282725029 0.866025403784 -0.500000000000
