#Configurational_file created 2018-09-14 11:37:22  started 2018-09-14 11:37:21 run for 1.0s steps 0
name: p_1201
step: 10000
specie: 20
	particle_diameter: 1.0000000000000000
	interaction_length: 1.2000000000000000
	number_of_patches: 3
	number_of_particles_per_compound: 1
	rod_length: 1.0000000000000000
	interaction_matrix:  1.000000 1.000000 1.000000 1.000000 1.000000 1.000000 1.000000 1.000000 1.000000
	patch_type: symmetric
	patch_width: 8.0000000000000000
	patch_angle: 0.0000000000000000
	angles:  0.000000 0.000000 0.000000
	grand_canonical: 0
	chemical_potential: 0.0000000000000000
box: 46.211162 46.211162
copy: 1.000000 1.000000
epsilon: 0.4791710000000000
end_epsilon: 0.0000000000000000
pressure: 0.0001000000000000
lambda: 0.0000000000000000
lambda_coupling: 1.0000000000000000
uy: 0.0000000000000000
maximum_displacement: 1.0000000000000000
maximum_rotation: 1.0000000000000000
maximum_volume: 1.0000000000000000
maximum_shape: 0.0000001000000000
maximum_dsigma: 0.0100000000000000
mod: 10
pmod: 10
optimize: 1
verbose: 1
snapshot: 0
display: 1
explore: 1
npt: 1
nptxy: 0
nptdxdy: 0
shape: 0
seed: 1368328
-16.512379491368 122.454783252451 0.000000000000 1.000000000000
27.819470362470 80.400890408970 0.000000000000 1.000000000000
93.341687296840 -190.131819202669 0.866025403784 -0.500000000000
-58.682378218953 225.907742292626 0.000000000000 1.000000000000
36.225522505535 -173.742560612238 0.866025403784 0.500000000000
173.607990797251 191.671949452689 0.866025403784 -0.500000000000
297.034866732102 -53.198976110491 0.866025403784 0.500000000000
40.579359893418 180.741471626720 0.866025403784 -0.500000000000
-50.884197819737 126.089253560015 0.866025403784 0.500000000000
-74.361189647629 -119.902598087132 0.866025403784 0.500000000000
-197.059207445643 -21.969593837451 0.000000000000 1.000000000000
-171.158133397836 -23.470426245636 0.866025403784 -0.500000000000
-325.427284901542 47.971700084076 0.866025403784 0.500000000000
70.761362157005 -255.008006839418 0.866025403784 -0.500000000000
244.520026020032 105.324431326929 0.866025403784 0.500000000000
123.315228641489 -41.998847390345 0.866025403784 -0.500000000000
219.172785523912 94.427522577385 0.866025403784 0.500000000000
145.147862985795 231.868671158223 0.866025403784 -0.500000000000
-2.626340618586 -66.687151734850 0.000000000000 1.000000000000
-255.219144736812 -217.965251192889 0.866025403784 0.500000000000
