#Configurational_file created 2018-09-14 12:04:31  started 2018-09-14 12:04:30 run for 1.0s steps 0
name: p_1204
step: 10000
specie: 20
	particle_diameter: 1.0000000000000000
	interaction_length: 1.2000000000000000
	number_of_patches: 3
	number_of_particles_per_compound: 1
	rod_length: 1.0000000000000000
	interaction_matrix:  1.000000 1.000000 1.000000 1.000000 1.000000 1.000000 1.000000 1.000000 1.000000
	patch_type: symmetric
	patch_width: 8.0000000000000000
	patch_angle: 0.0000000000000000
	angles:  0.000000 0.000000 0.000000
	grand_canonical: 0
	chemical_potential: 0.0000000000000000
box: 46.412931 46.412931
copy: 1.000000 1.000000
epsilon: 0.0479170000000000
end_epsilon: 0.0000000000000000
pressure: 0.0125010000000000
lambda: 0.0000000000000000
lambda_coupling: 1.0000000000000000
uy: 0.0000000000000000
maximum_displacement: 1.0000000000000000
maximum_rotation: 1.0000000000000000
maximum_volume: 1.0000000000000000
maximum_shape: 0.0000001000000000
maximum_dsigma: 0.0100000000000000
mod: 10
pmod: 10
optimize: 1
verbose: 1
snapshot: 0
display: 1
explore: 1
npt: 1
nptxy: 0
nptdxdy: 0
shape: 0
seed: 1371739
188.678135846447 -32.737228315896 0.000000000000 1.000000000000
-296.374843902544 -53.611182255561 0.866025403784 0.500000000000
95.854444631856 244.689565109017 0.000000000000 1.000000000000
96.095276227568 81.895155473033 0.866025403784 0.500000000000
-75.686826661446 -102.354725348783 0.866025403784 0.500000000000
-125.914187054825 53.431364192936 0.866025403784 -0.500000000000
196.462631886687 -308.695673432487 0.866025403784 0.500000000000
-29.718932251657 220.694370050994 0.866025403784 -0.500000000000
-338.186606304782 -154.248098275758 0.866025403784 0.500000000000
129.073734231337 448.290564835412 0.000000000000 1.000000000000
100.937921892269 -62.734546115626 0.866025403784 -0.500000000000
232.533354415386 -48.458805782483 0.000000000000 1.000000000000
-177.138411007136 179.097555843912 0.866025403784 -0.500000000000
118.876540014585 -81.189912939940 0.866025403784 -0.500000000000
-15.689463979930 41.240128239241 0.000000000000 1.000000000000
173.265219863314 -8.870443477358 0.000000000000 1.000000000000
62.560230091714 60.835851106053 0.866025403784 0.500000000000
-252.765862990892 192.744427649317 0.000000000000 1.000000000000
-121.715179829918 -204.118551768534 0.866025403784 0.500000000000
-39.946657039388 -54.763515701157 0.866025403784 -0.500000000000
