#Configurational_file created 2018-09-14 11:37:52  started 2018-09-14 11:37:51 run for 1.0s steps 0
name: p_1237
step: 10000
specie: 20
	particle_diameter: 1.0000000000000000
	interaction_length: 1.2000000000000000
	number_of_patches: 3
	number_of_particles_per_compound: 1
	rod_length: 1.0000000000000000
	interaction_matrix:  1.000000 1.000000 1.000000 1.000000 1.000000 1.000000 1.000000 1.000000 1.000000
	patch_type: symmetric
	patch_width: 8.0000000000000000
	patch_angle: 0.0000000000000000
	angles:  0.000000 0.000000 0.000000
	grand_canonical: 0
	chemical_potential: 0.0000000000000000
box: 7.989843 7.989843
copy: 1.000000 1.000000
epsilon: 0.5000000000000000
end_epsilon: 0.0000000000000000
pressure: 0.9167210000000000
lambda: 0.0000000000000000
lambda_coupling: 1.0000000000000000
uy: 0.0000000000000000
maximum_displacement: 1.0000000000000000
maximum_rotation: 1.0000000000000000
maximum_volume: 0.7841136011135070
maximum_shape: 0.0000001000000000
maximum_dsigma: 0.0100000000000000
mod: 10
pmod: 10
optimize: 1
verbose: 1
snapshot: 0
display: 1
explore: 1
npt: 1
nptxy: 0
nptdxdy: 0
shape: 0
seed: 1409260
17.494251398398 -47.860012193975 0.866025403784 -0.500000000000
41.860270875410 21.336986106820 0.866025403784 0.500000000000
-79.134847868218 18.222015152586 0.000000000000 1.000000000000
-25.010590459221 73.812892069876 0.000000000000 1.000000000000
94.067221532905 -44.843388766132 0.000000000000 1.000000000000
114.444591775363 182.384720846060 0.866025403784 0.500000000000
129.837325322016 -32.437870017270 0.866025403784 0.500000000000
0.337720119010 44.380474382524 0.866025403784 0.500000000000
3.365976339584 85.179249804812 0.000000000000 1.000000000000
-82.656171789937 54.984302809644 0.866025403784 -0.500000000000
11.108740973231 -47.494205045672 0.000000000000 1.000000000000
22.114043986244 28.109378705711 0.000000000000 1.000000000000
43.243657583069 -4.189672574821 0.000000000000 1.000000000000
30.601888779418 -47.536953113200 0.000000000000 1.000000000000
23.882554402010 -24.245094566079 0.000000000000 1.000000000000
54.792315700128 -9.342334500390 0.866025403784 0.500000000000
-45.516046041680 -13.618074232610 0.866025403784 -0.500000000000
-18.394150777122 -46.170895950597 0.866025403784 -0.500000000000
-5.499250743337 65.000170097017 0.866025403784 -0.500000000000
91.645150888416 50.139447104216 0.866025403784 0.500000000000
