#Configurational_file created 2018-09-14 12:04:51  started 2018-09-14 12:04:50 run for 1.0s steps 0
name: p_1231
step: 10000
specie: 20
	particle_diameter: 1.0000000000000000
	interaction_length: 1.2000000000000000
	number_of_patches: 3
	number_of_particles_per_compound: 1
	rod_length: 1.0000000000000000
	interaction_matrix:  1.000000 1.000000 1.000000 1.000000 1.000000 1.000000 1.000000 1.000000 1.000000
	patch_type: symmetric
	patch_width: 8.0000000000000000
	patch_angle: 0.0000000000000000
	angles:  0.000000 0.000000 0.000000
	grand_canonical: 0
	chemical_potential: 0.0000000000000000
box: 50.377532 50.377532
copy: 1.000000 1.000000
epsilon: 0.0500000000000000
end_epsilon: 0.0000000000000000
pressure: 0.0208340000000000
lambda: 0.0000000000000000
lambda_coupling: 1.0000000000000000
uy: 0.0000000000000000
maximum_displacement: 1.0000000000000000
maximum_rotation: 1.0000000000000000
maximum_volume: 1.0000000000000000
maximum_shape: 0.0000001000000000
maximum_dsigma: 0.0100000000000000
mod: 10
pmod: 10
optimize: 1
verbose: 1
snapshot: 0
display: 1
explore: 1
npt: 1
nptxy: 0
nptdxdy: 0
shape: 0
seed: 1402438
5.122591518456 340.131821936430 0.000000000000 1.000000000000
211.589451759267 -220.417787173615 0.866025403784 -0.500000000000
258.355971240412 -55.287748038844 0.866025403784 0.500000000000
12.594055291907 -326.613192929338 0.866025403784 -0.500000000000
-3.054403708648 328.965163166820 0.866025403784 -0.500000000000
155.599687811009 -63.830126827379 0.866025403784 -0.500000000000
342.158306642388 165.032195678378 0.866025403784 0.500000000000
-32.337358250356 -195.546365335724 0.866025403784 -0.500000000000
313.838865933028 245.461602796000 0.000000000000 1.000000000000
-41.295093547106 285.268647486052 0.866025403784 -0.500000000000
324.894664073111 -167.341937699358 0.000000000000 1.000000000000
-211.291783881281 9.832463380911 0.866025403784 0.500000000000
141.591265872516 -218.659197552152 0.000000000000 1.000000000000
25.281974711723 131.466493801452 0.866025403784 0.500000000000
151.822352390496 323.071700388313 0.866025403784 0.500000000000
41.981524354271 -439.393472580834 0.000000000000 1.000000000000
193.485580277676 101.452752928656 0.866025403784 0.500000000000
363.845501115744 278.961951650542 0.000000000000 1.000000000000
70.870355234347 -224.420795071806 0.866025403784 -0.500000000000
-242.242213726965 18.866248611012 0.000000000000 1.000000000000
