#Configurational_file created 2018-09-14 11:07:05  started 2018-09-14 11:07:04 run for 1.0s steps 0
name: p_127
step: 10000
specie: 20
	particle_diameter: 1.0000000000000000
	interaction_length: 1.2000000000000000
	number_of_patches: 3
	number_of_particles_per_compound: 1
	rod_length: 1.0000000000000000
	interaction_matrix:  1.000000 1.000000 1.000000 1.000000 1.000000 1.000000 1.000000 1.000000 1.000000
	patch_type: symmetric
	patch_width: 8.0000000000000000
	patch_angle: 0.0000000000000000
	angles:  0.000000 0.000000 0.000000
	grand_canonical: 0
	chemical_potential: 0.0000000000000000
box: 7.340796 7.340796
copy: 1.000000 1.000000
epsilon: 0.5000000000000000
end_epsilon: 0.0000000000000000
pressure: 1.7142999999999999
lambda: 0.0000000000000000
lambda_coupling: 1.0000000000000000
uy: 0.0000000000000000
maximum_displacement: 1.0000000000000000
maximum_rotation: 1.0000000000000000
maximum_volume: 0.2788004055117488
maximum_shape: 0.0000001000000000
maximum_dsigma: 0.0100000000000000
mod: 10
pmod: 10
optimize: 1
verbose: 1
snapshot: 0
display: 1
explore: 1
npt: 1
nptxy: 0
nptdxdy: 0
shape: 0
seed: 147269
142.872351861745 93.067854893675 0.866025403784 0.500000000000
57.273469464875 20.124433149253 0.866025403784 0.500000000000
-10.322245593758 20.742612957265 0.000000000000 1.000000000000
-51.826938194762 -64.497557748099 0.866025403784 -0.500000000000
-33.472596098558 155.551918679078 0.000000000000 1.000000000000
39.065881206503 -30.821742900064 0.866025403784 -0.500000000000
21.131379065809 25.659845247685 0.000000000000 1.000000000000
-29.356536953390 -41.174936051061 0.000000000000 1.000000000000
-20.212065799925 123.011986011356 0.000000000000 1.000000000000
-64.741355282154 9.838996973193 0.000000000000 1.000000000000
3.407324762637 110.477615413190 0.000000000000 1.000000000000
-56.126517832769 -43.380379799822 0.866025403784 -0.500000000000
-90.620937413375 -20.162714106368 0.866025403784 -0.500000000000
-63.918354020432 69.906159682225 0.000000000000 1.000000000000
-35.446970820926 50.566678161798 0.866025403784 0.500000000000
-54.613425765402 -2.771609715569 0.000000000000 1.000000000000
93.130651717567 -20.764385476317 0.000000000000 1.000000000000
66.773086072076 -13.200346909256 0.866025403784 0.500000000000
-67.796239201783 -46.956322496952 0.000000000000 1.000000000000
58.705535860429 27.875954323039 0.866025403784 -0.500000000000
