#Configurational_file created 2018-09-14 14:00:38  started 2018-09-14 14:00:37 run for 1.0s steps 0
name: p_1240
step: 10000
specie: 20
	particle_diameter: 1.0000000000000000
	interaction_length: 1.2000000000000000
	number_of_patches: 3
	number_of_particles_per_compound: 1
	rod_length: 1.0000000000000000
	interaction_matrix:  1.000000 1.000000 1.000000 1.000000 1.000000 1.000000 1.000000 1.000000 1.000000
	patch_type: symmetric
	patch_width: 8.0000000000000000
	patch_angle: 0.0000000000000000
	angles:  0.000000 0.000000 0.000000
	grand_canonical: 0
	chemical_potential: 0.0000000000000000
box: 14.772470 14.772470
copy: 1.000000 1.000000
epsilon: 0.7586210000000000
end_epsilon: 0.0000000000000000
pressure: 0.1551730000000000
lambda: 0.0000000000000000
lambda_coupling: 1.0000000000000000
uy: 0.0000000000000000
maximum_displacement: 1.0000000000000000
maximum_rotation: 1.0000000000000000
maximum_volume: 1.0000000000000000
maximum_shape: 0.0000001000000000
maximum_dsigma: 0.0100000000000000
mod: 10
pmod: 10
optimize: 1
verbose: 1
snapshot: 0
display: 1
explore: 1
npt: 1
nptxy: 0
nptdxdy: 0
shape: 0
seed: 1412671
-15.694959875577 -37.258522890926 0.866025403784 -0.500000000000
-73.759575992454 -43.206639075976 0.866025403784 0.500000000000
20.253712058101 2.492057150564 0.000000000000 1.000000000000
31.575673934113 -33.695035573165 0.866025403784 -0.500000000000
-169.692545710964 -38.325718902212 0.866025403784 -0.500000000000
28.768717595367 -88.977802536784 0.866025403784 -0.500000000000
-0.364101691329 -18.144448403412 0.866025403784 0.500000000000
100.350979348599 3.719493995531 0.866025403784 0.500000000000
130.046503068772 -81.612292569674 0.000000000000 1.000000000000
-34.763346797468 54.877594526655 0.866025403784 -0.500000000000
17.485644499567 170.735212408068 0.000000000000 1.000000000000
105.596845418530 50.459220518410 0.000000000000 1.000000000000
-79.542805321035 -21.345988924920 0.866025403784 0.500000000000
-0.099306785931 -54.277041501053 0.866025403784 -0.500000000000
43.171660325583 -63.159329704490 0.000000000000 1.000000000000
84.723248180285 48.687806776321 0.866025403784 0.500000000000
-2.070294391455 -91.216655492256 0.000000000000 1.000000000000
153.118792856154 -68.264580240195 0.866025403784 0.500000000000
100.787537339334 -57.940171575670 0.866025403784 -0.500000000000
72.516928080419 285.764452498571 0.866025403784 -0.500000000000
