#Configurational_file created 2018-09-14 11:07:04  started 2018-09-14 11:07:03 run for 1.0s steps 0
name: p_126
step: 10000
specie: 20
	particle_diameter: 1.0000000000000000
	interaction_length: 1.2000000000000000
	number_of_patches: 3
	number_of_particles_per_compound: 1
	rod_length: 1.0000000000000000
	interaction_matrix:  1.000000 1.000000 1.000000 1.000000 1.000000 1.000000 1.000000 1.000000 1.000000
	patch_type: symmetric
	patch_width: 8.0000000000000000
	patch_angle: 0.0000000000000000
	angles:  0.000000 0.000000 0.000000
	grand_canonical: 0
	chemical_potential: 0.0000000000000000
box: 7.485484 7.485484
copy: 1.000000 1.000000
epsilon: 0.5000000000000000
end_epsilon: 0.0000000000000000
pressure: 1.4286000000000001
lambda: 0.0000000000000000
lambda_coupling: 1.0000000000000000
uy: 0.0000000000000000
maximum_displacement: 1.0000000000000000
maximum_rotation: 1.0000000000000000
maximum_volume: 0.3335566975541009
maximum_shape: 0.0000001000000000
maximum_dsigma: 0.0100000000000000
mod: 10
pmod: 10
optimize: 1
verbose: 1
snapshot: 0
display: 1
explore: 1
npt: 1
nptxy: 0
nptdxdy: 0
shape: 0
seed: 146132
75.118118992476 31.129535885293 0.000000000000 1.000000000000
77.717130502137 -189.702381643951 0.000000000000 1.000000000000
96.473591174506 -27.731202211926 0.000000000000 1.000000000000
31.302381526438 71.402643516772 0.000000000000 1.000000000000
-140.234978911715 -30.208851936639 0.866025403784 -0.500000000000
23.156190919114 28.263257269925 0.000000000000 1.000000000000
-2.937325127628 114.513407973022 0.000000000000 1.000000000000
109.871259519164 -45.020577303864 0.866025403784 0.500000000000
-23.681861346178 -41.430763315577 0.866025403784 0.500000000000
32.217634185749 65.887417699194 0.866025403784 -0.500000000000
-26.790861478489 -89.488116865899 0.000000000000 1.000000000000
60.503142713607 -7.712176412033 0.000000000000 1.000000000000
15.951822427517 -20.291021758605 0.000000000000 1.000000000000
-52.260422396223 56.579884435093 0.000000000000 1.000000000000
87.295097604115 52.822815375771 0.866025403784 -0.500000000000
-40.452285135013 58.794073611857 0.866025403784 0.500000000000
-53.100950394212 66.505864547950 0.866025403784 -0.500000000000
-10.543332831246 -56.104543988902 0.866025403784 -0.500000000000
111.009154941133 31.357593365781 0.866025403784 0.500000000000
-94.369763892093 3.134204389208 0.866025403784 -0.500000000000
