#Configurational_file created 2018-09-14 14:00:37  started 2018-09-14 14:00:36 run for 1.0s steps 0
name: p_1239
step: 10000
specie: 20
	particle_diameter: 1.0000000000000000
	interaction_length: 1.2000000000000000
	number_of_patches: 3
	number_of_particles_per_compound: 1
	rod_length: 1.0000000000000000
	interaction_matrix:  1.000000 1.000000 1.000000 1.000000 1.000000 1.000000 1.000000 1.000000 1.000000
	patch_type: symmetric
	patch_width: 8.0000000000000000
	patch_angle: 0.0000000000000000
	angles:  0.000000 0.000000 0.000000
	grand_canonical: 0
	chemical_potential: 0.0000000000000000
box: 11.533858 11.533858
copy: 1.000000 1.000000
epsilon: 0.7586210000000000
end_epsilon: 0.0000000000000000
pressure: 0.1379320000000000
lambda: 0.0000000000000000
lambda_coupling: 1.0000000000000000
uy: 0.0000000000000000
maximum_displacement: 1.0000000000000000
maximum_rotation: 1.0000000000000000
maximum_volume: 1.0000000000000000
maximum_shape: 0.0000001000000000
maximum_dsigma: 0.0100000000000000
mod: 10
pmod: 10
optimize: 1
verbose: 1
snapshot: 0
display: 1
explore: 1
npt: 1
nptxy: 0
nptdxdy: 0
shape: 0
seed: 1411534
-19.608507548156 -15.804063554995 0.000000000000 1.000000000000
-49.876783099345 84.820609810200 0.866025403784 -0.500000000000
-11.718457404309 99.556885083557 0.866025403784 0.500000000000
22.313315535307 121.842972000172 0.000000000000 1.000000000000
111.287135685853 -37.315336535214 0.866025403784 0.500000000000
83.173639862747 0.338113922893 0.866025403784 0.500000000000
122.704316607093 58.321564261880 0.866025403784 -0.500000000000
67.129013382986 -8.326937259889 0.000000000000 1.000000000000
4.969625013822 -63.282332580794 0.866025403784 -0.500000000000
75.695926228749 69.473752259751 0.000000000000 1.000000000000
21.196308555752 -83.188518316734 0.000000000000 1.000000000000
-92.885720075345 164.063411789385 0.866025403784 -0.500000000000
153.528538576232 -13.651584096925 0.866025403784 0.500000000000
199.282509939711 62.665357079073 0.866025403784 0.500000000000
22.665952764615 -56.638555544960 0.000000000000 1.000000000000
-14.557673799694 -10.612153590286 0.866025403784 0.500000000000
66.172455838626 163.791716791640 0.000000000000 1.000000000000
-39.502052363026 -47.982467119146 0.866025403784 0.500000000000
-73.661749492555 152.332559482889 0.000000000000 1.000000000000
39.396207966120 -23.628798892256 0.866025403784 0.500000000000
