#Configurational_file created 2018-09-14 12:04:49  started 2018-09-14 12:04:48 run for 1.0s steps 0
name: p_1228
step: 10000
specie: 20
	particle_diameter: 1.0000000000000000
	interaction_length: 1.2000000000000000
	number_of_patches: 3
	number_of_particles_per_compound: 1
	rod_length: 1.0000000000000000
	interaction_matrix:  1.000000 1.000000 1.000000 1.000000 1.000000 1.000000 1.000000 1.000000 1.000000
	patch_type: symmetric
	patch_width: 8.0000000000000000
	patch_angle: 0.0000000000000000
	angles:  0.000000 0.000000 0.000000
	grand_canonical: 0
	chemical_potential: 0.0000000000000000
box: 43.724241 43.724241
copy: 1.000000 1.000000
epsilon: 0.0500000000000000
end_epsilon: 0.0000000000000000
pressure: 0.0083340000000000
lambda: 0.0000000000000000
lambda_coupling: 1.0000000000000000
uy: 0.0000000000000000
maximum_displacement: 1.0000000000000000
maximum_rotation: 1.0000000000000000
maximum_volume: 1.0000000000000000
maximum_shape: 0.0000001000000000
maximum_dsigma: 0.0100000000000000
mod: 10
pmod: 10
optimize: 1
verbose: 1
snapshot: 0
display: 1
explore: 1
npt: 1
nptxy: 0
nptdxdy: 0
shape: 0
seed: 1399027
265.520291646270 -31.928780628019 0.866025403784 -0.500000000000
50.967310599411 -100.721507978320 0.866025403784 0.500000000000
79.037922459044 139.977320823453 0.866025403784 -0.500000000000
-144.579679135598 -66.150181197874 0.866025403784 -0.500000000000
-93.585196664303 106.209448336537 0.866025403784 -0.500000000000
258.584709699198 40.426122354752 0.866025403784 -0.500000000000
32.907403339727 193.965021156710 0.000000000000 1.000000000000
83.806367981409 93.001758349095 0.866025403784 0.500000000000
-13.969315173464 81.618005894009 0.866025403784 0.500000000000
-205.540478162362 -114.202212819678 0.866025403784 -0.500000000000
-103.739544609387 111.501569839797 0.000000000000 1.000000000000
-206.366423054957 -253.233759189531 0.866025403784 0.500000000000
89.994476200511 169.272972110852 0.866025403784 0.500000000000
314.939984853794 265.196014589540 0.866025403784 -0.500000000000
77.850168916648 304.003655089570 0.866025403784 0.500000000000
31.523336736308 91.120852451148 0.866025403784 0.500000000000
341.219007365599 -19.022231327579 0.866025403784 -0.500000000000
-140.693640658788 -172.844293861782 0.866025403784 0.500000000000
-105.979082861889 319.107206321761 0.866025403784 0.500000000000
-155.540288519568 123.871029340126 0.866025403784 -0.500000000000
