#Configurational_file created 2018-09-14 11:37:39  started 2018-09-14 11:37:38 run for 1.0s steps 0
name: p_1221
step: 10000
specie: 20
	particle_diameter: 1.0000000000000000
	interaction_length: 1.2000000000000000
	number_of_patches: 3
	number_of_particles_per_compound: 1
	rod_length: 1.0000000000000000
	interaction_matrix:  1.000000 1.000000 1.000000 1.000000 1.000000 1.000000 1.000000 1.000000 1.000000
	patch_type: symmetric
	patch_width: 8.0000000000000000
	patch_angle: 0.0000000000000000
	angles:  0.000000 0.000000 0.000000
	grand_canonical: 0
	chemical_potential: 0.0000000000000000
box: 7.635409 7.635409
copy: 1.000000 1.000000
epsilon: 0.4791710000000000
end_epsilon: 0.0000000000000000
pressure: 1.6666829999999999
lambda: 0.0000000000000000
lambda_coupling: 1.0000000000000000
uy: 0.0000000000000000
maximum_displacement: 1.0000000000000000
maximum_rotation: 1.0000000000000000
maximum_volume: 0.3754043255582963
maximum_shape: 0.0000001000000000
maximum_dsigma: 0.0100000000000000
mod: 10
pmod: 10
optimize: 1
verbose: 1
snapshot: 0
display: 1
explore: 1
npt: 1
nptxy: 0
nptdxdy: 0
shape: 0
seed: 1391068
148.343113870364 8.436805868976 0.866025403784 -0.500000000000
34.838322556292 39.085056636850 0.866025403784 0.500000000000
-57.723358303805 34.086832818590 0.866025403784 0.500000000000
-7.220061101471 90.923199513941 0.000000000000 1.000000000000
127.760140200714 -52.189975834208 0.000000000000 1.000000000000
-35.247476681283 -91.906655317500 0.000000000000 1.000000000000
48.880585818582 -43.155025370895 0.000000000000 1.000000000000
23.344233044907 -20.273528212604 0.866025403784 -0.500000000000
30.222959196978 44.267393437463 0.000000000000 1.000000000000
80.520794416983 -78.379123809128 0.000000000000 1.000000000000
32.689667427533 -16.577206709365 0.866025403784 -0.500000000000
66.012931935817 -54.137786691166 0.000000000000 1.000000000000
-33.287181637411 -57.463775983532 0.000000000000 1.000000000000
-128.157262104574 -29.835540605921 0.866025403784 -0.500000000000
-92.914655336072 -4.003306571910 0.000000000000 1.000000000000
59.960711769092 67.496559155338 0.866025403784 -0.500000000000
1.390807135595 19.491669402698 0.866025403784 -0.500000000000
-3.311138746293 41.409893295608 0.866025403784 0.500000000000
-22.625589910973 123.093808275834 0.000000000000 1.000000000000
132.116516366792 93.716262111248 0.866025403784 0.500000000000
