#Configurational_file created 2018-09-14 14:00:15  started 2018-09-14 14:00:14 run for 1.0s steps 0
name: p_1210
step: 10000
specie: 20
	particle_diameter: 1.0000000000000000
	interaction_length: 1.2000000000000000
	number_of_patches: 3
	number_of_particles_per_compound: 1
	rod_length: 1.0000000000000000
	interaction_matrix:  1.000000 1.000000 1.000000 1.000000 1.000000 1.000000 1.000000 1.000000 1.000000
	patch_type: symmetric
	patch_width: 8.0000000000000000
	patch_angle: 0.0000000000000000
	angles:  0.000000 0.000000 0.000000
	grand_canonical: 0
	chemical_potential: 0.0000000000000000
box: 15.526590 15.526590
copy: 1.000000 1.000000
epsilon: 0.6896560000000000
end_epsilon: 0.0000000000000000
pressure: 0.1551730000000000
lambda: 0.0000000000000000
lambda_coupling: 1.0000000000000000
uy: 0.0000000000000000
maximum_displacement: 1.0000000000000000
maximum_rotation: 1.0000000000000000
maximum_volume: 1.0000000000000000
maximum_shape: 0.0000001000000000
maximum_dsigma: 0.0100000000000000
mod: 10
pmod: 10
optimize: 1
verbose: 1
snapshot: 0
display: 1
explore: 1
npt: 1
nptxy: 0
nptdxdy: 0
shape: 0
seed: 1378561
-66.740634054010 -93.895386448302 0.866025403784 -0.500000000000
-180.193359434469 77.779966124593 0.866025403784 -0.500000000000
6.873214625942 -85.839967014230 0.000000000000 1.000000000000
155.318838134279 14.346103868535 0.866025403784 -0.500000000000
-21.674689077435 -172.655238140204 0.866025403784 -0.500000000000
133.564703308053 73.256336072332 0.866025403784 0.500000000000
74.075712523167 36.520736721968 0.866025403784 -0.500000000000
-41.451669267212 15.235212873021 0.866025403784 -0.500000000000
-126.866172475859 210.887597322358 0.866025403784 0.500000000000
143.929417007069 -60.936933088997 0.866025403784 0.500000000000
-28.611884800639 -169.979564748440 0.866025403784 0.500000000000
-41.162462583101 -181.787416764840 0.866025403784 -0.500000000000
79.028155983339 -232.245586066182 0.866025403784 -0.500000000000
-94.940558058420 -148.690736033871 0.000000000000 1.000000000000
80.350913606487 69.751789369436 0.000000000000 1.000000000000
210.612041532487 115.743035293184 0.866025403784 -0.500000000000
-62.752025661441 -21.552760120433 0.866025403784 0.500000000000
-181.362898660402 75.854997819253 0.866025403784 0.500000000000
41.051616162121 80.317104076475 0.866025403784 0.500000000000
-162.433519301481 -189.341619026094 0.866025403784 -0.500000000000
