#Configurational_file created 2018-09-14 14:00:10  started 2018-09-14 14:00:10 run for 0.0s steps 0
name: p_1203
step: 10000
specie: 20
	particle_diameter: 1.0000000000000000
	interaction_length: 1.2000000000000000
	number_of_patches: 3
	number_of_particles_per_compound: 1
	rod_length: 1.0000000000000000
	interaction_matrix:  1.000000 1.000000 1.000000 1.000000 1.000000 1.000000 1.000000 1.000000 1.000000
	patch_type: symmetric
	patch_width: 8.0000000000000000
	patch_angle: 0.0000000000000000
	angles:  0.000000 0.000000 0.000000
	grand_canonical: 0
	chemical_potential: 0.0000000000000000
box: 36.851800 36.851800
copy: 1.000000 1.000000
epsilon: 0.6896560000000000
end_epsilon: 0.0000000000000000
pressure: 0.0344840000000000
lambda: 0.0000000000000000
lambda_coupling: 1.0000000000000000
uy: 0.0000000000000000
maximum_displacement: 1.0000000000000000
maximum_rotation: 1.0000000000000000
maximum_volume: 1.0000000000000000
maximum_shape: 0.0000001000000000
maximum_dsigma: 0.0100000000000000
mod: 10
pmod: 10
optimize: 1
verbose: 1
snapshot: 0
display: 1
explore: 1
npt: 1
nptxy: 0
nptdxdy: 0
shape: 0
seed: 1370602
56.990718299929 98.864356734458 0.000000000000 1.000000000000
-192.651173530816 -58.210289758353 0.000000000000 1.000000000000
155.899748795040 -85.671188097830 0.000000000000 1.000000000000
71.602754332982 -47.293663002561 0.866025403784 -0.500000000000
133.984273699870 21.205704678051 0.866025403784 -0.500000000000
111.816128060598 128.692347387075 0.866025403784 -0.500000000000
-144.012763639293 -127.308536269439 0.000000000000 1.000000000000
-224.462555424003 -96.932952071801 0.866025403784 -0.500000000000
216.897002282861 75.145082449531 0.866025403784 -0.500000000000
-78.741704586426 -103.939135748445 0.866025403784 0.500000000000
375.472833897312 317.200241527113 0.000000000000 1.000000000000
60.900462406354 -7.528848958770 0.866025403784 0.500000000000
-107.159624717233 -258.130554334223 0.000000000000 1.000000000000
-133.801045844658 -58.677505600414 0.866025403784 0.500000000000
60.220325689974 -49.424437842588 0.866025403784 0.500000000000
174.684462982004 117.973627632828 0.000000000000 1.000000000000
261.549533558907 133.152581344866 0.866025403784 0.500000000000
21.582476722786 6.545707004322 0.866025403784 0.500000000000
-128.258666878696 -6.492759102869 0.866025403784 0.500000000000
-202.135786321430 -61.381508884328 0.866025403784 0.500000000000
