#Configurational_file created 2018-09-14 11:37:54  started 2018-09-14 11:37:53 run for 1.0s steps 0
name: p_1239
step: 10000
specie: 20
	particle_diameter: 1.0000000000000000
	interaction_length: 1.2000000000000000
	number_of_patches: 3
	number_of_particles_per_compound: 1
	rod_length: 1.0000000000000000
	interaction_matrix:  1.000000 1.000000 1.000000 1.000000 1.000000 1.000000 1.000000 1.000000 1.000000
	patch_type: symmetric
	patch_width: 8.0000000000000000
	patch_angle: 0.0000000000000000
	angles:  0.000000 0.000000 0.000000
	grand_canonical: 0
	chemical_potential: 0.0000000000000000
box: 8.196031 8.196031
copy: 1.000000 1.000000
epsilon: 0.5000000000000000
end_epsilon: 0.0000000000000000
pressure: 1.0833790000000001
lambda: 0.0000000000000000
lambda_coupling: 1.0000000000000000
uy: 0.0000000000000000
maximum_displacement: 1.0000000000000000
maximum_rotation: 1.0000000000000000
maximum_volume: 0.5774078480267620
maximum_shape: 0.0000001000000000
maximum_dsigma: 0.0100000000000000
mod: 10
pmod: 10
optimize: 1
verbose: 1
snapshot: 0
display: 1
explore: 1
npt: 1
nptxy: 0
nptdxdy: 0
shape: 0
seed: 1411534
116.063293367642 20.835176105290 0.866025403784 -0.500000000000
57.254253942687 11.405908310623 0.000000000000 1.000000000000
30.100259216562 66.024683121946 0.000000000000 1.000000000000
34.438238335646 18.672266248061 0.866025403784 -0.500000000000
83.211098508796 51.017651910728 0.866025403784 0.500000000000
4.723008630557 0.429515322663 0.866025403784 0.500000000000
-23.934716677639 14.358558662184 0.866025403784 -0.500000000000
10.569923562713 -57.534309593289 0.000000000000 1.000000000000
-115.528192570010 30.846485620536 0.866025403784 0.500000000000
-2.537028667724 48.148818927976 0.000000000000 1.000000000000
-4.927362502826 -120.666312268781 0.866025403784 -0.500000000000
61.911667392647 112.104459150413 0.000000000000 1.000000000000
34.811478735654 -57.385272848213 0.866025403784 -0.500000000000
73.565336459293 -47.140177604565 0.866025403784 0.500000000000
-54.271423559755 -82.956491632353 0.000000000000 1.000000000000
-1.129106738645 75.098799104727 0.000000000000 1.000000000000
71.365830138239 60.682936749984 0.000000000000 1.000000000000
-47.101803174877 83.726063274913 0.000000000000 1.000000000000
9.399489678014 89.167518218552 0.866025403784 -0.500000000000
14.225854958578 83.887928193648 0.866025403784 0.500000000000
