#Configurational_file created 2018-09-14 11:37:40  started 2018-09-14 11:37:39 run for 1.0s steps 0
name: p_1222
step: 10000
specie: 20
	particle_diameter: 1.0000000000000000
	interaction_length: 1.2000000000000000
	number_of_patches: 3
	number_of_particles_per_compound: 1
	rod_length: 1.0000000000000000
	interaction_matrix:  1.000000 1.000000 1.000000 1.000000 1.000000 1.000000 1.000000 1.000000 1.000000
	patch_type: symmetric
	patch_width: 8.0000000000000000
	patch_angle: 0.0000000000000000
	angles:  0.000000 0.000000 0.000000
	grand_canonical: 0
	chemical_potential: 0.0000000000000000
box: 6.575449 6.575449
copy: 1.000000 1.000000
epsilon: 0.4791710000000000
end_epsilon: 0.0000000000000000
pressure: 1.7500119999999999
lambda: 0.0000000000000000
lambda_coupling: 1.0000000000000000
uy: 0.0000000000000000
maximum_displacement: 1.0000000000000000
maximum_rotation: 1.0000000000000000
maximum_volume: 0.3007011475467573
maximum_shape: 0.0000001000000000
maximum_dsigma: 0.0100000000000000
mod: 10
pmod: 10
optimize: 1
verbose: 1
snapshot: 0
display: 1
explore: 1
npt: 1
nptxy: 0
nptdxdy: 0
shape: 0
seed: 1392205
-111.750002278721 78.255865074360 0.866025403784 0.500000000000
-95.701352081146 53.929820365964 0.866025403784 0.500000000000
17.832237939648 17.410593869247 0.866025403784 -0.500000000000
-81.803912694383 -11.439901088053 0.866025403784 -0.500000000000
-210.147601777196 -28.780135633423 0.000000000000 1.000000000000
-21.170901088462 16.466780950242 0.866025403784 0.500000000000
-7.366223409042 1.385144669089 0.000000000000 1.000000000000
0.748282253119 47.231795226804 0.000000000000 1.000000000000
19.773598153091 50.383873630491 0.866025403784 -0.500000000000
1.849714570444 -10.396942899297 0.866025403784 0.500000000000
-45.411414184516 -34.049405463270 0.000000000000 1.000000000000
57.780445518045 -32.152386790565 0.866025403784 -0.500000000000
-37.833786173687 156.855266713369 0.000000000000 1.000000000000
-47.958336177691 -0.626095732221 0.000000000000 1.000000000000
66.563917110719 -46.029232683450 0.866025403784 0.500000000000
0.662125969171 -83.254845583024 0.000000000000 1.000000000000
-109.030582840977 -28.874557151643 0.000000000000 1.000000000000
-22.217138519872 -26.620482222437 0.866025403784 -0.500000000000
-138.780796676656 9.442885371626 0.000000000000 1.000000000000
61.243093182819 19.590711592920 0.866025403784 0.500000000000
