#Configurational_file created 2018-09-14 11:07:06  started 2018-09-14 11:07:05 run for 1.0s steps 0
name: p_128
step: 10000
specie: 20
	particle_diameter: 1.0000000000000000
	interaction_length: 1.2000000000000000
	number_of_patches: 3
	number_of_particles_per_compound: 1
	rod_length: 1.0000000000000000
	interaction_matrix:  1.000000 1.000000 1.000000 1.000000 1.000000 1.000000 1.000000 1.000000 1.000000
	patch_type: symmetric
	patch_width: 8.0000000000000000
	patch_angle: 0.0000000000000000
	angles:  0.000000 0.000000 0.000000
	grand_canonical: 0
	chemical_potential: 0.0000000000000000
box: 6.406231 6.406231
copy: 1.000000 1.000000
epsilon: 0.5000000000000000
end_epsilon: 0.0000000000000000
pressure: 2.0000000000000000
lambda: 0.0000000000000000
lambda_coupling: 1.0000000000000000
uy: 0.0000000000000000
maximum_displacement: 1.0000000000000000
maximum_rotation: 1.0000000000000000
maximum_volume: 0.2617609919733232
maximum_shape: 0.0000001000000000
maximum_dsigma: 0.0100000000000000
mod: 10
pmod: 10
optimize: 1
verbose: 1
snapshot: 0
display: 1
explore: 1
npt: 1
nptxy: 0
nptdxdy: 0
shape: 0
seed: 148406
81.512309392616 64.380461046286 0.866025403784 0.500000000000
-74.900467030530 -15.797763023187 0.866025403784 -0.500000000000
38.876657988430 99.577579997103 0.000000000000 1.000000000000
8.691623687083 71.470584248752 0.866025403784 0.500000000000
-87.259791847106 27.936979799908 0.866025403784 -0.500000000000
-9.931042019303 6.427941843176 0.000000000000 1.000000000000
-18.788332664199 -43.402115511189 0.866025403784 -0.500000000000
-0.639200228679 -18.414861474796 0.866025403784 0.500000000000
68.256562423842 13.569462929798 0.866025403784 -0.500000000000
36.279046585597 75.106617806067 0.866025403784 -0.500000000000
-74.953975465791 -32.536221574008 0.866025403784 -0.500000000000
-18.337661255589 17.087760906848 0.866025403784 0.500000000000
5.204302399862 -29.671942548379 0.866025403784 -0.500000000000
-7.790359621854 74.957466732623 0.000000000000 1.000000000000
-56.147506643544 11.627612113032 0.000000000000 1.000000000000
93.658281925960 -23.455267974476 0.866025403784 -0.500000000000
31.868820966868 -97.713014494432 0.866025403784 -0.500000000000
-24.845620372583 -31.992034345750 0.866025403784 -0.500000000000
-35.357617045018 -41.568954492000 0.866025403784 -0.500000000000
37.818546600142 -31.879789691201 0.000000000000 1.000000000000
