#Configurational_file created 2018-09-14 11:38:05  started 2018-09-14 11:38:04 run for 1.0s steps 0
name: p_1250
step: 10000
specie: 20
	particle_diameter: 1.0000000000000000
	interaction_length: 1.2000000000000000
	number_of_patches: 3
	number_of_particles_per_compound: 1
	rod_length: 1.0000000000000000
	interaction_matrix:  1.000000 1.000000 1.000000 1.000000 1.000000 1.000000 1.000000 1.000000 1.000000
	patch_type: symmetric
	patch_width: 8.0000000000000000
	patch_angle: 0.0000000000000000
	angles:  0.000000 0.000000 0.000000
	grand_canonical: 0
	chemical_potential: 0.0000000000000000
box: 6.919905 6.919905
copy: 1.000000 1.000000
epsilon: 0.5000000000000000
end_epsilon: 0.0000000000000000
pressure: 2.0000000000000000
lambda: 0.0000000000000000
lambda_coupling: 1.0000000000000000
uy: 0.0000000000000000
maximum_displacement: 1.0000000000000000
maximum_rotation: 1.0000000000000000
maximum_volume: 0.2980395346778510
maximum_shape: 0.0000001000000000
maximum_dsigma: 0.0100000000000000
mod: 10
pmod: 10
optimize: 1
verbose: 1
snapshot: 0
display: 1
explore: 1
npt: 1
nptxy: 0
nptdxdy: 0
shape: 0
seed: 1424041
147.909835867398 -34.015278734048 0.866025403784 -0.500000000000
19.291402387099 43.365367240349 0.000000000000 1.000000000000
28.451177471476 -9.735074637879 0.866025403784 0.500000000000
-11.572122052483 -49.757516127900 0.000000000000 1.000000000000
-76.827034114501 -47.938141726846 0.000000000000 1.000000000000
13.294756104479 71.492730022555 0.866025403784 -0.500000000000
-2.219919376942 21.915594853620 0.000000000000 1.000000000000
-29.136256709230 3.220780873802 0.866025403784 -0.500000000000
107.252910210180 18.378874460719 0.000000000000 1.000000000000
68.861564280016 24.842113997951 0.866025403784 0.500000000000
-58.307496027901 -11.256591460650 0.866025403784 -0.500000000000
-0.067359415244 -55.971332887109 0.000000000000 1.000000000000
62.682978875361 -68.760915407733 0.000000000000 1.000000000000
54.348101017535 25.783187415070 0.866025403784 0.500000000000
-22.938179820425 15.320926752908 0.866025403784 -0.500000000000
-11.391583599733 -39.195460896923 0.000000000000 1.000000000000
-71.028489356682 -20.794449191680 0.000000000000 1.000000000000
1.403424028858 36.057994412815 0.866025403784 -0.500000000000
23.595694582862 -51.534840314940 0.866025403784 -0.500000000000
48.259734791079 15.396372916218 0.000000000000 1.000000000000
