#Configurational_file created 2018-09-14 12:04:30  started 2018-09-14 12:04:29 run for 1.0s steps 0
name: p_1202
step: 10000
specie: 20
	particle_diameter: 1.0000000000000000
	interaction_length: 1.2000000000000000
	number_of_patches: 3
	number_of_particles_per_compound: 1
	rod_length: 1.0000000000000000
	interaction_matrix:  1.000000 1.000000 1.000000 1.000000 1.000000 1.000000 1.000000 1.000000 1.000000
	patch_type: symmetric
	patch_width: 8.0000000000000000
	patch_angle: 0.0000000000000000
	angles:  0.000000 0.000000 0.000000
	grand_canonical: 0
	chemical_potential: 0.0000000000000000
box: 44.678195 44.678195
copy: 1.000000 1.000000
epsilon: 0.0479170000000000
end_epsilon: 0.0000000000000000
pressure: 0.0041680000000000
lambda: 0.0000000000000000
lambda_coupling: 1.0000000000000000
uy: 0.0000000000000000
maximum_displacement: 1.0000000000000000
maximum_rotation: 1.0000000000000000
maximum_volume: 1.0000000000000000
maximum_shape: 0.0000001000000000
maximum_dsigma: 0.0100000000000000
mod: 10
pmod: 10
optimize: 1
verbose: 1
snapshot: 0
display: 1
explore: 1
npt: 1
nptxy: 0
nptdxdy: 0
shape: 0
seed: 1369465
-163.723272249572 -87.196455269382 0.866025403784 0.500000000000
-66.257511128607 472.782847064358 0.866025403784 -0.500000000000
254.993437808388 40.616187805833 0.000000000000 1.000000000000
-193.555062165547 28.150381203413 0.866025403784 0.500000000000
50.934297747569 111.923343193712 0.866025403784 -0.500000000000
-77.955806445360 258.340195309469 0.000000000000 1.000000000000
-151.113851831395 92.918940831661 0.866025403784 0.500000000000
261.438286345732 -94.979549779889 0.866025403784 0.500000000000
-242.688688604477 191.537565683157 0.866025403784 -0.500000000000
-18.367879616987 -208.860381300640 0.866025403784 -0.500000000000
-58.922641106924 140.862190353520 0.866025403784 -0.500000000000
157.760926200704 84.716536026926 0.000000000000 1.000000000000
-110.314756590752 -240.002601565366 0.866025403784 -0.500000000000
-36.701665994500 24.746668676044 0.000000000000 1.000000000000
-201.043479896842 125.659640495982 0.866025403784 -0.500000000000
147.292970317483 -92.137972361749 0.866025403784 0.500000000000
37.990187649654 -162.199687082528 0.866025403784 -0.500000000000
13.497370106876 -51.885634178457 0.000000000000 1.000000000000
-173.207550803825 3.018387448483 0.866025403784 0.500000000000
-122.405481044433 21.463788740578 0.866025403784 0.500000000000
