#Configurational_file created 2018-09-14 14:00:42  started 2018-09-14 14:00:42 run for 0.0s steps 0
name: p_1246
step: 10000
specie: 20
	particle_diameter: 1.0000000000000000
	interaction_length: 1.2000000000000000
	number_of_patches: 3
	number_of_particles_per_compound: 1
	rod_length: 1.0000000000000000
	interaction_matrix:  1.000000 1.000000 1.000000 1.000000 1.000000 1.000000 1.000000 1.000000 1.000000
	patch_type: symmetric
	patch_width: 8.0000000000000000
	patch_angle: 0.0000000000000000
	angles:  0.000000 0.000000 0.000000
	grand_canonical: 0
	chemical_potential: 0.0000000000000000
box: 11.004609 11.004609
copy: 1.000000 1.000000
epsilon: 0.7586210000000000
end_epsilon: 0.0000000000000000
pressure: 0.2586210000000000
lambda: 0.0000000000000000
lambda_coupling: 1.0000000000000000
uy: 0.0000000000000000
maximum_displacement: 1.0000000000000000
maximum_rotation: 1.0000000000000000
maximum_volume: 1.0000000000000000
maximum_shape: 0.0000001000000000
maximum_dsigma: 0.0100000000000000
mod: 10
pmod: 10
optimize: 1
verbose: 1
snapshot: 0
display: 1
explore: 1
npt: 1
nptxy: 0
nptdxdy: 0
shape: 0
seed: 1419493
101.313303885953 20.943869343654 0.866025403784 -0.500000000000
176.141715130186 -38.396629221522 0.000000000000 1.000000000000
-146.717027692489 58.055350756617 0.866025403784 0.500000000000
69.259044766864 -14.231126663784 0.866025403784 -0.500000000000
-33.911565629132 -97.260600143712 0.866025403784 0.500000000000
81.648394120025 -62.761546522111 0.866025403784 0.500000000000
-48.081320195884 75.906816789459 0.866025403784 0.500000000000
-91.545179927626 -20.621619998496 0.866025403784 -0.500000000000
124.430318732004 47.228601985880 0.866025403784 0.500000000000
86.977613590361 -35.023823289633 0.866025403784 0.500000000000
-44.009713094593 42.534586644014 0.866025403784 0.500000000000
-95.386313519405 61.027897730428 0.866025403784 -0.500000000000
-168.133649119124 104.400664301545 0.866025403784 0.500000000000
-44.432173905857 47.312403471494 0.000000000000 1.000000000000
-37.348169399408 126.271168785840 0.866025403784 0.500000000000
-112.361359739069 -49.577557792638 0.000000000000 1.000000000000
79.039721985255 30.436127890866 0.866025403784 0.500000000000
63.114575085225 -217.012601083136 0.000000000000 1.000000000000
-9.117771236072 -74.232170796062 0.000000000000 1.000000000000
175.019225945601 -32.162171322419 0.000000000000 1.000000000000
