#Configurational_file created 2018-09-14 12:04:42  started 2018-09-14 12:04:41 run for 1.0s steps 0
name: p_1219
step: 10000
specie: 20
	particle_diameter: 1.0000000000000000
	interaction_length: 1.2000000000000000
	number_of_patches: 3
	number_of_particles_per_compound: 1
	rod_length: 1.0000000000000000
	interaction_matrix:  1.000000 1.000000 1.000000 1.000000 1.000000 1.000000 1.000000 1.000000 1.000000
	patch_type: symmetric
	patch_width: 8.0000000000000000
	patch_angle: 0.0000000000000000
	angles:  0.000000 0.000000 0.000000
	grand_canonical: 0
	chemical_potential: 0.0000000000000000
box: 47.753780 47.753780
copy: 1.000000 1.000000
epsilon: 0.0479170000000000
end_epsilon: 0.0000000000000000
pressure: 0.0750000000000000
lambda: 0.0000000000000000
lambda_coupling: 1.0000000000000000
uy: 0.0000000000000000
maximum_displacement: 1.0000000000000000
maximum_rotation: 1.0000000000000000
maximum_volume: 1.0000000000000000
maximum_shape: 0.0000001000000000
maximum_dsigma: 0.0100000000000000
mod: 10
pmod: 10
optimize: 1
verbose: 1
snapshot: 0
display: 1
explore: 1
npt: 1
nptxy: 0
nptdxdy: 0
shape: 0
seed: 1388794
142.191228984238 120.298795170321 0.866025403784 0.500000000000
-142.761125438381 158.789051360311 0.866025403784 -0.500000000000
128.529596545091 -247.287182701139 0.866025403784 -0.500000000000
-25.918423319623 258.545668844266 0.866025403784 -0.500000000000
137.391423451797 342.976817670555 0.866025403784 -0.500000000000
62.837922483148 -73.745443504630 0.866025403784 0.500000000000
17.870975130150 -55.240397388185 0.000000000000 1.000000000000
5.583826472707 272.139215547945 0.866025403784 0.500000000000
406.718945911792 -325.475458727651 0.000000000000 1.000000000000
550.683431433607 356.954583194365 0.866025403784 0.500000000000
-86.194449512446 191.117768350650 0.866025403784 0.500000000000
138.723236396865 254.666643700265 0.866025403784 0.500000000000
47.537090045034 7.331160785391 0.866025403784 0.500000000000
182.778217700734 -95.943739640100 0.866025403784 0.500000000000
139.289829953842 -76.160831743592 0.866025403784 0.500000000000
111.700809253432 153.631130589874 0.000000000000 1.000000000000
-54.964846918760 -73.829827147470 0.000000000000 1.000000000000
-172.080300037357 -209.586472474984 0.000000000000 1.000000000000
-127.017259501402 128.565698731108 0.000000000000 1.000000000000
67.816322079174 121.007927694162 0.866025403784 0.500000000000
