#Configurational_file created 2018-09-14 11:37:42  started 2018-09-14 11:37:41 run for 1.0s steps 0
name: p_1224
step: 10000
specie: 20
	particle_diameter: 1.0000000000000000
	interaction_length: 1.2000000000000000
	number_of_patches: 3
	number_of_particles_per_compound: 1
	rod_length: 1.0000000000000000
	interaction_matrix:  1.000000 1.000000 1.000000 1.000000 1.000000 1.000000 1.000000 1.000000 1.000000
	patch_type: symmetric
	patch_width: 8.0000000000000000
	patch_angle: 0.0000000000000000
	angles:  0.000000 0.000000 0.000000
	grand_canonical: 0
	chemical_potential: 0.0000000000000000
box: 6.696439 6.696439
copy: 1.000000 1.000000
epsilon: 0.4791710000000000
end_epsilon: 0.0000000000000000
pressure: 1.9166710000000000
lambda: 0.0000000000000000
lambda_coupling: 1.0000000000000000
uy: 0.0000000000000000
maximum_displacement: 0.9864206406262481
maximum_rotation: 1.0000000000000000
maximum_volume: 0.2815886876833066
maximum_shape: 0.0000001000000000
maximum_dsigma: 0.0100000000000000
mod: 10
pmod: 10
optimize: 1
verbose: 1
snapshot: 0
display: 1
explore: 1
npt: 1
nptxy: 0
nptdxdy: 0
shape: 0
seed: 1394479
92.019866057159 60.502047098513 0.866025403784 0.500000000000
12.117049390380 96.509042665162 0.000000000000 1.000000000000
54.991195152804 19.142020918596 0.000000000000 1.000000000000
-33.081572351418 115.714710298593 0.866025403784 -0.500000000000
-2.124196505233 45.666578281178 0.866025403784 0.500000000000
19.885594053192 -35.844313720161 0.866025403784 -0.500000000000
-55.216265417487 1.307357034952 0.866025403784 0.500000000000
-17.947013894029 31.249473803988 0.866025403784 0.500000000000
-7.932081297642 -3.074160470243 0.866025403784 -0.500000000000
-104.608316620305 -44.482667197094 0.866025403784 0.500000000000
-83.749667426872 93.355392648210 0.000000000000 1.000000000000
-43.233208322569 63.256197211172 0.866025403784 -0.500000000000
-13.285393969464 16.717851263452 0.866025403784 -0.500000000000
1.900760427353 57.050388063025 0.866025403784 0.500000000000
44.290420441655 31.247259621564 0.866025403784 0.500000000000
86.358977872297 7.827623799049 0.000000000000 1.000000000000
28.149455039035 -12.907012177487 0.000000000000 1.000000000000
47.068251482650 46.275820108691 0.866025403784 -0.500000000000
5.417137464042 12.765477861146 0.000000000000 1.000000000000
29.739435461442 38.849760902015 0.866025403784 0.500000000000
