#Configurational_file created 2018-09-14 12:05:03  started 2018-09-14 12:05:03 run for 0.0s steps 0
name: p_1248
step: 10000
specie: 20
	particle_diameter: 1.0000000000000000
	interaction_length: 1.2000000000000000
	number_of_patches: 3
	number_of_particles_per_compound: 1
	rod_length: 1.0000000000000000
	interaction_matrix:  1.000000 1.000000 1.000000 1.000000 1.000000 1.000000 1.000000 1.000000 1.000000
	patch_type: symmetric
	patch_width: 8.0000000000000000
	patch_angle: 0.0000000000000000
	angles:  0.000000 0.000000 0.000000
	grand_canonical: 0
	chemical_potential: 0.0000000000000000
box: 39.909819 39.909819
copy: 1.000000 1.000000
epsilon: 0.0500000000000000
end_epsilon: 0.0000000000000000
pressure: 0.0916670000000000
lambda: 0.0000000000000000
lambda_coupling: 1.0000000000000000
uy: 0.0000000000000000
maximum_displacement: 1.0000000000000000
maximum_rotation: 1.0000000000000000
maximum_volume: 1.0000000000000000
maximum_shape: 0.0000001000000000
maximum_dsigma: 0.0100000000000000
mod: 10
pmod: 10
optimize: 1
verbose: 1
snapshot: 0
display: 1
explore: 1
npt: 1
nptxy: 0
nptdxdy: 0
shape: 0
seed: 1421767
133.914490977458 -81.425985667904 0.866025403784 0.500000000000
-249.148373159068 -73.036276440959 0.866025403784 0.500000000000
-67.804259029067 162.361895538874 0.866025403784 -0.500000000000
-293.341907473226 146.501818177547 0.866025403784 -0.500000000000
51.737767671435 127.338650161387 0.866025403784 -0.500000000000
78.608937523904 85.090228891704 0.866025403784 -0.500000000000
73.085950862915 -179.492635101163 0.866025403784 -0.500000000000
132.008280716443 -175.021752857351 0.000000000000 1.000000000000
21.212754721445 -239.264955394899 0.000000000000 1.000000000000
32.818729608597 308.923695134187 0.866025403784 0.500000000000
-182.306128431583 -2.581390085440 0.866025403784 -0.500000000000
-126.240711738711 68.341235434420 0.866025403784 0.500000000000
-223.060498348746 -19.855502203047 0.866025403784 -0.500000000000
62.071785500421 185.932232750357 0.000000000000 1.000000000000
-15.468749746106 -37.406237117612 0.866025403784 0.500000000000
93.756355485078 -204.325374239315 0.000000000000 1.000000000000
138.548412954047 8.714268452215 0.000000000000 1.000000000000
-154.688930599493 -106.297720372375 0.866025403784 -0.500000000000
93.335122038075 297.379342042297 0.866025403784 -0.500000000000
276.048338334908 48.415597968494 0.866025403784 -0.500000000000
