#Configurational_file created 2018-09-14 11:37:46  started 2018-09-14 11:37:46 run for 0.0s steps 0
name: p_1230
step: 10000
specie: 20
	particle_diameter: 1.0000000000000000
	interaction_length: 1.2000000000000000
	number_of_patches: 3
	number_of_particles_per_compound: 1
	rod_length: 1.0000000000000000
	interaction_matrix:  1.000000 1.000000 1.000000 1.000000 1.000000 1.000000 1.000000 1.000000 1.000000
	patch_type: symmetric
	patch_width: 8.0000000000000000
	patch_angle: 0.0000000000000000
	angles:  0.000000 0.000000 0.000000
	grand_canonical: 0
	chemical_potential: 0.0000000000000000
box: 13.457247 13.457247
copy: 1.000000 1.000000
epsilon: 0.5000000000000000
end_epsilon: 0.0000000000000000
pressure: 0.3334170000000000
lambda: 0.0000000000000000
lambda_coupling: 1.0000000000000000
uy: 0.0000000000000000
maximum_displacement: 1.0000000000000000
maximum_rotation: 1.0000000000000000
maximum_volume: 1.0000000000000000
maximum_shape: 0.0000001000000000
maximum_dsigma: 0.0100000000000000
mod: 10
pmod: 10
optimize: 1
verbose: 1
snapshot: 0
display: 1
explore: 1
npt: 1
nptxy: 0
nptdxdy: 0
shape: 0
seed: 1401301
-43.722720855309 10.910683646209 0.000000000000 1.000000000000
127.429467044582 47.697068059181 0.000000000000 1.000000000000
-49.644909048166 44.689017375496 0.866025403784 0.500000000000
139.903565725865 -148.404140930692 0.866025403784 0.500000000000
121.185123094224 -49.971867226326 0.866025403784 -0.500000000000
-90.650804135875 147.471578614638 0.866025403784 -0.500000000000
34.799433387942 6.349251000940 0.866025403784 0.500000000000
43.139412082697 145.957443039431 0.866025403784 -0.500000000000
146.596390105012 -4.470656337109 0.866025403784 -0.500000000000
159.109344242744 17.548033698049 0.866025403784 -0.500000000000
-36.452181761709 -32.530820147180 0.866025403784 -0.500000000000
33.851277730242 202.536912620190 0.866025403784 0.500000000000
-116.930373674046 -151.081418853099 0.866025403784 -0.500000000000
-115.800124203028 -26.624465177185 0.866025403784 -0.500000000000
15.794688127973 -47.931512419935 0.866025403784 -0.500000000000
76.712360624524 129.495988185100 0.866025403784 -0.500000000000
-104.188608075976 -6.575263560120 0.866025403784 -0.500000000000
-125.859293538089 -147.105795443691 0.866025403784 0.500000000000
-126.877455622595 -135.552916923650 0.866025403784 0.500000000000
-36.352486898291 -133.883423166168 0.866025403784 -0.500000000000
