#Configurational_file created 2018-09-14 14:00:29  started 2018-09-14 14:00:28 run for 1.0s steps 0
name: p_1228
step: 10000
specie: 20
	particle_diameter: 1.0000000000000000
	interaction_length: 1.2000000000000000
	number_of_patches: 3
	number_of_particles_per_compound: 1
	rod_length: 1.0000000000000000
	interaction_matrix:  1.000000 1.000000 1.000000 1.000000 1.000000 1.000000 1.000000 1.000000 1.000000
	patch_type: symmetric
	patch_width: 8.0000000000000000
	patch_angle: 0.0000000000000000
	angles:  0.000000 0.000000 0.000000
	grand_canonical: 0
	chemical_potential: 0.0000000000000000
box: 11.161795 11.161795
copy: 1.000000 1.000000
epsilon: 0.6896560000000000
end_epsilon: 0.0000000000000000
pressure: 0.4655170000000000
lambda: 0.0000000000000000
lambda_coupling: 1.0000000000000000
uy: 0.0000000000000000
maximum_displacement: 1.0000000000000000
maximum_rotation: 1.0000000000000000
maximum_volume: 1.0000000000000000
maximum_shape: 0.0000001000000000
maximum_dsigma: 0.0100000000000000
mod: 10
pmod: 10
optimize: 1
verbose: 1
snapshot: 0
display: 1
explore: 1
npt: 1
nptxy: 0
nptdxdy: 0
shape: 0
seed: 1399027
-67.564442538572 92.979552968667 0.866025403784 -0.500000000000
-30.543669325170 -78.233462404855 0.000000000000 1.000000000000
182.887717820969 122.272367140778 0.000000000000 1.000000000000
62.717849521288 -22.760321120208 0.866025403784 0.500000000000
-53.936880040347 164.219178574515 0.866025403784 -0.500000000000
-77.090344349148 34.888829759156 0.866025403784 -0.500000000000
61.927105431863 -114.184084574885 0.866025403784 -0.500000000000
133.199634420034 76.029647865543 0.000000000000 1.000000000000
-118.673150159261 41.982563148015 0.000000000000 1.000000000000
-157.684793254900 -68.728369984249 0.866025403784 0.500000000000
-127.254520562419 -122.392951985635 0.866025403784 -0.500000000000
22.924614892713 241.687191075698 0.866025403784 -0.500000000000
-38.964515558687 197.103339302229 0.866025403784 0.500000000000
52.114693194670 -63.880449534032 0.866025403784 0.500000000000
170.514339897617 92.867494156709 0.866025403784 -0.500000000000
109.170131614114 94.074755098214 0.866025403784 0.500000000000
-24.293152027219 -123.956519827069 0.866025403784 -0.500000000000
36.895100387275 -137.884928442265 0.866025403784 0.500000000000
-87.699416083144 85.596120408592 0.866025403784 0.500000000000
-146.767081589401 162.688635441060 0.866025403784 0.500000000000
