#Configurational_file created 2018-09-14 14:00:35  started 2018-09-14 14:00:34 run for 1.0s steps 0
name: p_1236
step: 10000
specie: 20
	particle_diameter: 1.0000000000000000
	interaction_length: 1.2000000000000000
	number_of_patches: 3
	number_of_particles_per_compound: 1
	rod_length: 1.0000000000000000
	interaction_matrix:  1.000000 1.000000 1.000000 1.000000 1.000000 1.000000 1.000000 1.000000 1.000000
	patch_type: symmetric
	patch_width: 8.0000000000000000
	patch_angle: 0.0000000000000000
	angles:  0.000000 0.000000 0.000000
	grand_canonical: 0
	chemical_potential: 0.0000000000000000
box: 17.508166 17.508166
copy: 1.000000 1.000000
epsilon: 0.7586210000000000
end_epsilon: 0.0000000000000000
pressure: 0.0862080000000000
lambda: 0.0000000000000000
lambda_coupling: 1.0000000000000000
uy: 0.0000000000000000
maximum_displacement: 1.0000000000000000
maximum_rotation: 1.0000000000000000
maximum_volume: 1.0000000000000000
maximum_shape: 0.0000001000000000
maximum_dsigma: 0.0100000000000000
mod: 10
pmod: 10
optimize: 1
verbose: 1
snapshot: 0
display: 1
explore: 1
npt: 1
nptxy: 0
nptdxdy: 0
shape: 0
seed: 1408123
-126.581415536406 -10.987356034981 0.000000000000 1.000000000000
-5.310167754925 138.657252844202 0.866025403784 0.500000000000
-24.937961853528 -111.137830462610 0.866025403784 -0.500000000000
117.167250981077 -17.669378463906 0.866025403784 0.500000000000
-110.822865129533 -12.389548803084 0.866025403784 -0.500000000000
-45.629708364313 -83.457273432243 0.000000000000 1.000000000000
29.652327949771 -42.739105255900 0.866025403784 0.500000000000
-26.038745842918 -140.535088597411 0.866025403784 -0.500000000000
0.422802893352 29.737740872141 0.866025403784 0.500000000000
-125.118054104121 209.733486543020 0.000000000000 1.000000000000
98.080288102918 -42.119458134497 0.866025403784 0.500000000000
214.598419034571 -55.677999310668 0.000000000000 1.000000000000
8.645997682676 110.023682367187 0.866025403784 -0.500000000000
65.505653856979 -21.754744089826 0.866025403784 -0.500000000000
-23.489176006931 189.078767101153 0.866025403784 0.500000000000
17.252232590927 -115.618763879447 0.866025403784 0.500000000000
16.268480326107 -76.151988702656 0.866025403784 -0.500000000000
52.213829790586 88.605665705873 0.000000000000 1.000000000000
71.329625626468 -107.878629344906 0.866025403784 0.500000000000
38.221928980713 0.572742025204 0.866025403784 0.500000000000
