#Configurational_file created 2018-09-14 14:00:26  started 2018-09-14 14:00:25 run for 1.0s steps 0
name: p_1224
step: 10000
specie: 20
	particle_diameter: 1.0000000000000000
	interaction_length: 1.2000000000000000
	number_of_patches: 3
	number_of_particles_per_compound: 1
	rod_length: 1.0000000000000000
	interaction_matrix:  1.000000 1.000000 1.000000 1.000000 1.000000 1.000000 1.000000 1.000000 1.000000
	patch_type: symmetric
	patch_width: 8.0000000000000000
	patch_angle: 0.0000000000000000
	angles:  0.000000 0.000000 0.000000
	grand_canonical: 0
	chemical_potential: 0.0000000000000000
box: 10.967546 10.967546
copy: 1.000000 1.000000
epsilon: 0.6896560000000000
end_epsilon: 0.0000000000000000
pressure: 0.3965520000000000
lambda: 0.0000000000000000
lambda_coupling: 1.0000000000000000
uy: 0.0000000000000000
maximum_displacement: 1.0000000000000000
maximum_rotation: 1.0000000000000000
maximum_volume: 1.0000000000000000
maximum_shape: 0.0000001000000000
maximum_dsigma: 0.0100000000000000
mod: 10
pmod: 10
optimize: 1
verbose: 1
snapshot: 0
display: 1
explore: 1
npt: 1
nptxy: 0
nptdxdy: 0
shape: 0
seed: 1394479
-144.669477650416 -53.110585101586 0.000000000000 1.000000000000
71.236107419356 -88.235145595243 0.000000000000 1.000000000000
-7.253814219570 -96.343634391685 0.000000000000 1.000000000000
-64.913330722688 65.178677946270 0.000000000000 1.000000000000
-20.525163781155 18.682288787755 0.866025403784 0.500000000000
-35.567058330514 -185.012408496983 0.866025403784 -0.500000000000
-146.627116191181 9.014564775570 0.000000000000 1.000000000000
-129.648576556336 125.904816599974 0.866025403784 0.500000000000
-3.437869616881 -49.630665545670 0.866025403784 0.500000000000
-13.848895997566 36.466062233062 0.000000000000 1.000000000000
111.349163330652 -31.738713883267 0.866025403784 -0.500000000000
122.210587052315 206.446387357598 0.000000000000 1.000000000000
-83.058846885189 71.910534891275 0.866025403784 0.500000000000
-17.508364001008 -1.907455661376 0.866025403784 -0.500000000000
-160.926599460561 14.909653019877 0.000000000000 1.000000000000
65.564426592872 31.414234967444 0.000000000000 1.000000000000
79.465265149574 -48.825328426906 0.866025403784 0.500000000000
-46.003582231174 19.993592179016 0.000000000000 1.000000000000
-42.829293298088 -28.511682640498 0.000000000000 1.000000000000
20.337311668007 -41.297404802191 0.866025403784 0.500000000000
