#Configurational_file created 2018-09-14 11:06:59  started 2018-09-14 11:06:58 run for 1.0s steps 0
name: p_121
step: 10000
specie: 20
	particle_diameter: 1.0000000000000000
	interaction_length: 1.2000000000000000
	number_of_patches: 3
	number_of_particles_per_compound: 1
	rod_length: 1.0000000000000000
	interaction_matrix:  1.000000 1.000000 1.000000 1.000000 1.000000 1.000000 1.000000 1.000000 1.000000
	patch_type: symmetric
	patch_width: 8.0000000000000000
	patch_angle: 0.0000000000000000
	angles:  0.000000 0.000000 0.000000
	grand_canonical: 0
	chemical_potential: 0.0000000000000000
box: 46.543363 46.543363
copy: 1.000000 1.000000
epsilon: 0.5000000000000000
end_epsilon: 0.0000000000000000
pressure: 0.0001000000000000
lambda: 0.0000000000000000
lambda_coupling: 1.0000000000000000
uy: 0.0000000000000000
maximum_displacement: 1.0000000000000000
maximum_rotation: 1.0000000000000000
maximum_volume: 1.0000000000000000
maximum_shape: 0.0000001000000000
maximum_dsigma: 0.0100000000000000
mod: 10
pmod: 10
optimize: 1
verbose: 1
snapshot: 0
display: 1
explore: 1
npt: 1
nptxy: 0
nptdxdy: 0
shape: 0
seed: 140447
135.736450938321 176.165299799237 0.000000000000 1.000000000000
49.589452875261 -8.024682135492 0.000000000000 1.000000000000
30.013014715199 234.091177401077 0.000000000000 1.000000000000
40.893613108355 -180.137558270031 0.866025403784 0.500000000000
110.464319154937 -258.199580875922 0.866025403784 0.500000000000
-255.455994557249 -7.369077957174 0.866025403784 -0.500000000000
167.842661640518 -275.917526280341 0.866025403784 -0.500000000000
142.490269994355 26.439334185929 0.866025403784 -0.500000000000
178.496757164530 70.200028132451 0.000000000000 1.000000000000
-98.571058088000 -300.438902064897 0.000000000000 1.000000000000
133.434985172347 160.783998263512 0.866025403784 0.500000000000
81.745003533443 -241.960406762794 0.866025403784 0.500000000000
-31.985825270253 70.748662005153 0.866025403784 -0.500000000000
30.465940362324 90.323195193029 0.000000000000 1.000000000000
70.121286992913 -116.596350393402 0.866025403784 0.500000000000
409.640462138333 14.954543584094 0.866025403784 0.500000000000
-134.286406207190 -93.981467129100 0.866025403784 0.500000000000
153.093419221493 -31.560882071778 0.866025403784 0.500000000000
-56.649024637092 38.555479579182 0.866025403784 -0.500000000000
-118.509152197813 -78.014217587981 0.866025403784 0.500000000000
