#Configurational_file created 2018-09-14 12:04:41  started 2018-09-14 12:04:41 run for 0.0s steps 0
name: p_1218
step: 10000
specie: 20
	particle_diameter: 1.0000000000000000
	interaction_length: 1.2000000000000000
	number_of_patches: 3
	number_of_particles_per_compound: 1
	rod_length: 1.0000000000000000
	interaction_matrix:  1.000000 1.000000 1.000000 1.000000 1.000000 1.000000 1.000000 1.000000 1.000000
	patch_type: symmetric
	patch_width: 8.0000000000000000
	patch_angle: 0.0000000000000000
	angles:  0.000000 0.000000 0.000000
	grand_canonical: 0
	chemical_potential: 0.0000000000000000
box: 44.761315 44.761315
copy: 1.000000 1.000000
epsilon: 0.0479170000000000
end_epsilon: 0.0000000000000000
pressure: 0.0708340000000000
lambda: 0.0000000000000000
lambda_coupling: 1.0000000000000000
uy: 0.0000000000000000
maximum_displacement: 1.0000000000000000
maximum_rotation: 1.0000000000000000
maximum_volume: 1.0000000000000000
maximum_shape: 0.0000001000000000
maximum_dsigma: 0.0100000000000000
mod: 10
pmod: 10
optimize: 1
verbose: 1
snapshot: 0
display: 1
explore: 1
npt: 1
nptxy: 0
nptdxdy: 0
shape: 0
seed: 1387657
-109.598390775707 -101.864466872178 0.000000000000 1.000000000000
127.521978812485 61.304706405370 0.866025403784 0.500000000000
-268.508430609312 -78.004736895956 0.866025403784 -0.500000000000
64.811112419665 67.005905481885 0.000000000000 1.000000000000
133.030555572104 110.760212478513 0.000000000000 1.000000000000
268.897557758403 25.922616838130 0.866025403784 -0.500000000000
178.869294691984 266.712678472523 0.866025403784 0.500000000000
-414.642767511644 19.603221191839 0.866025403784 0.500000000000
153.372262101949 31.602744876103 0.000000000000 1.000000000000
215.309779843997 -303.764361581890 0.866025403784 -0.500000000000
97.565406763420 82.124192999818 0.866025403784 0.500000000000
11.585739342367 130.901825192562 0.866025403784 0.500000000000
-182.188962555918 -181.244529799519 0.866025403784 0.500000000000
281.981856466284 -124.198755149810 0.000000000000 1.000000000000
47.982849297282 2.461320349041 0.866025403784 0.500000000000
-115.441587397333 188.541256302129 0.866025403784 0.500000000000
110.991981258577 58.631906091489 0.866025403784 0.500000000000
218.800245433342 233.230108849825 0.866025403784 -0.500000000000
63.844726518067 297.306609546639 0.000000000000 1.000000000000
-152.882505002195 -143.250630028988 0.866025403784 0.500000000000
