#Configurational_file created 2018-09-14 14:00:11  started 2018-09-14 14:00:10 run for 1.0s steps 0
name: p_1204
step: 10000
specie: 20
	particle_diameter: 1.0000000000000000
	interaction_length: 1.2000000000000000
	number_of_patches: 3
	number_of_particles_per_compound: 1
	rod_length: 1.0000000000000000
	interaction_matrix:  1.000000 1.000000 1.000000 1.000000 1.000000 1.000000 1.000000 1.000000 1.000000
	patch_type: symmetric
	patch_width: 8.0000000000000000
	patch_angle: 0.0000000000000000
	angles:  0.000000 0.000000 0.000000
	grand_canonical: 0
	chemical_potential: 0.0000000000000000
box: 21.964835 21.964835
copy: 1.000000 1.000000
epsilon: 0.6896560000000000
end_epsilon: 0.0000000000000000
pressure: 0.0517250000000000
lambda: 0.0000000000000000
lambda_coupling: 1.0000000000000000
uy: 0.0000000000000000
maximum_displacement: 1.0000000000000000
maximum_rotation: 1.0000000000000000
maximum_volume: 1.0000000000000000
maximum_shape: 0.0000001000000000
maximum_dsigma: 0.0100000000000000
mod: 10
pmod: 10
optimize: 1
verbose: 1
snapshot: 0
display: 1
explore: 1
npt: 1
nptxy: 0
nptdxdy: 0
shape: 0
seed: 1371739
-235.567577802259 -85.550578229709 0.000000000000 1.000000000000
13.586827497130 103.456202647980 0.866025403784 -0.500000000000
74.734043397475 74.442527659426 0.000000000000 1.000000000000
-13.627335977403 20.022050901618 0.866025403784 0.500000000000
-108.786273404357 -78.365844387380 0.866025403784 -0.500000000000
19.475341612982 58.593348586339 0.000000000000 1.000000000000
52.240298205137 23.115021247604 0.866025403784 -0.500000000000
-11.998397550737 32.077548569944 0.866025403784 -0.500000000000
-183.148271623142 -23.550673088563 0.866025403784 0.500000000000
33.880998457934 32.365876425950 0.000000000000 1.000000000000
-110.419791179306 -165.554710783796 0.000000000000 1.000000000000
-14.823705958403 47.184839659296 0.000000000000 1.000000000000
-144.106749185246 154.151004276660 0.000000000000 1.000000000000
40.149671102260 93.729541328244 0.866025403784 0.500000000000
7.893350604462 -2.746305454862 0.000000000000 1.000000000000
146.224303042665 -85.294105286755 0.000000000000 1.000000000000
34.826186175274 -70.128692342242 0.866025403784 0.500000000000
76.836146632580 -41.802904390861 0.000000000000 1.000000000000
-88.807570027180 67.982198881936 0.000000000000 1.000000000000
-122.836073724941 -45.586561039194 0.000000000000 1.000000000000
