#Configurational_file created 2018-09-14 11:37:28  started 2018-09-14 11:37:27 run for 1.0s steps 0
name: p_1209
step: 10000
specie: 20
	particle_diameter: 1.0000000000000000
	interaction_length: 1.2000000000000000
	number_of_patches: 3
	number_of_particles_per_compound: 1
	rod_length: 1.0000000000000000
	interaction_matrix:  1.000000 1.000000 1.000000 1.000000 1.000000 1.000000 1.000000 1.000000 1.000000
	patch_type: symmetric
	patch_width: 8.0000000000000000
	patch_angle: 0.0000000000000000
	angles:  0.000000 0.000000 0.000000
	grand_canonical: 0
	chemical_potential: 0.0000000000000000
box: 10.772641 10.772641
copy: 1.000000 1.000000
epsilon: 0.4791710000000000
end_epsilon: 0.0000000000000000
pressure: 0.6667330000000000
lambda: 0.0000000000000000
lambda_coupling: 1.0000000000000000
uy: 0.0000000000000000
maximum_displacement: 1.0000000000000000
maximum_rotation: 1.0000000000000000
maximum_volume: 1.0000000000000000
maximum_shape: 0.0000001000000000
maximum_dsigma: 0.0100000000000000
mod: 10
pmod: 10
optimize: 1
verbose: 1
snapshot: 0
display: 1
explore: 1
npt: 1
nptxy: 0
nptdxdy: 0
shape: 0
seed: 1377424
44.627859239093 -37.750441602667 0.866025403784 -0.500000000000
57.180266519251 -154.512040777894 0.866025403784 -0.500000000000
64.402427046475 54.643722814274 0.866025403784 0.500000000000
-70.192620318984 150.763413703903 0.866025403784 0.500000000000
-9.766208771207 3.512873443897 0.866025403784 -0.500000000000
-57.781520642991 -47.638208493766 0.000000000000 1.000000000000
-134.007650358445 -152.154732911038 0.866025403784 0.500000000000
36.866626427166 112.102333935640 0.000000000000 1.000000000000
-49.295847548218 149.131618423742 0.000000000000 1.000000000000
-33.484253898442 -4.036840192091 0.866025403784 -0.500000000000
73.699902544476 -22.001243021330 0.866025403784 -0.500000000000
27.817484776891 -53.431734523940 0.866025403784 -0.500000000000
82.126527017583 72.590656545546 0.866025403784 0.500000000000
62.459417710524 -115.623280783162 0.866025403784 -0.500000000000
75.046948503002 145.928408887366 0.000000000000 1.000000000000
126.417751763952 26.283595723079 0.866025403784 0.500000000000
56.661843022305 161.197408147273 0.000000000000 1.000000000000
34.245049639598 -1.801604235694 0.866025403784 0.500000000000
13.153194049076 -18.482791058934 0.866025403784 -0.500000000000
-92.973091377174 120.412080938144 0.866025403784 0.500000000000
