#Configurational_file created 2018-09-14 14:00:39  started 2018-09-14 14:00:39 run for 0.0s steps 0
name: p_1242
step: 10000
specie: 20
	particle_diameter: 1.0000000000000000
	interaction_length: 1.2000000000000000
	number_of_patches: 3
	number_of_particles_per_compound: 1
	rod_length: 1.0000000000000000
	interaction_matrix:  1.000000 1.000000 1.000000 1.000000 1.000000 1.000000 1.000000 1.000000 1.000000
	patch_type: symmetric
	patch_width: 8.0000000000000000
	patch_angle: 0.0000000000000000
	angles:  0.000000 0.000000 0.000000
	grand_canonical: 0
	chemical_potential: 0.0000000000000000
box: 13.253346 13.253346
copy: 1.000000 1.000000
epsilon: 0.7586210000000000
end_epsilon: 0.0000000000000000
pressure: 0.1896560000000000
lambda: 0.0000000000000000
lambda_coupling: 1.0000000000000000
uy: 0.0000000000000000
maximum_displacement: 1.0000000000000000
maximum_rotation: 1.0000000000000000
maximum_volume: 1.0000000000000000
maximum_shape: 0.0000001000000000
maximum_dsigma: 0.0100000000000000
mod: 10
pmod: 10
optimize: 1
verbose: 1
snapshot: 0
display: 1
explore: 1
npt: 1
nptxy: 0
nptdxdy: 0
shape: 0
seed: 1414945
113.203348034984 11.951797981142 0.866025403784 0.500000000000
-48.534476918377 -145.516636082742 0.866025403784 -0.500000000000
46.455794412109 -86.371941127506 0.866025403784 0.500000000000
-130.513958370430 56.952525024466 0.000000000000 1.000000000000
87.110961008581 -130.846129195630 0.000000000000 1.000000000000
-195.177424210528 23.440982250015 0.866025403784 -0.500000000000
116.576221766184 81.809218459506 0.000000000000 1.000000000000
89.625790143249 -31.554200419029 0.866025403784 0.500000000000
148.930654021364 -93.152510707163 0.866025403784 0.500000000000
30.357168951341 -130.206262431664 0.866025403784 0.500000000000
-70.312572709993 143.443726407582 0.866025403784 0.500000000000
98.897307057011 107.680467308331 0.866025403784 -0.500000000000
7.865934132367 -100.492405818321 0.866025403784 -0.500000000000
-28.015682560808 -9.531963026990 0.000000000000 1.000000000000
-31.506746838631 82.603881378171 0.866025403784 0.500000000000
-45.129660814469 -149.684347571723 0.866025403784 0.500000000000
4.480841910642 164.748288039874 0.866025403784 -0.500000000000
14.067782228063 25.773725769643 0.866025403784 -0.500000000000
19.564845136709 -58.309524101029 0.866025403784 0.500000000000
-45.667873620436 47.046720578058 0.000000000000 1.000000000000
