#Configurational_file created 2018-09-14 11:37:58  started 2018-09-14 11:37:57 run for 1.0s steps 0
name: p_1243
step: 10000
specie: 20
	particle_diameter: 1.0000000000000000
	interaction_length: 1.2000000000000000
	number_of_patches: 3
	number_of_particles_per_compound: 1
	rod_length: 1.0000000000000000
	interaction_matrix:  1.000000 1.000000 1.000000 1.000000 1.000000 1.000000 1.000000 1.000000 1.000000
	patch_type: symmetric
	patch_width: 8.0000000000000000
	patch_angle: 0.0000000000000000
	angles:  0.000000 0.000000 0.000000
	grand_canonical: 0
	chemical_potential: 0.0000000000000000
box: 7.249168 7.249168
copy: 1.000000 1.000000
epsilon: 0.5000000000000000
end_epsilon: 0.0000000000000000
pressure: 1.4166960000000000
lambda: 0.0000000000000000
lambda_coupling: 1.0000000000000000
uy: 0.0000000000000000
maximum_displacement: 1.0000000000000000
maximum_rotation: 1.0000000000000000
maximum_volume: 0.4081209993304926
maximum_shape: 0.0000001000000000
maximum_dsigma: 0.0100000000000000
mod: 10
pmod: 10
optimize: 1
verbose: 1
snapshot: 0
display: 1
explore: 1
npt: 1
nptxy: 0
nptdxdy: 0
shape: 0
seed: 1416082
-13.440566996892 87.378177365536 0.000000000000 1.000000000000
36.296197407927 138.897738061547 0.000000000000 1.000000000000
44.832034032589 69.279623652658 0.866025403784 -0.500000000000
18.180516436267 60.476564610155 0.866025403784 0.500000000000
67.935920307436 7.100432155453 0.000000000000 1.000000000000
28.437142245317 -64.763574734164 0.866025403784 0.500000000000
82.555595034103 22.417055567437 0.866025403784 0.500000000000
36.534033185264 -52.493803593652 0.866025403784 0.500000000000
-30.213568860999 -70.054579222997 0.866025403784 0.500000000000
9.137486758441 -12.565157742574 0.000000000000 1.000000000000
-32.312883254899 107.119874931980 0.866025403784 -0.500000000000
-74.771687552279 3.021318813338 0.866025403784 0.500000000000
32.777792023757 83.176694947067 0.866025403784 -0.500000000000
23.801619021153 -54.718201003500 0.000000000000 1.000000000000
-81.923713531178 -131.895341095238 0.866025403784 -0.500000000000
-64.664481463471 28.418310473412 0.000000000000 1.000000000000
105.657343590030 -15.117452412950 0.866025403784 -0.500000000000
-7.901005865564 69.534057544543 0.000000000000 1.000000000000
12.248373102341 52.008813789129 0.866025403784 -0.500000000000
-10.278379411389 -35.176642233565 0.000000000000 1.000000000000
