#Configurational_file created 2018-09-14 12:04:45  started 2018-09-14 12:04:44 run for 1.0s steps 0
name: p_1223
step: 10000
specie: 20
	particle_diameter: 1.0000000000000000
	interaction_length: 1.2000000000000000
	number_of_patches: 3
	number_of_particles_per_compound: 1
	rod_length: 1.0000000000000000
	interaction_matrix:  1.000000 1.000000 1.000000 1.000000 1.000000 1.000000 1.000000 1.000000 1.000000
	patch_type: symmetric
	patch_width: 8.0000000000000000
	patch_angle: 0.0000000000000000
	angles:  0.000000 0.000000 0.000000
	grand_canonical: 0
	chemical_potential: 0.0000000000000000
box: 44.081925 44.081925
copy: 1.000000 1.000000
epsilon: 0.0479170000000000
end_epsilon: 0.0000000000000000
pressure: 0.0916670000000000
lambda: 0.0000000000000000
lambda_coupling: 1.0000000000000000
uy: 0.0000000000000000
maximum_displacement: 1.0000000000000000
maximum_rotation: 1.0000000000000000
maximum_volume: 1.0000000000000000
maximum_shape: 0.0000001000000000
maximum_dsigma: 0.0100000000000000
mod: 10
pmod: 10
optimize: 1
verbose: 1
snapshot: 0
display: 1
explore: 1
npt: 1
nptxy: 0
nptdxdy: 0
shape: 0
seed: 1393342
-112.682376011104 355.463453799719 0.000000000000 1.000000000000
30.124324485094 361.943240962819 0.000000000000 1.000000000000
103.755186253002 -140.227412180190 0.866025403784 -0.500000000000
71.790263082945 22.771320312644 0.000000000000 1.000000000000
140.407056866415 -127.448259320489 0.000000000000 1.000000000000
-148.398241808128 72.357568551621 0.866025403784 0.500000000000
-228.470257099790 -27.086559320696 0.866025403784 -0.500000000000
-91.077060560500 239.525183652377 0.866025403784 0.500000000000
-109.349169062490 -101.167157832287 0.866025403784 -0.500000000000
187.694899809680 -37.009334692971 0.866025403784 0.500000000000
-198.957309495168 6.849074795332 0.866025403784 -0.500000000000
202.883987809839 48.043926820067 0.866025403784 -0.500000000000
-48.027372026351 -289.004532614912 0.866025403784 -0.500000000000
194.520069797510 -12.976576050797 0.000000000000 1.000000000000
54.688388249324 -57.232699346683 0.866025403784 0.500000000000
61.568862445282 -161.103839823819 0.866025403784 0.500000000000
-144.156877959854 -33.441462779027 0.000000000000 1.000000000000
74.667880861573 -60.189410741223 0.000000000000 1.000000000000
12.684897354272 -109.517257247322 0.866025403784 -0.500000000000
139.438911617667 185.977774312649 0.866025403784 0.500000000000
