#Configurational_file created 2018-09-14 11:37:51  started 2018-09-14 11:37:50 run for 1.0s steps 0
name: p_1235
step: 10000
specie: 20
	particle_diameter: 1.0000000000000000
	interaction_length: 1.2000000000000000
	number_of_patches: 3
	number_of_particles_per_compound: 1
	rod_length: 1.0000000000000000
	interaction_matrix:  1.000000 1.000000 1.000000 1.000000 1.000000 1.000000 1.000000 1.000000 1.000000
	patch_type: symmetric
	patch_width: 8.0000000000000000
	patch_angle: 0.0000000000000000
	angles:  0.000000 0.000000 0.000000
	grand_canonical: 0
	chemical_potential: 0.0000000000000000
box: 9.489693 9.489693
copy: 1.000000 1.000000
epsilon: 0.5000000000000000
end_epsilon: 0.0000000000000000
pressure: 0.7500620000000000
lambda: 0.0000000000000000
lambda_coupling: 1.0000000000000000
uy: 0.0000000000000000
maximum_displacement: 1.0000000000000000
maximum_rotation: 1.0000000000000000
maximum_volume: 1.0000000000000000
maximum_shape: 0.0000001000000000
maximum_dsigma: 0.0100000000000000
mod: 10
pmod: 10
optimize: 1
verbose: 1
snapshot: 0
display: 1
explore: 1
npt: 1
nptxy: 0
nptdxdy: 0
shape: 0
seed: 1406986
-64.042171588105 -48.177026647342 0.000000000000 1.000000000000
46.341355691226 -29.893773593356 0.000000000000 1.000000000000
3.013182308691 5.984764988853 0.866025403784 -0.500000000000
133.696088296222 -17.410523147437 0.866025403784 0.500000000000
73.089222546197 75.516390296237 0.866025403784 -0.500000000000
-2.593443875150 -127.124315221563 0.866025403784 -0.500000000000
21.125871990084 -37.744399523394 0.866025403784 -0.500000000000
-68.293980885620 110.980803389475 0.000000000000 1.000000000000
-104.458019447255 47.862639111915 0.866025403784 -0.500000000000
14.659713917846 33.521962576659 0.866025403784 0.500000000000
-144.179833543181 56.475035845006 0.000000000000 1.000000000000
-33.972627501057 -142.696627467593 0.866025403784 -0.500000000000
-64.520068541998 12.164144905980 0.866025403784 -0.500000000000
-56.254442537367 41.636236565144 0.866025403784 -0.500000000000
66.265401714865 40.923732195004 0.866025403784 -0.500000000000
-46.670700685294 -164.423521684752 0.866025403784 0.500000000000
24.757735681839 34.158312400719 0.000000000000 1.000000000000
7.862578588560 3.664259768604 0.866025403784 0.500000000000
83.573676069657 -70.868925340895 0.866025403784 0.500000000000
9.114053562353 94.220967979037 0.866025403784 -0.500000000000
