#Configurational_file created 2018-09-14 11:37:56  started 2018-09-14 11:37:55 run for 1.0s steps 0
name: p_1241
step: 10000
specie: 20
	particle_diameter: 1.0000000000000000
	interaction_length: 1.2000000000000000
	number_of_patches: 3
	number_of_particles_per_compound: 1
	rod_length: 1.0000000000000000
	interaction_matrix:  1.000000 1.000000 1.000000 1.000000 1.000000 1.000000 1.000000 1.000000 1.000000
	patch_type: symmetric
	patch_width: 8.0000000000000000
	patch_angle: 0.0000000000000000
	angles:  0.000000 0.000000 0.000000
	grand_canonical: 0
	chemical_potential: 0.0000000000000000
box: 8.345100 8.345100
copy: 1.000000 1.000000
epsilon: 0.5000000000000000
end_epsilon: 0.0000000000000000
pressure: 1.2500370000000001
lambda: 0.0000000000000000
lambda_coupling: 1.0000000000000000
uy: 0.0000000000000000
maximum_displacement: 1.0000000000000000
maximum_rotation: 1.0000000000000000
maximum_volume: 0.4707559088701068
maximum_shape: 0.0000001000000000
maximum_dsigma: 0.0100000000000000
mod: 10
pmod: 10
optimize: 1
verbose: 1
snapshot: 0
display: 1
explore: 1
npt: 1
nptxy: 0
nptdxdy: 0
shape: 0
seed: 1413808
-24.284395112639 23.602913823085 0.866025403784 0.500000000000
18.638137781791 -16.452173213521 0.000000000000 1.000000000000
-42.066321630677 31.708706181306 0.866025403784 0.500000000000
-11.334629145169 108.024486007318 0.866025403784 0.500000000000
-31.464131720458 -70.194406814931 0.866025403784 -0.500000000000
-45.273346461034 -170.627324499466 0.000000000000 1.000000000000
-24.474285943353 -12.276218710513 0.866025403784 -0.500000000000
11.119428815324 95.814707918179 0.866025403784 0.500000000000
-42.684328299541 60.732048251165 0.866025403784 0.500000000000
-18.035203089658 -34.033352665656 0.866025403784 -0.500000000000
82.520490915156 137.459299160246 0.866025403784 0.500000000000
-6.226044868005 -76.381788116860 0.000000000000 1.000000000000
52.683739314104 60.583451282830 0.000000000000 1.000000000000
31.298967188423 40.342130132766 0.866025403784 0.500000000000
41.623521616081 -174.386288651111 0.866025403784 0.500000000000
-36.799259448270 -82.578091765089 0.866025403784 0.500000000000
-38.159657418810 -61.882411850808 0.866025403784 0.500000000000
-96.099211040198 -68.180156199212 0.866025403784 -0.500000000000
66.244918071875 -19.865582061253 0.866025403784 -0.500000000000
46.026140806773 85.007989970538 0.866025403784 -0.500000000000
