#Configurational_file created 2018-09-14 11:37:22  started 2018-09-14 11:37:22 run for 0.0s steps 0
name: p_1202
step: 10000
specie: 20
	particle_diameter: 1.0000000000000000
	interaction_length: 1.2000000000000000
	number_of_patches: 3
	number_of_particles_per_compound: 1
	rod_length: 1.0000000000000000
	interaction_matrix:  1.000000 1.000000 1.000000 1.000000 1.000000 1.000000 1.000000 1.000000 1.000000
	patch_type: symmetric
	patch_width: 8.0000000000000000
	patch_angle: 0.0000000000000000
	angles:  0.000000 0.000000 0.000000
	grand_canonical: 0
	chemical_potential: 0.0000000000000000
box: 20.818880 20.818880
copy: 1.000000 1.000000
epsilon: 0.4791710000000000
end_epsilon: 0.0000000000000000
pressure: 0.0834290000000000
lambda: 0.0000000000000000
lambda_coupling: 1.0000000000000000
uy: 0.0000000000000000
maximum_displacement: 1.0000000000000000
maximum_rotation: 1.0000000000000000
maximum_volume: 1.0000000000000000
maximum_shape: 0.0000001000000000
maximum_dsigma: 0.0100000000000000
mod: 10
pmod: 10
optimize: 1
verbose: 1
snapshot: 0
display: 1
explore: 1
npt: 1
nptxy: 0
nptdxdy: 0
shape: 0
seed: 1369465
49.546833806182 78.684524684811 0.866025403784 -0.500000000000
161.498711841042 9.986198168430 0.866025403784 0.500000000000
90.154077776446 23.651857595161 0.866025403784 -0.500000000000
-142.691193467241 -76.230576147512 0.866025403784 -0.500000000000
130.528985049360 175.919638502538 0.000000000000 1.000000000000
10.317230788351 166.707569897365 0.000000000000 1.000000000000
40.471902663231 -2.950162422796 0.866025403784 0.500000000000
22.721470701352 46.097916903338 0.866025403784 0.500000000000
25.706972888618 57.402859238907 0.000000000000 1.000000000000
-116.188905912635 -182.384762353641 0.866025403784 -0.500000000000
-217.558690404992 187.915750157870 0.866025403784 -0.500000000000
135.770746790936 -118.602944707939 0.000000000000 1.000000000000
-8.931069811988 -216.742391607033 0.866025403784 0.500000000000
197.691464509225 -1.924776009528 0.000000000000 1.000000000000
2.136106999479 -4.691358664595 0.000000000000 1.000000000000
119.352613303154 -85.840159066473 0.866025403784 -0.500000000000
11.276521186382 -45.551161531857 0.866025403784 -0.500000000000
30.477040627919 -85.148089137388 0.866025403784 -0.500000000000
-25.949036012308 0.163464712328 0.000000000000 1.000000000000
97.950521129580 -9.246195511186 0.000000000000 1.000000000000
