#Configurational_file created 2018-09-14 11:37:38  started 2018-09-14 11:37:37 run for 1.0s steps 0
name: p_1220
step: 10000
specie: 20
	particle_diameter: 1.0000000000000000
	interaction_length: 1.2000000000000000
	number_of_patches: 3
	number_of_particles_per_compound: 1
	rod_length: 1.0000000000000000
	interaction_matrix:  1.000000 1.000000 1.000000 1.000000 1.000000 1.000000 1.000000 1.000000 1.000000
	patch_type: symmetric
	patch_width: 8.0000000000000000
	patch_angle: 0.0000000000000000
	angles:  0.000000 0.000000 0.000000
	grand_canonical: 0
	chemical_potential: 0.0000000000000000
box: 7.389668 7.389668
copy: 1.000000 1.000000
epsilon: 0.4791710000000000
end_epsilon: 0.0000000000000000
pressure: 1.5833539999999999
lambda: 0.0000000000000000
lambda_coupling: 1.0000000000000000
uy: 0.0000000000000000
maximum_displacement: 1.0000000000000000
maximum_rotation: 1.0000000000000000
maximum_volume: 0.3870790726127687
maximum_shape: 0.0000001000000000
maximum_dsigma: 0.0100000000000000
mod: 10
pmod: 10
optimize: 1
verbose: 1
snapshot: 0
display: 1
explore: 1
npt: 1
nptxy: 0
nptdxdy: 0
shape: 0
seed: 1389931
-35.452732928490 106.112470701398 0.000000000000 1.000000000000
-5.068089734694 58.895928623282 0.000000000000 1.000000000000
-29.095079221601 23.971260155843 0.866025403784 -0.500000000000
-113.160514422874 30.833093905602 0.866025403784 -0.500000000000
-38.007444490120 77.996205079462 0.000000000000 1.000000000000
-36.072602765132 3.391141339975 0.866025403784 -0.500000000000
-49.837005244566 -67.717221667119 0.000000000000 1.000000000000
-68.127630722413 51.503720312268 0.866025403784 -0.500000000000
-66.759832431841 72.233184003809 0.866025403784 -0.500000000000
19.747660856495 34.970997769867 0.000000000000 1.000000000000
53.034844612791 4.649419397168 0.000000000000 1.000000000000
75.859419439717 96.887384680038 0.000000000000 1.000000000000
-6.637545681559 35.657017945293 0.000000000000 1.000000000000
21.169853331342 7.534070590921 0.000000000000 1.000000000000
-76.568969974286 83.581196523510 0.866025403784 -0.500000000000
-55.571743649944 -14.587108308137 0.866025403784 0.500000000000
-45.767238639542 32.439864499431 0.000000000000 1.000000000000
-77.425908406430 41.636876356192 0.866025403784 0.500000000000
-46.434817727767 -8.048295623822 0.000000000000 1.000000000000
-18.657578328928 1.948451779481 0.866025403784 -0.500000000000
