#Configurational_file created 2018-09-14 12:04:44  started 2018-09-14 12:04:43 run for 1.0s steps 0
name: p_1221
step: 10000
specie: 20
	particle_diameter: 1.0000000000000000
	interaction_length: 1.2000000000000000
	number_of_patches: 3
	number_of_particles_per_compound: 1
	rod_length: 1.0000000000000000
	interaction_matrix:  1.000000 1.000000 1.000000 1.000000 1.000000 1.000000 1.000000 1.000000 1.000000
	patch_type: symmetric
	patch_width: 8.0000000000000000
	patch_angle: 0.0000000000000000
	angles:  0.000000 0.000000 0.000000
	grand_canonical: 0
	chemical_potential: 0.0000000000000000
box: 53.076756 53.076756
copy: 1.000000 1.000000
epsilon: 0.0479170000000000
end_epsilon: 0.0000000000000000
pressure: 0.0833340000000000
lambda: 0.0000000000000000
lambda_coupling: 1.0000000000000000
uy: 0.0000000000000000
maximum_displacement: 1.0000000000000000
maximum_rotation: 1.0000000000000000
maximum_volume: 1.0000000000000000
maximum_shape: 0.0000001000000000
maximum_dsigma: 0.0100000000000000
mod: 10
pmod: 10
optimize: 1
verbose: 1
snapshot: 0
display: 1
explore: 1
npt: 1
nptxy: 0
nptdxdy: 0
shape: 0
seed: 1391068
-167.623394471915 -358.064172919395 0.866025403784 -0.500000000000
219.298297233407 -94.246222036789 0.000000000000 1.000000000000
8.005767776914 118.629558124783 0.866025403784 -0.500000000000
-74.885179203263 104.390653381935 0.866025403784 0.500000000000
-21.153226853667 -59.024342190584 0.000000000000 1.000000000000
117.023070296214 632.879992702432 0.000000000000 1.000000000000
231.851672506252 -103.808439973706 0.866025403784 0.500000000000
-124.366965434297 213.625245184486 0.866025403784 0.500000000000
-83.184656349648 234.127171632722 0.866025403784 0.500000000000
-48.435537495584 171.480918980425 0.866025403784 0.500000000000
-154.807514543660 -53.650074516681 0.000000000000 1.000000000000
-32.458889546111 116.678870222171 0.866025403784 -0.500000000000
144.740121817853 5.582408508721 0.000000000000 1.000000000000
-301.712777840021 225.967140733993 0.866025403784 0.500000000000
-84.007649539688 -43.766480184654 0.866025403784 0.500000000000
55.648948668092 156.027451529793 0.866025403784 0.500000000000
-50.354026662322 -188.653168948470 0.866025403784 0.500000000000
48.066402832540 117.464480374392 0.000000000000 1.000000000000
270.885492280235 314.611055716331 0.866025403784 -0.500000000000
82.890384846270 264.326419051298 0.866025403784 0.500000000000
