#Configurational_file created 2018-09-14 12:04:48  started 2018-09-14 12:04:47 run for 1.0s steps 0
name: p_1227
step: 10000
specie: 20
	particle_diameter: 1.0000000000000000
	interaction_length: 1.2000000000000000
	number_of_patches: 3
	number_of_particles_per_compound: 1
	rod_length: 1.0000000000000000
	interaction_matrix:  1.000000 1.000000 1.000000 1.000000 1.000000 1.000000 1.000000 1.000000 1.000000
	patch_type: symmetric
	patch_width: 8.0000000000000000
	patch_angle: 0.0000000000000000
	angles:  0.000000 0.000000 0.000000
	grand_canonical: 0
	chemical_potential: 0.0000000000000000
box: 53.766007 53.766007
copy: 1.000000 1.000000
epsilon: 0.0500000000000000
end_epsilon: 0.0000000000000000
pressure: 0.0041680000000000
lambda: 0.0000000000000000
lambda_coupling: 1.0000000000000000
uy: 0.0000000000000000
maximum_displacement: 1.0000000000000000
maximum_rotation: 1.0000000000000000
maximum_volume: 1.0000000000000000
maximum_shape: 0.0000001000000000
maximum_dsigma: 0.0100000000000000
mod: 10
pmod: 10
optimize: 1
verbose: 1
snapshot: 0
display: 1
explore: 1
npt: 1
nptxy: 0
nptdxdy: 0
shape: 0
seed: 1397890
384.174113180802 487.248025022698 0.866025403784 -0.500000000000
-293.741872878747 355.597758788117 0.000000000000 1.000000000000
53.290910495000 190.056359110840 0.866025403784 0.500000000000
78.106198571843 144.767380768594 0.866025403784 -0.500000000000
160.690477027878 178.129345031362 0.866025403784 0.500000000000
13.298529816489 156.076367275571 0.000000000000 1.000000000000
-191.528253988635 299.564084051021 0.000000000000 1.000000000000
264.301357076797 -93.413466831831 0.866025403784 0.500000000000
197.264128129958 -20.835991318164 0.000000000000 1.000000000000
-447.368754518535 -4.671197854871 0.866025403784 0.500000000000
-117.763072931096 328.893638030891 0.866025403784 -0.500000000000
373.232106553018 -159.978566065745 0.000000000000 1.000000000000
-256.266336119044 -249.362731133721 0.866025403784 -0.500000000000
-4.546187441789 249.904621437484 0.000000000000 1.000000000000
112.543068749188 3.812113274029 0.000000000000 1.000000000000
175.197421494974 74.968589041513 0.866025403784 0.500000000000
278.292241651840 -295.226960933841 0.866025403784 0.500000000000
368.419368983991 -21.440732982316 0.000000000000 1.000000000000
-78.804864676668 266.180581561541 0.866025403784 -0.500000000000
416.517088941402 115.441861538959 0.866025403784 0.500000000000
