#Configurational_file created 2018-09-14 11:37:45  started 2018-09-14 11:37:44 run for 1.0s steps 0
name: p_1228
step: 10000
specie: 20
	particle_diameter: 1.0000000000000000
	interaction_length: 1.2000000000000000
	number_of_patches: 3
	number_of_particles_per_compound: 1
	rod_length: 1.0000000000000000
	interaction_matrix:  1.000000 1.000000 1.000000 1.000000 1.000000 1.000000 1.000000 1.000000 1.000000
	patch_type: symmetric
	patch_width: 8.0000000000000000
	patch_angle: 0.0000000000000000
	angles:  0.000000 0.000000 0.000000
	grand_canonical: 0
	chemical_potential: 0.0000000000000000
box: 16.364457 16.364457
copy: 1.000000 1.000000
epsilon: 0.5000000000000000
end_epsilon: 0.0000000000000000
pressure: 0.1667580000000000
lambda: 0.0000000000000000
lambda_coupling: 1.0000000000000000
uy: 0.0000000000000000
maximum_displacement: 1.0000000000000000
maximum_rotation: 1.0000000000000000
maximum_volume: 1.0000000000000000
maximum_shape: 0.0000001000000000
maximum_dsigma: 0.0100000000000000
mod: 10
pmod: 10
optimize: 1
verbose: 1
snapshot: 0
display: 1
explore: 1
npt: 1
nptxy: 0
nptdxdy: 0
shape: 0
seed: 1399027
214.296708105473 162.655011429831 0.866025403784 0.500000000000
-276.230928735682 -8.738989949123 0.000000000000 1.000000000000
46.301100490723 69.319336329422 0.866025403784 -0.500000000000
66.326487090670 -49.781831941418 0.866025403784 -0.500000000000
-256.305825227477 22.544736426818 0.866025403784 -0.500000000000
-6.314158746161 -35.201691524484 0.000000000000 1.000000000000
75.158243008559 72.279487672539 0.000000000000 1.000000000000
74.172076964349 19.388459445192 0.866025403784 -0.500000000000
-155.049359529817 87.154928348460 0.000000000000 1.000000000000
-67.825653767101 84.288944195780 0.866025403784 0.500000000000
71.391810235487 -40.396209134727 0.866025403784 -0.500000000000
-59.785749303442 13.648557130657 0.000000000000 1.000000000000
-12.726133030786 145.955162782934 0.866025403784 -0.500000000000
1.412098579299 133.523049449019 0.866025403784 0.500000000000
-46.763271236936 21.771971261604 0.866025403784 0.500000000000
29.180430162076 129.119747934521 0.000000000000 1.000000000000
126.583870297748 -55.597840909012 0.866025403784 -0.500000000000
-8.519327202524 -83.763855253022 0.866025403784 0.500000000000
26.841113952375 99.194097500214 0.866025403784 0.500000000000
-8.903490970306 105.249776184167 0.866025403784 -0.500000000000
