#Configurational_file created 2018-09-14 11:06:58  started 2018-09-14 11:06:58 run for 0.0s steps 0
name: p_120
step: 10000
specie: 20
	particle_diameter: 1.0000000000000000
	interaction_length: 1.2000000000000000
	number_of_patches: 3
	number_of_particles_per_compound: 1
	rod_length: 1.0000000000000000
	interaction_matrix:  1.000000 1.000000 1.000000 1.000000 1.000000 1.000000 1.000000 1.000000 1.000000
	patch_type: symmetric
	patch_width: 8.0000000000000000
	patch_angle: 0.0000000000000000
	angles:  0.000000 0.000000 0.000000
	grand_canonical: 0
	chemical_potential: 0.0000000000000000
box: 7.588797 7.588797
copy: 1.000000 1.000000
epsilon: 0.4285860000000000
end_epsilon: 0.0000000000000000
pressure: 2.0000000000000000
lambda: 0.0000000000000000
lambda_coupling: 1.0000000000000000
uy: 0.0000000000000000
maximum_displacement: 1.0000000000000000
maximum_rotation: 1.0000000000000000
maximum_volume: 0.3290899324572017
maximum_shape: 0.0000001000000000
maximum_dsigma: 0.0100000000000000
mod: 10
pmod: 10
optimize: 1
verbose: 1
snapshot: 0
display: 1
explore: 1
npt: 1
nptxy: 0
nptdxdy: 0
shape: 0
seed: 139310
-76.901652193005 -43.622623187597 0.866025403784 -0.500000000000
50.910775648635 8.001476071460 0.866025403784 0.500000000000
-37.230897554233 -42.621682944038 0.866025403784 -0.500000000000
-81.905981320677 21.418203168524 0.866025403784 -0.500000000000
-134.805762312306 -19.885141649393 0.866025403784 -0.500000000000
11.143495260330 -17.720549436866 0.000000000000 1.000000000000
-25.429400805770 -145.349334203190 0.866025403784 0.500000000000
37.470539019680 41.887535091016 0.866025403784 0.500000000000
88.461459115835 -41.092367302612 0.866025403784 -0.500000000000
-0.313873502621 61.581591091559 0.866025403784 0.500000000000
40.296880363146 -172.596977327176 0.866025403784 0.500000000000
-24.276232468252 51.754003771590 0.866025403784 -0.500000000000
-53.317806637425 -9.689930216047 0.866025403784 0.500000000000
28.844889382645 -11.570290672616 0.866025403784 0.500000000000
-34.461550366848 60.161664627357 0.866025403784 -0.500000000000
37.516571603396 7.610213057990 0.000000000000 1.000000000000
9.784627638889 80.869721736791 0.866025403784 0.500000000000
-112.366794993801 73.484012644130 0.866025403784 -0.500000000000
26.001015236534 5.852810160028 0.866025403784 -0.500000000000
65.224627026002 115.545288972061 0.866025403784 -0.500000000000
