#Configurational_file created 2018-09-14 14:00:32  started 2018-09-14 14:00:32 run for 0.0s steps 0
name: p_1232
step: 10000
specie: 20
	particle_diameter: 1.0000000000000000
	interaction_length: 1.2000000000000000
	number_of_patches: 3
	number_of_particles_per_compound: 1
	rod_length: 1.0000000000000000
	interaction_matrix:  1.000000 1.000000 1.000000 1.000000 1.000000 1.000000 1.000000 1.000000 1.000000
	patch_type: symmetric
	patch_width: 8.0000000000000000
	patch_angle: 0.0000000000000000
	angles:  0.000000 0.000000 0.000000
	grand_canonical: 0
	chemical_potential: 0.0000000000000000
box: 38.478850 38.478850
copy: 1.000000 1.000000
epsilon: 0.7586210000000000
end_epsilon: 0.0000000000000000
pressure: 0.0172420000000000
lambda: 0.0000000000000000
lambda_coupling: 1.0000000000000000
uy: 0.0000000000000000
maximum_displacement: 1.0000000000000000
maximum_rotation: 1.0000000000000000
maximum_volume: 1.0000000000000000
maximum_shape: 0.0000001000000000
maximum_dsigma: 0.0100000000000000
mod: 10
pmod: 10
optimize: 1
verbose: 1
snapshot: 0
display: 1
explore: 1
npt: 1
nptxy: 0
nptdxdy: 0
shape: 0
seed: 1403575
-55.658567057139 -38.511344137370 0.000000000000 1.000000000000
-144.596814822982 -64.274662283403 0.000000000000 1.000000000000
-44.949072990794 -99.392838688324 0.866025403784 -0.500000000000
23.999637923049 2.777933276353 0.866025403784 0.500000000000
112.483617973339 101.328081669702 0.866025403784 -0.500000000000
138.498785811006 -50.751327458360 0.000000000000 1.000000000000
-24.378311304358 -12.193813005594 0.866025403784 -0.500000000000
-13.579025450397 128.803418664295 0.866025403784 -0.500000000000
117.258161180108 -17.860578126367 0.866025403784 0.500000000000
82.979698554692 -70.679922794758 0.866025403784 -0.500000000000
55.729264418346 327.525421468076 0.000000000000 1.000000000000
-65.112072414368 57.342524297742 0.866025403784 0.500000000000
-17.126521954195 -15.859695887697 0.000000000000 1.000000000000
-38.918711620763 -101.296623015786 0.866025403784 -0.500000000000
14.391664348385 37.021589222015 0.866025403784 0.500000000000
-39.225189706200 -45.609256817271 0.866025403784 0.500000000000
-68.032004456720 71.488247941086 0.866025403784 0.500000000000
-54.786926818578 -28.603696019204 0.866025403784 0.500000000000
-217.752211553740 19.430203444397 0.866025403784 0.500000000000
41.940637812373 136.107014003017 0.866025403784 -0.500000000000
