#Configurational_file created 2018-09-14 11:07:01  started 2018-09-14 11:07:00 run for 1.0s steps 0
name: p_123
step: 10000
specie: 20
	particle_diameter: 1.0000000000000000
	interaction_length: 1.2000000000000000
	number_of_patches: 3
	number_of_particles_per_compound: 1
	rod_length: 1.0000000000000000
	interaction_matrix:  1.000000 1.000000 1.000000 1.000000 1.000000 1.000000 1.000000 1.000000 1.000000
	patch_type: symmetric
	patch_width: 8.0000000000000000
	patch_angle: 0.0000000000000000
	angles:  0.000000 0.000000 0.000000
	grand_canonical: 0
	chemical_potential: 0.0000000000000000
box: 9.696220 9.696220
copy: 1.000000 1.000000
epsilon: 0.5000000000000000
end_epsilon: 0.0000000000000000
pressure: 0.5715000000000000
lambda: 0.0000000000000000
lambda_coupling: 1.0000000000000000
uy: 0.0000000000000000
maximum_displacement: 1.0000000000000000
maximum_rotation: 1.0000000000000000
maximum_volume: 1.0000000000000000
maximum_shape: 0.0000001000000000
maximum_dsigma: 0.0100000000000000
mod: 10
pmod: 10
optimize: 1
verbose: 1
snapshot: 0
display: 1
explore: 1
npt: 1
nptxy: 0
nptdxdy: 0
shape: 0
seed: 142721
182.082726618482 50.589278222527 0.000000000000 1.000000000000
-108.484744958947 -77.780958187286 0.000000000000 1.000000000000
-42.998785928741 -8.143994628505 0.866025403784 -0.500000000000
100.484262264935 -12.318532156208 0.866025403784 0.500000000000
-104.029791378216 -28.298412138515 0.866025403784 -0.500000000000
45.722576692715 17.743133555648 0.000000000000 1.000000000000
83.240327010329 62.078726948745 0.000000000000 1.000000000000
-2.669872219327 48.503453371223 0.866025403784 0.500000000000
204.893369964477 -25.921056244223 0.000000000000 1.000000000000
67.803986960162 211.872170676122 0.866025403784 0.500000000000
-24.416280457554 91.742276921634 0.866025403784 0.500000000000
-17.744336129850 -27.592292977987 0.866025403784 0.500000000000
110.180756334705 -129.725305884974 0.866025403784 0.500000000000
-13.595641409015 36.634114849083 0.866025403784 -0.500000000000
82.843640322870 83.480069090940 0.000000000000 1.000000000000
120.700831977238 -28.118858772011 0.866025403784 0.500000000000
-81.765502015404 39.100156567505 0.866025403784 -0.500000000000
75.962060255710 31.481729742224 0.866025403784 -0.500000000000
-6.032314785622 52.790228909143 0.866025403784 -0.500000000000
94.044858746036 34.091664735120 0.000000000000 1.000000000000
