#Configurational_file created 2018-09-14 11:37:59  started 2018-09-14 11:37:58 run for 1.0s steps 0
name: p_1244
step: 10000
specie: 20
	particle_diameter: 1.0000000000000000
	interaction_length: 1.2000000000000000
	number_of_patches: 3
	number_of_particles_per_compound: 1
	rod_length: 1.0000000000000000
	interaction_matrix:  1.000000 1.000000 1.000000 1.000000 1.000000 1.000000 1.000000 1.000000 1.000000
	patch_type: symmetric
	patch_width: 8.0000000000000000
	patch_angle: 0.0000000000000000
	angles:  0.000000 0.000000 0.000000
	grand_canonical: 0
	chemical_potential: 0.0000000000000000
box: 7.434485 7.434485
copy: 1.000000 1.000000
epsilon: 0.5000000000000000
end_epsilon: 0.0000000000000000
pressure: 1.5000249999999999
lambda: 0.0000000000000000
lambda_coupling: 1.0000000000000000
uy: 0.0000000000000000
maximum_displacement: 0.9878351340536214
maximum_rotation: 1.0000000000000000
maximum_volume: 0.3370561088138449
maximum_shape: 0.0000001000000000
maximum_dsigma: 0.0100000000000000
mod: 10
pmod: 10
optimize: 1
verbose: 1
snapshot: 0
display: 1
explore: 1
npt: 1
nptxy: 0
nptdxdy: 0
shape: 0
seed: 1417219
18.275975636722 94.099119596138 0.000000000000 1.000000000000
37.794932085187 41.933522757699 0.000000000000 1.000000000000
-51.910910879784 0.663087716714 0.000000000000 1.000000000000
-15.353691850600 25.822144872921 0.866025403784 0.500000000000
-22.570808629287 -84.215225470044 0.866025403784 -0.500000000000
16.829527893154 46.417249593177 0.000000000000 1.000000000000
-18.202279065933 119.923217871358 0.866025403784 0.500000000000
74.699994893852 -48.523419912613 0.000000000000 1.000000000000
32.899389013952 114.942965119626 0.000000000000 1.000000000000
51.064315396500 59.813350895975 0.000000000000 1.000000000000
65.713820576026 90.960795594706 0.000000000000 1.000000000000
80.141488938407 14.034558896088 0.000000000000 1.000000000000
40.107184363308 163.051951683345 0.866025403784 -0.500000000000
18.609284403030 143.498479768348 0.000000000000 1.000000000000
21.236486091780 100.660035831025 0.866025403784 -0.500000000000
-53.892332082843 10.211173555635 0.866025403784 0.500000000000
-76.268698261772 103.546179224304 0.866025403784 -0.500000000000
-79.492129289540 41.998238390056 0.866025403784 -0.500000000000
42.805151348184 -46.501269467391 0.866025403784 0.500000000000
-25.136375815860 58.479428099762 0.866025403784 -0.500000000000
