#Configurational_file created 2018-09-14 12:04:54  started 2018-09-14 12:04:53 run for 1.0s steps 0
name: p_1235
step: 10000
specie: 20
	particle_diameter: 1.0000000000000000
	interaction_length: 1.2000000000000000
	number_of_patches: 3
	number_of_particles_per_compound: 1
	rod_length: 1.0000000000000000
	interaction_matrix:  1.000000 1.000000 1.000000 1.000000 1.000000 1.000000 1.000000 1.000000 1.000000
	patch_type: symmetric
	patch_width: 8.0000000000000000
	patch_angle: 0.0000000000000000
	angles:  0.000000 0.000000 0.000000
	grand_canonical: 0
	chemical_potential: 0.0000000000000000
box: 49.852293 49.852293
copy: 1.000000 1.000000
epsilon: 0.0500000000000000
end_epsilon: 0.0000000000000000
pressure: 0.0375010000000000
lambda: 0.0000000000000000
lambda_coupling: 1.0000000000000000
uy: 0.0000000000000000
maximum_displacement: 1.0000000000000000
maximum_rotation: 1.0000000000000000
maximum_volume: 1.0000000000000000
maximum_shape: 0.0000001000000000
maximum_dsigma: 0.0100000000000000
mod: 10
pmod: 10
optimize: 1
verbose: 1
snapshot: 0
display: 1
explore: 1
npt: 1
nptxy: 0
nptdxdy: 0
shape: 0
seed: 1406986
-78.277822036198 345.361307151603 0.000000000000 1.000000000000
-14.408932789229 265.645620173235 0.000000000000 1.000000000000
-28.338547808147 388.597130135716 0.866025403784 0.500000000000
-179.683434790196 289.756978778920 0.000000000000 1.000000000000
143.725545389556 -278.461307849935 0.000000000000 1.000000000000
155.502011385530 -52.256301588700 0.000000000000 1.000000000000
147.631248405607 71.856469748183 0.866025403784 0.500000000000
68.234341614133 -224.513940310576 0.866025403784 0.500000000000
-95.554365950426 -276.371503017724 0.866025403784 -0.500000000000
58.654602510368 122.747708887185 0.866025403784 -0.500000000000
-126.885472266930 -507.012535163334 0.000000000000 1.000000000000
128.917281860353 -548.241725291822 0.000000000000 1.000000000000
49.753323333950 82.009348231889 0.866025403784 0.500000000000
-127.778078675692 208.187791827222 0.000000000000 1.000000000000
30.933398139329 121.112583114246 0.866025403784 -0.500000000000
-170.559412668751 93.100480752313 0.866025403784 -0.500000000000
-64.757654370145 -149.400831415802 0.866025403784 -0.500000000000
-113.787361805189 -354.288829687617 0.866025403784 0.500000000000
-128.151565461215 -255.720932341879 0.866025403784 -0.500000000000
227.549241819149 289.846485505209 0.866025403784 -0.500000000000
