#Configurational_file created 2018-09-14 11:37:49  started 2018-09-14 11:37:48 run for 1.0s steps 0
name: p_1233
step: 10000
specie: 20
	particle_diameter: 1.0000000000000000
	interaction_length: 1.2000000000000000
	number_of_patches: 3
	number_of_particles_per_compound: 1
	rod_length: 1.0000000000000000
	interaction_matrix:  1.000000 1.000000 1.000000 1.000000 1.000000 1.000000 1.000000 1.000000 1.000000
	patch_type: symmetric
	patch_width: 8.0000000000000000
	patch_angle: 0.0000000000000000
	angles:  0.000000 0.000000 0.000000
	grand_canonical: 0
	chemical_potential: 0.0000000000000000
box: 10.004546 10.004546
copy: 1.000000 1.000000
epsilon: 0.5000000000000000
end_epsilon: 0.0000000000000000
pressure: 0.5834040000000000
lambda: 0.0000000000000000
lambda_coupling: 1.0000000000000000
uy: 0.0000000000000000
maximum_displacement: 1.0000000000000000
maximum_rotation: 1.0000000000000000
maximum_volume: 1.0000000000000000
maximum_shape: 0.0000001000000000
maximum_dsigma: 0.0100000000000000
mod: 10
pmod: 10
optimize: 1
verbose: 1
snapshot: 0
display: 1
explore: 1
npt: 1
nptxy: 0
nptdxdy: 0
shape: 0
seed: 1404712
-27.475376055686 -70.214955457598 0.866025403784 0.500000000000
-113.257588661946 -36.825060479136 0.000000000000 1.000000000000
-133.468555479081 -23.395455095250 0.000000000000 1.000000000000
-75.063303220891 1.136080919060 0.000000000000 1.000000000000
19.014311179026 -10.956795905495 0.866025403784 0.500000000000
11.097307224115 132.132510368115 0.866025403784 -0.500000000000
-66.343279226945 -158.410678581771 0.866025403784 0.500000000000
23.569086128357 -9.733065573630 0.000000000000 1.000000000000
58.459797978406 173.227471549930 0.866025403784 -0.500000000000
-1.518976564410 0.806199197391 0.866025403784 -0.500000000000
2.597304542900 -54.984571536613 0.866025403784 -0.500000000000
1.113842721693 -69.762072118882 0.000000000000 1.000000000000
-104.471301407260 -55.425171103063 0.866025403784 -0.500000000000
74.658474335256 -65.645261549698 0.866025403784 0.500000000000
165.966587422005 127.018915029400 0.866025403784 -0.500000000000
62.288448709303 31.107157523722 0.866025403784 0.500000000000
126.250238344778 -165.685348409400 0.000000000000 1.000000000000
89.489880179043 144.997731944878 0.866025403784 0.500000000000
-45.592754167571 96.238790076801 0.866025403784 0.500000000000
38.829603945863 -102.589776378612 0.866025403784 0.500000000000
