#Configurational_file created 2018-09-14 14:00:45  started 2018-09-14 14:00:44 run for 1.0s steps 0
name: p_1249
step: 10000
specie: 20
	particle_diameter: 1.0000000000000000
	interaction_length: 1.2000000000000000
	number_of_patches: 3
	number_of_particles_per_compound: 1
	rod_length: 1.0000000000000000
	interaction_matrix:  1.000000 1.000000 1.000000 1.000000 1.000000 1.000000 1.000000 1.000000 1.000000
	patch_type: symmetric
	patch_width: 8.0000000000000000
	patch_angle: 0.0000000000000000
	angles:  0.000000 0.000000 0.000000
	grand_canonical: 0
	chemical_potential: 0.0000000000000000
box: 10.710302 10.710302
copy: 1.000000 1.000000
epsilon: 0.7586210000000000
end_epsilon: 0.0000000000000000
pressure: 0.3103450000000000
lambda: 0.0000000000000000
lambda_coupling: 1.0000000000000000
uy: 0.0000000000000000
maximum_displacement: 1.0000000000000000
maximum_rotation: 1.0000000000000000
maximum_volume: 1.0000000000000000
maximum_shape: 0.0000001000000000
maximum_dsigma: 0.0100000000000000
mod: 10
pmod: 10
optimize: 1
verbose: 1
snapshot: 0
display: 1
explore: 1
npt: 1
nptxy: 0
nptdxdy: 0
shape: 0
seed: 1422904
85.840655580996 14.611030693014 0.000000000000 1.000000000000
148.157299605543 74.657267952021 0.866025403784 -0.500000000000
-17.657647715691 -52.426431289509 0.866025403784 0.500000000000
-36.476716402657 55.320331023042 0.866025403784 -0.500000000000
275.309552328281 4.676190476332 0.000000000000 1.000000000000
14.220014619794 70.304797534352 0.866025403784 0.500000000000
50.228172734317 61.188547838762 0.866025403784 0.500000000000
42.122196050225 -4.091836127167 0.000000000000 1.000000000000
175.354767723044 69.488689000571 0.000000000000 1.000000000000
218.537642766818 93.319982364807 0.866025403784 0.500000000000
67.191653548098 -92.606129823956 0.000000000000 1.000000000000
-19.286965376258 16.063350373394 0.866025403784 -0.500000000000
-64.030791524597 8.802490632790 0.866025403784 0.500000000000
34.052565141664 -56.049163624822 0.866025403784 0.500000000000
23.438300526233 -18.198616974477 0.866025403784 0.500000000000
-36.987356213107 -45.068416707207 0.866025403784 0.500000000000
-110.911616062384 86.160816825097 0.000000000000 1.000000000000
48.537469854988 -134.862014774673 0.000000000000 1.000000000000
31.497644215333 -98.028620927802 0.866025403784 -0.500000000000
-32.607086363271 -27.433246386599 0.866025403784 0.500000000000
