#Configurational_file created 2018-09-14 14:00:13  started 2018-09-14 14:00:12 run for 1.0s steps 0
name: p_1207
step: 10000
specie: 20
	particle_diameter: 1.0000000000000000
	interaction_length: 1.2000000000000000
	number_of_patches: 3
	number_of_particles_per_compound: 1
	rod_length: 1.0000000000000000
	interaction_matrix:  1.000000 1.000000 1.000000 1.000000 1.000000 1.000000 1.000000 1.000000 1.000000
	patch_type: symmetric
	patch_width: 8.0000000000000000
	patch_angle: 0.0000000000000000
	angles:  0.000000 0.000000 0.000000
	grand_canonical: 0
	chemical_potential: 0.0000000000000000
box: 19.838143 19.838143
copy: 1.000000 1.000000
epsilon: 0.6896560000000000
end_epsilon: 0.0000000000000000
pressure: 0.1034490000000000
lambda: 0.0000000000000000
lambda_coupling: 1.0000000000000000
uy: 0.0000000000000000
maximum_displacement: 1.0000000000000000
maximum_rotation: 1.0000000000000000
maximum_volume: 1.0000000000000000
maximum_shape: 0.0000001000000000
maximum_dsigma: 0.0100000000000000
mod: 10
pmod: 10
optimize: 1
verbose: 1
snapshot: 0
display: 1
explore: 1
npt: 1
nptxy: 0
nptdxdy: 0
shape: 0
seed: 1375150
74.399927877958 -4.203115586943 0.000000000000 1.000000000000
-43.297780928503 -41.782243431294 0.866025403784 -0.500000000000
-49.665302755733 94.590833842943 0.866025403784 0.500000000000
-47.542204530689 -97.929439070077 0.866025403784 0.500000000000
-15.366246505865 128.649848339153 0.866025403784 -0.500000000000
-117.301769643680 26.756276443524 0.866025403784 -0.500000000000
-10.915873359664 -58.565663195383 0.000000000000 1.000000000000
-12.195176396096 28.698971883135 0.866025403784 -0.500000000000
-75.632262978578 37.685804653954 0.000000000000 1.000000000000
-40.103712544468 177.114448911997 0.000000000000 1.000000000000
95.120617808259 226.929932033728 0.000000000000 1.000000000000
199.580072987147 37.801276840518 0.866025403784 -0.500000000000
-154.990002002185 144.602372995161 0.866025403784 -0.500000000000
-14.371665890315 193.383189243010 0.866025403784 -0.500000000000
53.378688202051 8.771448192382 0.866025403784 -0.500000000000
17.367607049284 109.280472274313 0.866025403784 -0.500000000000
-167.493746099434 -45.373537101961 0.000000000000 1.000000000000
-1.874709207597 -11.149652351764 0.866025403784 0.500000000000
-103.645073831537 123.178035664246 0.866025403784 0.500000000000
59.038355824943 -3.303117704422 0.866025403784 -0.500000000000
