#Configurational_file created 2018-09-14 12:05:00  started 2018-09-14 12:04:59 run for 1.0s steps 0
name: p_1243
step: 10000
specie: 20
	particle_diameter: 1.0000000000000000
	interaction_length: 1.2000000000000000
	number_of_patches: 3
	number_of_particles_per_compound: 1
	rod_length: 1.0000000000000000
	interaction_matrix:  1.000000 1.000000 1.000000 1.000000 1.000000 1.000000 1.000000 1.000000 1.000000
	patch_type: symmetric
	patch_width: 8.0000000000000000
	patch_angle: 0.0000000000000000
	angles:  0.000000 0.000000 0.000000
	grand_canonical: 0
	chemical_potential: 0.0000000000000000
box: 48.041369 48.041369
copy: 1.000000 1.000000
epsilon: 0.0500000000000000
end_epsilon: 0.0000000000000000
pressure: 0.0708340000000000
lambda: 0.0000000000000000
lambda_coupling: 1.0000000000000000
uy: 0.0000000000000000
maximum_displacement: 1.0000000000000000
maximum_rotation: 1.0000000000000000
maximum_volume: 1.0000000000000000
maximum_shape: 0.0000001000000000
maximum_dsigma: 0.0100000000000000
mod: 10
pmod: 10
optimize: 1
verbose: 1
snapshot: 0
display: 1
explore: 1
npt: 1
nptxy: 0
nptdxdy: 0
shape: 0
seed: 1416082
4.923007640371 23.791251134277 0.000000000000 1.000000000000
272.550395052101 125.784858613669 0.866025403784 0.500000000000
125.530913651504 -0.405881005811 0.866025403784 0.500000000000
-76.103957917871 -174.260086286041 0.866025403784 0.500000000000
65.122019349114 -168.681498280157 0.866025403784 -0.500000000000
229.051168670402 354.989239091470 0.866025403784 0.500000000000
89.708945056763 152.329098634934 0.000000000000 1.000000000000
82.828841543971 -47.037463750183 0.000000000000 1.000000000000
137.549463310293 -91.969035550750 0.866025403784 0.500000000000
63.150939599446 64.719358707170 0.000000000000 1.000000000000
313.767391257629 -103.446582974441 0.000000000000 1.000000000000
44.434379427011 195.327485410225 0.000000000000 1.000000000000
33.962083551223 -34.804544918790 0.866025403784 -0.500000000000
199.943361511418 23.717767752399 0.000000000000 1.000000000000
160.722556405832 -30.349347679341 0.866025403784 -0.500000000000
239.200880121565 49.230911075157 0.866025403784 -0.500000000000
111.590165427343 92.667483283689 0.866025403784 -0.500000000000
80.689826054961 96.377232561917 0.866025403784 0.500000000000
130.640664424613 355.642804064083 0.866025403784 0.500000000000
199.709570768734 63.041911586598 0.866025403784 0.500000000000
