#Configurational_file created 2018-09-14 14:00:20  started 2018-09-14 14:00:19 run for 1.0s steps 0
name: p_1217
step: 10000
specie: 20
	particle_diameter: 1.0000000000000000
	interaction_length: 1.2000000000000000
	number_of_patches: 3
	number_of_particles_per_compound: 1
	rod_length: 1.0000000000000000
	interaction_matrix:  1.000000 1.000000 1.000000 1.000000 1.000000 1.000000 1.000000 1.000000 1.000000
	patch_type: symmetric
	patch_width: 8.0000000000000000
	patch_angle: 0.0000000000000000
	angles:  0.000000 0.000000 0.000000
	grand_canonical: 0
	chemical_potential: 0.0000000000000000
box: 11.031074 11.031074
copy: 1.000000 1.000000
epsilon: 0.6896560000000000
end_epsilon: 0.0000000000000000
pressure: 0.2758630000000000
lambda: 0.0000000000000000
lambda_coupling: 1.0000000000000000
uy: 0.0000000000000000
maximum_displacement: 1.0000000000000000
maximum_rotation: 1.0000000000000000
maximum_volume: 1.0000000000000000
maximum_shape: 0.0000001000000000
maximum_dsigma: 0.0100000000000000
mod: 10
pmod: 10
optimize: 1
verbose: 1
snapshot: 0
display: 1
explore: 1
npt: 1
nptxy: 0
nptdxdy: 0
shape: 0
seed: 1386520
-12.805938518141 -68.725452627448 0.866025403784 0.500000000000
-154.441912563677 -80.490794489046 0.866025403784 0.500000000000
-136.133356981391 127.103276361650 0.866025403784 -0.500000000000
-54.050687219632 -25.656166211100 0.000000000000 1.000000000000
27.198649067295 -143.276530450650 0.866025403784 0.500000000000
-37.397461646712 52.104890210155 0.000000000000 1.000000000000
37.994788638782 89.073477830971 0.866025403784 -0.500000000000
-26.328188852886 -154.875928714648 0.866025403784 0.500000000000
-0.830136145497 193.460885661927 0.000000000000 1.000000000000
-43.951385184008 21.790663733125 0.866025403784 0.500000000000
48.969560220616 -5.242983816190 0.866025403784 0.500000000000
-8.603563099406 -63.994829946604 0.866025403784 -0.500000000000
-9.196786280331 97.539576517942 0.000000000000 1.000000000000
-159.582972710234 23.001456165877 0.866025403784 0.500000000000
58.549540487249 39.459308967895 0.866025403784 0.500000000000
-45.876174458235 91.766031792250 0.866025403784 -0.500000000000
39.372004775411 17.498543983984 0.866025403784 0.500000000000
63.814917794199 -32.033480457178 0.000000000000 1.000000000000
-168.081777180636 69.181473474302 0.866025403784 -0.500000000000
-101.118634656518 -90.217072111988 0.866025403784 -0.500000000000
