#Configurational_file created 2018-09-14 14:00:16  started 2018-09-14 14:00:16 run for 0.0s steps 0
name: p_1212
step: 10000
specie: 20
	particle_diameter: 1.0000000000000000
	interaction_length: 1.2000000000000000
	number_of_patches: 3
	number_of_particles_per_compound: 1
	rod_length: 1.0000000000000000
	interaction_matrix:  1.000000 1.000000 1.000000 1.000000 1.000000 1.000000 1.000000 1.000000 1.000000
	patch_type: symmetric
	patch_width: 8.0000000000000000
	patch_angle: 0.0000000000000000
	angles:  0.000000 0.000000 0.000000
	grand_canonical: 0
	chemical_potential: 0.0000000000000000
box: 12.628104 12.628104
copy: 1.000000 1.000000
epsilon: 0.6896560000000000
end_epsilon: 0.0000000000000000
pressure: 0.1896560000000000
lambda: 0.0000000000000000
lambda_coupling: 1.0000000000000000
uy: 0.0000000000000000
maximum_displacement: 1.0000000000000000
maximum_rotation: 1.0000000000000000
maximum_volume: 1.0000000000000000
maximum_shape: 0.0000001000000000
maximum_dsigma: 0.0100000000000000
mod: 10
pmod: 10
optimize: 1
verbose: 1
snapshot: 0
display: 1
explore: 1
npt: 1
nptxy: 0
nptdxdy: 0
shape: 0
seed: 1380835
-65.154833583962 -12.657796476496 0.866025403784 0.500000000000
14.982630788937 -226.178028753185 0.000000000000 1.000000000000
-48.640744446455 87.474223156273 0.000000000000 1.000000000000
81.634911973167 86.732192972205 0.000000000000 1.000000000000
107.824661132983 67.015274231858 0.866025403784 0.500000000000
2.625051690938 119.599701347673 0.866025403784 0.500000000000
48.747669154397 96.046016967604 0.866025403784 -0.500000000000
111.625883117419 -47.622804022328 0.866025403784 -0.500000000000
15.443408895949 40.520899031214 0.866025403784 0.500000000000
60.840488498738 21.139044910961 0.866025403784 -0.500000000000
98.787571556559 -19.855081391091 0.000000000000 1.000000000000
71.398652477931 -25.245975466154 0.866025403784 -0.500000000000
-126.627477566216 -122.499804699635 0.000000000000 1.000000000000
19.903745807753 120.521002328349 0.000000000000 1.000000000000
26.119415000438 16.835265662942 0.000000000000 1.000000000000
48.722590810726 -52.623364092583 0.866025403784 0.500000000000
97.099447760949 -86.719189395913 0.866025403784 -0.500000000000
-59.423203564878 104.496690611354 0.000000000000 1.000000000000
109.850970165637 -15.455511349729 0.866025403784 -0.500000000000
37.751555955754 124.995981907968 0.866025403784 0.500000000000
