#Configurational_file created 2018-09-14 14:00:41  started 2018-09-14 14:00:40 run for 1.0s steps 0
name: p_1244
step: 10000
specie: 20
	particle_diameter: 1.0000000000000000
	interaction_length: 1.2000000000000000
	number_of_patches: 3
	number_of_particles_per_compound: 1
	rod_length: 1.0000000000000000
	interaction_matrix:  1.000000 1.000000 1.000000 1.000000 1.000000 1.000000 1.000000 1.000000 1.000000
	patch_type: symmetric
	patch_width: 8.0000000000000000
	patch_angle: 0.0000000000000000
	angles:  0.000000 0.000000 0.000000
	grand_canonical: 0
	chemical_potential: 0.0000000000000000
box: 11.539408 11.539408
copy: 1.000000 1.000000
epsilon: 0.7586210000000000
end_epsilon: 0.0000000000000000
pressure: 0.2241380000000000
lambda: 0.0000000000000000
lambda_coupling: 1.0000000000000000
uy: 0.0000000000000000
maximum_displacement: 1.0000000000000000
maximum_rotation: 1.0000000000000000
maximum_volume: 1.0000000000000000
maximum_shape: 0.0000001000000000
maximum_dsigma: 0.0100000000000000
mod: 10
pmod: 10
optimize: 1
verbose: 1
snapshot: 0
display: 1
explore: 1
npt: 1
nptxy: 0
nptdxdy: 0
shape: 0
seed: 1417219
-17.723281917596 89.992073333560 0.866025403784 0.500000000000
-91.623122550966 -172.990628502679 0.866025403784 -0.500000000000
-27.264465620394 96.132000140874 0.000000000000 1.000000000000
129.153963946597 -34.040296813102 0.000000000000 1.000000000000
27.540324218447 -79.249312579407 0.000000000000 1.000000000000
-172.205830100827 145.411132967284 0.866025403784 0.500000000000
-202.487117820573 49.382309441607 0.866025403784 0.500000000000
21.231913377461 -49.975409312735 0.000000000000 1.000000000000
21.115765351737 44.833188296063 0.000000000000 1.000000000000
23.220533650080 49.099391083800 0.000000000000 1.000000000000
99.137260051091 -25.434532275174 0.866025403784 -0.500000000000
35.214174021582 -41.742452469633 0.866025403784 -0.500000000000
61.919293732166 17.444657129482 0.000000000000 1.000000000000
-43.378665380951 17.512293301684 0.000000000000 1.000000000000
-100.732388891600 140.481203493464 0.866025403784 0.500000000000
-51.773464266004 149.322248998143 0.866025403784 -0.500000000000
-10.658351984484 90.076016728793 0.866025403784 0.500000000000
52.556356043210 65.033186578208 0.866025403784 -0.500000000000
-186.411934373720 2.354391319907 0.866025403784 -0.500000000000
-185.575350370780 277.939615564427 0.866025403784 0.500000000000
