#Configurational_file created 2018-09-14 11:37:26  started 2018-09-14 11:37:25 run for 1.0s steps 0
name: p_1207
step: 10000
specie: 20
	particle_diameter: 1.0000000000000000
	interaction_length: 1.2000000000000000
	number_of_patches: 3
	number_of_particles_per_compound: 1
	rod_length: 1.0000000000000000
	interaction_matrix:  1.000000 1.000000 1.000000 1.000000 1.000000 1.000000 1.000000 1.000000 1.000000
	patch_type: symmetric
	patch_width: 8.0000000000000000
	patch_angle: 0.0000000000000000
	angles:  0.000000 0.000000 0.000000
	grand_canonical: 0
	chemical_potential: 0.0000000000000000
box: 9.189014 9.189014
copy: 1.000000 1.000000
epsilon: 0.4791710000000000
end_epsilon: 0.0000000000000000
pressure: 0.5000750000000000
lambda: 0.0000000000000000
lambda_coupling: 1.0000000000000000
uy: 0.0000000000000000
maximum_displacement: 1.0000000000000000
maximum_rotation: 1.0000000000000000
maximum_volume: 1.0000000000000000
maximum_shape: 0.0000001000000000
maximum_dsigma: 0.0100000000000000
mod: 10
pmod: 10
optimize: 1
verbose: 1
snapshot: 0
display: 1
explore: 1
npt: 1
nptxy: 0
nptdxdy: 0
shape: 0
seed: 1375150
64.645431373594 -24.124121739515 0.000000000000 1.000000000000
-108.491738947466 155.320979997924 0.866025403784 -0.500000000000
162.452365663942 76.702715391918 0.000000000000 1.000000000000
23.955550232003 -14.136035799189 0.866025403784 -0.500000000000
29.876496352236 204.170842491049 0.000000000000 1.000000000000
7.328851362379 128.312138664563 0.000000000000 1.000000000000
-10.845209183045 -40.257648731081 0.866025403784 -0.500000000000
28.560835133135 -1.507245195881 0.000000000000 1.000000000000
-70.320979755187 -33.074649545016 0.000000000000 1.000000000000
-86.042858934646 84.395799921468 0.866025403784 -0.500000000000
-16.693610709332 51.794217171569 0.866025403784 0.500000000000
25.833497416605 -4.293622400397 0.866025403784 0.500000000000
-89.199573570615 143.810752482520 0.866025403784 0.500000000000
-82.300558639889 23.499208742172 0.000000000000 1.000000000000
68.245862842242 155.759539571900 0.866025403784 0.500000000000
79.931903343333 72.364283062767 0.866025403784 -0.500000000000
32.466381868899 -7.355661987668 0.866025403784 0.500000000000
63.841980549230 7.283544170655 0.000000000000 1.000000000000
-28.754178721466 -63.013993823185 0.866025403784 -0.500000000000
-88.620682786052 -94.720535430062 0.866025403784 -0.500000000000
