#Configurational_file created 2018-09-14 14:00:21  started 2018-09-14 14:00:20 run for 1.0s steps 0
name: p_1218
step: 10000
specie: 20
	particle_diameter: 1.0000000000000000
	interaction_length: 1.2000000000000000
	number_of_patches: 3
	number_of_particles_per_compound: 1
	rod_length: 1.0000000000000000
	interaction_matrix:  1.000000 1.000000 1.000000 1.000000 1.000000 1.000000 1.000000 1.000000 1.000000
	patch_type: symmetric
	patch_width: 8.0000000000000000
	patch_angle: 0.0000000000000000
	angles:  0.000000 0.000000 0.000000
	grand_canonical: 0
	chemical_potential: 0.0000000000000000
box: 11.495462 11.495462
copy: 1.000000 1.000000
epsilon: 0.6896560000000000
end_epsilon: 0.0000000000000000
pressure: 0.2931040000000000
lambda: 0.0000000000000000
lambda_coupling: 1.0000000000000000
uy: 0.0000000000000000
maximum_displacement: 1.0000000000000000
maximum_rotation: 1.0000000000000000
maximum_volume: 1.0000000000000000
maximum_shape: 0.0000001000000000
maximum_dsigma: 0.0100000000000000
mod: 10
pmod: 10
optimize: 1
verbose: 1
snapshot: 0
display: 1
explore: 1
npt: 1
nptxy: 0
nptdxdy: 0
shape: 0
seed: 1387657
-181.982334628030 137.071733747643 0.866025403784 0.500000000000
-52.843804746497 23.416060466081 0.866025403784 -0.500000000000
57.485980421125 -98.487164968331 0.866025403784 0.500000000000
-19.078097419344 -21.028244037724 0.866025403784 0.500000000000
78.075608579419 82.255625716726 0.866025403784 -0.500000000000
-91.061069966578 -28.294982782462 0.000000000000 1.000000000000
76.477374287002 69.015448938116 0.866025403784 -0.500000000000
116.023214060210 61.603174379048 0.866025403784 0.500000000000
65.148956745221 61.323290090285 0.866025403784 0.500000000000
83.585354228354 -3.827643973254 0.866025403784 -0.500000000000
20.853294381313 131.336267264062 0.000000000000 1.000000000000
-26.798818047005 236.019015110213 0.866025403784 -0.500000000000
-123.981993906891 109.093024183564 0.866025403784 0.500000000000
-53.178159734327 8.567867413056 0.866025403784 0.500000000000
-78.498374753073 117.430956957282 0.866025403784 -0.500000000000
-88.506033382551 -88.900914465282 0.866025403784 0.500000000000
22.863127943948 111.123340879665 0.000000000000 1.000000000000
-6.436914895078 83.719021242146 0.866025403784 -0.500000000000
19.714363721470 44.539961276525 0.000000000000 1.000000000000
21.898635224742 65.957149196062 0.866025403784 -0.500000000000
