#Configurational_file created 2018-09-14 12:05:05  started 2018-09-14 12:05:04 run for 1.0s steps 0
name: p_1250
step: 10000
specie: 20
	particle_diameter: 1.0000000000000000
	interaction_length: 1.2000000000000000
	number_of_patches: 3
	number_of_particles_per_compound: 1
	rod_length: 1.0000000000000000
	interaction_matrix:  1.000000 1.000000 1.000000 1.000000 1.000000 1.000000 1.000000 1.000000 1.000000
	patch_type: symmetric
	patch_width: 8.0000000000000000
	patch_angle: 0.0000000000000000
	angles:  0.000000 0.000000 0.000000
	grand_canonical: 0
	chemical_potential: 0.0000000000000000
box: 44.691014 44.691014
copy: 1.000000 1.000000
epsilon: 0.0500000000000000
end_epsilon: 0.0000000000000000
pressure: 0.1000000000000000
lambda: 0.0000000000000000
lambda_coupling: 1.0000000000000000
uy: 0.0000000000000000
maximum_displacement: 1.0000000000000000
maximum_rotation: 1.0000000000000000
maximum_volume: 1.0000000000000000
maximum_shape: 0.0000001000000000
maximum_dsigma: 0.0100000000000000
mod: 10
pmod: 10
optimize: 1
verbose: 1
snapshot: 0
display: 1
explore: 1
npt: 1
nptxy: 0
nptdxdy: 0
shape: 0
seed: 1424041
-64.274972390984 -162.543276823460 0.866025403784 -0.500000000000
-35.150084044591 126.594627056971 0.866025403784 -0.500000000000
-355.042744612601 43.600511770512 0.000000000000 1.000000000000
203.193435848539 -44.961375577144 0.000000000000 1.000000000000
-130.854072611720 7.748992931342 0.000000000000 1.000000000000
-182.496821736950 137.183167521642 0.866025403784 0.500000000000
-213.447627751999 -0.008700524594 0.866025403784 -0.500000000000
106.894722033212 347.013265519696 0.866025403784 -0.500000000000
-223.905770875407 266.388537917238 0.866025403784 0.500000000000
305.091680983270 -177.531992749342 0.000000000000 1.000000000000
51.530747419131 35.844809880510 0.866025403784 -0.500000000000
215.818880603807 -56.668823482224 0.000000000000 1.000000000000
-62.834852738718 -206.606188332959 0.866025403784 -0.500000000000
3.200019524625 -87.976978468604 0.000000000000 1.000000000000
-5.315440454274 201.032520525661 0.000000000000 1.000000000000
-241.882444544577 -104.520381382303 0.866025403784 0.500000000000
-130.692600241075 49.871187044350 0.866025403784 0.500000000000
-5.690070159672 -129.605033793928 0.000000000000 1.000000000000
-121.064179988509 -12.277682483290 0.866025403784 -0.500000000000
-64.100760078055 322.113572267091 0.000000000000 1.000000000000
