#Configurational_file created 2018-09-14 12:05:02  started 2018-09-14 12:05:01 run for 1.0s steps 0
name: p_1246
step: 10000
specie: 20
	particle_diameter: 1.0000000000000000
	interaction_length: 1.2000000000000000
	number_of_patches: 3
	number_of_particles_per_compound: 1
	rod_length: 1.0000000000000000
	interaction_matrix:  1.000000 1.000000 1.000000 1.000000 1.000000 1.000000 1.000000 1.000000 1.000000
	patch_type: symmetric
	patch_width: 8.0000000000000000
	patch_angle: 0.0000000000000000
	angles:  0.000000 0.000000 0.000000
	grand_canonical: 0
	chemical_potential: 0.0000000000000000
box: 43.693722 43.693722
copy: 1.000000 1.000000
epsilon: 0.0500000000000000
end_epsilon: 0.0000000000000000
pressure: 0.0833340000000000
lambda: 0.0000000000000000
lambda_coupling: 1.0000000000000000
uy: 0.0000000000000000
maximum_displacement: 1.0000000000000000
maximum_rotation: 1.0000000000000000
maximum_volume: 1.0000000000000000
maximum_shape: 0.0000001000000000
maximum_dsigma: 0.0100000000000000
mod: 10
pmod: 10
optimize: 1
verbose: 1
snapshot: 0
display: 1
explore: 1
npt: 1
nptxy: 0
nptdxdy: 0
shape: 0
seed: 1419493
-258.471465866558 221.229463559702 0.866025403784 -0.500000000000
314.124868526366 27.010970703957 0.000000000000 1.000000000000
200.908259283314 80.114827366397 0.866025403784 -0.500000000000
166.996181972303 19.215773439637 0.000000000000 1.000000000000
90.295256934804 -110.733130019997 0.866025403784 0.500000000000
39.426791444861 73.898607069724 0.000000000000 1.000000000000
9.866920513824 -121.849545359537 0.866025403784 0.500000000000
-181.623250299227 113.561117948410 0.000000000000 1.000000000000
125.801661363410 -118.483189719631 0.866025403784 -0.500000000000
-199.442388464802 79.587648435322 0.866025403784 0.500000000000
-154.914365412529 163.957541314979 0.000000000000 1.000000000000
79.987561694313 432.503011408282 0.866025403784 0.500000000000
-92.146281945572 248.445518745243 0.866025403784 -0.500000000000
-225.134747849526 86.469095103503 0.000000000000 1.000000000000
-216.882738675527 133.591583692516 0.866025403784 0.500000000000
38.407412352950 76.791099051871 0.866025403784 -0.500000000000
123.124695558083 118.580334732274 0.000000000000 1.000000000000
-36.323182331104 165.813095502275 0.866025403784 0.500000000000
237.044742698554 41.744875243626 0.866025403784 -0.500000000000
-21.725850485107 320.486613444291 0.866025403784 -0.500000000000
