#Configurational_file created 2018-09-14 11:37:31  started 2018-09-14 11:37:30 run for 1.0s steps 0
name: p_1213
step: 10000
specie: 20
	particle_diameter: 1.0000000000000000
	interaction_length: 1.2000000000000000
	number_of_patches: 3
	number_of_particles_per_compound: 1
	rod_length: 1.0000000000000000
	interaction_matrix:  1.000000 1.000000 1.000000 1.000000 1.000000 1.000000 1.000000 1.000000 1.000000
	patch_type: symmetric
	patch_width: 8.0000000000000000
	patch_angle: 0.0000000000000000
	angles:  0.000000 0.000000 0.000000
	grand_canonical: 0
	chemical_potential: 0.0000000000000000
box: 8.738161 8.738161
copy: 1.000000 1.000000
epsilon: 0.4791710000000000
end_epsilon: 0.0000000000000000
pressure: 1.0000500000000001
lambda: 0.0000000000000000
lambda_coupling: 1.0000000000000000
uy: 0.0000000000000000
maximum_displacement: 1.0000000000000000
maximum_rotation: 1.0000000000000000
maximum_volume: 0.5232784128000000
maximum_shape: 0.0000001000000000
maximum_dsigma: 0.0100000000000000
mod: 10
pmod: 10
optimize: 1
verbose: 1
snapshot: 0
display: 1
explore: 1
npt: 1
nptxy: 0
nptdxdy: 0
shape: 0
seed: 1381972
78.917106486549 -55.273994830585 0.866025403784 0.500000000000
97.800939136894 -24.706939302189 0.866025403784 -0.500000000000
-39.567570008257 -74.124093653232 0.866025403784 -0.500000000000
-8.949448555629 38.007539743029 0.000000000000 1.000000000000
30.429464945316 -68.668087183074 0.000000000000 1.000000000000
20.659766837118 -28.336512359611 0.000000000000 1.000000000000
15.672467263394 85.483525395757 0.866025403784 0.500000000000
33.899065264801 41.867862677281 0.000000000000 1.000000000000
120.727068413743 -65.991636764596 0.866025403784 0.500000000000
-16.688815098664 -99.270476466208 0.000000000000 1.000000000000
75.314890525915 -113.919823332876 0.866025403784 -0.500000000000
127.657004308445 -21.337027095572 0.000000000000 1.000000000000
16.050990923104 105.616861461195 0.000000000000 1.000000000000
36.447238547680 -8.482367877586 0.866025403784 -0.500000000000
33.030972395123 1.008369789874 0.866025403784 -0.500000000000
-29.937552490653 -40.811017783185 0.000000000000 1.000000000000
71.802212396852 -79.998348320331 0.866025403784 0.500000000000
90.555365495615 62.011505978707 0.866025403784 0.500000000000
35.297421511685 -167.226393958289 0.866025403784 -0.500000000000
-112.239963096374 -5.351950364729 0.866025403784 0.500000000000
