#Configurational_file created 2018-09-14 12:04:41  started 2018-09-14 12:04:40 run for 1.0s steps 0
name: p_1217
step: 10000
specie: 20
	particle_diameter: 1.0000000000000000
	interaction_length: 1.2000000000000000
	number_of_patches: 3
	number_of_particles_per_compound: 1
	rod_length: 1.0000000000000000
	interaction_matrix:  1.000000 1.000000 1.000000 1.000000 1.000000 1.000000 1.000000 1.000000 1.000000
	patch_type: symmetric
	patch_width: 8.0000000000000000
	patch_angle: 0.0000000000000000
	angles:  0.000000 0.000000 0.000000
	grand_canonical: 0
	chemical_potential: 0.0000000000000000
box: 46.379747 46.379747
copy: 1.000000 1.000000
epsilon: 0.0479170000000000
end_epsilon: 0.0000000000000000
pressure: 0.0666670000000000
lambda: 0.0000000000000000
lambda_coupling: 1.0000000000000000
uy: 0.0000000000000000
maximum_displacement: 1.0000000000000000
maximum_rotation: 1.0000000000000000
maximum_volume: 1.0000000000000000
maximum_shape: 0.0000001000000000
maximum_dsigma: 0.0100000000000000
mod: 10
pmod: 10
optimize: 1
verbose: 1
snapshot: 0
display: 1
explore: 1
npt: 1
nptxy: 0
nptdxdy: 0
shape: 0
seed: 1386520
-13.059395195699 -149.652943865065 0.866025403784 -0.500000000000
61.174640324841 159.941764963140 0.866025403784 0.500000000000
-128.420037166573 118.255688008078 0.000000000000 1.000000000000
67.445140913153 -79.041030481352 0.866025403784 -0.500000000000
92.180288656142 -212.800251674150 0.866025403784 0.500000000000
-90.818024753698 171.924249578300 0.866025403784 -0.500000000000
355.342896690946 87.043233374177 0.866025403784 0.500000000000
160.564546993766 103.570790389382 0.866025403784 0.500000000000
408.177916219512 400.512528547117 0.866025403784 -0.500000000000
-83.498274247523 -163.934721354128 0.866025403784 0.500000000000
159.947036233950 -47.475596542627 0.000000000000 1.000000000000
42.026146301450 71.229126702791 0.866025403784 -0.500000000000
166.336639110912 42.089982901380 0.866025403784 0.500000000000
-26.483060108042 -22.345387780870 0.866025403784 -0.500000000000
-49.262031403089 74.466027216763 0.866025403784 -0.500000000000
83.982771077143 -5.715493699680 0.866025403784 -0.500000000000
-162.388292539536 38.176649661960 0.866025403784 0.500000000000
23.970944296851 25.094717802814 0.000000000000 1.000000000000
-356.369916810573 -96.655290510736 0.000000000000 1.000000000000
-229.439818864233 -193.674642596025 0.866025403784 0.500000000000
