#Configurational_file created 2018-09-14 14:00:14  started 2018-09-14 14:00:14 run for 0.0s steps 0
name: p_1209
step: 10000
specie: 20
	particle_diameter: 1.0000000000000000
	interaction_length: 1.2000000000000000
	number_of_patches: 3
	number_of_particles_per_compound: 1
	rod_length: 1.0000000000000000
	interaction_matrix:  1.000000 1.000000 1.000000 1.000000 1.000000 1.000000 1.000000 1.000000 1.000000
	patch_type: symmetric
	patch_width: 8.0000000000000000
	patch_angle: 0.0000000000000000
	angles:  0.000000 0.000000 0.000000
	grand_canonical: 0
	chemical_potential: 0.0000000000000000
box: 14.564993 14.564993
copy: 1.000000 1.000000
epsilon: 0.6896560000000000
end_epsilon: 0.0000000000000000
pressure: 0.1379320000000000
lambda: 0.0000000000000000
lambda_coupling: 1.0000000000000000
uy: 0.0000000000000000
maximum_displacement: 1.0000000000000000
maximum_rotation: 1.0000000000000000
maximum_volume: 1.0000000000000000
maximum_shape: 0.0000001000000000
maximum_dsigma: 0.0100000000000000
mod: 10
pmod: 10
optimize: 1
verbose: 1
snapshot: 0
display: 1
explore: 1
npt: 1
nptxy: 0
nptdxdy: 0
shape: 0
seed: 1377424
-27.067552441522 -42.312663369739 0.866025403784 -0.500000000000
-1.721624419114 -41.878337963445 0.000000000000 1.000000000000
27.782263423614 33.777222984871 0.866025403784 0.500000000000
-16.802365863415 -54.462288140415 0.000000000000 1.000000000000
-40.433381661910 -4.798308089394 0.866025403784 -0.500000000000
-109.760302110207 -21.541627251048 0.000000000000 1.000000000000
168.552266070816 -1.708592540524 0.866025403784 0.500000000000
-30.996416936326 -1.657215038643 0.000000000000 1.000000000000
107.745422304360 -20.749687238502 0.000000000000 1.000000000000
52.116185984127 76.319558306054 0.000000000000 1.000000000000
58.543311158356 -40.847962867841 0.000000000000 1.000000000000
47.508344302044 -45.541769433468 0.000000000000 1.000000000000
-119.732296016372 74.948466961934 0.866025403784 -0.500000000000
-22.345690688148 71.254435309057 0.000000000000 1.000000000000
-40.294676006668 86.725553164319 0.866025403784 0.500000000000
-44.152578857071 -15.996010412790 0.866025403784 0.500000000000
-45.916401987423 38.119068311465 0.000000000000 1.000000000000
33.180891583138 103.196450055423 0.000000000000 1.000000000000
71.681476272806 104.631734536211 0.866025403784 0.500000000000
-77.673769106285 -255.539124391489 0.866025403784 0.500000000000
