#Configurational_file created 2018-09-14 12:04:43  started 2018-09-14 12:04:42 run for 1.0s steps 0
name: p_1220
step: 10000
specie: 20
	particle_diameter: 1.0000000000000000
	interaction_length: 1.2000000000000000
	number_of_patches: 3
	number_of_particles_per_compound: 1
	rod_length: 1.0000000000000000
	interaction_matrix:  1.000000 1.000000 1.000000 1.000000 1.000000 1.000000 1.000000 1.000000 1.000000
	patch_type: symmetric
	patch_width: 8.0000000000000000
	patch_angle: 0.0000000000000000
	angles:  0.000000 0.000000 0.000000
	grand_canonical: 0
	chemical_potential: 0.0000000000000000
box: 42.988723 42.988723
copy: 1.000000 1.000000
epsilon: 0.0479170000000000
end_epsilon: 0.0000000000000000
pressure: 0.0791670000000000
lambda: 0.0000000000000000
lambda_coupling: 1.0000000000000000
uy: 0.0000000000000000
maximum_displacement: 1.0000000000000000
maximum_rotation: 1.0000000000000000
maximum_volume: 1.0000000000000000
maximum_shape: 0.0000001000000000
maximum_dsigma: 0.0100000000000000
mod: 10
pmod: 10
optimize: 1
verbose: 1
snapshot: 0
display: 1
explore: 1
npt: 1
nptxy: 0
nptdxdy: 0
shape: 0
seed: 1389931
-92.409684745850 85.820836068225 0.866025403784 0.500000000000
-117.939965756373 -196.467050206868 0.866025403784 -0.500000000000
-124.919946079717 79.452055134241 0.866025403784 0.500000000000
-173.324510926258 -165.376800199450 0.866025403784 -0.500000000000
-110.517358021638 184.395449406754 0.000000000000 1.000000000000
648.502784856654 103.525253709170 0.000000000000 1.000000000000
-8.780871228400 199.408380557525 0.866025403784 0.500000000000
-70.484634090010 64.416474516021 0.866025403784 0.500000000000
-25.940714785330 -0.553892694010 0.866025403784 0.500000000000
31.213887540652 -46.470183422192 0.866025403784 -0.500000000000
-231.619893511537 -120.310325586030 0.866025403784 0.500000000000
110.807550292133 -210.303698847587 0.866025403784 -0.500000000000
114.658211351463 86.815688387245 0.866025403784 0.500000000000
178.820845756539 164.247295708601 0.866025403784 -0.500000000000
42.771290711418 -71.883915288480 0.866025403784 0.500000000000
-355.913741299171 -63.639170533559 0.866025403784 0.500000000000
-71.692416811383 -207.411772731290 0.866025403784 -0.500000000000
98.386399519907 130.796906817628 0.000000000000 1.000000000000
199.952972056493 -261.728544675520 0.866025403784 -0.500000000000
21.148008002059 -45.449461014130 0.000000000000 1.000000000000
