#Configurational_file created 2018-09-14 14:00:43  started 2018-09-14 14:00:42 run for 1.0s steps 0
name: p_1247
step: 10000
specie: 20
	particle_diameter: 1.0000000000000000
	interaction_length: 1.2000000000000000
	number_of_patches: 3
	number_of_particles_per_compound: 1
	rod_length: 1.0000000000000000
	interaction_matrix:  1.000000 1.000000 1.000000 1.000000 1.000000 1.000000 1.000000 1.000000 1.000000
	patch_type: symmetric
	patch_width: 8.0000000000000000
	patch_angle: 0.0000000000000000
	angles:  0.000000 0.000000 0.000000
	grand_canonical: 0
	chemical_potential: 0.0000000000000000
box: 12.423250 12.423250
copy: 1.000000 1.000000
epsilon: 0.7586210000000000
end_epsilon: 0.0000000000000000
pressure: 0.2758630000000000
lambda: 0.0000000000000000
lambda_coupling: 1.0000000000000000
uy: 0.0000000000000000
maximum_displacement: 1.0000000000000000
maximum_rotation: 1.0000000000000000
maximum_volume: 1.0000000000000000
maximum_shape: 0.0000001000000000
maximum_dsigma: 0.0100000000000000
mod: 10
pmod: 10
optimize: 1
verbose: 1
snapshot: 0
display: 1
explore: 1
npt: 1
nptxy: 0
nptdxdy: 0
shape: 0
seed: 1420630
83.901924195443 69.968543116968 0.866025403784 0.500000000000
112.770396987570 133.946160238975 0.866025403784 0.500000000000
72.165832914238 41.415089545696 0.866025403784 0.500000000000
10.282895410713 -0.893133653313 0.866025403784 -0.500000000000
-171.786625635729 46.593347005442 0.000000000000 1.000000000000
-226.706742230462 -18.459469948378 0.866025403784 0.500000000000
-83.566533614901 -28.805689962777 0.866025403784 0.500000000000
-106.926883110533 70.482112332318 0.866025403784 -0.500000000000
162.390606862683 -16.898007709584 0.000000000000 1.000000000000
12.625516849506 -69.785761268749 0.866025403784 -0.500000000000
-146.752269266474 136.693917387291 0.866025403784 0.500000000000
145.546528872051 -201.025674496847 0.866025403784 -0.500000000000
-95.308623193119 38.239223621990 0.866025403784 -0.500000000000
-5.159020929146 78.879453676926 0.866025403784 0.500000000000
99.058063417547 -126.113664130179 0.866025403784 -0.500000000000
152.616976605500 109.332574931130 0.866025403784 -0.500000000000
0.163531639493 36.429532126013 0.866025403784 -0.500000000000
-13.770652663667 -133.413115947058 0.866025403784 0.500000000000
62.852088208651 187.219783843493 0.866025403784 0.500000000000
-1.707956670961 38.195608099552 0.000000000000 1.000000000000
