#Configurational_file created 2018-09-14 11:37:47  started 2018-09-14 11:37:46 run for 1.0s steps 0
name: p_1231
step: 10000
specie: 20
	particle_diameter: 1.0000000000000000
	interaction_length: 1.2000000000000000
	number_of_patches: 3
	number_of_particles_per_compound: 1
	rod_length: 1.0000000000000000
	interaction_matrix:  1.000000 1.000000 1.000000 1.000000 1.000000 1.000000 1.000000 1.000000 1.000000
	patch_type: symmetric
	patch_width: 8.0000000000000000
	patch_angle: 0.0000000000000000
	angles:  0.000000 0.000000 0.000000
	grand_canonical: 0
	chemical_potential: 0.0000000000000000
box: 10.495221 10.495221
copy: 1.000000 1.000000
epsilon: 0.5000000000000000
end_epsilon: 0.0000000000000000
pressure: 0.4167460000000000
lambda: 0.0000000000000000
lambda_coupling: 1.0000000000000000
uy: 0.0000000000000000
maximum_displacement: 1.0000000000000000
maximum_rotation: 1.0000000000000000
maximum_volume: 1.0000000000000000
maximum_shape: 0.0000001000000000
maximum_dsigma: 0.0100000000000000
mod: 10
pmod: 10
optimize: 1
verbose: 1
snapshot: 0
display: 1
explore: 1
npt: 1
nptxy: 0
nptdxdy: 0
shape: 0
seed: 1402438
34.743202394952 -8.714170183333 0.000000000000 1.000000000000
-11.717108150819 15.109251671036 0.866025403784 0.500000000000
143.371022775722 117.363080999153 0.866025403784 -0.500000000000
-23.654846254441 125.233156203567 0.000000000000 1.000000000000
-2.298712232697 207.121712641718 0.866025403784 -0.500000000000
52.226234071156 -40.047523984226 0.866025403784 -0.500000000000
88.799074969710 109.616755646801 0.866025403784 0.500000000000
-1.031079539647 52.526397158207 0.866025403784 -0.500000000000
52.939521122178 177.609872081910 0.866025403784 -0.500000000000
92.102010326292 -7.776172532315 0.866025403784 -0.500000000000
89.309939345666 180.927323502450 0.866025403784 0.500000000000
-34.967268472252 -14.846254113556 0.866025403784 -0.500000000000
-80.163850780426 10.222538380944 0.000000000000 1.000000000000
6.521009988350 81.542742773739 0.866025403784 -0.500000000000
-8.117967722315 122.735144938509 0.866025403784 0.500000000000
-41.081854998363 24.095190481847 0.000000000000 1.000000000000
-147.473574310457 18.570328667759 0.866025403784 -0.500000000000
196.895467624951 54.600610555248 0.000000000000 1.000000000000
-33.935587254836 5.922647484498 0.866025403784 -0.500000000000
-69.598876706687 -110.241241346655 0.866025403784 -0.500000000000
