#Configurational_file created 2018-09-14 12:05:03  started 2018-09-14 12:05:02 run for 1.0s steps 0
name: p_1247
step: 10000
specie: 20
	particle_diameter: 1.0000000000000000
	interaction_length: 1.2000000000000000
	number_of_patches: 3
	number_of_particles_per_compound: 1
	rod_length: 1.0000000000000000
	interaction_matrix:  1.000000 1.000000 1.000000 1.000000 1.000000 1.000000 1.000000 1.000000 1.000000
	patch_type: symmetric
	patch_width: 8.0000000000000000
	patch_angle: 0.0000000000000000
	angles:  0.000000 0.000000 0.000000
	grand_canonical: 0
	chemical_potential: 0.0000000000000000
box: 45.299770 45.299770
copy: 1.000000 1.000000
epsilon: 0.0500000000000000
end_epsilon: 0.0000000000000000
pressure: 0.0875000000000000
lambda: 0.0000000000000000
lambda_coupling: 1.0000000000000000
uy: 0.0000000000000000
maximum_displacement: 1.0000000000000000
maximum_rotation: 1.0000000000000000
maximum_volume: 1.0000000000000000
maximum_shape: 0.0000001000000000
maximum_dsigma: 0.0100000000000000
mod: 10
pmod: 10
optimize: 1
verbose: 1
snapshot: 0
display: 1
explore: 1
npt: 1
nptxy: 0
nptdxdy: 0
shape: 0
seed: 1420630
161.603590151971 46.952308221415 0.866025403784 0.500000000000
-204.496827852179 211.311391361073 0.000000000000 1.000000000000
253.123968328429 34.933707397699 0.866025403784 0.500000000000
96.460556382005 183.551320044550 0.000000000000 1.000000000000
-35.160690809899 -110.577414779741 0.000000000000 1.000000000000
-155.722122353595 -142.180981343767 0.866025403784 -0.500000000000
-208.651704961173 -177.592484826205 0.866025403784 0.500000000000
-150.751598873248 143.128084214331 0.866025403784 0.500000000000
31.719392960882 -159.632838443895 0.866025403784 0.500000000000
90.371744655304 -20.213794607297 0.866025403784 -0.500000000000
73.861538468888 -0.905484985937 0.866025403784 0.500000000000
139.839805605754 -266.682045719360 0.866025403784 -0.500000000000
71.950355958175 168.332691929780 0.866025403784 0.500000000000
97.719515349758 -268.732845981067 0.866025403784 -0.500000000000
58.563929171997 122.259462912039 0.866025403784 0.500000000000
-23.393223299094 -159.170158806632 0.866025403784 -0.500000000000
208.420247452796 -233.838593441964 0.000000000000 1.000000000000
33.275873384003 -116.799508364030 0.866025403784 0.500000000000
120.542604678724 91.998596037388 0.000000000000 1.000000000000
55.914835002485 254.904124017089 0.000000000000 1.000000000000
