#Configurational_file created 2018-09-14 14:00:40  started 2018-09-14 14:00:39 run for 1.0s steps 0
name: p_1243
step: 10000
specie: 20
	particle_diameter: 1.0000000000000000
	interaction_length: 1.2000000000000000
	number_of_patches: 3
	number_of_particles_per_compound: 1
	rod_length: 1.0000000000000000
	interaction_matrix:  1.000000 1.000000 1.000000 1.000000 1.000000 1.000000 1.000000 1.000000 1.000000
	patch_type: symmetric
	patch_width: 8.0000000000000000
	patch_angle: 0.0000000000000000
	angles:  0.000000 0.000000 0.000000
	grand_canonical: 0
	chemical_potential: 0.0000000000000000
box: 12.675438 12.675438
copy: 1.000000 1.000000
epsilon: 0.7586210000000000
end_epsilon: 0.0000000000000000
pressure: 0.2068970000000000
lambda: 0.0000000000000000
lambda_coupling: 1.0000000000000000
uy: 0.0000000000000000
maximum_displacement: 1.0000000000000000
maximum_rotation: 1.0000000000000000
maximum_volume: 1.0000000000000000
maximum_shape: 0.0000001000000000
maximum_dsigma: 0.0100000000000000
mod: 10
pmod: 10
optimize: 1
verbose: 1
snapshot: 0
display: 1
explore: 1
npt: 1
nptxy: 0
nptdxdy: 0
shape: 0
seed: 1416082
27.626616897704 -31.838742609145 0.000000000000 1.000000000000
-23.031352463037 42.750488128373 0.866025403784 0.500000000000
58.796737125614 -207.566629186276 0.000000000000 1.000000000000
83.315385273946 8.318019653254 0.866025403784 -0.500000000000
-62.459539745083 -5.760045671587 0.866025403784 0.500000000000
213.288648521004 -5.190325786830 0.000000000000 1.000000000000
-31.988433911881 -9.043100980892 0.866025403784 0.500000000000
57.848296973545 45.709295395347 0.866025403784 0.500000000000
71.209908073422 24.518191490589 0.866025403784 -0.500000000000
133.585176669230 -27.761563124118 0.866025403784 -0.500000000000
-3.715656660966 -32.612647584216 0.866025403784 0.500000000000
-46.005658043274 -60.329573256861 0.000000000000 1.000000000000
2.197277141365 33.360642093407 0.866025403784 -0.500000000000
131.248885080983 -64.325171442305 0.866025403784 -0.500000000000
-97.474316196797 -91.230951499075 0.866025403784 0.500000000000
12.180886851065 59.836720209583 0.866025403784 0.500000000000
84.708819126550 -54.703518555379 0.866025403784 0.500000000000
105.121342145487 -18.681179212224 0.866025403784 0.500000000000
72.788677904661 87.540853145865 0.000000000000 1.000000000000
9.900448368650 -44.954093243533 0.866025403784 -0.500000000000
