#Configurational_file created 2018-09-14 14:00:09  started 2018-09-14 14:00:08 run for 1.0s steps 0
name: p_1201
step: 10000
specie: 20
	particle_diameter: 1.0000000000000000
	interaction_length: 1.2000000000000000
	number_of_patches: 3
	number_of_particles_per_compound: 1
	rod_length: 1.0000000000000000
	interaction_matrix:  1.000000 1.000000 1.000000 1.000000 1.000000 1.000000 1.000000 1.000000 1.000000
	patch_type: symmetric
	patch_width: 8.0000000000000000
	patch_angle: 0.0000000000000000
	angles:  0.000000 0.000000 0.000000
	grand_canonical: 0
	chemical_potential: 0.0000000000000000
box: 52.755094 52.755094
copy: 1.000000 1.000000
epsilon: 0.6896560000000000
end_epsilon: 0.0000000000000000
pressure: 0.0000010000000000
lambda: 0.0000000000000000
lambda_coupling: 1.0000000000000000
uy: 0.0000000000000000
maximum_displacement: 1.0000000000000000
maximum_rotation: 1.0000000000000000
maximum_volume: 1.0000000000000000
maximum_shape: 0.0000001000000000
maximum_dsigma: 0.0100000000000000
mod: 10
pmod: 10
optimize: 1
verbose: 1
snapshot: 0
display: 1
explore: 1
npt: 1
nptxy: 0
nptdxdy: 0
shape: 0
seed: 1368328
-46.576491384752 420.387758792373 0.000000000000 1.000000000000
-19.289285720344 122.687202357537 0.000000000000 1.000000000000
-174.258879059210 -240.582539322010 0.000000000000 1.000000000000
0.924523962224 37.233875575863 0.866025403784 -0.500000000000
-152.777804276591 37.183432520814 0.866025403784 -0.500000000000
187.688465904071 233.449452781080 0.866025403784 0.500000000000
317.944790294641 121.161295723972 0.000000000000 1.000000000000
-119.120531660180 259.354515366646 0.866025403784 -0.500000000000
-123.742606977284 14.739976587607 0.866025403784 -0.500000000000
-167.929439390998 80.573738040737 0.866025403784 -0.500000000000
46.927161562519 116.307386199699 0.000000000000 1.000000000000
-228.534635517583 408.708593585007 0.866025403784 0.500000000000
-225.096595045248 -119.325090755107 0.866025403784 0.500000000000
211.315446280218 308.511260399644 0.000000000000 1.000000000000
222.505902408116 -147.130355400702 0.866025403784 0.500000000000
-51.254659251296 265.844470599824 0.866025403784 0.500000000000
-149.525995492830 237.384902392242 0.866025403784 0.500000000000
244.165449990505 64.494681423490 0.866025403784 -0.500000000000
138.434170946344 -206.190018075350 0.866025403784 -0.500000000000
-47.598218032369 140.568653461837 0.000000000000 1.000000000000
