#Configurational_file created 2018-09-14 14:00:27  started 2018-09-14 14:00:26 run for 1.0s steps 0
name: p_1225
step: 10000
specie: 20
	particle_diameter: 1.0000000000000000
	interaction_length: 1.2000000000000000
	number_of_patches: 3
	number_of_particles_per_compound: 1
	rod_length: 1.0000000000000000
	interaction_matrix:  1.000000 1.000000 1.000000 1.000000 1.000000 1.000000 1.000000 1.000000 1.000000
	patch_type: symmetric
	patch_width: 8.0000000000000000
	patch_angle: 0.0000000000000000
	angles:  0.000000 0.000000 0.000000
	grand_canonical: 0
	chemical_potential: 0.0000000000000000
box: 9.752921 9.752921
copy: 1.000000 1.000000
epsilon: 0.6896560000000000
end_epsilon: 0.0000000000000000
pressure: 0.4137930000000000
lambda: 0.0000000000000000
lambda_coupling: 1.0000000000000000
uy: 0.0000000000000000
maximum_displacement: 1.0000000000000000
maximum_rotation: 1.0000000000000000
maximum_volume: 1.0000000000000000
maximum_shape: 0.0000001000000000
maximum_dsigma: 0.0100000000000000
mod: 10
pmod: 10
optimize: 1
verbose: 1
snapshot: 0
display: 1
explore: 1
npt: 1
nptxy: 0
nptdxdy: 0
shape: 0
seed: 1395616
61.032090786277 100.780625044541 0.866025403784 0.500000000000
-154.838369671161 91.044241309488 0.866025403784 0.500000000000
45.087826549078 -22.129975281057 0.866025403784 -0.500000000000
-88.184901349222 -22.892152271218 0.866025403784 -0.500000000000
14.513166335406 -39.864489970933 0.866025403784 -0.500000000000
86.084918751399 -41.604134649117 0.866025403784 0.500000000000
-32.773920741769 187.746302315593 0.000000000000 1.000000000000
-4.720384464303 80.726041971502 0.000000000000 1.000000000000
82.073850940949 -43.832956397353 0.000000000000 1.000000000000
28.079207761335 -113.494224001380 0.866025403784 0.500000000000
15.062729437190 200.459000290726 0.866025403784 -0.500000000000
-60.465873626694 77.489623836606 0.000000000000 1.000000000000
3.640798680376 27.380107721221 0.000000000000 1.000000000000
68.592570221328 -34.350476550618 0.000000000000 1.000000000000
-81.876203388765 58.615668158830 0.866025403784 0.500000000000
27.577588244666 -17.103485667327 0.000000000000 1.000000000000
-37.307297136589 -20.163398907238 0.000000000000 1.000000000000
-35.806597934266 -90.674388184925 0.866025403784 0.500000000000
1.452579782866 131.446272241571 0.000000000000 1.000000000000
-34.850318881753 -37.400585199002 0.000000000000 1.000000000000
