#Configurational_file created 2018-09-14 11:37:24  started 2018-09-14 11:37:23 run for 1.0s steps 0
name: p_1204
step: 10000
specie: 20
	particle_diameter: 1.0000000000000000
	interaction_length: 1.2000000000000000
	number_of_patches: 3
	number_of_particles_per_compound: 1
	rod_length: 1.0000000000000000
	interaction_matrix:  1.000000 1.000000 1.000000 1.000000 1.000000 1.000000 1.000000 1.000000 1.000000
	patch_type: symmetric
	patch_width: 8.0000000000000000
	patch_angle: 0.0000000000000000
	angles:  0.000000 0.000000 0.000000
	grand_canonical: 0
	chemical_potential: 0.0000000000000000
box: 14.830229 14.830229
copy: 1.000000 1.000000
epsilon: 0.4791710000000000
end_epsilon: 0.0000000000000000
pressure: 0.2500870000000000
lambda: 0.0000000000000000
lambda_coupling: 1.0000000000000000
uy: 0.0000000000000000
maximum_displacement: 1.0000000000000000
maximum_rotation: 1.0000000000000000
maximum_volume: 1.0000000000000000
maximum_shape: 0.0000001000000000
maximum_dsigma: 0.0100000000000000
mod: 10
pmod: 10
optimize: 1
verbose: 1
snapshot: 0
display: 1
explore: 1
npt: 1
nptxy: 0
nptdxdy: 0
shape: 0
seed: 1371739
-45.295052934577 -2.826083293146 0.866025403784 -0.500000000000
-107.789795779880 13.531858969568 0.866025403784 -0.500000000000
258.966801416150 -24.650948791996 0.000000000000 1.000000000000
-77.850728114918 112.838610445406 0.866025403784 -0.500000000000
-45.265323598076 -226.458669974881 0.000000000000 1.000000000000
83.147923073467 30.973606128283 0.866025403784 0.500000000000
-46.774386672106 62.078889163908 0.866025403784 0.500000000000
-66.781085860795 41.473386178286 0.000000000000 1.000000000000
40.164368750714 -98.055761067578 0.866025403784 0.500000000000
-26.697115716133 -74.088327163936 0.866025403784 -0.500000000000
-90.401990647240 5.434597178085 0.000000000000 1.000000000000
14.002731890084 62.079792050068 0.000000000000 1.000000000000
30.767376010415 79.743329184853 0.866025403784 0.500000000000
-26.189123570054 93.715755294161 0.000000000000 1.000000000000
-73.529287314918 84.754653609758 0.000000000000 1.000000000000
21.914061634964 -29.160597687813 0.866025403784 -0.500000000000
86.562729751823 56.099028358803 0.866025403784 -0.500000000000
9.652912127015 2.782502389536 0.866025403784 0.500000000000
55.040047406232 96.374279754547 0.000000000000 1.000000000000
9.240473411773 107.057388412844 0.866025403784 -0.500000000000
