#Configurational_file created 2018-09-14 11:37:25  started 2018-09-14 11:37:24 run for 1.0s steps 0
name: p_1206
step: 10000
specie: 20
	particle_diameter: 1.0000000000000000
	interaction_length: 1.2000000000000000
	number_of_patches: 3
	number_of_particles_per_compound: 1
	rod_length: 1.0000000000000000
	interaction_matrix:  1.000000 1.000000 1.000000 1.000000 1.000000 1.000000 1.000000 1.000000 1.000000
	patch_type: symmetric
	patch_width: 8.0000000000000000
	patch_angle: 0.0000000000000000
	angles:  0.000000 0.000000 0.000000
	grand_canonical: 0
	chemical_potential: 0.0000000000000000
box: 12.395998 12.395998
copy: 1.000000 1.000000
epsilon: 0.4791710000000000
end_epsilon: 0.0000000000000000
pressure: 0.4167460000000000
lambda: 0.0000000000000000
lambda_coupling: 1.0000000000000000
uy: 0.0000000000000000
maximum_displacement: 1.0000000000000000
maximum_rotation: 1.0000000000000000
maximum_volume: 1.0000000000000000
maximum_shape: 0.0000001000000000
maximum_dsigma: 0.0100000000000000
mod: 10
pmod: 10
optimize: 1
verbose: 1
snapshot: 0
display: 1
explore: 1
npt: 1
nptxy: 0
nptdxdy: 0
shape: 0
seed: 1374013
79.698262524326 75.862792315544 0.866025403784 0.500000000000
-51.410110204328 -57.366917536038 0.866025403784 0.500000000000
30.789472863793 30.499806827941 0.866025403784 -0.500000000000
-2.476693004417 0.079765539682 0.866025403784 0.500000000000
-17.601273554492 -23.074672576435 0.000000000000 1.000000000000
20.914075516205 -121.013560074542 0.866025403784 0.500000000000
-6.092937434134 44.340174890993 0.000000000000 1.000000000000
87.262725894576 0.639103661965 0.866025403784 -0.500000000000
63.619366425381 -224.126963444628 0.866025403784 0.500000000000
37.177054015767 55.677644635605 0.866025403784 0.500000000000
98.195278226689 71.363882942258 0.866025403784 -0.500000000000
-58.480096103524 -49.025868993584 0.866025403784 0.500000000000
101.597168150542 52.140643733809 0.866025403784 0.500000000000
26.200132684489 142.688332265866 0.866025403784 0.500000000000
19.223840813826 61.242275948794 0.866025403784 0.500000000000
-77.304158756189 104.322448654587 0.866025403784 -0.500000000000
265.314220900407 -79.013446659884 0.866025403784 0.500000000000
27.416081092306 57.193161914232 0.000000000000 1.000000000000
-42.445898950666 77.123558959206 0.000000000000 1.000000000000
-209.226488756432 45.830162691116 0.866025403784 0.500000000000
