#Configurational_file created 2018-09-14 14:00:28  started 2018-09-14 14:00:27 run for 1.0s steps 0
name: p_1227
step: 10000
specie: 20
	particle_diameter: 1.0000000000000000
	interaction_length: 1.2000000000000000
	number_of_patches: 3
	number_of_particles_per_compound: 1
	rod_length: 1.0000000000000000
	interaction_matrix:  1.000000 1.000000 1.000000 1.000000 1.000000 1.000000 1.000000 1.000000 1.000000
	patch_type: symmetric
	patch_width: 8.0000000000000000
	patch_angle: 0.0000000000000000
	angles:  0.000000 0.000000 0.000000
	grand_canonical: 0
	chemical_potential: 0.0000000000000000
box: 10.195327 10.195327
copy: 1.000000 1.000000
epsilon: 0.6896560000000000
end_epsilon: 0.0000000000000000
pressure: 0.4482760000000000
lambda: 0.0000000000000000
lambda_coupling: 1.0000000000000000
uy: 0.0000000000000000
maximum_displacement: 1.0000000000000000
maximum_rotation: 1.0000000000000000
maximum_volume: 1.0000000000000000
maximum_shape: 0.0000001000000000
maximum_dsigma: 0.0100000000000000
mod: 10
pmod: 10
optimize: 1
verbose: 1
snapshot: 0
display: 1
explore: 1
npt: 1
nptxy: 0
nptdxdy: 0
shape: 0
seed: 1397890
82.585101336252 107.219331084607 0.000000000000 1.000000000000
-132.953620073115 -51.191746001951 0.866025403784 0.500000000000
88.241673712775 -27.731723813147 0.866025403784 0.500000000000
31.525316121168 34.483384198832 0.866025403784 0.500000000000
122.838667581802 -3.625086547877 0.866025403784 -0.500000000000
-137.435489584225 36.664454356625 0.000000000000 1.000000000000
-131.901061740835 -96.453704010563 0.866025403784 -0.500000000000
76.304454083193 105.282364411596 0.866025403784 0.500000000000
-22.123345721885 144.003246400958 0.866025403784 0.500000000000
-14.848019919372 -90.542622835673 0.866025403784 -0.500000000000
-24.271513421167 -52.897699359036 0.000000000000 1.000000000000
91.903529935966 43.264315164815 0.866025403784 0.500000000000
19.614370557034 -115.332647429125 0.866025403784 0.500000000000
33.386011972553 -2.724670948990 0.866025403784 0.500000000000
-29.567644745138 -94.374459497224 0.866025403784 -0.500000000000
-47.709151145740 163.041990769398 0.000000000000 1.000000000000
27.476669896178 -101.892708654126 0.000000000000 1.000000000000
-71.827719635693 -78.417036564630 0.866025403784 -0.500000000000
28.181243038610 115.047554755341 0.866025403784 -0.500000000000
-78.055302882750 116.146059551309 0.866025403784 0.500000000000
