#Configurational_file created 2018-09-14 12:04:37  started 2018-09-14 12:04:36 run for 1.0s steps 0
name: p_1212
step: 10000
specie: 20
	particle_diameter: 1.0000000000000000
	interaction_length: 1.2000000000000000
	number_of_patches: 3
	number_of_particles_per_compound: 1
	rod_length: 1.0000000000000000
	interaction_matrix:  1.000000 1.000000 1.000000 1.000000 1.000000 1.000000 1.000000 1.000000 1.000000
	patch_type: symmetric
	patch_width: 8.0000000000000000
	patch_angle: 0.0000000000000000
	angles:  0.000000 0.000000 0.000000
	grand_canonical: 0
	chemical_potential: 0.0000000000000000
box: 52.608188 52.608188
copy: 1.000000 1.000000
epsilon: 0.0479170000000000
end_epsilon: 0.0000000000000000
pressure: 0.0458340000000000
lambda: 0.0000000000000000
lambda_coupling: 1.0000000000000000
uy: 0.0000000000000000
maximum_displacement: 1.0000000000000000
maximum_rotation: 1.0000000000000000
maximum_volume: 1.0000000000000000
maximum_shape: 0.0000001000000000
maximum_dsigma: 0.0100000000000000
mod: 10
pmod: 10
optimize: 1
verbose: 1
snapshot: 0
display: 1
explore: 1
npt: 1
nptxy: 0
nptdxdy: 0
shape: 0
seed: 1380835
143.251874229772 530.428996674990 0.866025403784 0.500000000000
271.956732674875 -35.935118115319 0.866025403784 -0.500000000000
104.220431761976 -236.893968766055 0.866025403784 0.500000000000
47.797041924677 221.145265790195 0.866025403784 0.500000000000
262.999889566126 17.172763741667 0.866025403784 0.500000000000
362.627713643127 114.697593848776 0.000000000000 1.000000000000
67.120771953311 318.423832235961 0.000000000000 1.000000000000
202.034876020623 -149.601470013285 0.000000000000 1.000000000000
-101.277318718134 245.084513108109 0.000000000000 1.000000000000
-187.169643374948 84.794857178492 0.866025403784 0.500000000000
112.158836629344 175.717126368195 0.866025403784 0.500000000000
67.553660342004 -110.745709033613 0.866025403784 0.500000000000
-62.828026870083 -65.850143783374 0.866025403784 0.500000000000
-0.598354257953 21.378982392429 0.866025403784 0.500000000000
477.105386496808 -44.232295795809 0.000000000000 1.000000000000
90.863963482041 156.077794403795 0.866025403784 -0.500000000000
234.566967821754 40.330387497233 0.000000000000 1.000000000000
69.879000218869 -29.180326466594 0.866025403784 -0.500000000000
155.344048519612 -273.231961786352 0.866025403784 0.500000000000
541.772215529857 53.064872194065 0.000000000000 1.000000000000
