#Configurational_file created 2018-09-14 12:04:46  started 2018-09-14 12:04:46 run for 0.0s steps 0
name: p_1225
step: 10000
specie: 20
	particle_diameter: 1.0000000000000000
	interaction_length: 1.2000000000000000
	number_of_patches: 3
	number_of_particles_per_compound: 1
	rod_length: 1.0000000000000000
	interaction_matrix:  1.000000 1.000000 1.000000 1.000000 1.000000 1.000000 1.000000 1.000000 1.000000
	patch_type: symmetric
	patch_width: 8.0000000000000000
	patch_angle: 0.0000000000000000
	angles:  0.000000 0.000000 0.000000
	grand_canonical: 0
	chemical_potential: 0.0000000000000000
box: 44.247774 44.247774
copy: 1.000000 1.000000
epsilon: 0.0479170000000000
end_epsilon: 0.0000000000000000
pressure: 0.1000000000000000
lambda: 0.0000000000000000
lambda_coupling: 1.0000000000000000
uy: 0.0000000000000000
maximum_displacement: 1.0000000000000000
maximum_rotation: 1.0000000000000000
maximum_volume: 1.0000000000000000
maximum_shape: 0.0000001000000000
maximum_dsigma: 0.0100000000000000
mod: 10
pmod: 10
optimize: 1
verbose: 1
snapshot: 0
display: 1
explore: 1
npt: 1
nptxy: 0
nptdxdy: 0
shape: 0
seed: 1395616
-109.144440522455 9.317908889973 0.866025403784 -0.500000000000
-19.880090441215 83.892805502152 0.866025403784 0.500000000000
-231.620598561583 103.908076121646 0.000000000000 1.000000000000
-172.548374682861 147.286381270849 0.866025403784 0.500000000000
-0.033240803845 -11.850352956918 0.866025403784 0.500000000000
-19.473451578985 -58.064369649556 0.866025403784 -0.500000000000
47.114764189498 -65.617709301422 0.866025403784 0.500000000000
2.516641814813 7.185407863763 0.000000000000 1.000000000000
86.087187640367 -165.294989981286 0.000000000000 1.000000000000
-25.684798072812 -26.842621189142 0.000000000000 1.000000000000
-285.439506492527 73.870493246337 0.000000000000 1.000000000000
242.950894625318 43.510776609603 0.866025403784 -0.500000000000
-205.430511719197 -58.347085149143 0.866025403784 -0.500000000000
-138.642491858420 180.711672324402 0.866025403784 -0.500000000000
-103.415475424955 -33.254092314733 0.866025403784 0.500000000000
-54.111927945782 -6.088529068462 0.000000000000 1.000000000000
-266.615881587067 -60.958960028123 0.866025403784 0.500000000000
192.513711564440 112.602482585349 0.000000000000 1.000000000000
-47.234617998226 92.076155302715 0.866025403784 -0.500000000000
147.787079283125 31.868316279127 0.866025403784 0.500000000000
