#Configurational_file created 2018-09-14 14:00:42  started 2018-09-14 14:00:41 run for 1.0s steps 0
name: p_1245
step: 10000
specie: 20
	particle_diameter: 1.0000000000000000
	interaction_length: 1.2000000000000000
	number_of_patches: 3
	number_of_particles_per_compound: 1
	rod_length: 1.0000000000000000
	interaction_matrix:  1.000000 1.000000 1.000000 1.000000 1.000000 1.000000 1.000000 1.000000 1.000000
	patch_type: symmetric
	patch_width: 8.0000000000000000
	patch_angle: 0.0000000000000000
	angles:  0.000000 0.000000 0.000000
	grand_canonical: 0
	chemical_potential: 0.0000000000000000
box: 10.517859 10.517859
copy: 1.000000 1.000000
epsilon: 0.7586210000000000
end_epsilon: 0.0000000000000000
pressure: 0.2413800000000000
lambda: 0.0000000000000000
lambda_coupling: 1.0000000000000000
uy: 0.0000000000000000
maximum_displacement: 1.0000000000000000
maximum_rotation: 1.0000000000000000
maximum_volume: 1.0000000000000000
maximum_shape: 0.0000001000000000
maximum_dsigma: 0.0100000000000000
mod: 10
pmod: 10
optimize: 1
verbose: 1
snapshot: 0
display: 1
explore: 1
npt: 1
nptxy: 0
nptdxdy: 0
shape: 0
seed: 1418356
8.926049265895 -59.849399594178 0.000000000000 1.000000000000
-6.717807239174 -44.754327218261 0.866025403784 -0.500000000000
-34.496952576932 71.596340759063 0.866025403784 -0.500000000000
20.967913878923 102.235590587739 0.866025403784 0.500000000000
-17.823323801049 11.342740293182 0.866025403784 0.500000000000
-64.750633902506 -42.953835463442 0.000000000000 1.000000000000
-11.381682452328 15.918062914481 0.000000000000 1.000000000000
7.798168647343 152.501157959908 0.866025403784 0.500000000000
53.137727886298 14.281540182968 0.000000000000 1.000000000000
41.491569599448 20.511500871341 0.866025403784 -0.500000000000
-184.544844575566 -74.977567692620 0.866025403784 0.500000000000
46.011785434091 -7.281389525706 0.866025403784 0.500000000000
95.242484935293 17.781875663258 0.000000000000 1.000000000000
-12.791546410880 -0.086076929083 0.000000000000 1.000000000000
-152.795530848806 22.897843371769 0.000000000000 1.000000000000
-100.874075276590 28.307990635319 0.866025403784 0.500000000000
15.133330348806 -152.499023706494 0.866025403784 -0.500000000000
62.278675578082 107.638232602881 0.000000000000 1.000000000000
-41.183804411675 -9.854111232262 0.000000000000 1.000000000000
-20.367948539940 26.748871511445 0.866025403784 0.500000000000
