#Configurational_file created 2018-09-14 12:04:36  started 2018-09-14 12:04:35 run for 1.0s steps 0
name: p_1210
step: 10000
specie: 20
	particle_diameter: 1.0000000000000000
	interaction_length: 1.2000000000000000
	number_of_patches: 3
	number_of_particles_per_compound: 1
	rod_length: 1.0000000000000000
	interaction_matrix:  1.000000 1.000000 1.000000 1.000000 1.000000 1.000000 1.000000 1.000000 1.000000
	patch_type: symmetric
	patch_width: 8.0000000000000000
	patch_angle: 0.0000000000000000
	angles:  0.000000 0.000000 0.000000
	grand_canonical: 0
	chemical_potential: 0.0000000000000000
box: 45.032109 45.032109
copy: 1.000000 1.000000
epsilon: 0.0479170000000000
end_epsilon: 0.0000000000000000
pressure: 0.0375010000000000
lambda: 0.0000000000000000
lambda_coupling: 1.0000000000000000
uy: 0.0000000000000000
maximum_displacement: 1.0000000000000000
maximum_rotation: 1.0000000000000000
maximum_volume: 1.0000000000000000
maximum_shape: 0.0000001000000000
maximum_dsigma: 0.0100000000000000
mod: 10
pmod: 10
optimize: 1
verbose: 1
snapshot: 0
display: 1
explore: 1
npt: 1
nptxy: 0
nptdxdy: 0
shape: 0
seed: 1378561
-36.490317939755 -78.570561746206 0.866025403784 -0.500000000000
56.987060965423 -129.005642605273 0.000000000000 1.000000000000
82.059917576288 -298.691272458707 0.000000000000 1.000000000000
-147.482167156549 43.840542827715 0.866025403784 0.500000000000
-108.969184068838 -198.834218483059 0.866025403784 -0.500000000000
52.995915984043 274.176934756726 0.000000000000 1.000000000000
218.768503910868 -165.507481326545 0.000000000000 1.000000000000
-50.906819023717 4.273249552147 0.866025403784 -0.500000000000
10.233738109103 235.617867964178 0.000000000000 1.000000000000
231.031408781707 -309.554386341683 0.866025403784 0.500000000000
138.054366656729 263.431175048995 0.866025403784 0.500000000000
16.871538332947 -42.390593703402 0.000000000000 1.000000000000
-346.903392962862 263.363466698942 0.866025403784 0.500000000000
-17.337003923115 -115.913143571057 0.866025403784 -0.500000000000
18.552619893517 219.760228914138 0.866025403784 0.500000000000
81.627731820205 38.483219573227 0.866025403784 -0.500000000000
38.670937278525 -165.302593170062 0.866025403784 -0.500000000000
151.992047072811 -292.629416209923 0.000000000000 1.000000000000
148.765477352370 -170.069356387965 0.866025403784 0.500000000000
146.644184880975 97.587541375709 0.866025403784 0.500000000000
