#Configurational_file created 2018-09-14 11:11:32  started 2018-09-14 11:11:31 run for 1.0s steps 0
name: p_226
step: 10000
specie: 20
	particle_diameter: 1.0000000000000000
	interaction_length: 1.2000000000000000
	number_of_patches: 3
	number_of_particles_per_compound: 1
	rod_length: 1.0000000000000000
	interaction_matrix:  1.000000 1.000000 1.000000 1.000000 1.000000 1.000000 1.000000 1.000000 1.000000
	patch_type: symmetric
	patch_width: 8.0000000000000000
	patch_angle: 0.0000000000000000
	angles:  0.000000 0.000000 0.000000
	grand_canonical: 0
	chemical_potential: 0.0000000000000000
box: 53.459854 53.459854
copy: 1.000000 1.000000
epsilon: 0.0001000000000000
end_epsilon: 0.0000000000000000
pressure: 0.0001000000000000
lambda: 0.0000000000000000
lambda_coupling: 1.0000000000000000
uy: 0.0000000000000000
maximum_displacement: 1.0000000000000000
maximum_rotation: 1.0000000000000000
maximum_volume: 1.0000000000000000
maximum_shape: 0.0000001000000000
maximum_dsigma: 0.0100000000000000
mod: 10
pmod: 10
optimize: 1
verbose: 1
snapshot: 0
display: 1
explore: 1
npt: 1
nptxy: 0
nptdxdy: 0
shape: 0
seed: 258432
-79.499095120491 201.280179250992 0.866025403784 0.500000000000
273.403021602138 -257.031354188779 0.866025403784 -0.500000000000
-66.724137362577 -59.532567579739 0.866025403784 0.500000000000
-64.397109863430 -123.252599104894 0.000000000000 1.000000000000
216.688480120065 325.708961429278 0.866025403784 0.500000000000
-131.546576043034 -196.054285309640 0.866025403784 0.500000000000
175.098380241158 139.960013495792 0.000000000000 1.000000000000
174.082557291760 -189.230132788927 0.866025403784 -0.500000000000
76.088918443809 161.083796786039 0.000000000000 1.000000000000
-169.686188330755 -265.464367679410 0.000000000000 1.000000000000
-34.117874043415 -2.725707647325 0.866025403784 -0.500000000000
338.325592376582 -188.727096408860 0.000000000000 1.000000000000
47.385708392472 -61.775706647618 0.866025403784 0.500000000000
-117.170457150275 134.484340472639 0.866025403784 -0.500000000000
47.527059025700 -76.550437868860 0.866025403784 -0.500000000000
-60.532292005305 -24.889038191738 0.866025403784 0.500000000000
-289.738212181266 105.297686451382 0.866025403784 0.500000000000
-63.274532812846 127.387592147810 0.866025403784 0.500000000000
104.183402569046 161.668639069262 0.866025403784 0.500000000000
42.100126057221 95.800555217922 0.866025403784 0.500000000000
