#Configurational_file created 2018-09-14 11:11:34  started 2018-09-14 11:11:33 run for 1.0s steps 0
name: p_229
step: 10000
specie: 20
	particle_diameter: 1.0000000000000000
	interaction_length: 1.2000000000000000
	number_of_patches: 3
	number_of_particles_per_compound: 1
	rod_length: 1.0000000000000000
	interaction_matrix:  1.000000 1.000000 1.000000 1.000000 1.000000 1.000000 1.000000 1.000000 1.000000
	patch_type: symmetric
	patch_width: 8.0000000000000000
	patch_angle: 0.0000000000000000
	angles:  0.000000 0.000000 0.000000
	grand_canonical: 0
	chemical_potential: 0.0000000000000000
box: 49.730304 49.730304
copy: 1.000000 1.000000
epsilon: 0.0001000000000000
end_epsilon: 0.0000000000000000
pressure: 0.4286500000000000
lambda: 0.0000000000000000
lambda_coupling: 1.0000000000000000
uy: 0.0000000000000000
maximum_displacement: 1.0000000000000000
maximum_rotation: 1.0000000000000000
maximum_volume: 1.0000000000000000
maximum_shape: 0.0000001000000000
maximum_dsigma: 0.0100000000000000
mod: 10
pmod: 10
optimize: 1
verbose: 1
snapshot: 0
display: 1
explore: 1
npt: 1
nptxy: 0
nptdxdy: 0
shape: 0
seed: 261843
49.777129571591 114.199615064102 0.866025403784 0.500000000000
-137.628419806990 169.838911122209 0.000000000000 1.000000000000
407.781610622135 -171.123387672732 0.000000000000 1.000000000000
312.014082258040 -73.833507216529 0.000000000000 1.000000000000
-133.559326640190 -255.518236834108 0.000000000000 1.000000000000
183.327545097919 301.532690791033 0.866025403784 0.500000000000
64.066162532888 118.013232706488 0.866025403784 0.500000000000
152.239748760853 182.521242601306 0.866025403784 -0.500000000000
374.634123448305 -158.470834644932 0.866025403784 0.500000000000
-42.054843578732 -44.159494958339 0.866025403784 -0.500000000000
-108.298391372052 174.352601222006 0.866025403784 -0.500000000000
-201.865909799820 168.112241544899 0.000000000000 1.000000000000
184.786284729665 -212.383002110616 0.866025403784 -0.500000000000
-96.051325703635 214.383246618722 0.866025403784 0.500000000000
38.558775816010 110.469568451841 0.866025403784 -0.500000000000
303.977857859708 -103.047667315830 0.866025403784 -0.500000000000
419.287179841518 -55.120613718323 0.866025403784 -0.500000000000
-82.247430312110 151.311714441665 0.000000000000 1.000000000000
-438.961631181249 -91.641805466610 0.866025403784 -0.500000000000
255.505113828283 -266.978281282423 0.000000000000 1.000000000000
