#Configurational_file created 2018-09-14 11:11:32  started 2018-09-14 11:11:32 run for 0.0s steps 0
name: p_227
step: 10000
specie: 20
	particle_diameter: 1.0000000000000000
	interaction_length: 1.2000000000000000
	number_of_patches: 3
	number_of_particles_per_compound: 1
	rod_length: 1.0000000000000000
	interaction_matrix:  1.000000 1.000000 1.000000 1.000000 1.000000 1.000000 1.000000 1.000000 1.000000
	patch_type: symmetric
	patch_width: 8.0000000000000000
	patch_angle: 0.0000000000000000
	angles:  0.000000 0.000000 0.000000
	grand_canonical: 0
	chemical_potential: 0.0000000000000000
box: 53.809501 53.809501
copy: 1.000000 1.000000
epsilon: 0.0001000000000000
end_epsilon: 0.0000000000000000
pressure: 0.1429500000000000
lambda: 0.0000000000000000
lambda_coupling: 1.0000000000000000
uy: 0.0000000000000000
maximum_displacement: 1.0000000000000000
maximum_rotation: 1.0000000000000000
maximum_volume: 1.0000000000000000
maximum_shape: 0.0000001000000000
maximum_dsigma: 0.0100000000000000
mod: 10
pmod: 10
optimize: 1
verbose: 1
snapshot: 0
display: 1
explore: 1
npt: 1
nptxy: 0
nptdxdy: 0
shape: 0
seed: 259569
229.869564841700 74.058602532776 0.866025403784 0.500000000000
-107.701522457183 -286.901532439984 0.866025403784 -0.500000000000
74.847648339139 134.716653058569 0.866025403784 0.500000000000
110.748583802605 230.987969708388 0.000000000000 1.000000000000
85.911259744333 77.165698578083 0.866025403784 -0.500000000000
121.312563826921 -148.702111917420 0.866025403784 -0.500000000000
264.013602686139 162.557968050037 0.000000000000 1.000000000000
-105.403481965779 -559.168041675840 0.000000000000 1.000000000000
79.518625349444 7.389876048800 0.866025403784 0.500000000000
-235.200225700949 -384.292670633293 0.866025403784 0.500000000000
209.896493714456 168.871836895803 0.866025403784 0.500000000000
-465.668624500885 -159.104597898496 0.000000000000 1.000000000000
-73.143983059479 -143.209426587967 0.000000000000 1.000000000000
258.066950153695 -137.243649205382 0.000000000000 1.000000000000
-141.934842630495 126.831690244382 0.866025403784 0.500000000000
16.172687961654 119.411869922629 0.866025403784 -0.500000000000
66.598949967800 196.090677288916 0.000000000000 1.000000000000
-94.859891353416 172.550175303827 0.000000000000 1.000000000000
-100.836083219823 20.683951337305 0.866025403784 -0.500000000000
-55.182377732187 85.047846015715 0.866025403784 0.500000000000
