#Configurational_file created 2018-09-14 11:11:33  started 2018-09-14 11:11:32 run for 1.0s steps 0
name: p_228
step: 10000
specie: 20
	particle_diameter: 1.0000000000000000
	interaction_length: 1.2000000000000000
	number_of_patches: 3
	number_of_particles_per_compound: 1
	rod_length: 1.0000000000000000
	interaction_matrix:  1.000000 1.000000 1.000000 1.000000 1.000000 1.000000 1.000000 1.000000 1.000000
	patch_type: symmetric
	patch_width: 8.0000000000000000
	patch_angle: 0.0000000000000000
	angles:  0.000000 0.000000 0.000000
	grand_canonical: 0
	chemical_potential: 0.0000000000000000
box: 50.435655 50.435655
copy: 1.000000 1.000000
epsilon: 0.0001000000000000
end_epsilon: 0.0000000000000000
pressure: 0.2858000000000000
lambda: 0.0000000000000000
lambda_coupling: 1.0000000000000000
uy: 0.0000000000000000
maximum_displacement: 1.0000000000000000
maximum_rotation: 1.0000000000000000
maximum_volume: 1.0000000000000000
maximum_shape: 0.0000001000000000
maximum_dsigma: 0.0100000000000000
mod: 10
pmod: 10
optimize: 1
verbose: 1
snapshot: 0
display: 1
explore: 1
npt: 1
nptxy: 0
nptdxdy: 0
shape: 0
seed: 260706
87.804924391378 -132.052338565343 0.000000000000 1.000000000000
94.451056532393 -181.116802774732 0.000000000000 1.000000000000
-176.785652481924 70.636262907580 0.866025403784 0.500000000000
23.321472523865 -3.133962253104 0.866025403784 -0.500000000000
117.886266973227 289.500152925378 0.866025403784 0.500000000000
-21.262797635294 150.366701685483 0.000000000000 1.000000000000
322.002156644145 -206.220579516969 0.866025403784 -0.500000000000
178.335696659137 26.956129356341 0.866025403784 0.500000000000
-213.085186150789 18.375942344736 0.866025403784 0.500000000000
-191.544583026894 24.540541992191 0.000000000000 1.000000000000
-145.234272315881 -7.927406122929 0.000000000000 1.000000000000
-212.585455633698 -304.906303572245 0.866025403784 0.500000000000
140.225209328018 -105.622887031061 0.866025403784 -0.500000000000
-111.535288147247 100.957299190195 0.866025403784 0.500000000000
-142.982620427585 290.333219019165 0.866025403784 -0.500000000000
127.930916850994 2.048462914688 0.866025403784 -0.500000000000
13.516610135978 -227.103337306893 0.866025403784 -0.500000000000
-216.581600336578 153.462593725605 0.866025403784 0.500000000000
-195.194416888617 188.855978982381 0.000000000000 1.000000000000
-79.433939519103 25.421124503833 0.866025403784 -0.500000000000
