#Configurational_file created 2018-09-14 11:11:35  started 2018-09-14 11:11:34 run for 1.0s steps 0
name: p_230
step: 10000
specie: 20
	particle_diameter: 1.0000000000000000
	interaction_length: 1.2000000000000000
	number_of_patches: 3
	number_of_particles_per_compound: 1
	rod_length: 1.0000000000000000
	interaction_matrix:  1.000000 1.000000 1.000000 1.000000 1.000000 1.000000 1.000000 1.000000 1.000000
	patch_type: symmetric
	patch_width: 8.0000000000000000
	patch_angle: 0.0000000000000000
	angles:  0.000000 0.000000 0.000000
	grand_canonical: 0
	chemical_potential: 0.0000000000000000
box: 53.614774 53.614774
copy: 1.000000 1.000000
epsilon: 0.0001000000000000
end_epsilon: 0.0000000000000000
pressure: 0.5715000000000000
lambda: 0.0000000000000000
lambda_coupling: 1.0000000000000000
uy: 0.0000000000000000
maximum_displacement: 1.0000000000000000
maximum_rotation: 1.0000000000000000
maximum_volume: 1.0000000000000000
maximum_shape: 0.0000001000000000
maximum_dsigma: 0.0100000000000000
mod: 10
pmod: 10
optimize: 1
verbose: 1
snapshot: 0
display: 1
explore: 1
npt: 1
nptxy: 0
nptdxdy: 0
shape: 0
seed: 262980
97.817190053601 34.858028105051 0.866025403784 0.500000000000
-63.602609955847 -87.368225557436 0.866025403784 -0.500000000000
146.029439129959 -86.265931306376 0.866025403784 -0.500000000000
356.612750103913 -29.524825291632 0.866025403784 0.500000000000
90.912858841504 -160.798651964330 0.866025403784 -0.500000000000
225.851152347316 -133.194704482118 0.866025403784 -0.500000000000
12.021261325491 -374.728465685754 0.000000000000 1.000000000000
-62.192126149060 232.353242198667 0.866025403784 -0.500000000000
3.156984017055 -213.399276695277 0.866025403784 -0.500000000000
-345.656360843235 372.309945225242 0.000000000000 1.000000000000
225.718138658505 42.374725883932 0.866025403784 -0.500000000000
54.272366122286 397.285197112657 0.866025403784 -0.500000000000
-174.458881015133 -0.955145520057 0.000000000000 1.000000000000
19.461581539410 76.519859977184 0.866025403784 0.500000000000
-68.842964651713 -219.116766394570 0.866025403784 -0.500000000000
106.639451435766 146.323373643752 0.866025403784 0.500000000000
129.073374247970 -158.515664173762 0.866025403784 0.500000000000
277.150857254480 -68.734186590045 0.000000000000 1.000000000000
337.588678601763 92.978835345344 0.866025403784 0.500000000000
220.743800613989 125.236863124662 0.866025403784 -0.500000000000
