#Configurational_file created 2018-09-14 11:11:36  started 2018-09-14 11:11:35 run for 1.0s steps 0
name: p_232
step: 10000
specie: 20
	particle_diameter: 1.0000000000000000
	interaction_length: 1.2000000000000000
	number_of_patches: 3
	number_of_particles_per_compound: 1
	rod_length: 1.0000000000000000
	interaction_matrix:  1.000000 1.000000 1.000000 1.000000 1.000000 1.000000 1.000000 1.000000 1.000000
	patch_type: symmetric
	patch_width: 8.0000000000000000
	patch_angle: 0.0000000000000000
	angles:  0.000000 0.000000 0.000000
	grand_canonical: 0
	chemical_potential: 0.0000000000000000
box: 48.698712 48.698712
copy: 1.000000 1.000000
epsilon: 0.0001000000000000
end_epsilon: 0.0000000000000000
pressure: 0.8572000000000000
lambda: 0.0000000000000000
lambda_coupling: 1.0000000000000000
uy: 0.0000000000000000
maximum_displacement: 1.0000000000000000
maximum_rotation: 1.0000000000000000
maximum_volume: 1.0000000000000000
maximum_shape: 0.0000001000000000
maximum_dsigma: 0.0100000000000000
mod: 10
pmod: 10
optimize: 1
verbose: 1
snapshot: 0
display: 1
explore: 1
npt: 1
nptxy: 0
nptdxdy: 0
shape: 0
seed: 265254
-238.417711253299 20.285631580162 0.866025403784 -0.500000000000
145.314182654492 -224.189012499649 0.866025403784 0.500000000000
77.129913260906 205.017912854901 0.866025403784 -0.500000000000
241.001644477329 47.867924076486 0.866025403784 -0.500000000000
181.827842996501 168.041941664979 0.866025403784 -0.500000000000
138.120494155160 -164.134587706998 0.866025403784 0.500000000000
-46.058173045927 178.548727764986 0.866025403784 -0.500000000000
-247.343437065430 -78.978000356568 0.866025403784 0.500000000000
233.023292628386 114.824345083063 0.000000000000 1.000000000000
35.952263654539 33.212097659144 0.866025403784 -0.500000000000
197.586165921262 39.713074229101 0.000000000000 1.000000000000
159.697869317551 -172.246298833293 0.866025403784 -0.500000000000
-44.440716201394 -143.119818519982 0.866025403784 0.500000000000
-164.571195870811 227.131862499360 0.866025403784 0.500000000000
-76.137230908203 40.251097785815 0.866025403784 -0.500000000000
102.029478886242 -107.845765427038 0.866025403784 0.500000000000
208.763574575840 -56.405262624916 0.866025403784 0.500000000000
-130.703930344375 -99.901650263156 0.866025403784 0.500000000000
124.595848406926 -389.238936164459 0.000000000000 1.000000000000
-117.916103551176 94.041947664019 0.866025403784 0.500000000000
