#Configurational_file created 2018-09-14 11:11:35  started 2018-09-14 11:11:35 run for 0.0s steps 0
name: p_231
step: 10000
specie: 20
	particle_diameter: 1.0000000000000000
	interaction_length: 1.2000000000000000
	number_of_patches: 3
	number_of_particles_per_compound: 1
	rod_length: 1.0000000000000000
	interaction_matrix:  1.000000 1.000000 1.000000 1.000000 1.000000 1.000000 1.000000 1.000000 1.000000
	patch_type: symmetric
	patch_width: 8.0000000000000000
	patch_angle: 0.0000000000000000
	angles:  0.000000 0.000000 0.000000
	grand_canonical: 0
	chemical_potential: 0.0000000000000000
box: 50.166408 50.166408
copy: 1.000000 1.000000
epsilon: 0.0001000000000000
end_epsilon: 0.0000000000000000
pressure: 0.7143500000000000
lambda: 0.0000000000000000
lambda_coupling: 1.0000000000000000
uy: 0.0000000000000000
maximum_displacement: 1.0000000000000000
maximum_rotation: 1.0000000000000000
maximum_volume: 1.0000000000000000
maximum_shape: 0.0000001000000000
maximum_dsigma: 0.0100000000000000
mod: 10
pmod: 10
optimize: 1
verbose: 1
snapshot: 0
display: 1
explore: 1
npt: 1
nptxy: 0
nptdxdy: 0
shape: 0
seed: 264117
284.461685716776 -208.422318943038 0.000000000000 1.000000000000
144.633275421514 87.763296438565 0.000000000000 1.000000000000
18.240168013842 -93.967548122962 0.000000000000 1.000000000000
-120.913787575841 46.656484777716 0.000000000000 1.000000000000
44.901892197507 247.085512349520 0.000000000000 1.000000000000
369.131290454176 -112.407383280740 0.866025403784 -0.500000000000
324.003827846476 19.344380607183 0.866025403784 -0.500000000000
165.727460636212 -244.977034815620 0.866025403784 -0.500000000000
536.606311315785 225.115714449785 0.866025403784 0.500000000000
-173.506547856869 353.114471639367 0.866025403784 -0.500000000000
8.261653175625 219.280648337415 0.000000000000 1.000000000000
-346.598784042385 317.356776921179 0.866025403784 0.500000000000
300.690870528486 264.786988383727 0.866025403784 0.500000000000
6.632055955278 112.264303211991 0.866025403784 -0.500000000000
7.000085450896 111.203095085432 0.866025403784 0.500000000000
201.131723246975 38.634190365550 0.866025403784 -0.500000000000
-258.682371325655 -131.800734416959 0.000000000000 1.000000000000
-173.668721080794 -354.984659435827 0.866025403784 -0.500000000000
49.102600394782 -38.062114095603 0.000000000000 1.000000000000
256.481475534921 -38.204792118115 0.866025403784 0.500000000000
