#Configurational_file created 2018-09-14 11:11:41  started 2018-09-14 11:11:40 run for 1.0s steps 0
name: p_238
step: 10000
specie: 20
	particle_diameter: 1.0000000000000000
	interaction_length: 1.2000000000000000
	number_of_patches: 3
	number_of_particles_per_compound: 1
	rod_length: 1.0000000000000000
	interaction_matrix:  1.000000 1.000000 1.000000 1.000000 1.000000 1.000000 1.000000 1.000000 1.000000
	patch_type: symmetric
	patch_width: 8.0000000000000000
	patch_angle: 0.0000000000000000
	angles:  0.000000 0.000000 0.000000
	grand_canonical: 0
	chemical_potential: 0.0000000000000000
box: 45.583630 45.583630
copy: 1.000000 1.000000
epsilon: 0.0001000000000000
end_epsilon: 0.0000000000000000
pressure: 1.7142999999999999
lambda: 0.0000000000000000
lambda_coupling: 1.0000000000000000
uy: 0.0000000000000000
maximum_displacement: 1.0000000000000000
maximum_rotation: 1.0000000000000000
maximum_volume: 1.0000000000000000
maximum_shape: 0.0000001000000000
maximum_dsigma: 0.0100000000000000
mod: 10
pmod: 10
optimize: 1
verbose: 1
snapshot: 0
display: 1
explore: 1
npt: 1
nptxy: 0
nptdxdy: 0
shape: 0
seed: 272076
-1.476207617725 112.636769986753 0.000000000000 1.000000000000
178.846863173130 38.352891594552 0.000000000000 1.000000000000
-79.975902928490 -6.390500038887 0.000000000000 1.000000000000
-282.250843149250 -94.854657924218 0.866025403784 0.500000000000
76.544849839814 17.910572475835 0.866025403784 -0.500000000000
-35.703381738799 112.900130095704 0.866025403784 -0.500000000000
26.183496670643 -155.863914900312 0.000000000000 1.000000000000
-116.376842196226 -257.491616632169 0.866025403784 0.500000000000
190.283707477783 27.950205324196 0.000000000000 1.000000000000
66.375490154978 213.559750662516 0.866025403784 -0.500000000000
-144.495827189877 -53.738326738855 0.866025403784 -0.500000000000
-72.879958388695 -73.211858947891 0.000000000000 1.000000000000
26.138383334899 62.963120754755 0.000000000000 1.000000000000
63.703881166530 129.722244135204 0.866025403784 0.500000000000
187.478009981067 186.002393293390 0.866025403784 -0.500000000000
-188.206971208422 60.542473982895 0.000000000000 1.000000000000
-51.967875573102 -175.490172753770 0.000000000000 1.000000000000
-193.607317054501 -106.853919124135 0.866025403784 0.500000000000
-109.262053791273 -74.683805313082 0.000000000000 1.000000000000
-166.326051138728 69.727680359050 0.000000000000 1.000000000000
