#Configurational_file created 2018-09-14 11:11:37  started 2018-09-14 11:11:36 run for 1.0s steps 0
name: p_233
step: 10000
specie: 20
	particle_diameter: 1.0000000000000000
	interaction_length: 1.2000000000000000
	number_of_patches: 3
	number_of_particles_per_compound: 1
	rod_length: 1.0000000000000000
	interaction_matrix:  1.000000 1.000000 1.000000 1.000000 1.000000 1.000000 1.000000 1.000000 1.000000
	patch_type: symmetric
	patch_width: 8.0000000000000000
	patch_angle: 0.0000000000000000
	angles:  0.000000 0.000000 0.000000
	grand_canonical: 0
	chemical_potential: 0.0000000000000000
box: 49.919944 49.919944
copy: 1.000000 1.000000
epsilon: 0.0001000000000000
end_epsilon: 0.0000000000000000
pressure: 1.0000500000000001
lambda: 0.0000000000000000
lambda_coupling: 1.0000000000000000
uy: 0.0000000000000000
maximum_displacement: 1.0000000000000000
maximum_rotation: 1.0000000000000000
maximum_volume: 1.0000000000000000
maximum_shape: 0.0000001000000000
maximum_dsigma: 0.0100000000000000
mod: 10
pmod: 10
optimize: 1
verbose: 1
snapshot: 0
display: 1
explore: 1
npt: 1
nptxy: 0
nptdxdy: 0
shape: 0
seed: 266391
323.186883978479 -3.195164444725 0.866025403784 0.500000000000
-184.783375768795 2.919841733620 0.866025403784 0.500000000000
-21.077514005712 -205.653729568489 0.000000000000 1.000000000000
-69.099645403575 102.696788586888 0.866025403784 -0.500000000000
-237.748964630446 93.037894474896 0.866025403784 -0.500000000000
93.078326791121 -124.788528998825 0.000000000000 1.000000000000
-58.302569046931 184.288200270690 0.866025403784 0.500000000000
-203.628791856925 -77.182590618642 0.000000000000 1.000000000000
0.304043437699 26.330752344566 0.000000000000 1.000000000000
169.980195738202 -314.558228719417 0.866025403784 -0.500000000000
40.197401308216 -98.295642981274 0.000000000000 1.000000000000
-178.325132132434 -99.676522284744 0.866025403784 0.500000000000
-71.982743682557 -112.726502069170 0.866025403784 0.500000000000
-115.189461923059 -108.777902954441 0.866025403784 0.500000000000
243.216084383737 -264.976904758804 0.866025403784 -0.500000000000
282.264963771660 -325.486268462599 0.000000000000 1.000000000000
152.808327412632 -150.431033118408 0.866025403784 0.500000000000
106.871530568896 267.188810011636 0.000000000000 1.000000000000
-174.950124714283 37.765919754562 0.866025403784 0.500000000000
27.408856114579 55.255485287516 0.000000000000 1.000000000000
