#Configurational_file created 2018-09-14 11:11:38  started 2018-09-14 11:11:37 run for 1.0s steps 0
name: p_234
step: 10000
specie: 20
	particle_diameter: 1.0000000000000000
	interaction_length: 1.2000000000000000
	number_of_patches: 3
	number_of_particles_per_compound: 1
	rod_length: 1.0000000000000000
	interaction_matrix:  1.000000 1.000000 1.000000 1.000000 1.000000 1.000000 1.000000 1.000000 1.000000
	patch_type: symmetric
	patch_width: 8.0000000000000000
	patch_angle: 0.0000000000000000
	angles:  0.000000 0.000000 0.000000
	grand_canonical: 0
	chemical_potential: 0.0000000000000000
box: 50.204025 50.204025
copy: 1.000000 1.000000
epsilon: 0.0001000000000000
end_epsilon: 0.0000000000000000
pressure: 1.1429000000000000
lambda: 0.0000000000000000
lambda_coupling: 1.0000000000000000
uy: 0.0000000000000000
maximum_displacement: 1.0000000000000000
maximum_rotation: 1.0000000000000000
maximum_volume: 1.0000000000000000
maximum_shape: 0.0000001000000000
maximum_dsigma: 0.0100000000000000
mod: 10
pmod: 10
optimize: 1
verbose: 1
snapshot: 0
display: 1
explore: 1
npt: 1
nptxy: 0
nptdxdy: 0
shape: 0
seed: 267528
2.015138934329 346.190169874420 0.866025403784 0.500000000000
183.275579599297 -105.902006687805 0.866025403784 -0.500000000000
134.654017775616 -176.338241418971 0.866025403784 0.500000000000
-245.512246694727 19.460550111048 0.866025403784 -0.500000000000
200.709776317830 -281.110115771947 0.866025403784 -0.500000000000
160.876183103199 154.545154630839 0.866025403784 0.500000000000
290.418308169201 -69.355182399902 0.866025403784 0.500000000000
-31.029351487622 -262.480599130405 0.000000000000 1.000000000000
202.038454149838 -203.419620272272 0.000000000000 1.000000000000
-27.894320316325 134.647865864409 0.000000000000 1.000000000000
135.085128197464 91.449452484373 0.866025403784 -0.500000000000
187.657592662782 45.302043008456 0.000000000000 1.000000000000
285.689770306671 126.955424440556 0.866025403784 0.500000000000
371.069592608348 84.147375603272 0.000000000000 1.000000000000
-58.679799471844 -186.755770131118 0.866025403784 0.500000000000
173.340973706379 -265.021927718400 0.866025403784 0.500000000000
274.198254723876 11.417108950742 0.866025403784 0.500000000000
15.999069997844 187.501665819012 0.000000000000 1.000000000000
-105.925265321760 -92.420204332508 0.866025403784 -0.500000000000
-85.855129059586 4.519935148272 0.866025403784 0.500000000000
