#Configurational_file created 2018-09-14 11:11:38  started 2018-09-14 11:11:38 run for 0.0s steps 0
name: p_235
step: 10000
specie: 20
	particle_diameter: 1.0000000000000000
	interaction_length: 1.2000000000000000
	number_of_patches: 3
	number_of_particles_per_compound: 1
	rod_length: 1.0000000000000000
	interaction_matrix:  1.000000 1.000000 1.000000 1.000000 1.000000 1.000000 1.000000 1.000000 1.000000
	patch_type: symmetric
	patch_width: 8.0000000000000000
	patch_angle: 0.0000000000000000
	angles:  0.000000 0.000000 0.000000
	grand_canonical: 0
	chemical_potential: 0.0000000000000000
box: 47.384636 47.384636
copy: 1.000000 1.000000
epsilon: 0.0001000000000000
end_epsilon: 0.0000000000000000
pressure: 1.2857499999999999
lambda: 0.0000000000000000
lambda_coupling: 1.0000000000000000
uy: 0.0000000000000000
maximum_displacement: 1.0000000000000000
maximum_rotation: 1.0000000000000000
maximum_volume: 1.0000000000000000
maximum_shape: 0.0000001000000000
maximum_dsigma: 0.0100000000000000
mod: 10
pmod: 10
optimize: 1
verbose: 1
snapshot: 0
display: 1
explore: 1
npt: 1
nptxy: 0
nptdxdy: 0
shape: 0
seed: 268665
252.654081108136 244.443162745312 0.866025403784 -0.500000000000
155.824106008566 180.853152536366 0.866025403784 0.500000000000
-23.882427679726 142.040583481298 0.866025403784 -0.500000000000
23.303900177624 66.216034469098 0.866025403784 -0.500000000000
-218.478932130629 312.731466714354 0.866025403784 -0.500000000000
-102.532232277846 45.352334203552 0.000000000000 1.000000000000
-148.225946072089 2.726545782811 0.000000000000 1.000000000000
-104.875838486240 205.641806983760 0.866025403784 0.500000000000
-109.508464388922 98.837665571384 0.866025403784 0.500000000000
-181.711441726893 112.001334704707 0.866025403784 0.500000000000
-34.844543451532 -120.878485145900 0.000000000000 1.000000000000
141.399102889036 -91.851710363156 0.866025403784 -0.500000000000
62.568462763040 57.681322604971 0.866025403784 -0.500000000000
200.561787008414 14.131566420446 0.866025403784 0.500000000000
45.521076586674 -145.729285575255 0.000000000000 1.000000000000
-63.022384906844 20.205006572454 0.866025403784 0.500000000000
-149.266601105558 -158.137628926803 0.000000000000 1.000000000000
165.354597783671 -99.623155033869 0.866025403784 -0.500000000000
-39.320089772838 -66.179126036870 0.866025403784 0.500000000000
111.195135227210 -70.717360923166 0.866025403784 -0.500000000000
