#Configurational_file created 2018-09-14 11:11:40  started 2018-09-14 11:11:39 run for 1.0s steps 0
name: p_237
step: 10000
specie: 20
	particle_diameter: 1.0000000000000000
	interaction_length: 1.2000000000000000
	number_of_patches: 3
	number_of_particles_per_compound: 1
	rod_length: 1.0000000000000000
	interaction_matrix:  1.000000 1.000000 1.000000 1.000000 1.000000 1.000000 1.000000 1.000000 1.000000
	patch_type: symmetric
	patch_width: 8.0000000000000000
	patch_angle: 0.0000000000000000
	angles:  0.000000 0.000000 0.000000
	grand_canonical: 0
	chemical_potential: 0.0000000000000000
box: 53.423573 53.423573
copy: 1.000000 1.000000
epsilon: 0.0001000000000000
end_epsilon: 0.0000000000000000
pressure: 1.5714500000000000
lambda: 0.0000000000000000
lambda_coupling: 1.0000000000000000
uy: 0.0000000000000000
maximum_displacement: 1.0000000000000000
maximum_rotation: 1.0000000000000000
maximum_volume: 1.0000000000000000
maximum_shape: 0.0000001000000000
maximum_dsigma: 0.0100000000000000
mod: 10
pmod: 10
optimize: 1
verbose: 1
snapshot: 0
display: 1
explore: 1
npt: 1
nptxy: 0
nptdxdy: 0
shape: 0
seed: 270939
35.808348700085 -38.514805913248 0.866025403784 0.500000000000
-177.611954694949 -284.089711006762 0.866025403784 -0.500000000000
157.605807426272 -78.766076634479 0.000000000000 1.000000000000
-84.639588140459 244.493831988828 0.866025403784 0.500000000000
-59.656262074027 315.194457042293 0.866025403784 -0.500000000000
162.176243695461 -338.844892602838 0.866025403784 0.500000000000
45.056367432476 -211.657803487096 0.866025403784 0.500000000000
253.314108359585 -184.951945916210 0.866025403784 -0.500000000000
-58.833205383639 18.360521620888 0.000000000000 1.000000000000
62.871494146583 36.920644554344 0.000000000000 1.000000000000
216.397530659493 443.235619213598 0.866025403784 0.500000000000
26.356180015184 -101.074628667518 0.866025403784 0.500000000000
197.619705884587 -6.122774918464 0.866025403784 0.500000000000
167.640271815045 -182.392654470617 0.866025403784 -0.500000000000
221.993453248778 69.148759436563 0.866025403784 -0.500000000000
-277.531781657072 -3.231872523602 0.866025403784 -0.500000000000
226.028331799834 -244.446278405282 0.866025403784 -0.500000000000
152.714362635150 -170.932765857652 0.000000000000 1.000000000000
-26.325264896090 234.797894888503 0.866025403784 0.500000000000
-28.255135164640 439.404898612337 0.000000000000 1.000000000000
