#Configurational_file created 2018-09-14 11:11:45  started 2018-09-14 11:11:44 run for 1.0s steps 0
name: p_244
step: 10000
specie: 20
	particle_diameter: 1.0000000000000000
	interaction_length: 1.2000000000000000
	number_of_patches: 3
	number_of_particles_per_compound: 1
	rod_length: 1.0000000000000000
	interaction_matrix:  1.000000 1.000000 1.000000 1.000000 1.000000 1.000000 1.000000 1.000000 1.000000
	patch_type: symmetric
	patch_width: 8.0000000000000000
	patch_angle: 0.0000000000000000
	angles:  0.000000 0.000000 0.000000
	grand_canonical: 0
	chemical_potential: 0.0000000000000000
box: 30.502395 30.502395
copy: 1.000000 1.000000
epsilon: 0.0358070000000000
end_epsilon: 0.0000000000000000
pressure: 0.4286500000000000
lambda: 0.0000000000000000
lambda_coupling: 1.0000000000000000
uy: 0.0000000000000000
maximum_displacement: 1.0000000000000000
maximum_rotation: 1.0000000000000000
maximum_volume: 1.0000000000000000
maximum_shape: 0.0000001000000000
maximum_dsigma: 0.0100000000000000
mod: 10
pmod: 10
optimize: 1
verbose: 1
snapshot: 0
display: 1
explore: 1
npt: 1
nptxy: 0
nptdxdy: 0
shape: 0
seed: 278898
-14.673916582932 39.403266110250 0.866025403784 -0.500000000000
3.110817359028 -150.573255766186 0.866025403784 0.500000000000
-74.993785966075 42.299386317006 0.000000000000 1.000000000000
14.160812714604 -191.159773153717 0.866025403784 -0.500000000000
158.255808058798 103.100650084547 0.000000000000 1.000000000000
-46.387430178034 -181.095131136564 0.866025403784 0.500000000000
17.964610435035 22.391540457239 0.000000000000 1.000000000000
123.718747693024 -76.756457879691 0.000000000000 1.000000000000
121.729763732925 30.456779876255 0.866025403784 -0.500000000000
179.879681001931 114.457822969168 0.866025403784 -0.500000000000
-202.777967368182 15.211110368885 0.000000000000 1.000000000000
-95.950517271679 185.311035168464 0.866025403784 -0.500000000000
-64.822939848879 -38.824789029937 0.866025403784 0.500000000000
131.408489820109 7.967862382881 0.000000000000 1.000000000000
-82.522882890061 -127.196080966299 0.866025403784 0.500000000000
64.222257149086 -165.816428322096 0.866025403784 -0.500000000000
-3.454001936206 223.605334032074 0.866025403784 0.500000000000
-142.633342046015 -38.842920897382 0.000000000000 1.000000000000
-23.662957290419 -168.127125661034 0.866025403784 0.500000000000
-70.952791523854 23.141706592772 0.866025403784 0.500000000000
