#Configurational_file created 2018-09-14 11:11:46  started 2018-09-14 11:11:46 run for 0.0s steps 0
name: p_246
step: 10000
specie: 20
	particle_diameter: 1.0000000000000000
	interaction_length: 1.2000000000000000
	number_of_patches: 3
	number_of_particles_per_compound: 1
	rod_length: 1.0000000000000000
	interaction_matrix:  1.000000 1.000000 1.000000 1.000000 1.000000 1.000000 1.000000 1.000000 1.000000
	patch_type: symmetric
	patch_width: 8.0000000000000000
	patch_angle: 0.0000000000000000
	angles:  0.000000 0.000000 0.000000
	grand_canonical: 0
	chemical_potential: 0.0000000000000000
box: 31.746917 31.746917
copy: 1.000000 1.000000
epsilon: 0.0358070000000000
end_epsilon: 0.0000000000000000
pressure: 0.7143500000000000
lambda: 0.0000000000000000
lambda_coupling: 1.0000000000000000
uy: 0.0000000000000000
maximum_displacement: 1.0000000000000000
maximum_rotation: 1.0000000000000000
maximum_volume: 1.0000000000000000
maximum_shape: 0.0000001000000000
maximum_dsigma: 0.0100000000000000
mod: 10
pmod: 10
optimize: 1
verbose: 1
snapshot: 0
display: 1
explore: 1
npt: 1
nptxy: 0
nptdxdy: 0
shape: 0
seed: 281172
-56.587185646345 76.274245395449 0.000000000000 1.000000000000
-8.325454955990 -13.642313232388 0.866025403784 0.500000000000
-76.146020033727 -0.745999361128 0.866025403784 -0.500000000000
81.657615685503 103.775253486538 0.866025403784 0.500000000000
124.032530619795 -180.960327794571 0.866025403784 0.500000000000
-114.893876512484 216.760859951793 0.866025403784 -0.500000000000
-98.721297786846 140.518763211409 0.866025403784 -0.500000000000
154.404248869284 -98.028040138434 0.866025403784 -0.500000000000
-134.690802029549 106.821406638610 0.000000000000 1.000000000000
-157.577962615605 -94.741655339941 0.000000000000 1.000000000000
-32.367170324900 -72.575338491658 0.866025403784 -0.500000000000
128.854461643051 212.219210878720 0.866025403784 -0.500000000000
123.236132758200 -46.296331059469 0.866025403784 0.500000000000
-75.966954564107 -47.963063581139 0.866025403784 -0.500000000000
56.215573963754 66.770395403163 0.000000000000 1.000000000000
50.910452840918 131.501381962812 0.866025403784 -0.500000000000
-62.342202223517 -203.135814083594 0.000000000000 1.000000000000
55.187197771070 -6.546997342389 0.866025403784 -0.500000000000
86.360924133823 40.810321699341 0.866025403784 0.500000000000
-53.699786583072 -154.616431486936 0.866025403784 -0.500000000000
