#Configurational_file created 2018-09-14 11:11:47  started 2018-09-14 11:11:46 run for 1.0s steps 0
name: p_247
step: 10000
specie: 20
	particle_diameter: 1.0000000000000000
	interaction_length: 1.2000000000000000
	number_of_patches: 3
	number_of_particles_per_compound: 1
	rod_length: 1.0000000000000000
	interaction_matrix:  1.000000 1.000000 1.000000 1.000000 1.000000 1.000000 1.000000 1.000000 1.000000
	patch_type: symmetric
	patch_width: 8.0000000000000000
	patch_angle: 0.0000000000000000
	angles:  0.000000 0.000000 0.000000
	grand_canonical: 0
	chemical_potential: 0.0000000000000000
box: 29.313029 29.313029
copy: 1.000000 1.000000
epsilon: 0.0358070000000000
end_epsilon: 0.0000000000000000
pressure: 0.8572000000000000
lambda: 0.0000000000000000
lambda_coupling: 1.0000000000000000
uy: 0.0000000000000000
maximum_displacement: 1.0000000000000000
maximum_rotation: 1.0000000000000000
maximum_volume: 1.0000000000000000
maximum_shape: 0.0000001000000000
maximum_dsigma: 0.0100000000000000
mod: 10
pmod: 10
optimize: 1
verbose: 1
snapshot: 0
display: 1
explore: 1
npt: 1
nptxy: 0
nptdxdy: 0
shape: 0
seed: 282309
108.879160411854 -264.532888893216 0.000000000000 1.000000000000
53.230588846454 -56.318033917369 0.866025403784 0.500000000000
212.378088995613 169.831691304235 0.866025403784 0.500000000000
-61.066349091402 -138.219846720803 0.000000000000 1.000000000000
292.614783374153 67.299485298226 0.000000000000 1.000000000000
120.928284466837 -234.229016898310 0.866025403784 -0.500000000000
-62.104885807431 70.308373416004 0.000000000000 1.000000000000
-10.444265166846 72.005479826145 0.866025403784 0.500000000000
72.334326246526 -135.069144062164 0.000000000000 1.000000000000
7.754635670757 -5.645400096403 0.866025403784 -0.500000000000
49.466299314375 -238.420046445397 0.866025403784 -0.500000000000
181.156341375286 59.936792992998 0.866025403784 0.500000000000
165.769064956328 33.408115545981 0.866025403784 -0.500000000000
86.173618350428 90.016109713611 0.866025403784 0.500000000000
68.292738471674 -47.624036275228 0.866025403784 -0.500000000000
-56.792332742348 -179.921145343132 0.866025403784 0.500000000000
-177.272576975829 71.111828468621 0.000000000000 1.000000000000
68.736706389555 7.551298022255 0.866025403784 -0.500000000000
214.114252472143 84.496172407473 0.866025403784 -0.500000000000
-24.216592223603 -55.074393770395 0.000000000000 1.000000000000
