#Configurational_file created 2018-09-14 11:11:44  started 2018-09-14 11:11:43 run for 1.0s steps 0
name: p_242
step: 10000
specie: 20
	particle_diameter: 1.0000000000000000
	interaction_length: 1.2000000000000000
	number_of_patches: 3
	number_of_particles_per_compound: 1
	rod_length: 1.0000000000000000
	interaction_matrix:  1.000000 1.000000 1.000000 1.000000 1.000000 1.000000 1.000000 1.000000 1.000000
	patch_type: symmetric
	patch_width: 8.0000000000000000
	patch_angle: 0.0000000000000000
	angles:  0.000000 0.000000 0.000000
	grand_canonical: 0
	chemical_potential: 0.0000000000000000
box: 43.116983 43.116983
copy: 1.000000 1.000000
epsilon: 0.0358070000000000
end_epsilon: 0.0000000000000000
pressure: 0.1429500000000000
lambda: 0.0000000000000000
lambda_coupling: 1.0000000000000000
uy: 0.0000000000000000
maximum_displacement: 1.0000000000000000
maximum_rotation: 1.0000000000000000
maximum_volume: 1.0000000000000000
maximum_shape: 0.0000001000000000
maximum_dsigma: 0.0100000000000000
mod: 10
pmod: 10
optimize: 1
verbose: 1
snapshot: 0
display: 1
explore: 1
npt: 1
nptxy: 0
nptdxdy: 0
shape: 0
seed: 276624
38.730004674216 217.017649155891 0.866025403784 0.500000000000
55.246155969430 -200.327287715049 0.000000000000 1.000000000000
-71.407677562556 -328.161905641650 0.866025403784 0.500000000000
295.486298960032 62.545731001367 0.000000000000 1.000000000000
176.327765003097 -188.741982680271 0.866025403784 0.500000000000
-246.649379358455 194.593329907158 0.866025403784 -0.500000000000
56.028964895915 270.121432453113 0.866025403784 0.500000000000
-169.111760831506 -162.834505952800 0.000000000000 1.000000000000
145.549586208115 -18.488184445915 0.866025403784 0.500000000000
131.199829804670 -42.884025076071 0.866025403784 0.500000000000
-58.872532999194 247.018140890039 0.000000000000 1.000000000000
93.056017099815 158.995812430805 0.000000000000 1.000000000000
171.961688012659 -98.304944121886 0.866025403784 0.500000000000
56.285211488554 -112.499902327889 0.000000000000 1.000000000000
84.084106916289 -30.841113842938 0.866025403784 0.500000000000
171.275214082658 -16.448826982674 0.866025403784 -0.500000000000
45.292532060174 -157.001527911061 0.000000000000 1.000000000000
45.761620956538 -11.363013731129 0.866025403784 0.500000000000
3.626027826037 3.223935171086 0.000000000000 1.000000000000
-248.272529786086 291.648458194667 0.000000000000 1.000000000000
