#Configurational_file created 2018-09-14 11:11:48  started 2018-09-14 11:11:48 run for 0.0s steps 0
name: p_249
step: 10000
specie: 20
	particle_diameter: 1.0000000000000000
	interaction_length: 1.2000000000000000
	number_of_patches: 3
	number_of_particles_per_compound: 1
	rod_length: 1.0000000000000000
	interaction_matrix:  1.000000 1.000000 1.000000 1.000000 1.000000 1.000000 1.000000 1.000000 1.000000
	patch_type: symmetric
	patch_width: 8.0000000000000000
	patch_angle: 0.0000000000000000
	angles:  0.000000 0.000000 0.000000
	grand_canonical: 0
	chemical_potential: 0.0000000000000000
box: 22.555974 22.555974
copy: 1.000000 1.000000
epsilon: 0.0358070000000000
end_epsilon: 0.0000000000000000
pressure: 1.1429000000000000
lambda: 0.0000000000000000
lambda_coupling: 1.0000000000000000
uy: 0.0000000000000000
maximum_displacement: 1.0000000000000000
maximum_rotation: 1.0000000000000000
maximum_volume: 1.0000000000000000
maximum_shape: 0.0000001000000000
maximum_dsigma: 0.0100000000000000
mod: 10
pmod: 10
optimize: 1
verbose: 1
snapshot: 0
display: 1
explore: 1
npt: 1
nptxy: 0
nptdxdy: 0
shape: 0
seed: 284583
-147.678166237970 -162.526165458473 0.000000000000 1.000000000000
-64.875622242819 97.862255466512 0.866025403784 -0.500000000000
173.943420122588 56.783561078367 0.866025403784 -0.500000000000
138.873452832274 -12.664914300856 0.866025403784 -0.500000000000
74.448056179386 -43.746479514009 0.000000000000 1.000000000000
2.704037500048 -131.513016253852 0.866025403784 -0.500000000000
-162.859206565134 81.258950765745 0.000000000000 1.000000000000
-317.829396328442 -0.458904469002 0.000000000000 1.000000000000
-125.927411635380 -62.954370405961 0.000000000000 1.000000000000
129.449556982217 12.890679994229 0.000000000000 1.000000000000
-64.015455911049 -179.481554993401 0.866025403784 -0.500000000000
22.314238932502 51.452834335743 0.000000000000 1.000000000000
-122.674455548639 -76.264872333013 0.866025403784 -0.500000000000
30.884812367611 20.656536507934 0.000000000000 1.000000000000
-39.580021472804 42.542442608458 0.866025403784 0.500000000000
50.690401174294 -124.129562196437 0.866025403784 -0.500000000000
-127.856938465466 -166.998606396514 0.866025403784 -0.500000000000
13.106898965097 63.888564867937 0.000000000000 1.000000000000
-38.713182625844 -60.345958091932 0.866025403784 0.500000000000
-74.654546244408 21.832800319024 0.866025403784 -0.500000000000
