#Configurational_file created 2018-09-14 11:11:42  started 2018-09-14 11:11:41 run for 1.0s steps 0
name: p_240
step: 10000
specie: 20
	particle_diameter: 1.0000000000000000
	interaction_length: 1.2000000000000000
	number_of_patches: 3
	number_of_particles_per_compound: 1
	rod_length: 1.0000000000000000
	interaction_matrix:  1.000000 1.000000 1.000000 1.000000 1.000000 1.000000 1.000000 1.000000 1.000000
	patch_type: symmetric
	patch_width: 8.0000000000000000
	patch_angle: 0.0000000000000000
	angles:  0.000000 0.000000 0.000000
	grand_canonical: 0
	chemical_potential: 0.0000000000000000
box: 51.505369 51.505369
copy: 1.000000 1.000000
epsilon: 0.0001000000000000
end_epsilon: 0.0000000000000000
pressure: 2.0000000000000000
lambda: 0.0000000000000000
lambda_coupling: 1.0000000000000000
uy: 0.0000000000000000
maximum_displacement: 1.0000000000000000
maximum_rotation: 1.0000000000000000
maximum_volume: 1.0000000000000000
maximum_shape: 0.0000001000000000
maximum_dsigma: 0.0100000000000000
mod: 10
pmod: 10
optimize: 1
verbose: 1
snapshot: 0
display: 1
explore: 1
npt: 1
nptxy: 0
nptdxdy: 0
shape: 0
seed: 274350
-49.689809956444 23.617901774638 0.866025403784 -0.500000000000
-78.935646876013 -70.534951453192 0.866025403784 0.500000000000
36.548438631576 -122.761660825040 0.866025403784 -0.500000000000
60.452165749032 67.450653993711 0.866025403784 0.500000000000
1.830516245697 -144.970927580349 0.000000000000 1.000000000000
-23.528797297880 77.054164922830 0.866025403784 0.500000000000
-51.637066568486 58.153398960924 0.866025403784 0.500000000000
491.448441146079 44.225400138636 0.866025403784 0.500000000000
13.927947185221 26.396106981828 0.866025403784 0.500000000000
72.300786295016 356.342885315047 0.000000000000 1.000000000000
-78.428158601952 134.115083335306 0.866025403784 0.500000000000
-248.803678861981 65.329325171534 0.866025403784 0.500000000000
55.814011654798 117.168758284156 0.000000000000 1.000000000000
160.166237161781 177.030574118883 0.866025403784 -0.500000000000
-37.924677445743 23.079885340074 0.000000000000 1.000000000000
279.291139343456 129.892260667315 0.866025403784 -0.500000000000
-156.087111086348 -52.874096469571 0.866025403784 -0.500000000000
61.222885813499 -23.963743293505 0.000000000000 1.000000000000
4.348548373117 182.778703184978 0.866025403784 -0.500000000000
369.409804807357 -94.712260081063 0.866025403784 0.500000000000
