#Configurational_file created 2018-09-14 11:11:44  started 2018-09-14 11:11:44 run for 0.0s steps 0
name: p_243
step: 10000
specie: 20
	particle_diameter: 1.0000000000000000
	interaction_length: 1.2000000000000000
	number_of_patches: 3
	number_of_particles_per_compound: 1
	rod_length: 1.0000000000000000
	interaction_matrix:  1.000000 1.000000 1.000000 1.000000 1.000000 1.000000 1.000000 1.000000 1.000000
	patch_type: symmetric
	patch_width: 8.0000000000000000
	patch_angle: 0.0000000000000000
	angles:  0.000000 0.000000 0.000000
	grand_canonical: 0
	chemical_potential: 0.0000000000000000
box: 42.120690 42.120690
copy: 1.000000 1.000000
epsilon: 0.0358070000000000
end_epsilon: 0.0000000000000000
pressure: 0.2858000000000000
lambda: 0.0000000000000000
lambda_coupling: 1.0000000000000000
uy: 0.0000000000000000
maximum_displacement: 1.0000000000000000
maximum_rotation: 1.0000000000000000
maximum_volume: 1.0000000000000000
maximum_shape: 0.0000001000000000
maximum_dsigma: 0.0100000000000000
mod: 10
pmod: 10
optimize: 1
verbose: 1
snapshot: 0
display: 1
explore: 1
npt: 1
nptxy: 0
nptdxdy: 0
shape: 0
seed: 277761
124.036223024301 300.578887502776 0.866025403784 -0.500000000000
-149.632846348432 -8.541291444333 0.866025403784 0.500000000000
-116.916215654412 73.130985008958 0.866025403784 0.500000000000
8.196943515200 -189.566519306793 0.000000000000 1.000000000000
64.223186632492 16.059099998404 0.866025403784 0.500000000000
-150.500328008095 93.581166094430 0.866025403784 0.500000000000
156.233290602393 72.349698766882 0.866025403784 -0.500000000000
-125.717901898303 -50.171522482233 0.000000000000 1.000000000000
-28.124997564799 121.545623837535 0.866025403784 -0.500000000000
154.054678421211 273.075158228856 0.000000000000 1.000000000000
-64.108470359142 207.895780548184 0.000000000000 1.000000000000
-337.824628581928 287.436219065371 0.866025403784 -0.500000000000
-207.579630874027 20.036612875082 0.866025403784 0.500000000000
113.889066157372 7.009440859853 0.866025403784 0.500000000000
131.754174495025 103.905787415765 0.866025403784 0.500000000000
3.849092215782 111.788527212416 0.866025403784 -0.500000000000
34.410456232459 163.274450176132 0.866025403784 0.500000000000
-156.484536286292 95.187106629641 0.866025403784 -0.500000000000
158.404639110130 -185.846335197678 0.866025403784 -0.500000000000
-62.956362334866 175.138906472336 0.866025403784 0.500000000000
