#Configurational_file created 2018-09-14 11:11:43  started 2018-09-14 11:11:42 run for 1.0s steps 0
name: p_241
step: 10000
specie: 20
	particle_diameter: 1.0000000000000000
	interaction_length: 1.2000000000000000
	number_of_patches: 3
	number_of_particles_per_compound: 1
	rod_length: 1.0000000000000000
	interaction_matrix:  1.000000 1.000000 1.000000 1.000000 1.000000 1.000000 1.000000 1.000000 1.000000
	patch_type: symmetric
	patch_width: 8.0000000000000000
	patch_angle: 0.0000000000000000
	angles:  0.000000 0.000000 0.000000
	grand_canonical: 0
	chemical_potential: 0.0000000000000000
box: 45.208239 45.208239
copy: 1.000000 1.000000
epsilon: 0.0358070000000000
end_epsilon: 0.0000000000000000
pressure: 0.0001000000000000
lambda: 0.0000000000000000
lambda_coupling: 1.0000000000000000
uy: 0.0000000000000000
maximum_displacement: 1.0000000000000000
maximum_rotation: 1.0000000000000000
maximum_volume: 1.0000000000000000
maximum_shape: 0.0000001000000000
maximum_dsigma: 0.0100000000000000
mod: 10
pmod: 10
optimize: 1
verbose: 1
snapshot: 0
display: 1
explore: 1
npt: 1
nptxy: 0
nptdxdy: 0
shape: 0
seed: 275487
-131.216859199986 29.167166068242 0.000000000000 1.000000000000
-39.681172632294 -103.092306262369 0.000000000000 1.000000000000
100.365429094137 -128.682466327030 0.000000000000 1.000000000000
92.287772039221 142.601333701533 0.866025403784 -0.500000000000
9.395720439623 309.111477094022 0.000000000000 1.000000000000
-98.376918609675 -143.914160906357 0.866025403784 0.500000000000
-46.779959112506 181.740083427740 0.000000000000 1.000000000000
-14.506127686569 92.347645235444 0.000000000000 1.000000000000
-198.088821818240 -114.253845871182 0.000000000000 1.000000000000
-32.490313948050 -233.897766530176 0.866025403784 0.500000000000
-39.511527193864 100.023320413791 0.000000000000 1.000000000000
-120.696593033058 46.759059171610 0.866025403784 0.500000000000
3.820213724327 315.242802237681 0.000000000000 1.000000000000
249.593293448772 179.073003509393 0.866025403784 -0.500000000000
293.011513980133 -34.987959310459 0.866025403784 0.500000000000
178.136105766040 -408.793907705797 0.000000000000 1.000000000000
349.866468232679 -101.148589473415 0.866025403784 0.500000000000
203.408078934329 76.644893034816 0.866025403784 -0.500000000000
21.823602622237 211.368865882191 0.866025403784 -0.500000000000
-44.602103802769 194.965054019612 0.866025403784 -0.500000000000
