#Configurational_file created 2018-09-14 11:11:48  started 2018-09-14 11:11:47 run for 1.0s steps 0
name: p_248
step: 10000
specie: 20
	particle_diameter: 1.0000000000000000
	interaction_length: 1.2000000000000000
	number_of_patches: 3
	number_of_particles_per_compound: 1
	rod_length: 1.0000000000000000
	interaction_matrix:  1.000000 1.000000 1.000000 1.000000 1.000000 1.000000 1.000000 1.000000 1.000000
	patch_type: symmetric
	patch_width: 8.0000000000000000
	patch_angle: 0.0000000000000000
	angles:  0.000000 0.000000 0.000000
	grand_canonical: 0
	chemical_potential: 0.0000000000000000
box: 29.141420 29.141420
copy: 1.000000 1.000000
epsilon: 0.0358070000000000
end_epsilon: 0.0000000000000000
pressure: 1.0000500000000001
lambda: 0.0000000000000000
lambda_coupling: 1.0000000000000000
uy: 0.0000000000000000
maximum_displacement: 1.0000000000000000
maximum_rotation: 1.0000000000000000
maximum_volume: 1.0000000000000000
maximum_shape: 0.0000001000000000
maximum_dsigma: 0.0100000000000000
mod: 10
pmod: 10
optimize: 1
verbose: 1
snapshot: 0
display: 1
explore: 1
npt: 1
nptxy: 0
nptdxdy: 0
shape: 0
seed: 283446
-131.362907385122 -161.411756450799 0.000000000000 1.000000000000
-30.154091185862 -163.153238258651 0.000000000000 1.000000000000
-49.525677639323 13.772268294462 0.866025403784 0.500000000000
147.579410270165 103.224997334207 0.866025403784 0.500000000000
77.641141133546 60.056945685039 0.866025403784 -0.500000000000
-93.815593481854 -129.402492417482 0.000000000000 1.000000000000
80.915885378172 125.602635949078 0.866025403784 0.500000000000
-15.148161876503 -21.794532753160 0.866025403784 -0.500000000000
-154.589396104935 148.521948451255 0.866025403784 0.500000000000
-187.537418572724 -17.101346092678 0.000000000000 1.000000000000
-65.202010075415 10.280956098260 0.866025403784 0.500000000000
-44.831865888693 -145.070753570581 0.000000000000 1.000000000000
-193.076048650604 -111.061107037522 0.866025403784 0.500000000000
7.217557722842 60.228381486270 0.866025403784 -0.500000000000
-39.644972305469 102.064459076737 0.866025403784 0.500000000000
-198.506513442742 148.923727223536 0.866025403784 0.500000000000
-148.451845295498 60.998009169879 0.000000000000 1.000000000000
92.845746265708 50.228774431377 0.000000000000 1.000000000000
-13.661123064812 298.178508611944 0.866025403784 0.500000000000
-106.252020999910 -206.079971540541 0.866025403784 0.500000000000
