#Configurational_file created 2018-09-14 11:11:46  started 2018-09-14 11:11:45 run for 1.0s steps 0
name: p_245
step: 10000
specie: 20
	particle_diameter: 1.0000000000000000
	interaction_length: 1.2000000000000000
	number_of_patches: 3
	number_of_particles_per_compound: 1
	rod_length: 1.0000000000000000
	interaction_matrix:  1.000000 1.000000 1.000000 1.000000 1.000000 1.000000 1.000000 1.000000 1.000000
	patch_type: symmetric
	patch_width: 8.0000000000000000
	patch_angle: 0.0000000000000000
	angles:  0.000000 0.000000 0.000000
	grand_canonical: 0
	chemical_potential: 0.0000000000000000
box: 21.752770 21.752770
copy: 1.000000 1.000000
epsilon: 0.0358070000000000
end_epsilon: 0.0000000000000000
pressure: 0.5715000000000000
lambda: 0.0000000000000000
lambda_coupling: 1.0000000000000000
uy: 0.0000000000000000
maximum_displacement: 1.0000000000000000
maximum_rotation: 1.0000000000000000
maximum_volume: 1.0000000000000000
maximum_shape: 0.0000001000000000
maximum_dsigma: 0.0100000000000000
mod: 10
pmod: 10
optimize: 1
verbose: 1
snapshot: 0
display: 1
explore: 1
npt: 1
nptxy: 0
nptdxdy: 0
shape: 0
seed: 280035
-88.531746976555 10.313762287780 0.000000000000 1.000000000000
-108.119367720469 76.790250216599 0.866025403784 0.500000000000
-70.247068487656 -143.142881993730 0.866025403784 0.500000000000
21.857719847062 32.255083995567 0.866025403784 0.500000000000
30.755333419193 75.593126050173 0.000000000000 1.000000000000
-54.474820856918 3.484437868066 0.000000000000 1.000000000000
-31.695544517556 19.336485324010 0.866025403784 0.500000000000
-36.910921329583 -118.788856587920 0.866025403784 -0.500000000000
-14.549293303318 71.466380570444 0.866025403784 -0.500000000000
80.522480724578 112.123795528370 0.000000000000 1.000000000000
12.188681658155 103.797503047466 0.866025403784 0.500000000000
42.980093563462 63.358875582690 0.866025403784 -0.500000000000
-10.575270029199 34.893531336452 0.866025403784 0.500000000000
141.677937860245 -106.782966805268 0.866025403784 0.500000000000
-48.475486764573 -33.169407533691 0.866025403784 0.500000000000
23.202559087506 147.618667130282 0.866025403784 0.500000000000
37.081635980485 -85.155928730985 0.000000000000 1.000000000000
-127.558477962332 -30.082190024941 0.866025403784 -0.500000000000
29.262165336980 61.388595486497 0.000000000000 1.000000000000
77.941695459968 122.522805379355 0.866025403784 -0.500000000000
