#Configurational_file created 2018-09-14 11:11:52  started 2018-09-14 11:11:52 run for 0.0s steps 0
name: p_255
step: 10000
specie: 20
	particle_diameter: 1.0000000000000000
	interaction_length: 1.2000000000000000
	number_of_patches: 3
	number_of_particles_per_compound: 1
	rod_length: 1.0000000000000000
	interaction_matrix:  1.000000 1.000000 1.000000 1.000000 1.000000 1.000000 1.000000 1.000000 1.000000
	patch_type: symmetric
	patch_width: 8.0000000000000000
	patch_angle: 0.0000000000000000
	angles:  0.000000 0.000000 0.000000
	grand_canonical: 0
	chemical_potential: 0.0000000000000000
box: 21.803258 21.803258
copy: 1.000000 1.000000
epsilon: 0.0358070000000000
end_epsilon: 0.0000000000000000
pressure: 2.0000000000000000
lambda: 0.0000000000000000
lambda_coupling: 1.0000000000000000
uy: 0.0000000000000000
maximum_displacement: 1.0000000000000000
maximum_rotation: 1.0000000000000000
maximum_volume: 1.0000000000000000
maximum_shape: 0.0000001000000000
maximum_dsigma: 0.0100000000000000
mod: 10
pmod: 10
optimize: 1
verbose: 1
snapshot: 0
display: 1
explore: 1
npt: 1
nptxy: 0
nptdxdy: 0
shape: 0
seed: 291405
-26.633155580933 -54.665026407466 0.866025403784 -0.500000000000
160.196097432422 210.957942523750 0.866025403784 -0.500000000000
44.392272767328 -181.499077628942 0.866025403784 -0.500000000000
-16.409120041661 -163.864229982658 0.000000000000 1.000000000000
67.466203889707 30.505824905952 0.000000000000 1.000000000000
185.609503797193 94.696851635057 0.866025403784 -0.500000000000
113.367684643221 -120.544400537615 0.866025403784 0.500000000000
-152.561232379091 236.925904130153 0.866025403784 -0.500000000000
-84.647580948311 58.842734904699 0.000000000000 1.000000000000
67.156434551374 -202.917810118335 0.866025403784 -0.500000000000
181.614210407876 -20.794425863097 0.866025403784 -0.500000000000
-33.879066463903 -203.701500619638 0.866025403784 -0.500000000000
48.669160142900 -150.063578588271 0.000000000000 1.000000000000
71.736134237645 129.991121110540 0.866025403784 0.500000000000
7.138830252822 -33.625453258023 0.866025403784 0.500000000000
35.370495229874 -52.314529367715 0.866025403784 0.500000000000
43.888287634489 144.454545402710 0.000000000000 1.000000000000
20.084478764595 -61.997015239865 0.866025403784 -0.500000000000
-65.988867654800 76.056003169081 0.866025403784 0.500000000000
57.239811274360 -22.695701143172 0.000000000000 1.000000000000
