#Configurational_file created 2018-09-14 11:11:49  started 2018-09-14 11:11:48 run for 1.0s steps 0
name: p_250
step: 10000
specie: 20
	particle_diameter: 1.0000000000000000
	interaction_length: 1.2000000000000000
	number_of_patches: 3
	number_of_particles_per_compound: 1
	rod_length: 1.0000000000000000
	interaction_matrix:  1.000000 1.000000 1.000000 1.000000 1.000000 1.000000 1.000000 1.000000 1.000000
	patch_type: symmetric
	patch_width: 8.0000000000000000
	patch_angle: 0.0000000000000000
	angles:  0.000000 0.000000 0.000000
	grand_canonical: 0
	chemical_potential: 0.0000000000000000
box: 23.250675 23.250675
copy: 1.000000 1.000000
epsilon: 0.0358070000000000
end_epsilon: 0.0000000000000000
pressure: 1.2857499999999999
lambda: 0.0000000000000000
lambda_coupling: 1.0000000000000000
uy: 0.0000000000000000
maximum_displacement: 1.0000000000000000
maximum_rotation: 1.0000000000000000
maximum_volume: 1.0000000000000000
maximum_shape: 0.0000001000000000
maximum_dsigma: 0.0100000000000000
mod: 10
pmod: 10
optimize: 1
verbose: 1
snapshot: 0
display: 1
explore: 1
npt: 1
nptxy: 0
nptdxdy: 0
shape: 0
seed: 285720
-114.177778325725 59.657615331552 0.000000000000 1.000000000000
-59.572617787358 44.995526295877 0.866025403784 0.500000000000
205.493275114017 -225.469966961469 0.000000000000 1.000000000000
153.335793066669 118.699600789121 0.866025403784 -0.500000000000
31.710480175870 310.480286646768 0.000000000000 1.000000000000
-194.874997387018 -25.619690347022 0.866025403784 0.500000000000
-88.227269777870 71.132843555475 0.866025403784 0.500000000000
177.221799632815 15.719893146812 0.866025403784 0.500000000000
-37.606697724411 89.691279551428 0.000000000000 1.000000000000
-90.985740104094 33.830435358674 0.000000000000 1.000000000000
93.423941489490 168.740834303965 0.000000000000 1.000000000000
166.836072174286 -155.323611916998 0.866025403784 -0.500000000000
-38.479045644604 124.350399254308 0.866025403784 -0.500000000000
-23.595650168558 179.472161452079 0.000000000000 1.000000000000
-183.379031379981 -132.522133370148 0.000000000000 1.000000000000
-13.203613085153 100.638013324155 0.000000000000 1.000000000000
-63.031001082617 53.236638628057 0.866025403784 -0.500000000000
-130.961786369975 59.121555595253 0.866025403784 -0.500000000000
-174.720489695889 59.628099304975 0.866025403784 -0.500000000000
80.232950960139 -20.330618445799 0.000000000000 1.000000000000
