#Configurational_file created 2018-09-14 11:11:55  started 2018-09-14 11:11:54 run for 1.0s steps 0
name: p_259
step: 10000
specie: 20
	particle_diameter: 1.0000000000000000
	interaction_length: 1.2000000000000000
	number_of_patches: 3
	number_of_particles_per_compound: 1
	rod_length: 1.0000000000000000
	interaction_matrix:  1.000000 1.000000 1.000000 1.000000 1.000000 1.000000 1.000000 1.000000 1.000000
	patch_type: symmetric
	patch_width: 8.0000000000000000
	patch_angle: 0.0000000000000000
	angles:  0.000000 0.000000 0.000000
	grand_canonical: 0
	chemical_potential: 0.0000000000000000
box: 29.425084 29.425084
copy: 1.000000 1.000000
epsilon: 0.0715140000000000
end_epsilon: 0.0000000000000000
pressure: 0.4286500000000000
lambda: 0.0000000000000000
lambda_coupling: 1.0000000000000000
uy: 0.0000000000000000
maximum_displacement: 1.0000000000000000
maximum_rotation: 1.0000000000000000
maximum_volume: 1.0000000000000000
maximum_shape: 0.0000001000000000
maximum_dsigma: 0.0100000000000000
mod: 10
pmod: 10
optimize: 1
verbose: 1
snapshot: 0
display: 1
explore: 1
npt: 1
nptxy: 0
nptdxdy: 0
shape: 0
seed: 295953
41.640901682082 258.447217085059 0.866025403784 0.500000000000
26.272350195700 -160.084555779531 0.000000000000 1.000000000000
-102.730258833380 100.065874151519 0.866025403784 0.500000000000
-268.192437255541 22.875146778825 0.866025403784 -0.500000000000
19.196265805055 -273.409375276458 0.866025403784 -0.500000000000
-43.377805440557 -276.963931395652 0.866025403784 0.500000000000
120.534305371638 -66.985751879901 0.866025403784 -0.500000000000
-0.527778466412 93.975649759774 0.866025403784 -0.500000000000
-8.604112454622 -1.029324601590 0.866025403784 0.500000000000
60.611826364681 134.532080599219 0.866025403784 -0.500000000000
101.100283705977 -4.837595317196 0.000000000000 1.000000000000
-218.752258090663 155.546279195680 0.000000000000 1.000000000000
91.517969920974 159.677238772784 0.866025403784 0.500000000000
-54.906216398934 -122.601425113924 0.866025403784 0.500000000000
-349.646337089251 -111.565889713431 0.866025403784 0.500000000000
74.191032254206 -37.518544371277 0.866025403784 -0.500000000000
79.400970768701 83.698383317914 0.866025403784 -0.500000000000
-22.124789593657 -179.354828637590 0.000000000000 1.000000000000
257.186185384861 119.868022507722 0.866025403784 -0.500000000000
-94.603464577192 19.065714795568 0.866025403784 0.500000000000
