#Configurational_file created 2018-09-14 11:11:52  started 2018-09-14 11:11:51 run for 1.0s steps 0
name: p_254
step: 10000
specie: 20
	particle_diameter: 1.0000000000000000
	interaction_length: 1.2000000000000000
	number_of_patches: 3
	number_of_particles_per_compound: 1
	rod_length: 1.0000000000000000
	interaction_matrix:  1.000000 1.000000 1.000000 1.000000 1.000000 1.000000 1.000000 1.000000 1.000000
	patch_type: symmetric
	patch_width: 8.0000000000000000
	patch_angle: 0.0000000000000000
	angles:  0.000000 0.000000 0.000000
	grand_canonical: 0
	chemical_potential: 0.0000000000000000
box: 20.917288 20.917288
copy: 1.000000 1.000000
epsilon: 0.0358070000000000
end_epsilon: 0.0000000000000000
pressure: 1.8571500000000001
lambda: 0.0000000000000000
lambda_coupling: 1.0000000000000000
uy: 0.0000000000000000
maximum_displacement: 1.0000000000000000
maximum_rotation: 1.0000000000000000
maximum_volume: 1.0000000000000000
maximum_shape: 0.0000001000000000
maximum_dsigma: 0.0100000000000000
mod: 10
pmod: 10
optimize: 1
verbose: 1
snapshot: 0
display: 1
explore: 1
npt: 1
nptxy: 0
nptdxdy: 0
shape: 0
seed: 290268
-84.775144628825 -67.000535818235 0.866025403784 -0.500000000000
-39.413062995191 1.816107894296 0.866025403784 -0.500000000000
18.347868015339 -16.659073914229 0.000000000000 1.000000000000
-12.517520279782 -136.833324780851 0.000000000000 1.000000000000
118.281431989249 43.816796986711 0.866025403784 -0.500000000000
-180.630802306852 38.314311473887 0.866025403784 0.500000000000
-54.311156889810 -24.900075446468 0.000000000000 1.000000000000
140.098313277405 -53.335409117341 0.866025403784 -0.500000000000
91.190713445456 -37.423723599769 0.866025403784 -0.500000000000
-193.198367775102 3.942024814893 0.866025403784 -0.500000000000
-111.443717523560 -13.287137666584 0.866025403784 0.500000000000
70.066758324306 14.498108044706 0.866025403784 -0.500000000000
148.059420589006 -7.208387340899 0.866025403784 -0.500000000000
-52.668808874244 -9.755781858999 0.000000000000 1.000000000000
42.170793310114 123.398921926620 0.866025403784 -0.500000000000
93.729744261717 161.578086670616 0.866025403784 -0.500000000000
-60.802996813052 153.320018193825 0.866025403784 0.500000000000
117.224346209265 -133.078448197513 0.866025403784 0.500000000000
73.602184487381 80.147654070331 0.866025403784 -0.500000000000
85.021483453359 31.882001913846 0.000000000000 1.000000000000
