#Configurational_file created 2018-09-14 11:11:50  started 2018-09-14 11:11:49 run for 1.0s steps 0
name: p_251
step: 10000
specie: 20
	particle_diameter: 1.0000000000000000
	interaction_length: 1.2000000000000000
	number_of_patches: 3
	number_of_particles_per_compound: 1
	rod_length: 1.0000000000000000
	interaction_matrix:  1.000000 1.000000 1.000000 1.000000 1.000000 1.000000 1.000000 1.000000 1.000000
	patch_type: symmetric
	patch_width: 8.0000000000000000
	patch_angle: 0.0000000000000000
	angles:  0.000000 0.000000 0.000000
	grand_canonical: 0
	chemical_potential: 0.0000000000000000
box: 21.167585 21.167585
copy: 1.000000 1.000000
epsilon: 0.0358070000000000
end_epsilon: 0.0000000000000000
pressure: 1.4286000000000001
lambda: 0.0000000000000000
lambda_coupling: 1.0000000000000000
uy: 0.0000000000000000
maximum_displacement: 1.0000000000000000
maximum_rotation: 1.0000000000000000
maximum_volume: 1.0000000000000000
maximum_shape: 0.0000001000000000
maximum_dsigma: 0.0100000000000000
mod: 10
pmod: 10
optimize: 1
verbose: 1
snapshot: 0
display: 1
explore: 1
npt: 1
nptxy: 0
nptdxdy: 0
shape: 0
seed: 286857
-110.404885349477 200.313591305595 0.000000000000 1.000000000000
-60.098284423114 -114.255289152177 0.866025403784 0.500000000000
100.070584377876 57.779135801011 0.866025403784 0.500000000000
-91.514944043681 -82.747915303625 0.866025403784 -0.500000000000
130.829468877817 -163.261380356466 0.866025403784 -0.500000000000
120.728759665017 -138.751210076971 0.866025403784 -0.500000000000
6.325236014591 4.631053702565 0.000000000000 1.000000000000
260.975355240161 99.765670660482 0.000000000000 1.000000000000
75.613191121623 94.451334007180 0.866025403784 -0.500000000000
-91.383508439484 63.118865809802 0.000000000000 1.000000000000
-44.055393249431 25.153492563134 0.866025403784 -0.500000000000
129.165642284799 41.786686162689 0.866025403784 0.500000000000
-95.107371979421 11.786954448384 0.866025403784 0.500000000000
-64.006178893430 11.662673688921 0.866025403784 0.500000000000
111.897853002689 95.378029668277 0.866025403784 -0.500000000000
41.639550735723 60.682401751738 0.000000000000 1.000000000000
82.931361628333 190.175529792168 0.000000000000 1.000000000000
-200.836858944364 -153.857979081538 0.866025403784 -0.500000000000
56.846255111381 -0.013227054855 0.866025403784 -0.500000000000
48.613324204180 103.685913708546 0.866025403784 -0.500000000000
