#Configurational_file created 2018-09-14 11:11:51  started 2018-09-14 11:11:50 run for 1.0s steps 0
name: p_253
step: 10000
specie: 20
	particle_diameter: 1.0000000000000000
	interaction_length: 1.2000000000000000
	number_of_patches: 3
	number_of_particles_per_compound: 1
	rod_length: 1.0000000000000000
	interaction_matrix:  1.000000 1.000000 1.000000 1.000000 1.000000 1.000000 1.000000 1.000000 1.000000
	patch_type: symmetric
	patch_width: 8.0000000000000000
	patch_angle: 0.0000000000000000
	angles:  0.000000 0.000000 0.000000
	grand_canonical: 0
	chemical_potential: 0.0000000000000000
box: 19.522926 19.522926
copy: 1.000000 1.000000
epsilon: 0.0358070000000000
end_epsilon: 0.0000000000000000
pressure: 1.7142999999999999
lambda: 0.0000000000000000
lambda_coupling: 1.0000000000000000
uy: 0.0000000000000000
maximum_displacement: 1.0000000000000000
maximum_rotation: 1.0000000000000000
maximum_volume: 1.0000000000000000
maximum_shape: 0.0000001000000000
maximum_dsigma: 0.0100000000000000
mod: 10
pmod: 10
optimize: 1
verbose: 1
snapshot: 0
display: 1
explore: 1
npt: 1
nptxy: 0
nptdxdy: 0
shape: 0
seed: 289131
-80.498529286814 -64.782511792968 0.000000000000 1.000000000000
48.378383520285 177.634696779677 0.866025403784 -0.500000000000
-106.073483133317 24.988926411412 0.866025403784 0.500000000000
1.089373877032 68.027800206567 0.000000000000 1.000000000000
-26.242046014488 -98.565887331821 0.866025403784 -0.500000000000
-23.389022252678 49.839480174992 0.866025403784 -0.500000000000
93.193497763304 -23.774694004006 0.000000000000 1.000000000000
66.598991656231 -89.710257608457 0.866025403784 -0.500000000000
-136.165282099601 -70.148947261855 0.866025403784 0.500000000000
237.505688129909 132.332834455564 0.866025403784 -0.500000000000
41.301389963994 36.467504069232 0.000000000000 1.000000000000
74.995747097247 9.624829582207 0.866025403784 0.500000000000
121.774660045390 88.610409262888 0.866025403784 0.500000000000
15.206815032100 119.738948580341 0.866025403784 -0.500000000000
-117.940278675293 -100.083167919204 0.866025403784 -0.500000000000
43.458639918014 132.304298707483 0.866025403784 0.500000000000
9.681752450514 -103.161588142615 0.866025403784 0.500000000000
-51.953978727317 -16.792595116465 0.866025403784 0.500000000000
-57.351348303378 -3.905018861443 0.000000000000 1.000000000000
127.343896845944 118.710881458294 0.000000000000 1.000000000000
