#Configurational_file created 2018-09-14 11:11:54  started 2018-09-14 11:11:54 run for 0.0s steps 0
name: p_258
step: 10000
specie: 20
	particle_diameter: 1.0000000000000000
	interaction_length: 1.2000000000000000
	number_of_patches: 3
	number_of_particles_per_compound: 1
	rod_length: 1.0000000000000000
	interaction_matrix:  1.000000 1.000000 1.000000 1.000000 1.000000 1.000000 1.000000 1.000000 1.000000
	patch_type: symmetric
	patch_width: 8.0000000000000000
	patch_angle: 0.0000000000000000
	angles:  0.000000 0.000000 0.000000
	grand_canonical: 0
	chemical_potential: 0.0000000000000000
box: 33.553093 33.553093
copy: 1.000000 1.000000
epsilon: 0.0715140000000000
end_epsilon: 0.0000000000000000
pressure: 0.2858000000000000
lambda: 0.0000000000000000
lambda_coupling: 1.0000000000000000
uy: 0.0000000000000000
maximum_displacement: 1.0000000000000000
maximum_rotation: 1.0000000000000000
maximum_volume: 1.0000000000000000
maximum_shape: 0.0000001000000000
maximum_dsigma: 0.0100000000000000
mod: 10
pmod: 10
optimize: 1
verbose: 1
snapshot: 0
display: 1
explore: 1
npt: 1
nptxy: 0
nptdxdy: 0
shape: 0
seed: 294816
234.823446853626 123.142212536057 0.866025403784 -0.500000000000
218.582255107264 -60.492836423378 0.000000000000 1.000000000000
-13.239094448846 -6.818800281975 0.866025403784 0.500000000000
73.768983979112 3.830261235082 0.866025403784 -0.500000000000
-95.894907609085 44.912025614128 0.866025403784 0.500000000000
396.655467169397 0.119168631896 0.000000000000 1.000000000000
-60.233999972280 477.032540852423 0.866025403784 0.500000000000
-35.761391311341 -38.397370113083 0.866025403784 0.500000000000
-14.922633454879 63.472083506763 0.000000000000 1.000000000000
270.797403901462 -6.726989252085 0.866025403784 -0.500000000000
8.506938809559 -148.899219671925 0.000000000000 1.000000000000
247.720722706501 174.269209855720 0.866025403784 -0.500000000000
-99.617027006150 15.605727355961 0.000000000000 1.000000000000
-152.375901698141 83.128792024027 0.866025403784 0.500000000000
-175.484250007382 -76.171063594269 0.000000000000 1.000000000000
-170.580749384320 215.741402220525 0.866025403784 0.500000000000
42.521750310560 185.373445780971 0.000000000000 1.000000000000
52.679650126706 180.740874945542 0.866025403784 -0.500000000000
158.521961333264 99.811194639287 0.866025403784 0.500000000000
87.320447471981 88.932484600522 0.866025403784 0.500000000000
