#Configurational_file created 2018-09-14 11:11:54  started 2018-09-14 11:11:53 run for 1.0s steps 0
name: p_257
step: 10000
specie: 20
	particle_diameter: 1.0000000000000000
	interaction_length: 1.2000000000000000
	number_of_patches: 3
	number_of_particles_per_compound: 1
	rod_length: 1.0000000000000000
	interaction_matrix:  1.000000 1.000000 1.000000 1.000000 1.000000 1.000000 1.000000 1.000000 1.000000
	patch_type: symmetric
	patch_width: 8.0000000000000000
	patch_angle: 0.0000000000000000
	angles:  0.000000 0.000000 0.000000
	grand_canonical: 0
	chemical_potential: 0.0000000000000000
box: 40.236679 40.236679
copy: 1.000000 1.000000
epsilon: 0.0715140000000000
end_epsilon: 0.0000000000000000
pressure: 0.1429500000000000
lambda: 0.0000000000000000
lambda_coupling: 1.0000000000000000
uy: 0.0000000000000000
maximum_displacement: 1.0000000000000000
maximum_rotation: 1.0000000000000000
maximum_volume: 1.0000000000000000
maximum_shape: 0.0000001000000000
maximum_dsigma: 0.0100000000000000
mod: 10
pmod: 10
optimize: 1
verbose: 1
snapshot: 0
display: 1
explore: 1
npt: 1
nptxy: 0
nptdxdy: 0
shape: 0
seed: 293679
-193.618599409502 48.405428844264 0.000000000000 1.000000000000
190.563226475098 -112.065378336766 0.866025403784 0.500000000000
-27.943307476336 147.090256348989 0.866025403784 0.500000000000
5.848632638059 172.768625833926 0.000000000000 1.000000000000
61.923729879072 146.769166941588 0.000000000000 1.000000000000
62.245732726283 100.637729229224 0.866025403784 -0.500000000000
-106.996186346545 48.736663851101 0.866025403784 0.500000000000
38.281985759450 -108.728347128761 0.000000000000 1.000000000000
-43.056875482259 292.109272966572 0.866025403784 0.500000000000
-51.591987924679 -33.123980715948 0.000000000000 1.000000000000
72.092877036896 62.767997006009 0.866025403784 0.500000000000
-134.779701751172 208.792915964106 0.866025403784 -0.500000000000
71.988366221555 178.087661653570 0.000000000000 1.000000000000
175.678348475388 225.746659334447 0.000000000000 1.000000000000
-33.583830584085 146.480204164590 0.866025403784 -0.500000000000
-5.961420932182 -145.522792164223 0.866025403784 0.500000000000
122.463178935679 344.126438958343 0.866025403784 0.500000000000
-17.672353218528 182.114174516048 0.000000000000 1.000000000000
116.049113742482 -47.189391129845 0.866025403784 -0.500000000000
188.806566909253 287.880242315865 0.866025403784 0.500000000000
