#Configurational_file created 2018-09-14 11:11:50  started 2018-09-14 11:11:50 run for 0.0s steps 0
name: p_252
step: 10000
specie: 20
	particle_diameter: 1.0000000000000000
	interaction_length: 1.2000000000000000
	number_of_patches: 3
	number_of_particles_per_compound: 1
	rod_length: 1.0000000000000000
	interaction_matrix:  1.000000 1.000000 1.000000 1.000000 1.000000 1.000000 1.000000 1.000000 1.000000
	patch_type: symmetric
	patch_width: 8.0000000000000000
	patch_angle: 0.0000000000000000
	angles:  0.000000 0.000000 0.000000
	grand_canonical: 0
	chemical_potential: 0.0000000000000000
box: 19.461809 19.461809
copy: 1.000000 1.000000
epsilon: 0.0358070000000000
end_epsilon: 0.0000000000000000
pressure: 1.5714500000000000
lambda: 0.0000000000000000
lambda_coupling: 1.0000000000000000
uy: 0.0000000000000000
maximum_displacement: 1.0000000000000000
maximum_rotation: 1.0000000000000000
maximum_volume: 1.0000000000000000
maximum_shape: 0.0000001000000000
maximum_dsigma: 0.0100000000000000
mod: 10
pmod: 10
optimize: 1
verbose: 1
snapshot: 0
display: 1
explore: 1
npt: 1
nptxy: 0
nptdxdy: 0
shape: 0
seed: 287994
23.495726326774 19.211527837118 0.000000000000 1.000000000000
4.133282561826 287.259597168504 0.866025403784 0.500000000000
-94.549289528050 76.408646908659 0.866025403784 -0.500000000000
-2.031681882092 -145.331116506874 0.866025403784 -0.500000000000
-17.636878544029 89.575208337106 0.866025403784 -0.500000000000
27.462644444226 44.798580884999 0.000000000000 1.000000000000
16.280073323360 -19.534258924150 0.866025403784 -0.500000000000
19.956136125534 2.035198870897 0.866025403784 0.500000000000
-102.220227155450 4.321385806038 0.000000000000 1.000000000000
199.966207197977 178.782083826462 0.000000000000 1.000000000000
-30.373061609205 52.391922610121 0.000000000000 1.000000000000
-4.341141466948 132.985651763332 0.000000000000 1.000000000000
-136.413267111123 18.709404628447 0.000000000000 1.000000000000
-183.159114115504 -94.135568496213 0.000000000000 1.000000000000
12.533384549990 70.205217723417 0.866025403784 0.500000000000
113.866751560127 90.561149117300 0.866025403784 -0.500000000000
137.235088516369 17.064069554012 0.866025403784 -0.500000000000
35.481809326613 -2.568750895369 0.000000000000 1.000000000000
141.288438534866 103.062779970914 0.000000000000 1.000000000000
-162.440623923438 -208.011233003360 0.866025403784 -0.500000000000
