#Configurational_file created 2018-09-14 11:11:53  started 2018-09-14 11:11:52 run for 1.0s steps 0
name: p_256
step: 10000
specie: 20
	particle_diameter: 1.0000000000000000
	interaction_length: 1.2000000000000000
	number_of_patches: 3
	number_of_particles_per_compound: 1
	rod_length: 1.0000000000000000
	interaction_matrix:  1.000000 1.000000 1.000000 1.000000 1.000000 1.000000 1.000000 1.000000 1.000000
	patch_type: symmetric
	patch_width: 8.0000000000000000
	patch_angle: 0.0000000000000000
	angles:  0.000000 0.000000 0.000000
	grand_canonical: 0
	chemical_potential: 0.0000000000000000
box: 47.232483 47.232483
copy: 1.000000 1.000000
epsilon: 0.0715140000000000
end_epsilon: 0.0000000000000000
pressure: 0.0001000000000000
lambda: 0.0000000000000000
lambda_coupling: 1.0000000000000000
uy: 0.0000000000000000
maximum_displacement: 1.0000000000000000
maximum_rotation: 1.0000000000000000
maximum_volume: 1.0000000000000000
maximum_shape: 0.0000001000000000
maximum_dsigma: 0.0100000000000000
mod: 10
pmod: 10
optimize: 1
verbose: 1
snapshot: 0
display: 1
explore: 1
npt: 1
nptxy: 0
nptdxdy: 0
shape: 0
seed: 292542
-143.796232792146 -34.700255912779 0.866025403784 0.500000000000
77.534768900413 -4.809797011595 0.866025403784 -0.500000000000
-10.090700405601 125.318081452649 0.866025403784 0.500000000000
-309.269727680114 346.362929420824 0.000000000000 1.000000000000
246.131908754598 237.025261526585 0.866025403784 -0.500000000000
-160.552839567595 130.856346730996 0.866025403784 -0.500000000000
116.344658392060 351.065542428719 0.866025403784 0.500000000000
198.350290595079 -34.598773550296 0.000000000000 1.000000000000
120.190781746302 -112.048030126347 0.000000000000 1.000000000000
81.246555712380 171.465303533529 0.000000000000 1.000000000000
111.675626916843 6.332202194433 0.000000000000 1.000000000000
-347.884364747897 117.046483869015 0.000000000000 1.000000000000
-43.895489378127 15.562782130384 0.866025403784 -0.500000000000
49.759636995921 -89.071527972837 0.866025403784 -0.500000000000
148.355085174927 -10.014251916645 0.866025403784 0.500000000000
-62.494413193449 113.741676379476 0.000000000000 1.000000000000
84.124266361831 -1.818145114654 0.866025403784 0.500000000000
23.032964197140 132.773454134286 0.000000000000 1.000000000000
16.348124686271 -32.332999716231 0.000000000000 1.000000000000
65.073002599528 -16.925319280839 0.866025403784 0.500000000000
