#Configurational_file created 2018-09-14 11:11:59  started 2018-09-14 11:11:58 run for 1.0s steps 0
name: p_264
step: 10000
specie: 20
	particle_diameter: 1.0000000000000000
	interaction_length: 1.2000000000000000
	number_of_patches: 3
	number_of_particles_per_compound: 1
	rod_length: 1.0000000000000000
	interaction_matrix:  1.000000 1.000000 1.000000 1.000000 1.000000 1.000000 1.000000 1.000000 1.000000
	patch_type: symmetric
	patch_width: 8.0000000000000000
	patch_angle: 0.0000000000000000
	angles:  0.000000 0.000000 0.000000
	grand_canonical: 0
	chemical_potential: 0.0000000000000000
box: 15.848910 15.848910
copy: 1.000000 1.000000
epsilon: 0.0715140000000000
end_epsilon: 0.0000000000000000
pressure: 1.1429000000000000
lambda: 0.0000000000000000
lambda_coupling: 1.0000000000000000
uy: 0.0000000000000000
maximum_displacement: 1.0000000000000000
maximum_rotation: 1.0000000000000000
maximum_volume: 1.0000000000000000
maximum_shape: 0.0000001000000000
maximum_dsigma: 0.0100000000000000
mod: 10
pmod: 10
optimize: 1
verbose: 1
snapshot: 0
display: 1
explore: 1
npt: 1
nptxy: 0
nptdxdy: 0
shape: 0
seed: 301638
116.527882709620 -88.379253051819 0.000000000000 1.000000000000
63.429080827895 73.368520741193 0.866025403784 -0.500000000000
-86.960545497706 -21.994170103141 0.000000000000 1.000000000000
-45.594779035128 91.241595582478 0.000000000000 1.000000000000
169.409181019002 -30.100119715712 0.866025403784 0.500000000000
-99.140389407507 -45.154794663886 0.000000000000 1.000000000000
114.226114270778 -36.949967699267 0.866025403784 0.500000000000
60.594094898079 46.106424589755 0.000000000000 1.000000000000
-31.720163589938 -34.886594976804 0.866025403784 0.500000000000
-77.786775921202 -16.143394726578 0.866025403784 -0.500000000000
59.570447804637 87.369909732274 0.866025403784 0.500000000000
75.140853982667 92.912994990699 0.866025403784 -0.500000000000
-54.560777672008 48.993248562706 0.000000000000 1.000000000000
48.452363359478 17.878501067384 0.000000000000 1.000000000000
6.126416219952 -64.573639725203 0.000000000000 1.000000000000
131.551038882555 -79.884144465174 0.866025403784 -0.500000000000
101.326963466982 104.304050986589 0.866025403784 0.500000000000
89.836803717692 -139.811697974424 0.866025403784 -0.500000000000
91.461019378110 0.303562320972 0.866025403784 0.500000000000
101.332660148062 -171.020252256679 0.000000000000 1.000000000000
