#Configurational_file created 2018-09-14 11:11:56  started 2018-09-14 11:11:56 run for 0.0s steps 0
name: p_261
step: 10000
specie: 20
	particle_diameter: 1.0000000000000000
	interaction_length: 1.2000000000000000
	number_of_patches: 3
	number_of_particles_per_compound: 1
	rod_length: 1.0000000000000000
	interaction_matrix:  1.000000 1.000000 1.000000 1.000000 1.000000 1.000000 1.000000 1.000000 1.000000
	patch_type: symmetric
	patch_width: 8.0000000000000000
	patch_angle: 0.0000000000000000
	angles:  0.000000 0.000000 0.000000
	grand_canonical: 0
	chemical_potential: 0.0000000000000000
box: 26.490519 26.490519
copy: 1.000000 1.000000
epsilon: 0.0715140000000000
end_epsilon: 0.0000000000000000
pressure: 0.7143500000000000
lambda: 0.0000000000000000
lambda_coupling: 1.0000000000000000
uy: 0.0000000000000000
maximum_displacement: 1.0000000000000000
maximum_rotation: 1.0000000000000000
maximum_volume: 1.0000000000000000
maximum_shape: 0.0000001000000000
maximum_dsigma: 0.0100000000000000
mod: 10
pmod: 10
optimize: 1
verbose: 1
snapshot: 0
display: 1
explore: 1
npt: 1
nptxy: 0
nptdxdy: 0
shape: 0
seed: 298227
161.031350793036 209.711681871941 0.866025403784 -0.500000000000
-68.872906685118 267.706678628460 0.866025403784 -0.500000000000
-62.283909470776 29.160028831352 0.000000000000 1.000000000000
-65.999184620856 140.776708014186 0.866025403784 0.500000000000
-135.449444140476 69.365060100052 0.866025403784 -0.500000000000
29.056703959764 89.644965950478 0.866025403784 0.500000000000
315.674447774631 54.192411874691 0.000000000000 1.000000000000
45.146093036541 -98.905788880054 0.000000000000 1.000000000000
-31.520189621253 -40.262513967609 0.866025403784 0.500000000000
54.716778313427 133.418144974419 0.000000000000 1.000000000000
224.474233164639 338.112330514628 0.866025403784 -0.500000000000
98.034421506899 -17.000690418343 0.000000000000 1.000000000000
-303.428072819614 69.366110664692 0.000000000000 1.000000000000
-32.640530115754 39.820354017583 0.866025403784 -0.500000000000
-147.935202833556 -134.064006437430 0.866025403784 -0.500000000000
265.601144627116 43.927706499305 0.866025403784 0.500000000000
-180.319278042455 -38.541436364030 0.866025403784 -0.500000000000
-69.053902158593 -180.502336268334 0.000000000000 1.000000000000
21.871822638309 -160.999965524688 0.866025403784 -0.500000000000
271.784625996741 29.021424135695 0.866025403784 -0.500000000000
