#Configurational_file created 2018-09-14 11:11:59  started 2018-09-14 11:11:59 run for 0.0s steps 0
name: p_265
step: 10000
specie: 20
	particle_diameter: 1.0000000000000000
	interaction_length: 1.2000000000000000
	number_of_patches: 3
	number_of_particles_per_compound: 1
	rod_length: 1.0000000000000000
	interaction_matrix:  1.000000 1.000000 1.000000 1.000000 1.000000 1.000000 1.000000 1.000000 1.000000
	patch_type: symmetric
	patch_width: 8.0000000000000000
	patch_angle: 0.0000000000000000
	angles:  0.000000 0.000000 0.000000
	grand_canonical: 0
	chemical_potential: 0.0000000000000000
box: 17.169810 17.169810
copy: 1.000000 1.000000
epsilon: 0.0715140000000000
end_epsilon: 0.0000000000000000
pressure: 1.2857499999999999
lambda: 0.0000000000000000
lambda_coupling: 1.0000000000000000
uy: 0.0000000000000000
maximum_displacement: 1.0000000000000000
maximum_rotation: 1.0000000000000000
maximum_volume: 1.0000000000000000
maximum_shape: 0.0000001000000000
maximum_dsigma: 0.0100000000000000
mod: 10
pmod: 10
optimize: 1
verbose: 1
snapshot: 0
display: 1
explore: 1
npt: 1
nptxy: 0
nptdxdy: 0
shape: 0
seed: 302775
-182.855226795048 -43.525973782125 0.866025403784 -0.500000000000
-6.781695460287 -105.380248368348 0.000000000000 1.000000000000
10.441413389202 -112.257336167693 0.866025403784 0.500000000000
25.836406078760 -192.926663331973 0.866025403784 0.500000000000
-73.240336972560 -131.854382466801 0.866025403784 0.500000000000
-61.293255213729 -54.174662665629 0.866025403784 0.500000000000
230.302019010770 110.090954647700 0.866025403784 -0.500000000000
-76.155478559380 -63.679634399105 0.866025403784 0.500000000000
97.440607055406 88.887395092576 0.866025403784 0.500000000000
22.333535043248 -53.255811076915 0.000000000000 1.000000000000
111.279476228069 -45.866525197194 0.000000000000 1.000000000000
25.343781949254 -100.136329521465 0.866025403784 0.500000000000
-85.359401062995 -96.967917436735 0.866025403784 0.500000000000
-17.376351270261 51.000904465882 0.000000000000 1.000000000000
-35.888804694513 -72.877192153284 0.866025403784 -0.500000000000
-13.525517170809 -85.929346406690 0.000000000000 1.000000000000
66.854716521504 17.292449329362 0.866025403784 0.500000000000
-56.915422403381 27.772387721658 0.866025403784 0.500000000000
-55.901299399656 -17.004666853889 0.866025403784 -0.500000000000
-42.772594238315 1.436111291798 0.866025403784 0.500000000000
