#Configurational_file created 2018-09-14 11:12:01  started 2018-09-14 11:12:01 run for 0.0s steps 0
name: p_268
step: 10000
specie: 20
	particle_diameter: 1.0000000000000000
	interaction_length: 1.2000000000000000
	number_of_patches: 3
	number_of_particles_per_compound: 1
	rod_length: 1.0000000000000000
	interaction_matrix:  1.000000 1.000000 1.000000 1.000000 1.000000 1.000000 1.000000 1.000000 1.000000
	patch_type: symmetric
	patch_width: 8.0000000000000000
	patch_angle: 0.0000000000000000
	angles:  0.000000 0.000000 0.000000
	grand_canonical: 0
	chemical_potential: 0.0000000000000000
box: 12.971677 12.971677
copy: 1.000000 1.000000
epsilon: 0.0715140000000000
end_epsilon: 0.0000000000000000
pressure: 1.7142999999999999
lambda: 0.0000000000000000
lambda_coupling: 1.0000000000000000
uy: 0.0000000000000000
maximum_displacement: 1.0000000000000000
maximum_rotation: 1.0000000000000000
maximum_volume: 1.0000000000000000
maximum_shape: 0.0000001000000000
maximum_dsigma: 0.0100000000000000
mod: 10
pmod: 10
optimize: 1
verbose: 1
snapshot: 0
display: 1
explore: 1
npt: 1
nptxy: 0
nptdxdy: 0
shape: 0
seed: 306186
-181.864389053118 -112.537816987816 0.866025403784 0.500000000000
171.577479744270 112.055373384725 0.866025403784 0.500000000000
-16.847283940750 29.690023071342 0.866025403784 0.500000000000
-41.770963375162 -141.430934254498 0.000000000000 1.000000000000
-167.141272222921 -127.436806065765 0.000000000000 1.000000000000
-60.846776202689 156.184353241868 0.866025403784 0.500000000000
43.710146616450 -135.132060534064 0.866025403784 -0.500000000000
-37.098645238127 37.109109232792 0.866025403784 0.500000000000
-131.504880746796 -116.257176185411 0.000000000000 1.000000000000
22.935656127095 -29.488164815459 0.866025403784 -0.500000000000
109.638880168475 -6.219791490456 0.000000000000 1.000000000000
-53.868162064847 29.268015599362 0.866025403784 0.500000000000
-134.912081671435 131.206755817353 0.866025403784 -0.500000000000
-124.884748368509 -137.603092669297 0.866025403784 0.500000000000
-48.090072145872 -20.794392588226 0.866025403784 -0.500000000000
45.651448473939 40.129355652400 0.866025403784 -0.500000000000
-36.694735889882 -77.611809192064 0.866025403784 -0.500000000000
13.112784682987 75.657971127675 0.866025403784 -0.500000000000
68.835442340863 60.470130405591 0.866025403784 -0.500000000000
85.968782176143 58.086255164881 0.866025403784 -0.500000000000
