#Configurational_file created 2018-09-14 11:11:57  started 2018-09-14 11:11:56 run for 1.0s steps 0
name: p_262
step: 10000
specie: 20
	particle_diameter: 1.0000000000000000
	interaction_length: 1.2000000000000000
	number_of_patches: 3
	number_of_particles_per_compound: 1
	rod_length: 1.0000000000000000
	interaction_matrix:  1.000000 1.000000 1.000000 1.000000 1.000000 1.000000 1.000000 1.000000 1.000000
	patch_type: symmetric
	patch_width: 8.0000000000000000
	patch_angle: 0.0000000000000000
	angles:  0.000000 0.000000 0.000000
	grand_canonical: 0
	chemical_potential: 0.0000000000000000
box: 19.582658 19.582658
copy: 1.000000 1.000000
epsilon: 0.0715140000000000
end_epsilon: 0.0000000000000000
pressure: 0.8572000000000000
lambda: 0.0000000000000000
lambda_coupling: 1.0000000000000000
uy: 0.0000000000000000
maximum_displacement: 1.0000000000000000
maximum_rotation: 1.0000000000000000
maximum_volume: 1.0000000000000000
maximum_shape: 0.0000001000000000
maximum_dsigma: 0.0100000000000000
mod: 10
pmod: 10
optimize: 1
verbose: 1
snapshot: 0
display: 1
explore: 1
npt: 1
nptxy: 0
nptdxdy: 0
shape: 0
seed: 299364
54.890496628419 90.832554626203 0.866025403784 0.500000000000
126.858007191671 86.230198729849 0.866025403784 -0.500000000000
-52.756771123660 -184.570654453333 0.866025403784 0.500000000000
22.799328429486 135.762871108393 0.000000000000 1.000000000000
-100.681241349810 -34.987231604019 0.000000000000 1.000000000000
-72.833499495324 -49.417677997249 0.866025403784 -0.500000000000
80.782154196645 -27.324800209887 0.866025403784 0.500000000000
30.521221744557 30.282441103590 0.000000000000 1.000000000000
115.530532331000 181.871952833307 0.866025403784 0.500000000000
72.924474523769 -126.176536896334 0.000000000000 1.000000000000
49.384853703622 29.286793455419 0.866025403784 -0.500000000000
-43.502481628809 -74.447643339514 0.000000000000 1.000000000000
21.068236179235 -33.773187624638 0.866025403784 0.500000000000
57.599765960356 -13.061901018080 0.866025403784 -0.500000000000
-124.886151948285 -55.155196709820 0.000000000000 1.000000000000
-110.574894744506 -46.390674870945 0.866025403784 -0.500000000000
99.188149513632 3.143981136853 0.000000000000 1.000000000000
25.816272537791 -18.784901488520 0.866025403784 0.500000000000
41.196727782026 167.132028698063 0.000000000000 1.000000000000
-184.321430292401 320.673437063634 0.000000000000 1.000000000000
