#Configurational_file created 2018-09-14 11:11:56  started 2018-09-14 11:11:55 run for 1.0s steps 0
name: p_260
step: 10000
specie: 20
	particle_diameter: 1.0000000000000000
	interaction_length: 1.2000000000000000
	number_of_patches: 3
	number_of_particles_per_compound: 1
	rod_length: 1.0000000000000000
	interaction_matrix:  1.000000 1.000000 1.000000 1.000000 1.000000 1.000000 1.000000 1.000000 1.000000
	patch_type: symmetric
	patch_width: 8.0000000000000000
	patch_angle: 0.0000000000000000
	angles:  0.000000 0.000000 0.000000
	grand_canonical: 0
	chemical_potential: 0.0000000000000000
box: 20.022338 20.022338
copy: 1.000000 1.000000
epsilon: 0.0715140000000000
end_epsilon: 0.0000000000000000
pressure: 0.5715000000000000
lambda: 0.0000000000000000
lambda_coupling: 1.0000000000000000
uy: 0.0000000000000000
maximum_displacement: 1.0000000000000000
maximum_rotation: 1.0000000000000000
maximum_volume: 1.0000000000000000
maximum_shape: 0.0000001000000000
maximum_dsigma: 0.0100000000000000
mod: 10
pmod: 10
optimize: 1
verbose: 1
snapshot: 0
display: 1
explore: 1
npt: 1
nptxy: 0
nptdxdy: 0
shape: 0
seed: 297090
126.238873234017 -47.617651827236 0.866025403784 -0.500000000000
82.633698349107 -3.682454036844 0.000000000000 1.000000000000
39.226628730876 -19.845274019536 0.000000000000 1.000000000000
62.290946976153 63.747364209745 0.866025403784 0.500000000000
-102.810655362604 9.339122146470 0.000000000000 1.000000000000
104.670308822330 -44.158901324347 0.866025403784 0.500000000000
134.224809743678 3.082903787541 0.866025403784 0.500000000000
-131.977306929066 116.143715444311 0.866025403784 -0.500000000000
114.201258302320 -84.161235822047 0.000000000000 1.000000000000
-95.240953811214 -38.688027883349 0.866025403784 -0.500000000000
47.092749437252 -112.905163915087 0.000000000000 1.000000000000
154.256841933227 -0.659570756127 0.000000000000 1.000000000000
-109.240448724383 58.151729970264 0.866025403784 0.500000000000
55.362262426566 -3.099864690831 0.000000000000 1.000000000000
-18.558871258003 -62.689042388814 0.866025403784 0.500000000000
-47.867329655443 58.967835932501 0.866025403784 -0.500000000000
-121.728247377192 -30.167670937912 0.866025403784 0.500000000000
6.789745426899 9.538079035608 0.866025403784 -0.500000000000
-2.147167964470 -126.259688016949 0.866025403784 0.500000000000
67.392292455242 24.069450189916 0.866025403784 0.500000000000
