#Configurational_file created 2018-09-14 11:11:58  started 2018-09-14 11:11:57 run for 1.0s steps 0
name: p_263
step: 10000
specie: 20
	particle_diameter: 1.0000000000000000
	interaction_length: 1.2000000000000000
	number_of_patches: 3
	number_of_particles_per_compound: 1
	rod_length: 1.0000000000000000
	interaction_matrix:  1.000000 1.000000 1.000000 1.000000 1.000000 1.000000 1.000000 1.000000 1.000000
	patch_type: symmetric
	patch_width: 8.0000000000000000
	patch_angle: 0.0000000000000000
	angles:  0.000000 0.000000 0.000000
	grand_canonical: 0
	chemical_potential: 0.0000000000000000
box: 19.665533 19.665533
copy: 1.000000 1.000000
epsilon: 0.0715140000000000
end_epsilon: 0.0000000000000000
pressure: 1.0000500000000001
lambda: 0.0000000000000000
lambda_coupling: 1.0000000000000000
uy: 0.0000000000000000
maximum_displacement: 1.0000000000000000
maximum_rotation: 1.0000000000000000
maximum_volume: 1.0000000000000000
maximum_shape: 0.0000001000000000
maximum_dsigma: 0.0100000000000000
mod: 10
pmod: 10
optimize: 1
verbose: 1
snapshot: 0
display: 1
explore: 1
npt: 1
nptxy: 0
nptdxdy: 0
shape: 0
seed: 300501
14.778864760249 44.073385246532 0.866025403784 -0.500000000000
-44.023898983089 265.113927584468 0.000000000000 1.000000000000
77.705717146514 64.099901046139 0.866025403784 0.500000000000
-253.550603106429 -74.125286298029 0.866025403784 0.500000000000
-157.900169415828 59.223027998580 0.866025403784 -0.500000000000
76.574453626413 145.274480673518 0.866025403784 -0.500000000000
-95.748492614405 -58.697160648473 0.000000000000 1.000000000000
-177.007769733286 -97.151354784194 0.866025403784 -0.500000000000
-63.803958507486 140.923476805085 0.866025403784 0.500000000000
-67.442023457440 -56.410287989638 0.866025403784 -0.500000000000
96.318803694703 212.430679455512 0.866025403784 0.500000000000
23.141344449895 -55.165631916024 0.000000000000 1.000000000000
-45.094357957624 13.258040159063 0.866025403784 -0.500000000000
-45.516703048084 -23.311766577015 0.000000000000 1.000000000000
-81.525779161566 -27.929228367452 0.866025403784 -0.500000000000
10.426702166159 136.032987049350 0.000000000000 1.000000000000
59.104577697001 -42.958509968809 0.866025403784 0.500000000000
35.737144742554 130.300788410796 0.866025403784 -0.500000000000
171.901473433663 -8.700660287623 0.866025403784 -0.500000000000
-34.196132807192 -90.209913390909 0.000000000000 1.000000000000
