#Configurational_file created 2018-09-14 11:12:02  started 2018-09-14 11:12:01 run for 1.0s steps 0
name: p_269
step: 10000
specie: 20
	particle_diameter: 1.0000000000000000
	interaction_length: 1.2000000000000000
	number_of_patches: 3
	number_of_particles_per_compound: 1
	rod_length: 1.0000000000000000
	interaction_matrix:  1.000000 1.000000 1.000000 1.000000 1.000000 1.000000 1.000000 1.000000 1.000000
	patch_type: symmetric
	patch_width: 8.0000000000000000
	patch_angle: 0.0000000000000000
	angles:  0.000000 0.000000 0.000000
	grand_canonical: 0
	chemical_potential: 0.0000000000000000
box: 13.431895 13.431895
copy: 1.000000 1.000000
epsilon: 0.0715140000000000
end_epsilon: 0.0000000000000000
pressure: 1.8571500000000001
lambda: 0.0000000000000000
lambda_coupling: 1.0000000000000000
uy: 0.0000000000000000
maximum_displacement: 1.0000000000000000
maximum_rotation: 1.0000000000000000
maximum_volume: 1.0000000000000000
maximum_shape: 0.0000001000000000
maximum_dsigma: 0.0100000000000000
mod: 10
pmod: 10
optimize: 1
verbose: 1
snapshot: 0
display: 1
explore: 1
npt: 1
nptxy: 0
nptdxdy: 0
shape: 0
seed: 307323
21.297216573671 5.790185769482 0.000000000000 1.000000000000
215.829696727782 146.658490138250 0.866025403784 0.500000000000
84.887012067208 -33.419963280749 0.866025403784 0.500000000000
170.490712495747 64.558672270513 0.000000000000 1.000000000000
-167.335521764527 -19.890745993771 0.866025403784 -0.500000000000
43.005980627974 12.681436279269 0.000000000000 1.000000000000
-24.892343912569 -77.562442619089 0.000000000000 1.000000000000
32.026169083589 -45.984354183581 0.866025403784 -0.500000000000
-45.320934080305 -154.453984556077 0.866025403784 0.500000000000
-24.450956116647 -65.926682845109 0.866025403784 -0.500000000000
156.511647018513 42.337171324523 0.000000000000 1.000000000000
88.060510498691 0.164030679915 0.866025403784 -0.500000000000
124.054703822037 77.972101610505 0.866025403784 0.500000000000
132.082665516154 -103.969436187426 0.866025403784 -0.500000000000
-28.751008080980 -96.534913145301 0.000000000000 1.000000000000
140.720274529544 -21.572832039683 0.866025403784 0.500000000000
39.810193871350 37.802306632502 0.866025403784 -0.500000000000
-133.507738637012 58.254689695434 0.000000000000 1.000000000000
42.876660720895 59.155982894648 0.000000000000 1.000000000000
199.736226766121 90.142843659198 0.000000000000 1.000000000000
