#Configurational_file created 2018-09-14 11:12:01  started 2018-09-14 11:12:00 run for 1.0s steps 0
name: p_267
step: 10000
specie: 20
	particle_diameter: 1.0000000000000000
	interaction_length: 1.2000000000000000
	number_of_patches: 3
	number_of_particles_per_compound: 1
	rod_length: 1.0000000000000000
	interaction_matrix:  1.000000 1.000000 1.000000 1.000000 1.000000 1.000000 1.000000 1.000000 1.000000
	patch_type: symmetric
	patch_width: 8.0000000000000000
	patch_angle: 0.0000000000000000
	angles:  0.000000 0.000000 0.000000
	grand_canonical: 0
	chemical_potential: 0.0000000000000000
box: 17.181402 17.181402
copy: 1.000000 1.000000
epsilon: 0.0715140000000000
end_epsilon: 0.0000000000000000
pressure: 1.5714500000000000
lambda: 0.0000000000000000
lambda_coupling: 1.0000000000000000
uy: 0.0000000000000000
maximum_displacement: 1.0000000000000000
maximum_rotation: 1.0000000000000000
maximum_volume: 1.0000000000000000
maximum_shape: 0.0000001000000000
maximum_dsigma: 0.0100000000000000
mod: 10
pmod: 10
optimize: 1
verbose: 1
snapshot: 0
display: 1
explore: 1
npt: 1
nptxy: 0
nptdxdy: 0
shape: 0
seed: 305049
-25.968474232937 70.063627849942 0.000000000000 1.000000000000
-130.995180090576 -25.311608201353 0.866025403784 -0.500000000000
41.866768141254 -61.261927719627 0.866025403784 -0.500000000000
171.492629035775 164.841474899209 0.866025403784 -0.500000000000
1.234294962156 -99.694346130731 0.000000000000 1.000000000000
-41.597508908441 59.484921502975 0.866025403784 0.500000000000
127.099299853847 -56.273154340254 0.866025403784 0.500000000000
99.242075043708 177.410659152896 0.000000000000 1.000000000000
-1.052193385596 -187.970307232298 0.866025403784 -0.500000000000
123.623892063463 171.185419981451 0.866025403784 -0.500000000000
97.111910973221 34.001472635192 0.866025403784 -0.500000000000
-169.960983526150 11.606995363724 0.000000000000 1.000000000000
118.638045664510 -86.250204405858 0.000000000000 1.000000000000
32.051559551879 30.942552490880 0.866025403784 -0.500000000000
-43.091054633895 -90.692440631828 0.866025403784 0.500000000000
91.451789505656 125.568041366061 0.000000000000 1.000000000000
-12.031962354879 243.100579240837 0.866025403784 -0.500000000000
-33.093416832428 -15.951789516268 0.866025403784 -0.500000000000
36.244055819158 236.013598064258 0.000000000000 1.000000000000
130.569050124854 -2.060207005619 0.866025403784 -0.500000000000
