#Configurational_file created 2018-09-14 11:12:00  started 2018-09-14 11:11:59 run for 1.0s steps 0
name: p_266
step: 10000
specie: 20
	particle_diameter: 1.0000000000000000
	interaction_length: 1.2000000000000000
	number_of_patches: 3
	number_of_particles_per_compound: 1
	rod_length: 1.0000000000000000
	interaction_matrix:  1.000000 1.000000 1.000000 1.000000 1.000000 1.000000 1.000000 1.000000 1.000000
	patch_type: symmetric
	patch_width: 8.0000000000000000
	patch_angle: 0.0000000000000000
	angles:  0.000000 0.000000 0.000000
	grand_canonical: 0
	chemical_potential: 0.0000000000000000
box: 16.045529 16.045529
copy: 1.000000 1.000000
epsilon: 0.0715140000000000
end_epsilon: 0.0000000000000000
pressure: 1.4286000000000001
lambda: 0.0000000000000000
lambda_coupling: 1.0000000000000000
uy: 0.0000000000000000
maximum_displacement: 1.0000000000000000
maximum_rotation: 1.0000000000000000
maximum_volume: 1.0000000000000000
maximum_shape: 0.0000001000000000
maximum_dsigma: 0.0100000000000000
mod: 10
pmod: 10
optimize: 1
verbose: 1
snapshot: 0
display: 1
explore: 1
npt: 1
nptxy: 0
nptdxdy: 0
shape: 0
seed: 303912
-24.216410445970 111.859840782701 0.866025403784 0.500000000000
-73.694084054017 -59.777101562988 0.866025403784 0.500000000000
101.996193840977 87.486652623011 0.000000000000 1.000000000000
-127.705570076685 35.414968581085 0.000000000000 1.000000000000
-9.531300694787 -61.874189906851 0.000000000000 1.000000000000
-232.833616481923 220.205520273417 0.866025403784 -0.500000000000
-117.679840429136 -172.228811085138 0.866025403784 0.500000000000
98.859815948520 -47.245288167842 0.000000000000 1.000000000000
-144.767858182958 2.901169619765 0.000000000000 1.000000000000
-30.752157973706 158.150036187197 0.866025403784 0.500000000000
-97.066119760645 28.970232504739 0.866025403784 -0.500000000000
-267.804759646589 -157.503319526127 0.866025403784 -0.500000000000
-81.653961835604 -8.093484360977 0.866025403784 -0.500000000000
20.429938282063 64.799986429311 0.000000000000 1.000000000000
-66.761634788272 -6.962080897156 0.866025403784 -0.500000000000
-84.312876559415 -57.137106334544 0.866025403784 0.500000000000
4.714615251710 135.826565092389 0.866025403784 -0.500000000000
80.159396043854 -136.604911574657 0.866025403784 0.500000000000
73.274995113808 -18.535367008940 0.000000000000 1.000000000000
161.364620048852 67.861335450902 0.866025403784 -0.500000000000
