#Configurational_file created 2018-09-14 11:12:06  started 2018-09-14 11:12:06 run for 0.0s steps 0
name: p_275
step: 10000
specie: 20
	particle_diameter: 1.0000000000000000
	interaction_length: 1.2000000000000000
	number_of_patches: 3
	number_of_particles_per_compound: 1
	rod_length: 1.0000000000000000
	interaction_matrix:  1.000000 1.000000 1.000000 1.000000 1.000000 1.000000 1.000000 1.000000 1.000000
	patch_type: symmetric
	patch_width: 8.0000000000000000
	patch_angle: 0.0000000000000000
	angles:  0.000000 0.000000 0.000000
	grand_canonical: 0
	chemical_potential: 0.0000000000000000
box: 22.264459 22.264459
copy: 1.000000 1.000000
epsilon: 0.1072210000000000
end_epsilon: 0.0000000000000000
pressure: 0.5715000000000000
lambda: 0.0000000000000000
lambda_coupling: 1.0000000000000000
uy: 0.0000000000000000
maximum_displacement: 1.0000000000000000
maximum_rotation: 1.0000000000000000
maximum_volume: 1.0000000000000000
maximum_shape: 0.0000001000000000
maximum_dsigma: 0.0100000000000000
mod: 10
pmod: 10
optimize: 1
verbose: 1
snapshot: 0
display: 1
explore: 1
npt: 1
nptxy: 0
nptdxdy: 0
shape: 0
seed: 314145
131.040525282052 87.010470009541 0.000000000000 1.000000000000
266.855628067953 39.612816846808 0.866025403784 0.500000000000
20.678270809858 -82.337243768935 0.866025403784 -0.500000000000
-76.770563750923 105.305996708275 0.866025403784 0.500000000000
-92.576625364717 -47.222066389757 0.866025403784 0.500000000000
-68.525233155319 -354.467261000784 0.866025403784 0.500000000000
67.948680030188 -264.786181517760 0.000000000000 1.000000000000
118.982647370098 -91.871516251829 0.000000000000 1.000000000000
11.248361571027 42.020750707560 0.866025403784 -0.500000000000
-85.613885017928 -60.952980955617 0.866025403784 -0.500000000000
-114.248652469939 186.548476800798 0.866025403784 -0.500000000000
244.664509596504 34.707227951104 0.866025403784 -0.500000000000
-14.930948903184 -87.450091674950 0.866025403784 0.500000000000
-55.474980387953 -52.013796743477 0.866025403784 -0.500000000000
120.841435210445 132.998099897295 0.866025403784 0.500000000000
124.335880076252 -29.269217363037 0.000000000000 1.000000000000
204.925700964634 -44.521884854624 0.000000000000 1.000000000000
-122.621178678466 -81.577111242717 0.000000000000 1.000000000000
-149.617957426021 148.463620230323 0.866025403784 -0.500000000000
-32.352365403647 80.888277136060 0.866025403784 0.500000000000
