#Configurational_file created 2018-09-11 16:58:16  started 2018-09-11 16:58:15 run for 1.0s steps 0
name: p_27
step: 10000
specie: 20
	particle_diameter: 1.0000000000000000
	interaction_length: 1.2000000000000000
	number_of_patches: 3
	number_of_particles_per_compound: 1
	rod_length: 1.0000000000000000
	interaction_matrix:  1.000000 1.000000 1.000000 1.000000 1.000000 1.000000 1.000000 1.000000 1.000000
	patch_type: symmetric
	patch_width: 8.0000000000000000
	patch_angle: 0.0000000000000000
	angles:  0.000000 0.000000 0.000000
	grand_canonical: 0
	chemical_potential: 0.0000000000000000
box: 50.490285 50.490285
copy: 1.000000 1.000000
epsilon: 0.0001000000000000
end_epsilon: 0.0000000000000000
pressure: 0.5000750000000000
lambda: 0.0000000000000000
lambda_coupling: 1.0000000000000000
uy: 0.0000000000000000
maximum_displacement: 1.0000000000000000
maximum_rotation: 1.0000000000000000
maximum_volume: 1.0000000000000000
maximum_shape: 0.0000001000000000
maximum_dsigma: 0.0100000000000000
mod: 10
pmod: 10
optimize: 1
verbose: 1
snapshot: 0
display: 1
explore: 1
npt: 1
nptxy: 0
nptdxdy: 0
shape: 0
seed: 33569
373.012482710659 -329.546122258099 0.866025403784 -0.500000000000
-175.028342151787 123.298259683526 0.866025403784 -0.500000000000
-232.466352386015 -33.304686812063 0.000000000000 1.000000000000
116.778004775294 215.826240265039 0.000000000000 1.000000000000
-285.936032487450 201.102192682639 0.000000000000 1.000000000000
468.312375128226 -97.667813625777 0.866025403784 0.500000000000
148.049772984050 317.998915715264 0.866025403784 0.500000000000
-84.056329985170 -5.790873586562 0.000000000000 1.000000000000
-30.892974656916 -44.488004586620 0.000000000000 1.000000000000
-128.746447422745 93.886327977473 0.866025403784 0.500000000000
-49.165398955435 442.948061910255 0.866025403784 0.500000000000
224.470252534336 21.532031018064 0.866025403784 -0.500000000000
-238.844017401078 181.611847831407 0.866025403784 0.500000000000
-4.654780514372 270.449447068429 0.000000000000 1.000000000000
222.626594082425 -107.563502955159 0.000000000000 1.000000000000
-297.639518460869 26.075013755029 0.000000000000 1.000000000000
-163.741539488570 119.011085960720 0.866025403784 -0.500000000000
97.240995697893 224.498210373615 0.000000000000 1.000000000000
-20.036155604611 174.031913746874 0.866025403784 -0.500000000000
-269.434533472738 -23.579059027407 0.866025403784 -0.500000000000
