#Configurational_file created 2018-09-14 11:12:05  started 2018-09-14 11:12:04 run for 1.0s steps 0
name: p_273
step: 10000
specie: 20
	particle_diameter: 1.0000000000000000
	interaction_length: 1.2000000000000000
	number_of_patches: 3
	number_of_particles_per_compound: 1
	rod_length: 1.0000000000000000
	interaction_matrix:  1.000000 1.000000 1.000000 1.000000 1.000000 1.000000 1.000000 1.000000 1.000000
	patch_type: symmetric
	patch_width: 8.0000000000000000
	patch_angle: 0.0000000000000000
	angles:  0.000000 0.000000 0.000000
	grand_canonical: 0
	chemical_potential: 0.0000000000000000
box: 24.717344 24.717344
copy: 1.000000 1.000000
epsilon: 0.1072210000000000
end_epsilon: 0.0000000000000000
pressure: 0.2858000000000000
lambda: 0.0000000000000000
lambda_coupling: 1.0000000000000000
uy: 0.0000000000000000
maximum_displacement: 1.0000000000000000
maximum_rotation: 1.0000000000000000
maximum_volume: 1.0000000000000000
maximum_shape: 0.0000001000000000
maximum_dsigma: 0.0100000000000000
mod: 10
pmod: 10
optimize: 1
verbose: 1
snapshot: 0
display: 1
explore: 1
npt: 1
nptxy: 0
nptdxdy: 0
shape: 0
seed: 311871
-282.052647971002 -9.991876329771 0.000000000000 1.000000000000
-94.354223554918 130.686090783569 0.866025403784 0.500000000000
-111.725749863291 -60.102128652466 0.866025403784 -0.500000000000
-8.126108779222 -54.498796801184 0.866025403784 -0.500000000000
-138.253044202953 -7.189264440955 0.866025403784 0.500000000000
-203.605829942200 -132.010136803358 0.866025403784 -0.500000000000
44.184966635887 80.225074456021 0.866025403784 -0.500000000000
141.977068723098 40.438436428965 0.866025403784 0.500000000000
-61.702586140676 -75.961771953941 0.866025403784 -0.500000000000
-147.950595011590 6.408242028148 0.866025403784 0.500000000000
-15.170402669336 -130.225209575127 0.866025403784 -0.500000000000
11.345144603356 82.316010389586 0.000000000000 1.000000000000
-34.351047399914 92.348847927818 0.866025403784 -0.500000000000
27.182743644278 15.985137360566 0.000000000000 1.000000000000
82.890495133517 25.195802133471 0.866025403784 -0.500000000000
-62.652938869355 -71.966252770034 0.866025403784 -0.500000000000
-30.145933296741 101.035495117772 0.000000000000 1.000000000000
33.187208930243 -57.224123910875 0.000000000000 1.000000000000
-34.174025714868 -71.306571304176 0.000000000000 1.000000000000
-32.389237486410 -10.930433612809 0.000000000000 1.000000000000
