#Configurational_file created 2018-09-14 11:12:09  started 2018-09-14 11:12:08 run for 1.0s steps 0
name: p_279
step: 10000
specie: 20
	particle_diameter: 1.0000000000000000
	interaction_length: 1.2000000000000000
	number_of_patches: 3
	number_of_particles_per_compound: 1
	rod_length: 1.0000000000000000
	interaction_matrix:  1.000000 1.000000 1.000000 1.000000 1.000000 1.000000 1.000000 1.000000 1.000000
	patch_type: symmetric
	patch_width: 8.0000000000000000
	patch_angle: 0.0000000000000000
	angles:  0.000000 0.000000 0.000000
	grand_canonical: 0
	chemical_potential: 0.0000000000000000
box: 14.406735 14.406735
copy: 1.000000 1.000000
epsilon: 0.1072210000000000
end_epsilon: 0.0000000000000000
pressure: 1.1429000000000000
lambda: 0.0000000000000000
lambda_coupling: 1.0000000000000000
uy: 0.0000000000000000
maximum_displacement: 1.0000000000000000
maximum_rotation: 1.0000000000000000
maximum_volume: 1.0000000000000000
maximum_shape: 0.0000001000000000
maximum_dsigma: 0.0100000000000000
mod: 10
pmod: 10
optimize: 1
verbose: 1
snapshot: 0
display: 1
explore: 1
npt: 1
nptxy: 0
nptdxdy: 0
shape: 0
seed: 318693
66.170991386681 99.484634264451 0.866025403784 -0.500000000000
-2.064898688467 59.578040259168 0.866025403784 -0.500000000000
108.392566095829 -129.678853876538 0.866025403784 -0.500000000000
26.650132206640 -23.771181587329 0.866025403784 -0.500000000000
14.209320618415 140.033368575827 0.000000000000 1.000000000000
22.158516387663 -68.544094211022 0.866025403784 -0.500000000000
-69.860293898325 -27.528023061911 0.000000000000 1.000000000000
43.876350201249 -68.295220344648 0.866025403784 -0.500000000000
-16.244443108490 -24.119585956326 0.000000000000 1.000000000000
92.006753490963 -194.844544256504 0.866025403784 -0.500000000000
27.941646865680 159.178253179189 0.000000000000 1.000000000000
-39.738500074375 -135.134351005761 0.000000000000 1.000000000000
-24.362477297237 159.563205089966 0.866025403784 -0.500000000000
27.758435970914 -141.144135214273 0.866025403784 0.500000000000
94.868441677813 97.144256837950 0.866025403784 0.500000000000
-27.490320363781 -4.469349849757 0.866025403784 0.500000000000
73.771553468424 -188.448076227772 0.000000000000 1.000000000000
-44.194776445934 -31.651800048934 0.000000000000 1.000000000000
26.895677471586 -89.688302426912 0.866025403784 -0.500000000000
67.960848239299 88.935598668444 0.866025403784 -0.500000000000
