#Configurational_file created 2018-09-14 11:12:04  started 2018-09-14 11:12:03 run for 1.0s steps 0
name: p_271
step: 10000
specie: 20
	particle_diameter: 1.0000000000000000
	interaction_length: 1.2000000000000000
	number_of_patches: 3
	number_of_particles_per_compound: 1
	rod_length: 1.0000000000000000
	interaction_matrix:  1.000000 1.000000 1.000000 1.000000 1.000000 1.000000 1.000000 1.000000 1.000000
	patch_type: symmetric
	patch_width: 8.0000000000000000
	patch_angle: 0.0000000000000000
	angles:  0.000000 0.000000 0.000000
	grand_canonical: 0
	chemical_potential: 0.0000000000000000
box: 56.462846 56.462846
copy: 1.000000 1.000000
epsilon: 0.1072210000000000
end_epsilon: 0.0000000000000000
pressure: 0.0001000000000000
lambda: 0.0000000000000000
lambda_coupling: 1.0000000000000000
uy: 0.0000000000000000
maximum_displacement: 1.0000000000000000
maximum_rotation: 1.0000000000000000
maximum_volume: 1.0000000000000000
maximum_shape: 0.0000001000000000
maximum_dsigma: 0.0100000000000000
mod: 10
pmod: 10
optimize: 1
verbose: 1
snapshot: 0
display: 1
explore: 1
npt: 1
nptxy: 0
nptdxdy: 0
shape: 0
seed: 309597
183.100144776398 -46.265867003082 0.866025403784 0.500000000000
-62.839725131070 512.680005238414 0.000000000000 1.000000000000
65.859075669324 230.187380593294 0.866025403784 0.500000000000
128.008681194355 30.077106431296 0.866025403784 0.500000000000
303.259136395441 26.757772645485 0.866025403784 0.500000000000
348.501231211675 94.347535474804 0.866025403784 -0.500000000000
84.143749583734 142.929249548141 0.866025403784 -0.500000000000
365.881849930265 64.694201684509 0.866025403784 -0.500000000000
-84.110457011456 55.748479178476 0.000000000000 1.000000000000
28.592899981090 74.342400095483 0.866025403784 0.500000000000
155.311081145987 -162.795068212258 0.866025403784 -0.500000000000
-91.223406555447 48.425618508353 0.866025403784 0.500000000000
-78.451990288457 303.782674612458 0.866025403784 -0.500000000000
359.351049865397 -42.216654160761 0.866025403784 -0.500000000000
245.524365169343 -13.265680935958 0.866025403784 0.500000000000
-33.112942916586 83.608549218169 0.866025403784 0.500000000000
71.242500337632 254.811183774648 0.866025403784 0.500000000000
250.587107508029 137.073325178216 0.866025403784 0.500000000000
181.231235151478 253.499158382641 0.000000000000 1.000000000000
99.457787045193 -203.237236229210 0.866025403784 0.500000000000
