#Configurational_file created 2018-09-14 11:12:07  started 2018-09-14 11:12:06 run for 1.0s steps 0
name: p_276
step: 10000
specie: 20
	particle_diameter: 1.0000000000000000
	interaction_length: 1.2000000000000000
	number_of_patches: 3
	number_of_particles_per_compound: 1
	rod_length: 1.0000000000000000
	interaction_matrix:  1.000000 1.000000 1.000000 1.000000 1.000000 1.000000 1.000000 1.000000 1.000000
	patch_type: symmetric
	patch_width: 8.0000000000000000
	patch_angle: 0.0000000000000000
	angles:  0.000000 0.000000 0.000000
	grand_canonical: 0
	chemical_potential: 0.0000000000000000
box: 17.879668 17.879668
copy: 1.000000 1.000000
epsilon: 0.1072210000000000
end_epsilon: 0.0000000000000000
pressure: 0.7143500000000000
lambda: 0.0000000000000000
lambda_coupling: 1.0000000000000000
uy: 0.0000000000000000
maximum_displacement: 1.0000000000000000
maximum_rotation: 1.0000000000000000
maximum_volume: 1.0000000000000000
maximum_shape: 0.0000001000000000
maximum_dsigma: 0.0100000000000000
mod: 10
pmod: 10
optimize: 1
verbose: 1
snapshot: 0
display: 1
explore: 1
npt: 1
nptxy: 0
nptdxdy: 0
shape: 0
seed: 315282
-155.273753023677 -14.694776962064 0.866025403784 -0.500000000000
34.768372918811 -231.433152422483 0.866025403784 0.500000000000
86.704728582882 -53.334463084945 0.000000000000 1.000000000000
128.426883542659 -26.580592385904 0.866025403784 0.500000000000
-102.283505064137 -9.333234083128 0.000000000000 1.000000000000
77.705126416087 129.559627858386 0.866025403784 -0.500000000000
-33.484734280145 -109.197430500944 0.866025403784 -0.500000000000
157.946172050348 47.592946646130 0.866025403784 0.500000000000
-201.913513113278 28.572653294852 0.866025403784 0.500000000000
-49.160377128781 -25.497720067192 0.000000000000 1.000000000000
67.657120756145 -46.790272476623 0.000000000000 1.000000000000
169.226355612430 64.584579195345 0.000000000000 1.000000000000
38.361364065830 79.830716568857 0.000000000000 1.000000000000
7.924823901331 114.155925615707 0.866025403784 -0.500000000000
-22.201190568100 -71.907264340202 0.000000000000 1.000000000000
-138.320628681206 18.649403448406 0.866025403784 0.500000000000
-123.104239469109 276.752921873850 0.866025403784 0.500000000000
34.968309120077 -67.325788173758 0.866025403784 -0.500000000000
105.660706364664 119.003438812830 0.000000000000 1.000000000000
18.879856454550 -120.191657229452 0.000000000000 1.000000000000
