#Configurational_file created 2018-09-14 11:12:04  started 2018-09-14 11:12:04 run for 0.0s steps 0
name: p_272
step: 10000
specie: 20
	particle_diameter: 1.0000000000000000
	interaction_length: 1.2000000000000000
	number_of_patches: 3
	number_of_particles_per_compound: 1
	rod_length: 1.0000000000000000
	interaction_matrix:  1.000000 1.000000 1.000000 1.000000 1.000000 1.000000 1.000000 1.000000 1.000000
	patch_type: symmetric
	patch_width: 8.0000000000000000
	patch_angle: 0.0000000000000000
	angles:  0.000000 0.000000 0.000000
	grand_canonical: 0
	chemical_potential: 0.0000000000000000
box: 27.497828 27.497828
copy: 1.000000 1.000000
epsilon: 0.1072210000000000
end_epsilon: 0.0000000000000000
pressure: 0.1429500000000000
lambda: 0.0000000000000000
lambda_coupling: 1.0000000000000000
uy: 0.0000000000000000
maximum_displacement: 1.0000000000000000
maximum_rotation: 1.0000000000000000
maximum_volume: 1.0000000000000000
maximum_shape: 0.0000001000000000
maximum_dsigma: 0.0100000000000000
mod: 10
pmod: 10
optimize: 1
verbose: 1
snapshot: 0
display: 1
explore: 1
npt: 1
nptxy: 0
nptdxdy: 0
shape: 0
seed: 310734
-29.771412348029 65.668508498779 0.000000000000 1.000000000000
-47.533814720144 10.249116185831 0.000000000000 1.000000000000
70.004750312423 71.905441756490 0.866025403784 0.500000000000
27.433171889636 43.406176629120 0.866025403784 -0.500000000000
118.717224565926 -127.116396177241 0.000000000000 1.000000000000
6.031235325251 118.280540686846 0.866025403784 0.500000000000
32.566773774570 140.864138541918 0.000000000000 1.000000000000
62.306268866690 53.340343679958 0.866025403784 0.500000000000
174.136930804731 -119.282789766875 0.866025403784 0.500000000000
-162.016356346539 -26.255757000494 0.866025403784 0.500000000000
12.574124983783 -8.409832470514 0.866025403784 -0.500000000000
-188.130547914872 94.766373305422 0.866025403784 -0.500000000000
173.663805786762 -77.774900730834 0.000000000000 1.000000000000
91.433221772371 -38.760396482200 0.000000000000 1.000000000000
77.700190721932 -69.449893025881 0.866025403784 0.500000000000
-139.717817466687 25.901065075851 0.000000000000 1.000000000000
-211.324930402720 -103.466085433648 0.866025403784 0.500000000000
-66.316575632256 -33.031461870427 0.866025403784 -0.500000000000
-31.302279335463 -135.025498438522 0.866025403784 -0.500000000000
1.793945541392 -30.600561942783 0.866025403784 -0.500000000000
