#Configurational_file created 2018-09-14 11:12:03  started 2018-09-14 11:12:02 run for 1.0s steps 0
name: p_270
step: 10000
specie: 20
	particle_diameter: 1.0000000000000000
	interaction_length: 1.2000000000000000
	number_of_patches: 3
	number_of_particles_per_compound: 1
	rod_length: 1.0000000000000000
	interaction_matrix:  1.000000 1.000000 1.000000 1.000000 1.000000 1.000000 1.000000 1.000000 1.000000
	patch_type: symmetric
	patch_width: 8.0000000000000000
	patch_angle: 0.0000000000000000
	angles:  0.000000 0.000000 0.000000
	grand_canonical: 0
	chemical_potential: 0.0000000000000000
box: 12.689765 12.689765
copy: 1.000000 1.000000
epsilon: 0.0715140000000000
end_epsilon: 0.0000000000000000
pressure: 2.0000000000000000
lambda: 0.0000000000000000
lambda_coupling: 1.0000000000000000
uy: 0.0000000000000000
maximum_displacement: 1.0000000000000000
maximum_rotation: 1.0000000000000000
maximum_volume: 1.0000000000000000
maximum_shape: 0.0000001000000000
maximum_dsigma: 0.0100000000000000
mod: 10
pmod: 10
optimize: 1
verbose: 1
snapshot: 0
display: 1
explore: 1
npt: 1
nptxy: 0
nptdxdy: 0
shape: 0
seed: 308460
-58.172002928988 -1.200350746661 0.000000000000 1.000000000000
-23.699920017942 84.914190730023 0.866025403784 0.500000000000
-83.106994869222 30.169995202060 0.866025403784 0.500000000000
64.455767032204 -88.709742662149 0.866025403784 -0.500000000000
-51.191664116630 97.861510099554 0.866025403784 -0.500000000000
216.420590415591 -9.142565391526 0.866025403784 0.500000000000
9.495321490340 -36.506193193259 0.000000000000 1.000000000000
100.391991534581 15.573401678526 0.866025403784 0.500000000000
7.868459621343 19.212144114321 0.866025403784 -0.500000000000
12.201949144795 -7.160660310019 0.866025403784 0.500000000000
50.706431500121 -63.613964928426 0.000000000000 1.000000000000
9.582712469695 31.396073642354 0.866025403784 -0.500000000000
-153.665818570526 -50.585859046337 0.866025403784 -0.500000000000
-70.841034542203 8.150637751812 0.866025403784 0.500000000000
124.076214860668 41.214377347110 0.866025403784 0.500000000000
-41.335918856679 -20.873102800328 0.866025403784 -0.500000000000
73.900350458932 -8.548176006718 0.866025403784 -0.500000000000
-222.245305577246 -54.632138310500 0.000000000000 1.000000000000
16.198124087009 -70.828671692837 0.866025403784 -0.500000000000
-75.904087669293 -2.485390373685 0.866025403784 -0.500000000000
