#Configurational_file created 2018-09-14 11:12:08  started 2018-09-14 11:12:07 run for 1.0s steps 0
name: p_277
step: 10000
specie: 20
	particle_diameter: 1.0000000000000000
	interaction_length: 1.2000000000000000
	number_of_patches: 3
	number_of_particles_per_compound: 1
	rod_length: 1.0000000000000000
	interaction_matrix:  1.000000 1.000000 1.000000 1.000000 1.000000 1.000000 1.000000 1.000000 1.000000
	patch_type: symmetric
	patch_width: 8.0000000000000000
	patch_angle: 0.0000000000000000
	angles:  0.000000 0.000000 0.000000
	grand_canonical: 0
	chemical_potential: 0.0000000000000000
box: 17.023924 17.023924
copy: 1.000000 1.000000
epsilon: 0.1072210000000000
end_epsilon: 0.0000000000000000
pressure: 0.8572000000000000
lambda: 0.0000000000000000
lambda_coupling: 1.0000000000000000
uy: 0.0000000000000000
maximum_displacement: 1.0000000000000000
maximum_rotation: 1.0000000000000000
maximum_volume: 1.0000000000000000
maximum_shape: 0.0000001000000000
maximum_dsigma: 0.0100000000000000
mod: 10
pmod: 10
optimize: 1
verbose: 1
snapshot: 0
display: 1
explore: 1
npt: 1
nptxy: 0
nptdxdy: 0
shape: 0
seed: 316419
91.141868429403 41.625318472012 0.000000000000 1.000000000000
113.289965652833 -163.415368732815 0.866025403784 0.500000000000
-23.614284291556 33.090546336194 0.866025403784 -0.500000000000
-40.426499344564 -14.176026372752 0.866025403784 0.500000000000
85.914284257557 4.267734125674 0.866025403784 0.500000000000
3.928750918101 -91.912561689406 0.000000000000 1.000000000000
-101.411922246796 -35.453863524511 0.866025403784 -0.500000000000
-83.173598322638 49.129154781436 0.866025403784 -0.500000000000
147.870575732947 230.863315607577 0.000000000000 1.000000000000
-60.545130223966 -121.176929163691 0.000000000000 1.000000000000
-26.696746809550 61.954852640546 0.866025403784 0.500000000000
-64.149672625908 -164.670501828701 0.866025403784 0.500000000000
40.817541504128 13.486126387457 0.000000000000 1.000000000000
106.790546895262 23.813866097468 0.000000000000 1.000000000000
-126.454546040514 138.526394658285 0.866025403784 0.500000000000
-82.716918609801 -196.988723885816 0.866025403784 -0.500000000000
73.999700155465 44.541603138565 0.000000000000 1.000000000000
-94.661992080675 74.134207331335 0.000000000000 1.000000000000
69.933170693367 -30.879500128172 0.866025403784 -0.500000000000
99.183435072272 106.879930001335 0.866025403784 -0.500000000000
