#Configurational_file created 2018-09-14 11:12:08  started 2018-09-14 11:12:08 run for 0.0s steps 0
name: p_278
step: 10000
specie: 20
	particle_diameter: 1.0000000000000000
	interaction_length: 1.2000000000000000
	number_of_patches: 3
	number_of_particles_per_compound: 1
	rod_length: 1.0000000000000000
	interaction_matrix:  1.000000 1.000000 1.000000 1.000000 1.000000 1.000000 1.000000 1.000000 1.000000
	patch_type: symmetric
	patch_width: 8.0000000000000000
	patch_angle: 0.0000000000000000
	angles:  0.000000 0.000000 0.000000
	grand_canonical: 0
	chemical_potential: 0.0000000000000000
box: 15.122651 15.122651
copy: 1.000000 1.000000
epsilon: 0.1072210000000000
end_epsilon: 0.0000000000000000
pressure: 1.0000500000000001
lambda: 0.0000000000000000
lambda_coupling: 1.0000000000000000
uy: 0.0000000000000000
maximum_displacement: 1.0000000000000000
maximum_rotation: 1.0000000000000000
maximum_volume: 1.0000000000000000
maximum_shape: 0.0000001000000000
maximum_dsigma: 0.0100000000000000
mod: 10
pmod: 10
optimize: 1
verbose: 1
snapshot: 0
display: 1
explore: 1
npt: 1
nptxy: 0
nptdxdy: 0
shape: 0
seed: 317556
46.168272601198 117.244982298221 0.000000000000 1.000000000000
85.090562708993 19.525377138146 0.866025403784 -0.500000000000
-82.102311822899 -65.020135505667 0.000000000000 1.000000000000
-48.298530873000 -44.934237499141 0.000000000000 1.000000000000
-68.829699645010 -182.277566421020 0.866025403784 -0.500000000000
57.826428219068 -34.853013736789 0.866025403784 0.500000000000
37.534346576240 96.149693337002 0.000000000000 1.000000000000
172.100518176886 -81.771512125106 0.000000000000 1.000000000000
-49.475982521552 -52.934595155092 0.866025403784 0.500000000000
126.207933224873 -102.822993433226 0.866025403784 0.500000000000
136.167393108616 58.974906115612 0.866025403784 0.500000000000
-86.876510378363 61.667602684234 0.866025403784 -0.500000000000
31.202133878140 -116.446228869506 0.000000000000 1.000000000000
111.571314152935 5.568060305728 0.866025403784 -0.500000000000
72.644172700190 175.043714083798 0.866025403784 0.500000000000
-47.812689409244 -24.465898428331 0.866025403784 -0.500000000000
57.409900291734 -119.776149293898 0.866025403784 0.500000000000
10.149332762833 132.311388709206 0.000000000000 1.000000000000
-7.345935230737 53.836259191444 0.000000000000 1.000000000000
-143.714688682042 -32.577515071220 0.866025403784 -0.500000000000
