#Configurational_file created 2018-09-14 11:12:06  started 2018-09-14 11:12:05 run for 1.0s steps 0
name: p_274
step: 10000
specie: 20
	particle_diameter: 1.0000000000000000
	interaction_length: 1.2000000000000000
	number_of_patches: 3
	number_of_particles_per_compound: 1
	rod_length: 1.0000000000000000
	interaction_matrix:  1.000000 1.000000 1.000000 1.000000 1.000000 1.000000 1.000000 1.000000 1.000000
	patch_type: symmetric
	patch_width: 8.0000000000000000
	patch_angle: 0.0000000000000000
	angles:  0.000000 0.000000 0.000000
	grand_canonical: 0
	chemical_potential: 0.0000000000000000
box: 26.236457 26.236457
copy: 1.000000 1.000000
epsilon: 0.1072210000000000
end_epsilon: 0.0000000000000000
pressure: 0.4286500000000000
lambda: 0.0000000000000000
lambda_coupling: 1.0000000000000000
uy: 0.0000000000000000
maximum_displacement: 1.0000000000000000
maximum_rotation: 1.0000000000000000
maximum_volume: 1.0000000000000000
maximum_shape: 0.0000001000000000
maximum_dsigma: 0.0100000000000000
mod: 10
pmod: 10
optimize: 1
verbose: 1
snapshot: 0
display: 1
explore: 1
npt: 1
nptxy: 0
nptdxdy: 0
shape: 0
seed: 313008
-30.042089781671 -158.984468556579 0.866025403784 -0.500000000000
-68.653026204052 143.139284807790 0.866025403784 0.500000000000
-41.702279207328 97.108382356835 0.866025403784 -0.500000000000
60.476941319870 1.885506963756 0.866025403784 -0.500000000000
-37.695555249152 323.370137512907 0.866025403784 0.500000000000
16.786858524091 -96.593426814801 0.866025403784 -0.500000000000
12.897669025358 -15.849424831432 0.000000000000 1.000000000000
56.374924743784 127.138372417084 0.866025403784 0.500000000000
-7.380260150200 159.517912517342 0.866025403784 -0.500000000000
-31.507860288385 -29.212286144506 0.866025403784 0.500000000000
-326.301989446442 71.127007635692 0.000000000000 1.000000000000
171.503614401770 100.768632935835 0.866025403784 -0.500000000000
53.209303227520 38.007067975268 0.866025403784 -0.500000000000
-8.423036117807 -169.780287931772 0.000000000000 1.000000000000
274.510553340532 -57.223903553760 0.000000000000 1.000000000000
54.190292714496 32.329044401909 0.866025403784 -0.500000000000
40.169778258595 -211.111526857228 0.866025403784 -0.500000000000
9.830609755114 -174.621278219380 0.000000000000 1.000000000000
3.416809447958 7.126539847800 0.000000000000 1.000000000000
13.734732426352 70.125523888919 0.000000000000 1.000000000000
