#Configurational_file created 2018-09-14 11:12:12  started 2018-09-14 11:12:11 run for 1.0s steps 0
name: p_283
step: 10000
specie: 20
	particle_diameter: 1.0000000000000000
	interaction_length: 1.2000000000000000
	number_of_patches: 3
	number_of_particles_per_compound: 1
	rod_length: 1.0000000000000000
	interaction_matrix:  1.000000 1.000000 1.000000 1.000000 1.000000 1.000000 1.000000 1.000000 1.000000
	patch_type: symmetric
	patch_width: 8.0000000000000000
	patch_angle: 0.0000000000000000
	angles:  0.000000 0.000000 0.000000
	grand_canonical: 0
	chemical_potential: 0.0000000000000000
box: 11.958664 11.958664
copy: 1.000000 1.000000
epsilon: 0.1072210000000000
end_epsilon: 0.0000000000000000
pressure: 1.7142999999999999
lambda: 0.0000000000000000
lambda_coupling: 1.0000000000000000
uy: 0.0000000000000000
maximum_displacement: 1.0000000000000000
maximum_rotation: 1.0000000000000000
maximum_volume: 1.0000000000000000
maximum_shape: 0.0000001000000000
maximum_dsigma: 0.0100000000000000
mod: 10
pmod: 10
optimize: 1
verbose: 1
snapshot: 0
display: 1
explore: 1
npt: 1
nptxy: 0
nptdxdy: 0
shape: 0
seed: 323241
-7.800510201609 -108.369785498090 0.866025403784 -0.500000000000
-16.836382794159 0.713093910250 0.866025403784 0.500000000000
-50.510507022869 16.279642422485 0.866025403784 -0.500000000000
-17.675734193221 -60.283071636359 0.866025403784 -0.500000000000
54.620974855740 -207.210424052879 0.866025403784 -0.500000000000
-44.607928674903 61.372787531224 0.866025403784 -0.500000000000
80.345053892682 -94.389940933359 0.866025403784 -0.500000000000
-40.064797992507 -164.039765488684 0.866025403784 0.500000000000
6.898397597564 30.572320266596 0.000000000000 1.000000000000
-8.445364259805 -20.696391403382 0.866025403784 0.500000000000
128.266206668446 20.808374104448 0.866025403784 0.500000000000
33.260166907110 -4.633596041542 0.000000000000 1.000000000000
-34.799636877515 -59.911348088732 0.866025403784 -0.500000000000
-24.896059348385 -107.741445253418 0.000000000000 1.000000000000
-75.525871881620 126.969573417416 0.866025403784 -0.500000000000
-41.290995994428 -31.905089495838 0.866025403784 0.500000000000
-80.985778487641 16.521967595153 0.000000000000 1.000000000000
-54.770453235641 32.606674375976 0.866025403784 -0.500000000000
10.746358939981 -34.578680710579 0.866025403784 0.500000000000
81.817558448226 -32.616887961449 0.000000000000 1.000000000000
