#Configurational_file created 2018-09-14 11:12:16  started 2018-09-14 11:12:15 run for 1.0s steps 0
name: p_288
step: 10000
specie: 20
	particle_diameter: 1.0000000000000000
	interaction_length: 1.2000000000000000
	number_of_patches: 3
	number_of_particles_per_compound: 1
	rod_length: 1.0000000000000000
	interaction_matrix:  1.000000 1.000000 1.000000 1.000000 1.000000 1.000000 1.000000 1.000000 1.000000
	patch_type: symmetric
	patch_width: 8.0000000000000000
	patch_angle: 0.0000000000000000
	angles:  0.000000 0.000000 0.000000
	grand_canonical: 0
	chemical_potential: 0.0000000000000000
box: 19.788573 19.788573
copy: 1.000000 1.000000
epsilon: 0.1429290000000000
end_epsilon: 0.0000000000000000
pressure: 0.2858000000000000
lambda: 0.0000000000000000
lambda_coupling: 1.0000000000000000
uy: 0.0000000000000000
maximum_displacement: 1.0000000000000000
maximum_rotation: 1.0000000000000000
maximum_volume: 1.0000000000000000
maximum_shape: 0.0000001000000000
maximum_dsigma: 0.0100000000000000
mod: 10
pmod: 10
optimize: 1
verbose: 1
snapshot: 0
display: 1
explore: 1
npt: 1
nptxy: 0
nptdxdy: 0
shape: 0
seed: 328926
-12.238298218242 43.163833814595 0.000000000000 1.000000000000
-52.625398271363 161.358011879762 0.866025403784 -0.500000000000
139.894346038107 -83.880407571095 0.000000000000 1.000000000000
-123.085299636372 -155.417846470470 0.000000000000 1.000000000000
-265.002381441496 29.384385801627 0.000000000000 1.000000000000
-24.627147112257 -159.104244439995 0.866025403784 -0.500000000000
26.257058935290 124.430403991602 0.866025403784 0.500000000000
24.295620445831 -0.568197124167 0.000000000000 1.000000000000
66.593137104060 29.040183637834 0.866025403784 -0.500000000000
48.098715735524 -72.960948258089 0.866025403784 -0.500000000000
-94.501979608900 -109.440196486498 0.000000000000 1.000000000000
3.219460441249 151.567776170011 0.866025403784 0.500000000000
-58.376619739729 -68.443601461052 0.000000000000 1.000000000000
-37.080155163363 86.442448982181 0.000000000000 1.000000000000
36.925418454025 -0.123409759795 0.000000000000 1.000000000000
-56.935646210696 22.596282131816 0.866025403784 0.500000000000
148.803181964638 135.325428468231 0.866025403784 0.500000000000
50.976303580911 93.890748454888 0.000000000000 1.000000000000
-44.319615318526 -11.217516634979 0.866025403784 -0.500000000000
8.870253294113 43.456946465987 0.866025403784 0.500000000000
