#Configurational_file created 2018-09-14 11:12:16  started 2018-09-14 11:12:16 run for 0.0s steps 0
name: p_289
step: 10000
specie: 20
	particle_diameter: 1.0000000000000000
	interaction_length: 1.2000000000000000
	number_of_patches: 3
	number_of_particles_per_compound: 1
	rod_length: 1.0000000000000000
	interaction_matrix:  1.000000 1.000000 1.000000 1.000000 1.000000 1.000000 1.000000 1.000000 1.000000
	patch_type: symmetric
	patch_width: 8.0000000000000000
	patch_angle: 0.0000000000000000
	angles:  0.000000 0.000000 0.000000
	grand_canonical: 0
	chemical_potential: 0.0000000000000000
box: 17.122869 17.122869
copy: 1.000000 1.000000
epsilon: 0.1429290000000000
end_epsilon: 0.0000000000000000
pressure: 0.4286500000000000
lambda: 0.0000000000000000
lambda_coupling: 1.0000000000000000
uy: 0.0000000000000000
maximum_displacement: 1.0000000000000000
maximum_rotation: 1.0000000000000000
maximum_volume: 1.0000000000000000
maximum_shape: 0.0000001000000000
maximum_dsigma: 0.0100000000000000
mod: 10
pmod: 10
optimize: 1
verbose: 1
snapshot: 0
display: 1
explore: 1
npt: 1
nptxy: 0
nptdxdy: 0
shape: 0
seed: 330063
-53.975193494311 78.415833259761 0.866025403784 0.500000000000
-4.270580727088 42.146599896135 0.866025403784 0.500000000000
3.391013510394 20.848232358352 0.866025403784 -0.500000000000
51.686474194921 -78.832422802590 0.866025403784 -0.500000000000
53.300428506283 116.526378582151 0.866025403784 -0.500000000000
-36.514405613834 150.672543781090 0.866025403784 0.500000000000
-28.991166535629 -76.387470151518 0.000000000000 1.000000000000
-45.184066446777 -85.454763971947 0.000000000000 1.000000000000
18.646023867740 -24.445558752495 0.866025403784 0.500000000000
-11.593666987869 104.904096305146 0.866025403784 0.500000000000
69.216288481848 239.421512273313 0.000000000000 1.000000000000
-68.582493249796 -49.065561611804 0.866025403784 -0.500000000000
-13.096642993861 -187.805217288497 0.866025403784 0.500000000000
-83.825416928717 76.417463755753 0.000000000000 1.000000000000
-48.209019766163 -116.850866276105 0.866025403784 0.500000000000
164.662784392332 -17.061442708382 0.000000000000 1.000000000000
-119.570635648798 -22.086556724362 0.866025403784 0.500000000000
62.365400725697 -160.983077024172 0.866025403784 0.500000000000
-121.205896377750 191.325846266476 0.866025403784 -0.500000000000
-8.070676737431 33.449405091572 0.866025403784 0.500000000000
