#Configurational_file created 2018-09-14 11:12:10  started 2018-09-14 11:12:09 run for 1.0s steps 0
name: p_280
step: 10000
specie: 20
	particle_diameter: 1.0000000000000000
	interaction_length: 1.2000000000000000
	number_of_patches: 3
	number_of_particles_per_compound: 1
	rod_length: 1.0000000000000000
	interaction_matrix:  1.000000 1.000000 1.000000 1.000000 1.000000 1.000000 1.000000 1.000000 1.000000
	patch_type: symmetric
	patch_width: 8.0000000000000000
	patch_angle: 0.0000000000000000
	angles:  0.000000 0.000000 0.000000
	grand_canonical: 0
	chemical_potential: 0.0000000000000000
box: 14.731537 14.731537
copy: 1.000000 1.000000
epsilon: 0.1072210000000000
end_epsilon: 0.0000000000000000
pressure: 1.2857499999999999
lambda: 0.0000000000000000
lambda_coupling: 1.0000000000000000
uy: 0.0000000000000000
maximum_displacement: 1.0000000000000000
maximum_rotation: 1.0000000000000000
maximum_volume: 1.0000000000000000
maximum_shape: 0.0000001000000000
maximum_dsigma: 0.0100000000000000
mod: 10
pmod: 10
optimize: 1
verbose: 1
snapshot: 0
display: 1
explore: 1
npt: 1
nptxy: 0
nptdxdy: 0
shape: 0
seed: 319830
-96.675068231703 -50.938191934318 0.866025403784 -0.500000000000
-116.426199639396 89.616854687201 0.866025403784 0.500000000000
73.431865596604 18.423643691275 0.866025403784 -0.500000000000
-39.915917887363 16.480377199746 0.000000000000 1.000000000000
-1.718425459856 -16.908474594851 0.000000000000 1.000000000000
90.996141137490 -147.467449560979 0.866025403784 -0.500000000000
-60.317864481012 78.812248054118 0.000000000000 1.000000000000
74.502365737032 166.507063764880 0.866025403784 -0.500000000000
82.593007207297 2.376085103171 0.866025403784 0.500000000000
49.891235173506 48.555291703314 0.866025403784 0.500000000000
8.236556786793 169.895977255547 0.000000000000 1.000000000000
-19.191768685094 -67.509891348522 0.866025403784 0.500000000000
-71.160399298447 83.324966950080 0.866025403784 -0.500000000000
-80.718064107042 57.465955853504 0.866025403784 0.500000000000
-105.281543589063 152.529973589308 0.866025403784 0.500000000000
135.244996567048 56.995195345268 0.000000000000 1.000000000000
48.700880291573 -45.739899492263 0.866025403784 -0.500000000000
131.801313017334 162.159613389133 0.866025403784 -0.500000000000
-57.865532913499 -0.669775749582 0.000000000000 1.000000000000
94.358545786830 -76.567359814257 0.866025403784 -0.500000000000
