#Configurational_file created 2018-09-14 11:12:15  started 2018-09-14 11:12:14 run for 1.0s steps 0
name: p_287
step: 10000
specie: 20
	particle_diameter: 1.0000000000000000
	interaction_length: 1.2000000000000000
	number_of_patches: 3
	number_of_particles_per_compound: 1
	rod_length: 1.0000000000000000
	interaction_matrix:  1.000000 1.000000 1.000000 1.000000 1.000000 1.000000 1.000000 1.000000 1.000000
	patch_type: symmetric
	patch_width: 8.0000000000000000
	patch_angle: 0.0000000000000000
	angles:  0.000000 0.000000 0.000000
	grand_canonical: 0
	chemical_potential: 0.0000000000000000
box: 29.951056 29.951056
copy: 1.000000 1.000000
epsilon: 0.1429290000000000
end_epsilon: 0.0000000000000000
pressure: 0.1429500000000000
lambda: 0.0000000000000000
lambda_coupling: 1.0000000000000000
uy: 0.0000000000000000
maximum_displacement: 1.0000000000000000
maximum_rotation: 1.0000000000000000
maximum_volume: 1.0000000000000000
maximum_shape: 0.0000001000000000
maximum_dsigma: 0.0100000000000000
mod: 10
pmod: 10
optimize: 1
verbose: 1
snapshot: 0
display: 1
explore: 1
npt: 1
nptxy: 0
nptdxdy: 0
shape: 0
seed: 327789
163.543095010992 97.770557268267 0.866025403784 0.500000000000
-221.734319621480 0.585109486173 0.866025403784 -0.500000000000
-69.301187311736 96.430041122527 0.866025403784 0.500000000000
95.243870170537 -49.340922457041 0.866025403784 0.500000000000
3.638778987796 58.291483365101 0.866025403784 -0.500000000000
116.112170051143 -62.240308477693 0.866025403784 0.500000000000
-89.563643217423 -130.008601376245 0.000000000000 1.000000000000
-141.492074965036 147.360974631506 0.866025403784 -0.500000000000
136.273992047008 114.073642980882 0.000000000000 1.000000000000
-9.188768902349 -36.305396673524 0.866025403784 -0.500000000000
-25.338230767975 39.636534297910 0.866025403784 0.500000000000
-58.084688519566 19.758860511431 0.866025403784 0.500000000000
91.147659124332 323.050258703722 0.866025403784 0.500000000000
-17.596751692108 -57.281909345998 0.866025403784 0.500000000000
174.935581920245 -6.256788664578 0.866025403784 0.500000000000
44.049715770565 36.318453940279 0.866025403784 -0.500000000000
-178.840506561797 150.821960395266 0.000000000000 1.000000000000
200.994336940786 236.022143224544 0.866025403784 0.500000000000
100.162047500148 -40.578013238242 0.866025403784 0.500000000000
40.320848882007 224.327066815541 0.866025403784 0.500000000000
