#Configurational_file created 2018-09-14 11:12:13  started 2018-09-14 11:12:12 run for 1.0s steps 0
name: p_284
step: 10000
specie: 20
	particle_diameter: 1.0000000000000000
	interaction_length: 1.2000000000000000
	number_of_patches: 3
	number_of_particles_per_compound: 1
	rod_length: 1.0000000000000000
	interaction_matrix:  1.000000 1.000000 1.000000 1.000000 1.000000 1.000000 1.000000 1.000000 1.000000
	patch_type: symmetric
	patch_width: 8.0000000000000000
	patch_angle: 0.0000000000000000
	angles:  0.000000 0.000000 0.000000
	grand_canonical: 0
	chemical_potential: 0.0000000000000000
box: 11.145296 11.145296
copy: 1.000000 1.000000
epsilon: 0.1072210000000000
end_epsilon: 0.0000000000000000
pressure: 1.8571500000000001
lambda: 0.0000000000000000
lambda_coupling: 1.0000000000000000
uy: 0.0000000000000000
maximum_displacement: 1.0000000000000000
maximum_rotation: 1.0000000000000000
maximum_volume: 1.0000000000000000
maximum_shape: 0.0000001000000000
maximum_dsigma: 0.0100000000000000
mod: 10
pmod: 10
optimize: 1
verbose: 1
snapshot: 0
display: 1
explore: 1
npt: 1
nptxy: 0
nptdxdy: 0
shape: 0
seed: 324378
40.398935998898 87.431250643186 0.866025403784 0.500000000000
-105.006409224209 3.890927642004 0.866025403784 -0.500000000000
-29.396746842845 74.682152097399 0.000000000000 1.000000000000
67.311452080576 -56.545691915591 0.866025403784 0.500000000000
9.387515913571 82.039008762897 0.000000000000 1.000000000000
47.303753142508 151.009375355413 0.866025403784 0.500000000000
44.522893726740 50.964890122533 0.000000000000 1.000000000000
-13.188309536904 -19.799037279793 0.866025403784 -0.500000000000
-125.816086971298 2.836292471003 0.866025403784 0.500000000000
-70.850990451753 61.463840788731 0.000000000000 1.000000000000
-25.064501486190 -95.873544781005 0.000000000000 1.000000000000
-73.423362879199 -89.309254521732 0.000000000000 1.000000000000
-76.981219221474 -151.502009770784 0.866025403784 -0.500000000000
-86.276356988723 -93.338317258277 0.866025403784 -0.500000000000
8.215490922335 52.999002691510 0.866025403784 -0.500000000000
-112.439380843855 28.872842900065 0.866025403784 0.500000000000
105.503463398120 -155.248106817414 0.866025403784 -0.500000000000
-16.503884014161 -59.117346950063 0.866025403784 -0.500000000000
-34.810520942545 -10.065001599995 0.866025403784 -0.500000000000
-102.322845879972 21.310913112803 0.000000000000 1.000000000000
