#Configurational_file created 2018-09-14 11:12:14  started 2018-09-14 11:12:14 run for 0.0s steps 0
name: p_286
step: 10000
specie: 20
	particle_diameter: 1.0000000000000000
	interaction_length: 1.2000000000000000
	number_of_patches: 3
	number_of_particles_per_compound: 1
	rod_length: 1.0000000000000000
	interaction_matrix:  1.000000 1.000000 1.000000 1.000000 1.000000 1.000000 1.000000 1.000000 1.000000
	patch_type: symmetric
	patch_width: 8.0000000000000000
	patch_angle: 0.0000000000000000
	angles:  0.000000 0.000000 0.000000
	grand_canonical: 0
	chemical_potential: 0.0000000000000000
box: 52.018065 52.018065
copy: 1.000000 1.000000
epsilon: 0.1429290000000000
end_epsilon: 0.0000000000000000
pressure: 0.0001000000000000
lambda: 0.0000000000000000
lambda_coupling: 1.0000000000000000
uy: 0.0000000000000000
maximum_displacement: 1.0000000000000000
maximum_rotation: 1.0000000000000000
maximum_volume: 1.0000000000000000
maximum_shape: 0.0000001000000000
maximum_dsigma: 0.0100000000000000
mod: 10
pmod: 10
optimize: 1
verbose: 1
snapshot: 0
display: 1
explore: 1
npt: 1
nptxy: 0
nptdxdy: 0
shape: 0
seed: 326652
-89.197546648988 191.196019538092 0.866025403784 0.500000000000
36.258733019202 -177.096547275852 0.866025403784 -0.500000000000
212.547809262998 80.893045677981 0.866025403784 0.500000000000
-167.101131024096 210.664181648828 0.866025403784 -0.500000000000
256.270270443717 -146.059447199383 0.866025403784 -0.500000000000
100.053800635440 -2.746368184018 0.866025403784 -0.500000000000
22.546348563444 -263.975268915252 0.866025403784 0.500000000000
-28.629327977261 73.377356377237 0.866025403784 0.500000000000
-213.542805482090 19.763405482654 0.866025403784 -0.500000000000
84.153826126813 173.187070507761 0.000000000000 1.000000000000
232.400919374658 -90.570829581184 0.866025403784 -0.500000000000
-222.337462189560 73.810094937330 0.866025403784 -0.500000000000
273.702455127129 -91.919614378487 0.866025403784 -0.500000000000
171.880054846349 -206.358209173932 0.866025403784 0.500000000000
157.351107133383 153.125065889572 0.866025403784 -0.500000000000
-101.265301902526 215.362820143399 0.866025403784 -0.500000000000
98.810437959739 253.596205702666 0.866025403784 0.500000000000
213.434011300663 -187.464193742091 0.000000000000 1.000000000000
56.288808028980 -228.916538653013 0.866025403784 -0.500000000000
43.512050040637 74.187891286501 0.000000000000 1.000000000000
