#Configurational_file created 2018-09-14 11:12:11  started 2018-09-14 11:12:11 run for 0.0s steps 0
name: p_282
step: 10000
specie: 20
	particle_diameter: 1.0000000000000000
	interaction_length: 1.2000000000000000
	number_of_patches: 3
	number_of_particles_per_compound: 1
	rod_length: 1.0000000000000000
	interaction_matrix:  1.000000 1.000000 1.000000 1.000000 1.000000 1.000000 1.000000 1.000000 1.000000
	patch_type: symmetric
	patch_width: 8.0000000000000000
	patch_angle: 0.0000000000000000
	angles:  0.000000 0.000000 0.000000
	grand_canonical: 0
	chemical_potential: 0.0000000000000000
box: 11.652774 11.652774
copy: 1.000000 1.000000
epsilon: 0.1072210000000000
end_epsilon: 0.0000000000000000
pressure: 1.5714500000000000
lambda: 0.0000000000000000
lambda_coupling: 1.0000000000000000
uy: 0.0000000000000000
maximum_displacement: 1.0000000000000000
maximum_rotation: 1.0000000000000000
maximum_volume: 1.0000000000000000
maximum_shape: 0.0000001000000000
maximum_dsigma: 0.0100000000000000
mod: 10
pmod: 10
optimize: 1
verbose: 1
snapshot: 0
display: 1
explore: 1
npt: 1
nptxy: 0
nptdxdy: 0
shape: 0
seed: 322104
66.478870802814 25.106146383699 0.866025403784 -0.500000000000
130.691631118372 -12.916283204297 0.866025403784 -0.500000000000
136.850680204809 -46.725191429831 0.866025403784 0.500000000000
-93.156718671042 -39.480024471890 0.866025403784 0.500000000000
93.902420444342 -119.938076920075 0.000000000000 1.000000000000
3.594330395196 93.512423678461 0.000000000000 1.000000000000
72.529297047839 2.732472610550 0.000000000000 1.000000000000
110.274412303774 -133.014063439898 0.866025403784 -0.500000000000
-129.586295145552 77.104358931727 0.000000000000 1.000000000000
-132.354955501444 -17.217366715455 0.000000000000 1.000000000000
-47.066203365039 14.259638934229 0.866025403784 -0.500000000000
82.334934840871 39.206630399937 0.866025403784 0.500000000000
42.831899905601 -57.598959329032 0.866025403784 -0.500000000000
99.750040594596 -36.682481739020 0.000000000000 1.000000000000
-69.844618572273 -33.402731960691 0.866025403784 -0.500000000000
-16.124858418931 -65.857159270884 0.866025403784 0.500000000000
60.850082212024 56.498689593385 0.866025403784 0.500000000000
-23.861205160692 -81.262221593239 0.866025403784 0.500000000000
40.343160546855 25.210252570785 0.866025403784 -0.500000000000
27.020411520556 57.539189136686 0.000000000000 1.000000000000
