#Configurational_file created 2018-09-14 11:12:11  started 2018-09-14 11:12:10 run for 1.0s steps 0
name: p_281
step: 10000
specie: 20
	particle_diameter: 1.0000000000000000
	interaction_length: 1.2000000000000000
	number_of_patches: 3
	number_of_particles_per_compound: 1
	rod_length: 1.0000000000000000
	interaction_matrix:  1.000000 1.000000 1.000000 1.000000 1.000000 1.000000 1.000000 1.000000 1.000000
	patch_type: symmetric
	patch_width: 8.0000000000000000
	patch_angle: 0.0000000000000000
	angles:  0.000000 0.000000 0.000000
	grand_canonical: 0
	chemical_potential: 0.0000000000000000
box: 14.034748 14.034748
copy: 1.000000 1.000000
epsilon: 0.1072210000000000
end_epsilon: 0.0000000000000000
pressure: 1.4286000000000001
lambda: 0.0000000000000000
lambda_coupling: 1.0000000000000000
uy: 0.0000000000000000
maximum_displacement: 1.0000000000000000
maximum_rotation: 1.0000000000000000
maximum_volume: 1.0000000000000000
maximum_shape: 0.0000001000000000
maximum_dsigma: 0.0100000000000000
mod: 10
pmod: 10
optimize: 1
verbose: 1
snapshot: 0
display: 1
explore: 1
npt: 1
nptxy: 0
nptdxdy: 0
shape: 0
seed: 320967
69.585470301862 92.108200588747 0.000000000000 1.000000000000
-82.566128102412 -89.282256613882 0.866025403784 -0.500000000000
-19.693154913216 185.167364055873 0.000000000000 1.000000000000
178.621972994585 78.434982934677 0.000000000000 1.000000000000
-112.067161649724 162.942701133757 0.000000000000 1.000000000000
-18.284235489292 115.658068470257 0.000000000000 1.000000000000
25.944390047878 96.307886931668 0.866025403784 -0.500000000000
-57.136693319104 65.873777247882 0.866025403784 -0.500000000000
251.891674665067 47.761421752617 0.866025403784 -0.500000000000
-6.455660528653 -33.489490951827 0.866025403784 -0.500000000000
116.033315572335 231.572079795865 0.000000000000 1.000000000000
90.146041158469 71.821655987842 0.866025403784 -0.500000000000
-66.583954763931 95.987468446373 0.866025403784 -0.500000000000
132.996075651180 -42.019608324000 0.000000000000 1.000000000000
-69.001892938973 166.449426565385 0.866025403784 0.500000000000
89.501467266861 -94.226493387511 0.866025403784 -0.500000000000
-74.290469991560 146.200970373727 0.866025403784 -0.500000000000
-64.381449770506 56.905742775861 0.000000000000 1.000000000000
-15.928837906795 17.675324673444 0.000000000000 1.000000000000
201.404498066855 -12.872341981487 0.866025403784 0.500000000000
