#Configurational_file created 2018-09-14 11:12:14  started 2018-09-14 11:12:13 run for 1.0s steps 0
name: p_285
step: 10000
specie: 20
	particle_diameter: 1.0000000000000000
	interaction_length: 1.2000000000000000
	number_of_patches: 3
	number_of_particles_per_compound: 1
	rod_length: 1.0000000000000000
	interaction_matrix:  1.000000 1.000000 1.000000 1.000000 1.000000 1.000000 1.000000 1.000000 1.000000
	patch_type: symmetric
	patch_width: 8.0000000000000000
	patch_angle: 0.0000000000000000
	angles:  0.000000 0.000000 0.000000
	grand_canonical: 0
	chemical_potential: 0.0000000000000000
box: 12.213344 12.213344
copy: 1.000000 1.000000
epsilon: 0.1072210000000000
end_epsilon: 0.0000000000000000
pressure: 2.0000000000000000
lambda: 0.0000000000000000
lambda_coupling: 1.0000000000000000
uy: 0.0000000000000000
maximum_displacement: 1.0000000000000000
maximum_rotation: 1.0000000000000000
maximum_volume: 1.0000000000000000
maximum_shape: 0.0000001000000000
maximum_dsigma: 0.0100000000000000
mod: 10
pmod: 10
optimize: 1
verbose: 1
snapshot: 0
display: 1
explore: 1
npt: 1
nptxy: 0
nptdxdy: 0
shape: 0
seed: 325515
-127.197639311208 -142.498993698578 0.866025403784 -0.500000000000
-3.177719464285 -14.982592118373 0.866025403784 0.500000000000
-110.185819344076 -53.142782963751 0.000000000000 1.000000000000
77.010595135125 94.690175419116 0.000000000000 1.000000000000
-15.157940105741 43.761622184637 0.866025403784 -0.500000000000
-201.488674867725 72.428172942595 0.000000000000 1.000000000000
-109.142361062080 -98.873947482499 0.866025403784 -0.500000000000
-248.029871955313 -53.032019609868 0.866025403784 -0.500000000000
43.439214678901 112.735672414392 0.866025403784 0.500000000000
-9.749012393672 82.063305272461 0.866025403784 0.500000000000
124.044600744776 12.773775561634 0.000000000000 1.000000000000
-22.979640137020 -46.066917175763 0.000000000000 1.000000000000
25.327579072784 269.918772578474 0.866025403784 -0.500000000000
34.251383300885 29.624844058763 0.866025403784 -0.500000000000
174.119418567167 5.336449030184 0.866025403784 0.500000000000
-80.339609956820 60.950726397986 0.000000000000 1.000000000000
26.341252892856 -50.760622570927 0.866025403784 -0.500000000000
-63.384967652577 -19.956457255014 0.000000000000 1.000000000000
15.922720420292 96.747089457456 0.000000000000 1.000000000000
-38.106334337877 170.436559768880 0.866025403784 -0.500000000000
