#Configurational_file created 2018-09-11 16:58:17  started 2018-09-11 16:58:17 run for 0.0s steps 0
name: p_29
step: 10000
specie: 20
	particle_diameter: 1.0000000000000000
	interaction_length: 1.2000000000000000
	number_of_patches: 3
	number_of_particles_per_compound: 1
	rod_length: 1.0000000000000000
	interaction_matrix:  1.000000 1.000000 1.000000 1.000000 1.000000 1.000000 1.000000 1.000000 1.000000
	patch_type: symmetric
	patch_width: 8.0000000000000000
	patch_angle: 0.0000000000000000
	angles:  0.000000 0.000000 0.000000
	grand_canonical: 0
	chemical_potential: 0.0000000000000000
box: 47.369077 47.369077
copy: 1.000000 1.000000
epsilon: 0.0001000000000000
end_epsilon: 0.0000000000000000
pressure: 1.5000249999999999
lambda: 0.0000000000000000
lambda_coupling: 1.0000000000000000
uy: 0.0000000000000000
maximum_displacement: 1.0000000000000000
maximum_rotation: 1.0000000000000000
maximum_volume: 1.0000000000000000
maximum_shape: 0.0000001000000000
maximum_dsigma: 0.0100000000000000
mod: 10
pmod: 10
optimize: 1
verbose: 1
snapshot: 0
display: 1
explore: 1
npt: 1
nptxy: 0
nptdxdy: 0
shape: 0
seed: 35843
-201.661201875629 5.953846405370 0.866025403784 -0.500000000000
-64.011116486919 113.794518627007 0.000000000000 1.000000000000
86.583939040214 -312.519376768019 0.866025403784 -0.500000000000
140.146417770960 -127.160484461947 0.866025403784 0.500000000000
33.608450033395 -77.562864458375 0.866025403784 0.500000000000
-218.537458288749 127.842359898195 0.866025403784 -0.500000000000
106.031417569675 108.222966975572 0.000000000000 1.000000000000
71.176413134784 -38.525733617091 0.866025403784 -0.500000000000
48.217579240461 -98.024010295311 0.866025403784 -0.500000000000
129.857562324501 28.631531073629 0.866025403784 -0.500000000000
96.978829939636 177.901355057816 0.000000000000 1.000000000000
29.952930469325 -12.775582588096 0.866025403784 -0.500000000000
-89.002686554368 -85.465612534659 0.866025403784 0.500000000000
28.275752518073 -162.499421559644 0.866025403784 -0.500000000000
64.577251912984 98.012503383445 0.866025403784 0.500000000000
24.917167516621 344.229106022334 0.000000000000 1.000000000000
42.151067758696 -145.652622839977 0.000000000000 1.000000000000
-32.697905142649 196.448468101231 0.866025403784 0.500000000000
-16.073265969860 270.559596682487 0.866025403784 -0.500000000000
-67.138009459336 61.035260648440 0.866025403784 -0.500000000000
