#Configurational_file created 2018-09-14 11:12:21  started 2018-09-14 11:12:21 run for 0.0s steps 0
name: p_296
step: 10000
specie: 20
	particle_diameter: 1.0000000000000000
	interaction_length: 1.2000000000000000
	number_of_patches: 3
	number_of_particles_per_compound: 1
	rod_length: 1.0000000000000000
	interaction_matrix:  1.000000 1.000000 1.000000 1.000000 1.000000 1.000000 1.000000 1.000000 1.000000
	patch_type: symmetric
	patch_width: 8.0000000000000000
	patch_angle: 0.0000000000000000
	angles:  0.000000 0.000000 0.000000
	grand_canonical: 0
	chemical_potential: 0.0000000000000000
box: 11.531385 11.531385
copy: 1.000000 1.000000
epsilon: 0.1429290000000000
end_epsilon: 0.0000000000000000
pressure: 1.4286000000000001
lambda: 0.0000000000000000
lambda_coupling: 1.0000000000000000
uy: 0.0000000000000000
maximum_displacement: 1.0000000000000000
maximum_rotation: 1.0000000000000000
maximum_volume: 1.0000000000000000
maximum_shape: 0.0000001000000000
maximum_dsigma: 0.0100000000000000
mod: 10
pmod: 10
optimize: 1
verbose: 1
snapshot: 0
display: 1
explore: 1
npt: 1
nptxy: 0
nptdxdy: 0
shape: 0
seed: 338022
0.708772109041 155.132858033328 0.866025403784 -0.500000000000
72.676423235149 167.423468521766 0.866025403784 -0.500000000000
-38.066924001984 64.197341770410 0.866025403784 0.500000000000
-50.682992024908 -130.867304458334 0.866025403784 0.500000000000
112.464667156306 -91.914193596103 0.866025403784 -0.500000000000
-57.654168339529 7.703171756364 0.000000000000 1.000000000000
45.012129481349 88.366889313573 0.866025403784 0.500000000000
-27.344799597107 -46.930488028916 0.000000000000 1.000000000000
-5.860435271572 93.905908637201 0.866025403784 -0.500000000000
-86.566379896637 -48.542375627461 0.866025403784 -0.500000000000
-35.321032242254 -90.672493992067 0.866025403784 0.500000000000
-215.791186344535 -31.960809608914 0.000000000000 1.000000000000
2.340844922794 -142.290277638690 0.866025403784 -0.500000000000
-171.773978394729 135.564146087528 0.866025403784 0.500000000000
-88.817647516222 -214.539985885255 0.866025403784 -0.500000000000
51.800873637755 38.465969455948 0.866025403784 0.500000000000
162.269607083593 -82.060911278633 0.866025403784 -0.500000000000
91.894726015088 40.729024660270 0.866025403784 -0.500000000000
-13.265870796612 1.404499503374 0.866025403784 0.500000000000
-30.307266459013 -104.944136948450 0.000000000000 1.000000000000
