#Configurational_file created 2018-09-14 11:12:21  started 2018-09-14 11:12:20 run for 1.0s steps 0
name: p_295
step: 10000
specie: 20
	particle_diameter: 1.0000000000000000
	interaction_length: 1.2000000000000000
	number_of_patches: 3
	number_of_particles_per_compound: 1
	rod_length: 1.0000000000000000
	interaction_matrix:  1.000000 1.000000 1.000000 1.000000 1.000000 1.000000 1.000000 1.000000 1.000000
	patch_type: symmetric
	patch_width: 8.0000000000000000
	patch_angle: 0.0000000000000000
	angles:  0.000000 0.000000 0.000000
	grand_canonical: 0
	chemical_potential: 0.0000000000000000
box: 9.804013 9.804013
copy: 1.000000 1.000000
epsilon: 0.1429290000000000
end_epsilon: 0.0000000000000000
pressure: 1.2857499999999999
lambda: 0.0000000000000000
lambda_coupling: 1.0000000000000000
uy: 0.0000000000000000
maximum_displacement: 1.0000000000000000
maximum_rotation: 1.0000000000000000
maximum_volume: 1.0000000000000000
maximum_shape: 0.0000001000000000
maximum_dsigma: 0.0100000000000000
mod: 10
pmod: 10
optimize: 1
verbose: 1
snapshot: 0
display: 1
explore: 1
npt: 1
nptxy: 0
nptdxdy: 0
shape: 0
seed: 336885
-2.309337924601 -8.311218447149 0.866025403784 0.500000000000
70.573570798890 30.246558915705 0.866025403784 0.500000000000
-158.007343895035 -106.773798273754 0.866025403784 0.500000000000
-55.794378417347 71.888658630223 0.866025403784 0.500000000000
-51.055847912085 -80.331982630327 0.866025403784 0.500000000000
-21.738450141338 23.722728962372 0.866025403784 -0.500000000000
-58.337148244359 -73.853215363273 0.000000000000 1.000000000000
-29.551458596849 -166.021805238470 0.000000000000 1.000000000000
111.629103565781 -35.642443337226 0.866025403784 -0.500000000000
99.706924516630 16.110686903564 0.866025403784 0.500000000000
-114.600344136998 -4.190856210991 0.866025403784 0.500000000000
111.686904679976 -17.718685383912 0.000000000000 1.000000000000
-37.461321580159 -64.175234619388 0.000000000000 1.000000000000
-2.133470719069 -101.398479075669 0.866025403784 0.500000000000
-32.774811244505 -4.493159714617 0.866025403784 -0.500000000000
54.143076925605 6.643590877612 0.866025403784 0.500000000000
66.750046013701 -173.928365238740 0.000000000000 1.000000000000
-32.568422458103 -39.854718016686 0.866025403784 0.500000000000
147.454841874325 -160.888160820494 0.866025403784 -0.500000000000
30.246187646921 -27.637371862134 0.866025403784 0.500000000000
