#Configurational_file created 2018-09-14 11:12:17  started 2018-09-14 11:12:16 run for 1.0s steps 0
name: p_290
step: 10000
specie: 20
	particle_diameter: 1.0000000000000000
	interaction_length: 1.2000000000000000
	number_of_patches: 3
	number_of_particles_per_compound: 1
	rod_length: 1.0000000000000000
	interaction_matrix:  1.000000 1.000000 1.000000 1.000000 1.000000 1.000000 1.000000 1.000000 1.000000
	patch_type: symmetric
	patch_width: 8.0000000000000000
	patch_angle: 0.0000000000000000
	angles:  0.000000 0.000000 0.000000
	grand_canonical: 0
	chemical_potential: 0.0000000000000000
box: 18.277016 18.277016
copy: 1.000000 1.000000
epsilon: 0.1429290000000000
end_epsilon: 0.0000000000000000
pressure: 0.5715000000000000
lambda: 0.0000000000000000
lambda_coupling: 1.0000000000000000
uy: 0.0000000000000000
maximum_displacement: 1.0000000000000000
maximum_rotation: 1.0000000000000000
maximum_volume: 1.0000000000000000
maximum_shape: 0.0000001000000000
maximum_dsigma: 0.0100000000000000
mod: 10
pmod: 10
optimize: 1
verbose: 1
snapshot: 0
display: 1
explore: 1
npt: 1
nptxy: 0
nptdxdy: 0
shape: 0
seed: 331200
143.344071548318 1.063984326533 0.866025403784 -0.500000000000
-111.032221983471 -34.385734395769 0.000000000000 1.000000000000
35.800551072176 52.728398422661 0.866025403784 -0.500000000000
-30.855321856197 -95.541620345840 0.000000000000 1.000000000000
-71.838041711926 1.142337191033 0.866025403784 -0.500000000000
9.752764697561 -67.092046492261 0.000000000000 1.000000000000
125.710948001542 82.396356629662 0.866025403784 0.500000000000
-41.690333714186 -3.489023420825 0.866025403784 -0.500000000000
-30.064443816435 -9.534735273585 0.866025403784 0.500000000000
-0.996237377183 168.679595139372 0.000000000000 1.000000000000
45.764766372615 -72.586660789492 0.866025403784 -0.500000000000
225.753173173811 139.160990460576 0.866025403784 -0.500000000000
-32.152085969047 24.084364712119 0.000000000000 1.000000000000
46.218132297137 88.578660000717 0.866025403784 -0.500000000000
78.922049200527 116.641543800068 0.000000000000 1.000000000000
48.037434968645 -68.782513296790 0.866025403784 0.500000000000
-23.536195672880 84.250126620627 0.000000000000 1.000000000000
129.744561688694 -10.368548657305 0.000000000000 1.000000000000
131.817484379533 121.156897613544 0.866025403784 -0.500000000000
-2.103880243402 39.979877948823 0.000000000000 1.000000000000
