#Configurational_file created 2018-09-14 11:12:24  started 2018-09-14 11:12:23 run for 1.0s steps 0
name: p_299
step: 10000
specie: 20
	particle_diameter: 1.0000000000000000
	interaction_length: 1.2000000000000000
	number_of_patches: 3
	number_of_particles_per_compound: 1
	rod_length: 1.0000000000000000
	interaction_matrix:  1.000000 1.000000 1.000000 1.000000 1.000000 1.000000 1.000000 1.000000 1.000000
	patch_type: symmetric
	patch_width: 8.0000000000000000
	patch_angle: 0.0000000000000000
	angles:  0.000000 0.000000 0.000000
	grand_canonical: 0
	chemical_potential: 0.0000000000000000
box: 10.845027 10.845027
copy: 1.000000 1.000000
epsilon: 0.1429290000000000
end_epsilon: 0.0000000000000000
pressure: 1.8571500000000001
lambda: 0.0000000000000000
lambda_coupling: 1.0000000000000000
uy: 0.0000000000000000
maximum_displacement: 1.0000000000000000
maximum_rotation: 1.0000000000000000
maximum_volume: 1.0000000000000000
maximum_shape: 0.0000001000000000
maximum_dsigma: 0.0100000000000000
mod: 10
pmod: 10
optimize: 1
verbose: 1
snapshot: 0
display: 1
explore: 1
npt: 1
nptxy: 0
nptdxdy: 0
shape: 0
seed: 341433
38.511444271407 159.568463166670 0.866025403784 -0.500000000000
139.134132386296 -76.467592991266 0.000000000000 1.000000000000
-151.437406264951 -78.271683297854 0.866025403784 -0.500000000000
-57.107388967216 131.200924121083 0.866025403784 -0.500000000000
-53.495669706150 45.606314662113 0.866025403784 -0.500000000000
-172.147474720151 96.676523238839 0.000000000000 1.000000000000
81.944358619517 -81.925991925732 0.000000000000 1.000000000000
66.579018387835 55.436207031398 0.866025403784 0.500000000000
-38.269236167663 46.298654403096 0.866025403784 0.500000000000
-141.147689738745 -154.913863913209 0.000000000000 1.000000000000
-93.292804234041 72.483107847856 0.866025403784 -0.500000000000
116.994170048702 10.655695257258 0.866025403784 -0.500000000000
81.877393172513 93.185612502766 0.000000000000 1.000000000000
102.843035183816 -66.562802664207 0.866025403784 0.500000000000
29.632272016292 -49.748476047284 0.866025403784 -0.500000000000
6.959035872835 -118.702611903931 0.866025403784 0.500000000000
-109.070657672916 6.445925449918 0.000000000000 1.000000000000
49.659075649286 -30.464627517751 0.000000000000 1.000000000000
-135.040302278160 -105.309712448692 0.866025403784 -0.500000000000
-40.175930890502 46.421146277795 0.000000000000 1.000000000000
