#Configurational_file created 2018-09-14 11:12:22  started 2018-09-14 11:12:21 run for 1.0s steps 0
name: p_297
step: 10000
specie: 20
	particle_diameter: 1.0000000000000000
	interaction_length: 1.2000000000000000
	number_of_patches: 3
	number_of_particles_per_compound: 1
	rod_length: 1.0000000000000000
	interaction_matrix:  1.000000 1.000000 1.000000 1.000000 1.000000 1.000000 1.000000 1.000000 1.000000
	patch_type: symmetric
	patch_width: 8.0000000000000000
	patch_angle: 0.0000000000000000
	angles:  0.000000 0.000000 0.000000
	grand_canonical: 0
	chemical_potential: 0.0000000000000000
box: 10.385027 10.385027
copy: 1.000000 1.000000
epsilon: 0.1429290000000000
end_epsilon: 0.0000000000000000
pressure: 1.5714500000000000
lambda: 0.0000000000000000
lambda_coupling: 1.0000000000000000
uy: 0.0000000000000000
maximum_displacement: 1.0000000000000000
maximum_rotation: 1.0000000000000000
maximum_volume: 1.0000000000000000
maximum_shape: 0.0000001000000000
maximum_dsigma: 0.0100000000000000
mod: 10
pmod: 10
optimize: 1
verbose: 1
snapshot: 0
display: 1
explore: 1
npt: 1
nptxy: 0
nptdxdy: 0
shape: 0
seed: 339159
121.535508214585 60.768451795948 0.866025403784 0.500000000000
2.215596560655 45.696068572596 0.866025403784 -0.500000000000
-136.196461688620 133.628478170953 0.866025403784 -0.500000000000
-24.840273579816 5.894148517428 0.866025403784 -0.500000000000
38.787103652675 -132.694946920138 0.000000000000 1.000000000000
74.183181268693 163.830957623279 0.000000000000 1.000000000000
88.015533185780 87.320198544523 0.000000000000 1.000000000000
-42.145965472601 9.621302150313 0.000000000000 1.000000000000
-107.997425716535 -13.492173018489 0.866025403784 -0.500000000000
-68.332751679374 48.222961729007 0.866025403784 -0.500000000000
55.095419981043 107.685574060702 0.866025403784 -0.500000000000
-7.165903080476 -25.107252707447 0.866025403784 -0.500000000000
-92.470161645147 -20.042222237448 0.000000000000 1.000000000000
22.553937478002 -83.181749609399 0.000000000000 1.000000000000
22.645724539918 12.985730561139 0.000000000000 1.000000000000
144.322406267871 16.422731708959 0.866025403784 -0.500000000000
80.605512018123 -46.000439844219 0.866025403784 0.500000000000
125.254823527780 15.848098822066 0.000000000000 1.000000000000
1.851730250600 57.747661190915 0.866025403784 -0.500000000000
132.230534159909 -90.763429438186 0.866025403784 -0.500000000000
