#Configurational_file created 2018-09-14 11:12:18  started 2018-09-14 11:12:18 run for 0.0s steps 0
name: p_292
step: 10000
specie: 20
	particle_diameter: 1.0000000000000000
	interaction_length: 1.2000000000000000
	number_of_patches: 3
	number_of_particles_per_compound: 1
	rod_length: 1.0000000000000000
	interaction_matrix:  1.000000 1.000000 1.000000 1.000000 1.000000 1.000000 1.000000 1.000000 1.000000
	patch_type: symmetric
	patch_width: 8.0000000000000000
	patch_angle: 0.0000000000000000
	angles:  0.000000 0.000000 0.000000
	grand_canonical: 0
	chemical_potential: 0.0000000000000000
box: 15.433099 15.433099
copy: 1.000000 1.000000
epsilon: 0.1429290000000000
end_epsilon: 0.0000000000000000
pressure: 0.8572000000000000
lambda: 0.0000000000000000
lambda_coupling: 1.0000000000000000
uy: 0.0000000000000000
maximum_displacement: 1.0000000000000000
maximum_rotation: 1.0000000000000000
maximum_volume: 1.0000000000000000
maximum_shape: 0.0000001000000000
maximum_dsigma: 0.0100000000000000
mod: 10
pmod: 10
optimize: 1
verbose: 1
snapshot: 0
display: 1
explore: 1
npt: 1
nptxy: 0
nptdxdy: 0
shape: 0
seed: 333474
-68.399091147929 100.862161006644 0.866025403784 -0.500000000000
-62.940436334217 -234.845200008053 0.866025403784 0.500000000000
77.392079906843 52.057746990829 0.866025403784 0.500000000000
-15.893833185077 -79.214601506527 0.000000000000 1.000000000000
-93.593254721276 47.330556212345 0.866025403784 -0.500000000000
-19.214538665610 -6.388184094798 0.866025403784 -0.500000000000
272.333546130851 31.370317836606 0.000000000000 1.000000000000
240.196775855230 47.351439392157 0.866025403784 0.500000000000
-37.682846124384 138.692718915257 0.000000000000 1.000000000000
28.220537701217 8.857065935888 0.000000000000 1.000000000000
136.611586331949 -103.443106165525 0.866025403784 -0.500000000000
175.136228234329 81.965359151971 0.866025403784 -0.500000000000
108.904742263048 -21.309864453077 0.866025403784 -0.500000000000
50.810964581491 -18.786031921006 0.866025403784 -0.500000000000
182.990398242375 -14.118277132046 0.866025403784 -0.500000000000
78.813146069567 65.682691455068 0.866025403784 0.500000000000
-127.854786536907 7.421084887578 0.866025403784 0.500000000000
7.452037791334 -177.179655409972 0.000000000000 1.000000000000
-48.752875465580 46.592851612802 0.866025403784 0.500000000000
107.574511100847 9.483790244271 0.866025403784 -0.500000000000
