#Configurational_file created 2018-09-14 11:12:19  started 2018-09-14 11:12:18 run for 1.0s steps 0
name: p_293
step: 10000
specie: 20
	particle_diameter: 1.0000000000000000
	interaction_length: 1.2000000000000000
	number_of_patches: 3
	number_of_particles_per_compound: 1
	rod_length: 1.0000000000000000
	interaction_matrix:  1.000000 1.000000 1.000000 1.000000 1.000000 1.000000 1.000000 1.000000 1.000000
	patch_type: symmetric
	patch_width: 8.0000000000000000
	patch_angle: 0.0000000000000000
	angles:  0.000000 0.000000 0.000000
	grand_canonical: 0
	chemical_potential: 0.0000000000000000
box: 15.333183 15.333183
copy: 1.000000 1.000000
epsilon: 0.1429290000000000
end_epsilon: 0.0000000000000000
pressure: 1.0000500000000001
lambda: 0.0000000000000000
lambda_coupling: 1.0000000000000000
uy: 0.0000000000000000
maximum_displacement: 1.0000000000000000
maximum_rotation: 1.0000000000000000
maximum_volume: 1.0000000000000000
maximum_shape: 0.0000001000000000
maximum_dsigma: 0.0100000000000000
mod: 10
pmod: 10
optimize: 1
verbose: 1
snapshot: 0
display: 1
explore: 1
npt: 1
nptxy: 0
nptdxdy: 0
shape: 0
seed: 334611
-7.316474671715 43.694800254892 0.866025403784 -0.500000000000
-42.736215009851 -183.609019387896 0.866025403784 -0.500000000000
101.191761443077 164.587451832534 0.866025403784 -0.500000000000
29.367054398487 133.077081718978 0.866025403784 -0.500000000000
159.188596372521 -5.965408936646 0.866025403784 -0.500000000000
-53.289278708923 57.298829143419 0.000000000000 1.000000000000
225.685543966267 -16.211835969427 0.000000000000 1.000000000000
23.831875873853 -198.915770411475 0.866025403784 -0.500000000000
24.414477069953 34.445140979507 0.866025403784 0.500000000000
-1.716010794599 -56.104628681304 0.000000000000 1.000000000000
-184.233664805838 -44.143735224439 0.000000000000 1.000000000000
-31.196653898133 110.461460996343 0.866025403784 0.500000000000
48.875393963260 -26.764115940150 0.000000000000 1.000000000000
-8.491957954773 113.324153283268 0.866025403784 0.500000000000
143.458883415134 20.387502363292 0.866025403784 -0.500000000000
72.932324825080 -54.406500897870 0.866025403784 0.500000000000
35.085756665151 40.172298350317 0.000000000000 1.000000000000
-29.713259061884 -100.233018541745 0.866025403784 0.500000000000
-73.093971951810 -37.212557554229 0.866025403784 -0.500000000000
56.411737190279 -38.970464860524 0.866025403784 -0.500000000000
