#Configurational_file created 2018-09-14 11:12:20  started 2018-09-14 11:12:19 run for 1.0s steps 0
name: p_294
step: 10000
specie: 20
	particle_diameter: 1.0000000000000000
	interaction_length: 1.2000000000000000
	number_of_patches: 3
	number_of_particles_per_compound: 1
	rod_length: 1.0000000000000000
	interaction_matrix:  1.000000 1.000000 1.000000 1.000000 1.000000 1.000000 1.000000 1.000000 1.000000
	patch_type: symmetric
	patch_width: 8.0000000000000000
	patch_angle: 0.0000000000000000
	angles:  0.000000 0.000000 0.000000
	grand_canonical: 0
	chemical_potential: 0.0000000000000000
box: 15.145602 15.145602
copy: 1.000000 1.000000
epsilon: 0.1429290000000000
end_epsilon: 0.0000000000000000
pressure: 1.1429000000000000
lambda: 0.0000000000000000
lambda_coupling: 1.0000000000000000
uy: 0.0000000000000000
maximum_displacement: 1.0000000000000000
maximum_rotation: 1.0000000000000000
maximum_volume: 1.0000000000000000
maximum_shape: 0.0000001000000000
maximum_dsigma: 0.0100000000000000
mod: 10
pmod: 10
optimize: 1
verbose: 1
snapshot: 0
display: 1
explore: 1
npt: 1
nptxy: 0
nptdxdy: 0
shape: 0
seed: 335748
-36.770425560537 20.949117205205 0.866025403784 0.500000000000
-27.603787570986 226.249448799087 0.866025403784 0.500000000000
-2.119705666130 46.141323876780 0.866025403784 0.500000000000
65.055007602193 79.237216044076 0.866025403784 -0.500000000000
4.470955852229 -155.485681636050 0.000000000000 1.000000000000
-87.033816326770 86.688281086653 0.866025403784 0.500000000000
422.549663637003 -30.826322265248 0.000000000000 1.000000000000
88.798869748567 -203.221116995189 0.866025403784 0.500000000000
-68.470160013153 1.375151827520 0.866025403784 0.500000000000
62.811967144436 128.506923781795 0.866025403784 -0.500000000000
63.526626174247 27.411555260039 0.866025403784 -0.500000000000
57.325752529612 -26.121416934171 0.000000000000 1.000000000000
-8.370012943964 65.230260309010 0.866025403784 0.500000000000
-35.592419916128 39.662993491021 0.866025403784 0.500000000000
17.209439750701 181.138653147754 0.866025403784 -0.500000000000
11.006651177161 57.048844020279 0.000000000000 1.000000000000
87.223790007388 9.455048450456 0.866025403784 -0.500000000000
30.154800260880 -93.770141035641 0.866025403784 0.500000000000
-40.966062558437 -7.226865940981 0.866025403784 -0.500000000000
-32.609170917486 -9.446294577384 0.866025403784 0.500000000000
