#Configurational_file created 2018-09-14 11:12:23  started 2018-09-14 11:12:22 run for 1.0s steps 0
name: p_298
step: 10000
specie: 20
	particle_diameter: 1.0000000000000000
	interaction_length: 1.2000000000000000
	number_of_patches: 3
	number_of_particles_per_compound: 1
	rod_length: 1.0000000000000000
	interaction_matrix:  1.000000 1.000000 1.000000 1.000000 1.000000 1.000000 1.000000 1.000000 1.000000
	patch_type: symmetric
	patch_width: 8.0000000000000000
	patch_angle: 0.0000000000000000
	angles:  0.000000 0.000000 0.000000
	grand_canonical: 0
	chemical_potential: 0.0000000000000000
box: 10.255378 10.255378
copy: 1.000000 1.000000
epsilon: 0.1429290000000000
end_epsilon: 0.0000000000000000
pressure: 1.7142999999999999
lambda: 0.0000000000000000
lambda_coupling: 1.0000000000000000
uy: 0.0000000000000000
maximum_displacement: 1.0000000000000000
maximum_rotation: 1.0000000000000000
maximum_volume: 1.0000000000000000
maximum_shape: 0.0000001000000000
maximum_dsigma: 0.0100000000000000
mod: 10
pmod: 10
optimize: 1
verbose: 1
snapshot: 0
display: 1
explore: 1
npt: 1
nptxy: 0
nptdxdy: 0
shape: 0
seed: 340296
91.702983376741 -43.980451616466 0.000000000000 1.000000000000
143.701774881108 57.114984043822 0.866025403784 0.500000000000
127.430856533351 2.514856816522 0.866025403784 0.500000000000
7.779261307095 107.458118602516 0.866025403784 -0.500000000000
-11.954297104225 267.517037246213 0.866025403784 0.500000000000
154.894453507545 -57.482610417346 0.000000000000 1.000000000000
51.345876835282 194.720446538139 0.866025403784 0.500000000000
139.380367407817 -6.543429320710 0.866025403784 -0.500000000000
-24.681505071221 6.855825869765 0.866025403784 0.500000000000
61.526281432766 124.650330510698 0.866025403784 -0.500000000000
-132.506675376594 120.619830726631 0.866025403784 0.500000000000
-27.493964519189 8.413016660735 0.866025403784 -0.500000000000
-15.572469340905 99.320485690617 0.866025403784 -0.500000000000
-8.401966105247 46.717829928856 0.866025403784 0.500000000000
104.828355786147 130.292821155371 0.866025403784 0.500000000000
-1.910997900603 -59.915984227160 0.866025403784 -0.500000000000
103.731823445645 -80.077177473258 0.866025403784 0.500000000000
13.118368899694 -5.140356377007 0.000000000000 1.000000000000
-99.406809386907 33.219371817061 0.866025403784 -0.500000000000
-57.320445676590 61.955702070973 0.000000000000 1.000000000000
