#Configurational_file created 2018-09-14 11:12:18  started 2018-09-14 11:12:17 run for 1.0s steps 0
name: p_291
step: 10000
specie: 20
	particle_diameter: 1.0000000000000000
	interaction_length: 1.2000000000000000
	number_of_patches: 3
	number_of_particles_per_compound: 1
	rod_length: 1.0000000000000000
	interaction_matrix:  1.000000 1.000000 1.000000 1.000000 1.000000 1.000000 1.000000 1.000000 1.000000
	patch_type: symmetric
	patch_width: 8.0000000000000000
	patch_angle: 0.0000000000000000
	angles:  0.000000 0.000000 0.000000
	grand_canonical: 0
	chemical_potential: 0.0000000000000000
box: 15.274027 15.274027
copy: 1.000000 1.000000
epsilon: 0.1429290000000000
end_epsilon: 0.0000000000000000
pressure: 0.7143500000000000
lambda: 0.0000000000000000
lambda_coupling: 1.0000000000000000
uy: 0.0000000000000000
maximum_displacement: 1.0000000000000000
maximum_rotation: 1.0000000000000000
maximum_volume: 1.0000000000000000
maximum_shape: 0.0000001000000000
maximum_dsigma: 0.0100000000000000
mod: 10
pmod: 10
optimize: 1
verbose: 1
snapshot: 0
display: 1
explore: 1
npt: 1
nptxy: 0
nptdxdy: 0
shape: 0
seed: 332337
109.679015270119 131.591514345779 0.866025403784 0.500000000000
-6.510322196082 56.701129057150 0.000000000000 1.000000000000
14.235184765212 53.376129589860 0.000000000000 1.000000000000
36.841019007789 31.113928761171 0.866025403784 -0.500000000000
119.591580902160 -68.419105659011 0.000000000000 1.000000000000
143.314832325372 182.689176217433 0.866025403784 -0.500000000000
-48.168071859732 -110.741823855876 0.866025403784 0.500000000000
63.091949323656 143.302066596353 0.866025403784 0.500000000000
82.465068433182 -115.202416306166 0.866025403784 -0.500000000000
-50.578762927453 42.293649614137 0.866025403784 -0.500000000000
28.084240205296 37.418977479387 0.000000000000 1.000000000000
-129.273288806215 4.120701470162 0.000000000000 1.000000000000
-96.016611790050 -29.958477066766 0.866025403784 -0.500000000000
157.393332734746 -130.320284374734 0.000000000000 1.000000000000
-151.746498568321 -48.301124525307 0.866025403784 -0.500000000000
86.149111761193 -1.475092480029 0.000000000000 1.000000000000
132.024957351215 83.585018929435 0.866025403784 -0.500000000000
87.096008581728 -26.914595724892 0.000000000000 1.000000000000
23.334138627563 56.010245535805 0.866025403784 -0.500000000000
152.883819981752 79.922875732335 0.866025403784 0.500000000000
