#Configurational_file created 2018-09-14 11:12:28  started 2018-09-14 11:12:27 run for 1.0s steps 0
name: p_304
step: 10000
specie: 20
	particle_diameter: 1.0000000000000000
	interaction_length: 1.2000000000000000
	number_of_patches: 3
	number_of_particles_per_compound: 1
	rod_length: 1.0000000000000000
	interaction_matrix:  1.000000 1.000000 1.000000 1.000000 1.000000 1.000000 1.000000 1.000000 1.000000
	patch_type: symmetric
	patch_width: 8.0000000000000000
	patch_angle: 0.0000000000000000
	angles:  0.000000 0.000000 0.000000
	grand_canonical: 0
	chemical_potential: 0.0000000000000000
box: 14.868909 14.868909
copy: 1.000000 1.000000
epsilon: 0.1786360000000000
end_epsilon: 0.0000000000000000
pressure: 0.4286500000000000
lambda: 0.0000000000000000
lambda_coupling: 1.0000000000000000
uy: 0.0000000000000000
maximum_displacement: 1.0000000000000000
maximum_rotation: 1.0000000000000000
maximum_volume: 1.0000000000000000
maximum_shape: 0.0000001000000000
maximum_dsigma: 0.0100000000000000
mod: 10
pmod: 10
optimize: 1
verbose: 1
snapshot: 0
display: 1
explore: 1
npt: 1
nptxy: 0
nptdxdy: 0
shape: 0
seed: 347118
127.743508050240 70.197743478629 0.866025403784 -0.500000000000
118.646586388945 -84.792462338226 0.866025403784 -0.500000000000
-35.273769885291 -32.408906785522 0.866025403784 0.500000000000
-51.463985509835 -13.226895715810 0.866025403784 -0.500000000000
45.330055908312 11.644214371312 0.866025403784 -0.500000000000
5.051147681893 9.689773588809 0.866025403784 0.500000000000
-3.405142297848 -44.538381357310 0.866025403784 -0.500000000000
-9.897070945364 83.300895359522 0.000000000000 1.000000000000
-43.992433271887 16.538125769320 0.866025403784 -0.500000000000
-82.388746712913 38.698709723866 0.000000000000 1.000000000000
89.737856469445 158.556632275610 0.866025403784 -0.500000000000
106.812065808248 -5.075888578872 0.866025403784 -0.500000000000
265.059073777503 -3.911668675405 0.866025403784 0.500000000000
-46.344547199938 16.114953743044 0.866025403784 0.500000000000
-72.298902432805 -23.219012226128 0.866025403784 0.500000000000
128.839138617797 111.704922197666 0.000000000000 1.000000000000
-28.432812329976 24.752192039441 0.000000000000 1.000000000000
62.908338617171 85.876481797672 0.866025403784 -0.500000000000
52.631913604488 -117.507736058586 0.000000000000 1.000000000000
87.199533435085 -89.677381766158 0.866025403784 0.500000000000
