#Configurational_file created 2018-09-14 11:12:31  started 2018-09-14 11:12:31 run for 0.0s steps 0
name: p_309
step: 10000
specie: 20
	particle_diameter: 1.0000000000000000
	interaction_length: 1.2000000000000000
	number_of_patches: 3
	number_of_particles_per_compound: 1
	rod_length: 1.0000000000000000
	interaction_matrix:  1.000000 1.000000 1.000000 1.000000 1.000000 1.000000 1.000000 1.000000 1.000000
	patch_type: symmetric
	patch_width: 8.0000000000000000
	patch_angle: 0.0000000000000000
	angles:  0.000000 0.000000 0.000000
	grand_canonical: 0
	chemical_potential: 0.0000000000000000
box: 10.482089 10.482089
copy: 1.000000 1.000000
epsilon: 0.1786360000000000
end_epsilon: 0.0000000000000000
pressure: 1.1429000000000000
lambda: 0.0000000000000000
lambda_coupling: 1.0000000000000000
uy: 0.0000000000000000
maximum_displacement: 1.0000000000000000
maximum_rotation: 1.0000000000000000
maximum_volume: 1.0000000000000000
maximum_shape: 0.0000001000000000
maximum_dsigma: 0.0100000000000000
mod: 10
pmod: 10
optimize: 1
verbose: 1
snapshot: 0
display: 1
explore: 1
npt: 1
nptxy: 0
nptdxdy: 0
shape: 0
seed: 352803
86.477783228544 -43.952554063963 0.000000000000 1.000000000000
196.313799274273 -45.199970706325 0.866025403784 0.500000000000
-21.786297466713 -9.320217899435 0.866025403784 -0.500000000000
48.089799783572 77.073145386059 0.866025403784 0.500000000000
-32.118735590441 59.557481356391 0.000000000000 1.000000000000
-18.266639322476 -115.428875934542 0.866025403784 -0.500000000000
-21.795830058804 -52.450605310281 0.866025403784 -0.500000000000
-84.685710231605 12.976285514323 0.866025403784 -0.500000000000
36.737226943483 96.337566387091 0.866025403784 -0.500000000000
-54.456063591232 -102.481459505315 0.866025403784 -0.500000000000
-31.005826803731 1.700834607056 0.000000000000 1.000000000000
-77.026923926448 88.258428122465 0.000000000000 1.000000000000
-47.048057063164 -24.198930424737 0.866025403784 -0.500000000000
-22.792847230965 -45.706387873797 0.866025403784 0.500000000000
-33.259333446974 -32.820936855482 0.866025403784 -0.500000000000
-67.062198476355 -14.352499487847 0.866025403784 -0.500000000000
-51.143888360745 111.982219950201 0.866025403784 0.500000000000
10.967564345602 4.153151771136 0.866025403784 -0.500000000000
117.445700054198 28.221183353424 0.866025403784 -0.500000000000
46.660344824441 46.992194913805 0.000000000000 1.000000000000
