#Configurational_file created 2018-09-14 11:12:30  started 2018-09-14 11:12:30 run for 0.0s steps 0
name: p_308
step: 10000
specie: 20
	particle_diameter: 1.0000000000000000
	interaction_length: 1.2000000000000000
	number_of_patches: 3
	number_of_particles_per_compound: 1
	rod_length: 1.0000000000000000
	interaction_matrix:  1.000000 1.000000 1.000000 1.000000 1.000000 1.000000 1.000000 1.000000 1.000000
	patch_type: symmetric
	patch_width: 8.0000000000000000
	patch_angle: 0.0000000000000000
	angles:  0.000000 0.000000 0.000000
	grand_canonical: 0
	chemical_potential: 0.0000000000000000
box: 11.527630 11.527630
copy: 1.000000 1.000000
epsilon: 0.1786360000000000
end_epsilon: 0.0000000000000000
pressure: 1.0000500000000001
lambda: 0.0000000000000000
lambda_coupling: 1.0000000000000000
uy: 0.0000000000000000
maximum_displacement: 1.0000000000000000
maximum_rotation: 1.0000000000000000
maximum_volume: 1.0000000000000000
maximum_shape: 0.0000001000000000
maximum_dsigma: 0.0100000000000000
mod: 10
pmod: 10
optimize: 1
verbose: 1
snapshot: 0
display: 1
explore: 1
npt: 1
nptxy: 0
nptdxdy: 0
shape: 0
seed: 351666
-3.494139343365 101.975577482635 0.866025403784 -0.500000000000
43.417178131095 -21.112899364645 0.000000000000 1.000000000000
33.050445598309 -64.984921213073 0.866025403784 -0.500000000000
-19.427838958117 5.065770165100 0.866025403784 -0.500000000000
-0.166903550461 61.797296682262 0.866025403784 0.500000000000
-65.447502432201 -31.648659013183 0.000000000000 1.000000000000
100.991120443952 23.233392356477 0.866025403784 0.500000000000
111.024683219015 -89.616387861609 0.866025403784 0.500000000000
60.032630108697 -89.963500820754 0.866025403784 0.500000000000
-114.849757964768 -59.607657076505 0.000000000000 1.000000000000
-97.350635117189 -35.529183525151 0.000000000000 1.000000000000
-30.722544745384 90.183202724480 0.866025403784 0.500000000000
-36.059438376956 102.846618568359 0.866025403784 0.500000000000
83.658111751478 8.534868730272 0.000000000000 1.000000000000
208.888174183718 -51.418146557149 0.866025403784 -0.500000000000
-12.688955869711 -100.566729074731 0.000000000000 1.000000000000
35.507279938038 48.263132332191 0.866025403784 0.500000000000
74.159216966649 45.761449812044 0.000000000000 1.000000000000
20.212549132699 -65.590131770865 0.866025403784 0.500000000000
44.050965285521 -42.236000949884 0.000000000000 1.000000000000
