#Configurational_file created 2018-09-14 11:12:25  started 2018-09-14 11:12:24 run for 1.0s steps 0
name: p_300
step: 10000
specie: 20
	particle_diameter: 1.0000000000000000
	interaction_length: 1.2000000000000000
	number_of_patches: 3
	number_of_particles_per_compound: 1
	rod_length: 1.0000000000000000
	interaction_matrix:  1.000000 1.000000 1.000000 1.000000 1.000000 1.000000 1.000000 1.000000 1.000000
	patch_type: symmetric
	patch_width: 8.0000000000000000
	patch_angle: 0.0000000000000000
	angles:  0.000000 0.000000 0.000000
	grand_canonical: 0
	chemical_potential: 0.0000000000000000
box: 9.925139 9.925139
copy: 1.000000 1.000000
epsilon: 0.1429290000000000
end_epsilon: 0.0000000000000000
pressure: 2.0000000000000000
lambda: 0.0000000000000000
lambda_coupling: 1.0000000000000000
uy: 0.0000000000000000
maximum_displacement: 1.0000000000000000
maximum_rotation: 1.0000000000000000
maximum_volume: 1.0000000000000000
maximum_shape: 0.0000001000000000
maximum_dsigma: 0.0100000000000000
mod: 10
pmod: 10
optimize: 1
verbose: 1
snapshot: 0
display: 1
explore: 1
npt: 1
nptxy: 0
nptdxdy: 0
shape: 0
seed: 342570
15.322582609539 94.924886691008 0.866025403784 -0.500000000000
-2.675168456711 54.999655601294 0.000000000000 1.000000000000
22.162362761073 -31.771851764473 0.866025403784 -0.500000000000
-61.103400577415 -68.101266389020 0.866025403784 0.500000000000
-126.881073615435 35.994171663974 0.000000000000 1.000000000000
-24.352379310962 81.519744043770 0.866025403784 -0.500000000000
-18.666164145424 29.781961085259 0.866025403784 -0.500000000000
-152.068100964747 -15.881364832250 0.866025403784 0.500000000000
-38.059888410491 -36.354051636799 0.866025403784 0.500000000000
-40.084859612252 33.324931868021 0.866025403784 -0.500000000000
79.921282947418 -100.952288701259 0.866025403784 0.500000000000
62.789037028514 -68.733417778752 0.866025403784 0.500000000000
13.271019176026 18.693068849053 0.866025403784 -0.500000000000
-45.881338800727 22.513324825868 0.866025403784 -0.500000000000
9.679677113403 -70.885799315739 0.866025403784 -0.500000000000
36.207308212937 18.290461200316 0.866025403784 -0.500000000000
-100.702743623540 -23.338560397747 0.866025403784 -0.500000000000
24.922639296005 -20.694162888215 0.866025403784 -0.500000000000
20.692732736485 -34.760740093858 0.000000000000 1.000000000000
126.450087804715 66.582286786554 0.866025403784 -0.500000000000
