#Configurational_file created 2018-09-14 11:12:28  started 2018-09-14 11:12:28 run for 0.0s steps 0
name: p_305
step: 10000
specie: 20
	particle_diameter: 1.0000000000000000
	interaction_length: 1.2000000000000000
	number_of_patches: 3
	number_of_particles_per_compound: 1
	rod_length: 1.0000000000000000
	interaction_matrix:  1.000000 1.000000 1.000000 1.000000 1.000000 1.000000 1.000000 1.000000 1.000000
	patch_type: symmetric
	patch_width: 8.0000000000000000
	patch_angle: 0.0000000000000000
	angles:  0.000000 0.000000 0.000000
	grand_canonical: 0
	chemical_potential: 0.0000000000000000
box: 13.520217 13.520217
copy: 1.000000 1.000000
epsilon: 0.1786360000000000
end_epsilon: 0.0000000000000000
pressure: 0.5715000000000000
lambda: 0.0000000000000000
lambda_coupling: 1.0000000000000000
uy: 0.0000000000000000
maximum_displacement: 1.0000000000000000
maximum_rotation: 1.0000000000000000
maximum_volume: 1.0000000000000000
maximum_shape: 0.0000001000000000
maximum_dsigma: 0.0100000000000000
mod: 10
pmod: 10
optimize: 1
verbose: 1
snapshot: 0
display: 1
explore: 1
npt: 1
nptxy: 0
nptdxdy: 0
shape: 0
seed: 348255
-10.351179363182 -19.826053698731 0.866025403784 -0.500000000000
-70.495472389095 -33.621797608694 0.866025403784 0.500000000000
107.501399832574 44.046705991089 0.866025403784 -0.500000000000
58.175964191161 -41.138691611274 0.866025403784 0.500000000000
66.919933166736 -51.228182224902 0.866025403784 0.500000000000
-73.422920845869 -96.467028664456 0.866025403784 -0.500000000000
136.761302073551 -87.379515310084 0.000000000000 1.000000000000
-125.917671029166 -157.619232738929 0.866025403784 0.500000000000
12.062123572420 -12.324467507031 0.866025403784 -0.500000000000
14.400518306650 -111.154826056197 0.866025403784 0.500000000000
138.063849864607 -126.744987768750 0.866025403784 -0.500000000000
132.073857980461 131.824242977963 0.000000000000 1.000000000000
34.531815116740 -41.380903646635 0.866025403784 -0.500000000000
221.718455668777 -167.640331605673 0.866025403784 -0.500000000000
-79.399830866853 66.550371185477 0.000000000000 1.000000000000
-36.020485645229 -105.964811274056 0.866025403784 0.500000000000
72.251511849026 -40.267977749986 0.866025403784 -0.500000000000
27.907516225975 177.104108673530 0.866025403784 -0.500000000000
34.909745918052 -66.698397155835 0.866025403784 -0.500000000000
-111.868523823697 1.102529598617 0.000000000000 1.000000000000
