#Configurational_file created 2018-09-14 11:12:30  started 2018-09-14 11:12:29 run for 1.0s steps 0
name: p_307
step: 10000
specie: 20
	particle_diameter: 1.0000000000000000
	interaction_length: 1.2000000000000000
	number_of_patches: 3
	number_of_particles_per_compound: 1
	rod_length: 1.0000000000000000
	interaction_matrix:  1.000000 1.000000 1.000000 1.000000 1.000000 1.000000 1.000000 1.000000 1.000000
	patch_type: symmetric
	patch_width: 8.0000000000000000
	patch_angle: 0.0000000000000000
	angles:  0.000000 0.000000 0.000000
	grand_canonical: 0
	chemical_potential: 0.0000000000000000
box: 13.203586 13.203586
copy: 1.000000 1.000000
epsilon: 0.1786360000000000
end_epsilon: 0.0000000000000000
pressure: 0.8572000000000000
lambda: 0.0000000000000000
lambda_coupling: 1.0000000000000000
uy: 0.0000000000000000
maximum_displacement: 1.0000000000000000
maximum_rotation: 1.0000000000000000
maximum_volume: 1.0000000000000000
maximum_shape: 0.0000001000000000
maximum_dsigma: 0.0100000000000000
mod: 10
pmod: 10
optimize: 1
verbose: 1
snapshot: 0
display: 1
explore: 1
npt: 1
nptxy: 0
nptdxdy: 0
shape: 0
seed: 350529
-33.583043574145 194.083678741222 0.866025403784 -0.500000000000
14.767419105499 -147.433815693969 0.866025403784 -0.500000000000
3.836001648080 -5.176204610459 0.866025403784 -0.500000000000
25.326153551060 -39.467081985914 0.866025403784 -0.500000000000
109.442712477569 32.475518657394 0.000000000000 1.000000000000
16.014737400586 249.709443170842 0.000000000000 1.000000000000
-5.277667304983 102.832463748186 0.866025403784 0.500000000000
17.238207580252 62.495789981459 0.866025403784 0.500000000000
-15.262758891267 -28.121744809427 0.866025403784 -0.500000000000
106.910471656289 -260.537181164023 0.000000000000 1.000000000000
22.179260335832 -29.765550589780 0.866025403784 0.500000000000
21.970987138698 146.046418827710 0.866025403784 -0.500000000000
41.196503358028 65.670694116383 0.000000000000 1.000000000000
52.306562841491 87.626663789011 0.866025403784 0.500000000000
65.557914280910 6.254093957092 0.866025403784 -0.500000000000
77.076131596374 -95.797088471800 0.000000000000 1.000000000000
-118.851153081582 53.821933789178 0.000000000000 1.000000000000
-66.740546321284 208.558543404465 0.000000000000 1.000000000000
44.778925621505 79.573385158966 0.866025403784 0.500000000000
155.669282111442 -97.459790157877 0.866025403784 -0.500000000000
