#Configurational_file created 2018-09-14 11:12:29  started 2018-09-14 11:12:28 run for 1.0s steps 0
name: p_306
step: 10000
specie: 20
	particle_diameter: 1.0000000000000000
	interaction_length: 1.2000000000000000
	number_of_patches: 3
	number_of_particles_per_compound: 1
	rod_length: 1.0000000000000000
	interaction_matrix:  1.000000 1.000000 1.000000 1.000000 1.000000 1.000000 1.000000 1.000000 1.000000
	patch_type: symmetric
	patch_width: 8.0000000000000000
	patch_angle: 0.0000000000000000
	angles:  0.000000 0.000000 0.000000
	grand_canonical: 0
	chemical_potential: 0.0000000000000000
box: 13.421360 13.421360
copy: 1.000000 1.000000
epsilon: 0.1786360000000000
end_epsilon: 0.0000000000000000
pressure: 0.7143500000000000
lambda: 0.0000000000000000
lambda_coupling: 1.0000000000000000
uy: 0.0000000000000000
maximum_displacement: 1.0000000000000000
maximum_rotation: 1.0000000000000000
maximum_volume: 1.0000000000000000
maximum_shape: 0.0000001000000000
maximum_dsigma: 0.0100000000000000
mod: 10
pmod: 10
optimize: 1
verbose: 1
snapshot: 0
display: 1
explore: 1
npt: 1
nptxy: 0
nptdxdy: 0
shape: 0
seed: 349392
132.017757431884 11.314229637345 0.866025403784 -0.500000000000
-32.747136856576 -48.468710434446 0.866025403784 0.500000000000
41.914917569492 -11.686450500656 0.866025403784 -0.500000000000
18.698581117878 -19.447473076673 0.866025403784 0.500000000000
-64.157262521553 14.112213188144 0.866025403784 -0.500000000000
-163.956859998718 32.332407868631 0.000000000000 1.000000000000
-96.334737580111 -25.314701983355 0.000000000000 1.000000000000
35.255609003327 -58.830719613582 0.000000000000 1.000000000000
69.003580833148 12.296590453339 0.866025403784 -0.500000000000
-23.842350806000 -97.348833546234 0.866025403784 0.500000000000
-11.828350956113 23.054370946663 0.866025403784 0.500000000000
52.216833503897 128.371435860634 0.000000000000 1.000000000000
-77.268121642179 101.380517696295 0.866025403784 0.500000000000
148.219389010044 49.521520006382 0.866025403784 -0.500000000000
26.070987533968 -92.348427363304 0.000000000000 1.000000000000
-53.842663345396 29.914936225324 0.000000000000 1.000000000000
90.241111167523 -54.340609690363 0.866025403784 -0.500000000000
-96.552672006531 12.238060029985 0.866025403784 -0.500000000000
25.836906010151 -21.854188165122 0.866025403784 -0.500000000000
80.801183113091 -26.465489501071 0.000000000000 1.000000000000
