#Configurational_file created 2018-09-14 11:12:25  started 2018-09-14 11:12:25 run for 0.0s steps 0
name: p_301
step: 10000
specie: 20
	particle_diameter: 1.0000000000000000
	interaction_length: 1.2000000000000000
	number_of_patches: 3
	number_of_particles_per_compound: 1
	rod_length: 1.0000000000000000
	interaction_matrix:  1.000000 1.000000 1.000000 1.000000 1.000000 1.000000 1.000000 1.000000 1.000000
	patch_type: symmetric
	patch_width: 8.0000000000000000
	patch_angle: 0.0000000000000000
	angles:  0.000000 0.000000 0.000000
	grand_canonical: 0
	chemical_potential: 0.0000000000000000
box: 46.909558 46.909558
copy: 1.000000 1.000000
epsilon: 0.1786360000000000
end_epsilon: 0.0000000000000000
pressure: 0.0001000000000000
lambda: 0.0000000000000000
lambda_coupling: 1.0000000000000000
uy: 0.0000000000000000
maximum_displacement: 1.0000000000000000
maximum_rotation: 1.0000000000000000
maximum_volume: 1.0000000000000000
maximum_shape: 0.0000001000000000
maximum_dsigma: 0.0100000000000000
mod: 10
pmod: 10
optimize: 1
verbose: 1
snapshot: 0
display: 1
explore: 1
npt: 1
nptxy: 0
nptdxdy: 0
shape: 0
seed: 343707
-75.544963830067 -31.227827892630 0.866025403784 -0.500000000000
329.768726133387 -29.752993965772 0.866025403784 0.500000000000
-33.561103570077 254.293676972586 0.866025403784 -0.500000000000
-63.656243137161 270.622169031702 0.866025403784 -0.500000000000
-71.726206700038 347.875747577698 0.866025403784 0.500000000000
122.672816242910 23.691219372091 0.866025403784 0.500000000000
-230.849259797672 -86.596264909700 0.000000000000 1.000000000000
-199.824655665313 82.533925493450 0.000000000000 1.000000000000
3.293162062901 -256.503586245336 0.866025403784 0.500000000000
214.520511863903 298.075551101001 0.866025403784 0.500000000000
-161.293717303411 -76.390605151413 0.866025403784 -0.500000000000
-207.544682866064 235.932114591774 0.866025403784 0.500000000000
142.818360203891 248.375211559406 0.866025403784 -0.500000000000
72.649736273590 35.369369311681 0.866025403784 -0.500000000000
156.034017546400 41.130999921557 0.000000000000 1.000000000000
255.461873062805 243.458261075264 0.000000000000 1.000000000000
-122.386016226166 234.826447606886 0.000000000000 1.000000000000
-64.090478320554 -295.801244386648 0.866025403784 -0.500000000000
-119.233298661880 87.570112278024 0.866025403784 0.500000000000
-34.559982110257 -29.091940318421 0.866025403784 0.500000000000
