#Configurational_file created 2018-09-11 16:58:18  started 2018-09-11 16:58:17 run for 1.0s steps 0
name: p_30
step: 10000
specie: 20
	particle_diameter: 1.0000000000000000
	interaction_length: 1.2000000000000000
	number_of_patches: 3
	number_of_particles_per_compound: 1
	rod_length: 1.0000000000000000
	interaction_matrix:  1.000000 1.000000 1.000000 1.000000 1.000000 1.000000 1.000000 1.000000 1.000000
	patch_type: symmetric
	patch_width: 8.0000000000000000
	patch_angle: 0.0000000000000000
	angles:  0.000000 0.000000 0.000000
	grand_canonical: 0
	chemical_potential: 0.0000000000000000
box: 53.577009 53.577009
copy: 1.000000 1.000000
epsilon: 0.0001000000000000
end_epsilon: 0.0000000000000000
pressure: 2.0000000000000000
lambda: 0.0000000000000000
lambda_coupling: 1.0000000000000000
uy: 0.0000000000000000
maximum_displacement: 1.0000000000000000
maximum_rotation: 1.0000000000000000
maximum_volume: 1.0000000000000000
maximum_shape: 0.0000001000000000
maximum_dsigma: 0.0100000000000000
mod: 10
pmod: 10
optimize: 1
verbose: 1
snapshot: 0
display: 1
explore: 1
npt: 1
nptxy: 0
nptdxdy: 0
shape: 0
seed: 36980
-121.714098596139 -25.065880986633 0.000000000000 1.000000000000
356.505420751826 125.398188387270 0.000000000000 1.000000000000
28.695815672526 176.843840661076 0.866025403784 -0.500000000000
260.499451905895 61.944929233514 0.000000000000 1.000000000000
-29.826341750580 -80.175357154667 0.866025403784 -0.500000000000
88.130870983505 94.757537905818 0.866025403784 0.500000000000
57.698023579091 -35.928247016427 0.866025403784 -0.500000000000
259.918585230480 -508.288290757034 0.866025403784 -0.500000000000
-178.316858032997 20.924711982855 0.000000000000 1.000000000000
125.456790561277 46.892694644282 0.866025403784 -0.500000000000
111.197057681480 -76.006309588747 0.000000000000 1.000000000000
314.457616412984 -165.463657351718 0.866025403784 0.500000000000
5.284182275159 -152.920997619672 0.000000000000 1.000000000000
-6.379568430704 -9.247142982391 0.000000000000 1.000000000000
-40.523010875784 276.289147740278 0.866025403784 0.500000000000
230.596624417408 120.430725875094 0.000000000000 1.000000000000
102.864849078290 34.721202816861 0.000000000000 1.000000000000
-133.266735141842 50.998715905467 0.866025403784 0.500000000000
-130.702780227688 12.540903699207 0.866025403784 0.500000000000
424.571992493357 252.604569377077 0.866025403784 -0.500000000000
