#Configurational_file created 2018-09-14 11:12:27  started 2018-09-14 11:12:26 run for 1.0s steps 0
name: p_303
step: 10000
specie: 20
	particle_diameter: 1.0000000000000000
	interaction_length: 1.2000000000000000
	number_of_patches: 3
	number_of_particles_per_compound: 1
	rod_length: 1.0000000000000000
	interaction_matrix:  1.000000 1.000000 1.000000 1.000000 1.000000 1.000000 1.000000 1.000000 1.000000
	patch_type: symmetric
	patch_width: 8.0000000000000000
	patch_angle: 0.0000000000000000
	angles:  0.000000 0.000000 0.000000
	grand_canonical: 0
	chemical_potential: 0.0000000000000000
box: 19.534097 19.534097
copy: 1.000000 1.000000
epsilon: 0.1786360000000000
end_epsilon: 0.0000000000000000
pressure: 0.2858000000000000
lambda: 0.0000000000000000
lambda_coupling: 1.0000000000000000
uy: 0.0000000000000000
maximum_displacement: 1.0000000000000000
maximum_rotation: 1.0000000000000000
maximum_volume: 1.0000000000000000
maximum_shape: 0.0000001000000000
maximum_dsigma: 0.0100000000000000
mod: 10
pmod: 10
optimize: 1
verbose: 1
snapshot: 0
display: 1
explore: 1
npt: 1
nptxy: 0
nptdxdy: 0
shape: 0
seed: 345981
65.095281341581 -52.672265767912 0.866025403784 -0.500000000000
-196.422910132949 -163.369657396547 0.000000000000 1.000000000000
106.584249571062 -69.084991264014 0.866025403784 0.500000000000
18.403778188343 -10.203273261555 0.866025403784 -0.500000000000
33.558602517002 -41.014151096479 0.000000000000 1.000000000000
-16.074045903531 43.385981410679 0.866025403784 0.500000000000
-168.535604150722 -21.523002164421 0.866025403784 0.500000000000
25.239324203545 -44.688208583648 0.866025403784 -0.500000000000
155.044413866457 43.618869588755 0.000000000000 1.000000000000
122.194593561516 -175.399428462228 0.866025403784 -0.500000000000
5.291356518388 82.599539060457 0.000000000000 1.000000000000
-58.310437813692 88.032567985610 0.000000000000 1.000000000000
-105.083708058022 39.188404264704 0.000000000000 1.000000000000
-47.382025458667 163.869971287770 0.000000000000 1.000000000000
-148.257738721684 5.370862337895 0.866025403784 -0.500000000000
95.343077065580 -163.645626774564 0.000000000000 1.000000000000
-91.787003190723 -158.901495585765 0.866025403784 0.500000000000
66.581541591701 223.991666273313 0.866025403784 -0.500000000000
88.781548479768 66.834559796682 0.866025403784 0.500000000000
156.912553722037 -112.353753210177 0.866025403784 -0.500000000000
