#Configurational_file created 2018-09-14 11:12:33  started 2018-09-14 11:12:32 run for 1.0s steps 0
name: p_311
step: 10000
specie: 20
	particle_diameter: 1.0000000000000000
	interaction_length: 1.2000000000000000
	number_of_patches: 3
	number_of_particles_per_compound: 1
	rod_length: 1.0000000000000000
	interaction_matrix:  1.000000 1.000000 1.000000 1.000000 1.000000 1.000000 1.000000 1.000000 1.000000
	patch_type: symmetric
	patch_width: 8.0000000000000000
	patch_angle: 0.0000000000000000
	angles:  0.000000 0.000000 0.000000
	grand_canonical: 0
	chemical_potential: 0.0000000000000000
box: 9.494510 9.494510
copy: 1.000000 1.000000
epsilon: 0.1786360000000000
end_epsilon: 0.0000000000000000
pressure: 1.4286000000000001
lambda: 0.0000000000000000
lambda_coupling: 1.0000000000000000
uy: 0.0000000000000000
maximum_displacement: 1.0000000000000000
maximum_rotation: 1.0000000000000000
maximum_volume: 1.0000000000000000
maximum_shape: 0.0000001000000000
maximum_dsigma: 0.0100000000000000
mod: 10
pmod: 10
optimize: 1
verbose: 1
snapshot: 0
display: 1
explore: 1
npt: 1
nptxy: 0
nptdxdy: 0
shape: 0
seed: 355077
-30.247072229345 17.068779619953 0.000000000000 1.000000000000
0.023377126347 -62.462161593644 0.866025403784 -0.500000000000
-53.264208959517 20.879177353849 0.000000000000 1.000000000000
14.463395922622 -34.541808212922 0.866025403784 0.500000000000
94.213891024559 -77.863342660901 0.000000000000 1.000000000000
-181.521004743750 43.618378876007 0.000000000000 1.000000000000
-54.667248284546 65.321604038524 0.866025403784 0.500000000000
-42.033176220619 53.056559451483 0.000000000000 1.000000000000
75.713885015436 -57.983998265727 0.866025403784 -0.500000000000
29.808673557509 -6.233908669149 0.866025403784 -0.500000000000
31.306659945732 82.117177757398 0.000000000000 1.000000000000
92.025967557334 -2.714702482640 0.866025403784 -0.500000000000
39.671792884045 96.368522842635 0.866025403784 -0.500000000000
81.464065658744 56.438581737789 0.000000000000 1.000000000000
55.174496923816 -48.253443051910 0.000000000000 1.000000000000
63.852619185724 20.402671595447 0.866025403784 -0.500000000000
-82.495867584481 -56.462424770963 0.000000000000 1.000000000000
90.696217833159 -93.823882516940 0.000000000000 1.000000000000
-58.759926717179 67.273586338808 0.866025403784 -0.500000000000
-38.402538875826 -121.956705349467 0.000000000000 1.000000000000
