#Configurational_file created 2018-09-14 11:12:37  started 2018-09-14 11:12:36 run for 1.0s steps 0
name: p_316
step: 10000
specie: 20
	particle_diameter: 1.0000000000000000
	interaction_length: 1.2000000000000000
	number_of_patches: 3
	number_of_particles_per_compound: 1
	rod_length: 1.0000000000000000
	interaction_matrix:  1.000000 1.000000 1.000000 1.000000 1.000000 1.000000 1.000000 1.000000 1.000000
	patch_type: symmetric
	patch_width: 8.0000000000000000
	patch_angle: 0.0000000000000000
	angles:  0.000000 0.000000 0.000000
	grand_canonical: 0
	chemical_potential: 0.0000000000000000
box: 45.795994 45.795994
copy: 1.000000 1.000000
epsilon: 0.2143430000000000
end_epsilon: 0.0000000000000000
pressure: 0.0001000000000000
lambda: 0.0000000000000000
lambda_coupling: 1.0000000000000000
uy: 0.0000000000000000
maximum_displacement: 1.0000000000000000
maximum_rotation: 1.0000000000000000
maximum_volume: 1.0000000000000000
maximum_shape: 0.0000001000000000
maximum_dsigma: 0.0100000000000000
mod: 10
pmod: 10
optimize: 1
verbose: 1
snapshot: 0
display: 1
explore: 1
npt: 1
nptxy: 0
nptdxdy: 0
shape: 0
seed: 360762
59.375444863417 174.659566858613 0.866025403784 0.500000000000
150.733690988885 30.226492841061 0.000000000000 1.000000000000
5.880881876024 148.068925297290 0.866025403784 -0.500000000000
-35.504841744066 -231.357598956968 0.000000000000 1.000000000000
254.896998827300 -99.346693438467 0.866025403784 0.500000000000
-149.615413915379 22.304727853790 0.866025403784 -0.500000000000
141.439829412797 -250.870336334144 0.866025403784 0.500000000000
97.859793582254 -64.373185595906 0.866025403784 0.500000000000
-15.461476348629 -173.046155397025 0.000000000000 1.000000000000
-117.447274054946 57.750887427072 0.866025403784 0.500000000000
204.330265057111 53.044648849310 0.866025403784 0.500000000000
4.907604288019 166.378683894429 0.866025403784 0.500000000000
-7.603341865878 318.632986222533 0.866025403784 -0.500000000000
-27.771846867210 -84.456104845793 0.866025403784 0.500000000000
41.780071101610 87.960249701526 0.866025403784 -0.500000000000
-269.051968079119 131.604215840610 0.000000000000 1.000000000000
-129.811062766899 -43.275143294858 0.000000000000 1.000000000000
283.028852096719 115.244041145056 0.866025403784 -0.500000000000
-111.008088720787 -290.124368598843 0.866025403784 0.500000000000
29.829950659362 432.811613390857 0.866025403784 -0.500000000000
