#Configurational_file created 2018-09-14 11:12:38  started 2018-09-14 11:12:38 run for 0.0s steps 0
name: p_318
step: 10000
specie: 20
	particle_diameter: 1.0000000000000000
	interaction_length: 1.2000000000000000
	number_of_patches: 3
	number_of_particles_per_compound: 1
	rod_length: 1.0000000000000000
	interaction_matrix:  1.000000 1.000000 1.000000 1.000000 1.000000 1.000000 1.000000 1.000000 1.000000
	patch_type: symmetric
	patch_width: 8.0000000000000000
	patch_angle: 0.0000000000000000
	angles:  0.000000 0.000000 0.000000
	grand_canonical: 0
	chemical_potential: 0.0000000000000000
box: 21.762779 21.762779
copy: 1.000000 1.000000
epsilon: 0.2143430000000000
end_epsilon: 0.0000000000000000
pressure: 0.2858000000000000
lambda: 0.0000000000000000
lambda_coupling: 1.0000000000000000
uy: 0.0000000000000000
maximum_displacement: 1.0000000000000000
maximum_rotation: 1.0000000000000000
maximum_volume: 1.0000000000000000
maximum_shape: 0.0000001000000000
maximum_dsigma: 0.0100000000000000
mod: 10
pmod: 10
optimize: 1
verbose: 1
snapshot: 0
display: 1
explore: 1
npt: 1
nptxy: 0
nptdxdy: 0
shape: 0
seed: 363036
-93.850344823634 24.676265470472 0.866025403784 0.500000000000
87.246619791512 -146.049337221517 0.000000000000 1.000000000000
-192.060049326919 143.513821945383 0.866025403784 0.500000000000
168.871403502927 -45.245914897791 0.000000000000 1.000000000000
105.187108962596 144.409638942111 0.866025403784 0.500000000000
160.410893629950 59.061809033209 0.866025403784 -0.500000000000
126.722694182970 -27.302318875397 0.000000000000 1.000000000000
3.424338879856 -59.934934937708 0.866025403784 -0.500000000000
34.151706967859 173.987576945121 0.000000000000 1.000000000000
-313.032843835290 101.527914018708 0.866025403784 -0.500000000000
45.765162483098 -312.950441785980 0.000000000000 1.000000000000
-134.342403336713 -124.727163493208 0.866025403784 -0.500000000000
84.882998381054 -185.688302186451 0.866025403784 0.500000000000
52.146031930666 -17.133244090183 0.866025403784 0.500000000000
-225.425498132646 -120.114960409227 0.866025403784 0.500000000000
1.292609766145 183.141151734365 0.866025403784 0.500000000000
-107.538839785318 28.900308740185 0.000000000000 1.000000000000
121.603207993569 -40.963537101777 0.866025403784 -0.500000000000
54.600998896842 172.128406402071 0.000000000000 1.000000000000
-29.908156624256 -97.064143040800 0.866025403784 0.500000000000
