#Configurational_file created 2018-09-14 11:12:34  started 2018-09-14 11:12:33 run for 1.0s steps 0
name: p_312
step: 10000
specie: 20
	particle_diameter: 1.0000000000000000
	interaction_length: 1.2000000000000000
	number_of_patches: 3
	number_of_particles_per_compound: 1
	rod_length: 1.0000000000000000
	interaction_matrix:  1.000000 1.000000 1.000000 1.000000 1.000000 1.000000 1.000000 1.000000 1.000000
	patch_type: symmetric
	patch_width: 8.0000000000000000
	patch_angle: 0.0000000000000000
	angles:  0.000000 0.000000 0.000000
	grand_canonical: 0
	chemical_potential: 0.0000000000000000
box: 10.338047 10.338047
copy: 1.000000 1.000000
epsilon: 0.1786360000000000
end_epsilon: 0.0000000000000000
pressure: 1.5714500000000000
lambda: 0.0000000000000000
lambda_coupling: 1.0000000000000000
uy: 0.0000000000000000
maximum_displacement: 1.0000000000000000
maximum_rotation: 1.0000000000000000
maximum_volume: 1.0000000000000000
maximum_shape: 0.0000001000000000
maximum_dsigma: 0.0100000000000000
mod: 10
pmod: 10
optimize: 1
verbose: 1
snapshot: 0
display: 1
explore: 1
npt: 1
nptxy: 0
nptdxdy: 0
shape: 0
seed: 356214
89.439099061341 -61.288673489829 0.866025403784 0.500000000000
-27.121596807494 61.063650521200 0.866025403784 0.500000000000
63.495245515746 -184.497967863859 0.866025403784 0.500000000000
69.430572879929 6.420733989515 0.000000000000 1.000000000000
-25.251595800038 24.647079960846 0.866025403784 -0.500000000000
123.441005680800 96.910406921429 0.866025403784 0.500000000000
120.130519452209 123.308017860211 0.866025403784 -0.500000000000
4.098300166582 -7.767260043766 0.866025403784 0.500000000000
-23.736947326238 -50.224894894921 0.866025403784 -0.500000000000
-38.156246305251 76.853829843535 0.000000000000 1.000000000000
33.015157422533 -20.123803888074 0.000000000000 1.000000000000
163.828621277760 41.695305775197 0.866025403784 -0.500000000000
114.314394023448 15.782641800573 0.866025403784 0.500000000000
-22.483125587113 -68.118142640622 0.866025403784 0.500000000000
-93.264782624550 0.935782994189 0.866025403784 -0.500000000000
99.934964693750 71.813088391862 0.000000000000 1.000000000000
56.383813410866 -73.111417981624 0.000000000000 1.000000000000
-4.947980192375 -23.997744888159 0.000000000000 1.000000000000
12.595307462740 -21.951660676833 0.000000000000 1.000000000000
-78.329698360869 26.420442547981 0.866025403784 0.500000000000
