#Configurational_file created 2018-09-14 11:12:35  started 2018-09-14 11:12:35 run for 0.0s steps 0
name: p_314
step: 10000
specie: 20
	particle_diameter: 1.0000000000000000
	interaction_length: 1.2000000000000000
	number_of_patches: 3
	number_of_particles_per_compound: 1
	rod_length: 1.0000000000000000
	interaction_matrix:  1.000000 1.000000 1.000000 1.000000 1.000000 1.000000 1.000000 1.000000 1.000000
	patch_type: symmetric
	patch_width: 8.0000000000000000
	patch_angle: 0.0000000000000000
	angles:  0.000000 0.000000 0.000000
	grand_canonical: 0
	chemical_potential: 0.0000000000000000
box: 10.354891 10.354891
copy: 1.000000 1.000000
epsilon: 0.1786360000000000
end_epsilon: 0.0000000000000000
pressure: 1.8571500000000001
lambda: 0.0000000000000000
lambda_coupling: 1.0000000000000000
uy: 0.0000000000000000
maximum_displacement: 1.0000000000000000
maximum_rotation: 1.0000000000000000
maximum_volume: 1.0000000000000000
maximum_shape: 0.0000001000000000
maximum_dsigma: 0.0100000000000000
mod: 10
pmod: 10
optimize: 1
verbose: 1
snapshot: 0
display: 1
explore: 1
npt: 1
nptxy: 0
nptdxdy: 0
shape: 0
seed: 358488
64.073395914255 -11.683805438256 0.866025403784 0.500000000000
55.622695483752 -24.993702942318 0.000000000000 1.000000000000
10.959043354959 -21.091683757546 0.866025403784 -0.500000000000
-187.170474408165 233.183764690685 0.866025403784 0.500000000000
-70.594405420575 95.692674566361 0.866025403784 0.500000000000
18.606251441715 104.358338417391 0.866025403784 0.500000000000
-52.625238737205 173.410137886070 0.866025403784 0.500000000000
9.226363436127 -25.017173504828 0.866025403784 -0.500000000000
44.122481348917 64.925454560829 0.866025403784 -0.500000000000
68.606832427859 62.345455524803 0.000000000000 1.000000000000
9.705610591978 -103.882269722024 0.866025403784 -0.500000000000
-38.824883308701 -30.726100387890 0.866025403784 -0.500000000000
-108.975218745693 -49.732998711189 0.000000000000 1.000000000000
31.632821388547 99.101976676090 0.866025403784 0.500000000000
-184.714067082298 5.687932157622 0.866025403784 -0.500000000000
-25.962612871312 52.021238876415 0.866025403784 -0.500000000000
-167.216926270794 61.821922570019 0.866025403784 0.500000000000
-122.358793121831 -48.096758067572 0.866025403784 -0.500000000000
-197.572950499247 2.187451469692 0.866025403784 0.500000000000
47.370298007939 -116.910664143190 0.866025403784 0.500000000000
