#Configurational_file created 2018-09-14 11:12:36  started 2018-09-14 11:12:35 run for 1.0s steps 0
name: p_315
step: 10000
specie: 20
	particle_diameter: 1.0000000000000000
	interaction_length: 1.2000000000000000
	number_of_patches: 3
	number_of_particles_per_compound: 1
	rod_length: 1.0000000000000000
	interaction_matrix:  1.000000 1.000000 1.000000 1.000000 1.000000 1.000000 1.000000 1.000000 1.000000
	patch_type: symmetric
	patch_width: 8.0000000000000000
	patch_angle: 0.0000000000000000
	angles:  0.000000 0.000000 0.000000
	grand_canonical: 0
	chemical_potential: 0.0000000000000000
box: 9.379330 9.379330
copy: 1.000000 1.000000
epsilon: 0.1786360000000000
end_epsilon: 0.0000000000000000
pressure: 2.0000000000000000
lambda: 0.0000000000000000
lambda_coupling: 1.0000000000000000
uy: 0.0000000000000000
maximum_displacement: 1.0000000000000000
maximum_rotation: 1.0000000000000000
maximum_volume: 1.0000000000000000
maximum_shape: 0.0000001000000000
maximum_dsigma: 0.0100000000000000
mod: 10
pmod: 10
optimize: 1
verbose: 1
snapshot: 0
display: 1
explore: 1
npt: 1
nptxy: 0
nptdxdy: 0
shape: 0
seed: 359625
50.458968317836 -18.209808202499 0.866025403784 -0.500000000000
-109.205791267160 80.530742880730 0.866025403784 0.500000000000
-11.774887302561 -37.677948333908 0.866025403784 0.500000000000
104.023997133425 -50.339998488315 0.866025403784 0.500000000000
-45.987378560278 -26.033323889662 0.866025403784 -0.500000000000
-16.435172728663 -63.011768607130 0.000000000000 1.000000000000
120.830761406517 -27.824005648017 0.000000000000 1.000000000000
-23.918534415222 -7.526462237426 0.866025403784 -0.500000000000
-77.760869109799 4.170922177504 0.866025403784 -0.500000000000
51.633287610858 -84.232327811889 0.000000000000 1.000000000000
1.990493144862 -80.403356738482 0.866025403784 -0.500000000000
-19.040319408892 -41.498383686526 0.866025403784 -0.500000000000
-47.517143112234 67.824076539514 0.866025403784 -0.500000000000
-45.071842419954 -59.420448200383 0.000000000000 1.000000000000
5.542477399471 -128.421955129623 0.000000000000 1.000000000000
70.985672089637 70.437823620825 0.866025403784 0.500000000000
81.124724959988 69.394548882985 0.866025403784 0.500000000000
134.828317941604 -50.090166871450 0.866025403784 -0.500000000000
2.002511412747 -71.867694867961 0.866025403784 0.500000000000
-18.832639427568 -102.598878150796 0.000000000000 1.000000000000
