#Configurational_file created 2018-09-14 11:12:38  started 2018-09-14 11:12:37 run for 1.0s steps 0
name: p_317
step: 10000
specie: 20
	particle_diameter: 1.0000000000000000
	interaction_length: 1.2000000000000000
	number_of_patches: 3
	number_of_particles_per_compound: 1
	rod_length: 1.0000000000000000
	interaction_matrix:  1.000000 1.000000 1.000000 1.000000 1.000000 1.000000 1.000000 1.000000 1.000000
	patch_type: symmetric
	patch_width: 8.0000000000000000
	patch_angle: 0.0000000000000000
	angles:  0.000000 0.000000 0.000000
	grand_canonical: 0
	chemical_potential: 0.0000000000000000
box: 26.902503 26.902503
copy: 1.000000 1.000000
epsilon: 0.2143430000000000
end_epsilon: 0.0000000000000000
pressure: 0.1429500000000000
lambda: 0.0000000000000000
lambda_coupling: 1.0000000000000000
uy: 0.0000000000000000
maximum_displacement: 1.0000000000000000
maximum_rotation: 1.0000000000000000
maximum_volume: 1.0000000000000000
maximum_shape: 0.0000001000000000
maximum_dsigma: 0.0100000000000000
mod: 10
pmod: 10
optimize: 1
verbose: 1
snapshot: 0
display: 1
explore: 1
npt: 1
nptxy: 0
nptdxdy: 0
shape: 0
seed: 361899
31.749299085915 -95.806074332824 0.866025403784 -0.500000000000
-40.371209926604 -25.917430777147 0.866025403784 -0.500000000000
-66.157617860691 74.823735332637 0.866025403784 -0.500000000000
-80.158760111317 107.686007276951 0.866025403784 0.500000000000
-51.837917997228 -78.542737164951 0.866025403784 0.500000000000
197.094153241049 4.385399648470 0.000000000000 1.000000000000
57.402812587831 24.644790091616 0.866025403784 0.500000000000
113.931254432325 -293.935813887099 0.866025403784 -0.500000000000
-129.545106665408 160.674546213262 0.866025403784 0.500000000000
24.370097516041 36.416334142616 0.866025403784 0.500000000000
-134.831697052333 -139.423355899434 0.000000000000 1.000000000000
39.068636576734 -88.851884648446 0.866025403784 -0.500000000000
107.266247476864 -37.923119494155 0.866025403784 0.500000000000
4.567842442007 -59.813672513103 0.000000000000 1.000000000000
32.481813379413 -31.361416393528 0.866025403784 -0.500000000000
-53.495200257862 141.207510865952 0.000000000000 1.000000000000
176.346073975612 142.339943831483 0.866025403784 -0.500000000000
-86.745108644708 57.039723359981 0.866025403784 0.500000000000
-82.747966096632 93.836137878371 0.866025403784 0.500000000000
126.454895947919 136.357286045058 0.000000000000 1.000000000000
