#Configurational_file created 2018-09-14 11:12:35  started 2018-09-14 11:12:34 run for 1.0s steps 0
name: p_313
step: 10000
specie: 20
	particle_diameter: 1.0000000000000000
	interaction_length: 1.2000000000000000
	number_of_patches: 3
	number_of_particles_per_compound: 1
	rod_length: 1.0000000000000000
	interaction_matrix:  1.000000 1.000000 1.000000 1.000000 1.000000 1.000000 1.000000 1.000000 1.000000
	patch_type: symmetric
	patch_width: 8.0000000000000000
	patch_angle: 0.0000000000000000
	angles:  0.000000 0.000000 0.000000
	grand_canonical: 0
	chemical_potential: 0.0000000000000000
box: 8.738775 8.738775
copy: 1.000000 1.000000
epsilon: 0.1786360000000000
end_epsilon: 0.0000000000000000
pressure: 1.7142999999999999
lambda: 0.0000000000000000
lambda_coupling: 1.0000000000000000
uy: 0.0000000000000000
maximum_displacement: 1.0000000000000000
maximum_rotation: 1.0000000000000000
maximum_volume: 1.0000000000000000
maximum_shape: 0.0000001000000000
maximum_dsigma: 0.0100000000000000
mod: 10
pmod: 10
optimize: 1
verbose: 1
snapshot: 0
display: 1
explore: 1
npt: 1
nptxy: 0
nptdxdy: 0
shape: 0
seed: 357351
85.980334920464 -17.428773227751 0.000000000000 1.000000000000
18.253938239330 -66.553643555664 0.000000000000 1.000000000000
11.310729182329 17.913342488172 0.000000000000 1.000000000000
64.064634765265 -53.201349650512 0.000000000000 1.000000000000
134.714315162672 21.311713486811 0.866025403784 0.500000000000
-69.508380350706 30.524174858343 0.000000000000 1.000000000000
24.132132505577 101.247218029697 0.000000000000 1.000000000000
84.875642748987 124.506927917478 0.000000000000 1.000000000000
57.647594988345 23.147376061184 0.866025403784 0.500000000000
116.569331796678 -85.192484712201 0.000000000000 1.000000000000
41.849594235679 67.770084140812 0.866025403784 0.500000000000
-83.074139459084 67.678182805682 0.866025403784 -0.500000000000
123.270444606901 -43.963948396923 0.866025403784 -0.500000000000
28.121037099755 45.220357618123 0.866025403784 -0.500000000000
-88.687078633766 3.376981669162 0.866025403784 0.500000000000
94.965222973367 105.350496390696 0.866025403784 -0.500000000000
50.425696966354 -27.634199472592 0.866025403784 -0.500000000000
-46.314635653215 -31.480716930466 0.866025403784 0.500000000000
124.235907295070 -71.849664563685 0.866025403784 0.500000000000
19.145876419779 215.016414643368 0.000000000000 1.000000000000
