#Configurational_file created 2018-09-14 11:12:39  started 2018-09-14 11:12:38 run for 1.0s steps 0
name: p_319
step: 10000
specie: 20
	particle_diameter: 1.0000000000000000
	interaction_length: 1.2000000000000000
	number_of_patches: 3
	number_of_particles_per_compound: 1
	rod_length: 1.0000000000000000
	interaction_matrix:  1.000000 1.000000 1.000000 1.000000 1.000000 1.000000 1.000000 1.000000 1.000000
	patch_type: symmetric
	patch_width: 8.0000000000000000
	patch_angle: 0.0000000000000000
	angles:  0.000000 0.000000 0.000000
	grand_canonical: 0
	chemical_potential: 0.0000000000000000
box: 15.085337 15.085337
copy: 1.000000 1.000000
epsilon: 0.2143430000000000
end_epsilon: 0.0000000000000000
pressure: 0.4286500000000000
lambda: 0.0000000000000000
lambda_coupling: 1.0000000000000000
uy: 0.0000000000000000
maximum_displacement: 1.0000000000000000
maximum_rotation: 1.0000000000000000
maximum_volume: 1.0000000000000000
maximum_shape: 0.0000001000000000
maximum_dsigma: 0.0100000000000000
mod: 10
pmod: 10
optimize: 1
verbose: 1
snapshot: 0
display: 1
explore: 1
npt: 1
nptxy: 0
nptdxdy: 0
shape: 0
seed: 364173
93.881326404814 50.476136059968 0.866025403784 -0.500000000000
-4.701898935406 149.111072623621 0.866025403784 -0.500000000000
35.341773311179 48.330638978575 0.866025403784 -0.500000000000
92.357812167383 -116.348734557792 0.000000000000 1.000000000000
47.571042484347 -22.983594782236 0.866025403784 -0.500000000000
6.928087050961 -96.642219424274 0.866025403784 0.500000000000
-103.276573247523 -20.861208417710 0.866025403784 0.500000000000
125.718190376802 51.348287884347 0.000000000000 1.000000000000
5.320939470488 24.846326846676 0.000000000000 1.000000000000
-21.811563703635 -156.621469638657 0.866025403784 0.500000000000
-66.371863232879 33.212854842610 0.866025403784 -0.500000000000
145.266250272604 -53.513072789103 0.000000000000 1.000000000000
205.538947118488 -64.754751370549 0.000000000000 1.000000000000
65.514182527858 0.164187014030 0.866025403784 0.500000000000
11.780118553208 -42.220476901484 0.000000000000 1.000000000000
139.951304075662 -6.021042877240 0.000000000000 1.000000000000
-78.535396668439 -61.112424754742 0.866025403784 -0.500000000000
166.461834224584 -8.719555729131 0.866025403784 -0.500000000000
-36.045600697353 26.274423551925 0.866025403784 0.500000000000
-16.938558423583 16.541085569611 0.866025403784 -0.500000000000
