#Configurational_file created 2018-09-11 16:58:19  started 2018-09-11 16:58:18 run for 1.0s steps 0
name: p_31
step: 10000
specie: 20
	particle_diameter: 1.0000000000000000
	interaction_length: 1.2000000000000000
	number_of_patches: 3
	number_of_particles_per_compound: 1
	rod_length: 1.0000000000000000
	interaction_matrix:  1.000000 1.000000 1.000000 1.000000 1.000000 1.000000 1.000000 1.000000 1.000000
	patch_type: symmetric
	patch_width: 8.0000000000000000
	patch_angle: 0.0000000000000000
	angles:  0.000000 0.000000 0.000000
	grand_canonical: 0
	chemical_potential: 0.0000000000000000
box: 52.684093 52.684093
copy: 1.000000 1.000000
epsilon: 0.2500750000000000
end_epsilon: 0.0000000000000000
pressure: 0.0001000000000000
lambda: 0.0000000000000000
lambda_coupling: 1.0000000000000000
uy: 0.0000000000000000
maximum_displacement: 1.0000000000000000
maximum_rotation: 1.0000000000000000
maximum_volume: 1.0000000000000000
maximum_shape: 0.0000001000000000
maximum_dsigma: 0.0100000000000000
mod: 10
pmod: 10
optimize: 1
verbose: 1
snapshot: 0
display: 1
explore: 1
npt: 1
nptxy: 0
nptdxdy: 0
shape: 0
seed: 38117
171.720831502120 -57.995164856590 0.000000000000 1.000000000000
165.509765535148 196.803439848507 0.866025403784 -0.500000000000
98.274348049772 245.616559122739 0.000000000000 1.000000000000
-38.169493846406 -187.974341052100 0.000000000000 1.000000000000
-121.296854759830 -52.150815581174 0.000000000000 1.000000000000
368.140764838167 56.621619164346 0.000000000000 1.000000000000
410.735497060854 70.954676075727 0.866025403784 -0.500000000000
194.577758590419 296.249888828455 0.866025403784 -0.500000000000
-103.627310354261 134.924598874225 0.866025403784 0.500000000000
107.429338877236 164.003882433463 0.866025403784 0.500000000000
87.792007145553 106.080430258486 0.000000000000 1.000000000000
116.741672093536 -105.032862751247 0.866025403784 -0.500000000000
248.393754660309 84.121662966821 0.866025403784 0.500000000000
-177.664091700653 110.399582101804 0.866025403784 0.500000000000
26.547432865784 97.353538940830 0.866025403784 0.500000000000
-64.165098479630 -1.949337004752 0.866025403784 0.500000000000
-229.810748064867 -83.698755362446 0.866025403784 0.500000000000
115.245129569840 244.566027128574 0.000000000000 1.000000000000
16.109485877857 94.817447954376 0.000000000000 1.000000000000
47.632535331321 -56.145679173650 0.866025403784 -0.500000000000
