#Configurational_file created 2018-09-14 11:12:32  started 2018-09-14 11:12:31 run for 1.0s steps 0
name: p_310
step: 10000
specie: 20
	particle_diameter: 1.0000000000000000
	interaction_length: 1.2000000000000000
	number_of_patches: 3
	number_of_particles_per_compound: 1
	rod_length: 1.0000000000000000
	interaction_matrix:  1.000000 1.000000 1.000000 1.000000 1.000000 1.000000 1.000000 1.000000 1.000000
	patch_type: symmetric
	patch_width: 8.0000000000000000
	patch_angle: 0.0000000000000000
	angles:  0.000000 0.000000 0.000000
	grand_canonical: 0
	chemical_potential: 0.0000000000000000
box: 10.934557 10.934557
copy: 1.000000 1.000000
epsilon: 0.1786360000000000
end_epsilon: 0.0000000000000000
pressure: 1.2857499999999999
lambda: 0.0000000000000000
lambda_coupling: 1.0000000000000000
uy: 0.0000000000000000
maximum_displacement: 1.0000000000000000
maximum_rotation: 1.0000000000000000
maximum_volume: 1.0000000000000000
maximum_shape: 0.0000001000000000
maximum_dsigma: 0.0100000000000000
mod: 10
pmod: 10
optimize: 1
verbose: 1
snapshot: 0
display: 1
explore: 1
npt: 1
nptxy: 0
nptdxdy: 0
shape: 0
seed: 353940
12.506482584704 -96.964565597480 0.866025403784 -0.500000000000
-3.287438495096 -25.436248215216 0.866025403784 -0.500000000000
-67.741712693502 85.949497152469 0.000000000000 1.000000000000
-138.242613312832 -13.993199185524 0.000000000000 1.000000000000
40.569010743346 -1.853859426518 0.000000000000 1.000000000000
-2.828889650123 5.293588050204 0.866025403784 -0.500000000000
122.882972862922 -11.674007337436 0.866025403784 -0.500000000000
7.221478321036 -139.735719535317 0.000000000000 1.000000000000
-8.571527818294 112.287530880687 0.866025403784 -0.500000000000
-89.176237494555 46.027896881034 0.866025403784 0.500000000000
102.500691908372 77.894770792599 0.866025403784 0.500000000000
85.946697753799 26.998937081097 0.866025403784 -0.500000000000
27.778264142621 31.579349507904 0.866025403784 0.500000000000
54.940468888529 63.034656313881 0.866025403784 -0.500000000000
-29.974319824285 30.972318067320 0.866025403784 -0.500000000000
58.632937075777 69.557042942264 0.000000000000 1.000000000000
-88.112412831490 138.928275805044 0.000000000000 1.000000000000
11.117010289090 -15.843611212579 0.866025403784 0.500000000000
105.088369313124 -36.625231082198 0.866025403784 0.500000000000
6.172617151841 58.463753859582 0.866025403784 -0.500000000000
