#Configurational_file created 2018-09-14 11:12:45  started 2018-09-14 11:12:45 run for 0.0s steps 0
name: p_327
step: 10000
specie: 20
	particle_diameter: 1.0000000000000000
	interaction_length: 1.2000000000000000
	number_of_patches: 3
	number_of_particles_per_compound: 1
	rod_length: 1.0000000000000000
	interaction_matrix:  1.000000 1.000000 1.000000 1.000000 1.000000 1.000000 1.000000 1.000000 1.000000
	patch_type: symmetric
	patch_width: 8.0000000000000000
	patch_angle: 0.0000000000000000
	angles:  0.000000 0.000000 0.000000
	grand_canonical: 0
	chemical_potential: 0.0000000000000000
box: 9.776485 9.776485
copy: 1.000000 1.000000
epsilon: 0.2143430000000000
end_epsilon: 0.0000000000000000
pressure: 1.5714500000000000
lambda: 0.0000000000000000
lambda_coupling: 1.0000000000000000
uy: 0.0000000000000000
maximum_displacement: 1.0000000000000000
maximum_rotation: 1.0000000000000000
maximum_volume: 1.0000000000000000
maximum_shape: 0.0000001000000000
maximum_dsigma: 0.0100000000000000
mod: 10
pmod: 10
optimize: 1
verbose: 1
snapshot: 0
display: 1
explore: 1
npt: 1
nptxy: 0
nptdxdy: 0
shape: 0
seed: 373269
-68.951425671476 -27.083029566880 0.866025403784 0.500000000000
52.783665079536 73.738977514015 0.866025403784 -0.500000000000
31.232909393242 26.566897970505 0.000000000000 1.000000000000
147.414415090864 -53.728725857471 0.866025403784 -0.500000000000
-26.556616094097 -16.405630038448 0.000000000000 1.000000000000
66.655914786980 39.316916367978 0.000000000000 1.000000000000
97.391107652904 -18.745722371904 0.000000000000 1.000000000000
51.753577338672 76.469023347449 0.000000000000 1.000000000000
18.164472708196 -5.912179353767 0.866025403784 0.500000000000
75.187528571491 -62.539133624920 0.000000000000 1.000000000000
30.155864895919 67.776213085238 0.866025403784 0.500000000000
71.323812334164 5.218394315865 0.000000000000 1.000000000000
-27.654756703368 47.095828576089 0.866025403784 -0.500000000000
-57.693153070127 -8.985256876335 0.000000000000 1.000000000000
142.670925110140 72.104107898714 0.866025403784 -0.500000000000
43.508627808176 -28.507012117301 0.000000000000 1.000000000000
22.517950381489 -28.501857481420 0.866025403784 0.500000000000
90.658090131354 116.442975014850 0.866025403784 -0.500000000000
-53.412673766756 60.623326645541 0.866025403784 -0.500000000000
16.089063687507 -49.083821468588 0.866025403784 0.500000000000
