#Configurational_file created 2018-09-14 11:12:47  started 2018-09-14 11:12:46 run for 1.0s steps 0
name: p_329
step: 10000
specie: 20
	particle_diameter: 1.0000000000000000
	interaction_length: 1.2000000000000000
	number_of_patches: 3
	number_of_particles_per_compound: 1
	rod_length: 1.0000000000000000
	interaction_matrix:  1.000000 1.000000 1.000000 1.000000 1.000000 1.000000 1.000000 1.000000 1.000000
	patch_type: symmetric
	patch_width: 8.0000000000000000
	patch_angle: 0.0000000000000000
	angles:  0.000000 0.000000 0.000000
	grand_canonical: 0
	chemical_potential: 0.0000000000000000
box: 8.436643 8.436643
copy: 1.000000 1.000000
epsilon: 0.2143430000000000
end_epsilon: 0.0000000000000000
pressure: 1.8571500000000001
lambda: 0.0000000000000000
lambda_coupling: 1.0000000000000000
uy: 0.0000000000000000
maximum_displacement: 1.0000000000000000
maximum_rotation: 1.0000000000000000
maximum_volume: 1.0000000000000000
maximum_shape: 0.0000001000000000
maximum_dsigma: 0.0100000000000000
mod: 10
pmod: 10
optimize: 1
verbose: 1
snapshot: 0
display: 1
explore: 1
npt: 1
nptxy: 0
nptdxdy: 0
shape: 0
seed: 375543
73.180144176741 -78.714790906261 0.866025403784 -0.500000000000
-9.178158117160 50.389539903161 0.866025403784 0.500000000000
-13.134596998541 70.874484298868 0.000000000000 1.000000000000
121.685869658565 24.828315115654 0.866025403784 0.500000000000
-18.588077780438 75.509009052343 0.866025403784 -0.500000000000
-10.143217690215 63.045912891075 0.866025403784 -0.500000000000
-61.220877108952 40.890720822986 0.000000000000 1.000000000000
-65.202392215385 30.441150661916 0.866025403784 0.500000000000
-14.329013035763 -7.632079280065 0.000000000000 1.000000000000
19.846137575702 -44.550600958013 0.866025403784 0.500000000000
19.992731982312 -30.611180956230 0.866025403784 -0.500000000000
-31.973090796855 -27.153945710407 0.866025403784 -0.500000000000
-43.781182651684 -69.827819832714 0.000000000000 1.000000000000
26.600975609879 43.384151522386 0.866025403784 0.500000000000
15.621682660484 -6.017591374817 0.866025403784 0.500000000000
-47.071405093451 -155.863277924799 0.866025403784 -0.500000000000
122.956408426908 -20.055481786685 0.000000000000 1.000000000000
34.608667591821 -51.852879725663 0.866025403784 -0.500000000000
-83.338711600851 21.409036395986 0.000000000000 1.000000000000
46.448828542258 -86.691024588552 0.866025403784 -0.500000000000
