#Configurational_file created 2018-09-14 11:12:46  started 2018-09-14 11:12:45 run for 1.0s steps 0
name: p_328
step: 10000
specie: 20
	particle_diameter: 1.0000000000000000
	interaction_length: 1.2000000000000000
	number_of_patches: 3
	number_of_particles_per_compound: 1
	rod_length: 1.0000000000000000
	interaction_matrix:  1.000000 1.000000 1.000000 1.000000 1.000000 1.000000 1.000000 1.000000 1.000000
	patch_type: symmetric
	patch_width: 8.0000000000000000
	patch_angle: 0.0000000000000000
	angles:  0.000000 0.000000 0.000000
	grand_canonical: 0
	chemical_potential: 0.0000000000000000
box: 9.626684 9.626684
copy: 1.000000 1.000000
epsilon: 0.2143430000000000
end_epsilon: 0.0000000000000000
pressure: 1.7142999999999999
lambda: 0.0000000000000000
lambda_coupling: 1.0000000000000000
uy: 0.0000000000000000
maximum_displacement: 1.0000000000000000
maximum_rotation: 1.0000000000000000
maximum_volume: 1.0000000000000000
maximum_shape: 0.0000001000000000
maximum_dsigma: 0.0100000000000000
mod: 10
pmod: 10
optimize: 1
verbose: 1
snapshot: 0
display: 1
explore: 1
npt: 1
nptxy: 0
nptdxdy: 0
shape: 0
seed: 374406
105.131906440565 -139.490022383207 0.866025403784 0.500000000000
28.209503850065 146.192152963893 0.866025403784 0.500000000000
64.303900809173 117.867709980680 0.000000000000 1.000000000000
44.408260163123 90.033968476598 0.000000000000 1.000000000000
0.054539012155 37.813428598680 0.000000000000 1.000000000000
-0.646683494876 28.991885885295 0.866025403784 -0.500000000000
109.539160975323 -88.846868581863 0.866025403784 0.500000000000
77.142651348937 35.297786462094 0.000000000000 1.000000000000
20.555075827681 87.542582865801 0.866025403784 -0.500000000000
128.941071421519 -17.501124558398 0.000000000000 1.000000000000
-59.976071791729 -29.390359040507 0.866025403784 0.500000000000
-100.519496443792 4.455402739257 0.866025403784 0.500000000000
-35.681995175164 118.830527185451 0.866025403784 -0.500000000000
-205.580973706399 -107.767065586437 0.866025403784 0.500000000000
44.374614724672 -46.869995606442 0.866025403784 0.500000000000
-121.601103273032 21.298984366996 0.866025403784 -0.500000000000
-64.506023163883 -76.860569463428 0.866025403784 -0.500000000000
80.616964967178 -0.591573904867 0.000000000000 1.000000000000
97.384953294407 -159.495748656483 0.000000000000 1.000000000000
11.126886326851 -23.228216895641 0.866025403784 0.500000000000
