#Configurational_file created 2018-09-14 11:12:41  started 2018-09-14 11:12:41 run for 0.0s steps 0
name: p_322
step: 10000
specie: 20
	particle_diameter: 1.0000000000000000
	interaction_length: 1.2000000000000000
	number_of_patches: 3
	number_of_particles_per_compound: 1
	rod_length: 1.0000000000000000
	interaction_matrix:  1.000000 1.000000 1.000000 1.000000 1.000000 1.000000 1.000000 1.000000 1.000000
	patch_type: symmetric
	patch_width: 8.0000000000000000
	patch_angle: 0.0000000000000000
	angles:  0.000000 0.000000 0.000000
	grand_canonical: 0
	chemical_potential: 0.0000000000000000
box: 12.922476 12.922476
copy: 1.000000 1.000000
epsilon: 0.2143430000000000
end_epsilon: 0.0000000000000000
pressure: 0.8572000000000000
lambda: 0.0000000000000000
lambda_coupling: 1.0000000000000000
uy: 0.0000000000000000
maximum_displacement: 1.0000000000000000
maximum_rotation: 1.0000000000000000
maximum_volume: 1.0000000000000000
maximum_shape: 0.0000001000000000
maximum_dsigma: 0.0100000000000000
mod: 10
pmod: 10
optimize: 1
verbose: 1
snapshot: 0
display: 1
explore: 1
npt: 1
nptxy: 0
nptdxdy: 0
shape: 0
seed: 367584
186.881622525015 75.554684949630 0.866025403784 0.500000000000
307.879532066201 40.671564850518 0.866025403784 0.500000000000
58.738636002802 -51.955762062165 0.000000000000 1.000000000000
130.252372793033 161.137401887866 0.866025403784 0.500000000000
42.547143022544 134.969497468821 0.000000000000 1.000000000000
8.561194627497 73.523969397089 0.000000000000 1.000000000000
-43.966941021310 -17.494186366967 0.866025403784 0.500000000000
-26.715810305923 62.275710470740 0.866025403784 -0.500000000000
6.381836401051 32.842025394559 0.000000000000 1.000000000000
147.199726359163 -65.911240899481 0.866025403784 -0.500000000000
39.371939536745 3.234917073207 0.866025403784 0.500000000000
67.673145731760 -27.806053965672 0.866025403784 -0.500000000000
80.734849454972 -7.874603667181 0.866025403784 -0.500000000000
10.485167165229 -39.103706823900 0.866025403784 -0.500000000000
-112.399325169725 -61.006612257920 0.866025403784 -0.500000000000
-86.118535464470 -3.822051122345 0.866025403784 -0.500000000000
-7.365954475759 92.763901762773 0.000000000000 1.000000000000
-36.837248369905 -51.757778085133 0.000000000000 1.000000000000
68.732978030583 192.963680438721 0.866025403784 -0.500000000000
-164.016350033380 6.830118630322 0.866025403784 0.500000000000
