#Configurational_file created 2018-09-14 11:12:40  started 2018-09-14 11:12:39 run for 1.0s steps 0
name: p_320
step: 10000
specie: 20
	particle_diameter: 1.0000000000000000
	interaction_length: 1.2000000000000000
	number_of_patches: 3
	number_of_particles_per_compound: 1
	rod_length: 1.0000000000000000
	interaction_matrix:  1.000000 1.000000 1.000000 1.000000 1.000000 1.000000 1.000000 1.000000 1.000000
	patch_type: symmetric
	patch_width: 8.0000000000000000
	patch_angle: 0.0000000000000000
	angles:  0.000000 0.000000 0.000000
	grand_canonical: 0
	chemical_potential: 0.0000000000000000
box: 15.044478 15.044478
copy: 1.000000 1.000000
epsilon: 0.2143430000000000
end_epsilon: 0.0000000000000000
pressure: 0.5715000000000000
lambda: 0.0000000000000000
lambda_coupling: 1.0000000000000000
uy: 0.0000000000000000
maximum_displacement: 1.0000000000000000
maximum_rotation: 1.0000000000000000
maximum_volume: 1.0000000000000000
maximum_shape: 0.0000001000000000
maximum_dsigma: 0.0100000000000000
mod: 10
pmod: 10
optimize: 1
verbose: 1
snapshot: 0
display: 1
explore: 1
npt: 1
nptxy: 0
nptdxdy: 0
shape: 0
seed: 365310
-54.875458107521 31.224598890978 0.866025403784 0.500000000000
-74.013226132317 88.250228585967 0.866025403784 0.500000000000
9.814517595771 -9.357284750088 0.866025403784 -0.500000000000
25.175407741150 -57.668588710262 0.000000000000 1.000000000000
-55.317025873436 128.883788469623 0.866025403784 0.500000000000
-117.910564186573 -37.478199616811 0.866025403784 -0.500000000000
39.251482062009 38.749844413172 0.866025403784 -0.500000000000
-80.386776549163 89.334984875819 0.866025403784 0.500000000000
188.401932840939 -11.247494497145 0.000000000000 1.000000000000
-307.657313694055 55.303869974866 0.866025403784 -0.500000000000
179.791445473896 -194.500570639781 0.866025403784 0.500000000000
212.598757673538 13.644110510044 0.866025403784 -0.500000000000
-67.660862540989 80.347701344974 0.866025403784 -0.500000000000
47.616322453064 127.849889588290 0.000000000000 1.000000000000
51.713865167611 -181.458708652582 0.866025403784 0.500000000000
-7.926644587987 16.436618309626 0.000000000000 1.000000000000
-38.664683844604 -120.497032044405 0.866025403784 -0.500000000000
-57.920939043853 -116.008966930393 0.866025403784 -0.500000000000
-166.544504854554 -31.272565173891 0.866025403784 -0.500000000000
-19.963522337313 -15.131248841085 0.866025403784 -0.500000000000
