#Configurational_file created 2018-09-14 11:12:43  started 2018-09-14 11:12:42 run for 1.0s steps 0
name: p_324
step: 10000
specie: 20
	particle_diameter: 1.0000000000000000
	interaction_length: 1.2000000000000000
	number_of_patches: 3
	number_of_particles_per_compound: 1
	rod_length: 1.0000000000000000
	interaction_matrix:  1.000000 1.000000 1.000000 1.000000 1.000000 1.000000 1.000000 1.000000 1.000000
	patch_type: symmetric
	patch_width: 8.0000000000000000
	patch_angle: 0.0000000000000000
	angles:  0.000000 0.000000 0.000000
	grand_canonical: 0
	chemical_potential: 0.0000000000000000
box: 9.843259 9.843259
copy: 1.000000 1.000000
epsilon: 0.2143430000000000
end_epsilon: 0.0000000000000000
pressure: 1.1429000000000000
lambda: 0.0000000000000000
lambda_coupling: 1.0000000000000000
uy: 0.0000000000000000
maximum_displacement: 1.0000000000000000
maximum_rotation: 1.0000000000000000
maximum_volume: 1.0000000000000000
maximum_shape: 0.0000001000000000
maximum_dsigma: 0.0100000000000000
mod: 10
pmod: 10
optimize: 1
verbose: 1
snapshot: 0
display: 1
explore: 1
npt: 1
nptxy: 0
nptdxdy: 0
shape: 0
seed: 369858
55.157159632951 -54.287884476294 0.866025403784 -0.500000000000
-8.648255985465 28.544705929562 0.866025403784 -0.500000000000
-123.683503925693 21.926871214418 0.866025403784 -0.500000000000
-1.881744605505 -88.054570296233 0.866025403784 -0.500000000000
71.839264965129 -138.153486214221 0.000000000000 1.000000000000
78.898511490966 96.361776035168 0.000000000000 1.000000000000
-51.356649579077 -2.530561490208 0.866025403784 -0.500000000000
67.300265725253 -95.707072656465 0.866025403784 -0.500000000000
-69.280556097120 220.887050210023 0.000000000000 1.000000000000
83.190832532033 -116.671100760550 0.000000000000 1.000000000000
125.330264778012 26.125090654547 0.000000000000 1.000000000000
138.873464589922 169.278806030663 0.866025403784 -0.500000000000
84.436747365127 100.052982140647 0.000000000000 1.000000000000
-16.679822951768 40.830997384277 0.000000000000 1.000000000000
90.029191988309 35.016758235571 0.866025403784 -0.500000000000
-89.767776279943 -21.773711003659 0.866025403784 -0.500000000000
-98.784940788219 -98.711438290438 0.866025403784 0.500000000000
-106.063385636241 26.955586780563 0.866025403784 0.500000000000
-54.301475168014 78.409116363448 0.866025403784 -0.500000000000
16.540543531117 21.655183342163 0.866025403784 -0.500000000000
