#Configurational_file created 2018-09-14 11:12:44  started 2018-09-14 11:12:43 run for 1.0s steps 0
name: p_325
step: 10000
specie: 20
	particle_diameter: 1.0000000000000000
	interaction_length: 1.2000000000000000
	number_of_patches: 3
	number_of_particles_per_compound: 1
	rod_length: 1.0000000000000000
	interaction_matrix:  1.000000 1.000000 1.000000 1.000000 1.000000 1.000000 1.000000 1.000000 1.000000
	patch_type: symmetric
	patch_width: 8.0000000000000000
	patch_angle: 0.0000000000000000
	angles:  0.000000 0.000000 0.000000
	grand_canonical: 0
	chemical_potential: 0.0000000000000000
box: 10.207179 10.207179
copy: 1.000000 1.000000
epsilon: 0.2143430000000000
end_epsilon: 0.0000000000000000
pressure: 1.2857499999999999
lambda: 0.0000000000000000
lambda_coupling: 1.0000000000000000
uy: 0.0000000000000000
maximum_displacement: 1.0000000000000000
maximum_rotation: 1.0000000000000000
maximum_volume: 1.0000000000000000
maximum_shape: 0.0000001000000000
maximum_dsigma: 0.0100000000000000
mod: 10
pmod: 10
optimize: 1
verbose: 1
snapshot: 0
display: 1
explore: 1
npt: 1
nptxy: 0
nptdxdy: 0
shape: 0
seed: 370995
-17.521948436053 -41.703771944914 0.866025403784 0.500000000000
81.457658036943 -170.617750092861 0.866025403784 0.500000000000
47.031558996899 190.782455330450 0.866025403784 0.500000000000
45.025688387463 -54.997071537055 0.000000000000 1.000000000000
29.227986026314 -69.299549131855 0.866025403784 0.500000000000
76.407378606599 86.318486319205 0.866025403784 0.500000000000
-61.715798163849 148.863255209277 0.866025403784 -0.500000000000
51.422432869528 -21.190884796578 0.866025403784 0.500000000000
160.968825185270 -197.232856394963 0.866025403784 -0.500000000000
14.293615349141 39.471981717710 0.000000000000 1.000000000000
55.202862334126 0.665889499149 0.000000000000 1.000000000000
-11.624644335197 -61.554337796570 0.000000000000 1.000000000000
89.912073535952 197.737776880917 0.866025403784 0.500000000000
15.903846035877 100.070002326343 0.866025403784 0.500000000000
103.510192522313 46.552252419762 0.000000000000 1.000000000000
85.461200771606 6.488868331953 0.866025403784 -0.500000000000
46.581870169511 154.626721085219 0.866025403784 0.500000000000
59.205899043088 41.091637033649 0.866025403784 -0.500000000000
96.030958339632 -151.776793863611 0.866025403784 0.500000000000
-85.494463413292 5.314915998826 0.866025403784 0.500000000000
