#Configurational_file created 2018-09-14 11:12:41  started 2018-09-14 11:12:40 run for 1.0s steps 0
name: p_321
step: 10000
specie: 20
	particle_diameter: 1.0000000000000000
	interaction_length: 1.2000000000000000
	number_of_patches: 3
	number_of_particles_per_compound: 1
	rod_length: 1.0000000000000000
	interaction_matrix:  1.000000 1.000000 1.000000 1.000000 1.000000 1.000000 1.000000 1.000000 1.000000
	patch_type: symmetric
	patch_width: 8.0000000000000000
	patch_angle: 0.0000000000000000
	angles:  0.000000 0.000000 0.000000
	grand_canonical: 0
	chemical_potential: 0.0000000000000000
box: 11.073290 11.073290
copy: 1.000000 1.000000
epsilon: 0.2143430000000000
end_epsilon: 0.0000000000000000
pressure: 0.7143500000000000
lambda: 0.0000000000000000
lambda_coupling: 1.0000000000000000
uy: 0.0000000000000000
maximum_displacement: 1.0000000000000000
maximum_rotation: 1.0000000000000000
maximum_volume: 1.0000000000000000
maximum_shape: 0.0000001000000000
maximum_dsigma: 0.0100000000000000
mod: 10
pmod: 10
optimize: 1
verbose: 1
snapshot: 0
display: 1
explore: 1
npt: 1
nptxy: 0
nptdxdy: 0
shape: 0
seed: 366447
-62.103801070987 -56.836115533406 0.866025403784 -0.500000000000
-41.455591324492 -23.289603795966 0.866025403784 -0.500000000000
-40.836399338976 -114.519662306191 0.866025403784 -0.500000000000
75.753842815492 -41.207701899757 0.866025403784 0.500000000000
-15.189862489298 -102.806995862043 0.000000000000 1.000000000000
6.914795212401 -43.604049319014 0.866025403784 0.500000000000
-91.918664376329 6.473865380317 0.866025403784 0.500000000000
-13.462146810650 -9.580594911164 0.866025403784 -0.500000000000
-25.669385511327 -11.828752205632 0.866025403784 -0.500000000000
-115.937983044846 -7.388366354557 0.866025403784 -0.500000000000
-30.659216255258 36.206756463454 0.000000000000 1.000000000000
-35.214408363359 44.134835958709 0.866025403784 -0.500000000000
-62.993521382682 160.914165390241 0.000000000000 1.000000000000
75.314794800285 -124.638400724476 0.000000000000 1.000000000000
88.993127203221 -44.298548005618 0.866025403784 -0.500000000000
46.726271792093 -158.933022784135 0.000000000000 1.000000000000
-94.485497956132 -47.874920255396 0.000000000000 1.000000000000
143.630895205191 49.812397401706 0.866025403784 -0.500000000000
45.828184721715 -79.456352246281 0.000000000000 1.000000000000
-23.004948144332 -79.644883537636 0.866025403784 0.500000000000
