#Configurational_file created 2018-09-14 11:12:45  started 2018-09-14 11:12:44 run for 1.0s steps 0
name: p_326
step: 10000
specie: 20
	particle_diameter: 1.0000000000000000
	interaction_length: 1.2000000000000000
	number_of_patches: 3
	number_of_particles_per_compound: 1
	rod_length: 1.0000000000000000
	interaction_matrix:  1.000000 1.000000 1.000000 1.000000 1.000000 1.000000 1.000000 1.000000 1.000000
	patch_type: symmetric
	patch_width: 8.0000000000000000
	patch_angle: 0.0000000000000000
	angles:  0.000000 0.000000 0.000000
	grand_canonical: 0
	chemical_potential: 0.0000000000000000
box: 9.386833 9.386833
copy: 1.000000 1.000000
epsilon: 0.2143430000000000
end_epsilon: 0.0000000000000000
pressure: 1.4286000000000001
lambda: 0.0000000000000000
lambda_coupling: 1.0000000000000000
uy: 0.0000000000000000
maximum_displacement: 1.0000000000000000
maximum_rotation: 1.0000000000000000
maximum_volume: 1.0000000000000000
maximum_shape: 0.0000001000000000
maximum_dsigma: 0.0100000000000000
mod: 10
pmod: 10
optimize: 1
verbose: 1
snapshot: 0
display: 1
explore: 1
npt: 1
nptxy: 0
nptdxdy: 0
shape: 0
seed: 372132
-22.203322259477 -54.204369854518 0.866025403784 -0.500000000000
26.633903138839 -1.347121168150 0.000000000000 1.000000000000
-163.545586920791 122.644435764916 0.866025403784 0.500000000000
-36.213777484030 -76.170898385592 0.866025403784 0.500000000000
38.466258191491 7.552055301546 0.000000000000 1.000000000000
89.138352925621 -14.961060099396 0.000000000000 1.000000000000
-36.144764622584 132.154019173559 0.866025403784 0.500000000000
92.432104921142 -89.992596692694 0.000000000000 1.000000000000
-73.875188821619 14.835400500019 0.866025403784 0.500000000000
23.042559892649 -110.062644386000 0.000000000000 1.000000000000
-89.619114513306 -3.925601959023 0.866025403784 -0.500000000000
-22.316925643692 -50.064417354806 0.000000000000 1.000000000000
-83.749596467829 -118.265493783774 0.866025403784 -0.500000000000
-19.327886508232 -123.709770509941 0.000000000000 1.000000000000
77.837459968490 -25.250859899865 0.000000000000 1.000000000000
-81.284650689782 100.353308569563 0.866025403784 -0.500000000000
21.085406110916 -130.618687838863 0.000000000000 1.000000000000
26.342727401370 -41.196698498677 0.000000000000 1.000000000000
-11.612199255105 84.431573664735 0.866025403784 0.500000000000
17.766290917738 -101.534279145046 0.866025403784 -0.500000000000
