#Configurational_file created 2018-09-14 11:12:42  started 2018-09-14 11:12:41 run for 1.0s steps 0
name: p_323
step: 10000
specie: 20
	particle_diameter: 1.0000000000000000
	interaction_length: 1.2000000000000000
	number_of_patches: 3
	number_of_particles_per_compound: 1
	rod_length: 1.0000000000000000
	interaction_matrix:  1.000000 1.000000 1.000000 1.000000 1.000000 1.000000 1.000000 1.000000 1.000000
	patch_type: symmetric
	patch_width: 8.0000000000000000
	patch_angle: 0.0000000000000000
	angles:  0.000000 0.000000 0.000000
	grand_canonical: 0
	chemical_potential: 0.0000000000000000
box: 9.490953 9.490953
copy: 1.000000 1.000000
epsilon: 0.2143430000000000
end_epsilon: 0.0000000000000000
pressure: 1.0000500000000001
lambda: 0.0000000000000000
lambda_coupling: 1.0000000000000000
uy: 0.0000000000000000
maximum_displacement: 1.0000000000000000
maximum_rotation: 1.0000000000000000
maximum_volume: 1.0000000000000000
maximum_shape: 0.0000001000000000
maximum_dsigma: 0.0100000000000000
mod: 10
pmod: 10
optimize: 1
verbose: 1
snapshot: 0
display: 1
explore: 1
npt: 1
nptxy: 0
nptdxdy: 0
shape: 0
seed: 368721
48.857107090913 -61.382852278911 0.866025403784 -0.500000000000
-72.390151407210 131.323101399038 0.866025403784 -0.500000000000
-7.588729452260 83.271204430787 0.000000000000 1.000000000000
-15.529250703343 115.014632950911 0.866025403784 -0.500000000000
121.733316901794 22.859986260376 0.866025403784 -0.500000000000
62.793587720339 17.650740323884 0.000000000000 1.000000000000
22.546202745898 -120.644621796265 0.866025403784 0.500000000000
68.367289031586 50.424136129504 0.000000000000 1.000000000000
72.564643163054 1.273507166683 0.866025403784 -0.500000000000
-1.740208376092 42.966117232292 0.866025403784 -0.500000000000
-102.966492598466 115.294708531786 0.000000000000 1.000000000000
42.086648184947 99.718849015890 0.866025403784 0.500000000000
36.920799619752 55.551147754839 0.866025403784 -0.500000000000
-12.183662293858 100.748312520702 0.866025403784 0.500000000000
70.103752673200 -76.389442623196 0.866025403784 -0.500000000000
-36.792117836257 -78.040893142287 0.866025403784 0.500000000000
-14.283733261992 -20.377539723687 0.866025403784 -0.500000000000
-52.359665325626 1.581410465459 0.866025403784 -0.500000000000
-47.549170613190 -122.560619918563 0.866025403784 0.500000000000
-112.726401002146 -17.059797054441 0.866025403784 0.500000000000
