#Configurational_file created 2018-09-14 11:12:50  started 2018-09-14 11:12:49 run for 1.0s steps 0
name: p_332
step: 10000
specie: 20
	particle_diameter: 1.0000000000000000
	interaction_length: 1.2000000000000000
	number_of_patches: 3
	number_of_particles_per_compound: 1
	rod_length: 1.0000000000000000
	interaction_matrix:  1.000000 1.000000 1.000000 1.000000 1.000000 1.000000 1.000000 1.000000 1.000000
	patch_type: symmetric
	patch_width: 8.0000000000000000
	patch_angle: 0.0000000000000000
	angles:  0.000000 0.000000 0.000000
	grand_canonical: 0
	chemical_potential: 0.0000000000000000
box: 23.625099 23.625099
copy: 1.000000 1.000000
epsilon: 0.2500500000000000
end_epsilon: 0.0000000000000000
pressure: 0.1429500000000000
lambda: 0.0000000000000000
lambda_coupling: 1.0000000000000000
uy: 0.0000000000000000
maximum_displacement: 1.0000000000000000
maximum_rotation: 1.0000000000000000
maximum_volume: 1.0000000000000000
maximum_shape: 0.0000001000000000
maximum_dsigma: 0.0100000000000000
mod: 10
pmod: 10
optimize: 1
verbose: 1
snapshot: 0
display: 1
explore: 1
npt: 1
nptxy: 0
nptdxdy: 0
shape: 0
seed: 378954
0.719209487592 2.615804259052 0.000000000000 1.000000000000
155.952624569478 -117.608013446968 0.866025403784 -0.500000000000
57.894132860758 -219.553847597105 0.866025403784 0.500000000000
-63.972675017374 236.084206992672 0.866025403784 0.500000000000
21.241983406320 123.145295888771 0.866025403784 0.500000000000
-61.807976909087 158.753610491883 0.866025403784 0.500000000000
-80.917910566430 -31.418906888850 0.866025403784 0.500000000000
-156.833317661409 -167.704975678598 0.866025403784 0.500000000000
-242.637708871474 -65.765635188678 0.000000000000 1.000000000000
53.942001584379 228.679416550316 0.866025403784 0.500000000000
5.297339982398 37.537223099841 0.866025403784 0.500000000000
104.625291236423 -43.538026908750 0.866025403784 -0.500000000000
107.489670040011 87.359496285823 0.866025403784 -0.500000000000
58.268853889482 -207.800014354053 0.000000000000 1.000000000000
-83.399659352755 -100.407791169946 0.866025403784 -0.500000000000
-136.431334637293 -120.337189229530 0.866025403784 0.500000000000
-66.555671007024 78.273846532264 0.000000000000 1.000000000000
-49.247510529856 -3.551782268812 0.000000000000 1.000000000000
130.047884984478 209.870731843529 0.866025403784 0.500000000000
-13.220843583863 11.494441172195 0.000000000000 1.000000000000
