#Configurational_file created 2018-09-14 11:12:55  started 2018-09-14 11:12:54 run for 1.0s steps 0
name: p_339
step: 10000
specie: 20
	particle_diameter: 1.0000000000000000
	interaction_length: 1.2000000000000000
	number_of_patches: 3
	number_of_particles_per_compound: 1
	rod_length: 1.0000000000000000
	interaction_matrix:  1.000000 1.000000 1.000000 1.000000 1.000000 1.000000 1.000000 1.000000 1.000000
	patch_type: symmetric
	patch_width: 8.0000000000000000
	patch_angle: 0.0000000000000000
	angles:  0.000000 0.000000 0.000000
	grand_canonical: 0
	chemical_potential: 0.0000000000000000
box: 8.713849 8.713849
copy: 1.000000 1.000000
epsilon: 0.2500500000000000
end_epsilon: 0.0000000000000000
pressure: 1.1429000000000000
lambda: 0.0000000000000000
lambda_coupling: 1.0000000000000000
uy: 0.0000000000000000
maximum_displacement: 1.0000000000000000
maximum_rotation: 1.0000000000000000
maximum_volume: 1.0000000000000000
maximum_shape: 0.0000001000000000
maximum_dsigma: 0.0100000000000000
mod: 10
pmod: 10
optimize: 1
verbose: 1
snapshot: 0
display: 1
explore: 1
npt: 1
nptxy: 0
nptdxdy: 0
shape: 0
seed: 386913
43.053096226699 104.686773049938 0.866025403784 0.500000000000
-129.624767898038 -22.101799647198 0.866025403784 0.500000000000
92.640705150307 -9.395941715630 0.000000000000 1.000000000000
13.273404463149 -108.071388554520 0.000000000000 1.000000000000
22.579421889511 -37.364412043076 0.000000000000 1.000000000000
64.339197472017 28.766842895804 0.866025403784 -0.500000000000
2.304912773345 -64.080704159954 0.866025403784 0.500000000000
-84.632983896129 -38.872315077095 0.000000000000 1.000000000000
1.183158861556 100.939573784964 0.866025403784 0.500000000000
51.839478310395 -47.335142040368 0.866025403784 -0.500000000000
-63.706249913398 -29.233213969187 0.000000000000 1.000000000000
-65.855485128963 88.308010620657 0.866025403784 -0.500000000000
51.886748294175 30.488975099582 0.866025403784 0.500000000000
5.202490399609 -36.617790180417 0.866025403784 0.500000000000
72.821722886472 52.396880098569 0.000000000000 1.000000000000
43.541223425105 19.558999496139 0.866025403784 -0.500000000000
-89.683530866925 -4.287940386918 0.000000000000 1.000000000000
138.164396691262 53.376365896519 0.866025403784 -0.500000000000
32.363775505644 8.956939755088 0.866025403784 -0.500000000000
-82.935034944939 -36.186033164546 0.866025403784 0.500000000000
