#Configurational_file created 2018-09-14 11:12:50  started 2018-09-14 11:12:50 run for 0.0s steps 0
name: p_333
step: 10000
specie: 20
	particle_diameter: 1.0000000000000000
	interaction_length: 1.2000000000000000
	number_of_patches: 3
	number_of_particles_per_compound: 1
	rod_length: 1.0000000000000000
	interaction_matrix:  1.000000 1.000000 1.000000 1.000000 1.000000 1.000000 1.000000 1.000000 1.000000
	patch_type: symmetric
	patch_width: 8.0000000000000000
	patch_angle: 0.0000000000000000
	angles:  0.000000 0.000000 0.000000
	grand_canonical: 0
	chemical_potential: 0.0000000000000000
box: 17.996601 17.996601
copy: 1.000000 1.000000
epsilon: 0.2500500000000000
end_epsilon: 0.0000000000000000
pressure: 0.2858000000000000
lambda: 0.0000000000000000
lambda_coupling: 1.0000000000000000
uy: 0.0000000000000000
maximum_displacement: 1.0000000000000000
maximum_rotation: 1.0000000000000000
maximum_volume: 1.0000000000000000
maximum_shape: 0.0000001000000000
maximum_dsigma: 0.0100000000000000
mod: 10
pmod: 10
optimize: 1
verbose: 1
snapshot: 0
display: 1
explore: 1
npt: 1
nptxy: 0
nptdxdy: 0
shape: 0
seed: 380091
-19.642487903478 -90.578228243640 0.866025403784 0.500000000000
123.325314357946 132.682752529293 0.866025403784 -0.500000000000
13.953974090861 7.106522594459 0.866025403784 0.500000000000
129.545882096432 90.098349702060 0.866025403784 -0.500000000000
-45.219494445710 48.073847794037 0.866025403784 0.500000000000
31.339034758076 2.081965660338 0.866025403784 -0.500000000000
-124.520222640440 -54.117288255683 0.866025403784 0.500000000000
-51.963819509426 -82.786433010528 0.000000000000 1.000000000000
50.535522823924 -6.222668792452 0.866025403784 -0.500000000000
66.217693850152 -144.539470612386 0.866025403784 -0.500000000000
81.773253131137 -31.143495679169 0.866025403784 -0.500000000000
-80.558983589123 -23.603426203963 0.866025403784 -0.500000000000
102.893490316288 -260.544347982099 0.866025403784 0.500000000000
22.445943927039 31.430452566309 0.000000000000 1.000000000000
93.072932998716 -3.422523379629 0.866025403784 -0.500000000000
113.676985752898 -37.940216459127 0.000000000000 1.000000000000
-19.448756824935 42.047979000026 0.866025403784 -0.500000000000
74.133814555667 137.343321510161 0.866025403784 -0.500000000000
60.073311840309 -169.688053593833 0.000000000000 1.000000000000
-25.927228221205 -55.762229411792 0.866025403784 -0.500000000000
