#Configurational_file created 2018-09-14 11:12:52  started 2018-09-14 11:12:52 run for 0.0s steps 0
name: p_336
step: 10000
specie: 20
	particle_diameter: 1.0000000000000000
	interaction_length: 1.2000000000000000
	number_of_patches: 3
	number_of_particles_per_compound: 1
	rod_length: 1.0000000000000000
	interaction_matrix:  1.000000 1.000000 1.000000 1.000000 1.000000 1.000000 1.000000 1.000000 1.000000
	patch_type: symmetric
	patch_width: 8.0000000000000000
	patch_angle: 0.0000000000000000
	angles:  0.000000 0.000000 0.000000
	grand_canonical: 0
	chemical_potential: 0.0000000000000000
box: 12.764585 12.764585
copy: 1.000000 1.000000
epsilon: 0.2500500000000000
end_epsilon: 0.0000000000000000
pressure: 0.7143500000000000
lambda: 0.0000000000000000
lambda_coupling: 1.0000000000000000
uy: 0.0000000000000000
maximum_displacement: 1.0000000000000000
maximum_rotation: 1.0000000000000000
maximum_volume: 1.0000000000000000
maximum_shape: 0.0000001000000000
maximum_dsigma: 0.0100000000000000
mod: 10
pmod: 10
optimize: 1
verbose: 1
snapshot: 0
display: 1
explore: 1
npt: 1
nptxy: 0
nptdxdy: 0
shape: 0
seed: 383502
-64.945471520486 -52.057186245820 0.866025403784 -0.500000000000
38.187603852713 -63.314255107817 0.866025403784 -0.500000000000
52.663636960842 37.501560645428 0.866025403784 0.500000000000
45.842077652784 -2.455396712471 0.866025403784 0.500000000000
112.248458989151 -65.380401386998 0.866025403784 0.500000000000
-97.167916527099 -19.390324096169 0.000000000000 1.000000000000
-66.053546493548 -102.718674263794 0.866025403784 0.500000000000
155.097289145135 40.979874026200 0.000000000000 1.000000000000
19.140123262174 -38.863501573260 0.000000000000 1.000000000000
-27.001253038081 9.466662177364 0.866025403784 0.500000000000
134.897814809532 53.439713818527 0.866025403784 -0.500000000000
153.518169466891 -8.266075766341 0.866025403784 0.500000000000
-44.155941839645 -43.446278170115 0.000000000000 1.000000000000
-113.821651361084 -4.317505636595 0.000000000000 1.000000000000
198.712319023752 -87.773567175859 0.866025403784 0.500000000000
-30.316486687195 -19.198933381645 0.866025403784 0.500000000000
-22.665092877668 -13.247978263610 0.866025403784 0.500000000000
-78.458938710613 4.828035101001 0.866025403784 -0.500000000000
52.067779296125 48.195457690594 0.000000000000 1.000000000000
31.995725483868 -143.991035045416 0.866025403784 0.500000000000
