#Configurational_file created 2018-09-14 11:12:52  started 2018-09-14 11:12:51 run for 1.0s steps 0
name: p_335
step: 10000
specie: 20
	particle_diameter: 1.0000000000000000
	interaction_length: 1.2000000000000000
	number_of_patches: 3
	number_of_particles_per_compound: 1
	rod_length: 1.0000000000000000
	interaction_matrix:  1.000000 1.000000 1.000000 1.000000 1.000000 1.000000 1.000000 1.000000 1.000000
	patch_type: symmetric
	patch_width: 8.0000000000000000
	patch_angle: 0.0000000000000000
	angles:  0.000000 0.000000 0.000000
	grand_canonical: 0
	chemical_potential: 0.0000000000000000
box: 11.839998 11.839998
copy: 1.000000 1.000000
epsilon: 0.2500500000000000
end_epsilon: 0.0000000000000000
pressure: 0.5715000000000000
lambda: 0.0000000000000000
lambda_coupling: 1.0000000000000000
uy: 0.0000000000000000
maximum_displacement: 1.0000000000000000
maximum_rotation: 1.0000000000000000
maximum_volume: 1.0000000000000000
maximum_shape: 0.0000001000000000
maximum_dsigma: 0.0100000000000000
mod: 10
pmod: 10
optimize: 1
verbose: 1
snapshot: 0
display: 1
explore: 1
npt: 1
nptxy: 0
nptdxdy: 0
shape: 0
seed: 382365
-62.802814251571 66.064013499925 0.866025403784 0.500000000000
-60.620067044775 -1.123736185940 0.000000000000 1.000000000000
-92.932271305260 50.491587077608 0.866025403784 0.500000000000
73.738026447530 -10.431696147291 0.866025403784 0.500000000000
41.927656944718 -22.446589720033 0.866025403784 -0.500000000000
136.126395646414 -2.018164094117 0.866025403784 0.500000000000
-4.036729012134 13.209832897816 0.000000000000 1.000000000000
-118.232547114227 -21.514714834365 0.000000000000 1.000000000000
-25.729073435462 70.644096325107 0.866025403784 0.500000000000
193.657626744357 -86.517486884808 0.000000000000 1.000000000000
-54.277551645046 27.491545461636 0.000000000000 1.000000000000
-114.392804471992 -59.067468379060 0.000000000000 1.000000000000
-74.050433471719 18.157096694494 0.000000000000 1.000000000000
27.812480080054 -30.933149109067 0.000000000000 1.000000000000
-14.968557049416 38.202179440991 0.866025403784 -0.500000000000
93.895213594824 25.114845898008 0.000000000000 1.000000000000
-69.043166712368 20.384520927873 0.866025403784 0.500000000000
133.172290221654 23.587349127116 0.000000000000 1.000000000000
33.815518215476 -9.170677193874 0.866025403784 0.500000000000
74.325813333538 -28.511754044870 0.866025403784 0.500000000000
