#Configurational_file created 2018-09-14 11:12:53  started 2018-09-14 11:12:52 run for 1.0s steps 0
name: p_337
step: 10000
specie: 20
	particle_diameter: 1.0000000000000000
	interaction_length: 1.2000000000000000
	number_of_patches: 3
	number_of_particles_per_compound: 1
	rod_length: 1.0000000000000000
	interaction_matrix:  1.000000 1.000000 1.000000 1.000000 1.000000 1.000000 1.000000 1.000000 1.000000
	patch_type: symmetric
	patch_width: 8.0000000000000000
	patch_angle: 0.0000000000000000
	angles:  0.000000 0.000000 0.000000
	grand_canonical: 0
	chemical_potential: 0.0000000000000000
box: 12.419867 12.419867
copy: 1.000000 1.000000
epsilon: 0.2500500000000000
end_epsilon: 0.0000000000000000
pressure: 0.8572000000000000
lambda: 0.0000000000000000
lambda_coupling: 1.0000000000000000
uy: 0.0000000000000000
maximum_displacement: 1.0000000000000000
maximum_rotation: 1.0000000000000000
maximum_volume: 1.0000000000000000
maximum_shape: 0.0000001000000000
maximum_dsigma: 0.0100000000000000
mod: 10
pmod: 10
optimize: 1
verbose: 1
snapshot: 0
display: 1
explore: 1
npt: 1
nptxy: 0
nptdxdy: 0
shape: 0
seed: 384639
-134.846061127554 18.606073120766 0.000000000000 1.000000000000
41.665680907982 31.955640396331 0.866025403784 0.500000000000
-230.272399824722 74.696303897022 0.866025403784 0.500000000000
-69.225571636514 23.772026081816 0.000000000000 1.000000000000
-122.129464091388 58.279775003791 0.866025403784 0.500000000000
184.210328901942 -21.481732854307 0.866025403784 0.500000000000
-36.666962596177 62.484169144972 0.866025403784 0.500000000000
186.964712785257 88.673847066113 0.866025403784 -0.500000000000
-65.928770299784 -15.855228880788 0.866025403784 0.500000000000
-71.244693786100 86.210462074617 0.866025403784 -0.500000000000
7.631089123584 15.441241055726 0.866025403784 0.500000000000
-62.551431781631 91.774770950917 0.866025403784 -0.500000000000
83.943711640713 114.183018277807 0.866025403784 0.500000000000
-8.012758825839 -35.196743313055 0.000000000000 1.000000000000
-278.798999909384 65.480538258027 0.866025403784 -0.500000000000
26.761373869457 -29.858873723225 0.000000000000 1.000000000000
45.336419721131 38.144234090477 0.866025403784 0.500000000000
-42.709483483292 49.112648748946 0.866025403784 0.500000000000
71.579622291527 94.061916581243 0.866025403784 0.500000000000
4.838411921899 22.205975905815 0.866025403784 -0.500000000000
