#Configurational_file created 2018-09-14 11:12:49  started 2018-09-14 11:12:48 run for 1.0s steps 0
name: p_331
step: 10000
specie: 20
	particle_diameter: 1.0000000000000000
	interaction_length: 1.2000000000000000
	number_of_patches: 3
	number_of_particles_per_compound: 1
	rod_length: 1.0000000000000000
	interaction_matrix:  1.000000 1.000000 1.000000 1.000000 1.000000 1.000000 1.000000 1.000000 1.000000
	patch_type: symmetric
	patch_width: 8.0000000000000000
	patch_angle: 0.0000000000000000
	angles:  0.000000 0.000000 0.000000
	grand_canonical: 0
	chemical_potential: 0.0000000000000000
box: 48.025764 48.025764
copy: 1.000000 1.000000
epsilon: 0.2500500000000000
end_epsilon: 0.0000000000000000
pressure: 0.0001000000000000
lambda: 0.0000000000000000
lambda_coupling: 1.0000000000000000
uy: 0.0000000000000000
maximum_displacement: 1.0000000000000000
maximum_rotation: 1.0000000000000000
maximum_volume: 1.0000000000000000
maximum_shape: 0.0000001000000000
maximum_dsigma: 0.0100000000000000
mod: 10
pmod: 10
optimize: 1
verbose: 1
snapshot: 0
display: 1
explore: 1
npt: 1
nptxy: 0
nptdxdy: 0
shape: 0
seed: 377817
73.766751006385 180.815163383871 0.000000000000 1.000000000000
-171.423924625891 55.446247453558 0.866025403784 -0.500000000000
-256.903458167290 117.823645636997 0.866025403784 0.500000000000
293.690501166260 -106.791213256811 0.866025403784 -0.500000000000
-60.435267909063 -0.609116140926 0.866025403784 -0.500000000000
141.947390996616 266.068487189378 0.866025403784 -0.500000000000
81.764073593477 215.025380345332 0.000000000000 1.000000000000
3.696162922297 -177.438820411134 0.866025403784 0.500000000000
-82.437643118299 326.086272155662 0.866025403784 0.500000000000
14.947849612236 -244.142937712599 0.866025403784 -0.500000000000
-170.662398159761 7.552592975363 0.000000000000 1.000000000000
9.242097452911 117.027160722055 0.866025403784 -0.500000000000
27.855736270061 1.133448618552 0.866025403784 0.500000000000
-48.816580845394 -98.970234220579 0.866025403784 0.500000000000
-49.032564372962 -181.929234108805 0.866025403784 -0.500000000000
-9.697090420071 151.052286187956 0.866025403784 -0.500000000000
-238.531884983055 258.776158510464 0.000000000000 1.000000000000
-199.639220363922 157.060341928927 0.866025403784 -0.500000000000
-54.181370518756 -2.616812446940 0.866025403784 0.500000000000
-121.212765518588 62.425821177701 0.866025403784 0.500000000000
