#Configurational_file created 2018-09-14 11:12:51  started 2018-09-14 11:12:50 run for 1.0s steps 0
name: p_334
step: 10000
specie: 20
	particle_diameter: 1.0000000000000000
	interaction_length: 1.2000000000000000
	number_of_patches: 3
	number_of_particles_per_compound: 1
	rod_length: 1.0000000000000000
	interaction_matrix:  1.000000 1.000000 1.000000 1.000000 1.000000 1.000000 1.000000 1.000000 1.000000
	patch_type: symmetric
	patch_width: 8.0000000000000000
	patch_angle: 0.0000000000000000
	angles:  0.000000 0.000000 0.000000
	grand_canonical: 0
	chemical_potential: 0.0000000000000000
box: 13.023145 13.023145
copy: 1.000000 1.000000
epsilon: 0.2500500000000000
end_epsilon: 0.0000000000000000
pressure: 0.4286500000000000
lambda: 0.0000000000000000
lambda_coupling: 1.0000000000000000
uy: 0.0000000000000000
maximum_displacement: 1.0000000000000000
maximum_rotation: 1.0000000000000000
maximum_volume: 1.0000000000000000
maximum_shape: 0.0000001000000000
maximum_dsigma: 0.0100000000000000
mod: 10
pmod: 10
optimize: 1
verbose: 1
snapshot: 0
display: 1
explore: 1
npt: 1
nptxy: 0
nptdxdy: 0
shape: 0
seed: 381228
35.899277896518 98.388778332639 0.866025403784 -0.500000000000
83.973608590485 -22.314102505589 0.866025403784 0.500000000000
-5.889451291869 58.599975301092 0.000000000000 1.000000000000
262.048132644867 28.758936241667 0.866025403784 0.500000000000
-0.686467431050 -44.024217066174 0.866025403784 0.500000000000
25.788016455786 17.125809648858 0.866025403784 0.500000000000
68.680421059109 21.712806362426 0.000000000000 1.000000000000
25.010447916349 49.590330705757 0.866025403784 -0.500000000000
37.113118379810 -46.392861090967 0.000000000000 1.000000000000
79.406099006770 -48.119506621127 0.866025403784 0.500000000000
176.277856646962 -11.754007979916 0.866025403784 -0.500000000000
-86.689416878404 -153.348845994884 0.866025403784 -0.500000000000
81.719205273728 113.321620012726 0.866025403784 -0.500000000000
-50.207150475930 196.841663647435 0.000000000000 1.000000000000
-96.054029185698 95.771228093952 0.866025403784 0.500000000000
-147.013388121475 14.078905727548 0.866025403784 -0.500000000000
85.222222199551 3.339488680863 0.000000000000 1.000000000000
-20.825910515748 -32.787171236345 0.000000000000 1.000000000000
-92.864102003088 -5.722586915795 0.000000000000 1.000000000000
-79.355760614215 -143.854272753041 0.000000000000 1.000000000000
