#Configurational_file created 2018-09-14 11:12:48  started 2018-09-14 11:12:47 run for 1.0s steps 0
name: p_330
step: 10000
specie: 20
	particle_diameter: 1.0000000000000000
	interaction_length: 1.2000000000000000
	number_of_patches: 3
	number_of_particles_per_compound: 1
	rod_length: 1.0000000000000000
	interaction_matrix:  1.000000 1.000000 1.000000 1.000000 1.000000 1.000000 1.000000 1.000000 1.000000
	patch_type: symmetric
	patch_width: 8.0000000000000000
	patch_angle: 0.0000000000000000
	angles:  0.000000 0.000000 0.000000
	grand_canonical: 0
	chemical_potential: 0.0000000000000000
box: 8.576875 8.576875
copy: 1.000000 1.000000
epsilon: 0.2143430000000000
end_epsilon: 0.0000000000000000
pressure: 2.0000000000000000
lambda: 0.0000000000000000
lambda_coupling: 1.0000000000000000
uy: 0.0000000000000000
maximum_displacement: 1.0000000000000000
maximum_rotation: 1.0000000000000000
maximum_volume: 1.0000000000000000
maximum_shape: 0.0000001000000000
maximum_dsigma: 0.0100000000000000
mod: 10
pmod: 10
optimize: 1
verbose: 1
snapshot: 0
display: 1
explore: 1
npt: 1
nptxy: 0
nptdxdy: 0
shape: 0
seed: 376680
-140.536025711231 79.329879310210 0.866025403784 -0.500000000000
20.395496817254 -84.925476449926 0.866025403784 0.500000000000
-64.333851423270 12.206639152598 0.866025403784 -0.500000000000
66.326169036955 -7.076716054064 0.866025403784 -0.500000000000
17.695328821787 -71.382125545076 0.000000000000 1.000000000000
-58.875162127246 55.115729679844 0.000000000000 1.000000000000
-0.276286725102 -80.564425171441 0.000000000000 1.000000000000
150.601268165570 -0.414016335330 0.866025403784 0.500000000000
-88.827094026502 132.562953723135 0.866025403784 0.500000000000
-85.148392364788 -196.508835679621 0.000000000000 1.000000000000
131.638773392929 32.873257130618 0.866025403784 -0.500000000000
-45.244197311966 -42.017694748334 0.000000000000 1.000000000000
-66.479484018226 96.233353570559 0.866025403784 -0.500000000000
-10.359783379296 -27.943222631515 0.866025403784 0.500000000000
47.000731177494 19.028452783658 0.866025403784 0.500000000000
25.700302925132 -25.457781995422 0.866025403784 -0.500000000000
36.869127734489 -60.064008934116 0.866025403784 0.500000000000
65.593892790715 -34.392255254833 0.000000000000 1.000000000000
2.491508075567 46.708519017342 0.866025403784 -0.500000000000
-58.357915462564 14.781483375118 0.866025403784 -0.500000000000
