#Configurational_file created 2018-09-14 11:12:54  started 2018-09-14 11:12:53 run for 1.0s steps 0
name: p_338
step: 10000
specie: 20
	particle_diameter: 1.0000000000000000
	interaction_length: 1.2000000000000000
	number_of_patches: 3
	number_of_particles_per_compound: 1
	rod_length: 1.0000000000000000
	interaction_matrix:  1.000000 1.000000 1.000000 1.000000 1.000000 1.000000 1.000000 1.000000 1.000000
	patch_type: symmetric
	patch_width: 8.0000000000000000
	patch_angle: 0.0000000000000000
	angles:  0.000000 0.000000 0.000000
	grand_canonical: 0
	chemical_potential: 0.0000000000000000
box: 10.407111 10.407111
copy: 1.000000 1.000000
epsilon: 0.2500500000000000
end_epsilon: 0.0000000000000000
pressure: 1.0000500000000001
lambda: 0.0000000000000000
lambda_coupling: 1.0000000000000000
uy: 0.0000000000000000
maximum_displacement: 1.0000000000000000
maximum_rotation: 1.0000000000000000
maximum_volume: 1.0000000000000000
maximum_shape: 0.0000001000000000
maximum_dsigma: 0.0100000000000000
mod: 10
pmod: 10
optimize: 1
verbose: 1
snapshot: 0
display: 1
explore: 1
npt: 1
nptxy: 0
nptdxdy: 0
shape: 0
seed: 385776
24.740414262523 24.306500646331 0.866025403784 0.500000000000
-77.973216381285 -111.014131737355 0.866025403784 0.500000000000
-1.172944033383 74.059949240028 0.866025403784 -0.500000000000
121.708734773486 -155.383487588713 0.000000000000 1.000000000000
-50.025118230285 174.979969952011 0.866025403784 -0.500000000000
54.684179365264 51.032384575346 0.000000000000 1.000000000000
46.443068327579 -161.869513576431 0.866025403784 -0.500000000000
-10.401568737392 144.225051530939 0.000000000000 1.000000000000
21.214383425752 -10.853783260169 0.866025403784 0.500000000000
177.760748166190 -120.821407619487 0.866025403784 -0.500000000000
41.257510320512 -44.609597320814 0.000000000000 1.000000000000
-11.833764452915 -4.127249831813 0.866025403784 0.500000000000
52.750937852022 -29.449850278806 0.866025403784 0.500000000000
7.669035106856 1.063719153354 0.866025403784 -0.500000000000
15.864072358017 -133.869865905043 0.866025403784 0.500000000000
-116.755991034019 -27.520873308477 0.000000000000 1.000000000000
48.082087627215 23.386655279795 0.000000000000 1.000000000000
-107.646603624005 -75.248048009536 0.866025403784 0.500000000000
32.289227346997 -72.234275503314 0.000000000000 1.000000000000
134.931351027448 24.321199866031 0.000000000000 1.000000000000
