#Configurational_file created 2018-09-14 11:12:57  started 2018-09-14 11:12:56 run for 1.0s steps 0
name: p_341
step: 10000
specie: 20
	particle_diameter: 1.0000000000000000
	interaction_length: 1.2000000000000000
	number_of_patches: 3
	number_of_particles_per_compound: 1
	rod_length: 1.0000000000000000
	interaction_matrix:  1.000000 1.000000 1.000000 1.000000 1.000000 1.000000 1.000000 1.000000 1.000000
	patch_type: symmetric
	patch_width: 8.0000000000000000
	patch_angle: 0.0000000000000000
	angles:  0.000000 0.000000 0.000000
	grand_canonical: 0
	chemical_potential: 0.0000000000000000
box: 9.949167 9.949167
copy: 1.000000 1.000000
epsilon: 0.2500500000000000
end_epsilon: 0.0000000000000000
pressure: 1.4286000000000001
lambda: 0.0000000000000000
lambda_coupling: 1.0000000000000000
uy: 0.0000000000000000
maximum_displacement: 1.0000000000000000
maximum_rotation: 1.0000000000000000
maximum_volume: 1.0000000000000000
maximum_shape: 0.0000001000000000
maximum_dsigma: 0.0100000000000000
mod: 10
pmod: 10
optimize: 1
verbose: 1
snapshot: 0
display: 1
explore: 1
npt: 1
nptxy: 0
nptdxdy: 0
shape: 0
seed: 389187
0.709783826950 -42.539896148327 0.866025403784 0.500000000000
-46.424102070288 -6.732591212543 0.866025403784 0.500000000000
-131.657165349614 34.054542816276 0.866025403784 0.500000000000
-9.455011275545 9.240967966848 0.866025403784 -0.500000000000
-18.269932689352 9.863642599898 0.866025403784 -0.500000000000
93.361731889411 -101.941989687410 0.000000000000 1.000000000000
-13.644369371825 -101.917757753184 0.866025403784 -0.500000000000
67.125788961972 146.398088975524 0.866025403784 0.500000000000
104.073432768574 36.161358896292 0.000000000000 1.000000000000
5.400390864690 -76.191660596363 0.000000000000 1.000000000000
-13.730571260017 -122.389879256588 0.866025403784 0.500000000000
62.766348142109 9.094679683082 0.866025403784 -0.500000000000
-21.729793548869 33.391181174758 0.000000000000 1.000000000000
-80.884972594112 75.003181712113 0.000000000000 1.000000000000
-163.877846590468 -22.765756839346 0.866025403784 -0.500000000000
-5.220449963724 -145.310634437567 0.866025403784 0.500000000000
90.555028110544 -15.139222768397 0.866025403784 -0.500000000000
196.482671957854 -51.234555800943 0.000000000000 1.000000000000
46.799666031597 -153.066429912790 0.000000000000 1.000000000000
6.608876856473 93.400908521764 0.866025403784 0.500000000000
