#Configurational_file created 2018-09-14 11:13:01  started 2018-09-14 11:13:00 run for 1.0s steps 0
name: p_346
step: 10000
specie: 20
	particle_diameter: 1.0000000000000000
	interaction_length: 1.2000000000000000
	number_of_patches: 3
	number_of_particles_per_compound: 1
	rod_length: 1.0000000000000000
	interaction_matrix:  1.000000 1.000000 1.000000 1.000000 1.000000 1.000000 1.000000 1.000000 1.000000
	patch_type: symmetric
	patch_width: 8.0000000000000000
	patch_angle: 0.0000000000000000
	angles:  0.000000 0.000000 0.000000
	grand_canonical: 0
	chemical_potential: 0.0000000000000000
box: 49.757538 49.757538
copy: 1.000000 1.000000
epsilon: 0.2857570000000000
end_epsilon: 0.0000000000000000
pressure: 0.0001000000000000
lambda: 0.0000000000000000
lambda_coupling: 1.0000000000000000
uy: 0.0000000000000000
maximum_displacement: 1.0000000000000000
maximum_rotation: 1.0000000000000000
maximum_volume: 1.0000000000000000
maximum_shape: 0.0000001000000000
maximum_dsigma: 0.0100000000000000
mod: 10
pmod: 10
optimize: 1
verbose: 1
snapshot: 0
display: 1
explore: 1
npt: 1
nptxy: 0
nptdxdy: 0
shape: 0
seed: 394872
-77.937739381193 42.445766564860 0.866025403784 -0.500000000000
46.250613459135 -166.499534338044 0.866025403784 0.500000000000
-110.751635546561 -144.230630225177 0.866025403784 0.500000000000
-170.498281163573 205.903181803204 0.866025403784 -0.500000000000
174.553186035968 454.202438807064 0.866025403784 -0.500000000000
-193.962440490431 529.147460142866 0.000000000000 1.000000000000
-21.139191077988 28.893428590471 0.000000000000 1.000000000000
291.682030777687 -89.063672714386 0.866025403784 -0.500000000000
-469.825441014693 50.832605118069 0.866025403784 0.500000000000
-266.545476446114 183.358319382352 0.866025403784 -0.500000000000
24.614544251830 236.001536908064 0.000000000000 1.000000000000
11.896981673174 -91.827854477717 0.866025403784 -0.500000000000
22.404665007798 89.857136097546 0.000000000000 1.000000000000
-105.082777773332 0.843425805213 0.000000000000 1.000000000000
-112.748780374933 -146.646999309520 0.000000000000 1.000000000000
166.384812383824 -22.198218439277 0.000000000000 1.000000000000
-100.665766953693 301.644525595283 0.866025403784 0.500000000000
165.492982397710 340.059839154677 0.866025403784 0.500000000000
187.598382341462 -498.580576534774 0.866025403784 0.500000000000
94.862211032094 -272.510684388301 0.866025403784 -0.500000000000
