#Configurational_file created 2018-09-14 11:13:03  started 2018-09-14 11:13:02 run for 1.0s steps 0
name: p_349
step: 10000
specie: 20
	particle_diameter: 1.0000000000000000
	interaction_length: 1.2000000000000000
	number_of_patches: 3
	number_of_particles_per_compound: 1
	rod_length: 1.0000000000000000
	interaction_matrix:  1.000000 1.000000 1.000000 1.000000 1.000000 1.000000 1.000000 1.000000 1.000000
	patch_type: symmetric
	patch_width: 8.0000000000000000
	patch_angle: 0.0000000000000000
	angles:  0.000000 0.000000 0.000000
	grand_canonical: 0
	chemical_potential: 0.0000000000000000
box: 14.722676 14.722676
copy: 1.000000 1.000000
epsilon: 0.2857570000000000
end_epsilon: 0.0000000000000000
pressure: 0.4286500000000000
lambda: 0.0000000000000000
lambda_coupling: 1.0000000000000000
uy: 0.0000000000000000
maximum_displacement: 1.0000000000000000
maximum_rotation: 1.0000000000000000
maximum_volume: 1.0000000000000000
maximum_shape: 0.0000001000000000
maximum_dsigma: 0.0100000000000000
mod: 10
pmod: 10
optimize: 1
verbose: 1
snapshot: 0
display: 1
explore: 1
npt: 1
nptxy: 0
nptdxdy: 0
shape: 0
seed: 398283
97.797472488709 -22.249691515587 0.000000000000 1.000000000000
60.816797758880 57.317043101840 0.000000000000 1.000000000000
88.604930516260 56.022365613695 0.866025403784 0.500000000000
127.284016970618 126.739409550434 0.866025403784 -0.500000000000
-107.962017515449 -15.313740789172 0.866025403784 -0.500000000000
-22.477807230580 66.479654141188 0.866025403784 -0.500000000000
-166.396508416407 91.151234626633 0.866025403784 0.500000000000
-99.579669601957 -29.852141169974 0.866025403784 -0.500000000000
44.871163164113 5.533617694925 0.000000000000 1.000000000000
-60.939298555512 -99.838287381488 0.866025403784 0.500000000000
-139.101301432614 -72.985987918195 0.866025403784 -0.500000000000
42.907618362313 4.997124250705 0.866025403784 -0.500000000000
56.176250348821 23.716982547919 0.000000000000 1.000000000000
126.260672697221 210.228226763261 0.000000000000 1.000000000000
70.900383712475 107.646045983766 0.000000000000 1.000000000000
57.813959706134 -17.971748854304 0.866025403784 -0.500000000000
73.655957374067 -98.842588458461 0.866025403784 -0.500000000000
-24.814869381594 -11.020610012384 0.866025403784 0.500000000000
137.684646168095 43.676505830283 0.000000000000 1.000000000000
128.474523061462 -19.183660750403 0.866025403784 -0.500000000000
