#Configurational_file created 2018-09-14 11:13:00  started 2018-09-14 11:12:59 run for 1.0s steps 0
name: p_345
step: 10000
specie: 20
	particle_diameter: 1.0000000000000000
	interaction_length: 1.2000000000000000
	number_of_patches: 3
	number_of_particles_per_compound: 1
	rod_length: 1.0000000000000000
	interaction_matrix:  1.000000 1.000000 1.000000 1.000000 1.000000 1.000000 1.000000 1.000000 1.000000
	patch_type: symmetric
	patch_width: 8.0000000000000000
	patch_angle: 0.0000000000000000
	angles:  0.000000 0.000000 0.000000
	grand_canonical: 0
	chemical_potential: 0.0000000000000000
box: 7.735045 7.735045
copy: 1.000000 1.000000
epsilon: 0.2500500000000000
end_epsilon: 0.0000000000000000
pressure: 2.0000000000000000
lambda: 0.0000000000000000
lambda_coupling: 1.0000000000000000
uy: 0.0000000000000000
maximum_displacement: 1.0000000000000000
maximum_rotation: 1.0000000000000000
maximum_volume: 0.7133996791947750
maximum_shape: 0.0000001000000000
maximum_dsigma: 0.0100000000000000
mod: 10
pmod: 10
optimize: 1
verbose: 1
snapshot: 0
display: 1
explore: 1
npt: 1
nptxy: 0
nptdxdy: 0
shape: 0
seed: 393735
-58.052436295953 7.681675144269 0.000000000000 1.000000000000
73.011354266761 47.537669241937 0.000000000000 1.000000000000
-61.700884041296 -37.423726515927 0.866025403784 -0.500000000000
2.318341902888 170.771007071406 0.866025403784 -0.500000000000
91.529417568011 -43.958218390234 0.866025403784 0.500000000000
-14.705793649236 -19.110428994183 0.000000000000 1.000000000000
33.086993333407 57.882038661022 0.866025403784 -0.500000000000
41.670666587613 57.821967031865 0.866025403784 0.500000000000
-56.480884280168 -15.826876490840 0.866025403784 -0.500000000000
98.872504663137 24.130042909918 0.000000000000 1.000000000000
26.654220840326 -31.981143408942 0.000000000000 1.000000000000
16.787410799172 -119.094699330718 0.866025403784 -0.500000000000
-4.639094517038 -149.316302428262 0.000000000000 1.000000000000
-55.927792643220 -18.962354484091 0.000000000000 1.000000000000
60.229644529577 -55.306061455175 0.000000000000 1.000000000000
131.060724161524 -54.552329815097 0.866025403784 0.500000000000
-64.241431789758 -3.559724449565 0.866025403784 -0.500000000000
-49.814790926242 -135.171316935521 0.000000000000 1.000000000000
-48.956761531108 37.379444000462 0.866025403784 0.500000000000
-37.499469901740 -31.252036347690 0.866025403784 0.500000000000
