#Configurational_file created 2018-09-14 11:12:56  started 2018-09-14 11:12:55 run for 1.0s steps 0
name: p_340
step: 10000
specie: 20
	particle_diameter: 1.0000000000000000
	interaction_length: 1.2000000000000000
	number_of_patches: 3
	number_of_particles_per_compound: 1
	rod_length: 1.0000000000000000
	interaction_matrix:  1.000000 1.000000 1.000000 1.000000 1.000000 1.000000 1.000000 1.000000 1.000000
	patch_type: symmetric
	patch_width: 8.0000000000000000
	patch_angle: 0.0000000000000000
	angles:  0.000000 0.000000 0.000000
	grand_canonical: 0
	chemical_potential: 0.0000000000000000
box: 8.672962 8.672962
copy: 1.000000 1.000000
epsilon: 0.2500500000000000
end_epsilon: 0.0000000000000000
pressure: 1.2857499999999999
lambda: 0.0000000000000000
lambda_coupling: 1.0000000000000000
uy: 0.0000000000000000
maximum_displacement: 1.0000000000000000
maximum_rotation: 1.0000000000000000
maximum_volume: 1.0000000000000000
maximum_shape: 0.0000001000000000
maximum_dsigma: 0.0100000000000000
mod: 10
pmod: 10
optimize: 1
verbose: 1
snapshot: 0
display: 1
explore: 1
npt: 1
nptxy: 0
nptdxdy: 0
shape: 0
seed: 388050
-43.754297820976 -120.129467278054 0.866025403784 -0.500000000000
-7.237157596162 -37.507866345618 0.000000000000 1.000000000000
64.054465552283 -44.856039214050 0.866025403784 -0.500000000000
33.754868210494 20.006157259643 0.866025403784 -0.500000000000
45.082357479089 -12.626452226636 0.000000000000 1.000000000000
22.444041381875 29.431837469838 0.866025403784 0.500000000000
-7.809531938505 -1.377871275888 0.000000000000 1.000000000000
-5.011949456661 29.399808358799 0.866025403784 0.500000000000
12.993345008832 -129.231189546307 0.000000000000 1.000000000000
178.100330348524 -62.463245031910 0.000000000000 1.000000000000
19.376566641818 154.860588293358 0.866025403784 -0.500000000000
-8.000477298540 49.054021385453 0.866025403784 0.500000000000
-2.425519320196 -81.172692914509 0.866025403784 0.500000000000
26.249513146568 -109.641705167236 0.866025403784 0.500000000000
-115.402793762208 -92.079780428191 0.866025403784 -0.500000000000
50.203532325428 -75.973509262612 0.866025403784 0.500000000000
-26.380857365863 53.117524685344 0.000000000000 1.000000000000
-27.064194585843 129.504312773836 0.000000000000 1.000000000000
-90.157061841789 -77.859791635417 0.000000000000 1.000000000000
-87.606182869020 -90.336564365337 0.866025403784 -0.500000000000
