#Configurational_file created 2018-09-14 11:13:02  started 2018-09-14 11:13:01 run for 1.0s steps 0
name: p_347
step: 10000
specie: 20
	particle_diameter: 1.0000000000000000
	interaction_length: 1.2000000000000000
	number_of_patches: 3
	number_of_particles_per_compound: 1
	rod_length: 1.0000000000000000
	interaction_matrix:  1.000000 1.000000 1.000000 1.000000 1.000000 1.000000 1.000000 1.000000 1.000000
	patch_type: symmetric
	patch_width: 8.0000000000000000
	patch_angle: 0.0000000000000000
	angles:  0.000000 0.000000 0.000000
	grand_canonical: 0
	chemical_potential: 0.0000000000000000
box: 21.593667 21.593667
copy: 1.000000 1.000000
epsilon: 0.2857570000000000
end_epsilon: 0.0000000000000000
pressure: 0.1429500000000000
lambda: 0.0000000000000000
lambda_coupling: 1.0000000000000000
uy: 0.0000000000000000
maximum_displacement: 1.0000000000000000
maximum_rotation: 1.0000000000000000
maximum_volume: 1.0000000000000000
maximum_shape: 0.0000001000000000
maximum_dsigma: 0.0100000000000000
mod: 10
pmod: 10
optimize: 1
verbose: 1
snapshot: 0
display: 1
explore: 1
npt: 1
nptxy: 0
nptdxdy: 0
shape: 0
seed: 396009
-53.114249954691 -109.945028564214 0.866025403784 0.500000000000
60.922391319523 -0.466292259015 0.000000000000 1.000000000000
-53.276969052915 89.444013208269 0.000000000000 1.000000000000
58.027010143518 239.603132642583 0.866025403784 0.500000000000
-12.753107242291 -163.500572815188 0.866025403784 0.500000000000
-163.606292958301 94.361246600685 0.866025403784 0.500000000000
-80.324903060977 240.478521097295 0.866025403784 0.500000000000
35.064415026039 -146.397318425156 0.866025403784 0.500000000000
172.517202470556 108.566838010024 0.000000000000 1.000000000000
-145.185681960335 72.833550026578 0.000000000000 1.000000000000
232.277437272377 25.176320430217 0.866025403784 0.500000000000
-188.042016619556 -138.053332720662 0.000000000000 1.000000000000
134.502097547601 115.019781342198 0.866025403784 -0.500000000000
66.330328962369 55.975025489512 0.000000000000 1.000000000000
204.152646468657 144.817063270695 0.866025403784 0.500000000000
-85.846150998007 -164.286940436209 0.000000000000 1.000000000000
104.252641934504 152.964172015346 0.000000000000 1.000000000000
71.468574318406 -2.446797369239 0.866025403784 0.500000000000
-56.710008774085 248.321001460858 0.866025403784 -0.500000000000
-140.741109180616 -123.409756224728 0.866025403784 -0.500000000000
