#Configurational_file created 2018-09-14 11:13:02  started 2018-09-14 11:13:02 run for 0.0s steps 0
name: p_348
step: 10000
specie: 20
	particle_diameter: 1.0000000000000000
	interaction_length: 1.2000000000000000
	number_of_patches: 3
	number_of_particles_per_compound: 1
	rod_length: 1.0000000000000000
	interaction_matrix:  1.000000 1.000000 1.000000 1.000000 1.000000 1.000000 1.000000 1.000000 1.000000
	patch_type: symmetric
	patch_width: 8.0000000000000000
	patch_angle: 0.0000000000000000
	angles:  0.000000 0.000000 0.000000
	grand_canonical: 0
	chemical_potential: 0.0000000000000000
box: 18.362319 18.362319
copy: 1.000000 1.000000
epsilon: 0.2857570000000000
end_epsilon: 0.0000000000000000
pressure: 0.2858000000000000
lambda: 0.0000000000000000
lambda_coupling: 1.0000000000000000
uy: 0.0000000000000000
maximum_displacement: 1.0000000000000000
maximum_rotation: 1.0000000000000000
maximum_volume: 1.0000000000000000
maximum_shape: 0.0000001000000000
maximum_dsigma: 0.0100000000000000
mod: 10
pmod: 10
optimize: 1
verbose: 1
snapshot: 0
display: 1
explore: 1
npt: 1
nptxy: 0
nptdxdy: 0
shape: 0
seed: 397146
-74.868225699310 63.092892527368 0.866025403784 -0.500000000000
60.763364416295 58.236354501514 0.866025403784 -0.500000000000
19.886605138945 99.060797055069 0.866025403784 0.500000000000
85.758626907644 -103.315113484565 0.000000000000 1.000000000000
143.067464623461 -24.616187792526 0.866025403784 0.500000000000
78.924014172588 -10.018635008326 0.866025403784 0.500000000000
-104.700037558362 -60.485013454001 0.866025403784 -0.500000000000
49.084165494026 -183.430175736546 0.866025403784 0.500000000000
-226.406335400925 125.763357268856 0.866025403784 0.500000000000
7.160416404043 193.849259514176 0.866025403784 0.500000000000
-35.871196016089 192.100135930342 0.866025403784 0.500000000000
20.626725958424 63.546563250545 0.866025403784 -0.500000000000
24.334388786276 -97.914248339451 0.866025403784 0.500000000000
38.133412406919 -87.905969087492 0.866025403784 -0.500000000000
-70.456972253022 106.394798923074 0.866025403784 0.500000000000
161.366393320222 1.304725455955 0.866025403784 -0.500000000000
214.762641034299 -114.652786168890 0.866025403784 0.500000000000
-154.687938753049 28.329911602512 0.866025403784 -0.500000000000
45.493988636685 -57.835573344307 0.866025403784 0.500000000000
52.794831810812 58.911395465062 0.866025403784 -0.500000000000
