#Configurational_file created 2018-09-14 11:12:57  started 2018-09-14 11:12:57 run for 0.0s steps 0
name: p_342
step: 10000
specie: 20
	particle_diameter: 1.0000000000000000
	interaction_length: 1.2000000000000000
	number_of_patches: 3
	number_of_particles_per_compound: 1
	rod_length: 1.0000000000000000
	interaction_matrix:  1.000000 1.000000 1.000000 1.000000 1.000000 1.000000 1.000000 1.000000 1.000000
	patch_type: symmetric
	patch_width: 8.0000000000000000
	patch_angle: 0.0000000000000000
	angles:  0.000000 0.000000 0.000000
	grand_canonical: 0
	chemical_potential: 0.0000000000000000
box: 9.613520 9.613520
copy: 1.000000 1.000000
epsilon: 0.2500500000000000
end_epsilon: 0.0000000000000000
pressure: 1.5714500000000000
lambda: 0.0000000000000000
lambda_coupling: 1.0000000000000000
uy: 0.0000000000000000
maximum_displacement: 1.0000000000000000
maximum_rotation: 1.0000000000000000
maximum_volume: 0.9800000000000000
maximum_shape: 0.0000001000000000
maximum_dsigma: 0.0100000000000000
mod: 10
pmod: 10
optimize: 1
verbose: 1
snapshot: 0
display: 1
explore: 1
npt: 1
nptxy: 0
nptdxdy: 0
shape: 0
seed: 390324
75.307103751503 71.245107059639 0.866025403784 -0.500000000000
14.574271072338 100.166756856849 0.866025403784 0.500000000000
-80.692049164239 -200.524861331318 0.866025403784 -0.500000000000
205.423898658114 27.629670444882 0.000000000000 1.000000000000
-9.190676813051 87.140472956770 0.866025403784 0.500000000000
-45.177281865953 81.386656312184 0.866025403784 -0.500000000000
-6.808355276817 39.126731926147 0.866025403784 0.500000000000
13.720673380516 -86.663487999788 0.000000000000 1.000000000000
-96.011334228715 159.177615090727 0.866025403784 -0.500000000000
32.864190506828 -95.120641699942 0.000000000000 1.000000000000
-29.768217730054 -49.164650846795 0.000000000000 1.000000000000
83.738914722676 -61.444834289535 0.866025403784 -0.500000000000
233.758385952382 -45.135968750769 0.866025403784 0.500000000000
53.440841300149 -50.723327713716 0.000000000000 1.000000000000
20.574842016460 94.367935737554 0.866025403784 -0.500000000000
-14.891143045754 -50.311128033935 0.000000000000 1.000000000000
-134.088556113966 -50.314182411673 0.000000000000 1.000000000000
79.783641332145 -67.290258828395 0.000000000000 1.000000000000
18.698602764070 -15.750221817472 0.866025403784 0.500000000000
11.023005712487 89.295878131974 0.000000000000 1.000000000000
