#Configurational_file created 2018-09-14 11:12:58  started 2018-09-14 11:12:57 run for 1.0s steps 0
name: p_343
step: 10000
specie: 20
	particle_diameter: 1.0000000000000000
	interaction_length: 1.2000000000000000
	number_of_patches: 3
	number_of_particles_per_compound: 1
	rod_length: 1.0000000000000000
	interaction_matrix:  1.000000 1.000000 1.000000 1.000000 1.000000 1.000000 1.000000 1.000000 1.000000
	patch_type: symmetric
	patch_width: 8.0000000000000000
	patch_angle: 0.0000000000000000
	angles:  0.000000 0.000000 0.000000
	grand_canonical: 0
	chemical_potential: 0.0000000000000000
box: 7.816446 7.816446
copy: 1.000000 1.000000
epsilon: 0.2500500000000000
end_epsilon: 0.0000000000000000
pressure: 1.7142999999999999
lambda: 0.0000000000000000
lambda_coupling: 1.0000000000000000
uy: 0.0000000000000000
maximum_displacement: 1.0000000000000000
maximum_rotation: 1.0000000000000000
maximum_volume: 0.7681552220160000
maximum_shape: 0.0000001000000000
maximum_dsigma: 0.0100000000000000
mod: 10
pmod: 10
optimize: 1
verbose: 1
snapshot: 0
display: 1
explore: 1
npt: 1
nptxy: 0
nptdxdy: 0
shape: 0
seed: 391461
-108.438740701578 36.676925648424 0.000000000000 1.000000000000
35.218177154556 19.777270103748 0.000000000000 1.000000000000
-80.802270434783 89.097103556876 0.000000000000 1.000000000000
-14.894631616071 21.741035206992 0.866025403784 0.500000000000
-58.980942462043 -50.544122764775 0.866025403784 -0.500000000000
-95.455755813613 -6.652879232887 0.866025403784 -0.500000000000
-74.600739318183 47.692667121967 0.866025403784 -0.500000000000
25.105666072926 62.639579914974 0.866025403784 0.500000000000
-5.613842242418 -6.647685002268 0.866025403784 0.500000000000
35.529563994928 -9.099973227021 0.000000000000 1.000000000000
17.156080473861 -105.779018632645 0.866025403784 0.500000000000
-123.836859359404 46.115756371340 0.000000000000 1.000000000000
62.158603702702 11.407168983847 0.866025403784 0.500000000000
-32.153988723647 -65.379803125754 0.866025403784 -0.500000000000
10.112191304027 -99.223070671922 0.866025403784 -0.500000000000
62.370183890111 -138.222142218053 0.866025403784 0.500000000000
-120.937187752789 -21.056614152994 0.866025403784 0.500000000000
-142.538201017477 -17.882241860999 0.866025403784 -0.500000000000
-84.696636217100 -22.269168086046 0.866025403784 -0.500000000000
2.568506172167 66.584772584626 0.866025403784 0.500000000000
