#Configurational_file created 2018-09-14 11:12:59  started 2018-09-14 11:12:58 run for 1.0s steps 0
name: p_344
step: 10000
specie: 20
	particle_diameter: 1.0000000000000000
	interaction_length: 1.2000000000000000
	number_of_patches: 3
	number_of_particles_per_compound: 1
	rod_length: 1.0000000000000000
	interaction_matrix:  1.000000 1.000000 1.000000 1.000000 1.000000 1.000000 1.000000 1.000000 1.000000
	patch_type: symmetric
	patch_width: 8.0000000000000000
	patch_angle: 0.0000000000000000
	angles:  0.000000 0.000000 0.000000
	grand_canonical: 0
	chemical_potential: 0.0000000000000000
box: 8.830638 8.830638
copy: 1.000000 1.000000
epsilon: 0.2500500000000000
end_epsilon: 0.0000000000000000
pressure: 1.8571500000000001
lambda: 0.0000000000000000
lambda_coupling: 1.0000000000000000
uy: 0.0000000000000000
maximum_displacement: 1.0000000000000000
maximum_rotation: 1.0000000000000000
maximum_volume: 0.8308220784413802
maximum_shape: 0.0000001000000000
maximum_dsigma: 0.0100000000000000
mod: 10
pmod: 10
optimize: 1
verbose: 1
snapshot: 0
display: 1
explore: 1
npt: 1
nptxy: 0
nptdxdy: 0
shape: 0
seed: 392598
38.311679101253 -69.256826439097 0.000000000000 1.000000000000
177.692523729523 23.925737465498 0.866025403784 -0.500000000000
-51.297774833227 -2.215640438033 0.000000000000 1.000000000000
8.748247703179 8.013069461870 0.866025403784 -0.500000000000
-39.220251857398 -13.686373848601 0.866025403784 -0.500000000000
-6.299119754833 -5.868592833809 0.000000000000 1.000000000000
-77.374433260447 -60.268659673592 0.866025403784 -0.500000000000
65.298723641030 69.811823566413 0.866025403784 -0.500000000000
-61.633458746022 4.496262345189 0.000000000000 1.000000000000
-28.628106493964 -143.344916218132 0.000000000000 1.000000000000
-3.660568625023 -15.861227704473 0.866025403784 -0.500000000000
67.378223856821 42.825588624563 0.866025403784 -0.500000000000
38.732336308046 31.492982190319 0.866025403784 -0.500000000000
34.750870857238 33.009166817742 0.866025403784 0.500000000000
-36.039246429188 -7.750429559820 0.866025403784 0.500000000000
51.285026084738 58.232362457887 0.866025403784 0.500000000000
1.438030303564 62.484972235415 0.866025403784 -0.500000000000
-55.592486034149 -77.013104903108 0.000000000000 1.000000000000
21.524364416644 -128.472371936602 0.866025403784 0.500000000000
-47.915397054990 -82.083916309541 0.866025403784 0.500000000000
