#Configurational_file created 2018-09-14 11:13:05  started 2018-09-14 11:13:04 run for 1.0s steps 0
name: p_351
step: 10000
specie: 20
	particle_diameter: 1.0000000000000000
	interaction_length: 1.2000000000000000
	number_of_patches: 3
	number_of_particles_per_compound: 1
	rod_length: 1.0000000000000000
	interaction_matrix:  1.000000 1.000000 1.000000 1.000000 1.000000 1.000000 1.000000 1.000000 1.000000
	patch_type: symmetric
	patch_width: 8.0000000000000000
	patch_angle: 0.0000000000000000
	angles:  0.000000 0.000000 0.000000
	grand_canonical: 0
	chemical_potential: 0.0000000000000000
box: 11.357830 11.357830
copy: 1.000000 1.000000
epsilon: 0.2857570000000000
end_epsilon: 0.0000000000000000
pressure: 0.7143500000000000
lambda: 0.0000000000000000
lambda_coupling: 1.0000000000000000
uy: 0.0000000000000000
maximum_displacement: 1.0000000000000000
maximum_rotation: 1.0000000000000000
maximum_volume: 1.0000000000000000
maximum_shape: 0.0000001000000000
maximum_dsigma: 0.0100000000000000
mod: 10
pmod: 10
optimize: 1
verbose: 1
snapshot: 0
display: 1
explore: 1
npt: 1
nptxy: 0
nptdxdy: 0
shape: 0
seed: 400557
-20.116911150848 -156.351635696355 0.000000000000 1.000000000000
-10.167061828165 -69.941159437039 0.000000000000 1.000000000000
63.858703580850 34.389170850887 0.000000000000 1.000000000000
84.786081172219 -20.649034906886 0.000000000000 1.000000000000
104.603323957085 -6.756022365147 0.866025403784 -0.500000000000
-56.994560071022 -111.207213701391 0.866025403784 0.500000000000
-63.682319441822 6.363840380519 0.000000000000 1.000000000000
-12.281783302446 31.187218191710 0.866025403784 0.500000000000
-4.574070813004 2.266906049461 0.000000000000 1.000000000000
177.677373170872 -89.568314069195 0.000000000000 1.000000000000
55.247459996986 -55.433474506078 0.866025403784 -0.500000000000
114.509283672107 3.026904152825 0.000000000000 1.000000000000
-19.595829811358 -26.695333706844 0.866025403784 -0.500000000000
-6.789470392495 1.221237190069 0.866025403784 0.500000000000
-49.228770521396 50.089136751854 0.866025403784 -0.500000000000
89.433436503501 -90.344708101816 0.000000000000 1.000000000000
18.199869455210 43.585044150437 0.866025403784 0.500000000000
18.022459723827 -26.119729344902 0.000000000000 1.000000000000
31.810637805051 -101.503809212043 0.866025403784 0.500000000000
-97.813344803379 -30.265060555652 0.866025403784 -0.500000000000
