#Configurational_file created 2018-09-14 11:13:06  started 2018-09-14 11:13:05 run for 1.0s steps 0
name: p_353
step: 10000
specie: 20
	particle_diameter: 1.0000000000000000
	interaction_length: 1.2000000000000000
	number_of_patches: 3
	number_of_particles_per_compound: 1
	rod_length: 1.0000000000000000
	interaction_matrix:  1.000000 1.000000 1.000000 1.000000 1.000000 1.000000 1.000000 1.000000 1.000000
	patch_type: symmetric
	patch_width: 8.0000000000000000
	patch_angle: 0.0000000000000000
	angles:  0.000000 0.000000 0.000000
	grand_canonical: 0
	chemical_potential: 0.0000000000000000
box: 10.015170 10.015170
copy: 1.000000 1.000000
epsilon: 0.2857570000000000
end_epsilon: 0.0000000000000000
pressure: 1.0000500000000001
lambda: 0.0000000000000000
lambda_coupling: 1.0000000000000000
uy: 0.0000000000000000
maximum_displacement: 1.0000000000000000
maximum_rotation: 1.0000000000000000
maximum_volume: 1.0000000000000000
maximum_shape: 0.0000001000000000
maximum_dsigma: 0.0100000000000000
mod: 10
pmod: 10
optimize: 1
verbose: 1
snapshot: 0
display: 1
explore: 1
npt: 1
nptxy: 0
nptdxdy: 0
shape: 0
seed: 402831
-126.879645774066 -34.146255946125 0.866025403784 0.500000000000
-125.814761296096 -3.537490538958 0.000000000000 1.000000000000
-48.477836522873 -36.654145160852 0.866025403784 0.500000000000
40.367055518950 200.030718981192 0.866025403784 0.500000000000
3.585018756462 80.743841292299 0.000000000000 1.000000000000
36.639366910038 129.699600057413 0.866025403784 0.500000000000
155.406987929228 -26.757076568477 0.866025403784 -0.500000000000
158.326683263595 -45.743793899906 0.866025403784 0.500000000000
-45.901012293916 -111.257125714734 0.866025403784 0.500000000000
-32.161075487209 -139.929042174938 0.000000000000 1.000000000000
-20.341139118198 -121.536225061609 0.866025403784 0.500000000000
17.614455607341 8.491832253827 0.866025403784 0.500000000000
38.336084612750 31.829848634288 0.866025403784 -0.500000000000
-39.331479829516 32.674349882649 0.866025403784 0.500000000000
-16.512384413308 -86.192142637702 0.000000000000 1.000000000000
-78.281448278863 -174.893884518993 0.000000000000 1.000000000000
79.559621867095 -93.608919763262 0.000000000000 1.000000000000
-59.318626997433 -59.648755444782 0.000000000000 1.000000000000
2.546694386125 50.760828285353 0.866025403784 0.500000000000
-103.910772239337 -138.679078828429 0.000000000000 1.000000000000
