#Configurational_file created 2018-09-14 11:13:05  started 2018-09-14 11:13:05 run for 0.0s steps 0
name: p_352
step: 10000
specie: 20
	particle_diameter: 1.0000000000000000
	interaction_length: 1.2000000000000000
	number_of_patches: 3
	number_of_particles_per_compound: 1
	rod_length: 1.0000000000000000
	interaction_matrix:  1.000000 1.000000 1.000000 1.000000 1.000000 1.000000 1.000000 1.000000 1.000000
	patch_type: symmetric
	patch_width: 8.0000000000000000
	patch_angle: 0.0000000000000000
	angles:  0.000000 0.000000 0.000000
	grand_canonical: 0
	chemical_potential: 0.0000000000000000
box: 11.085835 11.085835
copy: 1.000000 1.000000
epsilon: 0.2857570000000000
end_epsilon: 0.0000000000000000
pressure: 0.8572000000000000
lambda: 0.0000000000000000
lambda_coupling: 1.0000000000000000
uy: 0.0000000000000000
maximum_displacement: 1.0000000000000000
maximum_rotation: 1.0000000000000000
maximum_volume: 1.0000000000000000
maximum_shape: 0.0000001000000000
maximum_dsigma: 0.0100000000000000
mod: 10
pmod: 10
optimize: 1
verbose: 1
snapshot: 0
display: 1
explore: 1
npt: 1
nptxy: 0
nptdxdy: 0
shape: 0
seed: 401694
-21.721162482569 27.729387015104 0.000000000000 1.000000000000
163.150258479982 93.672506407337 0.866025403784 0.500000000000
48.119441198822 81.364877720115 0.866025403784 0.500000000000
44.521663225237 -1.339202635550 0.866025403784 0.500000000000
84.057045892456 119.839033905581 0.000000000000 1.000000000000
92.882476918772 -5.492815623474 0.866025403784 -0.500000000000
-39.610391829485 32.106143087354 0.866025403784 -0.500000000000
-14.264059910721 76.739927911051 0.866025403784 0.500000000000
26.842728297851 -21.017551276980 0.866025403784 -0.500000000000
-20.151444503678 -51.001206728265 0.866025403784 0.500000000000
-123.724376074814 -94.352257020127 0.866025403784 0.500000000000
186.087059482196 -2.841475332487 0.000000000000 1.000000000000
150.970541505304 22.193794295537 0.866025403784 0.500000000000
65.912770428742 0.939696271662 0.000000000000 1.000000000000
142.093833976042 -87.823637949895 0.866025403784 -0.500000000000
85.642352623627 169.261964112628 0.866025403784 -0.500000000000
88.588473267634 47.531110621867 0.866025403784 0.500000000000
-135.463019046137 -106.485731083414 0.000000000000 1.000000000000
-92.064278192806 -59.233706072560 0.866025403784 0.500000000000
68.970523095325 -52.787261891261 0.000000000000 1.000000000000
