#Configurational_file created 2018-09-14 11:13:08  started 2018-09-14 11:13:07 run for 1.0s steps 0
name: p_355
step: 10000
specie: 20
	particle_diameter: 1.0000000000000000
	interaction_length: 1.2000000000000000
	number_of_patches: 3
	number_of_particles_per_compound: 1
	rod_length: 1.0000000000000000
	interaction_matrix:  1.000000 1.000000 1.000000 1.000000 1.000000 1.000000 1.000000 1.000000 1.000000
	patch_type: symmetric
	patch_width: 8.0000000000000000
	patch_angle: 0.0000000000000000
	angles:  0.000000 0.000000 0.000000
	grand_canonical: 0
	chemical_potential: 0.0000000000000000
box: 9.061422 9.061422
copy: 1.000000 1.000000
epsilon: 0.2857570000000000
end_epsilon: 0.0000000000000000
pressure: 1.2857499999999999
lambda: 0.0000000000000000
lambda_coupling: 1.0000000000000000
uy: 0.0000000000000000
maximum_displacement: 1.0000000000000000
maximum_rotation: 1.0000000000000000
maximum_volume: 1.0000000000000000
maximum_shape: 0.0000001000000000
maximum_dsigma: 0.0100000000000000
mod: 10
pmod: 10
optimize: 1
verbose: 1
snapshot: 0
display: 1
explore: 1
npt: 1
nptxy: 0
nptdxdy: 0
shape: 0
seed: 405105
-48.714605940260 104.363746904071 0.000000000000 1.000000000000
-87.933492049719 -48.872198128932 0.000000000000 1.000000000000
-4.506780063645 -9.595536619846 0.000000000000 1.000000000000
5.150534432734 -66.167390387448 0.000000000000 1.000000000000
-33.104291676839 -34.785198301304 0.866025403784 0.500000000000
-30.533804645017 -16.734561875927 0.866025403784 0.500000000000
74.128712387648 54.966928755716 0.000000000000 1.000000000000
137.099140605691 -130.171204999985 0.866025403784 0.500000000000
-1.526915150873 37.860136151456 0.000000000000 1.000000000000
45.960854065204 -133.288834834127 0.000000000000 1.000000000000
62.185205249570 -7.063915098466 0.866025403784 -0.500000000000
81.547270156533 -77.080453054439 0.000000000000 1.000000000000
1.807950335210 -2.566920516186 0.866025403784 -0.500000000000
169.143880954266 -42.370599135635 0.866025403784 0.500000000000
-16.852675255481 40.598774845748 0.000000000000 1.000000000000
-32.652916582430 -24.939697184933 0.000000000000 1.000000000000
30.852790978991 -156.290428101306 0.866025403784 -0.500000000000
3.004157576395 -24.718130323262 0.866025403784 -0.500000000000
36.079671814496 -56.099232969347 0.866025403784 0.500000000000
-11.906612202382 -64.773810065170 0.866025403784 -0.500000000000
