#Configurational_file created 2018-09-14 11:13:09  started 2018-09-14 11:13:08 run for 1.0s steps 0
name: p_356
step: 10000
specie: 20
	particle_diameter: 1.0000000000000000
	interaction_length: 1.2000000000000000
	number_of_patches: 3
	number_of_particles_per_compound: 1
	rod_length: 1.0000000000000000
	interaction_matrix:  1.000000 1.000000 1.000000 1.000000 1.000000 1.000000 1.000000 1.000000 1.000000
	patch_type: symmetric
	patch_width: 8.0000000000000000
	patch_angle: 0.0000000000000000
	angles:  0.000000 0.000000 0.000000
	grand_canonical: 0
	chemical_potential: 0.0000000000000000
box: 9.197699 9.197699
copy: 1.000000 1.000000
epsilon: 0.2857570000000000
end_epsilon: 0.0000000000000000
pressure: 1.4286000000000001
lambda: 0.0000000000000000
lambda_coupling: 1.0000000000000000
uy: 0.0000000000000000
maximum_displacement: 1.0000000000000000
maximum_rotation: 1.0000000000000000
maximum_volume: 1.0000000000000000
maximum_shape: 0.0000001000000000
maximum_dsigma: 0.0100000000000000
mod: 10
pmod: 10
optimize: 1
verbose: 1
snapshot: 0
display: 1
explore: 1
npt: 1
nptxy: 0
nptdxdy: 0
shape: 0
seed: 406242
-70.336629898456 -47.550191566691 0.000000000000 1.000000000000
-21.482863304569 -44.394242691150 0.000000000000 1.000000000000
-23.320192463758 -163.329335007476 0.866025403784 0.500000000000
-78.234231952659 45.878183046821 0.866025403784 0.500000000000
-35.808340874983 -45.624002794664 0.866025403784 0.500000000000
-31.094669581251 64.611218139400 0.000000000000 1.000000000000
133.152527677352 5.777331848067 0.000000000000 1.000000000000
-1.984471015169 -15.839561885779 0.866025403784 0.500000000000
54.128520507794 -15.781823439257 0.000000000000 1.000000000000
-192.980168527260 -48.241263973606 0.866025403784 -0.500000000000
15.764605694327 141.410928449880 0.866025403784 0.500000000000
127.496995127186 -42.169547180938 0.866025403784 0.500000000000
137.493399881316 -51.288654859024 0.000000000000 1.000000000000
-100.082925683985 -30.495920923381 0.866025403784 -0.500000000000
39.273059122161 -58.237844480845 0.866025403784 0.500000000000
11.906470391735 -9.022958318831 0.000000000000 1.000000000000
105.568421135652 31.733511840685 0.866025403784 0.500000000000
124.786624117849 40.005680205089 0.000000000000 1.000000000000
-102.878308484589 -1.049979049948 0.866025403784 -0.500000000000
50.212651970442 -36.234035080381 0.866025403784 -0.500000000000
