#Configurational_file created 2018-09-14 11:13:10  started 2018-09-14 11:13:09 run for 1.0s steps 0
name: p_357
step: 10000
specie: 20
	particle_diameter: 1.0000000000000000
	interaction_length: 1.2000000000000000
	number_of_patches: 3
	number_of_particles_per_compound: 1
	rod_length: 1.0000000000000000
	interaction_matrix:  1.000000 1.000000 1.000000 1.000000 1.000000 1.000000 1.000000 1.000000 1.000000
	patch_type: symmetric
	patch_width: 8.0000000000000000
	patch_angle: 0.0000000000000000
	angles:  0.000000 0.000000 0.000000
	grand_canonical: 0
	chemical_potential: 0.0000000000000000
box: 8.752389 8.752389
copy: 1.000000 1.000000
epsilon: 0.2857570000000000
end_epsilon: 0.0000000000000000
pressure: 1.5714500000000000
lambda: 0.0000000000000000
lambda_coupling: 1.0000000000000000
uy: 0.0000000000000000
maximum_displacement: 1.0000000000000000
maximum_rotation: 1.0000000000000000
maximum_volume: 0.9760000000000000
maximum_shape: 0.0000001000000000
maximum_dsigma: 0.0100000000000000
mod: 10
pmod: 10
optimize: 1
verbose: 1
snapshot: 0
display: 1
explore: 1
npt: 1
nptxy: 0
nptdxdy: 0
shape: 0
seed: 407379
-17.210939228810 60.463450324468 0.866025403784 0.500000000000
-15.963669057208 20.930166584537 0.866025403784 -0.500000000000
59.087546241816 -85.528763319695 0.000000000000 1.000000000000
117.557604720694 -23.377533210623 0.000000000000 1.000000000000
-11.378202699024 32.017920249956 0.866025403784 -0.500000000000
51.492175006664 87.284283047615 0.866025403784 0.500000000000
-19.934750171089 69.099337979270 0.000000000000 1.000000000000
-57.891933301500 -34.398887765735 0.866025403784 0.500000000000
-100.673160066148 -99.557094495145 0.000000000000 1.000000000000
102.225462695886 29.589592400918 0.866025403784 0.500000000000
70.297300996925 -125.966640371810 0.866025403784 0.500000000000
78.130545332495 184.900026782893 0.866025403784 0.500000000000
-56.437229859172 45.641298382282 0.000000000000 1.000000000000
-31.500026631281 128.567994732570 0.000000000000 1.000000000000
-12.708238008964 -17.359658721185 0.000000000000 1.000000000000
11.500375694382 70.982745304293 0.866025403784 -0.500000000000
-69.240713518045 -15.014527178671 0.866025403784 -0.500000000000
-88.390766781473 92.173744105034 0.866025403784 0.500000000000
-23.776621985074 33.433404263034 0.000000000000 1.000000000000
10.577364271221 -213.784488387551 0.000000000000 1.000000000000
