#Configurational_file created 2018-09-14 11:13:04  started 2018-09-14 11:13:03 run for 1.0s steps 0
name: p_350
step: 10000
specie: 20
	particle_diameter: 1.0000000000000000
	interaction_length: 1.2000000000000000
	number_of_patches: 3
	number_of_particles_per_compound: 1
	rod_length: 1.0000000000000000
	interaction_matrix:  1.000000 1.000000 1.000000 1.000000 1.000000 1.000000 1.000000 1.000000 1.000000
	patch_type: symmetric
	patch_width: 8.0000000000000000
	patch_angle: 0.0000000000000000
	angles:  0.000000 0.000000 0.000000
	grand_canonical: 0
	chemical_potential: 0.0000000000000000
box: 10.255816 10.255816
copy: 1.000000 1.000000
epsilon: 0.2857570000000000
end_epsilon: 0.0000000000000000
pressure: 0.5715000000000000
lambda: 0.0000000000000000
lambda_coupling: 1.0000000000000000
uy: 0.0000000000000000
maximum_displacement: 1.0000000000000000
maximum_rotation: 1.0000000000000000
maximum_volume: 1.0000000000000000
maximum_shape: 0.0000001000000000
maximum_dsigma: 0.0100000000000000
mod: 10
pmod: 10
optimize: 1
verbose: 1
snapshot: 0
display: 1
explore: 1
npt: 1
nptxy: 0
nptdxdy: 0
shape: 0
seed: 399420
-140.086591207962 -76.389016963819 0.866025403784 0.500000000000
-61.954830855204 -18.298436560640 0.866025403784 0.500000000000
20.922096938855 -26.980045237596 0.866025403784 0.500000000000
61.353078516877 25.256689060236 0.866025403784 0.500000000000
-24.744687651228 8.017039485883 0.866025403784 0.500000000000
-95.216780332961 38.636071890758 0.866025403784 0.500000000000
-13.702237525658 9.415329748087 0.866025403784 0.500000000000
44.844159765867 54.421245358460 0.866025403784 -0.500000000000
-75.358892853644 -87.256986322575 0.000000000000 1.000000000000
-60.834717509981 -63.913841229994 0.000000000000 1.000000000000
4.051830651475 79.291096871078 0.866025403784 0.500000000000
225.284571365245 -217.332609421530 0.000000000000 1.000000000000
148.509805561000 -35.041900431080 0.866025403784 0.500000000000
-14.945349580804 45.669064259940 0.866025403784 -0.500000000000
-95.004926657719 -19.693774825867 0.866025403784 0.500000000000
29.200164203799 202.874674602141 0.000000000000 1.000000000000
-60.916292591475 26.380124789168 0.866025403784 -0.500000000000
-56.668165369676 -61.353275559189 0.866025403784 0.500000000000
-13.624947018199 -80.617313114138 0.866025403784 -0.500000000000
128.496694674285 -37.966924417244 0.866025403784 -0.500000000000
