#Configurational_file created 2018-09-14 11:13:07  started 2018-09-14 11:13:06 run for 1.0s steps 0
name: p_354
step: 10000
specie: 20
	particle_diameter: 1.0000000000000000
	interaction_length: 1.2000000000000000
	number_of_patches: 3
	number_of_particles_per_compound: 1
	rod_length: 1.0000000000000000
	interaction_matrix:  1.000000 1.000000 1.000000 1.000000 1.000000 1.000000 1.000000 1.000000 1.000000
	patch_type: symmetric
	patch_width: 8.0000000000000000
	patch_angle: 0.0000000000000000
	angles:  0.000000 0.000000 0.000000
	grand_canonical: 0
	chemical_potential: 0.0000000000000000
box: 9.381503 9.381503
copy: 1.000000 1.000000
epsilon: 0.2857570000000000
end_epsilon: 0.0000000000000000
pressure: 1.1429000000000000
lambda: 0.0000000000000000
lambda_coupling: 1.0000000000000000
uy: 0.0000000000000000
maximum_displacement: 1.0000000000000000
maximum_rotation: 1.0000000000000000
maximum_volume: 1.0000000000000000
maximum_shape: 0.0000001000000000
maximum_dsigma: 0.0100000000000000
mod: 10
pmod: 10
optimize: 1
verbose: 1
snapshot: 0
display: 1
explore: 1
npt: 1
nptxy: 0
nptdxdy: 0
shape: 0
seed: 403968
97.532456054059 -8.958814012191 0.866025403784 -0.500000000000
73.215816827568 48.254513585693 0.866025403784 -0.500000000000
-13.203236875773 18.408821925988 0.866025403784 0.500000000000
-94.651479849326 -144.549816737846 0.866025403784 0.500000000000
-62.453310003018 -9.322240371793 0.000000000000 1.000000000000
18.394112278002 -1.793609596964 0.000000000000 1.000000000000
117.999606731747 -190.660155901688 0.000000000000 1.000000000000
15.806673381599 -41.925241453845 0.000000000000 1.000000000000
50.836445402278 72.810936234291 0.000000000000 1.000000000000
45.563543663093 16.994920724606 0.866025403784 0.500000000000
34.789668857511 63.766553222414 0.000000000000 1.000000000000
20.067977231874 84.478152386781 0.000000000000 1.000000000000
31.376177886025 60.007882541974 0.000000000000 1.000000000000
-113.018881157818 74.392929170889 0.866025403784 0.500000000000
15.540615963128 104.092475985210 0.866025403784 -0.500000000000
13.902020470389 -62.815726065339 0.000000000000 1.000000000000
84.645684864463 -5.187225976283 0.000000000000 1.000000000000
-2.563824658377 28.077324153374 0.866025403784 0.500000000000
68.071272970913 -68.164421784459 0.000000000000 1.000000000000
113.963931885156 -83.407900543281 0.866025403784 -0.500000000000
