#Configurational_file created 2018-09-14 11:13:12  started 2018-09-14 11:13:11 run for 1.0s steps 0
name: p_359
step: 10000
specie: 20
	particle_diameter: 1.0000000000000000
	interaction_length: 1.2000000000000000
	number_of_patches: 3
	number_of_particles_per_compound: 1
	rod_length: 1.0000000000000000
	interaction_matrix:  1.000000 1.000000 1.000000 1.000000 1.000000 1.000000 1.000000 1.000000 1.000000
	patch_type: symmetric
	patch_width: 8.0000000000000000
	patch_angle: 0.0000000000000000
	angles:  0.000000 0.000000 0.000000
	grand_canonical: 0
	chemical_potential: 0.0000000000000000
box: 8.410648 8.410648
copy: 1.000000 1.000000
epsilon: 0.2857570000000000
end_epsilon: 0.0000000000000000
pressure: 1.8571500000000001
lambda: 0.0000000000000000
lambda_coupling: 1.0000000000000000
uy: 0.0000000000000000
maximum_displacement: 1.0000000000000000
maximum_rotation: 1.0000000000000000
maximum_volume: 0.6066722114420440
maximum_shape: 0.0000001000000000
maximum_dsigma: 0.0100000000000000
mod: 10
pmod: 10
optimize: 1
verbose: 1
snapshot: 0
display: 1
explore: 1
npt: 1
nptxy: 0
nptdxdy: 0
shape: 0
seed: 409653
-9.095467275777 -134.499444491198 0.000000000000 1.000000000000
171.790458400464 69.879038908696 0.866025403784 0.500000000000
-31.231019039966 7.644530013622 0.000000000000 1.000000000000
-10.987286940073 57.652481553446 0.866025403784 -0.500000000000
-102.997378845446 51.870172755513 0.866025403784 0.500000000000
64.629415738367 103.237689280413 0.866025403784 0.500000000000
-42.303972065712 135.262519368384 0.866025403784 -0.500000000000
16.228934628588 23.020546904056 0.866025403784 0.500000000000
62.271172975154 106.716788557574 0.866025403784 -0.500000000000
-132.910423297313 -45.002946398119 0.000000000000 1.000000000000
1.222783563416 -45.110002314523 0.866025403784 -0.500000000000
47.152086469580 -12.010562452642 0.000000000000 1.000000000000
-131.327463731230 12.431045060531 0.866025403784 0.500000000000
125.150943961908 -135.507038569286 0.866025403784 0.500000000000
68.289698239534 -71.884827530965 0.866025403784 -0.500000000000
-6.512212233450 9.664171017614 0.000000000000 1.000000000000
7.731545962389 -106.891692988490 0.866025403784 -0.500000000000
26.308727028007 -1.520475287302 0.866025403784 -0.500000000000
-87.210641791313 -10.582050688051 0.866025403784 0.500000000000
98.751700840738 -112.894276428600 0.866025403784 -0.500000000000
