#Configurational_file created 2018-09-14 11:13:11  started 2018-09-14 11:13:10 run for 1.0s steps 0
name: p_358
step: 10000
specie: 20
	particle_diameter: 1.0000000000000000
	interaction_length: 1.2000000000000000
	number_of_patches: 3
	number_of_particles_per_compound: 1
	rod_length: 1.0000000000000000
	interaction_matrix:  1.000000 1.000000 1.000000 1.000000 1.000000 1.000000 1.000000 1.000000 1.000000
	patch_type: symmetric
	patch_width: 8.0000000000000000
	patch_angle: 0.0000000000000000
	angles:  0.000000 0.000000 0.000000
	grand_canonical: 0
	chemical_potential: 0.0000000000000000
box: 7.724605 7.724605
copy: 1.000000 1.000000
epsilon: 0.2857570000000000
end_epsilon: 0.0000000000000000
pressure: 1.7142999999999999
lambda: 0.0000000000000000
lambda_coupling: 1.0000000000000000
uy: 0.0000000000000000
maximum_displacement: 1.0000000000000000
maximum_rotation: 1.0000000000000000
maximum_volume: 0.6887504226456143
maximum_shape: 0.0000001000000000
maximum_dsigma: 0.0100000000000000
mod: 10
pmod: 10
optimize: 1
verbose: 1
snapshot: 0
display: 1
explore: 1
npt: 1
nptxy: 0
nptdxdy: 0
shape: 0
seed: 408516
-78.901218952152 108.761700355353 0.866025403784 -0.500000000000
-20.279027288907 27.471608477356 0.866025403784 0.500000000000
-77.131023141300 -116.832250942715 0.866025403784 -0.500000000000
-56.804300545039 19.754910239438 0.000000000000 1.000000000000
41.906534141847 -37.382921769198 0.000000000000 1.000000000000
-7.269757420492 110.476015954494 0.000000000000 1.000000000000
36.879233542828 13.299922573732 0.000000000000 1.000000000000
-29.646451697982 54.100082028230 0.866025403784 0.500000000000
-18.684014057157 6.060644883311 0.000000000000 1.000000000000
-47.514953178491 87.713446709651 0.866025403784 0.500000000000
-54.635727495774 -21.640291937973 0.866025403784 0.500000000000
-66.294009832443 36.581300366911 0.866025403784 0.500000000000
-0.821435278256 127.090427943489 0.866025403784 -0.500000000000
120.462388393550 -49.349874410924 0.866025403784 0.500000000000
-34.353636480582 -73.953864677136 0.866025403784 0.500000000000
150.519368919414 7.368708950178 0.000000000000 1.000000000000
100.719706358687 24.341059347067 0.000000000000 1.000000000000
-53.043497438248 -118.847158039807 0.000000000000 1.000000000000
130.565784400751 51.705339928728 0.000000000000 1.000000000000
-13.864524067239 67.711670041572 0.866025403784 0.500000000000
