#Configurational_file created 2018-09-14 11:13:14  started 2018-09-14 11:13:13 run for 1.0s steps 0
name: p_362
step: 10000
specie: 20
	particle_diameter: 1.0000000000000000
	interaction_length: 1.2000000000000000
	number_of_patches: 3
	number_of_particles_per_compound: 1
	rod_length: 1.0000000000000000
	interaction_matrix:  1.000000 1.000000 1.000000 1.000000 1.000000 1.000000 1.000000 1.000000 1.000000
	patch_type: symmetric
	patch_width: 8.0000000000000000
	patch_angle: 0.0000000000000000
	angles:  0.000000 0.000000 0.000000
	grand_canonical: 0
	chemical_potential: 0.0000000000000000
box: 24.086121 24.086121
copy: 1.000000 1.000000
epsilon: 0.3214640000000000
end_epsilon: 0.0000000000000000
pressure: 0.1429500000000000
lambda: 0.0000000000000000
lambda_coupling: 1.0000000000000000
uy: 0.0000000000000000
maximum_displacement: 1.0000000000000000
maximum_rotation: 1.0000000000000000
maximum_volume: 1.0000000000000000
maximum_shape: 0.0000001000000000
maximum_dsigma: 0.0100000000000000
mod: 10
pmod: 10
optimize: 1
verbose: 1
snapshot: 0
display: 1
explore: 1
npt: 1
nptxy: 0
nptdxdy: 0
shape: 0
seed: 413064
62.299851158848 -69.965057539463 0.866025403784 0.500000000000
41.930468385445 22.638004168537 0.866025403784 0.500000000000
9.712471223898 -69.987982797449 0.866025403784 -0.500000000000
-98.856141184665 -92.272902720338 0.866025403784 -0.500000000000
229.942670244625 61.324899905470 0.000000000000 1.000000000000
-157.353954333819 188.082472367220 0.866025403784 -0.500000000000
-39.163800726956 132.264639124359 0.866025403784 -0.500000000000
91.813411647223 -134.339433629928 0.866025403784 -0.500000000000
-36.941117830076 59.727058650673 0.866025403784 -0.500000000000
-79.193850419945 -305.304841487320 0.000000000000 1.000000000000
-24.364458867503 -61.549197053672 0.000000000000 1.000000000000
-102.989951280338 -125.567570678498 0.866025403784 0.500000000000
8.254282216860 165.765562885419 0.000000000000 1.000000000000
-104.736593611808 -29.670317270426 0.000000000000 1.000000000000
158.156032959455 -61.962553557370 0.866025403784 -0.500000000000
82.780740679450 -167.242630477957 0.000000000000 1.000000000000
-68.407178985768 -98.314257067465 0.866025403784 0.500000000000
-21.211888719631 64.389563988077 0.000000000000 1.000000000000
131.334615036331 16.413324098746 0.000000000000 1.000000000000
209.306328650285 14.059674132304 0.000000000000 1.000000000000
