#Configurational_file created 2018-09-14 11:13:17  started 2018-09-14 11:13:16 run for 1.0s steps 0
name: p_366
step: 10000
specie: 20
	particle_diameter: 1.0000000000000000
	interaction_length: 1.2000000000000000
	number_of_patches: 3
	number_of_particles_per_compound: 1
	rod_length: 1.0000000000000000
	interaction_matrix:  1.000000 1.000000 1.000000 1.000000 1.000000 1.000000 1.000000 1.000000 1.000000
	patch_type: symmetric
	patch_width: 8.0000000000000000
	patch_angle: 0.0000000000000000
	angles:  0.000000 0.000000 0.000000
	grand_canonical: 0
	chemical_potential: 0.0000000000000000
box: 10.986774 10.986774
copy: 1.000000 1.000000
epsilon: 0.3214640000000000
end_epsilon: 0.0000000000000000
pressure: 0.7143500000000000
lambda: 0.0000000000000000
lambda_coupling: 1.0000000000000000
uy: 0.0000000000000000
maximum_displacement: 1.0000000000000000
maximum_rotation: 1.0000000000000000
maximum_volume: 1.0000000000000000
maximum_shape: 0.0000001000000000
maximum_dsigma: 0.0100000000000000
mod: 10
pmod: 10
optimize: 1
verbose: 1
snapshot: 0
display: 1
explore: 1
npt: 1
nptxy: 0
nptdxdy: 0
shape: 0
seed: 417612
-1.138992452530 -54.374264286078 0.866025403784 0.500000000000
-3.128357370773 -13.392232788194 0.000000000000 1.000000000000
119.837054166220 4.100473424202 0.866025403784 -0.500000000000
-104.978755500737 83.305235963341 0.866025403784 -0.500000000000
6.511572973896 22.830773964290 0.866025403784 0.500000000000
-5.396035066150 -82.408923001510 0.866025403784 0.500000000000
67.190553756762 41.535899056139 0.866025403784 0.500000000000
-30.353097054142 86.435946682125 0.866025403784 0.500000000000
12.783974666396 -60.186977828518 0.866025403784 -0.500000000000
-27.525689626840 -69.985949578614 0.000000000000 1.000000000000
-167.985681135703 -52.396293742134 0.000000000000 1.000000000000
-18.091148056018 101.365319198184 0.866025403784 -0.500000000000
-5.761972959737 20.221781179224 0.866025403784 0.500000000000
-7.148430173472 89.856585747786 0.866025403784 0.500000000000
-65.489028103956 -17.412751801757 0.000000000000 1.000000000000
13.978822705789 169.217294791302 0.866025403784 -0.500000000000
6.442857897774 41.515232383440 0.000000000000 1.000000000000
19.982591565524 -29.404820688397 0.866025403784 -0.500000000000
-41.155189492886 -80.268972573485 0.866025403784 -0.500000000000
37.055794920788 -71.241004683717 0.866025403784 -0.500000000000
