#Configurational_file created 2018-09-14 11:13:16  started 2018-09-14 11:13:15 run for 1.0s steps 0
name: p_365
step: 10000
specie: 20
	particle_diameter: 1.0000000000000000
	interaction_length: 1.2000000000000000
	number_of_patches: 3
	number_of_particles_per_compound: 1
	rod_length: 1.0000000000000000
	interaction_matrix:  1.000000 1.000000 1.000000 1.000000 1.000000 1.000000 1.000000 1.000000 1.000000
	patch_type: symmetric
	patch_width: 8.0000000000000000
	patch_angle: 0.0000000000000000
	angles:  0.000000 0.000000 0.000000
	grand_canonical: 0
	chemical_potential: 0.0000000000000000
box: 11.502462 11.502462
copy: 1.000000 1.000000
epsilon: 0.3214640000000000
end_epsilon: 0.0000000000000000
pressure: 0.5715000000000000
lambda: 0.0000000000000000
lambda_coupling: 1.0000000000000000
uy: 0.0000000000000000
maximum_displacement: 1.0000000000000000
maximum_rotation: 1.0000000000000000
maximum_volume: 1.0000000000000000
maximum_shape: 0.0000001000000000
maximum_dsigma: 0.0100000000000000
mod: 10
pmod: 10
optimize: 1
verbose: 1
snapshot: 0
display: 1
explore: 1
npt: 1
nptxy: 0
nptdxdy: 0
shape: 0
seed: 416475
13.696413143482 -16.176476722591 0.000000000000 1.000000000000
20.933854076153 21.009598372426 0.000000000000 1.000000000000
95.701742070091 77.262467832557 0.000000000000 1.000000000000
64.439602194899 117.123238194734 0.866025403784 0.500000000000
-150.043182443250 -38.235389043957 0.000000000000 1.000000000000
69.359727606689 87.406442080108 0.000000000000 1.000000000000
-3.336280974678 57.940560275188 0.000000000000 1.000000000000
18.003662845650 3.679333243598 0.866025403784 0.500000000000
201.544197386489 -37.522686151295 0.866025403784 0.500000000000
-24.302679134902 -83.436289148639 0.000000000000 1.000000000000
82.945434732147 -43.083960262422 0.866025403784 -0.500000000000
-36.809165573514 144.138251118545 0.866025403784 0.500000000000
-0.179595018031 66.104881579969 0.866025403784 -0.500000000000
18.478390778928 -65.510681960571 0.000000000000 1.000000000000
134.418694626592 119.468084651772 0.000000000000 1.000000000000
-117.671734142850 -4.059494118474 0.866025403784 -0.500000000000
-123.934176782772 -204.810722582031 0.000000000000 1.000000000000
-121.539910446213 18.618916018031 0.866025403784 0.500000000000
114.162766801803 45.011670950951 0.000000000000 1.000000000000
61.814522911392 20.903118844036 0.866025403784 -0.500000000000
