#Configurational_file created 2018-09-11 17:04:00  started 2018-09-11 17:04:00 run for 0.0s steps 0
name: p_36
step: 10000
specie: 20
	particle_diameter: 1.0000000000000000
	interaction_length: 1.2000000000000000
	number_of_patches: 3
	number_of_particles_per_compound: 1
	rod_length: 1.0000000000000000
	interaction_matrix:  1.000000 1.000000 1.000000 1.000000 1.000000 1.000000 1.000000 1.000000 1.000000
	patch_type: symmetric
	patch_width: 8.0000000000000000
	patch_angle: 0.0000000000000000
	angles:  0.000000 0.000000 0.000000
	grand_canonical: 0
	chemical_potential: 0.0000000000000000
box: 50.955705 50.955705
copy: 1.000000 1.000000
epsilon: 0.0001000000000000
end_epsilon: 0.0000000000000000
pressure: 0.0001000000000000
lambda: 0.0000000000000000
lambda_coupling: 1.0000000000000000
uy: 0.0000000000000000
maximum_displacement: 1.0000000000000000
maximum_rotation: 1.0000000000000000
maximum_volume: 1.0000000000000000
maximum_shape: 0.0000001000000000
maximum_dsigma: 0.0100000000000000
mod: 10
pmod: 10
optimize: 1
verbose: 1
snapshot: 0
display: 1
explore: 1
npt: 1
nptxy: 0
nptdxdy: 0
shape: 0
seed: 43802
42.562204614502 122.632640049888 0.866025403784 0.500000000000
233.317682239265 303.334484441936 0.866025403784 0.500000000000
86.937743936234 -240.758800841960 0.866025403784 0.500000000000
9.432742227461 154.359436501230 0.000000000000 1.000000000000
17.710700191873 29.481564309149 0.000000000000 1.000000000000
106.388307812552 -123.303292785370 0.866025403784 -0.500000000000
-56.109277149473 148.473845918704 0.000000000000 1.000000000000
217.190687118994 -142.449370765694 0.866025403784 0.500000000000
-191.262124122242 59.507811478546 0.866025403784 -0.500000000000
-98.429249839028 14.395039383740 0.866025403784 0.500000000000
-114.470012477518 -104.693219926618 0.866025403784 0.500000000000
-19.816451985385 229.978712228632 0.866025403784 -0.500000000000
158.488808072990 118.276931558472 0.866025403784 -0.500000000000
7.320665780361 -105.071606394211 0.000000000000 1.000000000000
286.114229143370 -116.732152528650 0.866025403784 0.500000000000
-382.343337803982 287.793457171686 0.866025403784 0.500000000000
74.116271307904 -51.025169791474 0.866025403784 0.500000000000
254.557050890010 -134.374146464170 0.866025403784 -0.500000000000
34.808383775403 -53.734077009291 0.000000000000 1.000000000000
263.964557158099 75.115804752291 0.000000000000 1.000000000000
