#Configurational_file created 2018-09-14 11:13:19  started 2018-09-14 11:13:19 run for 0.0s steps 0
name: p_369
step: 10000
specie: 20
	particle_diameter: 1.0000000000000000
	interaction_length: 1.2000000000000000
	number_of_patches: 3
	number_of_particles_per_compound: 1
	rod_length: 1.0000000000000000
	interaction_matrix:  1.000000 1.000000 1.000000 1.000000 1.000000 1.000000 1.000000 1.000000 1.000000
	patch_type: symmetric
	patch_width: 8.0000000000000000
	patch_angle: 0.0000000000000000
	angles:  0.000000 0.000000 0.000000
	grand_canonical: 0
	chemical_potential: 0.0000000000000000
box: 8.621088 8.621088
copy: 1.000000 1.000000
epsilon: 0.3214640000000000
end_epsilon: 0.0000000000000000
pressure: 1.1429000000000000
lambda: 0.0000000000000000
lambda_coupling: 1.0000000000000000
uy: 0.0000000000000000
maximum_displacement: 1.0000000000000000
maximum_rotation: 1.0000000000000000
maximum_volume: 1.0000000000000000
maximum_shape: 0.0000001000000000
maximum_dsigma: 0.0100000000000000
mod: 10
pmod: 10
optimize: 1
verbose: 1
snapshot: 0
display: 1
explore: 1
npt: 1
nptxy: 0
nptdxdy: 0
shape: 0
seed: 421023
129.504903774699 -79.509483333505 0.866025403784 0.500000000000
-65.526845393944 45.091615504276 0.866025403784 0.500000000000
30.541758456180 -174.821073487225 0.866025403784 -0.500000000000
-33.082854627922 -10.354359954221 0.866025403784 -0.500000000000
137.005214697077 84.901829405870 0.866025403784 -0.500000000000
30.584719614191 -25.574630046675 0.866025403784 -0.500000000000
1.859502274356 1.421781387287 0.000000000000 1.000000000000
54.924666202819 9.036933465561 0.866025403784 0.500000000000
26.282661749142 -30.761601225461 0.866025403784 -0.500000000000
10.166770323150 60.484231391207 0.866025403784 0.500000000000
64.485438240112 -134.773261211060 0.000000000000 1.000000000000
-54.436282489625 19.916512695237 0.000000000000 1.000000000000
-71.646583595654 69.879762230600 0.866025403784 0.500000000000
-75.006139451041 75.308369066373 0.866025403784 -0.500000000000
66.513686578017 23.980306522604 0.000000000000 1.000000000000
4.361494164907 76.936165026843 0.866025403784 0.500000000000
64.451630432697 133.708619183045 0.866025403784 -0.500000000000
-10.333713080146 39.231195746581 0.866025403784 0.500000000000
78.752277770712 153.194852722686 0.000000000000 1.000000000000
18.552836712905 27.198511070333 0.866025403784 -0.500000000000
