#Configurational_file created 2018-09-14 11:13:13  started 2018-09-14 11:13:13 run for 0.0s steps 0
name: p_361
step: 10000
specie: 20
	particle_diameter: 1.0000000000000000
	interaction_length: 1.2000000000000000
	number_of_patches: 3
	number_of_particles_per_compound: 1
	rod_length: 1.0000000000000000
	interaction_matrix:  1.000000 1.000000 1.000000 1.000000 1.000000 1.000000 1.000000 1.000000 1.000000
	patch_type: symmetric
	patch_width: 8.0000000000000000
	patch_angle: 0.0000000000000000
	angles:  0.000000 0.000000 0.000000
	grand_canonical: 0
	chemical_potential: 0.0000000000000000
box: 46.563267 46.563267
copy: 1.000000 1.000000
epsilon: 0.3214640000000000
end_epsilon: 0.0000000000000000
pressure: 0.0001000000000000
lambda: 0.0000000000000000
lambda_coupling: 1.0000000000000000
uy: 0.0000000000000000
maximum_displacement: 1.0000000000000000
maximum_rotation: 1.0000000000000000
maximum_volume: 1.0000000000000000
maximum_shape: 0.0000001000000000
maximum_dsigma: 0.0100000000000000
mod: 10
pmod: 10
optimize: 1
verbose: 1
snapshot: 0
display: 1
explore: 1
npt: 1
nptxy: 0
nptdxdy: 0
shape: 0
seed: 411927
-49.794562573425 139.593737980737 0.866025403784 -0.500000000000
-402.032498346111 82.853618038370 0.866025403784 -0.500000000000
62.763482059869 -91.737332672559 0.866025403784 -0.500000000000
70.771802021970 135.191406897563 0.866025403784 -0.500000000000
159.025897006217 -25.304479972165 0.000000000000 1.000000000000
46.697713685537 -36.023971974748 0.866025403784 0.500000000000
61.531399879997 218.165100383827 0.866025403784 -0.500000000000
-137.800307472321 205.035524674664 0.866025403784 -0.500000000000
-30.883498132524 -80.739629066257 0.000000000000 1.000000000000
-344.362313412660 -72.069573323798 0.866025403784 0.500000000000
-77.833008598142 -387.672380696790 0.866025403784 0.500000000000
-87.395284641244 326.129572340877 0.866025403784 0.500000000000
-48.805001873191 48.933081774433 0.866025403784 0.500000000000
136.862992075818 152.362236978774 0.000000000000 1.000000000000
-33.902654460735 -220.836627894531 0.000000000000 1.000000000000
-34.126718450069 210.598859352713 0.000000000000 1.000000000000
609.559972332336 24.643931169777 0.866025403784 -0.500000000000
142.931543597282 -262.070323091119 0.000000000000 1.000000000000
41.360566820414 -94.719607645032 0.000000000000 1.000000000000
215.967678586399 -121.520197117662 0.866025403784 -0.500000000000
