#Configurational_file created 2018-09-14 11:13:15  started 2018-09-14 11:13:14 run for 1.0s steps 0
name: p_363
step: 10000
specie: 20
	particle_diameter: 1.0000000000000000
	interaction_length: 1.2000000000000000
	number_of_patches: 3
	number_of_particles_per_compound: 1
	rod_length: 1.0000000000000000
	interaction_matrix:  1.000000 1.000000 1.000000 1.000000 1.000000 1.000000 1.000000 1.000000 1.000000
	patch_type: symmetric
	patch_width: 8.0000000000000000
	patch_angle: 0.0000000000000000
	angles:  0.000000 0.000000 0.000000
	grand_canonical: 0
	chemical_potential: 0.0000000000000000
box: 16.064618 16.064618
copy: 1.000000 1.000000
epsilon: 0.3214640000000000
end_epsilon: 0.0000000000000000
pressure: 0.2858000000000000
lambda: 0.0000000000000000
lambda_coupling: 1.0000000000000000
uy: 0.0000000000000000
maximum_displacement: 1.0000000000000000
maximum_rotation: 1.0000000000000000
maximum_volume: 1.0000000000000000
maximum_shape: 0.0000001000000000
maximum_dsigma: 0.0100000000000000
mod: 10
pmod: 10
optimize: 1
verbose: 1
snapshot: 0
display: 1
explore: 1
npt: 1
nptxy: 0
nptdxdy: 0
shape: 0
seed: 414201
-19.662539213861 -108.483730603786 0.866025403784 -0.500000000000
-21.308067190065 86.066320589120 0.000000000000 1.000000000000
-105.413946452367 82.076501475442 0.866025403784 -0.500000000000
-12.594614066828 -3.923355551724 0.000000000000 1.000000000000
-38.538399986493 37.001608803936 0.866025403784 0.500000000000
117.137459818550 -56.747753453500 0.000000000000 1.000000000000
19.426761251581 110.615921723000 0.000000000000 1.000000000000
54.558453777440 47.329921189748 0.000000000000 1.000000000000
12.159738078720 -29.958098220071 0.000000000000 1.000000000000
61.078450106510 -67.572463208880 0.866025403784 0.500000000000
-266.357853059438 -68.719356224033 0.866025403784 -0.500000000000
-57.171706504563 119.208129207229 0.000000000000 1.000000000000
33.696884492533 77.600758575537 0.000000000000 1.000000000000
-46.488805510078 53.331957562600 0.866025403784 -0.500000000000
-134.308204814089 94.955202318769 0.866025403784 0.500000000000
61.540819215046 25.822712643674 0.866025403784 0.500000000000
229.093147830115 -15.869474766277 0.000000000000 1.000000000000
165.841176357505 -134.371598439090 0.866025403784 0.500000000000
-93.185195602954 -38.746488242447 0.866025403784 -0.500000000000
-118.257032579514 54.928266632140 0.000000000000 1.000000000000
