#Configurational_file created 2018-09-14 11:13:13  started 2018-09-14 11:13:12 run for 1.0s steps 0
name: p_360
step: 10000
specie: 20
	particle_diameter: 1.0000000000000000
	interaction_length: 1.2000000000000000
	number_of_patches: 3
	number_of_particles_per_compound: 1
	rod_length: 1.0000000000000000
	interaction_matrix:  1.000000 1.000000 1.000000 1.000000 1.000000 1.000000 1.000000 1.000000 1.000000
	patch_type: symmetric
	patch_width: 8.0000000000000000
	patch_angle: 0.0000000000000000
	angles:  0.000000 0.000000 0.000000
	grand_canonical: 0
	chemical_potential: 0.0000000000000000
box: 8.185741 8.185741
copy: 1.000000 1.000000
epsilon: 0.2857570000000000
end_epsilon: 0.0000000000000000
pressure: 2.0000000000000000
lambda: 0.0000000000000000
lambda_coupling: 1.0000000000000000
uy: 0.0000000000000000
maximum_displacement: 1.0000000000000000
maximum_rotation: 1.0000000000000000
maximum_volume: 0.6801269521395182
maximum_shape: 0.0000001000000000
maximum_dsigma: 0.0100000000000000
mod: 10
pmod: 10
optimize: 1
verbose: 1
snapshot: 0
display: 1
explore: 1
npt: 1
nptxy: 0
nptdxdy: 0
shape: 0
seed: 410790
-50.765312899577 -126.144186159093 0.000000000000 1.000000000000
-19.196455565778 -80.563885912036 0.000000000000 1.000000000000
-75.906800620963 -46.340647806959 0.866025403784 -0.500000000000
-11.809237331864 97.462740542148 0.866025403784 -0.500000000000
1.403998502228 -38.337831927170 0.000000000000 1.000000000000
-79.227512228892 -57.067281146058 0.000000000000 1.000000000000
-87.621102392984 -4.840626279462 0.866025403784 0.500000000000
-64.404554363876 -24.240177536154 0.866025403784 -0.500000000000
-27.854313482224 -50.536361098936 0.000000000000 1.000000000000
88.634752328568 -90.154441220545 0.866025403784 0.500000000000
-79.864930991335 30.938563454684 0.000000000000 1.000000000000
99.447615462297 54.486322921289 0.866025403784 -0.500000000000
12.008913566870 -27.322640504492 0.866025403784 -0.500000000000
19.885171903096 109.972184095676 0.000000000000 1.000000000000
-15.740153147940 -30.624599062823 0.866025403784 0.500000000000
28.921953315869 9.748495235955 0.866025403784 0.500000000000
154.097330814143 -43.248989651737 0.000000000000 1.000000000000
10.586031187067 23.050670048536 0.866025403784 -0.500000000000
80.312015685319 93.844514841913 0.000000000000 1.000000000000
38.996065436696 -18.109403180018 0.866025403784 -0.500000000000
