#Configurational_file created 2018-09-14 11:13:15  started 2018-09-14 11:13:15 run for 0.0s steps 0
name: p_364
step: 10000
specie: 20
	particle_diameter: 1.0000000000000000
	interaction_length: 1.2000000000000000
	number_of_patches: 3
	number_of_particles_per_compound: 1
	rod_length: 1.0000000000000000
	interaction_matrix:  1.000000 1.000000 1.000000 1.000000 1.000000 1.000000 1.000000 1.000000 1.000000
	patch_type: symmetric
	patch_width: 8.0000000000000000
	patch_angle: 0.0000000000000000
	angles:  0.000000 0.000000 0.000000
	grand_canonical: 0
	chemical_potential: 0.0000000000000000
box: 11.277587 11.277587
copy: 1.000000 1.000000
epsilon: 0.3214640000000000
end_epsilon: 0.0000000000000000
pressure: 0.4286500000000000
lambda: 0.0000000000000000
lambda_coupling: 1.0000000000000000
uy: 0.0000000000000000
maximum_displacement: 1.0000000000000000
maximum_rotation: 1.0000000000000000
maximum_volume: 1.0000000000000000
maximum_shape: 0.0000001000000000
maximum_dsigma: 0.0100000000000000
mod: 10
pmod: 10
optimize: 1
verbose: 1
snapshot: 0
display: 1
explore: 1
npt: 1
nptxy: 0
nptdxdy: 0
shape: 0
seed: 415338
130.509168501171 13.651859719295 0.866025403784 -0.500000000000
11.330655945547 -61.721346609026 0.000000000000 1.000000000000
32.386606497640 58.308635722994 0.866025403784 -0.500000000000
-67.444405979202 -60.167360490011 0.000000000000 1.000000000000
-32.424095341934 -34.864803102851 0.866025403784 -0.500000000000
-129.781855815397 101.883542542979 0.866025403784 -0.500000000000
-8.580472321927 -33.482402341413 0.866025403784 0.500000000000
16.065645194989 -28.464669859311 0.866025403784 -0.500000000000
36.700088524667 99.930498195947 0.866025403784 0.500000000000
12.318508987562 178.237252625295 0.000000000000 1.000000000000
40.925873405593 -45.222333167844 0.000000000000 1.000000000000
-172.391907765236 -40.981764192313 0.000000000000 1.000000000000
-5.095031264581 65.258313544682 0.000000000000 1.000000000000
16.675016759645 30.272674693952 0.000000000000 1.000000000000
90.112231550109 16.114662397961 0.866025403784 0.500000000000
-15.935525648557 -20.266437162768 0.000000000000 1.000000000000
-32.403988135128 -40.452719193924 0.000000000000 1.000000000000
-107.728167991955 132.443447373067 0.866025403784 -0.500000000000
4.430461433462 -9.422594108463 0.866025403784 -0.500000000000
10.463514224308 -93.892549945533 0.866025403784 -0.500000000000
