#Configurational_file created 2018-09-14 11:13:18  started 2018-09-14 11:13:17 run for 1.0s steps 0
name: p_367
step: 10000
specie: 20
	particle_diameter: 1.0000000000000000
	interaction_length: 1.2000000000000000
	number_of_patches: 3
	number_of_particles_per_compound: 1
	rod_length: 1.0000000000000000
	interaction_matrix:  1.000000 1.000000 1.000000 1.000000 1.000000 1.000000 1.000000 1.000000 1.000000
	patch_type: symmetric
	patch_width: 8.0000000000000000
	patch_angle: 0.0000000000000000
	angles:  0.000000 0.000000 0.000000
	grand_canonical: 0
	chemical_potential: 0.0000000000000000
box: 10.733167 10.733167
copy: 1.000000 1.000000
epsilon: 0.3214640000000000
end_epsilon: 0.0000000000000000
pressure: 0.8572000000000000
lambda: 0.0000000000000000
lambda_coupling: 1.0000000000000000
uy: 0.0000000000000000
maximum_displacement: 1.0000000000000000
maximum_rotation: 1.0000000000000000
maximum_volume: 1.0000000000000000
maximum_shape: 0.0000001000000000
maximum_dsigma: 0.0100000000000000
mod: 10
pmod: 10
optimize: 1
verbose: 1
snapshot: 0
display: 1
explore: 1
npt: 1
nptxy: 0
nptdxdy: 0
shape: 0
seed: 418749
73.950076871875 -125.065261818650 0.866025403784 0.500000000000
1.810105956979 -115.278939851544 0.866025403784 0.500000000000
-106.968864116266 37.262743275408 0.866025403784 -0.500000000000
197.595916990189 70.203311261603 0.866025403784 -0.500000000000
75.559009473271 126.103113925665 0.866025403784 -0.500000000000
-190.057494921087 121.921550180113 0.866025403784 0.500000000000
37.789389789359 -158.723716808487 0.866025403784 0.500000000000
26.297609147316 -64.251840894158 0.866025403784 0.500000000000
-88.328466760202 17.933884771646 0.866025403784 -0.500000000000
72.500811118988 176.688185250523 0.000000000000 1.000000000000
63.395699667816 168.266750623881 0.866025403784 -0.500000000000
82.654467224053 127.359655724098 0.000000000000 1.000000000000
27.630453440933 -27.140701986567 0.866025403784 0.500000000000
33.534121826994 -138.275509026095 0.866025403784 0.500000000000
20.441743037100 54.428525223725 0.866025403784 -0.500000000000
121.430579363289 123.370400252570 0.866025403784 0.500000000000
58.862070593860 -38.709636003319 0.866025403784 0.500000000000
116.747857768613 91.658611711125 0.866025403784 -0.500000000000
46.354997355390 -8.524512159649 0.000000000000 1.000000000000
-62.201476952146 81.499443313953 0.000000000000 1.000000000000
