#Configurational_file created 2018-09-14 11:13:19  started 2018-09-14 11:13:18 run for 1.0s steps 0
name: p_368
step: 10000
specie: 20
	particle_diameter: 1.0000000000000000
	interaction_length: 1.2000000000000000
	number_of_patches: 3
	number_of_particles_per_compound: 1
	rod_length: 1.0000000000000000
	interaction_matrix:  1.000000 1.000000 1.000000 1.000000 1.000000 1.000000 1.000000 1.000000 1.000000
	patch_type: symmetric
	patch_width: 8.0000000000000000
	patch_angle: 0.0000000000000000
	angles:  0.000000 0.000000 0.000000
	grand_canonical: 0
	chemical_potential: 0.0000000000000000
box: 9.156702 9.156702
copy: 1.000000 1.000000
epsilon: 0.3214640000000000
end_epsilon: 0.0000000000000000
pressure: 1.0000500000000001
lambda: 0.0000000000000000
lambda_coupling: 1.0000000000000000
uy: 0.0000000000000000
maximum_displacement: 1.0000000000000000
maximum_rotation: 1.0000000000000000
maximum_volume: 1.0000000000000000
maximum_shape: 0.0000001000000000
maximum_dsigma: 0.0100000000000000
mod: 10
pmod: 10
optimize: 1
verbose: 1
snapshot: 0
display: 1
explore: 1
npt: 1
nptxy: 0
nptdxdy: 0
shape: 0
seed: 419886
-74.132822045203 -2.683124995990 0.866025403784 0.500000000000
-67.034906082665 -15.946399768313 0.866025403784 -0.500000000000
96.310994449972 -53.086727144441 0.000000000000 1.000000000000
52.580402501442 17.003470061753 0.866025403784 0.500000000000
80.707944822370 -15.739534947440 0.000000000000 1.000000000000
53.591867615247 92.350812675937 0.000000000000 1.000000000000
5.134085449942 66.802687628850 0.866025403784 -0.500000000000
55.303022996475 -49.876770064918 0.866025403784 0.500000000000
44.991002320165 154.449403696276 0.866025403784 0.500000000000
-57.379476958220 -126.767362203951 0.866025403784 -0.500000000000
18.413404924361 212.361963175371 0.866025403784 -0.500000000000
40.265763546319 60.474218247749 0.866025403784 0.500000000000
142.889271137293 -103.854589163159 0.000000000000 1.000000000000
151.196678173030 18.084992196339 0.866025403784 -0.500000000000
25.421127094789 69.014678698108 0.866025403784 -0.500000000000
-59.180568294664 -57.558994889569 0.866025403784 0.500000000000
-67.037111335317 -2.251917363532 0.866025403784 0.500000000000
71.711018971844 -23.556511492497 0.866025403784 0.500000000000
50.593285974384 -159.663622112998 0.866025403784 0.500000000000
49.025587213827 -92.762646463101 0.000000000000 1.000000000000
