#Configurational_file created 2018-09-14 11:13:20  started 2018-09-14 11:13:19 run for 1.0s steps 0
name: p_370
step: 10000
specie: 20
	particle_diameter: 1.0000000000000000
	interaction_length: 1.2000000000000000
	number_of_patches: 3
	number_of_particles_per_compound: 1
	rod_length: 1.0000000000000000
	interaction_matrix:  1.000000 1.000000 1.000000 1.000000 1.000000 1.000000 1.000000 1.000000 1.000000
	patch_type: symmetric
	patch_width: 8.0000000000000000
	patch_angle: 0.0000000000000000
	angles:  0.000000 0.000000 0.000000
	grand_canonical: 0
	chemical_potential: 0.0000000000000000
box: 9.677919 9.677919
copy: 1.000000 1.000000
epsilon: 0.3214640000000000
end_epsilon: 0.0000000000000000
pressure: 1.2857499999999999
lambda: 0.0000000000000000
lambda_coupling: 1.0000000000000000
uy: 0.0000000000000000
maximum_displacement: 1.0000000000000000
maximum_rotation: 1.0000000000000000
maximum_volume: 1.0000000000000000
maximum_shape: 0.0000001000000000
maximum_dsigma: 0.0100000000000000
mod: 10
pmod: 10
optimize: 1
verbose: 1
snapshot: 0
display: 1
explore: 1
npt: 1
nptxy: 0
nptdxdy: 0
shape: 0
seed: 422160
94.947980847190 -4.324623569570 0.000000000000 1.000000000000
-100.265968772496 -61.730817811974 0.000000000000 1.000000000000
-43.062495150291 -16.309375820714 0.000000000000 1.000000000000
-57.069633613484 75.055855797296 0.866025403784 -0.500000000000
23.321385724607 79.529626987974 0.000000000000 1.000000000000
-56.717340865516 -20.257453930418 0.866025403784 0.500000000000
-88.476753906215 58.950185338376 0.866025403784 -0.500000000000
-61.095906655866 77.411475275157 0.866025403784 0.500000000000
14.248636709091 -116.256034144257 0.000000000000 1.000000000000
57.986446849586 91.120845310619 0.866025403784 0.500000000000
-82.939273792557 7.950771002861 0.866025403784 -0.500000000000
-17.742615461227 101.762044754785 0.000000000000 1.000000000000
54.218016401154 -227.435705816551 0.866025403784 0.500000000000
26.751921870667 6.505501643763 0.000000000000 1.000000000000
-111.765666880082 34.740830946906 0.866025403784 -0.500000000000
79.011202171558 95.310862679486 0.000000000000 1.000000000000
-102.660733542947 125.610714176325 0.866025403784 -0.500000000000
196.986422716288 -44.778783695852 0.000000000000 1.000000000000
85.394962239465 118.097122526750 0.866025403784 -0.500000000000
0.060397265694 25.472024672831 0.866025403784 -0.500000000000
