#Configurational_file created 2018-09-14 11:13:23  started 2018-09-14 11:13:22 run for 1.0s steps 0
name: p_373
step: 10000
specie: 20
	particle_diameter: 1.0000000000000000
	interaction_length: 1.2000000000000000
	number_of_patches: 3
	number_of_particles_per_compound: 1
	rod_length: 1.0000000000000000
	interaction_matrix:  1.000000 1.000000 1.000000 1.000000 1.000000 1.000000 1.000000 1.000000 1.000000
	patch_type: symmetric
	patch_width: 8.0000000000000000
	patch_angle: 0.0000000000000000
	angles:  0.000000 0.000000 0.000000
	grand_canonical: 0
	chemical_potential: 0.0000000000000000
box: 7.744231 7.744231
copy: 1.000000 1.000000
epsilon: 0.3214640000000000
end_epsilon: 0.0000000000000000
pressure: 1.7142999999999999
lambda: 0.0000000000000000
lambda_coupling: 1.0000000000000000
uy: 0.0000000000000000
maximum_displacement: 1.0000000000000000
maximum_rotation: 1.0000000000000000
maximum_volume: 0.6673624647177830
maximum_shape: 0.0000001000000000
maximum_dsigma: 0.0100000000000000
mod: 10
pmod: 10
optimize: 1
verbose: 1
snapshot: 0
display: 1
explore: 1
npt: 1
nptxy: 0
nptdxdy: 0
shape: 0
seed: 425571
82.299479181699 40.625742695100 0.866025403784 0.500000000000
83.163882780000 71.076785752061 0.866025403784 0.500000000000
-48.711058832517 -17.025076310832 0.000000000000 1.000000000000
-23.349201134259 -30.652480827162 0.866025403784 0.500000000000
-14.218439829436 100.662955739735 0.000000000000 1.000000000000
-98.675121884257 73.374142301293 0.000000000000 1.000000000000
-20.382188728511 -84.544214580252 0.000000000000 1.000000000000
139.267541753929 -126.214085343764 0.866025403784 -0.500000000000
20.707940003394 11.566510960286 0.000000000000 1.000000000000
43.628067273692 -117.956915784131 0.866025403784 0.500000000000
4.069042358638 23.384113727961 0.000000000000 1.000000000000
-39.682482625009 -20.044677648062 0.866025403784 0.500000000000
18.341404385166 30.475884121222 0.000000000000 1.000000000000
63.893343431055 108.932565549947 0.866025403784 -0.500000000000
23.430252193770 72.443306208228 0.000000000000 1.000000000000
72.899035091351 48.179123578402 0.866025403784 -0.500000000000
-63.907565975357 -131.027237822535 0.000000000000 1.000000000000
-50.486789914433 -10.917880557576 0.866025403784 0.500000000000
1.115515553336 -9.203540855502 0.866025403784 0.500000000000
40.629778840881 -10.671420808329 0.866025403784 0.500000000000
