#Configurational_file created 2018-09-14 11:13:22  started 2018-09-14 11:13:21 run for 1.0s steps 0
name: p_372
step: 10000
specie: 20
	particle_diameter: 1.0000000000000000
	interaction_length: 1.2000000000000000
	number_of_patches: 3
	number_of_particles_per_compound: 1
	rod_length: 1.0000000000000000
	interaction_matrix:  1.000000 1.000000 1.000000 1.000000 1.000000 1.000000 1.000000 1.000000 1.000000
	patch_type: symmetric
	patch_width: 8.0000000000000000
	patch_angle: 0.0000000000000000
	angles:  0.000000 0.000000 0.000000
	grand_canonical: 0
	chemical_potential: 0.0000000000000000
box: 6.703053 6.703053
copy: 1.000000 1.000000
epsilon: 0.3214640000000000
end_epsilon: 0.0000000000000000
pressure: 1.5714500000000000
lambda: 0.0000000000000000
lambda_coupling: 1.0000000000000000
uy: 0.0000000000000000
maximum_displacement: 1.0000000000000000
maximum_rotation: 1.0000000000000000
maximum_volume: 0.7201960113911409
maximum_shape: 0.0000001000000000
maximum_dsigma: 0.0100000000000000
mod: 10
pmod: 10
optimize: 1
verbose: 1
snapshot: 0
display: 1
explore: 1
npt: 1
nptxy: 0
nptdxdy: 0
shape: 0
seed: 424434
-15.821006015380 96.608076979371 0.000000000000 1.000000000000
-135.482482892181 -119.208538460012 0.866025403784 0.500000000000
7.560622296629 -60.568755358821 0.866025403784 0.500000000000
-43.409551441334 27.893423837379 0.866025403784 0.500000000000
-33.848470638727 1.552003331329 0.866025403784 0.500000000000
-37.081637952659 -10.080918713618 0.866025403784 -0.500000000000
90.990468315997 -15.472996965844 0.866025403784 0.500000000000
81.033366201757 -3.449666934358 0.866025403784 0.500000000000
6.649138782349 -6.670484448748 0.866025403784 -0.500000000000
67.483114942694 -56.433158837643 0.866025403784 -0.500000000000
-16.627452850123 48.697805619161 0.866025403784 -0.500000000000
8.552377999063 -1.211774571921 0.866025403784 -0.500000000000
34.954533780721 -71.587986648716 0.866025403784 -0.500000000000
59.180854178846 -70.801370708037 0.000000000000 1.000000000000
16.583835853829 72.138070855666 0.866025403784 -0.500000000000
112.431260837456 107.065254972818 0.000000000000 1.000000000000
62.540330503406 37.742926163675 0.866025403784 0.500000000000
42.111976694068 60.442447053238 0.866025403784 -0.500000000000
-9.218678909791 -14.528987783950 0.866025403784 0.500000000000
-14.477539109980 30.730548925118 0.866025403784 0.500000000000
