#Configurational_file created 2018-09-14 11:13:25  started 2018-09-14 11:13:24 run for 1.0s steps 0
name: p_375
step: 10000
specie: 20
	particle_diameter: 1.0000000000000000
	interaction_length: 1.2000000000000000
	number_of_patches: 3
	number_of_particles_per_compound: 1
	rod_length: 1.0000000000000000
	interaction_matrix:  1.000000 1.000000 1.000000 1.000000 1.000000 1.000000 1.000000 1.000000 1.000000
	patch_type: symmetric
	patch_width: 8.0000000000000000
	patch_angle: 0.0000000000000000
	angles:  0.000000 0.000000 0.000000
	grand_canonical: 0
	chemical_potential: 0.0000000000000000
box: 7.913033 7.913033
copy: 1.000000 1.000000
epsilon: 0.3214640000000000
end_epsilon: 0.0000000000000000
pressure: 2.0000000000000000
lambda: 0.0000000000000000
lambda_coupling: 1.0000000000000000
uy: 0.0000000000000000
maximum_displacement: 1.0000000000000000
maximum_rotation: 1.0000000000000000
maximum_volume: 0.4711635642703260
maximum_shape: 0.0000001000000000
maximum_dsigma: 0.0100000000000000
mod: 10
pmod: 10
optimize: 1
verbose: 1
snapshot: 0
display: 1
explore: 1
npt: 1
nptxy: 0
nptdxdy: 0
shape: 0
seed: 427845
10.021492270355 -107.218225474797 0.000000000000 1.000000000000
113.981315968073 9.887371292109 0.866025403784 -0.500000000000
13.025078270531 -49.388722016753 0.866025403784 -0.500000000000
71.819628631667 38.635619157575 0.000000000000 1.000000000000
20.029709523740 52.018792917345 0.000000000000 1.000000000000
-23.925137225144 -57.891157805524 0.866025403784 -0.500000000000
48.230527516164 16.004174033784 0.866025403784 0.500000000000
101.974031508677 -16.915450037387 0.866025403784 0.500000000000
9.727797124989 103.551252844298 0.000000000000 1.000000000000
36.694441155217 73.095262632547 0.866025403784 0.500000000000
82.469377622122 -51.115552782096 0.866025403784 -0.500000000000
69.235570785472 69.050415146483 0.000000000000 1.000000000000
78.450860765704 145.093807535056 0.866025403784 -0.500000000000
-49.411907712172 161.040144006551 0.866025403784 -0.500000000000
41.438562712752 75.998389792609 0.000000000000 1.000000000000
2.862773294573 -9.250861297504 0.866025403784 0.500000000000
137.948322766075 31.593954183487 0.000000000000 1.000000000000
165.963674579583 72.969718824780 0.866025403784 -0.500000000000
73.687398098378 167.651576500487 0.866025403784 0.500000000000
95.494440305555 53.011082738533 0.000000000000 1.000000000000
