#Configurational_file created 2018-09-14 11:13:26  started 2018-09-14 11:13:25 run for 1.0s steps 0
name: p_376
step: 10000
specie: 20
	particle_diameter: 1.0000000000000000
	interaction_length: 1.2000000000000000
	number_of_patches: 3
	number_of_particles_per_compound: 1
	rod_length: 1.0000000000000000
	interaction_matrix:  1.000000 1.000000 1.000000 1.000000 1.000000 1.000000 1.000000 1.000000 1.000000
	patch_type: symmetric
	patch_width: 8.0000000000000000
	patch_angle: 0.0000000000000000
	angles:  0.000000 0.000000 0.000000
	grand_canonical: 0
	chemical_potential: 0.0000000000000000
box: 48.695600 48.695600
copy: 1.000000 1.000000
epsilon: 0.3571710000000000
end_epsilon: 0.0000000000000000
pressure: 0.0001000000000000
lambda: 0.0000000000000000
lambda_coupling: 1.0000000000000000
uy: 0.0000000000000000
maximum_displacement: 1.0000000000000000
maximum_rotation: 1.0000000000000000
maximum_volume: 1.0000000000000000
maximum_shape: 0.0000001000000000
maximum_dsigma: 0.0100000000000000
mod: 10
pmod: 10
optimize: 1
verbose: 1
snapshot: 0
display: 1
explore: 1
npt: 1
nptxy: 0
nptdxdy: 0
shape: 0
seed: 428982
115.664157147812 -224.840579787281 0.866025403784 -0.500000000000
-286.375160686561 6.776819959185 0.000000000000 1.000000000000
117.787801986417 -206.262088374352 0.866025403784 0.500000000000
487.169589081621 -238.909772269414 0.866025403784 0.500000000000
82.211088359655 132.468079734569 0.000000000000 1.000000000000
47.208703885561 -63.864927352673 0.866025403784 0.500000000000
234.268092353858 188.693059411539 0.866025403784 -0.500000000000
-136.691605601318 21.003850002089 0.000000000000 1.000000000000
-30.872370266099 147.585633877848 0.000000000000 1.000000000000
237.428280681151 66.800945443415 0.866025403784 0.500000000000
123.222560483893 77.852467261518 0.866025403784 -0.500000000000
-113.120482361489 127.292874954113 0.000000000000 1.000000000000
51.550430899336 -31.017479977337 0.866025403784 -0.500000000000
-87.189985699941 139.140774262133 0.000000000000 1.000000000000
275.532408827055 79.929446523805 0.866025403784 0.500000000000
144.509886151727 -192.082139134005 0.866025403784 -0.500000000000
45.700794280878 -317.499914679222 0.866025403784 -0.500000000000
-145.929364394499 -55.315109940246 0.866025403784 0.500000000000
65.451193878849 -206.455949301681 0.866025403784 0.500000000000
-99.831861788938 -223.732081095796 0.866025403784 0.500000000000
