#Configurational_file created 2018-09-14 11:13:21  started 2018-09-14 11:13:20 run for 1.0s steps 0
name: p_371
step: 10000
specie: 20
	particle_diameter: 1.0000000000000000
	interaction_length: 1.2000000000000000
	number_of_patches: 3
	number_of_particles_per_compound: 1
	rod_length: 1.0000000000000000
	interaction_matrix:  1.000000 1.000000 1.000000 1.000000 1.000000 1.000000 1.000000 1.000000 1.000000
	patch_type: symmetric
	patch_width: 8.0000000000000000
	patch_angle: 0.0000000000000000
	angles:  0.000000 0.000000 0.000000
	grand_canonical: 0
	chemical_potential: 0.0000000000000000
box: 8.779710 8.779710
copy: 1.000000 1.000000
epsilon: 0.3214640000000000
end_epsilon: 0.0000000000000000
pressure: 1.4286000000000001
lambda: 0.0000000000000000
lambda_coupling: 1.0000000000000000
uy: 0.0000000000000000
maximum_displacement: 1.0000000000000000
maximum_rotation: 1.0000000000000000
maximum_volume: 0.8233477694488807
maximum_shape: 0.0000001000000000
maximum_dsigma: 0.0100000000000000
mod: 10
pmod: 10
optimize: 1
verbose: 1
snapshot: 0
display: 1
explore: 1
npt: 1
nptxy: 0
nptdxdy: 0
shape: 0
seed: 423297
12.729989099247 -70.907399883670 0.866025403784 0.500000000000
-56.072127562439 -187.197475927999 0.866025403784 -0.500000000000
21.122198701861 22.627915964958 0.866025403784 -0.500000000000
1.132220310048 -14.170350094871 0.000000000000 1.000000000000
77.328110883748 124.107552651820 0.866025403784 -0.500000000000
-137.234434216053 99.478600058800 0.866025403784 0.500000000000
79.290393555612 66.200433141132 0.000000000000 1.000000000000
55.039042227073 -33.353187826845 0.866025403784 0.500000000000
20.238736693749 16.732968563565 0.866025403784 -0.500000000000
10.865915693244 -57.324548627269 0.866025403784 -0.500000000000
-145.500464227573 -109.847654866807 0.000000000000 1.000000000000
-53.867174831776 7.162188317234 0.000000000000 1.000000000000
-4.293497124893 107.934450717826 0.866025403784 0.500000000000
154.978842466232 -7.139153175468 0.866025403784 -0.500000000000
46.698672702583 42.185491714773 0.866025403784 0.500000000000
-13.955357891042 -34.641469185017 0.866025403784 0.500000000000
16.835614659329 83.489502719134 0.000000000000 1.000000000000
99.269467288188 119.708244002494 0.866025403784 -0.500000000000
-43.195000973192 140.807265893774 0.000000000000 1.000000000000
-37.479736847011 69.391130138892 0.866025403784 -0.500000000000
