#Configurational_file created 2018-09-14 11:13:27  started 2018-09-14 11:13:26 run for 1.0s steps 0
name: p_378
step: 10000
specie: 20
	particle_diameter: 1.0000000000000000
	interaction_length: 1.2000000000000000
	number_of_patches: 3
	number_of_particles_per_compound: 1
	rod_length: 1.0000000000000000
	interaction_matrix:  1.000000 1.000000 1.000000 1.000000 1.000000 1.000000 1.000000 1.000000 1.000000
	patch_type: symmetric
	patch_width: 8.0000000000000000
	patch_angle: 0.0000000000000000
	angles:  0.000000 0.000000 0.000000
	grand_canonical: 0
	chemical_potential: 0.0000000000000000
box: 15.161210 15.161210
copy: 1.000000 1.000000
epsilon: 0.3571710000000000
end_epsilon: 0.0000000000000000
pressure: 0.2858000000000000
lambda: 0.0000000000000000
lambda_coupling: 1.0000000000000000
uy: 0.0000000000000000
maximum_displacement: 1.0000000000000000
maximum_rotation: 1.0000000000000000
maximum_volume: 1.0000000000000000
maximum_shape: 0.0000001000000000
maximum_dsigma: 0.0100000000000000
mod: 10
pmod: 10
optimize: 1
verbose: 1
snapshot: 0
display: 1
explore: 1
npt: 1
nptxy: 0
nptdxdy: 0
shape: 0
seed: 431256
222.143260510249 -9.627544111126 0.866025403784 0.500000000000
153.206576409538 59.703727476250 0.866025403784 -0.500000000000
-13.540104609573 117.455249393350 0.866025403784 0.500000000000
180.472605824399 110.686624111580 0.866025403784 0.500000000000
71.647550004592 -38.886473714951 0.866025403784 -0.500000000000
56.885320673135 -108.579397543238 0.866025403784 -0.500000000000
-14.873310880829 73.711375526494 0.866025403784 0.500000000000
40.453891736493 22.814418482430 0.866025403784 -0.500000000000
-21.137925017669 7.237503368232 0.866025403784 -0.500000000000
-114.086152862436 10.016355655263 0.000000000000 1.000000000000
30.467874678016 253.414511970683 0.000000000000 1.000000000000
44.757361517455 139.552956353891 0.000000000000 1.000000000000
30.318421313971 -83.545767615180 0.866025403784 0.500000000000
-125.660157511869 26.449129740990 0.000000000000 1.000000000000
50.169090313057 90.858398243462 0.000000000000 1.000000000000
-64.283480001977 -87.705224226504 0.000000000000 1.000000000000
105.607331116432 147.452323268787 0.866025403784 0.500000000000
99.496963040184 -16.329526271186 0.000000000000 1.000000000000
40.763712632472 -56.205687386864 0.866025403784 0.500000000000
139.413789366366 -60.151364526113 0.866025403784 0.500000000000
