#Configurational_file created 2018-09-14 11:13:26  started 2018-09-14 11:13:26 run for 0.0s steps 0
name: p_377
step: 10000
specie: 20
	particle_diameter: 1.0000000000000000
	interaction_length: 1.2000000000000000
	number_of_patches: 3
	number_of_particles_per_compound: 1
	rod_length: 1.0000000000000000
	interaction_matrix:  1.000000 1.000000 1.000000 1.000000 1.000000 1.000000 1.000000 1.000000 1.000000
	patch_type: symmetric
	patch_width: 8.0000000000000000
	patch_angle: 0.0000000000000000
	angles:  0.000000 0.000000 0.000000
	grand_canonical: 0
	chemical_potential: 0.0000000000000000
box: 20.428370 20.428370
copy: 1.000000 1.000000
epsilon: 0.3571710000000000
end_epsilon: 0.0000000000000000
pressure: 0.1429500000000000
lambda: 0.0000000000000000
lambda_coupling: 1.0000000000000000
uy: 0.0000000000000000
maximum_displacement: 1.0000000000000000
maximum_rotation: 1.0000000000000000
maximum_volume: 1.0000000000000000
maximum_shape: 0.0000001000000000
maximum_dsigma: 0.0100000000000000
mod: 10
pmod: 10
optimize: 1
verbose: 1
snapshot: 0
display: 1
explore: 1
npt: 1
nptxy: 0
nptdxdy: 0
shape: 0
seed: 430119
85.470450017911 113.631892917759 0.866025403784 -0.500000000000
217.645021249793 53.319156177484 0.866025403784 -0.500000000000
-0.780725866387 6.360625311810 0.866025403784 -0.500000000000
81.101135055212 58.176349167963 0.866025403784 -0.500000000000
-297.455366967102 380.140330792323 0.000000000000 1.000000000000
68.643379513529 82.729743476448 0.866025403784 0.500000000000
105.931844706306 211.626664963691 0.866025403784 0.500000000000
239.887393208653 282.225174108890 0.000000000000 1.000000000000
-1.404904930753 -19.336465195021 0.000000000000 1.000000000000
-49.111330347007 46.005798796920 0.866025403784 0.500000000000
10.243354757172 -58.995721856923 0.000000000000 1.000000000000
164.291469574747 -5.933682029030 0.000000000000 1.000000000000
-2.618778771403 306.739311176165 0.866025403784 -0.500000000000
-133.981303579888 -123.661906567934 0.866025403784 -0.500000000000
90.278592828280 -271.523014955428 0.866025403784 0.500000000000
-90.124945379911 -39.702800979463 0.000000000000 1.000000000000
152.027952498074 56.967191724979 0.866025403784 -0.500000000000
-142.750463123635 20.356300270977 0.000000000000 1.000000000000
225.272872459071 150.558195736065 0.866025403784 -0.500000000000
-17.387009050074 165.915823033512 0.866025403784 -0.500000000000
