#Configurational_file created 2018-09-14 11:13:24  started 2018-09-14 11:13:23 run for 1.0s steps 0
name: p_374
step: 10000
specie: 20
	particle_diameter: 1.0000000000000000
	interaction_length: 1.2000000000000000
	number_of_patches: 3
	number_of_particles_per_compound: 1
	rod_length: 1.0000000000000000
	interaction_matrix:  1.000000 1.000000 1.000000 1.000000 1.000000 1.000000 1.000000 1.000000 1.000000
	patch_type: symmetric
	patch_width: 8.0000000000000000
	patch_angle: 0.0000000000000000
	angles:  0.000000 0.000000 0.000000
	grand_canonical: 0
	chemical_potential: 0.0000000000000000
box: 7.979040 7.979040
copy: 1.000000 1.000000
epsilon: 0.3214640000000000
end_epsilon: 0.0000000000000000
pressure: 1.8571500000000001
lambda: 0.0000000000000000
lambda_coupling: 1.0000000000000000
uy: 0.0000000000000000
maximum_displacement: 1.0000000000000000
maximum_rotation: 1.0000000000000000
maximum_volume: 0.4305637450055360
maximum_shape: 0.0000001000000000
maximum_dsigma: 0.0100000000000000
mod: 10
pmod: 10
optimize: 1
verbose: 1
snapshot: 0
display: 1
explore: 1
npt: 1
nptxy: 0
nptdxdy: 0
shape: 0
seed: 426708
47.117948209430 -77.812868223740 0.866025403784 -0.500000000000
35.337577144855 25.774630507838 0.866025403784 -0.500000000000
-97.963582592417 175.240019174375 0.866025403784 -0.500000000000
-4.298922675849 38.762066273228 0.866025403784 -0.500000000000
-42.808468756181 -60.350228298627 0.866025403784 -0.500000000000
-29.401242309032 106.865856031453 0.866025403784 0.500000000000
-77.727633820908 -75.319164439356 0.866025403784 -0.500000000000
106.389830652360 22.297254482393 0.000000000000 1.000000000000
-40.732473708900 7.586878426265 0.866025403784 0.500000000000
-102.531547368293 66.027774142467 0.000000000000 1.000000000000
-39.857403297265 2.176144975223 0.000000000000 1.000000000000
16.132034921705 -115.380980853129 0.866025403784 -0.500000000000
123.899120574749 10.715385523602 0.866025403784 -0.500000000000
-34.402217327961 -46.899245544532 0.866025403784 -0.500000000000
109.649629710371 -35.116255369040 0.000000000000 1.000000000000
74.845097143306 63.588300411791 0.866025403784 -0.500000000000
0.674443322029 -48.084761043925 0.000000000000 1.000000000000
114.118351148294 -41.496409480247 0.866025403784 -0.500000000000
-4.053660786978 34.104438958422 0.000000000000 1.000000000000
-58.696584572665 46.144747003087 0.000000000000 1.000000000000
