#Configurational_file created 2018-09-14 11:13:32  started 2018-09-14 11:13:31 run for 1.0s steps 0
name: p_384
step: 10000
specie: 20
	particle_diameter: 1.0000000000000000
	interaction_length: 1.2000000000000000
	number_of_patches: 3
	number_of_particles_per_compound: 1
	rod_length: 1.0000000000000000
	interaction_matrix:  1.000000 1.000000 1.000000 1.000000 1.000000 1.000000 1.000000 1.000000 1.000000
	patch_type: symmetric
	patch_width: 8.0000000000000000
	patch_angle: 0.0000000000000000
	angles:  0.000000 0.000000 0.000000
	grand_canonical: 0
	chemical_potential: 0.0000000000000000
box: 9.461627 9.461627
copy: 1.000000 1.000000
epsilon: 0.3571710000000000
end_epsilon: 0.0000000000000000
pressure: 1.1429000000000000
lambda: 0.0000000000000000
lambda_coupling: 1.0000000000000000
uy: 0.0000000000000000
maximum_displacement: 1.0000000000000000
maximum_rotation: 1.0000000000000000
maximum_volume: 0.9600000000000000
maximum_shape: 0.0000001000000000
maximum_dsigma: 0.0100000000000000
mod: 10
pmod: 10
optimize: 1
verbose: 1
snapshot: 0
display: 1
explore: 1
npt: 1
nptxy: 0
nptdxdy: 0
shape: 0
seed: 438078
96.339458047573 121.773816193837 0.000000000000 1.000000000000
-47.924736885212 19.355151860090 0.866025403784 0.500000000000
39.489257688917 -32.318777946505 0.000000000000 1.000000000000
-33.776138263476 25.275396011619 0.866025403784 -0.500000000000
-115.584950998953 38.220205799902 0.866025403784 -0.500000000000
-17.804077335265 -114.151479996181 0.866025403784 0.500000000000
-48.840179902168 111.522433812487 0.000000000000 1.000000000000
-43.515948783523 32.952907211644 0.866025403784 -0.500000000000
-91.577251951677 20.946976035871 0.866025403784 0.500000000000
-98.254379654259 100.419860375831 0.866025403784 -0.500000000000
-38.973177586504 -34.158583351693 0.866025403784 0.500000000000
15.895068240989 -82.602878622664 0.866025403784 0.500000000000
-81.454519791756 46.957540415856 0.866025403784 0.500000000000
-2.789943727509 -100.125557718407 0.866025403784 0.500000000000
-44.268911010809 31.601199480900 0.866025403784 0.500000000000
84.900798123662 7.553875326649 0.866025403784 -0.500000000000
22.005757388520 6.463744400474 0.866025403784 0.500000000000
62.968840914689 45.039142733290 0.000000000000 1.000000000000
-36.940786838955 -128.760396987334 0.866025403784 -0.500000000000
33.720529094209 -30.458055913481 0.866025403784 0.500000000000
