#Configurational_file created 2018-09-14 11:13:33  started 2018-09-14 11:13:32 run for 1.0s steps 0
name: p_385
step: 10000
specie: 20
	particle_diameter: 1.0000000000000000
	interaction_length: 1.2000000000000000
	number_of_patches: 3
	number_of_particles_per_compound: 1
	rod_length: 1.0000000000000000
	interaction_matrix:  1.000000 1.000000 1.000000 1.000000 1.000000 1.000000 1.000000 1.000000 1.000000
	patch_type: symmetric
	patch_width: 8.0000000000000000
	patch_angle: 0.0000000000000000
	angles:  0.000000 0.000000 0.000000
	grand_canonical: 0
	chemical_potential: 0.0000000000000000
box: 8.463215 8.463215
copy: 1.000000 1.000000
epsilon: 0.3571710000000000
end_epsilon: 0.0000000000000000
pressure: 1.2857499999999999
lambda: 0.0000000000000000
lambda_coupling: 1.0000000000000000
uy: 0.0000000000000000
maximum_displacement: 1.0000000000000000
maximum_rotation: 1.0000000000000000
maximum_volume: 0.9315133512459989
maximum_shape: 0.0000001000000000
maximum_dsigma: 0.0100000000000000
mod: 10
pmod: 10
optimize: 1
verbose: 1
snapshot: 0
display: 1
explore: 1
npt: 1
nptxy: 0
nptdxdy: 0
shape: 0
seed: 439215
-47.557916407536 -2.001692143612 0.866025403784 0.500000000000
-86.697842119842 -63.441480989312 0.866025403784 -0.500000000000
37.506026985074 -29.800644700725 0.000000000000 1.000000000000
25.788187847492 7.809092833650 0.866025403784 0.500000000000
-0.263238420920 80.445659956389 0.000000000000 1.000000000000
74.014918316668 25.903437383568 0.866025403784 -0.500000000000
-7.874260695268 38.946955043734 0.866025403784 -0.500000000000
-124.301967803457 -6.867522310807 0.000000000000 1.000000000000
122.519566204219 30.483888674951 0.000000000000 1.000000000000
-63.383684509565 -48.760847025884 0.866025403784 0.500000000000
15.352278786922 -6.257262983057 0.866025403784 -0.500000000000
22.243573164920 35.713640250062 0.866025403784 -0.500000000000
-7.516400745973 -12.087262369970 0.000000000000 1.000000000000
130.558305347042 -33.363944004968 0.866025403784 0.500000000000
15.409698148343 99.467162504695 0.866025403784 -0.500000000000
74.827816430049 101.333567074806 0.000000000000 1.000000000000
115.431285330274 -20.261628940089 0.866025403784 -0.500000000000
134.774436860834 -57.836605139113 0.866025403784 0.500000000000
-29.174580157254 111.055191703924 0.866025403784 0.500000000000
-136.967814470424 90.083208485583 0.000000000000 1.000000000000
