#Configurational_file created 2018-09-14 11:13:36  started 2018-09-14 11:13:35 run for 1.0s steps 0
name: p_388
step: 10000
specie: 20
	particle_diameter: 1.0000000000000000
	interaction_length: 1.2000000000000000
	number_of_patches: 3
	number_of_particles_per_compound: 1
	rod_length: 1.0000000000000000
	interaction_matrix:  1.000000 1.000000 1.000000 1.000000 1.000000 1.000000 1.000000 1.000000 1.000000
	patch_type: symmetric
	patch_width: 8.0000000000000000
	patch_angle: 0.0000000000000000
	angles:  0.000000 0.000000 0.000000
	grand_canonical: 0
	chemical_potential: 0.0000000000000000
box: 7.559487 7.559487
copy: 1.000000 1.000000
epsilon: 0.3571710000000000
end_epsilon: 0.0000000000000000
pressure: 1.7142999999999999
lambda: 0.0000000000000000
lambda_coupling: 1.0000000000000000
uy: 0.0000000000000000
maximum_displacement: 1.0000000000000000
maximum_rotation: 1.0000000000000000
maximum_volume: 0.5629595672369143
maximum_shape: 0.0000001000000000
maximum_dsigma: 0.0100000000000000
mod: 10
pmod: 10
optimize: 1
verbose: 1
snapshot: 0
display: 1
explore: 1
npt: 1
nptxy: 0
nptdxdy: 0
shape: 0
seed: 442626
2.608124142498 14.657978591152 0.866025403784 0.500000000000
52.878207271972 96.249191895811 0.866025403784 0.500000000000
3.532478975509 50.168546880242 0.866025403784 0.500000000000
80.414901129847 -16.179478531575 0.866025403784 0.500000000000
4.244342341983 88.838458723448 0.000000000000 1.000000000000
23.526410267002 80.797499030203 0.000000000000 1.000000000000
-59.904626910067 -102.560210861240 0.866025403784 -0.500000000000
47.305586574418 -134.736879821677 0.866025403784 0.500000000000
36.125741629056 -130.761859913623 0.866025403784 -0.500000000000
70.119139970312 85.141858670913 0.866025403784 -0.500000000000
5.970264378805 34.212981335079 0.866025403784 0.500000000000
9.663702481525 89.224034552681 0.000000000000 1.000000000000
23.554008856438 -8.493486844623 0.000000000000 1.000000000000
-0.441267868810 43.988857843889 0.866025403784 -0.500000000000
-152.768825006952 -104.117096450137 0.000000000000 1.000000000000
-24.692544368041 -15.740563744253 0.866025403784 -0.500000000000
89.666100119890 2.541365669880 0.866025403784 0.500000000000
31.102446858752 -52.488977112158 0.866025403784 -0.500000000000
-18.696012918788 22.041236963371 0.866025403784 -0.500000000000
98.181818781080 -81.044602619766 0.000000000000 1.000000000000
