#Configurational_file created 2018-09-14 11:13:37  started 2018-09-14 11:13:36 run for 1.0s steps 0
name: p_389
step: 10000
specie: 20
	particle_diameter: 1.0000000000000000
	interaction_length: 1.2000000000000000
	number_of_patches: 3
	number_of_particles_per_compound: 1
	rod_length: 1.0000000000000000
	interaction_matrix:  1.000000 1.000000 1.000000 1.000000 1.000000 1.000000 1.000000 1.000000 1.000000
	patch_type: symmetric
	patch_width: 8.0000000000000000
	patch_angle: 0.0000000000000000
	angles:  0.000000 0.000000 0.000000
	grand_canonical: 0
	chemical_potential: 0.0000000000000000
box: 7.759912 7.759912
copy: 1.000000 1.000000
epsilon: 0.3571710000000000
end_epsilon: 0.0000000000000000
pressure: 1.8571500000000001
lambda: 0.0000000000000000
lambda_coupling: 1.0000000000000000
uy: 0.0000000000000000
maximum_displacement: 1.0000000000000000
maximum_rotation: 1.0000000000000000
maximum_volume: 0.4759916545083754
maximum_shape: 0.0000001000000000
maximum_dsigma: 0.0100000000000000
mod: 10
pmod: 10
optimize: 1
verbose: 1
snapshot: 0
display: 1
explore: 1
npt: 1
nptxy: 0
nptdxdy: 0
shape: 0
seed: 443763
24.942242025251 -44.090190934177 0.866025403784 -0.500000000000
-17.599393019314 -8.437794665631 0.866025403784 0.500000000000
-90.016934959693 20.845098729021 0.866025403784 0.500000000000
-67.402683208873 22.564754176356 0.000000000000 1.000000000000
8.003645630728 112.732912831896 0.866025403784 0.500000000000
-6.050048312983 52.849206198864 0.000000000000 1.000000000000
-121.568445941360 -23.244236489881 0.866025403784 -0.500000000000
23.280250058258 33.948526056019 0.866025403784 0.500000000000
-37.016108370601 -70.456165067514 0.866025403784 0.500000000000
84.948142565373 70.968447358518 0.866025403784 -0.500000000000
-68.802263497662 8.523446205377 0.000000000000 1.000000000000
-34.244124422345 -5.284328840799 0.000000000000 1.000000000000
-10.140839828195 -54.097527144106 0.866025403784 -0.500000000000
-95.250792047982 -3.312930420318 0.866025403784 0.500000000000
-109.727364307685 -20.657226620357 0.866025403784 -0.500000000000
35.076365306251 -32.561202096851 0.866025403784 0.500000000000
-58.367596775126 36.485740823816 0.000000000000 1.000000000000
40.693529161231 -36.898647360796 0.000000000000 1.000000000000
-43.025970473210 95.174376573965 0.866025403784 0.500000000000
-0.643971091612 16.155985581506 0.866025403784 0.500000000000
