#Configurational_file created 2018-09-14 11:13:30  started 2018-09-14 11:13:30 run for 0.0s steps 0
name: p_382
step: 10000
specie: 20
	particle_diameter: 1.0000000000000000
	interaction_length: 1.2000000000000000
	number_of_patches: 3
	number_of_particles_per_compound: 1
	rod_length: 1.0000000000000000
	interaction_matrix:  1.000000 1.000000 1.000000 1.000000 1.000000 1.000000 1.000000 1.000000 1.000000
	patch_type: symmetric
	patch_width: 8.0000000000000000
	patch_angle: 0.0000000000000000
	angles:  0.000000 0.000000 0.000000
	grand_canonical: 0
	chemical_potential: 0.0000000000000000
box: 8.585760 8.585760
copy: 1.000000 1.000000
epsilon: 0.3571710000000000
end_epsilon: 0.0000000000000000
pressure: 0.8572000000000000
lambda: 0.0000000000000000
lambda_coupling: 1.0000000000000000
uy: 0.0000000000000000
maximum_displacement: 1.0000000000000000
maximum_rotation: 1.0000000000000000
maximum_volume: 1.0000000000000000
maximum_shape: 0.0000001000000000
maximum_dsigma: 0.0100000000000000
mod: 10
pmod: 10
optimize: 1
verbose: 1
snapshot: 0
display: 1
explore: 1
npt: 1
nptxy: 0
nptdxdy: 0
shape: 0
seed: 435804
44.375198899249 -128.197125976617 0.866025403784 0.500000000000
-121.650771786577 58.454950604897 0.866025403784 0.500000000000
-65.937761011515 67.486169878123 0.000000000000 1.000000000000
18.559291709548 31.967405462504 0.866025403784 0.500000000000
8.271337178109 77.931400800124 0.000000000000 1.000000000000
104.782063694613 -4.421554310623 0.000000000000 1.000000000000
33.165048851804 -75.575856229149 0.000000000000 1.000000000000
-100.653757973253 -140.901994250075 0.000000000000 1.000000000000
82.104700303426 -71.994506138394 0.000000000000 1.000000000000
55.796631170630 -27.340995172873 0.866025403784 -0.500000000000
184.509745789229 -84.233919910736 0.000000000000 1.000000000000
-108.857237154089 36.633885837524 0.866025403784 0.500000000000
90.123628235664 118.440470608148 0.000000000000 1.000000000000
-60.005991119626 -105.777431363791 0.000000000000 1.000000000000
34.931320302756 -69.420133880571 0.866025403784 0.500000000000
99.268994653462 -40.252689064318 0.866025403784 0.500000000000
-85.333216417951 -107.477489049789 0.866025403784 0.500000000000
44.746599373889 -72.326770230445 0.866025403784 0.500000000000
-96.723460811078 -9.257245509859 0.866025403784 -0.500000000000
-0.387786990497 10.669646415694 0.866025403784 -0.500000000000
