#Configurational_file created 2018-09-14 11:13:30  started 2018-09-14 11:13:29 run for 1.0s steps 0
name: p_381
step: 10000
specie: 20
	particle_diameter: 1.0000000000000000
	interaction_length: 1.2000000000000000
	number_of_patches: 3
	number_of_particles_per_compound: 1
	rod_length: 1.0000000000000000
	interaction_matrix:  1.000000 1.000000 1.000000 1.000000 1.000000 1.000000 1.000000 1.000000 1.000000
	patch_type: symmetric
	patch_width: 8.0000000000000000
	patch_angle: 0.0000000000000000
	angles:  0.000000 0.000000 0.000000
	grand_canonical: 0
	chemical_potential: 0.0000000000000000
box: 9.783576 9.783576
copy: 1.000000 1.000000
epsilon: 0.3571710000000000
end_epsilon: 0.0000000000000000
pressure: 0.7143500000000000
lambda: 0.0000000000000000
lambda_coupling: 1.0000000000000000
uy: 0.0000000000000000
maximum_displacement: 1.0000000000000000
maximum_rotation: 1.0000000000000000
maximum_volume: 1.0000000000000000
maximum_shape: 0.0000001000000000
maximum_dsigma: 0.0100000000000000
mod: 10
pmod: 10
optimize: 1
verbose: 1
snapshot: 0
display: 1
explore: 1
npt: 1
nptxy: 0
nptdxdy: 0
shape: 0
seed: 434667
-138.697673579816 -88.960607494257 0.000000000000 1.000000000000
-22.366423548499 -55.513159883530 0.866025403784 -0.500000000000
-62.083622421730 -70.090211077554 0.866025403784 0.500000000000
-67.614050440112 34.217429232050 0.866025403784 0.500000000000
28.021133634480 40.347227682552 0.866025403784 0.500000000000
63.024833526507 -42.842972944869 0.866025403784 -0.500000000000
-122.926887851612 1.017599596694 0.866025403784 0.500000000000
1.690813914700 93.060512740010 0.866025403784 -0.500000000000
59.479467804167 44.988545267548 0.866025403784 -0.500000000000
25.237836729919 -7.972350715147 0.866025403784 0.500000000000
-103.908550488022 -53.541499228464 0.000000000000 1.000000000000
36.379139620886 -42.108975645613 0.000000000000 1.000000000000
88.075206584055 12.369081478988 0.866025403784 -0.500000000000
-18.297575404828 -115.054577539665 0.866025403784 -0.500000000000
-16.403093287885 84.579731310963 0.866025403784 -0.500000000000
170.842401038967 -88.746891045898 0.000000000000 1.000000000000
55.842276527635 14.606543511189 0.866025403784 0.500000000000
-76.753173503537 -80.779530411034 0.000000000000 1.000000000000
74.904049962643 -49.095829374896 0.866025403784 0.500000000000
100.317434625274 87.337049077780 0.000000000000 1.000000000000
