#Configurational_file created 2018-09-14 11:13:35  started 2018-09-14 11:13:34 run for 1.0s steps 0
name: p_387
step: 10000
specie: 20
	particle_diameter: 1.0000000000000000
	interaction_length: 1.2000000000000000
	number_of_patches: 3
	number_of_particles_per_compound: 1
	rod_length: 1.0000000000000000
	interaction_matrix:  1.000000 1.000000 1.000000 1.000000 1.000000 1.000000 1.000000 1.000000 1.000000
	patch_type: symmetric
	patch_width: 8.0000000000000000
	patch_angle: 0.0000000000000000
	angles:  0.000000 0.000000 0.000000
	grand_canonical: 0
	chemical_potential: 0.0000000000000000
box: 8.190723 8.190723
copy: 1.000000 1.000000
epsilon: 0.3571710000000000
end_epsilon: 0.0000000000000000
pressure: 1.5714500000000000
lambda: 0.0000000000000000
lambda_coupling: 1.0000000000000000
uy: 0.0000000000000000
maximum_displacement: 1.0000000000000000
maximum_rotation: 1.0000000000000000
maximum_volume: 0.6698605571695779
maximum_shape: 0.0000001000000000
maximum_dsigma: 0.0100000000000000
mod: 10
pmod: 10
optimize: 1
verbose: 1
snapshot: 0
display: 1
explore: 1
npt: 1
nptxy: 0
nptdxdy: 0
shape: 0
seed: 441489
-22.882918344672 -101.762645920906 0.000000000000 1.000000000000
-169.820485702863 -103.359823230718 0.866025403784 0.500000000000
16.334513234866 -73.248631887280 0.866025403784 -0.500000000000
19.642312166670 -85.927851911396 0.866025403784 0.500000000000
-77.632941008328 109.931423922474 0.866025403784 -0.500000000000
-126.521347173449 6.415315149519 0.866025403784 -0.500000000000
-39.765179355637 -25.791500699355 0.866025403784 -0.500000000000
61.281174609797 -2.111966789482 0.000000000000 1.000000000000
-103.231751636919 7.593449536047 0.866025403784 -0.500000000000
-12.037367624860 51.844944238016 0.866025403784 0.500000000000
9.298126042037 59.234733423513 0.000000000000 1.000000000000
-66.340496470069 87.867003955879 0.866025403784 0.500000000000
-2.474804202252 -54.674864671232 0.866025403784 0.500000000000
86.634163466138 -63.836777935682 0.866025403784 0.500000000000
62.616358848688 4.449862551610 0.866025403784 0.500000000000
-65.558170912103 -101.896263228447 0.866025403784 -0.500000000000
-93.834886870222 48.891141234314 0.866025403784 0.500000000000
-54.351916751765 -2.688676384024 0.866025403784 0.500000000000
-69.887755394823 106.915353671959 0.866025403784 -0.500000000000
19.609352683456 42.921628472524 0.866025403784 -0.500000000000
