#Configurational_file created 2018-09-14 11:13:29  started 2018-09-14 11:13:28 run for 1.0s steps 0
name: p_380
step: 10000
specie: 20
	particle_diameter: 1.0000000000000000
	interaction_length: 1.2000000000000000
	number_of_patches: 3
	number_of_particles_per_compound: 1
	rod_length: 1.0000000000000000
	interaction_matrix:  1.000000 1.000000 1.000000 1.000000 1.000000 1.000000 1.000000 1.000000 1.000000
	patch_type: symmetric
	patch_width: 8.0000000000000000
	patch_angle: 0.0000000000000000
	angles:  0.000000 0.000000 0.000000
	grand_canonical: 0
	chemical_potential: 0.0000000000000000
box: 11.100322 11.100322
copy: 1.000000 1.000000
epsilon: 0.3571710000000000
end_epsilon: 0.0000000000000000
pressure: 0.5715000000000000
lambda: 0.0000000000000000
lambda_coupling: 1.0000000000000000
uy: 0.0000000000000000
maximum_displacement: 1.0000000000000000
maximum_rotation: 1.0000000000000000
maximum_volume: 1.0000000000000000
maximum_shape: 0.0000001000000000
maximum_dsigma: 0.0100000000000000
mod: 10
pmod: 10
optimize: 1
verbose: 1
snapshot: 0
display: 1
explore: 1
npt: 1
nptxy: 0
nptdxdy: 0
shape: 0
seed: 433530
13.213130998794 114.888026817793 0.866025403784 0.500000000000
35.422236004277 151.565937091336 0.000000000000 1.000000000000
-49.946997829170 30.439715478535 0.866025403784 -0.500000000000
-15.689208265276 157.973125266941 0.000000000000 1.000000000000
-153.855420268797 9.233900438181 0.866025403784 0.500000000000
-7.792764735719 -102.922677980235 0.000000000000 1.000000000000
-30.026776295851 -62.805499353334 0.866025403784 -0.500000000000
-61.106070481308 -76.520419759394 0.000000000000 1.000000000000
-10.294745134646 -53.206346263548 0.866025403784 0.500000000000
70.835222111782 -105.220098092196 0.866025403784 -0.500000000000
-4.373078058863 -71.921574422596 0.000000000000 1.000000000000
-24.779685651441 -15.292458540535 0.866025403784 -0.500000000000
94.619805849661 -58.974361180913 0.866025403784 0.500000000000
24.840806428578 9.757983679798 0.866025403784 -0.500000000000
-26.035930120246 76.718561028835 0.000000000000 1.000000000000
89.163198789972 128.438090478683 0.866025403784 -0.500000000000
110.309232244922 15.168526641045 0.866025403784 -0.500000000000
139.496135774441 3.898408269896 0.866025403784 -0.500000000000
-109.769267138697 93.735825263717 0.866025403784 0.500000000000
88.245828218266 76.474748633973 0.866025403784 -0.500000000000
