#Configurational_file created 2018-09-14 11:13:31  started 2018-09-14 11:13:30 run for 1.0s steps 0
name: p_383
step: 10000
specie: 20
	particle_diameter: 1.0000000000000000
	interaction_length: 1.2000000000000000
	number_of_patches: 3
	number_of_particles_per_compound: 1
	rod_length: 1.0000000000000000
	interaction_matrix:  1.000000 1.000000 1.000000 1.000000 1.000000 1.000000 1.000000 1.000000 1.000000
	patch_type: symmetric
	patch_width: 8.0000000000000000
	patch_angle: 0.0000000000000000
	angles:  0.000000 0.000000 0.000000
	grand_canonical: 0
	chemical_potential: 0.0000000000000000
box: 8.942195 8.942195
copy: 1.000000 1.000000
epsilon: 0.3571710000000000
end_epsilon: 0.0000000000000000
pressure: 1.0000500000000001
lambda: 0.0000000000000000
lambda_coupling: 1.0000000000000000
uy: 0.0000000000000000
maximum_displacement: 1.0000000000000000
maximum_rotation: 1.0000000000000000
maximum_volume: 1.0000000000000000
maximum_shape: 0.0000001000000000
maximum_dsigma: 0.0100000000000000
mod: 10
pmod: 10
optimize: 1
verbose: 1
snapshot: 0
display: 1
explore: 1
npt: 1
nptxy: 0
nptdxdy: 0
shape: 0
seed: 436941
158.794083456636 -19.493835852614 0.866025403784 -0.500000000000
62.718673848974 66.725754890656 0.866025403784 0.500000000000
43.793432353189 97.738486457802 0.866025403784 0.500000000000
87.066326014763 -15.993588059703 0.866025403784 -0.500000000000
20.119816362185 39.145443629345 0.866025403784 -0.500000000000
32.476259111436 30.662211973910 0.866025403784 -0.500000000000
-129.859726849089 139.110109006868 0.000000000000 1.000000000000
156.039657876730 153.191525273897 0.000000000000 1.000000000000
21.256054386152 126.426938924197 0.866025403784 -0.500000000000
45.216321033360 96.829181664972 0.866025403784 -0.500000000000
-9.432098333442 8.979632621893 0.866025403784 -0.500000000000
-1.731645912432 -12.638990895726 0.866025403784 -0.500000000000
-90.067248683041 91.562970283559 0.000000000000 1.000000000000
58.903762762641 29.471906496934 0.866025403784 -0.500000000000
-8.047671991867 44.870184199371 0.866025403784 0.500000000000
27.722266617445 5.455804924633 0.866025403784 -0.500000000000
-19.539353491037 74.717976866352 0.000000000000 1.000000000000
42.076923245749 89.007561987377 0.866025403784 -0.500000000000
30.160913387754 -47.957608653578 0.866025403784 0.500000000000
157.702771342878 -10.593862087280 0.000000000000 1.000000000000
