#Configurational_file created 2018-09-14 11:13:34  started 2018-09-14 11:13:33 run for 1.0s steps 0
name: p_386
step: 10000
specie: 20
	particle_diameter: 1.0000000000000000
	interaction_length: 1.2000000000000000
	number_of_patches: 3
	number_of_particles_per_compound: 1
	rod_length: 1.0000000000000000
	interaction_matrix:  1.000000 1.000000 1.000000 1.000000 1.000000 1.000000 1.000000 1.000000 1.000000
	patch_type: symmetric
	patch_width: 8.0000000000000000
	patch_angle: 0.0000000000000000
	angles:  0.000000 0.000000 0.000000
	grand_canonical: 0
	chemical_potential: 0.0000000000000000
box: 7.486208 7.486208
copy: 1.000000 1.000000
epsilon: 0.3571710000000000
end_epsilon: 0.0000000000000000
pressure: 1.4286000000000001
lambda: 0.0000000000000000
lambda_coupling: 1.0000000000000000
uy: 0.0000000000000000
maximum_displacement: 1.0000000000000000
maximum_rotation: 1.0000000000000000
maximum_volume: 0.7492274536908464
maximum_shape: 0.0000001000000000
maximum_dsigma: 0.0100000000000000
mod: 10
pmod: 10
optimize: 1
verbose: 1
snapshot: 0
display: 1
explore: 1
npt: 1
nptxy: 0
nptdxdy: 0
shape: 0
seed: 440352
23.391512337193 -30.129469005559 0.866025403784 0.500000000000
-136.324226506155 -8.911891596992 0.866025403784 0.500000000000
10.627640216827 -67.192417854695 0.866025403784 -0.500000000000
123.551636371813 29.193259695395 0.866025403784 -0.500000000000
-16.952335064113 -43.951075536573 0.866025403784 0.500000000000
-7.539442473107 14.774710485644 0.866025403784 -0.500000000000
-45.514829074796 -4.470806111235 0.866025403784 -0.500000000000
-2.738517882429 -60.502006007471 0.866025403784 0.500000000000
-16.421056743205 -73.319565105600 0.866025403784 -0.500000000000
46.487481810074 77.212848458711 0.866025403784 0.500000000000
14.641699448172 -66.194174088931 0.866025403784 -0.500000000000
-32.511267578843 64.464305233285 0.866025403784 0.500000000000
-14.465835550506 4.482322157554 0.866025403784 -0.500000000000
-112.035577011320 33.056632460764 0.000000000000 1.000000000000
92.231048598936 -21.171546858009 0.866025403784 -0.500000000000
-34.119926348398 -64.567681222018 0.866025403784 -0.500000000000
99.731664332971 79.082309007372 0.866025403784 0.500000000000
-18.254366515816 -24.081568667887 0.866025403784 0.500000000000
146.759791694341 107.665666415826 0.866025403784 -0.500000000000
-5.142598300891 -2.321326839938 0.866025403784 -0.500000000000
