#Configurational_file created 2018-09-14 11:13:39  started 2018-09-14 11:13:38 run for 1.0s steps 0
name: p_391
step: 10000
specie: 20
	particle_diameter: 1.0000000000000000
	interaction_length: 1.2000000000000000
	number_of_patches: 3
	number_of_particles_per_compound: 1
	rod_length: 1.0000000000000000
	interaction_matrix:  1.000000 1.000000 1.000000 1.000000 1.000000 1.000000 1.000000 1.000000 1.000000
	patch_type: symmetric
	patch_width: 8.0000000000000000
	patch_angle: 0.0000000000000000
	angles:  0.000000 0.000000 0.000000
	grand_canonical: 0
	chemical_potential: 0.0000000000000000
box: 55.070748 55.070748
copy: 1.000000 1.000000
epsilon: 0.3928790000000000
end_epsilon: 0.0000000000000000
pressure: 0.0001000000000000
lambda: 0.0000000000000000
lambda_coupling: 1.0000000000000000
uy: 0.0000000000000000
maximum_displacement: 1.0000000000000000
maximum_rotation: 1.0000000000000000
maximum_volume: 1.0000000000000000
maximum_shape: 0.0000001000000000
maximum_dsigma: 0.0100000000000000
mod: 10
pmod: 10
optimize: 1
verbose: 1
snapshot: 0
display: 1
explore: 1
npt: 1
nptxy: 0
nptdxdy: 0
shape: 0
seed: 446037
-123.879139205314 203.380024970671 0.866025403784 -0.500000000000
35.945688909898 -305.390935896053 0.866025403784 0.500000000000
47.080322227520 -47.689192844980 0.866025403784 0.500000000000
245.574004117681 149.495446003562 0.866025403784 0.500000000000
-140.195780748830 416.006623247920 0.866025403784 -0.500000000000
336.505793267316 154.565681625895 0.866025403784 -0.500000000000
-62.841499244218 349.213219151261 0.866025403784 -0.500000000000
-223.915663688000 -25.548077888148 0.866025403784 -0.500000000000
-7.013508759170 -159.311589546169 0.866025403784 -0.500000000000
-32.413910729801 316.203630400516 0.866025403784 0.500000000000
-269.287726320326 -99.879646426352 0.866025403784 0.500000000000
-171.167134837151 -129.330562191806 0.000000000000 1.000000000000
215.570255915124 -7.272133340654 0.866025403784 -0.500000000000
-244.783116040145 -39.328016115390 0.866025403784 0.500000000000
165.595542754653 -95.632097413771 0.866025403784 0.500000000000
321.226489460931 -229.363272012115 0.000000000000 1.000000000000
255.710984766264 148.422322076918 0.866025403784 -0.500000000000
-2.658548375048 197.613581807809 0.866025403784 0.500000000000
-33.269957527305 -197.578445638658 0.000000000000 1.000000000000
-307.646325188599 -203.161235939512 0.866025403784 -0.500000000000
