#Configurational_file created 2018-09-14 11:13:39  started 2018-09-14 11:13:39 run for 0.0s steps 0
name: p_392
step: 10000
specie: 20
	particle_diameter: 1.0000000000000000
	interaction_length: 1.2000000000000000
	number_of_patches: 3
	number_of_particles_per_compound: 1
	rod_length: 1.0000000000000000
	interaction_matrix:  1.000000 1.000000 1.000000 1.000000 1.000000 1.000000 1.000000 1.000000 1.000000
	patch_type: symmetric
	patch_width: 8.0000000000000000
	patch_angle: 0.0000000000000000
	angles:  0.000000 0.000000 0.000000
	grand_canonical: 0
	chemical_potential: 0.0000000000000000
box: 19.539175 19.539175
copy: 1.000000 1.000000
epsilon: 0.3928790000000000
end_epsilon: 0.0000000000000000
pressure: 0.1429500000000000
lambda: 0.0000000000000000
lambda_coupling: 1.0000000000000000
uy: 0.0000000000000000
maximum_displacement: 1.0000000000000000
maximum_rotation: 1.0000000000000000
maximum_volume: 1.0000000000000000
maximum_shape: 0.0000001000000000
maximum_dsigma: 0.0100000000000000
mod: 10
pmod: 10
optimize: 1
verbose: 1
snapshot: 0
display: 1
explore: 1
npt: 1
nptxy: 0
nptdxdy: 0
shape: 0
seed: 447174
9.159113905385 31.320732602324 0.000000000000 1.000000000000
-93.064659902280 142.264700912369 0.866025403784 -0.500000000000
-17.013688954097 61.974893285494 0.000000000000 1.000000000000
-151.556881226689 -206.139010874008 0.866025403784 -0.500000000000
-82.162702315416 -46.593239459205 0.000000000000 1.000000000000
-96.299616172791 21.276920011205 0.000000000000 1.000000000000
-203.168713913458 193.439106441170 0.866025403784 -0.500000000000
1.197334313592 113.070549561510 0.866025403784 0.500000000000
-55.719882690112 123.883214939930 0.866025403784 0.500000000000
20.483312654951 33.502169375782 0.866025403784 0.500000000000
-109.841446446532 -21.807836115622 0.866025403784 0.500000000000
87.106178254507 229.846741769108 0.000000000000 1.000000000000
-66.055681677053 168.472747294188 0.000000000000 1.000000000000
56.036555778974 111.471791610173 0.000000000000 1.000000000000
-231.357075211951 99.775582548243 0.000000000000 1.000000000000
-27.388221989387 125.938580716049 0.866025403784 -0.500000000000
52.333272002220 24.150311913568 0.866025403784 -0.500000000000
-95.619023231811 -41.510592447101 0.000000000000 1.000000000000
73.277117772040 6.427966857575 0.866025403784 -0.500000000000
-12.333810639665 -37.629961784997 0.000000000000 1.000000000000
