#Configurational_file created 2018-09-14 11:13:38  started 2018-09-14 11:13:37 run for 1.0s steps 0
name: p_390
step: 10000
specie: 20
	particle_diameter: 1.0000000000000000
	interaction_length: 1.2000000000000000
	number_of_patches: 3
	number_of_particles_per_compound: 1
	rod_length: 1.0000000000000000
	interaction_matrix:  1.000000 1.000000 1.000000 1.000000 1.000000 1.000000 1.000000 1.000000 1.000000
	patch_type: symmetric
	patch_width: 8.0000000000000000
	patch_angle: 0.0000000000000000
	angles:  0.000000 0.000000 0.000000
	grand_canonical: 0
	chemical_potential: 0.0000000000000000
box: 7.754823 7.754823
copy: 1.000000 1.000000
epsilon: 0.3571710000000000
end_epsilon: 0.0000000000000000
pressure: 2.0000000000000000
lambda: 0.0000000000000000
lambda_coupling: 1.0000000000000000
uy: 0.0000000000000000
maximum_displacement: 1.0000000000000000
maximum_rotation: 1.0000000000000000
maximum_volume: 0.4534552933530874
maximum_shape: 0.0000001000000000
maximum_dsigma: 0.0100000000000000
mod: 10
pmod: 10
optimize: 1
verbose: 1
snapshot: 0
display: 1
explore: 1
npt: 1
nptxy: 0
nptdxdy: 0
shape: 0
seed: 444900
148.880195597512 41.480112299781 0.000000000000 1.000000000000
67.371662279425 34.307395376119 0.866025403784 0.500000000000
55.585296381572 74.208693385435 0.000000000000 1.000000000000
35.669103879563 27.261802643828 0.866025403784 -0.500000000000
71.583455883044 46.370308146088 0.866025403784 0.500000000000
10.928646407956 102.635544843008 0.000000000000 1.000000000000
18.677555739800 105.624651151500 0.866025403784 0.500000000000
-57.477315104729 13.281870569659 0.866025403784 -0.500000000000
104.815731238488 33.346058065274 0.866025403784 -0.500000000000
17.626762667089 65.697097406120 0.000000000000 1.000000000000
22.742394615674 9.799774766660 0.866025403784 0.500000000000
101.277407429196 184.093491618335 0.866025403784 -0.500000000000
-7.087429493752 -5.546046879171 0.866025403784 0.500000000000
-35.182947995357 -9.349511026557 0.866025403784 -0.500000000000
27.913390653086 69.950287860762 0.000000000000 1.000000000000
33.848126911723 38.916902774862 0.000000000000 1.000000000000
61.077937917270 80.014730983292 0.866025403784 -0.500000000000
68.109420512247 -40.912028104256 0.000000000000 1.000000000000
93.338655790605 43.246576454286 0.866025403784 0.500000000000
51.557799299194 -29.587876746455 0.000000000000 1.000000000000
