#Configurational_file created 2018-09-14 11:13:40  started 2018-09-14 11:13:39 run for 1.0s steps 0
name: p_393
step: 10000
specie: 20
	particle_diameter: 1.0000000000000000
	interaction_length: 1.2000000000000000
	number_of_patches: 3
	number_of_particles_per_compound: 1
	rod_length: 1.0000000000000000
	interaction_matrix:  1.000000 1.000000 1.000000 1.000000 1.000000 1.000000 1.000000 1.000000 1.000000
	patch_type: symmetric
	patch_width: 8.0000000000000000
	patch_angle: 0.0000000000000000
	angles:  0.000000 0.000000 0.000000
	grand_canonical: 0
	chemical_potential: 0.0000000000000000
box: 15.262750 15.262750
copy: 1.000000 1.000000
epsilon: 0.3928790000000000
end_epsilon: 0.0000000000000000
pressure: 0.2858000000000000
lambda: 0.0000000000000000
lambda_coupling: 1.0000000000000000
uy: 0.0000000000000000
maximum_displacement: 1.0000000000000000
maximum_rotation: 1.0000000000000000
maximum_volume: 1.0000000000000000
maximum_shape: 0.0000001000000000
maximum_dsigma: 0.0100000000000000
mod: 10
pmod: 10
optimize: 1
verbose: 1
snapshot: 0
display: 1
explore: 1
npt: 1
nptxy: 0
nptdxdy: 0
shape: 0
seed: 448311
-29.123603286240 -21.091335016280 0.866025403784 0.500000000000
3.023647447107 -0.300205752202 0.000000000000 1.000000000000
37.978195118223 -80.891974468507 0.866025403784 0.500000000000
75.639400361921 -95.225836109901 0.866025403784 -0.500000000000
76.178911971324 -146.283285891624 0.866025403784 0.500000000000
178.758477715870 -3.579984296656 0.866025403784 0.500000000000
38.861621486769 8.797640686241 0.866025403784 0.500000000000
15.823474575025 151.228848589112 0.866025403784 0.500000000000
201.767765733518 -42.848761957343 0.866025403784 0.500000000000
47.840916760584 -60.687453514847 0.000000000000 1.000000000000
-48.300810089791 186.014541170202 0.000000000000 1.000000000000
-20.815501436449 -29.358075658335 0.000000000000 1.000000000000
112.443784157328 -100.691222673812 0.866025403784 0.500000000000
124.724910053745 191.821739024252 0.000000000000 1.000000000000
2.959706354945 -157.950871107035 0.000000000000 1.000000000000
-34.453696018250 19.982319900680 0.000000000000 1.000000000000
63.542544588866 94.880221658210 0.866025403784 -0.500000000000
43.444411077590 -185.751544114186 0.000000000000 1.000000000000
50.789333130618 109.657329094627 0.000000000000 1.000000000000
-20.504638884022 -22.543794819314 0.866025403784 -0.500000000000
