#Configurational_file created 2018-09-14 11:13:42  started 2018-09-14 11:13:41 run for 1.0s steps 0
name: p_396
step: 10000
specie: 20
	particle_diameter: 1.0000000000000000
	interaction_length: 1.2000000000000000
	number_of_patches: 3
	number_of_particles_per_compound: 1
	rod_length: 1.0000000000000000
	interaction_matrix:  1.000000 1.000000 1.000000 1.000000 1.000000 1.000000 1.000000 1.000000 1.000000
	patch_type: symmetric
	patch_width: 8.0000000000000000
	patch_angle: 0.0000000000000000
	angles:  0.000000 0.000000 0.000000
	grand_canonical: 0
	chemical_potential: 0.0000000000000000
box: 8.927172 8.927172
copy: 1.000000 1.000000
epsilon: 0.3928790000000000
end_epsilon: 0.0000000000000000
pressure: 0.7143500000000000
lambda: 0.0000000000000000
lambda_coupling: 1.0000000000000000
uy: 0.0000000000000000
maximum_displacement: 1.0000000000000000
maximum_rotation: 1.0000000000000000
maximum_volume: 1.0000000000000000
maximum_shape: 0.0000001000000000
maximum_dsigma: 0.0100000000000000
mod: 10
pmod: 10
optimize: 1
verbose: 1
snapshot: 0
display: 1
explore: 1
npt: 1
nptxy: 0
nptdxdy: 0
shape: 0
seed: 451722
-127.102782065170 -52.273763912563 0.866025403784 -0.500000000000
-47.540062643750 -85.685820748529 0.000000000000 1.000000000000
9.155822625548 -25.387530297414 0.866025403784 0.500000000000
-39.034044303724 142.273878099188 0.866025403784 0.500000000000
-23.516452097815 -112.757284040162 0.000000000000 1.000000000000
-62.292978683151 149.806945548535 0.866025403784 -0.500000000000
-1.070283396849 28.024965318157 0.866025403784 0.500000000000
154.376144680264 -46.669559201894 0.000000000000 1.000000000000
-18.795891989638 25.763649685171 0.866025403784 0.500000000000
105.932966201891 76.791600521905 0.000000000000 1.000000000000
4.076397742460 25.335430697004 0.866025403784 0.500000000000
-87.302611087635 60.250100488148 0.866025403784 0.500000000000
21.902481665697 35.960536712186 0.000000000000 1.000000000000
106.391835172322 82.695423710702 0.866025403784 -0.500000000000
-9.518944619065 -67.395401472528 0.866025403784 0.500000000000
59.809586387597 45.271014693266 0.000000000000 1.000000000000
73.828329139695 -77.555458123053 0.866025403784 -0.500000000000
-30.747567941050 33.401144478955 0.866025403784 0.500000000000
-41.656632068755 40.359204843055 0.866025403784 -0.500000000000
32.337048708345 14.348075346128 0.000000000000 1.000000000000
