#Configurational_file created 2018-09-14 11:13:45  started 2018-09-14 11:13:44 run for 1.0s steps 0
name: p_399
step: 10000
specie: 20
	particle_diameter: 1.0000000000000000
	interaction_length: 1.2000000000000000
	number_of_patches: 3
	number_of_particles_per_compound: 1
	rod_length: 1.0000000000000000
	interaction_matrix:  1.000000 1.000000 1.000000 1.000000 1.000000 1.000000 1.000000 1.000000 1.000000
	patch_type: symmetric
	patch_width: 8.0000000000000000
	patch_angle: 0.0000000000000000
	angles:  0.000000 0.000000 0.000000
	grand_canonical: 0
	chemical_potential: 0.0000000000000000
box: 8.170458 8.170458
copy: 1.000000 1.000000
epsilon: 0.3928790000000000
end_epsilon: 0.0000000000000000
pressure: 1.1429000000000000
lambda: 0.0000000000000000
lambda_coupling: 1.0000000000000000
uy: 0.0000000000000000
maximum_displacement: 1.0000000000000000
maximum_rotation: 1.0000000000000000
maximum_volume: 1.0000000000000000
maximum_shape: 0.0000001000000000
maximum_dsigma: 0.0100000000000000
mod: 10
pmod: 10
optimize: 1
verbose: 1
snapshot: 0
display: 1
explore: 1
npt: 1
nptxy: 0
nptdxdy: 0
shape: 0
seed: 455133
-130.697869170537 -33.110901681756 0.866025403784 0.500000000000
41.029292792904 78.749609800519 0.000000000000 1.000000000000
102.363370030640 -32.183199623950 0.000000000000 1.000000000000
19.168945183892 -176.134382888565 0.866025403784 -0.500000000000
-14.615563742194 32.874824430469 0.000000000000 1.000000000000
20.330092815215 99.386866695013 0.866025403784 0.500000000000
7.655906689920 38.863528689296 0.000000000000 1.000000000000
-4.061861967393 -124.013035203512 0.000000000000 1.000000000000
8.032973598103 68.256981587643 0.866025403784 -0.500000000000
-81.575149737387 0.524503131489 0.866025403784 -0.500000000000
26.842420907541 -58.467498144949 0.866025403784 0.500000000000
47.928878489146 -29.891670861920 0.000000000000 1.000000000000
-137.850284856224 -15.805880851932 0.866025403784 0.500000000000
-83.990185809872 84.658289767781 0.000000000000 1.000000000000
128.184658441084 -84.372556189447 0.866025403784 -0.500000000000
-36.072762498337 -5.542898561685 0.866025403784 -0.500000000000
13.881082983208 -52.117438499022 0.000000000000 1.000000000000
-31.553967192356 -42.124810356344 0.866025403784 -0.500000000000
67.098901116894 13.434959328304 0.000000000000 1.000000000000
-17.900811726530 56.811248637462 0.000000000000 1.000000000000
