#Configurational_file created 2018-09-14 11:13:41  started 2018-09-14 11:13:40 run for 1.0s steps 0
name: p_394
step: 10000
specie: 20
	particle_diameter: 1.0000000000000000
	interaction_length: 1.2000000000000000
	number_of_patches: 3
	number_of_particles_per_compound: 1
	rod_length: 1.0000000000000000
	interaction_matrix:  1.000000 1.000000 1.000000 1.000000 1.000000 1.000000 1.000000 1.000000 1.000000
	patch_type: symmetric
	patch_width: 8.0000000000000000
	patch_angle: 0.0000000000000000
	angles:  0.000000 0.000000 0.000000
	grand_canonical: 0
	chemical_potential: 0.0000000000000000
box: 12.989766 12.989766
copy: 1.000000 1.000000
epsilon: 0.3928790000000000
end_epsilon: 0.0000000000000000
pressure: 0.4286500000000000
lambda: 0.0000000000000000
lambda_coupling: 1.0000000000000000
uy: 0.0000000000000000
maximum_displacement: 1.0000000000000000
maximum_rotation: 1.0000000000000000
maximum_volume: 1.0000000000000000
maximum_shape: 0.0000001000000000
maximum_dsigma: 0.0100000000000000
mod: 10
pmod: 10
optimize: 1
verbose: 1
snapshot: 0
display: 1
explore: 1
npt: 1
nptxy: 0
nptdxdy: 0
shape: 0
seed: 449448
-45.042847926378 116.776623786651 0.000000000000 1.000000000000
-9.550004096766 -135.633562643417 0.000000000000 1.000000000000
35.813937912089 14.152595568304 0.866025403784 0.500000000000
-112.062428834602 70.129407804387 0.866025403784 0.500000000000
40.340957025264 125.037936891715 0.000000000000 1.000000000000
122.871032085386 93.206785146080 0.866025403784 -0.500000000000
302.112181519301 -140.407279555227 0.000000000000 1.000000000000
129.013076531524 12.521452182099 0.000000000000 1.000000000000
16.380120167705 -30.542179454667 0.866025403784 -0.500000000000
48.848213896556 -29.829659489398 0.866025403784 -0.500000000000
-12.994810588295 -101.834308820166 0.866025403784 0.500000000000
66.204181943587 -118.454749665753 0.866025403784 0.500000000000
57.361587301392 -28.981816033456 0.866025403784 -0.500000000000
-213.706588030488 -7.760511301224 0.866025403784 0.500000000000
12.244965047270 68.949193558512 0.000000000000 1.000000000000
14.925100732525 116.071647571494 0.000000000000 1.000000000000
95.898338209702 -75.916709439093 0.866025403784 0.500000000000
116.726402033545 -37.931018225960 0.000000000000 1.000000000000
37.283491954871 34.959679172442 0.866025403784 -0.500000000000
90.765812454873 8.089919392165 0.866025403784 -0.500000000000
