#Configurational_file created 2018-09-11 17:04:03  started 2018-09-11 17:04:02 run for 1.0s steps 0
name: p_39
step: 10000
specie: 20
	particle_diameter: 1.0000000000000000
	interaction_length: 1.2000000000000000
	number_of_patches: 3
	number_of_particles_per_compound: 1
	rod_length: 1.0000000000000000
	interaction_matrix:  1.000000 1.000000 1.000000 1.000000 1.000000 1.000000 1.000000 1.000000 1.000000
	patch_type: symmetric
	patch_width: 8.0000000000000000
	patch_angle: 0.0000000000000000
	angles:  0.000000 0.000000 0.000000
	grand_canonical: 0
	chemical_potential: 0.0000000000000000
box: 46.742245 46.742245
copy: 1.000000 1.000000
epsilon: 0.0001000000000000
end_epsilon: 0.0000000000000000
pressure: 1.0000500000000001
lambda: 0.0000000000000000
lambda_coupling: 1.0000000000000000
uy: 0.0000000000000000
maximum_displacement: 1.0000000000000000
maximum_rotation: 1.0000000000000000
maximum_volume: 1.0000000000000000
maximum_shape: 0.0000001000000000
maximum_dsigma: 0.0100000000000000
mod: 10
pmod: 10
optimize: 1
verbose: 1
snapshot: 0
display: 1
explore: 1
npt: 1
nptxy: 0
nptdxdy: 0
shape: 0
seed: 47213
-60.808130477135 38.560553404993 0.000000000000 1.000000000000
-36.465045149935 -136.205082075435 0.000000000000 1.000000000000
-21.413093900722 -34.385121139805 0.866025403784 -0.500000000000
-17.229838381092 -8.339049428072 0.866025403784 0.500000000000
-169.120476653561 142.335780285576 0.000000000000 1.000000000000
-54.494476366004 63.466809120097 0.000000000000 1.000000000000
-69.458868765811 5.369434016059 0.866025403784 0.500000000000
342.061761263585 105.125396231279 0.866025403784 -0.500000000000
-354.474275570313 -178.110016521046 0.866025403784 0.500000000000
-321.331519273289 91.204202495914 0.000000000000 1.000000000000
-49.806517048888 190.838088736739 0.866025403784 -0.500000000000
-41.311559503983 116.431889248481 0.866025403784 -0.500000000000
-13.913507958291 381.742107235952 0.866025403784 -0.500000000000
235.273638583850 -90.872090042441 0.866025403784 -0.500000000000
-50.325998795074 88.047030332621 0.866025403784 -0.500000000000
-106.420354177601 109.100777618356 0.866025403784 -0.500000000000
-212.968723044177 60.651891433604 0.000000000000 1.000000000000
82.823341179992 -167.027062356708 0.000000000000 1.000000000000
-336.546580628843 235.007247284322 0.866025403784 0.500000000000
89.265535986662 251.171498100874 0.866025403784 -0.500000000000
