#Configurational_file created 2018-09-14 11:13:41  started 2018-09-14 11:13:41 run for 0.0s steps 0
name: p_395
step: 10000
specie: 20
	particle_diameter: 1.0000000000000000
	interaction_length: 1.2000000000000000
	number_of_patches: 3
	number_of_particles_per_compound: 1
	rod_length: 1.0000000000000000
	interaction_matrix:  1.000000 1.000000 1.000000 1.000000 1.000000 1.000000 1.000000 1.000000 1.000000
	patch_type: symmetric
	patch_width: 8.0000000000000000
	patch_angle: 0.0000000000000000
	angles:  0.000000 0.000000 0.000000
	grand_canonical: 0
	chemical_potential: 0.0000000000000000
box: 11.423059 11.423059
copy: 1.000000 1.000000
epsilon: 0.3928790000000000
end_epsilon: 0.0000000000000000
pressure: 0.5715000000000000
lambda: 0.0000000000000000
lambda_coupling: 1.0000000000000000
uy: 0.0000000000000000
maximum_displacement: 1.0000000000000000
maximum_rotation: 1.0000000000000000
maximum_volume: 1.0000000000000000
maximum_shape: 0.0000001000000000
maximum_dsigma: 0.0100000000000000
mod: 10
pmod: 10
optimize: 1
verbose: 1
snapshot: 0
display: 1
explore: 1
npt: 1
nptxy: 0
nptdxdy: 0
shape: 0
seed: 450585
-165.429689745484 102.705493419288 0.000000000000 1.000000000000
-24.706898207249 -41.827948354668 0.000000000000 1.000000000000
25.463734971615 -21.433359004556 0.866025403784 0.500000000000
81.139583639228 58.387153843437 0.866025403784 0.500000000000
23.812963198418 -48.733112001021 0.866025403784 -0.500000000000
-49.711224943349 40.850381519412 0.000000000000 1.000000000000
-83.946260149664 36.060133881982 0.866025403784 0.500000000000
-69.668691894773 -51.690615323135 0.000000000000 1.000000000000
46.614625931544 -58.497930562132 0.866025403784 -0.500000000000
-106.695175975214 0.329562533534 0.866025403784 0.500000000000
30.742798691328 -19.421173008490 0.866025403784 -0.500000000000
47.415310164810 51.909363176846 0.000000000000 1.000000000000
98.687222282428 64.879231305166 0.000000000000 1.000000000000
-21.118772578444 25.989936944803 0.000000000000 1.000000000000
-22.696860146450 -19.956033947482 0.866025403784 -0.500000000000
-59.323574259805 -10.425608838279 0.000000000000 1.000000000000
-39.505116080425 -62.348931985815 0.866025403784 0.500000000000
184.692989590847 -46.307921932101 0.866025403784 -0.500000000000
22.033290257303 -24.854306792104 0.000000000000 1.000000000000
-44.065024390226 26.812635591332 0.866025403784 0.500000000000
