#Configurational_file created 2018-09-14 11:13:43  started 2018-09-14 11:13:42 run for 1.0s steps 0
name: p_397
step: 10000
specie: 20
	particle_diameter: 1.0000000000000000
	interaction_length: 1.2000000000000000
	number_of_patches: 3
	number_of_particles_per_compound: 1
	rod_length: 1.0000000000000000
	interaction_matrix:  1.000000 1.000000 1.000000 1.000000 1.000000 1.000000 1.000000 1.000000 1.000000
	patch_type: symmetric
	patch_width: 8.0000000000000000
	patch_angle: 0.0000000000000000
	angles:  0.000000 0.000000 0.000000
	grand_canonical: 0
	chemical_potential: 0.0000000000000000
box: 9.178294 9.178294
copy: 1.000000 1.000000
epsilon: 0.3928790000000000
end_epsilon: 0.0000000000000000
pressure: 0.8572000000000000
lambda: 0.0000000000000000
lambda_coupling: 1.0000000000000000
uy: 0.0000000000000000
maximum_displacement: 1.0000000000000000
maximum_rotation: 1.0000000000000000
maximum_volume: 1.0000000000000000
maximum_shape: 0.0000001000000000
maximum_dsigma: 0.0100000000000000
mod: 10
pmod: 10
optimize: 1
verbose: 1
snapshot: 0
display: 1
explore: 1
npt: 1
nptxy: 0
nptdxdy: 0
shape: 0
seed: 452859
-33.415275990915 -64.264930958388 0.866025403784 -0.500000000000
40.530151910507 59.764530337460 0.000000000000 1.000000000000
134.705325668034 -94.739042732291 0.000000000000 1.000000000000
-26.865901339988 3.263468230640 0.000000000000 1.000000000000
11.441020708817 48.635207620299 0.866025403784 0.500000000000
-19.777020678151 -66.649681976857 0.866025403784 -0.500000000000
-138.426622048016 36.201200867900 0.000000000000 1.000000000000
-129.896114174306 -21.610398221623 0.866025403784 0.500000000000
-44.759108217546 -10.378705681819 0.866025403784 -0.500000000000
40.084713419506 75.001312252131 0.866025403784 -0.500000000000
-9.792689696930 -70.646014568425 0.866025403784 0.500000000000
-22.643561880376 -155.701948919924 0.000000000000 1.000000000000
139.235834800637 21.963985015232 0.866025403784 -0.500000000000
-55.419703498140 9.568201819749 0.866025403784 0.500000000000
36.605292311048 61.022838041551 0.866025403784 0.500000000000
108.045842173863 40.645272692438 0.866025403784 -0.500000000000
-67.914774798496 23.061203600109 0.000000000000 1.000000000000
-63.077410534294 -54.049760651631 0.866025403784 0.500000000000
97.904509866773 43.330160260517 0.866025403784 -0.500000000000
58.241290242973 -47.016677329186 0.000000000000 1.000000000000
