#Configurational_file created 2018-09-14 11:13:44  started 2018-09-14 11:13:43 run for 1.0s steps 0
name: p_398
step: 10000
specie: 20
	particle_diameter: 1.0000000000000000
	interaction_length: 1.2000000000000000
	number_of_patches: 3
	number_of_particles_per_compound: 1
	rod_length: 1.0000000000000000
	interaction_matrix:  1.000000 1.000000 1.000000 1.000000 1.000000 1.000000 1.000000 1.000000 1.000000
	patch_type: symmetric
	patch_width: 8.0000000000000000
	patch_angle: 0.0000000000000000
	angles:  0.000000 0.000000 0.000000
	grand_canonical: 0
	chemical_potential: 0.0000000000000000
box: 8.159136 8.159136
copy: 1.000000 1.000000
epsilon: 0.3928790000000000
end_epsilon: 0.0000000000000000
pressure: 1.0000500000000001
lambda: 0.0000000000000000
lambda_coupling: 1.0000000000000000
uy: 0.0000000000000000
maximum_displacement: 1.0000000000000000
maximum_rotation: 1.0000000000000000
maximum_volume: 0.9975999999999999
maximum_shape: 0.0000001000000000
maximum_dsigma: 0.0100000000000000
mod: 10
pmod: 10
optimize: 1
verbose: 1
snapshot: 0
display: 1
explore: 1
npt: 1
nptxy: 0
nptdxdy: 0
shape: 0
seed: 453996
-61.330141101695 -11.371305069947 0.866025403784 -0.500000000000
78.574527378109 -37.809647146591 0.866025403784 0.500000000000
-88.937041334215 -125.822582206544 0.866025403784 -0.500000000000
87.654910376932 29.338788568001 0.000000000000 1.000000000000
16.049930708261 92.940180823216 0.866025403784 0.500000000000
2.259907980720 160.502228146683 0.866025403784 0.500000000000
74.784555352026 41.299597176097 0.000000000000 1.000000000000
-64.171360991522 140.659833689748 0.000000000000 1.000000000000
23.295195225058 66.532690805893 0.866025403784 0.500000000000
119.792131535510 8.115623683190 0.000000000000 1.000000000000
38.663242687916 95.894770081596 0.866025403784 -0.500000000000
9.739949656766 -38.273582037660 0.866025403784 -0.500000000000
182.991648118562 -22.898031423635 0.866025403784 -0.500000000000
110.546349602991 33.757117695280 0.866025403784 -0.500000000000
73.936672789322 115.070763685189 0.866025403784 -0.500000000000
-0.115034259175 -36.553223185493 0.866025403784 -0.500000000000
-122.781890796502 63.820687979052 0.866025403784 0.500000000000
-118.144839529915 77.319597220451 0.866025403784 0.500000000000
-20.770263626731 33.165047952829 0.866025403784 0.500000000000
-50.321637245123 5.697706300005 0.866025403784 0.500000000000
