#Configurational_file created 2018-09-14 11:13:52  started 2018-09-14 11:13:51 run for 1.0s steps 0
name: p_407
step: 10000
specie: 20
	particle_diameter: 1.0000000000000000
	interaction_length: 1.2000000000000000
	number_of_patches: 3
	number_of_particles_per_compound: 1
	rod_length: 1.0000000000000000
	interaction_matrix:  1.000000 1.000000 1.000000 1.000000 1.000000 1.000000 1.000000 1.000000 1.000000
	patch_type: symmetric
	patch_width: 8.0000000000000000
	patch_angle: 0.0000000000000000
	angles:  0.000000 0.000000 0.000000
	grand_canonical: 0
	chemical_potential: 0.0000000000000000
box: 22.430284 22.430284
copy: 1.000000 1.000000
epsilon: 0.4285860000000000
end_epsilon: 0.0000000000000000
pressure: 0.1429500000000000
lambda: 0.0000000000000000
lambda_coupling: 1.0000000000000000
uy: 0.0000000000000000
maximum_displacement: 1.0000000000000000
maximum_rotation: 1.0000000000000000
maximum_volume: 1.0000000000000000
maximum_shape: 0.0000001000000000
maximum_dsigma: 0.0100000000000000
mod: 10
pmod: 10
optimize: 1
verbose: 1
snapshot: 0
display: 1
explore: 1
npt: 1
nptxy: 0
nptdxdy: 0
shape: 0
seed: 464229
14.621980464714 -24.378691232221 0.000000000000 1.000000000000
-216.731070944974 0.249402282394 0.000000000000 1.000000000000
230.993125092313 452.043319925700 0.866025403784 -0.500000000000
-136.011698709698 -60.459746061844 0.866025403784 -0.500000000000
-61.467583657428 -0.044859983583 0.866025403784 0.500000000000
-69.151535480756 -148.245020609446 0.000000000000 1.000000000000
183.516433881154 86.566941584502 0.866025403784 0.500000000000
198.117393979459 117.470389496336 0.000000000000 1.000000000000
116.973017119730 -104.952372987440 0.000000000000 1.000000000000
156.804063071680 11.790533791282 0.866025403784 -0.500000000000
-190.180239062595 119.389561798666 0.866025403784 -0.500000000000
81.330277719088 -105.453484954404 0.000000000000 1.000000000000
-92.564150480180 -72.570278601448 0.866025403784 0.500000000000
131.550904268915 -38.632628460862 0.000000000000 1.000000000000
99.218967984670 -105.613068714006 0.866025403784 0.500000000000
-137.323384153826 70.518787793942 0.866025403784 -0.500000000000
77.787845411924 216.836944762233 0.866025403784 -0.500000000000
114.791693134051 -166.289742958122 0.000000000000 1.000000000000
130.040948954191 49.183669445298 0.866025403784 -0.500000000000
56.279367651509 -9.142541554131 0.866025403784 -0.500000000000
