#Configurational_file created 2018-09-14 11:13:50  started 2018-09-14 11:13:49 run for 1.0s steps 0
name: p_404
step: 10000
specie: 20
	particle_diameter: 1.0000000000000000
	interaction_length: 1.2000000000000000
	number_of_patches: 3
	number_of_particles_per_compound: 1
	rod_length: 1.0000000000000000
	interaction_matrix:  1.000000 1.000000 1.000000 1.000000 1.000000 1.000000 1.000000 1.000000 1.000000
	patch_type: symmetric
	patch_width: 8.0000000000000000
	patch_angle: 0.0000000000000000
	angles:  0.000000 0.000000 0.000000
	grand_canonical: 0
	chemical_potential: 0.0000000000000000
box: 7.689798 7.689798
copy: 1.000000 1.000000
epsilon: 0.3928790000000000
end_epsilon: 0.0000000000000000
pressure: 1.8571500000000001
lambda: 0.0000000000000000
lambda_coupling: 1.0000000000000000
uy: 0.0000000000000000
maximum_displacement: 1.0000000000000000
maximum_rotation: 1.0000000000000000
maximum_volume: 0.4996879168470490
maximum_shape: 0.0000001000000000
maximum_dsigma: 0.0100000000000000
mod: 10
pmod: 10
optimize: 1
verbose: 1
snapshot: 0
display: 1
explore: 1
npt: 1
nptxy: 0
nptdxdy: 0
shape: 0
seed: 460818
86.347633408932 24.278902196346 0.000000000000 1.000000000000
10.490673163060 44.844925648496 0.866025403784 0.500000000000
113.697906203744 -138.016269927022 0.866025403784 -0.500000000000
-1.232901187113 -14.900572888136 0.000000000000 1.000000000000
41.496967715988 -43.689773582780 0.000000000000 1.000000000000
81.207433330709 -27.253429045165 0.000000000000 1.000000000000
12.148848007691 37.211622393856 0.866025403784 0.500000000000
0.334209440701 136.094931882562 0.000000000000 1.000000000000
11.413047132618 -77.305502551382 0.866025403784 0.500000000000
60.219655821831 36.302417828619 0.866025403784 -0.500000000000
90.887632845201 42.833950387392 0.000000000000 1.000000000000
-101.473450063794 -5.716588781623 0.000000000000 1.000000000000
-7.025580944040 -20.477826440061 0.000000000000 1.000000000000
76.603358441682 -74.151719457535 0.866025403784 0.500000000000
-44.247641453983 -81.470034268322 0.866025403784 0.500000000000
-48.906369498612 -21.485748562978 0.866025403784 -0.500000000000
-76.701138735689 -175.217792167105 0.866025403784 0.500000000000
-21.171642771379 -23.884342725671 0.866025403784 -0.500000000000
49.363448537862 -63.938352370702 0.000000000000 1.000000000000
113.118584087383 -78.093740626346 0.866025403784 -0.500000000000
