#Configurational_file created 2018-09-11 17:04:03  started 2018-09-11 17:04:03 run for 0.0s steps 0
name: p_40
step: 10000
specie: 20
	particle_diameter: 1.0000000000000000
	interaction_length: 1.2000000000000000
	number_of_patches: 3
	number_of_particles_per_compound: 1
	rod_length: 1.0000000000000000
	interaction_matrix:  1.000000 1.000000 1.000000 1.000000 1.000000 1.000000 1.000000 1.000000 1.000000
	patch_type: symmetric
	patch_width: 8.0000000000000000
	patch_angle: 0.0000000000000000
	angles:  0.000000 0.000000 0.000000
	grand_canonical: 0
	chemical_potential: 0.0000000000000000
box: 53.155726 53.155726
copy: 1.000000 1.000000
epsilon: 0.0001000000000000
end_epsilon: 0.0000000000000000
pressure: 1.3333670000000000
lambda: 0.0000000000000000
lambda_coupling: 1.0000000000000000
uy: 0.0000000000000000
maximum_displacement: 1.0000000000000000
maximum_rotation: 1.0000000000000000
maximum_volume: 1.0000000000000000
maximum_shape: 0.0000001000000000
maximum_dsigma: 0.0100000000000000
mod: 10
pmod: 10
optimize: 1
verbose: 1
snapshot: 0
display: 1
explore: 1
npt: 1
nptxy: 0
nptdxdy: 0
shape: 0
seed: 48350
80.097752063914 226.471546859605 0.000000000000 1.000000000000
-12.000925114940 -88.932149164988 0.866025403784 0.500000000000
-186.703960040537 -60.916516725359 0.000000000000 1.000000000000
-21.559361108040 -90.004420580091 0.866025403784 0.500000000000
195.092767378899 189.922834498012 0.866025403784 -0.500000000000
135.384369849939 292.730453072100 0.866025403784 -0.500000000000
-204.355848371945 368.988204938006 0.000000000000 1.000000000000
-117.338863275113 21.522247731771 0.866025403784 0.500000000000
111.310737123649 -37.814298966690 0.866025403784 -0.500000000000
290.308685771086 191.499237832198 0.866025403784 -0.500000000000
239.558231056298 55.500849678667 0.866025403784 -0.500000000000
-17.566905849085 -267.164154350326 0.866025403784 -0.500000000000
-80.879818008848 172.675598125270 0.866025403784 0.500000000000
-159.437980980511 -8.569082633574 0.866025403784 -0.500000000000
25.338002713460 -88.740246517968 0.000000000000 1.000000000000
48.569976843859 50.755652225943 0.866025403784 -0.500000000000
-66.389618484128 -16.660439449550 0.866025403784 -0.500000000000
-59.191400871827 -94.988567207738 0.866025403784 -0.500000000000
-13.133701958023 330.035334961417 0.000000000000 1.000000000000
40.226838388095 -30.768386644417 0.000000000000 1.000000000000
