#Configurational_file created 2018-09-14 11:13:46  started 2018-09-14 11:13:45 run for 1.0s steps 0
name: p_400
step: 10000
specie: 20
	particle_diameter: 1.0000000000000000
	interaction_length: 1.2000000000000000
	number_of_patches: 3
	number_of_particles_per_compound: 1
	rod_length: 1.0000000000000000
	interaction_matrix:  1.000000 1.000000 1.000000 1.000000 1.000000 1.000000 1.000000 1.000000 1.000000
	patch_type: symmetric
	patch_width: 8.0000000000000000
	patch_angle: 0.0000000000000000
	angles:  0.000000 0.000000 0.000000
	grand_canonical: 0
	chemical_potential: 0.0000000000000000
box: 8.706199 8.706199
copy: 1.000000 1.000000
epsilon: 0.3928790000000000
end_epsilon: 0.0000000000000000
pressure: 1.2857499999999999
lambda: 0.0000000000000000
lambda_coupling: 1.0000000000000000
uy: 0.0000000000000000
maximum_displacement: 1.0000000000000000
maximum_rotation: 1.0000000000000000
maximum_volume: 0.7148752448665410
maximum_shape: 0.0000001000000000
maximum_dsigma: 0.0100000000000000
mod: 10
pmod: 10
optimize: 1
verbose: 1
snapshot: 0
display: 1
explore: 1
npt: 1
nptxy: 0
nptdxdy: 0
shape: 0
seed: 456270
52.935672028280 2.589108479217 0.866025403784 0.500000000000
153.812313383509 -70.121451002838 0.000000000000 1.000000000000
-101.771906847817 4.766666909399 0.866025403784 0.500000000000
92.512301283167 71.071105089096 0.866025403784 0.500000000000
-58.230702697054 -40.740664701088 0.866025403784 0.500000000000
-6.484654525665 122.279613988227 0.000000000000 1.000000000000
129.934455461132 51.751926129608 0.000000000000 1.000000000000
35.475967727946 -30.997780865207 0.866025403784 -0.500000000000
-79.673234523612 9.249264297272 0.866025403784 0.500000000000
119.356390714447 40.303615499804 0.866025403784 -0.500000000000
-13.222174229993 -50.319003767056 0.866025403784 0.500000000000
-20.083768591608 -30.270423906273 0.866025403784 0.500000000000
-160.518773598551 16.171673653545 0.866025403784 -0.500000000000
-79.370831356606 73.390787895346 0.000000000000 1.000000000000
58.886664089613 2.327204337484 0.000000000000 1.000000000000
10.723403647256 -0.782106650641 0.000000000000 1.000000000000
85.749361129202 -29.046838135439 0.866025403784 -0.500000000000
1.649163739905 -41.770778178062 0.866025403784 0.500000000000
-46.702835840475 20.361057932969 0.866025403784 -0.500000000000
-87.184101860244 75.173263826093 0.866025403784 0.500000000000
