#Configurational_file created 2018-09-14 11:13:49  started 2018-09-14 11:13:48 run for 1.0s steps 0
name: p_403
step: 10000
specie: 20
	particle_diameter: 1.0000000000000000
	interaction_length: 1.2000000000000000
	number_of_patches: 3
	number_of_particles_per_compound: 1
	rod_length: 1.0000000000000000
	interaction_matrix:  1.000000 1.000000 1.000000 1.000000 1.000000 1.000000 1.000000 1.000000 1.000000
	patch_type: symmetric
	patch_width: 8.0000000000000000
	patch_angle: 0.0000000000000000
	angles:  0.000000 0.000000 0.000000
	grand_canonical: 0
	chemical_potential: 0.0000000000000000
box: 7.519300 7.519300
copy: 1.000000 1.000000
epsilon: 0.3928790000000000
end_epsilon: 0.0000000000000000
pressure: 1.7142999999999999
lambda: 0.0000000000000000
lambda_coupling: 1.0000000000000000
uy: 0.0000000000000000
maximum_displacement: 1.0000000000000000
maximum_rotation: 1.0000000000000000
maximum_volume: 0.5212938615579915
maximum_shape: 0.0000001000000000
maximum_dsigma: 0.0100000000000000
mod: 10
pmod: 10
optimize: 1
verbose: 1
snapshot: 0
display: 1
explore: 1
npt: 1
nptxy: 0
nptdxdy: 0
shape: 0
seed: 459681
31.870103224221 70.725405112256 0.000000000000 1.000000000000
27.183788834834 127.754775511699 0.866025403784 -0.500000000000
-11.931493689445 27.596403582699 0.000000000000 1.000000000000
23.354305477479 -52.471503275570 0.866025403784 0.500000000000
80.020431397181 -49.223179785028 0.866025403784 -0.500000000000
-49.164705813469 -26.729873181868 0.000000000000 1.000000000000
0.522877326431 -4.077878295866 0.866025403784 -0.500000000000
13.898519961589 -39.728798763214 0.866025403784 0.500000000000
2.449366075525 -35.949308261797 0.000000000000 1.000000000000
-58.249167734584 -99.555293977855 0.000000000000 1.000000000000
65.451450091079 10.176678328761 0.866025403784 0.500000000000
-21.594897467394 -9.902618276894 0.866025403784 0.500000000000
25.104465710902 11.654040198994 0.866025403784 0.500000000000
-68.860230621335 -75.880774886625 0.866025403784 0.500000000000
-21.523403117356 -15.940193441149 0.000000000000 1.000000000000
72.709043585361 -99.775230762713 0.866025403784 0.500000000000
35.682596963933 23.181308156993 0.000000000000 1.000000000000
88.665961630668 32.786567095478 0.000000000000 1.000000000000
42.174461818814 -45.741460951110 0.866025403784 0.500000000000
-46.241177738689 34.519668774854 0.000000000000 1.000000000000
