#Configurational_file created 2018-09-14 11:13:51  started 2018-09-14 11:13:50 run for 1.0s steps 0
name: p_405
step: 10000
specie: 20
	particle_diameter: 1.0000000000000000
	interaction_length: 1.2000000000000000
	number_of_patches: 3
	number_of_particles_per_compound: 1
	rod_length: 1.0000000000000000
	interaction_matrix:  1.000000 1.000000 1.000000 1.000000 1.000000 1.000000 1.000000 1.000000 1.000000
	patch_type: symmetric
	patch_width: 8.0000000000000000
	patch_angle: 0.0000000000000000
	angles:  0.000000 0.000000 0.000000
	grand_canonical: 0
	chemical_potential: 0.0000000000000000
box: 7.291653 7.291653
copy: 1.000000 1.000000
epsilon: 0.3928790000000000
end_epsilon: 0.0000000000000000
pressure: 2.0000000000000000
lambda: 0.0000000000000000
lambda_coupling: 1.0000000000000000
uy: 0.0000000000000000
maximum_displacement: 1.0000000000000000
maximum_rotation: 1.0000000000000000
maximum_volume: 0.4107387439028665
maximum_shape: 0.0000001000000000
maximum_dsigma: 0.0100000000000000
mod: 10
pmod: 10
optimize: 1
verbose: 1
snapshot: 0
display: 1
explore: 1
npt: 1
nptxy: 0
nptdxdy: 0
shape: 0
seed: 461955
-37.646683611341 -20.547170492279 0.866025403784 -0.500000000000
4.992601910960 52.052481144622 0.866025403784 0.500000000000
96.253735218697 -22.717633270840 0.866025403784 0.500000000000
13.166112564365 -59.566531294669 0.866025403784 0.500000000000
65.598714779803 35.995089915441 0.866025403784 0.500000000000
19.909574958612 -11.270441242180 0.000000000000 1.000000000000
68.284612421419 -51.575176472725 0.866025403784 0.500000000000
55.580456838237 -138.952052617300 0.000000000000 1.000000000000
12.164493722261 -45.820209800543 0.866025403784 0.500000000000
-38.834563915369 55.480457722734 0.000000000000 1.000000000000
46.000155959560 -20.861646717717 0.000000000000 1.000000000000
14.853504824414 -19.979837169091 0.866025403784 0.500000000000
-84.195976005484 -10.146524235591 0.000000000000 1.000000000000
32.957267780599 -1.305040944020 0.866025403784 -0.500000000000
-3.220148633370 46.093806767180 0.866025403784 0.500000000000
17.393433096701 -60.716122928696 0.866025403784 0.500000000000
-13.212010724601 52.351493673051 0.866025403784 -0.500000000000
-12.341163645133 119.477999927033 0.000000000000 1.000000000000
14.448198296491 -28.457367448842 0.866025403784 0.500000000000
-25.166781142194 -28.946341782611 0.866025403784 0.500000000000
