#Configurational_file created 2018-09-14 11:13:48  started 2018-09-14 11:13:47 run for 1.0s steps 0
name: p_402
step: 10000
specie: 20
	particle_diameter: 1.0000000000000000
	interaction_length: 1.2000000000000000
	number_of_patches: 3
	number_of_particles_per_compound: 1
	rod_length: 1.0000000000000000
	interaction_matrix:  1.000000 1.000000 1.000000 1.000000 1.000000 1.000000 1.000000 1.000000 1.000000
	patch_type: symmetric
	patch_width: 8.0000000000000000
	patch_angle: 0.0000000000000000
	angles:  0.000000 0.000000 0.000000
	grand_canonical: 0
	chemical_potential: 0.0000000000000000
box: 7.310817 7.310817
copy: 1.000000 1.000000
epsilon: 0.3928790000000000
end_epsilon: 0.0000000000000000
pressure: 1.5714500000000000
lambda: 0.0000000000000000
lambda_coupling: 1.0000000000000000
uy: 0.0000000000000000
maximum_displacement: 1.0000000000000000
maximum_rotation: 1.0000000000000000
maximum_volume: 0.4934624385116795
maximum_shape: 0.0000001000000000
maximum_dsigma: 0.0100000000000000
mod: 10
pmod: 10
optimize: 1
verbose: 1
snapshot: 0
display: 1
explore: 1
npt: 1
nptxy: 0
nptdxdy: 0
shape: 0
seed: 458544
45.259086008742 -13.612112517491 0.866025403784 -0.500000000000
-29.545319555211 181.737356222625 0.866025403784 -0.500000000000
-28.845839586370 32.959768882686 0.866025403784 0.500000000000
20.167002560226 -29.551791215524 0.000000000000 1.000000000000
-5.256112506935 36.782325969308 0.866025403784 -0.500000000000
10.563031286430 -72.178186545367 0.000000000000 1.000000000000
-73.867090951341 30.447829044395 0.866025403784 -0.500000000000
39.859942985917 25.696739482852 0.866025403784 -0.500000000000
-31.833854344250 -8.576911383698 0.866025403784 0.500000000000
56.931747159645 65.780747355171 0.866025403784 -0.500000000000
-12.067101859941 68.774215420392 0.866025403784 0.500000000000
-87.835459726394 -54.007077946115 0.866025403784 -0.500000000000
-83.840659864296 -131.914260091490 0.866025403784 0.500000000000
59.888078204264 -48.282286222103 0.866025403784 -0.500000000000
75.304536015869 -9.947965697131 0.866025403784 -0.500000000000
55.318105348329 -5.752513393842 0.000000000000 1.000000000000
-111.279078249795 41.681301832538 0.866025403784 -0.500000000000
95.657518762837 -58.422944993326 0.866025403784 -0.500000000000
103.889416910284 -36.631633082111 0.000000000000 1.000000000000
-105.262230199548 32.428514690749 0.866025403784 0.500000000000
