#Configurational_file created 2018-09-14 11:13:47  started 2018-09-14 11:13:46 run for 1.0s steps 0
name: p_401
step: 10000
specie: 20
	particle_diameter: 1.0000000000000000
	interaction_length: 1.2000000000000000
	number_of_patches: 3
	number_of_particles_per_compound: 1
	rod_length: 1.0000000000000000
	interaction_matrix:  1.000000 1.000000 1.000000 1.000000 1.000000 1.000000 1.000000 1.000000 1.000000
	patch_type: symmetric
	patch_width: 8.0000000000000000
	patch_angle: 0.0000000000000000
	angles:  0.000000 0.000000 0.000000
	grand_canonical: 0
	chemical_potential: 0.0000000000000000
box: 7.363436 7.363436
copy: 1.000000 1.000000
epsilon: 0.3928790000000000
end_epsilon: 0.0000000000000000
pressure: 1.4286000000000001
lambda: 0.0000000000000000
lambda_coupling: 1.0000000000000000
uy: 0.0000000000000000
maximum_displacement: 1.0000000000000000
maximum_rotation: 1.0000000000000000
maximum_volume: 0.6415858003841584
maximum_shape: 0.0000001000000000
maximum_dsigma: 0.0100000000000000
mod: 10
pmod: 10
optimize: 1
verbose: 1
snapshot: 0
display: 1
explore: 1
npt: 1
nptxy: 0
nptdxdy: 0
shape: 0
seed: 457407
-43.502887701242 -34.342323366072 0.866025403784 -0.500000000000
-56.731995907222 -86.540343145589 0.866025403784 -0.500000000000
-83.799566002375 60.659846988645 0.000000000000 1.000000000000
-0.425789409303 86.009397298252 0.866025403784 -0.500000000000
64.577530971500 -31.939790766819 0.000000000000 1.000000000000
2.095669025926 -9.571878410520 0.866025403784 0.500000000000
-61.089167103588 -2.343459091564 0.866025403784 0.500000000000
106.585694918884 35.954736194288 0.000000000000 1.000000000000
-70.809285381812 13.691131852748 0.866025403784 -0.500000000000
-42.790931211488 18.557921773021 0.866025403784 -0.500000000000
6.689807098922 30.001336442328 0.866025403784 0.500000000000
34.646890516351 25.432790447388 0.866025403784 0.500000000000
-155.607530025485 -4.221918449433 0.866025403784 -0.500000000000
6.975091311427 -49.273295332259 0.866025403784 0.500000000000
8.949121886544 -22.677056454994 0.866025403784 0.500000000000
-26.670635199132 -13.983362851875 0.866025403784 -0.500000000000
10.747017629398 -64.538869538553 0.000000000000 1.000000000000
-66.642929500654 -37.157287465188 0.000000000000 1.000000000000
128.629553015064 -46.614141355510 0.000000000000 1.000000000000
-3.759624664439 17.466460966858 0.866025403784 -0.500000000000
