#Configurational_file created 2018-09-14 11:13:51  started 2018-09-14 11:13:51 run for 0.0s steps 0
name: p_406
step: 10000
specie: 20
	particle_diameter: 1.0000000000000000
	interaction_length: 1.2000000000000000
	number_of_patches: 3
	number_of_particles_per_compound: 1
	rod_length: 1.0000000000000000
	interaction_matrix:  1.000000 1.000000 1.000000 1.000000 1.000000 1.000000 1.000000 1.000000 1.000000
	patch_type: symmetric
	patch_width: 8.0000000000000000
	patch_angle: 0.0000000000000000
	angles:  0.000000 0.000000 0.000000
	grand_canonical: 0
	chemical_potential: 0.0000000000000000
box: 43.260881 43.260881
copy: 1.000000 1.000000
epsilon: 0.4285860000000000
end_epsilon: 0.0000000000000000
pressure: 0.0001000000000000
lambda: 0.0000000000000000
lambda_coupling: 1.0000000000000000
uy: 0.0000000000000000
maximum_displacement: 1.0000000000000000
maximum_rotation: 1.0000000000000000
maximum_volume: 1.0000000000000000
maximum_shape: 0.0000001000000000
maximum_dsigma: 0.0100000000000000
mod: 10
pmod: 10
optimize: 1
verbose: 1
snapshot: 0
display: 1
explore: 1
npt: 1
nptxy: 0
nptdxdy: 0
shape: 0
seed: 463092
-138.776719238715 -45.748882030313 0.866025403784 -0.500000000000
-122.264971380323 137.668644529783 0.000000000000 1.000000000000
-117.711382135552 179.382854493993 0.000000000000 1.000000000000
81.094521645860 -44.214642946065 0.866025403784 0.500000000000
-103.557064800388 144.610339688567 0.866025403784 -0.500000000000
46.344513723034 129.985883087353 0.000000000000 1.000000000000
-18.197646174328 -175.880260366963 0.866025403784 0.500000000000
16.224855492020 -252.561105449223 0.000000000000 1.000000000000
-40.816450583327 226.139032249524 0.000000000000 1.000000000000
-76.135281062298 -7.413318131584 0.000000000000 1.000000000000
-10.333400411383 87.035493489465 0.866025403784 0.500000000000
189.068418356326 -34.008577758787 0.866025403784 0.500000000000
150.460117699954 -33.648301607211 0.866025403784 0.500000000000
399.151636225167 100.295012920550 0.000000000000 1.000000000000
65.593093610431 -0.366710114001 0.866025403784 -0.500000000000
115.188290301842 153.313219292891 0.866025403784 -0.500000000000
-127.280510771448 10.850878473536 0.866025403784 0.500000000000
215.857126959807 8.291642700293 0.000000000000 1.000000000000
-3.751278808743 117.498413019848 0.000000000000 1.000000000000
171.003845670752 13.955554440825 0.866025403784 0.500000000000
