#Configurational_file created 2018-09-14 11:13:54  started 2018-09-14 11:13:53 run for 1.0s steps 0
name: p_409
step: 10000
specie: 20
	particle_diameter: 1.0000000000000000
	interaction_length: 1.2000000000000000
	number_of_patches: 3
	number_of_particles_per_compound: 1
	rod_length: 1.0000000000000000
	interaction_matrix:  1.000000 1.000000 1.000000 1.000000 1.000000 1.000000 1.000000 1.000000 1.000000
	patch_type: symmetric
	patch_width: 8.0000000000000000
	patch_angle: 0.0000000000000000
	angles:  0.000000 0.000000 0.000000
	grand_canonical: 0
	chemical_potential: 0.0000000000000000
box: 11.396645 11.396645
copy: 1.000000 1.000000
epsilon: 0.4285860000000000
end_epsilon: 0.0000000000000000
pressure: 0.4286500000000000
lambda: 0.0000000000000000
lambda_coupling: 1.0000000000000000
uy: 0.0000000000000000
maximum_displacement: 1.0000000000000000
maximum_rotation: 1.0000000000000000
maximum_volume: 1.0000000000000000
maximum_shape: 0.0000001000000000
maximum_dsigma: 0.0100000000000000
mod: 10
pmod: 10
optimize: 1
verbose: 1
snapshot: 0
display: 1
explore: 1
npt: 1
nptxy: 0
nptdxdy: 0
shape: 0
seed: 466503
154.382818893028 229.887240576378 0.000000000000 1.000000000000
-20.042003609245 89.941441115905 0.866025403784 0.500000000000
75.871844693941 -49.027467999834 0.866025403784 0.500000000000
4.211996000029 -72.692431746219 0.866025403784 -0.500000000000
-172.772840823123 90.721952950016 0.866025403784 -0.500000000000
-93.945604548081 -30.936191384026 0.866025403784 0.500000000000
42.824770047016 54.602917665552 0.000000000000 1.000000000000
-22.124041744786 -67.156088042656 0.000000000000 1.000000000000
6.714641726255 -162.309509207778 0.866025403784 -0.500000000000
70.138585738435 -199.125049411445 0.866025403784 0.500000000000
100.291415945558 50.399182195328 0.000000000000 1.000000000000
-25.199475103562 149.715285926933 0.866025403784 0.500000000000
34.049701391779 -93.705264125225 0.866025403784 0.500000000000
-63.554178927718 17.317699835357 0.866025403784 -0.500000000000
-69.002658366747 27.754864624471 0.866025403784 -0.500000000000
-77.539018767575 118.210653318561 0.866025403784 0.500000000000
131.294203020342 50.051759171187 0.866025403784 -0.500000000000
-136.541037805279 -39.060995272995 0.000000000000 1.000000000000
-8.563992974659 107.966325372133 0.866025403784 0.500000000000
98.263013981958 117.143603194856 0.866025403784 0.500000000000
