#Configurational_file created 2018-09-14 11:13:53  started 2018-09-14 11:13:52 run for 1.0s steps 0
name: p_408
step: 10000
specie: 20
	particle_diameter: 1.0000000000000000
	interaction_length: 1.2000000000000000
	number_of_patches: 3
	number_of_particles_per_compound: 1
	rod_length: 1.0000000000000000
	interaction_matrix:  1.000000 1.000000 1.000000 1.000000 1.000000 1.000000 1.000000 1.000000 1.000000
	patch_type: symmetric
	patch_width: 8.0000000000000000
	patch_angle: 0.0000000000000000
	angles:  0.000000 0.000000 0.000000
	grand_canonical: 0
	chemical_potential: 0.0000000000000000
box: 13.870077 13.870077
copy: 1.000000 1.000000
epsilon: 0.4285860000000000
end_epsilon: 0.0000000000000000
pressure: 0.2858000000000000
lambda: 0.0000000000000000
lambda_coupling: 1.0000000000000000
uy: 0.0000000000000000
maximum_displacement: 1.0000000000000000
maximum_rotation: 1.0000000000000000
maximum_volume: 1.0000000000000000
maximum_shape: 0.0000001000000000
maximum_dsigma: 0.0100000000000000
mod: 10
pmod: 10
optimize: 1
verbose: 1
snapshot: 0
display: 1
explore: 1
npt: 1
nptxy: 0
nptdxdy: 0
shape: 0
seed: 465366
67.994155867231 42.019045219418 0.000000000000 1.000000000000
62.752543928981 -48.863109031987 0.866025403784 -0.500000000000
130.422845874659 -74.759063202986 0.866025403784 0.500000000000
123.966374584916 -76.461560053173 0.866025403784 -0.500000000000
-33.474591627736 -106.551400659154 0.000000000000 1.000000000000
-217.053871350860 28.848475334197 0.000000000000 1.000000000000
64.772823543621 -28.229394672278 0.866025403784 -0.500000000000
20.717350225844 -50.321459691866 0.866025403784 -0.500000000000
29.504356738057 -35.745320346372 0.866025403784 0.500000000000
-34.114050065178 -93.503306693356 0.000000000000 1.000000000000
-21.163074425164 -10.317069439220 0.866025403784 -0.500000000000
-166.995441383244 -59.606623603688 0.866025403784 -0.500000000000
104.866283662935 -2.045244990611 0.000000000000 1.000000000000
37.807981584404 -61.694458216496 0.866025403784 0.500000000000
86.795339967581 130.786370924440 0.866025403784 0.500000000000
238.360491952382 136.596960562241 0.866025403784 0.500000000000
-35.480218587071 138.970385852713 0.000000000000 1.000000000000
18.204427845360 33.174900275740 0.000000000000 1.000000000000
-37.851950957031 -54.691829368659 0.866025403784 0.500000000000
-51.539514824000 13.625465295109 0.000000000000 1.000000000000
