#Configurational_file created 2018-09-14 11:14:03  started 2018-09-14 11:14:02 run for 1.0s steps 0
name: p_419
step: 10000
specie: 20
	particle_diameter: 1.0000000000000000
	interaction_length: 1.2000000000000000
	number_of_patches: 3
	number_of_particles_per_compound: 1
	rod_length: 1.0000000000000000
	interaction_matrix:  1.000000 1.000000 1.000000 1.000000 1.000000 1.000000 1.000000 1.000000 1.000000
	patch_type: symmetric
	patch_width: 8.0000000000000000
	patch_angle: 0.0000000000000000
	angles:  0.000000 0.000000 0.000000
	grand_canonical: 0
	chemical_potential: 0.0000000000000000
box: 6.824006 6.824006
copy: 1.000000 1.000000
epsilon: 0.4285860000000000
end_epsilon: 0.0000000000000000
pressure: 1.8571500000000001
lambda: 0.0000000000000000
lambda_coupling: 1.0000000000000000
uy: 0.0000000000000000
maximum_displacement: 1.0000000000000000
maximum_rotation: 1.0000000000000000
maximum_volume: 0.3960929486823100
maximum_shape: 0.0000001000000000
maximum_dsigma: 0.0100000000000000
mod: 10
pmod: 10
optimize: 1
verbose: 1
snapshot: 0
display: 1
explore: 1
npt: 1
nptxy: 0
nptdxdy: 0
shape: 0
seed: 477873
83.278774308840 39.652255466174 0.000000000000 1.000000000000
-5.879218854843 103.961896861649 0.866025403784 -0.500000000000
79.357009159144 28.404594943890 0.000000000000 1.000000000000
-11.406650143111 50.130272945249 0.866025403784 -0.500000000000
-21.491795276419 67.502274606940 0.000000000000 1.000000000000
-44.726194408976 -76.722491021241 0.866025403784 -0.500000000000
-2.443766667955 43.046497723878 0.866025403784 0.500000000000
20.653187256800 -70.135833447620 0.000000000000 1.000000000000
-80.730726759460 108.790373218848 0.866025403784 0.500000000000
-28.419360277437 -4.066428027084 0.866025403784 -0.500000000000
21.051791792523 -3.276890841938 0.866025403784 0.500000000000
77.252997942267 -41.900250347156 0.866025403784 -0.500000000000
63.622532197653 21.233986874061 0.866025403784 -0.500000000000
9.033523523547 -3.043616871285 0.866025403784 -0.500000000000
20.651982090985 13.582502974783 0.866025403784 0.500000000000
58.532625034626 5.466503628737 0.000000000000 1.000000000000
-34.773853777300 -33.646825718836 0.866025403784 -0.500000000000
-12.752809376972 -5.895111607587 0.866025403784 0.500000000000
11.928181454302 -23.603086330671 0.866025403784 -0.500000000000
-105.417558181694 -16.869325106111 0.000000000000 1.000000000000
