#Configurational_file created 2018-09-14 11:13:55  started 2018-09-14 11:13:54 run for 1.0s steps 0
name: p_411
step: 10000
specie: 20
	particle_diameter: 1.0000000000000000
	interaction_length: 1.2000000000000000
	number_of_patches: 3
	number_of_particles_per_compound: 1
	rod_length: 1.0000000000000000
	interaction_matrix:  1.000000 1.000000 1.000000 1.000000 1.000000 1.000000 1.000000 1.000000 1.000000
	patch_type: symmetric
	patch_width: 8.0000000000000000
	patch_angle: 0.0000000000000000
	angles:  0.000000 0.000000 0.000000
	grand_canonical: 0
	chemical_potential: 0.0000000000000000
box: 10.198647 10.198647
copy: 1.000000 1.000000
epsilon: 0.4285860000000000
end_epsilon: 0.0000000000000000
pressure: 0.7143500000000000
lambda: 0.0000000000000000
lambda_coupling: 1.0000000000000000
uy: 0.0000000000000000
maximum_displacement: 1.0000000000000000
maximum_rotation: 1.0000000000000000
maximum_volume: 1.0000000000000000
maximum_shape: 0.0000001000000000
maximum_dsigma: 0.0100000000000000
mod: 10
pmod: 10
optimize: 1
verbose: 1
snapshot: 0
display: 1
explore: 1
npt: 1
nptxy: 0
nptdxdy: 0
shape: 0
seed: 468777
39.670872647668 1.721225767167 0.866025403784 0.500000000000
-150.616533622875 110.238632671240 0.866025403784 0.500000000000
48.092308166343 -18.135915639783 0.000000000000 1.000000000000
107.349035733083 -89.867386257990 0.866025403784 0.500000000000
29.498074031584 224.324633336951 0.866025403784 -0.500000000000
31.764039533516 -148.500628550002 0.000000000000 1.000000000000
78.364547384283 197.997172715669 0.866025403784 -0.500000000000
40.725278339513 44.922938433191 0.866025403784 0.500000000000
25.896484020109 169.612693276963 0.000000000000 1.000000000000
33.586381321877 -19.401317835366 0.000000000000 1.000000000000
97.987197235706 61.900534791633 0.866025403784 0.500000000000
83.019160661709 47.074500051741 0.866025403784 -0.500000000000
-57.182369281721 135.729406320356 0.866025403784 -0.500000000000
68.545857003023 -32.652406469739 0.866025403784 -0.500000000000
79.894319035168 14.296996185607 0.000000000000 1.000000000000
124.033990386507 91.668530059246 0.866025403784 0.500000000000
5.466703145549 14.598951674316 0.866025403784 -0.500000000000
-33.243028782102 209.533043924141 0.000000000000 1.000000000000
131.825665167621 80.747661620577 0.866025403784 0.500000000000
-48.509004342346 -137.086360214975 0.866025403784 0.500000000000
