#Configurational_file created 2018-09-14 11:14:02  started 2018-09-14 11:14:01 run for 1.0s steps 0
name: p_418
step: 10000
specie: 20
	particle_diameter: 1.0000000000000000
	interaction_length: 1.2000000000000000
	number_of_patches: 3
	number_of_particles_per_compound: 1
	rod_length: 1.0000000000000000
	interaction_matrix:  1.000000 1.000000 1.000000 1.000000 1.000000 1.000000 1.000000 1.000000 1.000000
	patch_type: symmetric
	patch_width: 8.0000000000000000
	patch_angle: 0.0000000000000000
	angles:  0.000000 0.000000 0.000000
	grand_canonical: 0
	chemical_potential: 0.0000000000000000
box: 7.458724 7.458724
copy: 1.000000 1.000000
epsilon: 0.4285860000000000
end_epsilon: 0.0000000000000000
pressure: 1.7142999999999999
lambda: 0.0000000000000000
lambda_coupling: 1.0000000000000000
uy: 0.0000000000000000
maximum_displacement: 1.0000000000000000
maximum_rotation: 1.0000000000000000
maximum_volume: 0.4157599404544230
maximum_shape: 0.0000001000000000
maximum_dsigma: 0.0100000000000000
mod: 10
pmod: 10
optimize: 1
verbose: 1
snapshot: 0
display: 1
explore: 1
npt: 1
nptxy: 0
nptdxdy: 0
shape: 0
seed: 476736
19.829443541501 97.118149488171 0.866025403784 -0.500000000000
26.232361325284 123.337004941676 0.866025403784 -0.500000000000
-40.126521510530 41.992086286314 0.000000000000 1.000000000000
-41.021761225472 -35.499719559990 0.000000000000 1.000000000000
-44.770924524841 53.752309127599 0.866025403784 -0.500000000000
-18.205042281795 -1.631124043403 0.000000000000 1.000000000000
72.778565978396 31.469733371890 0.866025403784 -0.500000000000
43.097649351285 -16.548786844285 0.866025403784 -0.500000000000
46.926907259812 -68.214831025802 0.866025403784 0.500000000000
-51.634578024589 -10.958518089062 0.000000000000 1.000000000000
-29.589928112552 73.591301907932 0.000000000000 1.000000000000
22.623493981357 -0.761242493758 0.866025403784 -0.500000000000
-86.890732934283 -57.114720649093 0.866025403784 -0.500000000000
8.642885970479 41.675577819035 0.866025403784 -0.500000000000
-44.907151591515 53.170776173202 0.866025403784 0.500000000000
-21.023327712250 17.492498205163 0.000000000000 1.000000000000
73.573240338820 11.912426507030 0.866025403784 0.500000000000
-45.214901972806 -16.737592521106 0.866025403784 -0.500000000000
-1.266410086356 22.523210661228 0.000000000000 1.000000000000
16.452675165739 -21.595583302792 0.866025403784 -0.500000000000
