#Configurational_file created 2018-09-14 11:13:59  started 2018-09-14 11:13:58 run for 1.0s steps 0
name: p_415
step: 10000
specie: 20
	particle_diameter: 1.0000000000000000
	interaction_length: 1.2000000000000000
	number_of_patches: 3
	number_of_particles_per_compound: 1
	rod_length: 1.0000000000000000
	interaction_matrix:  1.000000 1.000000 1.000000 1.000000 1.000000 1.000000 1.000000 1.000000 1.000000
	patch_type: symmetric
	patch_width: 8.0000000000000000
	patch_angle: 0.0000000000000000
	angles:  0.000000 0.000000 0.000000
	grand_canonical: 0
	chemical_potential: 0.0000000000000000
box: 7.882516 7.882516
copy: 1.000000 1.000000
epsilon: 0.4285860000000000
end_epsilon: 0.0000000000000000
pressure: 1.2857499999999999
lambda: 0.0000000000000000
lambda_coupling: 1.0000000000000000
uy: 0.0000000000000000
maximum_displacement: 1.0000000000000000
maximum_rotation: 1.0000000000000000
maximum_volume: 0.7113719281255942
maximum_shape: 0.0000001000000000
maximum_dsigma: 0.0100000000000000
mod: 10
pmod: 10
optimize: 1
verbose: 1
snapshot: 0
display: 1
explore: 1
npt: 1
nptxy: 0
nptdxdy: 0
shape: 0
seed: 473325
36.565575094578 -89.938090284531 0.866025403784 0.500000000000
5.956374438784 54.885174758485 0.866025403784 -0.500000000000
87.023596994087 33.400266303190 0.000000000000 1.000000000000
8.688947129164 62.922379886816 0.866025403784 -0.500000000000
-92.517779550108 -59.908928952777 0.866025403784 0.500000000000
54.084924219043 -48.984363969165 0.866025403784 0.500000000000
61.860050684625 103.973087373206 0.000000000000 1.000000000000
-102.795437530989 114.428696735799 0.866025403784 -0.500000000000
-3.786456669889 28.969262440693 0.866025403784 -0.500000000000
60.373377088888 -57.816289327598 0.866025403784 -0.500000000000
-35.976634808358 -93.710380829046 0.866025403784 0.500000000000
-51.693687541893 -27.578689170644 0.866025403784 -0.500000000000
57.112287047892 -56.050016420164 0.866025403784 -0.500000000000
-83.194199853465 -64.762826593855 0.866025403784 -0.500000000000
-34.608205787164 0.167442887008 0.866025403784 -0.500000000000
88.062454753446 37.226414728114 0.866025403784 0.500000000000
-45.097930337706 -30.692686919367 0.866025403784 0.500000000000
-83.829659982541 56.895091818718 0.866025403784 0.500000000000
-57.561823546611 -60.082862582680 0.866025403784 -0.500000000000
0.999590826483 19.736197977926 0.866025403784 -0.500000000000
