#Configurational_file created 2018-09-14 11:14:00  started 2018-09-14 11:13:59 run for 1.0s steps 0
name: p_416
step: 10000
specie: 20
	particle_diameter: 1.0000000000000000
	interaction_length: 1.2000000000000000
	number_of_patches: 3
	number_of_particles_per_compound: 1
	rod_length: 1.0000000000000000
	interaction_matrix:  1.000000 1.000000 1.000000 1.000000 1.000000 1.000000 1.000000 1.000000 1.000000
	patch_type: symmetric
	patch_width: 8.0000000000000000
	patch_angle: 0.0000000000000000
	angles:  0.000000 0.000000 0.000000
	grand_canonical: 0
	chemical_potential: 0.0000000000000000
box: 7.636268 7.636268
copy: 1.000000 1.000000
epsilon: 0.4285860000000000
end_epsilon: 0.0000000000000000
pressure: 1.4286000000000001
lambda: 0.0000000000000000
lambda_coupling: 1.0000000000000000
uy: 0.0000000000000000
maximum_displacement: 1.0000000000000000
maximum_rotation: 1.0000000000000000
maximum_volume: 0.5144304205502961
maximum_shape: 0.0000001000000000
maximum_dsigma: 0.0100000000000000
mod: 10
pmod: 10
optimize: 1
verbose: 1
snapshot: 0
display: 1
explore: 1
npt: 1
nptxy: 0
nptdxdy: 0
shape: 0
seed: 474462
-92.918870861797 -20.666323204020 0.866025403784 -0.500000000000
47.928926564447 -4.381522861396 0.866025403784 -0.500000000000
35.124967205350 78.344753637894 0.866025403784 -0.500000000000
124.630662742014 90.348572854346 0.866025403784 -0.500000000000
30.405327483466 45.343511124884 0.000000000000 1.000000000000
114.253400765851 117.648222598917 0.866025403784 0.500000000000
48.834371480183 25.825149096139 0.866025403784 0.500000000000
-94.809407561125 7.505466483388 0.866025403784 -0.500000000000
2.457996249686 54.322762735744 0.866025403784 -0.500000000000
-24.773623375623 -41.286334146005 0.866025403784 0.500000000000
-131.264675032214 44.936849591911 0.866025403784 -0.500000000000
-14.615781997203 -87.303209360381 0.866025403784 -0.500000000000
54.445234072737 -7.602212472355 0.000000000000 1.000000000000
25.048809851740 58.255850533958 0.866025403784 -0.500000000000
75.829260735154 157.271423400718 0.866025403784 0.500000000000
26.375760723237 58.696730044172 0.000000000000 1.000000000000
42.085095372734 37.522564821692 0.866025403784 0.500000000000
90.906251644903 21.747697083240 0.866025403784 0.500000000000
-49.757887337102 -72.394035249745 0.000000000000 1.000000000000
69.770555416572 6.175967052929 0.866025403784 0.500000000000
