#Configurational_file created 2018-09-14 11:13:56  started 2018-09-14 11:13:55 run for 1.0s steps 0
name: p_412
step: 10000
specie: 20
	particle_diameter: 1.0000000000000000
	interaction_length: 1.2000000000000000
	number_of_patches: 3
	number_of_particles_per_compound: 1
	rod_length: 1.0000000000000000
	interaction_matrix:  1.000000 1.000000 1.000000 1.000000 1.000000 1.000000 1.000000 1.000000 1.000000
	patch_type: symmetric
	patch_width: 8.0000000000000000
	patch_angle: 0.0000000000000000
	angles:  0.000000 0.000000 0.000000
	grand_canonical: 0
	chemical_potential: 0.0000000000000000
box: 8.486860 8.486860
copy: 1.000000 1.000000
epsilon: 0.4285860000000000
end_epsilon: 0.0000000000000000
pressure: 0.8572000000000000
lambda: 0.0000000000000000
lambda_coupling: 1.0000000000000000
uy: 0.0000000000000000
maximum_displacement: 1.0000000000000000
maximum_rotation: 1.0000000000000000
maximum_volume: 1.0000000000000000
maximum_shape: 0.0000001000000000
maximum_dsigma: 0.0100000000000000
mod: 10
pmod: 10
optimize: 1
verbose: 1
snapshot: 0
display: 1
explore: 1
npt: 1
nptxy: 0
nptdxdy: 0
shape: 0
seed: 469914
127.908975907507 2.850105612301 0.000000000000 1.000000000000
98.539116134159 101.990923745700 0.866025403784 0.500000000000
-0.427555253656 -71.508925932551 0.866025403784 0.500000000000
60.152281330402 43.372594205044 0.866025403784 -0.500000000000
67.065782046427 -6.673490658252 0.000000000000 1.000000000000
77.114466393780 -18.948885342377 0.866025403784 -0.500000000000
17.922431156794 -16.300572249258 0.000000000000 1.000000000000
151.165353896827 0.185409880912 0.866025403784 0.500000000000
100.012093132357 53.065720994366 0.000000000000 1.000000000000
-82.527677328811 -52.446599893766 0.000000000000 1.000000000000
-6.864812565519 28.938791813932 0.866025403784 0.500000000000
-106.724533223445 141.894661325571 0.866025403784 0.500000000000
79.323745912263 10.216826833689 0.000000000000 1.000000000000
84.551899238271 7.775417403535 0.866025403784 0.500000000000
171.925156469504 119.680476233711 0.000000000000 1.000000000000
-85.341929732168 184.704644522175 0.000000000000 1.000000000000
30.672478428362 -15.055576066682 0.000000000000 1.000000000000
37.253410154992 -55.993394442577 0.000000000000 1.000000000000
-79.310569557637 -5.819549992997 0.866025403784 -0.500000000000
10.837039325512 -70.607762165808 0.000000000000 1.000000000000
