#Configurational_file created 2018-09-14 11:13:54  started 2018-09-14 11:13:54 run for 0.0s steps 0
name: p_410
step: 10000
specie: 20
	particle_diameter: 1.0000000000000000
	interaction_length: 1.2000000000000000
	number_of_patches: 3
	number_of_particles_per_compound: 1
	rod_length: 1.0000000000000000
	interaction_matrix:  1.000000 1.000000 1.000000 1.000000 1.000000 1.000000 1.000000 1.000000 1.000000
	patch_type: symmetric
	patch_width: 8.0000000000000000
	patch_angle: 0.0000000000000000
	angles:  0.000000 0.000000 0.000000
	grand_canonical: 0
	chemical_potential: 0.0000000000000000
box: 11.645358 11.645358
copy: 1.000000 1.000000
epsilon: 0.4285860000000000
end_epsilon: 0.0000000000000000
pressure: 0.5715000000000000
lambda: 0.0000000000000000
lambda_coupling: 1.0000000000000000
uy: 0.0000000000000000
maximum_displacement: 1.0000000000000000
maximum_rotation: 1.0000000000000000
maximum_volume: 1.0000000000000000
maximum_shape: 0.0000001000000000
maximum_dsigma: 0.0100000000000000
mod: 10
pmod: 10
optimize: 1
verbose: 1
snapshot: 0
display: 1
explore: 1
npt: 1
nptxy: 0
nptdxdy: 0
shape: 0
seed: 467640
44.143864921563 -81.609631081387 0.000000000000 1.000000000000
99.679944210390 -38.226107102953 0.866025403784 0.500000000000
-12.015042888224 62.343909286449 0.866025403784 0.500000000000
64.262519639621 120.061756739744 0.000000000000 1.000000000000
171.848859446710 -95.053785525023 0.866025403784 0.500000000000
-96.565175477526 -76.042804306713 0.866025403784 0.500000000000
-99.853434034603 15.399199574350 0.866025403784 -0.500000000000
0.199590146645 -25.868567542399 0.000000000000 1.000000000000
4.692267217449 7.439823076196 0.866025403784 0.500000000000
-37.974556580201 31.102036965250 0.866025403784 -0.500000000000
-117.826877500457 -67.283537963778 0.866025403784 0.500000000000
-22.187815718180 -121.317912377291 0.866025403784 0.500000000000
104.241429360527 70.227103617079 0.000000000000 1.000000000000
95.366499565224 24.896056121576 0.866025403784 -0.500000000000
-96.161932484835 18.080221153497 0.866025403784 0.500000000000
-102.956348435808 -110.080660186440 0.000000000000 1.000000000000
-20.153604462842 227.217425288459 0.000000000000 1.000000000000
5.625027674797 64.050370811271 0.866025403784 -0.500000000000
-63.198543418413 167.943286332057 0.866025403784 0.500000000000
40.824871775475 -117.948224135695 0.866025403784 0.500000000000
