#Configurational_file created 2018-09-14 11:14:01  started 2018-09-14 11:14:00 run for 1.0s steps 0
name: p_417
step: 10000
specie: 20
	particle_diameter: 1.0000000000000000
	interaction_length: 1.2000000000000000
	number_of_patches: 3
	number_of_particles_per_compound: 1
	rod_length: 1.0000000000000000
	interaction_matrix:  1.000000 1.000000 1.000000 1.000000 1.000000 1.000000 1.000000 1.000000 1.000000
	patch_type: symmetric
	patch_width: 8.0000000000000000
	patch_angle: 0.0000000000000000
	angles:  0.000000 0.000000 0.000000
	grand_canonical: 0
	chemical_potential: 0.0000000000000000
box: 8.498894 8.498894
copy: 1.000000 1.000000
epsilon: 0.4285860000000000
end_epsilon: 0.0000000000000000
pressure: 1.5714500000000000
lambda: 0.0000000000000000
lambda_coupling: 1.0000000000000000
uy: 0.0000000000000000
maximum_displacement: 1.0000000000000000
maximum_rotation: 1.0000000000000000
maximum_volume: 0.5269227827224651
maximum_shape: 0.0000001000000000
maximum_dsigma: 0.0100000000000000
mod: 10
pmod: 10
optimize: 1
verbose: 1
snapshot: 0
display: 1
explore: 1
npt: 1
nptxy: 0
nptdxdy: 0
shape: 0
seed: 475599
25.067813856406 15.464385570761 0.866025403784 0.500000000000
-23.725496456648 -22.468024907131 0.866025403784 -0.500000000000
92.572468181273 147.584373347457 0.866025403784 -0.500000000000
107.300014343246 61.357079011766 0.000000000000 1.000000000000
45.335121943898 118.583266059093 0.866025403784 -0.500000000000
55.065227151046 22.098069003652 0.866025403784 0.500000000000
-33.161333544510 78.085542005387 0.866025403784 0.500000000000
-112.400986253972 -45.217752284234 0.000000000000 1.000000000000
-105.385348687525 47.489385148124 0.866025403784 -0.500000000000
26.128928723764 -149.597188759650 0.866025403784 -0.500000000000
56.909673741064 96.105642986183 0.866025403784 -0.500000000000
51.175474317132 -42.439734318382 0.866025403784 -0.500000000000
-36.467917737384 -98.366861516638 0.866025403784 -0.500000000000
52.300660558744 -43.935466896967 0.866025403784 -0.500000000000
-82.620749293723 -37.852784639930 0.000000000000 1.000000000000
-78.671681053091 -77.649237101434 0.866025403784 0.500000000000
40.742224853668 26.946117988938 0.866025403784 -0.500000000000
-12.913705927176 -38.154202303998 0.000000000000 1.000000000000
153.232778798683 -96.493917058470 0.000000000000 1.000000000000
-133.306407513519 -48.915556985027 0.866025403784 -0.500000000000
