#Configurational_file created 2018-09-14 11:13:58  started 2018-09-14 11:13:57 run for 1.0s steps 0
name: p_414
step: 10000
specie: 20
	particle_diameter: 1.0000000000000000
	interaction_length: 1.2000000000000000
	number_of_patches: 3
	number_of_particles_per_compound: 1
	rod_length: 1.0000000000000000
	interaction_matrix:  1.000000 1.000000 1.000000 1.000000 1.000000 1.000000 1.000000 1.000000 1.000000
	patch_type: symmetric
	patch_width: 8.0000000000000000
	patch_angle: 0.0000000000000000
	angles:  0.000000 0.000000 0.000000
	grand_canonical: 0
	chemical_potential: 0.0000000000000000
box: 7.606448 7.606448
copy: 1.000000 1.000000
epsilon: 0.4285860000000000
end_epsilon: 0.0000000000000000
pressure: 1.1429000000000000
lambda: 0.0000000000000000
lambda_coupling: 1.0000000000000000
uy: 0.0000000000000000
maximum_displacement: 1.0000000000000000
maximum_rotation: 1.0000000000000000
maximum_volume: 0.9461638947185133
maximum_shape: 0.0000001000000000
maximum_dsigma: 0.0100000000000000
mod: 10
pmod: 10
optimize: 1
verbose: 1
snapshot: 0
display: 1
explore: 1
npt: 1
nptxy: 0
nptdxdy: 0
shape: 0
seed: 472188
-63.686825450230 -49.285418167774 0.866025403784 0.500000000000
-26.860605627994 85.438210773803 0.866025403784 0.500000000000
-29.790667458614 -8.028187260154 0.866025403784 -0.500000000000
-47.462128110785 49.673826380505 0.000000000000 1.000000000000
-76.418751469785 -72.328292546972 0.000000000000 1.000000000000
12.535798577729 45.485379534928 0.866025403784 -0.500000000000
13.616847731305 -21.212448054829 0.866025403784 0.500000000000
22.255015704088 -20.866441872488 0.866025403784 -0.500000000000
25.685393867658 21.902045341007 0.866025403784 -0.500000000000
4.479693830559 -77.302747229127 0.866025403784 0.500000000000
-158.510560493219 108.166138053430 0.866025403784 0.500000000000
-106.687267172466 204.083783112349 0.866025403784 -0.500000000000
-1.920659318610 45.584156380336 0.000000000000 1.000000000000
-24.424983070830 28.289462961612 0.866025403784 0.500000000000
-10.695632526415 32.101975058050 0.000000000000 1.000000000000
-23.418969255540 127.049615931789 0.866025403784 0.500000000000
-14.664990549875 -63.041799254766 0.000000000000 1.000000000000
24.992627726109 116.233816523355 0.866025403784 0.500000000000
-65.148195971277 119.754234023088 0.000000000000 1.000000000000
-83.952822239674 138.271168803830 0.866025403784 0.500000000000
