#Configurational_file created 2018-09-14 11:13:57  started 2018-09-14 11:13:56 run for 1.0s steps 0
name: p_413
step: 10000
specie: 20
	particle_diameter: 1.0000000000000000
	interaction_length: 1.2000000000000000
	number_of_patches: 3
	number_of_particles_per_compound: 1
	rod_length: 1.0000000000000000
	interaction_matrix:  1.000000 1.000000 1.000000 1.000000 1.000000 1.000000 1.000000 1.000000 1.000000
	patch_type: symmetric
	patch_width: 8.0000000000000000
	patch_angle: 0.0000000000000000
	angles:  0.000000 0.000000 0.000000
	grand_canonical: 0
	chemical_potential: 0.0000000000000000
box: 9.230677 9.230677
copy: 1.000000 1.000000
epsilon: 0.4285860000000000
end_epsilon: 0.0000000000000000
pressure: 1.0000500000000001
lambda: 0.0000000000000000
lambda_coupling: 1.0000000000000000
uy: 0.0000000000000000
maximum_displacement: 1.0000000000000000
maximum_rotation: 1.0000000000000000
maximum_volume: 1.0000000000000000
maximum_shape: 0.0000001000000000
maximum_dsigma: 0.0100000000000000
mod: 10
pmod: 10
optimize: 1
verbose: 1
snapshot: 0
display: 1
explore: 1
npt: 1
nptxy: 0
nptdxdy: 0
shape: 0
seed: 471051
-24.456391021377 15.284544889898 0.000000000000 1.000000000000
-43.749653310695 -58.895012113801 0.866025403784 -0.500000000000
1.672702275471 54.833695959820 0.866025403784 -0.500000000000
6.424708097709 -81.703189892737 0.000000000000 1.000000000000
-100.869416516305 -208.160520359498 0.866025403784 0.500000000000
51.877531113881 -240.292678677138 0.000000000000 1.000000000000
158.049780452744 -78.006584266385 0.866025403784 0.500000000000
-178.997075996434 48.825364286249 0.866025403784 -0.500000000000
-33.159332158852 44.540808661655 0.000000000000 1.000000000000
-188.321065836338 -36.472784827992 0.866025403784 0.500000000000
-46.324924799611 44.982658198229 0.000000000000 1.000000000000
-100.160311215922 89.042153564040 0.866025403784 -0.500000000000
-28.053178472451 49.938029863234 0.866025403784 -0.500000000000
-4.866733910701 76.063248411526 0.866025403784 -0.500000000000
-78.127865679884 5.478133360125 0.866025403784 -0.500000000000
-154.656983957925 -60.277989522237 0.866025403784 0.500000000000
99.616743933245 -170.630048025303 0.000000000000 1.000000000000
-126.650031247117 -46.158516642497 0.000000000000 1.000000000000
-151.489933908530 -16.929040872897 0.866025403784 0.500000000000
-63.961766405307 -110.735222553949 0.866025403784 0.500000000000
