#Configurational_file created 2018-09-14 11:14:11  started 2018-09-14 11:14:10 run for 1.0s steps 0
name: p_429
step: 10000
specie: 20
	particle_diameter: 1.0000000000000000
	interaction_length: 1.2000000000000000
	number_of_patches: 3
	number_of_particles_per_compound: 1
	rod_length: 1.0000000000000000
	interaction_matrix:  1.000000 1.000000 1.000000 1.000000 1.000000 1.000000 1.000000 1.000000 1.000000
	patch_type: symmetric
	patch_width: 8.0000000000000000
	patch_angle: 0.0000000000000000
	angles:  0.000000 0.000000 0.000000
	grand_canonical: 0
	chemical_potential: 0.0000000000000000
box: 8.369400 8.369400
copy: 1.000000 1.000000
epsilon: 0.4642930000000000
end_epsilon: 0.0000000000000000
pressure: 1.1429000000000000
lambda: 0.0000000000000000
lambda_coupling: 1.0000000000000000
uy: 0.0000000000000000
maximum_displacement: 1.0000000000000000
maximum_rotation: 1.0000000000000000
maximum_volume: 0.5576021665700465
maximum_shape: 0.0000001000000000
maximum_dsigma: 0.0100000000000000
mod: 10
pmod: 10
optimize: 1
verbose: 1
snapshot: 0
display: 1
explore: 1
npt: 1
nptxy: 0
nptdxdy: 0
shape: 0
seed: 489243
-69.182427990286 -44.760994308236 0.866025403784 0.500000000000
-61.913400443997 58.180778970442 0.000000000000 1.000000000000
97.608534656641 177.316610465846 0.866025403784 0.500000000000
104.392571843668 47.467900999364 0.866025403784 -0.500000000000
109.480624175800 52.485308416747 0.000000000000 1.000000000000
-32.014169319006 108.643411019298 0.866025403784 0.500000000000
7.776351904964 96.649395301124 0.866025403784 -0.500000000000
13.484399498247 -61.973012424473 0.866025403784 0.500000000000
47.823693920686 -30.548539266064 0.000000000000 1.000000000000
109.138062600927 -41.453027160040 0.866025403784 -0.500000000000
-97.486793220624 -37.128600153887 0.000000000000 1.000000000000
-19.082934172612 -12.865349999895 0.866025403784 -0.500000000000
44.780919069350 135.964504136651 0.866025403784 0.500000000000
90.995185071371 -52.142906076761 0.866025403784 0.500000000000
-62.461549067252 44.449858491142 0.866025403784 -0.500000000000
167.204508502746 -66.966949405838 0.000000000000 1.000000000000
133.949168510599 44.351856651566 0.866025403784 -0.500000000000
-23.750527900255 40.060241226694 0.866025403784 -0.500000000000
14.825476334177 -84.984445674237 0.866025403784 0.500000000000
61.127571072378 -3.221485144988 0.866025403784 0.500000000000
