#Configurational_file created 2018-09-14 11:14:06  started 2018-09-14 11:14:05 run for 1.0s steps 0
name: p_423
step: 10000
specie: 20
	particle_diameter: 1.0000000000000000
	interaction_length: 1.2000000000000000
	number_of_patches: 3
	number_of_particles_per_compound: 1
	rod_length: 1.0000000000000000
	interaction_matrix:  1.000000 1.000000 1.000000 1.000000 1.000000 1.000000 1.000000 1.000000 1.000000
	patch_type: symmetric
	patch_width: 8.0000000000000000
	patch_angle: 0.0000000000000000
	angles:  0.000000 0.000000 0.000000
	grand_canonical: 0
	chemical_potential: 0.0000000000000000
box: 13.597400 13.597400
copy: 1.000000 1.000000
epsilon: 0.4642930000000000
end_epsilon: 0.0000000000000000
pressure: 0.2858000000000000
lambda: 0.0000000000000000
lambda_coupling: 1.0000000000000000
uy: 0.0000000000000000
maximum_displacement: 1.0000000000000000
maximum_rotation: 1.0000000000000000
maximum_volume: 1.0000000000000000
maximum_shape: 0.0000001000000000
maximum_dsigma: 0.0100000000000000
mod: 10
pmod: 10
optimize: 1
verbose: 1
snapshot: 0
display: 1
explore: 1
npt: 1
nptxy: 0
nptdxdy: 0
shape: 0
seed: 482421
-16.527701403840 19.440022113235 0.866025403784 -0.500000000000
-52.161424425388 18.467365637566 0.866025403784 0.500000000000
61.627860259677 -49.370385082485 0.866025403784 -0.500000000000
79.093242993968 -20.123006586571 0.866025403784 -0.500000000000
103.514984848086 11.503571859722 0.000000000000 1.000000000000
97.257636074364 -65.373876284349 0.000000000000 1.000000000000
101.078345448408 120.660643337450 0.866025403784 -0.500000000000
114.959337984218 14.277037557447 0.000000000000 1.000000000000
-32.298600985642 14.049629142630 0.866025403784 0.500000000000
35.832111666244 139.668965147961 0.000000000000 1.000000000000
-28.914669653765 92.794893589313 0.866025403784 -0.500000000000
-162.682429901487 -96.407564940708 0.866025403784 -0.500000000000
-153.331723504479 62.294526950518 0.866025403784 0.500000000000
106.690993934273 72.341279670719 0.866025403784 0.500000000000
85.082486847583 147.725160887700 0.866025403784 -0.500000000000
106.405177621244 -35.398656989874 0.866025403784 0.500000000000
55.763022020547 -99.143595094877 0.866025403784 0.500000000000
-81.807484125255 102.688403514984 0.866025403784 -0.500000000000
23.892606252518 -136.922988683699 0.000000000000 1.000000000000
-23.923860234306 14.393892474139 0.866025403784 0.500000000000
