#Configurational_file created 2018-09-14 11:14:10  started 2018-09-14 11:14:09 run for 1.0s steps 0
name: p_428
step: 10000
specie: 20
	particle_diameter: 1.0000000000000000
	interaction_length: 1.2000000000000000
	number_of_patches: 3
	number_of_particles_per_compound: 1
	rod_length: 1.0000000000000000
	interaction_matrix:  1.000000 1.000000 1.000000 1.000000 1.000000 1.000000 1.000000 1.000000 1.000000
	patch_type: symmetric
	patch_width: 8.0000000000000000
	patch_angle: 0.0000000000000000
	angles:  0.000000 0.000000 0.000000
	grand_canonical: 0
	chemical_potential: 0.0000000000000000
box: 8.395023 8.395023
copy: 1.000000 1.000000
epsilon: 0.4642930000000000
end_epsilon: 0.0000000000000000
pressure: 1.0000500000000001
lambda: 0.0000000000000000
lambda_coupling: 1.0000000000000000
uy: 0.0000000000000000
maximum_displacement: 1.0000000000000000
maximum_rotation: 1.0000000000000000
maximum_volume: 0.9105138755884579
maximum_shape: 0.0000001000000000
maximum_dsigma: 0.0100000000000000
mod: 10
pmod: 10
optimize: 1
verbose: 1
snapshot: 0
display: 1
explore: 1
npt: 1
nptxy: 0
nptdxdy: 0
shape: 0
seed: 488106
-14.257090469957 43.643438227336 0.000000000000 1.000000000000
-48.736715134121 56.163974823770 0.866025403784 0.500000000000
32.930890304375 40.448018334585 0.000000000000 1.000000000000
-47.684354512375 3.755593377554 0.866025403784 -0.500000000000
-94.321236812867 -28.462140171084 0.866025403784 0.500000000000
-66.697890244630 -23.372883909167 0.866025403784 -0.500000000000
-2.750341488180 -55.264936618391 0.866025403784 -0.500000000000
19.684250353743 36.756384389860 0.000000000000 1.000000000000
60.337681288989 87.261067446440 0.866025403784 -0.500000000000
98.372610962569 66.928926940585 0.866025403784 0.500000000000
-201.224823451446 21.467922452545 0.866025403784 -0.500000000000
4.320623606814 -16.104088910169 0.000000000000 1.000000000000
-38.667400139837 -119.417914749244 0.866025403784 0.500000000000
13.276491918457 43.285772185409 0.866025403784 -0.500000000000
17.127275979967 45.502007535571 0.866025403784 0.500000000000
-32.902220431285 -127.230521510049 0.866025403784 0.500000000000
-20.725018794034 -105.623807793672 0.000000000000 1.000000000000
-26.490333700335 49.660570324159 0.000000000000 1.000000000000
-27.407226782928 26.084216805975 0.000000000000 1.000000000000
-65.691603374162 25.100910640074 0.866025403784 -0.500000000000
