#Configurational_file created 2018-09-14 11:14:04  started 2018-09-14 11:14:03 run for 1.0s steps 0
name: p_420
step: 10000
specie: 20
	particle_diameter: 1.0000000000000000
	interaction_length: 1.2000000000000000
	number_of_patches: 3
	number_of_particles_per_compound: 1
	rod_length: 1.0000000000000000
	interaction_matrix:  1.000000 1.000000 1.000000 1.000000 1.000000 1.000000 1.000000 1.000000 1.000000
	patch_type: symmetric
	patch_width: 8.0000000000000000
	patch_angle: 0.0000000000000000
	angles:  0.000000 0.000000 0.000000
	grand_canonical: 0
	chemical_potential: 0.0000000000000000
box: 7.220697 7.220697
copy: 1.000000 1.000000
epsilon: 0.4285860000000000
end_epsilon: 0.0000000000000000
pressure: 2.0000000000000000
lambda: 0.0000000000000000
lambda_coupling: 1.0000000000000000
uy: 0.0000000000000000
maximum_displacement: 1.0000000000000000
maximum_rotation: 1.0000000000000000
maximum_volume: 0.3631596882589176
maximum_shape: 0.0000001000000000
maximum_dsigma: 0.0100000000000000
mod: 10
pmod: 10
optimize: 1
verbose: 1
snapshot: 0
display: 1
explore: 1
npt: 1
nptxy: 0
nptdxdy: 0
shape: 0
seed: 479010
12.088819442048 97.095362778525 0.000000000000 1.000000000000
-48.349641329258 -79.173293176765 0.866025403784 0.500000000000
-155.704282574673 12.190528122111 0.000000000000 1.000000000000
-29.047784377939 57.655010950318 0.866025403784 0.500000000000
-57.255074739801 -16.246760405633 0.000000000000 1.000000000000
-59.066784303506 42.445998221540 0.866025403784 -0.500000000000
127.428293594739 -5.594093491403 0.866025403784 -0.500000000000
-18.663543302357 -124.004559786079 0.866025403784 0.500000000000
-3.882066466166 154.501231639205 0.866025403784 0.500000000000
-124.851073429926 15.122110164746 0.866025403784 0.500000000000
-99.450524306578 158.335193190402 0.000000000000 1.000000000000
3.768936832118 -107.865722433223 0.000000000000 1.000000000000
-0.515929268954 -17.146019817612 0.866025403784 -0.500000000000
96.005924040556 110.476969173562 0.866025403784 -0.500000000000
-120.047287530481 52.242693397492 0.000000000000 1.000000000000
-100.611018793050 -102.735654788614 0.866025403784 -0.500000000000
-62.675114032869 47.224399546712 0.866025403784 0.500000000000
5.680882193017 -5.479023463854 0.000000000000 1.000000000000
14.110242674403 9.001033891895 0.866025403784 -0.500000000000
63.192614957940 -16.246602809738 0.866025403784 -0.500000000000
