#Configurational_file created 2018-09-14 11:14:05  started 2018-09-14 11:14:05 run for 0.0s steps 0
name: p_422
step: 10000
specie: 20
	particle_diameter: 1.0000000000000000
	interaction_length: 1.2000000000000000
	number_of_patches: 3
	number_of_particles_per_compound: 1
	rod_length: 1.0000000000000000
	interaction_matrix:  1.000000 1.000000 1.000000 1.000000 1.000000 1.000000 1.000000 1.000000 1.000000
	patch_type: symmetric
	patch_width: 8.0000000000000000
	patch_angle: 0.0000000000000000
	angles:  0.000000 0.000000 0.000000
	grand_canonical: 0
	chemical_potential: 0.0000000000000000
box: 16.836582 16.836582
copy: 1.000000 1.000000
epsilon: 0.4642930000000000
end_epsilon: 0.0000000000000000
pressure: 0.1429500000000000
lambda: 0.0000000000000000
lambda_coupling: 1.0000000000000000
uy: 0.0000000000000000
maximum_displacement: 1.0000000000000000
maximum_rotation: 1.0000000000000000
maximum_volume: 1.0000000000000000
maximum_shape: 0.0000001000000000
maximum_dsigma: 0.0100000000000000
mod: 10
pmod: 10
optimize: 1
verbose: 1
snapshot: 0
display: 1
explore: 1
npt: 1
nptxy: 0
nptdxdy: 0
shape: 0
seed: 481284
53.295413044436 -34.537543314006 0.866025403784 0.500000000000
43.470691358593 -6.719736376152 0.000000000000 1.000000000000
226.430135767399 38.915333524102 0.866025403784 -0.500000000000
26.729284888926 -0.137479079590 0.000000000000 1.000000000000
-34.017587622813 65.029997402748 0.000000000000 1.000000000000
-71.735715853324 6.088498121637 0.866025403784 0.500000000000
-2.913250803928 -29.003436804612 0.866025403784 -0.500000000000
185.900187524020 54.063549275690 0.866025403784 0.500000000000
4.574170078121 67.189331493461 0.000000000000 1.000000000000
-90.177103171702 -115.147618857472 0.866025403784 0.500000000000
166.292793098212 81.652822127475 0.000000000000 1.000000000000
166.442453367849 4.033652005574 0.866025403784 0.500000000000
109.183997317091 43.290963857029 0.866025403784 0.500000000000
131.640462152432 17.144982107572 0.866025403784 -0.500000000000
67.295111306864 -43.219768886544 0.000000000000 1.000000000000
9.110178472983 139.511578191097 0.866025403784 -0.500000000000
0.420887094308 46.707557597490 0.866025403784 0.500000000000
-55.096020552258 120.170291835656 0.866025403784 0.500000000000
-23.566245091587 22.746822895661 0.866025403784 -0.500000000000
-187.403652609331 17.096256131847 0.866025403784 0.500000000000
