#Configurational_file created 2018-09-14 11:14:08  started 2018-09-14 11:14:07 run for 1.0s steps 0
name: p_425
step: 10000
specie: 20
	particle_diameter: 1.0000000000000000
	interaction_length: 1.2000000000000000
	number_of_patches: 3
	number_of_particles_per_compound: 1
	rod_length: 1.0000000000000000
	interaction_matrix:  1.000000 1.000000 1.000000 1.000000 1.000000 1.000000 1.000000 1.000000 1.000000
	patch_type: symmetric
	patch_width: 8.0000000000000000
	patch_angle: 0.0000000000000000
	angles:  0.000000 0.000000 0.000000
	grand_canonical: 0
	chemical_potential: 0.0000000000000000
box: 9.413179 9.413179
copy: 1.000000 1.000000
epsilon: 0.4642930000000000
end_epsilon: 0.0000000000000000
pressure: 0.5715000000000000
lambda: 0.0000000000000000
lambda_coupling: 1.0000000000000000
uy: 0.0000000000000000
maximum_displacement: 1.0000000000000000
maximum_rotation: 1.0000000000000000
maximum_volume: 1.0000000000000000
maximum_shape: 0.0000001000000000
maximum_dsigma: 0.0100000000000000
mod: 10
pmod: 10
optimize: 1
verbose: 1
snapshot: 0
display: 1
explore: 1
npt: 1
nptxy: 0
nptdxdy: 0
shape: 0
seed: 484695
62.357980128435 90.967278160124 0.866025403784 -0.500000000000
-65.387414875921 -2.358411472120 0.000000000000 1.000000000000
-48.365562241755 87.818063923291 0.866025403784 0.500000000000
34.098226799596 8.148916257665 0.866025403784 0.500000000000
55.496324367939 141.787335290364 0.866025403784 0.500000000000
50.847656775270 -30.860842342599 0.866025403784 0.500000000000
84.249656880332 -61.887387085005 0.866025403784 0.500000000000
28.769353006689 -60.824157071118 0.000000000000 1.000000000000
60.518938987114 9.378939761437 0.866025403784 0.500000000000
56.769788565328 31.056921253604 0.866025403784 0.500000000000
128.743769142921 57.506893087861 0.866025403784 -0.500000000000
2.262783563996 99.480868829401 0.866025403784 -0.500000000000
-48.154014996883 114.820491405885 0.000000000000 1.000000000000
107.196718026768 -34.347767397450 0.866025403784 0.500000000000
-3.169188695403 -37.622069381775 0.866025403784 0.500000000000
122.569838019183 46.525897028952 0.866025403784 0.500000000000
-14.768595218720 55.239395567807 0.866025403784 0.500000000000
65.420742618311 121.082678781510 0.000000000000 1.000000000000
-70.347446356510 29.383503806463 0.866025403784 0.500000000000
-2.396136937785 -44.461445452708 0.866025403784 -0.500000000000
