#Configurational_file created 2018-09-14 11:14:05  started 2018-09-14 11:14:04 run for 1.0s steps 0
name: p_421
step: 10000
specie: 20
	particle_diameter: 1.0000000000000000
	interaction_length: 1.2000000000000000
	number_of_patches: 3
	number_of_particles_per_compound: 1
	rod_length: 1.0000000000000000
	interaction_matrix:  1.000000 1.000000 1.000000 1.000000 1.000000 1.000000 1.000000 1.000000 1.000000
	patch_type: symmetric
	patch_width: 8.0000000000000000
	patch_angle: 0.0000000000000000
	angles:  0.000000 0.000000 0.000000
	grand_canonical: 0
	chemical_potential: 0.0000000000000000
box: 48.070614 48.070614
copy: 1.000000 1.000000
epsilon: 0.4642930000000000
end_epsilon: 0.0000000000000000
pressure: 0.0001000000000000
lambda: 0.0000000000000000
lambda_coupling: 1.0000000000000000
uy: 0.0000000000000000
maximum_displacement: 1.0000000000000000
maximum_rotation: 1.0000000000000000
maximum_volume: 1.0000000000000000
maximum_shape: 0.0000001000000000
maximum_dsigma: 0.0100000000000000
mod: 10
pmod: 10
optimize: 1
verbose: 1
snapshot: 0
display: 1
explore: 1
npt: 1
nptxy: 0
nptdxdy: 0
shape: 0
seed: 480147
33.438873292538 126.411083238791 0.000000000000 1.000000000000
-61.760170554764 -102.818450763255 0.866025403784 0.500000000000
6.883565617437 57.293619800864 0.000000000000 1.000000000000
-53.437118399031 67.162175410552 0.000000000000 1.000000000000
-57.800566493871 57.281712683886 0.866025403784 -0.500000000000
328.875349010349 -18.163135813125 0.866025403784 -0.500000000000
266.930905328902 -69.719945819097 0.866025403784 0.500000000000
155.159733782811 295.326441138837 0.866025403784 -0.500000000000
174.314196864275 -55.354900730652 0.866025403784 -0.500000000000
91.357791944062 70.786184361460 0.866025403784 -0.500000000000
210.100468450696 107.055910975729 0.866025403784 -0.500000000000
-218.373142519833 108.640670548807 0.866025403784 0.500000000000
146.461879418896 220.764054483885 0.866025403784 0.500000000000
-502.502609784695 88.788958985480 0.000000000000 1.000000000000
89.795616064376 118.069607154029 0.000000000000 1.000000000000
111.439803412252 -26.997785740821 0.866025403784 -0.500000000000
182.809579056502 133.449089275391 0.000000000000 1.000000000000
36.016765426772 -114.982531679430 0.866025403784 0.500000000000
-202.689722880931 -137.292378436197 0.000000000000 1.000000000000
199.119145865156 -36.903303682947 0.866025403784 0.500000000000
