#Configurational_file created 2018-09-14 11:14:07  started 2018-09-14 11:14:06 run for 1.0s steps 0
name: p_424
step: 10000
specie: 20
	particle_diameter: 1.0000000000000000
	interaction_length: 1.2000000000000000
	number_of_patches: 3
	number_of_particles_per_compound: 1
	rod_length: 1.0000000000000000
	interaction_matrix:  1.000000 1.000000 1.000000 1.000000 1.000000 1.000000 1.000000 1.000000 1.000000
	patch_type: symmetric
	patch_width: 8.0000000000000000
	patch_angle: 0.0000000000000000
	angles:  0.000000 0.000000 0.000000
	grand_canonical: 0
	chemical_potential: 0.0000000000000000
box: 11.235056 11.235056
copy: 1.000000 1.000000
epsilon: 0.4642930000000000
end_epsilon: 0.0000000000000000
pressure: 0.4286500000000000
lambda: 0.0000000000000000
lambda_coupling: 1.0000000000000000
uy: 0.0000000000000000
maximum_displacement: 1.0000000000000000
maximum_rotation: 1.0000000000000000
maximum_volume: 1.0000000000000000
maximum_shape: 0.0000001000000000
maximum_dsigma: 0.0100000000000000
mod: 10
pmod: 10
optimize: 1
verbose: 1
snapshot: 0
display: 1
explore: 1
npt: 1
nptxy: 0
nptdxdy: 0
shape: 0
seed: 483558
12.835245919711 19.165038436676 0.866025403784 0.500000000000
43.081715168366 4.732658327906 0.866025403784 0.500000000000
-162.182567354308 73.815693931448 0.000000000000 1.000000000000
-122.770765308443 42.489322554362 0.866025403784 0.500000000000
58.205060702529 116.059646133865 0.866025403784 0.500000000000
9.961799905402 -35.043233575791 0.866025403784 -0.500000000000
-92.282232789780 -66.358126916026 0.000000000000 1.000000000000
-57.854139238442 58.855460257345 0.000000000000 1.000000000000
-3.362781701483 61.755923091607 0.866025403784 0.500000000000
21.666538457001 31.197277801050 0.866025403784 -0.500000000000
14.791221217406 -20.635615845365 0.000000000000 1.000000000000
-138.000399905632 -33.152050607412 0.866025403784 0.500000000000
162.693545314108 -50.323330104614 0.866025403784 -0.500000000000
17.938336998221 -88.037960911823 0.866025403784 0.500000000000
38.453265009971 -100.272046495978 0.866025403784 0.500000000000
-4.427930153321 87.205092324033 0.000000000000 1.000000000000
-124.007600988126 172.648873373614 0.866025403784 -0.500000000000
1.900095969606 79.452011432983 0.866025403784 0.500000000000
-76.537197632329 -75.780388954501 0.000000000000 1.000000000000
-44.712846995990 40.606132022993 0.866025403784 0.500000000000
