#Configurational_file created 2018-09-14 11:14:09  started 2018-09-14 11:14:09 run for 0.0s steps 0
name: p_427
step: 10000
specie: 20
	particle_diameter: 1.0000000000000000
	interaction_length: 1.2000000000000000
	number_of_patches: 3
	number_of_particles_per_compound: 1
	rod_length: 1.0000000000000000
	interaction_matrix:  1.000000 1.000000 1.000000 1.000000 1.000000 1.000000 1.000000 1.000000 1.000000
	patch_type: symmetric
	patch_width: 8.0000000000000000
	patch_angle: 0.0000000000000000
	angles:  0.000000 0.000000 0.000000
	grand_canonical: 0
	chemical_potential: 0.0000000000000000
box: 8.061176 8.061176
copy: 1.000000 1.000000
epsilon: 0.4642930000000000
end_epsilon: 0.0000000000000000
pressure: 0.8572000000000000
lambda: 0.0000000000000000
lambda_coupling: 1.0000000000000000
uy: 0.0000000000000000
maximum_displacement: 1.0000000000000000
maximum_rotation: 1.0000000000000000
maximum_volume: 0.9884160000000001
maximum_shape: 0.0000001000000000
maximum_dsigma: 0.0100000000000000
mod: 10
pmod: 10
optimize: 1
verbose: 1
snapshot: 0
display: 1
explore: 1
npt: 1
nptxy: 0
nptdxdy: 0
shape: 0
seed: 486969
-43.794662669939 19.843831541326 0.866025403784 -0.500000000000
-3.425080370715 -38.704902543326 0.866025403784 0.500000000000
1.829953939477 48.461559342303 0.000000000000 1.000000000000
0.698176560598 -0.691085437519 0.866025403784 -0.500000000000
-6.403055687889 38.571784095509 0.866025403784 0.500000000000
-106.102968733900 -41.684307235467 0.866025403784 -0.500000000000
-7.376228058425 -23.581769590495 0.866025403784 -0.500000000000
34.367640525125 -182.078806622657 0.866025403784 0.500000000000
22.912169986753 52.324607885814 0.866025403784 -0.500000000000
-5.223606709970 125.710235692386 0.866025403784 0.500000000000
24.956943446745 -53.522557645196 0.000000000000 1.000000000000
-71.159976192457 68.950771853373 0.866025403784 -0.500000000000
147.866461658495 -31.992829805970 0.866025403784 -0.500000000000
62.447456431657 13.884905450735 0.866025403784 -0.500000000000
-104.777793767555 35.118639462305 0.866025403784 -0.500000000000
32.485345278083 85.430433502115 0.866025403784 0.500000000000
27.794609558637 30.835609616054 0.866025403784 0.500000000000
61.027533203871 -29.238998031698 0.000000000000 1.000000000000
-32.893161943582 65.066199225727 0.866025403784 0.500000000000
3.458727830319 35.590764614447 0.866025403784 0.500000000000
