#Configurational_file created 2018-09-14 11:14:09  started 2018-09-14 11:14:08 run for 1.0s steps 0
name: p_426
step: 10000
specie: 20
	particle_diameter: 1.0000000000000000
	interaction_length: 1.2000000000000000
	number_of_patches: 3
	number_of_particles_per_compound: 1
	rod_length: 1.0000000000000000
	interaction_matrix:  1.000000 1.000000 1.000000 1.000000 1.000000 1.000000 1.000000 1.000000 1.000000
	patch_type: symmetric
	patch_width: 8.0000000000000000
	patch_angle: 0.0000000000000000
	angles:  0.000000 0.000000 0.000000
	grand_canonical: 0
	chemical_potential: 0.0000000000000000
box: 8.783766 8.783766
copy: 1.000000 1.000000
epsilon: 0.4642930000000000
end_epsilon: 0.0000000000000000
pressure: 0.7143500000000000
lambda: 0.0000000000000000
lambda_coupling: 1.0000000000000000
uy: 0.0000000000000000
maximum_displacement: 1.0000000000000000
maximum_rotation: 1.0000000000000000
maximum_volume: 1.0000000000000000
maximum_shape: 0.0000001000000000
maximum_dsigma: 0.0100000000000000
mod: 10
pmod: 10
optimize: 1
verbose: 1
snapshot: 0
display: 1
explore: 1
npt: 1
nptxy: 0
nptdxdy: 0
shape: 0
seed: 485832
-138.353917855539 56.956420287111 0.866025403784 0.500000000000
83.488540582276 92.774278756753 0.866025403784 -0.500000000000
-1.671638232962 43.791422294599 0.000000000000 1.000000000000
-10.933447157916 -25.427014120721 0.866025403784 -0.500000000000
54.226300410191 -156.663156544441 0.866025403784 0.500000000000
13.781331514021 -39.982635071531 0.000000000000 1.000000000000
-54.182580879451 -195.409897810682 0.000000000000 1.000000000000
134.417808739060 -42.526404643299 0.866025403784 0.500000000000
84.068965690634 106.651970759386 0.866025403784 -0.500000000000
-33.717261172499 178.961678639328 0.000000000000 1.000000000000
64.729723909564 -31.686699229002 0.866025403784 -0.500000000000
-4.648509643978 -132.085745822432 0.866025403784 -0.500000000000
27.276579332427 -29.940792871752 0.866025403784 0.500000000000
192.509636347372 -34.108419249203 0.866025403784 -0.500000000000
63.052781634203 26.067635900803 0.866025403784 -0.500000000000
245.751701995584 -0.997212865228 0.866025403784 -0.500000000000
-77.107638842222 -80.359256119584 0.866025403784 0.500000000000
-3.080328794997 -98.716560339598 0.000000000000 1.000000000000
11.917454816766 129.100456736350 0.866025403784 0.500000000000
42.599973542006 -30.029427984373 0.866025403784 0.500000000000
