#Configurational_file created 2018-09-14 11:14:18  started 2018-09-14 11:14:17 run for 1.0s steps 0
name: p_436
step: 10000
specie: 20
	particle_diameter: 1.0000000000000000
	interaction_length: 1.2000000000000000
	number_of_patches: 3
	number_of_particles_per_compound: 1
	rod_length: 1.0000000000000000
	interaction_matrix:  1.000000 1.000000 1.000000 1.000000 1.000000 1.000000 1.000000 1.000000 1.000000
	patch_type: symmetric
	patch_width: 8.0000000000000000
	patch_angle: 0.0000000000000000
	angles:  0.000000 0.000000 0.000000
	grand_canonical: 0
	chemical_potential: 0.0000000000000000
box: 44.763574 44.763574
copy: 1.000000 1.000000
epsilon: 0.5000000000000000
end_epsilon: 0.0000000000000000
pressure: 0.0001000000000000
lambda: 0.0000000000000000
lambda_coupling: 1.0000000000000000
uy: 0.0000000000000000
maximum_displacement: 1.0000000000000000
maximum_rotation: 1.0000000000000000
maximum_volume: 1.0000000000000000
maximum_shape: 0.0000001000000000
maximum_dsigma: 0.0100000000000000
mod: 10
pmod: 10
optimize: 1
verbose: 1
snapshot: 0
display: 1
explore: 1
npt: 1
nptxy: 0
nptdxdy: 0
shape: 0
seed: 497202
197.512627288852 25.864827370143 0.866025403784 0.500000000000
-132.725752194587 194.512973274863 0.000000000000 1.000000000000
-25.028595735530 -17.132437092697 0.866025403784 0.500000000000
147.793287449683 -155.604392741456 0.000000000000 1.000000000000
449.046624469731 -126.423255990208 0.866025403784 -0.500000000000
-127.942342360697 -98.828088795745 0.866025403784 0.500000000000
-293.376223359017 40.147574208040 0.866025403784 0.500000000000
-87.118957765326 -58.478640140940 0.000000000000 1.000000000000
123.491186719310 -26.297182670367 0.000000000000 1.000000000000
110.088105548975 -165.143458635070 0.866025403784 -0.500000000000
217.381850243129 -160.292703146440 0.000000000000 1.000000000000
-44.326529769602 -5.123715641797 0.000000000000 1.000000000000
182.078523378654 -124.428569612102 0.866025403784 -0.500000000000
-236.941127322323 -73.751843517314 0.866025403784 0.500000000000
246.098364059420 -168.979227284846 0.866025403784 -0.500000000000
13.252120303710 -53.160802513742 0.000000000000 1.000000000000
117.540381657046 201.888061159744 0.000000000000 1.000000000000
-91.044880171085 277.031742783769 0.866025403784 0.500000000000
43.040621979200 -192.355194717501 0.866025403784 -0.500000000000
32.032392723975 192.592010972794 0.866025403784 -0.500000000000
