#Configurational_file created 2018-09-14 11:14:15  started 2018-09-14 11:14:14 run for 1.0s steps 0
name: p_433
step: 10000
specie: 20
	particle_diameter: 1.0000000000000000
	interaction_length: 1.2000000000000000
	number_of_patches: 3
	number_of_particles_per_compound: 1
	rod_length: 1.0000000000000000
	interaction_matrix:  1.000000 1.000000 1.000000 1.000000 1.000000 1.000000 1.000000 1.000000 1.000000
	patch_type: symmetric
	patch_width: 8.0000000000000000
	patch_angle: 0.0000000000000000
	angles:  0.000000 0.000000 0.000000
	grand_canonical: 0
	chemical_potential: 0.0000000000000000
box: 7.038691 7.038691
copy: 1.000000 1.000000
epsilon: 0.4642930000000000
end_epsilon: 0.0000000000000000
pressure: 1.7142999999999999
lambda: 0.0000000000000000
lambda_coupling: 1.0000000000000000
uy: 0.0000000000000000
maximum_displacement: 1.0000000000000000
maximum_rotation: 1.0000000000000000
maximum_volume: 0.3471447848053881
maximum_shape: 0.0000001000000000
maximum_dsigma: 0.0100000000000000
mod: 10
pmod: 10
optimize: 1
verbose: 1
snapshot: 0
display: 1
explore: 1
npt: 1
nptxy: 0
nptdxdy: 0
shape: 0
seed: 493791
27.726178915309 -81.885729449841 0.866025403784 0.500000000000
-94.109187376597 -60.265497482060 0.866025403784 0.500000000000
19.921258877243 29.110440828951 0.866025403784 0.500000000000
-27.937074137178 36.487683454096 0.866025403784 -0.500000000000
-6.464440586813 -23.105760528123 0.866025403784 -0.500000000000
-58.012059968085 110.244416687465 0.866025403784 -0.500000000000
-89.415825371908 39.173389981309 0.866025403784 -0.500000000000
66.081619453886 52.118128277958 0.000000000000 1.000000000000
33.136685027702 10.588654130152 0.866025403784 -0.500000000000
-80.688884436158 -30.690676792096 0.866025403784 -0.500000000000
-6.524623002909 -58.546293658002 0.000000000000 1.000000000000
-95.429009985690 27.826489458677 0.000000000000 1.000000000000
147.003365025559 6.148599407003 0.000000000000 1.000000000000
-95.859756403376 33.540668922283 0.866025403784 -0.500000000000
8.581038424725 65.428803529148 0.866025403784 0.500000000000
-114.726357992959 -56.522358351061 0.866025403784 0.500000000000
48.944340474794 -73.571079497630 0.866025403784 -0.500000000000
-61.417416547443 28.642819289360 0.000000000000 1.000000000000
-156.589291781483 -17.793859445414 0.000000000000 1.000000000000
-83.700994829405 -12.956883799246 0.000000000000 1.000000000000
