#Configurational_file created 2018-09-14 11:14:12  started 2018-09-14 11:14:11 run for 1.0s steps 0
name: p_430
step: 10000
specie: 20
	particle_diameter: 1.0000000000000000
	interaction_length: 1.2000000000000000
	number_of_patches: 3
	number_of_particles_per_compound: 1
	rod_length: 1.0000000000000000
	interaction_matrix:  1.000000 1.000000 1.000000 1.000000 1.000000 1.000000 1.000000 1.000000 1.000000
	patch_type: symmetric
	patch_width: 8.0000000000000000
	patch_angle: 0.0000000000000000
	angles:  0.000000 0.000000 0.000000
	grand_canonical: 0
	chemical_potential: 0.0000000000000000
box: 7.696378 7.696378
copy: 1.000000 1.000000
epsilon: 0.4642930000000000
end_epsilon: 0.0000000000000000
pressure: 1.2857499999999999
lambda: 0.0000000000000000
lambda_coupling: 1.0000000000000000
uy: 0.0000000000000000
maximum_displacement: 1.0000000000000000
maximum_rotation: 1.0000000000000000
maximum_volume: 0.5680261401905239
maximum_shape: 0.0000001000000000
maximum_dsigma: 0.0100000000000000
mod: 10
pmod: 10
optimize: 1
verbose: 1
snapshot: 0
display: 1
explore: 1
npt: 1
nptxy: 0
nptdxdy: 0
shape: 0
seed: 490380
-40.040340528857 -30.252349036904 0.866025403784 0.500000000000
54.002895039653 9.908106162853 0.000000000000 1.000000000000
39.578211535153 -80.544106246522 0.000000000000 1.000000000000
73.544727390339 -55.944640355378 0.866025403784 0.500000000000
-140.304704877707 -40.348809467589 0.866025403784 0.500000000000
-24.212301363096 34.993105735408 0.866025403784 0.500000000000
111.234203149624 12.041718397751 0.000000000000 1.000000000000
-17.582662459582 25.173547648491 0.000000000000 1.000000000000
-1.153061462245 -40.537751750553 0.000000000000 1.000000000000
116.520436083791 5.278978619040 0.866025403784 0.500000000000
91.036748372625 64.309253527557 0.866025403784 0.500000000000
40.793832178016 -82.773996599817 0.866025403784 0.500000000000
43.368814669844 39.344841247140 0.866025403784 0.500000000000
20.913195712510 53.245850204495 0.866025403784 0.500000000000
70.567106644915 41.319227737291 0.866025403784 0.500000000000
80.490887547246 79.410386443843 0.000000000000 1.000000000000
-37.258010541640 -31.499654082911 0.866025403784 0.500000000000
3.746272948008 77.034568687491 0.866025403784 0.500000000000
64.285700502502 -62.640563914688 0.866025403784 0.500000000000
110.655376470078 33.909646197332 0.866025403784 0.500000000000
