#Configurational_file created 2018-09-14 11:14:19  started 2018-09-14 11:14:19 run for 0.0s steps 0
name: p_438
step: 10000
specie: 20
	particle_diameter: 1.0000000000000000
	interaction_length: 1.2000000000000000
	number_of_patches: 3
	number_of_particles_per_compound: 1
	rod_length: 1.0000000000000000
	interaction_matrix:  1.000000 1.000000 1.000000 1.000000 1.000000 1.000000 1.000000 1.000000 1.000000
	patch_type: symmetric
	patch_width: 8.0000000000000000
	patch_angle: 0.0000000000000000
	angles:  0.000000 0.000000 0.000000
	grand_canonical: 0
	chemical_potential: 0.0000000000000000
box: 15.155606 15.155606
copy: 1.000000 1.000000
epsilon: 0.5000000000000000
end_epsilon: 0.0000000000000000
pressure: 0.2858000000000000
lambda: 0.0000000000000000
lambda_coupling: 1.0000000000000000
uy: 0.0000000000000000
maximum_displacement: 1.0000000000000000
maximum_rotation: 1.0000000000000000
maximum_volume: 1.0000000000000000
maximum_shape: 0.0000001000000000
maximum_dsigma: 0.0100000000000000
mod: 10
pmod: 10
optimize: 1
verbose: 1
snapshot: 0
display: 1
explore: 1
npt: 1
nptxy: 0
nptdxdy: 0
shape: 0
seed: 499476
-54.884838421731 -100.341186560622 0.866025403784 -0.500000000000
178.390120900370 -75.769074415348 0.000000000000 1.000000000000
-58.191653249307 160.932441586743 0.866025403784 0.500000000000
113.579894617722 71.810599490709 0.866025403784 -0.500000000000
16.270823086523 -10.259415597884 0.866025403784 0.500000000000
40.924158722278 -229.028068785540 0.000000000000 1.000000000000
-20.579004507757 -86.234355617300 0.866025403784 -0.500000000000
6.598897383281 59.912257705072 0.866025403784 0.500000000000
78.479047194735 50.250021662597 0.866025403784 -0.500000000000
-59.420398029523 -26.161300941768 0.000000000000 1.000000000000
-107.310952932745 -104.652636560671 0.866025403784 0.500000000000
241.669533418497 -172.777210584632 0.866025403784 -0.500000000000
-19.546332378708 56.542382278987 0.866025403784 -0.500000000000
39.653718514446 -188.033271084012 0.000000000000 1.000000000000
-78.523971338485 145.800651372403 0.866025403784 -0.500000000000
-40.673196983909 40.951215450657 0.866025403784 -0.500000000000
-90.427079085621 1.044471655418 0.866025403784 -0.500000000000
-140.201389583271 47.715784124319 0.000000000000 1.000000000000
150.688549994106 -133.577351589032 0.866025403784 0.500000000000
166.949438405998 -154.364217152973 0.866025403784 0.500000000000
