#Configurational_file created 2018-09-14 11:14:20  started 2018-09-14 11:14:19 run for 1.0s steps 0
name: p_439
step: 10000
specie: 20
	particle_diameter: 1.0000000000000000
	interaction_length: 1.2000000000000000
	number_of_patches: 3
	number_of_particles_per_compound: 1
	rod_length: 1.0000000000000000
	interaction_matrix:  1.000000 1.000000 1.000000 1.000000 1.000000 1.000000 1.000000 1.000000 1.000000
	patch_type: symmetric
	patch_width: 8.0000000000000000
	patch_angle: 0.0000000000000000
	angles:  0.000000 0.000000 0.000000
	grand_canonical: 0
	chemical_potential: 0.0000000000000000
box: 9.515880 9.515880
copy: 1.000000 1.000000
epsilon: 0.5000000000000000
end_epsilon: 0.0000000000000000
pressure: 0.4286500000000000
lambda: 0.0000000000000000
lambda_coupling: 1.0000000000000000
uy: 0.0000000000000000
maximum_displacement: 1.0000000000000000
maximum_rotation: 1.0000000000000000
maximum_volume: 1.0000000000000000
maximum_shape: 0.0000001000000000
maximum_dsigma: 0.0100000000000000
mod: 10
pmod: 10
optimize: 1
verbose: 1
snapshot: 0
display: 1
explore: 1
npt: 1
nptxy: 0
nptdxdy: 0
shape: 0
seed: 500613
-16.326533609228 -41.186621524554 0.000000000000 1.000000000000
-52.059045246335 -59.384106034567 0.866025403784 -0.500000000000
-83.714773900316 46.979357190369 0.866025403784 0.500000000000
-57.757685548531 108.808539239438 0.000000000000 1.000000000000
-43.239302295981 -48.875631811794 0.866025403784 -0.500000000000
66.020197094157 -59.656388327753 0.866025403784 0.500000000000
-86.052765833349 21.802831273425 0.000000000000 1.000000000000
1.814250682697 -91.281246508566 0.866025403784 0.500000000000
-24.078776522606 76.610961345261 0.000000000000 1.000000000000
-40.698619162613 35.993269617663 0.866025403784 0.500000000000
16.939586402575 32.949578690289 0.000000000000 1.000000000000
-64.329624134342 -94.453421215714 0.000000000000 1.000000000000
-9.735765000477 -170.003351242241 0.866025403784 0.500000000000
38.898767826589 51.820408208107 0.866025403784 0.500000000000
24.608017358017 52.547168624595 0.866025403784 -0.500000000000
25.892589961935 28.427648187505 0.866025403784 0.500000000000
64.421613842856 -88.781615419774 0.866025403784 0.500000000000
78.977731904419 42.521602876067 0.000000000000 1.000000000000
-52.713447185830 -139.125374805253 0.866025403784 -0.500000000000
-21.369730324841 -26.944250652008 0.866025403784 0.500000000000
