#Configurational_file created 2018-09-14 11:14:16  started 2018-09-14 11:14:15 run for 1.0s steps 0
name: p_434
step: 10000
specie: 20
	particle_diameter: 1.0000000000000000
	interaction_length: 1.2000000000000000
	number_of_patches: 3
	number_of_particles_per_compound: 1
	rod_length: 1.0000000000000000
	interaction_matrix:  1.000000 1.000000 1.000000 1.000000 1.000000 1.000000 1.000000 1.000000 1.000000
	patch_type: symmetric
	patch_width: 8.0000000000000000
	patch_angle: 0.0000000000000000
	angles:  0.000000 0.000000 0.000000
	grand_canonical: 0
	chemical_potential: 0.0000000000000000
box: 7.374533 7.374533
copy: 1.000000 1.000000
epsilon: 0.4642930000000000
end_epsilon: 0.0000000000000000
pressure: 1.8571500000000001
lambda: 0.0000000000000000
lambda_coupling: 1.0000000000000000
uy: 0.0000000000000000
maximum_displacement: 1.0000000000000000
maximum_rotation: 1.0000000000000000
maximum_volume: 0.3163170826403014
maximum_shape: 0.0000001000000000
maximum_dsigma: 0.0100000000000000
mod: 10
pmod: 10
optimize: 1
verbose: 1
snapshot: 0
display: 1
explore: 1
npt: 1
nptxy: 0
nptdxdy: 0
shape: 0
seed: 494928
21.387459106909 24.060688440943 0.866025403784 -0.500000000000
120.055567697531 21.018415085543 0.866025403784 -0.500000000000
12.892889150890 59.994300717879 0.866025403784 -0.500000000000
-35.186518057994 38.041075834713 0.000000000000 1.000000000000
3.092683724877 -0.955289216580 0.866025403784 0.500000000000
10.598761749587 -38.421053895103 0.000000000000 1.000000000000
60.048515921722 147.121385942999 0.866025403784 -0.500000000000
52.880962358628 11.652401301946 0.866025403784 -0.500000000000
-43.203148974830 -6.220939098956 0.866025403784 0.500000000000
6.859119970637 16.188278378801 0.000000000000 1.000000000000
72.230426794573 32.227785006021 0.866025403784 -0.500000000000
107.060255028602 -4.161190723792 0.866025403784 0.500000000000
-10.427847877339 -34.110441748959 0.000000000000 1.000000000000
-55.145777435039 100.580384493901 0.000000000000 1.000000000000
20.273666845647 19.161152865027 0.866025403784 0.500000000000
28.727101007006 -54.847607516435 0.866025403784 -0.500000000000
40.723126661274 16.090084387876 0.866025403784 0.500000000000
-0.269689683266 -36.715629929628 0.866025403784 0.500000000000
-9.952612903440 6.760080934492 0.866025403784 0.500000000000
-44.203408944012 99.998432018200 0.000000000000 1.000000000000
