#Configurational_file created 2018-09-14 11:14:19  started 2018-09-14 11:14:18 run for 1.0s steps 0
name: p_437
step: 10000
specie: 20
	particle_diameter: 1.0000000000000000
	interaction_length: 1.2000000000000000
	number_of_patches: 3
	number_of_particles_per_compound: 1
	rod_length: 1.0000000000000000
	interaction_matrix:  1.000000 1.000000 1.000000 1.000000 1.000000 1.000000 1.000000 1.000000 1.000000
	patch_type: symmetric
	patch_width: 8.0000000000000000
	patch_angle: 0.0000000000000000
	angles:  0.000000 0.000000 0.000000
	grand_canonical: 0
	chemical_potential: 0.0000000000000000
box: 18.619457 18.619457
copy: 1.000000 1.000000
epsilon: 0.5000000000000000
end_epsilon: 0.0000000000000000
pressure: 0.1429500000000000
lambda: 0.0000000000000000
lambda_coupling: 1.0000000000000000
uy: 0.0000000000000000
maximum_displacement: 1.0000000000000000
maximum_rotation: 1.0000000000000000
maximum_volume: 1.0000000000000000
maximum_shape: 0.0000001000000000
maximum_dsigma: 0.0100000000000000
mod: 10
pmod: 10
optimize: 1
verbose: 1
snapshot: 0
display: 1
explore: 1
npt: 1
nptxy: 0
nptdxdy: 0
shape: 0
seed: 498339
177.171542134637 -18.979620984211 0.866025403784 0.500000000000
47.930374648322 4.854701869299 0.866025403784 0.500000000000
-37.707818352792 166.039474776968 0.866025403784 -0.500000000000
62.567991999075 -149.541364212980 0.000000000000 1.000000000000
-8.428237050409 3.652997665359 0.866025403784 0.500000000000
105.317068916512 144.206742172314 0.866025403784 0.500000000000
-78.211663703012 128.175904631524 0.866025403784 0.500000000000
141.288428667969 36.771721645913 0.000000000000 1.000000000000
-17.517865463659 106.971923370929 0.866025403784 0.500000000000
-142.063007557468 13.726673683973 0.000000000000 1.000000000000
107.621536903903 -91.678919254390 0.000000000000 1.000000000000
-5.915655311410 54.594091549917 0.000000000000 1.000000000000
-34.969253437556 177.532447119316 0.866025403784 0.500000000000
-65.480571186348 95.057998118799 0.866025403784 -0.500000000000
48.946989998249 -34.583219824620 0.866025403784 0.500000000000
-81.514102494877 -28.188195397062 0.866025403784 -0.500000000000
-28.771931206261 11.028325595071 0.000000000000 1.000000000000
-30.633745638881 66.112376334302 0.866025403784 0.500000000000
223.760762066523 -0.430589045698 0.866025403784 -0.500000000000
18.019970447646 -195.445196383907 0.866025403784 0.500000000000
