#Configurational_file created 2018-09-14 11:14:14  started 2018-09-14 11:14:13 run for 1.0s steps 0
name: p_432
step: 10000
specie: 20
	particle_diameter: 1.0000000000000000
	interaction_length: 1.2000000000000000
	number_of_patches: 3
	number_of_particles_per_compound: 1
	rod_length: 1.0000000000000000
	interaction_matrix:  1.000000 1.000000 1.000000 1.000000 1.000000 1.000000 1.000000 1.000000 1.000000
	patch_type: symmetric
	patch_width: 8.0000000000000000
	patch_angle: 0.0000000000000000
	angles:  0.000000 0.000000 0.000000
	grand_canonical: 0
	chemical_potential: 0.0000000000000000
box: 7.354573 7.354573
copy: 1.000000 1.000000
epsilon: 0.4642930000000000
end_epsilon: 0.0000000000000000
pressure: 1.5714500000000000
lambda: 0.0000000000000000
lambda_coupling: 1.0000000000000000
uy: 0.0000000000000000
maximum_displacement: 1.0000000000000000
maximum_rotation: 1.0000000000000000
maximum_volume: 0.4347976493233403
maximum_shape: 0.0000001000000000
maximum_dsigma: 0.0100000000000000
mod: 10
pmod: 10
optimize: 1
verbose: 1
snapshot: 0
display: 1
explore: 1
npt: 1
nptxy: 0
nptdxdy: 0
shape: 0
seed: 492654
58.024429082491 -117.864330133127 0.866025403784 0.500000000000
-31.291695767619 -0.575588965761 0.866025403784 -0.500000000000
-75.790901640686 20.531122526266 0.866025403784 -0.500000000000
-5.973713466502 -1.833027436206 0.866025403784 -0.500000000000
51.952459344426 27.599762668495 0.866025403784 0.500000000000
-97.922721754611 17.496719079263 0.866025403784 0.500000000000
-32.226375217618 148.505945065710 0.866025403784 -0.500000000000
-52.713072580288 24.904131565555 0.866025403784 -0.500000000000
-42.716816958125 54.564618989040 0.866025403784 -0.500000000000
-72.503729231208 -103.352326529006 0.866025403784 0.500000000000
62.874002168358 -11.184565834590 0.866025403784 -0.500000000000
-57.917941565541 -20.642831597068 0.866025403784 0.500000000000
75.356003281357 69.176867548589 0.000000000000 1.000000000000
28.498160529609 16.845106695949 0.000000000000 1.000000000000
-30.979187235139 20.718215317256 0.000000000000 1.000000000000
37.169319643655 54.778236004253 0.866025403784 -0.500000000000
31.715005582998 -29.603354798309 0.000000000000 1.000000000000
-47.836846335991 -44.679315971831 0.000000000000 1.000000000000
17.735633757401 -47.478216616299 0.866025403784 -0.500000000000
28.202672694436 41.260660303685 0.000000000000 1.000000000000
