#Configurational_file created 2018-09-14 11:14:17  started 2018-09-14 11:14:16 run for 1.0s steps 0
name: p_435
step: 10000
specie: 20
	particle_diameter: 1.0000000000000000
	interaction_length: 1.2000000000000000
	number_of_patches: 3
	number_of_particles_per_compound: 1
	rod_length: 1.0000000000000000
	interaction_matrix:  1.000000 1.000000 1.000000 1.000000 1.000000 1.000000 1.000000 1.000000 1.000000
	patch_type: symmetric
	patch_width: 8.0000000000000000
	patch_angle: 0.0000000000000000
	angles:  0.000000 0.000000 0.000000
	grand_canonical: 0
	chemical_potential: 0.0000000000000000
box: 7.367130 7.367130
copy: 1.000000 1.000000
epsilon: 0.4642930000000000
end_epsilon: 0.0000000000000000
pressure: 2.0000000000000000
lambda: 0.0000000000000000
lambda_coupling: 1.0000000000000000
uy: 0.0000000000000000
maximum_displacement: 1.0000000000000000
maximum_rotation: 1.0000000000000000
maximum_volume: 0.3761776022984659
maximum_shape: 0.0000001000000000
maximum_dsigma: 0.0100000000000000
mod: 10
pmod: 10
optimize: 1
verbose: 1
snapshot: 0
display: 1
explore: 1
npt: 1
nptxy: 0
nptdxdy: 0
shape: 0
seed: 496065
-22.419651314771 -14.720514682394 0.000000000000 1.000000000000
-132.988139120315 15.027799725433 0.866025403784 -0.500000000000
72.195931081124 21.087063082494 0.866025403784 -0.500000000000
107.706274736908 2.723605764440 0.866025403784 0.500000000000
3.240382151886 34.014395731399 0.866025403784 -0.500000000000
-115.985280268417 65.560571009653 0.866025403784 -0.500000000000
82.374626560098 5.517191021968 0.866025403784 -0.500000000000
8.644456555838 61.616512042381 0.000000000000 1.000000000000
-17.066684040759 -6.385265626331 0.000000000000 1.000000000000
16.912001410923 141.775175733367 0.000000000000 1.000000000000
43.148952446494 5.372280727388 0.866025403784 -0.500000000000
28.487927825487 77.107695187593 0.000000000000 1.000000000000
-58.436343595345 -16.662487678266 0.866025403784 0.500000000000
84.731246299641 -44.406806541337 0.866025403784 -0.500000000000
-2.817468386205 -22.851285340417 0.866025403784 -0.500000000000
-45.830920166130 -32.128957024055 0.000000000000 1.000000000000
-139.054816388779 7.312929687864 0.866025403784 -0.500000000000
36.632750618827 4.701190646006 0.000000000000 1.000000000000
-3.350933651734 -28.171965355688 0.000000000000 1.000000000000
146.497676631259 9.470068738634 0.000000000000 1.000000000000
