#Configurational_file created 2018-09-14 11:14:13  started 2018-09-14 11:14:12 run for 1.0s steps 0
name: p_431
step: 10000
specie: 20
	particle_diameter: 1.0000000000000000
	interaction_length: 1.2000000000000000
	number_of_patches: 3
	number_of_particles_per_compound: 1
	rod_length: 1.0000000000000000
	interaction_matrix:  1.000000 1.000000 1.000000 1.000000 1.000000 1.000000 1.000000 1.000000 1.000000
	patch_type: symmetric
	patch_width: 8.0000000000000000
	patch_angle: 0.0000000000000000
	angles:  0.000000 0.000000 0.000000
	grand_canonical: 0
	chemical_potential: 0.0000000000000000
box: 7.139892 7.139892
copy: 1.000000 1.000000
epsilon: 0.4642930000000000
end_epsilon: 0.0000000000000000
pressure: 1.4286000000000001
lambda: 0.0000000000000000
lambda_coupling: 1.0000000000000000
uy: 0.0000000000000000
maximum_displacement: 1.0000000000000000
maximum_rotation: 1.0000000000000000
maximum_volume: 0.4875798409350489
maximum_shape: 0.0000001000000000
maximum_dsigma: 0.0100000000000000
mod: 10
pmod: 10
optimize: 1
verbose: 1
snapshot: 0
display: 1
explore: 1
npt: 1
nptxy: 0
nptdxdy: 0
shape: 0
seed: 491517
-72.523025589753 1.924571197319 0.866025403784 0.500000000000
11.572399267216 -81.733920030439 0.866025403784 -0.500000000000
23.316330182986 -5.139258748449 0.866025403784 0.500000000000
-35.112501258300 -9.713673343585 0.866025403784 0.500000000000
-21.503574202893 -10.746419446344 0.000000000000 1.000000000000
-87.958444230983 6.845240647436 0.866025403784 -0.500000000000
49.167708957784 -85.569201532917 0.866025403784 0.500000000000
24.925177428225 -28.519780278796 0.000000000000 1.000000000000
79.557962743739 -60.500438920395 0.000000000000 1.000000000000
87.094078550352 49.551975244391 0.866025403784 -0.500000000000
-87.385900497167 4.959977070535 0.866025403784 0.500000000000
-25.543039082122 96.075134862307 0.866025403784 0.500000000000
22.622279599156 -50.914486781002 0.866025403784 0.500000000000
-32.873798125873 21.233861264577 0.866025403784 -0.500000000000
-15.830352752268 25.696470374913 0.000000000000 1.000000000000
3.225880736049 12.777463151921 0.000000000000 1.000000000000
23.148357935457 61.370894247905 0.866025403784 -0.500000000000
83.323477783139 -18.364317159735 0.000000000000 1.000000000000
-93.794391177142 13.182743762217 0.866025403784 0.500000000000
-24.190030505743 -141.236102139101 0.000000000000 1.000000000000
