#Configurational_file created 2018-09-11 17:04:06  started 2018-09-11 17:04:05 run for 1.0s steps 0
name: p_43
step: 10000
specie: 20
	particle_diameter: 1.0000000000000000
	interaction_length: 1.2000000000000000
	number_of_patches: 3
	number_of_particles_per_compound: 1
	rod_length: 1.0000000000000000
	interaction_matrix:  1.000000 1.000000 1.000000 1.000000 1.000000 1.000000 1.000000 1.000000 1.000000
	patch_type: symmetric
	patch_width: 8.0000000000000000
	patch_angle: 0.0000000000000000
	angles:  0.000000 0.000000 0.000000
	grand_canonical: 0
	chemical_potential: 0.0000000000000000
box: 47.204720 47.204720
copy: 1.000000 1.000000
epsilon: 0.0834170000000000
end_epsilon: 0.0000000000000000
pressure: 0.0001000000000000
lambda: 0.0000000000000000
lambda_coupling: 1.0000000000000000
uy: 0.0000000000000000
maximum_displacement: 1.0000000000000000
maximum_rotation: 1.0000000000000000
maximum_volume: 1.0000000000000000
maximum_shape: 0.0000001000000000
maximum_dsigma: 0.0100000000000000
mod: 10
pmod: 10
optimize: 1
verbose: 1
snapshot: 0
display: 1
explore: 1
npt: 1
nptxy: 0
nptdxdy: 0
shape: 0
seed: 51761
143.159065374120 58.787722758446 0.000000000000 1.000000000000
-224.000301060959 -340.629171368838 0.866025403784 0.500000000000
-38.333805610543 -76.687643678707 0.000000000000 1.000000000000
-103.552747221334 18.579054370733 0.866025403784 0.500000000000
-1.281293023661 -9.085199670144 0.000000000000 1.000000000000
178.374314325699 75.913382691784 0.866025403784 0.500000000000
-31.811358569546 303.275491355766 0.866025403784 0.500000000000
-92.971272799112 99.659179759162 0.866025403784 0.500000000000
65.811606250530 144.411719166372 0.866025403784 -0.500000000000
217.560097292961 257.201701402974 0.000000000000 1.000000000000
41.191477088005 -165.150973323812 0.866025403784 -0.500000000000
32.278536322155 -271.116227616212 0.866025403784 -0.500000000000
-168.737944826587 -94.314046478539 0.000000000000 1.000000000000
180.436241541754 27.554981844240 0.866025403784 0.500000000000
7.802513020785 -4.550721433338 0.866025403784 0.500000000000
-60.289391386038 173.282872676418 0.866025403784 0.500000000000
131.634356016657 196.331057043699 0.866025403784 0.500000000000
125.572387242971 289.007340942507 0.000000000000 1.000000000000
97.303685995973 2.686396653062 0.866025403784 -0.500000000000
20.884555263436 81.903209479733 0.866025403784 0.500000000000
