#Configurational_file created 2018-09-14 11:14:29  started 2018-09-14 11:14:28 run for 1.0s steps 0
name: p_449
step: 10000
specie: 20
	particle_diameter: 1.0000000000000000
	interaction_length: 1.2000000000000000
	number_of_patches: 3
	number_of_particles_per_compound: 1
	rod_length: 1.0000000000000000
	interaction_matrix:  1.000000 1.000000 1.000000 1.000000 1.000000 1.000000 1.000000 1.000000 1.000000
	patch_type: symmetric
	patch_width: 8.0000000000000000
	patch_angle: 0.0000000000000000
	angles:  0.000000 0.000000 0.000000
	grand_canonical: 0
	chemical_potential: 0.0000000000000000
box: 7.185494 7.185494
copy: 1.000000 1.000000
epsilon: 0.5000000000000000
end_epsilon: 0.0000000000000000
pressure: 1.8571500000000001
lambda: 0.0000000000000000
lambda_coupling: 1.0000000000000000
uy: 0.0000000000000000
maximum_displacement: 0.8852183650615901
maximum_rotation: 1.0000000000000000
maximum_volume: 0.2163679573097104
maximum_shape: 0.0000001000000000
maximum_dsigma: 0.0100000000000000
mod: 10
pmod: 10
optimize: 1
verbose: 1
snapshot: 0
display: 1
explore: 1
npt: 1
nptxy: 0
nptdxdy: 0
shape: 0
seed: 511983
-104.740368960752 65.001005548026 0.000000000000 1.000000000000
-89.617289315697 -72.606375007584 0.000000000000 1.000000000000
-37.123501274188 97.658086295925 0.866025403784 -0.500000000000
20.259245272198 -18.384874566291 0.866025403784 -0.500000000000
30.742654772393 -16.562500093628 0.866025403784 0.500000000000
81.174724363821 -34.137738157319 0.000000000000 1.000000000000
-15.784679976760 94.458609571711 0.866025403784 -0.500000000000
-57.029263922139 17.042585033042 0.866025403784 -0.500000000000
35.583655782405 14.124264372217 0.866025403784 0.500000000000
-30.279715028617 21.415743619415 0.866025403784 -0.500000000000
8.345017062170 -37.608874423101 0.866025403784 -0.500000000000
49.327493687164 5.890851032670 0.866025403784 0.500000000000
50.199422326543 30.167916104353 0.866025403784 0.500000000000
-60.741289265058 32.930873187847 0.866025403784 0.500000000000
24.401027225062 -25.851315587171 0.000000000000 1.000000000000
-52.295299109942 19.955299861230 0.866025403784 0.500000000000
57.856763518440 11.484772164706 0.866025403784 0.500000000000
37.701886930850 115.495870035263 0.000000000000 1.000000000000
-40.626098511890 32.689125404305 0.000000000000 1.000000000000
3.928505279815 -63.587659492609 0.866025403784 -0.500000000000
