#Configurational_file created 2018-09-14 11:14:23  started 2018-09-14 11:14:22 run for 1.0s steps 0
name: p_442
step: 10000
specie: 20
	particle_diameter: 1.0000000000000000
	interaction_length: 1.2000000000000000
	number_of_patches: 3
	number_of_particles_per_compound: 1
	rod_length: 1.0000000000000000
	interaction_matrix:  1.000000 1.000000 1.000000 1.000000 1.000000 1.000000 1.000000 1.000000 1.000000
	patch_type: symmetric
	patch_width: 8.0000000000000000
	patch_angle: 0.0000000000000000
	angles:  0.000000 0.000000 0.000000
	grand_canonical: 0
	chemical_potential: 0.0000000000000000
box: 8.927225 8.927225
copy: 1.000000 1.000000
epsilon: 0.5000000000000000
end_epsilon: 0.0000000000000000
pressure: 0.8572000000000000
lambda: 0.0000000000000000
lambda_coupling: 1.0000000000000000
uy: 0.0000000000000000
maximum_displacement: 1.0000000000000000
maximum_rotation: 1.0000000000000000
maximum_volume: 0.8886474906476546
maximum_shape: 0.0000001000000000
maximum_dsigma: 0.0100000000000000
mod: 10
pmod: 10
optimize: 1
verbose: 1
snapshot: 0
display: 1
explore: 1
npt: 1
nptxy: 0
nptdxdy: 0
shape: 0
seed: 504024
116.689695611947 17.358924162621 0.866025403784 -0.500000000000
0.983259896765 11.834179672861 0.866025403784 -0.500000000000
-24.029856465131 -29.959312341771 0.866025403784 -0.500000000000
107.915916174396 54.743048253558 0.866025403784 0.500000000000
-8.947254940474 -82.388218939233 0.866025403784 0.500000000000
-179.045107301189 40.487686410778 0.866025403784 0.500000000000
104.853872444602 29.118539243227 0.866025403784 -0.500000000000
115.261370780425 35.138755676152 0.866025403784 0.500000000000
31.747630434906 117.683057106397 0.866025403784 -0.500000000000
90.761914037929 22.090116876017 0.000000000000 1.000000000000
12.489995415006 -122.587547207785 0.866025403784 0.500000000000
87.556894907169 -170.274604225540 0.866025403784 -0.500000000000
56.708846127869 21.653829746997 0.866025403784 -0.500000000000
62.279654231504 38.372711377534 0.866025403784 -0.500000000000
78.150616532871 55.013403083926 0.000000000000 1.000000000000
-16.472948808333 -74.657370119649 0.866025403784 -0.500000000000
29.557886229639 -16.790995261813 0.866025403784 -0.500000000000
138.309408697953 14.485919257124 0.866025403784 -0.500000000000
67.747906621635 70.407737604432 0.866025403784 0.500000000000
-44.156237701886 -90.166689630527 0.000000000000 1.000000000000
