#Configurational_file created 2018-09-14 11:14:22  started 2018-09-14 11:14:21 run for 1.0s steps 0
name: p_441
step: 10000
specie: 20
	particle_diameter: 1.0000000000000000
	interaction_length: 1.2000000000000000
	number_of_patches: 3
	number_of_particles_per_compound: 1
	rod_length: 1.0000000000000000
	interaction_matrix:  1.000000 1.000000 1.000000 1.000000 1.000000 1.000000 1.000000 1.000000 1.000000
	patch_type: symmetric
	patch_width: 8.0000000000000000
	patch_angle: 0.0000000000000000
	angles:  0.000000 0.000000 0.000000
	grand_canonical: 0
	chemical_potential: 0.0000000000000000
box: 9.021243 9.021243
copy: 1.000000 1.000000
epsilon: 0.5000000000000000
end_epsilon: 0.0000000000000000
pressure: 0.7143500000000000
lambda: 0.0000000000000000
lambda_coupling: 1.0000000000000000
uy: 0.0000000000000000
maximum_displacement: 1.0000000000000000
maximum_rotation: 1.0000000000000000
maximum_volume: 1.0000000000000000
maximum_shape: 0.0000001000000000
maximum_dsigma: 0.0100000000000000
mod: 10
pmod: 10
optimize: 1
verbose: 1
snapshot: 0
display: 1
explore: 1
npt: 1
nptxy: 0
nptdxdy: 0
shape: 0
seed: 502887
-36.333571319464 41.703011971471 0.866025403784 0.500000000000
141.394511818701 74.543290200714 0.866025403784 -0.500000000000
-6.203755986400 31.164016826998 0.866025403784 -0.500000000000
-44.016509471714 8.244827181955 0.000000000000 1.000000000000
90.166996611810 -78.714188899739 0.866025403784 0.500000000000
-19.718411238634 41.273751760042 0.000000000000 1.000000000000
34.960634296370 -65.328825655590 0.866025403784 -0.500000000000
-22.235404848542 35.007261333639 0.866025403784 -0.500000000000
88.494185755217 27.197765241108 0.000000000000 1.000000000000
123.407692336162 -63.412135596424 0.866025403784 -0.500000000000
154.543616413616 32.708922093851 0.000000000000 1.000000000000
-51.097659851120 -2.151833466536 0.866025403784 -0.500000000000
26.914449590231 52.272616679996 0.866025403784 -0.500000000000
69.212844991657 113.265712097943 0.866025403784 -0.500000000000
-65.878779817318 34.355211699226 0.000000000000 1.000000000000
-31.477790948205 -86.736196076832 0.866025403784 0.500000000000
-50.582091326673 -26.440796162071 0.866025403784 -0.500000000000
-75.438153366614 -14.245688823713 0.866025403784 -0.500000000000
-4.387667853932 36.038135672508 0.866025403784 -0.500000000000
124.794669909753 21.144575279062 0.866025403784 0.500000000000
