#Configurational_file created 2018-09-14 11:14:21  started 2018-09-14 11:14:20 run for 1.0s steps 0
name: p_440
step: 10000
specie: 20
	particle_diameter: 1.0000000000000000
	interaction_length: 1.2000000000000000
	number_of_patches: 3
	number_of_particles_per_compound: 1
	rod_length: 1.0000000000000000
	interaction_matrix:  1.000000 1.000000 1.000000 1.000000 1.000000 1.000000 1.000000 1.000000 1.000000
	patch_type: symmetric
	patch_width: 8.0000000000000000
	patch_angle: 0.0000000000000000
	angles:  0.000000 0.000000 0.000000
	grand_canonical: 0
	chemical_potential: 0.0000000000000000
box: 10.864102 10.864102
copy: 1.000000 1.000000
epsilon: 0.5000000000000000
end_epsilon: 0.0000000000000000
pressure: 0.5715000000000000
lambda: 0.0000000000000000
lambda_coupling: 1.0000000000000000
uy: 0.0000000000000000
maximum_displacement: 1.0000000000000000
maximum_rotation: 1.0000000000000000
maximum_volume: 1.0000000000000000
maximum_shape: 0.0000001000000000
maximum_dsigma: 0.0100000000000000
mod: 10
pmod: 10
optimize: 1
verbose: 1
snapshot: 0
display: 1
explore: 1
npt: 1
nptxy: 0
nptdxdy: 0
shape: 0
seed: 501750
-154.743468819633 38.813986870977 0.000000000000 1.000000000000
-62.160005901696 123.925676907530 0.866025403784 0.500000000000
-157.120907685479 15.093712251805 0.000000000000 1.000000000000
-84.537170634976 40.345216894683 0.866025403784 0.500000000000
-36.253816422393 39.256577450247 0.866025403784 0.500000000000
4.921846407877 -83.134908682070 0.000000000000 1.000000000000
-0.274124381468 -115.751658496625 0.000000000000 1.000000000000
97.300383655386 -71.058676569195 0.000000000000 1.000000000000
-96.219397257530 -120.877508471866 0.866025403784 0.500000000000
-60.000148631028 -44.196493420331 0.866025403784 -0.500000000000
2.498044889897 158.464624036454 0.866025403784 0.500000000000
8.539881065196 55.791356946523 0.866025403784 -0.500000000000
72.723349297389 -78.110646968299 0.866025403784 0.500000000000
64.882350940607 17.366477181579 0.866025403784 -0.500000000000
84.550825075832 -25.258711623788 0.866025403784 0.500000000000
246.793947267470 32.465166277030 0.000000000000 1.000000000000
-158.057285445261 -115.059955798935 0.866025403784 -0.500000000000
53.135624889724 -30.138274496359 0.866025403784 -0.500000000000
11.583426533345 54.210602065335 0.866025403784 0.500000000000
4.428560914080 74.077452816042 0.000000000000 1.000000000000
