#Configurational_file created 2018-09-14 11:14:27  started 2018-09-14 11:14:26 run for 1.0s steps 0
name: p_447
step: 10000
specie: 20
	particle_diameter: 1.0000000000000000
	interaction_length: 1.2000000000000000
	number_of_patches: 3
	number_of_particles_per_compound: 1
	rod_length: 1.0000000000000000
	interaction_matrix:  1.000000 1.000000 1.000000 1.000000 1.000000 1.000000 1.000000 1.000000 1.000000
	patch_type: symmetric
	patch_width: 8.0000000000000000
	patch_angle: 0.0000000000000000
	angles:  0.000000 0.000000 0.000000
	grand_canonical: 0
	chemical_potential: 0.0000000000000000
box: 7.495856 7.495856
copy: 1.000000 1.000000
epsilon: 0.5000000000000000
end_epsilon: 0.0000000000000000
pressure: 1.5714500000000000
lambda: 0.0000000000000000
lambda_coupling: 1.0000000000000000
uy: 0.0000000000000000
maximum_displacement: 1.0000000000000000
maximum_rotation: 1.0000000000000000
maximum_volume: 0.3941316523589882
maximum_shape: 0.0000001000000000
maximum_dsigma: 0.0100000000000000
mod: 10
pmod: 10
optimize: 1
verbose: 1
snapshot: 0
display: 1
explore: 1
npt: 1
nptxy: 0
nptdxdy: 0
shape: 0
seed: 509709
-47.145828229232 -66.669680326923 0.866025403784 -0.500000000000
-2.438007667103 45.129207060783 0.000000000000 1.000000000000
0.791357838990 -126.481636905049 0.866025403784 -0.500000000000
65.785231491695 2.315608720012 0.866025403784 -0.500000000000
-7.261783122822 93.430879975579 0.866025403784 -0.500000000000
-13.524972924351 20.233836427185 0.866025403784 0.500000000000
87.156038952737 24.855411142153 0.866025403784 0.500000000000
16.593757437930 -1.271276079794 0.866025403784 -0.500000000000
-16.523799933428 -18.699149468120 0.866025403784 -0.500000000000
32.447468944754 -61.469379595411 0.866025403784 0.500000000000
-56.325454870843 60.302927136552 0.866025403784 0.500000000000
41.473167468977 88.224392455415 0.866025403784 -0.500000000000
48.625759321845 -26.044094560661 0.000000000000 1.000000000000
-40.419910963283 58.444579792490 0.000000000000 1.000000000000
-89.310797215625 -15.127786395195 0.866025403784 -0.500000000000
-27.452130705514 -122.792409067769 0.866025403784 0.500000000000
62.811677107796 25.108149226121 0.866025403784 -0.500000000000
-20.566651712117 -42.440803084998 0.866025403784 0.500000000000
-15.238127686213 92.533739258069 0.000000000000 1.000000000000
-105.908093025464 74.449780180505 0.866025403784 -0.500000000000
