#Configurational_file created 2018-09-14 11:14:28  started 2018-09-14 11:14:27 run for 1.0s steps 0
name: p_448
step: 10000
specie: 20
	particle_diameter: 1.0000000000000000
	interaction_length: 1.2000000000000000
	number_of_patches: 3
	number_of_particles_per_compound: 1
	rod_length: 1.0000000000000000
	interaction_matrix:  1.000000 1.000000 1.000000 1.000000 1.000000 1.000000 1.000000 1.000000 1.000000
	patch_type: symmetric
	patch_width: 8.0000000000000000
	patch_angle: 0.0000000000000000
	angles:  0.000000 0.000000 0.000000
	grand_canonical: 0
	chemical_potential: 0.0000000000000000
box: 7.089617 7.089617
copy: 1.000000 1.000000
epsilon: 0.5000000000000000
end_epsilon: 0.0000000000000000
pressure: 1.7142999999999999
lambda: 0.0000000000000000
lambda_coupling: 1.0000000000000000
uy: 0.0000000000000000
maximum_displacement: 1.0000000000000000
maximum_rotation: 1.0000000000000000
maximum_volume: 0.3315778549358520
maximum_shape: 0.0000001000000000
maximum_dsigma: 0.0100000000000000
mod: 10
pmod: 10
optimize: 1
verbose: 1
snapshot: 0
display: 1
explore: 1
npt: 1
nptxy: 0
nptdxdy: 0
shape: 0
seed: 510846
-20.163443252119 -99.920645437622 0.000000000000 1.000000000000
64.075678099485 -25.683608313765 0.000000000000 1.000000000000
33.566116622877 49.416182078324 0.866025403784 0.500000000000
-75.146269275081 -31.932905765022 0.000000000000 1.000000000000
87.547122665006 -58.492070079107 0.866025403784 -0.500000000000
25.911220086233 -112.305806356055 0.866025403784 -0.500000000000
-20.817695410001 -13.541229617442 0.000000000000 1.000000000000
20.669003815915 76.509902067322 0.866025403784 0.500000000000
65.459882059435 -19.105067387406 0.000000000000 1.000000000000
8.437025488068 75.730660870390 0.866025403784 0.500000000000
-85.862487082658 -12.138905379057 0.866025403784 -0.500000000000
-4.276635966600 132.657609658024 0.000000000000 1.000000000000
-50.990317889609 44.150639897523 0.866025403784 0.500000000000
33.394147846100 -46.611055160166 0.866025403784 0.500000000000
59.309644438054 21.004656623239 0.866025403784 -0.500000000000
-78.210961717141 70.818931903419 0.866025403784 0.500000000000
110.925293429295 -9.994972861433 0.866025403784 -0.500000000000
-63.461579217902 -29.826435337352 0.866025403784 -0.500000000000
35.144079537522 -18.157191575838 0.866025403784 -0.500000000000
-24.014957075439 -58.133742953021 0.866025403784 -0.500000000000
