#Configurational_file created 2018-09-14 11:14:26  started 2018-09-14 11:14:25 run for 1.0s steps 0
name: p_445
step: 10000
specie: 20
	particle_diameter: 1.0000000000000000
	interaction_length: 1.2000000000000000
	number_of_patches: 3
	number_of_particles_per_compound: 1
	rod_length: 1.0000000000000000
	interaction_matrix:  1.000000 1.000000 1.000000 1.000000 1.000000 1.000000 1.000000 1.000000 1.000000
	patch_type: symmetric
	patch_width: 8.0000000000000000
	patch_angle: 0.0000000000000000
	angles:  0.000000 0.000000 0.000000
	grand_canonical: 0
	chemical_potential: 0.0000000000000000
box: 7.450013 7.450013
copy: 1.000000 1.000000
epsilon: 0.5000000000000000
end_epsilon: 0.0000000000000000
pressure: 1.2857499999999999
lambda: 0.0000000000000000
lambda_coupling: 1.0000000000000000
uy: 0.0000000000000000
maximum_displacement: 1.0000000000000000
maximum_rotation: 1.0000000000000000
maximum_volume: 0.3422049556990111
maximum_shape: 0.0000001000000000
maximum_dsigma: 0.0100000000000000
mod: 10
pmod: 10
optimize: 1
verbose: 1
snapshot: 0
display: 1
explore: 1
npt: 1
nptxy: 0
nptdxdy: 0
shape: 0
seed: 507435
25.668358591362 58.161809458910 0.000000000000 1.000000000000
35.749810312910 -126.119109673850 0.000000000000 1.000000000000
-82.953104319335 -28.478931035988 0.866025403784 0.500000000000
-15.651794445829 174.659444327417 0.000000000000 1.000000000000
5.457822632393 98.331885837419 0.866025403784 0.500000000000
79.682294350867 3.031536598096 0.866025403784 -0.500000000000
-104.962923294647 12.044183642660 0.000000000000 1.000000000000
-129.130390293101 191.087825127861 0.866025403784 -0.500000000000
13.741022535675 -23.989028681006 0.866025403784 0.500000000000
-10.796244444712 67.559110535666 0.866025403784 -0.500000000000
116.872960740757 22.262740175988 0.866025403784 0.500000000000
-41.738315972134 -39.803309858603 0.000000000000 1.000000000000
-29.982035259712 73.415450295011 0.866025403784 -0.500000000000
-34.668323708612 -57.551497729966 0.000000000000 1.000000000000
31.006135506897 32.372780403961 0.000000000000 1.000000000000
-21.639115243879 61.113778256571 0.000000000000 1.000000000000
-50.296779343252 6.606536943829 0.000000000000 1.000000000000
-27.571166799227 14.992244581245 0.866025403784 -0.500000000000
112.097364582724 56.581573117634 0.000000000000 1.000000000000
-18.472191915897 -45.777524928620 0.866025403784 -0.500000000000
