#Configurational_file created 2018-09-14 11:14:26  started 2018-09-14 11:14:26 run for 0.0s steps 0
name: p_446
step: 10000
specie: 20
	particle_diameter: 1.0000000000000000
	interaction_length: 1.2000000000000000
	number_of_patches: 3
	number_of_particles_per_compound: 1
	rod_length: 1.0000000000000000
	interaction_matrix:  1.000000 1.000000 1.000000 1.000000 1.000000 1.000000 1.000000 1.000000 1.000000
	patch_type: symmetric
	patch_width: 8.0000000000000000
	patch_angle: 0.0000000000000000
	angles:  0.000000 0.000000 0.000000
	grand_canonical: 0
	chemical_potential: 0.0000000000000000
box: 7.277490 7.277490
copy: 1.000000 1.000000
epsilon: 0.5000000000000000
end_epsilon: 0.0000000000000000
pressure: 1.4286000000000001
lambda: 0.0000000000000000
lambda_coupling: 1.0000000000000000
uy: 0.0000000000000000
maximum_displacement: 1.0000000000000000
maximum_rotation: 1.0000000000000000
maximum_volume: 0.4033695622629448
maximum_shape: 0.0000001000000000
maximum_dsigma: 0.0100000000000000
mod: 10
pmod: 10
optimize: 1
verbose: 1
snapshot: 0
display: 1
explore: 1
npt: 1
nptxy: 0
nptdxdy: 0
shape: 0
seed: 508572
115.716636887501 -72.265998439249 0.866025403784 -0.500000000000
97.710364576382 -27.972694028184 0.866025403784 -0.500000000000
113.490340011603 15.582438502565 0.866025403784 -0.500000000000
29.419497870923 124.002217092659 0.866025403784 0.500000000000
-68.301331710710 65.445197819958 0.866025403784 0.500000000000
-4.995811380366 -89.262873600537 0.000000000000 1.000000000000
5.282697910688 -65.870166660596 0.000000000000 1.000000000000
-49.581869098641 -7.626138930863 0.866025403784 0.500000000000
144.586677285754 126.222742474171 0.866025403784 -0.500000000000
-101.509542203291 24.544075996979 0.866025403784 -0.500000000000
107.112322850213 -69.821864926988 0.866025403784 0.500000000000
40.576466025876 -40.366298429414 0.866025403784 0.500000000000
67.962582094349 102.494616333723 0.866025403784 0.500000000000
53.596695830881 2.286062987287 0.866025403784 -0.500000000000
87.068593078349 63.109577552097 0.866025403784 0.500000000000
26.077998062413 -90.426919251192 0.866025403784 -0.500000000000
90.511195219057 105.593152281509 0.866025403784 -0.500000000000
77.580645914818 -42.314838806738 0.000000000000 1.000000000000
132.553726811352 -47.863535370329 0.866025403784 -0.500000000000
-31.434252289170 -30.512005997690 0.866025403784 0.500000000000
