#Configurational_file created 2018-09-14 11:14:24  started 2018-09-14 11:14:23 run for 1.0s steps 0
name: p_443
step: 10000
specie: 20
	particle_diameter: 1.0000000000000000
	interaction_length: 1.2000000000000000
	number_of_patches: 3
	number_of_particles_per_compound: 1
	rod_length: 1.0000000000000000
	interaction_matrix:  1.000000 1.000000 1.000000 1.000000 1.000000 1.000000 1.000000 1.000000 1.000000
	patch_type: symmetric
	patch_width: 8.0000000000000000
	patch_angle: 0.0000000000000000
	angles:  0.000000 0.000000 0.000000
	grand_canonical: 0
	chemical_potential: 0.0000000000000000
box: 8.422944 8.422944
copy: 1.000000 1.000000
epsilon: 0.5000000000000000
end_epsilon: 0.0000000000000000
pressure: 1.0000500000000001
lambda: 0.0000000000000000
lambda_coupling: 1.0000000000000000
uy: 0.0000000000000000
maximum_displacement: 1.0000000000000000
maximum_rotation: 1.0000000000000000
maximum_volume: 0.6319460203667977
maximum_shape: 0.0000001000000000
maximum_dsigma: 0.0100000000000000
mod: 10
pmod: 10
optimize: 1
verbose: 1
snapshot: 0
display: 1
explore: 1
npt: 1
nptxy: 0
nptdxdy: 0
shape: 0
seed: 505161
-23.800459608228 101.935040165836 0.866025403784 -0.500000000000
-72.687518629027 -26.868230157352 0.000000000000 1.000000000000
-26.400191346554 65.870539870005 0.866025403784 0.500000000000
-20.221199966562 28.642486459381 0.866025403784 -0.500000000000
10.244185805964 -13.695864762465 0.866025403784 0.500000000000
68.827182091874 75.933504005276 0.866025403784 0.500000000000
48.886198640046 11.834233534141 0.866025403784 0.500000000000
55.232592512252 10.962733889711 0.866025403784 0.500000000000
59.768517759455 -38.738276450385 0.866025403784 -0.500000000000
-21.728965709002 -29.893018461289 0.866025403784 -0.500000000000
-129.013871871732 -48.501145131263 0.000000000000 1.000000000000
-18.470353339451 -33.884966870515 0.000000000000 1.000000000000
-90.592420198740 82.575793353562 0.866025403784 0.500000000000
160.206925501189 47.620145607660 0.000000000000 1.000000000000
67.568615325232 -40.499060215232 0.866025403784 -0.500000000000
24.175412887421 1.611260043310 0.866025403784 -0.500000000000
-47.407652796649 -35.020007926854 0.866025403784 -0.500000000000
29.974902757250 -24.149196311880 0.866025403784 0.500000000000
-101.017487596778 -41.706082859510 0.866025403784 -0.500000000000
62.217235268490 -59.074127723696 0.866025403784 -0.500000000000
