#Configurational_file created 2018-09-14 11:14:30  started 2018-09-14 11:14:29 run for 1.0s steps 0
name: p_450
step: 10000
specie: 20
	particle_diameter: 1.0000000000000000
	interaction_length: 1.2000000000000000
	number_of_patches: 3
	number_of_particles_per_compound: 1
	rod_length: 1.0000000000000000
	interaction_matrix:  1.000000 1.000000 1.000000 1.000000 1.000000 1.000000 1.000000 1.000000 1.000000
	patch_type: symmetric
	patch_width: 8.0000000000000000
	patch_angle: 0.0000000000000000
	angles:  0.000000 0.000000 0.000000
	grand_canonical: 0
	chemical_potential: 0.0000000000000000
box: 6.800181 6.800181
copy: 1.000000 1.000000
epsilon: 0.5000000000000000
end_epsilon: 0.0000000000000000
pressure: 2.0000000000000000
lambda: 0.0000000000000000
lambda_coupling: 1.0000000000000000
uy: 0.0000000000000000
maximum_displacement: 1.0000000000000000
maximum_rotation: 1.0000000000000000
maximum_volume: 0.2663435245809675
maximum_shape: 0.0000001000000000
maximum_dsigma: 0.0100000000000000
mod: 10
pmod: 10
optimize: 1
verbose: 1
snapshot: 0
display: 1
explore: 1
npt: 1
nptxy: 0
nptdxdy: 0
shape: 0
seed: 513120
-14.091467119750 -74.040923446716 0.866025403784 0.500000000000
-105.650286062872 51.785987076253 0.866025403784 -0.500000000000
78.899690680371 78.801407901904 0.866025403784 0.500000000000
-70.683960436810 -32.028620535908 0.866025403784 -0.500000000000
-47.547969965598 6.143370388470 0.866025403784 -0.500000000000
-15.054739120884 40.467620081520 0.866025403784 -0.500000000000
43.940360827839 87.115439517149 0.866025403784 -0.500000000000
48.496875681325 -24.940413880614 0.000000000000 1.000000000000
25.984649201417 66.585694212286 0.866025403784 0.500000000000
-66.515629976161 54.429246536401 0.866025403784 0.500000000000
17.771013310795 7.038039456642 0.866025403784 -0.500000000000
-40.085070973172 -12.831778259065 0.866025403784 0.500000000000
56.114752315981 -16.124410387843 0.866025403784 -0.500000000000
-9.075954850189 17.283624222414 0.000000000000 1.000000000000
54.462004242292 30.265421346718 0.866025403784 -0.500000000000
32.909882503546 -56.969073326874 0.866025403784 0.500000000000
66.643335663656 -12.765465865289 0.866025403784 -0.500000000000
2.414639449353 1.704110519749 0.000000000000 1.000000000000
63.855998984801 10.379297861610 0.000000000000 1.000000000000
-11.614105112409 30.393301239864 0.866025403784 -0.500000000000
