#Configurational_file created 2018-09-11 17:04:07  started 2018-09-11 17:04:06 run for 1.0s steps 0
name: p_45
step: 10000
specie: 20
	particle_diameter: 1.0000000000000000
	interaction_length: 1.2000000000000000
	number_of_patches: 3
	number_of_particles_per_compound: 1
	rod_length: 1.0000000000000000
	interaction_matrix:  1.000000 1.000000 1.000000 1.000000 1.000000 1.000000 1.000000 1.000000 1.000000
	patch_type: symmetric
	patch_width: 8.0000000000000000
	patch_angle: 0.0000000000000000
	angles:  0.000000 0.000000 0.000000
	grand_canonical: 0
	chemical_potential: 0.0000000000000000
box: 20.741126 20.741126
copy: 1.000000 1.000000
epsilon: 0.0834170000000000
end_epsilon: 0.0000000000000000
pressure: 0.6667330000000000
lambda: 0.0000000000000000
lambda_coupling: 1.0000000000000000
uy: 0.0000000000000000
maximum_displacement: 1.0000000000000000
maximum_rotation: 1.0000000000000000
maximum_volume: 1.0000000000000000
maximum_shape: 0.0000001000000000
maximum_dsigma: 0.0100000000000000
mod: 10
pmod: 10
optimize: 1
verbose: 1
snapshot: 0
display: 1
explore: 1
npt: 1
nptxy: 0
nptdxdy: 0
shape: 0
seed: 54035
60.691059940796 -82.619056362991 0.000000000000 1.000000000000
-67.452906650036 40.602567467177 0.000000000000 1.000000000000
189.857190494121 -7.865384347833 0.866025403784 -0.500000000000
92.229290578911 -9.289989956254 0.000000000000 1.000000000000
74.672463178586 -49.739778839948 0.866025403784 -0.500000000000
60.177770852824 3.766810907976 0.866025403784 0.500000000000
-52.110555412841 -17.693766277454 0.866025403784 0.500000000000
115.517005101991 52.225872105165 0.000000000000 1.000000000000
-110.000933745470 -39.368576676216 0.866025403784 0.500000000000
75.440857963642 69.992382397012 0.000000000000 1.000000000000
-47.964311480481 -133.196289017185 0.866025403784 0.500000000000
-91.042927249286 -63.813999390923 0.000000000000 1.000000000000
-115.896751707792 133.990901881360 0.866025403784 0.500000000000
232.330347225377 -74.699564095758 0.866025403784 -0.500000000000
-294.705387160137 -101.842118280912 0.866025403784 -0.500000000000
-105.257055857523 -10.249805877839 0.866025403784 0.500000000000
-21.715953008981 -70.246999657653 0.866025403784 -0.500000000000
-91.894500206757 -108.465494021661 0.866025403784 0.500000000000
90.772060330959 -154.647369927112 0.000000000000 1.000000000000
119.183924370453 81.051192455287 0.000000000000 1.000000000000
