#Configurational_file created 2018-09-11 17:04:08  started 2018-09-11 17:04:07 run for 1.0s steps 0
name: p_46
step: 10000
specie: 20
	particle_diameter: 1.0000000000000000
	interaction_length: 1.2000000000000000
	number_of_patches: 3
	number_of_particles_per_compound: 1
	rod_length: 1.0000000000000000
	interaction_matrix:  1.000000 1.000000 1.000000 1.000000 1.000000 1.000000 1.000000 1.000000 1.000000
	patch_type: symmetric
	patch_width: 8.0000000000000000
	patch_angle: 0.0000000000000000
	angles:  0.000000 0.000000 0.000000
	grand_canonical: 0
	chemical_potential: 0.0000000000000000
box: 16.359252 16.359252
copy: 1.000000 1.000000
epsilon: 0.0834170000000000
end_epsilon: 0.0000000000000000
pressure: 1.0000500000000001
lambda: 0.0000000000000000
lambda_coupling: 1.0000000000000000
uy: 0.0000000000000000
maximum_displacement: 1.0000000000000000
maximum_rotation: 1.0000000000000000
maximum_volume: 1.0000000000000000
maximum_shape: 0.0000001000000000
maximum_dsigma: 0.0100000000000000
mod: 10
pmod: 10
optimize: 1
verbose: 1
snapshot: 0
display: 1
explore: 1
npt: 1
nptxy: 0
nptdxdy: 0
shape: 0
seed: 55172
-16.898378973599 -88.905454177216 0.866025403784 0.500000000000
22.599538965361 -53.582901593937 0.866025403784 0.500000000000
-67.312385571698 25.644641877087 0.866025403784 0.500000000000
-60.245608634315 -22.366648559541 0.866025403784 -0.500000000000
-131.255557854837 98.607175168572 0.866025403784 0.500000000000
-29.659048727781 -223.397143600251 0.866025403784 0.500000000000
3.548684254242 -81.998739910017 0.000000000000 1.000000000000
-31.264032844129 -76.576815952617 0.866025403784 0.500000000000
186.344940873197 156.744027472595 0.866025403784 -0.500000000000
-147.277522088356 37.303622436063 0.866025403784 -0.500000000000
83.426688195350 -51.146732760019 0.866025403784 0.500000000000
-25.569707778210 -64.497314728069 0.866025403784 -0.500000000000
-87.280250864024 -80.497496531778 0.866025403784 0.500000000000
51.357632017605 75.801456836878 0.866025403784 -0.500000000000
-7.482337072747 33.784702026153 0.866025403784 0.500000000000
-39.249852310633 261.424563585596 0.866025403784 -0.500000000000
145.593828640027 35.947784286082 0.000000000000 1.000000000000
76.747897383644 86.564370558902 0.000000000000 1.000000000000
-220.980565901366 73.014230002091 0.000000000000 1.000000000000
-97.780875096013 64.376952311961 0.000000000000 1.000000000000
