#Configurational_file created 2018-09-11 17:04:08  started 2018-09-11 17:04:08 run for 0.0s steps 0
name: p_47
step: 10000
specie: 20
	particle_diameter: 1.0000000000000000
	interaction_length: 1.2000000000000000
	number_of_patches: 3
	number_of_particles_per_compound: 1
	rod_length: 1.0000000000000000
	interaction_matrix:  1.000000 1.000000 1.000000 1.000000 1.000000 1.000000 1.000000 1.000000 1.000000
	patch_type: symmetric
	patch_width: 8.0000000000000000
	patch_angle: 0.0000000000000000
	angles:  0.000000 0.000000 0.000000
	grand_canonical: 0
	chemical_potential: 0.0000000000000000
box: 15.434410 15.434410
copy: 1.000000 1.000000
epsilon: 0.0834170000000000
end_epsilon: 0.0000000000000000
pressure: 1.3333670000000000
lambda: 0.0000000000000000
lambda_coupling: 1.0000000000000000
uy: 0.0000000000000000
maximum_displacement: 1.0000000000000000
maximum_rotation: 1.0000000000000000
maximum_volume: 1.0000000000000000
maximum_shape: 0.0000001000000000
maximum_dsigma: 0.0100000000000000
mod: 10
pmod: 10
optimize: 1
verbose: 1
snapshot: 0
display: 1
explore: 1
npt: 1
nptxy: 0
nptdxdy: 0
shape: 0
seed: 56309
224.323822122662 76.040002887249 0.866025403784 0.500000000000
-11.082339686512 70.439018721326 0.866025403784 0.500000000000
-220.383654076861 112.711893743969 0.866025403784 -0.500000000000
96.295976032655 -23.589909444403 0.000000000000 1.000000000000
0.009581517682 -31.117942446751 0.866025403784 -0.500000000000
60.868545775058 -44.652939796864 0.000000000000 1.000000000000
132.849950291577 -37.541483338478 0.000000000000 1.000000000000
23.844070687112 47.455540665259 0.866025403784 0.500000000000
-54.249447301681 68.400988728579 0.866025403784 0.500000000000
-112.677295571220 -44.178615330612 0.866025403784 0.500000000000
-2.966653709745 125.070657779275 0.000000000000 1.000000000000
-136.067604939067 96.755622482958 0.000000000000 1.000000000000
55.273240609834 13.329903267272 0.866025403784 0.500000000000
-149.539916595797 139.982537202203 0.000000000000 1.000000000000
-153.228864141863 -41.840347485137 0.866025403784 0.500000000000
-56.270508456139 85.865865134425 0.000000000000 1.000000000000
5.634843375209 -79.762033884881 0.866025403784 0.500000000000
-209.269652440568 55.224660039770 0.866025403784 0.500000000000
54.240912616579 18.318157959924 0.000000000000 1.000000000000
64.831352370425 93.198243419425 0.866025403784 -0.500000000000
