#Configurational_file created 2018-09-11 17:04:10  started 2018-09-11 17:04:09 run for 1.0s steps 0
name: p_49
step: 10000
specie: 20
	particle_diameter: 1.0000000000000000
	interaction_length: 1.2000000000000000
	number_of_patches: 3
	number_of_particles_per_compound: 1
	rod_length: 1.0000000000000000
	interaction_matrix:  1.000000 1.000000 1.000000 1.000000 1.000000 1.000000 1.000000 1.000000 1.000000
	patch_type: symmetric
	patch_width: 8.0000000000000000
	patch_angle: 0.0000000000000000
	angles:  0.000000 0.000000 0.000000
	grand_canonical: 0
	chemical_potential: 0.0000000000000000
box: 13.828599 13.828599
copy: 1.000000 1.000000
epsilon: 0.0834170000000000
end_epsilon: 0.0000000000000000
pressure: 2.0000000000000000
lambda: 0.0000000000000000
lambda_coupling: 1.0000000000000000
uy: 0.0000000000000000
maximum_displacement: 1.0000000000000000
maximum_rotation: 1.0000000000000000
maximum_volume: 1.0000000000000000
maximum_shape: 0.0000001000000000
maximum_dsigma: 0.0100000000000000
mod: 10
pmod: 10
optimize: 1
verbose: 1
snapshot: 0
display: 1
explore: 1
npt: 1
nptxy: 0
nptdxdy: 0
shape: 0
seed: 58583
-33.065281189076 50.944213203525 0.866025403784 0.500000000000
241.335608243629 189.949916989514 0.866025403784 -0.500000000000
128.665120608066 36.703353436139 0.000000000000 1.000000000000
25.536608419996 135.890478083814 0.866025403784 0.500000000000
193.911511364443 35.382970491310 0.866025403784 0.500000000000
115.882908667631 -10.413134353126 0.866025403784 0.500000000000
0.941812653665 176.532994393782 0.866025403784 -0.500000000000
141.633526661048 144.017108497987 0.000000000000 1.000000000000
7.953573784558 77.229514271880 0.000000000000 1.000000000000
-188.045818095982 95.542688403434 0.866025403784 0.500000000000
-92.831477813561 -93.384393978524 0.866025403784 0.500000000000
-26.160288029296 -168.197067891361 0.866025403784 -0.500000000000
-111.251275973190 61.876747565576 0.866025403784 0.500000000000
70.355195462784 193.539715953503 0.000000000000 1.000000000000
24.511792306407 8.923120084419 0.000000000000 1.000000000000
-58.040310648053 15.102100353635 0.866025403784 0.500000000000
18.390333996035 73.865893306243 0.866025403784 0.500000000000
37.429832195768 -123.091763220695 0.866025403784 0.500000000000
-174.050921111797 241.895833010286 0.866025403784 -0.500000000000
37.000943440518 36.302548826430 0.866025403784 0.500000000000
