#Configurational_file created 2018-09-11 17:04:11  started 2018-09-11 17:04:10 run for 1.0s steps 0
name: p_50
step: 10000
specie: 20
	particle_diameter: 1.0000000000000000
	interaction_length: 1.2000000000000000
	number_of_patches: 3
	number_of_particles_per_compound: 1
	rod_length: 1.0000000000000000
	interaction_matrix:  1.000000 1.000000 1.000000 1.000000 1.000000 1.000000 1.000000 1.000000 1.000000
	patch_type: symmetric
	patch_width: 8.0000000000000000
	patch_angle: 0.0000000000000000
	angles:  0.000000 0.000000 0.000000
	grand_canonical: 0
	chemical_potential: 0.0000000000000000
box: 49.897005 49.897005
copy: 1.000000 1.000000
epsilon: 0.1667330000000000
end_epsilon: 0.0000000000000000
pressure: 0.0001000000000000
lambda: 0.0000000000000000
lambda_coupling: 1.0000000000000000
uy: 0.0000000000000000
maximum_displacement: 1.0000000000000000
maximum_rotation: 1.0000000000000000
maximum_volume: 1.0000000000000000
maximum_shape: 0.0000001000000000
maximum_dsigma: 0.0100000000000000
mod: 10
pmod: 10
optimize: 1
verbose: 1
snapshot: 0
display: 1
explore: 1
npt: 1
nptxy: 0
nptdxdy: 0
shape: 0
seed: 59720
376.751655258769 -309.903028353390 0.866025403784 0.500000000000
-39.738816008445 -7.317236482500 0.000000000000 1.000000000000
-94.764167173875 -438.820789428358 0.866025403784 0.500000000000
-12.495009981913 192.828497631310 0.000000000000 1.000000000000
444.478832393948 -73.603526504655 0.000000000000 1.000000000000
-75.886614434244 -121.700410167687 0.000000000000 1.000000000000
201.719751403489 -31.816398594867 0.866025403784 -0.500000000000
145.288871497221 17.409315618711 0.866025403784 -0.500000000000
106.637564565114 45.729524026684 0.866025403784 0.500000000000
85.296432638235 137.282788249645 0.866025403784 0.500000000000
135.077573776048 280.928560928899 0.000000000000 1.000000000000
162.354178998211 309.091654260081 0.866025403784 0.500000000000
-98.575955342719 170.255449033508 0.866025403784 0.500000000000
405.247843519542 -12.934918886088 0.000000000000 1.000000000000
44.678942191882 -133.165625814187 0.866025403784 -0.500000000000
54.153711042059 -130.039662102060 0.866025403784 0.500000000000
21.173509250351 -105.175061653282 0.866025403784 -0.500000000000
-85.784563652813 120.579163089093 0.866025403784 -0.500000000000
-42.558995983758 142.091490300316 0.866025403784 0.500000000000
-24.994828072730 -205.337874701646 0.866025403784 -0.500000000000
