#Configurational_file created 2018-09-14 12:20:02  started 2018-09-14 12:20:01 run for 1.0s steps 0
name: p_51
step: 10000
specie: 20
	particle_diameter: 1.0000000000000000
	interaction_length: 1.2000000000000000
	number_of_patches: 3
	number_of_particles_per_compound: 1
	rod_length: 1.0000000000000000
	interaction_matrix:  1.000000 1.000000 1.000000 1.000000 1.000000 1.000000 1.000000 1.000000 1.000000
	patch_type: symmetric
	patch_width: 8.0000000000000000
	patch_angle: 0.0000000000000000
	angles:  0.000000 0.000000 0.000000
	grand_canonical: 0
	chemical_potential: 0.0000000000000000
box: 45.154543 45.154543
copy: 1.000000 1.000000
epsilon: 0.0000010000000000
end_epsilon: 0.0000000000000000
pressure: 0.0000010000000000
lambda: 0.0000000000000000
lambda_coupling: 1.0000000000000000
uy: 0.0000000000000000
maximum_displacement: 1.0000000000000000
maximum_rotation: 1.0000000000000000
maximum_volume: 1.0000000000000000
maximum_shape: 0.0000001000000000
maximum_dsigma: 0.0100000000000000
mod: 10
pmod: 10
optimize: 1
verbose: 1
snapshot: 0
display: 1
explore: 1
npt: 1
nptxy: 0
nptdxdy: 0
shape: 0
seed: 60778
-101.687878542475 -101.845506212031 0.866025403784 0.500000000000
53.722625198581 150.103749118992 0.866025403784 -0.500000000000
192.245829842075 -126.672269708453 0.866025403784 -0.500000000000
144.979219395963 36.888694459880 0.866025403784 0.500000000000
-85.536063589960 59.438038321750 0.866025403784 -0.500000000000
-126.815630892822 -36.053785673754 0.000000000000 1.000000000000
47.781802585490 179.554929652606 0.866025403784 0.500000000000
-300.090898751216 -78.383184648095 0.866025403784 -0.500000000000
16.498331797975 410.327113279939 0.000000000000 1.000000000000
-134.008342041606 -66.139279058607 0.866025403784 0.500000000000
16.522753595402 0.922436935690 0.866025403784 0.500000000000
131.995134939478 -188.771111054067 0.000000000000 1.000000000000
-73.229283266149 266.323721184335 0.866025403784 -0.500000000000
-108.708963599720 -190.434186198034 0.000000000000 1.000000000000
-115.521999867394 391.715026818052 0.866025403784 0.500000000000
57.402043733112 274.964399721151 0.000000000000 1.000000000000
-40.640734179678 -16.834273943423 0.866025403784 0.500000000000
-331.544249453052 -82.322669001955 0.000000000000 1.000000000000
-9.281568543998 89.284815297748 0.866025403784 0.500000000000
62.622604756180 -34.443928552515 0.866025403784 -0.500000000000
