#Configurational_file created 2018-09-14 12:20:03  started 2018-09-14 12:20:02 run for 1.0s steps 0
name: p_52
step: 10000
specie: 20
	particle_diameter: 1.0000000000000000
	interaction_length: 1.2000000000000000
	number_of_patches: 3
	number_of_particles_per_compound: 1
	rod_length: 1.0000000000000000
	interaction_matrix:  1.000000 1.000000 1.000000 1.000000 1.000000 1.000000 1.000000 1.000000 1.000000
	patch_type: symmetric
	patch_width: 8.0000000000000000
	patch_angle: 0.0000000000000000
	angles:  0.000000 0.000000 0.000000
	grand_canonical: 0
	chemical_potential: 0.0000000000000000
box: 50.680312 50.680312
copy: 1.000000 1.000000
epsilon: 0.0000010000000000
end_epsilon: 0.0000000000000000
pressure: 0.1000000000000000
lambda: 0.0000000000000000
lambda_coupling: 1.0000000000000000
uy: 0.0000000000000000
maximum_displacement: 1.0000000000000000
maximum_rotation: 1.0000000000000000
maximum_volume: 1.0000000000000000
maximum_shape: 0.0000001000000000
maximum_dsigma: 0.0100000000000000
mod: 10
pmod: 10
optimize: 1
verbose: 1
snapshot: 0
display: 1
explore: 1
npt: 1
nptxy: 0
nptdxdy: 0
shape: 0
seed: 61915
-127.343070384081 369.202310921305 0.000000000000 1.000000000000
14.068285319411 55.502598498768 0.866025403784 -0.500000000000
136.837757678019 121.077536753196 0.866025403784 -0.500000000000
130.505760533682 -61.512549177463 0.000000000000 1.000000000000
144.634362674565 91.938974413873 0.000000000000 1.000000000000
110.076067366170 173.767869530431 0.000000000000 1.000000000000
-157.153489737705 -15.697007546538 0.866025403784 0.500000000000
-7.707367918020 187.569763944904 0.000000000000 1.000000000000
-222.956288316678 -328.615523806364 0.866025403784 -0.500000000000
122.441218884712 -0.020553271942 0.866025403784 0.500000000000
61.714922628388 12.656590048059 0.000000000000 1.000000000000
5.388204345505 -147.721076174825 0.000000000000 1.000000000000
81.299634748595 150.669390396491 0.866025403784 -0.500000000000
110.037430601645 88.575919961299 0.866025403784 -0.500000000000
-25.085500677802 28.229409369676 0.000000000000 1.000000000000
134.976320721057 -99.720569960006 0.866025403784 -0.500000000000
-383.188237708459 156.163340838226 0.866025403784 -0.500000000000
-54.613748371071 429.669312748955 0.866025403784 -0.500000000000
237.308581370010 -102.085657505912 0.866025403784 0.500000000000
422.010690917675 -18.524786461743 0.000000000000 1.000000000000
