#Configurational_file created 2018-09-11 17:04:12  started 2018-09-11 17:04:11 run for 1.0s steps 0
name: p_52
step: 10000
specie: 20
	particle_diameter: 1.0000000000000000
	interaction_length: 1.2000000000000000
	number_of_patches: 3
	number_of_particles_per_compound: 1
	rod_length: 1.0000000000000000
	interaction_matrix:  1.000000 1.000000 1.000000 1.000000 1.000000 1.000000 1.000000 1.000000 1.000000
	patch_type: symmetric
	patch_width: 8.0000000000000000
	patch_angle: 0.0000000000000000
	angles:  0.000000 0.000000 0.000000
	grand_canonical: 0
	chemical_potential: 0.0000000000000000
box: 14.226071 14.226071
copy: 1.000000 1.000000
epsilon: 0.1667330000000000
end_epsilon: 0.0000000000000000
pressure: 0.6667330000000000
lambda: 0.0000000000000000
lambda_coupling: 1.0000000000000000
uy: 0.0000000000000000
maximum_displacement: 1.0000000000000000
maximum_rotation: 1.0000000000000000
maximum_volume: 1.0000000000000000
maximum_shape: 0.0000001000000000
maximum_dsigma: 0.0100000000000000
mod: 10
pmod: 10
optimize: 1
verbose: 1
snapshot: 0
display: 1
explore: 1
npt: 1
nptxy: 0
nptdxdy: 0
shape: 0
seed: 61994
-44.581156550044 78.664049181689 0.000000000000 1.000000000000
37.565629799740 -67.837813471394 0.000000000000 1.000000000000
55.010992148737 -39.002812233912 0.000000000000 1.000000000000
93.497018410285 -89.293286933000 0.866025403784 0.500000000000
-87.613685245292 85.545518472636 0.866025403784 0.500000000000
164.649018352156 58.912842526504 0.000000000000 1.000000000000
96.321116533854 6.940868635469 0.000000000000 1.000000000000
129.387206932234 96.619405694449 0.000000000000 1.000000000000
-59.114666537014 -40.971938947513 0.000000000000 1.000000000000
-87.879744130803 165.341757296445 0.000000000000 1.000000000000
59.195159780500 -38.577515993186 0.866025403784 0.500000000000
19.781822512375 -54.408719535225 0.000000000000 1.000000000000
-94.806990690179 115.563355251651 0.866025403784 -0.500000000000
-10.411344556730 -106.625179659070 0.866025403784 0.500000000000
-18.581189092558 -35.912539338361 0.866025403784 0.500000000000
117.288607739676 221.588800296044 0.866025403784 0.500000000000
-7.351162662635 42.030301514464 0.000000000000 1.000000000000
135.487703200751 104.519343123393 0.866025403784 0.500000000000
124.397316731171 -42.702361466672 0.866025403784 -0.500000000000
156.206928899082 -248.808340211940 0.000000000000 1.000000000000
