#Configurational_file created 2018-09-14 12:20:04  started 2018-09-14 12:20:03 run for 1.0s steps 0
name: p_53
step: 10000
specie: 20
	particle_diameter: 1.0000000000000000
	interaction_length: 1.2000000000000000
	number_of_patches: 3
	number_of_particles_per_compound: 1
	rod_length: 1.0000000000000000
	interaction_matrix:  1.000000 1.000000 1.000000 1.000000 1.000000 1.000000 1.000000 1.000000 1.000000
	patch_type: symmetric
	patch_width: 8.0000000000000000
	patch_angle: 0.0000000000000000
	angles:  0.000000 0.000000 0.000000
	grand_canonical: 0
	chemical_potential: 0.0000000000000000
box: 45.803838 45.803838
copy: 1.000000 1.000000
epsilon: 0.0833340000000000
end_epsilon: 0.0000000000000000
pressure: 0.0000010000000000
lambda: 0.0000000000000000
lambda_coupling: 1.0000000000000000
uy: 0.0000000000000000
maximum_displacement: 1.0000000000000000
maximum_rotation: 1.0000000000000000
maximum_volume: 1.0000000000000000
maximum_shape: 0.0000001000000000
maximum_dsigma: 0.0100000000000000
mod: 10
pmod: 10
optimize: 1
verbose: 1
snapshot: 0
display: 1
explore: 1
npt: 1
nptxy: 0
nptdxdy: 0
shape: 0
seed: 63052
109.630809643621 40.456432446623 0.866025403784 -0.500000000000
240.048805301093 223.571028746794 0.000000000000 1.000000000000
317.515560331825 -147.528967490528 0.866025403784 -0.500000000000
128.815369503143 -98.909873099869 0.000000000000 1.000000000000
208.759664417306 -4.401763842035 0.866025403784 -0.500000000000
228.028954383397 126.509602360651 0.866025403784 0.500000000000
-37.542104964855 -81.682363456686 0.866025403784 -0.500000000000
151.930706937168 -341.098453752971 0.000000000000 1.000000000000
379.750886610221 75.363531623857 0.866025403784 -0.500000000000
245.870041416279 51.513589111597 0.866025403784 -0.500000000000
182.368231390386 -207.050882213550 0.000000000000 1.000000000000
35.611705695524 -49.487627958537 0.866025403784 0.500000000000
-10.570253720481 135.884321651131 0.000000000000 1.000000000000
82.875482535863 93.359120357656 0.000000000000 1.000000000000
-68.748051282443 124.461227080126 0.866025403784 -0.500000000000
-84.607208501760 -222.912616750740 0.866025403784 -0.500000000000
-241.863086413984 54.455080979631 0.866025403784 -0.500000000000
-41.992222808703 -156.470377324165 0.866025403784 0.500000000000
-170.958516435186 148.073523425945 0.866025403784 0.500000000000
210.539861261809 196.306774499624 0.866025403784 -0.500000000000
