#Configurational_file created 2018-09-11 17:04:13  started 2018-09-11 17:04:13 run for 0.0s steps 0
name: p_54
step: 10000
specie: 20
	particle_diameter: 1.0000000000000000
	interaction_length: 1.2000000000000000
	number_of_patches: 3
	number_of_particles_per_compound: 1
	rod_length: 1.0000000000000000
	interaction_matrix:  1.000000 1.000000 1.000000 1.000000 1.000000 1.000000 1.000000 1.000000 1.000000
	patch_type: symmetric
	patch_width: 8.0000000000000000
	patch_angle: 0.0000000000000000
	angles:  0.000000 0.000000 0.000000
	grand_canonical: 0
	chemical_potential: 0.0000000000000000
box: 11.618953 11.618953
copy: 1.000000 1.000000
epsilon: 0.1667330000000000
end_epsilon: 0.0000000000000000
pressure: 1.3333670000000000
lambda: 0.0000000000000000
lambda_coupling: 1.0000000000000000
uy: 0.0000000000000000
maximum_displacement: 1.0000000000000000
maximum_rotation: 1.0000000000000000
maximum_volume: 1.0000000000000000
maximum_shape: 0.0000001000000000
maximum_dsigma: 0.0100000000000000
mod: 10
pmod: 10
optimize: 1
verbose: 1
snapshot: 0
display: 1
explore: 1
npt: 1
nptxy: 0
nptdxdy: 0
shape: 0
seed: 64268
57.947331733717 61.810743150893 0.866025403784 0.500000000000
111.327206501603 29.263800319441 0.000000000000 1.000000000000
-2.667834548635 -102.611929042083 0.866025403784 -0.500000000000
66.038156205307 -42.392099900704 0.866025403784 0.500000000000
-22.230094980186 -70.166562586494 0.000000000000 1.000000000000
-41.942521876058 -41.196760629055 0.866025403784 0.500000000000
14.280478572007 32.199763690585 0.866025403784 0.500000000000
45.386930867432 55.659440732040 0.866025403784 -0.500000000000
61.992024865345 -115.329234686739 0.866025403784 -0.500000000000
59.323607001615 30.704292507791 0.866025403784 0.500000000000
-12.307699182079 76.059646095683 0.866025403784 0.500000000000
-27.458383667155 -254.209979800752 0.866025403784 0.500000000000
-46.465319038160 58.975289596935 0.866025403784 0.500000000000
123.781516287487 -16.494368382285 0.000000000000 1.000000000000
-96.121481564855 -15.606096691504 0.866025403784 0.500000000000
121.803124182042 39.183896569002 0.866025403784 -0.500000000000
-220.820934208158 -61.785023357030 0.866025403784 0.500000000000
-88.556702295833 -1.100502585516 0.866025403784 -0.500000000000
203.068267347167 89.407201650332 0.866025403784 0.500000000000
-6.602156519663 -126.940765178956 0.866025403784 -0.500000000000
