#Configurational_file created 2018-09-14 12:20:04  started 2018-09-14 12:20:04 run for 0.0s steps 0
name: p_54
step: 10000
specie: 20
	particle_diameter: 1.0000000000000000
	interaction_length: 1.2000000000000000
	number_of_patches: 3
	number_of_particles_per_compound: 1
	rod_length: 1.0000000000000000
	interaction_matrix:  1.000000 1.000000 1.000000 1.000000 1.000000 1.000000 1.000000 1.000000 1.000000
	patch_type: symmetric
	patch_width: 8.0000000000000000
	patch_angle: 0.0000000000000000
	angles:  0.000000 0.000000 0.000000
	grand_canonical: 0
	chemical_potential: 0.0000000000000000
box: 39.678224 39.678224
copy: 1.000000 1.000000
epsilon: 0.0833340000000000
end_epsilon: 0.0000000000000000
pressure: 0.1000000000000000
lambda: 0.0000000000000000
lambda_coupling: 1.0000000000000000
uy: 0.0000000000000000
maximum_displacement: 1.0000000000000000
maximum_rotation: 1.0000000000000000
maximum_volume: 1.0000000000000000
maximum_shape: 0.0000001000000000
maximum_dsigma: 0.0100000000000000
mod: 10
pmod: 10
optimize: 1
verbose: 1
snapshot: 0
display: 1
explore: 1
npt: 1
nptxy: 0
nptdxdy: 0
shape: 0
seed: 64189
74.858186178808 -52.010565318719 0.866025403784 -0.500000000000
-36.397413262765 42.186830827675 0.866025403784 0.500000000000
54.199886406112 92.871397625246 0.866025403784 -0.500000000000
-174.927256855115 140.025710045143 0.866025403784 0.500000000000
-167.514688708233 133.258903775881 0.866025403784 0.500000000000
-81.347437326203 337.309175386674 0.866025403784 0.500000000000
34.480300979783 93.074519559730 0.866025403784 -0.500000000000
98.906799703342 124.794385082366 0.866025403784 0.500000000000
132.034299661533 372.230057674577 0.866025403784 -0.500000000000
163.002620794517 174.709155395927 0.866025403784 0.500000000000
67.428178064135 -81.689853581002 0.866025403784 0.500000000000
21.410904337977 75.568875882391 0.000000000000 1.000000000000
-20.388215195249 391.004108808129 0.866025403784 0.500000000000
79.913826531927 84.396034120796 0.866025403784 -0.500000000000
-305.888930475558 -10.294187245231 0.866025403784 -0.500000000000
15.249292966896 -182.912864381416 0.866025403784 0.500000000000
286.325321453437 329.807540659817 0.866025403784 0.500000000000
41.341303262027 -85.213630412021 0.000000000000 1.000000000000
1.594034331109 87.182405438355 0.000000000000 1.000000000000
218.356599409085 19.215804162137 0.000000000000 1.000000000000
