#Configurational_file created 2018-09-14 12:20:05  started 2018-09-14 12:20:04 run for 1.0s steps 0
name: p_55
step: 10000
specie: 20
	particle_diameter: 1.0000000000000000
	interaction_length: 1.2000000000000000
	number_of_patches: 3
	number_of_particles_per_compound: 1
	rod_length: 1.0000000000000000
	interaction_matrix:  1.000000 1.000000 1.000000 1.000000 1.000000 1.000000 1.000000 1.000000 1.000000
	patch_type: symmetric
	patch_width: 8.0000000000000000
	patch_angle: 0.0000000000000000
	angles:  0.000000 0.000000 0.000000
	grand_canonical: 0
	chemical_potential: 0.0000000000000000
box: 48.988824 48.988824
copy: 1.000000 1.000000
epsilon: 0.1666680000000000
end_epsilon: 0.0000000000000000
pressure: 0.0000010000000000
lambda: 0.0000000000000000
lambda_coupling: 1.0000000000000000
uy: 0.0000000000000000
maximum_displacement: 1.0000000000000000
maximum_rotation: 1.0000000000000000
maximum_volume: 1.0000000000000000
maximum_shape: 0.0000001000000000
maximum_dsigma: 0.0100000000000000
mod: 10
pmod: 10
optimize: 1
verbose: 1
snapshot: 0
display: 1
explore: 1
npt: 1
nptxy: 0
nptdxdy: 0
shape: 0
seed: 65326
47.659914158746 -32.588141461028 0.866025403784 0.500000000000
84.207792161120 -71.485549370881 0.000000000000 1.000000000000
-337.122315905989 31.316537475531 0.000000000000 1.000000000000
401.775280359744 141.859982990464 0.866025403784 0.500000000000
213.774284406966 201.768729614998 0.000000000000 1.000000000000
-112.758000592701 279.903888594898 0.000000000000 1.000000000000
291.804639543313 12.936525501480 0.866025403784 -0.500000000000
287.788373808533 148.119667384690 0.000000000000 1.000000000000
379.924599586991 234.241872623606 0.866025403784 -0.500000000000
-244.346108365493 -52.369618688175 0.866025403784 0.500000000000
214.454883419196 61.127839068671 0.866025403784 -0.500000000000
-130.292315386124 -70.172904479863 0.866025403784 0.500000000000
279.167900538545 363.763025702472 0.000000000000 1.000000000000
13.716708161533 -42.729137706752 0.000000000000 1.000000000000
138.181302014517 -194.703339918730 0.000000000000 1.000000000000
-255.813170225029 78.245435543918 0.866025403784 0.500000000000
-30.984222082044 191.181445913637 0.000000000000 1.000000000000
-67.833110355198 -29.501989655993 0.866025403784 -0.500000000000
-112.278029662167 61.216668787022 0.866025403784 0.500000000000
66.230107625821 203.792934192150 0.866025403784 -0.500000000000
