#Configurational_file created 2018-09-14 12:20:06  started 2018-09-14 12:20:05 run for 1.0s steps 0
name: p_56
step: 10000
specie: 20
	particle_diameter: 1.0000000000000000
	interaction_length: 1.2000000000000000
	number_of_patches: 3
	number_of_particles_per_compound: 1
	rod_length: 1.0000000000000000
	interaction_matrix:  1.000000 1.000000 1.000000 1.000000 1.000000 1.000000 1.000000 1.000000 1.000000
	patch_type: symmetric
	patch_width: 8.0000000000000000
	patch_angle: 0.0000000000000000
	angles:  0.000000 0.000000 0.000000
	grand_canonical: 0
	chemical_potential: 0.0000000000000000
box: 41.930484 41.930484
copy: 1.000000 1.000000
epsilon: 0.1666680000000000
end_epsilon: 0.0000000000000000
pressure: 0.1000000000000000
lambda: 0.0000000000000000
lambda_coupling: 1.0000000000000000
uy: 0.0000000000000000
maximum_displacement: 1.0000000000000000
maximum_rotation: 1.0000000000000000
maximum_volume: 1.0000000000000000
maximum_shape: 0.0000001000000000
maximum_dsigma: 0.0100000000000000
mod: 10
pmod: 10
optimize: 1
verbose: 1
snapshot: 0
display: 1
explore: 1
npt: 1
nptxy: 0
nptdxdy: 0
shape: 0
seed: 66463
-63.761757911035 10.503760106478 0.000000000000 1.000000000000
-97.213195516730 -109.801690911836 0.000000000000 1.000000000000
164.028896443329 -38.868193337999 0.866025403784 0.500000000000
88.657035628761 137.939534623567 0.000000000000 1.000000000000
-86.647213291875 -45.988302716724 0.866025403784 0.500000000000
-85.590414974253 -5.322185972400 0.000000000000 1.000000000000
148.624198454041 -129.387959568357 0.866025403784 -0.500000000000
-31.199100266649 37.639546069972 0.000000000000 1.000000000000
-55.555125022711 216.999640566152 0.000000000000 1.000000000000
-46.412214801468 20.950848534245 0.000000000000 1.000000000000
-95.995895753061 135.911395359947 0.866025403784 -0.500000000000
-279.321451510978 -87.874129056559 0.866025403784 0.500000000000
-166.304699063117 -78.980496806257 0.866025403784 -0.500000000000
262.006786555506 222.124436105761 0.000000000000 1.000000000000
166.657420138254 -160.033682850119 0.000000000000 1.000000000000
-176.451373906501 -95.128546313459 0.866025403784 0.500000000000
5.591655526546 113.841562236938 0.866025403784 -0.500000000000
67.900062215502 165.821589043229 0.866025403784 0.500000000000
184.806072400893 37.142484922683 0.866025403784 0.500000000000
-108.254602035017 137.226119560111 0.866025403784 -0.500000000000
