#Configurational_file created 2018-09-14 12:20:06  started 2018-09-14 12:20:06 run for 0.0s steps 0
name: p_57
step: 10000
specie: 20
	particle_diameter: 1.0000000000000000
	interaction_length: 1.2000000000000000
	number_of_patches: 3
	number_of_particles_per_compound: 1
	rod_length: 1.0000000000000000
	interaction_matrix:  1.000000 1.000000 1.000000 1.000000 1.000000 1.000000 1.000000 1.000000 1.000000
	patch_type: symmetric
	patch_width: 8.0000000000000000
	patch_angle: 0.0000000000000000
	angles:  0.000000 0.000000 0.000000
	grand_canonical: 0
	chemical_potential: 0.0000000000000000
box: 44.517121 44.517121
copy: 1.000000 1.000000
epsilon: 0.2500010000000000
end_epsilon: 0.0000000000000000
pressure: 0.0000010000000000
lambda: 0.0000000000000000
lambda_coupling: 1.0000000000000000
uy: 0.0000000000000000
maximum_displacement: 1.0000000000000000
maximum_rotation: 1.0000000000000000
maximum_volume: 1.0000000000000000
maximum_shape: 0.0000001000000000
maximum_dsigma: 0.0100000000000000
mod: 10
pmod: 10
optimize: 1
verbose: 1
snapshot: 0
display: 1
explore: 1
npt: 1
nptxy: 0
nptdxdy: 0
shape: 0
seed: 67600
37.121832722773 -30.927185472144 0.866025403784 -0.500000000000
-226.259023809643 266.631404419583 0.000000000000 1.000000000000
-232.294998863356 138.721329416669 0.866025403784 -0.500000000000
29.526851979583 11.215838932157 0.866025403784 0.500000000000
-178.809410310608 -168.516093027891 0.866025403784 0.500000000000
84.665993062742 -111.564563103718 0.866025403784 0.500000000000
-15.429693188788 115.484157953327 0.866025403784 0.500000000000
145.734506418072 -325.601335217703 0.866025403784 -0.500000000000
70.581728694809 -118.732916051895 0.866025403784 0.500000000000
43.397570220514 -106.516122802215 0.000000000000 1.000000000000
-433.970471328036 302.814406340509 0.000000000000 1.000000000000
-86.987809168258 47.602021622045 0.000000000000 1.000000000000
205.916991706191 179.227321452757 0.000000000000 1.000000000000
17.255752329311 0.014599490507 0.866025403784 -0.500000000000
14.300084117152 351.994759992376 0.866025403784 0.500000000000
-243.245065568084 23.377643121922 0.866025403784 -0.500000000000
38.760870188675 107.199602466897 0.000000000000 1.000000000000
143.135892769999 -129.408745736791 0.000000000000 1.000000000000
122.970703238497 14.996333258594 0.866025403784 0.500000000000
224.248573330262 -33.165529130124 0.866025403784 -0.500000000000
