#Configurational_file created 2018-09-14 12:20:07  started 2018-09-14 12:20:06 run for 1.0s steps 0
name: p_58
step: 10000
specie: 20
	particle_diameter: 1.0000000000000000
	interaction_length: 1.2000000000000000
	number_of_patches: 3
	number_of_particles_per_compound: 1
	rod_length: 1.0000000000000000
	interaction_matrix:  1.000000 1.000000 1.000000 1.000000 1.000000 1.000000 1.000000 1.000000 1.000000
	patch_type: symmetric
	patch_width: 8.0000000000000000
	patch_angle: 0.0000000000000000
	angles:  0.000000 0.000000 0.000000
	grand_canonical: 0
	chemical_potential: 0.0000000000000000
box: 27.371711 27.371711
copy: 1.000000 1.000000
epsilon: 0.2500010000000000
end_epsilon: 0.0000000000000000
pressure: 0.1000000000000000
lambda: 0.0000000000000000
lambda_coupling: 1.0000000000000000
uy: 0.0000000000000000
maximum_displacement: 1.0000000000000000
maximum_rotation: 1.0000000000000000
maximum_volume: 1.0000000000000000
maximum_shape: 0.0000001000000000
maximum_dsigma: 0.0100000000000000
mod: 10
pmod: 10
optimize: 1
verbose: 1
snapshot: 0
display: 1
explore: 1
npt: 1
nptxy: 0
nptdxdy: 0
shape: 0
seed: 68737
-152.043575213830 40.360347376845 0.866025403784 0.500000000000
162.521819703829 117.850402841496 0.866025403784 0.500000000000
-8.086153826594 -102.761544548892 0.866025403784 0.500000000000
36.021304860507 126.481332376803 0.866025403784 0.500000000000
-50.057905908220 -27.132518571352 0.000000000000 1.000000000000
160.745851979767 28.631116768609 0.866025403784 -0.500000000000
-55.472473747309 188.649451715993 0.000000000000 1.000000000000
-77.968889918634 -268.052605876680 0.866025403784 0.500000000000
-67.595784662760 -159.938338688251 0.866025403784 0.500000000000
49.563926324408 -143.110022468913 0.866025403784 -0.500000000000
56.339633781914 71.467723477870 0.000000000000 1.000000000000
-15.886572130551 -52.173878720446 0.866025403784 0.500000000000
-86.328653427811 -176.792316661385 0.866025403784 -0.500000000000
195.981879439591 -12.296053507186 0.866025403784 -0.500000000000
-58.342885518906 11.175943426166 0.866025403784 -0.500000000000
19.040423963937 -81.677821216057 0.000000000000 1.000000000000
190.476078486448 99.252505511256 0.000000000000 1.000000000000
172.333705785001 -126.000313585786 0.000000000000 1.000000000000
35.533753892196 -3.445175371469 0.000000000000 1.000000000000
136.121831187593 33.573611957232 0.866025403784 0.500000000000
