#Configurational_file created 2018-09-14 12:20:08  started 2018-09-14 12:20:07 run for 1.0s steps 0
name: p_59
step: 10000
specie: 20
	particle_diameter: 1.0000000000000000
	interaction_length: 1.2000000000000000
	number_of_patches: 3
	number_of_particles_per_compound: 1
	rod_length: 1.0000000000000000
	interaction_matrix:  1.000000 1.000000 1.000000 1.000000 1.000000 1.000000 1.000000 1.000000 1.000000
	patch_type: symmetric
	patch_width: 8.0000000000000000
	patch_angle: 0.0000000000000000
	angles:  0.000000 0.000000 0.000000
	grand_canonical: 0
	chemical_potential: 0.0000000000000000
box: 49.025574 49.025574
copy: 1.000000 1.000000
epsilon: 0.3333340000000000
end_epsilon: 0.0000000000000000
pressure: 0.0000010000000000
lambda: 0.0000000000000000
lambda_coupling: 1.0000000000000000
uy: 0.0000000000000000
maximum_displacement: 1.0000000000000000
maximum_rotation: 1.0000000000000000
maximum_volume: 1.0000000000000000
maximum_shape: 0.0000001000000000
maximum_dsigma: 0.0100000000000000
mod: 10
pmod: 10
optimize: 1
verbose: 1
snapshot: 0
display: 1
explore: 1
npt: 1
nptxy: 0
nptdxdy: 0
shape: 0
seed: 69874
-31.070769474009 -342.660724860189 0.866025403784 -0.500000000000
165.336598520530 -7.559293385888 0.866025403784 -0.500000000000
83.750432079910 201.579715505187 0.866025403784 -0.500000000000
89.607360379617 -134.455861674520 0.866025403784 -0.500000000000
-156.515040593628 -120.115574984620 0.000000000000 1.000000000000
-309.853007983170 -110.109060229399 0.866025403784 0.500000000000
161.125225759632 421.084432408472 0.866025403784 -0.500000000000
93.328925432954 24.029241335717 0.866025403784 -0.500000000000
58.321668271211 223.895394482442 0.866025403784 0.500000000000
-129.007809936178 -125.238850414998 0.000000000000 1.000000000000
-107.865202786542 37.862944410619 0.000000000000 1.000000000000
-18.156816223361 61.774287186566 0.866025403784 0.500000000000
139.850635162954 -241.457184823990 0.866025403784 -0.500000000000
220.878801163115 152.664537916929 0.866025403784 -0.500000000000
20.381191045577 -146.631252393138 0.866025403784 0.500000000000
55.220502196494 218.695884293156 0.000000000000 1.000000000000
-128.795327544021 -113.199312229989 0.866025403784 -0.500000000000
-153.750501169058 275.729802735961 0.866025403784 0.500000000000
108.848128449599 -31.947948532192 0.000000000000 1.000000000000
226.239657342929 156.591531163240 0.000000000000 1.000000000000
