#Configurational_file created 2018-09-11 17:04:17  started 2018-09-11 17:04:17 run for 0.0s steps 0
name: p_59
step: 10000
specie: 20
	particle_diameter: 1.0000000000000000
	interaction_length: 1.2000000000000000
	number_of_patches: 3
	number_of_particles_per_compound: 1
	rod_length: 1.0000000000000000
	interaction_matrix:  1.000000 1.000000 1.000000 1.000000 1.000000 1.000000 1.000000 1.000000 1.000000
	patch_type: symmetric
	patch_width: 8.0000000000000000
	patch_angle: 0.0000000000000000
	angles:  0.000000 0.000000 0.000000
	grand_canonical: 0
	chemical_potential: 0.0000000000000000
box: 12.632942 12.632942
copy: 1.000000 1.000000
epsilon: 0.2500500000000000
end_epsilon: 0.0000000000000000
pressure: 0.6667330000000000
lambda: 0.0000000000000000
lambda_coupling: 1.0000000000000000
uy: 0.0000000000000000
maximum_displacement: 1.0000000000000000
maximum_rotation: 1.0000000000000000
maximum_volume: 1.0000000000000000
maximum_shape: 0.0000001000000000
maximum_dsigma: 0.0100000000000000
mod: 10
pmod: 10
optimize: 1
verbose: 1
snapshot: 0
display: 1
explore: 1
npt: 1
nptxy: 0
nptdxdy: 0
shape: 0
seed: 69953
14.626782422620 64.180854909992 0.866025403784 0.500000000000
-23.695857155204 -149.838080717846 0.866025403784 -0.500000000000
-46.788880730852 -51.174358267206 0.866025403784 0.500000000000
56.027958128069 108.730017837739 0.866025403784 -0.500000000000
-2.721880534007 69.900986396396 0.866025403784 -0.500000000000
-36.888193371087 -42.582761202999 0.000000000000 1.000000000000
-12.768329299053 99.855936628205 0.866025403784 0.500000000000
74.190180230343 -116.707595252682 0.000000000000 1.000000000000
24.298699486652 -65.666212072825 0.866025403784 -0.500000000000
102.881918295368 -152.223356733221 0.000000000000 1.000000000000
15.625803092413 -88.772769775069 0.866025403784 -0.500000000000
57.156973371944 137.249083352722 0.866025403784 0.500000000000
-28.625335301376 9.805277313496 0.866025403784 -0.500000000000
-114.838172398146 -43.097321522208 0.000000000000 1.000000000000
39.021001656829 18.814404857405 0.000000000000 1.000000000000
-100.215714714852 5.203411281971 0.000000000000 1.000000000000
43.063810080806 6.611260544863 0.866025403784 0.500000000000
-21.761574758470 41.331772550396 0.000000000000 1.000000000000
106.908719136937 -3.003888981158 0.000000000000 1.000000000000
-37.674754397017 116.496885796035 0.866025403784 -0.500000000000
