#Configurational_file created 2018-09-14 12:20:09  started 2018-09-14 12:20:08 run for 1.0s steps 0
name: p_60
step: 10000
specie: 20
	particle_diameter: 1.0000000000000000
	interaction_length: 1.2000000000000000
	number_of_patches: 3
	number_of_particles_per_compound: 1
	rod_length: 1.0000000000000000
	interaction_matrix:  1.000000 1.000000 1.000000 1.000000 1.000000 1.000000 1.000000 1.000000 1.000000
	patch_type: symmetric
	patch_width: 8.0000000000000000
	patch_angle: 0.0000000000000000
	angles:  0.000000 0.000000 0.000000
	grand_canonical: 0
	chemical_potential: 0.0000000000000000
box: 27.247648 27.247648
copy: 1.000000 1.000000
epsilon: 0.3333340000000000
end_epsilon: 0.0000000000000000
pressure: 0.1000000000000000
lambda: 0.0000000000000000
lambda_coupling: 1.0000000000000000
uy: 0.0000000000000000
maximum_displacement: 1.0000000000000000
maximum_rotation: 1.0000000000000000
maximum_volume: 1.0000000000000000
maximum_shape: 0.0000001000000000
maximum_dsigma: 0.0100000000000000
mod: 10
pmod: 10
optimize: 1
verbose: 1
snapshot: 0
display: 1
explore: 1
npt: 1
nptxy: 0
nptdxdy: 0
shape: 0
seed: 71011
-69.631134994991 -148.293072246631 0.866025403784 -0.500000000000
182.695345860004 -111.079308355011 0.866025403784 0.500000000000
108.429289008699 229.035550201243 0.866025403784 0.500000000000
-8.379271972117 37.158469009220 0.866025403784 0.500000000000
-35.015347369784 37.532025076993 0.000000000000 1.000000000000
126.046979311024 159.161099050684 0.866025403784 0.500000000000
-105.156003680368 39.907256522781 0.866025403784 -0.500000000000
23.812870860598 -39.618486050963 0.866025403784 0.500000000000
-69.288907980331 130.140413831520 0.866025403784 -0.500000000000
-69.017472503243 71.253581350265 0.000000000000 1.000000000000
-80.565296077400 302.462815217035 0.000000000000 1.000000000000
1.139742579377 -220.609378588369 0.866025403784 -0.500000000000
-60.760362268433 36.764247702688 0.000000000000 1.000000000000
-116.824114852936 97.814576371013 0.000000000000 1.000000000000
-142.897664182635 -141.147908310072 0.866025403784 -0.500000000000
87.168244835316 -5.599061931729 0.000000000000 1.000000000000
256.289391175071 0.402795909987 0.866025403784 -0.500000000000
95.110296593831 33.822448835731 0.000000000000 1.000000000000
15.682072044190 36.303426195100 0.866025403784 0.500000000000
-64.398007890243 55.683488641196 0.866025403784 0.500000000000
