#Configurational_file created 2018-09-14 12:20:09  started 2018-09-14 12:20:09 run for 0.0s steps 0
name: p_61
step: 10000
specie: 20
	particle_diameter: 1.0000000000000000
	interaction_length: 1.2000000000000000
	number_of_patches: 3
	number_of_particles_per_compound: 1
	rod_length: 1.0000000000000000
	interaction_matrix:  1.000000 1.000000 1.000000 1.000000 1.000000 1.000000 1.000000 1.000000 1.000000
	patch_type: symmetric
	patch_width: 8.0000000000000000
	patch_angle: 0.0000000000000000
	angles:  0.000000 0.000000 0.000000
	grand_canonical: 0
	chemical_potential: 0.0000000000000000
box: 51.793396 51.793396
copy: 1.000000 1.000000
epsilon: 0.4166670000000000
end_epsilon: 0.0000000000000000
pressure: 0.0000010000000000
lambda: 0.0000000000000000
lambda_coupling: 1.0000000000000000
uy: 0.0000000000000000
maximum_displacement: 1.0000000000000000
maximum_rotation: 1.0000000000000000
maximum_volume: 1.0000000000000000
maximum_shape: 0.0000001000000000
maximum_dsigma: 0.0100000000000000
mod: 10
pmod: 10
optimize: 1
verbose: 1
snapshot: 0
display: 1
explore: 1
npt: 1
nptxy: 0
nptdxdy: 0
shape: 0
seed: 72148
-101.530083471135 126.082225574037 0.000000000000 1.000000000000
97.697015457679 41.796007179762 0.866025403784 0.500000000000
-85.965598510447 402.053668106230 0.000000000000 1.000000000000
152.714812034285 125.260743443969 0.866025403784 0.500000000000
83.899245183232 -126.956780902492 0.000000000000 1.000000000000
212.520122254476 -87.269368074171 0.866025403784 -0.500000000000
142.985409532000 -271.821683792913 0.866025403784 0.500000000000
354.536995880803 47.392175737180 0.000000000000 1.000000000000
-152.796684650440 201.432215273432 0.000000000000 1.000000000000
146.220451997088 84.810281034168 0.000000000000 1.000000000000
31.932880531912 115.667651989441 0.866025403784 0.500000000000
-183.127690696661 -85.494244196472 0.866025403784 0.500000000000
96.199980939223 28.501653818430 0.866025403784 0.500000000000
-140.627648651277 32.964515030353 0.866025403784 -0.500000000000
-247.027852612827 -153.966333634679 0.866025403784 -0.500000000000
-208.166534755260 -211.035572918420 0.000000000000 1.000000000000
75.724214710177 -2.974967561506 0.866025403784 -0.500000000000
-180.752210372017 -489.500474811906 0.866025403784 -0.500000000000
248.766070271826 75.524793055495 0.000000000000 1.000000000000
-8.966978366887 -152.762601859768 0.866025403784 -0.500000000000
