#Configurational_file created 2018-09-14 11:57:29  started 2018-09-14 11:57:28 run for 1.0s steps 0
name: p_626
step: 10000
specie: 20
	particle_diameter: 1.0000000000000000
	interaction_length: 1.2000000000000000
	number_of_patches: 3
	number_of_particles_per_compound: 1
	rod_length: 1.0000000000000000
	interaction_matrix:  1.000000 1.000000 1.000000 1.000000 1.000000 1.000000 1.000000 1.000000 1.000000
	patch_type: symmetric
	patch_width: 8.0000000000000000
	patch_angle: 0.0000000000000000
	angles:  0.000000 0.000000 0.000000
	grand_canonical: 0
	chemical_potential: 0.0000000000000000
box: 57.870368 57.870368
copy: 1.000000 1.000000
epsilon: 0.0000010000000000
end_epsilon: 0.0000000000000000
pressure: 0.0000010000000000
lambda: 0.0000000000000000
lambda_coupling: 1.0000000000000000
uy: 0.0000000000000000
maximum_displacement: 1.0000000000000000
maximum_rotation: 1.0000000000000000
maximum_volume: 1.0000000000000000
maximum_shape: 0.0000001000000000
maximum_dsigma: 0.0100000000000000
mod: 10
pmod: 10
optimize: 1
verbose: 1
snapshot: 0
display: 1
explore: 1
npt: 1
nptxy: 0
nptdxdy: 0
shape: 0
seed: 714553
-219.857778878754 -176.978646684804 0.000000000000 1.000000000000
124.953779816841 354.590982720292 0.000000000000 1.000000000000
108.151902154465 -21.250512800788 0.000000000000 1.000000000000
-137.419456464204 271.046162482968 0.866025403784 0.500000000000
-284.826819518923 8.453555151039 0.000000000000 1.000000000000
27.653525612992 73.287076430451 0.000000000000 1.000000000000
80.273626319323 -101.379842323584 0.000000000000 1.000000000000
-143.920856128101 -89.552147096988 0.000000000000 1.000000000000
93.821519316744 -221.048667728525 0.866025403784 0.500000000000
-193.958605496327 -123.058666246019 0.000000000000 1.000000000000
161.333777423502 -21.738418077062 0.866025403784 0.500000000000
184.251633370921 115.428100321620 0.866025403784 0.500000000000
242.633816453478 3.482413694799 0.866025403784 0.500000000000
-144.335671670207 87.711877203375 0.000000000000 1.000000000000
-118.404187069569 243.585062684288 0.000000000000 1.000000000000
-29.320111067102 22.252415925810 0.866025403784 -0.500000000000
-354.817239139769 -42.680771200846 0.000000000000 1.000000000000
50.222164084585 58.282029159820 0.000000000000 1.000000000000
-100.036229440384 -124.384794630891 0.000000000000 1.000000000000
-13.950217108270 25.341980702240 0.000000000000 1.000000000000
