#Configurational_file created 2018-09-14 11:29:52  started 2018-09-14 11:29:51 run for 1.0s steps 0
name: p_626
step: 10000
specie: 20
	particle_diameter: 1.0000000000000000
	interaction_length: 1.2000000000000000
	number_of_patches: 3
	number_of_particles_per_compound: 1
	rod_length: 1.0000000000000000
	interaction_matrix:  1.000000 1.000000 1.000000 1.000000 1.000000 1.000000 1.000000 1.000000 1.000000
	patch_type: symmetric
	patch_width: 8.0000000000000000
	patch_angle: 0.0000000000000000
	angles:  0.000000 0.000000 0.000000
	grand_canonical: 0
	chemical_potential: 0.0000000000000000
box: 49.779297 49.779297
copy: 1.000000 1.000000
epsilon: 0.0001000000000000
end_epsilon: 0.0000000000000000
pressure: 0.0001000000000000
lambda: 0.0000000000000000
lambda_coupling: 1.0000000000000000
uy: 0.0000000000000000
maximum_displacement: 1.0000000000000000
maximum_rotation: 1.0000000000000000
maximum_volume: 1.0000000000000000
maximum_shape: 0.0000001000000000
maximum_dsigma: 0.0100000000000000
mod: 10
pmod: 10
optimize: 1
verbose: 1
snapshot: 0
display: 1
explore: 1
npt: 1
nptxy: 0
nptdxdy: 0
shape: 0
seed: 714553
-124.415848557751 11.993687903589 0.000000000000 1.000000000000
83.465798977049 373.289658192298 0.866025403784 -0.500000000000
60.148292202005 46.560862378155 0.866025403784 0.500000000000
-80.011792719464 225.138521236142 0.866025403784 0.500000000000
-162.383507395925 -163.874563582793 0.866025403784 0.500000000000
140.427778894030 -135.321037279887 0.866025403784 0.500000000000
176.749098092156 56.350978296040 0.000000000000 1.000000000000
-101.910440379321 -184.545232024773 0.000000000000 1.000000000000
250.461045685821 -196.918722307492 0.866025403784 0.500000000000
-52.743563233434 2.836454772199 0.000000000000 1.000000000000
137.146170916114 -30.083779342901 0.000000000000 1.000000000000
97.822841179749 373.190077345496 0.000000000000 1.000000000000
230.730482378539 30.525485014153 0.866025403784 0.500000000000
40.486660466060 76.526519424226 0.866025403784 0.500000000000
21.159735124885 103.078845360144 0.866025403784 0.500000000000
157.727003400650 219.285809846147 0.866025403784 0.500000000000
-122.031155488032 -210.731218236282 0.866025403784 0.500000000000
-78.923573327057 -275.479897681839 0.000000000000 1.000000000000
-125.064589981571 -95.132226228038 0.000000000000 1.000000000000
38.147767943131 -74.699289380988 0.866025403784 0.500000000000
