#Configurational_file created 2018-09-14 11:29:52  started 2018-09-14 11:29:52 run for 0.0s steps 0
name: p_627
step: 10000
specie: 20
	particle_diameter: 1.0000000000000000
	interaction_length: 1.2000000000000000
	number_of_patches: 3
	number_of_particles_per_compound: 1
	rod_length: 1.0000000000000000
	interaction_matrix:  1.000000 1.000000 1.000000 1.000000 1.000000 1.000000 1.000000 1.000000 1.000000
	patch_type: symmetric
	patch_width: 8.0000000000000000
	patch_angle: 0.0000000000000000
	angles:  0.000000 0.000000 0.000000
	grand_canonical: 0
	chemical_potential: 0.0000000000000000
box: 47.437065 47.437065
copy: 1.000000 1.000000
epsilon: 0.0001000000000000
end_epsilon: 0.0000000000000000
pressure: 0.0834290000000000
lambda: 0.0000000000000000
lambda_coupling: 1.0000000000000000
uy: 0.0000000000000000
maximum_displacement: 1.0000000000000000
maximum_rotation: 1.0000000000000000
maximum_volume: 1.0000000000000000
maximum_shape: 0.0000001000000000
maximum_dsigma: 0.0100000000000000
mod: 10
pmod: 10
optimize: 1
verbose: 1
snapshot: 0
display: 1
explore: 1
npt: 1
nptxy: 0
nptdxdy: 0
shape: 0
seed: 715690
-248.534934796544 123.039384448217 0.000000000000 1.000000000000
237.620742879966 91.493797263762 0.000000000000 1.000000000000
95.407524449122 -34.510539906270 0.866025403784 0.500000000000
-159.726092199172 115.364208069873 0.000000000000 1.000000000000
159.242168487942 -11.119402511623 0.866025403784 -0.500000000000
58.476332054683 53.426138572112 0.000000000000 1.000000000000
12.354304378281 -20.703667971398 0.000000000000 1.000000000000
-61.703093627516 -30.932900413208 0.866025403784 0.500000000000
-378.192784943437 -22.896618511287 0.866025403784 0.500000000000
-0.724428691628 92.968740628974 0.866025403784 0.500000000000
281.867788605035 285.408631623649 0.866025403784 0.500000000000
49.517594152772 -385.440668222855 0.000000000000 1.000000000000
211.395093642248 23.572217367494 0.866025403784 -0.500000000000
54.947699479792 -1.357531148483 0.000000000000 1.000000000000
-298.254838525656 262.566860667408 0.000000000000 1.000000000000
285.668669691677 146.595903296892 0.000000000000 1.000000000000
230.234005076723 -15.215600436725 0.000000000000 1.000000000000
-124.161373538669 -57.030544504746 0.866025403784 -0.500000000000
97.724842439752 -137.185975010839 0.866025403784 0.500000000000
-31.210592552771 148.537673071384 0.000000000000 1.000000000000
