#Configurational_file created 2018-09-14 11:57:30  started 2018-09-14 11:57:29 run for 1.0s steps 0
name: p_628
step: 10000
specie: 20
	particle_diameter: 1.0000000000000000
	interaction_length: 1.2000000000000000
	number_of_patches: 3
	number_of_particles_per_compound: 1
	rod_length: 1.0000000000000000
	interaction_matrix:  1.000000 1.000000 1.000000 1.000000 1.000000 1.000000 1.000000 1.000000 1.000000
	patch_type: symmetric
	patch_width: 8.0000000000000000
	patch_angle: 0.0000000000000000
	angles:  0.000000 0.000000 0.000000
	grand_canonical: 0
	chemical_potential: 0.0000000000000000
box: 46.790168 46.790168
copy: 1.000000 1.000000
epsilon: 0.0000010000000000
end_epsilon: 0.0000000000000000
pressure: 0.0083340000000000
lambda: 0.0000000000000000
lambda_coupling: 1.0000000000000000
uy: 0.0000000000000000
maximum_displacement: 1.0000000000000000
maximum_rotation: 1.0000000000000000
maximum_volume: 1.0000000000000000
maximum_shape: 0.0000001000000000
maximum_dsigma: 0.0100000000000000
mod: 10
pmod: 10
optimize: 1
verbose: 1
snapshot: 0
display: 1
explore: 1
npt: 1
nptxy: 0
nptdxdy: 0
shape: 0
seed: 716827
-114.898323116289 -134.308196343346 0.000000000000 1.000000000000
113.564507647260 -6.764115463488 0.866025403784 -0.500000000000
-142.253843790030 -5.151291946975 0.866025403784 0.500000000000
-47.290998690214 275.058560422794 0.000000000000 1.000000000000
302.287649076502 166.327489058299 0.866025403784 0.500000000000
211.427051981415 49.055227257800 0.866025403784 0.500000000000
218.569964138148 -133.307787670029 0.000000000000 1.000000000000
-115.360096209457 -44.253424578865 0.000000000000 1.000000000000
190.015067221181 155.153066946175 0.866025403784 -0.500000000000
-171.736883990889 297.844188659611 0.000000000000 1.000000000000
-35.589602010608 -231.330270350296 0.000000000000 1.000000000000
279.528619301935 178.551534920916 0.866025403784 0.500000000000
183.443711695097 -285.424059804646 0.000000000000 1.000000000000
265.205692955631 -71.805654602724 0.866025403784 -0.500000000000
203.659109297131 -98.497223910435 0.866025403784 0.500000000000
35.373151604157 120.393678558126 0.866025403784 -0.500000000000
103.813793847104 -113.809082344062 0.866025403784 -0.500000000000
124.541441089141 -202.297295149737 0.866025403784 -0.500000000000
156.519999146073 61.366053408565 0.000000000000 1.000000000000
12.499187590818 163.392901140363 0.000000000000 1.000000000000
