#Configurational_file created 2018-09-14 11:29:54  started 2018-09-14 11:29:53 run for 1.0s steps 0
name: p_629
step: 10000
specie: 20
	particle_diameter: 1.0000000000000000
	interaction_length: 1.2000000000000000
	number_of_patches: 3
	number_of_particles_per_compound: 1
	rod_length: 1.0000000000000000
	interaction_matrix:  1.000000 1.000000 1.000000 1.000000 1.000000 1.000000 1.000000 1.000000 1.000000
	patch_type: symmetric
	patch_width: 8.0000000000000000
	patch_angle: 0.0000000000000000
	angles:  0.000000 0.000000 0.000000
	grand_canonical: 0
	chemical_potential: 0.0000000000000000
box: 45.746440 45.746440
copy: 1.000000 1.000000
epsilon: 0.0001000000000000
end_epsilon: 0.0000000000000000
pressure: 0.2500870000000000
lambda: 0.0000000000000000
lambda_coupling: 1.0000000000000000
uy: 0.0000000000000000
maximum_displacement: 1.0000000000000000
maximum_rotation: 1.0000000000000000
maximum_volume: 1.0000000000000000
maximum_shape: 0.0000001000000000
maximum_dsigma: 0.0100000000000000
mod: 10
pmod: 10
optimize: 1
verbose: 1
snapshot: 0
display: 1
explore: 1
npt: 1
nptxy: 0
nptdxdy: 0
shape: 0
seed: 717964
289.028304835232 25.494606565503 0.866025403784 0.500000000000
-143.811004167737 102.037749904464 0.866025403784 0.500000000000
111.447566795416 -3.941357784826 0.866025403784 -0.500000000000
98.651739070308 -23.343435112410 0.866025403784 0.500000000000
-270.199068662813 135.883987012177 0.866025403784 -0.500000000000
14.195753078559 168.914733203941 0.866025403784 -0.500000000000
-62.640262562345 347.775635784611 0.866025403784 0.500000000000
-0.163733970214 70.679908848566 0.866025403784 0.500000000000
138.536060590329 67.346703731644 0.866025403784 0.500000000000
101.234404724894 207.394842791535 0.000000000000 1.000000000000
249.703127816719 86.077067758907 0.000000000000 1.000000000000
-212.100982252908 18.202529284429 0.866025403784 -0.500000000000
-51.564663883130 -54.842143735322 0.000000000000 1.000000000000
-58.752797937932 193.012541265992 0.866025403784 -0.500000000000
-63.792574561131 -27.002939448994 0.000000000000 1.000000000000
239.444053672551 278.914645566653 0.000000000000 1.000000000000
-154.775498176984 193.863118341988 0.866025403784 0.500000000000
-19.433634822783 259.312771016859 0.866025403784 -0.500000000000
157.713042487641 -149.411961523673 0.000000000000 1.000000000000
377.469265133639 -19.977813368715 0.000000000000 1.000000000000
