#Configurational_file created 2018-09-14 11:57:31  started 2018-09-14 11:57:30 run for 1.0s steps 0
name: p_629
step: 10000
specie: 20
	particle_diameter: 1.0000000000000000
	interaction_length: 1.2000000000000000
	number_of_patches: 3
	number_of_particles_per_compound: 1
	rod_length: 1.0000000000000000
	interaction_matrix:  1.000000 1.000000 1.000000 1.000000 1.000000 1.000000 1.000000 1.000000 1.000000
	patch_type: symmetric
	patch_width: 8.0000000000000000
	patch_angle: 0.0000000000000000
	angles:  0.000000 0.000000 0.000000
	grand_canonical: 0
	chemical_potential: 0.0000000000000000
box: 51.879750 51.879750
copy: 1.000000 1.000000
epsilon: 0.0000010000000000
end_epsilon: 0.0000000000000000
pressure: 0.0125010000000000
lambda: 0.0000000000000000
lambda_coupling: 1.0000000000000000
uy: 0.0000000000000000
maximum_displacement: 1.0000000000000000
maximum_rotation: 1.0000000000000000
maximum_volume: 1.0000000000000000
maximum_shape: 0.0000001000000000
maximum_dsigma: 0.0100000000000000
mod: 10
pmod: 10
optimize: 1
verbose: 1
snapshot: 0
display: 1
explore: 1
npt: 1
nptxy: 0
nptdxdy: 0
shape: 0
seed: 717964
268.088218954359 -77.444395693798 0.866025403784 0.500000000000
-135.538027983770 52.136009897793 0.866025403784 0.500000000000
164.597628353362 -34.431256912829 0.000000000000 1.000000000000
35.692615369493 -219.205079715720 0.866025403784 -0.500000000000
-292.257026693097 312.839185940421 0.000000000000 1.000000000000
124.927917785183 105.090094668917 0.000000000000 1.000000000000
-188.435225678000 262.925219283888 0.000000000000 1.000000000000
137.876528521956 66.405247235889 0.866025403784 0.500000000000
108.206471933304 228.125854752364 0.866025403784 0.500000000000
151.691891825790 202.742282753488 0.866025403784 0.500000000000
169.613634983187 60.239444381742 0.866025403784 -0.500000000000
-101.266156048424 93.939691487522 0.000000000000 1.000000000000
39.225251342045 57.721397031903 0.866025403784 0.500000000000
56.047035194924 367.625148753962 0.000000000000 1.000000000000
-88.681092928451 49.788450687148 0.866025403784 -0.500000000000
179.763700256532 274.761638675733 0.866025403784 -0.500000000000
-7.064606188717 220.573624792979 0.866025403784 -0.500000000000
-25.627271176974 259.374505120050 0.866025403784 0.500000000000
361.182788475731 -64.364911056808 0.866025403784 0.500000000000
305.641390061376 54.344330320102 0.866025403784 0.500000000000
