#Configurational_file created 2018-09-14 11:29:53  started 2018-09-14 11:29:52 run for 1.0s steps 0
name: p_628
step: 10000
specie: 20
	particle_diameter: 1.0000000000000000
	interaction_length: 1.2000000000000000
	number_of_patches: 3
	number_of_particles_per_compound: 1
	rod_length: 1.0000000000000000
	interaction_matrix:  1.000000 1.000000 1.000000 1.000000 1.000000 1.000000 1.000000 1.000000 1.000000
	patch_type: symmetric
	patch_width: 8.0000000000000000
	patch_angle: 0.0000000000000000
	angles:  0.000000 0.000000 0.000000
	grand_canonical: 0
	chemical_potential: 0.0000000000000000
box: 50.334662 50.334662
copy: 1.000000 1.000000
epsilon: 0.0001000000000000
end_epsilon: 0.0000000000000000
pressure: 0.1667580000000000
lambda: 0.0000000000000000
lambda_coupling: 1.0000000000000000
uy: 0.0000000000000000
maximum_displacement: 1.0000000000000000
maximum_rotation: 1.0000000000000000
maximum_volume: 1.0000000000000000
maximum_shape: 0.0000001000000000
maximum_dsigma: 0.0100000000000000
mod: 10
pmod: 10
optimize: 1
verbose: 1
snapshot: 0
display: 1
explore: 1
npt: 1
nptxy: 0
nptdxdy: 0
shape: 0
seed: 716827
-14.759893370164 99.686014471567 0.000000000000 1.000000000000
-164.593850907091 -50.431352801231 0.866025403784 -0.500000000000
-210.729700742422 48.113228055910 0.866025403784 -0.500000000000
425.786758870774 503.821928431060 0.866025403784 0.500000000000
195.521188530607 82.411557488637 0.866025403784 -0.500000000000
-228.549500840186 160.590960634721 0.000000000000 1.000000000000
128.102490417728 119.002543090122 0.000000000000 1.000000000000
57.646962700046 -236.757377795142 0.866025403784 0.500000000000
236.774561262168 -63.087055584061 0.866025403784 -0.500000000000
57.170428281251 74.565356694170 0.866025403784 0.500000000000
4.108397590818 -268.197807496586 0.866025403784 -0.500000000000
87.781404056006 6.033966614353 0.000000000000 1.000000000000
112.703641376962 -117.772046116754 0.866025403784 -0.500000000000
160.061016059365 -21.231876852379 0.000000000000 1.000000000000
290.709924112504 77.864301016503 0.866025403784 0.500000000000
177.473588947657 68.984478769765 0.866025403784 -0.500000000000
-180.799496859076 -284.741346413934 0.000000000000 1.000000000000
-175.505839581675 -202.091476479703 0.866025403784 -0.500000000000
25.966975051215 134.505983044706 0.866025403784 0.500000000000
260.766853104758 73.594674087290 0.000000000000 1.000000000000
