#Configurational_file created 2018-09-14 12:20:10  started 2018-09-14 12:20:09 run for 1.0s steps 0
name: p_62
step: 10000
specie: 20
	particle_diameter: 1.0000000000000000
	interaction_length: 1.2000000000000000
	number_of_patches: 3
	number_of_particles_per_compound: 1
	rod_length: 1.0000000000000000
	interaction_matrix:  1.000000 1.000000 1.000000 1.000000 1.000000 1.000000 1.000000 1.000000 1.000000
	patch_type: symmetric
	patch_width: 8.0000000000000000
	patch_angle: 0.0000000000000000
	angles:  0.000000 0.000000 0.000000
	grand_canonical: 0
	chemical_potential: 0.0000000000000000
box: 23.958037 23.958037
copy: 1.000000 1.000000
epsilon: 0.4166670000000000
end_epsilon: 0.0000000000000000
pressure: 0.1000000000000000
lambda: 0.0000000000000000
lambda_coupling: 1.0000000000000000
uy: 0.0000000000000000
maximum_displacement: 1.0000000000000000
maximum_rotation: 1.0000000000000000
maximum_volume: 1.0000000000000000
maximum_shape: 0.0000001000000000
maximum_dsigma: 0.0100000000000000
mod: 10
pmod: 10
optimize: 1
verbose: 1
snapshot: 0
display: 1
explore: 1
npt: 1
nptxy: 0
nptdxdy: 0
shape: 0
seed: 73285
-64.604343611722 16.471700389704 0.866025403784 -0.500000000000
-177.348778454792 30.322825059607 0.866025403784 0.500000000000
2.763258081946 -95.161881737688 0.000000000000 1.000000000000
-60.902995536566 81.396814037673 0.000000000000 1.000000000000
38.829958217836 169.490412737598 0.866025403784 -0.500000000000
136.873377443981 -92.913379949969 0.000000000000 1.000000000000
109.006752839198 19.647447341223 0.866025403784 -0.500000000000
44.281929838332 134.896008687932 0.866025403784 -0.500000000000
9.595350754201 -34.756401875361 0.866025403784 -0.500000000000
-100.965710352352 115.623700642811 0.866025403784 -0.500000000000
33.471323988491 -14.807648841278 0.866025403784 0.500000000000
-134.646103471399 -2.547917538229 0.866025403784 0.500000000000
38.657888990536 99.700803338916 0.866025403784 -0.500000000000
-41.406289578864 -35.097101980419 0.000000000000 1.000000000000
44.564647856600 -23.619231555955 0.866025403784 -0.500000000000
107.133675646196 -11.066445403934 0.866025403784 0.500000000000
-10.204694303012 -51.836398808691 0.000000000000 1.000000000000
205.590171661077 -72.997081682494 0.000000000000 1.000000000000
44.497495512405 -20.640002669237 0.866025403784 -0.500000000000
26.501514595708 10.754176319895 0.866025403784 0.500000000000
