#Configurational_file created 2018-09-14 11:29:55  started 2018-09-14 11:29:54 run for 1.0s steps 0
name: p_631
step: 10000
specie: 20
	particle_diameter: 1.0000000000000000
	interaction_length: 1.2000000000000000
	number_of_patches: 3
	number_of_particles_per_compound: 1
	rod_length: 1.0000000000000000
	interaction_matrix:  1.000000 1.000000 1.000000 1.000000 1.000000 1.000000 1.000000 1.000000 1.000000
	patch_type: symmetric
	patch_width: 8.0000000000000000
	patch_angle: 0.0000000000000000
	angles:  0.000000 0.000000 0.000000
	grand_canonical: 0
	chemical_potential: 0.0000000000000000
box: 52.887752 52.887752
copy: 1.000000 1.000000
epsilon: 0.0001000000000000
end_epsilon: 0.0000000000000000
pressure: 0.4167460000000000
lambda: 0.0000000000000000
lambda_coupling: 1.0000000000000000
uy: 0.0000000000000000
maximum_displacement: 1.0000000000000000
maximum_rotation: 1.0000000000000000
maximum_volume: 1.0000000000000000
maximum_shape: 0.0000001000000000
maximum_dsigma: 0.0100000000000000
mod: 10
pmod: 10
optimize: 1
verbose: 1
snapshot: 0
display: 1
explore: 1
npt: 1
nptxy: 0
nptdxdy: 0
shape: 0
seed: 720238
-296.094040717561 -119.882662836264 0.866025403784 -0.500000000000
-95.516216744516 66.971022099707 0.866025403784 -0.500000000000
189.236042124455 -110.891217468683 0.000000000000 1.000000000000
284.883924928226 -24.040716908950 0.000000000000 1.000000000000
99.938681391923 121.823160959432 0.866025403784 0.500000000000
-156.286280438369 29.910576602537 0.866025403784 0.500000000000
-427.780966881774 -137.346436791809 0.866025403784 -0.500000000000
-32.277503132201 0.686854989227 0.000000000000 1.000000000000
86.423777132903 -72.370717366777 0.866025403784 0.500000000000
-235.198210798489 -24.745814689703 0.866025403784 -0.500000000000
53.356042519760 218.610331092560 0.866025403784 0.500000000000
132.616652224609 -62.203614259254 0.000000000000 1.000000000000
-216.938266512683 58.325502650245 0.866025403784 -0.500000000000
-52.702740150146 -66.557627086267 0.866025403784 -0.500000000000
481.929909258325 -10.362830489400 0.000000000000 1.000000000000
-345.496047217906 420.877633165144 0.866025403784 0.500000000000
-8.375060701533 -7.644536819297 0.000000000000 1.000000000000
-121.635007793986 118.963955986636 0.866025403784 0.500000000000
64.716721578507 -109.814692894039 0.866025403784 0.500000000000
186.606299186943 -4.890464535783 0.866025403784 -0.500000000000
