#Configurational_file created 2018-09-14 11:30:00  started 2018-09-14 11:30:00 run for 0.0s steps 0
name: p_638
step: 10000
specie: 20
	particle_diameter: 1.0000000000000000
	interaction_length: 1.2000000000000000
	number_of_patches: 3
	number_of_particles_per_compound: 1
	rod_length: 1.0000000000000000
	interaction_matrix:  1.000000 1.000000 1.000000 1.000000 1.000000 1.000000 1.000000 1.000000 1.000000
	patch_type: symmetric
	patch_width: 8.0000000000000000
	patch_angle: 0.0000000000000000
	angles:  0.000000 0.000000 0.000000
	grand_canonical: 0
	chemical_potential: 0.0000000000000000
box: 54.195533 54.195533
copy: 1.000000 1.000000
epsilon: 0.0001000000000000
end_epsilon: 0.0000000000000000
pressure: 1.0000500000000001
lambda: 0.0000000000000000
lambda_coupling: 1.0000000000000000
uy: 0.0000000000000000
maximum_displacement: 1.0000000000000000
maximum_rotation: 1.0000000000000000
maximum_volume: 1.0000000000000000
maximum_shape: 0.0000001000000000
maximum_dsigma: 0.0100000000000000
mod: 10
pmod: 10
optimize: 1
verbose: 1
snapshot: 0
display: 1
explore: 1
npt: 1
nptxy: 0
nptdxdy: 0
shape: 0
seed: 728197
-32.470293967340 412.393796758646 0.000000000000 1.000000000000
81.904321661805 155.475258932136 0.000000000000 1.000000000000
404.351246784747 -250.412313204771 0.000000000000 1.000000000000
80.087032546200 -68.377336188256 0.866025403784 0.500000000000
1.934333083396 196.001243506881 0.000000000000 1.000000000000
204.526100984420 -27.522971662070 0.866025403784 0.500000000000
-92.581951751797 227.084518220641 0.000000000000 1.000000000000
-215.195506112335 122.696892130796 0.866025403784 -0.500000000000
-152.681703594492 61.084165607369 0.000000000000 1.000000000000
-276.883284309838 11.504411315126 0.000000000000 1.000000000000
127.587295273544 149.415971812276 0.000000000000 1.000000000000
17.227684619777 -210.977974939249 0.866025403784 -0.500000000000
114.381927065671 216.281350872577 0.866025403784 0.500000000000
-289.974592811114 118.582737974655 0.866025403784 -0.500000000000
344.434232248071 76.417208205049 0.866025403784 -0.500000000000
53.050202461390 -287.914010840594 0.866025403784 -0.500000000000
-192.394385147302 82.969426606201 0.866025403784 0.500000000000
30.461884657785 27.549475778196 0.000000000000 1.000000000000
344.370193817909 386.282596690459 0.000000000000 1.000000000000
-100.213319019138 -255.376423557945 0.866025403784 0.500000000000
