#Configurational_file created 2018-09-14 11:30:01  started 2018-09-14 11:30:00 run for 1.0s steps 0
name: p_639
step: 10000
specie: 20
	particle_diameter: 1.0000000000000000
	interaction_length: 1.2000000000000000
	number_of_patches: 3
	number_of_particles_per_compound: 1
	rod_length: 1.0000000000000000
	interaction_matrix:  1.000000 1.000000 1.000000 1.000000 1.000000 1.000000 1.000000 1.000000 1.000000
	patch_type: symmetric
	patch_width: 8.0000000000000000
	patch_angle: 0.0000000000000000
	angles:  0.000000 0.000000 0.000000
	grand_canonical: 0
	chemical_potential: 0.0000000000000000
box: 42.525063 42.525063
copy: 1.000000 1.000000
epsilon: 0.0001000000000000
end_epsilon: 0.0000000000000000
pressure: 1.0833790000000001
lambda: 0.0000000000000000
lambda_coupling: 1.0000000000000000
uy: 0.0000000000000000
maximum_displacement: 1.0000000000000000
maximum_rotation: 1.0000000000000000
maximum_volume: 1.0000000000000000
maximum_shape: 0.0000001000000000
maximum_dsigma: 0.0100000000000000
mod: 10
pmod: 10
optimize: 1
verbose: 1
snapshot: 0
display: 1
explore: 1
npt: 1
nptxy: 0
nptdxdy: 0
shape: 0
seed: 729334
-268.032341257359 -58.290482220802 0.866025403784 0.500000000000
-126.946973789265 314.359686083847 0.866025403784 0.500000000000
-46.403888031567 -27.955111879900 0.866025403784 0.500000000000
138.476769751001 183.293967636851 0.866025403784 0.500000000000
59.390127983188 137.341768615328 0.866025403784 -0.500000000000
-162.742346881504 -92.178909258862 0.866025403784 -0.500000000000
-165.629151981397 8.489724899562 0.866025403784 -0.500000000000
-96.204190969915 49.264546040111 0.866025403784 0.500000000000
23.308478748870 356.370247798599 0.866025403784 0.500000000000
6.344663247169 114.746700083538 0.866025403784 0.500000000000
-46.862993028154 -24.046793760766 0.866025403784 -0.500000000000
-70.420479449726 250.681655370788 0.866025403784 -0.500000000000
48.196517923621 -265.384983292281 0.000000000000 1.000000000000
-99.806221285185 39.154219069003 0.866025403784 0.500000000000
-53.380550280834 86.683776475431 0.866025403784 -0.500000000000
134.634709057216 188.888766136518 0.866025403784 -0.500000000000
-11.866561991970 -153.667354457781 0.866025403784 -0.500000000000
194.577673311053 217.273188840824 0.866025403784 0.500000000000
110.383071902876 124.957870920588 0.000000000000 1.000000000000
-220.038767544531 -21.523730834197 0.866025403784 0.500000000000
