#Configurational_file created 2018-09-14 12:20:11  started 2018-09-14 12:20:10 run for 1.0s steps 0
name: p_63
step: 10000
specie: 20
	particle_diameter: 1.0000000000000000
	interaction_length: 1.2000000000000000
	number_of_patches: 3
	number_of_particles_per_compound: 1
	rod_length: 1.0000000000000000
	interaction_matrix:  1.000000 1.000000 1.000000 1.000000 1.000000 1.000000 1.000000 1.000000 1.000000
	patch_type: symmetric
	patch_width: 8.0000000000000000
	patch_angle: 0.0000000000000000
	angles:  0.000000 0.000000 0.000000
	grand_canonical: 0
	chemical_potential: 0.0000000000000000
box: 46.749681 46.749681
copy: 1.000000 1.000000
epsilon: 0.5000010000000000
end_epsilon: 0.0000000000000000
pressure: 0.0000010000000000
lambda: 0.0000000000000000
lambda_coupling: 1.0000000000000000
uy: 0.0000000000000000
maximum_displacement: 1.0000000000000000
maximum_rotation: 1.0000000000000000
maximum_volume: 1.0000000000000000
maximum_shape: 0.0000001000000000
maximum_dsigma: 0.0100000000000000
mod: 10
pmod: 10
optimize: 1
verbose: 1
snapshot: 0
display: 1
explore: 1
npt: 1
nptxy: 0
nptdxdy: 0
shape: 0
seed: 74422
-158.886055850397 218.989639254794 0.866025403784 -0.500000000000
88.995734865529 230.914122049874 0.000000000000 1.000000000000
38.133203353398 -208.603246351231 0.000000000000 1.000000000000
-30.405519240283 -235.387194643448 0.866025403784 -0.500000000000
-164.139630795805 223.201941963138 0.866025403784 0.500000000000
-337.688604480762 127.403369181512 0.866025403784 0.500000000000
78.146003080710 -153.237806212404 0.866025403784 -0.500000000000
-130.931841510165 -74.251654538494 0.866025403784 -0.500000000000
47.033860211571 -177.535229323540 0.000000000000 1.000000000000
-61.516109816121 -21.588737907829 0.000000000000 1.000000000000
250.224311713482 -209.156396838859 0.000000000000 1.000000000000
72.934471756588 -73.401511462780 0.000000000000 1.000000000000
25.719446764121 68.804836716777 0.000000000000 1.000000000000
141.531647792163 174.245222298815 0.866025403784 0.500000000000
-39.014755057841 112.090069028050 0.866025403784 0.500000000000
-373.563999791150 -33.537029847953 0.000000000000 1.000000000000
-132.719119659464 36.673992406456 0.866025403784 0.500000000000
495.418037677332 176.768537363250 0.866025403784 -0.500000000000
-57.993322535040 -38.715358521716 0.866025403784 0.500000000000
112.366250219570 41.470497555999 0.866025403784 -0.500000000000
