#Configurational_file created 2018-09-11 17:04:21  started 2018-09-11 17:04:20 run for 1.0s steps 0
name: p_63
step: 10000
specie: 20
	particle_diameter: 1.0000000000000000
	interaction_length: 1.2000000000000000
	number_of_patches: 3
	number_of_particles_per_compound: 1
	rod_length: 1.0000000000000000
	interaction_matrix:  1.000000 1.000000 1.000000 1.000000 1.000000 1.000000 1.000000 1.000000 1.000000
	patch_type: symmetric
	patch_width: 8.0000000000000000
	patch_angle: 0.0000000000000000
	angles:  0.000000 0.000000 0.000000
	grand_canonical: 0
	chemical_potential: 0.0000000000000000
box: 6.820522 6.820522
copy: 1.000000 1.000000
epsilon: 0.2500500000000000
end_epsilon: 0.0000000000000000
pressure: 2.0000000000000000
lambda: 0.0000000000000000
lambda_coupling: 1.0000000000000000
uy: 0.0000000000000000
maximum_displacement: 1.0000000000000000
maximum_rotation: 1.0000000000000000
maximum_volume: 0.8104085166813809
maximum_shape: 0.0000001000000000
maximum_dsigma: 0.0100000000000000
mod: 10
pmod: 10
optimize: 1
verbose: 1
snapshot: 0
display: 1
explore: 1
npt: 1
nptxy: 0
nptdxdy: 0
shape: 0
seed: 74501
7.984167411813 47.651191125379 0.866025403784 -0.500000000000
-37.410190061343 30.033640132672 0.866025403784 -0.500000000000
111.060737531464 15.060200077964 0.000000000000 1.000000000000
101.358641417282 43.671954212309 0.000000000000 1.000000000000
58.977188356163 37.065977307211 0.000000000000 1.000000000000
-57.110430062685 -16.065596066833 0.866025403784 0.500000000000
10.061833538882 1.227446750994 0.866025403784 -0.500000000000
-83.806065975369 65.810221630953 0.000000000000 1.000000000000
-53.421018828918 -62.027421871191 0.866025403784 0.500000000000
40.343334972553 -59.964726649205 0.000000000000 1.000000000000
17.624360850157 -12.074011583798 0.000000000000 1.000000000000
-106.908724476907 30.719647706245 0.866025403784 -0.500000000000
-18.835318178018 -15.207022006716 0.866025403784 0.500000000000
-65.712335421495 -41.005247092952 0.000000000000 1.000000000000
-7.455435962851 86.502587304268 0.866025403784 0.500000000000
47.831365038290 71.806088431211 0.000000000000 1.000000000000
62.365016537812 57.580863100845 0.000000000000 1.000000000000
50.582536858919 5.185689471992 0.866025403784 0.500000000000
-1.643952082394 104.258392031785 0.000000000000 1.000000000000
51.404104633966 -13.874175467758 0.000000000000 1.000000000000
