#Configurational_file created 2018-09-14 11:29:56  started 2018-09-14 11:29:55 run for 1.0s steps 0
name: p_632
step: 10000
specie: 20
	particle_diameter: 1.0000000000000000
	interaction_length: 1.2000000000000000
	number_of_patches: 3
	number_of_particles_per_compound: 1
	rod_length: 1.0000000000000000
	interaction_matrix:  1.000000 1.000000 1.000000 1.000000 1.000000 1.000000 1.000000 1.000000 1.000000
	patch_type: symmetric
	patch_width: 8.0000000000000000
	patch_angle: 0.0000000000000000
	angles:  0.000000 0.000000 0.000000
	grand_canonical: 0
	chemical_potential: 0.0000000000000000
box: 48.372842 48.372842
copy: 1.000000 1.000000
epsilon: 0.0001000000000000
end_epsilon: 0.0000000000000000
pressure: 0.5000750000000000
lambda: 0.0000000000000000
lambda_coupling: 1.0000000000000000
uy: 0.0000000000000000
maximum_displacement: 1.0000000000000000
maximum_rotation: 1.0000000000000000
maximum_volume: 1.0000000000000000
maximum_shape: 0.0000001000000000
maximum_dsigma: 0.0100000000000000
mod: 10
pmod: 10
optimize: 1
verbose: 1
snapshot: 0
display: 1
explore: 1
npt: 1
nptxy: 0
nptdxdy: 0
shape: 0
seed: 721375
154.544423034544 218.041524110843 0.866025403784 0.500000000000
-68.072469108736 161.352166009740 0.000000000000 1.000000000000
132.321815657392 -107.461535505349 0.866025403784 -0.500000000000
202.738780076491 87.173995827503 0.000000000000 1.000000000000
135.554443202243 169.144772891914 0.866025403784 -0.500000000000
107.686483975899 -51.941693658348 0.866025403784 0.500000000000
-118.798269594713 -77.311399811172 0.866025403784 0.500000000000
33.690977198889 145.507958309348 0.866025403784 0.500000000000
221.554187173815 255.510093254893 0.866025403784 -0.500000000000
-109.675164971014 -48.947941466217 0.866025403784 -0.500000000000
-42.318697272346 -19.003011830831 0.866025403784 -0.500000000000
-61.850755430874 65.231831238890 0.866025403784 -0.500000000000
83.537375511344 40.399641620303 0.866025403784 0.500000000000
-23.035855441271 103.386741721981 0.866025403784 0.500000000000
-16.039708009717 45.319789505133 0.866025403784 -0.500000000000
160.337666549152 24.052820451803 0.000000000000 1.000000000000
41.023588859864 -35.297338584235 0.866025403784 0.500000000000
-231.961103064402 214.307957695065 0.866025403784 0.500000000000
11.979359940402 -108.320364915726 0.866025403784 -0.500000000000
-187.477281170527 133.039142394378 0.866025403784 0.500000000000
