#Configurational_file created 2018-09-14 11:29:57  started 2018-09-14 11:29:57 run for 0.0s steps 0
name: p_634
step: 10000
specie: 20
	particle_diameter: 1.0000000000000000
	interaction_length: 1.2000000000000000
	number_of_patches: 3
	number_of_particles_per_compound: 1
	rod_length: 1.0000000000000000
	interaction_matrix:  1.000000 1.000000 1.000000 1.000000 1.000000 1.000000 1.000000 1.000000 1.000000
	patch_type: symmetric
	patch_width: 8.0000000000000000
	patch_angle: 0.0000000000000000
	angles:  0.000000 0.000000 0.000000
	grand_canonical: 0
	chemical_potential: 0.0000000000000000
box: 47.970418 47.970418
copy: 1.000000 1.000000
epsilon: 0.0001000000000000
end_epsilon: 0.0000000000000000
pressure: 0.6667330000000000
lambda: 0.0000000000000000
lambda_coupling: 1.0000000000000000
uy: 0.0000000000000000
maximum_displacement: 1.0000000000000000
maximum_rotation: 1.0000000000000000
maximum_volume: 1.0000000000000000
maximum_shape: 0.0000001000000000
maximum_dsigma: 0.0100000000000000
mod: 10
pmod: 10
optimize: 1
verbose: 1
snapshot: 0
display: 1
explore: 1
npt: 1
nptxy: 0
nptdxdy: 0
shape: 0
seed: 723649
-70.931189815114 -137.136175860865 0.000000000000 1.000000000000
-51.698938398347 222.991290309860 0.000000000000 1.000000000000
230.067131970001 -94.272987390836 0.000000000000 1.000000000000
-20.056954624007 138.765716775588 0.000000000000 1.000000000000
142.691459514589 -69.582171427745 0.000000000000 1.000000000000
291.484042482518 103.208724022995 0.866025403784 0.500000000000
78.853865615892 -273.865192118514 0.000000000000 1.000000000000
-34.640256037894 97.934828703024 0.000000000000 1.000000000000
216.901862205067 162.579053813551 0.000000000000 1.000000000000
-235.254110404248 29.845691390465 0.866025403784 0.500000000000
-23.386081000798 -158.158359657968 0.866025403784 0.500000000000
-47.609327154742 40.509369062770 0.000000000000 1.000000000000
28.616880284124 284.519773660519 0.866025403784 0.500000000000
16.315134993087 14.410424160148 0.866025403784 0.500000000000
-234.094103774987 -37.069348468680 0.866025403784 0.500000000000
186.219319101803 -186.777712624386 0.000000000000 1.000000000000
259.056479320014 40.502020836493 0.866025403784 -0.500000000000
-27.198923282731 -31.084152813093 0.000000000000 1.000000000000
71.037697545852 159.951585211247 0.866025403784 -0.500000000000
-7.769889458126 -48.627220941202 0.000000000000 1.000000000000
