#Configurational_file created 2018-09-14 11:57:33  started 2018-09-14 11:57:32 run for 1.0s steps 0
name: p_632
step: 10000
specie: 20
	particle_diameter: 1.0000000000000000
	interaction_length: 1.2000000000000000
	number_of_patches: 3
	number_of_particles_per_compound: 1
	rod_length: 1.0000000000000000
	interaction_matrix:  1.000000 1.000000 1.000000 1.000000 1.000000 1.000000 1.000000 1.000000 1.000000
	patch_type: symmetric
	patch_width: 8.0000000000000000
	patch_angle: 0.0000000000000000
	angles:  0.000000 0.000000 0.000000
	grand_canonical: 0
	chemical_potential: 0.0000000000000000
box: 50.554179 50.554179
copy: 1.000000 1.000000
epsilon: 0.0000010000000000
end_epsilon: 0.0000000000000000
pressure: 0.0250010000000000
lambda: 0.0000000000000000
lambda_coupling: 1.0000000000000000
uy: 0.0000000000000000
maximum_displacement: 1.0000000000000000
maximum_rotation: 1.0000000000000000
maximum_volume: 1.0000000000000000
maximum_shape: 0.0000001000000000
maximum_dsigma: 0.0100000000000000
mod: 10
pmod: 10
optimize: 1
verbose: 1
snapshot: 0
display: 1
explore: 1
npt: 1
nptxy: 0
nptdxdy: 0
shape: 0
seed: 721375
104.212195879669 61.159874129288 0.000000000000 1.000000000000
184.183235275062 134.188484990993 0.866025403784 -0.500000000000
253.792811468499 90.073205701567 0.000000000000 1.000000000000
48.826643603655 23.220184488201 0.866025403784 0.500000000000
254.302013848561 -104.393534247493 0.866025403784 0.500000000000
-142.096475426705 -195.458535176482 0.866025403784 -0.500000000000
-116.691815180731 -13.404087147565 0.866025403784 -0.500000000000
-44.520570988403 -171.535655173431 0.866025403784 -0.500000000000
128.112496856009 198.640055455403 0.866025403784 0.500000000000
186.685499270408 82.645184899199 0.866025403784 0.500000000000
-60.236425976822 7.086880993135 0.866025403784 0.500000000000
231.201449408243 164.930240822004 0.866025403784 0.500000000000
-100.398106508604 -31.323602664639 0.000000000000 1.000000000000
19.426524039335 47.903828622139 0.000000000000 1.000000000000
85.268077228832 54.842653994346 0.000000000000 1.000000000000
-9.256391515730 171.643882466658 0.866025403784 -0.500000000000
4.334097846843 320.494170661537 0.866025403784 -0.500000000000
33.708542659553 255.279465314161 0.000000000000 1.000000000000
385.758498910259 -126.868821293462 0.866025403784 0.500000000000
-453.909983794109 106.371872126868 0.866025403784 -0.500000000000
