#Configurational_file created 2018-09-14 11:57:36  started 2018-09-14 11:57:35 run for 1.0s steps 0
name: p_636
step: 10000
specie: 20
	particle_diameter: 1.0000000000000000
	interaction_length: 1.2000000000000000
	number_of_patches: 3
	number_of_particles_per_compound: 1
	rod_length: 1.0000000000000000
	interaction_matrix:  1.000000 1.000000 1.000000 1.000000 1.000000 1.000000 1.000000 1.000000 1.000000
	patch_type: symmetric
	patch_width: 8.0000000000000000
	patch_angle: 0.0000000000000000
	angles:  0.000000 0.000000 0.000000
	grand_canonical: 0
	chemical_potential: 0.0000000000000000
box: 48.346961 48.346961
copy: 1.000000 1.000000
epsilon: 0.0000010000000000
end_epsilon: 0.0000000000000000
pressure: 0.0416670000000000
lambda: 0.0000000000000000
lambda_coupling: 1.0000000000000000
uy: 0.0000000000000000
maximum_displacement: 1.0000000000000000
maximum_rotation: 1.0000000000000000
maximum_volume: 1.0000000000000000
maximum_shape: 0.0000001000000000
maximum_dsigma: 0.0100000000000000
mod: 10
pmod: 10
optimize: 1
verbose: 1
snapshot: 0
display: 1
explore: 1
npt: 1
nptxy: 0
nptdxdy: 0
shape: 0
seed: 725923
249.274517801598 145.044495908412 0.000000000000 1.000000000000
-56.971849252231 191.925455554728 0.866025403784 -0.500000000000
-83.459951386183 -82.872263744143 0.000000000000 1.000000000000
24.025224302010 -299.463681155102 0.000000000000 1.000000000000
80.059711600717 -11.347380242263 0.000000000000 1.000000000000
127.459988856269 118.167785076489 0.866025403784 0.500000000000
-199.068368562001 145.465716530891 0.866025403784 -0.500000000000
66.918584757894 23.772060178703 0.866025403784 -0.500000000000
124.948907670884 -216.323004835113 0.866025403784 0.500000000000
-84.836637147967 -10.120424294075 0.866025403784 -0.500000000000
-206.942797163757 -53.972600880236 0.866025403784 0.500000000000
-418.062874291215 367.008870885144 0.866025403784 -0.500000000000
28.132047876658 84.401610436353 0.000000000000 1.000000000000
-32.094694771077 196.568667466108 0.866025403784 0.500000000000
116.325074511587 119.648846327644 0.866025403784 -0.500000000000
79.297493576751 98.194190865785 0.000000000000 1.000000000000
100.422956705487 -117.606608153607 0.000000000000 1.000000000000
-309.487707396271 110.122578767474 0.866025403784 0.500000000000
-208.756622445378 390.078573598305 0.866025403784 -0.500000000000
137.884386248282 503.964730263926 0.866025403784 0.500000000000
