#Configurational_file created 2018-09-14 11:29:57  started 2018-09-14 11:29:56 run for 1.0s steps 0
name: p_633
step: 10000
specie: 20
	particle_diameter: 1.0000000000000000
	interaction_length: 1.2000000000000000
	number_of_patches: 3
	number_of_particles_per_compound: 1
	rod_length: 1.0000000000000000
	interaction_matrix:  1.000000 1.000000 1.000000 1.000000 1.000000 1.000000 1.000000 1.000000 1.000000
	patch_type: symmetric
	patch_width: 8.0000000000000000
	patch_angle: 0.0000000000000000
	angles:  0.000000 0.000000 0.000000
	grand_canonical: 0
	chemical_potential: 0.0000000000000000
box: 52.223284 52.223284
copy: 1.000000 1.000000
epsilon: 0.0001000000000000
end_epsilon: 0.0000000000000000
pressure: 0.5834040000000000
lambda: 0.0000000000000000
lambda_coupling: 1.0000000000000000
uy: 0.0000000000000000
maximum_displacement: 1.0000000000000000
maximum_rotation: 1.0000000000000000
maximum_volume: 1.0000000000000000
maximum_shape: 0.0000001000000000
maximum_dsigma: 0.0100000000000000
mod: 10
pmod: 10
optimize: 1
verbose: 1
snapshot: 0
display: 1
explore: 1
npt: 1
nptxy: 0
nptdxdy: 0
shape: 0
seed: 722512
-258.723146700178 -104.481036745919 0.000000000000 1.000000000000
183.625280135199 42.870583108802 0.866025403784 0.500000000000
-271.261146988410 -202.826738555953 0.866025403784 0.500000000000
-140.294928430441 34.871016227738 0.866025403784 -0.500000000000
150.268879228757 61.416332184983 0.866025403784 0.500000000000
-99.222799528173 79.724907896621 0.866025403784 -0.500000000000
-65.848206649194 32.266212874777 0.866025403784 -0.500000000000
-19.715822400195 214.656059245366 0.000000000000 1.000000000000
-249.102362510439 69.303872509358 0.866025403784 -0.500000000000
252.670174021058 -31.597183439789 0.866025403784 -0.500000000000
-274.027094737840 119.416563744266 0.000000000000 1.000000000000
40.785232075302 201.828399033078 0.866025403784 0.500000000000
275.582213928280 175.571238961942 0.866025403784 -0.500000000000
-29.233027648200 116.211004888100 0.000000000000 1.000000000000
263.307878292588 196.414056731702 0.866025403784 -0.500000000000
5.490401577160 104.823619476633 0.866025403784 0.500000000000
63.742817168768 -344.578190101636 0.866025403784 0.500000000000
157.068771405977 -54.048077801133 0.866025403784 0.500000000000
78.131927652379 393.254473366221 0.866025403784 0.500000000000
77.759977576348 182.445172913456 0.000000000000 1.000000000000
