#Configurational_file created 2018-09-14 11:57:37  started 2018-09-14 11:57:37 run for 0.0s steps 0
name: p_638
step: 10000
specie: 20
	particle_diameter: 1.0000000000000000
	interaction_length: 1.2000000000000000
	number_of_patches: 3
	number_of_particles_per_compound: 1
	rod_length: 1.0000000000000000
	interaction_matrix:  1.000000 1.000000 1.000000 1.000000 1.000000 1.000000 1.000000 1.000000 1.000000
	patch_type: symmetric
	patch_width: 8.0000000000000000
	patch_angle: 0.0000000000000000
	angles:  0.000000 0.000000 0.000000
	grand_canonical: 0
	chemical_potential: 0.0000000000000000
box: 45.718974 45.718974
copy: 1.000000 1.000000
epsilon: 0.0000010000000000
end_epsilon: 0.0000000000000000
pressure: 0.0500010000000000
lambda: 0.0000000000000000
lambda_coupling: 1.0000000000000000
uy: 0.0000000000000000
maximum_displacement: 1.0000000000000000
maximum_rotation: 1.0000000000000000
maximum_volume: 1.0000000000000000
maximum_shape: 0.0000001000000000
maximum_dsigma: 0.0100000000000000
mod: 10
pmod: 10
optimize: 1
verbose: 1
snapshot: 0
display: 1
explore: 1
npt: 1
nptxy: 0
nptdxdy: 0
shape: 0
seed: 728197
12.526812011784 299.921999599643 0.866025403784 0.500000000000
-1.359208521060 143.252294962646 0.000000000000 1.000000000000
319.297627147004 -144.997147301536 0.866025403784 0.500000000000
-54.954763461643 -99.520984304059 0.000000000000 1.000000000000
103.594765287023 109.936357595736 0.000000000000 1.000000000000
193.257549423190 66.557137755894 0.866025403784 0.500000000000
39.723493028706 277.163034797898 0.866025403784 0.500000000000
-191.046815414540 160.507592412147 0.000000000000 1.000000000000
-134.029615490939 76.286672139974 0.866025403784 0.500000000000
-311.073693573131 -141.198124300954 0.000000000000 1.000000000000
144.408633050493 136.887377953498 0.000000000000 1.000000000000
-69.418234778117 -176.477307581033 0.000000000000 1.000000000000
108.774616525926 192.403548720853 0.866025403784 -0.500000000000
-173.137381670730 -0.650491268783 0.866025403784 -0.500000000000
299.372861644693 108.695337469395 0.866025403784 -0.500000000000
102.139794484003 -241.236222981418 0.866025403784 0.500000000000
-105.858742734288 267.419127652335 0.000000000000 1.000000000000
17.329919185480 -9.461462434279 0.000000000000 1.000000000000
176.394585904683 413.263189150889 0.866025403784 0.500000000000
2.809898678203 -207.250503615723 0.866025403784 0.500000000000
