#Configurational_file created 2018-09-14 11:57:35  started 2018-09-14 11:57:35 run for 0.0s steps 0
name: p_635
step: 10000
specie: 20
	particle_diameter: 1.0000000000000000
	interaction_length: 1.2000000000000000
	number_of_patches: 3
	number_of_particles_per_compound: 1
	rod_length: 1.0000000000000000
	interaction_matrix:  1.000000 1.000000 1.000000 1.000000 1.000000 1.000000 1.000000 1.000000 1.000000
	patch_type: symmetric
	patch_width: 8.0000000000000000
	patch_angle: 0.0000000000000000
	angles:  0.000000 0.000000 0.000000
	grand_canonical: 0
	chemical_potential: 0.0000000000000000
box: 48.579962 48.579962
copy: 1.000000 1.000000
epsilon: 0.0000010000000000
end_epsilon: 0.0000000000000000
pressure: 0.0375010000000000
lambda: 0.0000000000000000
lambda_coupling: 1.0000000000000000
uy: 0.0000000000000000
maximum_displacement: 1.0000000000000000
maximum_rotation: 1.0000000000000000
maximum_volume: 1.0000000000000000
maximum_shape: 0.0000001000000000
maximum_dsigma: 0.0100000000000000
mod: 10
pmod: 10
optimize: 1
verbose: 1
snapshot: 0
display: 1
explore: 1
npt: 1
nptxy: 0
nptdxdy: 0
shape: 0
seed: 724786
94.963355647131 -1.830339383393 0.866025403784 -0.500000000000
88.182669953375 38.492353844457 0.866025403784 0.500000000000
-193.696315343232 137.503425918192 0.866025403784 0.500000000000
75.455438653716 -23.840511550869 0.000000000000 1.000000000000
-0.134640837868 142.396821875730 0.000000000000 1.000000000000
-209.236535045056 -317.348556659162 0.866025403784 0.500000000000
-130.133322535957 -30.048725835910 0.866025403784 0.500000000000
112.556511079360 -427.679243631407 0.866025403784 -0.500000000000
-20.178629704846 198.759043681420 0.000000000000 1.000000000000
-77.090455419531 -55.291132163554 0.866025403784 -0.500000000000
153.827903989071 62.416794759116 0.866025403784 0.500000000000
-73.518497363610 276.845564720790 0.000000000000 1.000000000000
124.196679951719 202.376519276405 0.866025403784 0.500000000000
-79.837682379724 196.645719616066 0.866025403784 0.500000000000
141.407436232661 9.817512012984 0.000000000000 1.000000000000
-97.444538533891 77.213678480155 0.866025403784 0.500000000000
73.011355223862 173.636399769144 0.866025403784 -0.500000000000
-163.162986803240 -81.329523849511 0.000000000000 1.000000000000
165.098216685301 -231.432808988473 0.866025403784 -0.500000000000
145.009531690721 -212.724822869109 0.000000000000 1.000000000000
