#Configurational_file created 2018-09-14 11:57:32  started 2018-09-14 11:57:31 run for 1.0s steps 0
name: p_631
step: 10000
specie: 20
	particle_diameter: 1.0000000000000000
	interaction_length: 1.2000000000000000
	number_of_patches: 3
	number_of_particles_per_compound: 1
	rod_length: 1.0000000000000000
	interaction_matrix:  1.000000 1.000000 1.000000 1.000000 1.000000 1.000000 1.000000 1.000000 1.000000
	patch_type: symmetric
	patch_width: 8.0000000000000000
	patch_angle: 0.0000000000000000
	angles:  0.000000 0.000000 0.000000
	grand_canonical: 0
	chemical_potential: 0.0000000000000000
box: 52.941748 52.941748
copy: 1.000000 1.000000
epsilon: 0.0000010000000000
end_epsilon: 0.0000000000000000
pressure: 0.0208340000000000
lambda: 0.0000000000000000
lambda_coupling: 1.0000000000000000
uy: 0.0000000000000000
maximum_displacement: 1.0000000000000000
maximum_rotation: 1.0000000000000000
maximum_volume: 1.0000000000000000
maximum_shape: 0.0000001000000000
maximum_dsigma: 0.0100000000000000
mod: 10
pmod: 10
optimize: 1
verbose: 1
snapshot: 0
display: 1
explore: 1
npt: 1
nptxy: 0
nptdxdy: 0
shape: 0
seed: 720238
-161.560247371692 115.116845956415 0.000000000000 1.000000000000
-2.856639090640 41.924111874155 0.866025403784 -0.500000000000
56.850317778197 -63.848279303643 0.000000000000 1.000000000000
107.531512124738 4.466586606575 0.000000000000 1.000000000000
233.654123499833 -6.409204928067 0.866025403784 0.500000000000
-175.930239315220 112.915785818984 0.000000000000 1.000000000000
-254.775621733909 -257.718237999063 0.000000000000 1.000000000000
-63.124599975876 24.046087533072 0.000000000000 1.000000000000
420.610386743578 -164.888185361528 0.866025403784 -0.500000000000
4.578208322218 -15.171156207470 0.866025403784 -0.500000000000
-137.400492786538 -42.587136759879 0.866025403784 -0.500000000000
37.809039794054 117.457009107997 0.866025403784 0.500000000000
-28.156386188266 -47.712709238562 0.000000000000 1.000000000000
-183.102471542816 -71.016215140232 0.000000000000 1.000000000000
293.202400344950 -69.087401498816 0.866025403784 0.500000000000
-3.104200736849 245.449455468514 0.866025403784 -0.500000000000
-145.695610799472 39.349871011676 0.866025403784 -0.500000000000
258.564203326266 -5.080543039292 0.866025403784 0.500000000000
165.752839241656 128.501046489295 0.866025403784 -0.500000000000
169.878051097834 373.845438358065 0.866025403784 -0.500000000000
