#Configurational_file created 2018-09-14 11:29:59  started 2018-09-14 11:29:58 run for 1.0s steps 0
name: p_636
step: 10000
specie: 20
	particle_diameter: 1.0000000000000000
	interaction_length: 1.2000000000000000
	number_of_patches: 3
	number_of_particles_per_compound: 1
	rod_length: 1.0000000000000000
	interaction_matrix:  1.000000 1.000000 1.000000 1.000000 1.000000 1.000000 1.000000 1.000000 1.000000
	patch_type: symmetric
	patch_width: 8.0000000000000000
	patch_angle: 0.0000000000000000
	angles:  0.000000 0.000000 0.000000
	grand_canonical: 0
	chemical_potential: 0.0000000000000000
box: 43.610886 43.610886
copy: 1.000000 1.000000
epsilon: 0.0001000000000000
end_epsilon: 0.0000000000000000
pressure: 0.8333920000000000
lambda: 0.0000000000000000
lambda_coupling: 1.0000000000000000
uy: 0.0000000000000000
maximum_displacement: 1.0000000000000000
maximum_rotation: 1.0000000000000000
maximum_volume: 1.0000000000000000
maximum_shape: 0.0000001000000000
maximum_dsigma: 0.0100000000000000
mod: 10
pmod: 10
optimize: 1
verbose: 1
snapshot: 0
display: 1
explore: 1
npt: 1
nptxy: 0
nptdxdy: 0
shape: 0
seed: 725923
217.698821097089 217.289602521335 0.866025403784 -0.500000000000
129.228648790826 -30.054645893096 0.866025403784 -0.500000000000
267.743560605708 -282.285996818455 0.866025403784 0.500000000000
-20.546390994871 -133.127128678627 0.866025403784 -0.500000000000
310.085818163422 201.068262059446 0.000000000000 1.000000000000
162.289453483725 168.473858692408 0.866025403784 0.500000000000
-180.918576314294 98.625648832783 0.866025403784 0.500000000000
95.845650499275 -190.684526740907 0.000000000000 1.000000000000
257.013577530392 44.816513506157 0.866025403784 -0.500000000000
160.254609974905 -162.166928170896 0.000000000000 1.000000000000
209.274732903692 164.223534057282 0.000000000000 1.000000000000
-168.051847864575 132.759219804884 0.866025403784 0.500000000000
355.421351790076 -115.262211466384 0.000000000000 1.000000000000
16.197582467566 -271.536871638999 0.000000000000 1.000000000000
23.895976176382 32.385665228625 0.000000000000 1.000000000000
120.404734409294 -97.778625478571 0.866025403784 0.500000000000
-5.607296078966 -287.433214778217 0.866025403784 0.500000000000
-195.399766330636 -104.397724655750 0.866025403784 0.500000000000
38.413413396614 225.178743610029 0.000000000000 1.000000000000
19.804127867408 26.548774007813 0.866025403784 -0.500000000000
