#Configurational_file created 2018-09-14 11:57:31  started 2018-09-14 11:57:31 run for 0.0s steps 0
name: p_630
step: 10000
specie: 20
	particle_diameter: 1.0000000000000000
	interaction_length: 1.2000000000000000
	number_of_patches: 3
	number_of_particles_per_compound: 1
	rod_length: 1.0000000000000000
	interaction_matrix:  1.000000 1.000000 1.000000 1.000000 1.000000 1.000000 1.000000 1.000000 1.000000
	patch_type: symmetric
	patch_width: 8.0000000000000000
	patch_angle: 0.0000000000000000
	angles:  0.000000 0.000000 0.000000
	grand_canonical: 0
	chemical_potential: 0.0000000000000000
box: 54.423199 54.423199
copy: 1.000000 1.000000
epsilon: 0.0000010000000000
end_epsilon: 0.0000000000000000
pressure: 0.0166680000000000
lambda: 0.0000000000000000
lambda_coupling: 1.0000000000000000
uy: 0.0000000000000000
maximum_displacement: 1.0000000000000000
maximum_rotation: 1.0000000000000000
maximum_volume: 1.0000000000000000
maximum_shape: 0.0000001000000000
maximum_dsigma: 0.0100000000000000
mod: 10
pmod: 10
optimize: 1
verbose: 1
snapshot: 0
display: 1
explore: 1
npt: 1
nptxy: 0
nptdxdy: 0
shape: 0
seed: 719101
28.448051901023 -252.866799901185 0.866025403784 0.500000000000
-273.809308129601 3.207682171783 0.866025403784 -0.500000000000
-20.582677714991 346.050866527488 0.866025403784 -0.500000000000
-166.887382520897 509.007159610068 0.866025403784 -0.500000000000
-142.568162016184 147.814711203413 0.000000000000 1.000000000000
-161.948495881613 -8.304892965160 0.866025403784 -0.500000000000
356.855090100294 -372.204443069033 0.866025403784 0.500000000000
-173.648688372339 234.018857585317 0.000000000000 1.000000000000
591.362040937601 -418.016481458431 0.866025403784 -0.500000000000
147.253335841922 226.822013903240 0.866025403784 -0.500000000000
209.732272531193 -60.284838806709 0.000000000000 1.000000000000
29.316480455085 -21.603041236447 0.866025403784 0.500000000000
410.293215856003 56.771378408401 0.866025403784 -0.500000000000
23.713821382632 -29.687949995108 0.866025403784 -0.500000000000
208.926259540651 -13.503907644778 0.866025403784 0.500000000000
312.986370762605 162.492492074124 0.866025403784 -0.500000000000
88.912679904292 266.781901119572 0.866025403784 -0.500000000000
38.329925662136 126.965282749119 0.866025403784 -0.500000000000
-383.406711884257 15.537745235656 0.866025403784 0.500000000000
33.563471742398 -235.056514130432 0.866025403784 0.500000000000
