#Configurational_file created 2018-09-14 11:57:34  started 2018-09-14 11:57:34 run for 0.0s steps 0
name: p_634
step: 10000
specie: 20
	particle_diameter: 1.0000000000000000
	interaction_length: 1.2000000000000000
	number_of_patches: 3
	number_of_particles_per_compound: 1
	rod_length: 1.0000000000000000
	interaction_matrix:  1.000000 1.000000 1.000000 1.000000 1.000000 1.000000 1.000000 1.000000 1.000000
	patch_type: symmetric
	patch_width: 8.0000000000000000
	patch_angle: 0.0000000000000000
	angles:  0.000000 0.000000 0.000000
	grand_canonical: 0
	chemical_potential: 0.0000000000000000
box: 49.144707 49.144707
copy: 1.000000 1.000000
epsilon: 0.0000010000000000
end_epsilon: 0.0000000000000000
pressure: 0.0333340000000000
lambda: 0.0000000000000000
lambda_coupling: 1.0000000000000000
uy: 0.0000000000000000
maximum_displacement: 1.0000000000000000
maximum_rotation: 1.0000000000000000
maximum_volume: 1.0000000000000000
maximum_shape: 0.0000001000000000
maximum_dsigma: 0.0100000000000000
mod: 10
pmod: 10
optimize: 1
verbose: 1
snapshot: 0
display: 1
explore: 1
npt: 1
nptxy: 0
nptdxdy: 0
shape: 0
seed: 723649
-22.369001971092 -181.518290854129 0.866025403784 0.500000000000
-71.076230605957 285.422067541436 0.000000000000 1.000000000000
265.534096201199 -138.545087902297 0.866025403784 -0.500000000000
-26.654522151701 233.232779103530 0.866025403784 -0.500000000000
147.742225874331 -159.724426487064 0.866025403784 0.500000000000
292.039511155173 55.499912170946 0.866025403784 -0.500000000000
44.350191588684 -223.428896467503 0.866025403784 -0.500000000000
-38.765097897308 89.432306789256 0.000000000000 1.000000000000
198.758495182876 165.808585713797 0.866025403784 0.500000000000
-268.970564445442 3.116001537355 0.866025403784 0.500000000000
-128.884960097719 -163.017885190637 0.000000000000 1.000000000000
-63.751781614942 46.621066128545 0.000000000000 1.000000000000
96.592598715819 237.309870115155 0.866025403784 -0.500000000000
7.378949559802 71.725210986721 0.866025403784 -0.500000000000
-227.846551660330 -46.229232433019 0.866025403784 -0.500000000000
235.226352200406 -233.908664461407 0.866025403784 0.500000000000
223.230514237125 -13.571217945461 0.866025403784 -0.500000000000
20.191196502788 29.105636894234 0.866025403784 -0.500000000000
42.520840000340 114.194620324608 0.866025403784 -0.500000000000
28.355362904546 -68.472320441735 0.866025403784 -0.500000000000
