#Configurational_file created 2018-09-14 11:57:37  started 2018-09-14 11:57:36 run for 1.0s steps 0
name: p_637
step: 10000
specie: 20
	particle_diameter: 1.0000000000000000
	interaction_length: 1.2000000000000000
	number_of_patches: 3
	number_of_particles_per_compound: 1
	rod_length: 1.0000000000000000
	interaction_matrix:  1.000000 1.000000 1.000000 1.000000 1.000000 1.000000 1.000000 1.000000 1.000000
	patch_type: symmetric
	patch_width: 8.0000000000000000
	patch_angle: 0.0000000000000000
	angles:  0.000000 0.000000 0.000000
	grand_canonical: 0
	chemical_potential: 0.0000000000000000
box: 52.528418 52.528418
copy: 1.000000 1.000000
epsilon: 0.0000010000000000
end_epsilon: 0.0000000000000000
pressure: 0.0458340000000000
lambda: 0.0000000000000000
lambda_coupling: 1.0000000000000000
uy: 0.0000000000000000
maximum_displacement: 1.0000000000000000
maximum_rotation: 1.0000000000000000
maximum_volume: 1.0000000000000000
maximum_shape: 0.0000001000000000
maximum_dsigma: 0.0100000000000000
mod: 10
pmod: 10
optimize: 1
verbose: 1
snapshot: 0
display: 1
explore: 1
npt: 1
nptxy: 0
nptdxdy: 0
shape: 0
seed: 727060
-106.204112025393 -130.309067590924 0.866025403784 0.500000000000
173.608973645315 141.537917968591 0.866025403784 -0.500000000000
-33.888144276163 -70.242514214180 0.866025403784 0.500000000000
21.213998656412 115.674744932139 0.866025403784 0.500000000000
98.968654007583 -36.024834367531 0.866025403784 0.500000000000
-25.779506550065 -147.900719231635 0.866025403784 0.500000000000
293.168846315702 29.539468707063 0.866025403784 0.500000000000
-82.211437244366 3.279608011613 0.866025403784 -0.500000000000
-99.867233710542 -184.675561815935 0.000000000000 1.000000000000
-231.119413098297 44.675566470430 0.866025403784 0.500000000000
-203.725022150954 7.672755748024 0.866025403784 0.500000000000
-64.150009317535 123.731450271207 0.866025403784 -0.500000000000
72.310856017944 9.963990827511 0.866025403784 -0.500000000000
75.488742658846 -206.926816221698 0.000000000000 1.000000000000
31.846579517633 270.623359482386 0.866025403784 -0.500000000000
-91.589534435764 -79.445768291594 0.866025403784 0.500000000000
167.686698510758 127.841135103141 0.866025403784 -0.500000000000
-71.227821063585 -128.288506292601 0.866025403784 0.500000000000
-192.896752114082 -243.571616219408 0.866025403784 0.500000000000
212.086002154848 -123.522366743320 0.866025403784 -0.500000000000
