#Configurational_file created 2018-09-14 11:57:34  started 2018-09-14 11:57:33 run for 1.0s steps 0
name: p_633
step: 10000
specie: 20
	particle_diameter: 1.0000000000000000
	interaction_length: 1.2000000000000000
	number_of_patches: 3
	number_of_particles_per_compound: 1
	rod_length: 1.0000000000000000
	interaction_matrix:  1.000000 1.000000 1.000000 1.000000 1.000000 1.000000 1.000000 1.000000 1.000000
	patch_type: symmetric
	patch_width: 8.0000000000000000
	patch_angle: 0.0000000000000000
	angles:  0.000000 0.000000 0.000000
	grand_canonical: 0
	chemical_potential: 0.0000000000000000
box: 48.825123 48.825123
copy: 1.000000 1.000000
epsilon: 0.0000010000000000
end_epsilon: 0.0000000000000000
pressure: 0.0291670000000000
lambda: 0.0000000000000000
lambda_coupling: 1.0000000000000000
uy: 0.0000000000000000
maximum_displacement: 1.0000000000000000
maximum_rotation: 1.0000000000000000
maximum_volume: 1.0000000000000000
maximum_shape: 0.0000001000000000
maximum_dsigma: 0.0100000000000000
mod: 10
pmod: 10
optimize: 1
verbose: 1
snapshot: 0
display: 1
explore: 1
npt: 1
nptxy: 0
nptdxdy: 0
shape: 0
seed: 722512
-297.813110908002 102.230781302800 0.866025403784 0.500000000000
13.189743840928 69.872614023173 0.866025403784 -0.500000000000
-99.852632208479 -237.514478292518 0.866025403784 -0.500000000000
-155.717887107439 57.422809195472 0.866025403784 0.500000000000
-31.919336521474 48.674753085541 0.866025403784 0.500000000000
-182.417970687556 -58.118676922174 0.866025403784 -0.500000000000
-277.982202050250 -104.731547962962 0.000000000000 1.000000000000
-186.806759870863 273.909505963153 0.866025403784 -0.500000000000
-230.174034530253 92.738963824430 0.000000000000 1.000000000000
182.182124647594 -61.840443204226 0.000000000000 1.000000000000
-41.546458656257 -9.201098071684 0.866025403784 -0.500000000000
104.680928658293 -82.897634412597 0.866025403784 -0.500000000000
119.463661473810 263.326693526610 0.866025403784 -0.500000000000
-9.891942214273 351.840806096025 0.000000000000 1.000000000000
412.928964911354 213.533192372396 0.000000000000 1.000000000000
1.923776567279 78.492601915747 0.866025403784 0.500000000000
339.513017624272 -356.544116580007 0.000000000000 1.000000000000
22.832412926921 -51.448285051233 0.000000000000 1.000000000000
15.513664547111 434.375010959699 0.000000000000 1.000000000000
134.276449920930 97.199114062815 0.000000000000 1.000000000000
