#Configurational_file created 2018-09-14 11:29:54  started 2018-09-14 11:29:54 run for 0.0s steps 0
name: p_630
step: 10000
specie: 20
	particle_diameter: 1.0000000000000000
	interaction_length: 1.2000000000000000
	number_of_patches: 3
	number_of_particles_per_compound: 1
	rod_length: 1.0000000000000000
	interaction_matrix:  1.000000 1.000000 1.000000 1.000000 1.000000 1.000000 1.000000 1.000000 1.000000
	patch_type: symmetric
	patch_width: 8.0000000000000000
	patch_angle: 0.0000000000000000
	angles:  0.000000 0.000000 0.000000
	grand_canonical: 0
	chemical_potential: 0.0000000000000000
box: 45.930848 45.930848
copy: 1.000000 1.000000
epsilon: 0.0001000000000000
end_epsilon: 0.0000000000000000
pressure: 0.3334170000000000
lambda: 0.0000000000000000
lambda_coupling: 1.0000000000000000
uy: 0.0000000000000000
maximum_displacement: 1.0000000000000000
maximum_rotation: 1.0000000000000000
maximum_volume: 1.0000000000000000
maximum_shape: 0.0000001000000000
maximum_dsigma: 0.0100000000000000
mod: 10
pmod: 10
optimize: 1
verbose: 1
snapshot: 0
display: 1
explore: 1
npt: 1
nptxy: 0
nptdxdy: 0
shape: 0
seed: 719101
88.734914238848 -391.895757303933 0.866025403784 -0.500000000000
-332.815473000360 11.095657888595 0.866025403784 0.500000000000
-60.181195487291 154.150421182817 0.000000000000 1.000000000000
25.519913527535 139.056833021412 0.000000000000 1.000000000000
-128.412841574766 154.281807370803 0.000000000000 1.000000000000
-97.397284960083 -22.069230079245 0.000000000000 1.000000000000
-12.839164974353 -414.169770861456 0.866025403784 0.500000000000
37.331950316108 58.588862416704 0.866025403784 0.500000000000
188.629308261042 -242.021488994511 0.866025403784 0.500000000000
262.867746901896 103.536302302552 0.000000000000 1.000000000000
122.436848097753 -5.806890586946 0.000000000000 1.000000000000
6.909566621939 99.284943890406 0.000000000000 1.000000000000
504.167427391921 82.289838643618 0.000000000000 1.000000000000
80.814174551556 109.255450924965 0.866025403784 -0.500000000000
-66.495541859332 -47.288656026895 0.000000000000 1.000000000000
426.732377834537 42.483141444720 0.000000000000 1.000000000000
223.363791614040 168.782263819293 0.000000000000 1.000000000000
65.365458491550 156.256677679372 0.866025403784 -0.500000000000
-175.555918001907 -65.884305089565 0.866025403784 0.500000000000
147.351288014262 -247.065456362322 0.000000000000 1.000000000000
