#Configurational_file created 2018-09-14 11:30:00  started 2018-09-14 11:29:59 run for 1.0s steps 0
name: p_637
step: 10000
specie: 20
	particle_diameter: 1.0000000000000000
	interaction_length: 1.2000000000000000
	number_of_patches: 3
	number_of_particles_per_compound: 1
	rod_length: 1.0000000000000000
	interaction_matrix:  1.000000 1.000000 1.000000 1.000000 1.000000 1.000000 1.000000 1.000000 1.000000
	patch_type: symmetric
	patch_width: 8.0000000000000000
	patch_angle: 0.0000000000000000
	angles:  0.000000 0.000000 0.000000
	grand_canonical: 0
	chemical_potential: 0.0000000000000000
box: 45.197118 45.197118
copy: 1.000000 1.000000
epsilon: 0.0001000000000000
end_epsilon: 0.0000000000000000
pressure: 0.9167210000000000
lambda: 0.0000000000000000
lambda_coupling: 1.0000000000000000
uy: 0.0000000000000000
maximum_displacement: 1.0000000000000000
maximum_rotation: 1.0000000000000000
maximum_volume: 1.0000000000000000
maximum_shape: 0.0000001000000000
maximum_dsigma: 0.0100000000000000
mod: 10
pmod: 10
optimize: 1
verbose: 1
snapshot: 0
display: 1
explore: 1
npt: 1
nptxy: 0
nptdxdy: 0
shape: 0
seed: 727060
100.359595661557 -103.902388263502 0.000000000000 1.000000000000
108.786638512877 55.651383865138 0.866025403784 0.500000000000
111.420253786293 195.330411738268 0.000000000000 1.000000000000
-229.952199508124 12.952389455925 0.866025403784 0.500000000000
-67.303302622922 -97.999195279575 0.866025403784 -0.500000000000
-81.175509487640 -54.774410234105 0.000000000000 1.000000000000
-162.484792899985 -259.108690755157 0.000000000000 1.000000000000
146.237129623782 -17.649146360049 0.000000000000 1.000000000000
-39.259417714274 -352.924483384274 0.866025403784 -0.500000000000
-76.617198895162 -121.593628419868 0.866025403784 0.500000000000
35.152922925149 54.629830508083 0.866025403784 0.500000000000
86.906043274234 226.392500210042 0.866025403784 -0.500000000000
-204.671075486338 279.458020377156 0.866025403784 0.500000000000
-12.734675902252 150.661427919932 0.866025403784 0.500000000000
44.131998812091 264.041560975217 0.866025403784 -0.500000000000
108.054553942248 -39.866876172737 0.866025403784 -0.500000000000
-59.266794023616 1.653793829376 0.866025403784 -0.500000000000
-39.531813445815 -60.709255257966 0.000000000000 1.000000000000
-97.476257109374 21.636238999911 0.866025403784 0.500000000000
170.443657831744 -0.829574149487 0.866025403784 0.500000000000
