#Configurational_file created 2018-09-14 11:29:58  started 2018-09-14 11:29:57 run for 1.0s steps 0
name: p_635
step: 10000
specie: 20
	particle_diameter: 1.0000000000000000
	interaction_length: 1.2000000000000000
	number_of_patches: 3
	number_of_particles_per_compound: 1
	rod_length: 1.0000000000000000
	interaction_matrix:  1.000000 1.000000 1.000000 1.000000 1.000000 1.000000 1.000000 1.000000 1.000000
	patch_type: symmetric
	patch_width: 8.0000000000000000
	patch_angle: 0.0000000000000000
	angles:  0.000000 0.000000 0.000000
	grand_canonical: 0
	chemical_potential: 0.0000000000000000
box: 45.999088 45.999088
copy: 1.000000 1.000000
epsilon: 0.0001000000000000
end_epsilon: 0.0000000000000000
pressure: 0.7500620000000000
lambda: 0.0000000000000000
lambda_coupling: 1.0000000000000000
uy: 0.0000000000000000
maximum_displacement: 1.0000000000000000
maximum_rotation: 1.0000000000000000
maximum_volume: 1.0000000000000000
maximum_shape: 0.0000001000000000
maximum_dsigma: 0.0100000000000000
mod: 10
pmod: 10
optimize: 1
verbose: 1
snapshot: 0
display: 1
explore: 1
npt: 1
nptxy: 0
nptdxdy: 0
shape: 0
seed: 724786
-20.374553734326 236.573274235995 0.866025403784 0.500000000000
-211.395169400241 -41.380889882257 0.866025403784 0.500000000000
-141.171838773798 135.903066718886 0.866025403784 0.500000000000
-11.839497448605 46.464248156779 0.866025403784 0.500000000000
35.945472622821 93.956625660190 0.866025403784 0.500000000000
-60.402439488896 42.351768671989 0.866025403784 -0.500000000000
275.031328939142 -89.345474188781 0.866025403784 -0.500000000000
-10.947963581531 -162.836210557856 0.000000000000 1.000000000000
49.640713684822 113.291275470801 0.866025403784 0.500000000000
251.914247866814 107.133873977571 0.000000000000 1.000000000000
165.001370216305 152.156925538285 0.866025403784 0.500000000000
-96.512980329747 161.257456512949 0.866025403784 0.500000000000
75.506551503801 128.684592617560 0.000000000000 1.000000000000
-66.619035660808 109.393963392900 0.000000000000 1.000000000000
252.141207943165 -195.887348844602 0.866025403784 -0.500000000000
146.735394684500 158.882602870268 0.866025403784 0.500000000000
-202.297886599605 278.544103774315 0.000000000000 1.000000000000
56.099925798806 -129.209146420045 0.000000000000 1.000000000000
63.517836788273 21.413584944381 0.866025403784 0.500000000000
-165.166891429331 -29.451437860608 0.000000000000 1.000000000000
