#Configurational_file created 2018-09-14 11:57:38  started 2018-09-14 11:57:37 run for 1.0s steps 0
name: p_639
step: 10000
specie: 20
	particle_diameter: 1.0000000000000000
	interaction_length: 1.2000000000000000
	number_of_patches: 3
	number_of_particles_per_compound: 1
	rod_length: 1.0000000000000000
	interaction_matrix:  1.000000 1.000000 1.000000 1.000000 1.000000 1.000000 1.000000 1.000000 1.000000
	patch_type: symmetric
	patch_width: 8.0000000000000000
	patch_angle: 0.0000000000000000
	angles:  0.000000 0.000000 0.000000
	grand_canonical: 0
	chemical_potential: 0.0000000000000000
box: 44.443336 44.443336
copy: 1.000000 1.000000
epsilon: 0.0000010000000000
end_epsilon: 0.0000000000000000
pressure: 0.0541670000000000
lambda: 0.0000000000000000
lambda_coupling: 1.0000000000000000
uy: 0.0000000000000000
maximum_displacement: 1.0000000000000000
maximum_rotation: 1.0000000000000000
maximum_volume: 1.0000000000000000
maximum_shape: 0.0000001000000000
maximum_dsigma: 0.0100000000000000
mod: 10
pmod: 10
optimize: 1
verbose: 1
snapshot: 0
display: 1
explore: 1
npt: 1
nptxy: 0
nptdxdy: 0
shape: 0
seed: 729334
-40.592762678938 -71.758384978365 0.866025403784 -0.500000000000
-171.751906040898 327.652440966132 0.866025403784 -0.500000000000
-135.581056392796 -89.691020440002 0.866025403784 0.500000000000
384.008550408586 79.665682136956 0.866025403784 -0.500000000000
-38.848564640188 63.473575424173 0.000000000000 1.000000000000
-108.791116608995 -104.760469533287 0.000000000000 1.000000000000
229.098720494524 -85.626942865097 0.000000000000 1.000000000000
78.497937383389 230.601453004909 0.866025403784 0.500000000000
48.497262176657 208.505676549845 0.866025403784 0.500000000000
132.299530955107 162.904083057647 0.866025403784 -0.500000000000
-207.573834228916 53.265522343935 0.866025403784 0.500000000000
103.182814376961 45.004369369917 0.866025403784 -0.500000000000
260.235190539616 -157.991125067981 0.866025403784 0.500000000000
-140.187037444904 200.786872751791 0.866025403784 0.500000000000
101.668587927542 49.554652897028 0.000000000000 1.000000000000
130.058539649761 -76.082326855446 0.866025403784 0.500000000000
296.230672380077 -145.048448254090 0.000000000000 1.000000000000
3.374502775189 152.518979308375 0.000000000000 1.000000000000
224.114678483664 200.193758221317 0.866025403784 -0.500000000000
-142.729716986843 -131.994576810491 0.000000000000 1.000000000000
