#Configurational_file created 2018-09-14 11:57:40  started 2018-09-14 11:57:39 run for 1.0s steps 0
name: p_641
step: 10000
specie: 20
	particle_diameter: 1.0000000000000000
	interaction_length: 1.2000000000000000
	number_of_patches: 3
	number_of_particles_per_compound: 1
	rod_length: 1.0000000000000000
	interaction_matrix:  1.000000 1.000000 1.000000 1.000000 1.000000 1.000000 1.000000 1.000000 1.000000
	patch_type: symmetric
	patch_width: 8.0000000000000000
	patch_angle: 0.0000000000000000
	angles:  0.000000 0.000000 0.000000
	grand_canonical: 0
	chemical_potential: 0.0000000000000000
box: 45.065158 45.065158
copy: 1.000000 1.000000
epsilon: 0.0000010000000000
end_epsilon: 0.0000000000000000
pressure: 0.0625000000000000
lambda: 0.0000000000000000
lambda_coupling: 1.0000000000000000
uy: 0.0000000000000000
maximum_displacement: 1.0000000000000000
maximum_rotation: 1.0000000000000000
maximum_volume: 1.0000000000000000
maximum_shape: 0.0000001000000000
maximum_dsigma: 0.0100000000000000
mod: 10
pmod: 10
optimize: 1
verbose: 1
snapshot: 0
display: 1
explore: 1
npt: 1
nptxy: 0
nptdxdy: 0
shape: 0
seed: 731608
-31.357590554658 292.495034606524 0.866025403784 0.500000000000
-12.002100286906 168.739794594691 0.866025403784 -0.500000000000
-88.300614869561 -14.667265832165 0.000000000000 1.000000000000
92.308855400714 22.900153539382 0.000000000000 1.000000000000
-189.981753475205 -71.826873029533 0.000000000000 1.000000000000
133.951585211511 69.214830311377 0.000000000000 1.000000000000
189.243968529713 336.893465118222 0.866025403784 -0.500000000000
72.104445242409 -207.740404161684 0.866025403784 0.500000000000
-42.733434852200 86.802839269899 0.000000000000 1.000000000000
200.757605153968 -127.330811579242 0.866025403784 0.500000000000
-190.200638124859 149.684353463883 0.000000000000 1.000000000000
-104.867732836616 -61.646733913857 0.866025403784 0.500000000000
142.254835597339 -22.692079305132 0.866025403784 0.500000000000
-151.798504472982 273.220976579595 0.866025403784 0.500000000000
-42.431190390397 54.611138338566 0.866025403784 0.500000000000
-32.423136650875 227.563789829445 0.000000000000 1.000000000000
42.924042038415 -3.742399032432 0.866025403784 0.500000000000
86.051270173694 -21.036567092765 0.000000000000 1.000000000000
-421.833374628575 -45.744738063186 0.866025403784 0.500000000000
100.943600407590 155.805058423006 0.866025403784 -0.500000000000
