#Configurational_file created 2018-09-14 11:30:07  started 2018-09-14 11:30:06 run for 1.0s steps 0
name: p_647
step: 10000
specie: 20
	particle_diameter: 1.0000000000000000
	interaction_length: 1.2000000000000000
	number_of_patches: 3
	number_of_particles_per_compound: 1
	rod_length: 1.0000000000000000
	interaction_matrix:  1.000000 1.000000 1.000000 1.000000 1.000000 1.000000 1.000000 1.000000 1.000000
	patch_type: symmetric
	patch_width: 8.0000000000000000
	patch_angle: 0.0000000000000000
	angles:  0.000000 0.000000 0.000000
	grand_canonical: 0
	chemical_potential: 0.0000000000000000
box: 48.721087 48.721087
copy: 1.000000 1.000000
epsilon: 0.0001000000000000
end_epsilon: 0.0000000000000000
pressure: 1.7500119999999999
lambda: 0.0000000000000000
lambda_coupling: 1.0000000000000000
uy: 0.0000000000000000
maximum_displacement: 1.0000000000000000
maximum_rotation: 1.0000000000000000
maximum_volume: 1.0000000000000000
maximum_shape: 0.0000001000000000
maximum_dsigma: 0.0100000000000000
mod: 10
pmod: 10
optimize: 1
verbose: 1
snapshot: 0
display: 1
explore: 1
npt: 1
nptxy: 0
nptdxdy: 0
shape: 0
seed: 738430
219.531957296291 -221.662655412984 0.866025403784 0.500000000000
110.365847543415 50.041293488955 0.866025403784 0.500000000000
247.321490407475 -131.957052991465 0.000000000000 1.000000000000
-93.211361894321 95.452558262182 0.866025403784 -0.500000000000
116.796754160162 -152.514175989712 0.866025403784 -0.500000000000
-190.893111246647 77.743941696166 0.866025403784 -0.500000000000
178.989582726917 139.094101815442 0.866025403784 -0.500000000000
88.173100391630 -240.196038585270 0.866025403784 0.500000000000
106.997912073014 139.446960146243 0.000000000000 1.000000000000
-299.166652466694 -270.714278384889 0.000000000000 1.000000000000
382.145929562819 -230.080575440152 0.000000000000 1.000000000000
18.240089905646 278.001559267011 0.866025403784 0.500000000000
378.222309911930 -40.458726352440 0.866025403784 -0.500000000000
-49.015215293377 -307.404218539082 0.866025403784 -0.500000000000
8.864737294921 167.553754701476 0.866025403784 0.500000000000
159.224645702814 -13.115072947575 0.866025403784 -0.500000000000
11.224143950373 -76.334568607038 0.866025403784 0.500000000000
-184.123969238131 347.115946611899 0.866025403784 -0.500000000000
74.840763838638 -155.907274631427 0.000000000000 1.000000000000
-41.635442496272 -136.584861247709 0.000000000000 1.000000000000
