#Configurational_file created 2018-09-14 11:30:06  started 2018-09-14 11:30:06 run for 0.0s steps 0
name: p_646
step: 10000
specie: 20
	particle_diameter: 1.0000000000000000
	interaction_length: 1.2000000000000000
	number_of_patches: 3
	number_of_particles_per_compound: 1
	rod_length: 1.0000000000000000
	interaction_matrix:  1.000000 1.000000 1.000000 1.000000 1.000000 1.000000 1.000000 1.000000 1.000000
	patch_type: symmetric
	patch_width: 8.0000000000000000
	patch_angle: 0.0000000000000000
	angles:  0.000000 0.000000 0.000000
	grand_canonical: 0
	chemical_potential: 0.0000000000000000
box: 55.688499 55.688499
copy: 1.000000 1.000000
epsilon: 0.0001000000000000
end_epsilon: 0.0000000000000000
pressure: 1.6666829999999999
lambda: 0.0000000000000000
lambda_coupling: 1.0000000000000000
uy: 0.0000000000000000
maximum_displacement: 1.0000000000000000
maximum_rotation: 1.0000000000000000
maximum_volume: 1.0000000000000000
maximum_shape: 0.0000001000000000
maximum_dsigma: 0.0100000000000000
mod: 10
pmod: 10
optimize: 1
verbose: 1
snapshot: 0
display: 1
explore: 1
npt: 1
nptxy: 0
nptdxdy: 0
shape: 0
seed: 737293
188.367612364483 1.029060052554 0.866025403784 0.500000000000
-3.889668718889 -27.749132034373 0.866025403784 0.500000000000
-345.117444726691 231.618423625849 0.866025403784 -0.500000000000
110.382711067152 -32.321183172287 0.000000000000 1.000000000000
-327.915407082034 -266.402075634619 0.866025403784 -0.500000000000
194.020021561653 35.594519925797 0.000000000000 1.000000000000
-236.286939717281 300.443991326426 0.000000000000 1.000000000000
-204.372538442942 124.884546041088 0.000000000000 1.000000000000
-164.304037749081 -337.499690276321 0.000000000000 1.000000000000
-127.387435540130 250.581828290046 0.000000000000 1.000000000000
-58.452058524067 356.182268286013 0.866025403784 -0.500000000000
-227.216441800046 -107.943367821252 0.866025403784 0.500000000000
-84.384594353382 -279.496394147642 0.866025403784 -0.500000000000
22.951828136241 80.125031614027 0.866025403784 -0.500000000000
-239.967929101285 326.419567233105 0.866025403784 -0.500000000000
124.297046828902 109.396271447871 0.000000000000 1.000000000000
3.916669447805 -141.268000819624 0.000000000000 1.000000000000
191.566898682692 -100.801745312741 0.866025403784 0.500000000000
52.709342993413 120.156149758608 0.866025403784 -0.500000000000
-58.880732343101 -169.076212685321 0.000000000000 1.000000000000
