#Configurational_file created 2018-09-14 11:57:44  started 2018-09-14 11:57:43 run for 1.0s steps 0
name: p_646
step: 10000
specie: 20
	particle_diameter: 1.0000000000000000
	interaction_length: 1.2000000000000000
	number_of_patches: 3
	number_of_particles_per_compound: 1
	rod_length: 1.0000000000000000
	interaction_matrix:  1.000000 1.000000 1.000000 1.000000 1.000000 1.000000 1.000000 1.000000 1.000000
	patch_type: symmetric
	patch_width: 8.0000000000000000
	patch_angle: 0.0000000000000000
	angles:  0.000000 0.000000 0.000000
	grand_canonical: 0
	chemical_potential: 0.0000000000000000
box: 57.407193 57.407193
copy: 1.000000 1.000000
epsilon: 0.0000010000000000
end_epsilon: 0.0000000000000000
pressure: 0.0833340000000000
lambda: 0.0000000000000000
lambda_coupling: 1.0000000000000000
uy: 0.0000000000000000
maximum_displacement: 1.0000000000000000
maximum_rotation: 1.0000000000000000
maximum_volume: 1.0000000000000000
maximum_shape: 0.0000001000000000
maximum_dsigma: 0.0100000000000000
mod: 10
pmod: 10
optimize: 1
verbose: 1
snapshot: 0
display: 1
explore: 1
npt: 1
nptxy: 0
nptdxdy: 0
shape: 0
seed: 737293
175.205152725271 -8.797654470054 0.866025403784 0.500000000000
-18.014166407133 48.567383861744 0.000000000000 1.000000000000
-334.087629664448 183.340236894572 0.000000000000 1.000000000000
143.282269049820 -116.995857224792 0.866025403784 0.500000000000
-405.108086700919 -288.685843034521 0.000000000000 1.000000000000
230.017965049188 126.418022799676 0.000000000000 1.000000000000
-171.690835835997 313.712207133721 0.866025403784 0.500000000000
-150.087924364340 175.712991510052 0.866025403784 -0.500000000000
-60.597665227962 -368.836423763010 0.000000000000 1.000000000000
-47.887627373474 213.470511154701 0.866025403784 -0.500000000000
-20.023858837767 286.351295348214 0.866025403784 0.500000000000
-196.317621647576 -141.092232108721 0.000000000000 1.000000000000
-62.819693781347 -313.447882899926 0.000000000000 1.000000000000
70.886491571417 87.627260895312 0.866025403784 0.500000000000
-228.371055068137 389.950372591765 0.000000000000 1.000000000000
77.142795563766 100.513885574312 0.866025403784 -0.500000000000
-22.328819921024 -191.124343850891 0.866025403784 0.500000000000
209.433159430554 -117.033137772539 0.866025403784 0.500000000000
60.361704665437 83.593156531052 0.000000000000 1.000000000000
-29.369133723247 -181.566218177865 0.866025403784 -0.500000000000
