#Configurational_file created 2018-09-14 11:57:40  started 2018-09-14 11:57:40 run for 0.0s steps 0
name: p_642
step: 10000
specie: 20
	particle_diameter: 1.0000000000000000
	interaction_length: 1.2000000000000000
	number_of_patches: 3
	number_of_particles_per_compound: 1
	rod_length: 1.0000000000000000
	interaction_matrix:  1.000000 1.000000 1.000000 1.000000 1.000000 1.000000 1.000000 1.000000 1.000000
	patch_type: symmetric
	patch_width: 8.0000000000000000
	patch_angle: 0.0000000000000000
	angles:  0.000000 0.000000 0.000000
	grand_canonical: 0
	chemical_potential: 0.0000000000000000
box: 49.344415 49.344415
copy: 1.000000 1.000000
epsilon: 0.0000010000000000
end_epsilon: 0.0000000000000000
pressure: 0.0666670000000000
lambda: 0.0000000000000000
lambda_coupling: 1.0000000000000000
uy: 0.0000000000000000
maximum_displacement: 1.0000000000000000
maximum_rotation: 1.0000000000000000
maximum_volume: 1.0000000000000000
maximum_shape: 0.0000001000000000
maximum_dsigma: 0.0100000000000000
mod: 10
pmod: 10
optimize: 1
verbose: 1
snapshot: 0
display: 1
explore: 1
npt: 1
nptxy: 0
nptdxdy: 0
shape: 0
seed: 732745
25.862881466722 -149.315531421972 0.866025403784 -0.500000000000
177.061521702683 -476.963576156731 0.866025403784 -0.500000000000
-72.564336429622 -25.502325000358 0.000000000000 1.000000000000
-241.140320947481 154.798880008355 0.866025403784 -0.500000000000
-21.666718348557 367.414741448040 0.866025403784 -0.500000000000
106.991027505884 105.004986356996 0.866025403784 0.500000000000
355.389058675907 -201.789401921837 0.866025403784 -0.500000000000
-123.001085268500 -129.770602824527 0.866025403784 0.500000000000
-58.871241172995 -84.100633191381 0.866025403784 0.500000000000
9.754903496097 226.262213769448 0.000000000000 1.000000000000
-100.518085964998 -68.173344868321 0.866025403784 0.500000000000
270.728952920705 -287.502849735752 0.866025403784 -0.500000000000
243.388314282857 -376.138397198106 0.866025403784 0.500000000000
-68.824369359188 -123.506217414169 0.866025403784 -0.500000000000
-219.333279831951 340.571002451826 0.866025403784 0.500000000000
-13.519595791801 -69.460076189211 0.866025403784 -0.500000000000
-255.033110262509 210.263963446904 0.866025403784 -0.500000000000
46.969064341807 53.671136620764 0.866025403784 0.500000000000
-48.473034018893 217.084506775982 0.000000000000 1.000000000000
-52.260199811062 130.147746074161 0.866025403784 0.500000000000
