#Configurational_file created 2018-09-14 11:30:08  started 2018-09-14 11:30:07 run for 1.0s steps 0
name: p_648
step: 10000
specie: 20
	particle_diameter: 1.0000000000000000
	interaction_length: 1.2000000000000000
	number_of_patches: 3
	number_of_particles_per_compound: 1
	rod_length: 1.0000000000000000
	interaction_matrix:  1.000000 1.000000 1.000000 1.000000 1.000000 1.000000 1.000000 1.000000 1.000000
	patch_type: symmetric
	patch_width: 8.0000000000000000
	patch_angle: 0.0000000000000000
	angles:  0.000000 0.000000 0.000000
	grand_canonical: 0
	chemical_potential: 0.0000000000000000
box: 51.327448 51.327448
copy: 1.000000 1.000000
epsilon: 0.0001000000000000
end_epsilon: 0.0000000000000000
pressure: 1.8333420000000000
lambda: 0.0000000000000000
lambda_coupling: 1.0000000000000000
uy: 0.0000000000000000
maximum_displacement: 1.0000000000000000
maximum_rotation: 1.0000000000000000
maximum_volume: 1.0000000000000000
maximum_shape: 0.0000001000000000
maximum_dsigma: 0.0100000000000000
mod: 10
pmod: 10
optimize: 1
verbose: 1
snapshot: 0
display: 1
explore: 1
npt: 1
nptxy: 0
nptdxdy: 0
shape: 0
seed: 739567
290.604470384283 69.233535275153 0.000000000000 1.000000000000
239.127815760768 75.642564152048 0.866025403784 -0.500000000000
188.333957622609 87.399807333019 0.866025403784 -0.500000000000
121.425470193790 104.746787222138 0.866025403784 0.500000000000
361.758303448018 -38.582118571420 0.000000000000 1.000000000000
221.745931627953 218.652637962660 0.866025403784 -0.500000000000
-9.753768400363 23.503535475487 0.000000000000 1.000000000000
-225.841722312894 362.834064611716 0.866025403784 -0.500000000000
103.035516456575 -148.027430607214 0.866025403784 0.500000000000
-325.676666429767 290.994675412181 0.866025403784 0.500000000000
-377.643864649419 220.124326032239 0.000000000000 1.000000000000
-99.183578070280 -394.385232537240 0.866025403784 -0.500000000000
257.496357322655 380.562658422041 0.866025403784 -0.500000000000
253.827198100065 -88.583922704286 0.000000000000 1.000000000000
18.612107087308 22.310818564790 0.866025403784 0.500000000000
166.429124208757 -55.689641401639 0.866025403784 0.500000000000
348.370118824390 -43.157645261992 0.866025403784 -0.500000000000
46.853661358815 117.673756778273 0.866025403784 -0.500000000000
219.567020001884 -325.992395478398 0.000000000000 1.000000000000
109.683168208809 196.334473000305 0.000000000000 1.000000000000
