#Configurational_file created 2018-09-14 11:30:04  started 2018-09-14 11:30:03 run for 1.0s steps 0
name: p_643
step: 10000
specie: 20
	particle_diameter: 1.0000000000000000
	interaction_length: 1.2000000000000000
	number_of_patches: 3
	number_of_particles_per_compound: 1
	rod_length: 1.0000000000000000
	interaction_matrix:  1.000000 1.000000 1.000000 1.000000 1.000000 1.000000 1.000000 1.000000 1.000000
	patch_type: symmetric
	patch_width: 8.0000000000000000
	patch_angle: 0.0000000000000000
	angles:  0.000000 0.000000 0.000000
	grand_canonical: 0
	chemical_potential: 0.0000000000000000
box: 54.344531 54.344531
copy: 1.000000 1.000000
epsilon: 0.0001000000000000
end_epsilon: 0.0000000000000000
pressure: 1.4166960000000000
lambda: 0.0000000000000000
lambda_coupling: 1.0000000000000000
uy: 0.0000000000000000
maximum_displacement: 1.0000000000000000
maximum_rotation: 1.0000000000000000
maximum_volume: 1.0000000000000000
maximum_shape: 0.0000001000000000
maximum_dsigma: 0.0100000000000000
mod: 10
pmod: 10
optimize: 1
verbose: 1
snapshot: 0
display: 1
explore: 1
npt: 1
nptxy: 0
nptdxdy: 0
shape: 0
seed: 733882
6.983079432415 150.185845811526 0.000000000000 1.000000000000
-139.803137936271 160.499578965565 0.866025403784 -0.500000000000
256.887831997050 264.140919880148 0.866025403784 0.500000000000
-55.918246165844 109.869734812297 0.000000000000 1.000000000000
-209.276152266105 258.269653114605 0.000000000000 1.000000000000
-82.357836740988 62.242562850440 0.866025403784 0.500000000000
110.477020413336 137.611452152347 0.866025403784 0.500000000000
-89.413770099436 217.773155733239 0.866025403784 0.500000000000
-220.869716215300 -99.399137461782 0.866025403784 0.500000000000
210.482722858446 -239.520441133229 0.866025403784 0.500000000000
102.450992856730 129.009153911739 0.000000000000 1.000000000000
-111.460531369680 154.980456836311 0.000000000000 1.000000000000
-143.099695237407 -12.701961015125 0.000000000000 1.000000000000
97.829325763424 57.709918645247 0.866025403784 -0.500000000000
165.664083072929 -190.355089486926 0.866025403784 0.500000000000
-10.284378349220 -493.484873560104 0.866025403784 0.500000000000
-343.529849966973 -133.398304234149 0.866025403784 -0.500000000000
-121.532193879809 -224.343076171517 0.000000000000 1.000000000000
-237.702965409707 113.874951562754 0.866025403784 -0.500000000000
-123.013414906336 366.263254928493 0.866025403784 0.500000000000
