#Configurational_file created 2018-09-14 11:30:03  started 2018-09-14 11:30:02 run for 1.0s steps 0
name: p_641
step: 10000
specie: 20
	particle_diameter: 1.0000000000000000
	interaction_length: 1.2000000000000000
	number_of_patches: 3
	number_of_particles_per_compound: 1
	rod_length: 1.0000000000000000
	interaction_matrix:  1.000000 1.000000 1.000000 1.000000 1.000000 1.000000 1.000000 1.000000 1.000000
	patch_type: symmetric
	patch_width: 8.0000000000000000
	patch_angle: 0.0000000000000000
	angles:  0.000000 0.000000 0.000000
	grand_canonical: 0
	chemical_potential: 0.0000000000000000
box: 53.373860 53.373860
copy: 1.000000 1.000000
epsilon: 0.0001000000000000
end_epsilon: 0.0000000000000000
pressure: 1.2500370000000001
lambda: 0.0000000000000000
lambda_coupling: 1.0000000000000000
uy: 0.0000000000000000
maximum_displacement: 1.0000000000000000
maximum_rotation: 1.0000000000000000
maximum_volume: 1.0000000000000000
maximum_shape: 0.0000001000000000
maximum_dsigma: 0.0100000000000000
mod: 10
pmod: 10
optimize: 1
verbose: 1
snapshot: 0
display: 1
explore: 1
npt: 1
nptxy: 0
nptdxdy: 0
shape: 0
seed: 731608
-49.335595350616 138.094230895142 0.866025403784 -0.500000000000
-85.431059338287 315.654095169572 0.866025403784 -0.500000000000
-4.011711425180 -324.906273895740 0.000000000000 1.000000000000
108.293055130894 -278.772404482161 0.866025403784 -0.500000000000
-44.863251309290 242.562769062936 0.866025403784 -0.500000000000
225.476973686137 53.503570915346 0.866025403784 0.500000000000
185.943149259115 223.049068558369 0.866025403784 0.500000000000
-46.742652338250 -250.985230386610 0.866025403784 -0.500000000000
-176.985566342189 39.231585205821 0.866025403784 0.500000000000
107.379963234742 -259.171814595860 0.000000000000 1.000000000000
-68.542534874956 133.154704941865 0.000000000000 1.000000000000
22.573171771279 378.307307508959 0.000000000000 1.000000000000
138.440016111933 -201.701139624701 0.866025403784 -0.500000000000
-181.838239306329 349.623349265464 0.866025403784 -0.500000000000
152.003708354891 -14.994282747566 0.866025403784 0.500000000000
118.174499725934 99.552547693501 0.866025403784 0.500000000000
218.980603533586 67.747791577210 0.000000000000 1.000000000000
360.414932004455 -260.652506892832 0.866025403784 -0.500000000000
-100.879304160315 3.006765914791 0.866025403784 0.500000000000
-61.959280302844 184.679636328511 0.866025403784 -0.500000000000
