#Configurational_file created 2018-09-14 11:30:05  started 2018-09-14 11:30:04 run for 1.0s steps 0
name: p_644
step: 10000
specie: 20
	particle_diameter: 1.0000000000000000
	interaction_length: 1.2000000000000000
	number_of_patches: 3
	number_of_particles_per_compound: 1
	rod_length: 1.0000000000000000
	interaction_matrix:  1.000000 1.000000 1.000000 1.000000 1.000000 1.000000 1.000000 1.000000 1.000000
	patch_type: symmetric
	patch_width: 8.0000000000000000
	patch_angle: 0.0000000000000000
	angles:  0.000000 0.000000 0.000000
	grand_canonical: 0
	chemical_potential: 0.0000000000000000
box: 47.508499 47.508499
copy: 1.000000 1.000000
epsilon: 0.0001000000000000
end_epsilon: 0.0000000000000000
pressure: 1.5000249999999999
lambda: 0.0000000000000000
lambda_coupling: 1.0000000000000000
uy: 0.0000000000000000
maximum_displacement: 1.0000000000000000
maximum_rotation: 1.0000000000000000
maximum_volume: 1.0000000000000000
maximum_shape: 0.0000001000000000
maximum_dsigma: 0.0100000000000000
mod: 10
pmod: 10
optimize: 1
verbose: 1
snapshot: 0
display: 1
explore: 1
npt: 1
nptxy: 0
nptdxdy: 0
shape: 0
seed: 735019
58.256673261268 -107.124778171194 0.866025403784 -0.500000000000
12.383608481624 -196.397974773245 0.000000000000 1.000000000000
145.227671246479 -104.332418624219 0.000000000000 1.000000000000
-45.400933951274 374.644249598413 0.000000000000 1.000000000000
-91.771138622878 -187.373455727359 0.866025403784 0.500000000000
43.214481704560 318.153361414899 0.866025403784 -0.500000000000
-250.411805641787 182.374208133706 0.866025403784 -0.500000000000
143.371624344631 -224.755691952953 0.866025403784 0.500000000000
62.496781374153 33.729095535464 0.866025403784 -0.500000000000
-113.145529407007 -79.758683366130 0.000000000000 1.000000000000
-132.852309110401 82.084369908293 0.866025403784 0.500000000000
-215.034880113650 -94.796331076527 0.000000000000 1.000000000000
-61.343549600515 -108.479082170434 0.866025403784 -0.500000000000
-14.153090790616 93.095130457175 0.866025403784 -0.500000000000
-24.301767665751 -200.644050335649 0.866025403784 0.500000000000
5.350936076015 -36.993427477390 0.866025403784 0.500000000000
-117.894522026435 295.345501384716 0.866025403784 -0.500000000000
227.967353315039 120.664227532150 0.000000000000 1.000000000000
-135.899317887906 -67.308463035450 0.000000000000 1.000000000000
-109.587190731491 98.538993039044 0.866025403784 0.500000000000
