#Configurational_file created 2018-09-14 11:30:03  started 2018-09-14 11:30:03 run for 0.0s steps 0
name: p_642
step: 10000
specie: 20
	particle_diameter: 1.0000000000000000
	interaction_length: 1.2000000000000000
	number_of_patches: 3
	number_of_particles_per_compound: 1
	rod_length: 1.0000000000000000
	interaction_matrix:  1.000000 1.000000 1.000000 1.000000 1.000000 1.000000 1.000000 1.000000 1.000000
	patch_type: symmetric
	patch_width: 8.0000000000000000
	patch_angle: 0.0000000000000000
	angles:  0.000000 0.000000 0.000000
	grand_canonical: 0
	chemical_potential: 0.0000000000000000
box: 54.682299 54.682299
copy: 1.000000 1.000000
epsilon: 0.0001000000000000
end_epsilon: 0.0000000000000000
pressure: 1.3333670000000000
lambda: 0.0000000000000000
lambda_coupling: 1.0000000000000000
uy: 0.0000000000000000
maximum_displacement: 1.0000000000000000
maximum_rotation: 1.0000000000000000
maximum_volume: 1.0000000000000000
maximum_shape: 0.0000001000000000
maximum_dsigma: 0.0100000000000000
mod: 10
pmod: 10
optimize: 1
verbose: 1
snapshot: 0
display: 1
explore: 1
npt: 1
nptxy: 0
nptdxdy: 0
shape: 0
seed: 732745
213.041387216506 -137.569507142755 0.866025403784 -0.500000000000
45.177018961294 -422.996637711455 0.866025403784 -0.500000000000
-25.208394731670 -101.517273913698 0.000000000000 1.000000000000
-170.568473361525 49.351251985992 0.866025403784 0.500000000000
-94.353363380571 394.011958648926 0.866025403784 -0.500000000000
111.112711067338 109.202038783118 0.866025403784 0.500000000000
385.499967474192 -9.912284365625 0.866025403784 -0.500000000000
-32.731440556713 25.668259655051 0.866025403784 -0.500000000000
69.183340579450 106.834434553670 0.000000000000 1.000000000000
13.199712675071 -21.024621994222 0.866025403784 0.500000000000
145.550798365754 -17.555633088386 0.866025403784 0.500000000000
219.076250800251 -109.101792329490 0.866025403784 0.500000000000
-63.985466070369 -300.693067723130 0.866025403784 0.500000000000
38.665180783652 -154.882291173961 0.866025403784 -0.500000000000
-42.494507204225 26.067944044867 0.000000000000 1.000000000000
22.267780102823 -13.055042838870 0.000000000000 1.000000000000
-167.233149098201 143.859837552652 0.866025403784 0.500000000000
218.214561556624 51.406145697707 0.000000000000 1.000000000000
-120.695875591364 207.114523075116 0.000000000000 1.000000000000
-96.797640457818 -126.956003740727 0.866025403784 -0.500000000000
