#Configurational_file created 2018-09-14 11:57:42  started 2018-09-14 11:57:41 run for 1.0s steps 0
name: p_644
step: 10000
specie: 20
	particle_diameter: 1.0000000000000000
	interaction_length: 1.2000000000000000
	number_of_patches: 3
	number_of_particles_per_compound: 1
	rod_length: 1.0000000000000000
	interaction_matrix:  1.000000 1.000000 1.000000 1.000000 1.000000 1.000000 1.000000 1.000000 1.000000
	patch_type: symmetric
	patch_width: 8.0000000000000000
	patch_angle: 0.0000000000000000
	angles:  0.000000 0.000000 0.000000
	grand_canonical: 0
	chemical_potential: 0.0000000000000000
box: 44.730045 44.730045
copy: 1.000000 1.000000
epsilon: 0.0000010000000000
end_epsilon: 0.0000000000000000
pressure: 0.0750000000000000
lambda: 0.0000000000000000
lambda_coupling: 1.0000000000000000
uy: 0.0000000000000000
maximum_displacement: 1.0000000000000000
maximum_rotation: 1.0000000000000000
maximum_volume: 1.0000000000000000
maximum_shape: 0.0000001000000000
maximum_dsigma: 0.0100000000000000
mod: 10
pmod: 10
optimize: 1
verbose: 1
snapshot: 0
display: 1
explore: 1
npt: 1
nptxy: 0
nptdxdy: 0
shape: 0
seed: 735019
-44.354882732723 -384.058766481400 0.866025403784 0.500000000000
52.405637862562 63.066888560034 0.866025403784 -0.500000000000
249.892427157752 -124.626746098952 0.866025403784 0.500000000000
15.982537903893 178.571052248344 0.866025403784 0.500000000000
30.072613613566 -71.342154759778 0.866025403784 0.500000000000
-16.889834427721 353.323366144742 0.000000000000 1.000000000000
-144.395735339738 283.212503850403 0.000000000000 1.000000000000
4.372692977804 -14.238930923723 0.866025403784 -0.500000000000
47.841394713624 59.504848202343 0.000000000000 1.000000000000
-192.009171176429 -88.082984943492 0.866025403784 -0.500000000000
-20.072412643811 97.316138736228 0.866025403784 -0.500000000000
18.804800037047 -65.626687019252 0.866025403784 0.500000000000
-77.879561689211 90.135714952414 0.000000000000 1.000000000000
-293.999543415512 106.994058663085 0.000000000000 1.000000000000
-144.007892644732 -112.386896291767 0.866025403784 -0.500000000000
-4.270780178647 -208.253191400592 0.866025403784 -0.500000000000
-98.016419690213 85.916959132140 0.866025403784 -0.500000000000
164.001184062474 -27.915635264097 0.000000000000 1.000000000000
-256.923968984586 -21.418901140981 0.000000000000 1.000000000000
-247.757024079872 255.399334567716 0.000000000000 1.000000000000
