#Configurational_file created 2018-09-14 11:57:44  started 2018-09-14 11:57:44 run for 0.0s steps 0
name: p_647
step: 10000
specie: 20
	particle_diameter: 1.0000000000000000
	interaction_length: 1.2000000000000000
	number_of_patches: 3
	number_of_particles_per_compound: 1
	rod_length: 1.0000000000000000
	interaction_matrix:  1.000000 1.000000 1.000000 1.000000 1.000000 1.000000 1.000000 1.000000 1.000000
	patch_type: symmetric
	patch_width: 8.0000000000000000
	patch_angle: 0.0000000000000000
	angles:  0.000000 0.000000 0.000000
	grand_canonical: 0
	chemical_potential: 0.0000000000000000
box: 54.643368 54.643368
copy: 1.000000 1.000000
epsilon: 0.0000010000000000
end_epsilon: 0.0000000000000000
pressure: 0.0875000000000000
lambda: 0.0000000000000000
lambda_coupling: 1.0000000000000000
uy: 0.0000000000000000
maximum_displacement: 1.0000000000000000
maximum_rotation: 1.0000000000000000
maximum_volume: 1.0000000000000000
maximum_shape: 0.0000001000000000
maximum_dsigma: 0.0100000000000000
mod: 10
pmod: 10
optimize: 1
verbose: 1
snapshot: 0
display: 1
explore: 1
npt: 1
nptxy: 0
nptdxdy: 0
shape: 0
seed: 738430
158.450485603902 -210.835433860054 0.866025403784 -0.500000000000
124.461378347590 285.434593662313 0.866025403784 -0.500000000000
227.273534971521 -92.838487799665 0.866025403784 -0.500000000000
-65.096872848530 81.757888343809 0.866025403784 0.500000000000
217.614938279227 -218.988246766980 0.866025403784 -0.500000000000
-302.741185528389 64.795947179291 0.866025403784 0.500000000000
322.805767035161 -38.683179523181 0.000000000000 1.000000000000
147.850780654769 -275.957083211067 0.000000000000 1.000000000000
-0.481067130641 219.822777281088 0.866025403784 0.500000000000
-185.922142864237 -240.257242820876 0.000000000000 1.000000000000
346.712598059842 -280.999049080982 0.000000000000 1.000000000000
-17.202329482451 208.444729970385 0.866025403784 0.500000000000
382.608691623488 -144.626854890230 0.866025403784 -0.500000000000
-68.987835262833 -193.687086571891 0.866025403784 -0.500000000000
-5.945989953537 89.821727695846 0.000000000000 1.000000000000
129.531719391099 -109.913594225715 0.866025403784 0.500000000000
142.263889769665 -18.373866739031 0.866025403784 -0.500000000000
-139.288608537560 359.890241446067 0.000000000000 1.000000000000
156.717833496125 -6.827897886298 0.866025403784 -0.500000000000
5.226443722763 -245.818352343350 0.866025403784 0.500000000000
