#Configurational_file created 2018-09-14 11:57:41  started 2018-09-14 11:57:41 run for 0.0s steps 0
name: p_643
step: 10000
specie: 20
	particle_diameter: 1.0000000000000000
	interaction_length: 1.2000000000000000
	number_of_patches: 3
	number_of_particles_per_compound: 1
	rod_length: 1.0000000000000000
	interaction_matrix:  1.000000 1.000000 1.000000 1.000000 1.000000 1.000000 1.000000 1.000000 1.000000
	patch_type: symmetric
	patch_width: 8.0000000000000000
	patch_angle: 0.0000000000000000
	angles:  0.000000 0.000000 0.000000
	grand_canonical: 0
	chemical_potential: 0.0000000000000000
box: 55.295863 55.295863
copy: 1.000000 1.000000
epsilon: 0.0000010000000000
end_epsilon: 0.0000000000000000
pressure: 0.0708340000000000
lambda: 0.0000000000000000
lambda_coupling: 1.0000000000000000
uy: 0.0000000000000000
maximum_displacement: 1.0000000000000000
maximum_rotation: 1.0000000000000000
maximum_volume: 1.0000000000000000
maximum_shape: 0.0000001000000000
maximum_dsigma: 0.0100000000000000
mod: 10
pmod: 10
optimize: 1
verbose: 1
snapshot: 0
display: 1
explore: 1
npt: 1
nptxy: 0
nptdxdy: 0
shape: 0
seed: 733882
128.676854349734 -109.260379704692 0.866025403784 0.500000000000
99.879567195081 112.046234499761 0.866025403784 -0.500000000000
351.567929025415 57.872292270749 0.000000000000 1.000000000000
-44.861730007380 130.858127679076 0.866025403784 -0.500000000000
207.175742601940 182.260180500414 0.866025403784 0.500000000000
-28.798900332240 -71.080012777578 0.000000000000 1.000000000000
48.897210002121 22.061099203086 0.000000000000 1.000000000000
256.344015136582 138.798699122608 0.866025403784 -0.500000000000
163.901218179190 269.467371335468 0.866025403784 -0.500000000000
-25.251370065599 -256.669103356506 0.866025403784 -0.500000000000
551.404903597773 212.649019999358 0.000000000000 1.000000000000
196.612807856378 130.969128517286 0.000000000000 1.000000000000
93.489400407275 -50.160932782672 0.866025403784 0.500000000000
-231.216086645598 -77.981798528666 0.866025403784 -0.500000000000
406.415169313972 -257.337302918520 0.866025403784 -0.500000000000
-34.782742819486 130.563806362967 0.866025403784 0.500000000000
168.586459068320 314.765969214805 0.000000000000 1.000000000000
-214.019618661889 -227.706960334470 0.866025403784 0.500000000000
-18.982465856361 -182.261746749726 0.000000000000 1.000000000000
322.463063877515 -44.152266350787 0.866025403784 -0.500000000000
