#Configurational_file created 2018-09-14 11:30:02  started 2018-09-14 11:30:01 run for 1.0s steps 0
name: p_640
step: 10000
specie: 20
	particle_diameter: 1.0000000000000000
	interaction_length: 1.2000000000000000
	number_of_patches: 3
	number_of_particles_per_compound: 1
	rod_length: 1.0000000000000000
	interaction_matrix:  1.000000 1.000000 1.000000 1.000000 1.000000 1.000000 1.000000 1.000000 1.000000
	patch_type: symmetric
	patch_width: 8.0000000000000000
	patch_angle: 0.0000000000000000
	angles:  0.000000 0.000000 0.000000
	grand_canonical: 0
	chemical_potential: 0.0000000000000000
box: 56.709026 56.709026
copy: 1.000000 1.000000
epsilon: 0.0001000000000000
end_epsilon: 0.0000000000000000
pressure: 1.1667080000000001
lambda: 0.0000000000000000
lambda_coupling: 1.0000000000000000
uy: 0.0000000000000000
maximum_displacement: 1.0000000000000000
maximum_rotation: 1.0000000000000000
maximum_volume: 1.0000000000000000
maximum_shape: 0.0000001000000000
maximum_dsigma: 0.0100000000000000
mod: 10
pmod: 10
optimize: 1
verbose: 1
snapshot: 0
display: 1
explore: 1
npt: 1
nptxy: 0
nptdxdy: 0
shape: 0
seed: 730471
-211.295163475045 52.602574021597 0.866025403784 -0.500000000000
-59.803313925533 -235.829587810261 0.866025403784 -0.500000000000
139.692928218888 -93.571002022931 0.000000000000 1.000000000000
142.607151846441 -6.354266143133 0.000000000000 1.000000000000
66.809048525538 104.476487321019 0.866025403784 -0.500000000000
225.664800022463 -24.060221694692 0.866025403784 -0.500000000000
-44.533522246297 -108.984090449451 0.000000000000 1.000000000000
30.624341961730 231.099569075234 0.866025403784 0.500000000000
422.008532493303 326.889824489230 0.866025403784 0.500000000000
140.086715015821 -63.628112714974 0.866025403784 -0.500000000000
200.037958338027 74.491814679746 0.000000000000 1.000000000000
6.168171468276 210.721199309566 0.866025403784 0.500000000000
-178.848063722171 -275.099928988395 0.866025403784 0.500000000000
-87.342602550056 -200.407644321641 0.866025403784 -0.500000000000
182.034320020488 295.948275601058 0.866025403784 0.500000000000
-392.117682817604 398.107512977956 0.000000000000 1.000000000000
227.137710752132 -142.801955523007 0.866025403784 0.500000000000
282.367459326607 471.636537146821 0.866025403784 0.500000000000
-216.958990604373 -149.389206483226 0.866025403784 0.500000000000
-295.199495152760 -281.262113175581 0.866025403784 0.500000000000
