#Configurational_file created 2018-09-14 11:57:43  started 2018-09-14 11:57:42 run for 1.0s steps 0
name: p_645
step: 10000
specie: 20
	particle_diameter: 1.0000000000000000
	interaction_length: 1.2000000000000000
	number_of_patches: 3
	number_of_particles_per_compound: 1
	rod_length: 1.0000000000000000
	interaction_matrix:  1.000000 1.000000 1.000000 1.000000 1.000000 1.000000 1.000000 1.000000 1.000000
	patch_type: symmetric
	patch_width: 8.0000000000000000
	patch_angle: 0.0000000000000000
	angles:  0.000000 0.000000 0.000000
	grand_canonical: 0
	chemical_potential: 0.0000000000000000
box: 54.906443 54.906443
copy: 1.000000 1.000000
epsilon: 0.0000010000000000
end_epsilon: 0.0000000000000000
pressure: 0.0791670000000000
lambda: 0.0000000000000000
lambda_coupling: 1.0000000000000000
uy: 0.0000000000000000
maximum_displacement: 1.0000000000000000
maximum_rotation: 1.0000000000000000
maximum_volume: 1.0000000000000000
maximum_shape: 0.0000001000000000
maximum_dsigma: 0.0100000000000000
mod: 10
pmod: 10
optimize: 1
verbose: 1
snapshot: 0
display: 1
explore: 1
npt: 1
nptxy: 0
nptdxdy: 0
shape: 0
seed: 736156
22.910883571975 42.831976179822 0.000000000000 1.000000000000
499.572194652416 143.981367764329 0.866025403784 0.500000000000
97.700920796043 57.840077160197 0.866025403784 0.500000000000
-236.292369664471 137.282603062723 0.866025403784 -0.500000000000
-252.012046815993 139.115112601390 0.866025403784 -0.500000000000
106.676589400989 2.831994987607 0.000000000000 1.000000000000
70.041969825562 -384.909594810492 0.866025403784 -0.500000000000
137.340103701089 200.151005617532 0.000000000000 1.000000000000
-200.672853298016 -55.986686091607 0.000000000000 1.000000000000
-58.225249920488 -165.086132113713 0.866025403784 -0.500000000000
-32.403600071308 -22.622091299456 0.866025403784 -0.500000000000
-193.830160087424 -50.458038044306 0.000000000000 1.000000000000
-101.518826548521 -33.345295310315 0.866025403784 0.500000000000
134.672510037888 -61.523271006250 0.866025403784 -0.500000000000
157.653563595652 435.775376258171 0.866025403784 -0.500000000000
2.455866422776 -140.947423324303 0.866025403784 0.500000000000
467.790998192894 507.663909286217 0.000000000000 1.000000000000
-72.457602955390 -112.813002426748 0.866025403784 -0.500000000000
-210.505312272445 10.260442747696 0.866025403784 0.500000000000
16.444221026054 -216.896202494531 0.866025403784 -0.500000000000
