#Configurational_file created 2018-09-14 11:57:45  started 2018-09-14 11:57:44 run for 1.0s steps 0
name: p_648
step: 10000
specie: 20
	particle_diameter: 1.0000000000000000
	interaction_length: 1.2000000000000000
	number_of_patches: 3
	number_of_particles_per_compound: 1
	rod_length: 1.0000000000000000
	interaction_matrix:  1.000000 1.000000 1.000000 1.000000 1.000000 1.000000 1.000000 1.000000 1.000000
	patch_type: symmetric
	patch_width: 8.0000000000000000
	patch_angle: 0.0000000000000000
	angles:  0.000000 0.000000 0.000000
	grand_canonical: 0
	chemical_potential: 0.0000000000000000
box: 46.383065 46.383065
copy: 1.000000 1.000000
epsilon: 0.0000010000000000
end_epsilon: 0.0000000000000000
pressure: 0.0916670000000000
lambda: 0.0000000000000000
lambda_coupling: 1.0000000000000000
uy: 0.0000000000000000
maximum_displacement: 1.0000000000000000
maximum_rotation: 1.0000000000000000
maximum_volume: 1.0000000000000000
maximum_shape: 0.0000001000000000
maximum_dsigma: 0.0100000000000000
mod: 10
pmod: 10
optimize: 1
verbose: 1
snapshot: 0
display: 1
explore: 1
npt: 1
nptxy: 0
nptdxdy: 0
shape: 0
seed: 739567
215.794412774732 90.274749835505 0.866025403784 0.500000000000
356.910001952670 107.191640357755 0.866025403784 -0.500000000000
166.235192639885 -23.993829581148 0.866025403784 0.500000000000
180.350102806844 243.134570468760 0.866025403784 0.500000000000
268.350377462415 199.544722606395 0.000000000000 1.000000000000
25.560647378915 258.189816974732 0.000000000000 1.000000000000
29.427350093129 116.843562914894 0.000000000000 1.000000000000
-193.620621595233 458.686522717573 0.000000000000 1.000000000000
212.507632447248 32.244413380117 0.866025403784 -0.500000000000
-250.919417034462 189.664875169880 0.866025403784 -0.500000000000
-253.709501418931 27.259276860866 0.866025403784 0.500000000000
-105.910867025816 -255.061384275109 0.866025403784 0.500000000000
71.763686242509 221.058221218749 0.866025403784 -0.500000000000
-67.089576594406 -18.692367938528 0.866025403784 0.500000000000
-9.634673312691 -25.638678929380 0.000000000000 1.000000000000
206.678573026491 -132.542955407866 0.000000000000 1.000000000000
297.733769610954 -190.593899754753 0.866025403784 0.500000000000
21.902829783206 126.831578339031 0.000000000000 1.000000000000
-31.898795022211 -195.334311622824 0.866025403784 0.500000000000
37.825407819609 256.990019928338 0.000000000000 1.000000000000
