#Configurational_file created 2018-09-14 11:30:06  started 2018-09-14 11:30:05 run for 1.0s steps 0
name: p_645
step: 10000
specie: 20
	particle_diameter: 1.0000000000000000
	interaction_length: 1.2000000000000000
	number_of_patches: 3
	number_of_particles_per_compound: 1
	rod_length: 1.0000000000000000
	interaction_matrix:  1.000000 1.000000 1.000000 1.000000 1.000000 1.000000 1.000000 1.000000 1.000000
	patch_type: symmetric
	patch_width: 8.0000000000000000
	patch_angle: 0.0000000000000000
	angles:  0.000000 0.000000 0.000000
	grand_canonical: 0
	chemical_potential: 0.0000000000000000
box: 53.839497 53.839497
copy: 1.000000 1.000000
epsilon: 0.0001000000000000
end_epsilon: 0.0000000000000000
pressure: 1.5833539999999999
lambda: 0.0000000000000000
lambda_coupling: 1.0000000000000000
uy: 0.0000000000000000
maximum_displacement: 1.0000000000000000
maximum_rotation: 1.0000000000000000
maximum_volume: 1.0000000000000000
maximum_shape: 0.0000001000000000
maximum_dsigma: 0.0100000000000000
mod: 10
pmod: 10
optimize: 1
verbose: 1
snapshot: 0
display: 1
explore: 1
npt: 1
nptxy: 0
nptdxdy: 0
shape: 0
seed: 736156
-201.477826778485 4.493843966082 0.866025403784 0.500000000000
327.051662480128 105.773004282144 0.000000000000 1.000000000000
-40.386146834363 234.775000940503 0.866025403784 0.500000000000
-215.894344939012 95.579454228355 0.866025403784 -0.500000000000
-68.386531463198 114.981294226189 0.866025403784 0.500000000000
74.885733299437 93.019066238165 0.866025403784 0.500000000000
28.358258568099 -406.163759683503 0.000000000000 1.000000000000
73.702773115257 159.470455074483 0.000000000000 1.000000000000
-118.699565521803 -54.292322598977 0.866025403784 -0.500000000000
-249.899309958847 10.626510612829 0.866025403784 -0.500000000000
226.555521682568 -76.898872927583 0.866025403784 -0.500000000000
42.420517602169 -55.686298897364 0.866025403784 0.500000000000
-260.594436594404 134.486600279793 0.000000000000 1.000000000000
123.764968319818 47.548435896430 0.866025403784 -0.500000000000
64.979257660801 412.302936075943 0.866025403784 -0.500000000000
178.653279483947 -205.025425130042 0.000000000000 1.000000000000
409.270313001890 437.295285089787 0.866025403784 0.500000000000
-177.556752439191 -87.541328444840 0.866025403784 -0.500000000000
-113.937014576746 19.417925709149 0.000000000000 1.000000000000
-206.403887506713 -95.012143009352 0.866025403784 0.500000000000
