#Configurational_file created 2018-09-14 11:30:08  started 2018-09-14 11:30:08 run for 0.0s steps 0
name: p_649
step: 10000
specie: 20
	particle_diameter: 1.0000000000000000
	interaction_length: 1.2000000000000000
	number_of_patches: 3
	number_of_particles_per_compound: 1
	rod_length: 1.0000000000000000
	interaction_matrix:  1.000000 1.000000 1.000000 1.000000 1.000000 1.000000 1.000000 1.000000 1.000000
	patch_type: symmetric
	patch_width: 8.0000000000000000
	patch_angle: 0.0000000000000000
	angles:  0.000000 0.000000 0.000000
	grand_canonical: 0
	chemical_potential: 0.0000000000000000
box: 54.120306 54.120306
copy: 1.000000 1.000000
epsilon: 0.0001000000000000
end_epsilon: 0.0000000000000000
pressure: 1.9166710000000000
lambda: 0.0000000000000000
lambda_coupling: 1.0000000000000000
uy: 0.0000000000000000
maximum_displacement: 1.0000000000000000
maximum_rotation: 1.0000000000000000
maximum_volume: 1.0000000000000000
maximum_shape: 0.0000001000000000
maximum_dsigma: 0.0100000000000000
mod: 10
pmod: 10
optimize: 1
verbose: 1
snapshot: 0
display: 1
explore: 1
npt: 1
nptxy: 0
nptdxdy: 0
shape: 0
seed: 740704
168.024207688569 65.155108456717 0.866025403784 -0.500000000000
-14.985468512060 441.741681462400 0.000000000000 1.000000000000
88.767308788163 -24.764294253693 0.866025403784 -0.500000000000
-222.185546125760 -142.919088605285 0.866025403784 -0.500000000000
-22.972739212068 307.986011703419 0.866025403784 0.500000000000
148.020906659907 277.157652929639 0.866025403784 -0.500000000000
198.956540262415 -12.482222291448 0.866025403784 0.500000000000
80.512928074875 197.531432779836 0.000000000000 1.000000000000
166.113344705222 48.854982488343 0.000000000000 1.000000000000
-115.446879206568 88.032319999955 0.866025403784 -0.500000000000
128.939713606153 85.966952311225 0.866025403784 -0.500000000000
-35.985789271242 454.284430069011 0.866025403784 -0.500000000000
306.974478202837 254.611714517048 0.000000000000 1.000000000000
107.473209821453 232.738418990462 0.000000000000 1.000000000000
-364.665515548342 240.592545231993 0.866025403784 -0.500000000000
-69.738705901546 70.582707057214 0.866025403784 -0.500000000000
9.618661591213 -211.198079322541 0.866025403784 0.500000000000
181.159742608559 361.536212921193 0.000000000000 1.000000000000
327.149035335070 36.761687129631 0.866025403784 -0.500000000000
-283.683745042474 -268.071909505399 0.866025403784 0.500000000000
