#Configurational_file created 2018-09-14 11:57:39  started 2018-09-14 11:57:38 run for 1.0s steps 0
name: p_640
step: 10000
specie: 20
	particle_diameter: 1.0000000000000000
	interaction_length: 1.2000000000000000
	number_of_patches: 3
	number_of_particles_per_compound: 1
	rod_length: 1.0000000000000000
	interaction_matrix:  1.000000 1.000000 1.000000 1.000000 1.000000 1.000000 1.000000 1.000000 1.000000
	patch_type: symmetric
	patch_width: 8.0000000000000000
	patch_angle: 0.0000000000000000
	angles:  0.000000 0.000000 0.000000
	grand_canonical: 0
	chemical_potential: 0.0000000000000000
box: 49.742355 49.742355
copy: 1.000000 1.000000
epsilon: 0.0000010000000000
end_epsilon: 0.0000000000000000
pressure: 0.0583340000000000
lambda: 0.0000000000000000
lambda_coupling: 1.0000000000000000
uy: 0.0000000000000000
maximum_displacement: 1.0000000000000000
maximum_rotation: 1.0000000000000000
maximum_volume: 1.0000000000000000
maximum_shape: 0.0000001000000000
maximum_dsigma: 0.0100000000000000
mod: 10
pmod: 10
optimize: 1
verbose: 1
snapshot: 0
display: 1
explore: 1
npt: 1
nptxy: 0
nptdxdy: 0
shape: 0
seed: 730471
-278.964005623782 -91.660672891997 0.866025403784 -0.500000000000
-144.931407426449 -253.571125805138 0.866025403784 0.500000000000
143.616855156332 -89.133366049580 0.866025403784 0.500000000000
248.928419459138 -94.697922682380 0.866025403784 0.500000000000
199.598552410437 147.702472686689 0.000000000000 1.000000000000
279.816762054203 -193.501755391318 0.866025403784 0.500000000000
1.245963594011 -393.728038859813 0.000000000000 1.000000000000
201.357606425492 208.850966993403 0.866025403784 0.500000000000
75.399637091743 128.117240386199 0.866025403784 0.500000000000
206.298584300797 44.888703211795 0.866025403784 -0.500000000000
169.941523970551 47.361883378880 0.866025403784 -0.500000000000
75.240554091904 393.175710829699 0.866025403784 0.500000000000
144.630522772998 -319.189604494854 0.000000000000 1.000000000000
-232.040807759852 -121.432987386963 0.866025403784 -0.500000000000
50.187631521222 224.089574577102 0.866025403784 0.500000000000
-178.014128804495 270.661093488870 0.866025403784 -0.500000000000
209.732449208128 -29.541327850126 0.000000000000 1.000000000000
198.657486371356 281.737311306555 0.866025403784 0.500000000000
-202.733473447582 -177.119018617514 0.866025403784 -0.500000000000
-440.049394191328 -137.279544251033 0.866025403784 0.500000000000
