#Configurational_file created 2018-09-14 11:57:46  started 2018-09-14 11:57:45 run for 1.0s steps 0
name: p_649
step: 10000
specie: 20
	particle_diameter: 1.0000000000000000
	interaction_length: 1.2000000000000000
	number_of_patches: 3
	number_of_particles_per_compound: 1
	rod_length: 1.0000000000000000
	interaction_matrix:  1.000000 1.000000 1.000000 1.000000 1.000000 1.000000 1.000000 1.000000 1.000000
	patch_type: symmetric
	patch_width: 8.0000000000000000
	patch_angle: 0.0000000000000000
	angles:  0.000000 0.000000 0.000000
	grand_canonical: 0
	chemical_potential: 0.0000000000000000
box: 56.797931 56.797931
copy: 1.000000 1.000000
epsilon: 0.0000010000000000
end_epsilon: 0.0000000000000000
pressure: 0.0958330000000000
lambda: 0.0000000000000000
lambda_coupling: 1.0000000000000000
uy: 0.0000000000000000
maximum_displacement: 1.0000000000000000
maximum_rotation: 1.0000000000000000
maximum_volume: 1.0000000000000000
maximum_shape: 0.0000001000000000
maximum_dsigma: 0.0100000000000000
mod: 10
pmod: 10
optimize: 1
verbose: 1
snapshot: 0
display: 1
explore: 1
npt: 1
nptxy: 0
nptdxdy: 0
shape: 0
seed: 740704
203.687489427288 22.468890488678 0.866025403784 0.500000000000
-99.422326539689 366.022562475058 0.000000000000 1.000000000000
3.427482031940 16.149702226150 0.866025403784 -0.500000000000
-238.291167214170 -15.787975136624 0.000000000000 1.000000000000
-186.717272131035 492.723665714527 0.866025403784 -0.500000000000
171.948940508595 171.948426937652 0.866025403784 0.500000000000
-35.149381582618 -41.363130712712 0.866025403784 -0.500000000000
-120.773323397164 125.686532864734 0.866025403784 -0.500000000000
-5.826579257064 120.506667788634 0.866025403784 -0.500000000000
66.117768084690 67.710077414165 0.866025403784 -0.500000000000
-13.655889461367 140.621713684121 0.866025403784 -0.500000000000
29.672593938546 465.694545410364 0.866025403784 0.500000000000
167.123201188328 236.299359033088 0.000000000000 1.000000000000
-56.061320148100 108.649257331514 0.866025403784 0.500000000000
-374.747718510626 163.093284262689 0.866025403784 0.500000000000
-25.473458308501 85.797101796874 0.000000000000 1.000000000000
152.950985314801 -136.806130039100 0.866025403784 -0.500000000000
147.501585538753 361.629577697182 0.866025403784 -0.500000000000
179.097612452054 -207.937877412237 0.000000000000 1.000000000000
-108.054548569553 -232.479913055139 0.866025403784 0.500000000000
