#Configurational_file created 2018-09-14 12:20:11  started 2018-09-14 12:20:11 run for 0.0s steps 0
name: p_64
step: 10000
specie: 20
	particle_diameter: 1.0000000000000000
	interaction_length: 1.2000000000000000
	number_of_patches: 3
	number_of_particles_per_compound: 1
	rod_length: 1.0000000000000000
	interaction_matrix:  1.000000 1.000000 1.000000 1.000000 1.000000 1.000000 1.000000 1.000000 1.000000
	patch_type: symmetric
	patch_width: 8.0000000000000000
	patch_angle: 0.0000000000000000
	angles:  0.000000 0.000000 0.000000
	grand_canonical: 0
	chemical_potential: 0.0000000000000000
box: 17.542598 17.542598
copy: 1.000000 1.000000
epsilon: 0.5000010000000000
end_epsilon: 0.0000000000000000
pressure: 0.1000000000000000
lambda: 0.0000000000000000
lambda_coupling: 1.0000000000000000
uy: 0.0000000000000000
maximum_displacement: 1.0000000000000000
maximum_rotation: 1.0000000000000000
maximum_volume: 1.0000000000000000
maximum_shape: 0.0000001000000000
maximum_dsigma: 0.0100000000000000
mod: 10
pmod: 10
optimize: 1
verbose: 1
snapshot: 0
display: 1
explore: 1
npt: 1
nptxy: 0
nptdxdy: 0
shape: 0
seed: 75559
-26.638983157657 108.244658638833 0.866025403784 -0.500000000000
57.644591536466 -76.170306560694 0.866025403784 -0.500000000000
69.036018826547 6.055039466376 0.866025403784 0.500000000000
99.499533904478 -82.773937541066 0.866025403784 0.500000000000
67.747653692066 80.147617411516 0.866025403784 -0.500000000000
50.792957333426 -22.859119843107 0.000000000000 1.000000000000
-105.923673682464 -39.006051404311 0.866025403784 -0.500000000000
48.356279839975 -72.670334753989 0.000000000000 1.000000000000
78.634936988898 -49.843646957280 0.000000000000 1.000000000000
-107.009349857574 -30.664272519527 0.000000000000 1.000000000000
-25.776030095453 -128.901831719624 0.000000000000 1.000000000000
71.048272863231 -42.889504321182 0.866025403784 -0.500000000000
20.795773955946 16.329527723298 0.866025403784 0.500000000000
23.257269269412 220.438703042041 0.866025403784 -0.500000000000
82.484136029787 15.429136834685 0.866025403784 0.500000000000
-85.370407845754 46.014250490100 0.000000000000 1.000000000000
-41.522087054093 -138.337961283514 0.866025403784 0.500000000000
-114.879685539391 -127.046091963980 0.000000000000 1.000000000000
-113.143084818090 -66.045098738132 0.000000000000 1.000000000000
182.487514425647 -11.936259740860 0.866025403784 -0.500000000000
