#Configurational_file created 2018-09-14 11:57:52  started 2018-09-14 11:57:51 run for 1.0s steps 0
name: p_657
step: 10000
specie: 20
	particle_diameter: 1.0000000000000000
	interaction_length: 1.2000000000000000
	number_of_patches: 3
	number_of_particles_per_compound: 1
	rod_length: 1.0000000000000000
	interaction_matrix:  1.000000 1.000000 1.000000 1.000000 1.000000 1.000000 1.000000 1.000000 1.000000
	patch_type: symmetric
	patch_width: 8.0000000000000000
	patch_angle: 0.0000000000000000
	angles:  0.000000 0.000000 0.000000
	grand_canonical: 0
	chemical_potential: 0.0000000000000000
box: 49.324538 49.324538
copy: 1.000000 1.000000
epsilon: 0.0020840000000000
end_epsilon: 0.0000000000000000
pressure: 0.0250010000000000
lambda: 0.0000000000000000
lambda_coupling: 1.0000000000000000
uy: 0.0000000000000000
maximum_displacement: 1.0000000000000000
maximum_rotation: 1.0000000000000000
maximum_volume: 1.0000000000000000
maximum_shape: 0.0000001000000000
maximum_dsigma: 0.0100000000000000
mod: 10
pmod: 10
optimize: 1
verbose: 1
snapshot: 0
display: 1
explore: 1
npt: 1
nptxy: 0
nptdxdy: 0
shape: 0
seed: 749800
-90.971894860943 19.121255985591 0.000000000000 1.000000000000
368.979406985955 -50.826135829133 0.866025403784 -0.500000000000
-106.470031451646 28.911596994842 0.866025403784 -0.500000000000
-227.053041243840 -186.332321214972 0.000000000000 1.000000000000
-42.292717626157 25.560577510366 0.000000000000 1.000000000000
257.682504338437 89.503949514064 0.866025403784 0.500000000000
-19.410557705779 171.989379991169 0.000000000000 1.000000000000
17.067324445569 -4.475192379875 0.000000000000 1.000000000000
-52.259920643513 70.432990488788 0.000000000000 1.000000000000
-368.696767325751 -116.968589382582 0.000000000000 1.000000000000
43.626717986462 265.139810990616 0.000000000000 1.000000000000
86.768687719918 179.085607855561 0.000000000000 1.000000000000
-93.881553408568 111.579960702452 0.866025403784 0.500000000000
208.610594667693 5.033297568461 0.866025403784 0.500000000000
140.798489328079 95.841523067239 0.000000000000 1.000000000000
94.908328041193 179.174519566424 0.866025403784 -0.500000000000
58.286225823923 -15.323656204132 0.000000000000 1.000000000000
195.751437380828 -104.382213836692 0.866025403784 -0.500000000000
-199.436828070717 229.829422997549 0.000000000000 1.000000000000
102.185325778763 2.909871518300 0.000000000000 1.000000000000
