#Configurational_file created 2018-09-14 11:57:53  started 2018-09-14 11:57:52 run for 1.0s steps 0
name: p_659
step: 10000
specie: 20
	particle_diameter: 1.0000000000000000
	interaction_length: 1.2000000000000000
	number_of_patches: 3
	number_of_particles_per_compound: 1
	rod_length: 1.0000000000000000
	interaction_matrix:  1.000000 1.000000 1.000000 1.000000 1.000000 1.000000 1.000000 1.000000 1.000000
	patch_type: symmetric
	patch_width: 8.0000000000000000
	patch_angle: 0.0000000000000000
	angles:  0.000000 0.000000 0.000000
	grand_canonical: 0
	chemical_potential: 0.0000000000000000
box: 50.975536 50.975536
copy: 1.000000 1.000000
epsilon: 0.0020840000000000
end_epsilon: 0.0000000000000000
pressure: 0.0333340000000000
lambda: 0.0000000000000000
lambda_coupling: 1.0000000000000000
uy: 0.0000000000000000
maximum_displacement: 1.0000000000000000
maximum_rotation: 1.0000000000000000
maximum_volume: 1.0000000000000000
maximum_shape: 0.0000001000000000
maximum_dsigma: 0.0100000000000000
mod: 10
pmod: 10
optimize: 1
verbose: 1
snapshot: 0
display: 1
explore: 1
npt: 1
nptxy: 0
nptdxdy: 0
shape: 0
seed: 752074
-0.066478393714 31.134346404596 0.866025403784 0.500000000000
293.141706531723 -269.068218190685 0.000000000000 1.000000000000
-428.215245209260 153.129628165699 0.000000000000 1.000000000000
-344.751488976566 -156.043694172601 0.866025403784 -0.500000000000
226.028004795668 68.720771340743 0.866025403784 -0.500000000000
124.950099056410 -61.937090497650 0.866025403784 -0.500000000000
-394.352290847927 -97.697572409851 0.000000000000 1.000000000000
42.126590579721 89.747295055621 0.000000000000 1.000000000000
-40.596924591412 -52.070165581082 0.866025403784 -0.500000000000
-186.412581254737 -246.635982935734 0.866025403784 -0.500000000000
99.631583432057 62.788162910546 0.866025403784 0.500000000000
251.987784068901 80.722814532120 0.866025403784 -0.500000000000
79.245814575204 133.514477396248 0.866025403784 0.500000000000
-3.532551873162 81.843242940852 0.866025403784 -0.500000000000
297.608082058604 -50.406469336658 0.866025403784 -0.500000000000
56.607744779599 -134.445572493493 0.000000000000 1.000000000000
-272.758285843731 63.112129155849 0.866025403784 -0.500000000000
-168.574847480512 -16.433465253840 0.866025403784 -0.500000000000
-115.200801174134 -196.989922422392 0.866025403784 0.500000000000
-232.414046189761 56.158303994302 0.866025403784 -0.500000000000
