#Configurational_file created 2018-09-14 11:57:47  started 2018-09-14 11:57:46 run for 1.0s steps 0
name: p_651
step: 10000
specie: 20
	particle_diameter: 1.0000000000000000
	interaction_length: 1.2000000000000000
	number_of_patches: 3
	number_of_particles_per_compound: 1
	rod_length: 1.0000000000000000
	interaction_matrix:  1.000000 1.000000 1.000000 1.000000 1.000000 1.000000 1.000000 1.000000 1.000000
	patch_type: symmetric
	patch_width: 8.0000000000000000
	patch_angle: 0.0000000000000000
	angles:  0.000000 0.000000 0.000000
	grand_canonical: 0
	chemical_potential: 0.0000000000000000
box: 50.583217 50.583217
copy: 1.000000 1.000000
epsilon: 0.0020840000000000
end_epsilon: 0.0000000000000000
pressure: 0.0000010000000000
lambda: 0.0000000000000000
lambda_coupling: 1.0000000000000000
uy: 0.0000000000000000
maximum_displacement: 1.0000000000000000
maximum_rotation: 1.0000000000000000
maximum_volume: 1.0000000000000000
maximum_shape: 0.0000001000000000
maximum_dsigma: 0.0100000000000000
mod: 10
pmod: 10
optimize: 1
verbose: 1
snapshot: 0
display: 1
explore: 1
npt: 1
nptxy: 0
nptdxdy: 0
shape: 0
seed: 742978
10.694741809469 27.761044217641 0.866025403784 -0.500000000000
-43.152329788498 -60.095316968754 0.866025403784 0.500000000000
10.657728953324 198.064035767345 0.866025403784 0.500000000000
-127.545756027051 -54.317533994257 0.866025403784 0.500000000000
-18.746478467626 -124.049777134479 0.000000000000 1.000000000000
-196.532769426740 -64.554442485693 0.000000000000 1.000000000000
31.013710393510 226.256257145515 0.866025403784 0.500000000000
100.884665623973 156.025119943534 0.866025403784 0.500000000000
-278.110762909717 165.446481343546 0.866025403784 -0.500000000000
169.516696445626 -7.622985793921 0.866025403784 0.500000000000
42.142875288790 94.815975956973 0.866025403784 0.500000000000
227.645679879913 -255.524011044705 0.000000000000 1.000000000000
204.260864841523 242.617219613051 0.866025403784 0.500000000000
-197.956041709435 -331.472750793275 0.866025403784 -0.500000000000
172.947511626221 174.814215928915 0.000000000000 1.000000000000
-86.468267265387 -108.351891499245 0.866025403784 -0.500000000000
-143.822482865357 -78.545218350314 0.866025403784 -0.500000000000
13.189967424855 -142.475503763200 0.866025403784 0.500000000000
-69.299882989254 -113.027243885573 0.866025403784 0.500000000000
-128.333425005791 257.383920731649 0.000000000000 1.000000000000
