#Configurational_file created 2018-09-14 12:20:12  started 2018-09-14 12:20:11 run for 1.0s steps 0
name: p_65
step: 10000
specie: 20
	particle_diameter: 1.0000000000000000
	interaction_length: 1.2000000000000000
	number_of_patches: 3
	number_of_particles_per_compound: 1
	rod_length: 1.0000000000000000
	interaction_matrix:  1.000000 1.000000 1.000000 1.000000 1.000000 1.000000 1.000000 1.000000 1.000000
	patch_type: symmetric
	patch_width: 8.0000000000000000
	patch_angle: 0.0000000000000000
	angles:  0.000000 0.000000 0.000000
	grand_canonical: 0
	chemical_potential: 0.0000000000000000
box: 42.781584 42.781584
copy: 1.000000 1.000000
epsilon: 0.5833340000000000
end_epsilon: 0.0000000000000000
pressure: 0.0000010000000000
lambda: 0.0000000000000000
lambda_coupling: 1.0000000000000000
uy: 0.0000000000000000
maximum_displacement: 1.0000000000000000
maximum_rotation: 1.0000000000000000
maximum_volume: 1.0000000000000000
maximum_shape: 0.0000001000000000
maximum_dsigma: 0.0100000000000000
mod: 10
pmod: 10
optimize: 1
verbose: 1
snapshot: 0
display: 1
explore: 1
npt: 1
nptxy: 0
nptdxdy: 0
shape: 0
seed: 76696
322.874623227719 -39.542267658442 0.866025403784 -0.500000000000
129.759041343874 -13.311608120535 0.866025403784 0.500000000000
-25.919001986270 323.699821634785 0.000000000000 1.000000000000
-12.740595111226 -182.323301814579 0.866025403784 0.500000000000
16.040652772678 122.613649799196 0.866025403784 0.500000000000
8.154741608878 16.237779772820 0.866025403784 -0.500000000000
-97.394379566153 137.231330339728 0.000000000000 1.000000000000
53.890887051939 -200.043976442847 0.866025403784 -0.500000000000
-151.528551654390 -13.249358364970 0.000000000000 1.000000000000
211.839469974976 -61.915359611528 0.866025403784 0.500000000000
-308.532418508627 332.941051526426 0.866025403784 0.500000000000
-14.678882167733 -79.558464199362 0.000000000000 1.000000000000
-196.319688705796 -121.896869514979 0.866025403784 0.500000000000
52.516972786461 -323.351801413639 0.000000000000 1.000000000000
135.264380986186 40.724745698812 0.866025403784 0.500000000000
90.528753410777 14.837148142171 0.866025403784 -0.500000000000
150.555788171110 174.774316494835 0.866025403784 -0.500000000000
-15.707757255814 68.887286068399 0.000000000000 1.000000000000
-125.872965460478 173.982969972203 0.866025403784 0.500000000000
121.477282169483 203.575239197015 0.866025403784 0.500000000000
