#Configurational_file created 2018-09-14 11:30:09  started 2018-09-14 11:30:08 run for 1.0s steps 0
name: p_650
step: 10000
specie: 20
	particle_diameter: 1.0000000000000000
	interaction_length: 1.2000000000000000
	number_of_patches: 3
	number_of_particles_per_compound: 1
	rod_length: 1.0000000000000000
	interaction_matrix:  1.000000 1.000000 1.000000 1.000000 1.000000 1.000000 1.000000 1.000000 1.000000
	patch_type: symmetric
	patch_width: 8.0000000000000000
	patch_angle: 0.0000000000000000
	angles:  0.000000 0.000000 0.000000
	grand_canonical: 0
	chemical_potential: 0.0000000000000000
box: 47.618406 47.618406
copy: 1.000000 1.000000
epsilon: 0.0001000000000000
end_epsilon: 0.0000000000000000
pressure: 2.0000000000000000
lambda: 0.0000000000000000
lambda_coupling: 1.0000000000000000
uy: 0.0000000000000000
maximum_displacement: 1.0000000000000000
maximum_rotation: 1.0000000000000000
maximum_volume: 1.0000000000000000
maximum_shape: 0.0000001000000000
maximum_dsigma: 0.0100000000000000
mod: 10
pmod: 10
optimize: 1
verbose: 1
snapshot: 0
display: 1
explore: 1
npt: 1
nptxy: 0
nptdxdy: 0
shape: 0
seed: 741841
228.498126743511 389.766911264828 0.866025403784 -0.500000000000
198.438660673807 -119.567969484640 0.866025403784 0.500000000000
117.332855660573 -224.192926839250 0.000000000000 1.000000000000
-237.793336156708 213.074906866985 0.866025403784 0.500000000000
-203.918224822780 104.102627892310 0.866025403784 -0.500000000000
34.061486643990 4.915210721943 0.000000000000 1.000000000000
23.570886733938 171.821693747531 0.000000000000 1.000000000000
-104.535743720521 157.510021923283 0.866025403784 -0.500000000000
158.826045469189 110.147110179490 0.866025403784 -0.500000000000
131.351992422467 370.750652166604 0.000000000000 1.000000000000
37.436622839711 222.524646068849 0.000000000000 1.000000000000
261.012204597014 232.635275568931 0.866025403784 -0.500000000000
58.135043370115 218.195508256944 0.866025403784 0.500000000000
160.684214267197 175.080024501127 0.000000000000 1.000000000000
-203.972052979574 106.693740003858 0.866025403784 -0.500000000000
-121.716536053495 -188.462220751274 0.000000000000 1.000000000000
31.406848839966 36.288072908690 0.000000000000 1.000000000000
-263.471732314581 348.929884312680 0.866025403784 -0.500000000000
111.260586888022 241.074428625015 0.866025403784 -0.500000000000
-221.530610038451 184.833559289550 0.866025403784 -0.500000000000
