#Configurational_file created 2018-09-14 11:30:13  started 2018-09-14 11:30:12 run for 1.0s steps 0
name: p_655
step: 10000
specie: 20
	particle_diameter: 1.0000000000000000
	interaction_length: 1.2000000000000000
	number_of_patches: 3
	number_of_particles_per_compound: 1
	rod_length: 1.0000000000000000
	interaction_matrix:  1.000000 1.000000 1.000000 1.000000 1.000000 1.000000 1.000000 1.000000 1.000000
	patch_type: symmetric
	patch_width: 8.0000000000000000
	patch_angle: 0.0000000000000000
	angles:  0.000000 0.000000 0.000000
	grand_canonical: 0
	chemical_potential: 0.0000000000000000
box: 41.332255 41.332255
copy: 1.000000 1.000000
epsilon: 0.0209290000000000
end_epsilon: 0.0000000000000000
pressure: 0.3334170000000000
lambda: 0.0000000000000000
lambda_coupling: 1.0000000000000000
uy: 0.0000000000000000
maximum_displacement: 1.0000000000000000
maximum_rotation: 1.0000000000000000
maximum_volume: 1.0000000000000000
maximum_shape: 0.0000001000000000
maximum_dsigma: 0.0100000000000000
mod: 10
pmod: 10
optimize: 1
verbose: 1
snapshot: 0
display: 1
explore: 1
npt: 1
nptxy: 0
nptdxdy: 0
shape: 0
seed: 747526
199.066312116193 97.725448566142 0.866025403784 -0.500000000000
129.633055958996 -34.292282784578 0.000000000000 1.000000000000
71.046167309373 354.762489051860 0.000000000000 1.000000000000
28.134519253408 -125.594418937553 0.866025403784 -0.500000000000
-23.377585784607 -143.550626706955 0.000000000000 1.000000000000
-77.692172845158 58.948848247079 0.866025403784 0.500000000000
-99.704308571133 -83.131312730614 0.866025403784 0.500000000000
-44.270849762853 126.161075337537 0.866025403784 0.500000000000
22.717037315411 171.436752355621 0.000000000000 1.000000000000
57.679019541027 113.684686521724 0.866025403784 -0.500000000000
-14.137477349110 85.656468635074 0.000000000000 1.000000000000
-278.288049954285 90.028821515471 0.000000000000 1.000000000000
-138.320887610296 123.997990921259 0.866025403784 -0.500000000000
-105.401767658688 98.170899272019 0.866025403784 0.500000000000
-133.637195831381 -73.183417029911 0.000000000000 1.000000000000
-210.258508632408 -238.222389131081 0.866025403784 -0.500000000000
-18.092444458014 349.678778596169 0.866025403784 -0.500000000000
-108.329354294028 102.575058841549 0.866025403784 -0.500000000000
51.708843163926 -79.739514845416 0.866025403784 -0.500000000000
-7.794837366834 63.141068976268 0.000000000000 1.000000000000
