#Configurational_file created 2018-09-14 11:30:14  started 2018-09-14 11:30:14 run for 0.0s steps 0
name: p_657
step: 10000
specie: 20
	particle_diameter: 1.0000000000000000
	interaction_length: 1.2000000000000000
	number_of_patches: 3
	number_of_particles_per_compound: 1
	rod_length: 1.0000000000000000
	interaction_matrix:  1.000000 1.000000 1.000000 1.000000 1.000000 1.000000 1.000000 1.000000 1.000000
	patch_type: symmetric
	patch_width: 8.0000000000000000
	patch_angle: 0.0000000000000000
	angles:  0.000000 0.000000 0.000000
	grand_canonical: 0
	chemical_potential: 0.0000000000000000
box: 40.984990 40.984990
copy: 1.000000 1.000000
epsilon: 0.0209290000000000
end_epsilon: 0.0000000000000000
pressure: 0.5000750000000000
lambda: 0.0000000000000000
lambda_coupling: 1.0000000000000000
uy: 0.0000000000000000
maximum_displacement: 1.0000000000000000
maximum_rotation: 1.0000000000000000
maximum_volume: 1.0000000000000000
maximum_shape: 0.0000001000000000
maximum_dsigma: 0.0100000000000000
mod: 10
pmod: 10
optimize: 1
verbose: 1
snapshot: 0
display: 1
explore: 1
npt: 1
nptxy: 0
nptdxdy: 0
shape: 0
seed: 749800
10.718348488171 91.546540541665 0.866025403784 0.500000000000
-52.636706629777 -36.914008966051 0.866025403784 -0.500000000000
144.136045664841 14.270902877152 0.000000000000 1.000000000000
118.072663074445 46.172268184930 0.866025403784 0.500000000000
267.412161218038 -30.443439469761 0.866025403784 0.500000000000
30.396686976577 33.085508793361 0.866025403784 0.500000000000
-280.215961817274 178.326495033864 0.866025403784 -0.500000000000
162.105989858286 -48.261623024612 0.866025403784 -0.500000000000
-123.609426542541 -285.064621384616 0.866025403784 -0.500000000000
-147.123873410725 -86.643864790305 0.866025403784 0.500000000000
-301.060936446660 -26.778454645198 0.866025403784 -0.500000000000
-25.629923007437 -57.973261367881 0.866025403784 -0.500000000000
111.495626239665 302.865747567442 0.866025403784 0.500000000000
198.173665273776 172.354063834705 0.866025403784 0.500000000000
-75.121846412770 85.419992826694 0.866025403784 -0.500000000000
-88.490753203007 77.712550636045 0.866025403784 0.500000000000
8.288963626311 -142.194064666745 0.866025403784 0.500000000000
-99.498907046586 -253.691296674607 0.866025403784 -0.500000000000
-66.235760224773 35.808158753486 0.866025403784 -0.500000000000
-14.041019110666 -131.849475918275 0.866025403784 -0.500000000000
