#Configurational_file created 2018-09-14 11:57:46  started 2018-09-14 11:57:46 run for 0.0s steps 0
name: p_650
step: 10000
specie: 20
	particle_diameter: 1.0000000000000000
	interaction_length: 1.2000000000000000
	number_of_patches: 3
	number_of_particles_per_compound: 1
	rod_length: 1.0000000000000000
	interaction_matrix:  1.000000 1.000000 1.000000 1.000000 1.000000 1.000000 1.000000 1.000000 1.000000
	patch_type: symmetric
	patch_width: 8.0000000000000000
	patch_angle: 0.0000000000000000
	angles:  0.000000 0.000000 0.000000
	grand_canonical: 0
	chemical_potential: 0.0000000000000000
box: 49.312818 49.312818
copy: 1.000000 1.000000
epsilon: 0.0000010000000000
end_epsilon: 0.0000000000000000
pressure: 0.1000000000000000
lambda: 0.0000000000000000
lambda_coupling: 1.0000000000000000
uy: 0.0000000000000000
maximum_displacement: 1.0000000000000000
maximum_rotation: 1.0000000000000000
maximum_volume: 1.0000000000000000
maximum_shape: 0.0000001000000000
maximum_dsigma: 0.0100000000000000
mod: 10
pmod: 10
optimize: 1
verbose: 1
snapshot: 0
display: 1
explore: 1
npt: 1
nptxy: 0
nptdxdy: 0
shape: 0
seed: 741841
112.566504641689 383.084261786608 0.000000000000 1.000000000000
169.134827817326 -149.172223169635 0.866025403784 0.500000000000
-33.283964592865 -112.518390080473 0.000000000000 1.000000000000
-252.905109335769 91.243123196703 0.866025403784 0.500000000000
-365.393857074068 5.451636795144 0.866025403784 -0.500000000000
-27.398532364740 69.088461321003 0.866025403784 -0.500000000000
107.227427290281 260.457880824195 0.866025403784 -0.500000000000
-116.769908748229 222.729642402846 0.866025403784 -0.500000000000
257.299575852828 118.952798590733 0.866025403784 -0.500000000000
256.824263217283 382.840381426730 0.866025403784 -0.500000000000
67.674635540618 324.767083062111 0.000000000000 1.000000000000
306.871317582118 276.947194297501 0.866025403784 -0.500000000000
183.934304489560 112.897343651519 0.000000000000 1.000000000000
102.313936454844 255.630478528693 0.866025403784 -0.500000000000
-192.445909298483 -52.443223096799 0.000000000000 1.000000000000
-179.057081448871 -144.369986944341 0.866025403784 -0.500000000000
89.573117936539 -58.639313741268 0.866025403784 -0.500000000000
-371.965130252802 499.400256761886 0.866025403784 0.500000000000
8.462030149920 275.138927115478 0.000000000000 1.000000000000
-231.549413163734 202.476475367124 0.866025403784 0.500000000000
