#Configurational_file created 2018-09-14 11:30:16  started 2018-09-14 11:30:15 run for 1.0s steps 0
name: p_659
step: 10000
specie: 20
	particle_diameter: 1.0000000000000000
	interaction_length: 1.2000000000000000
	number_of_patches: 3
	number_of_particles_per_compound: 1
	rod_length: 1.0000000000000000
	interaction_matrix:  1.000000 1.000000 1.000000 1.000000 1.000000 1.000000 1.000000 1.000000 1.000000
	patch_type: symmetric
	patch_width: 8.0000000000000000
	patch_angle: 0.0000000000000000
	angles:  0.000000 0.000000 0.000000
	grand_canonical: 0
	chemical_potential: 0.0000000000000000
box: 34.489685 34.489685
copy: 1.000000 1.000000
epsilon: 0.0209290000000000
end_epsilon: 0.0000000000000000
pressure: 0.6667330000000000
lambda: 0.0000000000000000
lambda_coupling: 1.0000000000000000
uy: 0.0000000000000000
maximum_displacement: 1.0000000000000000
maximum_rotation: 1.0000000000000000
maximum_volume: 1.0000000000000000
maximum_shape: 0.0000001000000000
maximum_dsigma: 0.0100000000000000
mod: 10
pmod: 10
optimize: 1
verbose: 1
snapshot: 0
display: 1
explore: 1
npt: 1
nptxy: 0
nptdxdy: 0
shape: 0
seed: 752074
-29.475105667966 -27.620795543577 0.866025403784 -0.500000000000
201.824727036589 -67.162412978779 0.000000000000 1.000000000000
72.169134799750 -32.558879474198 0.866025403784 0.500000000000
-136.151590842691 -29.981475186606 0.000000000000 1.000000000000
52.097776437882 -181.608490040557 0.866025403784 0.500000000000
-96.276924482705 -52.099922427948 0.866025403784 0.500000000000
-286.302808743732 70.341415502333 0.866025403784 0.500000000000
132.897232642843 19.576404431088 0.000000000000 1.000000000000
-231.212328852766 250.690390693171 0.866025403784 -0.500000000000
-6.749821673417 96.424508606402 0.866025403784 -0.500000000000
-1.140767941563 -88.732965704898 0.000000000000 1.000000000000
9.589040542835 136.103393925789 0.866025403784 -0.500000000000
-101.326645561189 157.711380123917 0.000000000000 1.000000000000
111.652051951078 -36.980274304632 0.866025403784 -0.500000000000
52.750009482695 -105.786110128717 0.866025403784 -0.500000000000
45.274116348673 81.555735599133 0.866025403784 -0.500000000000
-107.226630050961 8.300376470579 0.866025403784 -0.500000000000
-41.590616644827 79.627443937490 0.000000000000 1.000000000000
-169.756037373470 17.585029050511 0.866025403784 0.500000000000
-134.082296597050 188.522536310589 0.000000000000 1.000000000000
