#Configurational_file created 2018-09-14 11:30:11  started 2018-09-14 11:30:11 run for 0.0s steps 0
name: p_653
step: 10000
specie: 20
	particle_diameter: 1.0000000000000000
	interaction_length: 1.2000000000000000
	number_of_patches: 3
	number_of_particles_per_compound: 1
	rod_length: 1.0000000000000000
	interaction_matrix:  1.000000 1.000000 1.000000 1.000000 1.000000 1.000000 1.000000 1.000000 1.000000
	patch_type: symmetric
	patch_width: 8.0000000000000000
	patch_angle: 0.0000000000000000
	angles:  0.000000 0.000000 0.000000
	grand_canonical: 0
	chemical_potential: 0.0000000000000000
box: 48.227525 48.227525
copy: 1.000000 1.000000
epsilon: 0.0209290000000000
end_epsilon: 0.0000000000000000
pressure: 0.1667580000000000
lambda: 0.0000000000000000
lambda_coupling: 1.0000000000000000
uy: 0.0000000000000000
maximum_displacement: 1.0000000000000000
maximum_rotation: 1.0000000000000000
maximum_volume: 1.0000000000000000
maximum_shape: 0.0000001000000000
maximum_dsigma: 0.0100000000000000
mod: 10
pmod: 10
optimize: 1
verbose: 1
snapshot: 0
display: 1
explore: 1
npt: 1
nptxy: 0
nptdxdy: 0
shape: 0
seed: 745252
334.208641331355 102.172989964268 0.866025403784 -0.500000000000
-60.228450631137 339.670944724787 0.866025403784 -0.500000000000
174.826092070313 179.449904563458 0.866025403784 -0.500000000000
-42.569432005310 142.254712523636 0.000000000000 1.000000000000
12.165559771641 124.744515599680 0.866025403784 -0.500000000000
73.410534673142 66.037902879491 0.866025403784 0.500000000000
237.039606224330 -101.961115433246 0.000000000000 1.000000000000
-123.327546472803 -15.291602498084 0.000000000000 1.000000000000
-76.739582824807 425.261989192970 0.866025403784 -0.500000000000
182.134055187113 557.519383844692 0.000000000000 1.000000000000
34.166996333238 -155.848128299935 0.866025403784 -0.500000000000
228.789072755481 89.341279614799 0.866025403784 -0.500000000000
178.405098763656 -163.368957163393 0.866025403784 0.500000000000
142.856882821047 106.838406365692 0.866025403784 -0.500000000000
284.006315744484 234.541521472819 0.000000000000 1.000000000000
-30.434998210629 297.384927397731 0.866025403784 0.500000000000
-55.117469196734 62.848554572547 0.000000000000 1.000000000000
66.946556821475 -125.483390436926 0.866025403784 -0.500000000000
137.519679549340 -127.046251461619 0.866025403784 -0.500000000000
172.523803562923 165.050819754407 0.000000000000 1.000000000000
