#Configurational_file created 2018-09-14 11:30:12  started 2018-09-14 11:30:11 run for 1.0s steps 0
name: p_654
step: 10000
specie: 20
	particle_diameter: 1.0000000000000000
	interaction_length: 1.2000000000000000
	number_of_patches: 3
	number_of_particles_per_compound: 1
	rod_length: 1.0000000000000000
	interaction_matrix:  1.000000 1.000000 1.000000 1.000000 1.000000 1.000000 1.000000 1.000000 1.000000
	patch_type: symmetric
	patch_width: 8.0000000000000000
	patch_angle: 0.0000000000000000
	angles:  0.000000 0.000000 0.000000
	grand_canonical: 0
	chemical_potential: 0.0000000000000000
box: 52.183982 52.183982
copy: 1.000000 1.000000
epsilon: 0.0209290000000000
end_epsilon: 0.0000000000000000
pressure: 0.2500870000000000
lambda: 0.0000000000000000
lambda_coupling: 1.0000000000000000
uy: 0.0000000000000000
maximum_displacement: 1.0000000000000000
maximum_rotation: 1.0000000000000000
maximum_volume: 1.0000000000000000
maximum_shape: 0.0000001000000000
maximum_dsigma: 0.0100000000000000
mod: 10
pmod: 10
optimize: 1
verbose: 1
snapshot: 0
display: 1
explore: 1
npt: 1
nptxy: 0
nptdxdy: 0
shape: 0
seed: 746389
302.130686996294 45.406767701576 0.000000000000 1.000000000000
166.441445004204 360.290449479500 0.866025403784 -0.500000000000
104.666605464778 -97.230718299360 0.866025403784 0.500000000000
91.732164802008 171.142899133503 0.000000000000 1.000000000000
-53.220830698820 -144.341540709251 0.000000000000 1.000000000000
101.865144565098 78.285693835898 0.866025403784 -0.500000000000
122.573513052476 198.704213973241 0.866025403784 -0.500000000000
129.363406679946 404.696864047517 0.866025403784 -0.500000000000
16.384739271322 -80.056359984837 0.866025403784 -0.500000000000
160.817586368183 88.846263554155 0.000000000000 1.000000000000
-31.794080035348 41.441037971928 0.866025403784 -0.500000000000
-173.445684580853 -36.717098794777 0.866025403784 0.500000000000
111.618207294005 78.526508341398 0.866025403784 -0.500000000000
-51.136411872336 56.595465293578 0.866025403784 0.500000000000
-184.991772847796 161.370877444387 0.000000000000 1.000000000000
-216.170233757931 -69.085849396706 0.866025403784 -0.500000000000
94.105505564009 -66.722337968726 0.866025403784 0.500000000000
-236.389746034045 19.143402429646 0.866025403784 -0.500000000000
-44.602604297340 312.224341862807 0.866025403784 -0.500000000000
169.342092628297 -297.815029807391 0.866025403784 0.500000000000
