#Configurational_file created 2018-09-14 11:06:15  started 2018-09-14 11:06:14 run for 1.0s steps 0
name: p_65
step: 10000
specie: 20
	particle_diameter: 1.0000000000000000
	interaction_length: 1.2000000000000000
	number_of_patches: 3
	number_of_particles_per_compound: 1
	rod_length: 1.0000000000000000
	interaction_matrix:  1.000000 1.000000 1.000000 1.000000 1.000000 1.000000 1.000000 1.000000 1.000000
	patch_type: symmetric
	patch_width: 8.0000000000000000
	patch_angle: 0.0000000000000000
	angles:  0.000000 0.000000 0.000000
	grand_canonical: 0
	chemical_potential: 0.0000000000000000
box: 42.944386 42.944386
copy: 1.000000 1.000000
epsilon: 0.0001000000000000
end_epsilon: 0.0000000000000000
pressure: 0.0001000000000000
lambda: 0.0000000000000000
lambda_coupling: 1.0000000000000000
uy: 0.0000000000000000
maximum_displacement: 1.0000000000000000
maximum_rotation: 1.0000000000000000
maximum_volume: 1.0000000000000000
maximum_shape: 0.0000001000000000
maximum_dsigma: 0.0100000000000000
mod: 10
pmod: 10
optimize: 1
verbose: 1
snapshot: 0
display: 1
explore: 1
npt: 1
nptxy: 0
nptdxdy: 0
shape: 0
seed: 76775
174.686074037250 34.083174002322 0.866025403784 0.500000000000
-40.037641174579 -122.588213019649 0.000000000000 1.000000000000
-119.920867134750 -11.939010506551 0.866025403784 -0.500000000000
168.080528494202 -47.605777721944 0.866025403784 -0.500000000000
150.410423381805 285.352394768483 0.000000000000 1.000000000000
135.428599527389 32.680958749960 0.866025403784 0.500000000000
58.297734719732 -4.414086462385 0.866025403784 -0.500000000000
-135.599154111575 105.735664998546 0.866025403784 0.500000000000
295.327701624766 102.722382791506 0.866025403784 0.500000000000
-136.512425089801 -164.445234930398 0.866025403784 0.500000000000
-188.207458752954 33.296647663864 0.000000000000 1.000000000000
-235.876594411043 180.182484773100 0.866025403784 -0.500000000000
194.816937811705 -52.164532113284 0.000000000000 1.000000000000
-159.150575306418 238.529510257264 0.866025403784 -0.500000000000
-149.498568777304 47.957887191166 0.866025403784 0.500000000000
-87.389683800636 314.633225427353 0.866025403784 -0.500000000000
38.920422137769 69.273227083542 0.866025403784 -0.500000000000
-429.347507429355 48.128369454212 0.000000000000 1.000000000000
84.897964771444 -106.165945510223 0.866025403784 -0.500000000000
61.568941184374 -282.722124809973 0.866025403784 0.500000000000
