#Configurational_file created 2018-09-14 11:57:51  started 2018-09-14 11:57:50 run for 1.0s steps 0
name: p_656
step: 10000
specie: 20
	particle_diameter: 1.0000000000000000
	interaction_length: 1.2000000000000000
	number_of_patches: 3
	number_of_particles_per_compound: 1
	rod_length: 1.0000000000000000
	interaction_matrix:  1.000000 1.000000 1.000000 1.000000 1.000000 1.000000 1.000000 1.000000 1.000000
	patch_type: symmetric
	patch_width: 8.0000000000000000
	patch_angle: 0.0000000000000000
	angles:  0.000000 0.000000 0.000000
	grand_canonical: 0
	chemical_potential: 0.0000000000000000
box: 44.599799 44.599799
copy: 1.000000 1.000000
epsilon: 0.0020840000000000
end_epsilon: 0.0000000000000000
pressure: 0.0208340000000000
lambda: 0.0000000000000000
lambda_coupling: 1.0000000000000000
uy: 0.0000000000000000
maximum_displacement: 1.0000000000000000
maximum_rotation: 1.0000000000000000
maximum_volume: 1.0000000000000000
maximum_shape: 0.0000001000000000
maximum_dsigma: 0.0100000000000000
mod: 10
pmod: 10
optimize: 1
verbose: 1
snapshot: 0
display: 1
explore: 1
npt: 1
nptxy: 0
nptdxdy: 0
shape: 0
seed: 748663
30.448515445614 -81.969060195828 0.866025403784 0.500000000000
50.584243901905 239.253522665819 0.866025403784 -0.500000000000
107.657796720932 -271.972330675769 0.000000000000 1.000000000000
-74.695472641125 175.315097432752 0.000000000000 1.000000000000
-290.288888139685 301.084074027809 0.000000000000 1.000000000000
-57.854128560283 27.249074092097 0.866025403784 0.500000000000
-36.506808535560 -85.977859656934 0.866025403784 -0.500000000000
-37.625635121667 -45.766586886368 0.866025403784 -0.500000000000
67.535864468327 42.039761499025 0.866025403784 0.500000000000
-109.361268957900 -32.452756900498 0.866025403784 -0.500000000000
-197.025295392713 35.437670340071 0.866025403784 0.500000000000
113.500617117677 42.931587790795 0.866025403784 0.500000000000
25.955111427843 65.427007758114 0.000000000000 1.000000000000
119.515161415249 99.391863601122 0.866025403784 0.500000000000
203.953775263017 120.491583066154 0.000000000000 1.000000000000
-120.080798597165 243.408885444763 0.000000000000 1.000000000000
308.184581865881 47.521422594266 0.000000000000 1.000000000000
201.518850870979 91.058218633278 0.866025403784 -0.500000000000
36.638489515656 43.148161489696 0.866025403784 0.500000000000
99.525604060963 -49.942499091240 0.866025403784 0.500000000000
