#Configurational_file created 2018-09-14 11:30:11  started 2018-09-14 11:30:10 run for 1.0s steps 0
name: p_652
step: 10000
specie: 20
	particle_diameter: 1.0000000000000000
	interaction_length: 1.2000000000000000
	number_of_patches: 3
	number_of_particles_per_compound: 1
	rod_length: 1.0000000000000000
	interaction_matrix:  1.000000 1.000000 1.000000 1.000000 1.000000 1.000000 1.000000 1.000000 1.000000
	patch_type: symmetric
	patch_width: 8.0000000000000000
	patch_angle: 0.0000000000000000
	angles:  0.000000 0.000000 0.000000
	grand_canonical: 0
	chemical_potential: 0.0000000000000000
box: 47.535176 47.535176
copy: 1.000000 1.000000
epsilon: 0.0209290000000000
end_epsilon: 0.0000000000000000
pressure: 0.0834290000000000
lambda: 0.0000000000000000
lambda_coupling: 1.0000000000000000
uy: 0.0000000000000000
maximum_displacement: 1.0000000000000000
maximum_rotation: 1.0000000000000000
maximum_volume: 1.0000000000000000
maximum_shape: 0.0000001000000000
maximum_dsigma: 0.0100000000000000
mod: 10
pmod: 10
optimize: 1
verbose: 1
snapshot: 0
display: 1
explore: 1
npt: 1
nptxy: 0
nptdxdy: 0
shape: 0
seed: 744115
-261.540831507743 62.548362649529 0.000000000000 1.000000000000
-313.250776574035 218.280649302431 0.866025403784 -0.500000000000
117.210302290364 -67.956198834872 0.866025403784 0.500000000000
167.892443403098 257.893164255545 0.866025403784 -0.500000000000
144.659519016318 -66.339293838082 0.000000000000 1.000000000000
286.064204050950 155.974486623500 0.866025403784 -0.500000000000
41.039833501730 -160.999018794940 0.866025403784 0.500000000000
-94.958737576008 4.222634127740 0.866025403784 0.500000000000
-9.487953831136 -122.109869892556 0.866025403784 0.500000000000
177.830638933303 -126.950797862591 0.000000000000 1.000000000000
-122.479557976863 371.676541026210 0.866025403784 0.500000000000
243.014672092922 -46.675911423586 0.866025403784 -0.500000000000
-355.307128454407 -92.119506143188 0.866025403784 -0.500000000000
216.437652578777 -72.733899092624 0.866025403784 0.500000000000
295.183770403552 179.441477040556 0.000000000000 1.000000000000
125.193732238249 248.090400543255 0.866025403784 0.500000000000
-52.235960522696 124.443637447846 0.000000000000 1.000000000000
-109.608724592590 94.575102569492 0.000000000000 1.000000000000
-38.638553314379 15.846702346662 0.866025403784 0.500000000000
-126.195841334670 -94.468585568819 0.000000000000 1.000000000000
