#Configurational_file created 2018-09-14 11:30:15  started 2018-09-14 11:30:14 run for 1.0s steps 0
name: p_658
step: 10000
specie: 20
	particle_diameter: 1.0000000000000000
	interaction_length: 1.2000000000000000
	number_of_patches: 3
	number_of_particles_per_compound: 1
	rod_length: 1.0000000000000000
	interaction_matrix:  1.000000 1.000000 1.000000 1.000000 1.000000 1.000000 1.000000 1.000000 1.000000
	patch_type: symmetric
	patch_width: 8.0000000000000000
	patch_angle: 0.0000000000000000
	angles:  0.000000 0.000000 0.000000
	grand_canonical: 0
	chemical_potential: 0.0000000000000000
box: 36.247855 36.247855
copy: 1.000000 1.000000
epsilon: 0.0209290000000000
end_epsilon: 0.0000000000000000
pressure: 0.5834040000000000
lambda: 0.0000000000000000
lambda_coupling: 1.0000000000000000
uy: 0.0000000000000000
maximum_displacement: 1.0000000000000000
maximum_rotation: 1.0000000000000000
maximum_volume: 1.0000000000000000
maximum_shape: 0.0000001000000000
maximum_dsigma: 0.0100000000000000
mod: 10
pmod: 10
optimize: 1
verbose: 1
snapshot: 0
display: 1
explore: 1
npt: 1
nptxy: 0
nptdxdy: 0
shape: 0
seed: 750937
-121.345390254758 -224.537830267086 0.866025403784 0.500000000000
65.886302851878 141.370114520204 0.000000000000 1.000000000000
-14.688265252994 -330.355260435343 0.866025403784 0.500000000000
-41.638891278831 75.750161009623 0.866025403784 -0.500000000000
-35.569426464140 90.170939712142 0.866025403784 -0.500000000000
67.777047263351 121.457841583582 0.866025403784 0.500000000000
198.639768015194 -47.304700418660 0.000000000000 1.000000000000
67.882286688938 -57.761248750596 0.866025403784 -0.500000000000
153.506959875322 -96.932983552932 0.866025403784 0.500000000000
-286.946735201536 47.825897191273 0.866025403784 0.500000000000
-54.709034100533 308.159976394158 0.866025403784 -0.500000000000
137.106371843905 160.989797291738 0.866025403784 -0.500000000000
-252.924077443898 89.136061193426 0.866025403784 0.500000000000
-65.062465242558 -152.114440443977 0.866025403784 -0.500000000000
38.340879310796 106.738935002048 0.000000000000 1.000000000000
216.885591529202 21.595038542443 0.866025403784 0.500000000000
-40.316347448075 3.853819658818 0.000000000000 1.000000000000
9.704478573747 211.090315338907 0.866025403784 -0.500000000000
-158.940075808055 79.721127952544 0.866025403784 0.500000000000
-140.895442800149 -219.704001726007 0.866025403784 0.500000000000
