#Configurational_file created 2018-09-14 11:57:49  started 2018-09-14 11:57:48 run for 1.0s steps 0
name: p_653
step: 10000
specie: 20
	particle_diameter: 1.0000000000000000
	interaction_length: 1.2000000000000000
	number_of_patches: 3
	number_of_particles_per_compound: 1
	rod_length: 1.0000000000000000
	interaction_matrix:  1.000000 1.000000 1.000000 1.000000 1.000000 1.000000 1.000000 1.000000 1.000000
	patch_type: symmetric
	patch_width: 8.0000000000000000
	patch_angle: 0.0000000000000000
	angles:  0.000000 0.000000 0.000000
	grand_canonical: 0
	chemical_potential: 0.0000000000000000
box: 52.562696 52.562696
copy: 1.000000 1.000000
epsilon: 0.0020840000000000
end_epsilon: 0.0000000000000000
pressure: 0.0083340000000000
lambda: 0.0000000000000000
lambda_coupling: 1.0000000000000000
uy: 0.0000000000000000
maximum_displacement: 1.0000000000000000
maximum_rotation: 1.0000000000000000
maximum_volume: 1.0000000000000000
maximum_shape: 0.0000001000000000
maximum_dsigma: 0.0100000000000000
mod: 10
pmod: 10
optimize: 1
verbose: 1
snapshot: 0
display: 1
explore: 1
npt: 1
nptxy: 0
nptdxdy: 0
shape: 0
seed: 745252
134.124043023749 -50.278729561887 0.866025403784 0.500000000000
280.892911493430 -1.472140748728 0.000000000000 1.000000000000
43.679245356944 538.304820040364 0.000000000000 1.000000000000
-108.510804619653 -251.914523745971 0.000000000000 1.000000000000
-68.807173287579 -114.920503522750 0.866025403784 0.500000000000
327.832217325322 197.797467813187 0.866025403784 -0.500000000000
-155.523231047371 172.044780802194 0.866025403784 -0.500000000000
-239.523955595470 -9.321122638404 0.866025403784 0.500000000000
2.040204131414 152.030046353323 0.866025403784 -0.500000000000
-138.956327816155 25.528475704712 0.000000000000 1.000000000000
295.202564915643 -106.606785721436 0.866025403784 0.500000000000
77.810052911535 97.522099873427 0.866025403784 0.500000000000
-207.612350217745 -93.946352917571 0.866025403784 -0.500000000000
-119.566749402986 307.247450496744 0.000000000000 1.000000000000
-0.311642710824 15.631033010124 0.000000000000 1.000000000000
97.606549215579 150.362952230195 0.000000000000 1.000000000000
57.273030360002 116.047075775192 0.866025403784 -0.500000000000
-123.530695466511 -89.304345837974 0.866025403784 -0.500000000000
-151.410129566725 -269.735731052819 0.000000000000 1.000000000000
-127.754027447910 224.416950845696 0.866025403784 0.500000000000
