#Configurational_file created 2018-09-14 11:30:14  started 2018-09-14 11:30:13 run for 1.0s steps 0
name: p_656
step: 10000
specie: 20
	particle_diameter: 1.0000000000000000
	interaction_length: 1.2000000000000000
	number_of_patches: 3
	number_of_particles_per_compound: 1
	rod_length: 1.0000000000000000
	interaction_matrix:  1.000000 1.000000 1.000000 1.000000 1.000000 1.000000 1.000000 1.000000 1.000000
	patch_type: symmetric
	patch_width: 8.0000000000000000
	patch_angle: 0.0000000000000000
	angles:  0.000000 0.000000 0.000000
	grand_canonical: 0
	chemical_potential: 0.0000000000000000
box: 40.457160 40.457160
copy: 1.000000 1.000000
epsilon: 0.0209290000000000
end_epsilon: 0.0000000000000000
pressure: 0.4167460000000000
lambda: 0.0000000000000000
lambda_coupling: 1.0000000000000000
uy: 0.0000000000000000
maximum_displacement: 1.0000000000000000
maximum_rotation: 1.0000000000000000
maximum_volume: 1.0000000000000000
maximum_shape: 0.0000001000000000
maximum_dsigma: 0.0100000000000000
mod: 10
pmod: 10
optimize: 1
verbose: 1
snapshot: 0
display: 1
explore: 1
npt: 1
nptxy: 0
nptdxdy: 0
shape: 0
seed: 748663
-8.396609956986 -24.406440966061 0.000000000000 1.000000000000
7.122324626633 215.011035993681 0.000000000000 1.000000000000
69.896805437901 -143.363209485604 0.000000000000 1.000000000000
-178.332283033521 240.719979938347 0.866025403784 0.500000000000
-246.162896181892 85.734198212034 0.866025403784 -0.500000000000
151.262950474477 233.160004651175 0.866025403784 0.500000000000
-249.260382902879 -228.411636139410 0.866025403784 0.500000000000
42.706069139269 -34.156649571455 0.000000000000 1.000000000000
-4.912905314564 -131.717018374797 0.866025403784 -0.500000000000
11.077321453888 -34.185087268579 0.000000000000 1.000000000000
-48.378490705596 -47.891830548944 0.866025403784 0.500000000000
-25.694928653841 180.345646164172 0.866025403784 -0.500000000000
181.932035873510 -79.107779379671 0.000000000000 1.000000000000
87.044511948204 95.013253907742 0.866025403784 -0.500000000000
-140.712817722808 -20.668995074172 0.000000000000 1.000000000000
-127.418120514672 156.797281400249 0.000000000000 1.000000000000
89.573044579798 -25.888786830429 0.866025403784 -0.500000000000
-39.793432860203 -76.483538407521 0.000000000000 1.000000000000
-155.116014431725 11.052414602569 0.866025403784 -0.500000000000
106.935467640123 263.564686143941 0.866025403784 -0.500000000000
