#Configurational_file created 2018-09-14 11:57:50  started 2018-09-14 11:57:49 run for 1.0s steps 0
name: p_655
step: 10000
specie: 20
	particle_diameter: 1.0000000000000000
	interaction_length: 1.2000000000000000
	number_of_patches: 3
	number_of_particles_per_compound: 1
	rod_length: 1.0000000000000000
	interaction_matrix:  1.000000 1.000000 1.000000 1.000000 1.000000 1.000000 1.000000 1.000000 1.000000
	patch_type: symmetric
	patch_width: 8.0000000000000000
	patch_angle: 0.0000000000000000
	angles:  0.000000 0.000000 0.000000
	grand_canonical: 0
	chemical_potential: 0.0000000000000000
box: 50.893028 50.893028
copy: 1.000000 1.000000
epsilon: 0.0020840000000000
end_epsilon: 0.0000000000000000
pressure: 0.0166680000000000
lambda: 0.0000000000000000
lambda_coupling: 1.0000000000000000
uy: 0.0000000000000000
maximum_displacement: 1.0000000000000000
maximum_rotation: 1.0000000000000000
maximum_volume: 1.0000000000000000
maximum_shape: 0.0000001000000000
maximum_dsigma: 0.0100000000000000
mod: 10
pmod: 10
optimize: 1
verbose: 1
snapshot: 0
display: 1
explore: 1
npt: 1
nptxy: 0
nptdxdy: 0
shape: 0
seed: 747526
42.809733264969 227.194884582681 0.866025403784 -0.500000000000
-83.281811475142 -89.940208743907 0.866025403784 -0.500000000000
-97.101988731014 261.424610172954 0.866025403784 -0.500000000000
220.033751830393 -9.319497033851 0.000000000000 1.000000000000
-114.273687632997 16.761473497592 0.866025403784 0.500000000000
-100.931547281370 247.455504197799 0.866025403784 -0.500000000000
177.683442322065 -151.083254891610 0.000000000000 1.000000000000
221.793347257009 228.976203751062 0.866025403784 0.500000000000
220.174251585910 227.000124781329 0.000000000000 1.000000000000
10.538078942114 172.559308272428 0.000000000000 1.000000000000
98.573930466805 70.752186113243 0.866025403784 -0.500000000000
-5.290826238133 -117.178102702014 0.000000000000 1.000000000000
20.632919110165 147.697555066043 0.000000000000 1.000000000000
-20.966819411088 -8.049167511691 0.866025403784 -0.500000000000
-38.381665501661 106.612932164955 0.866025403784 0.500000000000
-284.744239894884 -94.181497991504 0.866025403784 0.500000000000
-53.652057933882 281.368787399134 0.866025403784 -0.500000000000
-170.797432067680 -74.955701748706 0.000000000000 1.000000000000
211.314403372408 -183.477456393632 0.000000000000 1.000000000000
-74.893758772074 -138.249615773850 0.000000000000 1.000000000000
