#Configurational_file created 2018-09-14 11:30:10  started 2018-09-14 11:30:09 run for 1.0s steps 0
name: p_651
step: 10000
specie: 20
	particle_diameter: 1.0000000000000000
	interaction_length: 1.2000000000000000
	number_of_patches: 3
	number_of_particles_per_compound: 1
	rod_length: 1.0000000000000000
	interaction_matrix:  1.000000 1.000000 1.000000 1.000000 1.000000 1.000000 1.000000 1.000000 1.000000
	patch_type: symmetric
	patch_width: 8.0000000000000000
	patch_angle: 0.0000000000000000
	angles:  0.000000 0.000000 0.000000
	grand_canonical: 0
	chemical_potential: 0.0000000000000000
box: 48.451565 48.451565
copy: 1.000000 1.000000
epsilon: 0.0209290000000000
end_epsilon: 0.0000000000000000
pressure: 0.0001000000000000
lambda: 0.0000000000000000
lambda_coupling: 1.0000000000000000
uy: 0.0000000000000000
maximum_displacement: 1.0000000000000000
maximum_rotation: 1.0000000000000000
maximum_volume: 1.0000000000000000
maximum_shape: 0.0000001000000000
maximum_dsigma: 0.0100000000000000
mod: 10
pmod: 10
optimize: 1
verbose: 1
snapshot: 0
display: 1
explore: 1
npt: 1
nptxy: 0
nptdxdy: 0
shape: 0
seed: 742978
174.048560866614 -50.552644812639 0.000000000000 1.000000000000
-140.120951033871 318.518873893622 0.000000000000 1.000000000000
124.228184636262 195.200012110261 0.866025403784 0.500000000000
-155.111582823353 -208.971497328665 0.000000000000 1.000000000000
-160.215103651500 -107.614611501808 0.866025403784 0.500000000000
-155.911673759162 -58.061909273114 0.866025403784 0.500000000000
74.081574018198 61.658998017592 0.866025403784 0.500000000000
7.124050533414 -155.242380676996 0.000000000000 1.000000000000
96.052299150483 -80.001196597677 0.866025403784 -0.500000000000
-140.338015911068 178.291582882492 0.866025403784 0.500000000000
-22.777455462743 -231.985744664356 0.866025403784 -0.500000000000
129.189437410913 -156.590884432155 0.000000000000 1.000000000000
76.556595481526 136.048481015130 0.866025403784 0.500000000000
-250.218003713709 46.330557175165 0.866025403784 -0.500000000000
-60.604600412547 394.016722610977 0.866025403784 -0.500000000000
27.045565883032 164.127950083112 0.866025403784 0.500000000000
370.364056555933 -1.679617813501 0.866025403784 -0.500000000000
347.969421122870 -128.525591605092 0.866025403784 -0.500000000000
19.647093655715 -89.144903518395 0.866025403784 0.500000000000
300.590168400906 135.792252675294 0.866025403784 0.500000000000
