#Configurational_file created 2018-09-14 11:57:49  started 2018-09-14 11:57:49 run for 0.0s steps 0
name: p_654
step: 10000
specie: 20
	particle_diameter: 1.0000000000000000
	interaction_length: 1.2000000000000000
	number_of_patches: 3
	number_of_particles_per_compound: 1
	rod_length: 1.0000000000000000
	interaction_matrix:  1.000000 1.000000 1.000000 1.000000 1.000000 1.000000 1.000000 1.000000 1.000000
	patch_type: symmetric
	patch_width: 8.0000000000000000
	patch_angle: 0.0000000000000000
	angles:  0.000000 0.000000 0.000000
	grand_canonical: 0
	chemical_potential: 0.0000000000000000
box: 45.856824 45.856824
copy: 1.000000 1.000000
epsilon: 0.0020840000000000
end_epsilon: 0.0000000000000000
pressure: 0.0125010000000000
lambda: 0.0000000000000000
lambda_coupling: 1.0000000000000000
uy: 0.0000000000000000
maximum_displacement: 1.0000000000000000
maximum_rotation: 1.0000000000000000
maximum_volume: 1.0000000000000000
maximum_shape: 0.0000001000000000
maximum_dsigma: 0.0100000000000000
mod: 10
pmod: 10
optimize: 1
verbose: 1
snapshot: 0
display: 1
explore: 1
npt: 1
nptxy: 0
nptdxdy: 0
shape: 0
seed: 746389
-49.374362340602 11.038378173934 0.866025403784 -0.500000000000
-121.536991891517 40.046424890847 0.866025403784 -0.500000000000
-162.200302946136 -256.236379299276 0.000000000000 1.000000000000
-311.425024059839 -49.233908069405 0.866025403784 -0.500000000000
-147.391291074069 -29.004054095725 0.866025403784 -0.500000000000
317.837241217591 0.038158794613 0.866025403784 0.500000000000
-103.547212186092 -53.453735792963 0.866025403784 -0.500000000000
145.093290505458 174.083775121975 0.866025403784 0.500000000000
65.852946381991 465.058199337982 0.866025403784 0.500000000000
191.611174293467 39.385725226749 0.866025403784 -0.500000000000
-114.118371909064 -136.095088277004 0.000000000000 1.000000000000
165.347208858026 -63.301272796401 0.000000000000 1.000000000000
85.871653482762 265.508928755198 0.866025403784 -0.500000000000
46.693141555384 -116.065690379375 0.866025403784 -0.500000000000
-31.802988784423 141.015846009551 0.000000000000 1.000000000000
213.642006839732 -25.636887288855 0.866025403784 -0.500000000000
-278.816040378875 -60.103518269572 0.000000000000 1.000000000000
170.272136640934 3.166955233925 0.866025403784 -0.500000000000
-125.627604618673 55.824959367048 0.866025403784 -0.500000000000
226.250302140158 127.546609507836 0.000000000000 1.000000000000
