#Configurational_file created 2018-09-14 11:57:59  started 2018-09-14 11:57:58 run for 1.0s steps 0
name: p_667
step: 10000
specie: 20
	particle_diameter: 1.0000000000000000
	interaction_length: 1.2000000000000000
	number_of_patches: 3
	number_of_particles_per_compound: 1
	rod_length: 1.0000000000000000
	interaction_matrix:  1.000000 1.000000 1.000000 1.000000 1.000000 1.000000 1.000000 1.000000 1.000000
	patch_type: symmetric
	patch_width: 8.0000000000000000
	patch_angle: 0.0000000000000000
	angles:  0.000000 0.000000 0.000000
	grand_canonical: 0
	chemical_potential: 0.0000000000000000
box: 51.134193 51.134193
copy: 1.000000 1.000000
epsilon: 0.0020840000000000
end_epsilon: 0.0000000000000000
pressure: 0.0666670000000000
lambda: 0.0000000000000000
lambda_coupling: 1.0000000000000000
uy: 0.0000000000000000
maximum_displacement: 1.0000000000000000
maximum_rotation: 1.0000000000000000
maximum_volume: 1.0000000000000000
maximum_shape: 0.0000001000000000
maximum_dsigma: 0.0100000000000000
mod: 10
pmod: 10
optimize: 1
verbose: 1
snapshot: 0
display: 1
explore: 1
npt: 1
nptxy: 0
nptdxdy: 0
shape: 0
seed: 761170
218.908954424735 92.025944315919 0.866025403784 0.500000000000
143.202033599970 -169.507118823867 0.000000000000 1.000000000000
79.538906905879 -146.494189052078 0.866025403784 0.500000000000
-273.277271479445 22.455448445608 0.866025403784 -0.500000000000
-192.869171522696 45.006268301135 0.866025403784 -0.500000000000
-137.788531979892 -77.142955255433 0.866025403784 0.500000000000
79.801679576413 -147.701452194235 0.000000000000 1.000000000000
52.736609833733 -20.930202279828 0.866025403784 0.500000000000
-8.510058849347 -108.339933467596 0.000000000000 1.000000000000
128.231577999646 -210.829200883123 0.866025403784 0.500000000000
-136.530788765262 132.564697821582 0.000000000000 1.000000000000
-356.165971230169 52.056916247635 0.866025403784 0.500000000000
-41.120555402207 -29.538062891509 0.866025403784 0.500000000000
-257.287111704234 182.960710860454 0.000000000000 1.000000000000
-54.413364478308 -382.009222680408 0.000000000000 1.000000000000
11.094966068112 60.682661767379 0.866025403784 -0.500000000000
178.369434984972 175.139553654592 0.866025403784 -0.500000000000
-122.120000223233 -59.249272263641 0.866025403784 -0.500000000000
18.768340745445 148.880628928176 0.000000000000 1.000000000000
30.436953779605 -69.402643435506 0.866025403784 0.500000000000
