#Configurational_file created 2018-09-14 11:57:55  started 2018-09-14 11:57:54 run for 1.0s steps 0
name: p_661
step: 10000
specie: 20
	particle_diameter: 1.0000000000000000
	interaction_length: 1.2000000000000000
	number_of_patches: 3
	number_of_particles_per_compound: 1
	rod_length: 1.0000000000000000
	interaction_matrix:  1.000000 1.000000 1.000000 1.000000 1.000000 1.000000 1.000000 1.000000 1.000000
	patch_type: symmetric
	patch_width: 8.0000000000000000
	patch_angle: 0.0000000000000000
	angles:  0.000000 0.000000 0.000000
	grand_canonical: 0
	chemical_potential: 0.0000000000000000
box: 40.178962 40.178962
copy: 1.000000 1.000000
epsilon: 0.0020840000000000
end_epsilon: 0.0000000000000000
pressure: 0.0416670000000000
lambda: 0.0000000000000000
lambda_coupling: 1.0000000000000000
uy: 0.0000000000000000
maximum_displacement: 1.0000000000000000
maximum_rotation: 1.0000000000000000
maximum_volume: 1.0000000000000000
maximum_shape: 0.0000001000000000
maximum_dsigma: 0.0100000000000000
mod: 10
pmod: 10
optimize: 1
verbose: 1
snapshot: 0
display: 1
explore: 1
npt: 1
nptxy: 0
nptdxdy: 0
shape: 0
seed: 754348
79.964661260816 76.804491372707 0.000000000000 1.000000000000
373.323316877268 -136.548994634837 0.000000000000 1.000000000000
73.775580227904 102.708705217952 0.866025403784 -0.500000000000
116.165091993534 -112.646192198829 0.000000000000 1.000000000000
68.184189770500 180.710722358411 0.866025403784 -0.500000000000
-169.815938867423 17.530124051264 0.866025403784 0.500000000000
190.820315366095 -11.199953909588 0.866025403784 -0.500000000000
-47.134486579485 17.789584348917 0.866025403784 0.500000000000
134.189279256411 -6.010890742224 0.000000000000 1.000000000000
28.354407419739 90.682090584970 0.000000000000 1.000000000000
-204.109973463904 -83.219940674188 0.000000000000 1.000000000000
36.119872695485 74.506043856212 0.866025403784 0.500000000000
-104.071158130248 -140.650416619337 0.866025403784 0.500000000000
-26.693560767977 197.295414484447 0.866025403784 0.500000000000
-83.063670816654 229.729249277711 0.866025403784 0.500000000000
15.375877408848 143.834068267149 0.000000000000 1.000000000000
20.919965225185 -165.523921869856 0.000000000000 1.000000000000
-192.672468793761 50.064463488405 0.866025403784 -0.500000000000
-23.666983038536 37.500533519485 0.866025403784 -0.500000000000
-21.444380489269 -163.435875964554 0.866025403784 -0.500000000000
