#Configurational_file created 2018-09-14 11:57:56  started 2018-09-14 11:57:55 run for 1.0s steps 0
name: p_663
step: 10000
specie: 20
	particle_diameter: 1.0000000000000000
	interaction_length: 1.2000000000000000
	number_of_patches: 3
	number_of_particles_per_compound: 1
	rod_length: 1.0000000000000000
	interaction_matrix:  1.000000 1.000000 1.000000 1.000000 1.000000 1.000000 1.000000 1.000000 1.000000
	patch_type: symmetric
	patch_width: 8.0000000000000000
	patch_angle: 0.0000000000000000
	angles:  0.000000 0.000000 0.000000
	grand_canonical: 0
	chemical_potential: 0.0000000000000000
box: 46.072896 46.072896
copy: 1.000000 1.000000
epsilon: 0.0020840000000000
end_epsilon: 0.0000000000000000
pressure: 0.0500010000000000
lambda: 0.0000000000000000
lambda_coupling: 1.0000000000000000
uy: 0.0000000000000000
maximum_displacement: 1.0000000000000000
maximum_rotation: 1.0000000000000000
maximum_volume: 1.0000000000000000
maximum_shape: 0.0000001000000000
maximum_dsigma: 0.0100000000000000
mod: 10
pmod: 10
optimize: 1
verbose: 1
snapshot: 0
display: 1
explore: 1
npt: 1
nptxy: 0
nptdxdy: 0
shape: 0
seed: 756622
212.299443878745 -192.496178892879 0.866025403784 0.500000000000
-150.394905783621 400.105422551899 0.866025403784 -0.500000000000
-100.065002806457 164.706552784397 0.866025403784 0.500000000000
28.225552397886 29.947906904128 0.000000000000 1.000000000000
-96.582227667541 104.653999898571 0.866025403784 0.500000000000
-211.514705133997 145.322077785985 0.000000000000 1.000000000000
-8.306747344380 7.300375532287 0.866025403784 -0.500000000000
10.637940290400 -31.823337701845 0.000000000000 1.000000000000
-75.636196821819 182.323302155096 0.000000000000 1.000000000000
-305.562322024219 -105.010237970720 0.866025403784 -0.500000000000
48.720733325186 -83.978048551566 0.866025403784 0.500000000000
201.932901937644 -78.140218291447 0.000000000000 1.000000000000
258.174793254594 -417.636745301696 0.866025403784 -0.500000000000
103.258287656382 216.301428023950 0.000000000000 1.000000000000
-39.511575362720 -112.439580337590 0.866025403784 -0.500000000000
121.268592556430 60.666926915629 0.866025403784 -0.500000000000
-175.473271942600 17.256727283311 0.000000000000 1.000000000000
178.996037645855 124.089508393147 0.866025403784 0.500000000000
157.285138207432 151.673081154007 0.000000000000 1.000000000000
33.654646521899 59.054748598029 0.866025403784 -0.500000000000
