#Configurational_file created 2018-09-14 11:30:22  started 2018-09-14 11:30:21 run for 1.0s steps 0
name: p_668
step: 10000
specie: 20
	particle_diameter: 1.0000000000000000
	interaction_length: 1.2000000000000000
	number_of_patches: 3
	number_of_particles_per_compound: 1
	rod_length: 1.0000000000000000
	interaction_matrix:  1.000000 1.000000 1.000000 1.000000 1.000000 1.000000 1.000000 1.000000 1.000000
	patch_type: symmetric
	patch_width: 8.0000000000000000
	patch_angle: 0.0000000000000000
	angles:  0.000000 0.000000 0.000000
	grand_canonical: 0
	chemical_potential: 0.0000000000000000
box: 24.488729 24.488729
copy: 1.000000 1.000000
epsilon: 0.0209290000000000
end_epsilon: 0.0000000000000000
pressure: 1.4166960000000000
lambda: 0.0000000000000000
lambda_coupling: 1.0000000000000000
uy: 0.0000000000000000
maximum_displacement: 1.0000000000000000
maximum_rotation: 1.0000000000000000
maximum_volume: 1.0000000000000000
maximum_shape: 0.0000001000000000
maximum_dsigma: 0.0100000000000000
mod: 10
pmod: 10
optimize: 1
verbose: 1
snapshot: 0
display: 1
explore: 1
npt: 1
nptxy: 0
nptdxdy: 0
shape: 0
seed: 762307
290.699757438713 190.002250098861 0.866025403784 -0.500000000000
-9.705860060991 44.596973607376 0.866025403784 0.500000000000
-87.633506973832 170.350553309722 0.866025403784 -0.500000000000
-143.524112420697 328.089110869384 0.000000000000 1.000000000000
19.607735846277 268.842978742752 0.000000000000 1.000000000000
13.879501864902 -60.321385863413 0.866025403784 0.500000000000
44.852516067069 142.995595320324 0.866025403784 -0.500000000000
-61.255065772493 229.262251694982 0.866025403784 0.500000000000
44.872536662241 37.523270586002 0.000000000000 1.000000000000
-93.075201625926 12.530461438190 0.866025403784 0.500000000000
122.309215071153 -122.990457802926 0.866025403784 0.500000000000
43.376341468407 198.892469208290 0.000000000000 1.000000000000
69.462667718726 126.799171420662 0.866025403784 0.500000000000
-94.935916839862 -143.621469731188 0.866025403784 -0.500000000000
10.262639968079 -63.432042749456 0.866025403784 0.500000000000
-83.787665597089 88.442239586231 0.866025403784 -0.500000000000
-9.688531098413 -86.898012362176 0.000000000000 1.000000000000
8.522344257898 90.271240833102 0.866025403784 0.500000000000
37.257229408821 68.380859571197 0.000000000000 1.000000000000
-73.579344007056 -86.325412385850 0.866025403784 -0.500000000000
