#Configurational_file created 2018-09-14 11:57:55  started 2018-09-14 11:57:55 run for 0.0s steps 0
name: p_662
step: 10000
specie: 20
	particle_diameter: 1.0000000000000000
	interaction_length: 1.2000000000000000
	number_of_patches: 3
	number_of_particles_per_compound: 1
	rod_length: 1.0000000000000000
	interaction_matrix:  1.000000 1.000000 1.000000 1.000000 1.000000 1.000000 1.000000 1.000000 1.000000
	patch_type: symmetric
	patch_width: 8.0000000000000000
	patch_angle: 0.0000000000000000
	angles:  0.000000 0.000000 0.000000
	grand_canonical: 0
	chemical_potential: 0.0000000000000000
box: 49.836838 49.836838
copy: 1.000000 1.000000
epsilon: 0.0020840000000000
end_epsilon: 0.0000000000000000
pressure: 0.0458340000000000
lambda: 0.0000000000000000
lambda_coupling: 1.0000000000000000
uy: 0.0000000000000000
maximum_displacement: 1.0000000000000000
maximum_rotation: 1.0000000000000000
maximum_volume: 1.0000000000000000
maximum_shape: 0.0000001000000000
maximum_dsigma: 0.0100000000000000
mod: 10
pmod: 10
optimize: 1
verbose: 1
snapshot: 0
display: 1
explore: 1
npt: 1
nptxy: 0
nptdxdy: 0
shape: 0
seed: 755485
2.181791066748 -270.601075196216 0.866025403784 0.500000000000
77.251371756490 -104.594312041260 0.866025403784 0.500000000000
150.223673013697 140.025683474651 0.000000000000 1.000000000000
-99.839878536052 18.568834895802 0.866025403784 -0.500000000000
213.271354106578 65.817709893091 0.866025403784 -0.500000000000
-710.957027489315 -102.128940383094 0.866025403784 -0.500000000000
-148.482081065970 181.142375576053 0.866025403784 0.500000000000
347.455128935776 -55.136401353256 0.866025403784 0.500000000000
470.072337587589 -9.093837374862 0.000000000000 1.000000000000
-125.989633250199 -135.953446330632 0.866025403784 -0.500000000000
222.152389517106 27.671955565730 0.000000000000 1.000000000000
397.058498821953 -332.249132257891 0.000000000000 1.000000000000
55.939221823666 -10.150678166068 0.000000000000 1.000000000000
131.725005514501 -331.368710341978 0.000000000000 1.000000000000
96.229326784956 33.064207469971 0.866025403784 0.500000000000
147.872807811349 152.307033498626 0.866025403784 0.500000000000
331.985122764046 -14.447035580264 0.866025403784 0.500000000000
313.883488766557 64.188759395916 0.866025403784 0.500000000000
194.295650704594 242.971814332251 0.866025403784 0.500000000000
-0.725186854035 255.138165388291 0.866025403784 0.500000000000
