#Configurational_file created 2018-09-14 11:57:54  started 2018-09-14 11:57:53 run for 1.0s steps 0
name: p_660
step: 10000
specie: 20
	particle_diameter: 1.0000000000000000
	interaction_length: 1.2000000000000000
	number_of_patches: 3
	number_of_particles_per_compound: 1
	rod_length: 1.0000000000000000
	interaction_matrix:  1.000000 1.000000 1.000000 1.000000 1.000000 1.000000 1.000000 1.000000 1.000000
	patch_type: symmetric
	patch_width: 8.0000000000000000
	patch_angle: 0.0000000000000000
	angles:  0.000000 0.000000 0.000000
	grand_canonical: 0
	chemical_potential: 0.0000000000000000
box: 41.939076 41.939076
copy: 1.000000 1.000000
epsilon: 0.0020840000000000
end_epsilon: 0.0000000000000000
pressure: 0.0375010000000000
lambda: 0.0000000000000000
lambda_coupling: 1.0000000000000000
uy: 0.0000000000000000
maximum_displacement: 1.0000000000000000
maximum_rotation: 1.0000000000000000
maximum_volume: 1.0000000000000000
maximum_shape: 0.0000001000000000
maximum_dsigma: 0.0100000000000000
mod: 10
pmod: 10
optimize: 1
verbose: 1
snapshot: 0
display: 1
explore: 1
npt: 1
nptxy: 0
nptdxdy: 0
shape: 0
seed: 753211
41.312190709704 -355.642134033346 0.866025403784 0.500000000000
101.572646716057 49.278588627684 0.000000000000 1.000000000000
-23.351820303864 74.304498374300 0.000000000000 1.000000000000
-188.924489401735 -134.865509798840 0.866025403784 0.500000000000
175.247802171915 -76.917053417129 0.866025403784 0.500000000000
32.047322778869 16.780613908208 0.866025403784 0.500000000000
301.273434221247 46.383938715818 0.866025403784 0.500000000000
-75.536223151882 54.969663139737 0.866025403784 -0.500000000000
-100.203221776640 129.706155689175 0.866025403784 0.500000000000
146.084819468510 153.135400071694 0.866025403784 0.500000000000
-59.751353160513 -278.083253957256 0.866025403784 -0.500000000000
-144.362435554675 -37.766738950022 0.866025403784 -0.500000000000
-4.169073115430 -382.232649540183 0.866025403784 -0.500000000000
281.745370136933 -242.095514244518 0.866025403784 -0.500000000000
64.035217964385 203.708126956675 0.866025403784 0.500000000000
-227.776839688815 19.323149938517 0.866025403784 0.500000000000
69.825902141371 -103.524903055981 0.866025403784 0.500000000000
-163.341199814784 207.337740335849 0.866025403784 0.500000000000
106.957627004763 150.827651057450 0.000000000000 1.000000000000
-171.399058556460 -215.760708232248 0.000000000000 1.000000000000
