#Configurational_file created 2018-09-14 11:30:21  started 2018-09-14 11:30:20 run for 1.0s steps 0
name: p_667
step: 10000
specie: 20
	particle_diameter: 1.0000000000000000
	interaction_length: 1.2000000000000000
	number_of_patches: 3
	number_of_particles_per_compound: 1
	rod_length: 1.0000000000000000
	interaction_matrix:  1.000000 1.000000 1.000000 1.000000 1.000000 1.000000 1.000000 1.000000 1.000000
	patch_type: symmetric
	patch_width: 8.0000000000000000
	patch_angle: 0.0000000000000000
	angles:  0.000000 0.000000 0.000000
	grand_canonical: 0
	chemical_potential: 0.0000000000000000
box: 28.331420 28.331420
copy: 1.000000 1.000000
epsilon: 0.0209290000000000
end_epsilon: 0.0000000000000000
pressure: 1.3333670000000000
lambda: 0.0000000000000000
lambda_coupling: 1.0000000000000000
uy: 0.0000000000000000
maximum_displacement: 1.0000000000000000
maximum_rotation: 1.0000000000000000
maximum_volume: 1.0000000000000000
maximum_shape: 0.0000001000000000
maximum_dsigma: 0.0100000000000000
mod: 10
pmod: 10
optimize: 1
verbose: 1
snapshot: 0
display: 1
explore: 1
npt: 1
nptxy: 0
nptdxdy: 0
shape: 0
seed: 761170
82.115965703350 27.517688160244 0.866025403784 0.500000000000
-32.685389453691 -95.897514367846 0.866025403784 -0.500000000000
116.591232586506 31.399608709074 0.000000000000 1.000000000000
-115.848837933851 -141.466042815624 0.866025403784 0.500000000000
27.934449580109 102.154445247855 0.866025403784 -0.500000000000
47.104604980591 -105.995878466621 0.866025403784 -0.500000000000
8.329952643826 -74.681834479209 0.866025403784 0.500000000000
-63.585755998903 97.752823273026 0.866025403784 0.500000000000
4.837122900001 -84.629692466263 0.866025403784 0.500000000000
206.675578515835 -120.168970123739 0.866025403784 -0.500000000000
14.871301539571 42.046603672860 0.000000000000 1.000000000000
-76.855031910950 62.422286294130 0.000000000000 1.000000000000
33.026086025178 -106.544669169513 0.866025403784 -0.500000000000
-18.618358364146 57.950274069034 0.866025403784 0.500000000000
-176.860811257639 -20.560998578906 0.000000000000 1.000000000000
-49.806450526880 -25.779924557437 0.000000000000 1.000000000000
-68.244866612505 -13.817704118050 0.000000000000 1.000000000000
9.282569189670 111.768962588245 0.866025403784 0.500000000000
-37.803560256235 116.940182734560 0.866025403784 -0.500000000000
39.639925605527 -177.333356809497 0.000000000000 1.000000000000
