#Configurational_file created 2018-09-14 11:30:22  started 2018-09-14 11:30:22 run for 0.0s steps 0
name: p_669
step: 10000
specie: 20
	particle_diameter: 1.0000000000000000
	interaction_length: 1.2000000000000000
	number_of_patches: 3
	number_of_particles_per_compound: 1
	rod_length: 1.0000000000000000
	interaction_matrix:  1.000000 1.000000 1.000000 1.000000 1.000000 1.000000 1.000000 1.000000 1.000000
	patch_type: symmetric
	patch_width: 8.0000000000000000
	patch_angle: 0.0000000000000000
	angles:  0.000000 0.000000 0.000000
	grand_canonical: 0
	chemical_potential: 0.0000000000000000
box: 22.706276 22.706276
copy: 1.000000 1.000000
epsilon: 0.0209290000000000
end_epsilon: 0.0000000000000000
pressure: 1.5000249999999999
lambda: 0.0000000000000000
lambda_coupling: 1.0000000000000000
uy: 0.0000000000000000
maximum_displacement: 1.0000000000000000
maximum_rotation: 1.0000000000000000
maximum_volume: 1.0000000000000000
maximum_shape: 0.0000001000000000
maximum_dsigma: 0.0100000000000000
mod: 10
pmod: 10
optimize: 1
verbose: 1
snapshot: 0
display: 1
explore: 1
npt: 1
nptxy: 0
nptdxdy: 0
shape: 0
seed: 763444
-57.105292315033 2.329414389680 0.866025403784 -0.500000000000
80.911177449666 -129.850046425886 0.866025403784 0.500000000000
92.108495906082 -109.162878271686 0.866025403784 -0.500000000000
-39.461878589677 17.108541134320 0.866025403784 -0.500000000000
-142.206543904816 -127.639653184951 0.000000000000 1.000000000000
-61.152442415451 236.730500027924 0.866025403784 0.500000000000
-25.580081136854 80.135605524421 0.866025403784 0.500000000000
-76.380546173298 -119.427134278179 0.000000000000 1.000000000000
1.833959686460 53.201432687709 0.866025403784 0.500000000000
-103.654308131558 75.496916808742 0.866025403784 0.500000000000
7.928231959018 19.265875347577 0.000000000000 1.000000000000
39.696325598298 24.804564312755 0.000000000000 1.000000000000
170.345457789646 -78.676597751856 0.866025403784 -0.500000000000
-235.597653202707 -82.962642195681 0.866025403784 0.500000000000
25.925885487478 28.651094625701 0.866025403784 0.500000000000
231.645198220933 146.763873172541 0.866025403784 0.500000000000
-14.873761094279 -65.476869397729 0.866025403784 -0.500000000000
53.635719912417 37.843702263283 0.866025403784 0.500000000000
58.082196176565 -186.669514542282 0.866025403784 -0.500000000000
-24.460560208959 57.687817296473 0.000000000000 1.000000000000
