#Configurational_file created 2018-09-14 11:30:16  started 2018-09-14 11:30:16 run for 0.0s steps 0
name: p_660
step: 10000
specie: 20
	particle_diameter: 1.0000000000000000
	interaction_length: 1.2000000000000000
	number_of_patches: 3
	number_of_particles_per_compound: 1
	rod_length: 1.0000000000000000
	interaction_matrix:  1.000000 1.000000 1.000000 1.000000 1.000000 1.000000 1.000000 1.000000 1.000000
	patch_type: symmetric
	patch_width: 8.0000000000000000
	patch_angle: 0.0000000000000000
	angles:  0.000000 0.000000 0.000000
	grand_canonical: 0
	chemical_potential: 0.0000000000000000
box: 37.213336 37.213336
copy: 1.000000 1.000000
epsilon: 0.0209290000000000
end_epsilon: 0.0000000000000000
pressure: 0.7500620000000000
lambda: 0.0000000000000000
lambda_coupling: 1.0000000000000000
uy: 0.0000000000000000
maximum_displacement: 1.0000000000000000
maximum_rotation: 1.0000000000000000
maximum_volume: 1.0000000000000000
maximum_shape: 0.0000001000000000
maximum_dsigma: 0.0100000000000000
mod: 10
pmod: 10
optimize: 1
verbose: 1
snapshot: 0
display: 1
explore: 1
npt: 1
nptxy: 0
nptdxdy: 0
shape: 0
seed: 753211
-151.998593504476 -64.899415946120 0.866025403784 0.500000000000
54.627392978193 -208.955118320926 0.866025403784 -0.500000000000
-22.859401056131 -73.426330500554 0.000000000000 1.000000000000
-128.934827728760 -180.354410881083 0.000000000000 1.000000000000
-58.494983419819 -116.151883322547 0.000000000000 1.000000000000
46.202176526221 142.311009630399 0.866025403784 -0.500000000000
-76.744119013978 110.707042870535 0.866025403784 0.500000000000
62.126857978425 -30.473656483671 0.000000000000 1.000000000000
43.678790269167 -56.663080903791 0.866025403784 0.500000000000
184.329889920178 4.722357275284 0.866025403784 0.500000000000
-180.979529094978 46.892152406808 0.866025403784 0.500000000000
32.910758831927 170.373141189296 0.000000000000 1.000000000000
-195.660963277895 -57.238964938842 0.000000000000 1.000000000000
357.185398988021 199.331901512072 0.866025403784 -0.500000000000
10.075484437792 113.743837149755 0.866025403784 -0.500000000000
-195.826765338525 48.749176576313 0.000000000000 1.000000000000
8.871772983287 -24.995581511340 0.866025403784 -0.500000000000
-41.630137913642 -124.217108841814 0.866025403784 0.500000000000
136.829243429128 377.900583588067 0.000000000000 1.000000000000
-268.315235079567 -49.232584370360 0.866025403784 0.500000000000
