#Configurational_file created 2018-09-14 11:57:57  started 2018-09-14 11:57:56 run for 1.0s steps 0
name: p_664
step: 10000
specie: 20
	particle_diameter: 1.0000000000000000
	interaction_length: 1.2000000000000000
	number_of_patches: 3
	number_of_particles_per_compound: 1
	rod_length: 1.0000000000000000
	interaction_matrix:  1.000000 1.000000 1.000000 1.000000 1.000000 1.000000 1.000000 1.000000 1.000000
	patch_type: symmetric
	patch_width: 8.0000000000000000
	patch_angle: 0.0000000000000000
	angles:  0.000000 0.000000 0.000000
	grand_canonical: 0
	chemical_potential: 0.0000000000000000
box: 46.426800 46.426800
copy: 1.000000 1.000000
epsilon: 0.0020840000000000
end_epsilon: 0.0000000000000000
pressure: 0.0541670000000000
lambda: 0.0000000000000000
lambda_coupling: 1.0000000000000000
uy: 0.0000000000000000
maximum_displacement: 1.0000000000000000
maximum_rotation: 1.0000000000000000
maximum_volume: 1.0000000000000000
maximum_shape: 0.0000001000000000
maximum_dsigma: 0.0100000000000000
mod: 10
pmod: 10
optimize: 1
verbose: 1
snapshot: 0
display: 1
explore: 1
npt: 1
nptxy: 0
nptdxdy: 0
shape: 0
seed: 757759
-123.797835020367 -33.933947462087 0.866025403784 0.500000000000
-16.135028060129 66.294546275417 0.866025403784 0.500000000000
180.281454574919 -25.865047245594 0.866025403784 0.500000000000
163.653811175189 129.518855505933 0.866025403784 -0.500000000000
277.285132506951 72.702450652654 0.000000000000 1.000000000000
49.747683402121 167.544193646346 0.866025403784 0.500000000000
261.376701688774 -229.043316536174 0.866025403784 0.500000000000
65.434135772476 148.146865284983 0.866025403784 0.500000000000
-50.394094882353 80.934261842259 0.866025403784 -0.500000000000
-135.149059830273 173.077128083174 0.866025403784 0.500000000000
-90.674863937385 104.914975089135 0.000000000000 1.000000000000
-6.245313665569 95.101112817945 0.000000000000 1.000000000000
-143.745595462989 2.714105472265 0.866025403784 -0.500000000000
197.288315650879 52.256566908082 0.000000000000 1.000000000000
199.305469740390 86.673342167659 0.866025403784 -0.500000000000
-94.029165948044 4.507677919450 0.866025403784 0.500000000000
-86.013783280894 460.805159261521 0.000000000000 1.000000000000
-44.671695018961 -121.594078031996 0.000000000000 1.000000000000
-87.705117055689 235.085623580728 0.866025403784 -0.500000000000
-231.303692135430 227.482515683755 0.000000000000 1.000000000000
