#Configurational_file created 2018-09-14 12:20:13  started 2018-09-14 12:20:12 run for 1.0s steps 0
name: p_66
step: 10000
specie: 20
	particle_diameter: 1.0000000000000000
	interaction_length: 1.2000000000000000
	number_of_patches: 3
	number_of_particles_per_compound: 1
	rod_length: 1.0000000000000000
	interaction_matrix:  1.000000 1.000000 1.000000 1.000000 1.000000 1.000000 1.000000 1.000000 1.000000
	patch_type: symmetric
	patch_width: 8.0000000000000000
	patch_angle: 0.0000000000000000
	angles:  0.000000 0.000000 0.000000
	grand_canonical: 0
	chemical_potential: 0.0000000000000000
box: 18.209657 18.209657
copy: 1.000000 1.000000
epsilon: 0.5833340000000000
end_epsilon: 0.0000000000000000
pressure: 0.1000000000000000
lambda: 0.0000000000000000
lambda_coupling: 1.0000000000000000
uy: 0.0000000000000000
maximum_displacement: 1.0000000000000000
maximum_rotation: 1.0000000000000000
maximum_volume: 1.0000000000000000
maximum_shape: 0.0000001000000000
maximum_dsigma: 0.0100000000000000
mod: 10
pmod: 10
optimize: 1
verbose: 1
snapshot: 0
display: 1
explore: 1
npt: 1
nptxy: 0
nptdxdy: 0
shape: 0
seed: 77833
118.946723354693 -6.138492595774 0.000000000000 1.000000000000
92.268350245843 22.322195398279 0.000000000000 1.000000000000
22.567668730214 -37.175150435886 0.866025403784 -0.500000000000
48.988049624368 -43.012195167089 0.866025403784 0.500000000000
-21.624978856948 -207.378671384761 0.866025403784 0.500000000000
301.607258842366 -35.550618660103 0.000000000000 1.000000000000
12.982694819146 -201.576879483133 0.000000000000 1.000000000000
67.690069638534 -81.770256260739 0.866025403784 -0.500000000000
-214.188766654695 -5.352005278383 0.866025403784 -0.500000000000
160.633091986437 26.449154723148 0.866025403784 -0.500000000000
31.925095366369 101.507355867266 0.000000000000 1.000000000000
59.797559217600 -47.069301202380 0.866025403784 0.500000000000
-63.096662533891 76.993435953694 0.000000000000 1.000000000000
-1.836124919574 69.494302142218 0.866025403784 0.500000000000
-9.946472627589 -3.370339180785 0.000000000000 1.000000000000
72.073094334877 -4.117403183605 0.866025403784 -0.500000000000
-90.296620055907 -65.818277181251 0.866025403784 -0.500000000000
-105.906066310504 -92.059550096239 0.866025403784 0.500000000000
-56.405772936436 -64.500771965518 0.000000000000 1.000000000000
-80.808784444292 35.570812703611 0.000000000000 1.000000000000
