#Configurational_file created 2018-09-14 11:30:20  started 2018-09-14 11:30:19 run for 1.0s steps 0
name: p_665
step: 10000
specie: 20
	particle_diameter: 1.0000000000000000
	interaction_length: 1.2000000000000000
	number_of_patches: 3
	number_of_particles_per_compound: 1
	rod_length: 1.0000000000000000
	interaction_matrix:  1.000000 1.000000 1.000000 1.000000 1.000000 1.000000 1.000000 1.000000 1.000000
	patch_type: symmetric
	patch_width: 8.0000000000000000
	patch_angle: 0.0000000000000000
	angles:  0.000000 0.000000 0.000000
	grand_canonical: 0
	chemical_potential: 0.0000000000000000
box: 32.399883 32.399883
copy: 1.000000 1.000000
epsilon: 0.0209290000000000
end_epsilon: 0.0000000000000000
pressure: 1.1667080000000001
lambda: 0.0000000000000000
lambda_coupling: 1.0000000000000000
uy: 0.0000000000000000
maximum_displacement: 1.0000000000000000
maximum_rotation: 1.0000000000000000
maximum_volume: 1.0000000000000000
maximum_shape: 0.0000001000000000
maximum_dsigma: 0.0100000000000000
mod: 10
pmod: 10
optimize: 1
verbose: 1
snapshot: 0
display: 1
explore: 1
npt: 1
nptxy: 0
nptdxdy: 0
shape: 0
seed: 758896
-76.817620637224 -130.598132987327 0.866025403784 0.500000000000
-157.443358726943 232.491976844568 0.866025403784 0.500000000000
84.817311463292 243.641972732944 0.000000000000 1.000000000000
75.324957447796 -7.809629188836 0.866025403784 0.500000000000
84.249046371772 -100.479079230792 0.866025403784 0.500000000000
-83.211912937349 107.949434877951 0.866025403784 0.500000000000
-273.490812830906 254.297434340589 0.000000000000 1.000000000000
-193.912713680342 -5.988269705829 0.000000000000 1.000000000000
157.944033963404 -120.120337672348 0.000000000000 1.000000000000
-135.499073288554 -35.393229135665 0.000000000000 1.000000000000
278.881907774217 46.361897648986 0.000000000000 1.000000000000
2.991219392007 96.348999113686 0.866025403784 0.500000000000
63.492507716704 -16.636831976653 0.000000000000 1.000000000000
124.176053718035 171.575554631763 0.866025403784 -0.500000000000
-93.616662872282 95.105806035812 0.000000000000 1.000000000000
-85.057160847972 234.932042107916 0.000000000000 1.000000000000
-11.463275402948 109.766021029983 0.000000000000 1.000000000000
268.954271997244 171.769635467528 0.000000000000 1.000000000000
59.395608495647 19.838219168160 0.866025403784 -0.500000000000
244.562869243285 25.896412586211 0.866025403784 0.500000000000
