#Configurational_file created 2018-09-14 11:57:58  started 2018-09-14 11:57:57 run for 1.0s steps 0
name: p_666
step: 10000
specie: 20
	particle_diameter: 1.0000000000000000
	interaction_length: 1.2000000000000000
	number_of_patches: 3
	number_of_particles_per_compound: 1
	rod_length: 1.0000000000000000
	interaction_matrix:  1.000000 1.000000 1.000000 1.000000 1.000000 1.000000 1.000000 1.000000 1.000000
	patch_type: symmetric
	patch_width: 8.0000000000000000
	patch_angle: 0.0000000000000000
	angles:  0.000000 0.000000 0.000000
	grand_canonical: 0
	chemical_potential: 0.0000000000000000
box: 48.605431 48.605431
copy: 1.000000 1.000000
epsilon: 0.0020840000000000
end_epsilon: 0.0000000000000000
pressure: 0.0625000000000000
lambda: 0.0000000000000000
lambda_coupling: 1.0000000000000000
uy: 0.0000000000000000
maximum_displacement: 1.0000000000000000
maximum_rotation: 1.0000000000000000
maximum_volume: 1.0000000000000000
maximum_shape: 0.0000001000000000
maximum_dsigma: 0.0100000000000000
mod: 10
pmod: 10
optimize: 1
verbose: 1
snapshot: 0
display: 1
explore: 1
npt: 1
nptxy: 0
nptdxdy: 0
shape: 0
seed: 760033
-145.424948062139 -94.946613557080 0.866025403784 0.500000000000
-75.310795649433 93.610585595096 0.866025403784 -0.500000000000
71.098575989954 14.416127486112 0.866025403784 -0.500000000000
-71.797202728451 -24.954503021793 0.866025403784 0.500000000000
-19.143852023657 93.153472409469 0.866025403784 -0.500000000000
-186.533147868858 75.680260133169 0.000000000000 1.000000000000
-30.641038813455 -92.949274668340 0.866025403784 -0.500000000000
-47.161667209129 82.249287888557 0.866025403784 -0.500000000000
-49.132469137442 -394.364991182738 0.866025403784 -0.500000000000
191.969278883607 -278.703209469886 0.866025403784 0.500000000000
233.495271313777 -30.172983503890 0.866025403784 0.500000000000
-79.182796609780 175.065557915638 0.866025403784 -0.500000000000
163.164601846157 240.299436869800 0.866025403784 0.500000000000
64.205243732514 -36.526236285695 0.866025403784 -0.500000000000
-241.786977443539 -32.012193158788 0.866025403784 -0.500000000000
45.418565443080 149.375752417142 0.866025403784 0.500000000000
91.865357818108 -369.985430873907 0.000000000000 1.000000000000
376.456643802513 26.852515674783 0.000000000000 1.000000000000
34.225658038997 56.426732299506 0.866025403784 -0.500000000000
309.168801763859 -46.980076601920 0.866025403784 0.500000000000
