#Configurational_file created 2018-09-14 11:30:18  started 2018-09-14 11:30:18 run for 0.0s steps 0
name: p_663
step: 10000
specie: 20
	particle_diameter: 1.0000000000000000
	interaction_length: 1.2000000000000000
	number_of_patches: 3
	number_of_particles_per_compound: 1
	rod_length: 1.0000000000000000
	interaction_matrix:  1.000000 1.000000 1.000000 1.000000 1.000000 1.000000 1.000000 1.000000 1.000000
	patch_type: symmetric
	patch_width: 8.0000000000000000
	patch_angle: 0.0000000000000000
	angles:  0.000000 0.000000 0.000000
	grand_canonical: 0
	chemical_potential: 0.0000000000000000
box: 30.414695 30.414695
copy: 1.000000 1.000000
epsilon: 0.0209290000000000
end_epsilon: 0.0000000000000000
pressure: 1.0000500000000001
lambda: 0.0000000000000000
lambda_coupling: 1.0000000000000000
uy: 0.0000000000000000
maximum_displacement: 1.0000000000000000
maximum_rotation: 1.0000000000000000
maximum_volume: 1.0000000000000000
maximum_shape: 0.0000001000000000
maximum_dsigma: 0.0100000000000000
mod: 10
pmod: 10
optimize: 1
verbose: 1
snapshot: 0
display: 1
explore: 1
npt: 1
nptxy: 0
nptdxdy: 0
shape: 0
seed: 756622
116.805367127428 -4.960022883776 0.000000000000 1.000000000000
-7.538981559195 353.442863113543 0.866025403784 0.500000000000
-120.540086112754 194.990933213974 0.000000000000 1.000000000000
195.293397430795 -13.108841069359 0.000000000000 1.000000000000
92.118250665632 138.399147830050 0.866025403784 0.500000000000
-149.054209404473 -14.162375091963 0.866025403784 0.500000000000
202.750807712635 232.504621046196 0.000000000000 1.000000000000
49.822867589381 22.251308266711 0.866025403784 -0.500000000000
77.314440454663 107.252320490821 0.866025403784 0.500000000000
-39.066458397733 97.327621561496 0.866025403784 0.500000000000
234.079174750239 -20.604258963309 0.000000000000 1.000000000000
48.681540123287 167.390519610396 0.866025403784 0.500000000000
-224.965779033153 -33.695879055824 0.866025403784 -0.500000000000
238.071269846855 21.292987223677 0.866025403784 -0.500000000000
-159.027260909037 97.176229933415 0.000000000000 1.000000000000
73.960363873525 126.363253463794 0.000000000000 1.000000000000
137.080889689777 39.390596578311 0.000000000000 1.000000000000
-12.207497675923 52.872990041217 0.866025403784 -0.500000000000
51.905865179728 217.432370872318 0.866025403784 0.500000000000
65.869226758745 91.041200449161 0.866025403784 -0.500000000000
