#Configurational_file created 2018-09-14 11:57:57  started 2018-09-14 11:57:57 run for 0.0s steps 0
name: p_665
step: 10000
specie: 20
	particle_diameter: 1.0000000000000000
	interaction_length: 1.2000000000000000
	number_of_patches: 3
	number_of_particles_per_compound: 1
	rod_length: 1.0000000000000000
	interaction_matrix:  1.000000 1.000000 1.000000 1.000000 1.000000 1.000000 1.000000 1.000000 1.000000
	patch_type: symmetric
	patch_width: 8.0000000000000000
	patch_angle: 0.0000000000000000
	angles:  0.000000 0.000000 0.000000
	grand_canonical: 0
	chemical_potential: 0.0000000000000000
box: 49.821880 49.821880
copy: 1.000000 1.000000
epsilon: 0.0020840000000000
end_epsilon: 0.0000000000000000
pressure: 0.0583340000000000
lambda: 0.0000000000000000
lambda_coupling: 1.0000000000000000
uy: 0.0000000000000000
maximum_displacement: 1.0000000000000000
maximum_rotation: 1.0000000000000000
maximum_volume: 1.0000000000000000
maximum_shape: 0.0000001000000000
maximum_dsigma: 0.0100000000000000
mod: 10
pmod: 10
optimize: 1
verbose: 1
snapshot: 0
display: 1
explore: 1
npt: 1
nptxy: 0
nptdxdy: 0
shape: 0
seed: 758896
158.045402389655 -29.040294182053 0.866025403784 0.500000000000
49.926333865635 409.092851470598 0.000000000000 1.000000000000
467.043206044042 -81.385368555180 0.000000000000 1.000000000000
-158.915540907694 168.355485149016 0.866025403784 0.500000000000
302.408181490162 142.035656210874 0.000000000000 1.000000000000
-433.241227729453 -34.784271697483 0.866025403784 0.500000000000
-239.034672670830 244.687474866718 0.000000000000 1.000000000000
164.648939800324 61.703420395575 0.866025403784 -0.500000000000
156.291825730428 -119.778235580526 0.866025403784 -0.500000000000
53.794658225533 -155.960555979796 0.000000000000 1.000000000000
-43.725322057025 74.727766656690 0.866025403784 -0.500000000000
-9.335762504714 -108.410132303928 0.866025403784 0.500000000000
142.050928273258 254.011872134362 0.000000000000 1.000000000000
194.083491998476 115.613370134683 0.000000000000 1.000000000000
230.655668524254 107.131447717572 0.866025403784 0.500000000000
-105.277609412490 251.278226810066 0.866025403784 0.500000000000
-53.308386875052 -54.249006699394 0.866025403784 0.500000000000
437.768266962398 213.587962576520 0.866025403784 -0.500000000000
150.916767202632 154.952350957844 0.866025403784 0.500000000000
294.078076562047 84.297048853107 0.000000000000 1.000000000000
