#Configurational_file created 2018-09-14 11:30:19  started 2018-09-14 11:30:18 run for 1.0s steps 0
name: p_664
step: 10000
specie: 20
	particle_diameter: 1.0000000000000000
	interaction_length: 1.2000000000000000
	number_of_patches: 3
	number_of_particles_per_compound: 1
	rod_length: 1.0000000000000000
	interaction_matrix:  1.000000 1.000000 1.000000 1.000000 1.000000 1.000000 1.000000 1.000000 1.000000
	patch_type: symmetric
	patch_width: 8.0000000000000000
	patch_angle: 0.0000000000000000
	angles:  0.000000 0.000000 0.000000
	grand_canonical: 0
	chemical_potential: 0.0000000000000000
box: 32.273150 32.273150
copy: 1.000000 1.000000
epsilon: 0.0209290000000000
end_epsilon: 0.0000000000000000
pressure: 1.0833790000000001
lambda: 0.0000000000000000
lambda_coupling: 1.0000000000000000
uy: 0.0000000000000000
maximum_displacement: 1.0000000000000000
maximum_rotation: 1.0000000000000000
maximum_volume: 1.0000000000000000
maximum_shape: 0.0000001000000000
maximum_dsigma: 0.0100000000000000
mod: 10
pmod: 10
optimize: 1
verbose: 1
snapshot: 0
display: 1
explore: 1
npt: 1
nptxy: 0
nptdxdy: 0
shape: 0
seed: 757759
-108.898120970488 -154.993992981270 0.866025403784 0.500000000000
14.306672800026 16.732755172306 0.000000000000 1.000000000000
-44.136200664031 48.345993658735 0.866025403784 0.500000000000
-7.310196685078 80.296707563863 0.866025403784 0.500000000000
35.025650946284 108.888521781725 0.000000000000 1.000000000000
84.777853503316 -117.390188487359 0.000000000000 1.000000000000
74.400236527960 86.892835186346 0.866025403784 -0.500000000000
55.598404837257 0.351486136062 0.866025403784 0.500000000000
-165.452461444082 117.304996619225 0.000000000000 1.000000000000
-251.169148661157 46.044788752000 0.866025403784 0.500000000000
0.850942984786 100.812635739474 0.866025403784 -0.500000000000
175.050926359843 -77.471620268059 0.866025403784 0.500000000000
-120.564038791056 6.615456214971 0.866025403784 -0.500000000000
-19.058529840421 -20.590512736104 0.866025403784 0.500000000000
151.897600654831 61.194075877896 0.000000000000 1.000000000000
-226.801537114910 124.121200874504 0.866025403784 0.500000000000
-160.586525947934 53.626510005554 0.000000000000 1.000000000000
158.444828513022 67.292705866382 0.866025403784 0.500000000000
-180.551297724911 -96.201062564869 0.866025403784 -0.500000000000
49.944596722405 209.881385620489 0.866025403784 -0.500000000000
