#Configurational_file created 2018-09-14 11:30:18  started 2018-09-14 11:30:17 run for 1.0s steps 0
name: p_662
step: 10000
specie: 20
	particle_diameter: 1.0000000000000000
	interaction_length: 1.2000000000000000
	number_of_patches: 3
	number_of_particles_per_compound: 1
	rod_length: 1.0000000000000000
	interaction_matrix:  1.000000 1.000000 1.000000 1.000000 1.000000 1.000000 1.000000 1.000000 1.000000
	patch_type: symmetric
	patch_width: 8.0000000000000000
	patch_angle: 0.0000000000000000
	angles:  0.000000 0.000000 0.000000
	grand_canonical: 0
	chemical_potential: 0.0000000000000000
box: 33.845092 33.845092
copy: 1.000000 1.000000
epsilon: 0.0209290000000000
end_epsilon: 0.0000000000000000
pressure: 0.9167210000000000
lambda: 0.0000000000000000
lambda_coupling: 1.0000000000000000
uy: 0.0000000000000000
maximum_displacement: 1.0000000000000000
maximum_rotation: 1.0000000000000000
maximum_volume: 1.0000000000000000
maximum_shape: 0.0000001000000000
maximum_dsigma: 0.0100000000000000
mod: 10
pmod: 10
optimize: 1
verbose: 1
snapshot: 0
display: 1
explore: 1
npt: 1
nptxy: 0
nptdxdy: 0
shape: 0
seed: 755485
-28.413018867386 134.484415307057 0.866025403784 -0.500000000000
-7.550485002554 -88.504999991259 0.866025403784 -0.500000000000
-17.466817371712 -7.332963022924 0.866025403784 -0.500000000000
78.845924633349 52.329654590099 0.000000000000 1.000000000000
78.368372639375 -83.730775085542 0.866025403784 0.500000000000
-112.724109530441 -161.359757587848 0.866025403784 -0.500000000000
-148.996811389437 -3.949176322629 0.866025403784 0.500000000000
117.197644531270 167.260750556724 0.866025403784 0.500000000000
121.260401273315 225.787858348822 0.866025403784 0.500000000000
80.267118294970 3.829106835707 0.866025403784 -0.500000000000
-9.915943710832 144.032270635532 0.000000000000 1.000000000000
10.397783467528 -169.384724505254 0.866025403784 0.500000000000
125.621593575575 -170.398112336318 0.866025403784 0.500000000000
116.708261315502 -122.095503380432 0.866025403784 0.500000000000
-69.287624321838 -6.808858524552 0.866025403784 0.500000000000
-14.407421620847 -77.019060771826 0.866025403784 0.500000000000
149.674037147213 -46.060719889846 0.866025403784 0.500000000000
24.898400277954 158.667305731032 0.866025403784 -0.500000000000
311.564171706655 -95.860838297802 0.000000000000 1.000000000000
69.298690951457 -113.250476797581 0.000000000000 1.000000000000
