#Configurational_file created 2018-09-14 11:30:20  started 2018-09-14 11:30:20 run for 0.0s steps 0
name: p_666
step: 10000
specie: 20
	particle_diameter: 1.0000000000000000
	interaction_length: 1.2000000000000000
	number_of_patches: 3
	number_of_particles_per_compound: 1
	rod_length: 1.0000000000000000
	interaction_matrix:  1.000000 1.000000 1.000000 1.000000 1.000000 1.000000 1.000000 1.000000 1.000000
	patch_type: symmetric
	patch_width: 8.0000000000000000
	patch_angle: 0.0000000000000000
	angles:  0.000000 0.000000 0.000000
	grand_canonical: 0
	chemical_potential: 0.0000000000000000
box: 31.357013 31.357013
copy: 1.000000 1.000000
epsilon: 0.0209290000000000
end_epsilon: 0.0000000000000000
pressure: 1.2500370000000001
lambda: 0.0000000000000000
lambda_coupling: 1.0000000000000000
uy: 0.0000000000000000
maximum_displacement: 1.0000000000000000
maximum_rotation: 1.0000000000000000
maximum_volume: 1.0000000000000000
maximum_shape: 0.0000001000000000
maximum_dsigma: 0.0100000000000000
mod: 10
pmod: 10
optimize: 1
verbose: 1
snapshot: 0
display: 1
explore: 1
npt: 1
nptxy: 0
nptdxdy: 0
shape: 0
seed: 760033
-176.554243714689 -153.458672812061 0.000000000000 1.000000000000
-176.036897525976 150.241516622899 0.866025403784 0.500000000000
15.841222525520 145.784987067705 0.000000000000 1.000000000000
8.827325133955 143.852988700345 0.866025403784 -0.500000000000
349.453989391488 17.687343955718 0.866025403784 -0.500000000000
-82.685990084536 9.275434087256 0.000000000000 1.000000000000
-14.084035591189 19.988050240473 0.866025403784 0.500000000000
-69.166134498413 -85.850650186890 0.866025403784 -0.500000000000
268.546398303773 85.075932433152 0.000000000000 1.000000000000
180.585047569033 59.418904071133 0.866025403784 -0.500000000000
53.889788566958 -81.792173878389 0.000000000000 1.000000000000
-138.204949259117 98.986952163330 0.866025403784 0.500000000000
-124.601801248224 11.796179961785 0.866025403784 -0.500000000000
-221.229033825341 -8.429126029334 0.000000000000 1.000000000000
122.716155107433 -29.312223850056 0.866025403784 -0.500000000000
78.981857032629 -7.905061955477 0.000000000000 1.000000000000
-74.625231940052 -141.795579275910 0.000000000000 1.000000000000
98.356864480109 58.368103621203 0.866025403784 0.500000000000
99.111028489015 -86.652215006374 0.000000000000 1.000000000000
149.170990162057 145.529282976753 0.000000000000 1.000000000000
