#Configurational_file created 2018-09-14 11:30:17  started 2018-09-14 11:30:16 run for 1.0s steps 0
name: p_661
step: 10000
specie: 20
	particle_diameter: 1.0000000000000000
	interaction_length: 1.2000000000000000
	number_of_patches: 3
	number_of_particles_per_compound: 1
	rod_length: 1.0000000000000000
	interaction_matrix:  1.000000 1.000000 1.000000 1.000000 1.000000 1.000000 1.000000 1.000000 1.000000
	patch_type: symmetric
	patch_width: 8.0000000000000000
	patch_angle: 0.0000000000000000
	angles:  0.000000 0.000000 0.000000
	grand_canonical: 0
	chemical_potential: 0.0000000000000000
box: 30.467822 30.467822
copy: 1.000000 1.000000
epsilon: 0.0209290000000000
end_epsilon: 0.0000000000000000
pressure: 0.8333920000000000
lambda: 0.0000000000000000
lambda_coupling: 1.0000000000000000
uy: 0.0000000000000000
maximum_displacement: 1.0000000000000000
maximum_rotation: 1.0000000000000000
maximum_volume: 1.0000000000000000
maximum_shape: 0.0000001000000000
maximum_dsigma: 0.0100000000000000
mod: 10
pmod: 10
optimize: 1
verbose: 1
snapshot: 0
display: 1
explore: 1
npt: 1
nptxy: 0
nptdxdy: 0
shape: 0
seed: 754348
137.317360566499 142.519576774539 0.866025403784 0.500000000000
157.197218856725 -65.906568228941 0.866025403784 0.500000000000
32.587771981786 83.696877641621 0.866025403784 -0.500000000000
218.214056192606 -84.936975642268 0.866025403784 0.500000000000
-42.304185911327 195.421484594096 0.000000000000 1.000000000000
-29.052363522360 -201.264159678253 0.000000000000 1.000000000000
-24.980780576004 106.148158656452 0.866025403784 0.500000000000
-46.083739241982 163.625469211554 0.000000000000 1.000000000000
-139.537244312699 -56.967028260741 0.866025403784 -0.500000000000
34.765221716060 160.233880910102 0.000000000000 1.000000000000
14.195574480636 -35.749932586716 0.000000000000 1.000000000000
112.440374416934 176.492795363744 0.866025403784 -0.500000000000
-4.561048968486 -45.486354684573 0.866025403784 -0.500000000000
-146.605973077219 92.569388860870 0.866025403784 -0.500000000000
-9.993196616016 106.699727429247 0.000000000000 1.000000000000
-44.689932711375 160.649448985270 0.866025403784 0.500000000000
44.806214064641 -13.130532406420 0.866025403784 0.500000000000
-57.915667037125 97.116247868138 0.000000000000 1.000000000000
30.081767427192 178.649641687525 0.000000000000 1.000000000000
-42.284815014883 -68.500338466959 0.866025403784 -0.500000000000
