#Configurational_file created 2018-09-14 11:58:00  started 2018-09-14 11:57:59 run for 1.0s steps 0
name: p_668
step: 10000
specie: 20
	particle_diameter: 1.0000000000000000
	interaction_length: 1.2000000000000000
	number_of_patches: 3
	number_of_particles_per_compound: 1
	rod_length: 1.0000000000000000
	interaction_matrix:  1.000000 1.000000 1.000000 1.000000 1.000000 1.000000 1.000000 1.000000 1.000000
	patch_type: symmetric
	patch_width: 8.0000000000000000
	patch_angle: 0.0000000000000000
	angles:  0.000000 0.000000 0.000000
	grand_canonical: 0
	chemical_potential: 0.0000000000000000
box: 48.236112 48.236112
copy: 1.000000 1.000000
epsilon: 0.0020840000000000
end_epsilon: 0.0000000000000000
pressure: 0.0708340000000000
lambda: 0.0000000000000000
lambda_coupling: 1.0000000000000000
uy: 0.0000000000000000
maximum_displacement: 1.0000000000000000
maximum_rotation: 1.0000000000000000
maximum_volume: 1.0000000000000000
maximum_shape: 0.0000001000000000
maximum_dsigma: 0.0100000000000000
mod: 10
pmod: 10
optimize: 1
verbose: 1
snapshot: 0
display: 1
explore: 1
npt: 1
nptxy: 0
nptdxdy: 0
shape: 0
seed: 762307
215.150066155041 44.317886616262 0.866025403784 -0.500000000000
-80.214091991786 284.650037548262 0.866025403784 0.500000000000
-2.870460598349 165.155036955256 0.000000000000 1.000000000000
-194.389786917924 215.095928916378 0.866025403784 0.500000000000
206.786655360267 -105.415268577177 0.000000000000 1.000000000000
-53.901956570513 -296.827928108208 0.866025403784 -0.500000000000
-11.490746483408 -101.714782979866 0.866025403784 -0.500000000000
148.518790501537 -68.856842469231 0.000000000000 1.000000000000
38.369221609895 -60.592006948631 0.866025403784 0.500000000000
-192.544042568836 -211.819367551401 0.866025403784 0.500000000000
47.089803828761 25.190196635001 0.866025403784 0.500000000000
-15.922445216820 -7.222048918597 0.000000000000 1.000000000000
96.524277189137 269.071121304410 0.866025403784 0.500000000000
33.822020931737 194.061763284024 0.866025403784 -0.500000000000
-23.010704718012 -106.666693133197 0.866025403784 -0.500000000000
-60.774222384507 139.383957058740 0.866025403784 -0.500000000000
41.211506042779 -51.188333820223 0.866025403784 -0.500000000000
-245.131895314038 324.674598083037 0.866025403784 0.500000000000
-129.732295755728 108.697331265800 0.000000000000 1.000000000000
344.921779424386 14.416235889051 0.866025403784 -0.500000000000
