#Configurational_file created 2018-09-14 11:58:00  started 2018-09-14 11:58:00 run for 0.0s steps 0
name: p_669
step: 10000
specie: 20
	particle_diameter: 1.0000000000000000
	interaction_length: 1.2000000000000000
	number_of_patches: 3
	number_of_particles_per_compound: 1
	rod_length: 1.0000000000000000
	interaction_matrix:  1.000000 1.000000 1.000000 1.000000 1.000000 1.000000 1.000000 1.000000 1.000000
	patch_type: symmetric
	patch_width: 8.0000000000000000
	patch_angle: 0.0000000000000000
	angles:  0.000000 0.000000 0.000000
	grand_canonical: 0
	chemical_potential: 0.0000000000000000
box: 50.514959 50.514959
copy: 1.000000 1.000000
epsilon: 0.0020840000000000
end_epsilon: 0.0000000000000000
pressure: 0.0750000000000000
lambda: 0.0000000000000000
lambda_coupling: 1.0000000000000000
uy: 0.0000000000000000
maximum_displacement: 1.0000000000000000
maximum_rotation: 1.0000000000000000
maximum_volume: 1.0000000000000000
maximum_shape: 0.0000001000000000
maximum_dsigma: 0.0100000000000000
mod: 10
pmod: 10
optimize: 1
verbose: 1
snapshot: 0
display: 1
explore: 1
npt: 1
nptxy: 0
nptdxdy: 0
shape: 0
seed: 763444
-127.130978161745 137.594950699392 0.866025403784 -0.500000000000
194.899996077737 -60.029813754630 0.866025403784 0.500000000000
55.627593979715 187.570443722062 0.000000000000 1.000000000000
-40.133480507136 -65.990367732961 0.866025403784 -0.500000000000
73.000256248528 -406.535320710417 0.866025403784 0.500000000000
-164.661479098703 114.426556410771 0.866025403784 -0.500000000000
-95.710735002588 -222.550073055927 0.000000000000 1.000000000000
49.777441908174 -373.820769611658 0.866025403784 -0.500000000000
36.036749657303 220.886712522084 0.866025403784 -0.500000000000
-23.439872284741 240.297457065028 0.000000000000 1.000000000000
100.495086723733 -291.656831496826 0.000000000000 1.000000000000
286.401318854404 -218.397345532800 0.866025403784 -0.500000000000
1.924517883181 -315.969360340206 0.866025403784 0.500000000000
2.861473772018 109.923739931510 0.000000000000 1.000000000000
149.987746786852 38.783579291002 0.000000000000 1.000000000000
46.095034708850 178.161262140180 0.866025403784 0.500000000000
457.791547224407 -355.979306623447 0.866025403784 0.500000000000
-162.976118062753 83.232062200492 0.866025403784 -0.500000000000
47.905826766764 330.886103718590 0.000000000000 1.000000000000
84.737164022654 -184.745982230286 0.866025403784 -0.500000000000
