#Configurational_file created 2018-09-14 11:06:16  started 2018-09-14 11:06:15 run for 1.0s steps 0
name: p_66
step: 10000
specie: 20
	particle_diameter: 1.0000000000000000
	interaction_length: 1.2000000000000000
	number_of_patches: 3
	number_of_particles_per_compound: 1
	rod_length: 1.0000000000000000
	interaction_matrix:  1.000000 1.000000 1.000000 1.000000 1.000000 1.000000 1.000000 1.000000 1.000000
	patch_type: symmetric
	patch_width: 8.0000000000000000
	patch_angle: 0.0000000000000000
	angles:  0.000000 0.000000 0.000000
	grand_canonical: 0
	chemical_potential: 0.0000000000000000
box: 49.859057 49.859057
copy: 1.000000 1.000000
epsilon: 0.0001000000000000
end_epsilon: 0.0000000000000000
pressure: 0.2858000000000000
lambda: 0.0000000000000000
lambda_coupling: 1.0000000000000000
uy: 0.0000000000000000
maximum_displacement: 1.0000000000000000
maximum_rotation: 1.0000000000000000
maximum_volume: 1.0000000000000000
maximum_shape: 0.0000001000000000
maximum_dsigma: 0.0100000000000000
mod: 10
pmod: 10
optimize: 1
verbose: 1
snapshot: 0
display: 1
explore: 1
npt: 1
nptxy: 0
nptdxdy: 0
shape: 0
seed: 77912
-127.472692929008 207.559285919699 0.866025403784 0.500000000000
65.825606345276 -159.158244716835 0.000000000000 1.000000000000
172.290833345240 -126.882562622847 0.866025403784 0.500000000000
-87.366705554759 87.895919977358 0.000000000000 1.000000000000
129.318711421168 -140.842624859647 0.866025403784 -0.500000000000
-199.084198716397 104.389767554894 0.000000000000 1.000000000000
-60.167705572644 -103.043194034958 0.000000000000 1.000000000000
29.037751894737 7.304076469744 0.866025403784 0.500000000000
206.163401029903 24.837177561480 0.000000000000 1.000000000000
-271.004464223118 -102.636194443293 0.000000000000 1.000000000000
9.116959041442 -138.684209060176 0.000000000000 1.000000000000
68.139982243051 -303.389030514273 0.866025403784 -0.500000000000
318.340020556865 -32.881637540804 0.866025403784 -0.500000000000
-31.880015572057 162.589722023158 0.000000000000 1.000000000000
-177.985471616648 -109.453377055111 0.866025403784 -0.500000000000
108.180264529227 -235.963736688302 0.866025403784 0.500000000000
125.162179744642 279.006839821331 0.866025403784 -0.500000000000
44.839454438855 132.974742157248 0.866025403784 0.500000000000
-198.056936299972 -132.026973330263 0.866025403784 0.500000000000
-221.225524416025 -101.266528933368 0.866025403784 0.500000000000
