#Configurational_file created 2018-09-14 11:58:06  started 2018-09-14 11:58:05 run for 1.0s steps 0
name: p_677
step: 10000
specie: 20
	particle_diameter: 1.0000000000000000
	interaction_length: 1.2000000000000000
	number_of_patches: 3
	number_of_particles_per_compound: 1
	rod_length: 1.0000000000000000
	interaction_matrix:  1.000000 1.000000 1.000000 1.000000 1.000000 1.000000 1.000000 1.000000 1.000000
	patch_type: symmetric
	patch_width: 8.0000000000000000
	patch_angle: 0.0000000000000000
	angles:  0.000000 0.000000 0.000000
	grand_canonical: 0
	chemical_potential: 0.0000000000000000
box: 50.109025 50.109025
copy: 1.000000 1.000000
epsilon: 0.0041680000000000
end_epsilon: 0.0000000000000000
pressure: 0.0041680000000000
lambda: 0.0000000000000000
lambda_coupling: 1.0000000000000000
uy: 0.0000000000000000
maximum_displacement: 1.0000000000000000
maximum_rotation: 1.0000000000000000
maximum_volume: 1.0000000000000000
maximum_shape: 0.0000001000000000
maximum_dsigma: 0.0100000000000000
mod: 10
pmod: 10
optimize: 1
verbose: 1
snapshot: 0
display: 1
explore: 1
npt: 1
nptxy: 0
nptdxdy: 0
shape: 0
seed: 772540
72.578664240595 -235.265401450606 0.000000000000 1.000000000000
-133.001435535317 -172.078401297316 0.000000000000 1.000000000000
-230.113025845381 149.196015200569 0.000000000000 1.000000000000
330.238718900694 -2.980853582063 0.866025403784 -0.500000000000
72.174176669031 8.714440422780 0.866025403784 0.500000000000
177.530811431688 24.778477122960 0.866025403784 0.500000000000
28.056976710693 -110.505330764289 0.866025403784 0.500000000000
16.125039430970 179.247104565300 0.866025403784 0.500000000000
-113.268646698207 -178.303099845748 0.866025403784 -0.500000000000
-106.907714314568 -35.834626420016 0.000000000000 1.000000000000
-156.850807075453 169.891618338849 0.000000000000 1.000000000000
-173.872603189507 -45.082169380108 0.866025403784 0.500000000000
-15.046384966957 -97.396565906148 0.866025403784 -0.500000000000
99.517449837784 -180.547149517439 0.866025403784 0.500000000000
-189.152567459036 -95.703362620057 0.866025403784 0.500000000000
-228.803032345375 11.844399861146 0.866025403784 -0.500000000000
-278.616277838795 -31.722495289626 0.000000000000 1.000000000000
56.437096653160 -96.955036465127 0.866025403784 0.500000000000
311.322269217940 97.152626403013 0.866025403784 -0.500000000000
-116.626684566820 152.384425483355 0.000000000000 1.000000000000
