#Configurational_file created 2018-09-14 12:20:14  started 2018-09-14 12:20:13 run for 1.0s steps 0
name: p_67
step: 10000
specie: 20
	particle_diameter: 1.0000000000000000
	interaction_length: 1.2000000000000000
	number_of_patches: 3
	number_of_particles_per_compound: 1
	rod_length: 1.0000000000000000
	interaction_matrix:  1.000000 1.000000 1.000000 1.000000 1.000000 1.000000 1.000000 1.000000 1.000000
	patch_type: symmetric
	patch_width: 8.0000000000000000
	patch_angle: 0.0000000000000000
	angles:  0.000000 0.000000 0.000000
	grand_canonical: 0
	chemical_potential: 0.0000000000000000
box: 51.008656 51.008656
copy: 1.000000 1.000000
epsilon: 0.6666670000000000
end_epsilon: 0.0000000000000000
pressure: 0.0000010000000000
lambda: 0.0000000000000000
lambda_coupling: 1.0000000000000000
uy: 0.0000000000000000
maximum_displacement: 1.0000000000000000
maximum_rotation: 1.0000000000000000
maximum_volume: 1.0000000000000000
maximum_shape: 0.0000001000000000
maximum_dsigma: 0.0100000000000000
mod: 10
pmod: 10
optimize: 1
verbose: 1
snapshot: 0
display: 1
explore: 1
npt: 1
nptxy: 0
nptdxdy: 0
shape: 0
seed: 78970
-3.665158687327 141.315845120000 0.866025403784 -0.500000000000
72.592263825544 -107.259501217717 0.866025403784 0.500000000000
-380.726876100466 -179.482408663977 0.000000000000 1.000000000000
217.133053499891 -432.365709176919 0.000000000000 1.000000000000
-79.772489799802 189.981759725663 0.866025403784 0.500000000000
162.717640805517 -284.079310810844 0.866025403784 0.500000000000
45.288493546551 44.081034737408 0.866025403784 -0.500000000000
146.211907949835 -216.959776830020 0.000000000000 1.000000000000
-154.848251726179 -82.927889986482 0.866025403784 0.500000000000
6.337841354893 -89.085761371262 0.000000000000 1.000000000000
-43.762898595250 -20.212703427963 0.000000000000 1.000000000000
23.348987617876 -150.233090907451 0.866025403784 0.500000000000
233.925471929028 94.533445724825 0.866025403784 0.500000000000
-80.305797688490 14.386790695690 0.866025403784 -0.500000000000
-140.420882242319 -146.887875988843 0.866025403784 -0.500000000000
191.691864240718 -70.250280318318 0.866025403784 0.500000000000
-170.651752622824 -44.464699434863 0.000000000000 1.000000000000
211.957591736990 168.064520274372 0.866025403784 0.500000000000
-134.991354192218 220.872800418209 0.866025403784 -0.500000000000
197.172620452671 1.947143226684 0.866025403784 0.500000000000
