#Configurational_file created 2018-09-14 11:30:27  started 2018-09-14 11:30:26 run for 1.0s steps 0
name: p_676
step: 10000
specie: 20
	particle_diameter: 1.0000000000000000
	interaction_length: 1.2000000000000000
	number_of_patches: 3
	number_of_particles_per_compound: 1
	rod_length: 1.0000000000000000
	interaction_matrix:  1.000000 1.000000 1.000000 1.000000 1.000000 1.000000 1.000000 1.000000 1.000000
	patch_type: symmetric
	patch_width: 8.0000000000000000
	patch_angle: 0.0000000000000000
	angles:  0.000000 0.000000 0.000000
	grand_canonical: 0
	chemical_potential: 0.0000000000000000
box: 43.449942 43.449942
copy: 1.000000 1.000000
epsilon: 0.0417580000000000
end_epsilon: 0.0000000000000000
pressure: 0.0001000000000000
lambda: 0.0000000000000000
lambda_coupling: 1.0000000000000000
uy: 0.0000000000000000
maximum_displacement: 1.0000000000000000
maximum_rotation: 1.0000000000000000
maximum_volume: 1.0000000000000000
maximum_shape: 0.0000001000000000
maximum_dsigma: 0.0100000000000000
mod: 10
pmod: 10
optimize: 1
verbose: 1
snapshot: 0
display: 1
explore: 1
npt: 1
nptxy: 0
nptdxdy: 0
shape: 0
seed: 771403
-131.137338617206 270.555504455530 0.000000000000 1.000000000000
-5.534057767962 221.801005068092 0.866025403784 -0.500000000000
16.722274891522 174.037534272294 0.000000000000 1.000000000000
-20.815509445816 -33.347588603445 0.866025403784 -0.500000000000
5.181264093214 284.319726682485 0.000000000000 1.000000000000
77.433250354370 -5.399047266505 0.866025403784 0.500000000000
-59.142209341985 68.086140158834 0.866025403784 0.500000000000
35.399069843489 82.339409076675 0.866025403784 0.500000000000
-233.197902205219 156.210992855599 0.866025403784 -0.500000000000
-163.185462788825 29.543824976337 0.866025403784 0.500000000000
-135.790900984648 138.036707981224 0.866025403784 0.500000000000
-70.771637884343 -206.873112035205 0.866025403784 -0.500000000000
214.690679040302 -202.059059164593 0.866025403784 -0.500000000000
-164.685882039922 -157.138447239657 0.866025403784 -0.500000000000
-5.255552384241 -11.637567870829 0.000000000000 1.000000000000
0.136261795521 49.359935374802 0.000000000000 1.000000000000
225.433172358312 55.119372319384 0.000000000000 1.000000000000
-101.525129559740 125.524221340781 0.866025403784 -0.500000000000
-12.620145619509 -195.685515047849 0.866025403784 -0.500000000000
-118.656311584096 118.560448000407 0.000000000000 1.000000000000
