#Configurational_file created 2018-09-14 11:30:24  started 2018-09-14 11:30:24 run for 0.0s steps 0
name: p_672
step: 10000
specie: 20
	particle_diameter: 1.0000000000000000
	interaction_length: 1.2000000000000000
	number_of_patches: 3
	number_of_particles_per_compound: 1
	rod_length: 1.0000000000000000
	interaction_matrix:  1.000000 1.000000 1.000000 1.000000 1.000000 1.000000 1.000000 1.000000 1.000000
	patch_type: symmetric
	patch_width: 8.0000000000000000
	patch_angle: 0.0000000000000000
	angles:  0.000000 0.000000 0.000000
	grand_canonical: 0
	chemical_potential: 0.0000000000000000
box: 23.882323 23.882323
copy: 1.000000 1.000000
epsilon: 0.0209290000000000
end_epsilon: 0.0000000000000000
pressure: 1.7500119999999999
lambda: 0.0000000000000000
lambda_coupling: 1.0000000000000000
uy: 0.0000000000000000
maximum_displacement: 1.0000000000000000
maximum_rotation: 1.0000000000000000
maximum_volume: 1.0000000000000000
maximum_shape: 0.0000001000000000
maximum_dsigma: 0.0100000000000000
mod: 10
pmod: 10
optimize: 1
verbose: 1
snapshot: 0
display: 1
explore: 1
npt: 1
nptxy: 0
nptdxdy: 0
shape: 0
seed: 766855
97.998734823161 115.364344961647 0.000000000000 1.000000000000
-191.586410187763 69.878657010307 0.000000000000 1.000000000000
-18.836217803200 -107.291318715947 0.866025403784 0.500000000000
-137.403731349696 50.023202719529 0.000000000000 1.000000000000
-83.572887613099 29.973218617574 0.866025403784 0.500000000000
-126.524546314116 128.691076716667 0.000000000000 1.000000000000
-50.683780257426 135.006754037792 0.000000000000 1.000000000000
178.017871417046 -117.814848802243 0.866025403784 0.500000000000
138.904735480025 4.354369119111 0.000000000000 1.000000000000
243.345919434224 -44.816629865535 0.866025403784 -0.500000000000
66.222338295885 -191.237535553183 0.000000000000 1.000000000000
-49.283419578091 -12.851842726311 0.866025403784 0.500000000000
165.607460819144 -40.564337578828 0.866025403784 -0.500000000000
110.403486554151 -6.035094540141 0.866025403784 0.500000000000
26.519481890517 -73.275830803033 0.000000000000 1.000000000000
61.258361233989 -47.288538350789 0.000000000000 1.000000000000
-103.488881584277 127.619759137768 0.866025403784 -0.500000000000
55.078040628258 -78.329498123414 0.866025403784 -0.500000000000
-42.730860449410 117.731336725911 0.000000000000 1.000000000000
10.435427291438 126.655474473462 0.866025403784 0.500000000000
