#Configurational_file created 2018-09-14 11:30:28  started 2018-09-14 11:30:27 run for 1.0s steps 0
name: p_677
step: 10000
specie: 20
	particle_diameter: 1.0000000000000000
	interaction_length: 1.2000000000000000
	number_of_patches: 3
	number_of_particles_per_compound: 1
	rod_length: 1.0000000000000000
	interaction_matrix:  1.000000 1.000000 1.000000 1.000000 1.000000 1.000000 1.000000 1.000000 1.000000
	patch_type: symmetric
	patch_width: 8.0000000000000000
	patch_angle: 0.0000000000000000
	angles:  0.000000 0.000000 0.000000
	grand_canonical: 0
	chemical_potential: 0.0000000000000000
box: 45.389449 45.389449
copy: 1.000000 1.000000
epsilon: 0.0417580000000000
end_epsilon: 0.0000000000000000
pressure: 0.0834290000000000
lambda: 0.0000000000000000
lambda_coupling: 1.0000000000000000
uy: 0.0000000000000000
maximum_displacement: 1.0000000000000000
maximum_rotation: 1.0000000000000000
maximum_volume: 1.0000000000000000
maximum_shape: 0.0000001000000000
maximum_dsigma: 0.0100000000000000
mod: 10
pmod: 10
optimize: 1
verbose: 1
snapshot: 0
display: 1
explore: 1
npt: 1
nptxy: 0
nptdxdy: 0
shape: 0
seed: 772540
114.687943770054 -202.947386899177 0.866025403784 -0.500000000000
232.016629656014 -326.924242140514 0.000000000000 1.000000000000
-123.121399941705 -76.784018208387 0.866025403784 0.500000000000
-156.852446896475 -76.330765816186 0.866025403784 0.500000000000
267.771229514288 -205.811082450271 0.000000000000 1.000000000000
-299.162123212969 -171.456967462531 0.866025403784 0.500000000000
297.294218594575 56.196373635975 0.866025403784 0.500000000000
-207.957043182201 -97.225135742464 0.000000000000 1.000000000000
259.468794036311 -24.457764908904 0.866025403784 -0.500000000000
-155.865178590644 -219.854172844502 0.000000000000 1.000000000000
-227.940253813479 306.448996711093 0.000000000000 1.000000000000
3.394484889540 10.653265194049 0.866025403784 -0.500000000000
139.574721949272 -46.816075792908 0.866025403784 -0.500000000000
-0.202422534268 140.727686842990 0.000000000000 1.000000000000
-130.706146859614 129.689824893316 0.866025403784 0.500000000000
-96.790533541156 -216.957777086678 0.000000000000 1.000000000000
-106.293204108643 5.052091648122 0.866025403784 -0.500000000000
322.106917472741 89.121881357634 0.866025403784 0.500000000000
-98.751496058611 -128.562530045191 0.866025403784 -0.500000000000
70.828115620804 -200.223029605083 0.000000000000 1.000000000000
