#Configurational_file created 2018-09-11 17:04:24  started 2018-09-11 17:04:23 run for 1.0s steps 0
name: p_67
step: 10000
specie: 20
	particle_diameter: 1.0000000000000000
	interaction_length: 1.2000000000000000
	number_of_patches: 3
	number_of_particles_per_compound: 1
	rod_length: 1.0000000000000000
	interaction_matrix:  1.000000 1.000000 1.000000 1.000000 1.000000 1.000000 1.000000 1.000000 1.000000
	patch_type: symmetric
	patch_width: 8.0000000000000000
	patch_angle: 0.0000000000000000
	angles:  0.000000 0.000000 0.000000
	grand_canonical: 0
	chemical_potential: 0.0000000000000000
box: 10.433148 10.433148
copy: 1.000000 1.000000
epsilon: 0.3333670000000000
end_epsilon: 0.0000000000000000
pressure: 1.0000500000000001
lambda: 0.0000000000000000
lambda_coupling: 1.0000000000000000
uy: 0.0000000000000000
maximum_displacement: 1.0000000000000000
maximum_rotation: 1.0000000000000000
maximum_volume: 1.0000000000000000
maximum_shape: 0.0000001000000000
maximum_dsigma: 0.0100000000000000
mod: 10
pmod: 10
optimize: 1
verbose: 1
snapshot: 0
display: 1
explore: 1
npt: 1
nptxy: 0
nptdxdy: 0
shape: 0
seed: 79049
53.320082298766 45.782575626652 0.866025403784 -0.500000000000
37.384391237718 58.390945059510 0.000000000000 1.000000000000
-80.272221465361 24.916277026804 0.866025403784 0.500000000000
-166.971725667408 203.292312075547 0.866025403784 -0.500000000000
111.676712474229 -45.730609212288 0.000000000000 1.000000000000
40.698689077647 50.891203959929 0.866025403784 0.500000000000
86.073643677769 -72.992438786061 0.000000000000 1.000000000000
33.940304958429 112.690697544588 0.866025403784 0.500000000000
121.633951844835 39.557897524036 0.866025403784 0.500000000000
34.105550540408 -5.388947676652 0.866025403784 -0.500000000000
-119.505712826130 -36.538950973785 0.000000000000 1.000000000000
-95.470299860101 -66.942223508476 0.000000000000 1.000000000000
-68.366701339002 76.923928128775 0.000000000000 1.000000000000
114.262398698545 65.372846696118 0.000000000000 1.000000000000
90.597308391496 33.353996893776 0.866025403784 0.500000000000
-0.678144060546 70.503444902567 0.000000000000 1.000000000000
-61.123269099573 -31.345924727784 0.866025403784 -0.500000000000
32.531419025643 -118.859193589684 0.000000000000 1.000000000000
-3.923045138158 48.912404541408 0.000000000000 1.000000000000
-84.559002330575 107.104549542877 0.866025403784 -0.500000000000
