#Configurational_file created 2018-09-14 11:06:16  started 2018-09-14 11:06:16 run for 0.0s steps 0
name: p_67
step: 10000
specie: 20
	particle_diameter: 1.0000000000000000
	interaction_length: 1.2000000000000000
	number_of_patches: 3
	number_of_particles_per_compound: 1
	rod_length: 1.0000000000000000
	interaction_matrix:  1.000000 1.000000 1.000000 1.000000 1.000000 1.000000 1.000000 1.000000 1.000000
	patch_type: symmetric
	patch_width: 8.0000000000000000
	patch_angle: 0.0000000000000000
	angles:  0.000000 0.000000 0.000000
	grand_canonical: 0
	chemical_potential: 0.0000000000000000
box: 53.000340 53.000340
copy: 1.000000 1.000000
epsilon: 0.0001000000000000
end_epsilon: 0.0000000000000000
pressure: 0.5715000000000000
lambda: 0.0000000000000000
lambda_coupling: 1.0000000000000000
uy: 0.0000000000000000
maximum_displacement: 1.0000000000000000
maximum_rotation: 1.0000000000000000
maximum_volume: 1.0000000000000000
maximum_shape: 0.0000001000000000
maximum_dsigma: 0.0100000000000000
mod: 10
pmod: 10
optimize: 1
verbose: 1
snapshot: 0
display: 1
explore: 1
npt: 1
nptxy: 0
nptdxdy: 0
shape: 0
seed: 79049
72.572239709774 19.256775587428 0.000000000000 1.000000000000
-205.823706126362 31.568071746075 0.000000000000 1.000000000000
-184.392977393093 177.018024176843 0.866025403784 -0.500000000000
-118.140161939893 -193.166344179512 0.866025403784 0.500000000000
362.145802912699 343.273294405167 0.000000000000 1.000000000000
379.390582093126 -175.245406982097 0.866025403784 -0.500000000000
12.501689021701 341.221209624090 0.866025403784 0.500000000000
-26.381824899839 -253.604673152669 0.866025403784 0.500000000000
124.914531659347 27.133790841277 0.866025403784 0.500000000000
140.506106665614 -34.990810003786 0.866025403784 -0.500000000000
15.174930907327 -307.281782576882 0.866025403784 -0.500000000000
162.180182580136 30.924169768223 0.000000000000 1.000000000000
-218.433356456638 8.280301250266 0.000000000000 1.000000000000
-225.330423553334 83.271399521795 0.000000000000 1.000000000000
-72.288734804568 -195.212443058036 0.866025403784 0.500000000000
160.720499560805 -185.094749457505 0.000000000000 1.000000000000
-65.799250453925 290.697757710055 0.866025403784 -0.500000000000
56.403925669402 -65.119543289317 0.866025403784 -0.500000000000
225.550799929346 8.573595874177 0.866025403784 0.500000000000
-40.984837034414 -6.641330124809 0.866025403784 -0.500000000000
