#Configurational_file created 2018-09-14 11:30:23  started 2018-09-14 11:30:22 run for 1.0s steps 0
name: p_670
step: 10000
specie: 20
	particle_diameter: 1.0000000000000000
	interaction_length: 1.2000000000000000
	number_of_patches: 3
	number_of_particles_per_compound: 1
	rod_length: 1.0000000000000000
	interaction_matrix:  1.000000 1.000000 1.000000 1.000000 1.000000 1.000000 1.000000 1.000000 1.000000
	patch_type: symmetric
	patch_width: 8.0000000000000000
	patch_angle: 0.0000000000000000
	angles:  0.000000 0.000000 0.000000
	grand_canonical: 0
	chemical_potential: 0.0000000000000000
box: 23.571119 23.571119
copy: 1.000000 1.000000
epsilon: 0.0209290000000000
end_epsilon: 0.0000000000000000
pressure: 1.5833539999999999
lambda: 0.0000000000000000
lambda_coupling: 1.0000000000000000
uy: 0.0000000000000000
maximum_displacement: 1.0000000000000000
maximum_rotation: 1.0000000000000000
maximum_volume: 1.0000000000000000
maximum_shape: 0.0000001000000000
maximum_dsigma: 0.0100000000000000
mod: 10
pmod: 10
optimize: 1
verbose: 1
snapshot: 0
display: 1
explore: 1
npt: 1
nptxy: 0
nptdxdy: 0
shape: 0
seed: 764581
-1.911974317825 104.099101523682 0.000000000000 1.000000000000
157.221145714481 107.141858563828 0.866025403784 0.500000000000
177.873645372550 54.139861077482 0.866025403784 0.500000000000
41.218074707785 39.787091593333 0.866025403784 0.500000000000
-42.454089089710 -165.668034384135 0.866025403784 -0.500000000000
211.214411392130 182.543422099522 0.866025403784 0.500000000000
156.147609806908 -35.171588267386 0.866025403784 0.500000000000
-54.145879915805 4.942619213792 0.866025403784 -0.500000000000
33.527686622460 47.229489491837 0.866025403784 -0.500000000000
-25.431747750280 0.419401247145 0.000000000000 1.000000000000
-110.155200858655 136.434229905532 0.866025403784 -0.500000000000
-112.848605851573 -33.978083802121 0.000000000000 1.000000000000
3.256453521014 -6.815366449435 0.866025403784 0.500000000000
81.008818399490 -96.524886882936 0.866025403784 0.500000000000
-1.284565262761 -13.445720661463 0.866025403784 -0.500000000000
122.567288190187 64.172733086979 0.000000000000 1.000000000000
82.748416157604 105.945076162971 0.866025403784 0.500000000000
247.617814037003 -24.669594449541 0.866025403784 -0.500000000000
-48.690692074825 123.679855148049 0.000000000000 1.000000000000
-33.112220239886 57.508514274451 0.000000000000 1.000000000000
