#Configurational_file created 2018-09-14 11:58:03  started 2018-09-14 11:58:02 run for 1.0s steps 0
name: p_673
step: 10000
specie: 20
	particle_diameter: 1.0000000000000000
	interaction_length: 1.2000000000000000
	number_of_patches: 3
	number_of_particles_per_compound: 1
	rod_length: 1.0000000000000000
	interaction_matrix:  1.000000 1.000000 1.000000 1.000000 1.000000 1.000000 1.000000 1.000000 1.000000
	patch_type: symmetric
	patch_width: 8.0000000000000000
	patch_angle: 0.0000000000000000
	angles:  0.000000 0.000000 0.000000
	grand_canonical: 0
	chemical_potential: 0.0000000000000000
box: 48.461151 48.461151
copy: 1.000000 1.000000
epsilon: 0.0020840000000000
end_epsilon: 0.0000000000000000
pressure: 0.0916670000000000
lambda: 0.0000000000000000
lambda_coupling: 1.0000000000000000
uy: 0.0000000000000000
maximum_displacement: 1.0000000000000000
maximum_rotation: 1.0000000000000000
maximum_volume: 1.0000000000000000
maximum_shape: 0.0000001000000000
maximum_dsigma: 0.0100000000000000
mod: 10
pmod: 10
optimize: 1
verbose: 1
snapshot: 0
display: 1
explore: 1
npt: 1
nptxy: 0
nptdxdy: 0
shape: 0
seed: 767992
96.082897073170 112.639086168240 0.866025403784 -0.500000000000
301.484722734301 -281.277038266105 0.866025403784 -0.500000000000
-150.084947279218 -126.729515577293 0.866025403784 -0.500000000000
-10.868051107111 192.661733154127 0.866025403784 -0.500000000000
-271.625886484625 -8.985497366735 0.866025403784 0.500000000000
-30.060181780405 65.390147545319 0.866025403784 0.500000000000
259.510275437465 384.411222675468 0.000000000000 1.000000000000
-130.921268006570 121.179617957388 0.866025403784 0.500000000000
-236.850865745772 294.681968734421 0.000000000000 1.000000000000
-45.064745002976 -83.213057357312 0.000000000000 1.000000000000
183.928537001894 162.576786394705 0.866025403784 -0.500000000000
248.047993535120 288.873767512798 0.866025403784 -0.500000000000
-71.628446546656 61.512886142504 0.000000000000 1.000000000000
86.133099449491 222.010520946647 0.866025403784 0.500000000000
-35.902092576780 284.439406156250 0.866025403784 -0.500000000000
-35.854564800427 146.892698026997 0.866025403784 0.500000000000
-56.885923575686 -104.361587785534 0.866025403784 0.500000000000
157.173266687371 -20.810661095803 0.866025403784 -0.500000000000
-276.226401343455 185.838388633735 0.866025403784 0.500000000000
-150.001970084967 199.494960183953 0.866025403784 0.500000000000
