#Configurational_file created 2018-09-14 11:58:07  started 2018-09-14 11:58:06 run for 1.0s steps 0
name: p_678
step: 10000
specie: 20
	particle_diameter: 1.0000000000000000
	interaction_length: 1.2000000000000000
	number_of_patches: 3
	number_of_particles_per_compound: 1
	rod_length: 1.0000000000000000
	interaction_matrix:  1.000000 1.000000 1.000000 1.000000 1.000000 1.000000 1.000000 1.000000 1.000000
	patch_type: symmetric
	patch_width: 8.0000000000000000
	patch_angle: 0.0000000000000000
	angles:  0.000000 0.000000 0.000000
	grand_canonical: 0
	chemical_potential: 0.0000000000000000
box: 44.239555 44.239555
copy: 1.000000 1.000000
epsilon: 0.0041680000000000
end_epsilon: 0.0000000000000000
pressure: 0.0083340000000000
lambda: 0.0000000000000000
lambda_coupling: 1.0000000000000000
uy: 0.0000000000000000
maximum_displacement: 1.0000000000000000
maximum_rotation: 1.0000000000000000
maximum_volume: 1.0000000000000000
maximum_shape: 0.0000001000000000
maximum_dsigma: 0.0100000000000000
mod: 10
pmod: 10
optimize: 1
verbose: 1
snapshot: 0
display: 1
explore: 1
npt: 1
nptxy: 0
nptdxdy: 0
shape: 0
seed: 773677
177.015750501215 -206.548388497299 0.866025403784 0.500000000000
219.317058481036 -14.986514300384 0.866025403784 -0.500000000000
152.417422308946 99.850536048630 0.000000000000 1.000000000000
67.787278139425 222.210885060386 0.000000000000 1.000000000000
-91.466002233704 68.724618268105 0.000000000000 1.000000000000
-16.080398074305 -143.120783709117 0.866025403784 -0.500000000000
136.803574509820 207.402700596147 0.000000000000 1.000000000000
254.045456010209 286.097466231984 0.866025403784 0.500000000000
-214.009479042079 102.678275326373 0.866025403784 -0.500000000000
-218.046763718124 25.174080917175 0.866025403784 0.500000000000
-149.806374996543 -209.554914785983 0.000000000000 1.000000000000
-4.661784719666 -134.230452950388 0.866025403784 0.500000000000
144.159231104586 51.650107608382 0.866025403784 -0.500000000000
-194.355976361473 73.980993207826 0.000000000000 1.000000000000
71.703914426636 13.115971541173 0.866025403784 0.500000000000
69.324787715886 132.925151901193 0.000000000000 1.000000000000
-63.373654775229 85.853168532134 0.866025403784 -0.500000000000
141.454825326118 99.055442338341 0.866025403784 0.500000000000
293.310720135410 -133.971398720018 0.866025403784 0.500000000000
-246.361858476872 -98.396867483799 0.000000000000 1.000000000000
