#Configurational_file created 2018-09-14 11:58:05  started 2018-09-14 11:58:04 run for 1.0s steps 0
name: p_675
step: 10000
specie: 20
	particle_diameter: 1.0000000000000000
	interaction_length: 1.2000000000000000
	number_of_patches: 3
	number_of_particles_per_compound: 1
	rod_length: 1.0000000000000000
	interaction_matrix:  1.000000 1.000000 1.000000 1.000000 1.000000 1.000000 1.000000 1.000000 1.000000
	patch_type: symmetric
	patch_width: 8.0000000000000000
	patch_angle: 0.0000000000000000
	angles:  0.000000 0.000000 0.000000
	grand_canonical: 0
	chemical_potential: 0.0000000000000000
box: 48.851158 48.851158
copy: 1.000000 1.000000
epsilon: 0.0020840000000000
end_epsilon: 0.0000000000000000
pressure: 0.1000000000000000
lambda: 0.0000000000000000
lambda_coupling: 1.0000000000000000
uy: 0.0000000000000000
maximum_displacement: 1.0000000000000000
maximum_rotation: 1.0000000000000000
maximum_volume: 1.0000000000000000
maximum_shape: 0.0000001000000000
maximum_dsigma: 0.0100000000000000
mod: 10
pmod: 10
optimize: 1
verbose: 1
snapshot: 0
display: 1
explore: 1
npt: 1
nptxy: 0
nptdxdy: 0
shape: 0
seed: 770266
28.529462019526 35.113833078795 0.866025403784 0.500000000000
-175.921803934172 70.495674986619 0.866025403784 0.500000000000
-51.638915588232 116.465336727953 0.866025403784 -0.500000000000
-120.145136903870 -148.372867034838 0.866025403784 0.500000000000
134.982525306118 -36.431726838765 0.866025403784 -0.500000000000
110.398389461496 -28.818206098005 0.000000000000 1.000000000000
309.965260623895 144.673139144098 0.866025403784 0.500000000000
60.335061766211 -41.884123732433 0.866025403784 -0.500000000000
95.893771639731 42.035787927253 0.000000000000 1.000000000000
-52.822862968756 97.582617436845 0.000000000000 1.000000000000
284.053094933270 165.903989618896 0.866025403784 -0.500000000000
297.664815837350 -11.933356240025 0.000000000000 1.000000000000
-23.412792894991 -80.275466646705 0.866025403784 -0.500000000000
66.237858788738 -46.275886445977 0.866025403784 0.500000000000
-19.519399065485 -289.151367054614 0.866025403784 -0.500000000000
217.855002284236 19.106994918353 0.866025403784 0.500000000000
-58.176872254719 220.402064713733 0.866025403784 0.500000000000
46.512900648486 151.889782365508 0.866025403784 0.500000000000
-41.243766062962 133.872097121460 0.000000000000 1.000000000000
264.362312302620 -414.101402635717 0.866025403784 0.500000000000
