#Configurational_file created 2018-09-14 11:30:25  started 2018-09-14 11:30:24 run for 1.0s steps 0
name: p_673
step: 10000
specie: 20
	particle_diameter: 1.0000000000000000
	interaction_length: 1.2000000000000000
	number_of_patches: 3
	number_of_particles_per_compound: 1
	rod_length: 1.0000000000000000
	interaction_matrix:  1.000000 1.000000 1.000000 1.000000 1.000000 1.000000 1.000000 1.000000 1.000000
	patch_type: symmetric
	patch_width: 8.0000000000000000
	patch_angle: 0.0000000000000000
	angles:  0.000000 0.000000 0.000000
	grand_canonical: 0
	chemical_potential: 0.0000000000000000
box: 24.089433 24.089433
copy: 1.000000 1.000000
epsilon: 0.0209290000000000
end_epsilon: 0.0000000000000000
pressure: 1.8333420000000000
lambda: 0.0000000000000000
lambda_coupling: 1.0000000000000000
uy: 0.0000000000000000
maximum_displacement: 1.0000000000000000
maximum_rotation: 1.0000000000000000
maximum_volume: 1.0000000000000000
maximum_shape: 0.0000001000000000
maximum_dsigma: 0.0100000000000000
mod: 10
pmod: 10
optimize: 1
verbose: 1
snapshot: 0
display: 1
explore: 1
npt: 1
nptxy: 0
nptdxdy: 0
shape: 0
seed: 767992
-62.075107533318 -46.040706174350 0.000000000000 1.000000000000
180.849885377622 0.450611063342 0.866025403784 0.500000000000
-112.040155238680 -109.464226392149 0.866025403784 -0.500000000000
83.573425007139 21.395222515282 0.866025403784 0.500000000000
122.446277950851 56.182185081134 0.000000000000 1.000000000000
-18.112861338575 -155.701707622412 0.866025403784 -0.500000000000
24.429361011166 187.948112787050 0.000000000000 1.000000000000
27.219506043785 92.725486655591 0.000000000000 1.000000000000
-73.097027478680 -5.077752632796 0.000000000000 1.000000000000
-155.657587190635 -105.618355041372 0.000000000000 1.000000000000
1.306770354197 129.100270393041 0.866025403784 -0.500000000000
45.477064409241 15.696288952154 0.866025403784 0.500000000000
11.893068584130 -155.563588410482 0.000000000000 1.000000000000
-98.365302318095 10.282853258334 0.866025403784 -0.500000000000
-88.130080612802 63.238465893419 0.866025403784 -0.500000000000
24.689008257274 -91.850036909867 0.866025403784 -0.500000000000
-188.368807594168 128.534751627003 0.866025403784 0.500000000000
50.626203797249 1.654347302368 0.000000000000 1.000000000000
-216.319459837106 152.791650522080 0.866025403784 0.500000000000
85.663668043185 -12.195900099062 0.866025403784 -0.500000000000
