#Configurational_file created 2018-09-14 11:58:04  started 2018-09-14 11:58:03 run for 1.0s steps 0
name: p_674
step: 10000
specie: 20
	particle_diameter: 1.0000000000000000
	interaction_length: 1.2000000000000000
	number_of_patches: 3
	number_of_particles_per_compound: 1
	rod_length: 1.0000000000000000
	interaction_matrix:  1.000000 1.000000 1.000000 1.000000 1.000000 1.000000 1.000000 1.000000 1.000000
	patch_type: symmetric
	patch_width: 8.0000000000000000
	patch_angle: 0.0000000000000000
	angles:  0.000000 0.000000 0.000000
	grand_canonical: 0
	chemical_potential: 0.0000000000000000
box: 46.469898 46.469898
copy: 1.000000 1.000000
epsilon: 0.0020840000000000
end_epsilon: 0.0000000000000000
pressure: 0.0958330000000000
lambda: 0.0000000000000000
lambda_coupling: 1.0000000000000000
uy: 0.0000000000000000
maximum_displacement: 1.0000000000000000
maximum_rotation: 1.0000000000000000
maximum_volume: 1.0000000000000000
maximum_shape: 0.0000001000000000
maximum_dsigma: 0.0100000000000000
mod: 10
pmod: 10
optimize: 1
verbose: 1
snapshot: 0
display: 1
explore: 1
npt: 1
nptxy: 0
nptdxdy: 0
shape: 0
seed: 769129
-179.193768111787 153.887593255680 0.000000000000 1.000000000000
-168.687488285340 -71.434762152612 0.866025403784 0.500000000000
-140.204721678648 -12.439817457351 0.866025403784 0.500000000000
-5.543702227329 251.596555872467 0.866025403784 -0.500000000000
-76.688079797128 44.996472002507 0.000000000000 1.000000000000
-189.177417793487 -75.022877125947 0.000000000000 1.000000000000
83.876341190471 408.833459414545 0.866025403784 -0.500000000000
-84.388674562775 193.925846630161 0.000000000000 1.000000000000
1.941723905065 -200.748720631979 0.866025403784 -0.500000000000
-17.692299104479 -9.453610557039 0.866025403784 -0.500000000000
-60.460696564851 138.710881142004 0.866025403784 -0.500000000000
215.392761157265 100.252714210466 0.866025403784 -0.500000000000
37.648632812101 466.334675422699 0.866025403784 -0.500000000000
1.718925270021 -42.748281936412 0.000000000000 1.000000000000
195.168068704945 122.565185731774 0.866025403784 0.500000000000
14.533946128217 150.113516627940 0.000000000000 1.000000000000
168.727919066982 89.229828679215 0.000000000000 1.000000000000
-52.845773424185 -177.095113991893 0.866025403784 0.500000000000
-134.222620349324 20.051264956268 0.866025403784 0.500000000000
-44.274957607118 55.225336496487 0.866025403784 0.500000000000
