#Configurational_file created 2018-09-14 11:58:02  started 2018-09-14 11:58:02 run for 0.0s steps 0
name: p_672
step: 10000
specie: 20
	particle_diameter: 1.0000000000000000
	interaction_length: 1.2000000000000000
	number_of_patches: 3
	number_of_particles_per_compound: 1
	rod_length: 1.0000000000000000
	interaction_matrix:  1.000000 1.000000 1.000000 1.000000 1.000000 1.000000 1.000000 1.000000 1.000000
	patch_type: symmetric
	patch_width: 8.0000000000000000
	patch_angle: 0.0000000000000000
	angles:  0.000000 0.000000 0.000000
	grand_canonical: 0
	chemical_potential: 0.0000000000000000
box: 41.496060 41.496060
copy: 1.000000 1.000000
epsilon: 0.0020840000000000
end_epsilon: 0.0000000000000000
pressure: 0.0875000000000000
lambda: 0.0000000000000000
lambda_coupling: 1.0000000000000000
uy: 0.0000000000000000
maximum_displacement: 1.0000000000000000
maximum_rotation: 1.0000000000000000
maximum_volume: 1.0000000000000000
maximum_shape: 0.0000001000000000
maximum_dsigma: 0.0100000000000000
mod: 10
pmod: 10
optimize: 1
verbose: 1
snapshot: 0
display: 1
explore: 1
npt: 1
nptxy: 0
nptdxdy: 0
shape: 0
seed: 766855
-118.358398380155 6.563263520910 0.000000000000 1.000000000000
120.507690349691 89.409157720664 0.000000000000 1.000000000000
-83.598984322348 -122.123816447395 0.000000000000 1.000000000000
63.140828756705 72.460773948168 0.000000000000 1.000000000000
-90.546155991586 -35.368989564816 0.866025403784 -0.500000000000
-124.895095237202 236.480157774307 0.866025403784 0.500000000000
-228.701687294231 -112.873758543763 0.866025403784 0.500000000000
-121.927623946125 81.843530677246 0.866025403784 0.500000000000
162.714722406244 -76.275162913815 0.866025403784 -0.500000000000
-21.737278075631 -261.663402470125 0.866025403784 0.500000000000
127.072402993176 -482.704442656951 0.000000000000 1.000000000000
86.713190035608 7.733563982554 0.866025403784 -0.500000000000
-18.488094137370 -13.801122373191 0.000000000000 1.000000000000
190.540931460681 -89.257253396416 0.866025403784 0.500000000000
-64.207149788189 241.349897347786 0.000000000000 1.000000000000
189.755031933788 49.671349465386 0.866025403784 0.500000000000
-17.363687811002 320.617617855926 0.866025403784 -0.500000000000
-178.284548853015 -147.848905084486 0.866025403784 0.500000000000
183.763881522673 159.908081930871 0.866025403784 -0.500000000000
-6.567673435352 -145.511416211418 0.000000000000 1.000000000000
