#Configurational_file created 2018-09-14 11:30:29  started 2018-09-14 11:30:28 run for 1.0s steps 0
name: p_679
step: 10000
specie: 20
	particle_diameter: 1.0000000000000000
	interaction_length: 1.2000000000000000
	number_of_patches: 3
	number_of_particles_per_compound: 1
	rod_length: 1.0000000000000000
	interaction_matrix:  1.000000 1.000000 1.000000 1.000000 1.000000 1.000000 1.000000 1.000000 1.000000
	patch_type: symmetric
	patch_width: 8.0000000000000000
	patch_angle: 0.0000000000000000
	angles:  0.000000 0.000000 0.000000
	grand_canonical: 0
	chemical_potential: 0.0000000000000000
box: 38.815634 38.815634
copy: 1.000000 1.000000
epsilon: 0.0417580000000000
end_epsilon: 0.0000000000000000
pressure: 0.2500870000000000
lambda: 0.0000000000000000
lambda_coupling: 1.0000000000000000
uy: 0.0000000000000000
maximum_displacement: 1.0000000000000000
maximum_rotation: 1.0000000000000000
maximum_volume: 1.0000000000000000
maximum_shape: 0.0000001000000000
maximum_dsigma: 0.0100000000000000
mod: 10
pmod: 10
optimize: 1
verbose: 1
snapshot: 0
display: 1
explore: 1
npt: 1
nptxy: 0
nptdxdy: 0
shape: 0
seed: 774814
-158.853669525495 67.267068487753 0.866025403784 -0.500000000000
-43.425934422416 75.923367756615 0.866025403784 -0.500000000000
-211.557506721792 -143.043406088749 0.866025403784 0.500000000000
47.348567950419 45.198920385685 0.000000000000 1.000000000000
237.855154897147 112.994550218234 0.866025403784 0.500000000000
187.859055441666 -252.514487049292 0.866025403784 0.500000000000
-44.535556927064 119.635488280846 0.866025403784 -0.500000000000
231.332133782429 259.825511976318 0.866025403784 0.500000000000
102.944241974232 -65.701400111039 0.866025403784 -0.500000000000
-113.234502462235 -24.449116109565 0.866025403784 0.500000000000
-89.695794595303 110.020170293812 0.866025403784 0.500000000000
110.869204834779 -72.878193890210 0.866025403784 -0.500000000000
-81.895069330141 48.793353577259 0.866025403784 -0.500000000000
100.262431475728 -32.969362855558 0.000000000000 1.000000000000
-131.370288755059 196.216279436110 0.866025403784 -0.500000000000
-27.128264706316 76.483791504833 0.866025403784 0.500000000000
-83.418746346459 -135.275986550926 0.866025403784 -0.500000000000
38.932648767096 342.842835316148 0.866025403784 0.500000000000
-111.199148087422 -44.240745833864 0.866025403784 -0.500000000000
-108.069713872939 -385.476361364032 0.866025403784 0.500000000000
