#Configurational_file created 2018-09-14 11:30:26  started 2018-09-14 11:30:25 run for 1.0s steps 0
name: p_674
step: 10000
specie: 20
	particle_diameter: 1.0000000000000000
	interaction_length: 1.2000000000000000
	number_of_patches: 3
	number_of_particles_per_compound: 1
	rod_length: 1.0000000000000000
	interaction_matrix:  1.000000 1.000000 1.000000 1.000000 1.000000 1.000000 1.000000 1.000000 1.000000
	patch_type: symmetric
	patch_width: 8.0000000000000000
	patch_angle: 0.0000000000000000
	angles:  0.000000 0.000000 0.000000
	grand_canonical: 0
	chemical_potential: 0.0000000000000000
box: 23.230416 23.230416
copy: 1.000000 1.000000
epsilon: 0.0209290000000000
end_epsilon: 0.0000000000000000
pressure: 1.9166710000000000
lambda: 0.0000000000000000
lambda_coupling: 1.0000000000000000
uy: 0.0000000000000000
maximum_displacement: 1.0000000000000000
maximum_rotation: 1.0000000000000000
maximum_volume: 1.0000000000000000
maximum_shape: 0.0000001000000000
maximum_dsigma: 0.0100000000000000
mod: 10
pmod: 10
optimize: 1
verbose: 1
snapshot: 0
display: 1
explore: 1
npt: 1
nptxy: 0
nptdxdy: 0
shape: 0
seed: 769129
-170.654039679609 -104.464460940974 0.866025403784 -0.500000000000
83.827476098855 4.284622758443 0.000000000000 1.000000000000
-89.339045343729 100.142855246541 0.000000000000 1.000000000000
75.463161554489 138.831845855249 0.866025403784 -0.500000000000
10.034763027974 92.254640876677 0.866025403784 0.500000000000
-211.721445056996 -82.977864143990 0.000000000000 1.000000000000
-87.412557379215 135.851498287428 0.866025403784 -0.500000000000
-174.942068770303 96.075657897052 0.866025403784 -0.500000000000
79.083419776365 84.521172265392 0.000000000000 1.000000000000
-189.526680779299 -30.690282006107 0.866025403784 0.500000000000
-278.220183934069 42.670517562447 0.866025403784 -0.500000000000
40.615643974525 33.331353449685 0.866025403784 0.500000000000
126.698994488236 -107.579766697123 0.866025403784 -0.500000000000
-53.891778431324 18.680081453631 0.866025403784 -0.500000000000
-53.998567530503 59.674694093708 0.000000000000 1.000000000000
-2.289685212126 91.547750285581 0.000000000000 1.000000000000
-30.940861750159 -182.414609335201 0.866025403784 0.500000000000
216.448501096810 -65.676090713239 0.866025403784 -0.500000000000
-103.130440206909 -107.921345608419 0.000000000000 1.000000000000
110.654339713492 139.844623461854 0.866025403784 -0.500000000000
