#Configurational_file created 2018-09-14 11:58:05  started 2018-09-14 11:58:05 run for 0.0s steps 0
name: p_676
step: 10000
specie: 20
	particle_diameter: 1.0000000000000000
	interaction_length: 1.2000000000000000
	number_of_patches: 3
	number_of_particles_per_compound: 1
	rod_length: 1.0000000000000000
	interaction_matrix:  1.000000 1.000000 1.000000 1.000000 1.000000 1.000000 1.000000 1.000000 1.000000
	patch_type: symmetric
	patch_width: 8.0000000000000000
	patch_angle: 0.0000000000000000
	angles:  0.000000 0.000000 0.000000
	grand_canonical: 0
	chemical_potential: 0.0000000000000000
box: 47.890879 47.890879
copy: 1.000000 1.000000
epsilon: 0.0041680000000000
end_epsilon: 0.0000000000000000
pressure: 0.0000010000000000
lambda: 0.0000000000000000
lambda_coupling: 1.0000000000000000
uy: 0.0000000000000000
maximum_displacement: 1.0000000000000000
maximum_rotation: 1.0000000000000000
maximum_volume: 1.0000000000000000
maximum_shape: 0.0000001000000000
maximum_dsigma: 0.0100000000000000
mod: 10
pmod: 10
optimize: 1
verbose: 1
snapshot: 0
display: 1
explore: 1
npt: 1
nptxy: 0
nptdxdy: 0
shape: 0
seed: 771403
42.126229056766 187.354755832631 0.000000000000 1.000000000000
-106.828451760035 -306.258508828914 0.866025403784 0.500000000000
-7.510223871061 53.203661592945 0.866025403784 -0.500000000000
43.872753811761 -235.438186878550 0.866025403784 -0.500000000000
75.888759984980 -155.376983618696 0.000000000000 1.000000000000
-18.477760611742 263.053188764790 0.000000000000 1.000000000000
-322.284095042718 -217.176185859608 0.866025403784 0.500000000000
-96.683183407024 282.487096418735 0.866025403784 -0.500000000000
80.683330412074 -319.236942951762 0.866025403784 -0.500000000000
142.014933987671 -117.363544498457 0.866025403784 0.500000000000
-38.432677913033 255.871291074088 0.000000000000 1.000000000000
-200.708081411537 147.867002295763 0.000000000000 1.000000000000
288.475016004674 31.542044489901 0.866025403784 -0.500000000000
-70.794387583702 -55.160276767154 0.866025403784 -0.500000000000
144.626330981799 10.900326694717 0.000000000000 1.000000000000
344.483754460548 -244.225982762918 0.866025403784 0.500000000000
36.394781412625 -430.791988453460 0.866025403784 -0.500000000000
-32.190279952050 154.147449573058 0.000000000000 1.000000000000
-13.728017377266 71.216542146091 0.866025403784 0.500000000000
-129.555815427755 -230.205189587362 0.866025403784 -0.500000000000
