#Configurational_file created 2018-09-14 11:30:28  started 2018-09-14 11:30:28 run for 0.0s steps 0
name: p_678
step: 10000
specie: 20
	particle_diameter: 1.0000000000000000
	interaction_length: 1.2000000000000000
	number_of_patches: 3
	number_of_particles_per_compound: 1
	rod_length: 1.0000000000000000
	interaction_matrix:  1.000000 1.000000 1.000000 1.000000 1.000000 1.000000 1.000000 1.000000 1.000000
	patch_type: symmetric
	patch_width: 8.0000000000000000
	patch_angle: 0.0000000000000000
	angles:  0.000000 0.000000 0.000000
	grand_canonical: 0
	chemical_potential: 0.0000000000000000
box: 46.137298 46.137298
copy: 1.000000 1.000000
epsilon: 0.0417580000000000
end_epsilon: 0.0000000000000000
pressure: 0.1667580000000000
lambda: 0.0000000000000000
lambda_coupling: 1.0000000000000000
uy: 0.0000000000000000
maximum_displacement: 1.0000000000000000
maximum_rotation: 1.0000000000000000
maximum_volume: 1.0000000000000000
maximum_shape: 0.0000001000000000
maximum_dsigma: 0.0100000000000000
mod: 10
pmod: 10
optimize: 1
verbose: 1
snapshot: 0
display: 1
explore: 1
npt: 1
nptxy: 0
nptdxdy: 0
shape: 0
seed: 773677
-1.690047698153 -19.827631575447 0.866025403784 0.500000000000
87.406697814938 -138.659585778751 0.000000000000 1.000000000000
-57.751741943474 53.559599671740 0.866025403784 0.500000000000
79.584731672597 94.123930362349 0.866025403784 0.500000000000
-16.249480848409 154.483288028578 0.866025403784 0.500000000000
-94.809838222647 145.565773901922 0.000000000000 1.000000000000
-0.661549855903 164.683682298054 0.000000000000 1.000000000000
161.895663179416 25.523079410098 0.866025403784 -0.500000000000
-78.962781411706 99.887487520845 0.866025403784 0.500000000000
-278.084674403010 274.943472910379 0.866025403784 0.500000000000
-14.547178542664 -174.300203875533 0.866025403784 0.500000000000
175.159580976792 -117.702124815502 0.866025403784 0.500000000000
-202.178966615172 103.099264175329 0.866025403784 0.500000000000
94.893548271430 34.302521768135 0.866025403784 0.500000000000
-130.963820901644 -8.076748034338 0.866025403784 0.500000000000
104.152820298180 -138.098846984860 0.866025403784 -0.500000000000
242.964551160715 195.145989682716 0.866025403784 0.500000000000
-236.939987620516 -141.873306643213 0.000000000000 1.000000000000
168.257155219500 -95.971134585026 0.866025403784 0.500000000000
137.703591894754 -107.742443836631 0.866025403784 0.500000000000
