#Configurational_file created 2018-09-14 11:58:02  started 2018-09-14 11:58:01 run for 1.0s steps 0
name: p_671
step: 10000
specie: 20
	particle_diameter: 1.0000000000000000
	interaction_length: 1.2000000000000000
	number_of_patches: 3
	number_of_particles_per_compound: 1
	rod_length: 1.0000000000000000
	interaction_matrix:  1.000000 1.000000 1.000000 1.000000 1.000000 1.000000 1.000000 1.000000 1.000000
	patch_type: symmetric
	patch_width: 8.0000000000000000
	patch_angle: 0.0000000000000000
	angles:  0.000000 0.000000 0.000000
	grand_canonical: 0
	chemical_potential: 0.0000000000000000
box: 41.275194 41.275194
copy: 1.000000 1.000000
epsilon: 0.0020840000000000
end_epsilon: 0.0000000000000000
pressure: 0.0833340000000000
lambda: 0.0000000000000000
lambda_coupling: 1.0000000000000000
uy: 0.0000000000000000
maximum_displacement: 1.0000000000000000
maximum_rotation: 1.0000000000000000
maximum_volume: 1.0000000000000000
maximum_shape: 0.0000001000000000
maximum_dsigma: 0.0100000000000000
mod: 10
pmod: 10
optimize: 1
verbose: 1
snapshot: 0
display: 1
explore: 1
npt: 1
nptxy: 0
nptdxdy: 0
shape: 0
seed: 765718
92.866461163306 -94.293872519866 0.866025403784 0.500000000000
39.022149705101 119.577960023741 0.866025403784 0.500000000000
172.140407974259 49.018347876652 0.866025403784 0.500000000000
-29.513798150493 53.430233911842 0.866025403784 0.500000000000
77.944960285369 125.262348817315 0.866025403784 -0.500000000000
20.611400819754 215.362576334864 0.866025403784 -0.500000000000
-182.949570608106 -10.877107238692 0.000000000000 1.000000000000
136.021686773851 168.042830416950 0.866025403784 -0.500000000000
-96.338912465223 -111.883240919608 0.866025403784 -0.500000000000
283.490807787508 40.163430129061 0.000000000000 1.000000000000
29.352899663783 136.176751890972 0.866025403784 -0.500000000000
265.824693534868 -187.694161834335 0.866025403784 -0.500000000000
-156.388300274872 -124.285421021780 0.866025403784 0.500000000000
-296.245920605251 95.103299387556 0.866025403784 -0.500000000000
-149.815412921814 206.898096506094 0.866025403784 -0.500000000000
262.209457902878 154.890204727683 0.866025403784 0.500000000000
-18.266394284181 192.691165748104 0.866025403784 -0.500000000000
-50.831728730086 -79.550311904946 0.866025403784 -0.500000000000
27.107742596366 191.104266663728 0.866025403784 0.500000000000
89.330316382133 -82.230090151253 0.866025403784 0.500000000000
