#Configurational_file created 2018-09-14 11:58:08  started 2018-09-14 11:58:07 run for 1.0s steps 0
name: p_679
step: 10000
specie: 20
	particle_diameter: 1.0000000000000000
	interaction_length: 1.2000000000000000
	number_of_patches: 3
	number_of_particles_per_compound: 1
	rod_length: 1.0000000000000000
	interaction_matrix:  1.000000 1.000000 1.000000 1.000000 1.000000 1.000000 1.000000 1.000000 1.000000
	patch_type: symmetric
	patch_width: 8.0000000000000000
	patch_angle: 0.0000000000000000
	angles:  0.000000 0.000000 0.000000
	grand_canonical: 0
	chemical_potential: 0.0000000000000000
box: 57.695152 57.695152
copy: 1.000000 1.000000
epsilon: 0.0041680000000000
end_epsilon: 0.0000000000000000
pressure: 0.0125010000000000
lambda: 0.0000000000000000
lambda_coupling: 1.0000000000000000
uy: 0.0000000000000000
maximum_displacement: 1.0000000000000000
maximum_rotation: 1.0000000000000000
maximum_volume: 1.0000000000000000
maximum_shape: 0.0000001000000000
maximum_dsigma: 0.0100000000000000
mod: 10
pmod: 10
optimize: 1
verbose: 1
snapshot: 0
display: 1
explore: 1
npt: 1
nptxy: 0
nptdxdy: 0
shape: 0
seed: 774814
-125.505268674797 -45.819507020582 0.866025403784 -0.500000000000
-69.366235249534 280.011121074109 0.866025403784 0.500000000000
0.534187497348 -413.548922450966 0.866025403784 0.500000000000
-61.229242143681 195.412754717036 0.866025403784 0.500000000000
-106.347392002065 187.545892198118 0.866025403784 -0.500000000000
67.416206102468 303.075483285496 0.000000000000 1.000000000000
-150.390540307893 186.050983391092 0.866025403784 -0.500000000000
171.128144136148 161.159305896967 0.866025403784 -0.500000000000
-48.533402963783 -134.592198965845 0.866025403784 -0.500000000000
-295.470384873875 -122.777293732460 0.866025403784 -0.500000000000
262.942064557602 193.431312077923 0.866025403784 0.500000000000
-225.938456431819 -83.914623312042 0.866025403784 -0.500000000000
-195.939569620623 69.557988780417 0.000000000000 1.000000000000
87.725730170955 188.762632970426 0.000000000000 1.000000000000
-50.104009369855 143.373499491270 0.866025403784 0.500000000000
-62.901004052390 221.849650383802 0.000000000000 1.000000000000
71.528503238923 -15.450760718397 0.866025403784 0.500000000000
343.078001392982 118.505955685483 0.866025403784 -0.500000000000
-240.258329143486 99.473921182971 0.866025403784 0.500000000000
-176.990415610453 94.806175165539 0.000000000000 1.000000000000
