#Configurational_file created 2018-09-14 11:30:24  started 2018-09-14 11:30:23 run for 1.0s steps 0
name: p_671
step: 10000
specie: 20
	particle_diameter: 1.0000000000000000
	interaction_length: 1.2000000000000000
	number_of_patches: 3
	number_of_particles_per_compound: 1
	rod_length: 1.0000000000000000
	interaction_matrix:  1.000000 1.000000 1.000000 1.000000 1.000000 1.000000 1.000000 1.000000 1.000000
	patch_type: symmetric
	patch_width: 8.0000000000000000
	patch_angle: 0.0000000000000000
	angles:  0.000000 0.000000 0.000000
	grand_canonical: 0
	chemical_potential: 0.0000000000000000
box: 21.873648 21.873648
copy: 1.000000 1.000000
epsilon: 0.0209290000000000
end_epsilon: 0.0000000000000000
pressure: 1.6666829999999999
lambda: 0.0000000000000000
lambda_coupling: 1.0000000000000000
uy: 0.0000000000000000
maximum_displacement: 1.0000000000000000
maximum_rotation: 1.0000000000000000
maximum_volume: 1.0000000000000000
maximum_shape: 0.0000001000000000
maximum_dsigma: 0.0100000000000000
mod: 10
pmod: 10
optimize: 1
verbose: 1
snapshot: 0
display: 1
explore: 1
npt: 1
nptxy: 0
nptdxdy: 0
shape: 0
seed: 765718
-95.729600444277 -71.789385840964 0.866025403784 0.500000000000
-142.715748642572 -19.593461271398 0.866025403784 0.500000000000
88.184417937539 23.540926183420 0.866025403784 -0.500000000000
-2.550675929832 -55.093525645333 0.866025403784 -0.500000000000
-56.126297179607 152.404378768035 0.866025403784 -0.500000000000
-55.631493915246 149.920976683637 0.866025403784 -0.500000000000
68.941274060407 -84.213971902084 0.000000000000 1.000000000000
-114.263390931531 -90.841481634278 0.000000000000 1.000000000000
-123.466964600845 -53.214117765028 0.866025403784 0.500000000000
-6.274363966803 -39.333565130259 0.866025403784 0.500000000000
59.577094525946 1.150210182769 0.866025403784 -0.500000000000
58.748050223782 104.417936848827 0.000000000000 1.000000000000
-129.070973052536 -206.012014444046 0.866025403784 -0.500000000000
188.201376530542 -4.250372140361 0.866025403784 -0.500000000000
31.176998456901 -52.760206136713 0.000000000000 1.000000000000
1.381948782070 195.818436115965 0.000000000000 1.000000000000
-3.115828333592 20.449710533843 0.866025403784 0.500000000000
23.657236145922 17.609744566809 0.866025403784 -0.500000000000
142.642789276546 -114.910090533201 0.866025403784 -0.500000000000
161.387498094064 115.636292873832 0.866025403784 0.500000000000
