#Configurational_file created 2018-09-14 11:30:26  started 2018-09-14 11:30:26 run for 0.0s steps 0
name: p_675
step: 10000
specie: 20
	particle_diameter: 1.0000000000000000
	interaction_length: 1.2000000000000000
	number_of_patches: 3
	number_of_particles_per_compound: 1
	rod_length: 1.0000000000000000
	interaction_matrix:  1.000000 1.000000 1.000000 1.000000 1.000000 1.000000 1.000000 1.000000 1.000000
	patch_type: symmetric
	patch_width: 8.0000000000000000
	patch_angle: 0.0000000000000000
	angles:  0.000000 0.000000 0.000000
	grand_canonical: 0
	chemical_potential: 0.0000000000000000
box: 24.609788 24.609788
copy: 1.000000 1.000000
epsilon: 0.0209290000000000
end_epsilon: 0.0000000000000000
pressure: 2.0000000000000000
lambda: 0.0000000000000000
lambda_coupling: 1.0000000000000000
uy: 0.0000000000000000
maximum_displacement: 1.0000000000000000
maximum_rotation: 1.0000000000000000
maximum_volume: 1.0000000000000000
maximum_shape: 0.0000001000000000
maximum_dsigma: 0.0100000000000000
mod: 10
pmod: 10
optimize: 1
verbose: 1
snapshot: 0
display: 1
explore: 1
npt: 1
nptxy: 0
nptdxdy: 0
shape: 0
seed: 770266
-127.442193075535 -87.644031799226 0.000000000000 1.000000000000
-50.074166094993 -78.011432891462 0.866025403784 0.500000000000
-112.730926047993 134.170824781187 0.866025403784 0.500000000000
-30.714137649630 -72.288070274462 0.866025403784 -0.500000000000
92.385435632007 -128.070327820174 0.866025403784 -0.500000000000
-31.660139506037 271.502466934466 0.000000000000 1.000000000000
8.043361712522 123.627174493274 0.000000000000 1.000000000000
-124.069746220840 -113.224000748231 0.000000000000 1.000000000000
108.682072756330 114.747422806240 0.866025403784 -0.500000000000
53.313395024838 103.447120694757 0.866025403784 0.500000000000
149.358587022366 319.670406399619 0.866025403784 0.500000000000
243.450853871695 9.455162826058 0.866025403784 0.500000000000
103.435130505244 4.178509066706 0.000000000000 1.000000000000
-0.134290684915 11.803273940140 0.866025403784 0.500000000000
50.830836117399 -55.298484616504 0.866025403784 0.500000000000
152.753023329047 90.667421208987 0.866025403784 -0.500000000000
-15.231174061712 88.038693156187 0.000000000000 1.000000000000
20.813946672947 86.341791943823 0.866025403784 -0.500000000000
37.403782328648 59.322814976179 0.866025403784 -0.500000000000
219.363387656983 -245.897769329646 0.866025403784 0.500000000000
