#Configurational_file created 2018-09-14 11:58:13  started 2018-09-14 11:58:12 run for 1.0s steps 0
name: p_686
step: 10000
specie: 20
	particle_diameter: 1.0000000000000000
	interaction_length: 1.2000000000000000
	number_of_patches: 3
	number_of_particles_per_compound: 1
	rod_length: 1.0000000000000000
	interaction_matrix:  1.000000 1.000000 1.000000 1.000000 1.000000 1.000000 1.000000 1.000000 1.000000
	patch_type: symmetric
	patch_width: 8.0000000000000000
	patch_angle: 0.0000000000000000
	angles:  0.000000 0.000000 0.000000
	grand_canonical: 0
	chemical_potential: 0.0000000000000000
box: 50.889382 50.889382
copy: 1.000000 1.000000
epsilon: 0.0041680000000000
end_epsilon: 0.0000000000000000
pressure: 0.0416670000000000
lambda: 0.0000000000000000
lambda_coupling: 1.0000000000000000
uy: 0.0000000000000000
maximum_displacement: 1.0000000000000000
maximum_rotation: 1.0000000000000000
maximum_volume: 1.0000000000000000
maximum_shape: 0.0000001000000000
maximum_dsigma: 0.0100000000000000
mod: 10
pmod: 10
optimize: 1
verbose: 1
snapshot: 0
display: 1
explore: 1
npt: 1
nptxy: 0
nptdxdy: 0
shape: 0
seed: 782773
-154.735824334969 29.052784859478 0.000000000000 1.000000000000
-255.002023001081 25.043162883009 0.000000000000 1.000000000000
108.277759810024 403.704835216583 0.000000000000 1.000000000000
25.695552083442 91.574666643289 0.000000000000 1.000000000000
-99.782317039671 -83.030167785845 0.000000000000 1.000000000000
-58.208249105409 -50.456447120493 0.866025403784 -0.500000000000
24.728599805491 -73.923717438871 0.866025403784 -0.500000000000
18.963789777313 38.778641847568 0.000000000000 1.000000000000
-107.141696608598 127.817979820193 0.000000000000 1.000000000000
-138.465505504612 -243.242339804158 0.866025403784 -0.500000000000
-14.082123745468 -79.301105988759 0.866025403784 0.500000000000
175.207189574243 -348.295686244176 0.000000000000 1.000000000000
-324.127072621680 -330.943295007486 0.866025403784 0.500000000000
-246.523567579667 -145.187226263979 0.866025403784 -0.500000000000
-108.673906241491 -125.397359265435 0.000000000000 1.000000000000
-124.703151441163 -121.569841559044 0.866025403784 0.500000000000
-9.167159709895 -100.680571851158 0.866025403784 -0.500000000000
-20.035048403287 61.027880162512 0.000000000000 1.000000000000
-132.453391126420 37.984144403644 0.000000000000 1.000000000000
82.359461778071 165.160240871238 0.000000000000 1.000000000000
