#Configurational_file created 2018-09-14 11:30:36  started 2018-09-14 11:30:35 run for 1.0s steps 0
name: p_689
step: 10000
specie: 20
	particle_diameter: 1.0000000000000000
	interaction_length: 1.2000000000000000
	number_of_patches: 3
	number_of_particles_per_compound: 1
	rod_length: 1.0000000000000000
	interaction_matrix:  1.000000 1.000000 1.000000 1.000000 1.000000 1.000000 1.000000 1.000000 1.000000
	patch_type: symmetric
	patch_width: 8.0000000000000000
	patch_angle: 0.0000000000000000
	angles:  0.000000 0.000000 0.000000
	grand_canonical: 0
	chemical_potential: 0.0000000000000000
box: 22.660689 22.660689
copy: 1.000000 1.000000
epsilon: 0.0417580000000000
end_epsilon: 0.0000000000000000
pressure: 1.0833790000000001
lambda: 0.0000000000000000
lambda_coupling: 1.0000000000000000
uy: 0.0000000000000000
maximum_displacement: 1.0000000000000000
maximum_rotation: 1.0000000000000000
maximum_volume: 1.0000000000000000
maximum_shape: 0.0000001000000000
maximum_dsigma: 0.0100000000000000
mod: 10
pmod: 10
optimize: 1
verbose: 1
snapshot: 0
display: 1
explore: 1
npt: 1
nptxy: 0
nptdxdy: 0
shape: 0
seed: 786184
69.684783884533 59.212429688268 0.866025403784 0.500000000000
-45.590276593071 98.099923591919 0.866025403784 0.500000000000
23.255910839434 -204.761065109141 0.000000000000 1.000000000000
98.568415135211 106.788319137619 0.000000000000 1.000000000000
7.579831944967 191.155410993025 0.866025403784 0.500000000000
-46.732494884643 148.206162926549 0.866025403784 -0.500000000000
-239.787111218437 -100.278591094012 0.866025403784 -0.500000000000
-77.673300693587 -64.496266812203 0.000000000000 1.000000000000
49.542583590548 -165.343749401479 0.000000000000 1.000000000000
135.409616832859 -45.552981218255 0.866025403784 0.500000000000
79.860106071940 -87.745141115704 0.000000000000 1.000000000000
103.050277632603 -90.385094383797 0.866025403784 0.500000000000
-31.800097287935 -75.213245602435 0.866025403784 0.500000000000
-111.952648257032 31.163417418527 0.866025403784 0.500000000000
84.594934308063 45.893313851931 0.000000000000 1.000000000000
75.679154712955 110.931633856272 0.000000000000 1.000000000000
-13.493155970316 53.043367312503 0.000000000000 1.000000000000
-61.693797950813 7.216730954504 0.866025403784 -0.500000000000
-37.735195135882 63.583459888490 0.866025403784 -0.500000000000
51.842752143558 -155.188926186362 0.866025403784 0.500000000000
