#Configurational_file created 2018-09-14 11:58:08  started 2018-09-14 11:58:08 run for 0.0s steps 0
name: p_680
step: 10000
specie: 20
	particle_diameter: 1.0000000000000000
	interaction_length: 1.2000000000000000
	number_of_patches: 3
	number_of_particles_per_compound: 1
	rod_length: 1.0000000000000000
	interaction_matrix:  1.000000 1.000000 1.000000 1.000000 1.000000 1.000000 1.000000 1.000000 1.000000
	patch_type: symmetric
	patch_width: 8.0000000000000000
	patch_angle: 0.0000000000000000
	angles:  0.000000 0.000000 0.000000
	grand_canonical: 0
	chemical_potential: 0.0000000000000000
box: 47.212717 47.212717
copy: 1.000000 1.000000
epsilon: 0.0041680000000000
end_epsilon: 0.0000000000000000
pressure: 0.0166680000000000
lambda: 0.0000000000000000
lambda_coupling: 1.0000000000000000
uy: 0.0000000000000000
maximum_displacement: 1.0000000000000000
maximum_rotation: 1.0000000000000000
maximum_volume: 1.0000000000000000
maximum_shape: 0.0000001000000000
maximum_dsigma: 0.0100000000000000
mod: 10
pmod: 10
optimize: 1
verbose: 1
snapshot: 0
display: 1
explore: 1
npt: 1
nptxy: 0
nptdxdy: 0
shape: 0
seed: 775951
-34.323527485777 -109.797440679470 0.866025403784 -0.500000000000
-56.408450381508 247.834379209259 0.000000000000 1.000000000000
374.486299004095 118.786049156836 0.866025403784 0.500000000000
101.308741121997 -26.508402342142 0.866025403784 0.500000000000
-174.757039084071 96.988324469670 0.866025403784 0.500000000000
-0.082248584155 171.009443765879 0.000000000000 1.000000000000
34.365874486974 -215.414329377869 0.866025403784 -0.500000000000
-6.713006998414 -0.195095789343 0.000000000000 1.000000000000
69.980819757550 196.210024353313 0.000000000000 1.000000000000
152.780011949422 -276.077672152126 0.866025403784 0.500000000000
-320.482462652936 -24.658867984582 0.000000000000 1.000000000000
64.512161198855 -58.112417385234 0.000000000000 1.000000000000
-258.987105896720 10.185344624282 0.866025403784 -0.500000000000
197.433294167707 -86.535507391102 0.000000000000 1.000000000000
-48.911057370181 -118.258158826101 0.866025403784 0.500000000000
-31.074070783945 -107.514642361341 0.000000000000 1.000000000000
140.065403507808 -76.603165427768 0.866025403784 0.500000000000
-65.653731431403 -3.154403507008 0.866025403784 0.500000000000
-151.823389674323 49.456708409587 0.866025403784 0.500000000000
68.255714126290 131.689937757474 0.866025403784 0.500000000000
