#Configurational_file created 2018-09-14 11:06:17  started 2018-09-14 11:06:16 run for 1.0s steps 0
name: p_68
step: 10000
specie: 20
	particle_diameter: 1.0000000000000000
	interaction_length: 1.2000000000000000
	number_of_patches: 3
	number_of_particles_per_compound: 1
	rod_length: 1.0000000000000000
	interaction_matrix:  1.000000 1.000000 1.000000 1.000000 1.000000 1.000000 1.000000 1.000000 1.000000
	patch_type: symmetric
	patch_width: 8.0000000000000000
	patch_angle: 0.0000000000000000
	angles:  0.000000 0.000000 0.000000
	grand_canonical: 0
	chemical_potential: 0.0000000000000000
box: 44.088828 44.088828
copy: 1.000000 1.000000
epsilon: 0.0001000000000000
end_epsilon: 0.0000000000000000
pressure: 0.8572000000000000
lambda: 0.0000000000000000
lambda_coupling: 1.0000000000000000
uy: 0.0000000000000000
maximum_displacement: 1.0000000000000000
maximum_rotation: 1.0000000000000000
maximum_volume: 1.0000000000000000
maximum_shape: 0.0000001000000000
maximum_dsigma: 0.0100000000000000
mod: 10
pmod: 10
optimize: 1
verbose: 1
snapshot: 0
display: 1
explore: 1
npt: 1
nptxy: 0
nptdxdy: 0
shape: 0
seed: 80186
118.226523089860 -27.636229565313 0.866025403784 -0.500000000000
10.526358944779 350.094598313416 0.000000000000 1.000000000000
-74.784047366869 -66.751015277004 0.000000000000 1.000000000000
-254.275460092925 -120.272336217028 0.000000000000 1.000000000000
-161.988488938104 218.983987600248 0.866025403784 0.500000000000
364.304317876778 -41.993133054651 0.866025403784 -0.500000000000
-60.690485488770 276.013986614735 0.000000000000 1.000000000000
-101.194279119391 -42.218884873336 0.000000000000 1.000000000000
4.461556446200 -60.979573936330 0.866025403784 -0.500000000000
179.295276012805 257.079332001061 0.000000000000 1.000000000000
114.137872492842 -9.668059729108 0.866025403784 0.500000000000
151.387599064832 61.621890732971 0.866025403784 0.500000000000
140.061013504895 -102.554220622785 0.000000000000 1.000000000000
-306.934363215079 214.803495072355 0.866025403784 0.500000000000
-222.033763404067 -14.698460106715 0.866025403784 0.500000000000
10.452554400911 43.154227204342 0.866025403784 0.500000000000
-125.060001489922 41.156895848986 0.866025403784 0.500000000000
38.054864544574 255.313356010086 0.866025403784 0.500000000000
-133.408588932906 -151.824109884549 0.866025403784 0.500000000000
31.706477456064 49.703333680555 0.000000000000 1.000000000000
