#Configurational_file created 2018-09-14 11:30:33  started 2018-09-14 11:30:33 run for 0.0s steps 0
name: p_685
step: 10000
specie: 20
	particle_diameter: 1.0000000000000000
	interaction_length: 1.2000000000000000
	number_of_patches: 3
	number_of_particles_per_compound: 1
	rod_length: 1.0000000000000000
	interaction_matrix:  1.000000 1.000000 1.000000 1.000000 1.000000 1.000000 1.000000 1.000000 1.000000
	patch_type: symmetric
	patch_width: 8.0000000000000000
	patch_angle: 0.0000000000000000
	angles:  0.000000 0.000000 0.000000
	grand_canonical: 0
	chemical_potential: 0.0000000000000000
box: 30.534815 30.534815
copy: 1.000000 1.000000
epsilon: 0.0417580000000000
end_epsilon: 0.0000000000000000
pressure: 0.7500620000000000
lambda: 0.0000000000000000
lambda_coupling: 1.0000000000000000
uy: 0.0000000000000000
maximum_displacement: 1.0000000000000000
maximum_rotation: 1.0000000000000000
maximum_volume: 1.0000000000000000
maximum_shape: 0.0000001000000000
maximum_dsigma: 0.0100000000000000
mod: 10
pmod: 10
optimize: 1
verbose: 1
snapshot: 0
display: 1
explore: 1
npt: 1
nptxy: 0
nptdxdy: 0
shape: 0
seed: 781636
179.961189963507 35.577600070769 0.000000000000 1.000000000000
-311.498722129524 34.863151609156 0.866025403784 -0.500000000000
-194.190131007068 266.299477547063 0.866025403784 -0.500000000000
-27.100606227137 -43.626515171751 0.866025403784 0.500000000000
-348.637159038389 -32.902455659334 0.000000000000 1.000000000000
-76.963285758353 -279.468607248287 0.000000000000 1.000000000000
-149.575833926116 73.390642679412 0.866025403784 0.500000000000
94.394099789209 -101.651862071455 0.866025403784 -0.500000000000
137.823560922958 -72.023758418703 0.000000000000 1.000000000000
96.843134494075 65.536946970823 0.866025403784 -0.500000000000
104.849120067885 73.554565157281 0.866025403784 0.500000000000
118.992190019578 31.769830775030 0.000000000000 1.000000000000
-72.815929652952 90.029914182725 0.000000000000 1.000000000000
-207.897788225467 -146.476843961522 0.866025403784 -0.500000000000
95.680689749432 -242.705054000039 0.000000000000 1.000000000000
55.615722633936 20.973947175944 0.866025403784 0.500000000000
-91.959146332801 63.438280591300 0.866025403784 0.500000000000
113.518645015333 -60.143907881865 0.866025403784 0.500000000000
51.734911214007 -21.532348540705 0.866025403784 0.500000000000
13.419890332766 99.591648849722 0.000000000000 1.000000000000
