#Configurational_file created 2018-09-14 11:30:35  started 2018-09-14 11:30:35 run for 0.0s steps 0
name: p_688
step: 10000
specie: 20
	particle_diameter: 1.0000000000000000
	interaction_length: 1.2000000000000000
	number_of_patches: 3
	number_of_particles_per_compound: 1
	rod_length: 1.0000000000000000
	interaction_matrix:  1.000000 1.000000 1.000000 1.000000 1.000000 1.000000 1.000000 1.000000 1.000000
	patch_type: symmetric
	patch_width: 8.0000000000000000
	patch_angle: 0.0000000000000000
	angles:  0.000000 0.000000 0.000000
	grand_canonical: 0
	chemical_potential: 0.0000000000000000
box: 21.523309 21.523309
copy: 1.000000 1.000000
epsilon: 0.0417580000000000
end_epsilon: 0.0000000000000000
pressure: 1.0000500000000001
lambda: 0.0000000000000000
lambda_coupling: 1.0000000000000000
uy: 0.0000000000000000
maximum_displacement: 1.0000000000000000
maximum_rotation: 1.0000000000000000
maximum_volume: 1.0000000000000000
maximum_shape: 0.0000001000000000
maximum_dsigma: 0.0100000000000000
mod: 10
pmod: 10
optimize: 1
verbose: 1
snapshot: 0
display: 1
explore: 1
npt: 1
nptxy: 0
nptdxdy: 0
shape: 0
seed: 785047
-64.777109669725 -155.174559568272 0.866025403784 -0.500000000000
-9.965845363395 87.738313789518 0.866025403784 -0.500000000000
89.363843636340 95.683489395751 0.866025403784 0.500000000000
-171.302265647575 -67.675176536359 0.000000000000 1.000000000000
-112.939059325637 37.896458649659 0.866025403784 0.500000000000
111.301316723988 -41.856225450928 0.866025403784 -0.500000000000
210.726326369334 104.022860388339 0.866025403784 0.500000000000
-13.303591526674 7.156433863164 0.866025403784 0.500000000000
31.279019468746 -124.667574718726 0.866025403784 -0.500000000000
105.909979803597 0.511894763253 0.866025403784 -0.500000000000
-56.531251777562 31.004044667302 0.866025403784 -0.500000000000
-80.133424103904 115.123213389311 0.866025403784 0.500000000000
36.995801642188 320.518472819995 0.000000000000 1.000000000000
-141.322937969221 -127.546415108824 0.866025403784 -0.500000000000
6.755258710157 65.083492863589 0.866025403784 -0.500000000000
270.223799748994 -64.645323267587 0.866025403784 -0.500000000000
126.399414078441 63.989582005421 0.866025403784 0.500000000000
-117.169505336432 -38.239909138540 0.866025403784 0.500000000000
29.403843826544 41.246680523751 0.000000000000 1.000000000000
-13.352901426707 -142.478410093924 0.866025403784 -0.500000000000
