#Configurational_file created 2018-09-14 11:58:15  started 2018-09-14 11:58:14 run for 1.0s steps 0
name: p_689
step: 10000
specie: 20
	particle_diameter: 1.0000000000000000
	interaction_length: 1.2000000000000000
	number_of_patches: 3
	number_of_particles_per_compound: 1
	rod_length: 1.0000000000000000
	interaction_matrix:  1.000000 1.000000 1.000000 1.000000 1.000000 1.000000 1.000000 1.000000 1.000000
	patch_type: symmetric
	patch_width: 8.0000000000000000
	patch_angle: 0.0000000000000000
	angles:  0.000000 0.000000 0.000000
	grand_canonical: 0
	chemical_potential: 0.0000000000000000
box: 43.630061 43.630061
copy: 1.000000 1.000000
epsilon: 0.0041680000000000
end_epsilon: 0.0000000000000000
pressure: 0.0541670000000000
lambda: 0.0000000000000000
lambda_coupling: 1.0000000000000000
uy: 0.0000000000000000
maximum_displacement: 1.0000000000000000
maximum_rotation: 1.0000000000000000
maximum_volume: 1.0000000000000000
maximum_shape: 0.0000001000000000
maximum_dsigma: 0.0100000000000000
mod: 10
pmod: 10
optimize: 1
verbose: 1
snapshot: 0
display: 1
explore: 1
npt: 1
nptxy: 0
nptdxdy: 0
shape: 0
seed: 786184
27.144424159780 41.694015052570 0.866025403784 0.500000000000
-70.055256954774 212.854512313494 0.866025403784 0.500000000000
186.099285636163 110.703928078296 0.866025403784 -0.500000000000
-39.470121764085 -14.181851800879 0.866025403784 -0.500000000000
-162.729279484906 -2.226102573659 0.866025403784 0.500000000000
-174.994747157775 181.883159170966 0.866025403784 0.500000000000
-37.626402943828 -157.715933869325 0.000000000000 1.000000000000
-74.217927645159 364.868618262969 0.866025403784 -0.500000000000
-87.849266206985 -65.612767755545 0.866025403784 0.500000000000
196.040306174626 -104.643047699995 0.866025403784 0.500000000000
192.511869610582 -336.473057527244 0.866025403784 -0.500000000000
77.037951018773 -20.231891841089 0.866025403784 -0.500000000000
181.885420145544 -107.479708195473 0.866025403784 0.500000000000
-178.820973988594 -136.756371456196 0.866025403784 0.500000000000
7.808370769089 134.152767998768 0.866025403784 0.500000000000
218.525406452877 32.155826848709 0.866025403784 0.500000000000
138.725567410118 65.292159451609 0.866025403784 0.500000000000
269.773432069492 12.878138076503 0.866025403784 -0.500000000000
165.602053424541 30.697763206969 0.866025403784 0.500000000000
-38.503278560414 -287.178963370263 0.866025403784 0.500000000000
