#Configurational_file created 2018-09-14 11:58:11  started 2018-09-14 11:58:11 run for 0.0s steps 0
name: p_684
step: 10000
specie: 20
	particle_diameter: 1.0000000000000000
	interaction_length: 1.2000000000000000
	number_of_patches: 3
	number_of_particles_per_compound: 1
	rod_length: 1.0000000000000000
	interaction_matrix:  1.000000 1.000000 1.000000 1.000000 1.000000 1.000000 1.000000 1.000000 1.000000
	patch_type: symmetric
	patch_width: 8.0000000000000000
	patch_angle: 0.0000000000000000
	angles:  0.000000 0.000000 0.000000
	grand_canonical: 0
	chemical_potential: 0.0000000000000000
box: 55.339413 55.339413
copy: 1.000000 1.000000
epsilon: 0.0041680000000000
end_epsilon: 0.0000000000000000
pressure: 0.0333340000000000
lambda: 0.0000000000000000
lambda_coupling: 1.0000000000000000
uy: 0.0000000000000000
maximum_displacement: 1.0000000000000000
maximum_rotation: 1.0000000000000000
maximum_volume: 1.0000000000000000
maximum_shape: 0.0000001000000000
maximum_dsigma: 0.0100000000000000
mod: 10
pmod: 10
optimize: 1
verbose: 1
snapshot: 0
display: 1
explore: 1
npt: 1
nptxy: 0
nptdxdy: 0
shape: 0
seed: 780499
395.481900235599 317.799190619392 0.866025403784 -0.500000000000
162.898413918938 -70.315702687387 0.000000000000 1.000000000000
403.469066322011 -113.009733809424 0.866025403784 -0.500000000000
-334.384276452326 248.234055075717 0.866025403784 -0.500000000000
-152.579558923432 99.302120811541 0.000000000000 1.000000000000
-17.168098445664 -383.544623538507 0.866025403784 0.500000000000
200.532908468508 353.273858122755 0.000000000000 1.000000000000
24.152884893432 -97.114081660284 0.000000000000 1.000000000000
52.058106312423 -90.963092364669 0.000000000000 1.000000000000
-320.826877788231 -71.268456633422 0.866025403784 -0.500000000000
321.699644162124 -187.750961915019 0.866025403784 0.500000000000
-182.994673575232 185.285208537269 0.000000000000 1.000000000000
-33.870887779195 -250.423191527925 0.000000000000 1.000000000000
-51.602399187147 13.170289382538 0.866025403784 0.500000000000
142.725058477190 -58.675292508318 0.866025403784 -0.500000000000
349.653319612900 -41.753697708894 0.000000000000 1.000000000000
227.498577231110 -37.503989608582 0.866025403784 -0.500000000000
226.786835672897 -295.828796077276 0.000000000000 1.000000000000
-171.839042818633 -94.236831067908 0.000000000000 1.000000000000
127.903998637715 527.198065718233 0.000000000000 1.000000000000
