#Configurational_file created 2018-09-14 11:58:11  started 2018-09-14 11:58:10 run for 1.0s steps 0
name: p_683
step: 10000
specie: 20
	particle_diameter: 1.0000000000000000
	interaction_length: 1.2000000000000000
	number_of_patches: 3
	number_of_particles_per_compound: 1
	rod_length: 1.0000000000000000
	interaction_matrix:  1.000000 1.000000 1.000000 1.000000 1.000000 1.000000 1.000000 1.000000 1.000000
	patch_type: symmetric
	patch_width: 8.0000000000000000
	patch_angle: 0.0000000000000000
	angles:  0.000000 0.000000 0.000000
	grand_canonical: 0
	chemical_potential: 0.0000000000000000
box: 46.317053 46.317053
copy: 1.000000 1.000000
epsilon: 0.0041680000000000
end_epsilon: 0.0000000000000000
pressure: 0.0291670000000000
lambda: 0.0000000000000000
lambda_coupling: 1.0000000000000000
uy: 0.0000000000000000
maximum_displacement: 1.0000000000000000
maximum_rotation: 1.0000000000000000
maximum_volume: 1.0000000000000000
maximum_shape: 0.0000001000000000
maximum_dsigma: 0.0100000000000000
mod: 10
pmod: 10
optimize: 1
verbose: 1
snapshot: 0
display: 1
explore: 1
npt: 1
nptxy: 0
nptdxdy: 0
shape: 0
seed: 779362
-15.817106408017 174.336541657074 0.866025403784 -0.500000000000
24.375000832001 362.603861673240 0.866025403784 -0.500000000000
-39.311646214839 43.598042661352 0.000000000000 1.000000000000
-286.269500420654 392.789876312698 0.000000000000 1.000000000000
-76.285546319862 229.415937760251 0.866025403784 -0.500000000000
-91.907600267428 -198.326476382614 0.866025403784 0.500000000000
54.533423635386 55.558592489016 0.000000000000 1.000000000000
413.756241273337 99.197667027051 0.866025403784 0.500000000000
123.809385153368 -20.510809096905 0.000000000000 1.000000000000
-316.029053927079 58.001667659478 0.000000000000 1.000000000000
-32.120304323428 39.470082809929 0.000000000000 1.000000000000
-132.530716845308 -37.493019182732 0.866025403784 -0.500000000000
191.478755026874 70.012158775101 0.866025403784 -0.500000000000
-0.195570873613 301.462745224146 0.866025403784 -0.500000000000
28.339604527902 165.948065787401 0.866025403784 0.500000000000
-120.960400420214 -126.007933599342 0.000000000000 1.000000000000
157.462506129440 -303.578765037733 0.866025403784 -0.500000000000
-64.967269829281 299.709381476110 0.866025403784 -0.500000000000
-261.991145805198 -50.316285117965 0.866025403784 0.500000000000
-318.325436283131 270.216204000544 0.866025403784 0.500000000000
