#Configurational_file created 2018-09-14 11:58:12  started 2018-09-14 11:58:11 run for 1.0s steps 0
name: p_685
step: 10000
specie: 20
	particle_diameter: 1.0000000000000000
	interaction_length: 1.2000000000000000
	number_of_patches: 3
	number_of_particles_per_compound: 1
	rod_length: 1.0000000000000000
	interaction_matrix:  1.000000 1.000000 1.000000 1.000000 1.000000 1.000000 1.000000 1.000000 1.000000
	patch_type: symmetric
	patch_width: 8.0000000000000000
	patch_angle: 0.0000000000000000
	angles:  0.000000 0.000000 0.000000
	grand_canonical: 0
	chemical_potential: 0.0000000000000000
box: 42.186239 42.186239
copy: 1.000000 1.000000
epsilon: 0.0041680000000000
end_epsilon: 0.0000000000000000
pressure: 0.0375010000000000
lambda: 0.0000000000000000
lambda_coupling: 1.0000000000000000
uy: 0.0000000000000000
maximum_displacement: 1.0000000000000000
maximum_rotation: 1.0000000000000000
maximum_volume: 1.0000000000000000
maximum_shape: 0.0000001000000000
maximum_dsigma: 0.0100000000000000
mod: 10
pmod: 10
optimize: 1
verbose: 1
snapshot: 0
display: 1
explore: 1
npt: 1
nptxy: 0
nptdxdy: 0
shape: 0
seed: 781636
-5.845942495103 45.973037094076 0.000000000000 1.000000000000
-13.039320473714 -108.154575757510 0.866025403784 -0.500000000000
-111.685144238119 -31.075950774816 0.000000000000 1.000000000000
-82.003960751778 17.191382652036 0.000000000000 1.000000000000
-85.897953521658 23.238656945984 0.000000000000 1.000000000000
236.232682085731 27.750018329839 0.000000000000 1.000000000000
7.094316502885 -6.896982471338 0.866025403784 0.500000000000
340.609033861611 -28.654728244135 0.866025403784 0.500000000000
196.127670810794 -293.080158266893 0.000000000000 1.000000000000
232.370255961753 118.944044231054 0.000000000000 1.000000000000
86.365437423400 -30.712364392186 0.866025403784 -0.500000000000
-138.816261927533 38.218306946841 0.000000000000 1.000000000000
-27.137017949576 195.645996658252 0.000000000000 1.000000000000
-40.756844979750 146.141215650489 0.000000000000 1.000000000000
189.846099617682 99.782531009953 0.000000000000 1.000000000000
87.884004670677 -51.544336594216 0.000000000000 1.000000000000
330.160962520503 138.952951259886 0.866025403784 0.500000000000
-13.185493401067 268.032804995566 0.000000000000 1.000000000000
132.052863020752 -87.566259465849 0.866025403784 -0.500000000000
-251.361452471418 178.810604064355 0.866025403784 0.500000000000
