#Configurational_file created 2018-09-14 11:30:33  started 2018-09-14 11:30:32 run for 1.0s steps 0
name: p_684
step: 10000
specie: 20
	particle_diameter: 1.0000000000000000
	interaction_length: 1.2000000000000000
	number_of_patches: 3
	number_of_particles_per_compound: 1
	rod_length: 1.0000000000000000
	interaction_matrix:  1.000000 1.000000 1.000000 1.000000 1.000000 1.000000 1.000000 1.000000 1.000000
	patch_type: symmetric
	patch_width: 8.0000000000000000
	patch_angle: 0.0000000000000000
	angles:  0.000000 0.000000 0.000000
	grand_canonical: 0
	chemical_potential: 0.0000000000000000
box: 34.225494 34.225494
copy: 1.000000 1.000000
epsilon: 0.0417580000000000
end_epsilon: 0.0000000000000000
pressure: 0.6667330000000000
lambda: 0.0000000000000000
lambda_coupling: 1.0000000000000000
uy: 0.0000000000000000
maximum_displacement: 1.0000000000000000
maximum_rotation: 1.0000000000000000
maximum_volume: 1.0000000000000000
maximum_shape: 0.0000001000000000
maximum_dsigma: 0.0100000000000000
mod: 10
pmod: 10
optimize: 1
verbose: 1
snapshot: 0
display: 1
explore: 1
npt: 1
nptxy: 0
nptdxdy: 0
shape: 0
seed: 780499
407.247898252800 -256.815032387945 0.866025403784 -0.500000000000
87.753902709855 203.443225872883 0.000000000000 1.000000000000
116.354001393331 111.297594753137 0.000000000000 1.000000000000
58.147203558268 210.824392515787 0.000000000000 1.000000000000
-33.759412619218 -156.305892670786 0.866025403784 0.500000000000
-21.608285457777 157.089732266059 0.000000000000 1.000000000000
45.312971771899 50.034642459111 0.866025403784 -0.500000000000
94.497637732251 12.422893577956 0.866025403784 0.500000000000
-80.365331195380 -91.668304486289 0.866025403784 0.500000000000
-121.984976128191 408.637892914379 0.000000000000 1.000000000000
163.753383761951 29.852983865549 0.866025403784 -0.500000000000
-61.769479850653 -138.762107823026 0.866025403784 -0.500000000000
89.457901765896 -152.202092652605 0.866025403784 0.500000000000
46.594419198241 -88.691230580154 0.866025403784 0.500000000000
59.458502276213 -25.317598397065 0.866025403784 -0.500000000000
11.725205639616 36.990149081906 0.000000000000 1.000000000000
196.094809228226 -94.891960854416 0.866025403784 -0.500000000000
109.874058387193 -21.476848717668 0.866025403784 0.500000000000
-351.565412040997 461.364059843988 0.866025403784 -0.500000000000
28.773447596784 -62.912256769316 0.866025403784 0.500000000000
