#Configurational_file created 2018-09-14 11:30:35  started 2018-09-14 11:30:34 run for 1.0s steps 0
name: p_687
step: 10000
specie: 20
	particle_diameter: 1.0000000000000000
	interaction_length: 1.2000000000000000
	number_of_patches: 3
	number_of_particles_per_compound: 1
	rod_length: 1.0000000000000000
	interaction_matrix:  1.000000 1.000000 1.000000 1.000000 1.000000 1.000000 1.000000 1.000000 1.000000
	patch_type: symmetric
	patch_width: 8.0000000000000000
	patch_angle: 0.0000000000000000
	angles:  0.000000 0.000000 0.000000
	grand_canonical: 0
	chemical_potential: 0.0000000000000000
box: 26.467054 26.467054
copy: 1.000000 1.000000
epsilon: 0.0417580000000000
end_epsilon: 0.0000000000000000
pressure: 0.9167210000000000
lambda: 0.0000000000000000
lambda_coupling: 1.0000000000000000
uy: 0.0000000000000000
maximum_displacement: 1.0000000000000000
maximum_rotation: 1.0000000000000000
maximum_volume: 1.0000000000000000
maximum_shape: 0.0000001000000000
maximum_dsigma: 0.0100000000000000
mod: 10
pmod: 10
optimize: 1
verbose: 1
snapshot: 0
display: 1
explore: 1
npt: 1
nptxy: 0
nptdxdy: 0
shape: 0
seed: 783910
180.830645600335 17.353555150298 0.000000000000 1.000000000000
-45.872032801951 44.937548114261 0.000000000000 1.000000000000
43.742683156580 167.903467393568 0.000000000000 1.000000000000
68.685232912808 -330.021669477927 0.000000000000 1.000000000000
-69.065187224808 251.938295566830 0.866025403784 0.500000000000
126.546677678318 152.723760677328 0.866025403784 -0.500000000000
-50.706912749761 208.985173624388 0.866025403784 0.500000000000
-74.895642704536 -181.842281707968 0.866025403784 -0.500000000000
130.116848430568 6.956154873501 0.000000000000 1.000000000000
12.695631095666 -66.687959121403 0.000000000000 1.000000000000
-126.301720359619 182.455405055632 0.866025403784 -0.500000000000
-86.031343108578 108.852661214894 0.866025403784 0.500000000000
-184.251189715553 158.252669705595 0.000000000000 1.000000000000
101.204219620222 2.903856909119 0.866025403784 -0.500000000000
-1.491105392826 90.425143925380 0.000000000000 1.000000000000
-36.077312928503 77.436177766777 0.866025403784 0.500000000000
-157.570517267441 -50.197477866901 0.866025403784 -0.500000000000
-76.567781376055 171.455050081786 0.866025403784 0.500000000000
-14.606770777856 179.081048999517 0.000000000000 1.000000000000
55.237801299636 35.398688588151 0.866025403784 -0.500000000000
