#Configurational_file created 2018-09-14 11:30:32  started 2018-09-14 11:30:31 run for 1.0s steps 0
name: p_683
step: 10000
specie: 20
	particle_diameter: 1.0000000000000000
	interaction_length: 1.2000000000000000
	number_of_patches: 3
	number_of_particles_per_compound: 1
	rod_length: 1.0000000000000000
	interaction_matrix:  1.000000 1.000000 1.000000 1.000000 1.000000 1.000000 1.000000 1.000000 1.000000
	patch_type: symmetric
	patch_width: 8.0000000000000000
	patch_angle: 0.0000000000000000
	angles:  0.000000 0.000000 0.000000
	grand_canonical: 0
	chemical_potential: 0.0000000000000000
box: 32.042103 32.042103
copy: 1.000000 1.000000
epsilon: 0.0417580000000000
end_epsilon: 0.0000000000000000
pressure: 0.5834040000000000
lambda: 0.0000000000000000
lambda_coupling: 1.0000000000000000
uy: 0.0000000000000000
maximum_displacement: 1.0000000000000000
maximum_rotation: 1.0000000000000000
maximum_volume: 1.0000000000000000
maximum_shape: 0.0000001000000000
maximum_dsigma: 0.0100000000000000
mod: 10
pmod: 10
optimize: 1
verbose: 1
snapshot: 0
display: 1
explore: 1
npt: 1
nptxy: 0
nptdxdy: 0
shape: 0
seed: 779362
36.326683773015 119.019221907960 0.866025403784 -0.500000000000
-64.955868804610 232.143083738055 0.866025403784 0.500000000000
-71.525912367036 -85.716979677517 0.000000000000 1.000000000000
48.978580624984 162.224310301515 0.000000000000 1.000000000000
32.403267943136 0.227215880962 0.000000000000 1.000000000000
-31.315574143794 -18.811642820226 0.866025403784 0.500000000000
-70.811179738405 -368.089561656784 0.000000000000 1.000000000000
97.373972815498 90.271754494856 0.000000000000 1.000000000000
-67.223447406522 226.833330752170 0.866025403784 -0.500000000000
-212.452725503082 -111.750787450605 0.866025403784 -0.500000000000
98.831742118392 -101.852137216252 0.866025403784 -0.500000000000
-47.517818553364 -137.618271146716 0.866025403784 -0.500000000000
218.279252485194 -52.129728448451 0.000000000000 1.000000000000
1.059376220485 208.747869011214 0.866025403784 -0.500000000000
69.133238358934 -191.640493796581 0.866025403784 -0.500000000000
76.787099324510 -325.201880923985 0.866025403784 -0.500000000000
-12.413341760016 72.834095991407 0.000000000000 1.000000000000
-178.805013884655 21.857370623173 0.000000000000 1.000000000000
81.822776241976 -15.528178270655 0.866025403784 -0.500000000000
-227.601695972465 -151.682096069787 0.866025403784 -0.500000000000
