#Configurational_file created 2018-09-14 11:30:34  started 2018-09-14 11:30:33 run for 1.0s steps 0
name: p_686
step: 10000
specie: 20
	particle_diameter: 1.0000000000000000
	interaction_length: 1.2000000000000000
	number_of_patches: 3
	number_of_particles_per_compound: 1
	rod_length: 1.0000000000000000
	interaction_matrix:  1.000000 1.000000 1.000000 1.000000 1.000000 1.000000 1.000000 1.000000 1.000000
	patch_type: symmetric
	patch_width: 8.0000000000000000
	patch_angle: 0.0000000000000000
	angles:  0.000000 0.000000 0.000000
	grand_canonical: 0
	chemical_potential: 0.0000000000000000
box: 25.421557 25.421557
copy: 1.000000 1.000000
epsilon: 0.0417580000000000
end_epsilon: 0.0000000000000000
pressure: 0.8333920000000000
lambda: 0.0000000000000000
lambda_coupling: 1.0000000000000000
uy: 0.0000000000000000
maximum_displacement: 1.0000000000000000
maximum_rotation: 1.0000000000000000
maximum_volume: 1.0000000000000000
maximum_shape: 0.0000001000000000
maximum_dsigma: 0.0100000000000000
mod: 10
pmod: 10
optimize: 1
verbose: 1
snapshot: 0
display: 1
explore: 1
npt: 1
nptxy: 0
nptdxdy: 0
shape: 0
seed: 782773
-24.970092595103 34.385712472328 0.866025403784 0.500000000000
-142.566823468922 -215.362181733898 0.866025403784 -0.500000000000
-60.052088608699 174.400486708145 0.000000000000 1.000000000000
226.741332020194 -79.398043159735 0.866025403784 -0.500000000000
-79.944536358322 68.918047251853 0.866025403784 -0.500000000000
-138.252894713030 15.717900206343 0.000000000000 1.000000000000
48.424472993664 161.246086324817 0.000000000000 1.000000000000
-199.446260837928 -9.237938670677 0.866025403784 -0.500000000000
-124.816523585825 -37.549347772543 0.000000000000 1.000000000000
86.060793303932 69.873161385777 0.000000000000 1.000000000000
-26.768740498794 92.448218456619 0.866025403784 0.500000000000
-27.786381627215 60.750493833060 0.000000000000 1.000000000000
-168.198748731008 57.513324208161 0.866025403784 -0.500000000000
16.394189399685 -13.424355410017 0.866025403784 -0.500000000000
-57.663303440011 -90.633328488058 0.866025403784 -0.500000000000
-121.636414632101 65.751521460719 0.866025403784 -0.500000000000
119.732776999607 1.941196285472 0.866025403784 0.500000000000
-62.127091508235 -51.984397368057 0.866025403784 -0.500000000000
9.801484981137 -58.913282378422 0.866025403784 0.500000000000
157.531544863528 41.363311675168 0.866025403784 -0.500000000000
