#Configurational_file created 2018-09-14 11:58:14  started 2018-09-14 11:58:13 run for 1.0s steps 0
name: p_688
step: 10000
specie: 20
	particle_diameter: 1.0000000000000000
	interaction_length: 1.2000000000000000
	number_of_patches: 3
	number_of_particles_per_compound: 1
	rod_length: 1.0000000000000000
	interaction_matrix:  1.000000 1.000000 1.000000 1.000000 1.000000 1.000000 1.000000 1.000000 1.000000
	patch_type: symmetric
	patch_width: 8.0000000000000000
	patch_angle: 0.0000000000000000
	angles:  0.000000 0.000000 0.000000
	grand_canonical: 0
	chemical_potential: 0.0000000000000000
box: 49.352309 49.352309
copy: 1.000000 1.000000
epsilon: 0.0041680000000000
end_epsilon: 0.0000000000000000
pressure: 0.0500010000000000
lambda: 0.0000000000000000
lambda_coupling: 1.0000000000000000
uy: 0.0000000000000000
maximum_displacement: 1.0000000000000000
maximum_rotation: 1.0000000000000000
maximum_volume: 1.0000000000000000
maximum_shape: 0.0000001000000000
maximum_dsigma: 0.0100000000000000
mod: 10
pmod: 10
optimize: 1
verbose: 1
snapshot: 0
display: 1
explore: 1
npt: 1
nptxy: 0
nptdxdy: 0
shape: 0
seed: 785047
130.001266898204 -21.850192731399 0.866025403784 0.500000000000
189.618232247311 162.770212298553 0.866025403784 -0.500000000000
399.910113533228 -55.792641111672 0.866025403784 -0.500000000000
-264.010329999945 -288.047499527430 0.866025403784 0.500000000000
175.675960256612 144.292114968163 0.866025403784 -0.500000000000
344.841910531044 -125.727460495108 0.000000000000 1.000000000000
40.057763108984 265.905743905253 0.866025403784 -0.500000000000
-252.631853305796 198.737808442762 0.866025403784 0.500000000000
-12.951704376946 -189.772544739438 0.866025403784 -0.500000000000
-21.761978251376 102.749600493368 0.866025403784 -0.500000000000
0.676585689586 -44.957986911219 0.000000000000 1.000000000000
-187.424103015851 38.846362593838 0.866025403784 -0.500000000000
153.870514791715 484.731485233573 0.866025403784 0.500000000000
-47.371357250535 -88.160525891347 0.000000000000 1.000000000000
49.678834311184 182.657698840270 0.866025403784 0.500000000000
287.910616948797 -216.108960778076 0.866025403784 -0.500000000000
-229.099793186202 215.556592271847 0.866025403784 0.500000000000
-198.887084993609 8.943155462291 0.866025403784 0.500000000000
480.347982972177 -181.849410920329 0.866025403784 -0.500000000000
115.776612212233 153.866865460615 0.000000000000 1.000000000000
