#Configurational_file created 2018-09-14 11:30:30  started 2018-09-14 11:30:29 run for 1.0s steps 0
name: p_680
step: 10000
specie: 20
	particle_diameter: 1.0000000000000000
	interaction_length: 1.2000000000000000
	number_of_patches: 3
	number_of_particles_per_compound: 1
	rod_length: 1.0000000000000000
	interaction_matrix:  1.000000 1.000000 1.000000 1.000000 1.000000 1.000000 1.000000 1.000000 1.000000
	patch_type: symmetric
	patch_width: 8.0000000000000000
	patch_angle: 0.0000000000000000
	angles:  0.000000 0.000000 0.000000
	grand_canonical: 0
	chemical_potential: 0.0000000000000000
box: 38.921973 38.921973
copy: 1.000000 1.000000
epsilon: 0.0417580000000000
end_epsilon: 0.0000000000000000
pressure: 0.3334170000000000
lambda: 0.0000000000000000
lambda_coupling: 1.0000000000000000
uy: 0.0000000000000000
maximum_displacement: 1.0000000000000000
maximum_rotation: 1.0000000000000000
maximum_volume: 1.0000000000000000
maximum_shape: 0.0000001000000000
maximum_dsigma: 0.0100000000000000
mod: 10
pmod: 10
optimize: 1
verbose: 1
snapshot: 0
display: 1
explore: 1
npt: 1
nptxy: 0
nptdxdy: 0
shape: 0
seed: 775951
-144.075163221023 -227.295320945784 0.000000000000 1.000000000000
-198.061819186470 194.344881370349 0.866025403784 -0.500000000000
153.838183037717 -43.647756025134 0.866025403784 -0.500000000000
127.414582705487 -17.965943727204 0.000000000000 1.000000000000
58.434883029462 -79.973032275865 0.866025403784 -0.500000000000
25.826851042138 262.829697349943 0.866025403784 -0.500000000000
73.249743294453 -71.316555050792 0.866025403784 0.500000000000
-111.604165162369 6.180547811757 0.000000000000 1.000000000000
-55.137683272103 -4.424944037682 0.000000000000 1.000000000000
146.125295997178 -152.428575391560 0.866025403784 0.500000000000
-3.917949937627 -107.455038057043 0.000000000000 1.000000000000
-132.250069308248 -139.755542909341 0.000000000000 1.000000000000
-160.946260417962 -94.087795569988 0.866025403784 0.500000000000
77.267851885128 8.859244536692 0.866025403784 -0.500000000000
-63.488492671965 -71.210398426434 0.866025403784 -0.500000000000
-178.994052620988 -210.686428122839 0.866025403784 -0.500000000000
11.064528337359 -124.510984879659 0.866025403784 -0.500000000000
161.056225775121 30.224604117240 0.866025403784 0.500000000000
-20.973362142753 -89.037367367833 0.866025403784 -0.500000000000
62.106036007561 -157.379726882527 0.000000000000 1.000000000000
