#Configurational_file created 2018-09-14 11:58:10  started 2018-09-14 11:58:09 run for 1.0s steps 0
name: p_682
step: 10000
specie: 20
	particle_diameter: 1.0000000000000000
	interaction_length: 1.2000000000000000
	number_of_patches: 3
	number_of_particles_per_compound: 1
	rod_length: 1.0000000000000000
	interaction_matrix:  1.000000 1.000000 1.000000 1.000000 1.000000 1.000000 1.000000 1.000000 1.000000
	patch_type: symmetric
	patch_width: 8.0000000000000000
	patch_angle: 0.0000000000000000
	angles:  0.000000 0.000000 0.000000
	grand_canonical: 0
	chemical_potential: 0.0000000000000000
box: 47.168546 47.168546
copy: 1.000000 1.000000
epsilon: 0.0041680000000000
end_epsilon: 0.0000000000000000
pressure: 0.0250010000000000
lambda: 0.0000000000000000
lambda_coupling: 1.0000000000000000
uy: 0.0000000000000000
maximum_displacement: 1.0000000000000000
maximum_rotation: 1.0000000000000000
maximum_volume: 1.0000000000000000
maximum_shape: 0.0000001000000000
maximum_dsigma: 0.0100000000000000
mod: 10
pmod: 10
optimize: 1
verbose: 1
snapshot: 0
display: 1
explore: 1
npt: 1
nptxy: 0
nptdxdy: 0
shape: 0
seed: 778225
428.171993085171 485.745555009809 0.000000000000 1.000000000000
-85.880312647137 3.809243067459 0.866025403784 -0.500000000000
202.753410777876 -218.536833747222 0.000000000000 1.000000000000
-48.422038518450 54.782400022834 0.000000000000 1.000000000000
324.488615939049 279.875934586652 0.866025403784 -0.500000000000
287.387378250023 316.367497890696 0.000000000000 1.000000000000
166.634884395256 29.911761367479 0.866025403784 -0.500000000000
-107.758095214458 -215.725117470155 0.866025403784 -0.500000000000
-46.986211075478 -213.275054731143 0.866025403784 -0.500000000000
-61.053554500815 45.182545564432 0.866025403784 -0.500000000000
-42.015017295043 58.227699566948 0.866025403784 -0.500000000000
-148.084826406869 101.984403802333 0.000000000000 1.000000000000
-10.810645006776 -117.463307000947 0.000000000000 1.000000000000
122.298949795181 -304.411072635015 0.866025403784 -0.500000000000
-106.702935589385 86.183204682139 0.866025403784 -0.500000000000
-116.448144933657 37.232553617331 0.000000000000 1.000000000000
182.318807777451 66.526291044228 0.866025403784 -0.500000000000
-107.384187130888 58.650846851499 0.866025403784 0.500000000000
162.467578077094 58.818698104447 0.000000000000 1.000000000000
97.155197001655 39.394073357862 0.866025403784 0.500000000000
