#Configurational_file created 2018-09-14 11:58:13  started 2018-09-14 11:58:13 run for 0.0s steps 0
name: p_687
step: 10000
specie: 20
	particle_diameter: 1.0000000000000000
	interaction_length: 1.2000000000000000
	number_of_patches: 3
	number_of_particles_per_compound: 1
	rod_length: 1.0000000000000000
	interaction_matrix:  1.000000 1.000000 1.000000 1.000000 1.000000 1.000000 1.000000 1.000000 1.000000
	patch_type: symmetric
	patch_width: 8.0000000000000000
	patch_angle: 0.0000000000000000
	angles:  0.000000 0.000000 0.000000
	grand_canonical: 0
	chemical_potential: 0.0000000000000000
box: 54.201710 54.201710
copy: 1.000000 1.000000
epsilon: 0.0041680000000000
end_epsilon: 0.0000000000000000
pressure: 0.0458340000000000
lambda: 0.0000000000000000
lambda_coupling: 1.0000000000000000
uy: 0.0000000000000000
maximum_displacement: 1.0000000000000000
maximum_rotation: 1.0000000000000000
maximum_volume: 1.0000000000000000
maximum_shape: 0.0000001000000000
maximum_dsigma: 0.0100000000000000
mod: 10
pmod: 10
optimize: 1
verbose: 1
snapshot: 0
display: 1
explore: 1
npt: 1
nptxy: 0
nptdxdy: 0
shape: 0
seed: 783910
-8.084782106734 -61.927160430461 0.866025403784 -0.500000000000
-47.503426834789 202.615273621944 0.866025403784 0.500000000000
-27.273922443834 -31.780753905246 0.000000000000 1.000000000000
372.361258065487 48.107206082522 0.866025403784 0.500000000000
117.491539815668 125.405847037127 0.866025403784 0.500000000000
262.964700199507 463.452468165919 0.866025403784 0.500000000000
-106.632720836711 306.039338081238 0.866025403784 0.500000000000
141.008219856835 -297.871932226350 0.866025403784 0.500000000000
-18.235447408794 97.843866144087 0.000000000000 1.000000000000
390.515317136137 206.375602140795 0.866025403784 0.500000000000
-57.652871090020 -206.703312999066 0.866025403784 -0.500000000000
-57.326456419357 -3.402912597911 0.000000000000 1.000000000000
80.515949114276 124.996140961941 0.000000000000 1.000000000000
97.277778597271 292.090797733327 0.000000000000 1.000000000000
-86.376324488836 350.523242683206 0.866025403784 0.500000000000
77.794332539857 34.127446995702 0.866025403784 0.500000000000
7.192759427623 21.018167593034 0.866025403784 0.500000000000
-68.855499025861 -200.590543682501 0.866025403784 0.500000000000
178.622371007074 -13.494382068401 0.866025403784 -0.500000000000
300.735570807197 81.569015417914 0.866025403784 0.500000000000
