#Configurational_file created 2018-09-14 11:58:09  started 2018-09-14 11:58:08 run for 1.0s steps 0
name: p_681
step: 10000
specie: 20
	particle_diameter: 1.0000000000000000
	interaction_length: 1.2000000000000000
	number_of_patches: 3
	number_of_particles_per_compound: 1
	rod_length: 1.0000000000000000
	interaction_matrix:  1.000000 1.000000 1.000000 1.000000 1.000000 1.000000 1.000000 1.000000 1.000000
	patch_type: symmetric
	patch_width: 8.0000000000000000
	patch_angle: 0.0000000000000000
	angles:  0.000000 0.000000 0.000000
	grand_canonical: 0
	chemical_potential: 0.0000000000000000
box: 47.491230 47.491230
copy: 1.000000 1.000000
epsilon: 0.0041680000000000
end_epsilon: 0.0000000000000000
pressure: 0.0208340000000000
lambda: 0.0000000000000000
lambda_coupling: 1.0000000000000000
uy: 0.0000000000000000
maximum_displacement: 1.0000000000000000
maximum_rotation: 1.0000000000000000
maximum_volume: 1.0000000000000000
maximum_shape: 0.0000001000000000
maximum_dsigma: 0.0100000000000000
mod: 10
pmod: 10
optimize: 1
verbose: 1
snapshot: 0
display: 1
explore: 1
npt: 1
nptxy: 0
nptdxdy: 0
shape: 0
seed: 777088
0.616601373661 -161.206573834442 0.866025403784 0.500000000000
-46.400908977540 -41.694905549528 0.866025403784 0.500000000000
184.450894701804 -158.881663464336 0.866025403784 0.500000000000
-157.523238155094 213.329495791077 0.866025403784 -0.500000000000
38.906930829594 -6.800737753601 0.000000000000 1.000000000000
129.172448153319 -83.441870437759 0.866025403784 -0.500000000000
-313.523645681236 -240.925163126481 0.000000000000 1.000000000000
164.961311318501 43.702415400126 0.000000000000 1.000000000000
-109.917391834538 -103.679403206701 0.866025403784 0.500000000000
11.000848233854 316.158880997309 0.000000000000 1.000000000000
116.774975975095 -97.738212629320 0.000000000000 1.000000000000
-129.453432606086 167.114618218853 0.866025403784 -0.500000000000
496.520614709678 -207.033637076204 0.866025403784 -0.500000000000
197.125426063607 -549.079808192412 0.000000000000 1.000000000000
-109.029059553035 -434.662196590142 0.866025403784 0.500000000000
116.615915874100 96.219896481932 0.866025403784 -0.500000000000
-138.220229989264 308.488758626868 0.000000000000 1.000000000000
-298.842265482655 -336.283012913499 0.000000000000 1.000000000000
-59.749125543315 -171.456199806736 0.000000000000 1.000000000000
41.482752669508 4.042608200353 0.866025403784 0.500000000000
