#Configurational_file created 2018-09-14 12:20:14  started 2018-09-14 12:20:14 run for 0.0s steps 0
name: p_68
step: 10000
specie: 20
	particle_diameter: 1.0000000000000000
	interaction_length: 1.2000000000000000
	number_of_patches: 3
	number_of_particles_per_compound: 1
	rod_length: 1.0000000000000000
	interaction_matrix:  1.000000 1.000000 1.000000 1.000000 1.000000 1.000000 1.000000 1.000000 1.000000
	patch_type: symmetric
	patch_width: 8.0000000000000000
	patch_angle: 0.0000000000000000
	angles:  0.000000 0.000000 0.000000
	grand_canonical: 0
	chemical_potential: 0.0000000000000000
box: 17.978564 17.978564
copy: 1.000000 1.000000
epsilon: 0.6666670000000000
end_epsilon: 0.0000000000000000
pressure: 0.1000000000000000
lambda: 0.0000000000000000
lambda_coupling: 1.0000000000000000
uy: 0.0000000000000000
maximum_displacement: 1.0000000000000000
maximum_rotation: 1.0000000000000000
maximum_volume: 1.0000000000000000
maximum_shape: 0.0000001000000000
maximum_dsigma: 0.0100000000000000
mod: 10
pmod: 10
optimize: 1
verbose: 1
snapshot: 0
display: 1
explore: 1
npt: 1
nptxy: 0
nptdxdy: 0
shape: 0
seed: 80107
-11.709943276670 19.690287157600 0.000000000000 1.000000000000
176.165962317631 135.567564886800 0.866025403784 -0.500000000000
-204.107325215975 77.347975689938 0.866025403784 0.500000000000
49.749183823172 27.198378849960 0.866025403784 0.500000000000
-82.977623490041 -129.527783855364 0.866025403784 -0.500000000000
92.811045613265 95.879015042513 0.866025403784 -0.500000000000
56.007231379403 -72.697917869800 0.000000000000 1.000000000000
163.515031143881 107.026214142279 0.866025403784 -0.500000000000
-158.289939827486 -176.597712849110 0.866025403784 -0.500000000000
-12.120420590928 118.808391567048 0.866025403784 -0.500000000000
38.368590146935 144.652151202551 0.866025403784 0.500000000000
-1.791716053586 36.124403070420 0.000000000000 1.000000000000
-42.316412572325 -42.880834525172 0.000000000000 1.000000000000
-69.876825895261 -45.139726009660 0.866025403784 0.500000000000
-71.201947588498 -102.131936970206 0.000000000000 1.000000000000
-100.130607354016 -7.773135573984 0.866025403784 -0.500000000000
-5.706233330971 7.825741220846 0.866025403784 0.500000000000
-1.928983386448 109.863737457234 0.866025403784 -0.500000000000
108.215882041296 -42.731934650711 0.000000000000 1.000000000000
181.424910570326 -38.150571389359 0.000000000000 1.000000000000
