#Configurational_file created 2018-09-14 11:30:31  started 2018-09-14 11:30:31 run for 0.0s steps 0
name: p_682
step: 10000
specie: 20
	particle_diameter: 1.0000000000000000
	interaction_length: 1.2000000000000000
	number_of_patches: 3
	number_of_particles_per_compound: 1
	rod_length: 1.0000000000000000
	interaction_matrix:  1.000000 1.000000 1.000000 1.000000 1.000000 1.000000 1.000000 1.000000 1.000000
	patch_type: symmetric
	patch_width: 8.0000000000000000
	patch_angle: 0.0000000000000000
	angles:  0.000000 0.000000 0.000000
	grand_canonical: 0
	chemical_potential: 0.0000000000000000
box: 32.241572 32.241572
copy: 1.000000 1.000000
epsilon: 0.0417580000000000
end_epsilon: 0.0000000000000000
pressure: 0.5000750000000000
lambda: 0.0000000000000000
lambda_coupling: 1.0000000000000000
uy: 0.0000000000000000
maximum_displacement: 1.0000000000000000
maximum_rotation: 1.0000000000000000
maximum_volume: 1.0000000000000000
maximum_shape: 0.0000001000000000
maximum_dsigma: 0.0100000000000000
mod: 10
pmod: 10
optimize: 1
verbose: 1
snapshot: 0
display: 1
explore: 1
npt: 1
nptxy: 0
nptdxdy: 0
shape: 0
seed: 778225
150.477068967764 77.922876780614 0.000000000000 1.000000000000
-9.298462016179 -95.878228106581 0.000000000000 1.000000000000
59.241749623353 -153.069784249990 0.866025403784 0.500000000000
46.417540508336 32.860789955845 0.000000000000 1.000000000000
-138.549035191167 7.781138190686 0.866025403784 -0.500000000000
426.610259033101 185.794118107106 0.866025403784 0.500000000000
55.837592314465 -98.357241653188 0.866025403784 -0.500000000000
25.587447350983 -209.493443294376 0.000000000000 1.000000000000
84.289081142325 48.668296015134 0.866025403784 -0.500000000000
55.099006283352 -78.404575307457 0.866025403784 0.500000000000
11.920334447695 126.415341763154 0.866025403784 0.500000000000
-136.739021431149 -77.951242315845 0.866025403784 0.500000000000
8.189265498546 -5.688747508702 0.866025403784 0.500000000000
-122.862267235723 -0.449118401124 0.866025403784 -0.500000000000
-127.466557073342 98.527688971580 0.866025403784 -0.500000000000
19.527227134255 135.527660782243 0.000000000000 1.000000000000
113.712206081394 -166.266072343972 0.866025403784 0.500000000000
107.798287026122 234.162997678809 0.000000000000 1.000000000000
-120.956430544677 225.822530341576 0.000000000000 1.000000000000
156.801150079090 152.365604050990 0.866025403784 0.500000000000
