#Configurational_file created 2018-09-14 11:30:31  started 2018-09-14 11:30:30 run for 1.0s steps 0
name: p_681
step: 10000
specie: 20
	particle_diameter: 1.0000000000000000
	interaction_length: 1.2000000000000000
	number_of_patches: 3
	number_of_particles_per_compound: 1
	rod_length: 1.0000000000000000
	interaction_matrix:  1.000000 1.000000 1.000000 1.000000 1.000000 1.000000 1.000000 1.000000 1.000000
	patch_type: symmetric
	patch_width: 8.0000000000000000
	patch_angle: 0.0000000000000000
	angles:  0.000000 0.000000 0.000000
	grand_canonical: 0
	chemical_potential: 0.0000000000000000
box: 29.577354 29.577354
copy: 1.000000 1.000000
epsilon: 0.0417580000000000
end_epsilon: 0.0000000000000000
pressure: 0.4167460000000000
lambda: 0.0000000000000000
lambda_coupling: 1.0000000000000000
uy: 0.0000000000000000
maximum_displacement: 1.0000000000000000
maximum_rotation: 1.0000000000000000
maximum_volume: 1.0000000000000000
maximum_shape: 0.0000001000000000
maximum_dsigma: 0.0100000000000000
mod: 10
pmod: 10
optimize: 1
verbose: 1
snapshot: 0
display: 1
explore: 1
npt: 1
nptxy: 0
nptdxdy: 0
shape: 0
seed: 777088
131.594551152007 25.169594811142 0.866025403784 0.500000000000
64.003302532309 13.867872011368 0.000000000000 1.000000000000
-0.985557145134 -161.991462401738 0.866025403784 0.500000000000
-368.457782551749 131.028920647220 0.866025403784 -0.500000000000
34.077933862480 113.883675729789 0.866025403784 0.500000000000
102.191786842902 167.012739398099 0.866025403784 0.500000000000
25.187264899638 -127.254525524254 0.866025403784 -0.500000000000
112.821268597616 -49.348907314715 0.000000000000 1.000000000000
165.020165667381 -42.101039755580 0.866025403784 -0.500000000000
-9.755674521423 100.545351624665 0.866025403784 -0.500000000000
194.394407966451 -53.388032910572 0.866025403784 -0.500000000000
99.661305241301 92.452591556043 0.866025403784 0.500000000000
147.530096034554 28.757383606691 0.866025403784 -0.500000000000
224.936352614002 -104.173844247739 0.000000000000 1.000000000000
-139.488776707974 -80.621353063217 0.866025403784 -0.500000000000
-117.565899961163 -15.640424695802 0.866025403784 0.500000000000
9.801848740101 54.832480130703 0.866025403784 -0.500000000000
-223.683344436079 -134.277767640254 0.866025403784 -0.500000000000
-66.289528924861 54.993770241871 0.866025403784 -0.500000000000
-76.801375204951 -64.895232366128 0.000000000000 1.000000000000
