#Configurational_file created 2018-09-14 11:30:42  started 2018-09-14 11:30:41 run for 1.0s steps 0
name: p_698
step: 10000
specie: 20
	particle_diameter: 1.0000000000000000
	interaction_length: 1.2000000000000000
	number_of_patches: 3
	number_of_particles_per_compound: 1
	rod_length: 1.0000000000000000
	interaction_matrix:  1.000000 1.000000 1.000000 1.000000 1.000000 1.000000 1.000000 1.000000 1.000000
	patch_type: symmetric
	patch_width: 8.0000000000000000
	patch_angle: 0.0000000000000000
	angles:  0.000000 0.000000 0.000000
	grand_canonical: 0
	chemical_potential: 0.0000000000000000
box: 19.176572 19.176572
copy: 1.000000 1.000000
epsilon: 0.0417580000000000
end_epsilon: 0.0000000000000000
pressure: 1.8333420000000000
lambda: 0.0000000000000000
lambda_coupling: 1.0000000000000000
uy: 0.0000000000000000
maximum_displacement: 1.0000000000000000
maximum_rotation: 1.0000000000000000
maximum_volume: 1.0000000000000000
maximum_shape: 0.0000001000000000
maximum_dsigma: 0.0100000000000000
mod: 10
pmod: 10
optimize: 1
verbose: 1
snapshot: 0
display: 1
explore: 1
npt: 1
nptxy: 0
nptdxdy: 0
shape: 0
seed: 796417
126.052331449596 -79.599305461243 0.000000000000 1.000000000000
106.355182664728 68.363529360614 0.866025403784 -0.500000000000
-113.373623843660 29.070457614238 0.866025403784 -0.500000000000
73.441686306884 112.696543337142 0.000000000000 1.000000000000
-66.333210946517 -113.741658718913 0.000000000000 1.000000000000
88.724022020223 21.111645110754 0.866025403784 0.500000000000
31.261199357455 131.883871773823 0.866025403784 0.500000000000
33.295284174858 -28.106148609028 0.866025403784 0.500000000000
141.203017597696 110.165256444264 0.866025403784 -0.500000000000
59.109710800076 -17.041599816812 0.866025403784 0.500000000000
74.848362682705 229.052793235076 0.866025403784 0.500000000000
-175.746130559145 154.721313041709 0.866025403784 -0.500000000000
-24.448599081187 113.133480663636 0.866025403784 0.500000000000
-36.261017595101 53.368513044879 0.866025403784 0.500000000000
-129.452909617848 -27.346982854146 0.866025403784 -0.500000000000
-47.159919136498 -182.876800541034 0.000000000000 1.000000000000
26.682958520194 213.853115373469 0.000000000000 1.000000000000
140.262446293743 -185.411104922340 0.000000000000 1.000000000000
59.533119266895 -174.767815802692 0.000000000000 1.000000000000
-309.863795384539 -51.698321695066 0.866025403784 -0.500000000000
