#Configurational_file created 2018-09-14 11:58:20  started 2018-09-14 11:58:19 run for 1.0s steps 0
name: p_696
step: 10000
specie: 20
	particle_diameter: 1.0000000000000000
	interaction_length: 1.2000000000000000
	number_of_patches: 3
	number_of_particles_per_compound: 1
	rod_length: 1.0000000000000000
	interaction_matrix:  1.000000 1.000000 1.000000 1.000000 1.000000 1.000000 1.000000 1.000000 1.000000
	patch_type: symmetric
	patch_width: 8.0000000000000000
	patch_angle: 0.0000000000000000
	angles:  0.000000 0.000000 0.000000
	grand_canonical: 0
	chemical_potential: 0.0000000000000000
box: 35.729958 35.729958
copy: 1.000000 1.000000
epsilon: 0.0041680000000000
end_epsilon: 0.0000000000000000
pressure: 0.0833340000000000
lambda: 0.0000000000000000
lambda_coupling: 1.0000000000000000
uy: 0.0000000000000000
maximum_displacement: 1.0000000000000000
maximum_rotation: 1.0000000000000000
maximum_volume: 1.0000000000000000
maximum_shape: 0.0000001000000000
maximum_dsigma: 0.0100000000000000
mod: 10
pmod: 10
optimize: 1
verbose: 1
snapshot: 0
display: 1
explore: 1
npt: 1
nptxy: 0
nptdxdy: 0
shape: 0
seed: 794143
11.023699340686 206.379966001079 0.000000000000 1.000000000000
0.170160780086 120.096413877747 0.000000000000 1.000000000000
-208.659298284308 -275.531258849964 0.866025403784 -0.500000000000
-88.650126908640 -129.338744364557 0.866025403784 0.500000000000
260.790323148113 -228.525435133067 0.000000000000 1.000000000000
47.735928221087 113.468980324324 0.866025403784 0.500000000000
224.787858565349 203.487668543502 0.000000000000 1.000000000000
-50.748987022329 161.573464129149 0.000000000000 1.000000000000
-1.903853085117 71.585407256642 0.866025403784 0.500000000000
-110.661620755149 76.277173577886 0.866025403784 0.500000000000
17.398325139098 -52.796921528986 0.000000000000 1.000000000000
-231.375784258882 -27.888566150642 0.000000000000 1.000000000000
-99.424027041826 -67.938309761556 0.000000000000 1.000000000000
203.064128923618 30.629608701840 0.866025403784 0.500000000000
2.291005680901 91.010358385668 0.866025403784 -0.500000000000
238.033880641943 -312.293712891623 0.866025403784 0.500000000000
-65.803169086947 121.761163162687 0.000000000000 1.000000000000
5.952704665634 59.694089942556 0.866025403784 0.500000000000
105.801239904473 33.616744563550 0.000000000000 1.000000000000
210.323138229694 35.701309527674 0.866025403784 -0.500000000000
