#Configurational_file created 2018-09-11 17:04:26  started 2018-09-11 17:04:25 run for 1.0s steps 0
name: p_69
step: 10000
specie: 20
	particle_diameter: 1.0000000000000000
	interaction_length: 1.2000000000000000
	number_of_patches: 3
	number_of_particles_per_compound: 1
	rod_length: 1.0000000000000000
	interaction_matrix:  1.000000 1.000000 1.000000 1.000000 1.000000 1.000000 1.000000 1.000000 1.000000
	patch_type: symmetric
	patch_width: 8.0000000000000000
	patch_angle: 0.0000000000000000
	angles:  0.000000 0.000000 0.000000
	grand_canonical: 0
	chemical_potential: 0.0000000000000000
box: 8.071691 8.071691
copy: 1.000000 1.000000
epsilon: 0.3333670000000000
end_epsilon: 0.0000000000000000
pressure: 1.6666829999999999
lambda: 0.0000000000000000
lambda_coupling: 1.0000000000000000
uy: 0.0000000000000000
maximum_displacement: 1.0000000000000000
maximum_rotation: 1.0000000000000000
maximum_volume: 0.7129280991977495
maximum_shape: 0.0000001000000000
maximum_dsigma: 0.0100000000000000
mod: 10
pmod: 10
optimize: 1
verbose: 1
snapshot: 0
display: 1
explore: 1
npt: 1
nptxy: 0
nptdxdy: 0
shape: 0
seed: 81323
91.859386496862 -19.800837165290 0.866025403784 0.500000000000
46.638907874155 -36.196499289089 0.866025403784 -0.500000000000
-38.101214292114 -12.423313878769 0.866025403784 0.500000000000
56.972602174370 -90.979644853200 0.000000000000 1.000000000000
154.438878158683 -7.689408950485 0.866025403784 -0.500000000000
80.314808297794 89.332161263486 0.866025403784 -0.500000000000
6.038642829820 47.481198414493 0.866025403784 0.500000000000
-117.231330099941 -53.155336921540 0.000000000000 1.000000000000
-92.274864632917 101.696684271882 0.000000000000 1.000000000000
-29.628088323984 -107.211965571799 0.866025403784 -0.500000000000
72.665439235831 -43.853258523431 0.866025403784 -0.500000000000
-102.717189333612 72.414100707191 0.000000000000 1.000000000000
94.607889605051 2.466996672394 0.866025403784 0.500000000000
-5.296340957776 90.357129448651 0.866025403784 0.500000000000
-42.123655531562 138.031380842982 0.866025403784 0.500000000000
61.919463924616 -2.804300753962 0.866025403784 -0.500000000000
110.269716965408 169.536076183005 0.866025403784 -0.500000000000
-32.617997454149 55.806720890989 0.866025403784 0.500000000000
-31.086909347549 92.438866855086 0.866025403784 0.500000000000
-12.166862935238 -56.466087617172 0.866025403784 0.500000000000
