#Configurational_file created 2018-09-14 11:06:18  started 2018-09-14 11:06:17 run for 1.0s steps 0
name: p_69
step: 10000
specie: 20
	particle_diameter: 1.0000000000000000
	interaction_length: 1.2000000000000000
	number_of_patches: 3
	number_of_particles_per_compound: 1
	rod_length: 1.0000000000000000
	interaction_matrix:  1.000000 1.000000 1.000000 1.000000 1.000000 1.000000 1.000000 1.000000 1.000000
	patch_type: symmetric
	patch_width: 8.0000000000000000
	patch_angle: 0.0000000000000000
	angles:  0.000000 0.000000 0.000000
	grand_canonical: 0
	chemical_potential: 0.0000000000000000
box: 45.223502 45.223502
copy: 1.000000 1.000000
epsilon: 0.0001000000000000
end_epsilon: 0.0000000000000000
pressure: 1.1429000000000000
lambda: 0.0000000000000000
lambda_coupling: 1.0000000000000000
uy: 0.0000000000000000
maximum_displacement: 1.0000000000000000
maximum_rotation: 1.0000000000000000
maximum_volume: 1.0000000000000000
maximum_shape: 0.0000001000000000
maximum_dsigma: 0.0100000000000000
mod: 10
pmod: 10
optimize: 1
verbose: 1
snapshot: 0
display: 1
explore: 1
npt: 1
nptxy: 0
nptdxdy: 0
shape: 0
seed: 81323
-51.955231634627 -49.298951165874 0.866025403784 0.500000000000
100.163092229973 313.392000461803 0.866025403784 0.500000000000
18.479845574158 -32.961712987705 0.866025403784 -0.500000000000
108.820308058547 -135.626606488404 0.866025403784 0.500000000000
-4.928773390628 163.604175957236 0.866025403784 0.500000000000
105.343135349749 75.769425387722 0.866025403784 -0.500000000000
32.224726744320 279.393943515301 0.866025403784 0.500000000000
132.822438432775 -22.285225011370 0.866025403784 -0.500000000000
264.322052097778 132.293562133275 0.866025403784 -0.500000000000
-146.951043547538 49.190454191091 0.866025403784 0.500000000000
-73.519859219981 -61.933450487161 0.000000000000 1.000000000000
191.721515703555 175.242424654479 0.000000000000 1.000000000000
-41.852496035445 156.172498933932 0.000000000000 1.000000000000
-102.755359734910 -121.778934248039 0.000000000000 1.000000000000
26.275932158688 -1.368277350039 0.000000000000 1.000000000000
-29.211403200372 -27.812379250532 0.866025403784 -0.500000000000
104.440118307006 -238.145215654572 0.000000000000 1.000000000000
156.077300733084 76.641830268146 0.866025403784 0.500000000000
185.122603473210 139.624969142626 0.866025403784 0.500000000000
112.241528203534 55.172674427903 0.866025403784 0.500000000000
