#Configurational_file created 2018-09-14 11:58:19  started 2018-09-14 11:58:18 run for 1.0s steps 0
name: p_694
step: 10000
specie: 20
	particle_diameter: 1.0000000000000000
	interaction_length: 1.2000000000000000
	number_of_patches: 3
	number_of_particles_per_compound: 1
	rod_length: 1.0000000000000000
	interaction_matrix:  1.000000 1.000000 1.000000 1.000000 1.000000 1.000000 1.000000 1.000000 1.000000
	patch_type: symmetric
	patch_width: 8.0000000000000000
	patch_angle: 0.0000000000000000
	angles:  0.000000 0.000000 0.000000
	grand_canonical: 0
	chemical_potential: 0.0000000000000000
box: 48.664006 48.664006
copy: 1.000000 1.000000
epsilon: 0.0041680000000000
end_epsilon: 0.0000000000000000
pressure: 0.0750000000000000
lambda: 0.0000000000000000
lambda_coupling: 1.0000000000000000
uy: 0.0000000000000000
maximum_displacement: 1.0000000000000000
maximum_rotation: 1.0000000000000000
maximum_volume: 1.0000000000000000
maximum_shape: 0.0000001000000000
maximum_dsigma: 0.0100000000000000
mod: 10
pmod: 10
optimize: 1
verbose: 1
snapshot: 0
display: 1
explore: 1
npt: 1
nptxy: 0
nptdxdy: 0
shape: 0
seed: 791869
10.932320452599 248.449809932998 0.000000000000 1.000000000000
17.075767877158 92.014774210114 0.866025403784 0.500000000000
-16.215215055572 -58.829226033009 0.866025403784 0.500000000000
110.904171771443 -16.504328860338 0.866025403784 0.500000000000
14.114558218393 102.146137472770 0.866025403784 -0.500000000000
179.026889283353 -261.999049193283 0.000000000000 1.000000000000
199.754006921377 -215.846301260897 0.000000000000 1.000000000000
248.523778921218 -75.010367457088 0.866025403784 -0.500000000000
-71.114170252917 -388.830037196858 0.000000000000 1.000000000000
-79.514367133554 53.402608311654 0.000000000000 1.000000000000
-49.630552906715 -99.288658941379 0.000000000000 1.000000000000
31.058532204152 184.938085856411 0.866025403784 0.500000000000
-168.864773500993 41.611063201320 0.000000000000 1.000000000000
-126.256351551309 147.281500373674 0.000000000000 1.000000000000
66.485788281694 47.721534312564 0.866025403784 -0.500000000000
-211.106943908949 23.813696439591 0.866025403784 -0.500000000000
105.909940928164 205.748487245905 0.000000000000 1.000000000000
122.067479138196 -167.455427595252 0.000000000000 1.000000000000
-7.526461794851 -242.936976956498 0.866025403784 -0.500000000000
413.186135220238 -45.901986891565 0.866025403784 -0.500000000000
