#Configurational_file created 2018-09-14 11:58:17  started 2018-09-14 11:58:16 run for 1.0s steps 0
name: p_692
step: 10000
specie: 20
	particle_diameter: 1.0000000000000000
	interaction_length: 1.2000000000000000
	number_of_patches: 3
	number_of_particles_per_compound: 1
	rod_length: 1.0000000000000000
	interaction_matrix:  1.000000 1.000000 1.000000 1.000000 1.000000 1.000000 1.000000 1.000000 1.000000
	patch_type: symmetric
	patch_width: 8.0000000000000000
	patch_angle: 0.0000000000000000
	angles:  0.000000 0.000000 0.000000
	grand_canonical: 0
	chemical_potential: 0.0000000000000000
box: 54.400218 54.400218
copy: 1.000000 1.000000
epsilon: 0.0041680000000000
end_epsilon: 0.0000000000000000
pressure: 0.0666670000000000
lambda: 0.0000000000000000
lambda_coupling: 1.0000000000000000
uy: 0.0000000000000000
maximum_displacement: 1.0000000000000000
maximum_rotation: 1.0000000000000000
maximum_volume: 1.0000000000000000
maximum_shape: 0.0000001000000000
maximum_dsigma: 0.0100000000000000
mod: 10
pmod: 10
optimize: 1
verbose: 1
snapshot: 0
display: 1
explore: 1
npt: 1
nptxy: 0
nptdxdy: 0
shape: 0
seed: 789595
-277.411027913580 60.912910656830 0.866025403784 -0.500000000000
110.498333166797 -28.298273789487 0.866025403784 0.500000000000
71.559025971010 -164.432226204155 0.000000000000 1.000000000000
-236.928144509206 -263.727539535135 0.866025403784 0.500000000000
159.671889471190 139.777730920990 0.000000000000 1.000000000000
-34.686716677357 -63.161361563491 0.866025403784 -0.500000000000
-25.614577754235 454.557788632476 0.866025403784 0.500000000000
57.114567139268 60.852178625961 0.000000000000 1.000000000000
88.197388024128 54.995193470460 0.866025403784 -0.500000000000
-89.888671756012 18.736616820177 0.000000000000 1.000000000000
59.593690742356 305.548170590499 0.866025403784 0.500000000000
-9.796436475371 16.071671404254 0.866025403784 -0.500000000000
331.422501830873 -34.684376758228 0.866025403784 -0.500000000000
329.137990422740 267.190106079783 0.866025403784 0.500000000000
107.790788355810 19.330114136783 0.866025403784 0.500000000000
157.320314138750 -314.627101283613 0.000000000000 1.000000000000
-43.793289792722 -108.613238206329 0.866025403784 0.500000000000
-230.541350848608 -35.553500596675 0.000000000000 1.000000000000
-33.809664850214 -109.808749812620 0.866025403784 -0.500000000000
61.998039826771 182.103261752140 0.866025403784 0.500000000000
