#Configurational_file created 2018-09-14 11:58:16  started 2018-09-14 11:58:16 run for 0.0s steps 0
name: p_691
step: 10000
specie: 20
	particle_diameter: 1.0000000000000000
	interaction_length: 1.2000000000000000
	number_of_patches: 3
	number_of_particles_per_compound: 1
	rod_length: 1.0000000000000000
	interaction_matrix:  1.000000 1.000000 1.000000 1.000000 1.000000 1.000000 1.000000 1.000000 1.000000
	patch_type: symmetric
	patch_width: 8.0000000000000000
	patch_angle: 0.0000000000000000
	angles:  0.000000 0.000000 0.000000
	grand_canonical: 0
	chemical_potential: 0.0000000000000000
box: 49.046899 49.046899
copy: 1.000000 1.000000
epsilon: 0.0041680000000000
end_epsilon: 0.0000000000000000
pressure: 0.0625000000000000
lambda: 0.0000000000000000
lambda_coupling: 1.0000000000000000
uy: 0.0000000000000000
maximum_displacement: 1.0000000000000000
maximum_rotation: 1.0000000000000000
maximum_volume: 1.0000000000000000
maximum_shape: 0.0000001000000000
maximum_dsigma: 0.0100000000000000
mod: 10
pmod: 10
optimize: 1
verbose: 1
snapshot: 0
display: 1
explore: 1
npt: 1
nptxy: 0
nptdxdy: 0
shape: 0
seed: 788458
8.738867966575 -104.782890615301 0.866025403784 0.500000000000
-345.477043130695 -162.913961837413 0.866025403784 0.500000000000
133.949247200420 177.642394396499 0.000000000000 1.000000000000
-66.288689398295 214.105539754545 0.866025403784 0.500000000000
-140.144727083246 43.470784852644 0.000000000000 1.000000000000
-14.852027051992 -90.242297942496 0.000000000000 1.000000000000
-24.366195782107 9.026578440854 0.866025403784 0.500000000000
-75.929515754563 376.668461501148 0.866025403784 0.500000000000
42.356150668289 -53.565621658594 0.866025403784 0.500000000000
19.192685566187 -169.159116717456 0.000000000000 1.000000000000
372.584242493390 -14.140929003717 0.866025403784 0.500000000000
56.263331357599 228.229310433146 0.866025403784 0.500000000000
161.001130919817 7.806535635876 0.866025403784 -0.500000000000
-47.621003256384 141.793233837139 0.866025403784 -0.500000000000
-99.923898478626 54.720466787869 0.866025403784 -0.500000000000
-61.011537180593 153.654468516322 0.866025403784 0.500000000000
21.632589548072 79.421214223816 0.866025403784 0.500000000000
-48.217545055255 7.434904300703 0.866025403784 0.500000000000
-243.542885508751 132.030254774628 0.866025403784 -0.500000000000
-229.048521239410 -31.307304055927 0.000000000000 1.000000000000
