#Configurational_file created 2018-09-14 11:30:37  started 2018-09-14 11:30:37 run for 0.0s steps 0
name: p_691
step: 10000
specie: 20
	particle_diameter: 1.0000000000000000
	interaction_length: 1.2000000000000000
	number_of_patches: 3
	number_of_particles_per_compound: 1
	rod_length: 1.0000000000000000
	interaction_matrix:  1.000000 1.000000 1.000000 1.000000 1.000000 1.000000 1.000000 1.000000 1.000000
	patch_type: symmetric
	patch_width: 8.0000000000000000
	patch_angle: 0.0000000000000000
	angles:  0.000000 0.000000 0.000000
	grand_canonical: 0
	chemical_potential: 0.0000000000000000
box: 23.402623 23.402623
copy: 1.000000 1.000000
epsilon: 0.0417580000000000
end_epsilon: 0.0000000000000000
pressure: 1.2500370000000001
lambda: 0.0000000000000000
lambda_coupling: 1.0000000000000000
uy: 0.0000000000000000
maximum_displacement: 1.0000000000000000
maximum_rotation: 1.0000000000000000
maximum_volume: 1.0000000000000000
maximum_shape: 0.0000001000000000
maximum_dsigma: 0.0100000000000000
mod: 10
pmod: 10
optimize: 1
verbose: 1
snapshot: 0
display: 1
explore: 1
npt: 1
nptxy: 0
nptdxdy: 0
shape: 0
seed: 788458
-184.628180352655 134.729193792376 0.866025403784 0.500000000000
-66.767173450659 -298.912245075675 0.866025403784 0.500000000000
110.538339479423 -39.632773124568 0.866025403784 0.500000000000
77.420985733793 68.346156889327 0.866025403784 0.500000000000
192.149739159523 97.131631081235 0.866025403784 -0.500000000000
105.724117097360 19.291489293602 0.866025403784 -0.500000000000
-22.252641505853 100.653864064800 0.866025403784 0.500000000000
95.890740816396 15.895880981715 0.000000000000 1.000000000000
179.410114033954 -73.235035577079 0.000000000000 1.000000000000
40.867069592581 -107.724696422026 0.866025403784 0.500000000000
-4.161683616367 67.450934903041 0.000000000000 1.000000000000
21.683459654945 62.728759416836 0.000000000000 1.000000000000
108.301756489477 200.505248870351 0.866025403784 -0.500000000000
-108.136447436048 178.645933940588 0.866025403784 -0.500000000000
91.064429109224 2.263200511705 0.000000000000 1.000000000000
-122.524682039492 -12.838234827655 0.866025403784 0.500000000000
-7.329344227205 -127.124754916519 0.866025403784 -0.500000000000
86.748805648860 -28.658235801335 0.866025403784 -0.500000000000
36.452802213084 -52.844021191724 0.000000000000 1.000000000000
-196.193248340773 47.385064703327 0.866025403784 -0.500000000000
