#Configurational_file created 2018-09-14 11:30:40  started 2018-09-14 11:30:39 run for 1.0s steps 0
name: p_695
step: 10000
specie: 20
	particle_diameter: 1.0000000000000000
	interaction_length: 1.2000000000000000
	number_of_patches: 3
	number_of_particles_per_compound: 1
	rod_length: 1.0000000000000000
	interaction_matrix:  1.000000 1.000000 1.000000 1.000000 1.000000 1.000000 1.000000 1.000000 1.000000
	patch_type: symmetric
	patch_width: 8.0000000000000000
	patch_angle: 0.0000000000000000
	angles:  0.000000 0.000000 0.000000
	grand_canonical: 0
	chemical_potential: 0.0000000000000000
box: 17.362632 17.362632
copy: 1.000000 1.000000
epsilon: 0.0417580000000000
end_epsilon: 0.0000000000000000
pressure: 1.5833539999999999
lambda: 0.0000000000000000
lambda_coupling: 1.0000000000000000
uy: 0.0000000000000000
maximum_displacement: 1.0000000000000000
maximum_rotation: 1.0000000000000000
maximum_volume: 1.0000000000000000
maximum_shape: 0.0000001000000000
maximum_dsigma: 0.0100000000000000
mod: 10
pmod: 10
optimize: 1
verbose: 1
snapshot: 0
display: 1
explore: 1
npt: 1
nptxy: 0
nptdxdy: 0
shape: 0
seed: 793006
41.983537984654 31.022082128032 0.866025403784 0.500000000000
-51.488697783156 -113.006179961251 0.866025403784 -0.500000000000
140.366437628691 60.049814458165 0.000000000000 1.000000000000
40.455364982374 73.475590094564 0.866025403784 0.500000000000
69.858848914086 33.069617930835 0.866025403784 0.500000000000
204.759536428906 129.772887482839 0.866025403784 0.500000000000
18.659342651225 -103.203367661411 0.866025403784 0.500000000000
-63.864079952006 -2.963108868739 0.000000000000 1.000000000000
53.351998559055 -178.680396160497 0.866025403784 -0.500000000000
-276.475126093030 -11.167171937705 0.866025403784 0.500000000000
-248.261505057444 14.243177886678 0.000000000000 1.000000000000
-104.285711473288 111.142277058730 0.866025403784 0.500000000000
39.016858933566 -38.422047210387 0.866025403784 0.500000000000
66.564883514647 -201.467063988900 0.866025403784 -0.500000000000
100.278237379170 -39.317399413595 0.866025403784 0.500000000000
20.281901306443 164.669655904370 0.866025403784 0.500000000000
10.379500802647 68.974378298505 0.866025403784 -0.500000000000
-160.684098315690 58.489198907627 0.866025403784 -0.500000000000
-66.872811413238 -18.539066131194 0.866025403784 -0.500000000000
12.133036926209 -50.401837701060 0.866025403784 -0.500000000000
