#Configurational_file created 2018-09-14 11:58:18  started 2018-09-14 11:58:17 run for 1.0s steps 0
name: p_693
step: 10000
specie: 20
	particle_diameter: 1.0000000000000000
	interaction_length: 1.2000000000000000
	number_of_patches: 3
	number_of_particles_per_compound: 1
	rod_length: 1.0000000000000000
	interaction_matrix:  1.000000 1.000000 1.000000 1.000000 1.000000 1.000000 1.000000 1.000000 1.000000
	patch_type: symmetric
	patch_width: 8.0000000000000000
	patch_angle: 0.0000000000000000
	angles:  0.000000 0.000000 0.000000
	grand_canonical: 0
	chemical_potential: 0.0000000000000000
box: 53.734971 53.734971
copy: 1.000000 1.000000
epsilon: 0.0041680000000000
end_epsilon: 0.0000000000000000
pressure: 0.0708340000000000
lambda: 0.0000000000000000
lambda_coupling: 1.0000000000000000
uy: 0.0000000000000000
maximum_displacement: 1.0000000000000000
maximum_rotation: 1.0000000000000000
maximum_volume: 1.0000000000000000
maximum_shape: 0.0000001000000000
maximum_dsigma: 0.0100000000000000
mod: 10
pmod: 10
optimize: 1
verbose: 1
snapshot: 0
display: 1
explore: 1
npt: 1
nptxy: 0
nptdxdy: 0
shape: 0
seed: 790732
-7.606397595512 275.078162814706 0.866025403784 -0.500000000000
-93.113996628994 34.397671838410 0.866025403784 0.500000000000
51.246929194151 37.222918256209 0.866025403784 -0.500000000000
-418.836083322064 -249.825915750853 0.866025403784 -0.500000000000
-135.007424816546 289.167890917063 0.866025403784 -0.500000000000
-65.653080187392 308.032511668332 0.000000000000 1.000000000000
85.908816863144 -210.909311743425 0.000000000000 1.000000000000
-72.240175499657 -40.363391503003 0.866025403784 -0.500000000000
111.551271115199 -195.159522149881 0.000000000000 1.000000000000
306.428205925027 -18.462114040328 0.866025403784 0.500000000000
121.179116264774 -101.409931832134 0.866025403784 0.500000000000
216.593387949453 138.772727628139 0.000000000000 1.000000000000
169.348964501280 -414.205946592831 0.000000000000 1.000000000000
-134.998820409946 187.346928966684 0.866025403784 -0.500000000000
-0.584359937119 -3.230252322426 0.866025403784 0.500000000000
212.531916559357 -332.069390779302 0.866025403784 0.500000000000
135.487498161671 -135.601253301937 0.000000000000 1.000000000000
110.120354283474 140.980772659689 0.866025403784 -0.500000000000
-316.755535685388 -65.195454260375 0.866025403784 -0.500000000000
-31.712102243724 166.630032418130 0.000000000000 1.000000000000
