#Configurational_file created 2018-09-14 11:30:41  started 2018-09-14 11:30:40 run for 1.0s steps 0
name: p_696
step: 10000
specie: 20
	particle_diameter: 1.0000000000000000
	interaction_length: 1.2000000000000000
	number_of_patches: 3
	number_of_particles_per_compound: 1
	rod_length: 1.0000000000000000
	interaction_matrix:  1.000000 1.000000 1.000000 1.000000 1.000000 1.000000 1.000000 1.000000 1.000000
	patch_type: symmetric
	patch_width: 8.0000000000000000
	patch_angle: 0.0000000000000000
	angles:  0.000000 0.000000 0.000000
	grand_canonical: 0
	chemical_potential: 0.0000000000000000
box: 16.711104 16.711104
copy: 1.000000 1.000000
epsilon: 0.0417580000000000
end_epsilon: 0.0000000000000000
pressure: 1.6666829999999999
lambda: 0.0000000000000000
lambda_coupling: 1.0000000000000000
uy: 0.0000000000000000
maximum_displacement: 1.0000000000000000
maximum_rotation: 1.0000000000000000
maximum_volume: 1.0000000000000000
maximum_shape: 0.0000001000000000
maximum_dsigma: 0.0100000000000000
mod: 10
pmod: 10
optimize: 1
verbose: 1
snapshot: 0
display: 1
explore: 1
npt: 1
nptxy: 0
nptdxdy: 0
shape: 0
seed: 794143
143.904831013930 -22.848746505297 0.866025403784 -0.500000000000
-23.135867424767 21.372397791544 0.000000000000 1.000000000000
12.934322211965 -54.879024485637 0.000000000000 1.000000000000
3.603411833437 -6.121552962604 0.866025403784 0.500000000000
-15.018599956398 -16.421925418594 0.866025403784 -0.500000000000
4.838720723249 -29.576241212900 0.000000000000 1.000000000000
52.685049172179 83.316607251233 0.000000000000 1.000000000000
-66.115488319732 60.075220840740 0.866025403784 0.500000000000
-72.957580364716 -174.910535004078 0.866025403784 0.500000000000
-138.811168434159 -63.867380446594 0.866025403784 -0.500000000000
-97.929029228138 -35.969809213767 0.866025403784 -0.500000000000
35.497048309680 -42.641865570943 0.866025403784 -0.500000000000
60.886034180299 -138.685928660455 0.000000000000 1.000000000000
-43.871292985572 64.362330583034 0.000000000000 1.000000000000
154.188748544254 -127.230761028980 0.866025403784 0.500000000000
74.492615909575 -90.268019517950 0.000000000000 1.000000000000
-29.760428732218 -4.263640109426 0.000000000000 1.000000000000
32.665893848729 36.733281358152 0.000000000000 1.000000000000
-50.514841770037 -44.953033590605 0.866025403784 0.500000000000
146.092144059698 6.655688848882 0.000000000000 1.000000000000
