#Configurational_file created 2018-09-14 11:30:38  started 2018-09-14 11:30:37 run for 1.0s steps 0
name: p_692
step: 10000
specie: 20
	particle_diameter: 1.0000000000000000
	interaction_length: 1.2000000000000000
	number_of_patches: 3
	number_of_particles_per_compound: 1
	rod_length: 1.0000000000000000
	interaction_matrix:  1.000000 1.000000 1.000000 1.000000 1.000000 1.000000 1.000000 1.000000 1.000000
	patch_type: symmetric
	patch_width: 8.0000000000000000
	patch_angle: 0.0000000000000000
	angles:  0.000000 0.000000 0.000000
	grand_canonical: 0
	chemical_potential: 0.0000000000000000
box: 18.574282 18.574282
copy: 1.000000 1.000000
epsilon: 0.0417580000000000
end_epsilon: 0.0000000000000000
pressure: 1.3333670000000000
lambda: 0.0000000000000000
lambda_coupling: 1.0000000000000000
uy: 0.0000000000000000
maximum_displacement: 1.0000000000000000
maximum_rotation: 1.0000000000000000
maximum_volume: 1.0000000000000000
maximum_shape: 0.0000001000000000
maximum_dsigma: 0.0100000000000000
mod: 10
pmod: 10
optimize: 1
verbose: 1
snapshot: 0
display: 1
explore: 1
npt: 1
nptxy: 0
nptdxdy: 0
shape: 0
seed: 789595
80.648574301146 -38.133175453757 0.000000000000 1.000000000000
35.181354189146 -93.299784865742 0.000000000000 1.000000000000
20.985509750967 -103.219781155440 0.000000000000 1.000000000000
-44.936394066464 -45.524747330100 0.866025403784 0.500000000000
45.477146461455 134.474742695703 0.000000000000 1.000000000000
-40.573919517632 110.774618788463 0.866025403784 0.500000000000
-78.048941703574 204.788976472497 0.866025403784 0.500000000000
-27.441098294972 140.787851105552 0.866025403784 0.500000000000
116.633502241886 -35.244911502431 0.866025403784 -0.500000000000
16.584075573328 -6.830554982504 0.000000000000 1.000000000000
86.673959482611 68.168389068763 0.866025403784 -0.500000000000
29.843205736303 68.169229414065 0.866025403784 -0.500000000000
181.534850215815 -27.506970688615 0.000000000000 1.000000000000
27.672654708350 143.659258110481 0.866025403784 -0.500000000000
89.228144518217 -32.567132849962 0.866025403784 0.500000000000
-19.958207202055 -78.001971831266 0.866025403784 0.500000000000
63.433924990543 -70.393429089503 0.866025403784 -0.500000000000
-41.388683261082 -45.833807966223 0.866025403784 -0.500000000000
85.644545394181 56.043018490684 0.866025403784 -0.500000000000
-113.874779326367 267.766849810395 0.000000000000 1.000000000000
