#Configurational_file created 2018-09-14 11:30:41  started 2018-09-14 11:30:41 run for 0.0s steps 0
name: p_697
step: 10000
specie: 20
	particle_diameter: 1.0000000000000000
	interaction_length: 1.2000000000000000
	number_of_patches: 3
	number_of_particles_per_compound: 1
	rod_length: 1.0000000000000000
	interaction_matrix:  1.000000 1.000000 1.000000 1.000000 1.000000 1.000000 1.000000 1.000000 1.000000
	patch_type: symmetric
	patch_width: 8.0000000000000000
	patch_angle: 0.0000000000000000
	angles:  0.000000 0.000000 0.000000
	grand_canonical: 0
	chemical_potential: 0.0000000000000000
box: 19.307442 19.307442
copy: 1.000000 1.000000
epsilon: 0.0417580000000000
end_epsilon: 0.0000000000000000
pressure: 1.7500119999999999
lambda: 0.0000000000000000
lambda_coupling: 1.0000000000000000
uy: 0.0000000000000000
maximum_displacement: 1.0000000000000000
maximum_rotation: 1.0000000000000000
maximum_volume: 1.0000000000000000
maximum_shape: 0.0000001000000000
maximum_dsigma: 0.0100000000000000
mod: 10
pmod: 10
optimize: 1
verbose: 1
snapshot: 0
display: 1
explore: 1
npt: 1
nptxy: 0
nptdxdy: 0
shape: 0
seed: 795280
-54.938802463622 -68.967771581346 0.866025403784 0.500000000000
59.499661567527 -146.364102103650 0.000000000000 1.000000000000
13.987395489534 -58.972423558808 0.866025403784 0.500000000000
47.783485540398 -33.169080077971 0.866025403784 0.500000000000
62.168670201945 -80.061346520316 0.000000000000 1.000000000000
-43.951783117258 158.933946022065 0.000000000000 1.000000000000
-59.990442210716 -175.122516896703 0.000000000000 1.000000000000
-28.651435665390 -102.221884453325 0.866025403784 -0.500000000000
-55.638680224462 -321.854722883425 0.866025403784 -0.500000000000
35.493206243460 82.273236662973 0.866025403784 0.500000000000
155.262486034406 -161.593050598427 0.000000000000 1.000000000000
-121.912646042972 -182.224527640502 0.866025403784 0.500000000000
92.008004676859 -28.368946987535 0.866025403784 -0.500000000000
-87.330781043005 41.769065366971 0.866025403784 0.500000000000
44.455225006381 46.114895266358 0.866025403784 0.500000000000
-190.421245000070 -137.365389078319 0.866025403784 -0.500000000000
83.373220652409 74.510569326664 0.866025403784 -0.500000000000
-212.138433020957 172.651023257086 0.866025403784 -0.500000000000
-45.958593385094 -25.465534986179 0.866025403784 -0.500000000000
-181.873113257107 367.941969596356 0.866025403784 -0.500000000000
