#Configurational_file created 2018-09-14 11:58:22  started 2018-09-14 11:58:22 run for 0.0s steps 0
name: p_699
step: 10000
specie: 20
	particle_diameter: 1.0000000000000000
	interaction_length: 1.2000000000000000
	number_of_patches: 3
	number_of_particles_per_compound: 1
	rod_length: 1.0000000000000000
	interaction_matrix:  1.000000 1.000000 1.000000 1.000000 1.000000 1.000000 1.000000 1.000000 1.000000
	patch_type: symmetric
	patch_width: 8.0000000000000000
	patch_angle: 0.0000000000000000
	angles:  0.000000 0.000000 0.000000
	grand_canonical: 0
	chemical_potential: 0.0000000000000000
box: 43.102157 43.102157
copy: 1.000000 1.000000
epsilon: 0.0041680000000000
end_epsilon: 0.0000000000000000
pressure: 0.0958330000000000
lambda: 0.0000000000000000
lambda_coupling: 1.0000000000000000
uy: 0.0000000000000000
maximum_displacement: 1.0000000000000000
maximum_rotation: 1.0000000000000000
maximum_volume: 1.0000000000000000
maximum_shape: 0.0000001000000000
maximum_dsigma: 0.0100000000000000
mod: 10
pmod: 10
optimize: 1
verbose: 1
snapshot: 0
display: 1
explore: 1
npt: 1
nptxy: 0
nptdxdy: 0
shape: 0
seed: 797554
11.736728400653 -142.531550676353 0.000000000000 1.000000000000
-85.517321516516 -333.143863986521 0.866025403784 0.500000000000
-276.089958295119 28.444279890568 0.000000000000 1.000000000000
158.172218654045 104.025300735382 0.000000000000 1.000000000000
-180.632103004011 21.441151756013 0.866025403784 -0.500000000000
-51.245440925852 -203.722468760652 0.866025403784 0.500000000000
85.412412733317 89.073792221452 0.000000000000 1.000000000000
-77.661850572928 69.712417275552 0.866025403784 0.500000000000
219.528318103710 87.875038624788 0.866025403784 0.500000000000
46.808133847476 153.561144924105 0.866025403784 0.500000000000
-19.199936070820 -63.565066334320 0.000000000000 1.000000000000
-91.231258538882 196.672906264738 0.866025403784 0.500000000000
-50.002524772655 208.965858573834 0.866025403784 0.500000000000
191.882843526179 13.901382989522 0.000000000000 1.000000000000
140.074050349344 131.210002158022 0.866025403784 0.500000000000
352.202878800713 14.597022974179 0.866025403784 -0.500000000000
-154.834772506496 -178.426809484838 0.000000000000 1.000000000000
102.868699128323 -11.404695248465 0.866025403784 0.500000000000
-55.712222960427 16.797512038940 0.000000000000 1.000000000000
-174.354507219948 86.562045585827 0.866025403784 0.500000000000
