#Configurational_file created 2018-09-14 11:58:22  started 2018-09-14 11:58:21 run for 1.0s steps 0
name: p_698
step: 10000
specie: 20
	particle_diameter: 1.0000000000000000
	interaction_length: 1.2000000000000000
	number_of_patches: 3
	number_of_particles_per_compound: 1
	rod_length: 1.0000000000000000
	interaction_matrix:  1.000000 1.000000 1.000000 1.000000 1.000000 1.000000 1.000000 1.000000 1.000000
	patch_type: symmetric
	patch_width: 8.0000000000000000
	patch_angle: 0.0000000000000000
	angles:  0.000000 0.000000 0.000000
	grand_canonical: 0
	chemical_potential: 0.0000000000000000
box: 44.509358 44.509358
copy: 1.000000 1.000000
epsilon: 0.0041680000000000
end_epsilon: 0.0000000000000000
pressure: 0.0916670000000000
lambda: 0.0000000000000000
lambda_coupling: 1.0000000000000000
uy: 0.0000000000000000
maximum_displacement: 1.0000000000000000
maximum_rotation: 1.0000000000000000
maximum_volume: 1.0000000000000000
maximum_shape: 0.0000001000000000
maximum_dsigma: 0.0100000000000000
mod: 10
pmod: 10
optimize: 1
verbose: 1
snapshot: 0
display: 1
explore: 1
npt: 1
nptxy: 0
nptdxdy: 0
shape: 0
seed: 796417
137.294278461699 -73.045031525774 0.866025403784 0.500000000000
-126.501095229382 130.610240140073 0.866025403784 -0.500000000000
144.827843082642 -288.030838152356 0.866025403784 0.500000000000
-145.933126051428 -44.837720066292 0.000000000000 1.000000000000
-137.610116911912 64.877133396534 0.866025403784 0.500000000000
178.251855144226 187.070599782352 0.000000000000 1.000000000000
14.109310168834 126.870812714672 0.866025403784 0.500000000000
-118.993484635458 -289.897750194196 0.866025403784 -0.500000000000
82.034857455284 -174.750995090561 0.866025403784 0.500000000000
289.196725989513 303.007298864712 0.866025403784 0.500000000000
196.654393017022 -104.374220683547 0.866025403784 0.500000000000
-87.892501079984 -62.925951675222 0.866025403784 -0.500000000000
137.098028971911 322.125992715588 0.866025403784 -0.500000000000
61.432318078325 250.409324015365 0.000000000000 1.000000000000
-24.926996985727 -56.610924186701 0.000000000000 1.000000000000
82.368634598525 -166.283496600378 0.866025403784 0.500000000000
83.968560338882 157.792602078159 0.866025403784 0.500000000000
128.129816603766 -138.893533991267 0.866025403784 -0.500000000000
-118.867081484216 -128.746559669834 0.866025403784 0.500000000000
10.950693142180 162.853835182498 0.000000000000 1.000000000000
