#Configurational_file created 2018-09-14 11:30:43  started 2018-09-14 11:30:42 run for 1.0s steps 0
name: p_699
step: 10000
specie: 20
	particle_diameter: 1.0000000000000000
	interaction_length: 1.2000000000000000
	number_of_patches: 3
	number_of_particles_per_compound: 1
	rod_length: 1.0000000000000000
	interaction_matrix:  1.000000 1.000000 1.000000 1.000000 1.000000 1.000000 1.000000 1.000000 1.000000
	patch_type: symmetric
	patch_width: 8.0000000000000000
	patch_angle: 0.0000000000000000
	angles:  0.000000 0.000000 0.000000
	grand_canonical: 0
	chemical_potential: 0.0000000000000000
box: 18.938464 18.938464
copy: 1.000000 1.000000
epsilon: 0.0417580000000000
end_epsilon: 0.0000000000000000
pressure: 1.9166710000000000
lambda: 0.0000000000000000
lambda_coupling: 1.0000000000000000
uy: 0.0000000000000000
maximum_displacement: 1.0000000000000000
maximum_rotation: 1.0000000000000000
maximum_volume: 1.0000000000000000
maximum_shape: 0.0000001000000000
maximum_dsigma: 0.0100000000000000
mod: 10
pmod: 10
optimize: 1
verbose: 1
snapshot: 0
display: 1
explore: 1
npt: 1
nptxy: 0
nptdxdy: 0
shape: 0
seed: 797554
-103.961457428665 -66.380885413339 0.866025403784 -0.500000000000
-70.060652892725 -146.792078122805 0.866025403784 0.500000000000
-123.521854167358 44.364954679349 0.866025403784 0.500000000000
78.313083110197 -112.222865272183 0.000000000000 1.000000000000
83.315087942965 305.343382981849 0.866025403784 0.500000000000
-105.973593611046 17.380673238344 0.866025403784 0.500000000000
67.347989376560 95.356024686613 0.866025403784 0.500000000000
-9.917563861212 -62.372112528912 0.866025403784 0.500000000000
191.538436741113 11.840559546118 0.866025403784 0.500000000000
202.929038217950 60.835828210684 0.866025403784 0.500000000000
-60.126834346068 127.120122954633 0.866025403784 -0.500000000000
86.841656924607 -12.368745662435 0.000000000000 1.000000000000
-272.506203856162 -33.703132599279 0.866025403784 -0.500000000000
4.224558223181 -103.467848928954 0.866025403784 -0.500000000000
100.614857735283 -37.187595787425 0.866025403784 0.500000000000
42.832118649366 -11.404903255566 0.866025403784 0.500000000000
-74.362961720644 -70.174266261681 0.000000000000 1.000000000000
198.552898589816 54.073073219702 0.000000000000 1.000000000000
-106.555439259701 -18.902228250790 0.000000000000 1.000000000000
-155.323294409245 14.855247619813 0.866025403784 -0.500000000000
