#Configurational_file created 2018-09-14 11:30:39  started 2018-09-14 11:30:39 run for 0.0s steps 0
name: p_694
step: 10000
specie: 20
	particle_diameter: 1.0000000000000000
	interaction_length: 1.2000000000000000
	number_of_patches: 3
	number_of_particles_per_compound: 1
	rod_length: 1.0000000000000000
	interaction_matrix:  1.000000 1.000000 1.000000 1.000000 1.000000 1.000000 1.000000 1.000000 1.000000
	patch_type: symmetric
	patch_width: 8.0000000000000000
	patch_angle: 0.0000000000000000
	angles:  0.000000 0.000000 0.000000
	grand_canonical: 0
	chemical_potential: 0.0000000000000000
box: 22.753959 22.753959
copy: 1.000000 1.000000
epsilon: 0.0417580000000000
end_epsilon: 0.0000000000000000
pressure: 1.5000249999999999
lambda: 0.0000000000000000
lambda_coupling: 1.0000000000000000
uy: 0.0000000000000000
maximum_displacement: 1.0000000000000000
maximum_rotation: 1.0000000000000000
maximum_volume: 1.0000000000000000
maximum_shape: 0.0000001000000000
maximum_dsigma: 0.0100000000000000
mod: 10
pmod: 10
optimize: 1
verbose: 1
snapshot: 0
display: 1
explore: 1
npt: 1
nptxy: 0
nptdxdy: 0
shape: 0
seed: 791869
79.868062911430 22.636123449676 0.866025403784 -0.500000000000
67.739314813338 4.453316983402 0.000000000000 1.000000000000
-202.550478476768 7.920750333948 0.866025403784 0.500000000000
38.144756187080 -94.285376761188 0.866025403784 0.500000000000
153.731398098051 17.740803378563 0.000000000000 1.000000000000
104.336572263286 134.972002421669 0.866025403784 0.500000000000
89.863796471609 34.892249919815 0.866025403784 0.500000000000
64.449851525090 236.729980240130 0.866025403784 -0.500000000000
-77.634767156948 -40.088547206565 0.866025403784 -0.500000000000
3.890154687144 -44.676081139443 0.866025403784 -0.500000000000
3.495938659779 3.703703285339 0.866025403784 -0.500000000000
-126.587302537673 11.582216661014 0.866025403784 0.500000000000
21.884348440516 15.932517252279 0.866025403784 0.500000000000
56.908271377364 165.433805807189 0.866025403784 -0.500000000000
-141.665394896789 -16.346138556729 0.000000000000 1.000000000000
-296.223086530227 -171.750115867003 0.000000000000 1.000000000000
55.521204374421 -25.377537242249 0.866025403784 -0.500000000000
2.629824626557 -10.251559639003 0.866025403784 0.500000000000
-156.260130028573 78.528630731380 0.866025403784 0.500000000000
94.157400820560 -39.576436787056 0.866025403784 -0.500000000000
