#Configurational_file created 2018-09-14 11:58:21  started 2018-09-14 11:58:20 run for 1.0s steps 0
name: p_697
step: 10000
specie: 20
	particle_diameter: 1.0000000000000000
	interaction_length: 1.2000000000000000
	number_of_patches: 3
	number_of_particles_per_compound: 1
	rod_length: 1.0000000000000000
	interaction_matrix:  1.000000 1.000000 1.000000 1.000000 1.000000 1.000000 1.000000 1.000000 1.000000
	patch_type: symmetric
	patch_width: 8.0000000000000000
	patch_angle: 0.0000000000000000
	angles:  0.000000 0.000000 0.000000
	grand_canonical: 0
	chemical_potential: 0.0000000000000000
box: 50.064285 50.064285
copy: 1.000000 1.000000
epsilon: 0.0041680000000000
end_epsilon: 0.0000000000000000
pressure: 0.0875000000000000
lambda: 0.0000000000000000
lambda_coupling: 1.0000000000000000
uy: 0.0000000000000000
maximum_displacement: 1.0000000000000000
maximum_rotation: 1.0000000000000000
maximum_volume: 1.0000000000000000
maximum_shape: 0.0000001000000000
maximum_dsigma: 0.0100000000000000
mod: 10
pmod: 10
optimize: 1
verbose: 1
snapshot: 0
display: 1
explore: 1
npt: 1
nptxy: 0
nptdxdy: 0
shape: 0
seed: 795280
341.637426875845 -49.776090033685 0.866025403784 -0.500000000000
152.694742053013 12.185114180176 0.866025403784 -0.500000000000
-101.855517095406 -63.670093028928 0.000000000000 1.000000000000
-193.534156384579 -247.159625893528 0.000000000000 1.000000000000
16.546488703335 77.567085270244 0.000000000000 1.000000000000
-82.926012484982 153.027961312362 0.866025403784 -0.500000000000
-252.238549889075 -52.706656656773 0.866025403784 -0.500000000000
4.743324286119 -144.157130945053 0.866025403784 -0.500000000000
-125.966658761314 -170.463014487559 0.866025403784 0.500000000000
-163.568434159671 -85.118715707023 0.866025403784 -0.500000000000
-7.380764545768 -69.258861412982 0.000000000000 1.000000000000
-165.727552081964 -385.289902086760 0.000000000000 1.000000000000
-178.337187679887 46.385608441281 0.866025403784 -0.500000000000
-89.232206830836 120.467089195229 0.866025403784 0.500000000000
158.510842299020 -189.561864222431 0.000000000000 1.000000000000
-22.407632082918 -111.277326455021 0.000000000000 1.000000000000
102.938402884354 -20.585357083247 0.000000000000 1.000000000000
134.070095214431 334.216455384397 0.866025403784 0.500000000000
-69.349062396032 268.599105135321 0.000000000000 1.000000000000
-274.627725859667 4.314013588306 0.866025403784 -0.500000000000
