#Configurational_file created 2018-09-14 11:58:19  started 2018-09-14 11:58:19 run for 0.0s steps 0
name: p_695
step: 10000
specie: 20
	particle_diameter: 1.0000000000000000
	interaction_length: 1.2000000000000000
	number_of_patches: 3
	number_of_particles_per_compound: 1
	rod_length: 1.0000000000000000
	interaction_matrix:  1.000000 1.000000 1.000000 1.000000 1.000000 1.000000 1.000000 1.000000 1.000000
	patch_type: symmetric
	patch_width: 8.0000000000000000
	patch_angle: 0.0000000000000000
	angles:  0.000000 0.000000 0.000000
	grand_canonical: 0
	chemical_potential: 0.0000000000000000
box: 45.466576 45.466576
copy: 1.000000 1.000000
epsilon: 0.0041680000000000
end_epsilon: 0.0000000000000000
pressure: 0.0791670000000000
lambda: 0.0000000000000000
lambda_coupling: 1.0000000000000000
uy: 0.0000000000000000
maximum_displacement: 1.0000000000000000
maximum_rotation: 1.0000000000000000
maximum_volume: 1.0000000000000000
maximum_shape: 0.0000001000000000
maximum_dsigma: 0.0100000000000000
mod: 10
pmod: 10
optimize: 1
verbose: 1
snapshot: 0
display: 1
explore: 1
npt: 1
nptxy: 0
nptdxdy: 0
shape: 0
seed: 793006
356.279524594185 113.103308627859 0.866025403784 0.500000000000
-51.182824844809 -23.783936595949 0.000000000000 1.000000000000
115.740347108735 -128.874550503270 0.000000000000 1.000000000000
174.372298846718 -97.008209678428 0.866025403784 0.500000000000
145.894266400511 -20.878132415508 0.866025403784 -0.500000000000
144.105226305050 17.499645822776 0.866025403784 0.500000000000
-104.721255096101 -42.540656519140 0.000000000000 1.000000000000
155.335612715354 -29.008129686267 0.000000000000 1.000000000000
202.023381233319 -8.105632595404 0.866025403784 -0.500000000000
68.108469989902 214.338346998058 0.000000000000 1.000000000000
-310.296798334555 357.750888271190 0.000000000000 1.000000000000
173.077113202683 -182.259798815766 0.866025403784 -0.500000000000
-123.469594308084 142.658295318314 0.000000000000 1.000000000000
44.785828830502 -173.574308208535 0.866025403784 -0.500000000000
-125.529545495233 -166.564078833153 0.866025403784 0.500000000000
-94.708028476172 35.604416519469 0.866025403784 0.500000000000
-151.962773997670 -152.903929856377 0.866025403784 -0.500000000000
-67.321648332101 370.141579609484 0.866025403784 -0.500000000000
140.081322499099 117.654438033391 0.000000000000 1.000000000000
102.743724351683 -59.726142353702 0.866025403784 -0.500000000000
