#Configurational_file created 2018-09-14 11:58:16  started 2018-09-14 11:58:15 run for 1.0s steps 0
name: p_690
step: 10000
specie: 20
	particle_diameter: 1.0000000000000000
	interaction_length: 1.2000000000000000
	number_of_patches: 3
	number_of_particles_per_compound: 1
	rod_length: 1.0000000000000000
	interaction_matrix:  1.000000 1.000000 1.000000 1.000000 1.000000 1.000000 1.000000 1.000000 1.000000
	patch_type: symmetric
	patch_width: 8.0000000000000000
	patch_angle: 0.0000000000000000
	angles:  0.000000 0.000000 0.000000
	grand_canonical: 0
	chemical_potential: 0.0000000000000000
box: 47.246880 47.246880
copy: 1.000000 1.000000
epsilon: 0.0041680000000000
end_epsilon: 0.0000000000000000
pressure: 0.0583340000000000
lambda: 0.0000000000000000
lambda_coupling: 1.0000000000000000
uy: 0.0000000000000000
maximum_displacement: 1.0000000000000000
maximum_rotation: 1.0000000000000000
maximum_volume: 1.0000000000000000
maximum_shape: 0.0000001000000000
maximum_dsigma: 0.0100000000000000
mod: 10
pmod: 10
optimize: 1
verbose: 1
snapshot: 0
display: 1
explore: 1
npt: 1
nptxy: 0
nptdxdy: 0
shape: 0
seed: 787321
165.581226954952 212.543962927026 0.866025403784 -0.500000000000
2.960466805591 108.752857697941 0.866025403784 0.500000000000
251.619562394624 -59.802746420557 0.000000000000 1.000000000000
-19.115713169072 -307.434349188182 0.866025403784 -0.500000000000
261.506984592614 -148.460016196019 0.866025403784 0.500000000000
178.966749109328 -96.813874279537 0.866025403784 0.500000000000
-383.379574195000 -0.380959477847 0.866025403784 0.500000000000
-59.277260077020 90.435878752935 0.866025403784 -0.500000000000
-4.999157798228 -200.867616764813 0.866025403784 -0.500000000000
61.875570150036 118.433499919871 0.866025403784 -0.500000000000
-316.209319909680 -134.909663272634 0.000000000000 1.000000000000
7.106229681083 -197.050758442336 0.866025403784 0.500000000000
-156.865885609019 42.835361810020 0.866025403784 0.500000000000
290.249757462090 23.912697753701 0.866025403784 0.500000000000
116.546522823246 -294.080324701799 0.866025403784 -0.500000000000
-79.867103863550 -190.976937736473 0.866025403784 -0.500000000000
306.249845505598 22.202561850674 0.866025403784 0.500000000000
95.372459101995 180.961369686557 0.866025403784 0.500000000000
138.435111911052 -57.661707649570 0.866025403784 0.500000000000
-223.553693065295 124.450570777250 0.866025403784 -0.500000000000
