#Configurational_file created 2018-09-14 12:20:15  started 2018-09-14 12:20:14 run for 1.0s steps 0
name: p_69
step: 10000
specie: 20
	particle_diameter: 1.0000000000000000
	interaction_length: 1.2000000000000000
	number_of_patches: 3
	number_of_particles_per_compound: 1
	rod_length: 1.0000000000000000
	interaction_matrix:  1.000000 1.000000 1.000000 1.000000 1.000000 1.000000 1.000000 1.000000 1.000000
	patch_type: symmetric
	patch_width: 8.0000000000000000
	patch_angle: 0.0000000000000000
	angles:  0.000000 0.000000 0.000000
	grand_canonical: 0
	chemical_potential: 0.0000000000000000
box: 46.290717 46.290717
copy: 1.000000 1.000000
epsilon: 0.7500010000000000
end_epsilon: 0.0000000000000000
pressure: 0.0000010000000000
lambda: 0.0000000000000000
lambda_coupling: 1.0000000000000000
uy: 0.0000000000000000
maximum_displacement: 1.0000000000000000
maximum_rotation: 1.0000000000000000
maximum_volume: 1.0000000000000000
maximum_shape: 0.0000001000000000
maximum_dsigma: 0.0100000000000000
mod: 10
pmod: 10
optimize: 1
verbose: 1
snapshot: 0
display: 1
explore: 1
npt: 1
nptxy: 0
nptdxdy: 0
shape: 0
seed: 81244
-40.774895744223 70.994096056881 0.866025403784 -0.500000000000
97.125639211906 -214.559365823256 0.866025403784 0.500000000000
-80.852859002255 -426.904440546012 0.866025403784 0.500000000000
166.992836274664 1.893484418405 0.866025403784 0.500000000000
89.341210162876 -315.559813167597 0.866025403784 0.500000000000
-18.347905663850 79.603989868569 0.000000000000 1.000000000000
102.085845321842 199.692758036340 0.866025403784 0.500000000000
7.984800566059 -54.816189196901 0.866025403784 -0.500000000000
13.826812491626 335.434301413673 0.866025403784 -0.500000000000
3.123442449192 -74.007904215038 0.866025403784 -0.500000000000
162.240852871396 -145.607132718930 0.000000000000 1.000000000000
-39.856798215349 -202.919075317810 0.866025403784 -0.500000000000
-110.825758183167 -52.152716252341 0.866025403784 -0.500000000000
-237.955658476649 377.658472993169 0.866025403784 0.500000000000
-27.129229411159 257.935129853128 0.866025403784 -0.500000000000
88.954766761710 221.236903158011 0.000000000000 1.000000000000
29.961151254653 -167.858538992492 0.866025403784 -0.500000000000
39.937441296461 -180.419064546384 0.000000000000 1.000000000000
-22.581597858150 -248.051136418172 0.000000000000 1.000000000000
-161.951185768361 109.995520133260 0.000000000000 1.000000000000
