#Configurational_file created 2018-09-14 11:30:39  started 2018-09-14 11:30:38 run for 1.0s steps 0
name: p_693
step: 10000
specie: 20
	particle_diameter: 1.0000000000000000
	interaction_length: 1.2000000000000000
	number_of_patches: 3
	number_of_particles_per_compound: 1
	rod_length: 1.0000000000000000
	interaction_matrix:  1.000000 1.000000 1.000000 1.000000 1.000000 1.000000 1.000000 1.000000 1.000000
	patch_type: symmetric
	patch_width: 8.0000000000000000
	patch_angle: 0.0000000000000000
	angles:  0.000000 0.000000 0.000000
	grand_canonical: 0
	chemical_potential: 0.0000000000000000
box: 23.338853 23.338853
copy: 1.000000 1.000000
epsilon: 0.0417580000000000
end_epsilon: 0.0000000000000000
pressure: 1.4166960000000000
lambda: 0.0000000000000000
lambda_coupling: 1.0000000000000000
uy: 0.0000000000000000
maximum_displacement: 1.0000000000000000
maximum_rotation: 1.0000000000000000
maximum_volume: 1.0000000000000000
maximum_shape: 0.0000001000000000
maximum_dsigma: 0.0100000000000000
mod: 10
pmod: 10
optimize: 1
verbose: 1
snapshot: 0
display: 1
explore: 1
npt: 1
nptxy: 0
nptdxdy: 0
shape: 0
seed: 790732
20.390021955982 59.551602298534 0.000000000000 1.000000000000
-136.836958410029 203.025246646030 0.000000000000 1.000000000000
178.846264205894 -88.125929460443 0.866025403784 -0.500000000000
-15.282918267438 -203.757847585419 0.000000000000 1.000000000000
-28.934657708438 -88.046942846488 0.866025403784 -0.500000000000
-245.897997513431 189.925283938935 0.866025403784 -0.500000000000
160.143599879806 -101.899909343429 0.866025403784 -0.500000000000
-136.626401646833 -86.284453900099 0.866025403784 -0.500000000000
-50.386762783744 -74.308275192435 0.000000000000 1.000000000000
198.611183802915 124.506260128627 0.866025403784 0.500000000000
-60.241878413491 -129.439723666982 0.866025403784 -0.500000000000
-117.847562867481 96.254781428720 0.866025403784 0.500000000000
-11.939711165653 -93.822267306522 0.866025403784 0.500000000000
-19.239875310901 59.326818428183 0.866025403784 -0.500000000000
60.566453707058 45.543985886083 0.866025403784 0.500000000000
-37.922077464684 -148.493017708925 0.000000000000 1.000000000000
74.828263748770 194.994014551066 0.000000000000 1.000000000000
-87.463930418639 14.578163731210 0.866025403784 -0.500000000000
-97.872546206364 -103.455703565042 0.000000000000 1.000000000000
-16.650478149374 98.376713063761 0.866025403784 -0.500000000000
