#Configurational_file created 2018-09-14 11:30:37  started 2018-09-14 11:30:36 run for 1.0s steps 0
name: p_690
step: 10000
specie: 20
	particle_diameter: 1.0000000000000000
	interaction_length: 1.2000000000000000
	number_of_patches: 3
	number_of_particles_per_compound: 1
	rod_length: 1.0000000000000000
	interaction_matrix:  1.000000 1.000000 1.000000 1.000000 1.000000 1.000000 1.000000 1.000000 1.000000
	patch_type: symmetric
	patch_width: 8.0000000000000000
	patch_angle: 0.0000000000000000
	angles:  0.000000 0.000000 0.000000
	grand_canonical: 0
	chemical_potential: 0.0000000000000000
box: 18.281897 18.281897
copy: 1.000000 1.000000
epsilon: 0.0417580000000000
end_epsilon: 0.0000000000000000
pressure: 1.1667080000000001
lambda: 0.0000000000000000
lambda_coupling: 1.0000000000000000
uy: 0.0000000000000000
maximum_displacement: 1.0000000000000000
maximum_rotation: 1.0000000000000000
maximum_volume: 1.0000000000000000
maximum_shape: 0.0000001000000000
maximum_dsigma: 0.0100000000000000
mod: 10
pmod: 10
optimize: 1
verbose: 1
snapshot: 0
display: 1
explore: 1
npt: 1
nptxy: 0
nptdxdy: 0
shape: 0
seed: 787321
-66.317564143478 32.531904564114 0.866025403784 0.500000000000
-27.923785242707 22.864379121935 0.866025403784 0.500000000000
-21.136656146132 12.234266722356 0.866025403784 -0.500000000000
23.610431657406 -32.610210675069 0.866025403784 0.500000000000
55.253054149943 -7.433885574329 0.866025403784 0.500000000000
-136.111669960089 201.780067133880 0.866025403784 0.500000000000
39.022956169909 40.858931617704 0.000000000000 1.000000000000
-105.850927482268 -67.461247444883 0.866025403784 -0.500000000000
108.367323032832 -142.971916496569 0.866025403784 0.500000000000
-62.275385152970 184.210015195872 0.866025403784 -0.500000000000
-178.572731484464 -26.743472260056 0.866025403784 -0.500000000000
-193.865591260318 65.630673201821 0.866025403784 -0.500000000000
-44.009497846595 122.939355600162 0.866025403784 -0.500000000000
58.097103114758 32.453271437880 0.866025403784 -0.500000000000
-75.484743057675 53.390265524779 0.866025403784 0.500000000000
-132.868329516481 -39.521788984656 0.866025403784 0.500000000000
121.574983916411 81.037868894299 0.000000000000 1.000000000000
-27.232945420601 32.228077696176 0.866025403784 0.500000000000
136.882361608307 28.826863889338 0.866025403784 0.500000000000
-42.350562371756 29.214223104897 0.866025403784 -0.500000000000
