#Configurational_file created 2018-09-14 11:06:19  started 2018-09-14 11:06:18 run for 1.0s steps 0
name: p_70
step: 10000
specie: 20
	particle_diameter: 1.0000000000000000
	interaction_length: 1.2000000000000000
	number_of_patches: 3
	number_of_particles_per_compound: 1
	rod_length: 1.0000000000000000
	interaction_matrix:  1.000000 1.000000 1.000000 1.000000 1.000000 1.000000 1.000000 1.000000 1.000000
	patch_type: symmetric
	patch_width: 8.0000000000000000
	patch_angle: 0.0000000000000000
	angles:  0.000000 0.000000 0.000000
	grand_canonical: 0
	chemical_potential: 0.0000000000000000
box: 47.177187 47.177187
copy: 1.000000 1.000000
epsilon: 0.0001000000000000
end_epsilon: 0.0000000000000000
pressure: 1.4286000000000001
lambda: 0.0000000000000000
lambda_coupling: 1.0000000000000000
uy: 0.0000000000000000
maximum_displacement: 1.0000000000000000
maximum_rotation: 1.0000000000000000
maximum_volume: 1.0000000000000000
maximum_shape: 0.0000001000000000
maximum_dsigma: 0.0100000000000000
mod: 10
pmod: 10
optimize: 1
verbose: 1
snapshot: 0
display: 1
explore: 1
npt: 1
nptxy: 0
nptdxdy: 0
shape: 0
seed: 82460
93.633003219735 136.918641294521 0.000000000000 1.000000000000
-72.598413156747 14.170471463287 0.000000000000 1.000000000000
283.947047269979 -87.385028626564 0.000000000000 1.000000000000
241.005839475373 5.705941799246 0.000000000000 1.000000000000
-117.079387831474 319.201937676267 0.000000000000 1.000000000000
333.435256975766 93.741626051951 0.000000000000 1.000000000000
-68.019418283761 37.405700032427 0.866025403784 -0.500000000000
-258.541444696548 -228.628682965470 0.000000000000 1.000000000000
-58.183918586091 108.813721922955 0.866025403784 -0.500000000000
-72.986681703675 188.129172182519 0.000000000000 1.000000000000
385.209347890141 -260.200064408734 0.000000000000 1.000000000000
-70.501838755484 -153.706370856883 0.866025403784 0.500000000000
200.583993057887 -153.466045052563 0.866025403784 0.500000000000
53.862587181412 270.299429536069 0.000000000000 1.000000000000
110.453627613699 -156.893664476697 0.866025403784 0.500000000000
5.404942771704 -219.076183837174 0.866025403784 0.500000000000
-167.397295033218 247.407652973286 0.000000000000 1.000000000000
58.078566515359 -250.360413547687 0.866025403784 0.500000000000
-77.442515405235 -12.520793223146 0.000000000000 1.000000000000
-246.606385580625 103.602530058589 0.866025403784 -0.500000000000
