#Configurational_file created 2018-09-14 11:30:46  started 2018-09-14 11:30:45 run for 1.0s steps 0
name: p_704
step: 10000
specie: 20
	particle_diameter: 1.0000000000000000
	interaction_length: 1.2000000000000000
	number_of_patches: 3
	number_of_particles_per_compound: 1
	rod_length: 1.0000000000000000
	interaction_matrix:  1.000000 1.000000 1.000000 1.000000 1.000000 1.000000 1.000000 1.000000 1.000000
	patch_type: symmetric
	patch_width: 8.0000000000000000
	patch_angle: 0.0000000000000000
	angles:  0.000000 0.000000 0.000000
	grand_canonical: 0
	chemical_potential: 0.0000000000000000
box: 35.964185 35.964185
copy: 1.000000 1.000000
epsilon: 0.0625880000000000
end_epsilon: 0.0000000000000000
pressure: 0.2500870000000000
lambda: 0.0000000000000000
lambda_coupling: 1.0000000000000000
uy: 0.0000000000000000
maximum_displacement: 1.0000000000000000
maximum_rotation: 1.0000000000000000
maximum_volume: 1.0000000000000000
maximum_shape: 0.0000001000000000
maximum_dsigma: 0.0100000000000000
mod: 10
pmod: 10
optimize: 1
verbose: 1
snapshot: 0
display: 1
explore: 1
npt: 1
nptxy: 0
nptdxdy: 0
shape: 0
seed: 803239
53.417816218013 -162.427243742265 0.866025403784 -0.500000000000
-128.467883644156 -92.750552400339 0.866025403784 0.500000000000
18.956276426570 -31.929217149199 0.866025403784 -0.500000000000
-234.454879520347 94.628007174642 0.000000000000 1.000000000000
198.462784715343 -109.121084852136 0.866025403784 -0.500000000000
-51.729681599924 64.066777311509 0.866025403784 -0.500000000000
-103.752929433329 0.009972197949 0.866025403784 0.500000000000
262.895252631378 291.530946689265 0.866025403784 0.500000000000
-84.360447229969 122.889001931410 0.000000000000 1.000000000000
233.835024545393 -61.000139364340 0.866025403784 0.500000000000
53.287297942622 32.309482328936 0.866025403784 -0.500000000000
-7.034857392148 78.515385139816 0.866025403784 0.500000000000
-75.303674539867 -28.018197995093 0.000000000000 1.000000000000
-103.899935840472 -368.658523979385 0.866025403784 0.500000000000
76.443775900088 132.465308888369 0.000000000000 1.000000000000
-49.074900613117 -83.721728903446 0.000000000000 1.000000000000
86.144276009677 46.122798451248 0.866025403784 -0.500000000000
168.505892140981 241.140107766995 0.866025403784 0.500000000000
258.955652333210 -90.762977459197 0.866025403784 0.500000000000
-110.265262792348 -50.710943364549 0.866025403784 0.500000000000
