#Configurational_file created 2018-09-14 11:58:25  started 2018-09-14 11:58:24 run for 1.0s steps 0
name: p_703
step: 10000
specie: 20
	particle_diameter: 1.0000000000000000
	interaction_length: 1.2000000000000000
	number_of_patches: 3
	number_of_particles_per_compound: 1
	rod_length: 1.0000000000000000
	interaction_matrix:  1.000000 1.000000 1.000000 1.000000 1.000000 1.000000 1.000000 1.000000 1.000000
	patch_type: symmetric
	patch_width: 8.0000000000000000
	patch_angle: 0.0000000000000000
	angles:  0.000000 0.000000 0.000000
	grand_canonical: 0
	chemical_potential: 0.0000000000000000
box: 44.977714 44.977714
copy: 1.000000 1.000000
epsilon: 0.0062510000000000
end_epsilon: 0.0000000000000000
pressure: 0.0083340000000000
lambda: 0.0000000000000000
lambda_coupling: 1.0000000000000000
uy: 0.0000000000000000
maximum_displacement: 1.0000000000000000
maximum_rotation: 1.0000000000000000
maximum_volume: 1.0000000000000000
maximum_shape: 0.0000001000000000
maximum_dsigma: 0.0100000000000000
mod: 10
pmod: 10
optimize: 1
verbose: 1
snapshot: 0
display: 1
explore: 1
npt: 1
nptxy: 0
nptdxdy: 0
shape: 0
seed: 802102
-72.899318384581 12.870356769033 0.866025403784 -0.500000000000
126.426570787494 -347.711419122127 0.866025403784 -0.500000000000
60.647762711332 53.980570288164 0.000000000000 1.000000000000
32.208108698753 306.012435896985 0.000000000000 1.000000000000
205.247123320325 -12.540413200223 0.866025403784 0.500000000000
-49.979490944148 71.269244525296 0.866025403784 -0.500000000000
102.821355655180 79.598365162858 0.866025403784 0.500000000000
-49.728278609087 -182.946668124688 0.000000000000 1.000000000000
167.457966431673 182.584625378741 0.000000000000 1.000000000000
31.824480756846 -247.909078614612 0.866025403784 -0.500000000000
18.109938401611 -97.686654865634 0.000000000000 1.000000000000
173.433864845973 21.758859505100 0.866025403784 0.500000000000
-79.095792759789 -74.132390106468 0.866025403784 -0.500000000000
230.495749587017 -547.434315976380 0.000000000000 1.000000000000
-63.945554954879 -206.837387195821 0.866025403784 -0.500000000000
57.129184449517 -7.759228253468 0.866025403784 0.500000000000
-61.399209657272 261.543886966354 0.000000000000 1.000000000000
-31.037720148202 161.239410789194 0.866025403784 -0.500000000000
200.986052117331 133.831024240672 0.866025403784 0.500000000000
243.317363514872 -170.905519545765 0.000000000000 1.000000000000
