#Configurational_file created 2018-09-14 11:30:49  started 2018-09-14 11:30:49 run for 0.0s steps 0
name: p_709
step: 10000
specie: 20
	particle_diameter: 1.0000000000000000
	interaction_length: 1.2000000000000000
	number_of_patches: 3
	number_of_particles_per_compound: 1
	rod_length: 1.0000000000000000
	interaction_matrix:  1.000000 1.000000 1.000000 1.000000 1.000000 1.000000 1.000000 1.000000 1.000000
	patch_type: symmetric
	patch_width: 8.0000000000000000
	patch_angle: 0.0000000000000000
	angles:  0.000000 0.000000 0.000000
	grand_canonical: 0
	chemical_potential: 0.0000000000000000
box: 27.480903 27.480903
copy: 1.000000 1.000000
epsilon: 0.0625880000000000
end_epsilon: 0.0000000000000000
pressure: 0.6667330000000000
lambda: 0.0000000000000000
lambda_coupling: 1.0000000000000000
uy: 0.0000000000000000
maximum_displacement: 1.0000000000000000
maximum_rotation: 1.0000000000000000
maximum_volume: 1.0000000000000000
maximum_shape: 0.0000001000000000
maximum_dsigma: 0.0100000000000000
mod: 10
pmod: 10
optimize: 1
verbose: 1
snapshot: 0
display: 1
explore: 1
npt: 1
nptxy: 0
nptdxdy: 0
shape: 0
seed: 808924
184.406089186008 7.479837650101 0.000000000000 1.000000000000
-126.876124435767 -5.555523290486 0.866025403784 -0.500000000000
-53.083025438044 -26.101779372682 0.000000000000 1.000000000000
14.074805748347 149.344977306186 0.866025403784 -0.500000000000
107.754898243241 -1.956315998379 0.000000000000 1.000000000000
-270.217768687220 100.629390096610 0.866025403784 0.500000000000
-1.511639157024 -15.986468787712 0.866025403784 0.500000000000
-143.084309583545 -102.472752308874 0.866025403784 -0.500000000000
-2.629244919944 -256.984419758084 0.000000000000 1.000000000000
277.771956308670 189.828421531067 0.866025403784 0.500000000000
-110.560854918428 -161.339005313352 0.000000000000 1.000000000000
-21.484242406828 -252.897412915019 0.866025403784 0.500000000000
-46.915426442975 -142.017577820880 0.866025403784 0.500000000000
44.141334580581 14.736329136509 0.866025403784 0.500000000000
63.666420750619 135.114040909755 0.866025403784 0.500000000000
-74.909835731902 94.652474175034 0.866025403784 -0.500000000000
-91.557569657042 -80.281872191094 0.000000000000 1.000000000000
47.366993856199 -128.049754023998 0.866025403784 -0.500000000000
122.963616875289 68.822193552299 0.866025403784 -0.500000000000
97.216769675955 -113.863836790537 0.000000000000 1.000000000000
