#Configurational_file created 2018-09-14 11:30:45  started 2018-09-14 11:30:44 run for 1.0s steps 0
name: p_702
step: 10000
specie: 20
	particle_diameter: 1.0000000000000000
	interaction_length: 1.2000000000000000
	number_of_patches: 3
	number_of_particles_per_compound: 1
	rod_length: 1.0000000000000000
	interaction_matrix:  1.000000 1.000000 1.000000 1.000000 1.000000 1.000000 1.000000 1.000000 1.000000
	patch_type: symmetric
	patch_width: 8.0000000000000000
	patch_angle: 0.0000000000000000
	angles:  0.000000 0.000000 0.000000
	grand_canonical: 0
	chemical_potential: 0.0000000000000000
box: 39.186930 39.186930
copy: 1.000000 1.000000
epsilon: 0.0625880000000000
end_epsilon: 0.0000000000000000
pressure: 0.0834290000000000
lambda: 0.0000000000000000
lambda_coupling: 1.0000000000000000
uy: 0.0000000000000000
maximum_displacement: 1.0000000000000000
maximum_rotation: 1.0000000000000000
maximum_volume: 1.0000000000000000
maximum_shape: 0.0000001000000000
maximum_dsigma: 0.0100000000000000
mod: 10
pmod: 10
optimize: 1
verbose: 1
snapshot: 0
display: 1
explore: 1
npt: 1
nptxy: 0
nptdxdy: 0
shape: 0
seed: 800965
-2.646190004795 274.471198021898 0.866025403784 -0.500000000000
168.478797067483 177.047535818221 0.866025403784 -0.500000000000
193.632430682851 -161.592290855903 0.000000000000 1.000000000000
-61.230382342337 -153.865837997561 0.000000000000 1.000000000000
-188.457015953136 203.126553568015 0.866025403784 -0.500000000000
125.328878314571 208.438540688540 0.000000000000 1.000000000000
200.297571064089 117.747812003448 0.866025403784 0.500000000000
101.481963490801 257.703033365617 0.866025403784 0.500000000000
-198.507087111876 -167.204075000186 0.000000000000 1.000000000000
235.071006517564 99.665341041566 0.866025403784 0.500000000000
40.607545346824 39.511057375491 0.866025403784 -0.500000000000
-96.918038834863 -94.098907529578 0.866025403784 0.500000000000
120.719490607380 -81.146241067225 0.866025403784 -0.500000000000
-42.056406514481 214.535468832814 0.000000000000 1.000000000000
38.637867602209 -104.213357796156 0.000000000000 1.000000000000
-45.648229908771 -101.637203823040 0.866025403784 -0.500000000000
101.767831512129 53.328558657350 0.866025403784 -0.500000000000
-6.678644244326 -9.756455715449 0.866025403784 0.500000000000
91.532295388436 164.246540965245 0.866025403784 -0.500000000000
113.062818385306 -44.518237181164 0.866025403784 -0.500000000000
