#Configurational_file created 2018-09-14 11:30:43  started 2018-09-14 11:30:43 run for 0.0s steps 0
name: p_700
step: 10000
specie: 20
	particle_diameter: 1.0000000000000000
	interaction_length: 1.2000000000000000
	number_of_patches: 3
	number_of_particles_per_compound: 1
	rod_length: 1.0000000000000000
	interaction_matrix:  1.000000 1.000000 1.000000 1.000000 1.000000 1.000000 1.000000 1.000000 1.000000
	patch_type: symmetric
	patch_width: 8.0000000000000000
	patch_angle: 0.0000000000000000
	angles:  0.000000 0.000000 0.000000
	grand_canonical: 0
	chemical_potential: 0.0000000000000000
box: 18.390603 18.390603
copy: 1.000000 1.000000
epsilon: 0.0417580000000000
end_epsilon: 0.0000000000000000
pressure: 2.0000000000000000
lambda: 0.0000000000000000
lambda_coupling: 1.0000000000000000
uy: 0.0000000000000000
maximum_displacement: 1.0000000000000000
maximum_rotation: 1.0000000000000000
maximum_volume: 1.0000000000000000
maximum_shape: 0.0000001000000000
maximum_dsigma: 0.0100000000000000
mod: 10
pmod: 10
optimize: 1
verbose: 1
snapshot: 0
display: 1
explore: 1
npt: 1
nptxy: 0
nptdxdy: 0
shape: 0
seed: 798691
83.304208984666 26.747132553030 0.866025403784 -0.500000000000
169.073955605404 58.467857308360 0.866025403784 0.500000000000
45.337703103635 213.518311289234 0.000000000000 1.000000000000
23.556292606402 18.479211936152 0.000000000000 1.000000000000
-189.643291301941 31.657019387466 0.866025403784 0.500000000000
136.328554193754 6.476539942188 0.866025403784 -0.500000000000
167.264856551514 86.807136477541 0.866025403784 -0.500000000000
-72.094892721104 -26.466594686504 0.000000000000 1.000000000000
-6.827152105877 -93.433534050230 0.866025403784 0.500000000000
65.084086239381 133.272920339586 0.866025403784 0.500000000000
26.430077219342 2.792173071761 0.866025403784 0.500000000000
104.031426458580 46.361663220894 0.000000000000 1.000000000000
-38.641871216487 91.653633612149 0.000000000000 1.000000000000
73.605555886501 -23.348204746456 0.866025403784 0.500000000000
191.848775662599 46.858280818317 0.866025403784 -0.500000000000
134.863264044664 88.686928202331 0.000000000000 1.000000000000
110.261067450961 25.302502371370 0.866025403784 0.500000000000
5.325599502431 -17.207081010064 0.866025403784 -0.500000000000
-77.118818490709 72.444697314204 0.000000000000 1.000000000000
-78.420389539129 -88.475303744655 0.000000000000 1.000000000000
