#Configurational_file created 2018-09-14 11:30:49  started 2018-09-14 11:30:48 run for 1.0s steps 0
name: p_708
step: 10000
specie: 20
	particle_diameter: 1.0000000000000000
	interaction_length: 1.2000000000000000
	number_of_patches: 3
	number_of_particles_per_compound: 1
	rod_length: 1.0000000000000000
	interaction_matrix:  1.000000 1.000000 1.000000 1.000000 1.000000 1.000000 1.000000 1.000000 1.000000
	patch_type: symmetric
	patch_width: 8.0000000000000000
	patch_angle: 0.0000000000000000
	angles:  0.000000 0.000000 0.000000
	grand_canonical: 0
	chemical_potential: 0.0000000000000000
box: 22.768689 22.768689
copy: 1.000000 1.000000
epsilon: 0.0625880000000000
end_epsilon: 0.0000000000000000
pressure: 0.5834040000000000
lambda: 0.0000000000000000
lambda_coupling: 1.0000000000000000
uy: 0.0000000000000000
maximum_displacement: 1.0000000000000000
maximum_rotation: 1.0000000000000000
maximum_volume: 1.0000000000000000
maximum_shape: 0.0000001000000000
maximum_dsigma: 0.0100000000000000
mod: 10
pmod: 10
optimize: 1
verbose: 1
snapshot: 0
display: 1
explore: 1
npt: 1
nptxy: 0
nptdxdy: 0
shape: 0
seed: 807787
-19.208383223422 91.014763081266 0.000000000000 1.000000000000
160.005433414698 205.207547468742 0.866025403784 0.500000000000
-67.381579803848 79.729296802864 0.866025403784 -0.500000000000
-241.528361539002 206.775068030903 0.866025403784 -0.500000000000
-204.700904721802 69.537689176425 0.866025403784 -0.500000000000
54.188242302545 -64.204037882430 0.866025403784 -0.500000000000
-105.163162620659 32.096884768145 0.866025403784 -0.500000000000
39.295781427353 146.251247052726 0.866025403784 0.500000000000
273.839899374157 10.375810337729 0.000000000000 1.000000000000
14.462562800183 131.742772354101 0.000000000000 1.000000000000
16.102709383393 49.519437796421 0.000000000000 1.000000000000
131.785801324719 98.039956512735 0.866025403784 0.500000000000
26.415223156788 93.251379835815 0.000000000000 1.000000000000
19.420083054638 251.235139813130 0.000000000000 1.000000000000
73.022269991065 31.667306866464 0.000000000000 1.000000000000
207.880341748655 15.111512128668 0.866025403784 0.500000000000
-67.816440343696 -71.262730520159 0.000000000000 1.000000000000
215.303983617139 -119.712878037663 0.000000000000 1.000000000000
-26.179306959858 -101.893856446532 0.866025403784 -0.500000000000
-246.402078720165 208.150661046721 0.866025403784 -0.500000000000
