#Configurational_file created 2018-09-14 11:58:26  started 2018-09-14 11:58:25 run for 1.0s steps 0
name: p_704
step: 10000
specie: 20
	particle_diameter: 1.0000000000000000
	interaction_length: 1.2000000000000000
	number_of_patches: 3
	number_of_particles_per_compound: 1
	rod_length: 1.0000000000000000
	interaction_matrix:  1.000000 1.000000 1.000000 1.000000 1.000000 1.000000 1.000000 1.000000 1.000000
	patch_type: symmetric
	patch_width: 8.0000000000000000
	patch_angle: 0.0000000000000000
	angles:  0.000000 0.000000 0.000000
	grand_canonical: 0
	chemical_potential: 0.0000000000000000
box: 50.205726 50.205726
copy: 1.000000 1.000000
epsilon: 0.0062510000000000
end_epsilon: 0.0000000000000000
pressure: 0.0125010000000000
lambda: 0.0000000000000000
lambda_coupling: 1.0000000000000000
uy: 0.0000000000000000
maximum_displacement: 1.0000000000000000
maximum_rotation: 1.0000000000000000
maximum_volume: 1.0000000000000000
maximum_shape: 0.0000001000000000
maximum_dsigma: 0.0100000000000000
mod: 10
pmod: 10
optimize: 1
verbose: 1
snapshot: 0
display: 1
explore: 1
npt: 1
nptxy: 0
nptdxdy: 0
shape: 0
seed: 803239
-145.294273358549 -95.151788188786 0.866025403784 0.500000000000
333.920408882138 -119.674557686838 0.866025403784 -0.500000000000
168.644524813326 -143.266449326564 0.866025403784 0.500000000000
-58.814205428860 323.451254551434 0.000000000000 1.000000000000
332.450460907792 218.072119662203 0.866025403784 0.500000000000
4.650998883669 -42.381440936706 0.000000000000 1.000000000000
124.648162640301 -191.488382880374 0.866025403784 -0.500000000000
-22.961080642932 77.591180401212 0.866025403784 -0.500000000000
182.005853913833 -135.902533003428 0.000000000000 1.000000000000
-138.191728027466 -153.189827254022 0.000000000000 1.000000000000
148.282512432701 42.738513607952 0.866025403784 0.500000000000
-41.835971635430 45.028213248815 0.000000000000 1.000000000000
14.918194128924 275.410883055343 0.866025403784 -0.500000000000
-348.461869165031 -196.936085879293 0.866025403784 0.500000000000
-131.600816366536 164.464998993782 0.866025403784 -0.500000000000
114.118619322385 119.189658433824 0.866025403784 -0.500000000000
-74.894256515734 168.806506245802 0.000000000000 1.000000000000
193.921882314968 29.047981561325 0.866025403784 0.500000000000
142.508624610214 -63.054707950455 0.866025403784 0.500000000000
191.832700450984 204.392169033330 0.866025403784 -0.500000000000
