#Configurational_file created 2018-09-14 11:58:28  started 2018-09-14 11:58:27 run for 1.0s steps 0
name: p_707
step: 10000
specie: 20
	particle_diameter: 1.0000000000000000
	interaction_length: 1.2000000000000000
	number_of_patches: 3
	number_of_particles_per_compound: 1
	rod_length: 1.0000000000000000
	interaction_matrix:  1.000000 1.000000 1.000000 1.000000 1.000000 1.000000 1.000000 1.000000 1.000000
	patch_type: symmetric
	patch_width: 8.0000000000000000
	patch_angle: 0.0000000000000000
	angles:  0.000000 0.000000 0.000000
	grand_canonical: 0
	chemical_potential: 0.0000000000000000
box: 53.378795 53.378795
copy: 1.000000 1.000000
epsilon: 0.0062510000000000
end_epsilon: 0.0000000000000000
pressure: 0.0250010000000000
lambda: 0.0000000000000000
lambda_coupling: 1.0000000000000000
uy: 0.0000000000000000
maximum_displacement: 1.0000000000000000
maximum_rotation: 1.0000000000000000
maximum_volume: 1.0000000000000000
maximum_shape: 0.0000001000000000
maximum_dsigma: 0.0100000000000000
mod: 10
pmod: 10
optimize: 1
verbose: 1
snapshot: 0
display: 1
explore: 1
npt: 1
nptxy: 0
nptdxdy: 0
shape: 0
seed: 806650
236.277603123900 111.931824483109 0.866025403784 0.500000000000
40.555927763404 66.823369231852 0.866025403784 0.500000000000
-221.263113542603 -3.866259471214 0.866025403784 -0.500000000000
-164.193739312627 167.609066399734 0.000000000000 1.000000000000
263.859940398624 227.568626016567 0.000000000000 1.000000000000
-271.893468149481 -150.568271272025 0.866025403784 0.500000000000
-43.030524303181 292.716845665534 0.866025403784 -0.500000000000
-172.742747975466 -113.523030681075 0.866025403784 0.500000000000
56.960356313487 350.020884570839 0.866025403784 -0.500000000000
75.809240619308 -31.793082635931 0.000000000000 1.000000000000
408.761067133800 443.437315874943 0.866025403784 -0.500000000000
19.296387341704 198.259631570844 0.866025403784 0.500000000000
332.052512128546 94.180698773469 0.000000000000 1.000000000000
-212.246431207163 -60.808954944881 0.866025403784 -0.500000000000
272.645927134675 -181.557119912755 0.866025403784 -0.500000000000
19.877945231131 187.655518701105 0.866025403784 -0.500000000000
184.401452833854 -117.356150015701 0.866025403784 -0.500000000000
217.286661825319 -75.380104605365 0.866025403784 0.500000000000
-142.115939307071 310.027474975222 0.866025403784 -0.500000000000
49.559609512256 59.550892293305 0.866025403784 0.500000000000
