#Configurational_file created 2018-09-14 11:58:30  started 2018-09-14 11:58:29 run for 1.0s steps 0
name: p_709
step: 10000
specie: 20
	particle_diameter: 1.0000000000000000
	interaction_length: 1.2000000000000000
	number_of_patches: 3
	number_of_particles_per_compound: 1
	rod_length: 1.0000000000000000
	interaction_matrix:  1.000000 1.000000 1.000000 1.000000 1.000000 1.000000 1.000000 1.000000 1.000000
	patch_type: symmetric
	patch_width: 8.0000000000000000
	patch_angle: 0.0000000000000000
	angles:  0.000000 0.000000 0.000000
	grand_canonical: 0
	chemical_potential: 0.0000000000000000
box: 51.296105 51.296105
copy: 1.000000 1.000000
epsilon: 0.0062510000000000
end_epsilon: 0.0000000000000000
pressure: 0.0333340000000000
lambda: 0.0000000000000000
lambda_coupling: 1.0000000000000000
uy: 0.0000000000000000
maximum_displacement: 1.0000000000000000
maximum_rotation: 1.0000000000000000
maximum_volume: 1.0000000000000000
maximum_shape: 0.0000001000000000
maximum_dsigma: 0.0100000000000000
mod: 10
pmod: 10
optimize: 1
verbose: 1
snapshot: 0
display: 1
explore: 1
npt: 1
nptxy: 0
nptdxdy: 0
shape: 0
seed: 808924
426.111290300221 -104.436635432700 0.866025403784 -0.500000000000
-125.905817240017 75.805909427806 0.866025403784 -0.500000000000
57.663358199366 -120.128021556799 0.866025403784 -0.500000000000
-81.069430933153 319.746558116496 0.866025403784 -0.500000000000
-60.504393245981 255.699520363254 0.866025403784 -0.500000000000
175.660754385880 195.188503186064 0.866025403784 0.500000000000
-27.733785846556 -214.555457007056 0.866025403784 -0.500000000000
-49.923658343302 358.628930667806 0.866025403784 -0.500000000000
-129.019738209917 -74.051400528297 0.866025403784 -0.500000000000
334.352440831058 216.811098152319 0.000000000000 1.000000000000
-259.699796239606 -6.869535663756 0.866025403784 0.500000000000
260.485289334505 -184.717246244792 0.000000000000 1.000000000000
87.853265527223 -376.469345190513 0.000000000000 1.000000000000
-189.357768153922 -208.909049263503 0.866025403784 0.500000000000
31.192859204271 41.350250140750 0.866025403784 0.500000000000
10.152958080207 184.171347916570 0.000000000000 1.000000000000
-215.817556414599 61.620590206400 0.866025403784 -0.500000000000
88.739332542710 -144.659449732039 0.000000000000 1.000000000000
-41.434369659495 -234.587476336986 0.866025403784 -0.500000000000
-329.630955760715 55.833220772077 0.000000000000 1.000000000000
