#Configurational_file created 2018-09-11 17:04:27  started 2018-09-11 17:04:26 run for 1.0s steps 0
name: p_70
step: 10000
specie: 20
	particle_diameter: 1.0000000000000000
	interaction_length: 1.2000000000000000
	number_of_patches: 3
	number_of_particles_per_compound: 1
	rod_length: 1.0000000000000000
	interaction_matrix:  1.000000 1.000000 1.000000 1.000000 1.000000 1.000000 1.000000 1.000000 1.000000
	patch_type: symmetric
	patch_width: 8.0000000000000000
	patch_angle: 0.0000000000000000
	angles:  0.000000 0.000000 0.000000
	grand_canonical: 0
	chemical_potential: 0.0000000000000000
box: 7.504003 7.504003
copy: 1.000000 1.000000
epsilon: 0.3333670000000000
end_epsilon: 0.0000000000000000
pressure: 2.0000000000000000
lambda: 0.0000000000000000
lambda_coupling: 1.0000000000000000
uy: 0.0000000000000000
maximum_displacement: 1.0000000000000000
maximum_rotation: 1.0000000000000000
maximum_volume: 0.5116986068159909
maximum_shape: 0.0000001000000000
maximum_dsigma: 0.0100000000000000
mod: 10
pmod: 10
optimize: 1
verbose: 1
snapshot: 0
display: 1
explore: 1
npt: 1
nptxy: 0
nptdxdy: 0
shape: 0
seed: 82460
92.945932358746 54.271045350276 0.000000000000 1.000000000000
-134.743737775301 92.479750378798 0.866025403784 -0.500000000000
-20.753075447602 52.144076780401 0.000000000000 1.000000000000
41.920337323094 -3.596768651139 0.000000000000 1.000000000000
103.814142037151 -51.173779606229 0.866025403784 0.500000000000
67.779473295043 86.233797883158 0.866025403784 -0.500000000000
-6.296689775809 -80.837136715146 0.866025403784 0.500000000000
-60.710222777469 -90.368639501318 0.866025403784 0.500000000000
37.905386127861 110.095562775103 0.866025403784 -0.500000000000
-95.092214190706 167.467969412031 0.866025403784 0.500000000000
-69.196947902533 22.200430083729 0.866025403784 -0.500000000000
10.026853479762 41.060205414481 0.000000000000 1.000000000000
38.689928467327 -46.546092727872 0.866025403784 -0.500000000000
93.424627011048 -48.351548325766 0.866025403784 -0.500000000000
171.983110559722 -70.065441951235 0.866025403784 0.500000000000
12.661031328129 -106.938579866441 0.000000000000 1.000000000000
-58.097933909818 -42.103955367730 0.866025403784 -0.500000000000
-41.953444862321 -114.319260831849 0.866025403784 0.500000000000
-26.162265105557 62.139690310542 0.000000000000 1.000000000000
20.583043516060 -3.560209216902 0.000000000000 1.000000000000
