#Configurational_file created 2018-09-14 11:58:24  started 2018-09-14 11:58:23 run for 1.0s steps 0
name: p_701
step: 10000
specie: 20
	particle_diameter: 1.0000000000000000
	interaction_length: 1.2000000000000000
	number_of_patches: 3
	number_of_particles_per_compound: 1
	rod_length: 1.0000000000000000
	interaction_matrix:  1.000000 1.000000 1.000000 1.000000 1.000000 1.000000 1.000000 1.000000 1.000000
	patch_type: symmetric
	patch_width: 8.0000000000000000
	patch_angle: 0.0000000000000000
	angles:  0.000000 0.000000 0.000000
	grand_canonical: 0
	chemical_potential: 0.0000000000000000
box: 43.989062 43.989062
copy: 1.000000 1.000000
epsilon: 0.0062510000000000
end_epsilon: 0.0000000000000000
pressure: 0.0000010000000000
lambda: 0.0000000000000000
lambda_coupling: 1.0000000000000000
uy: 0.0000000000000000
maximum_displacement: 1.0000000000000000
maximum_rotation: 1.0000000000000000
maximum_volume: 1.0000000000000000
maximum_shape: 0.0000001000000000
maximum_dsigma: 0.0100000000000000
mod: 10
pmod: 10
optimize: 1
verbose: 1
snapshot: 0
display: 1
explore: 1
npt: 1
nptxy: 0
nptdxdy: 0
shape: 0
seed: 799828
132.874461838176 72.535018343204 0.000000000000 1.000000000000
32.419134751826 -454.836991526913 0.866025403784 -0.500000000000
-233.093450530260 159.315196382756 0.866025403784 0.500000000000
18.897469795591 -64.116020480829 0.866025403784 0.500000000000
-44.910362197663 140.026566140880 0.866025403784 0.500000000000
-50.435177508031 -236.865229292757 0.866025403784 0.500000000000
174.972355772393 -143.484814934138 0.866025403784 0.500000000000
115.304512983011 45.197126862755 0.866025403784 -0.500000000000
-565.366801663754 196.797939188810 0.866025403784 0.500000000000
-143.384748054623 -108.710372285272 0.866025403784 0.500000000000
-124.529459937391 99.503556181528 0.000000000000 1.000000000000
-54.286496798168 -146.404947411484 0.866025403784 0.500000000000
-158.539980061866 -73.838119152364 0.000000000000 1.000000000000
-121.350104757614 321.667368832520 0.866025403784 0.500000000000
330.895308703684 158.116977451189 0.866025403784 -0.500000000000
193.190530618805 70.090775686902 0.000000000000 1.000000000000
251.046616916450 2.916146241210 0.866025403784 0.500000000000
244.730019818622 105.311082952712 0.866025403784 -0.500000000000
-164.910156112295 -153.813730634815 0.000000000000 1.000000000000
67.527537153736 14.677807405544 0.866025403784 -0.500000000000
