#Configurational_file created 2018-09-14 12:20:16  started 2018-09-14 12:20:15 run for 1.0s steps 0
name: p_70
step: 10000
specie: 20
	particle_diameter: 1.0000000000000000
	interaction_length: 1.2000000000000000
	number_of_patches: 3
	number_of_particles_per_compound: 1
	rod_length: 1.0000000000000000
	interaction_matrix:  1.000000 1.000000 1.000000 1.000000 1.000000 1.000000 1.000000 1.000000 1.000000
	patch_type: symmetric
	patch_width: 8.0000000000000000
	patch_angle: 0.0000000000000000
	angles:  0.000000 0.000000 0.000000
	grand_canonical: 0
	chemical_potential: 0.0000000000000000
box: 17.153785 17.153785
copy: 1.000000 1.000000
epsilon: 0.7500010000000000
end_epsilon: 0.0000000000000000
pressure: 0.1000000000000000
lambda: 0.0000000000000000
lambda_coupling: 1.0000000000000000
uy: 0.0000000000000000
maximum_displacement: 1.0000000000000000
maximum_rotation: 1.0000000000000000
maximum_volume: 1.0000000000000000
maximum_shape: 0.0000001000000000
maximum_dsigma: 0.0100000000000000
mod: 10
pmod: 10
optimize: 1
verbose: 1
snapshot: 0
display: 1
explore: 1
npt: 1
nptxy: 0
nptdxdy: 0
shape: 0
seed: 82381
50.019652864690 103.205609336401 0.866025403784 0.500000000000
61.982545876099 -102.097500056982 0.866025403784 -0.500000000000
-26.065402095618 118.693958620967 0.866025403784 0.500000000000
-20.870581976976 -20.401270571368 0.866025403784 -0.500000000000
17.072571212843 -94.011956052767 0.000000000000 1.000000000000
117.566716933292 23.672477296219 0.866025403784 -0.500000000000
-62.309379712208 -128.520546721985 0.866025403784 0.500000000000
-12.736033288943 14.717394189795 0.866025403784 0.500000000000
-95.703634256754 27.409453485367 0.000000000000 1.000000000000
202.843800472994 -118.481152576621 0.866025403784 0.500000000000
-249.005706352328 58.298103389226 0.866025403784 0.500000000000
-83.265636500579 -21.582225044993 0.866025403784 -0.500000000000
125.188795829756 -179.794679080736 0.866025403784 -0.500000000000
-75.677907143230 -184.374339487601 0.866025403784 -0.500000000000
153.037540205593 141.335262732422 0.866025403784 -0.500000000000
14.067540271551 54.781194422438 0.866025403784 -0.500000000000
65.500806731842 -36.436466331519 0.000000000000 1.000000000000
90.684743363352 -38.080735662785 0.000000000000 1.000000000000
40.813752975975 -114.318653105248 0.866025403784 0.500000000000
65.187151599910 -119.804982036666 0.000000000000 1.000000000000
