#Configurational_file created 2018-09-14 11:30:45  started 2018-09-14 11:30:45 run for 0.0s steps 0
name: p_703
step: 10000
specie: 20
	particle_diameter: 1.0000000000000000
	interaction_length: 1.2000000000000000
	number_of_patches: 3
	number_of_particles_per_compound: 1
	rod_length: 1.0000000000000000
	interaction_matrix:  1.000000 1.000000 1.000000 1.000000 1.000000 1.000000 1.000000 1.000000 1.000000
	patch_type: symmetric
	patch_width: 8.0000000000000000
	patch_angle: 0.0000000000000000
	angles:  0.000000 0.000000 0.000000
	grand_canonical: 0
	chemical_potential: 0.0000000000000000
box: 38.852525 38.852525
copy: 1.000000 1.000000
epsilon: 0.0625880000000000
end_epsilon: 0.0000000000000000
pressure: 0.1667580000000000
lambda: 0.0000000000000000
lambda_coupling: 1.0000000000000000
uy: 0.0000000000000000
maximum_displacement: 1.0000000000000000
maximum_rotation: 1.0000000000000000
maximum_volume: 1.0000000000000000
maximum_shape: 0.0000001000000000
maximum_dsigma: 0.0100000000000000
mod: 10
pmod: 10
optimize: 1
verbose: 1
snapshot: 0
display: 1
explore: 1
npt: 1
nptxy: 0
nptdxdy: 0
shape: 0
seed: 802102
-401.442063963407 -80.692592217052 0.866025403784 -0.500000000000
-58.990454896739 85.972926679609 0.866025403784 0.500000000000
29.078762764542 -61.791320530585 0.866025403784 -0.500000000000
288.783878656778 109.653107637218 0.866025403784 0.500000000000
100.598598601891 -75.085576662416 0.866025403784 -0.500000000000
236.092075986457 199.437300736386 0.866025403784 -0.500000000000
91.134694172377 199.355269093202 0.866025403784 0.500000000000
243.225350698161 106.584160833191 0.866025403784 0.500000000000
-10.801323907849 124.730431345706 0.866025403784 -0.500000000000
-41.535425874285 -232.289313284254 0.000000000000 1.000000000000
-17.138840486665 -22.203698489071 0.000000000000 1.000000000000
-138.304588021340 48.740240820235 0.866025403784 -0.500000000000
162.661687231778 17.750725947070 0.866025403784 -0.500000000000
-57.205691537212 1.687346091333 0.866025403784 -0.500000000000
45.116015104319 96.827619056985 0.866025403784 -0.500000000000
33.168235368129 260.103042253547 0.866025403784 -0.500000000000
140.729775548455 -220.627196716720 0.866025403784 -0.500000000000
-139.254677638802 27.092847630986 0.000000000000 1.000000000000
192.697168825998 126.750718777156 0.000000000000 1.000000000000
53.346948505356 -264.630563181679 0.866025403784 -0.500000000000
