#Configurational_file created 2018-09-14 11:30:47  started 2018-09-14 11:30:47 run for 0.0s steps 0
name: p_706
step: 10000
specie: 20
	particle_diameter: 1.0000000000000000
	interaction_length: 1.2000000000000000
	number_of_patches: 3
	number_of_particles_per_compound: 1
	rod_length: 1.0000000000000000
	interaction_matrix:  1.000000 1.000000 1.000000 1.000000 1.000000 1.000000 1.000000 1.000000 1.000000
	patch_type: symmetric
	patch_width: 8.0000000000000000
	patch_angle: 0.0000000000000000
	angles:  0.000000 0.000000 0.000000
	grand_canonical: 0
	chemical_potential: 0.0000000000000000
box: 28.942464 28.942464
copy: 1.000000 1.000000
epsilon: 0.0625880000000000
end_epsilon: 0.0000000000000000
pressure: 0.4167460000000000
lambda: 0.0000000000000000
lambda_coupling: 1.0000000000000000
uy: 0.0000000000000000
maximum_displacement: 1.0000000000000000
maximum_rotation: 1.0000000000000000
maximum_volume: 1.0000000000000000
maximum_shape: 0.0000001000000000
maximum_dsigma: 0.0100000000000000
mod: 10
pmod: 10
optimize: 1
verbose: 1
snapshot: 0
display: 1
explore: 1
npt: 1
nptxy: 0
nptdxdy: 0
shape: 0
seed: 805513
350.479421620922 88.914503534876 0.000000000000 1.000000000000
29.869014338157 74.178795401471 0.866025403784 0.500000000000
98.675938035124 -58.136835634970 0.866025403784 -0.500000000000
-158.231402515717 -44.208777540457 0.866025403784 -0.500000000000
50.414801203245 68.873182182735 0.000000000000 1.000000000000
-306.656191276623 145.973329695385 0.866025403784 -0.500000000000
-147.378276867244 107.517080523833 0.866025403784 0.500000000000
2.991392615459 78.733163829309 0.866025403784 0.500000000000
7.982894046536 -97.924583562185 0.866025403784 -0.500000000000
-183.963612139139 49.340669681642 0.866025403784 0.500000000000
63.450425084858 187.620047567614 0.866025403784 -0.500000000000
174.978339589555 -81.513039163097 0.000000000000 1.000000000000
-166.400853786917 -53.397403070117 0.866025403784 0.500000000000
-77.054502492504 48.004627292267 0.866025403784 -0.500000000000
-16.005121417783 -73.540079660679 0.000000000000 1.000000000000
231.794119685314 -9.632291832875 0.866025403784 -0.500000000000
155.736414139509 23.444618402771 0.866025403784 -0.500000000000
157.848998571337 -36.851917685957 0.866025403784 0.500000000000
-6.062426497618 -204.545267641649 0.866025403784 -0.500000000000
-68.848390562767 -57.281080910175 0.866025403784 0.500000000000
