#Configurational_file created 2018-09-14 11:30:47  started 2018-09-14 11:30:46 run for 1.0s steps 0
name: p_705
step: 10000
specie: 20
	particle_diameter: 1.0000000000000000
	interaction_length: 1.2000000000000000
	number_of_patches: 3
	number_of_particles_per_compound: 1
	rod_length: 1.0000000000000000
	interaction_matrix:  1.000000 1.000000 1.000000 1.000000 1.000000 1.000000 1.000000 1.000000 1.000000
	patch_type: symmetric
	patch_width: 8.0000000000000000
	patch_angle: 0.0000000000000000
	angles:  0.000000 0.000000 0.000000
	grand_canonical: 0
	chemical_potential: 0.0000000000000000
box: 34.432519 34.432519
copy: 1.000000 1.000000
epsilon: 0.0625880000000000
end_epsilon: 0.0000000000000000
pressure: 0.3334170000000000
lambda: 0.0000000000000000
lambda_coupling: 1.0000000000000000
uy: 0.0000000000000000
maximum_displacement: 1.0000000000000000
maximum_rotation: 1.0000000000000000
maximum_volume: 1.0000000000000000
maximum_shape: 0.0000001000000000
maximum_dsigma: 0.0100000000000000
mod: 10
pmod: 10
optimize: 1
verbose: 1
snapshot: 0
display: 1
explore: 1
npt: 1
nptxy: 0
nptdxdy: 0
shape: 0
seed: 804376
58.988401199005 57.638796378851 0.866025403784 -0.500000000000
-272.873904067431 -53.751690532669 0.866025403784 -0.500000000000
25.844710823202 -109.742295383698 0.866025403784 -0.500000000000
-7.563166491079 -299.718603123269 0.866025403784 -0.500000000000
122.957703852573 -161.630905163963 0.866025403784 0.500000000000
233.646652495846 -118.346951951613 0.000000000000 1.000000000000
33.239669259809 -123.898075523767 0.000000000000 1.000000000000
-41.946253158829 -121.435085378065 0.866025403784 -0.500000000000
-65.087876114437 -94.175937186045 0.866025403784 -0.500000000000
-213.392177514166 -6.076932320738 0.866025403784 0.500000000000
-124.772822554053 -242.749019773685 0.000000000000 1.000000000000
-10.386778287854 281.487378751068 0.000000000000 1.000000000000
-78.526839323510 2.480029269861 0.000000000000 1.000000000000
150.647642753183 383.656696034957 0.000000000000 1.000000000000
-0.754191629662 -172.067253535559 0.866025403784 -0.500000000000
64.739529994866 69.874863527752 0.866025403784 -0.500000000000
-61.443859154819 -7.127969725211 0.000000000000 1.000000000000
-202.612723024209 -5.075542839325 0.866025403784 0.500000000000
-137.873956699697 74.506231225790 0.866025403784 -0.500000000000
-275.125065251393 -180.108977610758 0.866025403784 0.500000000000
