#Configurational_file created 2018-09-14 11:58:27  started 2018-09-14 11:58:27 run for 0.0s steps 0
name: p_706
step: 10000
specie: 20
	particle_diameter: 1.0000000000000000
	interaction_length: 1.2000000000000000
	number_of_patches: 3
	number_of_particles_per_compound: 1
	rod_length: 1.0000000000000000
	interaction_matrix:  1.000000 1.000000 1.000000 1.000000 1.000000 1.000000 1.000000 1.000000 1.000000
	patch_type: symmetric
	patch_width: 8.0000000000000000
	patch_angle: 0.0000000000000000
	angles:  0.000000 0.000000 0.000000
	grand_canonical: 0
	chemical_potential: 0.0000000000000000
box: 38.353679 38.353679
copy: 1.000000 1.000000
epsilon: 0.0062510000000000
end_epsilon: 0.0000000000000000
pressure: 0.0208340000000000
lambda: 0.0000000000000000
lambda_coupling: 1.0000000000000000
uy: 0.0000000000000000
maximum_displacement: 1.0000000000000000
maximum_rotation: 1.0000000000000000
maximum_volume: 1.0000000000000000
maximum_shape: 0.0000001000000000
maximum_dsigma: 0.0100000000000000
mod: 10
pmod: 10
optimize: 1
verbose: 1
snapshot: 0
display: 1
explore: 1
npt: 1
nptxy: 0
nptdxdy: 0
shape: 0
seed: 805513
140.311715751334 -137.941128117420 0.000000000000 1.000000000000
23.011960663454 151.878945993414 0.866025403784 0.500000000000
47.982715311968 157.771063196218 0.866025403784 -0.500000000000
-79.842395923737 68.254451039292 0.000000000000 1.000000000000
162.847763148536 188.957182629212 0.000000000000 1.000000000000
-268.082937955665 72.380359391283 0.000000000000 1.000000000000
-152.408073857435 61.888140826523 0.000000000000 1.000000000000
-68.733163020461 77.729446059108 0.000000000000 1.000000000000
13.774947997380 -177.107256475214 0.866025403784 0.500000000000
-241.031437932446 -313.341069974318 0.866025403784 0.500000000000
11.216017900808 210.043343393032 0.866025403784 0.500000000000
78.579293278823 37.209753580278 0.866025403784 0.500000000000
-179.857632104606 23.999569706583 0.000000000000 1.000000000000
-58.798016367055 63.641821311786 0.866025403784 0.500000000000
270.686874088628 -128.132594773635 0.866025403784 -0.500000000000
138.387921270333 -249.905734774046 0.000000000000 1.000000000000
45.087634911884 -155.510320230431 0.866025403784 0.500000000000
-177.942920316511 97.620440369771 0.000000000000 1.000000000000
95.590903121507 -38.928754809344 0.000000000000 1.000000000000
-183.408686570287 41.130241512133 0.866025403784 0.500000000000
