#Configurational_file created 2018-09-14 11:58:24  started 2018-09-14 11:58:24 run for 0.0s steps 0
name: p_702
step: 10000
specie: 20
	particle_diameter: 1.0000000000000000
	interaction_length: 1.2000000000000000
	number_of_patches: 3
	number_of_particles_per_compound: 1
	rod_length: 1.0000000000000000
	interaction_matrix:  1.000000 1.000000 1.000000 1.000000 1.000000 1.000000 1.000000 1.000000 1.000000
	patch_type: symmetric
	patch_width: 8.0000000000000000
	patch_angle: 0.0000000000000000
	angles:  0.000000 0.000000 0.000000
	grand_canonical: 0
	chemical_potential: 0.0000000000000000
box: 50.317749 50.317749
copy: 1.000000 1.000000
epsilon: 0.0062510000000000
end_epsilon: 0.0000000000000000
pressure: 0.0041680000000000
lambda: 0.0000000000000000
lambda_coupling: 1.0000000000000000
uy: 0.0000000000000000
maximum_displacement: 1.0000000000000000
maximum_rotation: 1.0000000000000000
maximum_volume: 1.0000000000000000
maximum_shape: 0.0000001000000000
maximum_dsigma: 0.0100000000000000
mod: 10
pmod: 10
optimize: 1
verbose: 1
snapshot: 0
display: 1
explore: 1
npt: 1
nptxy: 0
nptdxdy: 0
shape: 0
seed: 800965
-206.848435495656 40.161176122418 0.000000000000 1.000000000000
125.515088226849 33.131902162585 0.000000000000 1.000000000000
70.101240026588 -374.329951558647 0.866025403784 -0.500000000000
-13.931648465999 152.771896916574 0.000000000000 1.000000000000
-89.440040818647 8.510889447251 0.866025403784 -0.500000000000
302.945161594492 161.408105247678 0.000000000000 1.000000000000
390.747790744612 92.794321304747 0.866025403784 -0.500000000000
110.990155029297 298.793853249183 0.000000000000 1.000000000000
114.386490778557 21.448211690952 0.866025403784 0.500000000000
255.052852102467 -30.724170164556 0.866025403784 0.500000000000
93.434795349654 86.360954911207 0.000000000000 1.000000000000
-52.627949884279 192.117536482879 0.866025403784 0.500000000000
-29.087705486348 282.318137224666 0.866025403784 -0.500000000000
-222.730411138966 88.451657397886 0.866025403784 -0.500000000000
-220.988264407500 172.784210408641 0.866025403784 0.500000000000
10.650390271968 89.072442909724 0.000000000000 1.000000000000
91.105759201989 296.623036453102 0.866025403784 0.500000000000
-147.933056835845 -51.957514379896 0.000000000000 1.000000000000
81.646002750693 -28.092232605883 0.000000000000 1.000000000000
112.931156886852 -84.875204721547 0.000000000000 1.000000000000
