#Configurational_file created 2018-09-14 11:30:48  started 2018-09-14 11:30:47 run for 1.0s steps 0
name: p_707
step: 10000
specie: 20
	particle_diameter: 1.0000000000000000
	interaction_length: 1.2000000000000000
	number_of_patches: 3
	number_of_particles_per_compound: 1
	rod_length: 1.0000000000000000
	interaction_matrix:  1.000000 1.000000 1.000000 1.000000 1.000000 1.000000 1.000000 1.000000 1.000000
	patch_type: symmetric
	patch_width: 8.0000000000000000
	patch_angle: 0.0000000000000000
	angles:  0.000000 0.000000 0.000000
	grand_canonical: 0
	chemical_potential: 0.0000000000000000
box: 28.287801 28.287801
copy: 1.000000 1.000000
epsilon: 0.0625880000000000
end_epsilon: 0.0000000000000000
pressure: 0.5000750000000000
lambda: 0.0000000000000000
lambda_coupling: 1.0000000000000000
uy: 0.0000000000000000
maximum_displacement: 1.0000000000000000
maximum_rotation: 1.0000000000000000
maximum_volume: 1.0000000000000000
maximum_shape: 0.0000001000000000
maximum_dsigma: 0.0100000000000000
mod: 10
pmod: 10
optimize: 1
verbose: 1
snapshot: 0
display: 1
explore: 1
npt: 1
nptxy: 0
nptdxdy: 0
shape: 0
seed: 806650
-188.387295121902 -162.126431929187 0.866025403784 -0.500000000000
144.440355057787 2.696112252548 0.866025403784 -0.500000000000
-194.881045619800 -2.921860803609 0.866025403784 -0.500000000000
-186.687553923978 153.590279862339 0.866025403784 0.500000000000
91.813647430910 120.429996907090 0.866025403784 0.500000000000
36.309568848765 -89.454927234803 0.000000000000 1.000000000000
-193.249083715097 67.004382401093 0.866025403784 0.500000000000
105.419587178860 116.916432564229 0.866025403784 -0.500000000000
18.416335187605 112.218159640971 0.866025403784 0.500000000000
-86.922184330601 106.418840923658 0.000000000000 1.000000000000
240.975993624067 -38.604975171461 0.866025403784 0.500000000000
149.709186043806 151.741290747592 0.866025403784 0.500000000000
92.674128876588 177.992973134368 0.866025403784 0.500000000000
-92.579254559619 -106.037138245218 0.866025403784 -0.500000000000
-306.760146282392 -113.967758060399 0.866025403784 0.500000000000
-34.006077556482 37.092348594909 0.000000000000 1.000000000000
209.159917015759 80.845709570599 0.866025403784 0.500000000000
-92.773556631058 -28.208196459002 0.866025403784 -0.500000000000
-102.049437657268 32.711381733446 0.866025403784 -0.500000000000
-56.651228863704 -80.408114985220 0.866025403784 -0.500000000000
