#Configurational_file created 2018-09-14 11:58:27  started 2018-09-14 11:58:26 run for 1.0s steps 0
name: p_705
step: 10000
specie: 20
	particle_diameter: 1.0000000000000000
	interaction_length: 1.2000000000000000
	number_of_patches: 3
	number_of_particles_per_compound: 1
	rod_length: 1.0000000000000000
	interaction_matrix:  1.000000 1.000000 1.000000 1.000000 1.000000 1.000000 1.000000 1.000000 1.000000
	patch_type: symmetric
	patch_width: 8.0000000000000000
	patch_angle: 0.0000000000000000
	angles:  0.000000 0.000000 0.000000
	grand_canonical: 0
	chemical_potential: 0.0000000000000000
box: 52.305915 52.305915
copy: 1.000000 1.000000
epsilon: 0.0062510000000000
end_epsilon: 0.0000000000000000
pressure: 0.0166680000000000
lambda: 0.0000000000000000
lambda_coupling: 1.0000000000000000
uy: 0.0000000000000000
maximum_displacement: 1.0000000000000000
maximum_rotation: 1.0000000000000000
maximum_volume: 1.0000000000000000
maximum_shape: 0.0000001000000000
maximum_dsigma: 0.0100000000000000
mod: 10
pmod: 10
optimize: 1
verbose: 1
snapshot: 0
display: 1
explore: 1
npt: 1
nptxy: 0
nptdxdy: 0
shape: 0
seed: 804376
524.842184291911 87.137188203605 0.866025403784 0.500000000000
164.280979257528 200.764831557307 0.866025403784 -0.500000000000
-165.679616558756 -149.163132161542 0.000000000000 1.000000000000
91.894291323544 -204.371224766955 0.000000000000 1.000000000000
97.873132547353 -70.776860090275 0.866025403784 -0.500000000000
233.039067815800 -166.431315649492 0.000000000000 1.000000000000
82.423094354231 -108.907180318741 0.000000000000 1.000000000000
-260.049504610670 -218.742974941214 0.000000000000 1.000000000000
-135.901519205710 65.190482836643 0.866025403784 0.500000000000
74.782981877679 -159.113695186152 0.866025403784 -0.500000000000
95.489847038756 163.548638272885 0.000000000000 1.000000000000
171.002090084508 -58.131316738898 0.866025403784 0.500000000000
77.710276504351 135.462883892020 0.866025403784 0.500000000000
-26.240224314280 224.896460968488 0.000000000000 1.000000000000
70.623321561206 104.987117312077 0.866025403784 0.500000000000
-30.127233210275 75.918178859188 0.000000000000 1.000000000000
-4.947072607555 34.131248461183 0.866025403784 -0.500000000000
-5.973611118001 89.885047954074 0.866025403784 -0.500000000000
22.502084529479 10.716668456784 0.000000000000 1.000000000000
-231.998008055176 -97.680889048924 0.000000000000 1.000000000000
