#Configurational_file created 2018-09-14 11:58:23  started 2018-09-14 11:58:22 run for 1.0s steps 0
name: p_700
step: 10000
specie: 20
	particle_diameter: 1.0000000000000000
	interaction_length: 1.2000000000000000
	number_of_patches: 3
	number_of_particles_per_compound: 1
	rod_length: 1.0000000000000000
	interaction_matrix:  1.000000 1.000000 1.000000 1.000000 1.000000 1.000000 1.000000 1.000000 1.000000
	patch_type: symmetric
	patch_width: 8.0000000000000000
	patch_angle: 0.0000000000000000
	angles:  0.000000 0.000000 0.000000
	grand_canonical: 0
	chemical_potential: 0.0000000000000000
box: 49.333640 49.333640
copy: 1.000000 1.000000
epsilon: 0.0041680000000000
end_epsilon: 0.0000000000000000
pressure: 0.1000000000000000
lambda: 0.0000000000000000
lambda_coupling: 1.0000000000000000
uy: 0.0000000000000000
maximum_displacement: 1.0000000000000000
maximum_rotation: 1.0000000000000000
maximum_volume: 1.0000000000000000
maximum_shape: 0.0000001000000000
maximum_dsigma: 0.0100000000000000
mod: 10
pmod: 10
optimize: 1
verbose: 1
snapshot: 0
display: 1
explore: 1
npt: 1
nptxy: 0
nptdxdy: 0
shape: 0
seed: 798691
-106.424579664240 28.843308047494 0.866025403784 0.500000000000
-108.934338424911 -191.096253724370 0.866025403784 0.500000000000
-23.694115628764 348.965192652754 0.866025403784 0.500000000000
426.004610489938 45.401405554166 0.866025403784 0.500000000000
-8.709601406418 8.775953264388 0.866025403784 0.500000000000
53.428551668186 343.561164821432 0.866025403784 -0.500000000000
242.952002019250 250.050984187931 0.866025403784 -0.500000000000
-33.283788510226 -175.930501021235 0.000000000000 1.000000000000
53.985002556910 -108.721431691026 0.866025403784 -0.500000000000
-107.132282096127 191.184105997887 0.000000000000 1.000000000000
139.601230651277 258.240923171357 0.866025403784 0.500000000000
178.878375988013 -82.374522796728 0.866025403784 -0.500000000000
175.238995262640 -54.196965661459 0.000000000000 1.000000000000
117.229327500008 379.354139392892 0.000000000000 1.000000000000
245.054164281899 162.242912344049 0.000000000000 1.000000000000
206.380733197930 12.489037670318 0.866025403784 0.500000000000
181.045462504691 159.698744160905 0.000000000000 1.000000000000
91.873251213417 185.790706833370 0.866025403784 0.500000000000
161.384004763037 -116.279332615701 0.866025403784 -0.500000000000
-94.640482924422 -37.983195078442 0.000000000000 1.000000000000
