#Configurational_file created 2018-09-14 11:30:44  started 2018-09-14 11:30:43 run for 1.0s steps 0
name: p_701
step: 10000
specie: 20
	particle_diameter: 1.0000000000000000
	interaction_length: 1.2000000000000000
	number_of_patches: 3
	number_of_particles_per_compound: 1
	rod_length: 1.0000000000000000
	interaction_matrix:  1.000000 1.000000 1.000000 1.000000 1.000000 1.000000 1.000000 1.000000 1.000000
	patch_type: symmetric
	patch_width: 8.0000000000000000
	patch_angle: 0.0000000000000000
	angles:  0.000000 0.000000 0.000000
	grand_canonical: 0
	chemical_potential: 0.0000000000000000
box: 49.434558 49.434558
copy: 1.000000 1.000000
epsilon: 0.0625880000000000
end_epsilon: 0.0000000000000000
pressure: 0.0001000000000000
lambda: 0.0000000000000000
lambda_coupling: 1.0000000000000000
uy: 0.0000000000000000
maximum_displacement: 1.0000000000000000
maximum_rotation: 1.0000000000000000
maximum_volume: 1.0000000000000000
maximum_shape: 0.0000001000000000
maximum_dsigma: 0.0100000000000000
mod: 10
pmod: 10
optimize: 1
verbose: 1
snapshot: 0
display: 1
explore: 1
npt: 1
nptxy: 0
nptdxdy: 0
shape: 0
seed: 799828
151.879220192999 196.727413355584 0.866025403784 -0.500000000000
-354.741257313426 -95.801267224258 0.866025403784 -0.500000000000
-33.459694290603 50.373982989451 0.866025403784 0.500000000000
-192.892734544579 203.678773364975 0.866025403784 0.500000000000
-65.477573559978 -142.750228631368 0.866025403784 0.500000000000
-493.551045531168 -247.422934641161 0.000000000000 1.000000000000
138.198195653119 -81.679954485327 0.866025403784 -0.500000000000
27.923516455182 68.900077579295 0.000000000000 1.000000000000
-505.805473413279 155.674701995325 0.866025403784 0.500000000000
11.777606949364 340.114342026513 0.866025403784 0.500000000000
-147.251931643920 -40.530507511341 0.000000000000 1.000000000000
-35.596090965625 151.899194254089 0.866025403784 0.500000000000
-34.961164400436 -2.218571660781 0.866025403784 0.500000000000
-81.389290820150 158.398662996516 0.866025403784 -0.500000000000
-42.087693130693 156.804745019159 0.000000000000 1.000000000000
104.973586976666 19.539388849443 0.866025403784 -0.500000000000
163.198127965220 125.569909780069 0.866025403784 0.500000000000
140.950573089525 122.910345988305 0.000000000000 1.000000000000
-273.783537806193 -185.327847053574 0.866025403784 -0.500000000000
-21.265711287552 -112.169111402341 0.866025403784 -0.500000000000
