#Configurational_file created 2018-09-14 11:58:29  started 2018-09-14 11:58:28 run for 1.0s steps 0
name: p_708
step: 10000
specie: 20
	particle_diameter: 1.0000000000000000
	interaction_length: 1.2000000000000000
	number_of_patches: 3
	number_of_particles_per_compound: 1
	rod_length: 1.0000000000000000
	interaction_matrix:  1.000000 1.000000 1.000000 1.000000 1.000000 1.000000 1.000000 1.000000 1.000000
	patch_type: symmetric
	patch_width: 8.0000000000000000
	patch_angle: 0.0000000000000000
	angles:  0.000000 0.000000 0.000000
	grand_canonical: 0
	chemical_potential: 0.0000000000000000
box: 47.971934 47.971934
copy: 1.000000 1.000000
epsilon: 0.0062510000000000
end_epsilon: 0.0000000000000000
pressure: 0.0291670000000000
lambda: 0.0000000000000000
lambda_coupling: 1.0000000000000000
uy: 0.0000000000000000
maximum_displacement: 1.0000000000000000
maximum_rotation: 1.0000000000000000
maximum_volume: 1.0000000000000000
maximum_shape: 0.0000001000000000
maximum_dsigma: 0.0100000000000000
mod: 10
pmod: 10
optimize: 1
verbose: 1
snapshot: 0
display: 1
explore: 1
npt: 1
nptxy: 0
nptdxdy: 0
shape: 0
seed: 807787
1.471216862047 167.943404070346 0.866025403784 0.500000000000
154.253191293453 90.576571707549 0.866025403784 0.500000000000
-6.404405090537 -251.859321246960 0.866025403784 -0.500000000000
21.069825036338 34.566832086143 0.000000000000 1.000000000000
-2.590400872618 236.521984034125 0.000000000000 1.000000000000
228.605479968538 157.857650707413 0.866025403784 -0.500000000000
-160.901546706478 -30.651320054904 0.866025403784 0.500000000000
-37.202777776563 417.194702602336 0.866025403784 -0.500000000000
117.254935571755 165.392988857886 0.000000000000 1.000000000000
-61.374253667844 69.601346386575 0.000000000000 1.000000000000
72.421121456276 69.577611124793 0.866025403784 0.500000000000
278.741534079135 28.294982039027 0.866025403784 0.500000000000
434.009990379163 87.588894770824 0.866025403784 0.500000000000
-47.528720414230 86.542202330819 0.866025403784 0.500000000000
-99.213436989910 288.427768890612 0.866025403784 -0.500000000000
249.191574306043 148.092151531284 0.866025403784 -0.500000000000
-52.747435231656 34.789729914986 0.000000000000 1.000000000000
-16.064374489696 -265.423557418984 0.866025403784 0.500000000000
-166.881785681772 101.216478779109 0.866025403784 0.500000000000
-404.666697212086 -133.918552663667 0.866025403784 0.500000000000
