#Configurational_file created 2018-09-14 11:30:54  started 2018-09-14 11:30:53 run for 1.0s steps 0
name: p_716
step: 10000
specie: 20
	particle_diameter: 1.0000000000000000
	interaction_length: 1.2000000000000000
	number_of_patches: 3
	number_of_particles_per_compound: 1
	rod_length: 1.0000000000000000
	interaction_matrix:  1.000000 1.000000 1.000000 1.000000 1.000000 1.000000 1.000000 1.000000 1.000000
	patch_type: symmetric
	patch_width: 8.0000000000000000
	patch_angle: 0.0000000000000000
	angles:  0.000000 0.000000 0.000000
	grand_canonical: 0
	chemical_potential: 0.0000000000000000
box: 16.357612 16.357612
copy: 1.000000 1.000000
epsilon: 0.0625880000000000
end_epsilon: 0.0000000000000000
pressure: 1.2500370000000001
lambda: 0.0000000000000000
lambda_coupling: 1.0000000000000000
uy: 0.0000000000000000
maximum_displacement: 1.0000000000000000
maximum_rotation: 1.0000000000000000
maximum_volume: 1.0000000000000000
maximum_shape: 0.0000001000000000
maximum_dsigma: 0.0100000000000000
mod: 10
pmod: 10
optimize: 1
verbose: 1
snapshot: 0
display: 1
explore: 1
npt: 1
nptxy: 0
nptdxdy: 0
shape: 0
seed: 816883
-99.378430743145 -17.039834300534 0.000000000000 1.000000000000
-54.910286500509 13.852537955404 0.000000000000 1.000000000000
-78.887714791762 -42.996278613065 0.866025403784 -0.500000000000
-2.010446561635 61.522283110452 0.866025403784 0.500000000000
24.264693870747 -52.241664457793 0.866025403784 -0.500000000000
-23.824415816586 -146.996887205726 0.866025403784 -0.500000000000
-132.855994188200 113.113625309242 0.866025403784 -0.500000000000
26.547567415575 124.221150089467 0.866025403784 0.500000000000
45.924121973335 -13.036819452824 0.866025403784 -0.500000000000
25.132347115914 -44.280707923958 0.866025403784 -0.500000000000
53.460117630238 25.939384151484 0.866025403784 0.500000000000
19.968568708774 19.401862950457 0.866025403784 -0.500000000000
90.261856104030 -3.676174124526 0.866025403784 0.500000000000
116.700869005075 69.301147941759 0.866025403784 0.500000000000
23.021111652100 -32.129518473556 0.000000000000 1.000000000000
61.515898649618 18.553960173951 0.000000000000 1.000000000000
104.582132570813 67.293619862059 0.866025403784 -0.500000000000
52.289621356682 -165.389249871079 0.866025403784 0.500000000000
-115.003337715650 -61.184491445719 0.866025403784 -0.500000000000
-218.974130096989 15.106040501835 0.000000000000 1.000000000000
