#Configurational_file created 2018-09-14 11:30:50  started 2018-09-14 11:30:49 run for 1.0s steps 0
name: p_710
step: 10000
specie: 20
	particle_diameter: 1.0000000000000000
	interaction_length: 1.2000000000000000
	number_of_patches: 3
	number_of_particles_per_compound: 1
	rod_length: 1.0000000000000000
	interaction_matrix:  1.000000 1.000000 1.000000 1.000000 1.000000 1.000000 1.000000 1.000000 1.000000
	patch_type: symmetric
	patch_width: 8.0000000000000000
	patch_angle: 0.0000000000000000
	angles:  0.000000 0.000000 0.000000
	grand_canonical: 0
	chemical_potential: 0.0000000000000000
box: 23.969280 23.969280
copy: 1.000000 1.000000
epsilon: 0.0625880000000000
end_epsilon: 0.0000000000000000
pressure: 0.7500620000000000
lambda: 0.0000000000000000
lambda_coupling: 1.0000000000000000
uy: 0.0000000000000000
maximum_displacement: 1.0000000000000000
maximum_rotation: 1.0000000000000000
maximum_volume: 1.0000000000000000
maximum_shape: 0.0000001000000000
maximum_dsigma: 0.0100000000000000
mod: 10
pmod: 10
optimize: 1
verbose: 1
snapshot: 0
display: 1
explore: 1
npt: 1
nptxy: 0
nptdxdy: 0
shape: 0
seed: 810061
32.066920223747 39.273679240506 0.866025403784 0.500000000000
-87.697792752313 9.753327973588 0.866025403784 0.500000000000
133.552417956217 -44.705050237714 0.866025403784 0.500000000000
-54.092318609935 -41.901951083261 0.866025403784 -0.500000000000
-11.399348213049 -46.420625647948 0.000000000000 1.000000000000
-20.835047345212 -296.894061766541 0.866025403784 0.500000000000
-122.284454267704 92.408467968817 0.000000000000 1.000000000000
-33.473857816179 23.762037634974 0.866025403784 0.500000000000
-46.495345593280 1.308598578547 0.866025403784 0.500000000000
-0.491104514663 1.237106912660 0.866025403784 -0.500000000000
27.109376097801 112.017514536889 0.866025403784 -0.500000000000
100.439812271524 46.357235492307 0.000000000000 1.000000000000
-20.881056253886 42.774053982097 0.866025403784 -0.500000000000
-44.975171117109 -166.232676493261 0.866025403784 0.500000000000
-46.814950872166 20.907076039908 0.000000000000 1.000000000000
-219.492184573279 100.936372594817 0.866025403784 0.500000000000
-149.802627820052 222.940498717240 0.866025403784 -0.500000000000
92.923124200742 133.509217773849 0.866025403784 0.500000000000
-64.749837218165 81.007177598450 0.000000000000 1.000000000000
2.171780439047 21.793758081604 0.866025403784 0.500000000000
