#Configurational_file created 2018-09-14 11:30:53  started 2018-09-14 11:30:53 run for 0.0s steps 0
name: p_715
step: 10000
specie: 20
	particle_diameter: 1.0000000000000000
	interaction_length: 1.2000000000000000
	number_of_patches: 3
	number_of_particles_per_compound: 1
	rod_length: 1.0000000000000000
	interaction_matrix:  1.000000 1.000000 1.000000 1.000000 1.000000 1.000000 1.000000 1.000000 1.000000
	patch_type: symmetric
	patch_width: 8.0000000000000000
	patch_angle: 0.0000000000000000
	angles:  0.000000 0.000000 0.000000
	grand_canonical: 0
	chemical_potential: 0.0000000000000000
box: 15.202883 15.202883
copy: 1.000000 1.000000
epsilon: 0.0625880000000000
end_epsilon: 0.0000000000000000
pressure: 1.1667080000000001
lambda: 0.0000000000000000
lambda_coupling: 1.0000000000000000
uy: 0.0000000000000000
maximum_displacement: 1.0000000000000000
maximum_rotation: 1.0000000000000000
maximum_volume: 1.0000000000000000
maximum_shape: 0.0000001000000000
maximum_dsigma: 0.0100000000000000
mod: 10
pmod: 10
optimize: 1
verbose: 1
snapshot: 0
display: 1
explore: 1
npt: 1
nptxy: 0
nptdxdy: 0
shape: 0
seed: 815746
135.368761143404 8.056290179793 0.000000000000 1.000000000000
20.861419556553 -60.334331446169 0.866025403784 -0.500000000000
-29.942585123086 -161.799945602171 0.866025403784 0.500000000000
5.148567081188 35.519462156954 0.000000000000 1.000000000000
85.418790941731 33.460189457898 0.866025403784 -0.500000000000
-76.041982469823 -224.453438688967 0.866025403784 -0.500000000000
14.742479234999 -19.657813230326 0.866025403784 -0.500000000000
50.208791329970 123.555928639457 0.866025403784 0.500000000000
-32.710062971782 27.713502627517 0.866025403784 -0.500000000000
-96.203987561000 157.856252609233 0.866025403784 -0.500000000000
82.346449893909 -12.416426548711 0.866025403784 0.500000000000
70.901359376161 60.019236876671 0.000000000000 1.000000000000
-23.636426450220 4.311388650495 0.000000000000 1.000000000000
2.617955439887 -5.354540707763 0.866025403784 -0.500000000000
-18.439108748227 130.315978042895 0.866025403784 0.500000000000
73.212515477076 1.731084982189 0.866025403784 0.500000000000
62.820615256625 69.673392389721 0.866025403784 0.500000000000
87.114091630721 148.176283989115 0.866025403784 0.500000000000
141.052473865804 132.914806859678 0.866025403784 0.500000000000
38.905632920194 -1.833818399121 0.866025403784 0.500000000000
