#Configurational_file created 2018-09-14 11:06:19  started 2018-09-14 11:06:19 run for 0.0s steps 0
name: p_71
step: 10000
specie: 20
	particle_diameter: 1.0000000000000000
	interaction_length: 1.2000000000000000
	number_of_patches: 3
	number_of_particles_per_compound: 1
	rod_length: 1.0000000000000000
	interaction_matrix:  1.000000 1.000000 1.000000 1.000000 1.000000 1.000000 1.000000 1.000000 1.000000
	patch_type: symmetric
	patch_width: 8.0000000000000000
	patch_angle: 0.0000000000000000
	angles:  0.000000 0.000000 0.000000
	grand_canonical: 0
	chemical_potential: 0.0000000000000000
box: 53.590021 53.590021
copy: 1.000000 1.000000
epsilon: 0.0001000000000000
end_epsilon: 0.0000000000000000
pressure: 1.7142999999999999
lambda: 0.0000000000000000
lambda_coupling: 1.0000000000000000
uy: 0.0000000000000000
maximum_displacement: 1.0000000000000000
maximum_rotation: 1.0000000000000000
maximum_volume: 1.0000000000000000
maximum_shape: 0.0000001000000000
maximum_dsigma: 0.0100000000000000
mod: 10
pmod: 10
optimize: 1
verbose: 1
snapshot: 0
display: 1
explore: 1
npt: 1
nptxy: 0
nptdxdy: 0
shape: 0
seed: 83597
-46.906492733409 551.805409058987 0.866025403784 0.500000000000
87.105706636084 112.106954105983 0.000000000000 1.000000000000
98.763939709096 -191.145380671641 0.866025403784 -0.500000000000
162.975507011033 9.269047788547 0.000000000000 1.000000000000
-132.358161056364 400.518914228233 0.000000000000 1.000000000000
-178.679062078794 -396.897456061843 0.866025403784 -0.500000000000
200.772506282500 -60.070820218426 0.866025403784 0.500000000000
161.623483544658 -161.026567289897 0.866025403784 -0.500000000000
-286.285762331972 103.637249240829 0.866025403784 0.500000000000
62.777146022169 280.036812905781 0.000000000000 1.000000000000
407.770753008231 -427.273443727948 0.000000000000 1.000000000000
-32.229615637392 -432.998478384510 0.866025403784 -0.500000000000
262.767078433239 -126.435693874448 0.866025403784 0.500000000000
-32.045662512133 362.827298970607 0.000000000000 1.000000000000
-124.243814644892 -8.376075912977 0.866025403784 -0.500000000000
-157.614367837225 -400.722421183344 0.866025403784 -0.500000000000
93.654597534369 124.381561081097 0.000000000000 1.000000000000
8.557966846892 -71.793667618123 0.866025403784 -0.500000000000
14.848926885568 -77.662380994778 0.000000000000 1.000000000000
161.453115271859 59.940081236261 0.866025403784 -0.500000000000
