#Configurational_file created 2018-09-14 11:58:35  started 2018-09-14 11:58:34 run for 1.0s steps 0
name: p_716
step: 10000
specie: 20
	particle_diameter: 1.0000000000000000
	interaction_length: 1.2000000000000000
	number_of_patches: 3
	number_of_particles_per_compound: 1
	rod_length: 1.0000000000000000
	interaction_matrix:  1.000000 1.000000 1.000000 1.000000 1.000000 1.000000 1.000000 1.000000 1.000000
	patch_type: symmetric
	patch_width: 8.0000000000000000
	patch_angle: 0.0000000000000000
	angles:  0.000000 0.000000 0.000000
	grand_canonical: 0
	chemical_potential: 0.0000000000000000
box: 47.259312 47.259312
copy: 1.000000 1.000000
epsilon: 0.0062510000000000
end_epsilon: 0.0000000000000000
pressure: 0.0625000000000000
lambda: 0.0000000000000000
lambda_coupling: 1.0000000000000000
uy: 0.0000000000000000
maximum_displacement: 1.0000000000000000
maximum_rotation: 1.0000000000000000
maximum_volume: 1.0000000000000000
maximum_shape: 0.0000001000000000
maximum_dsigma: 0.0100000000000000
mod: 10
pmod: 10
optimize: 1
verbose: 1
snapshot: 0
display: 1
explore: 1
npt: 1
nptxy: 0
nptdxdy: 0
shape: 0
seed: 816883
-258.901538856610 52.948319176421 0.866025403784 0.500000000000
-116.531199713154 -11.265352685267 0.000000000000 1.000000000000
3.465778063270 47.328612335753 0.866025403784 -0.500000000000
-26.447839558870 113.222978056458 0.000000000000 1.000000000000
-260.072668867397 -123.997386344344 0.000000000000 1.000000000000
124.492933772397 84.322528812184 0.000000000000 1.000000000000
100.551403621577 123.028554873367 0.866025403784 0.500000000000
-67.045347741466 204.126778497559 0.000000000000 1.000000000000
33.139014137260 -4.429809184486 0.866025403784 0.500000000000
-99.494905880661 23.505976873851 0.866025403784 0.500000000000
-127.589426600938 -23.134385545523 0.866025403784 -0.500000000000
-53.928313649862 8.285854800174 0.000000000000 1.000000000000
-128.266811848446 -1.183910707532 0.866025403784 -0.500000000000
-95.993835646936 -50.715330608783 0.000000000000 1.000000000000
193.395318317747 368.094330561204 0.866025403784 -0.500000000000
208.358290101951 74.670414802106 0.866025403784 -0.500000000000
30.486623879850 52.383711504098 0.000000000000 1.000000000000
37.303267824898 -234.690556294425 0.866025403784 -0.500000000000
-134.596863774787 290.182337588846 0.866025403784 0.500000000000
10.684991342655 -76.760127046527 0.866025403784 -0.500000000000
