#Configurational_file created 2018-09-14 11:58:37  started 2018-09-14 11:58:36 run for 1.0s steps 0
name: p_719
step: 10000
specie: 20
	particle_diameter: 1.0000000000000000
	interaction_length: 1.2000000000000000
	number_of_patches: 3
	number_of_particles_per_compound: 1
	rod_length: 1.0000000000000000
	interaction_matrix:  1.000000 1.000000 1.000000 1.000000 1.000000 1.000000 1.000000 1.000000 1.000000
	patch_type: symmetric
	patch_width: 8.0000000000000000
	patch_angle: 0.0000000000000000
	angles:  0.000000 0.000000 0.000000
	grand_canonical: 0
	chemical_potential: 0.0000000000000000
box: 48.492333 48.492333
copy: 1.000000 1.000000
epsilon: 0.0062510000000000
end_epsilon: 0.0000000000000000
pressure: 0.0750000000000000
lambda: 0.0000000000000000
lambda_coupling: 1.0000000000000000
uy: 0.0000000000000000
maximum_displacement: 1.0000000000000000
maximum_rotation: 1.0000000000000000
maximum_volume: 1.0000000000000000
maximum_shape: 0.0000001000000000
maximum_dsigma: 0.0100000000000000
mod: 10
pmod: 10
optimize: 1
verbose: 1
snapshot: 0
display: 1
explore: 1
npt: 1
nptxy: 0
nptdxdy: 0
shape: 0
seed: 820294
46.979948325028 77.572075250158 0.866025403784 -0.500000000000
131.952714717776 257.448458180662 0.000000000000 1.000000000000
57.249903930243 17.781189572770 0.000000000000 1.000000000000
276.078117647227 106.778043644241 0.866025403784 -0.500000000000
235.632092946904 -50.790995647405 0.866025403784 -0.500000000000
-23.702728255765 -16.285617342800 0.866025403784 -0.500000000000
108.887242131712 -85.539647939383 0.866025403784 -0.500000000000
-344.499182972692 -312.707540516259 0.000000000000 1.000000000000
368.802062043205 131.905967873621 0.866025403784 0.500000000000
156.760203709984 42.507572509124 0.866025403784 0.500000000000
156.788329183548 145.956133316420 0.866025403784 -0.500000000000
178.369690347323 -153.634617568816 0.000000000000 1.000000000000
84.568365566958 313.539149787881 0.000000000000 1.000000000000
297.195007300111 -15.340307241649 0.866025403784 -0.500000000000
-28.466618335103 -55.982146586536 0.866025403784 -0.500000000000
49.334491913386 -119.261439620152 0.000000000000 1.000000000000
-308.146528613732 34.612780954039 0.000000000000 1.000000000000
208.361502192568 -51.915395364960 0.866025403784 -0.500000000000
-76.490798461582 -74.739448576769 0.866025403784 0.500000000000
-3.855679858741 -98.260233014866 0.866025403784 -0.500000000000
