#Configurational_file created 2018-09-14 11:30:55  started 2018-09-14 11:30:54 run for 1.0s steps 0
name: p_717
step: 10000
specie: 20
	particle_diameter: 1.0000000000000000
	interaction_length: 1.2000000000000000
	number_of_patches: 3
	number_of_particles_per_compound: 1
	rod_length: 1.0000000000000000
	interaction_matrix:  1.000000 1.000000 1.000000 1.000000 1.000000 1.000000 1.000000 1.000000 1.000000
	patch_type: symmetric
	patch_width: 8.0000000000000000
	patch_angle: 0.0000000000000000
	angles:  0.000000 0.000000 0.000000
	grand_canonical: 0
	chemical_potential: 0.0000000000000000
box: 19.581044 19.581044
copy: 1.000000 1.000000
epsilon: 0.0625880000000000
end_epsilon: 0.0000000000000000
pressure: 1.3333670000000000
lambda: 0.0000000000000000
lambda_coupling: 1.0000000000000000
uy: 0.0000000000000000
maximum_displacement: 1.0000000000000000
maximum_rotation: 1.0000000000000000
maximum_volume: 1.0000000000000000
maximum_shape: 0.0000001000000000
maximum_dsigma: 0.0100000000000000
mod: 10
pmod: 10
optimize: 1
verbose: 1
snapshot: 0
display: 1
explore: 1
npt: 1
nptxy: 0
nptdxdy: 0
shape: 0
seed: 818020
9.808644143307 122.775695404468 0.000000000000 1.000000000000
202.533065262934 -256.010227107804 0.866025403784 -0.500000000000
-66.508317826590 -60.463508191407 0.866025403784 -0.500000000000
-64.558743407583 12.618174318944 0.000000000000 1.000000000000
-19.543293300317 239.838795806855 0.866025403784 0.500000000000
57.351056785366 58.313644655928 0.866025403784 -0.500000000000
79.066401900565 48.940373780787 0.866025403784 0.500000000000
-73.065956288962 30.897340767515 0.866025403784 0.500000000000
15.758137285580 -49.211888233079 0.866025403784 0.500000000000
-41.691785151213 112.120264440189 0.000000000000 1.000000000000
-236.096801858690 -39.603474968804 0.000000000000 1.000000000000
70.416135686117 -64.827560531403 0.866025403784 0.500000000000
-136.979675915415 96.693768720963 0.000000000000 1.000000000000
-20.750406868075 -121.352260825357 0.866025403784 0.500000000000
161.777221897585 87.180795008474 0.866025403784 -0.500000000000
-16.619737196558 9.728358428950 0.000000000000 1.000000000000
153.873809821503 -108.843893741477 0.866025403784 -0.500000000000
73.538508055767 285.417776959739 0.000000000000 1.000000000000
19.634150376563 -114.718443920935 0.866025403784 -0.500000000000
-153.719535274211 70.439688394947 0.866025403784 0.500000000000
