#Configurational_file created 2018-09-14 11:30:51  started 2018-09-14 11:30:50 run for 1.0s steps 0
name: p_711
step: 10000
specie: 20
	particle_diameter: 1.0000000000000000
	interaction_length: 1.2000000000000000
	number_of_patches: 3
	number_of_particles_per_compound: 1
	rod_length: 1.0000000000000000
	interaction_matrix:  1.000000 1.000000 1.000000 1.000000 1.000000 1.000000 1.000000 1.000000 1.000000
	patch_type: symmetric
	patch_width: 8.0000000000000000
	patch_angle: 0.0000000000000000
	angles:  0.000000 0.000000 0.000000
	grand_canonical: 0
	chemical_potential: 0.0000000000000000
box: 23.113178 23.113178
copy: 1.000000 1.000000
epsilon: 0.0625880000000000
end_epsilon: 0.0000000000000000
pressure: 0.8333920000000000
lambda: 0.0000000000000000
lambda_coupling: 1.0000000000000000
uy: 0.0000000000000000
maximum_displacement: 1.0000000000000000
maximum_rotation: 1.0000000000000000
maximum_volume: 1.0000000000000000
maximum_shape: 0.0000001000000000
maximum_dsigma: 0.0100000000000000
mod: 10
pmod: 10
optimize: 1
verbose: 1
snapshot: 0
display: 1
explore: 1
npt: 1
nptxy: 0
nptdxdy: 0
shape: 0
seed: 811198
130.738412384591 -48.759957115174 0.866025403784 0.500000000000
-33.777751721889 160.311012141454 0.866025403784 -0.500000000000
80.015617404088 -107.578371880035 0.000000000000 1.000000000000
159.296193200829 91.783324281174 0.000000000000 1.000000000000
123.051941144204 21.908050479516 0.866025403784 0.500000000000
70.384048761292 62.965185811591 0.000000000000 1.000000000000
-44.574234105269 -184.926830248009 0.866025403784 0.500000000000
-123.801240995496 -190.753582363256 0.000000000000 1.000000000000
67.409806015327 -112.133392315497 0.000000000000 1.000000000000
-173.157914330730 -223.567432626351 0.000000000000 1.000000000000
64.289916237471 -66.630857552101 0.000000000000 1.000000000000
-4.818387003851 156.391086031348 0.866025403784 -0.500000000000
66.498285441739 -58.310721149580 0.866025403784 0.500000000000
251.710056103037 121.118767821447 0.866025403784 -0.500000000000
0.209968311990 47.800393863377 0.866025403784 0.500000000000
31.071478193422 223.907415125129 0.866025403784 0.500000000000
-190.646739514148 153.373159999068 0.000000000000 1.000000000000
16.227175645674 46.559938483675 0.000000000000 1.000000000000
42.171691243585 -148.394376865116 0.866025403784 0.500000000000
-50.316840079917 -119.386952909270 0.000000000000 1.000000000000
