#Configurational_file created 2018-09-14 11:58:30  started 2018-09-14 11:58:30 run for 0.0s steps 0
name: p_710
step: 10000
specie: 20
	particle_diameter: 1.0000000000000000
	interaction_length: 1.2000000000000000
	number_of_patches: 3
	number_of_particles_per_compound: 1
	rod_length: 1.0000000000000000
	interaction_matrix:  1.000000 1.000000 1.000000 1.000000 1.000000 1.000000 1.000000 1.000000 1.000000
	patch_type: symmetric
	patch_width: 8.0000000000000000
	patch_angle: 0.0000000000000000
	angles:  0.000000 0.000000 0.000000
	grand_canonical: 0
	chemical_potential: 0.0000000000000000
box: 55.733514 55.733514
copy: 1.000000 1.000000
epsilon: 0.0062510000000000
end_epsilon: 0.0000000000000000
pressure: 0.0375010000000000
lambda: 0.0000000000000000
lambda_coupling: 1.0000000000000000
uy: 0.0000000000000000
maximum_displacement: 1.0000000000000000
maximum_rotation: 1.0000000000000000
maximum_volume: 1.0000000000000000
maximum_shape: 0.0000001000000000
maximum_dsigma: 0.0100000000000000
mod: 10
pmod: 10
optimize: 1
verbose: 1
snapshot: 0
display: 1
explore: 1
npt: 1
nptxy: 0
nptdxdy: 0
shape: 0
seed: 810061
284.696945947616 -0.897391858341 0.866025403784 0.500000000000
101.601932687933 -150.828664651486 0.866025403784 0.500000000000
-26.373295883536 265.785662879780 0.000000000000 1.000000000000
26.996790636642 122.810515103797 0.000000000000 1.000000000000
-62.729281974953 7.848664525531 0.866025403784 0.500000000000
326.944623050438 -296.910182274684 0.866025403784 0.500000000000
53.759676200849 267.410075294506 0.866025403784 0.500000000000
-142.334166402362 145.188196118653 0.866025403784 0.500000000000
-115.703589194426 -279.541745433746 0.000000000000 1.000000000000
387.339449584514 215.597538347239 0.000000000000 1.000000000000
-105.077090602098 218.977779121351 0.866025403784 0.500000000000
52.395346295183 70.441710633252 0.866025403784 -0.500000000000
225.211562967551 -80.706719846108 0.866025403784 0.500000000000
-49.409042456923 -9.442560031589 0.000000000000 1.000000000000
-0.509657370281 -20.745957972925 0.000000000000 1.000000000000
-144.175138957605 -335.145856324300 0.866025403784 -0.500000000000
-337.760243728425 -158.175640987483 0.866025403784 -0.500000000000
238.975524628080 85.343350147738 0.866025403784 0.500000000000
272.042903618744 49.793289267591 0.866025403784 -0.500000000000
6.255978283616 -347.172257284956 0.000000000000 1.000000000000
