#Configurational_file created 2018-09-14 11:30:52  started 2018-09-14 11:30:51 run for 1.0s steps 0
name: p_713
step: 10000
specie: 20
	particle_diameter: 1.0000000000000000
	interaction_length: 1.2000000000000000
	number_of_patches: 3
	number_of_particles_per_compound: 1
	rod_length: 1.0000000000000000
	interaction_matrix:  1.000000 1.000000 1.000000 1.000000 1.000000 1.000000 1.000000 1.000000 1.000000
	patch_type: symmetric
	patch_width: 8.0000000000000000
	patch_angle: 0.0000000000000000
	angles:  0.000000 0.000000 0.000000
	grand_canonical: 0
	chemical_potential: 0.0000000000000000
box: 16.520341 16.520341
copy: 1.000000 1.000000
epsilon: 0.0625880000000000
end_epsilon: 0.0000000000000000
pressure: 1.0000500000000001
lambda: 0.0000000000000000
lambda_coupling: 1.0000000000000000
uy: 0.0000000000000000
maximum_displacement: 1.0000000000000000
maximum_rotation: 1.0000000000000000
maximum_volume: 1.0000000000000000
maximum_shape: 0.0000001000000000
maximum_dsigma: 0.0100000000000000
mod: 10
pmod: 10
optimize: 1
verbose: 1
snapshot: 0
display: 1
explore: 1
npt: 1
nptxy: 0
nptdxdy: 0
shape: 0
seed: 813472
-88.789484715993 15.896786567375 0.866025403784 -0.500000000000
-1.783832480760 39.408563780811 0.866025403784 0.500000000000
-125.539366044306 72.674644100123 0.866025403784 0.500000000000
82.507897248555 70.567284842397 0.866025403784 -0.500000000000
-111.318426194756 25.923790147898 0.866025403784 0.500000000000
88.873938939764 -146.018589441440 0.000000000000 1.000000000000
-49.841066985449 -13.780240913281 0.000000000000 1.000000000000
62.438561124123 89.998342066163 0.000000000000 1.000000000000
-97.696272356327 -76.131262484192 0.866025403784 -0.500000000000
-147.422243667256 146.948056688853 0.866025403784 0.500000000000
-52.484406436477 3.946599820462 0.000000000000 1.000000000000
26.092829282403 2.620303618211 0.000000000000 1.000000000000
-64.860036091687 -8.120317049286 0.866025403784 0.500000000000
121.632761634471 -153.238623433909 0.000000000000 1.000000000000
46.739160721731 -1.610371098555 0.866025403784 -0.500000000000
-44.344492935902 -96.744181445691 0.866025403784 -0.500000000000
-56.974391885729 28.744912454655 0.866025403784 -0.500000000000
-50.908124132541 58.082684049452 0.866025403784 0.500000000000
37.943332145716 13.158487850330 0.000000000000 1.000000000000
30.617998365302 28.595765726418 0.000000000000 1.000000000000
