#Configurational_file created 2018-09-14 11:58:36  started 2018-09-14 11:58:36 run for 0.0s steps 0
name: p_718
step: 10000
specie: 20
	particle_diameter: 1.0000000000000000
	interaction_length: 1.2000000000000000
	number_of_patches: 3
	number_of_particles_per_compound: 1
	rod_length: 1.0000000000000000
	interaction_matrix:  1.000000 1.000000 1.000000 1.000000 1.000000 1.000000 1.000000 1.000000 1.000000
	patch_type: symmetric
	patch_width: 8.0000000000000000
	patch_angle: 0.0000000000000000
	angles:  0.000000 0.000000 0.000000
	grand_canonical: 0
	chemical_potential: 0.0000000000000000
box: 48.468845 48.468845
copy: 1.000000 1.000000
epsilon: 0.0062510000000000
end_epsilon: 0.0000000000000000
pressure: 0.0708340000000000
lambda: 0.0000000000000000
lambda_coupling: 1.0000000000000000
uy: 0.0000000000000000
maximum_displacement: 1.0000000000000000
maximum_rotation: 1.0000000000000000
maximum_volume: 1.0000000000000000
maximum_shape: 0.0000001000000000
maximum_dsigma: 0.0100000000000000
mod: 10
pmod: 10
optimize: 1
verbose: 1
snapshot: 0
display: 1
explore: 1
npt: 1
nptxy: 0
nptdxdy: 0
shape: 0
seed: 819157
209.258440256442 116.919987316226 0.866025403784 0.500000000000
422.307515231157 79.628271779868 0.000000000000 1.000000000000
-37.761961844377 -196.954417917732 0.000000000000 1.000000000000
-11.708729393235 91.505918023441 0.866025403784 0.500000000000
-52.016899453018 -140.291499808314 0.866025403784 0.500000000000
136.558780451068 -20.571488511908 0.866025403784 0.500000000000
265.577814816408 292.010952050806 0.000000000000 1.000000000000
-211.068432302953 6.354917634459 0.000000000000 1.000000000000
-128.685941938423 192.671422471921 0.866025403784 0.500000000000
163.446539718589 -107.907300352284 0.866025403784 0.500000000000
83.966845897532 -2.462406113282 0.866025403784 0.500000000000
345.956949898123 176.277296759572 0.000000000000 1.000000000000
-57.780884177117 32.594980832430 0.866025403784 0.500000000000
-77.721147590714 24.265652476106 0.866025403784 0.500000000000
76.690297701809 262.081448828056 0.000000000000 1.000000000000
-259.660385036230 142.697783925657 0.866025403784 -0.500000000000
12.894779800865 300.130021682872 0.000000000000 1.000000000000
62.185368545547 -261.489920807568 0.000000000000 1.000000000000
59.246630422787 -18.292980420124 0.866025403784 0.500000000000
-157.223554803989 286.511394178598 0.866025403784 -0.500000000000
