#Configurational_file created 2018-09-14 11:58:36  started 2018-09-14 11:58:35 run for 1.0s steps 0
name: p_717
step: 10000
specie: 20
	particle_diameter: 1.0000000000000000
	interaction_length: 1.2000000000000000
	number_of_patches: 3
	number_of_particles_per_compound: 1
	rod_length: 1.0000000000000000
	interaction_matrix:  1.000000 1.000000 1.000000 1.000000 1.000000 1.000000 1.000000 1.000000 1.000000
	patch_type: symmetric
	patch_width: 8.0000000000000000
	patch_angle: 0.0000000000000000
	angles:  0.000000 0.000000 0.000000
	grand_canonical: 0
	chemical_potential: 0.0000000000000000
box: 55.244702 55.244702
copy: 1.000000 1.000000
epsilon: 0.0062510000000000
end_epsilon: 0.0000000000000000
pressure: 0.0666670000000000
lambda: 0.0000000000000000
lambda_coupling: 1.0000000000000000
uy: 0.0000000000000000
maximum_displacement: 1.0000000000000000
maximum_rotation: 1.0000000000000000
maximum_volume: 1.0000000000000000
maximum_shape: 0.0000001000000000
maximum_dsigma: 0.0100000000000000
mod: 10
pmod: 10
optimize: 1
verbose: 1
snapshot: 0
display: 1
explore: 1
npt: 1
nptxy: 0
nptdxdy: 0
shape: 0
seed: 818020
159.614097182683 312.741229502503 0.866025403784 -0.500000000000
356.541255383824 -237.688900145586 0.000000000000 1.000000000000
-273.531734824371 -90.492980884297 0.866025403784 0.500000000000
78.616062581543 12.976390838232 0.000000000000 1.000000000000
-81.343359610167 194.059658333544 0.000000000000 1.000000000000
-61.749764331065 -53.276144899613 0.000000000000 1.000000000000
263.563113517335 -181.450836848899 0.866025403784 -0.500000000000
-107.935658856370 -89.999669244325 0.866025403784 -0.500000000000
77.649080228208 41.313161564512 0.866025403784 0.500000000000
-161.324481427970 216.686318311670 0.866025403784 0.500000000000
-42.785094566595 272.008536574727 0.000000000000 1.000000000000
21.653399063289 270.883817409111 0.866025403784 0.500000000000
81.342455500736 388.666653537824 0.866025403784 -0.500000000000
125.248226390104 -356.294296311433 0.866025403784 0.500000000000
-207.180878905654 -61.209623323378 0.000000000000 1.000000000000
-15.685918760245 34.542836637047 0.000000000000 1.000000000000
65.927876265013 -194.322145843093 0.866025403784 0.500000000000
26.832701929667 464.823845522737 0.866025403784 0.500000000000
126.374864299046 263.386575114221 0.866025403784 -0.500000000000
-98.959437146801 86.420439830629 0.000000000000 1.000000000000
