#Configurational_file created 2018-09-14 11:30:51  started 2018-09-14 11:30:51 run for 0.0s steps 0
name: p_712
step: 10000
specie: 20
	particle_diameter: 1.0000000000000000
	interaction_length: 1.2000000000000000
	number_of_patches: 3
	number_of_particles_per_compound: 1
	rod_length: 1.0000000000000000
	interaction_matrix:  1.000000 1.000000 1.000000 1.000000 1.000000 1.000000 1.000000 1.000000 1.000000
	patch_type: symmetric
	patch_width: 8.0000000000000000
	patch_angle: 0.0000000000000000
	angles:  0.000000 0.000000 0.000000
	grand_canonical: 0
	chemical_potential: 0.0000000000000000
box: 24.250679 24.250679
copy: 1.000000 1.000000
epsilon: 0.0625880000000000
end_epsilon: 0.0000000000000000
pressure: 0.9167210000000000
lambda: 0.0000000000000000
lambda_coupling: 1.0000000000000000
uy: 0.0000000000000000
maximum_displacement: 1.0000000000000000
maximum_rotation: 1.0000000000000000
maximum_volume: 1.0000000000000000
maximum_shape: 0.0000001000000000
maximum_dsigma: 0.0100000000000000
mod: 10
pmod: 10
optimize: 1
verbose: 1
snapshot: 0
display: 1
explore: 1
npt: 1
nptxy: 0
nptdxdy: 0
shape: 0
seed: 812335
248.488423421650 -103.365630961522 0.866025403784 0.500000000000
56.685938300514 -55.700903184520 0.866025403784 -0.500000000000
17.430187826513 -61.287331496447 0.000000000000 1.000000000000
-221.411589339930 13.887687907672 0.000000000000 1.000000000000
-147.963664533915 50.783322531570 0.000000000000 1.000000000000
315.920784935554 -178.387477271885 0.866025403784 -0.500000000000
113.455326148818 -58.848352559444 0.000000000000 1.000000000000
120.521953010174 159.812570038494 0.000000000000 1.000000000000
120.668016220289 167.013521932707 0.000000000000 1.000000000000
-37.701329061102 67.338920493621 0.866025403784 0.500000000000
-4.420671071675 89.394713616743 0.000000000000 1.000000000000
71.419898635854 -59.197307104456 0.866025403784 -0.500000000000
-13.004678038950 -1.629944659051 0.000000000000 1.000000000000
-32.218169611896 -234.276253799558 0.866025403784 0.500000000000
85.503197756674 196.638154506067 0.866025403784 0.500000000000
102.990144515548 47.277921363884 0.866025403784 0.500000000000
-115.731540681616 80.861561151049 0.866025403784 0.500000000000
27.992953915151 -15.906264512731 0.000000000000 1.000000000000
-111.300946560932 -25.298017887053 0.000000000000 1.000000000000
140.305651272697 33.268025659528 0.000000000000 1.000000000000
