#Configurational_file created 2018-09-14 11:30:53  started 2018-09-14 11:30:52 run for 1.0s steps 0
name: p_714
step: 10000
specie: 20
	particle_diameter: 1.0000000000000000
	interaction_length: 1.2000000000000000
	number_of_patches: 3
	number_of_particles_per_compound: 1
	rod_length: 1.0000000000000000
	interaction_matrix:  1.000000 1.000000 1.000000 1.000000 1.000000 1.000000 1.000000 1.000000 1.000000
	patch_type: symmetric
	patch_width: 8.0000000000000000
	patch_angle: 0.0000000000000000
	angles:  0.000000 0.000000 0.000000
	grand_canonical: 0
	chemical_potential: 0.0000000000000000
box: 16.130320 16.130320
copy: 1.000000 1.000000
epsilon: 0.0625880000000000
end_epsilon: 0.0000000000000000
pressure: 1.0833790000000001
lambda: 0.0000000000000000
lambda_coupling: 1.0000000000000000
uy: 0.0000000000000000
maximum_displacement: 1.0000000000000000
maximum_rotation: 1.0000000000000000
maximum_volume: 1.0000000000000000
maximum_shape: 0.0000001000000000
maximum_dsigma: 0.0100000000000000
mod: 10
pmod: 10
optimize: 1
verbose: 1
snapshot: 0
display: 1
explore: 1
npt: 1
nptxy: 0
nptdxdy: 0
shape: 0
seed: 814609
-81.542591455950 -6.761519146758 0.866025403784 -0.500000000000
-99.685161333162 -48.654653592905 0.866025403784 0.500000000000
-90.964809290137 54.155292171981 0.866025403784 -0.500000000000
-74.332924762788 228.584105349268 0.000000000000 1.000000000000
-185.016857933683 199.538102879796 0.000000000000 1.000000000000
-182.818981743579 -109.422126901589 0.866025403784 -0.500000000000
-28.489068607450 101.715169012847 0.866025403784 -0.500000000000
-50.788987072529 126.558462024479 0.866025403784 0.500000000000
1.501862304540 4.329782153752 0.866025403784 0.500000000000
-81.338595974548 23.991301444364 0.866025403784 -0.500000000000
136.810417238432 -163.511921323829 0.866025403784 -0.500000000000
36.401903333891 -133.966889739254 0.866025403784 -0.500000000000
-122.229204749513 -89.584227617593 0.866025403784 0.500000000000
115.305970501772 -63.969955638021 0.000000000000 1.000000000000
85.732086746988 77.313971088945 0.866025403784 0.500000000000
-106.134362263788 0.041859101608 0.866025403784 -0.500000000000
-51.044429536632 -75.655188430939 0.866025403784 0.500000000000
-142.125207305499 -265.467795595990 0.866025403784 -0.500000000000
-93.174129068457 84.353219634389 0.866025403784 -0.500000000000
-97.571174572789 -57.279751061696 0.000000000000 1.000000000000
