#Configurational_file created 2018-09-11 17:04:27  started 2018-09-11 17:04:27 run for 0.0s steps 0
name: p_71
step: 10000
specie: 20
	particle_diameter: 1.0000000000000000
	interaction_length: 1.2000000000000000
	number_of_patches: 3
	number_of_particles_per_compound: 1
	rod_length: 1.0000000000000000
	interaction_matrix:  1.000000 1.000000 1.000000 1.000000 1.000000 1.000000 1.000000 1.000000 1.000000
	patch_type: symmetric
	patch_width: 8.0000000000000000
	patch_angle: 0.0000000000000000
	angles:  0.000000 0.000000 0.000000
	grand_canonical: 0
	chemical_potential: 0.0000000000000000
box: 41.991652 41.991652
copy: 1.000000 1.000000
epsilon: 0.4166830000000000
end_epsilon: 0.0000000000000000
pressure: 0.0001000000000000
lambda: 0.0000000000000000
lambda_coupling: 1.0000000000000000
uy: 0.0000000000000000
maximum_displacement: 1.0000000000000000
maximum_rotation: 1.0000000000000000
maximum_volume: 1.0000000000000000
maximum_shape: 0.0000001000000000
maximum_dsigma: 0.0100000000000000
mod: 10
pmod: 10
optimize: 1
verbose: 1
snapshot: 0
display: 1
explore: 1
npt: 1
nptxy: 0
nptdxdy: 0
shape: 0
seed: 83597
-66.835485606816 98.742040209232 0.000000000000 1.000000000000
49.069134941168 -95.082075515816 0.866025403784 -0.500000000000
120.357652014091 31.431840995455 0.866025403784 -0.500000000000
-77.011917996680 -125.689614047235 0.866025403784 0.500000000000
-6.535792573378 -12.396589765719 0.866025403784 0.500000000000
176.504698915344 -28.458479257309 0.000000000000 1.000000000000
31.234974683960 94.738743657342 0.866025403784 0.500000000000
22.703944627789 301.128683763662 0.866025403784 0.500000000000
-21.078595566143 51.420891479504 0.000000000000 1.000000000000
-317.405605035599 222.913639713480 0.866025403784 -0.500000000000
-0.976494323542 -75.905353440854 0.866025403784 0.500000000000
-48.215292712679 -130.057528869207 0.000000000000 1.000000000000
55.976253972785 77.601943891637 0.866025403784 0.500000000000
-116.003788311814 -127.264422580472 0.866025403784 0.500000000000
-316.857074744181 5.099546247421 0.000000000000 1.000000000000
-10.797776108677 -142.579551611286 0.866025403784 0.500000000000
33.257921238985 -41.748298990948 0.000000000000 1.000000000000
25.210928728461 110.025794921593 0.000000000000 1.000000000000
-17.731286022976 30.906548412371 0.866025403784 -0.500000000000
-203.447535657567 -81.726156216158 0.000000000000 1.000000000000
