#Configurational_file created 2018-09-14 11:30:56  started 2018-09-14 11:30:55 run for 1.0s steps 0
name: p_718
step: 10000
specie: 20
	particle_diameter: 1.0000000000000000
	interaction_length: 1.2000000000000000
	number_of_patches: 3
	number_of_particles_per_compound: 1
	rod_length: 1.0000000000000000
	interaction_matrix:  1.000000 1.000000 1.000000 1.000000 1.000000 1.000000 1.000000 1.000000 1.000000
	patch_type: symmetric
	patch_width: 8.0000000000000000
	patch_angle: 0.0000000000000000
	angles:  0.000000 0.000000 0.000000
	grand_canonical: 0
	chemical_potential: 0.0000000000000000
box: 17.547067 17.547067
copy: 1.000000 1.000000
epsilon: 0.0625880000000000
end_epsilon: 0.0000000000000000
pressure: 1.4166960000000000
lambda: 0.0000000000000000
lambda_coupling: 1.0000000000000000
uy: 0.0000000000000000
maximum_displacement: 1.0000000000000000
maximum_rotation: 1.0000000000000000
maximum_volume: 1.0000000000000000
maximum_shape: 0.0000001000000000
maximum_dsigma: 0.0100000000000000
mod: 10
pmod: 10
optimize: 1
verbose: 1
snapshot: 0
display: 1
explore: 1
npt: 1
nptxy: 0
nptdxdy: 0
shape: 0
seed: 819157
-2.032710870909 123.588364543868 0.866025403784 -0.500000000000
-29.360999515855 -93.118139129903 0.866025403784 -0.500000000000
86.271148055021 13.777655521620 0.866025403784 0.500000000000
20.673087368756 5.352931279913 0.866025403784 0.500000000000
-0.744677776481 -23.582931220658 0.000000000000 1.000000000000
164.353211365184 -38.454867145008 0.866025403784 0.500000000000
96.744352677858 -44.664706450582 0.866025403784 0.500000000000
-148.763232058058 143.169321753872 0.866025403784 0.500000000000
117.108659680899 192.255008273030 0.866025403784 -0.500000000000
69.315924101452 -183.743418800066 0.000000000000 1.000000000000
-76.827309987488 109.906645183596 0.866025403784 0.500000000000
298.590808275853 23.198932470339 0.866025403784 -0.500000000000
-47.717007559650 42.955227690787 0.866025403784 -0.500000000000
-155.410162271934 62.873566714820 0.000000000000 1.000000000000
34.432959230268 32.220442783952 0.866025403784 0.500000000000
44.716978230914 211.661051747170 0.866025403784 -0.500000000000
-262.350734027143 -15.342332041707 0.866025403784 0.500000000000
123.883600228650 -125.025549146797 0.866025403784 -0.500000000000
-40.371014182355 -107.879324097573 0.866025403784 -0.500000000000
-40.370372535818 66.543410698993 0.866025403784 0.500000000000
