#Configurational_file created 2018-09-14 11:58:32  started 2018-09-14 11:58:31 run for 1.0s steps 0
name: p_712
step: 10000
specie: 20
	particle_diameter: 1.0000000000000000
	interaction_length: 1.2000000000000000
	number_of_patches: 3
	number_of_particles_per_compound: 1
	rod_length: 1.0000000000000000
	interaction_matrix:  1.000000 1.000000 1.000000 1.000000 1.000000 1.000000 1.000000 1.000000 1.000000
	patch_type: symmetric
	patch_width: 8.0000000000000000
	patch_angle: 0.0000000000000000
	angles:  0.000000 0.000000 0.000000
	grand_canonical: 0
	chemical_potential: 0.0000000000000000
box: 52.670597 52.670597
copy: 1.000000 1.000000
epsilon: 0.0062510000000000
end_epsilon: 0.0000000000000000
pressure: 0.0458340000000000
lambda: 0.0000000000000000
lambda_coupling: 1.0000000000000000
uy: 0.0000000000000000
maximum_displacement: 1.0000000000000000
maximum_rotation: 1.0000000000000000
maximum_volume: 1.0000000000000000
maximum_shape: 0.0000001000000000
maximum_dsigma: 0.0100000000000000
mod: 10
pmod: 10
optimize: 1
verbose: 1
snapshot: 0
display: 1
explore: 1
npt: 1
nptxy: 0
nptdxdy: 0
shape: 0
seed: 812335
83.128510271809 -138.381258312290 0.866025403784 -0.500000000000
282.534749263460 119.559367071738 0.866025403784 0.500000000000
-43.256361598679 -41.888346939568 0.866025403784 -0.500000000000
106.095640417724 -65.386528468766 0.866025403784 0.500000000000
-124.047920966592 181.203232320436 0.866025403784 0.500000000000
474.099746117490 -143.867318299976 0.000000000000 1.000000000000
-30.755663035052 -87.438074995089 0.866025403784 0.500000000000
91.914070834668 133.289578840253 0.866025403784 -0.500000000000
260.441879024518 -185.051127009208 0.866025403784 -0.500000000000
-95.098774601048 379.961396575937 0.000000000000 1.000000000000
17.593723950894 179.641420350871 0.866025403784 0.500000000000
92.514140692022 -281.838231866713 0.000000000000 1.000000000000
231.563530381827 180.026043596063 0.866025403784 -0.500000000000
-28.705151522130 32.875130848547 0.866025403784 0.500000000000
446.288913656476 52.286064208225 0.866025403784 -0.500000000000
154.632107238546 12.410923724030 0.866025403784 -0.500000000000
-207.748109960332 284.621960641851 0.866025403784 0.500000000000
-2.674059911678 -61.516015644875 0.866025403784 -0.500000000000
170.503012755824 109.000578968933 0.866025403784 -0.500000000000
125.539363834006 192.443038374310 0.866025403784 0.500000000000
