#Configurational_file created 2018-09-14 11:58:34  started 2018-09-14 11:58:33 run for 1.0s steps 0
name: p_715
step: 10000
specie: 20
	particle_diameter: 1.0000000000000000
	interaction_length: 1.2000000000000000
	number_of_patches: 3
	number_of_particles_per_compound: 1
	rod_length: 1.0000000000000000
	interaction_matrix:  1.000000 1.000000 1.000000 1.000000 1.000000 1.000000 1.000000 1.000000 1.000000
	patch_type: symmetric
	patch_width: 8.0000000000000000
	patch_angle: 0.0000000000000000
	angles:  0.000000 0.000000 0.000000
	grand_canonical: 0
	chemical_potential: 0.0000000000000000
box: 47.960322 47.960322
copy: 1.000000 1.000000
epsilon: 0.0062510000000000
end_epsilon: 0.0000000000000000
pressure: 0.0583340000000000
lambda: 0.0000000000000000
lambda_coupling: 1.0000000000000000
uy: 0.0000000000000000
maximum_displacement: 1.0000000000000000
maximum_rotation: 1.0000000000000000
maximum_volume: 1.0000000000000000
maximum_shape: 0.0000001000000000
maximum_dsigma: 0.0100000000000000
mod: 10
pmod: 10
optimize: 1
verbose: 1
snapshot: 0
display: 1
explore: 1
npt: 1
nptxy: 0
nptdxdy: 0
shape: 0
seed: 815746
189.651616422119 94.678396300219 0.000000000000 1.000000000000
-1.068715508432 166.985972363501 0.000000000000 1.000000000000
-401.624518517614 -6.617408253105 0.000000000000 1.000000000000
150.446394065643 47.411507218203 0.000000000000 1.000000000000
95.336057870605 269.704793751191 0.866025403784 0.500000000000
198.116608089966 -243.134632242622 0.866025403784 -0.500000000000
195.641659401792 -190.369217713510 0.866025403784 0.500000000000
-131.128996707593 -257.566531834199 0.866025403784 -0.500000000000
-57.031673774743 -86.048840115282 0.866025403784 0.500000000000
66.516672379246 326.980284645457 0.866025403784 -0.500000000000
246.607702707307 179.524728480283 0.866025403784 -0.500000000000
-111.784070819037 -60.962199264915 0.866025403784 -0.500000000000
177.230429380442 265.007271717589 0.000000000000 1.000000000000
-245.896281485455 -213.296747297299 0.000000000000 1.000000000000
202.739968064551 131.993167989783 0.866025403784 -0.500000000000
-356.171896057713 82.497696715392 0.866025403784 0.500000000000
233.873520649477 29.581603406363 0.866025403784 0.500000000000
110.358773680025 303.882136807722 0.866025403784 0.500000000000
242.389301497092 284.813866754590 0.866025403784 -0.500000000000
67.155587090968 51.139820040953 0.000000000000 1.000000000000
