#Configurational_file created 2018-09-14 12:20:16  started 2018-09-14 12:20:16 run for 0.0s steps 0
name: p_71
step: 10000
specie: 20
	particle_diameter: 1.0000000000000000
	interaction_length: 1.2000000000000000
	number_of_patches: 3
	number_of_particles_per_compound: 1
	rod_length: 1.0000000000000000
	interaction_matrix:  1.000000 1.000000 1.000000 1.000000 1.000000 1.000000 1.000000 1.000000 1.000000
	patch_type: symmetric
	patch_width: 8.0000000000000000
	patch_angle: 0.0000000000000000
	angles:  0.000000 0.000000 0.000000
	grand_canonical: 0
	chemical_potential: 0.0000000000000000
box: 53.424957 53.424957
copy: 1.000000 1.000000
epsilon: 0.8333340000000000
end_epsilon: 0.0000000000000000
pressure: 0.0000010000000000
lambda: 0.0000000000000000
lambda_coupling: 1.0000000000000000
uy: 0.0000000000000000
maximum_displacement: 1.0000000000000000
maximum_rotation: 1.0000000000000000
maximum_volume: 1.0000000000000000
maximum_shape: 0.0000001000000000
maximum_dsigma: 0.0100000000000000
mod: 10
pmod: 10
optimize: 1
verbose: 1
snapshot: 0
display: 1
explore: 1
npt: 1
nptxy: 0
nptdxdy: 0
shape: 0
seed: 83518
22.710991491977 338.374976973094 0.866025403784 0.500000000000
5.703532601669 125.890482204180 0.866025403784 -0.500000000000
66.948330691755 128.623188064531 0.866025403784 -0.500000000000
-38.443986813657 6.049129494102 0.866025403784 0.500000000000
-49.580015487507 -139.028909915436 0.866025403784 0.500000000000
-54.294791828733 228.219543444780 0.000000000000 1.000000000000
-174.970660798907 122.882259096462 0.866025403784 -0.500000000000
251.512139701154 -119.591336797350 0.866025403784 -0.500000000000
-241.783754267794 -361.869569317509 0.000000000000 1.000000000000
-300.494046899360 -205.163766345687 0.866025403784 -0.500000000000
-107.122843537504 172.136517388237 0.000000000000 1.000000000000
-26.796054415080 104.827655800087 0.000000000000 1.000000000000
41.337117573071 -1.722368265486 0.000000000000 1.000000000000
87.720616682177 40.904257499117 0.866025403784 0.500000000000
-72.331095253689 -116.799321260043 0.866025403784 -0.500000000000
-246.078743601102 1.237219452795 0.866025403784 -0.500000000000
-156.448982845321 -303.672454690758 0.866025403784 0.500000000000
-43.563688742390 99.011048957717 0.000000000000 1.000000000000
13.692249812784 157.513404340645 0.866025403784 -0.500000000000
240.925734605942 -30.099952465269 0.866025403784 0.500000000000
