#Configurational_file created 2018-09-14 11:58:33  started 2018-09-14 11:58:32 run for 1.0s steps 0
name: p_713
step: 10000
specie: 20
	particle_diameter: 1.0000000000000000
	interaction_length: 1.2000000000000000
	number_of_patches: 3
	number_of_particles_per_compound: 1
	rod_length: 1.0000000000000000
	interaction_matrix:  1.000000 1.000000 1.000000 1.000000 1.000000 1.000000 1.000000 1.000000 1.000000
	patch_type: symmetric
	patch_width: 8.0000000000000000
	patch_angle: 0.0000000000000000
	angles:  0.000000 0.000000 0.000000
	grand_canonical: 0
	chemical_potential: 0.0000000000000000
box: 48.600691 48.600691
copy: 1.000000 1.000000
epsilon: 0.0062510000000000
end_epsilon: 0.0000000000000000
pressure: 0.0500010000000000
lambda: 0.0000000000000000
lambda_coupling: 1.0000000000000000
uy: 0.0000000000000000
maximum_displacement: 1.0000000000000000
maximum_rotation: 1.0000000000000000
maximum_volume: 1.0000000000000000
maximum_shape: 0.0000001000000000
maximum_dsigma: 0.0100000000000000
mod: 10
pmod: 10
optimize: 1
verbose: 1
snapshot: 0
display: 1
explore: 1
npt: 1
nptxy: 0
nptdxdy: 0
shape: 0
seed: 813472
6.701302700481 -177.356910361263 0.866025403784 0.500000000000
68.664506114844 -20.191205196619 0.866025403784 0.500000000000
105.242115631093 -200.596115631633 0.866025403784 0.500000000000
76.733955196659 158.241673955752 0.866025403784 0.500000000000
113.839971828896 -66.980920065752 0.866025403784 -0.500000000000
119.580752237800 228.913205264854 0.866025403784 -0.500000000000
-114.043265908411 -213.953122510207 0.866025403784 -0.500000000000
-134.038198841780 -59.068743823703 0.000000000000 1.000000000000
-146.181751599092 -117.363445099963 0.866025403784 -0.500000000000
130.164016026350 256.484553857241 0.866025403784 0.500000000000
-72.455676542642 30.958086886558 0.866025403784 0.500000000000
261.899393557830 -206.360487837857 0.866025403784 -0.500000000000
7.381183867354 230.188098577213 0.866025403784 0.500000000000
156.930004268007 -84.903866356292 0.000000000000 1.000000000000
431.240893254268 62.799739780911 0.866025403784 -0.500000000000
25.378318861195 76.091694649890 0.000000000000 1.000000000000
-131.851421150950 52.232282630111 0.000000000000 1.000000000000
290.572609313874 404.487653199708 0.000000000000 1.000000000000
8.253383511872 -141.708052082645 0.866025403784 0.500000000000
-308.824205596091 105.612482266438 0.866025403784 -0.500000000000
