#Configurational_file created 2018-09-14 11:58:31  started 2018-09-14 11:58:30 run for 1.0s steps 0
name: p_711
step: 10000
specie: 20
	particle_diameter: 1.0000000000000000
	interaction_length: 1.2000000000000000
	number_of_patches: 3
	number_of_particles_per_compound: 1
	rod_length: 1.0000000000000000
	interaction_matrix:  1.000000 1.000000 1.000000 1.000000 1.000000 1.000000 1.000000 1.000000 1.000000
	patch_type: symmetric
	patch_width: 8.0000000000000000
	patch_angle: 0.0000000000000000
	angles:  0.000000 0.000000 0.000000
	grand_canonical: 0
	chemical_potential: 0.0000000000000000
box: 50.136600 50.136600
copy: 1.000000 1.000000
epsilon: 0.0062510000000000
end_epsilon: 0.0000000000000000
pressure: 0.0416670000000000
lambda: 0.0000000000000000
lambda_coupling: 1.0000000000000000
uy: 0.0000000000000000
maximum_displacement: 1.0000000000000000
maximum_rotation: 1.0000000000000000
maximum_volume: 1.0000000000000000
maximum_shape: 0.0000001000000000
maximum_dsigma: 0.0100000000000000
mod: 10
pmod: 10
optimize: 1
verbose: 1
snapshot: 0
display: 1
explore: 1
npt: 1
nptxy: 0
nptdxdy: 0
shape: 0
seed: 811198
56.674352862879 -98.960969582172 0.000000000000 1.000000000000
9.827237602266 -126.073829158406 0.000000000000 1.000000000000
429.650706721045 82.871125515578 0.866025403784 0.500000000000
-75.445072150516 98.771959519335 0.866025403784 0.500000000000
-160.475680132158 -111.940494542647 0.000000000000 1.000000000000
303.056778167386 196.435834960604 0.866025403784 -0.500000000000
-8.791426156495 203.562055697010 0.000000000000 1.000000000000
-357.128136911172 -262.221607910455 0.866025403784 -0.500000000000
-137.370948256288 -434.892655262353 0.866025403784 0.500000000000
-94.775286265442 -252.011209951573 0.866025403784 0.500000000000
-89.186522580130 -201.384998836212 0.866025403784 0.500000000000
-40.562999548957 69.273771384188 0.000000000000 1.000000000000
217.694430665111 -146.337790310233 0.866025403784 -0.500000000000
60.905020394592 284.549000522718 0.000000000000 1.000000000000
399.946502513689 -128.762422757528 0.000000000000 1.000000000000
37.498079247206 -54.777090564019 0.000000000000 1.000000000000
49.623038584121 -7.759240735629 0.000000000000 1.000000000000
-53.351070695346 85.236818992666 0.866025403784 0.500000000000
71.856242497542 121.090859109375 0.866025403784 -0.500000000000
263.751190809633 193.299525632821 0.866025403784 0.500000000000
