#Configurational_file created 2018-09-14 11:58:33  started 2018-09-14 11:58:33 run for 0.0s steps 0
name: p_714
step: 10000
specie: 20
	particle_diameter: 1.0000000000000000
	interaction_length: 1.2000000000000000
	number_of_patches: 3
	number_of_particles_per_compound: 1
	rod_length: 1.0000000000000000
	interaction_matrix:  1.000000 1.000000 1.000000 1.000000 1.000000 1.000000 1.000000 1.000000 1.000000
	patch_type: symmetric
	patch_width: 8.0000000000000000
	patch_angle: 0.0000000000000000
	angles:  0.000000 0.000000 0.000000
	grand_canonical: 0
	chemical_potential: 0.0000000000000000
box: 56.516792 56.516792
copy: 1.000000 1.000000
epsilon: 0.0062510000000000
end_epsilon: 0.0000000000000000
pressure: 0.0541670000000000
lambda: 0.0000000000000000
lambda_coupling: 1.0000000000000000
uy: 0.0000000000000000
maximum_displacement: 1.0000000000000000
maximum_rotation: 1.0000000000000000
maximum_volume: 1.0000000000000000
maximum_shape: 0.0000001000000000
maximum_dsigma: 0.0100000000000000
mod: 10
pmod: 10
optimize: 1
verbose: 1
snapshot: 0
display: 1
explore: 1
npt: 1
nptxy: 0
nptdxdy: 0
shape: 0
seed: 814609
14.589474050733 44.452540693984 0.000000000000 1.000000000000
379.076561740954 -133.075367999606 0.866025403784 -0.500000000000
-280.113693481677 211.002017125455 0.866025403784 -0.500000000000
-3.812666019166 388.828408687682 0.866025403784 -0.500000000000
-84.310141514909 -407.405030735092 0.866025403784 0.500000000000
-114.750413336426 63.456249041221 0.866025403784 -0.500000000000
300.675241844667 -98.321370255086 0.866025403784 0.500000000000
267.745107414886 29.459269969689 0.866025403784 -0.500000000000
-151.809242472871 234.207380543608 0.866025403784 -0.500000000000
-145.299263084795 -79.530936130482 0.866025403784 -0.500000000000
160.444388890492 -389.196254844930 0.000000000000 1.000000000000
388.322881701676 -205.929503569841 0.866025403784 -0.500000000000
129.950461227375 132.034292292960 0.866025403784 0.500000000000
142.924857831796 -130.234800899317 0.866025403784 -0.500000000000
28.233124345023 21.225456374610 0.000000000000 1.000000000000
-340.288421885780 215.096116766506 0.866025403784 0.500000000000
-24.720087677978 324.169523259869 0.866025403784 -0.500000000000
-179.891231410043 -165.942140886218 0.000000000000 1.000000000000
-97.207995492353 162.550627380187 0.000000000000 1.000000000000
-171.960266236376 -103.794645223074 0.000000000000 1.000000000000
