#Configurational_file created 2018-09-14 11:30:56  started 2018-09-14 11:30:56 run for 0.0s steps 0
name: p_719
step: 10000
specie: 20
	particle_diameter: 1.0000000000000000
	interaction_length: 1.2000000000000000
	number_of_patches: 3
	number_of_particles_per_compound: 1
	rod_length: 1.0000000000000000
	interaction_matrix:  1.000000 1.000000 1.000000 1.000000 1.000000 1.000000 1.000000 1.000000 1.000000
	patch_type: symmetric
	patch_width: 8.0000000000000000
	patch_angle: 0.0000000000000000
	angles:  0.000000 0.000000 0.000000
	grand_canonical: 0
	chemical_potential: 0.0000000000000000
box: 17.665818 17.665818
copy: 1.000000 1.000000
epsilon: 0.0625880000000000
end_epsilon: 0.0000000000000000
pressure: 1.5000249999999999
lambda: 0.0000000000000000
lambda_coupling: 1.0000000000000000
uy: 0.0000000000000000
maximum_displacement: 1.0000000000000000
maximum_rotation: 1.0000000000000000
maximum_volume: 1.0000000000000000
maximum_shape: 0.0000001000000000
maximum_dsigma: 0.0100000000000000
mod: 10
pmod: 10
optimize: 1
verbose: 1
snapshot: 0
display: 1
explore: 1
npt: 1
nptxy: 0
nptdxdy: 0
shape: 0
seed: 820294
-13.969154756223 60.999359135393 0.866025403784 0.500000000000
-64.715616345553 29.651225299509 0.866025403784 -0.500000000000
71.056225990080 54.518828455142 0.866025403784 -0.500000000000
-2.265931951387 81.757886572115 0.000000000000 1.000000000000
132.737142017542 186.427941207405 0.866025403784 -0.500000000000
-138.422480941088 145.303124309865 0.866025403784 0.500000000000
3.566295793595 4.763542129763 0.866025403784 -0.500000000000
-102.248375942007 15.430698859235 0.000000000000 1.000000000000
154.766455360254 167.343053465920 0.866025403784 0.500000000000
48.959701765017 78.310360522908 0.000000000000 1.000000000000
-80.750863900465 131.890866662839 0.866025403784 0.500000000000
-223.546356832714 -83.194793594722 0.866025403784 0.500000000000
-220.949941171752 13.270728095047 0.000000000000 1.000000000000
45.368312980853 78.627415185853 0.866025403784 -0.500000000000
-120.192900830867 -192.187827017427 0.000000000000 1.000000000000
40.310804593832 -13.851760492150 0.866025403784 0.500000000000
3.850464314471 -64.891397934489 0.866025403784 -0.500000000000
-34.335746586198 -73.985957208040 0.866025403784 -0.500000000000
-107.988139306634 -96.163702567351 0.866025403784 0.500000000000
174.845105115422 -88.562134352209 0.000000000000 1.000000000000
