#Configurational_file created 2018-09-14 11:30:58  started 2018-09-14 11:30:57 run for 1.0s steps 0
name: p_721
step: 10000
specie: 20
	particle_diameter: 1.0000000000000000
	interaction_length: 1.2000000000000000
	number_of_patches: 3
	number_of_particles_per_compound: 1
	rod_length: 1.0000000000000000
	interaction_matrix:  1.000000 1.000000 1.000000 1.000000 1.000000 1.000000 1.000000 1.000000 1.000000
	patch_type: symmetric
	patch_width: 8.0000000000000000
	patch_angle: 0.0000000000000000
	angles:  0.000000 0.000000 0.000000
	grand_canonical: 0
	chemical_potential: 0.0000000000000000
box: 15.874058 15.874058
copy: 1.000000 1.000000
epsilon: 0.0625880000000000
end_epsilon: 0.0000000000000000
pressure: 1.6666829999999999
lambda: 0.0000000000000000
lambda_coupling: 1.0000000000000000
uy: 0.0000000000000000
maximum_displacement: 1.0000000000000000
maximum_rotation: 1.0000000000000000
maximum_volume: 1.0000000000000000
maximum_shape: 0.0000001000000000
maximum_dsigma: 0.0100000000000000
mod: 10
pmod: 10
optimize: 1
verbose: 1
snapshot: 0
display: 1
explore: 1
npt: 1
nptxy: 0
nptdxdy: 0
shape: 0
seed: 822568
-146.383409431127 16.865020452609 0.000000000000 1.000000000000
-178.666499462498 99.694419215562 0.000000000000 1.000000000000
-72.519289433166 -4.647276252159 0.000000000000 1.000000000000
42.197022078545 89.699925490722 0.866025403784 0.500000000000
51.284993985691 -5.702543133332 0.866025403784 0.500000000000
76.974175814804 -58.695327522047 0.866025403784 0.500000000000
-170.995154641260 144.135329046201 0.866025403784 -0.500000000000
-263.272533773606 93.324663796331 0.000000000000 1.000000000000
16.296307671572 145.605769619865 0.866025403784 0.500000000000
19.440586315712 140.261870813441 0.866025403784 0.500000000000
143.338893357483 63.534153676389 0.866025403784 -0.500000000000
20.583835602621 -143.963838247003 0.866025403784 0.500000000000
-42.533172641424 165.331792750971 0.866025403784 0.500000000000
-50.227651180442 -32.486142529379 0.866025403784 -0.500000000000
30.730584951734 -114.115147772207 0.866025403784 0.500000000000
-108.283701545343 216.715992272614 0.866025403784 -0.500000000000
13.246866763019 101.960890706322 0.866025403784 0.500000000000
57.945944091969 -201.697453983904 0.866025403784 0.500000000000
169.661155004576 -93.270591317127 0.866025403784 -0.500000000000
-182.527745813603 -202.295937293935 0.000000000000 1.000000000000
