#Configurational_file created 2018-09-14 11:31:02  started 2018-09-14 11:31:01 run for 1.0s steps 0
name: p_727
step: 10000
specie: 20
	particle_diameter: 1.0000000000000000
	interaction_length: 1.2000000000000000
	number_of_patches: 3
	number_of_particles_per_compound: 1
	rod_length: 1.0000000000000000
	interaction_matrix:  1.000000 1.000000 1.000000 1.000000 1.000000 1.000000 1.000000 1.000000 1.000000
	patch_type: symmetric
	patch_width: 8.0000000000000000
	patch_angle: 0.0000000000000000
	angles:  0.000000 0.000000 0.000000
	grand_canonical: 0
	chemical_potential: 0.0000000000000000
box: 39.228959 39.228959
copy: 1.000000 1.000000
epsilon: 0.0834170000000000
end_epsilon: 0.0000000000000000
pressure: 0.0834290000000000
lambda: 0.0000000000000000
lambda_coupling: 1.0000000000000000
uy: 0.0000000000000000
maximum_displacement: 1.0000000000000000
maximum_rotation: 1.0000000000000000
maximum_volume: 1.0000000000000000
maximum_shape: 0.0000001000000000
maximum_dsigma: 0.0100000000000000
mod: 10
pmod: 10
optimize: 1
verbose: 1
snapshot: 0
display: 1
explore: 1
npt: 1
nptxy: 0
nptdxdy: 0
shape: 0
seed: 829390
-73.653533301865 83.922668436641 0.000000000000 1.000000000000
34.801321254806 -36.470797009311 0.866025403784 -0.500000000000
-94.754980156058 11.144773992763 0.000000000000 1.000000000000
-45.957089704600 108.610967969644 0.866025403784 0.500000000000
82.222211948184 -195.106665020477 0.866025403784 0.500000000000
85.839741087722 -57.906148009634 0.000000000000 1.000000000000
75.113380505688 119.023939323619 0.866025403784 -0.500000000000
112.458053584864 144.645056105231 0.866025403784 -0.500000000000
207.646150750624 -183.148762086724 0.866025403784 0.500000000000
112.680798156881 106.481717872309 0.866025403784 -0.500000000000
89.244558277343 192.330300101570 0.000000000000 1.000000000000
24.320306183400 61.093660270256 0.866025403784 -0.500000000000
-119.434719186378 262.549431758819 0.866025403784 0.500000000000
63.635346534534 -169.956848432471 0.866025403784 -0.500000000000
-37.948170691239 -86.785734255834 0.866025403784 0.500000000000
61.765998532516 187.664342068389 0.000000000000 1.000000000000
-59.736559483141 21.359117432580 0.000000000000 1.000000000000
22.498648000916 -74.572445543248 0.000000000000 1.000000000000
-18.227926067543 84.492062526365 0.866025403784 0.500000000000
90.914598508051 147.662500267651 0.866025403784 0.500000000000
