#Configurational_file created 2018-09-14 11:31:00  started 2018-09-14 11:30:59 run for 1.0s steps 0
name: p_724
step: 10000
specie: 20
	particle_diameter: 1.0000000000000000
	interaction_length: 1.2000000000000000
	number_of_patches: 3
	number_of_particles_per_compound: 1
	rod_length: 1.0000000000000000
	interaction_matrix:  1.000000 1.000000 1.000000 1.000000 1.000000 1.000000 1.000000 1.000000 1.000000
	patch_type: symmetric
	patch_width: 8.0000000000000000
	patch_angle: 0.0000000000000000
	angles:  0.000000 0.000000 0.000000
	grand_canonical: 0
	chemical_potential: 0.0000000000000000
box: 14.644379 14.644379
copy: 1.000000 1.000000
epsilon: 0.0625880000000000
end_epsilon: 0.0000000000000000
pressure: 1.9166710000000000
lambda: 0.0000000000000000
lambda_coupling: 1.0000000000000000
uy: 0.0000000000000000
maximum_displacement: 1.0000000000000000
maximum_rotation: 1.0000000000000000
maximum_volume: 1.0000000000000000
maximum_shape: 0.0000001000000000
maximum_dsigma: 0.0100000000000000
mod: 10
pmod: 10
optimize: 1
verbose: 1
snapshot: 0
display: 1
explore: 1
npt: 1
nptxy: 0
nptdxdy: 0
shape: 0
seed: 825979
135.023796934150 -112.500587082315 0.866025403784 0.500000000000
178.897658606408 -213.059543915331 0.000000000000 1.000000000000
-103.952210610689 -19.678274187563 0.866025403784 0.500000000000
-92.360549753036 38.204739120851 0.866025403784 -0.500000000000
-52.701395430043 148.053810731864 0.866025403784 0.500000000000
104.371111542360 -46.064924536905 0.000000000000 1.000000000000
-1.888876473426 -32.373567962426 0.866025403784 -0.500000000000
-36.175797786634 43.272892491374 0.866025403784 0.500000000000
-79.349879088594 162.221020839159 0.000000000000 1.000000000000
0.304773853240 244.747462469558 0.866025403784 0.500000000000
-56.685280923462 118.199603560987 0.866025403784 0.500000000000
154.703487264426 31.419787617102 0.866025403784 -0.500000000000
50.680964019603 120.540807810570 0.866025403784 -0.500000000000
-67.676056746620 13.628337893100 0.866025403784 0.500000000000
-127.805656024740 332.371576191221 0.000000000000 1.000000000000
-84.124854997194 29.257755174162 0.866025403784 0.500000000000
-120.928792252891 49.221834879339 0.866025403784 -0.500000000000
103.000863583875 109.213131524781 0.000000000000 1.000000000000
80.010345502771 -3.442042952552 0.866025403784 -0.500000000000
13.324360899299 -201.318706780956 0.866025403784 0.500000000000
