#Configurational_file created 2018-09-14 11:58:41  started 2018-09-14 11:58:41 run for 0.0s steps 0
name: p_725
step: 10000
specie: 20
	particle_diameter: 1.0000000000000000
	interaction_length: 1.2000000000000000
	number_of_patches: 3
	number_of_particles_per_compound: 1
	rod_length: 1.0000000000000000
	interaction_matrix:  1.000000 1.000000 1.000000 1.000000 1.000000 1.000000 1.000000 1.000000 1.000000
	patch_type: symmetric
	patch_width: 8.0000000000000000
	patch_angle: 0.0000000000000000
	angles:  0.000000 0.000000 0.000000
	grand_canonical: 0
	chemical_potential: 0.0000000000000000
box: 43.508744 43.508744
copy: 1.000000 1.000000
epsilon: 0.0062510000000000
end_epsilon: 0.0000000000000000
pressure: 0.1000000000000000
lambda: 0.0000000000000000
lambda_coupling: 1.0000000000000000
uy: 0.0000000000000000
maximum_displacement: 1.0000000000000000
maximum_rotation: 1.0000000000000000
maximum_volume: 1.0000000000000000
maximum_shape: 0.0000001000000000
maximum_dsigma: 0.0100000000000000
mod: 10
pmod: 10
optimize: 1
verbose: 1
snapshot: 0
display: 1
explore: 1
npt: 1
nptxy: 0
nptdxdy: 0
shape: 0
seed: 827116
100.096009236053 106.527949292426 0.866025403784 -0.500000000000
-105.556611064573 -37.219242061213 0.000000000000 1.000000000000
12.893837532531 -380.823611513967 0.866025403784 -0.500000000000
-123.748625284178 23.752493656029 0.866025403784 0.500000000000
202.914846504794 -165.090519457224 0.866025403784 -0.500000000000
300.187493008621 -172.047145683945 0.866025403784 0.500000000000
120.668392063867 105.715076344028 0.866025403784 -0.500000000000
-120.809609390975 -101.060005721922 0.000000000000 1.000000000000
94.236922965252 -144.476544004824 0.000000000000 1.000000000000
-395.433413118642 87.706544844190 0.000000000000 1.000000000000
14.224177414719 -69.830420930353 0.866025403784 -0.500000000000
190.645166647957 211.641425461518 0.866025403784 -0.500000000000
-135.303286970451 -233.629662452812 0.866025403784 0.500000000000
171.547105937850 51.543407956747 0.000000000000 1.000000000000
120.472982897910 -332.872450433185 0.000000000000 1.000000000000
238.284579554985 248.820634327503 0.866025403784 -0.500000000000
-205.691765430959 -252.359760133052 0.866025403784 0.500000000000
29.732846087377 -82.954898421888 0.866025403784 -0.500000000000
254.207428579478 -157.806095899251 0.866025403784 -0.500000000000
-43.763262743674 21.792575291209 0.866025403784 0.500000000000
