#Configurational_file created 2018-09-14 11:58:42  started 2018-09-14 11:58:41 run for 1.0s steps 0
name: p_726
step: 10000
specie: 20
	particle_diameter: 1.0000000000000000
	interaction_length: 1.2000000000000000
	number_of_patches: 3
	number_of_particles_per_compound: 1
	rod_length: 1.0000000000000000
	interaction_matrix:  1.000000 1.000000 1.000000 1.000000 1.000000 1.000000 1.000000 1.000000 1.000000
	patch_type: symmetric
	patch_width: 8.0000000000000000
	patch_angle: 0.0000000000000000
	angles:  0.000000 0.000000 0.000000
	grand_canonical: 0
	chemical_potential: 0.0000000000000000
box: 45.763970 45.763970
copy: 1.000000 1.000000
epsilon: 0.0083340000000000
end_epsilon: 0.0000000000000000
pressure: 0.0000010000000000
lambda: 0.0000000000000000
lambda_coupling: 1.0000000000000000
uy: 0.0000000000000000
maximum_displacement: 1.0000000000000000
maximum_rotation: 1.0000000000000000
maximum_volume: 1.0000000000000000
maximum_shape: 0.0000001000000000
maximum_dsigma: 0.0100000000000000
mod: 10
pmod: 10
optimize: 1
verbose: 1
snapshot: 0
display: 1
explore: 1
npt: 1
nptxy: 0
nptdxdy: 0
shape: 0
seed: 828253
-116.496936311655 80.554885528205 0.000000000000 1.000000000000
-82.434246187924 -3.226422557619 0.866025403784 0.500000000000
301.822439146071 202.195952995727 0.000000000000 1.000000000000
-212.362850919512 -207.284329393622 0.866025403784 0.500000000000
163.908062128879 -213.603392814883 0.000000000000 1.000000000000
277.137640084117 26.774781415823 0.866025403784 0.500000000000
-90.871364214737 -24.453964516642 0.866025403784 0.500000000000
119.275939034053 -388.045175958284 0.866025403784 0.500000000000
182.026434757742 50.708939679503 0.000000000000 1.000000000000
-17.566060411511 -82.924335431331 0.866025403784 0.500000000000
85.539697620826 -153.761029295719 0.866025403784 0.500000000000
82.373197467378 -55.326371893137 0.866025403784 0.500000000000
-149.905447708871 -227.298990647812 0.866025403784 0.500000000000
-5.124271883692 70.031492198728 0.866025403784 0.500000000000
356.623005794342 -223.725188452632 0.866025403784 -0.500000000000
104.294602344532 -59.892472817919 0.866025403784 0.500000000000
257.713816970582 136.986970816906 0.000000000000 1.000000000000
-115.391679656120 -58.435432672241 0.000000000000 1.000000000000
129.474410087900 -143.958327292095 0.866025403784 0.500000000000
-22.165030941349 162.722053820488 0.866025403784 -0.500000000000
