#Configurational_file created 2018-09-14 11:58:39  started 2018-09-14 11:58:38 run for 1.0s steps 0
name: p_722
step: 10000
specie: 20
	particle_diameter: 1.0000000000000000
	interaction_length: 1.2000000000000000
	number_of_patches: 3
	number_of_particles_per_compound: 1
	rod_length: 1.0000000000000000
	interaction_matrix:  1.000000 1.000000 1.000000 1.000000 1.000000 1.000000 1.000000 1.000000 1.000000
	patch_type: symmetric
	patch_width: 8.0000000000000000
	patch_angle: 0.0000000000000000
	angles:  0.000000 0.000000 0.000000
	grand_canonical: 0
	chemical_potential: 0.0000000000000000
box: 45.681632 45.681632
copy: 1.000000 1.000000
epsilon: 0.0062510000000000
end_epsilon: 0.0000000000000000
pressure: 0.0875000000000000
lambda: 0.0000000000000000
lambda_coupling: 1.0000000000000000
uy: 0.0000000000000000
maximum_displacement: 1.0000000000000000
maximum_rotation: 1.0000000000000000
maximum_volume: 1.0000000000000000
maximum_shape: 0.0000001000000000
maximum_dsigma: 0.0100000000000000
mod: 10
pmod: 10
optimize: 1
verbose: 1
snapshot: 0
display: 1
explore: 1
npt: 1
nptxy: 0
nptdxdy: 0
shape: 0
seed: 823705
116.021451820984 122.897575295692 0.000000000000 1.000000000000
-92.055556761689 161.634802928948 0.000000000000 1.000000000000
365.213594501343 214.125834396423 0.000000000000 1.000000000000
211.892560084855 -236.026304662919 0.000000000000 1.000000000000
65.998307620800 60.797305596785 0.866025403784 0.500000000000
177.314832909106 1.436825467883 0.866025403784 -0.500000000000
-181.273090964338 -104.618563117122 0.866025403784 -0.500000000000
117.244285968417 209.876932255110 0.866025403784 0.500000000000
-58.547216482802 73.241287638795 0.000000000000 1.000000000000
235.654051560191 73.922328898728 0.866025403784 0.500000000000
-29.457363423463 250.663881337308 0.000000000000 1.000000000000
129.787853183577 -21.708797401318 0.866025403784 -0.500000000000
-129.232216285945 -81.264681201292 0.866025403784 -0.500000000000
117.924039587117 241.988165044434 0.866025403784 -0.500000000000
190.077556753894 150.464365303978 0.000000000000 1.000000000000
62.582140166817 -1.243724400798 0.000000000000 1.000000000000
217.384302150524 82.792177884887 0.866025403784 0.500000000000
171.103307888921 77.023158785939 0.000000000000 1.000000000000
-173.517493229460 262.597611982826 0.000000000000 1.000000000000
60.307178429632 12.690235071284 0.866025403784 0.500000000000
