#Configurational_file created 2018-09-14 11:58:44  started 2018-09-14 11:58:43 run for 1.0s steps 0
name: p_728
step: 10000
specie: 20
	particle_diameter: 1.0000000000000000
	interaction_length: 1.2000000000000000
	number_of_patches: 3
	number_of_particles_per_compound: 1
	rod_length: 1.0000000000000000
	interaction_matrix:  1.000000 1.000000 1.000000 1.000000 1.000000 1.000000 1.000000 1.000000 1.000000
	patch_type: symmetric
	patch_width: 8.0000000000000000
	patch_angle: 0.0000000000000000
	angles:  0.000000 0.000000 0.000000
	grand_canonical: 0
	chemical_potential: 0.0000000000000000
box: 50.986784 50.986784
copy: 1.000000 1.000000
epsilon: 0.0083340000000000
end_epsilon: 0.0000000000000000
pressure: 0.0083340000000000
lambda: 0.0000000000000000
lambda_coupling: 1.0000000000000000
uy: 0.0000000000000000
maximum_displacement: 1.0000000000000000
maximum_rotation: 1.0000000000000000
maximum_volume: 1.0000000000000000
maximum_shape: 0.0000001000000000
maximum_dsigma: 0.0100000000000000
mod: 10
pmod: 10
optimize: 1
verbose: 1
snapshot: 0
display: 1
explore: 1
npt: 1
nptxy: 0
nptdxdy: 0
shape: 0
seed: 830527
168.089380803994 11.421235884976 0.866025403784 0.500000000000
84.922440593075 18.922627220923 0.866025403784 0.500000000000
-32.006333479999 42.892060206445 0.866025403784 -0.500000000000
-34.903492279321 76.836693286098 0.866025403784 0.500000000000
69.379785352943 -56.826578207543 0.000000000000 1.000000000000
-180.607993623395 38.298595541825 0.866025403784 -0.500000000000
-212.103577678091 106.934052668749 0.866025403784 0.500000000000
-30.232581066842 68.964270680166 0.866025403784 0.500000000000
-188.498852975670 121.281097170374 0.866025403784 -0.500000000000
381.990977013482 31.258293773729 0.866025403784 0.500000000000
-39.225873171016 31.876308136123 0.866025403784 -0.500000000000
177.335710836864 -15.338141125816 0.866025403784 -0.500000000000
-236.133599780662 -54.894681218562 0.866025403784 0.500000000000
54.778873657699 498.893061284962 0.000000000000 1.000000000000
1.713608660117 246.554656739298 0.000000000000 1.000000000000
48.552073023743 -10.065553650698 0.000000000000 1.000000000000
0.204257778146 -177.084843709338 0.000000000000 1.000000000000
137.012008973550 163.944885041685 0.866025403784 -0.500000000000
236.481480846304 201.333485994885 0.866025403784 -0.500000000000
435.284986801297 4.127012203430 0.866025403784 0.500000000000
