#Configurational_file created 2018-09-14 11:58:43  started 2018-09-14 11:58:42 run for 1.0s steps 0
name: p_727
step: 10000
specie: 20
	particle_diameter: 1.0000000000000000
	interaction_length: 1.2000000000000000
	number_of_patches: 3
	number_of_particles_per_compound: 1
	rod_length: 1.0000000000000000
	interaction_matrix:  1.000000 1.000000 1.000000 1.000000 1.000000 1.000000 1.000000 1.000000 1.000000
	patch_type: symmetric
	patch_width: 8.0000000000000000
	patch_angle: 0.0000000000000000
	angles:  0.000000 0.000000 0.000000
	grand_canonical: 0
	chemical_potential: 0.0000000000000000
box: 49.679994 49.679994
copy: 1.000000 1.000000
epsilon: 0.0083340000000000
end_epsilon: 0.0000000000000000
pressure: 0.0041680000000000
lambda: 0.0000000000000000
lambda_coupling: 1.0000000000000000
uy: 0.0000000000000000
maximum_displacement: 1.0000000000000000
maximum_rotation: 1.0000000000000000
maximum_volume: 1.0000000000000000
maximum_shape: 0.0000001000000000
maximum_dsigma: 0.0100000000000000
mod: 10
pmod: 10
optimize: 1
verbose: 1
snapshot: 0
display: 1
explore: 1
npt: 1
nptxy: 0
nptdxdy: 0
shape: 0
seed: 829390
65.554845367008 64.740072242709 0.866025403784 0.500000000000
143.356744387426 10.203237900397 0.000000000000 1.000000000000
-80.948163807468 -45.527616965739 0.000000000000 1.000000000000
155.677622393113 200.886545650713 0.866025403784 -0.500000000000
-315.424079495487 -74.114471842719 0.866025403784 -0.500000000000
146.547253271294 151.270679936880 0.866025403784 -0.500000000000
-39.727538900417 -31.773653319837 0.866025403784 -0.500000000000
529.867653425260 190.004400530507 0.866025403784 0.500000000000
53.027248087936 23.214158724432 0.866025403784 0.500000000000
211.882742548561 -81.068822784900 0.000000000000 1.000000000000
144.366643154156 206.932030701910 0.000000000000 1.000000000000
216.749407310495 48.090716192051 0.866025403784 -0.500000000000
32.137229358414 -81.900317709599 0.866025403784 0.500000000000
-138.399222782256 -12.777628692519 0.866025403784 0.500000000000
-207.516209585440 -164.945525000301 0.866025403784 -0.500000000000
130.515683220355 -56.026902703790 0.866025403784 -0.500000000000
158.883744705936 -76.404605576756 0.866025403784 0.500000000000
-132.002445502757 -132.905191488847 0.866025403784 -0.500000000000
326.867003871077 -314.531952448241 0.866025403784 -0.500000000000
-27.568114200518 119.652012673915 0.866025403784 -0.500000000000
