#Configurational_file created 2018-09-14 11:31:01  started 2018-09-14 11:31:00 run for 1.0s steps 0
name: p_726
step: 10000
specie: 20
	particle_diameter: 1.0000000000000000
	interaction_length: 1.2000000000000000
	number_of_patches: 3
	number_of_particles_per_compound: 1
	rod_length: 1.0000000000000000
	interaction_matrix:  1.000000 1.000000 1.000000 1.000000 1.000000 1.000000 1.000000 1.000000 1.000000
	patch_type: symmetric
	patch_width: 8.0000000000000000
	patch_angle: 0.0000000000000000
	angles:  0.000000 0.000000 0.000000
	grand_canonical: 0
	chemical_potential: 0.0000000000000000
box: 54.594595 54.594595
copy: 1.000000 1.000000
epsilon: 0.0834170000000000
end_epsilon: 0.0000000000000000
pressure: 0.0001000000000000
lambda: 0.0000000000000000
lambda_coupling: 1.0000000000000000
uy: 0.0000000000000000
maximum_displacement: 1.0000000000000000
maximum_rotation: 1.0000000000000000
maximum_volume: 1.0000000000000000
maximum_shape: 0.0000001000000000
maximum_dsigma: 0.0100000000000000
mod: 10
pmod: 10
optimize: 1
verbose: 1
snapshot: 0
display: 1
explore: 1
npt: 1
nptxy: 0
nptdxdy: 0
shape: 0
seed: 828253
-48.061291521706 -20.005605742044 0.000000000000 1.000000000000
-205.318816073105 103.940436575983 0.000000000000 1.000000000000
357.508600108163 -180.058024186064 0.866025403784 -0.500000000000
-11.077432003410 93.774783830005 0.000000000000 1.000000000000
199.489779205441 -43.975314057279 0.000000000000 1.000000000000
-181.001214392522 -15.913211083330 0.866025403784 -0.500000000000
-200.588848258399 68.090194338701 0.866025403784 0.500000000000
118.132407905975 78.690255663825 0.000000000000 1.000000000000
42.590488289862 -131.179846803883 0.866025403784 0.500000000000
-82.154844555752 26.517502897781 0.866025403784 0.500000000000
299.724458790375 -8.138505785316 0.866025403784 -0.500000000000
150.489382827765 118.276953265985 0.000000000000 1.000000000000
-359.651949267589 -55.403263486636 0.866025403784 0.500000000000
107.360921980802 132.991414402537 0.000000000000 1.000000000000
522.788992181183 -157.734227012500 0.866025403784 0.500000000000
-402.893682379652 -34.933661433334 0.866025403784 0.500000000000
293.381297501905 646.231613600787 0.866025403784 0.500000000000
-195.154304766408 17.238685668050 0.000000000000 1.000000000000
-98.139164374571 -53.883985226336 0.000000000000 1.000000000000
-39.812128218220 -20.269983173142 0.866025403784 -0.500000000000
