#Configurational_file created 2018-09-14 11:30:58  started 2018-09-14 11:30:58 run for 0.0s steps 0
name: p_722
step: 10000
specie: 20
	particle_diameter: 1.0000000000000000
	interaction_length: 1.2000000000000000
	number_of_patches: 3
	number_of_particles_per_compound: 1
	rod_length: 1.0000000000000000
	interaction_matrix:  1.000000 1.000000 1.000000 1.000000 1.000000 1.000000 1.000000 1.000000 1.000000
	patch_type: symmetric
	patch_width: 8.0000000000000000
	patch_angle: 0.0000000000000000
	angles:  0.000000 0.000000 0.000000
	grand_canonical: 0
	chemical_potential: 0.0000000000000000
box: 16.485254 16.485254
copy: 1.000000 1.000000
epsilon: 0.0625880000000000
end_epsilon: 0.0000000000000000
pressure: 1.7500119999999999
lambda: 0.0000000000000000
lambda_coupling: 1.0000000000000000
uy: 0.0000000000000000
maximum_displacement: 1.0000000000000000
maximum_rotation: 1.0000000000000000
maximum_volume: 1.0000000000000000
maximum_shape: 0.0000001000000000
maximum_dsigma: 0.0100000000000000
mod: 10
pmod: 10
optimize: 1
verbose: 1
snapshot: 0
display: 1
explore: 1
npt: 1
nptxy: 0
nptdxdy: 0
shape: 0
seed: 823705
-153.831818551894 132.319616343873 0.866025403784 0.500000000000
-229.007787106754 55.676676468778 0.000000000000 1.000000000000
-82.103486815088 -50.079617659704 0.866025403784 0.500000000000
-90.317595362887 -1.031937606947 0.000000000000 1.000000000000
-49.870271632191 -90.673066681691 0.866025403784 -0.500000000000
35.583424120430 36.954348394790 0.866025403784 -0.500000000000
2.120379869789 -120.778427733387 0.866025403784 0.500000000000
-68.178694854772 164.183560939517 0.000000000000 1.000000000000
74.821675202693 -12.180740837153 0.866025403784 0.500000000000
-48.950491327400 -140.981355937274 0.000000000000 1.000000000000
175.800416432076 -125.530425318251 0.000000000000 1.000000000000
37.625350361596 10.902501985386 0.866025403784 -0.500000000000
29.251877046448 -67.472047164273 0.866025403784 -0.500000000000
39.808134764691 -30.088742137874 0.000000000000 1.000000000000
18.661646597672 32.648352466371 0.866025403784 -0.500000000000
69.855741694474 -46.102682841387 0.000000000000 1.000000000000
213.238532976594 -71.708010145141 0.866025403784 -0.500000000000
-140.336315924763 82.552163716218 0.866025403784 0.500000000000
-141.308511240611 -49.988623250569 0.000000000000 1.000000000000
-21.920332433356 -40.481851081536 0.866025403784 -0.500000000000
