#Configurational_file created 2018-09-14 11:06:20  started 2018-09-14 11:06:19 run for 1.0s steps 0
name: p_72
step: 10000
specie: 20
	particle_diameter: 1.0000000000000000
	interaction_length: 1.2000000000000000
	number_of_patches: 3
	number_of_particles_per_compound: 1
	rod_length: 1.0000000000000000
	interaction_matrix:  1.000000 1.000000 1.000000 1.000000 1.000000 1.000000 1.000000 1.000000 1.000000
	patch_type: symmetric
	patch_width: 8.0000000000000000
	patch_angle: 0.0000000000000000
	angles:  0.000000 0.000000 0.000000
	grand_canonical: 0
	chemical_potential: 0.0000000000000000
box: 50.111947 50.111947
copy: 1.000000 1.000000
epsilon: 0.0001000000000000
end_epsilon: 0.0000000000000000
pressure: 2.0000000000000000
lambda: 0.0000000000000000
lambda_coupling: 1.0000000000000000
uy: 0.0000000000000000
maximum_displacement: 1.0000000000000000
maximum_rotation: 1.0000000000000000
maximum_volume: 1.0000000000000000
maximum_shape: 0.0000001000000000
maximum_dsigma: 0.0100000000000000
mod: 10
pmod: 10
optimize: 1
verbose: 1
snapshot: 0
display: 1
explore: 1
npt: 1
nptxy: 0
nptdxdy: 0
shape: 0
seed: 84734
-42.916485848396 7.600093201351 0.000000000000 1.000000000000
112.690599463245 98.542243789334 0.000000000000 1.000000000000
320.140255100597 156.197798257141 0.866025403784 -0.500000000000
58.309083495502 130.446526130799 0.866025403784 0.500000000000
311.618925622698 -94.354794295767 0.866025403784 -0.500000000000
3.296490862854 377.819357113047 0.866025403784 -0.500000000000
-130.242541610341 -16.225030834739 0.866025403784 -0.500000000000
239.178716805190 262.310791331379 0.000000000000 1.000000000000
153.622319468652 104.021869607559 0.866025403784 -0.500000000000
-152.029337866930 139.082944055790 0.866025403784 -0.500000000000
81.622363358779 51.615474170832 0.866025403784 -0.500000000000
-215.132444956185 334.603335774759 0.866025403784 0.500000000000
-187.334067086300 47.562997903641 0.000000000000 1.000000000000
133.811369458257 71.569169341545 0.866025403784 0.500000000000
-77.696435671400 316.846586434724 0.000000000000 1.000000000000
189.840372323051 -136.930832950089 0.866025403784 -0.500000000000
-186.282236688977 34.890706538260 0.866025403784 0.500000000000
-7.736617060177 32.102609024732 0.866025403784 -0.500000000000
-166.007947945174 -364.819489202250 0.866025403784 0.500000000000
-205.548830546051 -184.264710729347 0.866025403784 -0.500000000000
