#Configurational_file created 2018-09-14 11:58:38  started 2018-09-14 11:58:38 run for 0.0s steps 0
name: p_721
step: 10000
specie: 20
	particle_diameter: 1.0000000000000000
	interaction_length: 1.2000000000000000
	number_of_patches: 3
	number_of_particles_per_compound: 1
	rod_length: 1.0000000000000000
	interaction_matrix:  1.000000 1.000000 1.000000 1.000000 1.000000 1.000000 1.000000 1.000000 1.000000
	patch_type: symmetric
	patch_width: 8.0000000000000000
	patch_angle: 0.0000000000000000
	angles:  0.000000 0.000000 0.000000
	grand_canonical: 0
	chemical_potential: 0.0000000000000000
box: 54.036376 54.036376
copy: 1.000000 1.000000
epsilon: 0.0062510000000000
end_epsilon: 0.0000000000000000
pressure: 0.0833340000000000
lambda: 0.0000000000000000
lambda_coupling: 1.0000000000000000
uy: 0.0000000000000000
maximum_displacement: 1.0000000000000000
maximum_rotation: 1.0000000000000000
maximum_volume: 1.0000000000000000
maximum_shape: 0.0000001000000000
maximum_dsigma: 0.0100000000000000
mod: 10
pmod: 10
optimize: 1
verbose: 1
snapshot: 0
display: 1
explore: 1
npt: 1
nptxy: 0
nptdxdy: 0
shape: 0
seed: 822568
-182.800136082641 126.971587884589 0.866025403784 0.500000000000
-188.353781566566 -30.987206060517 0.866025403784 0.500000000000
-96.383469564512 -105.568320396616 0.866025403784 -0.500000000000
-150.972288987673 62.389806991799 0.000000000000 1.000000000000
-141.996807457851 -39.613779442949 0.866025403784 -0.500000000000
-74.350829344381 149.886028465814 0.000000000000 1.000000000000
-488.890893206474 -117.178387240899 0.866025403784 -0.500000000000
-168.867426314753 118.715305822302 0.866025403784 -0.500000000000
113.444787171451 120.091045582629 0.866025403784 0.500000000000
30.897407323566 500.395910568385 0.866025403784 -0.500000000000
264.430832874578 -85.335208111774 0.000000000000 1.000000000000
390.087935639874 222.862667596603 0.866025403784 0.500000000000
-33.960844417175 -230.303416267396 0.866025403784 0.500000000000
-63.318716319325 79.712927570725 0.866025403784 0.500000000000
314.123171740009 22.096413438572 0.866025403784 0.500000000000
-106.510234441160 173.882320183135 0.866025403784 -0.500000000000
29.270538172525 247.066751184841 0.000000000000 1.000000000000
297.625796806019 -314.173202130095 0.866025403784 -0.500000000000
421.463965017371 149.287377115778 0.866025403784 0.500000000000
-17.044726599312 -165.107300236815 0.000000000000 1.000000000000
