#Configurational_file created 2018-09-14 11:31:03  started 2018-09-14 11:31:03 run for 0.0s steps 0
name: p_729
step: 10000
specie: 20
	particle_diameter: 1.0000000000000000
	interaction_length: 1.2000000000000000
	number_of_patches: 3
	number_of_particles_per_compound: 1
	rod_length: 1.0000000000000000
	interaction_matrix:  1.000000 1.000000 1.000000 1.000000 1.000000 1.000000 1.000000 1.000000 1.000000
	patch_type: symmetric
	patch_width: 8.0000000000000000
	patch_angle: 0.0000000000000000
	angles:  0.000000 0.000000 0.000000
	grand_canonical: 0
	chemical_potential: 0.0000000000000000
box: 36.556262 36.556262
copy: 1.000000 1.000000
epsilon: 0.0834170000000000
end_epsilon: 0.0000000000000000
pressure: 0.2500870000000000
lambda: 0.0000000000000000
lambda_coupling: 1.0000000000000000
uy: 0.0000000000000000
maximum_displacement: 1.0000000000000000
maximum_rotation: 1.0000000000000000
maximum_volume: 1.0000000000000000
maximum_shape: 0.0000001000000000
maximum_dsigma: 0.0100000000000000
mod: 10
pmod: 10
optimize: 1
verbose: 1
snapshot: 0
display: 1
explore: 1
npt: 1
nptxy: 0
nptdxdy: 0
shape: 0
seed: 831664
-101.179951492818 69.999358269924 0.866025403784 -0.500000000000
45.292763487080 -136.118601476229 0.866025403784 -0.500000000000
184.998627313332 255.659288768817 0.866025403784 0.500000000000
-142.052754499312 -49.021888665715 0.866025403784 0.500000000000
22.361931378887 -62.128298193966 0.866025403784 -0.500000000000
225.492463280601 -31.755249722184 0.000000000000 1.000000000000
-195.492379201427 -70.274288598398 0.000000000000 1.000000000000
-59.597240390057 -11.871410126212 0.866025403784 -0.500000000000
-211.071636851758 -199.061837868396 0.000000000000 1.000000000000
-91.438904985478 12.226757085316 0.000000000000 1.000000000000
238.393184343474 -18.861736647286 0.000000000000 1.000000000000
185.769063427289 -26.734079653793 0.866025403784 -0.500000000000
112.309139858095 114.971905503713 0.000000000000 1.000000000000
303.509397081893 -37.191491146976 0.866025403784 -0.500000000000
123.804646191759 -172.346017183636 0.000000000000 1.000000000000
37.591348654217 106.032329759115 0.000000000000 1.000000000000
140.825169293520 68.609121372405 0.866025403784 -0.500000000000
161.427129817496 -248.349869539196 0.866025403784 0.500000000000
41.767250193332 41.915964546686 0.866025403784 0.500000000000
169.752672436550 132.948748887448 0.866025403784 -0.500000000000
