#Configurational_file created 2018-09-14 11:30:59  started 2018-09-14 11:30:58 run for 1.0s steps 0
name: p_723
step: 10000
specie: 20
	particle_diameter: 1.0000000000000000
	interaction_length: 1.2000000000000000
	number_of_patches: 3
	number_of_particles_per_compound: 1
	rod_length: 1.0000000000000000
	interaction_matrix:  1.000000 1.000000 1.000000 1.000000 1.000000 1.000000 1.000000 1.000000 1.000000
	patch_type: symmetric
	patch_width: 8.0000000000000000
	patch_angle: 0.0000000000000000
	angles:  0.000000 0.000000 0.000000
	grand_canonical: 0
	chemical_potential: 0.0000000000000000
box: 15.013875 15.013875
copy: 1.000000 1.000000
epsilon: 0.0625880000000000
end_epsilon: 0.0000000000000000
pressure: 1.8333420000000000
lambda: 0.0000000000000000
lambda_coupling: 1.0000000000000000
uy: 0.0000000000000000
maximum_displacement: 1.0000000000000000
maximum_rotation: 1.0000000000000000
maximum_volume: 1.0000000000000000
maximum_shape: 0.0000001000000000
maximum_dsigma: 0.0100000000000000
mod: 10
pmod: 10
optimize: 1
verbose: 1
snapshot: 0
display: 1
explore: 1
npt: 1
nptxy: 0
nptdxdy: 0
shape: 0
seed: 824842
-120.773825249210 -45.544810521797 0.000000000000 1.000000000000
-38.149944568388 -42.902463692224 0.866025403784 -0.500000000000
67.148737635275 173.150029866607 0.866025403784 -0.500000000000
97.767146116148 -53.078348378072 0.866025403784 -0.500000000000
-45.056577073344 83.097627615624 0.866025403784 0.500000000000
-189.436457551054 104.575769485235 0.866025403784 0.500000000000
80.170438755391 -69.794646892801 0.866025403784 0.500000000000
26.386990152669 130.815311246413 0.000000000000 1.000000000000
95.762766499645 -20.756371606885 0.866025403784 -0.500000000000
-161.567795115745 -95.163708999174 0.866025403784 0.500000000000
-52.100641513551 -150.904379982049 0.866025403784 -0.500000000000
-78.041543343087 98.564556170640 0.866025403784 0.500000000000
-132.297705987027 124.122175043479 0.000000000000 1.000000000000
18.083171261280 -8.318541667436 0.866025403784 0.500000000000
83.794433039380 82.396566314324 0.000000000000 1.000000000000
34.731693690334 277.005369018272 0.866025403784 -0.500000000000
-30.048402450058 133.198270043803 0.000000000000 1.000000000000
6.916322966756 132.892613482532 0.000000000000 1.000000000000
219.526027977588 -39.715978891757 0.866025403784 -0.500000000000
-54.009486014915 -25.930426788754 0.866025403784 0.500000000000
