#Configurational_file created 2018-09-14 11:30:57  started 2018-09-14 11:30:56 run for 1.0s steps 0
name: p_720
step: 10000
specie: 20
	particle_diameter: 1.0000000000000000
	interaction_length: 1.2000000000000000
	number_of_patches: 3
	number_of_particles_per_compound: 1
	rod_length: 1.0000000000000000
	interaction_matrix:  1.000000 1.000000 1.000000 1.000000 1.000000 1.000000 1.000000 1.000000 1.000000
	patch_type: symmetric
	patch_width: 8.0000000000000000
	patch_angle: 0.0000000000000000
	angles:  0.000000 0.000000 0.000000
	grand_canonical: 0
	chemical_potential: 0.0000000000000000
box: 15.354476 15.354476
copy: 1.000000 1.000000
epsilon: 0.0625880000000000
end_epsilon: 0.0000000000000000
pressure: 1.5833539999999999
lambda: 0.0000000000000000
lambda_coupling: 1.0000000000000000
uy: 0.0000000000000000
maximum_displacement: 1.0000000000000000
maximum_rotation: 1.0000000000000000
maximum_volume: 1.0000000000000000
maximum_shape: 0.0000001000000000
maximum_dsigma: 0.0100000000000000
mod: 10
pmod: 10
optimize: 1
verbose: 1
snapshot: 0
display: 1
explore: 1
npt: 1
nptxy: 0
nptdxdy: 0
shape: 0
seed: 821431
10.714769330786 25.199241068277 0.866025403784 0.500000000000
-65.663064179707 -34.261389866252 0.000000000000 1.000000000000
156.224191128622 -40.441176307035 0.866025403784 0.500000000000
131.565395336433 -25.264346389766 0.866025403784 0.500000000000
-110.793124039927 -81.102988747085 0.000000000000 1.000000000000
-65.764624689672 -39.218904227220 0.000000000000 1.000000000000
0.857621529214 63.855990772652 0.866025403784 -0.500000000000
-25.142271117397 -93.776088640503 0.866025403784 -0.500000000000
166.484043543611 27.745022185255 0.866025403784 0.500000000000
19.277540905688 75.553533416620 0.000000000000 1.000000000000
150.204713441303 -23.822411772461 0.000000000000 1.000000000000
-194.235596799132 -68.636015472593 0.866025403784 -0.500000000000
114.056468950716 85.488187244143 0.000000000000 1.000000000000
-274.782567603295 57.334809710216 0.866025403784 0.500000000000
-4.313116951701 131.288274484205 0.000000000000 1.000000000000
91.865409622165 -6.618141516128 0.866025403784 0.500000000000
-79.932760827038 -57.563418134311 0.000000000000 1.000000000000
-137.584695508316 22.633308446880 0.866025403784 -0.500000000000
-51.561588292730 64.606366137190 0.000000000000 1.000000000000
6.391586185586 68.472384838423 0.866025403784 -0.500000000000
