#Configurational_file created 2018-09-14 11:58:41  started 2018-09-14 11:58:40 run for 1.0s steps 0
name: p_724
step: 10000
specie: 20
	particle_diameter: 1.0000000000000000
	interaction_length: 1.2000000000000000
	number_of_patches: 3
	number_of_particles_per_compound: 1
	rod_length: 1.0000000000000000
	interaction_matrix:  1.000000 1.000000 1.000000 1.000000 1.000000 1.000000 1.000000 1.000000 1.000000
	patch_type: symmetric
	patch_width: 8.0000000000000000
	patch_angle: 0.0000000000000000
	angles:  0.000000 0.000000 0.000000
	grand_canonical: 0
	chemical_potential: 0.0000000000000000
box: 50.309261 50.309261
copy: 1.000000 1.000000
epsilon: 0.0062510000000000
end_epsilon: 0.0000000000000000
pressure: 0.0958330000000000
lambda: 0.0000000000000000
lambda_coupling: 1.0000000000000000
uy: 0.0000000000000000
maximum_displacement: 1.0000000000000000
maximum_rotation: 1.0000000000000000
maximum_volume: 1.0000000000000000
maximum_shape: 0.0000001000000000
maximum_dsigma: 0.0100000000000000
mod: 10
pmod: 10
optimize: 1
verbose: 1
snapshot: 0
display: 1
explore: 1
npt: 1
nptxy: 0
nptdxdy: 0
shape: 0
seed: 825979
132.344804590020 68.103480179992 0.866025403784 -0.500000000000
145.361482466122 -22.298459517831 0.866025403784 -0.500000000000
-75.149240263968 304.513766088368 0.866025403784 -0.500000000000
-198.527618136225 94.916503570317 0.866025403784 0.500000000000
53.534308781628 207.967779181753 0.000000000000 1.000000000000
179.693173469913 226.069595346231 0.866025403784 0.500000000000
206.685402522852 -179.917938394421 0.866025403784 -0.500000000000
31.335027623431 134.434889886602 0.866025403784 0.500000000000
-151.474365313381 210.197293506699 0.866025403784 -0.500000000000
-122.068910004251 -11.856562474261 0.866025403784 0.500000000000
-170.649493942554 140.869734172741 0.866025403784 0.500000000000
191.906880934973 -195.439831620897 0.000000000000 1.000000000000
-192.645918209498 132.804146417968 0.866025403784 0.500000000000
153.161281777140 243.172274999720 0.000000000000 1.000000000000
-172.057715899906 232.445115076736 0.866025403784 -0.500000000000
-57.167299945905 183.876425912346 0.866025403784 0.500000000000
69.542640393578 40.402590511903 0.866025403784 -0.500000000000
199.141800917162 266.758637278656 0.866025403784 -0.500000000000
-290.864145856784 -242.238132693119 0.866025403784 0.500000000000
139.962032415550 15.415888408618 0.000000000000 1.000000000000
