#Configurational_file created 2018-09-14 12:20:17  started 2018-09-14 12:20:16 run for 1.0s steps 0
name: p_72
step: 10000
specie: 20
	particle_diameter: 1.0000000000000000
	interaction_length: 1.2000000000000000
	number_of_patches: 3
	number_of_particles_per_compound: 1
	rod_length: 1.0000000000000000
	interaction_matrix:  1.000000 1.000000 1.000000 1.000000 1.000000 1.000000 1.000000 1.000000 1.000000
	patch_type: symmetric
	patch_width: 8.0000000000000000
	patch_angle: 0.0000000000000000
	angles:  0.000000 0.000000 0.000000
	grand_canonical: 0
	chemical_potential: 0.0000000000000000
box: 19.564556 19.564556
copy: 1.000000 1.000000
epsilon: 0.8333340000000000
end_epsilon: 0.0000000000000000
pressure: 0.1000000000000000
lambda: 0.0000000000000000
lambda_coupling: 1.0000000000000000
uy: 0.0000000000000000
maximum_displacement: 1.0000000000000000
maximum_rotation: 1.0000000000000000
maximum_volume: 1.0000000000000000
maximum_shape: 0.0000001000000000
maximum_dsigma: 0.0100000000000000
mod: 10
pmod: 10
optimize: 1
verbose: 1
snapshot: 0
display: 1
explore: 1
npt: 1
nptxy: 0
nptdxdy: 0
shape: 0
seed: 84655
-156.173357821117 178.621922527279 0.866025403784 0.500000000000
-61.842044736711 -97.262533640020 0.000000000000 1.000000000000
28.843449753342 -37.901523705705 0.000000000000 1.000000000000
21.509919341508 77.209008675115 0.866025403784 0.500000000000
11.032139319950 48.091162047640 0.000000000000 1.000000000000
-148.057683364623 18.648190368179 0.000000000000 1.000000000000
-230.931546970222 145.880539233302 0.000000000000 1.000000000000
-33.071886858850 -117.443412985823 0.866025403784 0.500000000000
-78.770310324864 118.081832648918 0.866025403784 -0.500000000000
75.885059563470 186.907127524985 0.866025403784 0.500000000000
-25.810643682454 197.154828898925 0.866025403784 -0.500000000000
127.610316307287 -59.753668134396 0.866025403784 -0.500000000000
-120.751650079693 143.880788057398 0.000000000000 1.000000000000
99.067435960496 30.384226239369 0.866025403784 0.500000000000
-1.875977520595 -1.728159719621 0.866025403784 0.500000000000
2.185881421349 109.660376532028 0.000000000000 1.000000000000
12.841333918734 -61.837695186610 0.866025403784 0.500000000000
65.265735407189 103.359253539705 0.866025403784 -0.500000000000
0.206568366387 -119.931348994476 0.866025403784 0.500000000000
-9.277679005093 52.926534887464 0.866025403784 -0.500000000000
