#Configurational_file created 2018-09-14 11:31:00  started 2018-09-14 11:31:00 run for 0.0s steps 0
name: p_725
step: 10000
specie: 20
	particle_diameter: 1.0000000000000000
	interaction_length: 1.2000000000000000
	number_of_patches: 3
	number_of_particles_per_compound: 1
	rod_length: 1.0000000000000000
	interaction_matrix:  1.000000 1.000000 1.000000 1.000000 1.000000 1.000000 1.000000 1.000000 1.000000
	patch_type: symmetric
	patch_width: 8.0000000000000000
	patch_angle: 0.0000000000000000
	angles:  0.000000 0.000000 0.000000
	grand_canonical: 0
	chemical_potential: 0.0000000000000000
box: 14.914655 14.914655
copy: 1.000000 1.000000
epsilon: 0.0625880000000000
end_epsilon: 0.0000000000000000
pressure: 2.0000000000000000
lambda: 0.0000000000000000
lambda_coupling: 1.0000000000000000
uy: 0.0000000000000000
maximum_displacement: 1.0000000000000000
maximum_rotation: 1.0000000000000000
maximum_volume: 1.0000000000000000
maximum_shape: 0.0000001000000000
maximum_dsigma: 0.0100000000000000
mod: 10
pmod: 10
optimize: 1
verbose: 1
snapshot: 0
display: 1
explore: 1
npt: 1
nptxy: 0
nptdxdy: 0
shape: 0
seed: 827116
-170.755627067471 -4.181326882960 0.000000000000 1.000000000000
-15.686387291489 28.047794164072 0.866025403784 0.500000000000
128.110020327672 -3.650278668031 0.866025403784 -0.500000000000
16.802579561498 -108.234694785348 0.000000000000 1.000000000000
-173.059511271711 -40.212762531940 0.000000000000 1.000000000000
-28.177515521518 -141.470920529813 0.866025403784 0.500000000000
131.239905091537 102.130621164985 0.866025403784 -0.500000000000
62.574900563611 -28.772239027355 0.866025403784 -0.500000000000
15.419095985058 4.014874448837 0.000000000000 1.000000000000
-65.498266167995 65.825401033096 0.000000000000 1.000000000000
-65.846614823700 75.111571947999 0.000000000000 1.000000000000
9.876802099114 345.149298912253 0.866025403784 -0.500000000000
-53.010834891422 -140.933586320257 0.000000000000 1.000000000000
139.116149922967 -10.662922025538 0.866025403784 0.500000000000
171.824657609189 -23.183444237203 0.866025403784 0.500000000000
-49.334298881274 138.440008183870 0.866025403784 -0.500000000000
-101.373732206154 -3.198127340501 0.866025403784 0.500000000000
57.631514768490 -63.843465342925 0.866025403784 -0.500000000000
-10.040695849672 -13.506321406265 0.000000000000 1.000000000000
-175.153703749033 -154.148669118105 0.000000000000 1.000000000000
