#Configurational_file created 2018-09-14 11:58:38  started 2018-09-14 11:58:37 run for 1.0s steps 0
name: p_720
step: 10000
specie: 20
	particle_diameter: 1.0000000000000000
	interaction_length: 1.2000000000000000
	number_of_patches: 3
	number_of_particles_per_compound: 1
	rod_length: 1.0000000000000000
	interaction_matrix:  1.000000 1.000000 1.000000 1.000000 1.000000 1.000000 1.000000 1.000000 1.000000
	patch_type: symmetric
	patch_width: 8.0000000000000000
	patch_angle: 0.0000000000000000
	angles:  0.000000 0.000000 0.000000
	grand_canonical: 0
	chemical_potential: 0.0000000000000000
box: 45.889087 45.889087
copy: 1.000000 1.000000
epsilon: 0.0062510000000000
end_epsilon: 0.0000000000000000
pressure: 0.0791670000000000
lambda: 0.0000000000000000
lambda_coupling: 1.0000000000000000
uy: 0.0000000000000000
maximum_displacement: 1.0000000000000000
maximum_rotation: 1.0000000000000000
maximum_volume: 1.0000000000000000
maximum_shape: 0.0000001000000000
maximum_dsigma: 0.0100000000000000
mod: 10
pmod: 10
optimize: 1
verbose: 1
snapshot: 0
display: 1
explore: 1
npt: 1
nptxy: 0
nptdxdy: 0
shape: 0
seed: 821431
-188.936372710741 -134.237031207559 0.000000000000 1.000000000000
28.865778438268 -174.083721790178 0.866025403784 0.500000000000
30.975616172789 -14.483555765433 0.866025403784 0.500000000000
5.087180120387 -119.203450337481 0.000000000000 1.000000000000
-220.603456550954 -235.846380583131 0.866025403784 -0.500000000000
12.303839502141 -87.226913484062 0.000000000000 1.000000000000
261.091900858813 -140.527732749318 0.866025403784 0.500000000000
-37.160524642414 -322.515672672941 0.866025403784 0.500000000000
-46.249901225376 -83.649034043843 0.866025403784 0.500000000000
254.636037164531 163.480212394264 0.000000000000 1.000000000000
-26.639942300125 126.589643269249 0.000000000000 1.000000000000
-222.666298743161 156.102710413825 0.866025403784 0.500000000000
290.541901746712 -164.975594308180 0.866025403784 0.500000000000
7.912306855615 55.433570538724 0.000000000000 1.000000000000
105.306365732526 8.437239750035 0.000000000000 1.000000000000
-35.770064203830 63.051299522212 0.866025403784 0.500000000000
55.449087344313 90.887418331723 0.866025403784 -0.500000000000
291.138437923541 82.458682793942 0.866025403784 -0.500000000000
-328.689901416634 61.896710521262 0.000000000000 1.000000000000
-293.105951050002 -15.667132520264 0.000000000000 1.000000000000
