#Configurational_file created 2018-09-14 11:31:03  started 2018-09-14 11:31:02 run for 1.0s steps 0
name: p_728
step: 10000
specie: 20
	particle_diameter: 1.0000000000000000
	interaction_length: 1.2000000000000000
	number_of_patches: 3
	number_of_particles_per_compound: 1
	rod_length: 1.0000000000000000
	interaction_matrix:  1.000000 1.000000 1.000000 1.000000 1.000000 1.000000 1.000000 1.000000 1.000000
	patch_type: symmetric
	patch_width: 8.0000000000000000
	patch_angle: 0.0000000000000000
	angles:  0.000000 0.000000 0.000000
	grand_canonical: 0
	chemical_potential: 0.0000000000000000
box: 40.469438 40.469438
copy: 1.000000 1.000000
epsilon: 0.0834170000000000
end_epsilon: 0.0000000000000000
pressure: 0.1667580000000000
lambda: 0.0000000000000000
lambda_coupling: 1.0000000000000000
uy: 0.0000000000000000
maximum_displacement: 1.0000000000000000
maximum_rotation: 1.0000000000000000
maximum_volume: 1.0000000000000000
maximum_shape: 0.0000001000000000
maximum_dsigma: 0.0100000000000000
mod: 10
pmod: 10
optimize: 1
verbose: 1
snapshot: 0
display: 1
explore: 1
npt: 1
nptxy: 0
nptdxdy: 0
shape: 0
seed: 830527
-171.317636999655 -5.009376895578 0.866025403784 0.500000000000
79.693628272383 200.836449671723 0.866025403784 -0.500000000000
-6.152939202875 -106.443332578190 0.866025403784 -0.500000000000
-181.203722719432 -268.445429481054 0.866025403784 -0.500000000000
30.214944894002 -74.549606646424 0.866025403784 0.500000000000
38.514736713153 91.517738469134 0.866025403784 -0.500000000000
-43.025082244588 179.003660812725 0.000000000000 1.000000000000
32.324349890752 21.763781786132 0.000000000000 1.000000000000
-84.359289980238 -11.854653419759 0.866025403784 0.500000000000
-252.492585176273 259.217581502755 0.000000000000 1.000000000000
181.978945900196 -8.367373631274 0.866025403784 -0.500000000000
-183.888125514496 280.292144161795 0.866025403784 0.500000000000
268.093034238881 310.894530865658 0.000000000000 1.000000000000
87.752032224583 182.433167325069 0.866025403784 0.500000000000
-199.964201502499 -162.567563803978 0.866025403784 0.500000000000
104.306804296489 210.882329717315 0.866025403784 -0.500000000000
78.905471019350 44.043126436752 0.000000000000 1.000000000000
137.816416788917 161.504816262847 0.866025403784 -0.500000000000
49.709993573962 -188.663725722967 0.866025403784 0.500000000000
502.979669148284 9.886042348291 0.000000000000 1.000000000000
