#Configurational_file created 2018-09-14 11:58:40  started 2018-09-14 11:58:39 run for 1.0s steps 0
name: p_723
step: 10000
specie: 20
	particle_diameter: 1.0000000000000000
	interaction_length: 1.2000000000000000
	number_of_patches: 3
	number_of_particles_per_compound: 1
	rod_length: 1.0000000000000000
	interaction_matrix:  1.000000 1.000000 1.000000 1.000000 1.000000 1.000000 1.000000 1.000000 1.000000
	patch_type: symmetric
	patch_width: 8.0000000000000000
	patch_angle: 0.0000000000000000
	angles:  0.000000 0.000000 0.000000
	grand_canonical: 0
	chemical_potential: 0.0000000000000000
box: 55.005141 55.005141
copy: 1.000000 1.000000
epsilon: 0.0062510000000000
end_epsilon: 0.0000000000000000
pressure: 0.0916670000000000
lambda: 0.0000000000000000
lambda_coupling: 1.0000000000000000
uy: 0.0000000000000000
maximum_displacement: 1.0000000000000000
maximum_rotation: 1.0000000000000000
maximum_volume: 1.0000000000000000
maximum_shape: 0.0000001000000000
maximum_dsigma: 0.0100000000000000
mod: 10
pmod: 10
optimize: 1
verbose: 1
snapshot: 0
display: 1
explore: 1
npt: 1
nptxy: 0
nptdxdy: 0
shape: 0
seed: 824842
29.114749229833 67.562353605437 0.000000000000 1.000000000000
332.374136306751 120.195954942865 0.866025403784 -0.500000000000
-182.949917932551 150.734997663451 0.866025403784 0.500000000000
-38.401488755035 -42.422663896117 0.000000000000 1.000000000000
-62.375358395574 -53.336543224523 0.000000000000 1.000000000000
-338.902220380970 -20.437530556180 0.000000000000 1.000000000000
-257.947047956166 -159.272846485153 0.000000000000 1.000000000000
193.697900789623 116.675834217118 0.866025403784 0.500000000000
158.873777243581 -163.568536574146 0.000000000000 1.000000000000
-13.152152460326 41.239889068433 0.000000000000 1.000000000000
-82.769840412758 99.840922092508 0.866025403784 -0.500000000000
-449.383126141855 36.193381696585 0.866025403784 0.500000000000
-40.067927785191 61.378488273711 0.000000000000 1.000000000000
261.510530762003 -161.420613919349 0.000000000000 1.000000000000
-8.340252614687 522.311841077743 0.866025403784 -0.500000000000
-90.683467826684 135.503873795299 0.866025403784 -0.500000000000
-195.370441244329 67.636107391115 0.866025403784 -0.500000000000
165.772775739423 58.543845635893 0.000000000000 1.000000000000
-69.013863240990 -173.290434906079 0.866025403784 -0.500000000000
-51.071199438377 268.782683811394 0.000000000000 1.000000000000
