#Configurational_file created 2018-09-14 11:58:44  started 2018-09-14 11:58:44 run for 0.0s steps 0
name: p_729
step: 10000
specie: 20
	particle_diameter: 1.0000000000000000
	interaction_length: 1.2000000000000000
	number_of_patches: 3
	number_of_particles_per_compound: 1
	rod_length: 1.0000000000000000
	interaction_matrix:  1.000000 1.000000 1.000000 1.000000 1.000000 1.000000 1.000000 1.000000 1.000000
	patch_type: symmetric
	patch_width: 8.0000000000000000
	patch_angle: 0.0000000000000000
	angles:  0.000000 0.000000 0.000000
	grand_canonical: 0
	chemical_potential: 0.0000000000000000
box: 44.900733 44.900733
copy: 1.000000 1.000000
epsilon: 0.0083340000000000
end_epsilon: 0.0000000000000000
pressure: 0.0125010000000000
lambda: 0.0000000000000000
lambda_coupling: 1.0000000000000000
uy: 0.0000000000000000
maximum_displacement: 1.0000000000000000
maximum_rotation: 1.0000000000000000
maximum_volume: 1.0000000000000000
maximum_shape: 0.0000001000000000
maximum_dsigma: 0.0100000000000000
mod: 10
pmod: 10
optimize: 1
verbose: 1
snapshot: 0
display: 1
explore: 1
npt: 1
nptxy: 0
nptdxdy: 0
shape: 0
seed: 831664
-230.173931934940 -145.089679325901 0.866025403784 0.500000000000
82.474060605491 130.355606832098 0.866025403784 -0.500000000000
-137.651405153190 394.111083622488 0.866025403784 0.500000000000
102.024461226022 -71.179920001035 0.866025403784 -0.500000000000
85.773775388901 -100.938942258990 0.000000000000 1.000000000000
121.653658243182 27.165648056900 0.866025403784 -0.500000000000
127.714044251022 62.630405117234 0.000000000000 1.000000000000
-281.572124195422 -34.990974226272 0.000000000000 1.000000000000
-53.465699269695 127.624684200615 0.866025403784 0.500000000000
-273.938108258716 -73.844144330928 0.866025403784 -0.500000000000
-50.862490351602 56.573650017703 0.866025403784 -0.500000000000
-42.301115906727 11.421282777497 0.000000000000 1.000000000000
198.287914833665 323.882789260899 0.866025403784 -0.500000000000
30.891411698342 -191.602745049086 0.000000000000 1.000000000000
48.991696164088 8.802189009428 0.000000000000 1.000000000000
38.329893184143 149.749708412026 0.866025403784 -0.500000000000
124.869966156494 258.200554750203 0.000000000000 1.000000000000
68.736736475684 -54.016189301482 0.866025403784 -0.500000000000
-123.152239040109 -32.794855674136 0.866025403784 0.500000000000
-182.822766203308 -8.452015721025 0.866025403784 0.500000000000
