#Configurational_file created 2018-09-14 11:31:07  started 2018-09-14 11:31:07 run for 0.0s steps 0
name: p_735
step: 10000
specie: 20
	particle_diameter: 1.0000000000000000
	interaction_length: 1.2000000000000000
	number_of_patches: 3
	number_of_particles_per_compound: 1
	rod_length: 1.0000000000000000
	interaction_matrix:  1.000000 1.000000 1.000000 1.000000 1.000000 1.000000 1.000000 1.000000 1.000000
	patch_type: symmetric
	patch_width: 8.0000000000000000
	patch_angle: 0.0000000000000000
	angles:  0.000000 0.000000 0.000000
	grand_canonical: 0
	chemical_potential: 0.0000000000000000
box: 19.197033 19.197033
copy: 1.000000 1.000000
epsilon: 0.0834170000000000
end_epsilon: 0.0000000000000000
pressure: 0.7500620000000000
lambda: 0.0000000000000000
lambda_coupling: 1.0000000000000000
uy: 0.0000000000000000
maximum_displacement: 1.0000000000000000
maximum_rotation: 1.0000000000000000
maximum_volume: 1.0000000000000000
maximum_shape: 0.0000001000000000
maximum_dsigma: 0.0100000000000000
mod: 10
pmod: 10
optimize: 1
verbose: 1
snapshot: 0
display: 1
explore: 1
npt: 1
nptxy: 0
nptdxdy: 0
shape: 0
seed: 838486
-16.435602175284 133.170306840111 0.000000000000 1.000000000000
93.638242428127 56.843911462325 0.000000000000 1.000000000000
18.706641729687 -99.963599723513 0.866025403784 -0.500000000000
155.402997793569 193.640950155799 0.000000000000 1.000000000000
-37.288662179925 36.325770958905 0.000000000000 1.000000000000
137.530314070227 -104.817628645273 0.866025403784 -0.500000000000
-32.317899813179 77.193616626469 0.000000000000 1.000000000000
-24.856484551813 63.940645502137 0.866025403784 -0.500000000000
125.231881860300 -173.017716341947 0.000000000000 1.000000000000
-108.145250713038 -24.669295415677 0.866025403784 -0.500000000000
137.042452278304 -54.218620301761 0.000000000000 1.000000000000
-62.719173562848 163.400309920502 0.866025403784 -0.500000000000
50.652780176450 129.928972499141 0.866025403784 0.500000000000
5.595498482847 2.819277836212 0.000000000000 1.000000000000
116.539173685401 99.564144879343 0.000000000000 1.000000000000
-32.030011011704 34.774902592687 0.000000000000 1.000000000000
-144.114985223261 -125.913275401843 0.866025403784 0.500000000000
-171.029367398742 352.088426824172 0.866025403784 -0.500000000000
-68.287646256099 130.059071614987 0.866025403784 -0.500000000000
-9.234025387738 23.831236420725 0.866025403784 0.500000000000
