#Configurational_file created 2018-09-14 11:58:47  started 2018-09-14 11:58:46 run for 1.0s steps 0
name: p_732
step: 10000
specie: 20
	particle_diameter: 1.0000000000000000
	interaction_length: 1.2000000000000000
	number_of_patches: 3
	number_of_particles_per_compound: 1
	rod_length: 1.0000000000000000
	interaction_matrix:  1.000000 1.000000 1.000000 1.000000 1.000000 1.000000 1.000000 1.000000 1.000000
	patch_type: symmetric
	patch_width: 8.0000000000000000
	patch_angle: 0.0000000000000000
	angles:  0.000000 0.000000 0.000000
	grand_canonical: 0
	chemical_potential: 0.0000000000000000
box: 43.466471 43.466471
copy: 1.000000 1.000000
epsilon: 0.0083340000000000
end_epsilon: 0.0000000000000000
pressure: 0.0250010000000000
lambda: 0.0000000000000000
lambda_coupling: 1.0000000000000000
uy: 0.0000000000000000
maximum_displacement: 1.0000000000000000
maximum_rotation: 1.0000000000000000
maximum_volume: 1.0000000000000000
maximum_shape: 0.0000001000000000
maximum_dsigma: 0.0100000000000000
mod: 10
pmod: 10
optimize: 1
verbose: 1
snapshot: 0
display: 1
explore: 1
npt: 1
nptxy: 0
nptdxdy: 0
shape: 0
seed: 835075
86.742497666059 -169.604732096754 0.866025403784 0.500000000000
-102.311055504224 148.382832765211 0.866025403784 0.500000000000
130.841832052164 76.757728343101 0.866025403784 -0.500000000000
8.344124123097 41.832918832603 0.000000000000 1.000000000000
-232.550383666881 179.374342033614 0.866025403784 -0.500000000000
82.331719392810 -155.615018721175 0.000000000000 1.000000000000
-204.953046948760 -35.573675716258 0.000000000000 1.000000000000
92.658452332967 -144.827965425147 0.866025403784 0.500000000000
-35.127926449542 139.069693103727 0.866025403784 0.500000000000
338.772713605707 134.560929387238 0.866025403784 0.500000000000
-234.526483469674 -194.438425993977 0.866025403784 0.500000000000
-41.173612628541 47.827610577143 0.000000000000 1.000000000000
-78.542347398373 229.571925687788 0.866025403784 -0.500000000000
110.603415152756 167.896639244301 0.866025403784 0.500000000000
344.021516567668 297.077273833768 0.866025403784 -0.500000000000
349.124051754370 285.991381909220 0.000000000000 1.000000000000
16.254391359163 66.060173044719 0.866025403784 -0.500000000000
-218.085943699274 198.499090558500 0.866025403784 0.500000000000
-58.453360967487 184.785013295284 0.866025403784 0.500000000000
194.144042171160 238.101129400307 0.866025403784 0.500000000000
