#Configurational_file created 2018-09-14 11:31:09  started 2018-09-14 11:31:08 run for 1.0s steps 0
name: p_737
step: 10000
specie: 20
	particle_diameter: 1.0000000000000000
	interaction_length: 1.2000000000000000
	number_of_patches: 3
	number_of_particles_per_compound: 1
	rod_length: 1.0000000000000000
	interaction_matrix:  1.000000 1.000000 1.000000 1.000000 1.000000 1.000000 1.000000 1.000000 1.000000
	patch_type: symmetric
	patch_width: 8.0000000000000000
	patch_angle: 0.0000000000000000
	angles:  0.000000 0.000000 0.000000
	grand_canonical: 0
	chemical_potential: 0.0000000000000000
box: 15.772823 15.772823
copy: 1.000000 1.000000
epsilon: 0.0834170000000000
end_epsilon: 0.0000000000000000
pressure: 0.9167210000000000
lambda: 0.0000000000000000
lambda_coupling: 1.0000000000000000
uy: 0.0000000000000000
maximum_displacement: 1.0000000000000000
maximum_rotation: 1.0000000000000000
maximum_volume: 1.0000000000000000
maximum_shape: 0.0000001000000000
maximum_dsigma: 0.0100000000000000
mod: 10
pmod: 10
optimize: 1
verbose: 1
snapshot: 0
display: 1
explore: 1
npt: 1
nptxy: 0
nptdxdy: 0
shape: 0
seed: 840760
42.717415091326 -57.774233319850 0.866025403784 0.500000000000
140.246241220742 134.621736010876 0.866025403784 0.500000000000
197.804251256114 -33.829615832794 0.866025403784 -0.500000000000
29.992163223708 -26.492063734413 0.866025403784 -0.500000000000
94.090458863700 -3.950463124772 0.866025403784 0.500000000000
-58.663974128686 -124.773535842672 0.000000000000 1.000000000000
-92.797717044814 74.852839726709 0.000000000000 1.000000000000
18.756231446574 -5.475339915062 0.000000000000 1.000000000000
28.619551581049 122.174784382226 0.866025403784 0.500000000000
-48.461486419586 7.371278530479 0.000000000000 1.000000000000
182.229371949370 65.989181008860 0.000000000000 1.000000000000
51.692775937736 -80.322338807912 0.866025403784 -0.500000000000
54.267371650546 76.083683994066 0.866025403784 0.500000000000
-138.603986303541 114.219890783706 0.866025403784 -0.500000000000
-116.772046649929 63.814156461287 0.866025403784 -0.500000000000
37.020563565696 58.162138939702 0.866025403784 -0.500000000000
165.535447476747 -24.366729063357 0.866025403784 -0.500000000000
24.464539198364 78.780390283983 0.000000000000 1.000000000000
226.022952870344 -18.962928575496 0.866025403784 -0.500000000000
-15.661638203162 67.396672092112 0.000000000000 1.000000000000
