#Configurational_file created 2018-09-11 17:04:29  started 2018-09-11 17:04:28 run for 1.0s steps 0
name: p_73
step: 10000
specie: 20
	particle_diameter: 1.0000000000000000
	interaction_length: 1.2000000000000000
	number_of_patches: 3
	number_of_particles_per_compound: 1
	rod_length: 1.0000000000000000
	interaction_matrix:  1.000000 1.000000 1.000000 1.000000 1.000000 1.000000 1.000000 1.000000 1.000000
	patch_type: symmetric
	patch_width: 8.0000000000000000
	patch_angle: 0.0000000000000000
	angles:  0.000000 0.000000 0.000000
	grand_canonical: 0
	chemical_potential: 0.0000000000000000
box: 9.895770 9.895770
copy: 1.000000 1.000000
epsilon: 0.4166830000000000
end_epsilon: 0.0000000000000000
pressure: 0.6667330000000000
lambda: 0.0000000000000000
lambda_coupling: 1.0000000000000000
uy: 0.0000000000000000
maximum_displacement: 1.0000000000000000
maximum_rotation: 1.0000000000000000
maximum_volume: 1.0000000000000000
maximum_shape: 0.0000001000000000
maximum_dsigma: 0.0100000000000000
mod: 10
pmod: 10
optimize: 1
verbose: 1
snapshot: 0
display: 1
explore: 1
npt: 1
nptxy: 0
nptdxdy: 0
shape: 0
seed: 85871
142.446651807106 -96.693175405435 0.000000000000 1.000000000000
61.551991664668 -2.524487292993 0.000000000000 1.000000000000
104.380940811201 -38.095166619795 0.866025403784 -0.500000000000
98.741581888066 8.443451260371 0.866025403784 -0.500000000000
45.990412702819 83.674854417627 0.000000000000 1.000000000000
-63.586585991487 -13.914492770800 0.866025403784 0.500000000000
-29.563404758195 -37.578575263463 0.866025403784 -0.500000000000
153.103020778360 -14.325745141507 0.866025403784 -0.500000000000
23.612939679146 -79.819760371699 0.866025403784 0.500000000000
52.191341288206 54.621292099027 0.000000000000 1.000000000000
136.673497725237 -12.976702129055 0.866025403784 0.500000000000
155.799528954930 74.436174705672 0.866025403784 0.500000000000
-59.192985057464 -101.388588841570 0.000000000000 1.000000000000
30.527858350673 85.787866120227 0.000000000000 1.000000000000
54.008186426245 46.941139439561 0.866025403784 -0.500000000000
56.154572631781 -37.563114302524 0.866025403784 -0.500000000000
59.887927167611 43.027130878960 0.866025403784 0.500000000000
90.532595494697 -17.854590548666 0.000000000000 1.000000000000
-38.138906912825 64.256117995434 0.000000000000 1.000000000000
-2.158966115886 73.257747221804 0.000000000000 1.000000000000
