#Configurational_file created 2018-09-14 11:31:05  started 2018-09-14 11:31:05 run for 0.0s steps 0
name: p_732
step: 10000
specie: 20
	particle_diameter: 1.0000000000000000
	interaction_length: 1.2000000000000000
	number_of_patches: 3
	number_of_particles_per_compound: 1
	rod_length: 1.0000000000000000
	interaction_matrix:  1.000000 1.000000 1.000000 1.000000 1.000000 1.000000 1.000000 1.000000 1.000000
	patch_type: symmetric
	patch_width: 8.0000000000000000
	patch_angle: 0.0000000000000000
	angles:  0.000000 0.000000 0.000000
	grand_canonical: 0
	chemical_potential: 0.0000000000000000
box: 23.401208 23.401208
copy: 1.000000 1.000000
epsilon: 0.0834170000000000
end_epsilon: 0.0000000000000000
pressure: 0.5000750000000000
lambda: 0.0000000000000000
lambda_coupling: 1.0000000000000000
uy: 0.0000000000000000
maximum_displacement: 1.0000000000000000
maximum_rotation: 1.0000000000000000
maximum_volume: 1.0000000000000000
maximum_shape: 0.0000001000000000
maximum_dsigma: 0.0100000000000000
mod: 10
pmod: 10
optimize: 1
verbose: 1
snapshot: 0
display: 1
explore: 1
npt: 1
nptxy: 0
nptdxdy: 0
shape: 0
seed: 835075
173.897207820468 -136.721914412848 0.866025403784 0.500000000000
103.930279902959 -23.061056969966 0.866025403784 0.500000000000
88.338769623179 43.332330257491 0.000000000000 1.000000000000
-67.552687393450 125.977119639117 0.000000000000 1.000000000000
29.759568874908 -60.858883080779 0.866025403784 0.500000000000
208.037378027417 32.292625714157 0.866025403784 -0.500000000000
126.030973814573 -226.702625737589 0.866025403784 0.500000000000
40.954442927426 105.198950395059 0.000000000000 1.000000000000
23.377723378312 -35.059142473449 0.000000000000 1.000000000000
12.083597778252 4.260123138514 0.866025403784 0.500000000000
-92.054202224004 29.257662728892 0.000000000000 1.000000000000
76.827518773754 132.889614600714 0.866025403784 0.500000000000
-107.931246938938 -70.863563328217 0.866025403784 -0.500000000000
-66.580872266839 287.957172084397 0.866025403784 0.500000000000
-12.909900335679 -75.070469349565 0.000000000000 1.000000000000
130.627837172802 -230.399556794671 0.866025403784 0.500000000000
-72.787620147056 131.989223018233 0.866025403784 -0.500000000000
117.781812820264 233.252985754362 0.000000000000 1.000000000000
24.688664497912 -48.485967200827 0.000000000000 1.000000000000
63.901841492639 65.259647116292 0.866025403784 0.500000000000
