#Configurational_file created 2018-09-14 11:58:52  started 2018-09-14 11:58:51 run for 1.0s steps 0
name: p_739
step: 10000
specie: 20
	particle_diameter: 1.0000000000000000
	interaction_length: 1.2000000000000000
	number_of_patches: 3
	number_of_particles_per_compound: 1
	rod_length: 1.0000000000000000
	interaction_matrix:  1.000000 1.000000 1.000000 1.000000 1.000000 1.000000 1.000000 1.000000 1.000000
	patch_type: symmetric
	patch_width: 8.0000000000000000
	patch_angle: 0.0000000000000000
	angles:  0.000000 0.000000 0.000000
	grand_canonical: 0
	chemical_potential: 0.0000000000000000
box: 48.271681 48.271681
copy: 1.000000 1.000000
epsilon: 0.0083340000000000
end_epsilon: 0.0000000000000000
pressure: 0.0541670000000000
lambda: 0.0000000000000000
lambda_coupling: 1.0000000000000000
uy: 0.0000000000000000
maximum_displacement: 1.0000000000000000
maximum_rotation: 1.0000000000000000
maximum_volume: 1.0000000000000000
maximum_shape: 0.0000001000000000
maximum_dsigma: 0.0100000000000000
mod: 10
pmod: 10
optimize: 1
verbose: 1
snapshot: 0
display: 1
explore: 1
npt: 1
nptxy: 0
nptdxdy: 0
shape: 0
seed: 843034
48.146725761812 153.273731573490 0.866025403784 0.500000000000
82.131023870317 -96.064153906630 0.000000000000 1.000000000000
-84.550924502098 480.268114013894 0.866025403784 -0.500000000000
-241.481288241852 -89.159157850714 0.866025403784 0.500000000000
164.772389169142 65.986163470792 0.866025403784 -0.500000000000
-97.017600822515 371.225545320510 0.866025403784 0.500000000000
147.082309939511 28.195197464663 0.866025403784 -0.500000000000
-91.572895805266 -70.464343543694 0.000000000000 1.000000000000
-22.760152026368 -6.610374610487 0.000000000000 1.000000000000
146.063661449043 -96.268159890749 0.000000000000 1.000000000000
286.305792091074 -49.145486723803 0.866025403784 0.500000000000
-272.639671177132 331.666290149326 0.866025403784 0.500000000000
-218.047004746804 -273.748455652892 0.866025403784 0.500000000000
186.340229892398 83.670117848082 0.866025403784 0.500000000000
-272.833499354872 431.580809878181 0.866025403784 0.500000000000
131.373588580928 -114.157391222057 0.866025403784 0.500000000000
120.469979346370 -193.739427307757 0.866025403784 0.500000000000
-108.689401855214 -6.477134276405 0.866025403784 -0.500000000000
89.137222432808 156.335266628228 0.866025403784 -0.500000000000
-33.666340120881 -265.335917759886 0.000000000000 1.000000000000
