#Configurational_file created 2018-09-14 11:31:05  started 2018-09-14 11:31:04 run for 1.0s steps 0
name: p_731
step: 10000
specie: 20
	particle_diameter: 1.0000000000000000
	interaction_length: 1.2000000000000000
	number_of_patches: 3
	number_of_particles_per_compound: 1
	rod_length: 1.0000000000000000
	interaction_matrix:  1.000000 1.000000 1.000000 1.000000 1.000000 1.000000 1.000000 1.000000 1.000000
	patch_type: symmetric
	patch_width: 8.0000000000000000
	patch_angle: 0.0000000000000000
	angles:  0.000000 0.000000 0.000000
	grand_canonical: 0
	chemical_potential: 0.0000000000000000
box: 26.071987 26.071987
copy: 1.000000 1.000000
epsilon: 0.0834170000000000
end_epsilon: 0.0000000000000000
pressure: 0.4167460000000000
lambda: 0.0000000000000000
lambda_coupling: 1.0000000000000000
uy: 0.0000000000000000
maximum_displacement: 1.0000000000000000
maximum_rotation: 1.0000000000000000
maximum_volume: 1.0000000000000000
maximum_shape: 0.0000001000000000
maximum_dsigma: 0.0100000000000000
mod: 10
pmod: 10
optimize: 1
verbose: 1
snapshot: 0
display: 1
explore: 1
npt: 1
nptxy: 0
nptdxdy: 0
shape: 0
seed: 833938
36.575887597227 60.958690793681 0.000000000000 1.000000000000
-130.741944183765 -28.659073423867 0.000000000000 1.000000000000
-115.670543337647 -38.784509628371 0.866025403784 -0.500000000000
123.111809581178 -128.536563492321 0.866025403784 -0.500000000000
100.171848923892 0.541972650744 0.866025403784 -0.500000000000
40.233324774439 2.365869094366 0.000000000000 1.000000000000
-58.703019616345 -202.949031989612 0.000000000000 1.000000000000
94.456369094061 26.919014758497 0.866025403784 -0.500000000000
78.389542092592 -44.476969361038 0.866025403784 0.500000000000
-109.429009079781 97.895648004743 0.866025403784 -0.500000000000
57.310552736861 -69.394839493877 0.000000000000 1.000000000000
-153.907871487777 7.269264488223 0.866025403784 -0.500000000000
132.700270523650 -47.598520235863 0.866025403784 -0.500000000000
-65.966351762671 94.344935382544 0.000000000000 1.000000000000
-17.391221534249 157.034808631008 0.866025403784 -0.500000000000
14.202529657537 -166.224826258528 0.866025403784 0.500000000000
43.330524295644 50.305574115054 0.866025403784 -0.500000000000
-12.988098733756 22.262851137919 0.000000000000 1.000000000000
33.776451310021 46.184167783677 0.866025403784 -0.500000000000
54.688909761991 207.387316748452 0.866025403784 0.500000000000
