#Configurational_file created 2018-09-14 11:31:07  started 2018-09-14 11:31:06 run for 1.0s steps 0
name: p_734
step: 10000
specie: 20
	particle_diameter: 1.0000000000000000
	interaction_length: 1.2000000000000000
	number_of_patches: 3
	number_of_particles_per_compound: 1
	rod_length: 1.0000000000000000
	interaction_matrix:  1.000000 1.000000 1.000000 1.000000 1.000000 1.000000 1.000000 1.000000 1.000000
	patch_type: symmetric
	patch_width: 8.0000000000000000
	patch_angle: 0.0000000000000000
	angles:  0.000000 0.000000 0.000000
	grand_canonical: 0
	chemical_potential: 0.0000000000000000
box: 21.580733 21.580733
copy: 1.000000 1.000000
epsilon: 0.0834170000000000
end_epsilon: 0.0000000000000000
pressure: 0.6667330000000000
lambda: 0.0000000000000000
lambda_coupling: 1.0000000000000000
uy: 0.0000000000000000
maximum_displacement: 1.0000000000000000
maximum_rotation: 1.0000000000000000
maximum_volume: 1.0000000000000000
maximum_shape: 0.0000001000000000
maximum_dsigma: 0.0100000000000000
mod: 10
pmod: 10
optimize: 1
verbose: 1
snapshot: 0
display: 1
explore: 1
npt: 1
nptxy: 0
nptdxdy: 0
shape: 0
seed: 837349
-34.759957911276 -16.265004654899 0.866025403784 -0.500000000000
64.967453069866 -55.871907350304 0.866025403784 0.500000000000
30.012848394600 58.443823235315 0.866025403784 0.500000000000
32.641375232491 -6.294684468881 0.866025403784 0.500000000000
-5.134309469118 -2.428640221268 0.000000000000 1.000000000000
-43.429900641323 -36.509009625517 0.000000000000 1.000000000000
-66.197049434395 -136.049773482065 0.866025403784 0.500000000000
73.867319594896 -64.796767819750 0.000000000000 1.000000000000
-218.465123507090 96.632513002715 0.866025403784 -0.500000000000
156.956189680886 173.741171641392 0.000000000000 1.000000000000
50.402599782729 96.148498975100 0.866025403784 -0.500000000000
94.089665494968 3.253177395821 0.866025403784 -0.500000000000
58.957226095543 52.427189846377 0.866025403784 -0.500000000000
183.301055080192 -57.638562585892 0.000000000000 1.000000000000
136.471131015948 -101.497153512875 0.866025403784 0.500000000000
121.356883772224 11.232774924108 0.866025403784 0.500000000000
-60.408439870122 23.674675411560 0.000000000000 1.000000000000
-6.880408532505 -8.397198945351 0.000000000000 1.000000000000
-56.858777330858 22.096593914697 0.866025403784 -0.500000000000
-117.649514799673 96.413414105593 0.000000000000 1.000000000000
