#Configurational_file created 2018-09-14 11:31:04  started 2018-09-14 11:31:03 run for 1.0s steps 0
name: p_730
step: 10000
specie: 20
	particle_diameter: 1.0000000000000000
	interaction_length: 1.2000000000000000
	number_of_patches: 3
	number_of_particles_per_compound: 1
	rod_length: 1.0000000000000000
	interaction_matrix:  1.000000 1.000000 1.000000 1.000000 1.000000 1.000000 1.000000 1.000000 1.000000
	patch_type: symmetric
	patch_width: 8.0000000000000000
	patch_angle: 0.0000000000000000
	angles:  0.000000 0.000000 0.000000
	grand_canonical: 0
	chemical_potential: 0.0000000000000000
box: 24.006373 24.006373
copy: 1.000000 1.000000
epsilon: 0.0834170000000000
end_epsilon: 0.0000000000000000
pressure: 0.3334170000000000
lambda: 0.0000000000000000
lambda_coupling: 1.0000000000000000
uy: 0.0000000000000000
maximum_displacement: 1.0000000000000000
maximum_rotation: 1.0000000000000000
maximum_volume: 1.0000000000000000
maximum_shape: 0.0000001000000000
maximum_dsigma: 0.0100000000000000
mod: 10
pmod: 10
optimize: 1
verbose: 1
snapshot: 0
display: 1
explore: 1
npt: 1
nptxy: 0
nptdxdy: 0
shape: 0
seed: 832801
152.125644864999 -55.334085463262 0.000000000000 1.000000000000
69.124095876487 166.870959728646 0.000000000000 1.000000000000
59.165715660557 110.764400763393 0.866025403784 -0.500000000000
34.838884448122 67.504109019662 0.866025403784 -0.500000000000
145.590526269314 208.342880165964 0.000000000000 1.000000000000
-172.752894573765 -12.716606201252 0.866025403784 0.500000000000
169.205547717689 178.538185934657 0.000000000000 1.000000000000
144.009595455207 -191.332636823301 0.866025403784 0.500000000000
160.551549971799 -4.571770524064 0.866025403784 -0.500000000000
94.612811839923 -221.620595012018 0.866025403784 -0.500000000000
108.405775509271 67.553992884851 0.866025403784 0.500000000000
93.531930786143 135.972849485869 0.866025403784 -0.500000000000
4.255171601275 -151.593344734313 0.000000000000 1.000000000000
94.552091669990 45.778960169859 0.866025403784 -0.500000000000
154.326305002447 95.878637532962 0.866025403784 -0.500000000000
-75.090671865213 145.368135026334 0.866025403784 -0.500000000000
-12.818229301664 64.653145213499 0.000000000000 1.000000000000
100.057309796137 13.764146622680 0.000000000000 1.000000000000
26.024326358910 53.513359112948 0.866025403784 0.500000000000
-110.747554880365 16.700701153854 0.000000000000 1.000000000000
