#Configurational_file created 2018-09-14 11:58:48  started 2018-09-14 11:58:47 run for 1.0s steps 0
name: p_734
step: 10000
specie: 20
	particle_diameter: 1.0000000000000000
	interaction_length: 1.2000000000000000
	number_of_patches: 3
	number_of_particles_per_compound: 1
	rod_length: 1.0000000000000000
	interaction_matrix:  1.000000 1.000000 1.000000 1.000000 1.000000 1.000000 1.000000 1.000000 1.000000
	patch_type: symmetric
	patch_width: 8.0000000000000000
	patch_angle: 0.0000000000000000
	angles:  0.000000 0.000000 0.000000
	grand_canonical: 0
	chemical_potential: 0.0000000000000000
box: 45.202574 45.202574
copy: 1.000000 1.000000
epsilon: 0.0083340000000000
end_epsilon: 0.0000000000000000
pressure: 0.0333340000000000
lambda: 0.0000000000000000
lambda_coupling: 1.0000000000000000
uy: 0.0000000000000000
maximum_displacement: 1.0000000000000000
maximum_rotation: 1.0000000000000000
maximum_volume: 1.0000000000000000
maximum_shape: 0.0000001000000000
maximum_dsigma: 0.0100000000000000
mod: 10
pmod: 10
optimize: 1
verbose: 1
snapshot: 0
display: 1
explore: 1
npt: 1
nptxy: 0
nptdxdy: 0
shape: 0
seed: 837349
65.521336709001 -88.164801839835 0.000000000000 1.000000000000
-169.963422711441 195.157225330749 0.866025403784 0.500000000000
56.070259671711 270.735277587122 0.866025403784 0.500000000000
53.801553166738 -208.912340867547 0.866025403784 -0.500000000000
105.640722764294 108.169750808423 0.000000000000 1.000000000000
298.945060386899 27.648169512437 0.000000000000 1.000000000000
90.137453033956 329.076410775009 0.000000000000 1.000000000000
-96.118494394241 -127.072236963456 0.866025403784 0.500000000000
-113.287107616220 119.254766344892 0.866025403784 0.500000000000
315.621840244807 215.110952767005 0.866025403784 0.500000000000
-0.508200078788 8.845200659649 0.866025403784 -0.500000000000
-248.852068624216 -132.373071807686 0.866025403784 0.500000000000
86.990367216018 411.774751450825 0.000000000000 1.000000000000
228.848388487301 151.664993698863 0.000000000000 1.000000000000
17.858885333112 -106.462404298196 0.866025403784 -0.500000000000
294.678868645780 14.094090408642 0.000000000000 1.000000000000
-72.850867605110 252.394860658954 0.866025403784 0.500000000000
-76.058614708478 -84.693757153137 0.000000000000 1.000000000000
-84.314954657808 0.305800697215 0.000000000000 1.000000000000
24.129666224469 189.698711548713 0.866025403784 -0.500000000000
