#Configurational_file created 2018-09-14 11:58:51  started 2018-09-14 11:58:50 run for 1.0s steps 0
name: p_738
step: 10000
specie: 20
	particle_diameter: 1.0000000000000000
	interaction_length: 1.2000000000000000
	number_of_patches: 3
	number_of_particles_per_compound: 1
	rod_length: 1.0000000000000000
	interaction_matrix:  1.000000 1.000000 1.000000 1.000000 1.000000 1.000000 1.000000 1.000000 1.000000
	patch_type: symmetric
	patch_width: 8.0000000000000000
	patch_angle: 0.0000000000000000
	angles:  0.000000 0.000000 0.000000
	grand_canonical: 0
	chemical_potential: 0.0000000000000000
box: 55.420666 55.420666
copy: 1.000000 1.000000
epsilon: 0.0083340000000000
end_epsilon: 0.0000000000000000
pressure: 0.0500010000000000
lambda: 0.0000000000000000
lambda_coupling: 1.0000000000000000
uy: 0.0000000000000000
maximum_displacement: 1.0000000000000000
maximum_rotation: 1.0000000000000000
maximum_volume: 1.0000000000000000
maximum_shape: 0.0000001000000000
maximum_dsigma: 0.0100000000000000
mod: 10
pmod: 10
optimize: 1
verbose: 1
snapshot: 0
display: 1
explore: 1
npt: 1
nptxy: 0
nptdxdy: 0
shape: 0
seed: 841897
130.418062391598 -268.357996507021 0.866025403784 -0.500000000000
-181.617968945661 226.253321440330 0.000000000000 1.000000000000
285.050819926914 374.024140731516 0.866025403784 0.500000000000
-43.201945854927 410.446831756210 0.866025403784 0.500000000000
-30.239463193345 299.021582911522 0.866025403784 -0.500000000000
44.712534298942 -148.056351128278 0.866025403784 0.500000000000
282.203471308056 437.721576054116 0.000000000000 1.000000000000
-42.455994861734 -170.941498032264 0.000000000000 1.000000000000
344.914823224099 80.834027544208 0.866025403784 0.500000000000
-127.735677384548 -106.140859350164 0.000000000000 1.000000000000
215.283085695335 -55.027904067029 0.866025403784 0.500000000000
-65.063275053834 261.319309363209 0.000000000000 1.000000000000
-108.273404975062 150.606040245478 0.866025403784 0.500000000000
213.285866660140 101.541360072552 0.866025403784 0.500000000000
182.031308254980 134.340426719464 0.000000000000 1.000000000000
139.631899843687 89.982179340825 0.000000000000 1.000000000000
-117.715102743469 123.545491225607 0.000000000000 1.000000000000
-368.780353596763 -19.392304976468 0.000000000000 1.000000000000
102.999341883431 -138.436889941095 0.866025403784 -0.500000000000
22.174607810434 -90.355712047604 0.866025403784 -0.500000000000
