#Configurational_file created 2018-09-14 11:06:21  started 2018-09-14 11:06:20 run for 1.0s steps 0
name: p_73
step: 10000
specie: 20
	particle_diameter: 1.0000000000000000
	interaction_length: 1.2000000000000000
	number_of_patches: 3
	number_of_particles_per_compound: 1
	rod_length: 1.0000000000000000
	interaction_matrix:  1.000000 1.000000 1.000000 1.000000 1.000000 1.000000 1.000000 1.000000 1.000000
	patch_type: symmetric
	patch_width: 8.0000000000000000
	patch_angle: 0.0000000000000000
	angles:  0.000000 0.000000 0.000000
	grand_canonical: 0
	chemical_potential: 0.0000000000000000
box: 45.572060 45.572060
copy: 1.000000 1.000000
epsilon: 0.0715140000000000
end_epsilon: 0.0000000000000000
pressure: 0.0001000000000000
lambda: 0.0000000000000000
lambda_coupling: 1.0000000000000000
uy: 0.0000000000000000
maximum_displacement: 1.0000000000000000
maximum_rotation: 1.0000000000000000
maximum_volume: 1.0000000000000000
maximum_shape: 0.0000001000000000
maximum_dsigma: 0.0100000000000000
mod: 10
pmod: 10
optimize: 1
verbose: 1
snapshot: 0
display: 1
explore: 1
npt: 1
nptxy: 0
nptdxdy: 0
shape: 0
seed: 85871
215.918869082316 111.471602151543 0.866025403784 -0.500000000000
232.117945180519 -36.608063820962 0.866025403784 -0.500000000000
102.958644781734 67.798849543006 0.000000000000 1.000000000000
-278.634478791862 73.246038640746 0.866025403784 0.500000000000
227.062967614783 374.905381563815 0.866025403784 0.500000000000
11.754437210820 -103.566333201408 0.866025403784 -0.500000000000
-146.039285466385 -7.879261010075 0.866025403784 -0.500000000000
152.042714197487 33.658356002225 0.866025403784 0.500000000000
-111.226621932632 13.993726391189 0.000000000000 1.000000000000
-58.247239737836 90.919600164557 0.866025403784 -0.500000000000
182.128604728941 207.781817027894 0.866025403784 -0.500000000000
167.052756111541 -114.333989582265 0.866025403784 0.500000000000
-34.400977971883 40.414756512638 0.866025403784 0.500000000000
-105.778533892526 -25.331888517175 0.000000000000 1.000000000000
-38.806791196457 132.321823458908 0.866025403784 0.500000000000
302.629672863614 -130.663473080618 0.000000000000 1.000000000000
233.339327550150 80.710458918342 0.866025403784 0.500000000000
129.327008005976 31.451614415911 0.866025403784 -0.500000000000
202.988316540857 -100.212983808448 0.000000000000 1.000000000000
205.122399027792 6.743289559946 0.866025403784 0.500000000000
