#Configurational_file created 2018-09-14 11:58:50  started 2018-09-14 11:58:49 run for 1.0s steps 0
name: p_737
step: 10000
specie: 20
	particle_diameter: 1.0000000000000000
	interaction_length: 1.2000000000000000
	number_of_patches: 3
	number_of_particles_per_compound: 1
	rod_length: 1.0000000000000000
	interaction_matrix:  1.000000 1.000000 1.000000 1.000000 1.000000 1.000000 1.000000 1.000000 1.000000
	patch_type: symmetric
	patch_width: 8.0000000000000000
	patch_angle: 0.0000000000000000
	angles:  0.000000 0.000000 0.000000
	grand_canonical: 0
	chemical_potential: 0.0000000000000000
box: 53.948583 53.948583
copy: 1.000000 1.000000
epsilon: 0.0083340000000000
end_epsilon: 0.0000000000000000
pressure: 0.0458340000000000
lambda: 0.0000000000000000
lambda_coupling: 1.0000000000000000
uy: 0.0000000000000000
maximum_displacement: 1.0000000000000000
maximum_rotation: 1.0000000000000000
maximum_volume: 1.0000000000000000
maximum_shape: 0.0000001000000000
maximum_dsigma: 0.0100000000000000
mod: 10
pmod: 10
optimize: 1
verbose: 1
snapshot: 0
display: 1
explore: 1
npt: 1
nptxy: 0
nptdxdy: 0
shape: 0
seed: 840760
241.105359453808 -195.520680459426 0.000000000000 1.000000000000
619.485178031341 137.106481422060 0.000000000000 1.000000000000
90.602224772353 90.196040279822 0.866025403784 -0.500000000000
98.716081975909 66.159563249121 0.000000000000 1.000000000000
-285.477653575094 -173.482736285690 0.866025403784 -0.500000000000
-70.766001887575 -31.463724435295 0.866025403784 -0.500000000000
-12.758186157059 276.654659135665 0.866025403784 0.500000000000
99.010504515215 243.013382846585 0.000000000000 1.000000000000
141.669446277929 365.730766099900 0.866025403784 0.500000000000
-37.416098622013 168.995641383483 0.866025403784 0.500000000000
23.197217943616 -240.599213226016 0.866025403784 0.500000000000
56.724011564649 -18.734674983473 0.000000000000 1.000000000000
-49.698362438656 326.172438175041 0.866025403784 0.500000000000
-7.545315228782 411.791031910228 0.866025403784 0.500000000000
-205.495977254287 -42.484086191027 0.866025403784 -0.500000000000
21.602398105995 63.681286689590 0.000000000000 1.000000000000
60.754151450887 75.931210676660 0.000000000000 1.000000000000
-135.729995067358 87.367980796946 0.000000000000 1.000000000000
429.310417271717 183.300738324990 0.866025403784 -0.500000000000
139.615639587506 -319.168666182378 0.866025403784 -0.500000000000
