#Configurational_file created 2018-09-14 11:31:10  started 2018-09-14 11:31:09 run for 1.0s steps 0
name: p_739
step: 10000
specie: 20
	particle_diameter: 1.0000000000000000
	interaction_length: 1.2000000000000000
	number_of_patches: 3
	number_of_particles_per_compound: 1
	rod_length: 1.0000000000000000
	interaction_matrix:  1.000000 1.000000 1.000000 1.000000 1.000000 1.000000 1.000000 1.000000 1.000000
	patch_type: symmetric
	patch_width: 8.0000000000000000
	patch_angle: 0.0000000000000000
	angles:  0.000000 0.000000 0.000000
	grand_canonical: 0
	chemical_potential: 0.0000000000000000
box: 18.028962 18.028962
copy: 1.000000 1.000000
epsilon: 0.0834170000000000
end_epsilon: 0.0000000000000000
pressure: 1.0833790000000001
lambda: 0.0000000000000000
lambda_coupling: 1.0000000000000000
uy: 0.0000000000000000
maximum_displacement: 1.0000000000000000
maximum_rotation: 1.0000000000000000
maximum_volume: 1.0000000000000000
maximum_shape: 0.0000001000000000
maximum_dsigma: 0.0100000000000000
mod: 10
pmod: 10
optimize: 1
verbose: 1
snapshot: 0
display: 1
explore: 1
npt: 1
nptxy: 0
nptdxdy: 0
shape: 0
seed: 843034
93.739380871588 169.599245073311 0.866025403784 0.500000000000
282.804405406320 12.428571011385 0.866025403784 -0.500000000000
-30.065424609958 183.076491232718 0.866025403784 -0.500000000000
1.289521188399 -21.053844928919 0.866025403784 0.500000000000
216.697527084589 -182.454782060376 0.866025403784 0.500000000000
-59.120670244610 -113.538192658554 0.000000000000 1.000000000000
46.355512433412 -26.286090712420 0.866025403784 0.500000000000
54.741447068822 -126.216989401103 0.000000000000 1.000000000000
41.755514655886 -108.606257893041 0.866025403784 -0.500000000000
34.422043179586 87.492400047998 0.866025403784 0.500000000000
57.225541899743 -5.397422868038 0.866025403784 0.500000000000
-67.898141007107 35.565754135980 0.866025403784 0.500000000000
107.437884384931 -47.008115647478 0.000000000000 1.000000000000
-128.920878799372 -19.647316704908 0.866025403784 0.500000000000
9.670145036274 85.307826061044 0.866025403784 -0.500000000000
-33.816685591383 -86.708380446923 0.866025403784 0.500000000000
142.071933195884 74.134217635095 0.000000000000 1.000000000000
-23.154483553607 9.650685333273 0.000000000000 1.000000000000
112.417303369206 183.736642383455 0.866025403784 -0.500000000000
-43.472083487348 -45.346733189287 0.000000000000 1.000000000000
