#Configurational_file created 2018-09-14 11:58:46  started 2018-09-14 11:58:45 run for 1.0s steps 0
name: p_731
step: 10000
specie: 20
	particle_diameter: 1.0000000000000000
	interaction_length: 1.2000000000000000
	number_of_patches: 3
	number_of_particles_per_compound: 1
	rod_length: 1.0000000000000000
	interaction_matrix:  1.000000 1.000000 1.000000 1.000000 1.000000 1.000000 1.000000 1.000000 1.000000
	patch_type: symmetric
	patch_width: 8.0000000000000000
	patch_angle: 0.0000000000000000
	angles:  0.000000 0.000000 0.000000
	grand_canonical: 0
	chemical_potential: 0.0000000000000000
box: 49.426172 49.426172
copy: 1.000000 1.000000
epsilon: 0.0083340000000000
end_epsilon: 0.0000000000000000
pressure: 0.0208340000000000
lambda: 0.0000000000000000
lambda_coupling: 1.0000000000000000
uy: 0.0000000000000000
maximum_displacement: 1.0000000000000000
maximum_rotation: 1.0000000000000000
maximum_volume: 1.0000000000000000
maximum_shape: 0.0000001000000000
maximum_dsigma: 0.0100000000000000
mod: 10
pmod: 10
optimize: 1
verbose: 1
snapshot: 0
display: 1
explore: 1
npt: 1
nptxy: 0
nptdxdy: 0
shape: 0
seed: 833938
-2.232852624977 -39.848446504143 0.866025403784 -0.500000000000
178.337176059276 237.895190050181 0.866025403784 0.500000000000
-91.884598640523 163.550004693237 0.866025403784 0.500000000000
112.538239526644 283.708577044996 0.866025403784 -0.500000000000
230.195246948749 69.059549101379 0.000000000000 1.000000000000
-99.442951475723 371.241206026434 0.000000000000 1.000000000000
-74.704366442318 13.900828845372 0.866025403784 -0.500000000000
248.292438595631 -73.377511157064 0.000000000000 1.000000000000
-67.463628513268 116.216471676720 0.866025403784 -0.500000000000
85.529740145013 25.135010386098 0.866025403784 0.500000000000
172.959523649076 -49.711711058193 0.866025403784 0.500000000000
-86.079300020715 3.868511800481 0.866025403784 0.500000000000
-138.556568601790 -59.879383543073 0.866025403784 -0.500000000000
22.256292415580 120.601204680032 0.000000000000 1.000000000000
102.940152767312 97.195542597981 0.866025403784 -0.500000000000
-1.323944203990 -58.698118271624 0.000000000000 1.000000000000
141.574606645563 105.451199759592 0.000000000000 1.000000000000
123.734062823455 202.569531634124 0.866025403784 -0.500000000000
46.763930794156 128.182659204526 0.866025403784 -0.500000000000
281.403776105031 198.482811912124 0.866025403784 0.500000000000
