#Configurational_file created 2018-09-14 11:58:49  started 2018-09-14 11:58:49 run for 0.0s steps 0
name: p_736
step: 10000
specie: 20
	particle_diameter: 1.0000000000000000
	interaction_length: 1.2000000000000000
	number_of_patches: 3
	number_of_particles_per_compound: 1
	rod_length: 1.0000000000000000
	interaction_matrix:  1.000000 1.000000 1.000000 1.000000 1.000000 1.000000 1.000000 1.000000 1.000000
	patch_type: symmetric
	patch_width: 8.0000000000000000
	patch_angle: 0.0000000000000000
	angles:  0.000000 0.000000 0.000000
	grand_canonical: 0
	chemical_potential: 0.0000000000000000
box: 41.788926 41.788926
copy: 1.000000 1.000000
epsilon: 0.0083340000000000
end_epsilon: 0.0000000000000000
pressure: 0.0416670000000000
lambda: 0.0000000000000000
lambda_coupling: 1.0000000000000000
uy: 0.0000000000000000
maximum_displacement: 1.0000000000000000
maximum_rotation: 1.0000000000000000
maximum_volume: 1.0000000000000000
maximum_shape: 0.0000001000000000
maximum_dsigma: 0.0100000000000000
mod: 10
pmod: 10
optimize: 1
verbose: 1
snapshot: 0
display: 1
explore: 1
npt: 1
nptxy: 0
nptdxdy: 0
shape: 0
seed: 839623
72.981166420768 -54.023146787499 0.000000000000 1.000000000000
-1.602978279369 175.506376394824 0.000000000000 1.000000000000
-133.353551776349 79.771416768162 0.000000000000 1.000000000000
129.619607115667 102.746028461434 0.866025403784 -0.500000000000
85.320865004512 158.643947989891 0.866025403784 0.500000000000
17.086326491123 70.767136980188 0.866025403784 0.500000000000
289.156508358675 177.215802336929 0.866025403784 0.500000000000
94.052098243314 19.536212002108 0.000000000000 1.000000000000
30.514083865911 -141.602695121870 0.866025403784 -0.500000000000
40.940972509360 18.487319934595 0.000000000000 1.000000000000
-143.594053381561 63.883042972237 0.866025403784 0.500000000000
-136.316011487812 50.241944825149 0.866025403784 0.500000000000
-65.521009728797 54.267476309227 0.000000000000 1.000000000000
82.120925284844 -131.199144423613 0.866025403784 0.500000000000
-199.144004584558 -144.084910787878 0.866025403784 0.500000000000
199.348778549808 -62.798091986341 0.000000000000 1.000000000000
31.166042269635 189.396396600816 0.000000000000 1.000000000000
58.003323924881 46.837491514072 0.866025403784 0.500000000000
-160.933496903472 -60.078703409220 0.866025403784 -0.500000000000
-88.164913393110 -242.032788375195 0.866025403784 0.500000000000
