#Configurational_file created 2018-09-14 12:20:18  started 2018-09-14 12:20:17 run for 1.0s steps 0
name: p_73
step: 10000
specie: 20
	particle_diameter: 1.0000000000000000
	interaction_length: 1.2000000000000000
	number_of_patches: 3
	number_of_particles_per_compound: 1
	rod_length: 1.0000000000000000
	interaction_matrix:  1.000000 1.000000 1.000000 1.000000 1.000000 1.000000 1.000000 1.000000 1.000000
	patch_type: symmetric
	patch_width: 8.0000000000000000
	patch_angle: 0.0000000000000000
	angles:  0.000000 0.000000 0.000000
	grand_canonical: 0
	chemical_potential: 0.0000000000000000
box: 46.800676 46.800676
copy: 1.000000 1.000000
epsilon: 0.9166670000000000
end_epsilon: 0.0000000000000000
pressure: 0.0000010000000000
lambda: 0.0000000000000000
lambda_coupling: 1.0000000000000000
uy: 0.0000000000000000
maximum_displacement: 1.0000000000000000
maximum_rotation: 1.0000000000000000
maximum_volume: 1.0000000000000000
maximum_shape: 0.0000001000000000
maximum_dsigma: 0.0100000000000000
mod: 10
pmod: 10
optimize: 1
verbose: 1
snapshot: 0
display: 1
explore: 1
npt: 1
nptxy: 0
nptdxdy: 0
shape: 0
seed: 85792
226.919098466489 188.243272647505 0.000000000000 1.000000000000
28.160469216376 -177.801459430266 0.866025403784 -0.500000000000
80.123207917993 -73.873473224280 0.866025403784 -0.500000000000
24.863640151212 -39.738357922505 0.866025403784 -0.500000000000
-302.054923183489 -215.745886801737 0.866025403784 -0.500000000000
-46.488591260982 65.833918189924 0.000000000000 1.000000000000
62.364066813226 199.233522409116 0.000000000000 1.000000000000
-323.087239912259 301.424957519448 0.866025403784 -0.500000000000
97.639510308879 -103.590812012837 0.000000000000 1.000000000000
-53.127438859141 -62.502985423860 0.000000000000 1.000000000000
-54.110670429605 50.062363728067 0.866025403784 0.500000000000
199.323450644371 -169.549450161542 0.000000000000 1.000000000000
206.401608589663 -249.661494437076 0.866025403784 0.500000000000
259.192707713288 44.035743654799 0.866025403784 0.500000000000
178.861547644233 -104.964776266056 0.866025403784 0.500000000000
53.304130422186 227.805923669929 0.866025403784 -0.500000000000
216.502737647945 -132.995962969984 0.866025403784 0.500000000000
371.078731374656 -180.316117077609 0.866025403784 0.500000000000
96.803309916771 -133.142908254614 0.866025403784 -0.500000000000
-77.051573489527 -256.210259830328 0.000000000000 1.000000000000
