#Configurational_file created 2018-09-14 11:58:49  started 2018-09-14 11:58:48 run for 1.0s steps 0
name: p_735
step: 10000
specie: 20
	particle_diameter: 1.0000000000000000
	interaction_length: 1.2000000000000000
	number_of_patches: 3
	number_of_particles_per_compound: 1
	rod_length: 1.0000000000000000
	interaction_matrix:  1.000000 1.000000 1.000000 1.000000 1.000000 1.000000 1.000000 1.000000 1.000000
	patch_type: symmetric
	patch_width: 8.0000000000000000
	patch_angle: 0.0000000000000000
	angles:  0.000000 0.000000 0.000000
	grand_canonical: 0
	chemical_potential: 0.0000000000000000
box: 45.762082 45.762082
copy: 1.000000 1.000000
epsilon: 0.0083340000000000
end_epsilon: 0.0000000000000000
pressure: 0.0375010000000000
lambda: 0.0000000000000000
lambda_coupling: 1.0000000000000000
uy: 0.0000000000000000
maximum_displacement: 1.0000000000000000
maximum_rotation: 1.0000000000000000
maximum_volume: 1.0000000000000000
maximum_shape: 0.0000001000000000
maximum_dsigma: 0.0100000000000000
mod: 10
pmod: 10
optimize: 1
verbose: 1
snapshot: 0
display: 1
explore: 1
npt: 1
nptxy: 0
nptdxdy: 0
shape: 0
seed: 838486
-64.940344485194 223.041784272529 0.866025403784 0.500000000000
189.743484331818 206.903633695714 0.866025403784 -0.500000000000
9.311010030451 -155.162627067162 0.866025403784 0.500000000000
111.421895362315 181.896077637935 0.866025403784 -0.500000000000
147.258377031228 -27.559663356088 0.000000000000 1.000000000000
16.061089238467 -100.022059373989 0.000000000000 1.000000000000
107.873903156877 84.205986121048 0.000000000000 1.000000000000
-106.290978491907 120.846573594589 0.000000000000 1.000000000000
-132.707691760153 -336.460565136153 0.866025403784 -0.500000000000
214.291789931289 -88.806195040935 0.000000000000 1.000000000000
103.066755686672 142.853500333522 0.000000000000 1.000000000000
15.270410135232 39.209162976397 0.000000000000 1.000000000000
57.459914281545 45.144571438363 0.866025403784 0.500000000000
32.293657377669 136.625512381545 0.866025403784 -0.500000000000
52.828724818188 76.020611753667 0.000000000000 1.000000000000
178.250216789399 151.335859363273 0.000000000000 1.000000000000
-405.281061458085 -141.505076603544 0.866025403784 0.500000000000
70.957684210225 -39.644131518174 0.866025403784 -0.500000000000
-122.866837904001 126.803170918006 0.000000000000 1.000000000000
126.914135312757 -246.461477605210 0.866025403784 -0.500000000000
