#Configurational_file created 2018-09-14 11:58:45  started 2018-09-14 11:58:44 run for 1.0s steps 0
name: p_730
step: 10000
specie: 20
	particle_diameter: 1.0000000000000000
	interaction_length: 1.2000000000000000
	number_of_patches: 3
	number_of_particles_per_compound: 1
	rod_length: 1.0000000000000000
	interaction_matrix:  1.000000 1.000000 1.000000 1.000000 1.000000 1.000000 1.000000 1.000000 1.000000
	patch_type: symmetric
	patch_width: 8.0000000000000000
	patch_angle: 0.0000000000000000
	angles:  0.000000 0.000000 0.000000
	grand_canonical: 0
	chemical_potential: 0.0000000000000000
box: 43.459252 43.459252
copy: 1.000000 1.000000
epsilon: 0.0083340000000000
end_epsilon: 0.0000000000000000
pressure: 0.0166680000000000
lambda: 0.0000000000000000
lambda_coupling: 1.0000000000000000
uy: 0.0000000000000000
maximum_displacement: 1.0000000000000000
maximum_rotation: 1.0000000000000000
maximum_volume: 1.0000000000000000
maximum_shape: 0.0000001000000000
maximum_dsigma: 0.0100000000000000
mod: 10
pmod: 10
optimize: 1
verbose: 1
snapshot: 0
display: 1
explore: 1
npt: 1
nptxy: 0
nptdxdy: 0
shape: 0
seed: 832801
161.456324343577 185.734878930328 0.866025403784 0.500000000000
170.907113879470 -96.550572435241 0.866025403784 0.500000000000
-113.950315637365 193.956461313304 0.000000000000 1.000000000000
222.615042257953 3.129435803602 0.000000000000 1.000000000000
-19.368961855364 -214.079763589024 0.000000000000 1.000000000000
-125.384686356343 327.427429197811 0.866025403784 -0.500000000000
115.206486944242 224.235490695584 0.000000000000 1.000000000000
19.322275002743 -35.953885290390 0.000000000000 1.000000000000
361.794583616599 172.357568943161 0.866025403784 -0.500000000000
218.693732002961 -270.161521972504 0.866025403784 -0.500000000000
112.010140450280 -16.509960078623 0.000000000000 1.000000000000
-30.601255093172 361.358447875079 0.000000000000 1.000000000000
131.687588796653 -259.645713759808 0.866025403784 -0.500000000000
20.193837071702 332.937955347974 0.000000000000 1.000000000000
-21.813357411991 27.550843437191 0.866025403784 0.500000000000
-76.339682236209 170.533057209333 0.000000000000 1.000000000000
4.600270187675 83.657102230137 0.866025403784 -0.500000000000
394.163087372928 34.635753013113 0.866025403784 -0.500000000000
-40.321349746957 216.737443026728 0.866025403784 0.500000000000
89.965362865131 361.717877215134 0.866025403784 -0.500000000000
