#Configurational_file created 2018-09-14 11:58:47  started 2018-09-14 11:58:47 run for 0.0s steps 0
name: p_733
step: 10000
specie: 20
	particle_diameter: 1.0000000000000000
	interaction_length: 1.2000000000000000
	number_of_patches: 3
	number_of_particles_per_compound: 1
	rod_length: 1.0000000000000000
	interaction_matrix:  1.000000 1.000000 1.000000 1.000000 1.000000 1.000000 1.000000 1.000000 1.000000
	patch_type: symmetric
	patch_width: 8.0000000000000000
	patch_angle: 0.0000000000000000
	angles:  0.000000 0.000000 0.000000
	grand_canonical: 0
	chemical_potential: 0.0000000000000000
box: 53.113874 53.113874
copy: 1.000000 1.000000
epsilon: 0.0083340000000000
end_epsilon: 0.0000000000000000
pressure: 0.0291670000000000
lambda: 0.0000000000000000
lambda_coupling: 1.0000000000000000
uy: 0.0000000000000000
maximum_displacement: 1.0000000000000000
maximum_rotation: 1.0000000000000000
maximum_volume: 1.0000000000000000
maximum_shape: 0.0000001000000000
maximum_dsigma: 0.0100000000000000
mod: 10
pmod: 10
optimize: 1
verbose: 1
snapshot: 0
display: 1
explore: 1
npt: 1
nptxy: 0
nptdxdy: 0
shape: 0
seed: 836212
158.409091078361 6.449574990864 0.866025403784 0.500000000000
132.406377206339 360.788784921811 0.000000000000 1.000000000000
304.852771147048 -54.299112314547 0.866025403784 -0.500000000000
102.185846145486 96.049263144599 0.866025403784 0.500000000000
-182.786003692787 -192.859739848978 0.000000000000 1.000000000000
-106.680288569355 123.715178327174 0.000000000000 1.000000000000
-121.653309640421 -67.207962506712 0.866025403784 0.500000000000
-46.085947565001 151.777379611613 0.000000000000 1.000000000000
-26.222442907232 62.307376485601 0.866025403784 -0.500000000000
-169.015145948158 -7.706142220450 0.866025403784 -0.500000000000
-183.770260669080 35.407648372236 0.866025403784 -0.500000000000
97.141032687123 41.122741093029 0.866025403784 0.500000000000
-96.813815100106 187.807058409389 0.866025403784 0.500000000000
113.517340486786 4.962170586082 0.866025403784 0.500000000000
277.169764930009 -245.848019746806 0.866025403784 0.500000000000
110.534836903672 6.691746258095 0.866025403784 0.500000000000
319.789626900318 37.372574668371 0.866025403784 -0.500000000000
-354.934696767043 81.916785617093 0.866025403784 0.500000000000
51.964697428470 156.912243089895 0.866025403784 -0.500000000000
-45.986023062515 145.790898383583 0.866025403784 -0.500000000000
