#Configurational_file created 2018-09-14 11:31:09  started 2018-09-14 11:31:09 run for 0.0s steps 0
name: p_738
step: 10000
specie: 20
	particle_diameter: 1.0000000000000000
	interaction_length: 1.2000000000000000
	number_of_patches: 3
	number_of_particles_per_compound: 1
	rod_length: 1.0000000000000000
	interaction_matrix:  1.000000 1.000000 1.000000 1.000000 1.000000 1.000000 1.000000 1.000000 1.000000
	patch_type: symmetric
	patch_width: 8.0000000000000000
	patch_angle: 0.0000000000000000
	angles:  0.000000 0.000000 0.000000
	grand_canonical: 0
	chemical_potential: 0.0000000000000000
box: 18.369390 18.369390
copy: 1.000000 1.000000
epsilon: 0.0834170000000000
end_epsilon: 0.0000000000000000
pressure: 1.0000500000000001
lambda: 0.0000000000000000
lambda_coupling: 1.0000000000000000
uy: 0.0000000000000000
maximum_displacement: 1.0000000000000000
maximum_rotation: 1.0000000000000000
maximum_volume: 1.0000000000000000
maximum_shape: 0.0000001000000000
maximum_dsigma: 0.0100000000000000
mod: 10
pmod: 10
optimize: 1
verbose: 1
snapshot: 0
display: 1
explore: 1
npt: 1
nptxy: 0
nptdxdy: 0
shape: 0
seed: 841897
50.754019482616 -109.885285661240 0.000000000000 1.000000000000
5.914504466055 -15.594498358542 0.000000000000 1.000000000000
81.925618160405 -137.692485263973 0.866025403784 -0.500000000000
80.208073200330 69.483561765477 0.000000000000 1.000000000000
-39.937262917271 98.180063567880 0.866025403784 -0.500000000000
-167.438652657873 -48.436827031381 0.866025403784 0.500000000000
134.848190815627 -48.403616231105 0.000000000000 1.000000000000
-30.771405627238 -292.893777318011 0.866025403784 0.500000000000
131.782324560119 -70.527332378454 0.866025403784 0.500000000000
-71.753561789546 195.906092649839 0.866025403784 -0.500000000000
-75.087400375661 11.217691820569 0.866025403784 -0.500000000000
59.735460293568 60.397014512071 0.866025403784 0.500000000000
118.133746613265 176.001446330529 0.866025403784 0.500000000000
-37.846510951744 14.215689562769 0.866025403784 -0.500000000000
84.691463067910 89.605474330514 0.000000000000 1.000000000000
88.500047642343 -27.389401448216 0.866025403784 -0.500000000000
-219.535118834869 84.591329282183 0.000000000000 1.000000000000
-154.175492325200 59.039841535350 0.866025403784 -0.500000000000
89.026141769177 -72.374618085551 0.866025403784 0.500000000000
175.769379870459 -155.484782519404 0.000000000000 1.000000000000
