#Configurational_file created 2018-09-14 11:31:06  started 2018-09-14 11:31:05 run for 1.0s steps 0
name: p_733
step: 10000
specie: 20
	particle_diameter: 1.0000000000000000
	interaction_length: 1.2000000000000000
	number_of_patches: 3
	number_of_particles_per_compound: 1
	rod_length: 1.0000000000000000
	interaction_matrix:  1.000000 1.000000 1.000000 1.000000 1.000000 1.000000 1.000000 1.000000 1.000000
	patch_type: symmetric
	patch_width: 8.0000000000000000
	patch_angle: 0.0000000000000000
	angles:  0.000000 0.000000 0.000000
	grand_canonical: 0
	chemical_potential: 0.0000000000000000
box: 21.329331 21.329331
copy: 1.000000 1.000000
epsilon: 0.0834170000000000
end_epsilon: 0.0000000000000000
pressure: 0.5834040000000000
lambda: 0.0000000000000000
lambda_coupling: 1.0000000000000000
uy: 0.0000000000000000
maximum_displacement: 1.0000000000000000
maximum_rotation: 1.0000000000000000
maximum_volume: 1.0000000000000000
maximum_shape: 0.0000001000000000
maximum_dsigma: 0.0100000000000000
mod: 10
pmod: 10
optimize: 1
verbose: 1
snapshot: 0
display: 1
explore: 1
npt: 1
nptxy: 0
nptdxdy: 0
shape: 0
seed: 836212
-104.559227531252 -181.374594512365 0.000000000000 1.000000000000
-178.861328369977 182.354063949244 0.866025403784 -0.500000000000
130.696338593125 -3.751646954122 0.866025403784 -0.500000000000
55.421489384596 128.697251944010 0.866025403784 0.500000000000
-25.255979663354 -87.602742115198 0.866025403784 -0.500000000000
-14.886532711563 15.568336540455 0.000000000000 1.000000000000
-178.568722649198 -143.647062057711 0.866025403784 -0.500000000000
-16.733347702274 -132.659953793960 0.000000000000 1.000000000000
-1.362413466754 -67.452034174835 0.866025403784 0.500000000000
49.659249184179 -41.026057717780 0.866025403784 0.500000000000
-25.099996241844 -160.572687859709 0.866025403784 -0.500000000000
215.482042606940 -121.003141689878 0.866025403784 0.500000000000
126.460262591186 205.247504872374 0.000000000000 1.000000000000
-7.883820278537 -12.249211890160 0.000000000000 1.000000000000
116.058007336174 -251.256993012518 0.866025403784 0.500000000000
-3.505448181446 39.754952389559 0.866025403784 0.500000000000
13.249574501843 128.002838466964 0.000000000000 1.000000000000
-12.707374790733 201.979600682037 0.866025403784 0.500000000000
-26.718750272690 11.016103921443 0.866025403784 0.500000000000
256.837374820688 301.636419838998 0.866025403784 0.500000000000
