#Configurational_file created 2018-09-14 11:31:08  started 2018-09-14 11:31:07 run for 1.0s steps 0
name: p_736
step: 10000
specie: 20
	particle_diameter: 1.0000000000000000
	interaction_length: 1.2000000000000000
	number_of_patches: 3
	number_of_particles_per_compound: 1
	rod_length: 1.0000000000000000
	interaction_matrix:  1.000000 1.000000 1.000000 1.000000 1.000000 1.000000 1.000000 1.000000 1.000000
	patch_type: symmetric
	patch_width: 8.0000000000000000
	patch_angle: 0.0000000000000000
	angles:  0.000000 0.000000 0.000000
	grand_canonical: 0
	chemical_potential: 0.0000000000000000
box: 16.885365 16.885365
copy: 1.000000 1.000000
epsilon: 0.0834170000000000
end_epsilon: 0.0000000000000000
pressure: 0.8333920000000000
lambda: 0.0000000000000000
lambda_coupling: 1.0000000000000000
uy: 0.0000000000000000
maximum_displacement: 1.0000000000000000
maximum_rotation: 1.0000000000000000
maximum_volume: 1.0000000000000000
maximum_shape: 0.0000001000000000
maximum_dsigma: 0.0100000000000000
mod: 10
pmod: 10
optimize: 1
verbose: 1
snapshot: 0
display: 1
explore: 1
npt: 1
nptxy: 0
nptdxdy: 0
shape: 0
seed: 839623
-4.414349645333 -60.553774223768 0.000000000000 1.000000000000
-63.345113636762 35.157872181800 0.866025403784 0.500000000000
63.963252853241 -108.071493206642 0.866025403784 0.500000000000
-6.290103619862 -63.256298018313 0.866025403784 0.500000000000
-103.289796007785 -99.719506808816 0.866025403784 0.500000000000
11.640967480902 -76.131749429947 0.866025403784 -0.500000000000
-172.952764780196 198.173969555440 0.866025403784 -0.500000000000
37.012776237963 -70.644238332082 0.866025403784 0.500000000000
110.946100558251 -1.333480054679 0.866025403784 -0.500000000000
-42.456850778240 138.713540115514 0.000000000000 1.000000000000
83.675763661056 102.117421299704 0.866025403784 0.500000000000
-71.543004255979 131.993499676553 0.866025403784 -0.500000000000
152.326069301876 117.244638000340 0.000000000000 1.000000000000
150.626058630973 -114.875273771932 0.866025403784 0.500000000000
-5.503300126917 67.891322743291 0.000000000000 1.000000000000
-127.855089765522 -131.563696274222 0.866025403784 0.500000000000
-118.481892478636 -142.128311278334 0.000000000000 1.000000000000
165.656450283640 99.283469767927 0.000000000000 1.000000000000
-95.994444541266 -84.751125602527 0.866025403784 0.500000000000
-43.488828958182 -209.409215310561 0.866025403784 -0.500000000000
