#Configurational_file created 2018-09-14 11:58:55  started 2018-09-14 11:58:55 run for 0.0s steps 0
name: p_744
step: 10000
specie: 20
	particle_diameter: 1.0000000000000000
	interaction_length: 1.2000000000000000
	number_of_patches: 3
	number_of_particles_per_compound: 1
	rod_length: 1.0000000000000000
	interaction_matrix:  1.000000 1.000000 1.000000 1.000000 1.000000 1.000000 1.000000 1.000000 1.000000
	patch_type: symmetric
	patch_width: 8.0000000000000000
	patch_angle: 0.0000000000000000
	angles:  0.000000 0.000000 0.000000
	grand_canonical: 0
	chemical_potential: 0.0000000000000000
box: 51.484023 51.484023
copy: 1.000000 1.000000
epsilon: 0.0083340000000000
end_epsilon: 0.0000000000000000
pressure: 0.0750000000000000
lambda: 0.0000000000000000
lambda_coupling: 1.0000000000000000
uy: 0.0000000000000000
maximum_displacement: 1.0000000000000000
maximum_rotation: 1.0000000000000000
maximum_volume: 1.0000000000000000
maximum_shape: 0.0000001000000000
maximum_dsigma: 0.0100000000000000
mod: 10
pmod: 10
optimize: 1
verbose: 1
snapshot: 0
display: 1
explore: 1
npt: 1
nptxy: 0
nptdxdy: 0
shape: 0
seed: 848719
-66.932246276892 -291.486423931243 0.866025403784 0.500000000000
-141.566470844668 -342.231814487514 0.000000000000 1.000000000000
-182.398951547029 -265.991707528213 0.000000000000 1.000000000000
-144.377047997027 -40.874727695613 0.866025403784 -0.500000000000
71.927630256735 131.891734453085 0.866025403784 -0.500000000000
-207.957224911254 -33.290481499927 0.866025403784 -0.500000000000
-215.130630993003 -156.918958453121 0.866025403784 0.500000000000
-276.745595782595 -322.247994164181 0.866025403784 -0.500000000000
-308.636512312844 -60.187077875544 0.000000000000 1.000000000000
307.438002527191 71.271061606659 0.000000000000 1.000000000000
-307.340277918092 -145.977308258340 0.866025403784 -0.500000000000
-6.811332149315 59.361771016200 0.866025403784 -0.500000000000
-45.769259058565 153.988601081767 0.866025403784 -0.500000000000
101.015793677184 182.798333634594 0.866025403784 -0.500000000000
338.979007871836 139.270426815750 0.866025403784 0.500000000000
261.268141156900 91.096227205968 0.866025403784 0.500000000000
249.251575333273 128.061834998448 0.866025403784 0.500000000000
-122.160203012840 -137.790359921168 0.866025403784 0.500000000000
-279.483840892213 109.481962263052 0.000000000000 1.000000000000
-212.737051614248 -32.292818303624 0.000000000000 1.000000000000
