#Configurational_file created 2018-09-14 11:31:11  started 2018-09-14 11:31:10 run for 1.0s steps 0
name: p_740
step: 10000
specie: 20
	particle_diameter: 1.0000000000000000
	interaction_length: 1.2000000000000000
	number_of_patches: 3
	number_of_particles_per_compound: 1
	rod_length: 1.0000000000000000
	interaction_matrix:  1.000000 1.000000 1.000000 1.000000 1.000000 1.000000 1.000000 1.000000 1.000000
	patch_type: symmetric
	patch_width: 8.0000000000000000
	patch_angle: 0.0000000000000000
	angles:  0.000000 0.000000 0.000000
	grand_canonical: 0
	chemical_potential: 0.0000000000000000
box: 15.831049 15.831049
copy: 1.000000 1.000000
epsilon: 0.0834170000000000
end_epsilon: 0.0000000000000000
pressure: 1.1667080000000001
lambda: 0.0000000000000000
lambda_coupling: 1.0000000000000000
uy: 0.0000000000000000
maximum_displacement: 1.0000000000000000
maximum_rotation: 1.0000000000000000
maximum_volume: 1.0000000000000000
maximum_shape: 0.0000001000000000
maximum_dsigma: 0.0100000000000000
mod: 10
pmod: 10
optimize: 1
verbose: 1
snapshot: 0
display: 1
explore: 1
npt: 1
nptxy: 0
nptdxdy: 0
shape: 0
seed: 844171
-38.928931309431 113.735778937602 0.866025403784 0.500000000000
-64.604587622197 -173.199259057861 0.866025403784 0.500000000000
17.676526254257 -55.822260801395 0.866025403784 -0.500000000000
69.784817988860 -29.869287818638 0.000000000000 1.000000000000
-244.833077202800 -167.189864041810 0.866025403784 -0.500000000000
-17.757845248699 -86.575521780800 0.866025403784 -0.500000000000
-0.625689936657 -2.350018179437 0.866025403784 -0.500000000000
54.548824489702 7.463399953391 0.866025403784 -0.500000000000
96.292383244142 54.105297475866 0.000000000000 1.000000000000
110.271029695816 58.468134240082 0.866025403784 0.500000000000
-52.653516466476 -130.287636405235 0.866025403784 -0.500000000000
-24.237270776213 59.706809711612 0.866025403784 -0.500000000000
51.277957417810 -67.569045181838 0.000000000000 1.000000000000
-95.558118564950 123.066942737935 0.866025403784 0.500000000000
-41.043504503518 41.425257745965 0.000000000000 1.000000000000
75.065054432163 178.815224495344 0.000000000000 1.000000000000
-138.206169280889 55.698125388146 0.866025403784 0.500000000000
-181.087140143817 194.265488035883 0.866025403784 -0.500000000000
63.900715942311 74.803312157251 0.866025403784 0.500000000000
235.962110227944 -13.548774800062 0.866025403784 0.500000000000
