#Configurational_file created 2018-09-14 11:31:13  started 2018-09-14 11:31:12 run for 1.0s steps 0
name: p_743
step: 10000
specie: 20
	particle_diameter: 1.0000000000000000
	interaction_length: 1.2000000000000000
	number_of_patches: 3
	number_of_particles_per_compound: 1
	rod_length: 1.0000000000000000
	interaction_matrix:  1.000000 1.000000 1.000000 1.000000 1.000000 1.000000 1.000000 1.000000 1.000000
	patch_type: symmetric
	patch_width: 8.0000000000000000
	patch_angle: 0.0000000000000000
	angles:  0.000000 0.000000 0.000000
	grand_canonical: 0
	chemical_potential: 0.0000000000000000
box: 14.783208 14.783208
copy: 1.000000 1.000000
epsilon: 0.0834170000000000
end_epsilon: 0.0000000000000000
pressure: 1.4166960000000000
lambda: 0.0000000000000000
lambda_coupling: 1.0000000000000000
uy: 0.0000000000000000
maximum_displacement: 1.0000000000000000
maximum_rotation: 1.0000000000000000
maximum_volume: 1.0000000000000000
maximum_shape: 0.0000001000000000
maximum_dsigma: 0.0100000000000000
mod: 10
pmod: 10
optimize: 1
verbose: 1
snapshot: 0
display: 1
explore: 1
npt: 1
nptxy: 0
nptdxdy: 0
shape: 0
seed: 847582
33.098314054326 -137.486733567306 0.000000000000 1.000000000000
-93.871748060940 29.346735694959 0.000000000000 1.000000000000
-68.610292152134 140.914164031652 0.866025403784 -0.500000000000
92.826175860602 38.052812042524 0.866025403784 -0.500000000000
-3.378842881153 71.020163914512 0.000000000000 1.000000000000
111.402587051808 56.914012114965 0.866025403784 -0.500000000000
76.466258447160 7.950271920210 0.000000000000 1.000000000000
90.267451640311 -109.621500185682 0.866025403784 -0.500000000000
0.195258237222 -44.655033636172 0.000000000000 1.000000000000
45.444998374122 53.925660979440 0.866025403784 -0.500000000000
14.406068606116 153.868785134161 0.000000000000 1.000000000000
-31.086779921020 -122.616039261766 0.866025403784 -0.500000000000
110.649488418294 140.407441236547 0.866025403784 0.500000000000
-54.238211384106 51.166763025340 0.866025403784 0.500000000000
-157.743291494887 -14.770394176308 0.866025403784 -0.500000000000
-93.625877783656 -81.750661553806 0.866025403784 0.500000000000
-70.536085664526 149.007416820903 0.866025403784 0.500000000000
1.510088291202 56.058341042706 0.866025403784 -0.500000000000
98.337761882781 40.738922827139 0.866025403784 0.500000000000
109.953776506579 117.184836955141 0.866025403784 -0.500000000000
