#Configurational_file created 2018-09-14 11:31:16  started 2018-09-14 11:31:15 run for 1.0s steps 0
name: p_747
step: 10000
specie: 20
	particle_diameter: 1.0000000000000000
	interaction_length: 1.2000000000000000
	number_of_patches: 3
	number_of_particles_per_compound: 1
	rod_length: 1.0000000000000000
	interaction_matrix:  1.000000 1.000000 1.000000 1.000000 1.000000 1.000000 1.000000 1.000000 1.000000
	patch_type: symmetric
	patch_width: 8.0000000000000000
	patch_angle: 0.0000000000000000
	angles:  0.000000 0.000000 0.000000
	grand_canonical: 0
	chemical_potential: 0.0000000000000000
box: 11.465129 11.465129
copy: 1.000000 1.000000
epsilon: 0.0834170000000000
end_epsilon: 0.0000000000000000
pressure: 1.7500119999999999
lambda: 0.0000000000000000
lambda_coupling: 1.0000000000000000
uy: 0.0000000000000000
maximum_displacement: 1.0000000000000000
maximum_rotation: 1.0000000000000000
maximum_volume: 1.0000000000000000
maximum_shape: 0.0000001000000000
maximum_dsigma: 0.0100000000000000
mod: 10
pmod: 10
optimize: 1
verbose: 1
snapshot: 0
display: 1
explore: 1
npt: 1
nptxy: 0
nptdxdy: 0
shape: 0
seed: 852130
-17.233624277996 -3.781346010901 0.866025403784 -0.500000000000
83.547007825818 -21.053929666562 0.866025403784 -0.500000000000
-57.843221450107 40.969338972635 0.866025403784 -0.500000000000
85.146087825940 40.100201850609 0.866025403784 0.500000000000
85.152432882776 29.542945847697 0.866025403784 -0.500000000000
1.359979518666 -120.543829291037 0.866025403784 0.500000000000
-87.965521405735 -23.221512304507 0.866025403784 0.500000000000
98.816047546035 -14.538921747370 0.866025403784 0.500000000000
-58.106672683796 28.419105661215 0.000000000000 1.000000000000
19.372273697839 -236.336535224811 0.000000000000 1.000000000000
71.415630112754 15.641464174336 0.866025403784 0.500000000000
-103.877758899711 36.748227460899 0.866025403784 0.500000000000
-2.873733059465 6.030810473434 0.866025403784 0.500000000000
-63.165490007017 -44.036152260718 0.000000000000 1.000000000000
29.776141580174 4.720236259894 0.866025403784 0.500000000000
-26.041523053777 68.534032967317 0.000000000000 1.000000000000
57.048274175009 -75.981840235421 0.000000000000 1.000000000000
-47.788322643289 -125.875812218700 0.866025403784 -0.500000000000
-55.365164392765 -49.392071730131 0.866025403784 0.500000000000
94.663263329671 67.608396505850 0.866025403784 0.500000000000
