#Configurational_file created 2018-09-14 11:31:14  started 2018-09-14 11:31:13 run for 1.0s steps 0
name: p_744
step: 10000
specie: 20
	particle_diameter: 1.0000000000000000
	interaction_length: 1.2000000000000000
	number_of_patches: 3
	number_of_particles_per_compound: 1
	rod_length: 1.0000000000000000
	interaction_matrix:  1.000000 1.000000 1.000000 1.000000 1.000000 1.000000 1.000000 1.000000 1.000000
	patch_type: symmetric
	patch_width: 8.0000000000000000
	patch_angle: 0.0000000000000000
	angles:  0.000000 0.000000 0.000000
	grand_canonical: 0
	chemical_potential: 0.0000000000000000
box: 14.914092 14.914092
copy: 1.000000 1.000000
epsilon: 0.0834170000000000
end_epsilon: 0.0000000000000000
pressure: 1.5000249999999999
lambda: 0.0000000000000000
lambda_coupling: 1.0000000000000000
uy: 0.0000000000000000
maximum_displacement: 1.0000000000000000
maximum_rotation: 1.0000000000000000
maximum_volume: 1.0000000000000000
maximum_shape: 0.0000001000000000
maximum_dsigma: 0.0100000000000000
mod: 10
pmod: 10
optimize: 1
verbose: 1
snapshot: 0
display: 1
explore: 1
npt: 1
nptxy: 0
nptdxdy: 0
shape: 0
seed: 848719
-77.797592744972 87.184623155923 0.866025403784 -0.500000000000
0.040570259922 -101.779790350733 0.000000000000 1.000000000000
-77.518775402238 -32.969212763406 0.000000000000 1.000000000000
-48.542164747516 184.231169932924 0.866025403784 0.500000000000
-18.987501060494 82.860539723283 0.866025403784 0.500000000000
-48.205164951254 -46.014619831216 0.866025403784 -0.500000000000
14.490490100944 -49.718266822459 0.866025403784 0.500000000000
6.013214213122 89.447996315797 0.866025403784 -0.500000000000
-70.619625642542 105.999292303531 0.866025403784 0.500000000000
-278.140342548646 102.935424484619 0.866025403784 0.500000000000
-128.181074731849 40.022632711158 0.866025403784 0.500000000000
-44.320170831381 79.336340453043 0.000000000000 1.000000000000
45.192533596306 6.004049173169 0.000000000000 1.000000000000
-1.502057855287 101.650545034018 0.866025403784 0.500000000000
192.899908345438 -41.196444142887 0.866025403784 0.500000000000
-159.555095445384 80.857616809538 0.000000000000 1.000000000000
-45.611044273946 41.631627159331 0.000000000000 1.000000000000
-171.954367429077 -29.438473784067 0.000000000000 1.000000000000
-93.494133109154 45.668312739875 0.000000000000 1.000000000000
14.043649900775 -290.241228024827 0.866025403784 -0.500000000000
