#Configurational_file created 2018-09-14 11:06:22  started 2018-09-14 11:06:21 run for 1.0s steps 0
name: p_74
step: 10000
specie: 20
	particle_diameter: 1.0000000000000000
	interaction_length: 1.2000000000000000
	number_of_patches: 3
	number_of_particles_per_compound: 1
	rod_length: 1.0000000000000000
	interaction_matrix:  1.000000 1.000000 1.000000 1.000000 1.000000 1.000000 1.000000 1.000000 1.000000
	patch_type: symmetric
	patch_width: 8.0000000000000000
	patch_angle: 0.0000000000000000
	angles:  0.000000 0.000000 0.000000
	grand_canonical: 0
	chemical_potential: 0.0000000000000000
box: 27.595603 27.595603
copy: 1.000000 1.000000
epsilon: 0.0715140000000000
end_epsilon: 0.0000000000000000
pressure: 0.2858000000000000
lambda: 0.0000000000000000
lambda_coupling: 1.0000000000000000
uy: 0.0000000000000000
maximum_displacement: 1.0000000000000000
maximum_rotation: 1.0000000000000000
maximum_volume: 1.0000000000000000
maximum_shape: 0.0000001000000000
maximum_dsigma: 0.0100000000000000
mod: 10
pmod: 10
optimize: 1
verbose: 1
snapshot: 0
display: 1
explore: 1
npt: 1
nptxy: 0
nptdxdy: 0
shape: 0
seed: 87008
119.320427555472 82.220066836001 0.000000000000 1.000000000000
151.652285590042 -109.106625714899 0.866025403784 0.500000000000
27.255339087352 77.347994709827 0.866025403784 -0.500000000000
-140.723652687767 130.406322757930 0.000000000000 1.000000000000
226.457596292961 107.032017553679 0.000000000000 1.000000000000
179.743434860309 -32.265785323180 0.866025403784 0.500000000000
-33.002101258855 172.773321472905 0.866025403784 0.500000000000
44.553861856161 98.182286729905 0.000000000000 1.000000000000
-302.884932423252 240.204786184454 0.866025403784 0.500000000000
-167.159743815215 -59.427258994803 0.866025403784 -0.500000000000
-86.341042743255 90.010731449661 0.866025403784 -0.500000000000
31.239112953993 -177.099372320084 0.866025403784 0.500000000000
-49.059644801946 -4.468658754028 0.000000000000 1.000000000000
-13.381427089201 -233.501708369299 0.000000000000 1.000000000000
-40.055226840366 178.689142311530 0.866025403784 -0.500000000000
21.783143097074 317.307458047357 0.866025403784 0.500000000000
125.910619123927 34.567706610184 0.866025403784 0.500000000000
72.930151575971 48.745140752203 0.866025403784 -0.500000000000
66.833989486705 22.067694687240 0.866025403784 -0.500000000000
-105.502086767915 273.845932481584 0.866025403784 -0.500000000000
