#Configurational_file created 2018-09-14 12:20:18  started 2018-09-14 12:20:18 run for 0.0s steps 0
name: p_74
step: 10000
specie: 20
	particle_diameter: 1.0000000000000000
	interaction_length: 1.2000000000000000
	number_of_patches: 3
	number_of_particles_per_compound: 1
	rod_length: 1.0000000000000000
	interaction_matrix:  1.000000 1.000000 1.000000 1.000000 1.000000 1.000000 1.000000 1.000000 1.000000
	patch_type: symmetric
	patch_width: 8.0000000000000000
	patch_angle: 0.0000000000000000
	angles:  0.000000 0.000000 0.000000
	grand_canonical: 0
	chemical_potential: 0.0000000000000000
box: 15.469321 15.469321
copy: 1.000000 1.000000
epsilon: 0.9166670000000000
end_epsilon: 0.0000000000000000
pressure: 0.1000000000000000
lambda: 0.0000000000000000
lambda_coupling: 1.0000000000000000
uy: 0.0000000000000000
maximum_displacement: 1.0000000000000000
maximum_rotation: 1.0000000000000000
maximum_volume: 1.0000000000000000
maximum_shape: 0.0000001000000000
maximum_dsigma: 0.0100000000000000
mod: 10
pmod: 10
optimize: 1
verbose: 1
snapshot: 0
display: 1
explore: 1
npt: 1
nptxy: 0
nptdxdy: 0
shape: 0
seed: 86929
93.473574429149 65.566707977629 0.866025403784 0.500000000000
-10.841754744066 13.779393063195 0.000000000000 1.000000000000
-57.410356874761 42.385434540410 0.000000000000 1.000000000000
226.924029657746 -52.537381420751 0.866025403784 -0.500000000000
4.502890084387 24.045404021727 0.866025403784 -0.500000000000
71.105377050007 -53.613092448453 0.000000000000 1.000000000000
78.535427618723 -77.074966212090 0.866025403784 -0.500000000000
-139.115862493012 130.197327145810 0.000000000000 1.000000000000
-121.873895978611 76.101125180112 0.000000000000 1.000000000000
-26.972119779739 4.291517236266 0.866025403784 0.500000000000
77.500710467134 -218.732982720186 0.000000000000 1.000000000000
-123.811214902600 38.612326121940 0.866025403784 0.500000000000
-50.450644847133 82.835962294084 0.866025403784 -0.500000000000
45.660742971956 40.546277144044 0.866025403784 0.500000000000
-101.972482152958 39.499760614910 0.866025403784 0.500000000000
134.819038292318 -38.839965249793 0.866025403784 -0.500000000000
5.268169212246 -169.704763826129 0.866025403784 -0.500000000000
-46.400798188521 -13.239197603594 0.000000000000 1.000000000000
-106.511749055541 -132.506671561159 0.000000000000 1.000000000000
-155.224076840500 -106.367009768368 0.866025403784 -0.500000000000
