#Configurational_file created 2018-09-14 11:58:54  started 2018-09-14 11:58:53 run for 1.0s steps 0
name: p_742
step: 10000
specie: 20
	particle_diameter: 1.0000000000000000
	interaction_length: 1.2000000000000000
	number_of_patches: 3
	number_of_particles_per_compound: 1
	rod_length: 1.0000000000000000
	interaction_matrix:  1.000000 1.000000 1.000000 1.000000 1.000000 1.000000 1.000000 1.000000 1.000000
	patch_type: symmetric
	patch_width: 8.0000000000000000
	patch_angle: 0.0000000000000000
	angles:  0.000000 0.000000 0.000000
	grand_canonical: 0
	chemical_potential: 0.0000000000000000
box: 48.536354 48.536354
copy: 1.000000 1.000000
epsilon: 0.0083340000000000
end_epsilon: 0.0000000000000000
pressure: 0.0666670000000000
lambda: 0.0000000000000000
lambda_coupling: 1.0000000000000000
uy: 0.0000000000000000
maximum_displacement: 1.0000000000000000
maximum_rotation: 1.0000000000000000
maximum_volume: 1.0000000000000000
maximum_shape: 0.0000001000000000
maximum_dsigma: 0.0100000000000000
mod: 10
pmod: 10
optimize: 1
verbose: 1
snapshot: 0
display: 1
explore: 1
npt: 1
nptxy: 0
nptdxdy: 0
shape: 0
seed: 846445
120.275673009179 33.567245819419 0.000000000000 1.000000000000
-28.948363639389 -221.489381256592 0.866025403784 -0.500000000000
-403.832191304573 -102.156837883782 0.866025403784 -0.500000000000
13.290262363703 157.933803111583 0.000000000000 1.000000000000
-170.267467450674 -3.060933231274 0.866025403784 0.500000000000
-1.416177246474 94.413470812858 0.866025403784 0.500000000000
244.890761824372 48.953760412672 0.866025403784 0.500000000000
207.684454947133 34.089873423288 0.866025403784 -0.500000000000
-123.792585326278 87.548177705201 0.866025403784 0.500000000000
-19.332935264617 189.381527433516 0.866025403784 0.500000000000
-231.560992793845 -60.027189358183 0.866025403784 -0.500000000000
-148.201628409158 234.904434489732 0.000000000000 1.000000000000
-161.529495245516 217.011825816063 0.866025403784 -0.500000000000
168.264301956301 -64.747233665025 0.000000000000 1.000000000000
-40.417633294839 -362.105017640065 0.866025403784 -0.500000000000
224.774891871101 19.527840197689 0.866025403784 0.500000000000
350.285578056136 58.919238246348 0.866025403784 -0.500000000000
40.308593400006 4.250230160143 0.000000000000 1.000000000000
301.346409163310 21.163591549430 0.866025403784 -0.500000000000
-73.338069784144 -133.021183106375 0.866025403784 -0.500000000000
