#Configurational_file created 2018-09-14 11:58:53  started 2018-09-14 11:58:52 run for 1.0s steps 0
name: p_741
step: 10000
specie: 20
	particle_diameter: 1.0000000000000000
	interaction_length: 1.2000000000000000
	number_of_patches: 3
	number_of_particles_per_compound: 1
	rod_length: 1.0000000000000000
	interaction_matrix:  1.000000 1.000000 1.000000 1.000000 1.000000 1.000000 1.000000 1.000000 1.000000
	patch_type: symmetric
	patch_width: 8.0000000000000000
	patch_angle: 0.0000000000000000
	angles:  0.000000 0.000000 0.000000
	grand_canonical: 0
	chemical_potential: 0.0000000000000000
box: 48.926110 48.926110
copy: 1.000000 1.000000
epsilon: 0.0083340000000000
end_epsilon: 0.0000000000000000
pressure: 0.0625000000000000
lambda: 0.0000000000000000
lambda_coupling: 1.0000000000000000
uy: 0.0000000000000000
maximum_displacement: 1.0000000000000000
maximum_rotation: 1.0000000000000000
maximum_volume: 1.0000000000000000
maximum_shape: 0.0000001000000000
maximum_dsigma: 0.0100000000000000
mod: 10
pmod: 10
optimize: 1
verbose: 1
snapshot: 0
display: 1
explore: 1
npt: 1
nptxy: 0
nptdxdy: 0
shape: 0
seed: 845308
292.559505843880 27.108534243180 0.866025403784 0.500000000000
108.681038586147 149.849603596036 0.000000000000 1.000000000000
-100.492610132475 238.922194674622 0.000000000000 1.000000000000
268.852884105017 441.428544324979 0.000000000000 1.000000000000
299.648800569612 257.689418105576 0.866025403784 -0.500000000000
109.406314658317 -208.079507043864 0.866025403784 0.500000000000
-147.578510734270 260.157413392240 0.866025403784 0.500000000000
205.762716713375 -443.168000627586 0.000000000000 1.000000000000
-58.188411987559 56.149335875601 0.866025403784 -0.500000000000
-50.178144953992 185.458879610690 0.866025403784 0.500000000000
-100.564920139592 14.389232153327 0.866025403784 -0.500000000000
-182.405305014211 -61.062982860791 0.866025403784 0.500000000000
-10.654874148132 -237.647459542809 0.866025403784 -0.500000000000
199.172082865521 75.831892124211 0.000000000000 1.000000000000
-76.342265160885 485.961948227882 0.000000000000 1.000000000000
-80.909819348453 -36.048575537736 0.866025403784 0.500000000000
360.551358643242 52.337046435248 0.000000000000 1.000000000000
48.458313023699 -13.661172683939 0.866025403784 -0.500000000000
263.820764214666 196.900010619205 0.000000000000 1.000000000000
101.699720938171 12.333837643157 0.866025403784 -0.500000000000
