#Configurational_file created 2018-09-14 11:58:59  started 2018-09-14 11:58:58 run for 1.0s steps 0
name: p_749
step: 10000
specie: 20
	particle_diameter: 1.0000000000000000
	interaction_length: 1.2000000000000000
	number_of_patches: 3
	number_of_particles_per_compound: 1
	rod_length: 1.0000000000000000
	interaction_matrix:  1.000000 1.000000 1.000000 1.000000 1.000000 1.000000 1.000000 1.000000 1.000000
	patch_type: symmetric
	patch_width: 8.0000000000000000
	patch_angle: 0.0000000000000000
	angles:  0.000000 0.000000 0.000000
	grand_canonical: 0
	chemical_potential: 0.0000000000000000
box: 45.288388 45.288388
copy: 1.000000 1.000000
epsilon: 0.0083340000000000
end_epsilon: 0.0000000000000000
pressure: 0.0958330000000000
lambda: 0.0000000000000000
lambda_coupling: 1.0000000000000000
uy: 0.0000000000000000
maximum_displacement: 1.0000000000000000
maximum_rotation: 1.0000000000000000
maximum_volume: 1.0000000000000000
maximum_shape: 0.0000001000000000
maximum_dsigma: 0.0100000000000000
mod: 10
pmod: 10
optimize: 1
verbose: 1
snapshot: 0
display: 1
explore: 1
npt: 1
nptxy: 0
nptdxdy: 0
shape: 0
seed: 854404
6.952768344085 356.300413377946 0.866025403784 0.500000000000
-99.967368053494 163.107048080664 0.866025403784 -0.500000000000
-92.556823258892 96.357932325608 0.866025403784 -0.500000000000
360.932339016174 -109.816738423102 0.866025403784 0.500000000000
55.249505652705 -90.438492807765 0.866025403784 -0.500000000000
132.256996964884 26.420340900613 0.866025403784 -0.500000000000
244.925888439842 226.379150700969 0.000000000000 1.000000000000
175.708841831598 96.661347535613 0.000000000000 1.000000000000
202.828754304305 -101.974047509697 0.000000000000 1.000000000000
138.001385550999 -113.606685706335 0.866025403784 0.500000000000
95.489710322830 67.976720456953 0.000000000000 1.000000000000
45.343643326182 58.781018298513 0.866025403784 0.500000000000
286.385966781475 59.017372057370 0.000000000000 1.000000000000
-57.639683928421 -186.764995121581 0.866025403784 -0.500000000000
-1.308266181425 150.350853805073 0.000000000000 1.000000000000
-256.902780921831 69.656648445784 0.866025403784 0.500000000000
-158.121692603961 138.680608342559 0.866025403784 0.500000000000
-115.567939553625 177.705377701472 0.866025403784 0.500000000000
-283.889527458866 -229.532077636022 0.000000000000 1.000000000000
451.255836631101 3.276087085314 0.000000000000 1.000000000000
