#Configurational_file created 2018-09-14 11:31:16  started 2018-09-14 11:31:16 run for 0.0s steps 0
name: p_748
step: 10000
specie: 20
	particle_diameter: 1.0000000000000000
	interaction_length: 1.2000000000000000
	number_of_patches: 3
	number_of_particles_per_compound: 1
	rod_length: 1.0000000000000000
	interaction_matrix:  1.000000 1.000000 1.000000 1.000000 1.000000 1.000000 1.000000 1.000000 1.000000
	patch_type: symmetric
	patch_width: 8.0000000000000000
	patch_angle: 0.0000000000000000
	angles:  0.000000 0.000000 0.000000
	grand_canonical: 0
	chemical_potential: 0.0000000000000000
box: 13.124927 13.124927
copy: 1.000000 1.000000
epsilon: 0.0834170000000000
end_epsilon: 0.0000000000000000
pressure: 1.8333420000000000
lambda: 0.0000000000000000
lambda_coupling: 1.0000000000000000
uy: 0.0000000000000000
maximum_displacement: 1.0000000000000000
maximum_rotation: 1.0000000000000000
maximum_volume: 1.0000000000000000
maximum_shape: 0.0000001000000000
maximum_dsigma: 0.0100000000000000
mod: 10
pmod: 10
optimize: 1
verbose: 1
snapshot: 0
display: 1
explore: 1
npt: 1
nptxy: 0
nptdxdy: 0
shape: 0
seed: 853267
48.717456439396 82.170001904186 0.866025403784 -0.500000000000
31.591775226203 -18.703061111410 0.000000000000 1.000000000000
63.749920046162 -61.628716944977 0.866025403784 -0.500000000000
-48.923531142723 89.357693620050 0.866025403784 0.500000000000
34.273003322282 108.495673487720 0.866025403784 -0.500000000000
141.343448914631 -56.660229979008 0.866025403784 -0.500000000000
-61.953425473409 98.788751369308 0.000000000000 1.000000000000
8.867864726580 94.386512020106 0.866025403784 -0.500000000000
-5.315973830065 53.195946698590 0.866025403784 -0.500000000000
-232.926557080212 -96.872050617942 0.866025403784 -0.500000000000
-21.819758285139 -76.459947146800 0.866025403784 -0.500000000000
93.844537544632 100.057543920151 0.000000000000 1.000000000000
30.631260829667 145.823670089103 0.000000000000 1.000000000000
41.449045955394 -82.820259316436 0.866025403784 0.500000000000
28.103315160976 17.601592494723 0.866025403784 -0.500000000000
-23.838999476563 119.844903453316 0.866025403784 -0.500000000000
102.922499599643 101.809110651274 0.866025403784 0.500000000000
73.543433328507 -50.313839209807 0.866025403784 -0.500000000000
0.834708146158 -118.625058374436 0.866025403784 0.500000000000
-18.564724695932 99.595713306935 0.866025403784 -0.500000000000
