#Configurational_file created 2018-09-14 11:58:58  started 2018-09-14 11:58:57 run for 1.0s steps 0
name: p_747
step: 10000
specie: 20
	particle_diameter: 1.0000000000000000
	interaction_length: 1.2000000000000000
	number_of_patches: 3
	number_of_particles_per_compound: 1
	rod_length: 1.0000000000000000
	interaction_matrix:  1.000000 1.000000 1.000000 1.000000 1.000000 1.000000 1.000000 1.000000 1.000000
	patch_type: symmetric
	patch_width: 8.0000000000000000
	patch_angle: 0.0000000000000000
	angles:  0.000000 0.000000 0.000000
	grand_canonical: 0
	chemical_potential: 0.0000000000000000
box: 44.301810 44.301810
copy: 1.000000 1.000000
epsilon: 0.0083340000000000
end_epsilon: 0.0000000000000000
pressure: 0.0875000000000000
lambda: 0.0000000000000000
lambda_coupling: 1.0000000000000000
uy: 0.0000000000000000
maximum_displacement: 1.0000000000000000
maximum_rotation: 1.0000000000000000
maximum_volume: 1.0000000000000000
maximum_shape: 0.0000001000000000
maximum_dsigma: 0.0100000000000000
mod: 10
pmod: 10
optimize: 1
verbose: 1
snapshot: 0
display: 1
explore: 1
npt: 1
nptxy: 0
nptdxdy: 0
shape: 0
seed: 852130
-56.245321270360 -65.065067683631 0.000000000000 1.000000000000
-214.702236921888 88.248481265911 0.866025403784 -0.500000000000
-336.679279148523 -137.471729628913 0.866025403784 0.500000000000
-21.073123187931 99.759026165761 0.866025403784 0.500000000000
142.235585470245 -48.900729449881 0.866025403784 -0.500000000000
247.778728965088 -8.285541284550 0.866025403784 -0.500000000000
-47.156569121479 300.445860381865 0.866025403784 0.500000000000
196.611543462984 -15.743139722205 0.000000000000 1.000000000000
260.265628220299 -98.669734786946 0.866025403784 0.500000000000
-90.071001825148 -37.794301166017 0.000000000000 1.000000000000
-65.747114451151 53.248424990875 0.000000000000 1.000000000000
95.052014944959 65.257652074167 0.866025403784 0.500000000000
-203.262884992675 -117.442180572898 0.866025403784 -0.500000000000
-323.854608416741 -356.037453456924 0.866025403784 -0.500000000000
-137.862056335002 91.558889455498 0.866025403784 0.500000000000
2.790803945552 -100.069751583112 0.000000000000 1.000000000000
-151.341248901850 9.444521256092 0.866025403784 0.500000000000
-15.585551762214 -277.751302457751 0.000000000000 1.000000000000
34.125513848432 -216.616217321883 0.866025403784 -0.500000000000
-114.153220092559 -51.750386946809 0.866025403784 0.500000000000
