#Configurational_file created 2018-09-14 11:31:17  started 2018-09-14 11:31:16 run for 1.0s steps 0
name: p_749
step: 10000
specie: 20
	particle_diameter: 1.0000000000000000
	interaction_length: 1.2000000000000000
	number_of_patches: 3
	number_of_particles_per_compound: 1
	rod_length: 1.0000000000000000
	interaction_matrix:  1.000000 1.000000 1.000000 1.000000 1.000000 1.000000 1.000000 1.000000 1.000000
	patch_type: symmetric
	patch_width: 8.0000000000000000
	patch_angle: 0.0000000000000000
	angles:  0.000000 0.000000 0.000000
	grand_canonical: 0
	chemical_potential: 0.0000000000000000
box: 12.710737 12.710737
copy: 1.000000 1.000000
epsilon: 0.0834170000000000
end_epsilon: 0.0000000000000000
pressure: 1.9166710000000000
lambda: 0.0000000000000000
lambda_coupling: 1.0000000000000000
uy: 0.0000000000000000
maximum_displacement: 1.0000000000000000
maximum_rotation: 1.0000000000000000
maximum_volume: 1.0000000000000000
maximum_shape: 0.0000001000000000
maximum_dsigma: 0.0100000000000000
mod: 10
pmod: 10
optimize: 1
verbose: 1
snapshot: 0
display: 1
explore: 1
npt: 1
nptxy: 0
nptdxdy: 0
shape: 0
seed: 854404
-56.530729876680 -6.136209612670 0.866025403784 -0.500000000000
29.242252882378 -89.322617890352 0.866025403784 -0.500000000000
-39.875077261038 114.585188286608 0.000000000000 1.000000000000
215.292941310855 -142.444443081874 0.000000000000 1.000000000000
86.185585465779 -52.881080628859 0.866025403784 0.500000000000
32.865117014197 1.083386444693 0.000000000000 1.000000000000
-77.515704782416 66.414405118653 0.866025403784 -0.500000000000
-132.257652642214 31.082825641355 0.000000000000 1.000000000000
-50.001135447545 -97.767738202867 0.000000000000 1.000000000000
154.915268995906 -86.172066333489 0.866025403784 0.500000000000
91.932640303124 261.326086354645 0.866025403784 -0.500000000000
228.528992185748 17.046834189815 0.000000000000 1.000000000000
110.655231270521 -89.504809206927 0.866025403784 -0.500000000000
82.043917067110 -122.791314394064 0.866025403784 0.500000000000
65.180921342026 83.678189238419 0.866025403784 0.500000000000
86.462713696415 245.523892119295 0.866025403784 -0.500000000000
145.311877361611 36.002983261672 0.866025403784 0.500000000000
-186.540229201435 -4.277342567842 0.866025403784 -0.500000000000
-98.202213412899 53.151937374251 0.866025403784 0.500000000000
167.535693874273 -130.691202058183 0.866025403784 0.500000000000
