#Configurational_file created 2018-09-14 11:58:58  started 2018-09-14 11:58:58 run for 0.0s steps 0
name: p_748
step: 10000
specie: 20
	particle_diameter: 1.0000000000000000
	interaction_length: 1.2000000000000000
	number_of_patches: 3
	number_of_particles_per_compound: 1
	rod_length: 1.0000000000000000
	interaction_matrix:  1.000000 1.000000 1.000000 1.000000 1.000000 1.000000 1.000000 1.000000 1.000000
	patch_type: symmetric
	patch_width: 8.0000000000000000
	patch_angle: 0.0000000000000000
	angles:  0.000000 0.000000 0.000000
	grand_canonical: 0
	chemical_potential: 0.0000000000000000
box: 50.685179 50.685179
copy: 1.000000 1.000000
epsilon: 0.0083340000000000
end_epsilon: 0.0000000000000000
pressure: 0.0916670000000000
lambda: 0.0000000000000000
lambda_coupling: 1.0000000000000000
uy: 0.0000000000000000
maximum_displacement: 1.0000000000000000
maximum_rotation: 1.0000000000000000
maximum_volume: 1.0000000000000000
maximum_shape: 0.0000001000000000
maximum_dsigma: 0.0100000000000000
mod: 10
pmod: 10
optimize: 1
verbose: 1
snapshot: 0
display: 1
explore: 1
npt: 1
nptxy: 0
nptdxdy: 0
shape: 0
seed: 853267
-56.001757058049 394.451431087922 0.866025403784 -0.500000000000
-253.830117628547 34.195097003722 0.866025403784 -0.500000000000
587.025222248515 -67.501848912353 0.000000000000 1.000000000000
56.391864782849 -15.137995764095 0.866025403784 -0.500000000000
-61.635213783028 78.860897948411 0.866025403784 0.500000000000
-97.671378710896 185.314812725578 0.866025403784 -0.500000000000
-86.161768321830 -19.097736237833 0.000000000000 1.000000000000
10.998576112768 55.031101780147 0.000000000000 1.000000000000
-66.391129586778 122.594069140933 0.000000000000 1.000000000000
93.584408833369 -26.094345339800 0.866025403784 -0.500000000000
-13.019863779430 -320.798763585661 0.000000000000 1.000000000000
103.145115595257 14.873960098053 0.866025403784 0.500000000000
20.699814071387 469.689978234587 0.000000000000 1.000000000000
10.839548763684 204.269609124650 0.866025403784 0.500000000000
50.347139495218 -289.479890075775 0.000000000000 1.000000000000
-161.387724071157 71.265409969384 0.866025403784 0.500000000000
-169.715644710036 201.556184539322 0.000000000000 1.000000000000
217.408672918049 66.268937101383 0.866025403784 -0.500000000000
92.574065760380 168.455053302849 0.866025403784 -0.500000000000
412.752927900819 10.208800460083 0.866025403784 0.500000000000
