#Configurational_file created 2018-09-14 11:58:55  started 2018-09-14 11:58:54 run for 1.0s steps 0
name: p_743
step: 10000
specie: 20
	particle_diameter: 1.0000000000000000
	interaction_length: 1.2000000000000000
	number_of_patches: 3
	number_of_particles_per_compound: 1
	rod_length: 1.0000000000000000
	interaction_matrix:  1.000000 1.000000 1.000000 1.000000 1.000000 1.000000 1.000000 1.000000 1.000000
	patch_type: symmetric
	patch_width: 8.0000000000000000
	patch_angle: 0.0000000000000000
	angles:  0.000000 0.000000 0.000000
	grand_canonical: 0
	chemical_potential: 0.0000000000000000
box: 51.955641 51.955641
copy: 1.000000 1.000000
epsilon: 0.0083340000000000
end_epsilon: 0.0000000000000000
pressure: 0.0708340000000000
lambda: 0.0000000000000000
lambda_coupling: 1.0000000000000000
uy: 0.0000000000000000
maximum_displacement: 1.0000000000000000
maximum_rotation: 1.0000000000000000
maximum_volume: 1.0000000000000000
maximum_shape: 0.0000001000000000
maximum_dsigma: 0.0100000000000000
mod: 10
pmod: 10
optimize: 1
verbose: 1
snapshot: 0
display: 1
explore: 1
npt: 1
nptxy: 0
nptdxdy: 0
shape: 0
seed: 847582
4.062941444976 85.417952070304 0.866025403784 0.500000000000
-101.624127626675 -11.247803188000 0.000000000000 1.000000000000
128.555695419077 -138.277566565812 0.866025403784 0.500000000000
-345.715576112434 -85.265634137481 0.866025403784 0.500000000000
-46.689241980636 -122.252557600714 0.866025403784 0.500000000000
250.640451577956 -168.724752417585 0.866025403784 0.500000000000
79.096818372767 -180.107656711061 0.866025403784 0.500000000000
415.447422422298 1.125962786170 0.866025403784 0.500000000000
-24.139105106226 54.370359080740 0.866025403784 0.500000000000
-61.913523887753 203.896778539709 0.866025403784 0.500000000000
-55.891218965267 -109.882642460877 0.000000000000 1.000000000000
98.853498219615 29.384781639113 0.866025403784 0.500000000000
338.835389222578 189.845258319834 0.866025403784 -0.500000000000
279.177202130904 -168.840335318843 0.866025403784 -0.500000000000
381.134612695420 255.966011639075 0.866025403784 -0.500000000000
49.885987659375 -191.027414356708 0.866025403784 0.500000000000
-83.714707694120 224.289368300989 0.866025403784 -0.500000000000
-34.937036397234 107.701813607671 0.866025403784 -0.500000000000
11.684568762757 242.313485037365 0.000000000000 1.000000000000
191.036910928702 -229.795531231280 0.000000000000 1.000000000000
