#Configurational_file created 2018-09-14 11:58:52  started 2018-09-14 11:58:52 run for 0.0s steps 0
name: p_740
step: 10000
specie: 20
	particle_diameter: 1.0000000000000000
	interaction_length: 1.2000000000000000
	number_of_patches: 3
	number_of_particles_per_compound: 1
	rod_length: 1.0000000000000000
	interaction_matrix:  1.000000 1.000000 1.000000 1.000000 1.000000 1.000000 1.000000 1.000000 1.000000
	patch_type: symmetric
	patch_width: 8.0000000000000000
	patch_angle: 0.0000000000000000
	angles:  0.000000 0.000000 0.000000
	grand_canonical: 0
	chemical_potential: 0.0000000000000000
box: 47.584131 47.584131
copy: 1.000000 1.000000
epsilon: 0.0083340000000000
end_epsilon: 0.0000000000000000
pressure: 0.0583340000000000
lambda: 0.0000000000000000
lambda_coupling: 1.0000000000000000
uy: 0.0000000000000000
maximum_displacement: 1.0000000000000000
maximum_rotation: 1.0000000000000000
maximum_volume: 1.0000000000000000
maximum_shape: 0.0000001000000000
maximum_dsigma: 0.0100000000000000
mod: 10
pmod: 10
optimize: 1
verbose: 1
snapshot: 0
display: 1
explore: 1
npt: 1
nptxy: 0
nptdxdy: 0
shape: 0
seed: 844171
178.490603901706 160.517065411551 0.866025403784 -0.500000000000
17.244971552820 -166.064638852557 0.000000000000 1.000000000000
260.351507603393 -208.979304860852 0.866025403784 0.500000000000
209.665581085786 45.793501182416 0.866025403784 -0.500000000000
-254.019378404678 -231.624300452295 0.866025403784 -0.500000000000
-75.551589280189 -39.158535874315 0.000000000000 1.000000000000
65.323560122082 -47.281782768395 0.866025403784 -0.500000000000
20.936662129365 -17.531215163320 0.866025403784 -0.500000000000
205.409043447069 -145.570525723492 0.866025403784 0.500000000000
27.666798301057 138.343111006715 0.866025403784 0.500000000000
-6.635118982711 31.564532836527 0.866025403784 -0.500000000000
-127.944152187780 -87.863322808266 0.866025403784 0.500000000000
0.266528925269 44.886224372517 0.866025403784 -0.500000000000
-8.975088225934 69.719314986537 0.000000000000 1.000000000000
46.801569940377 31.095776939361 0.000000000000 1.000000000000
139.546256573967 42.908827588082 0.866025403784 -0.500000000000
-81.905944616756 74.635945324547 0.866025403784 -0.500000000000
-102.705126811690 363.183401033439 0.000000000000 1.000000000000
-90.690554147153 165.268304994518 0.000000000000 1.000000000000
-59.135179889675 304.365653786231 0.866025403784 -0.500000000000
