#Configurational_file created 2018-09-14 11:58:57  started 2018-09-14 11:58:56 run for 1.0s steps 0
name: p_746
step: 10000
specie: 20
	particle_diameter: 1.0000000000000000
	interaction_length: 1.2000000000000000
	number_of_patches: 3
	number_of_particles_per_compound: 1
	rod_length: 1.0000000000000000
	interaction_matrix:  1.000000 1.000000 1.000000 1.000000 1.000000 1.000000 1.000000 1.000000 1.000000
	patch_type: symmetric
	patch_width: 8.0000000000000000
	patch_angle: 0.0000000000000000
	angles:  0.000000 0.000000 0.000000
	grand_canonical: 0
	chemical_potential: 0.0000000000000000
box: 47.391502 47.391502
copy: 1.000000 1.000000
epsilon: 0.0083340000000000
end_epsilon: 0.0000000000000000
pressure: 0.0833340000000000
lambda: 0.0000000000000000
lambda_coupling: 1.0000000000000000
uy: 0.0000000000000000
maximum_displacement: 1.0000000000000000
maximum_rotation: 1.0000000000000000
maximum_volume: 1.0000000000000000
maximum_shape: 0.0000001000000000
maximum_dsigma: 0.0100000000000000
mod: 10
pmod: 10
optimize: 1
verbose: 1
snapshot: 0
display: 1
explore: 1
npt: 1
nptxy: 0
nptdxdy: 0
shape: 0
seed: 850993
400.094533868796 11.455754837203 0.866025403784 0.500000000000
-42.971799750964 -111.548521532647 0.000000000000 1.000000000000
-139.871260809781 -125.122014472940 0.000000000000 1.000000000000
171.836638984092 -34.571459822909 0.000000000000 1.000000000000
-50.272192998191 4.896228292301 0.000000000000 1.000000000000
45.322208050189 68.271280094745 0.866025403784 0.500000000000
139.668980680195 -48.692386510906 0.866025403784 -0.500000000000
-268.061142622685 -99.544057799631 0.866025403784 0.500000000000
-88.316837277666 29.110638791457 0.866025403784 -0.500000000000
-363.077929238695 -69.062342104475 0.000000000000 1.000000000000
79.440392202216 112.465252424028 0.866025403784 -0.500000000000
-54.480556034338 293.496048109801 0.866025403784 -0.500000000000
-223.088067646265 -12.417889994434 0.000000000000 1.000000000000
133.288163333694 -307.971604161257 0.000000000000 1.000000000000
139.085751219431 23.955810433088 0.866025403784 0.500000000000
-104.098993026115 -223.094166811258 0.866025403784 -0.500000000000
53.790164170772 -84.523994634664 0.866025403784 -0.500000000000
9.094690448642 -222.640333607812 0.000000000000 1.000000000000
-94.872692707329 40.213536532239 0.866025403784 0.500000000000
245.986747178628 29.242100850149 0.866025403784 0.500000000000
