#Configurational_file created 2018-09-14 11:31:11  started 2018-09-14 11:31:11 run for 0.0s steps 0
name: p_741
step: 10000
specie: 20
	particle_diameter: 1.0000000000000000
	interaction_length: 1.2000000000000000
	number_of_patches: 3
	number_of_particles_per_compound: 1
	rod_length: 1.0000000000000000
	interaction_matrix:  1.000000 1.000000 1.000000 1.000000 1.000000 1.000000 1.000000 1.000000 1.000000
	patch_type: symmetric
	patch_width: 8.0000000000000000
	patch_angle: 0.0000000000000000
	angles:  0.000000 0.000000 0.000000
	grand_canonical: 0
	chemical_potential: 0.0000000000000000
box: 17.817349 17.817349
copy: 1.000000 1.000000
epsilon: 0.0834170000000000
end_epsilon: 0.0000000000000000
pressure: 1.2500370000000001
lambda: 0.0000000000000000
lambda_coupling: 1.0000000000000000
uy: 0.0000000000000000
maximum_displacement: 1.0000000000000000
maximum_rotation: 1.0000000000000000
maximum_volume: 1.0000000000000000
maximum_shape: 0.0000001000000000
maximum_dsigma: 0.0100000000000000
mod: 10
pmod: 10
optimize: 1
verbose: 1
snapshot: 0
display: 1
explore: 1
npt: 1
nptxy: 0
nptdxdy: 0
shape: 0
seed: 845308
66.359754435980 46.101980407432 0.000000000000 1.000000000000
75.585435440627 42.587388785582 0.866025403784 0.500000000000
55.858069694929 -169.334874193329 0.866025403784 0.500000000000
-129.685883973790 6.554032903569 0.866025403784 0.500000000000
95.004038453835 234.333381433201 0.000000000000 1.000000000000
252.887559423086 -107.930688337433 0.000000000000 1.000000000000
-61.353011264906 117.669593746305 0.866025403784 -0.500000000000
-48.563015616007 -30.048025346145 0.866025403784 -0.500000000000
-81.905754184668 -37.819806061507 0.866025403784 -0.500000000000
92.367589606099 39.721237371667 0.866025403784 -0.500000000000
33.202919124480 -112.278421513701 0.000000000000 1.000000000000
166.687542457208 26.084421968534 0.866025403784 -0.500000000000
116.152390278625 -21.469715192494 0.866025403784 -0.500000000000
54.290050728361 36.957123880020 0.866025403784 0.500000000000
-56.849733836041 -95.831578515241 0.866025403784 0.500000000000
71.474736145514 -58.250530570744 0.000000000000 1.000000000000
-48.108784863053 29.817784466763 0.866025403784 -0.500000000000
52.794141706868 5.069657204813 0.866025403784 -0.500000000000
-226.195517116435 45.593694175357 0.000000000000 1.000000000000
-70.207287979772 -61.551083521624 0.866025403784 -0.500000000000
