#Configurational_file created 2018-09-14 11:31:15  started 2018-09-14 11:31:14 run for 1.0s steps 0
name: p_746
step: 10000
specie: 20
	particle_diameter: 1.0000000000000000
	interaction_length: 1.2000000000000000
	number_of_patches: 3
	number_of_particles_per_compound: 1
	rod_length: 1.0000000000000000
	interaction_matrix:  1.000000 1.000000 1.000000 1.000000 1.000000 1.000000 1.000000 1.000000 1.000000
	patch_type: symmetric
	patch_width: 8.0000000000000000
	patch_angle: 0.0000000000000000
	angles:  0.000000 0.000000 0.000000
	grand_canonical: 0
	chemical_potential: 0.0000000000000000
box: 12.715604 12.715604
copy: 1.000000 1.000000
epsilon: 0.0834170000000000
end_epsilon: 0.0000000000000000
pressure: 1.6666829999999999
lambda: 0.0000000000000000
lambda_coupling: 1.0000000000000000
uy: 0.0000000000000000
maximum_displacement: 1.0000000000000000
maximum_rotation: 1.0000000000000000
maximum_volume: 1.0000000000000000
maximum_shape: 0.0000001000000000
maximum_dsigma: 0.0100000000000000
mod: 10
pmod: 10
optimize: 1
verbose: 1
snapshot: 0
display: 1
explore: 1
npt: 1
nptxy: 0
nptdxdy: 0
shape: 0
seed: 850993
49.685351614825 -77.018432777537 0.866025403784 0.500000000000
-29.031904043715 22.948117594095 0.866025403784 0.500000000000
42.851637954586 25.969011731345 0.000000000000 1.000000000000
-15.692669013181 -16.603962002346 0.000000000000 1.000000000000
33.307336760863 28.841728678784 0.000000000000 1.000000000000
-60.998885272655 109.322057912633 0.866025403784 0.500000000000
137.660428265496 78.093127524179 0.866025403784 -0.500000000000
-64.870176300908 8.681237292439 0.866025403784 -0.500000000000
-59.925068040900 -62.251568399013 0.000000000000 1.000000000000
-7.679264902060 -15.102721679658 0.866025403784 0.500000000000
-24.684692058356 74.979085973645 0.866025403784 -0.500000000000
-161.814679853067 -14.986372226059 0.866025403784 -0.500000000000
-21.520038098473 29.946230314604 0.866025403784 0.500000000000
-86.370183342371 -127.654883496319 0.000000000000 1.000000000000
60.020523619480 26.975046048563 0.866025403784 0.500000000000
-80.242383314776 -90.410952757196 0.866025403784 -0.500000000000
-105.617940854095 4.169173349719 0.866025403784 0.500000000000
-17.006730217419 70.640795239834 0.866025403784 0.500000000000
96.920653218305 74.210741340733 0.866025403784 0.500000000000
52.187005889872 14.626063568631 0.000000000000 1.000000000000
