#Configurational_file created 2018-09-14 11:58:56  started 2018-09-14 11:58:55 run for 1.0s steps 0
name: p_745
step: 10000
specie: 20
	particle_diameter: 1.0000000000000000
	interaction_length: 1.2000000000000000
	number_of_patches: 3
	number_of_particles_per_compound: 1
	rod_length: 1.0000000000000000
	interaction_matrix:  1.000000 1.000000 1.000000 1.000000 1.000000 1.000000 1.000000 1.000000 1.000000
	patch_type: symmetric
	patch_width: 8.0000000000000000
	patch_angle: 0.0000000000000000
	angles:  0.000000 0.000000 0.000000
	grand_canonical: 0
	chemical_potential: 0.0000000000000000
box: 50.124008 50.124008
copy: 1.000000 1.000000
epsilon: 0.0083340000000000
end_epsilon: 0.0000000000000000
pressure: 0.0791670000000000
lambda: 0.0000000000000000
lambda_coupling: 1.0000000000000000
uy: 0.0000000000000000
maximum_displacement: 1.0000000000000000
maximum_rotation: 1.0000000000000000
maximum_volume: 1.0000000000000000
maximum_shape: 0.0000001000000000
maximum_dsigma: 0.0100000000000000
mod: 10
pmod: 10
optimize: 1
verbose: 1
snapshot: 0
display: 1
explore: 1
npt: 1
nptxy: 0
nptdxdy: 0
shape: 0
seed: 849856
-261.124385821870 291.378714783488 0.866025403784 0.500000000000
-37.363915335160 -246.725942925829 0.000000000000 1.000000000000
35.129530380527 -89.724130738415 0.000000000000 1.000000000000
117.720574589940 -73.912945492313 0.866025403784 0.500000000000
299.004655446223 -59.017740550098 0.000000000000 1.000000000000
-65.180356788399 -29.300956102648 0.866025403784 -0.500000000000
554.076967534473 78.785647852300 0.866025403784 -0.500000000000
31.616436086516 127.307167764883 0.000000000000 1.000000000000
-153.544605639548 279.520081327561 0.866025403784 -0.500000000000
143.554560254182 -178.023326950844 0.866025403784 -0.500000000000
385.496000472012 5.649219387213 0.866025403784 -0.500000000000
97.760734969349 165.529172640297 0.866025403784 -0.500000000000
-226.566780217411 -90.645132321275 0.866025403784 -0.500000000000
77.120689277696 179.979885110405 0.000000000000 1.000000000000
-287.290601284899 -79.785874948065 0.866025403784 -0.500000000000
-52.663935857490 -88.092321026844 0.000000000000 1.000000000000
-116.094670125192 -6.893457605523 0.866025403784 -0.500000000000
48.131788125770 297.423924232117 0.866025403784 0.500000000000
11.082900218140 198.056518088687 0.866025403784 -0.500000000000
-54.701259113466 27.508841297870 0.000000000000 1.000000000000
