#Configurational_file created 2018-09-14 11:31:12  started 2018-09-14 11:31:11 run for 1.0s steps 0
name: p_742
step: 10000
specie: 20
	particle_diameter: 1.0000000000000000
	interaction_length: 1.2000000000000000
	number_of_patches: 3
	number_of_particles_per_compound: 1
	rod_length: 1.0000000000000000
	interaction_matrix:  1.000000 1.000000 1.000000 1.000000 1.000000 1.000000 1.000000 1.000000 1.000000
	patch_type: symmetric
	patch_width: 8.0000000000000000
	patch_angle: 0.0000000000000000
	angles:  0.000000 0.000000 0.000000
	grand_canonical: 0
	chemical_potential: 0.0000000000000000
box: 13.874029 13.874029
copy: 1.000000 1.000000
epsilon: 0.0834170000000000
end_epsilon: 0.0000000000000000
pressure: 1.3333670000000000
lambda: 0.0000000000000000
lambda_coupling: 1.0000000000000000
uy: 0.0000000000000000
maximum_displacement: 1.0000000000000000
maximum_rotation: 1.0000000000000000
maximum_volume: 1.0000000000000000
maximum_shape: 0.0000001000000000
maximum_dsigma: 0.0100000000000000
mod: 10
pmod: 10
optimize: 1
verbose: 1
snapshot: 0
display: 1
explore: 1
npt: 1
nptxy: 0
nptdxdy: 0
shape: 0
seed: 846445
89.677178217896 -14.793083325920 0.866025403784 -0.500000000000
-40.325349672167 102.332809372702 0.866025403784 -0.500000000000
-156.353404171746 -181.287225634477 0.000000000000 1.000000000000
-42.680133660847 60.998236071778 0.866025403784 0.500000000000
48.997869378617 -68.911111524216 0.866025403784 -0.500000000000
-166.840648568958 72.638210534284 0.866025403784 0.500000000000
-120.537056889064 -77.869679560157 0.866025403784 -0.500000000000
25.606020586581 -57.349166905491 0.866025403784 0.500000000000
-202.232229290945 29.643464451894 0.866025403784 0.500000000000
17.921751908158 -197.643085994568 0.866025403784 0.500000000000
-175.388696548984 35.675365925343 0.866025403784 0.500000000000
-102.998927548065 -18.058998517062 0.866025403784 0.500000000000
-42.479332811120 113.388410626633 0.866025403784 0.500000000000
-10.586607984004 29.116096075561 0.000000000000 1.000000000000
62.795734690493 -38.453822135859 0.866025403784 0.500000000000
16.029302397659 -56.605960012302 0.866025403784 0.500000000000
17.932214715894 136.804570832041 0.866025403784 0.500000000000
14.527475261695 -38.427073628976 0.866025403784 0.500000000000
40.041932531115 -27.377062021241 0.866025403784 0.500000000000
-84.412202211754 48.605342847392 0.866025403784 -0.500000000000
