#Configurational_file created 2018-09-14 11:31:14  started 2018-09-14 11:31:14 run for 0.0s steps 0
name: p_745
step: 10000
specie: 20
	particle_diameter: 1.0000000000000000
	interaction_length: 1.2000000000000000
	number_of_patches: 3
	number_of_particles_per_compound: 1
	rod_length: 1.0000000000000000
	interaction_matrix:  1.000000 1.000000 1.000000 1.000000 1.000000 1.000000 1.000000 1.000000 1.000000
	patch_type: symmetric
	patch_width: 8.0000000000000000
	patch_angle: 0.0000000000000000
	angles:  0.000000 0.000000 0.000000
	grand_canonical: 0
	chemical_potential: 0.0000000000000000
box: 14.107394 14.107394
copy: 1.000000 1.000000
epsilon: 0.0834170000000000
end_epsilon: 0.0000000000000000
pressure: 1.5833539999999999
lambda: 0.0000000000000000
lambda_coupling: 1.0000000000000000
uy: 0.0000000000000000
maximum_displacement: 1.0000000000000000
maximum_rotation: 1.0000000000000000
maximum_volume: 1.0000000000000000
maximum_shape: 0.0000001000000000
maximum_dsigma: 0.0100000000000000
mod: 10
pmod: 10
optimize: 1
verbose: 1
snapshot: 0
display: 1
explore: 1
npt: 1
nptxy: 0
nptdxdy: 0
shape: 0
seed: 849856
32.085431761832 116.237438550701 0.866025403784 -0.500000000000
-35.482075500698 3.447783018392 0.000000000000 1.000000000000
-8.160429335300 -172.009500143017 0.000000000000 1.000000000000
-113.472087121901 98.062572229154 0.866025403784 0.500000000000
-82.091069551302 62.033859072829 0.000000000000 1.000000000000
-120.013506825345 -36.522881673565 0.866025403784 0.500000000000
11.025270942625 -121.664852321610 0.000000000000 1.000000000000
70.791169345417 -54.746718773968 0.866025403784 -0.500000000000
-5.850572872722 8.212083706412 0.866025403784 0.500000000000
-103.727360011818 -115.268083430140 0.866025403784 -0.500000000000
228.724075358798 282.523029362765 0.866025403784 -0.500000000000
107.934871229183 102.081648851635 0.866025403784 0.500000000000
-31.184006111279 -99.676296812334 0.000000000000 1.000000000000
209.673039380204 176.652599424112 0.866025403784 0.500000000000
26.242193204983 -4.608689935052 0.866025403784 -0.500000000000
-51.573816061812 54.435771882081 0.866025403784 -0.500000000000
121.854089172706 -31.793101840636 0.866025403784 0.500000000000
-29.022697406860 -48.081984210290 0.866025403784 -0.500000000000
-2.639406111986 -24.484703763459 0.866025403784 0.500000000000
99.976866085591 26.498748388658 0.866025403784 0.500000000000
