#Configurational_file created 2018-09-11 17:04:30  started 2018-09-11 17:04:29 run for 1.0s steps 0
name: p_74
step: 10000
specie: 20
	particle_diameter: 1.0000000000000000
	interaction_length: 1.2000000000000000
	number_of_patches: 3
	number_of_particles_per_compound: 1
	rod_length: 1.0000000000000000
	interaction_matrix:  1.000000 1.000000 1.000000 1.000000 1.000000 1.000000 1.000000 1.000000 1.000000
	patch_type: symmetric
	patch_width: 8.0000000000000000
	patch_angle: 0.0000000000000000
	angles:  0.000000 0.000000 0.000000
	grand_canonical: 0
	chemical_potential: 0.0000000000000000
box: 9.595618 9.595618
copy: 1.000000 1.000000
epsilon: 0.4166830000000000
end_epsilon: 0.0000000000000000
pressure: 1.0000500000000001
lambda: 0.0000000000000000
lambda_coupling: 1.0000000000000000
uy: 0.0000000000000000
maximum_displacement: 1.0000000000000000
maximum_rotation: 1.0000000000000000
maximum_volume: 0.9000000000000000
maximum_shape: 0.0000001000000000
maximum_dsigma: 0.0100000000000000
mod: 10
pmod: 10
optimize: 1
verbose: 1
snapshot: 0
display: 1
explore: 1
npt: 1
nptxy: 0
nptdxdy: 0
shape: 0
seed: 87008
38.508029062321 148.565561343653 0.866025403784 -0.500000000000
-107.266131578229 -84.397506864271 0.866025403784 -0.500000000000
-86.914639159051 38.168336077602 0.866025403784 0.500000000000
-74.580342070825 130.903770247794 0.866025403784 0.500000000000
83.023832780186 9.505984826251 0.866025403784 0.500000000000
-88.255642289213 5.579832535245 0.866025403784 0.500000000000
36.427083784035 -1.829665246596 0.866025403784 0.500000000000
2.978345560530 57.436008645347 0.866025403784 0.500000000000
4.298531421539 67.182771602297 0.000000000000 1.000000000000
-40.539340806301 -67.021647961491 0.000000000000 1.000000000000
-57.465379851828 -5.888323383406 0.000000000000 1.000000000000
93.047235498585 -93.491770727460 0.866025403784 0.500000000000
89.553421294351 -34.178236592439 0.000000000000 1.000000000000
-46.281469638439 -111.552204544700 0.866025403784 0.500000000000
32.812891314587 91.336489342925 0.000000000000 1.000000000000
12.568799124809 173.874087438323 0.866025403784 -0.500000000000
-10.118896065722 -170.340791971395 0.866025403784 -0.500000000000
138.405399332534 -7.326937565612 0.866025403784 -0.500000000000
-28.189837481532 78.345865241925 0.866025403784 0.500000000000
-52.354630954267 15.782730561904 0.866025403784 0.500000000000
