#Configurational_file created 2018-09-14 11:31:23  started 2018-09-14 11:31:22 run for 1.0s steps 0
name: p_757
step: 10000
specie: 20
	particle_diameter: 1.0000000000000000
	interaction_length: 1.2000000000000000
	number_of_patches: 3
	number_of_particles_per_compound: 1
	rod_length: 1.0000000000000000
	interaction_matrix:  1.000000 1.000000 1.000000 1.000000 1.000000 1.000000 1.000000 1.000000 1.000000
	patch_type: symmetric
	patch_width: 8.0000000000000000
	patch_angle: 0.0000000000000000
	angles:  0.000000 0.000000 0.000000
	grand_canonical: 0
	chemical_potential: 0.0000000000000000
box: 18.047681 18.047681
copy: 1.000000 1.000000
epsilon: 0.1042460000000000
end_epsilon: 0.0000000000000000
pressure: 0.5000750000000000
lambda: 0.0000000000000000
lambda_coupling: 1.0000000000000000
uy: 0.0000000000000000
maximum_displacement: 1.0000000000000000
maximum_rotation: 1.0000000000000000
maximum_volume: 1.0000000000000000
maximum_shape: 0.0000001000000000
maximum_dsigma: 0.0100000000000000
mod: 10
pmod: 10
optimize: 1
verbose: 1
snapshot: 0
display: 1
explore: 1
npt: 1
nptxy: 0
nptdxdy: 0
shape: 0
seed: 863500
96.473886304686 36.350485251942 0.866025403784 0.500000000000
173.809487564174 122.748131989327 0.866025403784 0.500000000000
-74.856588572757 -85.435460166149 0.866025403784 0.500000000000
-24.373534207629 -109.445218304723 0.866025403784 -0.500000000000
-38.008286071285 37.154016089109 0.866025403784 0.500000000000
65.300052722616 6.825179680867 0.866025403784 -0.500000000000
-82.291656204775 45.101386171473 0.866025403784 -0.500000000000
5.661000860378 -74.743007011139 0.866025403784 -0.500000000000
-130.052665320819 69.068698559362 0.866025403784 -0.500000000000
-35.835329121099 99.434433625584 0.866025403784 -0.500000000000
91.139242397558 -78.986783836324 0.000000000000 1.000000000000
-100.956841873435 65.478097487475 0.000000000000 1.000000000000
106.065494744093 -78.954924713159 0.866025403784 0.500000000000
240.953191742238 93.623106823685 0.866025403784 0.500000000000
151.377384457738 60.365513105670 0.866025403784 -0.500000000000
20.687357130986 8.386363057275 0.866025403784 0.500000000000
-75.887120630608 -46.230817273712 0.866025403784 -0.500000000000
47.727166516792 82.057846474584 0.866025403784 -0.500000000000
114.003533033613 31.464248411298 0.866025403784 -0.500000000000
-18.182878774517 121.105571213037 0.866025403784 -0.500000000000
