#Configurational_file created 2018-09-14 11:59:06  started 2018-09-14 11:59:06 run for 0.0s steps 0
name: p_759
step: 10000
specie: 20
	particle_diameter: 1.0000000000000000
	interaction_length: 1.2000000000000000
	number_of_patches: 3
	number_of_particles_per_compound: 1
	rod_length: 1.0000000000000000
	interaction_matrix:  1.000000 1.000000 1.000000 1.000000 1.000000 1.000000 1.000000 1.000000 1.000000
	patch_type: symmetric
	patch_width: 8.0000000000000000
	patch_angle: 0.0000000000000000
	angles:  0.000000 0.000000 0.000000
	grand_canonical: 0
	chemical_potential: 0.0000000000000000
box: 52.907119 52.907119
copy: 1.000000 1.000000
epsilon: 0.0104170000000000
end_epsilon: 0.0000000000000000
pressure: 0.0333340000000000
lambda: 0.0000000000000000
lambda_coupling: 1.0000000000000000
uy: 0.0000000000000000
maximum_displacement: 1.0000000000000000
maximum_rotation: 1.0000000000000000
maximum_volume: 1.0000000000000000
maximum_shape: 0.0000001000000000
maximum_dsigma: 0.0100000000000000
mod: 10
pmod: 10
optimize: 1
verbose: 1
snapshot: 0
display: 1
explore: 1
npt: 1
nptxy: 0
nptdxdy: 0
shape: 0
seed: 865774
-76.891866203216 -140.831398280061 0.866025403784 0.500000000000
143.831279183425 239.293397523582 0.866025403784 -0.500000000000
-297.748820274442 -96.869199303205 0.000000000000 1.000000000000
149.085193990780 -68.852665316565 0.866025403784 -0.500000000000
78.748529084168 130.164095219677 0.000000000000 1.000000000000
13.746843572129 134.686706365632 0.866025403784 -0.500000000000
216.949089413004 -124.652857098578 0.866025403784 -0.500000000000
92.571135680690 -13.092355343382 0.866025403784 0.500000000000
198.165129756649 123.574055797457 0.866025403784 -0.500000000000
235.575052049096 123.224677278327 0.000000000000 1.000000000000
215.669096741278 121.861007827773 0.866025403784 -0.500000000000
27.625933498708 -275.828918531769 0.866025403784 0.500000000000
-164.950925236914 38.551409566973 0.000000000000 1.000000000000
15.926723249145 -120.397051078034 0.866025403784 0.500000000000
32.551092920339 120.640023863690 0.000000000000 1.000000000000
24.231014074677 -139.714271362788 0.000000000000 1.000000000000
216.850665359626 -73.355730779635 0.866025403784 0.500000000000
14.236442443510 -53.800190758480 0.866025403784 0.500000000000
-294.600121779786 258.053850790267 0.000000000000 1.000000000000
-63.050112419066 87.750155568820 0.866025403784 0.500000000000
