#Configurational_file created 2018-09-14 11:59:02  started 2018-09-14 11:59:01 run for 1.0s steps 0
name: p_753
step: 10000
specie: 20
	particle_diameter: 1.0000000000000000
	interaction_length: 1.2000000000000000
	number_of_patches: 3
	number_of_particles_per_compound: 1
	rod_length: 1.0000000000000000
	interaction_matrix:  1.000000 1.000000 1.000000 1.000000 1.000000 1.000000 1.000000 1.000000 1.000000
	patch_type: symmetric
	patch_width: 8.0000000000000000
	patch_angle: 0.0000000000000000
	angles:  0.000000 0.000000 0.000000
	grand_canonical: 0
	chemical_potential: 0.0000000000000000
box: 53.192187 53.192187
copy: 1.000000 1.000000
epsilon: 0.0104170000000000
end_epsilon: 0.0000000000000000
pressure: 0.0083340000000000
lambda: 0.0000000000000000
lambda_coupling: 1.0000000000000000
uy: 0.0000000000000000
maximum_displacement: 1.0000000000000000
maximum_rotation: 1.0000000000000000
maximum_volume: 1.0000000000000000
maximum_shape: 0.0000001000000000
maximum_dsigma: 0.0100000000000000
mod: 10
pmod: 10
optimize: 1
verbose: 1
snapshot: 0
display: 1
explore: 1
npt: 1
nptxy: 0
nptdxdy: 0
shape: 0
seed: 858952
-30.254138324469 -100.084916945030 0.866025403784 0.500000000000
-85.491134036019 8.548415422508 0.866025403784 0.500000000000
-204.083711247417 219.633958292323 0.000000000000 1.000000000000
221.102034510094 191.271485046889 0.866025403784 0.500000000000
-138.116625800675 -195.112857112794 0.866025403784 -0.500000000000
-85.349575738739 -152.984179279219 0.866025403784 -0.500000000000
118.374131210767 307.166640951736 0.866025403784 0.500000000000
-41.847464202500 143.853985986850 0.000000000000 1.000000000000
-30.845883917506 391.588976623943 0.000000000000 1.000000000000
52.848998583716 230.497136724516 0.866025403784 0.500000000000
-164.237033267482 -53.187989513018 0.866025403784 -0.500000000000
24.179970159632 194.780421856880 0.866025403784 -0.500000000000
100.977226218976 50.648486343940 0.866025403784 0.500000000000
16.632925020419 -57.879226596651 0.000000000000 1.000000000000
-125.177346279285 140.507898030922 0.000000000000 1.000000000000
160.839113496909 -90.652035380940 0.000000000000 1.000000000000
-192.028235989491 294.643288769668 0.000000000000 1.000000000000
-91.026328558967 197.747673603144 0.866025403784 -0.500000000000
280.912252962358 323.958586667476 0.000000000000 1.000000000000
-131.570364850482 318.367437059888 0.866025403784 -0.500000000000
