#Configurational_file created 2018-09-14 11:06:22  started 2018-09-14 11:06:22 run for 0.0s steps 0
name: p_75
step: 10000
specie: 20
	particle_diameter: 1.0000000000000000
	interaction_length: 1.2000000000000000
	number_of_patches: 3
	number_of_particles_per_compound: 1
	rod_length: 1.0000000000000000
	interaction_matrix:  1.000000 1.000000 1.000000 1.000000 1.000000 1.000000 1.000000 1.000000 1.000000
	patch_type: symmetric
	patch_width: 8.0000000000000000
	patch_angle: 0.0000000000000000
	angles:  0.000000 0.000000 0.000000
	grand_canonical: 0
	chemical_potential: 0.0000000000000000
box: 21.581382 21.581382
copy: 1.000000 1.000000
epsilon: 0.0715140000000000
end_epsilon: 0.0000000000000000
pressure: 0.5715000000000000
lambda: 0.0000000000000000
lambda_coupling: 1.0000000000000000
uy: 0.0000000000000000
maximum_displacement: 1.0000000000000000
maximum_rotation: 1.0000000000000000
maximum_volume: 1.0000000000000000
maximum_shape: 0.0000001000000000
maximum_dsigma: 0.0100000000000000
mod: 10
pmod: 10
optimize: 1
verbose: 1
snapshot: 0
display: 1
explore: 1
npt: 1
nptxy: 0
nptdxdy: 0
shape: 0
seed: 88145
152.044150486469 240.728583553338 0.000000000000 1.000000000000
21.630421390023 -106.264668653507 0.866025403784 -0.500000000000
44.975804036209 40.671415181228 0.866025403784 0.500000000000
-59.228589908522 20.861222870516 0.866025403784 0.500000000000
89.337564268635 190.268217217373 0.866025403784 0.500000000000
65.060575536374 73.251561036028 0.000000000000 1.000000000000
40.464000922160 -36.851867846203 0.866025403784 -0.500000000000
-40.325714084428 -79.799954713814 0.866025403784 -0.500000000000
104.612474786594 98.414901016564 0.000000000000 1.000000000000
106.480638741128 158.535359820284 0.866025403784 0.500000000000
109.230557436060 -49.214294724828 0.866025403784 -0.500000000000
-86.769921795250 -38.561774794405 0.866025403784 0.500000000000
-132.702729047066 -29.475453289939 0.866025403784 -0.500000000000
-28.601901405162 -166.908567515964 0.866025403784 -0.500000000000
-90.759786990242 -92.025174829502 0.866025403784 0.500000000000
5.432733678877 -84.304295584137 0.866025403784 -0.500000000000
114.100194433875 7.460259289855 0.866025403784 -0.500000000000
29.227950952691 -188.982176172671 0.866025403784 0.500000000000
85.658151970722 -97.408294216621 0.000000000000 1.000000000000
-10.421183508610 175.639337948951 0.866025403784 -0.500000000000
