#Configurational_file created 2018-09-14 11:31:19  started 2018-09-14 11:31:19 run for 0.0s steps 0
name: p_752
step: 10000
specie: 20
	particle_diameter: 1.0000000000000000
	interaction_length: 1.2000000000000000
	number_of_patches: 3
	number_of_particles_per_compound: 1
	rod_length: 1.0000000000000000
	interaction_matrix:  1.000000 1.000000 1.000000 1.000000 1.000000 1.000000 1.000000 1.000000 1.000000
	patch_type: symmetric
	patch_width: 8.0000000000000000
	patch_angle: 0.0000000000000000
	angles:  0.000000 0.000000 0.000000
	grand_canonical: 0
	chemical_potential: 0.0000000000000000
box: 44.458025 44.458025
copy: 1.000000 1.000000
epsilon: 0.1042460000000000
end_epsilon: 0.0000000000000000
pressure: 0.0834290000000000
lambda: 0.0000000000000000
lambda_coupling: 1.0000000000000000
uy: 0.0000000000000000
maximum_displacement: 1.0000000000000000
maximum_rotation: 1.0000000000000000
maximum_volume: 1.0000000000000000
maximum_shape: 0.0000001000000000
maximum_dsigma: 0.0100000000000000
mod: 10
pmod: 10
optimize: 1
verbose: 1
snapshot: 0
display: 1
explore: 1
npt: 1
nptxy: 0
nptdxdy: 0
shape: 0
seed: 857815
-42.081402207309 -31.237441726187 0.000000000000 1.000000000000
43.412202580238 -25.968742563024 0.000000000000 1.000000000000
-133.249442980002 -76.180437852070 0.866025403784 -0.500000000000
41.467348151678 -16.727033335366 0.000000000000 1.000000000000
22.934548511372 125.005578266583 0.866025403784 0.500000000000
219.344318381464 5.044767096108 0.866025403784 -0.500000000000
181.517540386249 408.116161612139 0.866025403784 0.500000000000
1.379544409474 228.289925607672 0.000000000000 1.000000000000
-207.332911743739 -51.735315491391 0.866025403784 -0.500000000000
225.356557395245 436.222251908820 0.000000000000 1.000000000000
75.755003249462 160.051905027321 0.000000000000 1.000000000000
97.324651401265 -247.210452291687 0.866025403784 -0.500000000000
212.932924887402 -412.008855922611 0.866025403784 -0.500000000000
-89.479217197992 222.760960106331 0.866025403784 -0.500000000000
139.994568616372 299.036275811718 0.866025403784 -0.500000000000
-74.975259550650 84.368280378260 0.866025403784 0.500000000000
163.902694566964 61.571901096160 0.000000000000 1.000000000000
158.045223996903 -91.581682724011 0.866025403784 0.500000000000
-49.238423595007 98.917875964057 0.000000000000 1.000000000000
-152.274511425494 23.349902722593 0.866025403784 0.500000000000
