#Configurational_file created 2018-09-14 11:59:00  started 2018-09-14 11:59:00 run for 0.0s steps 0
name: p_751
step: 10000
specie: 20
	particle_diameter: 1.0000000000000000
	interaction_length: 1.2000000000000000
	number_of_patches: 3
	number_of_particles_per_compound: 1
	rod_length: 1.0000000000000000
	interaction_matrix:  1.000000 1.000000 1.000000 1.000000 1.000000 1.000000 1.000000 1.000000 1.000000
	patch_type: symmetric
	patch_width: 8.0000000000000000
	patch_angle: 0.0000000000000000
	angles:  0.000000 0.000000 0.000000
	grand_canonical: 0
	chemical_potential: 0.0000000000000000
box: 49.493591 49.493591
copy: 1.000000 1.000000
epsilon: 0.0104170000000000
end_epsilon: 0.0000000000000000
pressure: 0.0000010000000000
lambda: 0.0000000000000000
lambda_coupling: 1.0000000000000000
uy: 0.0000000000000000
maximum_displacement: 1.0000000000000000
maximum_rotation: 1.0000000000000000
maximum_volume: 1.0000000000000000
maximum_shape: 0.0000001000000000
maximum_dsigma: 0.0100000000000000
mod: 10
pmod: 10
optimize: 1
verbose: 1
snapshot: 0
display: 1
explore: 1
npt: 1
nptxy: 0
nptdxdy: 0
shape: 0
seed: 856678
70.708676000349 -329.324785122367 0.866025403784 -0.500000000000
-63.881825305289 -182.969518510728 0.866025403784 -0.500000000000
552.933023100149 -135.774825432904 0.000000000000 1.000000000000
100.511618962973 76.707904640715 0.000000000000 1.000000000000
-57.336191137821 -291.407824460514 0.866025403784 -0.500000000000
76.403230367848 -66.354573229037 0.000000000000 1.000000000000
-122.356577948473 -143.153298816792 0.866025403784 -0.500000000000
-181.980870367209 34.589892434869 0.866025403784 0.500000000000
76.044633208029 -244.677782672939 0.866025403784 0.500000000000
-8.530879190200 -11.001727747514 0.866025403784 -0.500000000000
-75.919524783865 74.847760553554 0.866025403784 -0.500000000000
89.248125076710 -112.545358039728 0.000000000000 1.000000000000
230.524876746539 28.849442931294 0.866025403784 0.500000000000
125.655450296181 -101.373287794794 0.866025403784 0.500000000000
-102.876189570516 -186.039848217281 0.866025403784 -0.500000000000
-137.822814344873 -39.679040342377 0.866025403784 0.500000000000
-9.451202353547 -3.062429781144 0.866025403784 0.500000000000
71.772118345932 -75.675253309095 0.000000000000 1.000000000000
111.592863950992 7.398633182590 0.000000000000 1.000000000000
115.506495405627 129.140046708580 0.866025403784 -0.500000000000
