#Configurational_file created 2018-09-14 11:59:00  started 2018-09-14 11:58:59 run for 1.0s steps 0
name: p_750
step: 10000
specie: 20
	particle_diameter: 1.0000000000000000
	interaction_length: 1.2000000000000000
	number_of_patches: 3
	number_of_particles_per_compound: 1
	rod_length: 1.0000000000000000
	interaction_matrix:  1.000000 1.000000 1.000000 1.000000 1.000000 1.000000 1.000000 1.000000 1.000000
	patch_type: symmetric
	patch_width: 8.0000000000000000
	patch_angle: 0.0000000000000000
	angles:  0.000000 0.000000 0.000000
	grand_canonical: 0
	chemical_potential: 0.0000000000000000
box: 39.259267 39.259267
copy: 1.000000 1.000000
epsilon: 0.0083340000000000
end_epsilon: 0.0000000000000000
pressure: 0.1000000000000000
lambda: 0.0000000000000000
lambda_coupling: 1.0000000000000000
uy: 0.0000000000000000
maximum_displacement: 1.0000000000000000
maximum_rotation: 1.0000000000000000
maximum_volume: 1.0000000000000000
maximum_shape: 0.0000001000000000
maximum_dsigma: 0.0100000000000000
mod: 10
pmod: 10
optimize: 1
verbose: 1
snapshot: 0
display: 1
explore: 1
npt: 1
nptxy: 0
nptdxdy: 0
shape: 0
seed: 855541
267.652896090419 -232.233051574386 0.000000000000 1.000000000000
182.348533992892 184.721596854982 0.866025403784 -0.500000000000
25.392202395912 163.594786809562 0.000000000000 1.000000000000
-31.581846151654 -131.260874708139 0.866025403784 -0.500000000000
52.825861050707 -70.678210305292 0.866025403784 0.500000000000
115.586973603009 179.353555544342 0.866025403784 -0.500000000000
188.820643539416 69.166183684943 0.000000000000 1.000000000000
-107.818249267431 75.819196311831 0.000000000000 1.000000000000
-120.303759406511 27.324410159987 0.866025403784 -0.500000000000
0.577283623190 -87.161856772419 0.866025403784 0.500000000000
30.684200953106 -115.439738436370 0.000000000000 1.000000000000
71.597543395443 203.925096905193 0.000000000000 1.000000000000
126.969575939890 -19.185352923115 0.000000000000 1.000000000000
54.025069745194 -10.379966432404 0.000000000000 1.000000000000
-20.491261369970 225.272572372019 0.866025403784 -0.500000000000
-178.963890293837 -239.001789175651 0.866025403784 -0.500000000000
256.512207276148 -122.845193047592 0.000000000000 1.000000000000
19.823167340600 225.824939016011 0.866025403784 -0.500000000000
-144.066156361748 78.642476672999 0.866025403784 0.500000000000
105.346646290537 368.340120471955 0.866025403784 -0.500000000000
