#Configurational_file created 2018-09-14 11:31:22  started 2018-09-14 11:31:21 run for 1.0s steps 0
name: p_756
step: 10000
specie: 20
	particle_diameter: 1.0000000000000000
	interaction_length: 1.2000000000000000
	number_of_patches: 3
	number_of_particles_per_compound: 1
	rod_length: 1.0000000000000000
	interaction_matrix:  1.000000 1.000000 1.000000 1.000000 1.000000 1.000000 1.000000 1.000000 1.000000
	patch_type: symmetric
	patch_width: 8.0000000000000000
	patch_angle: 0.0000000000000000
	angles:  0.000000 0.000000 0.000000
	grand_canonical: 0
	chemical_potential: 0.0000000000000000
box: 25.289693 25.289693
copy: 1.000000 1.000000
epsilon: 0.1042460000000000
end_epsilon: 0.0000000000000000
pressure: 0.4167460000000000
lambda: 0.0000000000000000
lambda_coupling: 1.0000000000000000
uy: 0.0000000000000000
maximum_displacement: 1.0000000000000000
maximum_rotation: 1.0000000000000000
maximum_volume: 1.0000000000000000
maximum_shape: 0.0000001000000000
maximum_dsigma: 0.0100000000000000
mod: 10
pmod: 10
optimize: 1
verbose: 1
snapshot: 0
display: 1
explore: 1
npt: 1
nptxy: 0
nptdxdy: 0
shape: 0
seed: 862363
-51.601889987264 73.033454322482 0.866025403784 -0.500000000000
14.937660988897 -39.111365189197 0.866025403784 0.500000000000
145.848319247361 42.255235513337 0.866025403784 0.500000000000
-97.580752719473 256.366107690280 0.000000000000 1.000000000000
-53.375214620279 -271.891049589137 0.866025403784 -0.500000000000
-116.061321527189 -10.799144536504 0.000000000000 1.000000000000
114.473119246654 62.701869805185 0.866025403784 -0.500000000000
-78.096140483187 8.657900269262 0.866025403784 0.500000000000
155.359216801771 -108.149527311539 0.866025403784 -0.500000000000
-29.779670157177 -4.118450020517 0.000000000000 1.000000000000
49.913261658075 54.481742242681 0.000000000000 1.000000000000
10.672187954625 -17.928852415062 0.000000000000 1.000000000000
27.322999293435 135.780658092164 0.866025403784 -0.500000000000
-57.491878537302 -258.870526646381 0.866025403784 -0.500000000000
195.198928201062 -98.718497078438 0.000000000000 1.000000000000
10.184281328943 60.256726339478 0.000000000000 1.000000000000
-76.839074244446 81.478750076291 0.866025403784 0.500000000000
-211.291366127693 -0.883937091659 0.866025403784 0.500000000000
-96.227949082604 81.909455758883 0.866025403784 0.500000000000
-119.715233389909 105.169026002001 0.866025403784 -0.500000000000
