#Configurational_file created 2018-09-14 11:59:05  started 2018-09-14 11:59:04 run for 1.0s steps 0
name: p_757
step: 10000
specie: 20
	particle_diameter: 1.0000000000000000
	interaction_length: 1.2000000000000000
	number_of_patches: 3
	number_of_particles_per_compound: 1
	rod_length: 1.0000000000000000
	interaction_matrix:  1.000000 1.000000 1.000000 1.000000 1.000000 1.000000 1.000000 1.000000 1.000000
	patch_type: symmetric
	patch_width: 8.0000000000000000
	patch_angle: 0.0000000000000000
	angles:  0.000000 0.000000 0.000000
	grand_canonical: 0
	chemical_potential: 0.0000000000000000
box: 50.159253 50.159253
copy: 1.000000 1.000000
epsilon: 0.0104170000000000
end_epsilon: 0.0000000000000000
pressure: 0.0250010000000000
lambda: 0.0000000000000000
lambda_coupling: 1.0000000000000000
uy: 0.0000000000000000
maximum_displacement: 1.0000000000000000
maximum_rotation: 1.0000000000000000
maximum_volume: 1.0000000000000000
maximum_shape: 0.0000001000000000
maximum_dsigma: 0.0100000000000000
mod: 10
pmod: 10
optimize: 1
verbose: 1
snapshot: 0
display: 1
explore: 1
npt: 1
nptxy: 0
nptdxdy: 0
shape: 0
seed: 863500
285.537085478965 72.486732308759 0.866025403784 -0.500000000000
18.025997527696 208.137800884387 0.000000000000 1.000000000000
65.905104109755 -149.244767397617 0.000000000000 1.000000000000
-110.800607571192 -49.252076745366 0.866025403784 -0.500000000000
-203.616909009054 144.885615490996 0.866025403784 -0.500000000000
39.837669776057 85.101871043752 0.000000000000 1.000000000000
154.309405840277 56.886242783438 0.866025403784 0.500000000000
23.861674114457 202.805003109543 0.866025403784 0.500000000000
-283.780591156455 48.099511283888 0.000000000000 1.000000000000
-65.723368203385 138.016847812851 0.866025403784 -0.500000000000
10.329540459556 -114.000364018354 0.000000000000 1.000000000000
61.094268339548 217.684835666875 0.866025403784 -0.500000000000
-26.753677291414 10.036423796893 0.866025403784 0.500000000000
93.016838474465 20.900012956946 0.866025403784 0.500000000000
44.618770446321 51.855411632453 0.866025403784 -0.500000000000
12.208714272715 235.164120225558 0.000000000000 1.000000000000
-30.163895948946 4.586352063673 0.866025403784 0.500000000000
68.012484728701 -185.807676951125 0.000000000000 1.000000000000
20.162321569358 -186.639309635577 0.000000000000 1.000000000000
102.393700840153 1.517892131166 0.866025403784 -0.500000000000
