#Configurational_file created 2018-09-14 11:31:24  started 2018-09-14 11:31:23 run for 1.0s steps 0
name: p_759
step: 10000
specie: 20
	particle_diameter: 1.0000000000000000
	interaction_length: 1.2000000000000000
	number_of_patches: 3
	number_of_particles_per_compound: 1
	rod_length: 1.0000000000000000
	interaction_matrix:  1.000000 1.000000 1.000000 1.000000 1.000000 1.000000 1.000000 1.000000 1.000000
	patch_type: symmetric
	patch_width: 8.0000000000000000
	patch_angle: 0.0000000000000000
	angles:  0.000000 0.000000 0.000000
	grand_canonical: 0
	chemical_potential: 0.0000000000000000
box: 18.319535 18.319535
copy: 1.000000 1.000000
epsilon: 0.1042460000000000
end_epsilon: 0.0000000000000000
pressure: 0.6667330000000000
lambda: 0.0000000000000000
lambda_coupling: 1.0000000000000000
uy: 0.0000000000000000
maximum_displacement: 1.0000000000000000
maximum_rotation: 1.0000000000000000
maximum_volume: 1.0000000000000000
maximum_shape: 0.0000001000000000
maximum_dsigma: 0.0100000000000000
mod: 10
pmod: 10
optimize: 1
verbose: 1
snapshot: 0
display: 1
explore: 1
npt: 1
nptxy: 0
nptdxdy: 0
shape: 0
seed: 865774
-65.813525758697 21.601086099758 0.866025403784 -0.500000000000
26.709874168342 38.087837831796 0.866025403784 -0.500000000000
-1.780835828012 51.050357588516 0.866025403784 -0.500000000000
109.624062310615 -33.714564161485 0.866025403784 -0.500000000000
13.305684319010 27.998241784371 0.866025403784 0.500000000000
27.836654516759 99.906885088230 0.866025403784 -0.500000000000
-113.214134263761 -113.006775200308 0.866025403784 0.500000000000
-110.260554858611 -16.085290503560 0.000000000000 1.000000000000
81.089111658482 188.359003013535 0.000000000000 1.000000000000
85.085837464688 125.384668526135 0.866025403784 -0.500000000000
-88.662130683159 135.116195786595 0.000000000000 1.000000000000
34.424583878642 -89.359862110082 0.866025403784 -0.500000000000
-34.032136645999 -9.409340583787 0.866025403784 0.500000000000
29.930161715591 141.390790563639 0.866025403784 -0.500000000000
-36.343671276268 -76.620198820476 0.866025403784 0.500000000000
86.307026194403 72.892202511463 0.000000000000 1.000000000000
-12.610896006076 -18.298733301616 0.000000000000 1.000000000000
70.316145344516 -2.235274175901 0.866025403784 -0.500000000000
-132.559699873687 -6.065849493978 0.866025403784 0.500000000000
-13.909310589066 109.240371838777 0.866025403784 -0.500000000000
