#Configurational_file created 2018-09-14 11:31:23  started 2018-09-14 11:31:23 run for 0.0s steps 0
name: p_758
step: 10000
specie: 20
	particle_diameter: 1.0000000000000000
	interaction_length: 1.2000000000000000
	number_of_patches: 3
	number_of_particles_per_compound: 1
	rod_length: 1.0000000000000000
	interaction_matrix:  1.000000 1.000000 1.000000 1.000000 1.000000 1.000000 1.000000 1.000000 1.000000
	patch_type: symmetric
	patch_width: 8.0000000000000000
	patch_angle: 0.0000000000000000
	angles:  0.000000 0.000000 0.000000
	grand_canonical: 0
	chemical_potential: 0.0000000000000000
box: 18.278982 18.278982
copy: 1.000000 1.000000
epsilon: 0.1042460000000000
end_epsilon: 0.0000000000000000
pressure: 0.5834040000000000
lambda: 0.0000000000000000
lambda_coupling: 1.0000000000000000
uy: 0.0000000000000000
maximum_displacement: 1.0000000000000000
maximum_rotation: 1.0000000000000000
maximum_volume: 1.0000000000000000
maximum_shape: 0.0000001000000000
maximum_dsigma: 0.0100000000000000
mod: 10
pmod: 10
optimize: 1
verbose: 1
snapshot: 0
display: 1
explore: 1
npt: 1
nptxy: 0
nptdxdy: 0
shape: 0
seed: 864637
53.163933326446 237.387873104625 0.866025403784 -0.500000000000
-28.932221382917 -107.225773652039 0.866025403784 0.500000000000
112.937259446591 22.919821686538 0.000000000000 1.000000000000
73.013160816377 -89.168506816342 0.866025403784 -0.500000000000
96.357516944338 -33.262460809002 0.866025403784 0.500000000000
42.991782373956 -83.005829388955 0.866025403784 0.500000000000
-70.673048384488 63.319450082609 0.000000000000 1.000000000000
114.004895368391 46.671696824009 0.866025403784 -0.500000000000
-3.440593801662 5.721892380715 0.866025403784 0.500000000000
132.423617389264 106.591526935164 0.866025403784 0.500000000000
-59.302129665044 93.047664348366 0.000000000000 1.000000000000
-71.131333226469 -53.602693496811 0.000000000000 1.000000000000
23.157448936729 128.049005125267 0.866025403784 -0.500000000000
-123.421405575411 -66.094178295358 0.000000000000 1.000000000000
47.624051396070 124.261393183655 0.866025403784 -0.500000000000
-67.633840953092 14.035692559484 0.000000000000 1.000000000000
115.712696334949 18.281444876691 0.000000000000 1.000000000000
0.482946962909 33.239566990644 0.000000000000 1.000000000000
-2.500233985519 -103.652488496178 0.866025403784 -0.500000000000
-92.230874040749 0.655109926020 0.000000000000 1.000000000000
