#Configurational_file created 2018-09-14 11:59:01  started 2018-09-14 11:59:00 run for 1.0s steps 0
name: p_752
step: 10000
specie: 20
	particle_diameter: 1.0000000000000000
	interaction_length: 1.2000000000000000
	number_of_patches: 3
	number_of_particles_per_compound: 1
	rod_length: 1.0000000000000000
	interaction_matrix:  1.000000 1.000000 1.000000 1.000000 1.000000 1.000000 1.000000 1.000000 1.000000
	patch_type: symmetric
	patch_width: 8.0000000000000000
	patch_angle: 0.0000000000000000
	angles:  0.000000 0.000000 0.000000
	grand_canonical: 0
	chemical_potential: 0.0000000000000000
box: 49.352029 49.352029
copy: 1.000000 1.000000
epsilon: 0.0104170000000000
end_epsilon: 0.0000000000000000
pressure: 0.0041680000000000
lambda: 0.0000000000000000
lambda_coupling: 1.0000000000000000
uy: 0.0000000000000000
maximum_displacement: 1.0000000000000000
maximum_rotation: 1.0000000000000000
maximum_volume: 1.0000000000000000
maximum_shape: 0.0000001000000000
maximum_dsigma: 0.0100000000000000
mod: 10
pmod: 10
optimize: 1
verbose: 1
snapshot: 0
display: 1
explore: 1
npt: 1
nptxy: 0
nptdxdy: 0
shape: 0
seed: 857815
-149.572442184777 24.278982341829 0.866025403784 -0.500000000000
-23.361671597670 -66.591325835442 0.866025403784 0.500000000000
58.478108285441 -137.646272930832 0.000000000000 1.000000000000
61.715950760044 -1.911795150493 0.866025403784 -0.500000000000
-188.622778089837 304.186486940348 0.866025403784 -0.500000000000
-164.479072626518 -85.664179896031 0.000000000000 1.000000000000
114.223631376934 167.720749980234 0.000000000000 1.000000000000
283.474814565041 258.875975686904 0.866025403784 -0.500000000000
-63.635375902782 6.726549404370 0.866025403784 -0.500000000000
117.031232773356 122.326308105275 0.866025403784 0.500000000000
83.284904785382 -53.709536211773 0.866025403784 0.500000000000
38.459772252263 -14.802313244735 0.866025403784 0.500000000000
36.371503957433 -146.803284039012 0.866025403784 -0.500000000000
-364.600054806402 284.742109606780 0.866025403784 0.500000000000
-30.263713656156 142.920368216025 0.866025403784 0.500000000000
-223.164131025387 153.676572139945 0.000000000000 1.000000000000
-17.285649569325 -106.083787616773 0.000000000000 1.000000000000
-170.265327684073 19.689146651717 0.000000000000 1.000000000000
143.099289892683 376.515795743297 0.866025403784 -0.500000000000
-370.516514983573 -32.374993397512 0.000000000000 1.000000000000
