#Configurational_file created 2018-09-14 11:31:21  started 2018-09-14 11:31:21 run for 0.0s steps 0
name: p_755
step: 10000
specie: 20
	particle_diameter: 1.0000000000000000
	interaction_length: 1.2000000000000000
	number_of_patches: 3
	number_of_particles_per_compound: 1
	rod_length: 1.0000000000000000
	interaction_matrix:  1.000000 1.000000 1.000000 1.000000 1.000000 1.000000 1.000000 1.000000 1.000000
	patch_type: symmetric
	patch_width: 8.0000000000000000
	patch_angle: 0.0000000000000000
	angles:  0.000000 0.000000 0.000000
	grand_canonical: 0
	chemical_potential: 0.0000000000000000
box: 30.542571 30.542571
copy: 1.000000 1.000000
epsilon: 0.1042460000000000
end_epsilon: 0.0000000000000000
pressure: 0.3334170000000000
lambda: 0.0000000000000000
lambda_coupling: 1.0000000000000000
uy: 0.0000000000000000
maximum_displacement: 1.0000000000000000
maximum_rotation: 1.0000000000000000
maximum_volume: 1.0000000000000000
maximum_shape: 0.0000001000000000
maximum_dsigma: 0.0100000000000000
mod: 10
pmod: 10
optimize: 1
verbose: 1
snapshot: 0
display: 1
explore: 1
npt: 1
nptxy: 0
nptdxdy: 0
shape: 0
seed: 861226
-24.732701643994 9.762445500745 0.000000000000 1.000000000000
27.804664170647 -201.956549726629 0.866025403784 0.500000000000
135.566745584866 -106.674171876123 0.000000000000 1.000000000000
18.832344458806 -10.416170196868 0.866025403784 0.500000000000
-5.487386092844 -46.934647413682 0.866025403784 0.500000000000
-17.104051162995 25.541453216482 0.866025403784 -0.500000000000
-70.721368256247 13.563683061018 0.866025403784 -0.500000000000
-40.346806623278 79.302985097025 0.866025403784 0.500000000000
-91.290651515174 -155.287464928617 0.000000000000 1.000000000000
108.858703621129 148.857809999620 0.866025403784 -0.500000000000
206.667596024039 -154.288877243969 0.866025403784 -0.500000000000
135.860931907278 7.579809216164 0.866025403784 -0.500000000000
-26.488089366048 107.103626792044 0.000000000000 1.000000000000
90.992010988172 -41.233451416659 0.866025403784 -0.500000000000
-120.506977131635 51.727038714312 0.866025403784 0.500000000000
71.665019525725 136.440953963227 0.866025403784 0.500000000000
70.900996712035 -7.545531536643 0.866025403784 -0.500000000000
-204.569373025503 87.894676303752 0.000000000000 1.000000000000
88.569683617258 -227.783956264380 0.866025403784 0.500000000000
23.125016386522 168.554938391737 0.866025403784 0.500000000000
