#Configurational_file created 2018-09-14 11:59:06  started 2018-09-14 11:59:05 run for 1.0s steps 0
name: p_758
step: 10000
specie: 20
	particle_diameter: 1.0000000000000000
	interaction_length: 1.2000000000000000
	number_of_patches: 3
	number_of_particles_per_compound: 1
	rod_length: 1.0000000000000000
	interaction_matrix:  1.000000 1.000000 1.000000 1.000000 1.000000 1.000000 1.000000 1.000000 1.000000
	patch_type: symmetric
	patch_width: 8.0000000000000000
	patch_angle: 0.0000000000000000
	angles:  0.000000 0.000000 0.000000
	grand_canonical: 0
	chemical_potential: 0.0000000000000000
box: 46.978758 46.978758
copy: 1.000000 1.000000
epsilon: 0.0104170000000000
end_epsilon: 0.0000000000000000
pressure: 0.0291670000000000
lambda: 0.0000000000000000
lambda_coupling: 1.0000000000000000
uy: 0.0000000000000000
maximum_displacement: 1.0000000000000000
maximum_rotation: 1.0000000000000000
maximum_volume: 1.0000000000000000
maximum_shape: 0.0000001000000000
maximum_dsigma: 0.0100000000000000
mod: 10
pmod: 10
optimize: 1
verbose: 1
snapshot: 0
display: 1
explore: 1
npt: 1
nptxy: 0
nptdxdy: 0
shape: 0
seed: 864637
-192.449213510640 445.364323493264 0.866025403784 0.500000000000
36.215980697788 -7.311282407871 0.866025403784 -0.500000000000
102.499600066625 3.896295119230 0.866025403784 0.500000000000
92.730736101209 -155.595410938949 0.866025403784 -0.500000000000
89.588833793687 -86.081967300549 0.000000000000 1.000000000000
73.067269377248 -199.205401694840 0.000000000000 1.000000000000
236.857748211509 199.161730640099 0.866025403784 -0.500000000000
-63.102161110943 101.904571687987 0.866025403784 0.500000000000
-138.930961677134 139.030841005071 0.866025403784 0.500000000000
-0.585863715033 130.757492964434 0.000000000000 1.000000000000
-130.767358889996 -193.871314062256 0.866025403784 0.500000000000
118.910561830711 56.654230634239 0.866025403784 0.500000000000
44.523307207739 145.497554332911 0.866025403784 0.500000000000
-38.841679472589 -223.738251415886 0.000000000000 1.000000000000
-121.906909869260 8.318901663085 0.000000000000 1.000000000000
-6.338098921575 131.745202789052 0.866025403784 0.500000000000
45.486713453015 -101.238563416791 0.866025403784 -0.500000000000
82.798903262548 -77.656010178142 0.000000000000 1.000000000000
6.792374867494 -181.977511889761 0.866025403784 0.500000000000
-321.259616337998 -54.567090435963 0.866025403784 -0.500000000000
