#Configurational_file created 2018-09-14 12:20:19  started 2018-09-14 12:20:19 run for 0.0s steps 0
name: p_75
step: 10000
specie: 20
	particle_diameter: 1.0000000000000000
	interaction_length: 1.2000000000000000
	number_of_patches: 3
	number_of_particles_per_compound: 1
	rod_length: 1.0000000000000000
	interaction_matrix:  1.000000 1.000000 1.000000 1.000000 1.000000 1.000000 1.000000 1.000000 1.000000
	patch_type: symmetric
	patch_width: 8.0000000000000000
	patch_angle: 0.0000000000000000
	angles:  0.000000 0.000000 0.000000
	grand_canonical: 0
	chemical_potential: 0.0000000000000000
box: 52.667856 52.667856
copy: 1.000000 1.000000
epsilon: 1.0000009999999999
end_epsilon: 0.0000000000000000
pressure: 0.0000010000000000
lambda: 0.0000000000000000
lambda_coupling: 1.0000000000000000
uy: 0.0000000000000000
maximum_displacement: 1.0000000000000000
maximum_rotation: 1.0000000000000000
maximum_volume: 1.0000000000000000
maximum_shape: 0.0000001000000000
maximum_dsigma: 0.0100000000000000
mod: 10
pmod: 10
optimize: 1
verbose: 1
snapshot: 0
display: 1
explore: 1
npt: 1
nptxy: 0
nptdxdy: 0
shape: 0
seed: 88066
-12.634526723450 -95.259168728185 0.866025403784 -0.500000000000
-93.379877821052 215.554814647450 0.866025403784 0.500000000000
-40.218241246354 -117.942911730873 0.866025403784 0.500000000000
79.701053526617 18.124549208643 0.866025403784 0.500000000000
-51.304868533212 320.669970308490 0.866025403784 0.500000000000
-208.487653836028 112.371322608272 0.000000000000 1.000000000000
-139.534852202597 201.130852117696 0.000000000000 1.000000000000
216.578778689867 317.014023009313 0.000000000000 1.000000000000
-91.651548930519 -212.127515066497 0.000000000000 1.000000000000
137.396029942735 -104.168494801083 0.866025403784 0.500000000000
91.064028301257 401.438165973317 0.000000000000 1.000000000000
206.170892634478 293.066813388135 0.866025403784 -0.500000000000
95.510122966509 221.099914038801 0.866025403784 0.500000000000
53.690228455163 34.013411628121 0.000000000000 1.000000000000
-282.461729832511 304.418909654407 0.866025403784 0.500000000000
114.179601855544 0.375050573807 0.866025403784 0.500000000000
-209.141652740545 102.075345128093 0.866025403784 -0.500000000000
-93.799603341991 111.991846045194 0.000000000000 1.000000000000
-63.393391924338 306.433695543779 0.000000000000 1.000000000000
115.521432483478 -269.527286346507 0.866025403784 -0.500000000000
