#Configurational_file created 2018-09-14 11:31:21  started 2018-09-14 11:31:20 run for 1.0s steps 0
name: p_754
step: 10000
specie: 20
	particle_diameter: 1.0000000000000000
	interaction_length: 1.2000000000000000
	number_of_patches: 3
	number_of_particles_per_compound: 1
	rod_length: 1.0000000000000000
	interaction_matrix:  1.000000 1.000000 1.000000 1.000000 1.000000 1.000000 1.000000 1.000000 1.000000
	patch_type: symmetric
	patch_width: 8.0000000000000000
	patch_angle: 0.0000000000000000
	angles:  0.000000 0.000000 0.000000
	grand_canonical: 0
	chemical_potential: 0.0000000000000000
box: 29.610586 29.610586
copy: 1.000000 1.000000
epsilon: 0.1042460000000000
end_epsilon: 0.0000000000000000
pressure: 0.2500870000000000
lambda: 0.0000000000000000
lambda_coupling: 1.0000000000000000
uy: 0.0000000000000000
maximum_displacement: 1.0000000000000000
maximum_rotation: 1.0000000000000000
maximum_volume: 1.0000000000000000
maximum_shape: 0.0000001000000000
maximum_dsigma: 0.0100000000000000
mod: 10
pmod: 10
optimize: 1
verbose: 1
snapshot: 0
display: 1
explore: 1
npt: 1
nptxy: 0
nptdxdy: 0
shape: 0
seed: 860089
64.778086066565 24.395088392920 0.866025403784 -0.500000000000
114.326985126854 105.349667419557 0.000000000000 1.000000000000
89.429900332497 38.813491754500 0.866025403784 -0.500000000000
185.720469691684 52.222806465390 0.866025403784 0.500000000000
33.846765942550 -4.001780412312 0.000000000000 1.000000000000
-167.000450718707 -114.028805886771 0.866025403784 -0.500000000000
-33.719275176022 9.884387446367 0.866025403784 -0.500000000000
60.167533160564 -135.440304444713 0.000000000000 1.000000000000
29.355012100542 -17.316855282135 0.866025403784 0.500000000000
151.874453424398 -122.517481213026 0.866025403784 -0.500000000000
163.546440221890 -25.211098364867 0.866025403784 -0.500000000000
88.758741360741 -5.916493601153 0.866025403784 -0.500000000000
-59.780759344576 188.961567936860 0.866025403784 0.500000000000
-69.981290430795 120.886002541585 0.866025403784 -0.500000000000
-72.997733868993 149.322680056969 0.866025403784 0.500000000000
255.773366367351 101.811885946687 0.866025403784 -0.500000000000
286.117298464685 -28.733135185081 0.000000000000 1.000000000000
45.233286905569 -95.076652738730 0.866025403784 0.500000000000
23.714014190281 -9.319573741478 0.866025403784 -0.500000000000
139.665297532247 342.993587552769 0.866025403784 -0.500000000000
