#Configurational_file created 2018-09-14 11:59:04  started 2018-09-14 11:59:03 run for 1.0s steps 0
name: p_756
step: 10000
specie: 20
	particle_diameter: 1.0000000000000000
	interaction_length: 1.2000000000000000
	number_of_patches: 3
	number_of_particles_per_compound: 1
	rod_length: 1.0000000000000000
	interaction_matrix:  1.000000 1.000000 1.000000 1.000000 1.000000 1.000000 1.000000 1.000000 1.000000
	patch_type: symmetric
	patch_width: 8.0000000000000000
	patch_angle: 0.0000000000000000
	angles:  0.000000 0.000000 0.000000
	grand_canonical: 0
	chemical_potential: 0.0000000000000000
box: 48.935803 48.935803
copy: 1.000000 1.000000
epsilon: 0.0104170000000000
end_epsilon: 0.0000000000000000
pressure: 0.0208340000000000
lambda: 0.0000000000000000
lambda_coupling: 1.0000000000000000
uy: 0.0000000000000000
maximum_displacement: 1.0000000000000000
maximum_rotation: 1.0000000000000000
maximum_volume: 1.0000000000000000
maximum_shape: 0.0000001000000000
maximum_dsigma: 0.0100000000000000
mod: 10
pmod: 10
optimize: 1
verbose: 1
snapshot: 0
display: 1
explore: 1
npt: 1
nptxy: 0
nptdxdy: 0
shape: 0
seed: 862363
278.345660308544 -261.180428921184 0.866025403784 -0.500000000000
-90.693694126989 135.425577681304 0.000000000000 1.000000000000
97.383287392917 199.905808718443 0.866025403784 -0.500000000000
-141.423337633165 -24.351560334409 0.866025403784 -0.500000000000
109.164467080277 -122.644268005392 0.000000000000 1.000000000000
-170.402815652276 167.342254243296 0.000000000000 1.000000000000
230.211892767959 -39.372412760923 0.866025403784 0.500000000000
-51.725735879472 19.747564438247 0.000000000000 1.000000000000
45.265896481788 -403.704251374743 0.866025403784 -0.500000000000
250.554507694959 160.325535502092 0.000000000000 1.000000000000
-107.799722684721 -32.749290314855 0.866025403784 0.500000000000
-103.276439179793 94.317193912694 0.866025403784 -0.500000000000
223.325000954803 92.571233990287 0.866025403784 -0.500000000000
0.783462371006 110.888324319654 0.866025403784 -0.500000000000
153.630780168831 58.825159476089 0.866025403784 -0.500000000000
-167.721589982718 -75.868805947159 0.866025403784 -0.500000000000
-267.861530280391 -12.151415926120 0.000000000000 1.000000000000
-189.367977999687 -247.646197615458 0.000000000000 1.000000000000
122.559873746114 -113.798739882542 0.866025403784 -0.500000000000
-347.467724352971 -24.019893607431 0.000000000000 1.000000000000
