#Configurational_file created 2018-09-14 11:31:20  started 2018-09-14 11:31:19 run for 1.0s steps 0
name: p_753
step: 10000
specie: 20
	particle_diameter: 1.0000000000000000
	interaction_length: 1.2000000000000000
	number_of_patches: 3
	number_of_particles_per_compound: 1
	rod_length: 1.0000000000000000
	interaction_matrix:  1.000000 1.000000 1.000000 1.000000 1.000000 1.000000 1.000000 1.000000 1.000000
	patch_type: symmetric
	patch_width: 8.0000000000000000
	patch_angle: 0.0000000000000000
	angles:  0.000000 0.000000 0.000000
	grand_canonical: 0
	chemical_potential: 0.0000000000000000
box: 34.923727 34.923727
copy: 1.000000 1.000000
epsilon: 0.1042460000000000
end_epsilon: 0.0000000000000000
pressure: 0.1667580000000000
lambda: 0.0000000000000000
lambda_coupling: 1.0000000000000000
uy: 0.0000000000000000
maximum_displacement: 1.0000000000000000
maximum_rotation: 1.0000000000000000
maximum_volume: 1.0000000000000000
maximum_shape: 0.0000001000000000
maximum_dsigma: 0.0100000000000000
mod: 10
pmod: 10
optimize: 1
verbose: 1
snapshot: 0
display: 1
explore: 1
npt: 1
nptxy: 0
nptdxdy: 0
shape: 0
seed: 858952
114.997892193391 218.541851123179 0.866025403784 0.500000000000
-30.938291545111 128.489550174514 0.866025403784 -0.500000000000
6.434400438674 152.445167358803 0.866025403784 0.500000000000
-180.165971830679 -70.441551787047 0.000000000000 1.000000000000
93.472050918024 235.390101117264 0.866025403784 0.500000000000
249.556613576057 -168.567915936335 0.866025403784 -0.500000000000
-122.624308809139 182.749943752828 0.866025403784 0.500000000000
-80.054963374457 -30.384792080858 0.866025403784 0.500000000000
103.470619070918 78.515967920126 0.000000000000 1.000000000000
22.112234896054 -132.295644757640 0.000000000000 1.000000000000
-108.296475877039 -26.436275371599 0.866025403784 0.500000000000
147.671539030018 -108.800512346602 0.866025403784 0.500000000000
111.108928703740 109.176981036573 0.866025403784 -0.500000000000
-127.299962197693 -17.020338332683 0.866025403784 -0.500000000000
66.904708423876 16.407281042145 0.866025403784 0.500000000000
-57.221936913018 -151.969252420749 0.866025403784 -0.500000000000
-54.395844964969 316.018344998693 0.866025403784 -0.500000000000
-15.093154264636 34.420700280448 0.866025403784 0.500000000000
139.190855572086 309.692994309717 0.000000000000 1.000000000000
29.616933548406 114.833082981833 0.000000000000 1.000000000000
