#Configurational_file created 2018-09-14 11:31:19  started 2018-09-14 11:31:18 run for 1.0s steps 0
name: p_751
step: 10000
specie: 20
	particle_diameter: 1.0000000000000000
	interaction_length: 1.2000000000000000
	number_of_patches: 3
	number_of_particles_per_compound: 1
	rod_length: 1.0000000000000000
	interaction_matrix:  1.000000 1.000000 1.000000 1.000000 1.000000 1.000000 1.000000 1.000000 1.000000
	patch_type: symmetric
	patch_width: 8.0000000000000000
	patch_angle: 0.0000000000000000
	angles:  0.000000 0.000000 0.000000
	grand_canonical: 0
	chemical_potential: 0.0000000000000000
box: 52.830633 52.830633
copy: 1.000000 1.000000
epsilon: 0.1042460000000000
end_epsilon: 0.0000000000000000
pressure: 0.0001000000000000
lambda: 0.0000000000000000
lambda_coupling: 1.0000000000000000
uy: 0.0000000000000000
maximum_displacement: 1.0000000000000000
maximum_rotation: 1.0000000000000000
maximum_volume: 1.0000000000000000
maximum_shape: 0.0000001000000000
maximum_dsigma: 0.0100000000000000
mod: 10
pmod: 10
optimize: 1
verbose: 1
snapshot: 0
display: 1
explore: 1
npt: 1
nptxy: 0
nptdxdy: 0
shape: 0
seed: 856678
-41.154525038765 -394.366828795106 0.000000000000 1.000000000000
-84.219958108279 -260.042807469776 0.866025403784 -0.500000000000
300.303461113729 -64.414398800379 0.000000000000 1.000000000000
-220.224754342580 -220.151803981919 0.866025403784 0.500000000000
306.344045386496 -202.282682002875 0.000000000000 1.000000000000
89.064176843897 -26.775118467654 0.000000000000 1.000000000000
307.846015140851 -64.675253366605 0.000000000000 1.000000000000
-66.913282989460 194.135342387619 0.866025403784 -0.500000000000
170.054157195374 -111.523172014835 0.866025403784 0.500000000000
173.649246438942 37.647740769874 0.866025403784 0.500000000000
-346.725090587018 210.147367330559 0.866025403784 0.500000000000
440.246576712834 117.285531982352 0.866025403784 -0.500000000000
-125.857414322240 100.840084684977 0.866025403784 -0.500000000000
244.883088867471 -11.670286155578 0.000000000000 1.000000000000
-50.782123700780 -357.027683399905 0.000000000000 1.000000000000
-75.423401350074 -140.531081135128 0.866025403784 -0.500000000000
-153.293961993231 91.557967575744 0.866025403784 -0.500000000000
185.844660079144 -44.853126370105 0.866025403784 -0.500000000000
72.685475993332 156.193359228457 0.866025403784 -0.500000000000
199.174325445379 159.289869946062 0.866025403784 0.500000000000
