#Configurational_file created 2018-09-14 11:59:03  started 2018-09-14 11:59:02 run for 1.0s steps 0
name: p_754
step: 10000
specie: 20
	particle_diameter: 1.0000000000000000
	interaction_length: 1.2000000000000000
	number_of_patches: 3
	number_of_particles_per_compound: 1
	rod_length: 1.0000000000000000
	interaction_matrix:  1.000000 1.000000 1.000000 1.000000 1.000000 1.000000 1.000000 1.000000 1.000000
	patch_type: symmetric
	patch_width: 8.0000000000000000
	patch_angle: 0.0000000000000000
	angles:  0.000000 0.000000 0.000000
	grand_canonical: 0
	chemical_potential: 0.0000000000000000
box: 49.559384 49.559384
copy: 1.000000 1.000000
epsilon: 0.0104170000000000
end_epsilon: 0.0000000000000000
pressure: 0.0125010000000000
lambda: 0.0000000000000000
lambda_coupling: 1.0000000000000000
uy: 0.0000000000000000
maximum_displacement: 1.0000000000000000
maximum_rotation: 1.0000000000000000
maximum_volume: 1.0000000000000000
maximum_shape: 0.0000001000000000
maximum_dsigma: 0.0100000000000000
mod: 10
pmod: 10
optimize: 1
verbose: 1
snapshot: 0
display: 1
explore: 1
npt: 1
nptxy: 0
nptdxdy: 0
shape: 0
seed: 860089
-42.913927562038 135.649477235236 0.866025403784 0.500000000000
113.099086763721 -106.950546538568 0.866025403784 -0.500000000000
-28.646766017725 -51.379886881540 0.866025403784 0.500000000000
399.501610823894 102.031641923266 0.866025403784 -0.500000000000
55.603127074617 336.105103079627 0.866025403784 -0.500000000000
305.716890492116 224.249437239163 0.000000000000 1.000000000000
-321.860587009669 -158.573156483362 0.000000000000 1.000000000000
51.291504722852 -228.676418129168 0.866025403784 -0.500000000000
121.664400795831 -371.057681722662 0.866025403784 -0.500000000000
2.265136218282 78.559541815506 0.866025403784 0.500000000000
-1.353602572490 -46.171001891439 0.866025403784 -0.500000000000
-94.040795721533 17.404639133294 0.866025403784 -0.500000000000
124.125985964675 246.219101437832 0.866025403784 0.500000000000
-31.735376128432 -101.638606471885 0.000000000000 1.000000000000
70.820937325299 146.025887679177 0.000000000000 1.000000000000
303.610940690102 118.972670217332 0.866025403784 -0.500000000000
127.068452362701 327.003638958832 0.866025403784 -0.500000000000
158.076042702718 81.456613494735 0.866025403784 0.500000000000
-224.482860034315 232.731866385774 0.866025403784 0.500000000000
-72.587564874448 23.659093562818 0.866025403784 -0.500000000000
