#Configurational_file created 2018-09-14 11:31:18  started 2018-09-14 11:31:17 run for 1.0s steps 0
name: p_750
step: 10000
specie: 20
	particle_diameter: 1.0000000000000000
	interaction_length: 1.2000000000000000
	number_of_patches: 3
	number_of_particles_per_compound: 1
	rod_length: 1.0000000000000000
	interaction_matrix:  1.000000 1.000000 1.000000 1.000000 1.000000 1.000000 1.000000 1.000000 1.000000
	patch_type: symmetric
	patch_width: 8.0000000000000000
	patch_angle: 0.0000000000000000
	angles:  0.000000 0.000000 0.000000
	grand_canonical: 0
	chemical_potential: 0.0000000000000000
box: 12.033503 12.033503
copy: 1.000000 1.000000
epsilon: 0.0834170000000000
end_epsilon: 0.0000000000000000
pressure: 2.0000000000000000
lambda: 0.0000000000000000
lambda_coupling: 1.0000000000000000
uy: 0.0000000000000000
maximum_displacement: 1.0000000000000000
maximum_rotation: 1.0000000000000000
maximum_volume: 1.0000000000000000
maximum_shape: 0.0000001000000000
maximum_dsigma: 0.0100000000000000
mod: 10
pmod: 10
optimize: 1
verbose: 1
snapshot: 0
display: 1
explore: 1
npt: 1
nptxy: 0
nptdxdy: 0
shape: 0
seed: 855541
164.255601591814 70.016071819714 0.000000000000 1.000000000000
110.301846593027 25.502768593167 0.000000000000 1.000000000000
14.174183713095 -50.124253120591 0.000000000000 1.000000000000
-49.961536057476 -53.523093454235 0.866025403784 0.500000000000
8.566485941684 99.977429011324 0.866025403784 0.500000000000
-11.993008752858 -70.989465755374 0.866025403784 -0.500000000000
68.026042535149 -108.181116328137 0.866025403784 0.500000000000
172.567930934157 -39.263733317211 0.866025403784 -0.500000000000
-9.863882463838 -4.506184217342 0.866025403784 -0.500000000000
198.629779896329 64.638340582050 0.866025403784 0.500000000000
-10.793832009222 -133.920207161560 0.000000000000 1.000000000000
-97.564049429968 -44.440054765318 0.866025403784 -0.500000000000
19.794681119217 -106.639818903648 0.866025403784 0.500000000000
-29.647512659554 23.143561598934 0.866025403784 -0.500000000000
-63.509466182682 -180.997654350850 0.000000000000 1.000000000000
-17.072843877069 -98.201734464723 0.866025403784 0.500000000000
47.910936499841 -33.793530577982 0.866025403784 -0.500000000000
166.143135686846 -116.237973148204 0.866025403784 -0.500000000000
-61.556433736129 -86.442110273621 0.866025403784 0.500000000000
-4.968995618846 -55.511568741591 0.000000000000 1.000000000000
