#Configurational_file created 2018-09-14 11:59:03  started 2018-09-14 11:59:03 run for 0.0s steps 0
name: p_755
step: 10000
specie: 20
	particle_diameter: 1.0000000000000000
	interaction_length: 1.2000000000000000
	number_of_patches: 3
	number_of_particles_per_compound: 1
	rod_length: 1.0000000000000000
	interaction_matrix:  1.000000 1.000000 1.000000 1.000000 1.000000 1.000000 1.000000 1.000000 1.000000
	patch_type: symmetric
	patch_width: 8.0000000000000000
	patch_angle: 0.0000000000000000
	angles:  0.000000 0.000000 0.000000
	grand_canonical: 0
	chemical_potential: 0.0000000000000000
box: 55.739008 55.739008
copy: 1.000000 1.000000
epsilon: 0.0104170000000000
end_epsilon: 0.0000000000000000
pressure: 0.0166680000000000
lambda: 0.0000000000000000
lambda_coupling: 1.0000000000000000
uy: 0.0000000000000000
maximum_displacement: 1.0000000000000000
maximum_rotation: 1.0000000000000000
maximum_volume: 1.0000000000000000
maximum_shape: 0.0000001000000000
maximum_dsigma: 0.0100000000000000
mod: 10
pmod: 10
optimize: 1
verbose: 1
snapshot: 0
display: 1
explore: 1
npt: 1
nptxy: 0
nptdxdy: 0
shape: 0
seed: 861226
138.221438656707 -115.914340487170 0.000000000000 1.000000000000
-439.478734887921 -75.748355725870 0.866025403784 -0.500000000000
138.160405009785 6.100663598102 0.000000000000 1.000000000000
45.197406292952 218.866843037318 0.000000000000 1.000000000000
387.652460737006 143.457718579374 0.866025403784 0.500000000000
33.092557766161 51.386706061294 0.866025403784 0.500000000000
-283.315499607647 91.997129501288 0.000000000000 1.000000000000
55.542209558130 143.493340679032 0.866025403784 0.500000000000
54.753595400509 -123.478892430974 0.866025403784 -0.500000000000
-255.964219151000 -3.386779909826 0.000000000000 1.000000000000
217.487386556968 -30.143294084423 0.866025403784 -0.500000000000
64.457891965212 69.758441879260 0.866025403784 0.500000000000
112.719098262262 -97.579506169951 0.866025403784 -0.500000000000
102.577079240830 2.904760834169 0.000000000000 1.000000000000
23.681611101235 419.726548374321 0.866025403784 0.500000000000
133.981996232381 68.107497513255 0.000000000000 1.000000000000
124.898599457246 -309.964949352146 0.000000000000 1.000000000000
-157.564469658760 255.722315005302 0.866025403784 0.500000000000
78.755483004283 -325.259072113132 0.866025403784 0.500000000000
-126.855809654239 274.592964810025 0.866025403784 -0.500000000000
