#Configurational_file created 2018-09-14 11:59:07  started 2018-09-14 11:59:06 run for 1.0s steps 0
name: p_760
step: 10000
specie: 20
	particle_diameter: 1.0000000000000000
	interaction_length: 1.2000000000000000
	number_of_patches: 3
	number_of_particles_per_compound: 1
	rod_length: 1.0000000000000000
	interaction_matrix:  1.000000 1.000000 1.000000 1.000000 1.000000 1.000000 1.000000 1.000000 1.000000
	patch_type: symmetric
	patch_width: 8.0000000000000000
	patch_angle: 0.0000000000000000
	angles:  0.000000 0.000000 0.000000
	grand_canonical: 0
	chemical_potential: 0.0000000000000000
box: 54.820552 54.820552
copy: 1.000000 1.000000
epsilon: 0.0104170000000000
end_epsilon: 0.0000000000000000
pressure: 0.0375010000000000
lambda: 0.0000000000000000
lambda_coupling: 1.0000000000000000
uy: 0.0000000000000000
maximum_displacement: 1.0000000000000000
maximum_rotation: 1.0000000000000000
maximum_volume: 1.0000000000000000
maximum_shape: 0.0000001000000000
maximum_dsigma: 0.0100000000000000
mod: 10
pmod: 10
optimize: 1
verbose: 1
snapshot: 0
display: 1
explore: 1
npt: 1
nptxy: 0
nptdxdy: 0
shape: 0
seed: 866911
136.160361098540 -21.808159834045 0.866025403784 0.500000000000
-65.243239474695 109.085906190743 0.000000000000 1.000000000000
-4.302024449766 132.068199374503 0.866025403784 -0.500000000000
342.965625014682 -232.274452369651 0.000000000000 1.000000000000
258.648251291192 2.017779834976 0.866025403784 0.500000000000
4.612167732571 -279.309885271754 0.000000000000 1.000000000000
344.741578841681 95.251427121271 0.000000000000 1.000000000000
201.620725836651 136.772027236798 0.000000000000 1.000000000000
-112.841996819510 -106.764013481603 0.866025403784 0.500000000000
132.973539464889 -158.820428642322 0.866025403784 0.500000000000
156.047894855659 -37.256397339311 0.000000000000 1.000000000000
-157.371520079894 0.660223247825 0.866025403784 0.500000000000
54.027580084900 219.836924731829 0.866025403784 -0.500000000000
349.436096310526 23.364072359028 0.000000000000 1.000000000000
400.449492430553 -5.636157834973 0.866025403784 -0.500000000000
144.243380588870 392.358374548471 0.866025403784 0.500000000000
-5.595919641713 317.627979206798 0.000000000000 1.000000000000
-296.326360926902 -10.886670342809 0.000000000000 1.000000000000
91.510337300967 -207.261261240394 0.866025403784 0.500000000000
85.943277401430 39.605106174768 0.866025403784 -0.500000000000
