#Configurational_file created 2018-09-14 11:59:10  started 2018-09-14 11:59:09 run for 1.0s steps 0
name: p_764
step: 10000
specie: 20
	particle_diameter: 1.0000000000000000
	interaction_length: 1.2000000000000000
	number_of_patches: 3
	number_of_particles_per_compound: 1
	rod_length: 1.0000000000000000
	interaction_matrix:  1.000000 1.000000 1.000000 1.000000 1.000000 1.000000 1.000000 1.000000 1.000000
	patch_type: symmetric
	patch_width: 8.0000000000000000
	patch_angle: 0.0000000000000000
	angles:  0.000000 0.000000 0.000000
	grand_canonical: 0
	chemical_potential: 0.0000000000000000
box: 47.991707 47.991707
copy: 1.000000 1.000000
epsilon: 0.0104170000000000
end_epsilon: 0.0000000000000000
pressure: 0.0541670000000000
lambda: 0.0000000000000000
lambda_coupling: 1.0000000000000000
uy: 0.0000000000000000
maximum_displacement: 1.0000000000000000
maximum_rotation: 1.0000000000000000
maximum_volume: 1.0000000000000000
maximum_shape: 0.0000001000000000
maximum_dsigma: 0.0100000000000000
mod: 10
pmod: 10
optimize: 1
verbose: 1
snapshot: 0
display: 1
explore: 1
npt: 1
nptxy: 0
nptdxdy: 0
shape: 0
seed: 871459
-123.861337431220 94.160802467461 0.000000000000 1.000000000000
57.922181356329 3.334270889575 0.000000000000 1.000000000000
309.552644876321 -60.233135658179 0.000000000000 1.000000000000
324.674037769692 72.404023431767 0.000000000000 1.000000000000
13.859161861412 -145.673784749728 0.000000000000 1.000000000000
-81.169279713412 322.276555418884 0.000000000000 1.000000000000
-128.368772401261 -204.292529533879 0.000000000000 1.000000000000
-172.014684282631 23.971887496503 0.000000000000 1.000000000000
-73.878450118621 109.901910192297 0.000000000000 1.000000000000
58.208309494711 -190.900822001071 0.000000000000 1.000000000000
-164.040348013865 -125.221361306003 0.866025403784 0.500000000000
-168.408601999370 71.975077814559 0.000000000000 1.000000000000
180.124930225149 50.489859220580 0.000000000000 1.000000000000
185.063745204776 101.437516262812 0.000000000000 1.000000000000
-6.572642330169 146.559933720853 0.000000000000 1.000000000000
-8.744135676412 139.993090055911 0.866025403784 -0.500000000000
429.670799905270 28.714592802924 0.866025403784 0.500000000000
15.292153220862 260.873290450655 0.866025403784 -0.500000000000
13.270522394616 102.103431441431 0.000000000000 1.000000000000
109.393639964315 -57.262315825793 0.866025403784 -0.500000000000
