#Configurational_file created 2018-09-14 11:59:12  started 2018-09-14 11:59:12 run for 0.0s steps 0
name: p_767
step: 10000
specie: 20
	particle_diameter: 1.0000000000000000
	interaction_length: 1.2000000000000000
	number_of_patches: 3
	number_of_particles_per_compound: 1
	rod_length: 1.0000000000000000
	interaction_matrix:  1.000000 1.000000 1.000000 1.000000 1.000000 1.000000 1.000000 1.000000 1.000000
	patch_type: symmetric
	patch_width: 8.0000000000000000
	patch_angle: 0.0000000000000000
	angles:  0.000000 0.000000 0.000000
	grand_canonical: 0
	chemical_potential: 0.0000000000000000
box: 48.580265 48.580265
copy: 1.000000 1.000000
epsilon: 0.0104170000000000
end_epsilon: 0.0000000000000000
pressure: 0.0666670000000000
lambda: 0.0000000000000000
lambda_coupling: 1.0000000000000000
uy: 0.0000000000000000
maximum_displacement: 1.0000000000000000
maximum_rotation: 1.0000000000000000
maximum_volume: 1.0000000000000000
maximum_shape: 0.0000001000000000
maximum_dsigma: 0.0100000000000000
mod: 10
pmod: 10
optimize: 1
verbose: 1
snapshot: 0
display: 1
explore: 1
npt: 1
nptxy: 0
nptdxdy: 0
shape: 0
seed: 874870
58.699606765998 185.585483839909 0.866025403784 -0.500000000000
-214.052812804853 79.628562038301 0.000000000000 1.000000000000
-132.313778125914 -4.908117726669 0.000000000000 1.000000000000
133.889349351344 293.964084308349 0.866025403784 0.500000000000
-259.283444496846 144.937021549943 0.866025403784 -0.500000000000
132.454536071965 -9.910556669355 0.866025403784 -0.500000000000
-95.467283862072 17.972455102080 0.866025403784 0.500000000000
82.852992942005 -77.578610478470 0.866025403784 0.500000000000
107.385645710611 261.233894373723 0.000000000000 1.000000000000
-88.419238782924 401.708971662986 0.866025403784 -0.500000000000
20.963921391612 -225.575713792277 0.866025403784 0.500000000000
-149.285973423692 -127.317829570367 0.866025403784 0.500000000000
86.010632573425 -35.783864314498 0.000000000000 1.000000000000
-307.982750453281 -116.095076092647 0.866025403784 0.500000000000
305.169807393300 -222.451797668754 0.866025403784 0.500000000000
270.751074085895 90.331586466377 0.000000000000 1.000000000000
110.859886746540 513.101046285694 0.866025403784 0.500000000000
-197.705033213284 -134.489986096087 0.866025403784 -0.500000000000
79.986191853010 -216.557121297684 0.866025403784 -0.500000000000
26.880554371969 152.547129469376 0.000000000000 1.000000000000
