#Configurational_file created 2018-09-14 11:31:30  started 2018-09-14 11:31:30 run for 0.0s steps 0
name: p_768
step: 10000
specie: 20
	particle_diameter: 1.0000000000000000
	interaction_length: 1.2000000000000000
	number_of_patches: 3
	number_of_particles_per_compound: 1
	rod_length: 1.0000000000000000
	interaction_matrix:  1.000000 1.000000 1.000000 1.000000 1.000000 1.000000 1.000000 1.000000 1.000000
	patch_type: symmetric
	patch_width: 8.0000000000000000
	patch_angle: 0.0000000000000000
	angles:  0.000000 0.000000 0.000000
	grand_canonical: 0
	chemical_potential: 0.0000000000000000
box: 13.143440 13.143440
copy: 1.000000 1.000000
epsilon: 0.1042460000000000
end_epsilon: 0.0000000000000000
pressure: 1.4166960000000000
lambda: 0.0000000000000000
lambda_coupling: 1.0000000000000000
uy: 0.0000000000000000
maximum_displacement: 1.0000000000000000
maximum_rotation: 1.0000000000000000
maximum_volume: 1.0000000000000000
maximum_shape: 0.0000001000000000
maximum_dsigma: 0.0100000000000000
mod: 10
pmod: 10
optimize: 1
verbose: 1
snapshot: 0
display: 1
explore: 1
npt: 1
nptxy: 0
nptdxdy: 0
shape: 0
seed: 876007
-62.723495155688 -48.769018608011 0.866025403784 -0.500000000000
-12.428725548424 59.478275007836 0.866025403784 0.500000000000
81.880945134849 59.822197064166 0.866025403784 -0.500000000000
-117.989609660419 -72.884513705411 0.866025403784 0.500000000000
46.666918187900 72.341725156290 0.866025403784 -0.500000000000
-36.722310180550 28.601401358266 0.866025403784 -0.500000000000
247.155439442372 -64.264988233090 0.000000000000 1.000000000000
-115.932202471336 -20.411474571565 0.866025403784 -0.500000000000
-81.784276505145 262.644338659259 0.866025403784 0.500000000000
66.924293553477 114.616177018200 0.000000000000 1.000000000000
-206.960669569576 127.773009842480 0.866025403784 -0.500000000000
16.882940684219 61.400484117581 0.866025403784 0.500000000000
-66.734278336788 159.326995034393 0.866025403784 -0.500000000000
14.215083655562 -73.541562293919 0.866025403784 0.500000000000
-270.406877851553 109.315291073113 0.866025403784 0.500000000000
65.103298444187 -83.072241099004 0.866025403784 -0.500000000000
-81.753813234267 268.932414151124 0.866025403784 0.500000000000
-67.452138395288 162.973205173133 0.866025403784 0.500000000000
57.154682436556 180.273547141876 0.866025403784 -0.500000000000
67.666415322911 -33.893423469664 0.000000000000 1.000000000000
