#Configurational_file created 2018-09-14 11:31:30  started 2018-09-14 11:31:29 run for 1.0s steps 0
name: p_767
step: 10000
specie: 20
	particle_diameter: 1.0000000000000000
	interaction_length: 1.2000000000000000
	number_of_patches: 3
	number_of_particles_per_compound: 1
	rod_length: 1.0000000000000000
	interaction_matrix:  1.000000 1.000000 1.000000 1.000000 1.000000 1.000000 1.000000 1.000000 1.000000
	patch_type: symmetric
	patch_width: 8.0000000000000000
	patch_angle: 0.0000000000000000
	angles:  0.000000 0.000000 0.000000
	grand_canonical: 0
	chemical_potential: 0.0000000000000000
box: 11.622435 11.622435
copy: 1.000000 1.000000
epsilon: 0.1042460000000000
end_epsilon: 0.0000000000000000
pressure: 1.3333670000000000
lambda: 0.0000000000000000
lambda_coupling: 1.0000000000000000
uy: 0.0000000000000000
maximum_displacement: 1.0000000000000000
maximum_rotation: 1.0000000000000000
maximum_volume: 1.0000000000000000
maximum_shape: 0.0000001000000000
maximum_dsigma: 0.0100000000000000
mod: 10
pmod: 10
optimize: 1
verbose: 1
snapshot: 0
display: 1
explore: 1
npt: 1
nptxy: 0
nptdxdy: 0
shape: 0
seed: 874870
-0.837623273527 -39.061267539829 0.866025403784 -0.500000000000
27.033577014188 43.218492447648 0.866025403784 0.500000000000
-99.587360260091 -11.756338962012 0.866025403784 -0.500000000000
-39.494575795411 96.725953843657 0.000000000000 1.000000000000
60.133862275201 -82.283770790843 0.000000000000 1.000000000000
14.059711153640 47.832246019030 0.866025403784 -0.500000000000
-18.609574053505 31.754991568080 0.000000000000 1.000000000000
-164.284418397920 58.595836583314 0.866025403784 -0.500000000000
36.469484025496 77.481555917936 0.000000000000 1.000000000000
-46.002539094047 83.194462335355 0.866025403784 -0.500000000000
-24.218279818207 -24.721767137763 0.000000000000 1.000000000000
109.681279910275 -18.504678111724 0.866025403784 -0.500000000000
-63.435277044661 143.524487160213 0.866025403784 -0.500000000000
-119.881832891824 9.927770759003 0.866025403784 0.500000000000
77.314899978076 18.555350264507 0.866025403784 -0.500000000000
214.306299489987 -32.720241001731 0.000000000000 1.000000000000
41.313899455607 125.558216206657 0.866025403784 -0.500000000000
77.331409259929 -57.155015812095 0.866025403784 0.500000000000
23.246025131166 -170.412308440692 0.866025403784 -0.500000000000
-101.123511685714 64.862072663776 0.866025403784 0.500000000000
