#Configurational_file created 2018-09-14 11:31:31  started 2018-09-14 11:31:30 run for 1.0s steps 0
name: p_769
step: 10000
specie: 20
	particle_diameter: 1.0000000000000000
	interaction_length: 1.2000000000000000
	number_of_patches: 3
	number_of_particles_per_compound: 1
	rod_length: 1.0000000000000000
	interaction_matrix:  1.000000 1.000000 1.000000 1.000000 1.000000 1.000000 1.000000 1.000000 1.000000
	patch_type: symmetric
	patch_width: 8.0000000000000000
	patch_angle: 0.0000000000000000
	angles:  0.000000 0.000000 0.000000
	grand_canonical: 0
	chemical_potential: 0.0000000000000000
box: 12.679224 12.679224
copy: 1.000000 1.000000
epsilon: 0.1042460000000000
end_epsilon: 0.0000000000000000
pressure: 1.5000249999999999
lambda: 0.0000000000000000
lambda_coupling: 1.0000000000000000
uy: 0.0000000000000000
maximum_displacement: 1.0000000000000000
maximum_rotation: 1.0000000000000000
maximum_volume: 1.0000000000000000
maximum_shape: 0.0000001000000000
maximum_dsigma: 0.0100000000000000
mod: 10
pmod: 10
optimize: 1
verbose: 1
snapshot: 0
display: 1
explore: 1
npt: 1
nptxy: 0
nptdxdy: 0
shape: 0
seed: 877144
-7.521044183758 71.083497787035 0.866025403784 -0.500000000000
121.186270129871 -118.221839435042 0.866025403784 -0.500000000000
38.588040883530 68.293474983621 0.866025403784 -0.500000000000
54.457208158934 -35.258242103700 0.866025403784 0.500000000000
57.317001871851 -48.961170845120 0.866025403784 0.500000000000
12.162350778970 -123.320660208204 0.866025403784 -0.500000000000
116.427613995300 -29.648977278977 0.000000000000 1.000000000000
-75.336689342920 85.796163448170 0.866025403784 0.500000000000
-10.137460572859 26.446331029831 0.000000000000 1.000000000000
69.355837926557 19.902935233806 0.866025403784 0.500000000000
-15.150286053560 147.276610674175 0.000000000000 1.000000000000
51.993114276599 -119.877251821910 0.866025403784 0.500000000000
-80.989403316775 75.759338952939 0.000000000000 1.000000000000
36.513155006778 -62.533367569985 0.866025403784 0.500000000000
45.540456331089 -53.119196749563 0.000000000000 1.000000000000
-76.182580979641 -37.179973582794 0.866025403784 0.500000000000
-72.102561951995 -2.996166280119 0.000000000000 1.000000000000
-79.551830932292 -98.715188267408 0.866025403784 0.500000000000
-70.454629969672 144.524514886650 0.866025403784 0.500000000000
113.104452575897 68.735540347160 0.866025403784 -0.500000000000
