#Configurational_file created 2018-09-14 11:59:08  started 2018-09-14 11:59:07 run for 1.0s steps 0
name: p_761
step: 10000
specie: 20
	particle_diameter: 1.0000000000000000
	interaction_length: 1.2000000000000000
	number_of_patches: 3
	number_of_particles_per_compound: 1
	rod_length: 1.0000000000000000
	interaction_matrix:  1.000000 1.000000 1.000000 1.000000 1.000000 1.000000 1.000000 1.000000 1.000000
	patch_type: symmetric
	patch_width: 8.0000000000000000
	patch_angle: 0.0000000000000000
	angles:  0.000000 0.000000 0.000000
	grand_canonical: 0
	chemical_potential: 0.0000000000000000
box: 50.739372 50.739372
copy: 1.000000 1.000000
epsilon: 0.0104170000000000
end_epsilon: 0.0000000000000000
pressure: 0.0416670000000000
lambda: 0.0000000000000000
lambda_coupling: 1.0000000000000000
uy: 0.0000000000000000
maximum_displacement: 1.0000000000000000
maximum_rotation: 1.0000000000000000
maximum_volume: 1.0000000000000000
maximum_shape: 0.0000001000000000
maximum_dsigma: 0.0100000000000000
mod: 10
pmod: 10
optimize: 1
verbose: 1
snapshot: 0
display: 1
explore: 1
npt: 1
nptxy: 0
nptdxdy: 0
shape: 0
seed: 868048
-35.016634720097 272.939176990987 0.866025403784 0.500000000000
-224.441947174343 73.463288024487 0.000000000000 1.000000000000
-84.526833055804 219.598753029812 0.000000000000 1.000000000000
53.052994565911 32.957239287119 0.866025403784 -0.500000000000
-8.642152206309 117.177232848350 0.866025403784 0.500000000000
-289.619812413005 399.716571489546 0.866025403784 -0.500000000000
86.333347568618 310.367819467593 0.866025403784 -0.500000000000
249.805721128878 70.715997702375 0.000000000000 1.000000000000
-38.381197235227 11.631928822286 0.866025403784 0.500000000000
263.601993022252 -278.172188682605 0.866025403784 0.500000000000
81.570247942448 9.033958901742 0.866025403784 0.500000000000
30.249014310248 -130.804099920298 0.866025403784 0.500000000000
131.199078076274 204.639327321416 0.866025403784 0.500000000000
-37.547541005019 154.123014235640 0.000000000000 1.000000000000
-65.272161481711 -26.827588333993 0.000000000000 1.000000000000
97.790996512336 298.732011679597 0.866025403784 -0.500000000000
-6.932954558360 -239.804068977314 0.866025403784 -0.500000000000
-139.791861734851 52.027322557655 0.866025403784 -0.500000000000
-41.609921820933 -182.794177831157 0.000000000000 1.000000000000
200.007366109106 32.432183813063 0.866025403784 -0.500000000000
