#Configurational_file created 2018-09-14 11:31:25  started 2018-09-14 11:31:24 run for 1.0s steps 0
name: p_760
step: 10000
specie: 20
	particle_diameter: 1.0000000000000000
	interaction_length: 1.2000000000000000
	number_of_patches: 3
	number_of_particles_per_compound: 1
	rod_length: 1.0000000000000000
	interaction_matrix:  1.000000 1.000000 1.000000 1.000000 1.000000 1.000000 1.000000 1.000000 1.000000
	patch_type: symmetric
	patch_width: 8.0000000000000000
	patch_angle: 0.0000000000000000
	angles:  0.000000 0.000000 0.000000
	grand_canonical: 0
	chemical_potential: 0.0000000000000000
box: 16.530695 16.530695
copy: 1.000000 1.000000
epsilon: 0.1042460000000000
end_epsilon: 0.0000000000000000
pressure: 0.7500620000000000
lambda: 0.0000000000000000
lambda_coupling: 1.0000000000000000
uy: 0.0000000000000000
maximum_displacement: 1.0000000000000000
maximum_rotation: 1.0000000000000000
maximum_volume: 1.0000000000000000
maximum_shape: 0.0000001000000000
maximum_dsigma: 0.0100000000000000
mod: 10
pmod: 10
optimize: 1
verbose: 1
snapshot: 0
display: 1
explore: 1
npt: 1
nptxy: 0
nptdxdy: 0
shape: 0
seed: 866911
-65.274297760955 -87.369564719316 0.000000000000 1.000000000000
204.147387884352 92.877458055649 0.000000000000 1.000000000000
-183.395330084089 111.037628102881 0.000000000000 1.000000000000
99.693381004631 -24.715309353921 0.866025403784 -0.500000000000
46.436920330104 69.879667092290 0.866025403784 -0.500000000000
-153.238655888450 -15.841427732757 0.000000000000 1.000000000000
27.514745237400 -42.981094932131 0.866025403784 0.500000000000
-2.787604058235 99.960636518890 0.866025403784 0.500000000000
183.166791149555 -65.636036575006 0.866025403784 0.500000000000
-57.892283107386 -170.822904939256 0.000000000000 1.000000000000
16.037820610658 5.675354447130 0.866025403784 0.500000000000
42.953973195408 -6.991558947700 0.000000000000 1.000000000000
-19.902869443266 67.720384039689 0.866025403784 0.500000000000
186.594367949376 -40.649250803025 0.866025403784 -0.500000000000
202.023391999932 121.459734083379 0.866025403784 -0.500000000000
-70.233186552440 180.966229236909 0.000000000000 1.000000000000
-48.695080569781 46.008561900864 0.000000000000 1.000000000000
70.805411730746 38.135736056772 0.866025403784 -0.500000000000
-132.936539415787 -33.522753597127 0.000000000000 1.000000000000
-27.239598737093 -133.423050001490 0.866025403784 -0.500000000000
