#Configurational_file created 2018-09-14 11:31:26  started 2018-09-14 11:31:25 run for 1.0s steps 0
name: p_761
step: 10000
specie: 20
	particle_diameter: 1.0000000000000000
	interaction_length: 1.2000000000000000
	number_of_patches: 3
	number_of_particles_per_compound: 1
	rod_length: 1.0000000000000000
	interaction_matrix:  1.000000 1.000000 1.000000 1.000000 1.000000 1.000000 1.000000 1.000000 1.000000
	patch_type: symmetric
	patch_width: 8.0000000000000000
	patch_angle: 0.0000000000000000
	angles:  0.000000 0.000000 0.000000
	grand_canonical: 0
	chemical_potential: 0.0000000000000000
box: 15.027400 15.027400
copy: 1.000000 1.000000
epsilon: 0.1042460000000000
end_epsilon: 0.0000000000000000
pressure: 0.8333920000000000
lambda: 0.0000000000000000
lambda_coupling: 1.0000000000000000
uy: 0.0000000000000000
maximum_displacement: 1.0000000000000000
maximum_rotation: 1.0000000000000000
maximum_volume: 1.0000000000000000
maximum_shape: 0.0000001000000000
maximum_dsigma: 0.0100000000000000
mod: 10
pmod: 10
optimize: 1
verbose: 1
snapshot: 0
display: 1
explore: 1
npt: 1
nptxy: 0
nptdxdy: 0
shape: 0
seed: 868048
-183.696982188605 47.397603865854 0.866025403784 0.500000000000
-22.390074683762 17.774831246465 0.000000000000 1.000000000000
63.389346143947 -144.075640863903 0.000000000000 1.000000000000
-13.321354670946 55.652732768243 0.000000000000 1.000000000000
21.604692889969 -41.411122190523 0.000000000000 1.000000000000
-47.882441721212 30.614616174589 0.866025403784 0.500000000000
-15.280616927753 -20.198332617621 0.866025403784 -0.500000000000
232.181283926301 66.457771089484 0.866025403784 0.500000000000
-18.734380380135 64.420766218609 0.866025403784 0.500000000000
116.975793333218 -245.217886683485 0.866025403784 0.500000000000
25.268136919543 -47.849038576300 0.866025403784 0.500000000000
-33.341835454596 -174.193503801350 0.000000000000 1.000000000000
-148.745668451820 207.006745747056 0.866025403784 0.500000000000
-96.899634911118 -30.541523543908 0.000000000000 1.000000000000
-70.175908419609 -132.339081729269 0.866025403784 0.500000000000
82.679938172989 5.156734002705 0.866025403784 -0.500000000000
129.313402843592 -85.560357700112 0.866025403784 -0.500000000000
-59.201420830293 81.698269677182 0.866025403784 0.500000000000
-42.577580368456 -84.335727370168 0.866025403784 -0.500000000000
81.649088041318 37.836242579052 0.866025403784 0.500000000000
