#Configurational_file created 2018-09-14 11:31:27  started 2018-09-14 11:31:26 run for 1.0s steps 0
name: p_763
step: 10000
specie: 20
	particle_diameter: 1.0000000000000000
	interaction_length: 1.2000000000000000
	number_of_patches: 3
	number_of_particles_per_compound: 1
	rod_length: 1.0000000000000000
	interaction_matrix:  1.000000 1.000000 1.000000 1.000000 1.000000 1.000000 1.000000 1.000000 1.000000
	patch_type: symmetric
	patch_width: 8.0000000000000000
	patch_angle: 0.0000000000000000
	angles:  0.000000 0.000000 0.000000
	grand_canonical: 0
	chemical_potential: 0.0000000000000000
box: 18.304841 18.304841
copy: 1.000000 1.000000
epsilon: 0.1042460000000000
end_epsilon: 0.0000000000000000
pressure: 1.0000500000000001
lambda: 0.0000000000000000
lambda_coupling: 1.0000000000000000
uy: 0.0000000000000000
maximum_displacement: 1.0000000000000000
maximum_rotation: 1.0000000000000000
maximum_volume: 1.0000000000000000
maximum_shape: 0.0000001000000000
maximum_dsigma: 0.0100000000000000
mod: 10
pmod: 10
optimize: 1
verbose: 1
snapshot: 0
display: 1
explore: 1
npt: 1
nptxy: 0
nptdxdy: 0
shape: 0
seed: 870322
53.506432821206 125.787445982020 0.000000000000 1.000000000000
85.449837818255 -12.102121244697 0.866025403784 0.500000000000
291.704910389769 61.430663017323 0.000000000000 1.000000000000
46.214704460756 -81.639641289755 0.866025403784 -0.500000000000
116.117384146825 -99.266041979647 0.000000000000 1.000000000000
38.603742827120 131.236615103015 0.866025403784 0.500000000000
85.011138479771 -273.075473041280 0.866025403784 -0.500000000000
308.322650992603 30.946665904900 0.000000000000 1.000000000000
45.858720983267 170.665269141240 0.866025403784 -0.500000000000
164.797332728119 140.584790914070 0.866025403784 -0.500000000000
-66.075137389129 127.012211844012 0.000000000000 1.000000000000
4.617680738231 193.814366161535 0.000000000000 1.000000000000
-41.452692216262 40.919099238931 0.000000000000 1.000000000000
11.347336223344 83.174321890654 0.866025403784 -0.500000000000
78.115735206907 -3.943294962646 0.866025403784 0.500000000000
166.651822936447 8.646795913582 0.866025403784 -0.500000000000
71.782621064416 59.373197747898 0.866025403784 -0.500000000000
191.351068344072 22.281942316377 0.866025403784 -0.500000000000
31.704397305395 -171.809801172035 0.866025403784 -0.500000000000
176.052373102949 -47.363082399801 0.866025403784 0.500000000000
