#Configurational_file created 2018-09-14 11:31:29  started 2018-09-14 11:31:28 run for 1.0s steps 0
name: p_766
step: 10000
specie: 20
	particle_diameter: 1.0000000000000000
	interaction_length: 1.2000000000000000
	number_of_patches: 3
	number_of_particles_per_compound: 1
	rod_length: 1.0000000000000000
	interaction_matrix:  1.000000 1.000000 1.000000 1.000000 1.000000 1.000000 1.000000 1.000000 1.000000
	patch_type: symmetric
	patch_width: 8.0000000000000000
	patch_angle: 0.0000000000000000
	angles:  0.000000 0.000000 0.000000
	grand_canonical: 0
	chemical_potential: 0.0000000000000000
box: 16.636132 16.636132
copy: 1.000000 1.000000
epsilon: 0.1042460000000000
end_epsilon: 0.0000000000000000
pressure: 1.2500370000000001
lambda: 0.0000000000000000
lambda_coupling: 1.0000000000000000
uy: 0.0000000000000000
maximum_displacement: 1.0000000000000000
maximum_rotation: 1.0000000000000000
maximum_volume: 1.0000000000000000
maximum_shape: 0.0000001000000000
maximum_dsigma: 0.0100000000000000
mod: 10
pmod: 10
optimize: 1
verbose: 1
snapshot: 0
display: 1
explore: 1
npt: 1
nptxy: 0
nptdxdy: 0
shape: 0
seed: 873733
-66.204769132819 97.358357039984 0.866025403784 -0.500000000000
-20.002087913577 175.413046885573 0.000000000000 1.000000000000
-121.642908842038 207.619412613266 0.000000000000 1.000000000000
104.117987326370 -16.001974284288 0.000000000000 1.000000000000
-25.447163713181 76.533675904374 0.000000000000 1.000000000000
104.870547149118 -68.488751473651 0.866025403784 -0.500000000000
177.587904746956 85.283088901554 0.000000000000 1.000000000000
-46.786207632186 -58.243650256318 0.000000000000 1.000000000000
-38.948822074342 -124.532582354769 0.866025403784 0.500000000000
52.337602526099 113.151905539388 0.866025403784 -0.500000000000
4.498661507038 -6.442579970677 0.000000000000 1.000000000000
142.584040073763 -95.572110879776 0.866025403784 0.500000000000
-94.643531648948 -79.644619463021 0.866025403784 0.500000000000
-49.640081915188 56.098706658364 0.866025403784 -0.500000000000
-88.146643267424 -6.354990103849 0.000000000000 1.000000000000
-8.818139032363 140.560725926427 0.000000000000 1.000000000000
-125.715449642539 -10.632034169593 0.000000000000 1.000000000000
-133.870260312044 -96.142043850936 0.000000000000 1.000000000000
41.011427895482 68.725332930220 0.866025403784 -0.500000000000
36.689475733653 13.751304335595 0.866025403784 -0.500000000000
