#Configurational_file created 2018-09-14 11:31:26  started 2018-09-14 11:31:26 run for 0.0s steps 0
name: p_762
step: 10000
specie: 20
	particle_diameter: 1.0000000000000000
	interaction_length: 1.2000000000000000
	number_of_patches: 3
	number_of_particles_per_compound: 1
	rod_length: 1.0000000000000000
	interaction_matrix:  1.000000 1.000000 1.000000 1.000000 1.000000 1.000000 1.000000 1.000000 1.000000
	patch_type: symmetric
	patch_width: 8.0000000000000000
	patch_angle: 0.0000000000000000
	angles:  0.000000 0.000000 0.000000
	grand_canonical: 0
	chemical_potential: 0.0000000000000000
box: 16.400652 16.400652
copy: 1.000000 1.000000
epsilon: 0.1042460000000000
end_epsilon: 0.0000000000000000
pressure: 0.9167210000000000
lambda: 0.0000000000000000
lambda_coupling: 1.0000000000000000
uy: 0.0000000000000000
maximum_displacement: 1.0000000000000000
maximum_rotation: 1.0000000000000000
maximum_volume: 1.0000000000000000
maximum_shape: 0.0000001000000000
maximum_dsigma: 0.0100000000000000
mod: 10
pmod: 10
optimize: 1
verbose: 1
snapshot: 0
display: 1
explore: 1
npt: 1
nptxy: 0
nptdxdy: 0
shape: 0
seed: 869185
-116.320517770058 92.654678321584 0.000000000000 1.000000000000
-18.880200665126 -48.627794180105 0.866025403784 -0.500000000000
216.328433565286 -14.557874792567 0.000000000000 1.000000000000
131.595045546900 -73.558137413718 0.866025403784 0.500000000000
-145.641798349751 -23.114940606282 0.866025403784 -0.500000000000
88.364617286295 -87.388362238193 0.866025403784 -0.500000000000
-171.482534352484 60.820083005091 0.866025403784 0.500000000000
31.016214867244 44.457075867023 0.866025403784 0.500000000000
72.177223435904 43.656246474473 0.000000000000 1.000000000000
-95.801401737975 87.021878643405 0.866025403784 0.500000000000
79.019608210187 120.538848310144 0.000000000000 1.000000000000
-41.316872927259 39.401869783528 0.000000000000 1.000000000000
103.671104565181 -17.983264329494 0.866025403784 0.500000000000
-45.250517514369 -116.937457632297 0.866025403784 -0.500000000000
16.604385479096 -80.126504983280 0.866025403784 -0.500000000000
-12.501152588541 225.897056472125 0.866025403784 0.500000000000
-116.760208463858 23.767364081995 0.000000000000 1.000000000000
-76.221546090175 4.815312040767 0.866025403784 0.500000000000
-36.942766299250 28.258001517801 0.866025403784 -0.500000000000
-80.649904115855 -57.752046225822 0.866025403784 0.500000000000
