#Configurational_file created 2018-09-11 17:04:32  started 2018-09-11 17:04:31 run for 1.0s steps 0
name: p_76
step: 10000
specie: 20
	particle_diameter: 1.0000000000000000
	interaction_length: 1.2000000000000000
	number_of_patches: 3
	number_of_particles_per_compound: 1
	rod_length: 1.0000000000000000
	interaction_matrix:  1.000000 1.000000 1.000000 1.000000 1.000000 1.000000 1.000000 1.000000 1.000000
	patch_type: symmetric
	patch_width: 8.0000000000000000
	patch_angle: 0.0000000000000000
	angles:  0.000000 0.000000 0.000000
	grand_canonical: 0
	chemical_potential: 0.0000000000000000
box: 7.116933 7.116933
copy: 1.000000 1.000000
epsilon: 0.4166830000000000
end_epsilon: 0.0000000000000000
pressure: 1.6666829999999999
lambda: 0.0000000000000000
lambda_coupling: 1.0000000000000000
uy: 0.0000000000000000
maximum_displacement: 1.0000000000000000
maximum_rotation: 1.0000000000000000
maximum_volume: 0.3439532535313663
maximum_shape: 0.0000001000000000
maximum_dsigma: 0.0100000000000000
mod: 10
pmod: 10
optimize: 1
verbose: 1
snapshot: 0
display: 1
explore: 1
npt: 1
nptxy: 0
nptdxdy: 0
shape: 0
seed: 89282
-118.120969990548 -4.238753441818 0.866025403784 0.500000000000
-39.939551304063 54.051039338764 0.866025403784 0.500000000000
13.741657424929 -22.714118510151 0.866025403784 -0.500000000000
42.865752517484 61.212878655285 0.866025403784 0.500000000000
-67.423728737804 20.048382050456 0.866025403784 0.500000000000
-16.498522049775 -7.603663071132 0.866025403784 -0.500000000000
4.450883594435 -24.077749704977 0.866025403784 0.500000000000
-48.917354546972 26.510836133421 0.866025403784 0.500000000000
-13.000838742570 -52.778443924157 0.000000000000 1.000000000000
19.096168926450 31.407079067362 0.866025403784 -0.500000000000
27.123884660899 58.576494075009 0.866025403784 0.500000000000
-9.788051755384 59.618341124177 0.000000000000 1.000000000000
70.783769015843 -35.887180686663 0.866025403784 -0.500000000000
-39.810460455831 -13.288142387060 0.866025403784 -0.500000000000
-36.564614511104 32.966827766789 0.866025403784 -0.500000000000
49.970315867914 72.906543466730 0.866025403784 0.500000000000
44.557660825963 -1.379262057760 0.866025403784 -0.500000000000
22.705091035514 100.397634387851 0.866025403784 -0.500000000000
-64.769191587341 52.978366651340 0.000000000000 1.000000000000
52.502908680980 -7.275379192312 0.866025403784 -0.500000000000
