#Configurational_file created 2018-09-14 11:31:28  started 2018-09-14 11:31:28 run for 0.0s steps 0
name: p_765
step: 10000
specie: 20
	particle_diameter: 1.0000000000000000
	interaction_length: 1.2000000000000000
	number_of_patches: 3
	number_of_particles_per_compound: 1
	rod_length: 1.0000000000000000
	interaction_matrix:  1.000000 1.000000 1.000000 1.000000 1.000000 1.000000 1.000000 1.000000 1.000000
	patch_type: symmetric
	patch_width: 8.0000000000000000
	patch_angle: 0.0000000000000000
	angles:  0.000000 0.000000 0.000000
	grand_canonical: 0
	chemical_potential: 0.0000000000000000
box: 13.226364 13.226364
copy: 1.000000 1.000000
epsilon: 0.1042460000000000
end_epsilon: 0.0000000000000000
pressure: 1.1667080000000001
lambda: 0.0000000000000000
lambda_coupling: 1.0000000000000000
uy: 0.0000000000000000
maximum_displacement: 1.0000000000000000
maximum_rotation: 1.0000000000000000
maximum_volume: 1.0000000000000000
maximum_shape: 0.0000001000000000
maximum_dsigma: 0.0100000000000000
mod: 10
pmod: 10
optimize: 1
verbose: 1
snapshot: 0
display: 1
explore: 1
npt: 1
nptxy: 0
nptdxdy: 0
shape: 0
seed: 872596
99.497927219137 -1.747676615199 0.000000000000 1.000000000000
-69.789619079075 -154.924967026534 0.866025403784 0.500000000000
143.770773623762 36.952531817552 0.866025403784 -0.500000000000
-44.551976291187 49.713750114539 0.866025403784 0.500000000000
-30.630762678760 118.675322627046 0.866025403784 0.500000000000
-91.221910337815 46.202579722490 0.866025403784 -0.500000000000
28.822239400055 -113.245695827006 0.000000000000 1.000000000000
80.959054176929 93.433860680155 0.866025403784 -0.500000000000
38.538879646936 -73.303897093860 0.000000000000 1.000000000000
101.611815973343 112.333797294527 0.866025403784 -0.500000000000
3.825070721278 -65.471840184019 0.000000000000 1.000000000000
140.462924419086 -64.066805352362 0.000000000000 1.000000000000
51.517796200538 -91.104268052372 0.000000000000 1.000000000000
127.042840157864 133.165909018180 0.866025403784 0.500000000000
-10.595164583277 -35.427332402140 0.000000000000 1.000000000000
-60.984930568678 -67.994199428145 0.866025403784 0.500000000000
-11.846115322224 117.037238499165 0.866025403784 -0.500000000000
-66.308934565730 12.622210394126 0.866025403784 -0.500000000000
-155.626345017349 -85.939521822667 0.866025403784 0.500000000000
-81.819927819481 -3.948568675268 0.866025403784 0.500000000000
