#Configurational_file created 2018-09-14 11:06:23  started 2018-09-14 11:06:22 run for 1.0s steps 0
name: p_76
step: 10000
specie: 20
	particle_diameter: 1.0000000000000000
	interaction_length: 1.2000000000000000
	number_of_patches: 3
	number_of_particles_per_compound: 1
	rod_length: 1.0000000000000000
	interaction_matrix:  1.000000 1.000000 1.000000 1.000000 1.000000 1.000000 1.000000 1.000000 1.000000
	patch_type: symmetric
	patch_width: 8.0000000000000000
	patch_angle: 0.0000000000000000
	angles:  0.000000 0.000000 0.000000
	grand_canonical: 0
	chemical_potential: 0.0000000000000000
box: 16.424100 16.424100
copy: 1.000000 1.000000
epsilon: 0.0715140000000000
end_epsilon: 0.0000000000000000
pressure: 0.8572000000000000
lambda: 0.0000000000000000
lambda_coupling: 1.0000000000000000
uy: 0.0000000000000000
maximum_displacement: 1.0000000000000000
maximum_rotation: 1.0000000000000000
maximum_volume: 1.0000000000000000
maximum_shape: 0.0000001000000000
maximum_dsigma: 0.0100000000000000
mod: 10
pmod: 10
optimize: 1
verbose: 1
snapshot: 0
display: 1
explore: 1
npt: 1
nptxy: 0
nptdxdy: 0
shape: 0
seed: 89282
-112.704283755634 -30.636196228196 0.866025403784 0.500000000000
60.444368558001 71.649892599094 0.866025403784 -0.500000000000
-10.258425021276 -9.918940506018 0.000000000000 1.000000000000
190.369274726273 -84.121224862009 0.866025403784 0.500000000000
-15.406240810895 -91.444015382009 0.000000000000 1.000000000000
-11.652867099499 17.436338288908 0.000000000000 1.000000000000
57.166255131835 -38.592552971498 0.866025403784 0.500000000000
27.557930911114 200.389635340962 0.866025403784 -0.500000000000
-70.663330782947 109.726440905895 0.000000000000 1.000000000000
68.271725896096 -4.885825110999 0.000000000000 1.000000000000
36.581744668396 -30.206794952988 0.000000000000 1.000000000000
119.194936455241 32.378759919846 0.866025403784 0.500000000000
-125.701734723585 63.424192622449 0.866025403784 -0.500000000000
-64.277063963956 0.510848795173 0.866025403784 0.500000000000
-44.547591063718 36.477502638633 0.866025403784 -0.500000000000
25.296658458744 -176.679942151979 0.866025403784 -0.500000000000
-59.219006793910 -46.784590017659 0.866025403784 0.500000000000
54.894876425864 -8.754418834989 0.866025403784 -0.500000000000
64.681062483461 -24.556077910160 0.000000000000 1.000000000000
157.648319299433 -60.122984542559 0.000000000000 1.000000000000
