#Configurational_file created 2018-09-14 11:59:11  started 2018-09-14 11:59:10 run for 1.0s steps 0
name: p_765
step: 10000
specie: 20
	particle_diameter: 1.0000000000000000
	interaction_length: 1.2000000000000000
	number_of_patches: 3
	number_of_particles_per_compound: 1
	rod_length: 1.0000000000000000
	interaction_matrix:  1.000000 1.000000 1.000000 1.000000 1.000000 1.000000 1.000000 1.000000 1.000000
	patch_type: symmetric
	patch_width: 8.0000000000000000
	patch_angle: 0.0000000000000000
	angles:  0.000000 0.000000 0.000000
	grand_canonical: 0
	chemical_potential: 0.0000000000000000
box: 53.347476 53.347476
copy: 1.000000 1.000000
epsilon: 0.0104170000000000
end_epsilon: 0.0000000000000000
pressure: 0.0583340000000000
lambda: 0.0000000000000000
lambda_coupling: 1.0000000000000000
uy: 0.0000000000000000
maximum_displacement: 1.0000000000000000
maximum_rotation: 1.0000000000000000
maximum_volume: 1.0000000000000000
maximum_shape: 0.0000001000000000
maximum_dsigma: 0.0100000000000000
mod: 10
pmod: 10
optimize: 1
verbose: 1
snapshot: 0
display: 1
explore: 1
npt: 1
nptxy: 0
nptdxdy: 0
shape: 0
seed: 872596
52.708993682681 362.549241429235 0.000000000000 1.000000000000
83.589857106069 -102.754455495078 0.866025403784 0.500000000000
35.741897010635 -187.720124064920 0.866025403784 -0.500000000000
-12.670627837304 -23.012440822345 0.866025403784 0.500000000000
59.193074294479 -47.532963679025 0.866025403784 -0.500000000000
132.120329987036 35.502487921974 0.866025403784 0.500000000000
88.994794404030 -71.310685645816 0.866025403784 -0.500000000000
202.133808245150 375.123355976380 0.866025403784 0.500000000000
-31.285269306827 -326.401982234337 0.000000000000 1.000000000000
384.239879396374 182.751631580726 0.866025403784 0.500000000000
189.203472267346 162.417398694122 0.000000000000 1.000000000000
-8.167867952487 -249.535284978957 0.866025403784 0.500000000000
-194.432861654535 271.934300856254 0.000000000000 1.000000000000
-130.958048152104 66.857637147503 0.866025403784 0.500000000000
-42.298267709183 65.297356573026 0.866025403784 0.500000000000
62.480882103022 2.228452601148 0.866025403784 -0.500000000000
-162.071238949813 238.296356177988 0.000000000000 1.000000000000
1.673520797755 -51.386583515163 0.866025403784 -0.500000000000
199.202679753520 -331.344781200624 0.866025403784 0.500000000000
0.168804998311 79.750119898322 0.000000000000 1.000000000000
