#Configurational_file created 2018-09-14 11:59:12  started 2018-09-14 11:59:11 run for 1.0s steps 0
name: p_766
step: 10000
specie: 20
	particle_diameter: 1.0000000000000000
	interaction_length: 1.2000000000000000
	number_of_patches: 3
	number_of_particles_per_compound: 1
	rod_length: 1.0000000000000000
	interaction_matrix:  1.000000 1.000000 1.000000 1.000000 1.000000 1.000000 1.000000 1.000000 1.000000
	patch_type: symmetric
	patch_width: 8.0000000000000000
	patch_angle: 0.0000000000000000
	angles:  0.000000 0.000000 0.000000
	grand_canonical: 0
	chemical_potential: 0.0000000000000000
box: 49.227494 49.227494
copy: 1.000000 1.000000
epsilon: 0.0104170000000000
end_epsilon: 0.0000000000000000
pressure: 0.0625000000000000
lambda: 0.0000000000000000
lambda_coupling: 1.0000000000000000
uy: 0.0000000000000000
maximum_displacement: 1.0000000000000000
maximum_rotation: 1.0000000000000000
maximum_volume: 1.0000000000000000
maximum_shape: 0.0000001000000000
maximum_dsigma: 0.0100000000000000
mod: 10
pmod: 10
optimize: 1
verbose: 1
snapshot: 0
display: 1
explore: 1
npt: 1
nptxy: 0
nptdxdy: 0
shape: 0
seed: 873733
-242.428292226751 -72.214344581942 0.866025403784 0.500000000000
271.654584820345 140.454428498009 0.000000000000 1.000000000000
-9.323388812478 249.266280712090 0.866025403784 -0.500000000000
110.583531461142 393.903193175769 0.866025403784 -0.500000000000
338.821485850404 -22.130756990973 0.866025403784 0.500000000000
160.971075585550 91.680308764820 0.000000000000 1.000000000000
84.673779238954 164.512901305034 0.000000000000 1.000000000000
-40.075075814914 18.627623639615 0.866025403784 -0.500000000000
-19.152509950214 272.805762995655 0.866025403784 -0.500000000000
192.931150630071 125.558403983213 0.866025403784 0.500000000000
17.624603197200 -135.601372866247 0.000000000000 1.000000000000
58.495016942769 437.635745514464 0.000000000000 1.000000000000
-68.344325894793 114.724533276666 0.000000000000 1.000000000000
141.976290273517 380.235254965504 0.866025403784 -0.500000000000
-256.206603678534 -65.801100600670 0.866025403784 -0.500000000000
-73.591684877022 -114.020222929146 0.000000000000 1.000000000000
23.328348283746 222.041604076420 0.866025403784 -0.500000000000
289.461905993393 -130.692349369541 0.000000000000 1.000000000000
117.809017069353 233.459975429844 0.866025403784 -0.500000000000
-44.602092228006 -15.282565309752 0.000000000000 1.000000000000
