#Configurational_file created 2018-09-14 11:31:28  started 2018-09-14 11:31:27 run for 1.0s steps 0
name: p_764
step: 10000
specie: 20
	particle_diameter: 1.0000000000000000
	interaction_length: 1.2000000000000000
	number_of_patches: 3
	number_of_particles_per_compound: 1
	rod_length: 1.0000000000000000
	interaction_matrix:  1.000000 1.000000 1.000000 1.000000 1.000000 1.000000 1.000000 1.000000 1.000000
	patch_type: symmetric
	patch_width: 8.0000000000000000
	patch_angle: 0.0000000000000000
	angles:  0.000000 0.000000 0.000000
	grand_canonical: 0
	chemical_potential: 0.0000000000000000
box: 14.805891 14.805891
copy: 1.000000 1.000000
epsilon: 0.1042460000000000
end_epsilon: 0.0000000000000000
pressure: 1.0833790000000001
lambda: 0.0000000000000000
lambda_coupling: 1.0000000000000000
uy: 0.0000000000000000
maximum_displacement: 1.0000000000000000
maximum_rotation: 1.0000000000000000
maximum_volume: 1.0000000000000000
maximum_shape: 0.0000001000000000
maximum_dsigma: 0.0100000000000000
mod: 10
pmod: 10
optimize: 1
verbose: 1
snapshot: 0
display: 1
explore: 1
npt: 1
nptxy: 0
nptdxdy: 0
shape: 0
seed: 871459
150.291935773105 52.202697280136 0.866025403784 -0.500000000000
65.109350437679 44.808444015886 0.866025403784 0.500000000000
246.769783151807 -0.868226543693 0.000000000000 1.000000000000
37.373249369384 69.251191334188 0.866025403784 0.500000000000
27.037200147087 -230.672177099471 0.866025403784 0.500000000000
-7.026863040469 51.435918655648 0.866025403784 -0.500000000000
-47.083591034372 11.069990794880 0.866025403784 0.500000000000
47.815050038346 -105.965883335937 0.000000000000 1.000000000000
14.415773474925 124.754779141872 0.866025403784 -0.500000000000
-14.902452277158 -39.709042264253 0.866025403784 -0.500000000000
-18.306004193307 -74.016243548042 0.000000000000 1.000000000000
-50.467287933205 32.994818579237 0.866025403784 -0.500000000000
157.605690358574 76.553542467950 0.000000000000 1.000000000000
-33.773413362559 -43.489941518311 0.866025403784 -0.500000000000
-71.687525157018 222.708754252485 0.866025403784 -0.500000000000
-67.982844408837 52.223868043000 0.866025403784 -0.500000000000
95.046856322155 -46.977807186209 0.000000000000 1.000000000000
-13.666913585295 107.207497755815 0.000000000000 1.000000000000
-140.989073439684 -121.926287864964 0.000000000000 1.000000000000
107.472421041999 134.370001394709 0.866025403784 -0.500000000000
