#Configurational_file created 2018-09-14 11:59:09  started 2018-09-14 11:59:08 run for 1.0s steps 0
name: p_762
step: 10000
specie: 20
	particle_diameter: 1.0000000000000000
	interaction_length: 1.2000000000000000
	number_of_patches: 3
	number_of_particles_per_compound: 1
	rod_length: 1.0000000000000000
	interaction_matrix:  1.000000 1.000000 1.000000 1.000000 1.000000 1.000000 1.000000 1.000000 1.000000
	patch_type: symmetric
	patch_width: 8.0000000000000000
	patch_angle: 0.0000000000000000
	angles:  0.000000 0.000000 0.000000
	grand_canonical: 0
	chemical_potential: 0.0000000000000000
box: 49.716137 49.716137
copy: 1.000000 1.000000
epsilon: 0.0104170000000000
end_epsilon: 0.0000000000000000
pressure: 0.0458340000000000
lambda: 0.0000000000000000
lambda_coupling: 1.0000000000000000
uy: 0.0000000000000000
maximum_displacement: 1.0000000000000000
maximum_rotation: 1.0000000000000000
maximum_volume: 1.0000000000000000
maximum_shape: 0.0000001000000000
maximum_dsigma: 0.0100000000000000
mod: 10
pmod: 10
optimize: 1
verbose: 1
snapshot: 0
display: 1
explore: 1
npt: 1
nptxy: 0
nptdxdy: 0
shape: 0
seed: 869185
-139.039177625802 356.849696060830 0.866025403784 -0.500000000000
210.844246466944 81.456231885477 0.000000000000 1.000000000000
426.809989271240 -191.911625825666 0.866025403784 -0.500000000000
253.320447181789 -121.155573219360 0.866025403784 -0.500000000000
-227.204419513598 -173.127781413838 0.866025403784 0.500000000000
348.448393443891 -11.410560948660 0.866025403784 -0.500000000000
-68.093641925597 -101.412541033001 0.866025403784 0.500000000000
-273.773950854802 112.665240578593 0.866025403784 -0.500000000000
-77.632897260656 84.933726581721 0.000000000000 1.000000000000
-430.869331453598 -36.235804466668 0.000000000000 1.000000000000
-150.078829419322 242.344207983309 0.866025403784 -0.500000000000
-1.994000934732 172.805419460808 0.866025403784 0.500000000000
53.166346700737 121.488084219629 0.866025403784 0.500000000000
4.728375027967 358.813229054434 0.866025403784 0.500000000000
-141.233710817654 -208.490782681765 0.000000000000 1.000000000000
164.266514119298 71.985095635812 0.000000000000 1.000000000000
219.519661018513 197.188699475819 0.000000000000 1.000000000000
333.532115640991 -1.858622067349 0.866025403784 -0.500000000000
-151.284445758448 -96.697949301187 0.000000000000 1.000000000000
267.512748947216 156.890468983299 0.866025403784 -0.500000000000
