#Configurational_file created 2018-09-14 11:59:13  started 2018-09-14 11:59:12 run for 1.0s steps 0
name: p_768
step: 10000
specie: 20
	particle_diameter: 1.0000000000000000
	interaction_length: 1.2000000000000000
	number_of_patches: 3
	number_of_particles_per_compound: 1
	rod_length: 1.0000000000000000
	interaction_matrix:  1.000000 1.000000 1.000000 1.000000 1.000000 1.000000 1.000000 1.000000 1.000000
	patch_type: symmetric
	patch_width: 8.0000000000000000
	patch_angle: 0.0000000000000000
	angles:  0.000000 0.000000 0.000000
	grand_canonical: 0
	chemical_potential: 0.0000000000000000
box: 52.626089 52.626089
copy: 1.000000 1.000000
epsilon: 0.0104170000000000
end_epsilon: 0.0000000000000000
pressure: 0.0708340000000000
lambda: 0.0000000000000000
lambda_coupling: 1.0000000000000000
uy: 0.0000000000000000
maximum_displacement: 1.0000000000000000
maximum_rotation: 1.0000000000000000
maximum_volume: 1.0000000000000000
maximum_shape: 0.0000001000000000
maximum_dsigma: 0.0100000000000000
mod: 10
pmod: 10
optimize: 1
verbose: 1
snapshot: 0
display: 1
explore: 1
npt: 1
nptxy: 0
nptdxdy: 0
shape: 0
seed: 876007
-126.287061790013 -2.995569606344 0.866025403784 -0.500000000000
-80.037832176910 38.892507662052 0.866025403784 0.500000000000
230.105762539656 145.749801703561 0.866025403784 0.500000000000
-97.815825381866 53.877758852411 0.866025403784 -0.500000000000
69.109537581501 -129.006663942906 0.866025403784 0.500000000000
79.832901240068 87.085022383273 0.000000000000 1.000000000000
87.295278801782 19.239786061615 0.866025403784 -0.500000000000
288.651253908611 224.315091008528 0.000000000000 1.000000000000
114.556284738974 224.914801659051 0.000000000000 1.000000000000
72.714725051115 304.323354249273 0.866025403784 -0.500000000000
-58.307852076980 330.597604674455 0.866025403784 -0.500000000000
-86.564488666846 160.992657009553 0.866025403784 -0.500000000000
69.223447969220 118.669111046999 0.000000000000 1.000000000000
-126.573403900781 145.218283041643 0.866025403784 0.500000000000
19.457093211367 9.105829317360 0.866025403784 0.500000000000
253.924995778344 -158.240805311763 0.866025403784 0.500000000000
-132.042764367901 88.633293272117 0.866025403784 0.500000000000
12.371180975914 296.319187591168 0.866025403784 -0.500000000000
-70.784629738201 463.453841355210 0.866025403784 0.500000000000
-27.934421323356 96.469906655639 0.866025403784 0.500000000000
