#Configurational_file created 2018-09-14 11:59:14  started 2018-09-14 11:59:13 run for 1.0s steps 0
name: p_769
step: 10000
specie: 20
	particle_diameter: 1.0000000000000000
	interaction_length: 1.2000000000000000
	number_of_patches: 3
	number_of_particles_per_compound: 1
	rod_length: 1.0000000000000000
	interaction_matrix:  1.000000 1.000000 1.000000 1.000000 1.000000 1.000000 1.000000 1.000000 1.000000
	patch_type: symmetric
	patch_width: 8.0000000000000000
	patch_angle: 0.0000000000000000
	angles:  0.000000 0.000000 0.000000
	grand_canonical: 0
	chemical_potential: 0.0000000000000000
box: 52.386667 52.386667
copy: 1.000000 1.000000
epsilon: 0.0104170000000000
end_epsilon: 0.0000000000000000
pressure: 0.0750000000000000
lambda: 0.0000000000000000
lambda_coupling: 1.0000000000000000
uy: 0.0000000000000000
maximum_displacement: 1.0000000000000000
maximum_rotation: 1.0000000000000000
maximum_volume: 1.0000000000000000
maximum_shape: 0.0000001000000000
maximum_dsigma: 0.0100000000000000
mod: 10
pmod: 10
optimize: 1
verbose: 1
snapshot: 0
display: 1
explore: 1
npt: 1
nptxy: 0
nptdxdy: 0
shape: 0
seed: 877144
378.159962761760 36.912925125664 0.866025403784 -0.500000000000
163.036779717915 -132.211582887474 0.000000000000 1.000000000000
-153.056956153422 148.314176514039 0.866025403784 -0.500000000000
117.290998157270 179.679987329025 0.000000000000 1.000000000000
71.303646883666 -190.461766658979 0.000000000000 1.000000000000
-236.622563584251 -175.964508525918 0.866025403784 -0.500000000000
192.499506728482 61.983706526965 0.866025403784 0.500000000000
-221.292732424091 -337.946883557712 0.866025403784 0.500000000000
-38.255691720859 70.868740782724 0.866025403784 -0.500000000000
-44.869804011281 64.249532413915 0.000000000000 1.000000000000
234.585159118904 35.804708572863 0.000000000000 1.000000000000
-13.573256065706 275.394425852361 0.866025403784 -0.500000000000
204.329194443405 -137.446266135645 0.866025403784 0.500000000000
55.414370050739 18.839728722669 0.866025403784 -0.500000000000
149.729449299924 -12.114819176158 0.000000000000 1.000000000000
7.715016516896 -52.547778748921 0.866025403784 0.500000000000
-312.440066234838 -5.376726320571 0.000000000000 1.000000000000
27.052043428972 0.735713084181 0.866025403784 0.500000000000
-17.452981058738 -41.114055132779 0.866025403784 0.500000000000
-33.705524683432 -259.647020526265 0.866025403784 -0.500000000000
