#Configurational_file created 2018-09-14 11:59:09  started 2018-09-14 11:59:09 run for 0.0s steps 0
name: p_763
step: 10000
specie: 20
	particle_diameter: 1.0000000000000000
	interaction_length: 1.2000000000000000
	number_of_patches: 3
	number_of_particles_per_compound: 1
	rod_length: 1.0000000000000000
	interaction_matrix:  1.000000 1.000000 1.000000 1.000000 1.000000 1.000000 1.000000 1.000000 1.000000
	patch_type: symmetric
	patch_width: 8.0000000000000000
	patch_angle: 0.0000000000000000
	angles:  0.000000 0.000000 0.000000
	grand_canonical: 0
	chemical_potential: 0.0000000000000000
box: 51.772347 51.772347
copy: 1.000000 1.000000
epsilon: 0.0104170000000000
end_epsilon: 0.0000000000000000
pressure: 0.0500010000000000
lambda: 0.0000000000000000
lambda_coupling: 1.0000000000000000
uy: 0.0000000000000000
maximum_displacement: 1.0000000000000000
maximum_rotation: 1.0000000000000000
maximum_volume: 1.0000000000000000
maximum_shape: 0.0000001000000000
maximum_dsigma: 0.0100000000000000
mod: 10
pmod: 10
optimize: 1
verbose: 1
snapshot: 0
display: 1
explore: 1
npt: 1
nptxy: 0
nptdxdy: 0
shape: 0
seed: 870322
-241.041830785310 372.855956638573 0.000000000000 1.000000000000
363.282524558083 147.169459413272 0.866025403784 0.500000000000
102.158636926712 -17.506487176704 0.866025403784 -0.500000000000
204.692723544866 36.822130025153 0.866025403784 -0.500000000000
105.457680236360 -93.248542267140 0.866025403784 -0.500000000000
168.342042627030 110.601100390533 0.866025403784 0.500000000000
193.490177915777 157.241892367202 0.000000000000 1.000000000000
191.685293808571 481.988255723643 0.866025403784 -0.500000000000
358.240433575048 41.293860214931 0.866025403784 0.500000000000
305.660967993013 19.150552843520 0.866025403784 -0.500000000000
-148.988966464098 -173.613631471491 0.866025403784 0.500000000000
-170.670589972392 247.749787402607 0.866025403784 -0.500000000000
-113.955036705620 -39.045465424382 0.866025403784 -0.500000000000
-571.602344741476 -61.985536536209 0.000000000000 1.000000000000
-112.116732431402 150.819921995743 0.866025403784 0.500000000000
408.505764254931 -163.178851081489 0.000000000000 1.000000000000
-116.120402875625 238.281640054140 0.000000000000 1.000000000000
358.222105480792 172.177890192254 0.000000000000 1.000000000000
147.034660575364 171.378156312706 0.866025403784 -0.500000000000
-13.963449945607 265.686694993355 0.866025403784 0.500000000000
