#Configurational_file created 2018-09-14 12:20:20  started 2018-09-14 12:20:19 run for 1.0s steps 0
name: p_76
step: 10000
specie: 20
	particle_diameter: 1.0000000000000000
	interaction_length: 1.2000000000000000
	number_of_patches: 3
	number_of_particles_per_compound: 1
	rod_length: 1.0000000000000000
	interaction_matrix:  1.000000 1.000000 1.000000 1.000000 1.000000 1.000000 1.000000 1.000000 1.000000
	patch_type: symmetric
	patch_width: 8.0000000000000000
	patch_angle: 0.0000000000000000
	angles:  0.000000 0.000000 0.000000
	grand_canonical: 0
	chemical_potential: 0.0000000000000000
box: 14.617108 14.617108
copy: 1.000000 1.000000
epsilon: 1.0000009999999999
end_epsilon: 0.0000000000000000
pressure: 0.1000000000000000
lambda: 0.0000000000000000
lambda_coupling: 1.0000000000000000
uy: 0.0000000000000000
maximum_displacement: 1.0000000000000000
maximum_rotation: 1.0000000000000000
maximum_volume: 1.0000000000000000
maximum_shape: 0.0000001000000000
maximum_dsigma: 0.0100000000000000
mod: 10
pmod: 10
optimize: 1
verbose: 1
snapshot: 0
display: 1
explore: 1
npt: 1
nptxy: 0
nptdxdy: 0
shape: 0
seed: 89203
92.661694931084 -87.696003051763 0.000000000000 1.000000000000
55.288555739129 160.723952115972 0.866025403784 0.500000000000
-110.670979722486 -118.095506594638 0.000000000000 1.000000000000
125.858715010126 -32.222910673132 0.000000000000 1.000000000000
113.630769646620 76.482219996685 0.866025403784 0.500000000000
97.556240975033 36.454832498778 0.866025403784 -0.500000000000
-77.917282986058 -5.134180245069 0.000000000000 1.000000000000
128.054880230108 -133.108739246263 0.866025403784 -0.500000000000
83.422556938788 73.362164236292 0.866025403784 0.500000000000
114.919083555086 -155.020132823499 0.000000000000 1.000000000000
-32.678086729016 -62.835042129767 0.866025403784 0.500000000000
5.263692880139 21.207595170473 0.866025403784 -0.500000000000
-23.141250239025 106.494123977240 0.866025403784 -0.500000000000
62.058151878872 96.127154750511 0.866025403784 0.500000000000
-111.516939759580 -31.165946020217 0.000000000000 1.000000000000
-187.493771291056 70.381345739809 0.866025403784 0.500000000000
116.591314876927 -10.386243174809 0.000000000000 1.000000000000
42.953998262795 -65.072328950785 0.866025403784 0.500000000000
-27.881433608200 86.841253156877 0.866025403784 0.500000000000
9.167473174009 -102.906872662800 0.866025403784 0.500000000000
