#Configurational_file created 2018-09-14 11:31:39  started 2018-09-14 11:31:38 run for 1.0s steps 0
name: p_779
step: 10000
specie: 20
	particle_diameter: 1.0000000000000000
	interaction_length: 1.2000000000000000
	number_of_patches: 3
	number_of_particles_per_compound: 1
	rod_length: 1.0000000000000000
	interaction_matrix:  1.000000 1.000000 1.000000 1.000000 1.000000 1.000000 1.000000 1.000000 1.000000
	patch_type: symmetric
	patch_width: 8.0000000000000000
	patch_angle: 0.0000000000000000
	angles:  0.000000 0.000000 0.000000
	grand_canonical: 0
	chemical_potential: 0.0000000000000000
box: 26.336876 26.336876
copy: 1.000000 1.000000
epsilon: 0.1250750000000000
end_epsilon: 0.0000000000000000
pressure: 0.2500870000000000
lambda: 0.0000000000000000
lambda_coupling: 1.0000000000000000
uy: 0.0000000000000000
maximum_displacement: 1.0000000000000000
maximum_rotation: 1.0000000000000000
maximum_volume: 1.0000000000000000
maximum_shape: 0.0000001000000000
maximum_dsigma: 0.0100000000000000
mod: 10
pmod: 10
optimize: 1
verbose: 1
snapshot: 0
display: 1
explore: 1
npt: 1
nptxy: 0
nptdxdy: 0
shape: 0
seed: 888514
53.460829614180 286.337971071453 0.866025403784 0.500000000000
81.814693364054 -152.279455929273 0.866025403784 0.500000000000
-101.638751433543 -31.182414660536 0.000000000000 1.000000000000
-67.320331419339 286.374540792846 0.866025403784 -0.500000000000
-150.082277740297 -100.007985246506 0.866025403784 -0.500000000000
-139.766687319395 -3.954986625329 0.866025403784 -0.500000000000
26.726274104243 -117.532114384998 0.866025403784 0.500000000000
407.653239221087 22.506189822976 0.866025403784 0.500000000000
143.440089084431 -192.019615164790 0.866025403784 0.500000000000
-73.412083111824 39.420534160005 0.000000000000 1.000000000000
61.553971701061 79.736703539085 0.866025403784 0.500000000000
-192.850386566290 41.128375654083 0.000000000000 1.000000000000
-211.564814614857 -199.901798880905 0.000000000000 1.000000000000
20.603502378962 -109.357302346996 0.866025403784 0.500000000000
68.626020410612 87.464435168792 0.000000000000 1.000000000000
22.492924212865 78.208763487589 0.866025403784 -0.500000000000
61.878120656240 41.166838387289 0.866025403784 -0.500000000000
129.234489834880 -71.603774525801 0.000000000000 1.000000000000
-58.059899023410 64.766955979845 0.866025403784 0.500000000000
108.243936547266 -184.455143224101 0.866025403784 -0.500000000000
