#Configurational_file created 2018-09-14 11:59:20  started 2018-09-14 11:59:20 run for 0.0s steps 0
name: p_778
step: 10000
specie: 20
	particle_diameter: 1.0000000000000000
	interaction_length: 1.2000000000000000
	number_of_patches: 3
	number_of_particles_per_compound: 1
	rod_length: 1.0000000000000000
	interaction_matrix:  1.000000 1.000000 1.000000 1.000000 1.000000 1.000000 1.000000 1.000000 1.000000
	patch_type: symmetric
	patch_width: 8.0000000000000000
	patch_angle: 0.0000000000000000
	angles:  0.000000 0.000000 0.000000
	grand_canonical: 0
	chemical_potential: 0.0000000000000000
box: 49.811600 49.811600
copy: 1.000000 1.000000
epsilon: 0.0125010000000000
end_epsilon: 0.0000000000000000
pressure: 0.0083340000000000
lambda: 0.0000000000000000
lambda_coupling: 1.0000000000000000
uy: 0.0000000000000000
maximum_displacement: 1.0000000000000000
maximum_rotation: 1.0000000000000000
maximum_volume: 1.0000000000000000
maximum_shape: 0.0000001000000000
maximum_dsigma: 0.0100000000000000
mod: 10
pmod: 10
optimize: 1
verbose: 1
snapshot: 0
display: 1
explore: 1
npt: 1
nptxy: 0
nptdxdy: 0
shape: 0
seed: 887377
-13.269477587957 6.423088480248 0.866025403784 0.500000000000
-417.977392540138 85.024207946515 0.866025403784 -0.500000000000
-268.254333257513 -185.186672751749 0.866025403784 0.500000000000
-12.155879812144 -90.540424205509 0.866025403784 0.500000000000
-160.888229587785 88.635583706048 0.866025403784 0.500000000000
198.256782737904 132.052552695238 0.866025403784 -0.500000000000
-272.918546600323 136.590437625049 0.866025403784 -0.500000000000
240.450098404271 -26.349914998687 0.866025403784 0.500000000000
117.424479628561 -92.762787561439 0.866025403784 -0.500000000000
-59.963877186741 -127.139743216636 0.866025403784 0.500000000000
-156.158460380687 116.824275876049 0.866025403784 -0.500000000000
-120.206343496210 100.089621000181 0.866025403784 -0.500000000000
205.997903550407 -115.076044575399 0.866025403784 -0.500000000000
-270.115440355398 43.809614400225 0.866025403784 0.500000000000
229.580942446163 -38.235832218475 0.866025403784 0.500000000000
-10.682018981033 19.419126733915 0.000000000000 1.000000000000
88.162667025678 96.800075442764 0.866025403784 -0.500000000000
6.434942835791 248.281597453285 0.866025403784 0.500000000000
242.514770763738 148.362194718041 0.866025403784 0.500000000000
74.797503669460 224.682034026839 0.866025403784 -0.500000000000
