#Configurational_file created 2018-09-14 11:31:35  started 2018-09-14 11:31:34 run for 1.0s steps 0
name: p_774
step: 10000
specie: 20
	particle_diameter: 1.0000000000000000
	interaction_length: 1.2000000000000000
	number_of_patches: 3
	number_of_particles_per_compound: 1
	rod_length: 1.0000000000000000
	interaction_matrix:  1.000000 1.000000 1.000000 1.000000 1.000000 1.000000 1.000000 1.000000 1.000000
	patch_type: symmetric
	patch_width: 8.0000000000000000
	patch_angle: 0.0000000000000000
	angles:  0.000000 0.000000 0.000000
	grand_canonical: 0
	chemical_potential: 0.0000000000000000
box: 11.846423 11.846423
copy: 1.000000 1.000000
epsilon: 0.1042460000000000
end_epsilon: 0.0000000000000000
pressure: 1.9166710000000000
lambda: 0.0000000000000000
lambda_coupling: 1.0000000000000000
uy: 0.0000000000000000
maximum_displacement: 1.0000000000000000
maximum_rotation: 1.0000000000000000
maximum_volume: 1.0000000000000000
maximum_shape: 0.0000001000000000
maximum_dsigma: 0.0100000000000000
mod: 10
pmod: 10
optimize: 1
verbose: 1
snapshot: 0
display: 1
explore: 1
npt: 1
nptxy: 0
nptdxdy: 0
shape: 0
seed: 882829
-84.621025322146 53.437426617278 0.866025403784 0.500000000000
38.806011502522 -48.721003596392 0.866025403784 0.500000000000
-91.606633381791 -79.163985959692 0.866025403784 0.500000000000
8.299084457283 47.239451281934 0.866025403784 0.500000000000
-37.504702051212 67.233786886303 0.866025403784 0.500000000000
195.073978799739 87.215609782298 0.866025403784 0.500000000000
53.423499071013 -139.048281728359 0.866025403784 0.500000000000
-40.892897990926 18.783715770138 0.866025403784 -0.500000000000
155.820198377340 4.618086412415 0.866025403784 -0.500000000000
11.615689002795 68.112813546007 0.866025403784 -0.500000000000
-122.075192964495 20.657908738932 0.866025403784 0.500000000000
26.547050209762 -70.986021621194 0.866025403784 -0.500000000000
-76.785948519200 -10.378869065413 0.866025403784 -0.500000000000
-1.799328896008 84.779689979718 0.000000000000 1.000000000000
-113.684766672934 46.545461725103 0.866025403784 -0.500000000000
22.785910701011 65.883580816716 0.866025403784 -0.500000000000
-41.099852152745 58.914459189450 0.000000000000 1.000000000000
21.186338976492 110.645391912399 0.000000000000 1.000000000000
-44.369291043795 38.211199975223 0.000000000000 1.000000000000
-88.379672113566 79.996660661823 0.866025403784 0.500000000000
