#Configurational_file created 2018-09-14 11:59:17  started 2018-09-14 11:59:17 run for 0.0s steps 0
name: p_774
step: 10000
specie: 20
	particle_diameter: 1.0000000000000000
	interaction_length: 1.2000000000000000
	number_of_patches: 3
	number_of_particles_per_compound: 1
	rod_length: 1.0000000000000000
	interaction_matrix:  1.000000 1.000000 1.000000 1.000000 1.000000 1.000000 1.000000 1.000000 1.000000
	patch_type: symmetric
	patch_width: 8.0000000000000000
	patch_angle: 0.0000000000000000
	angles:  0.000000 0.000000 0.000000
	grand_canonical: 0
	chemical_potential: 0.0000000000000000
box: 48.338436 48.338436
copy: 1.000000 1.000000
epsilon: 0.0104170000000000
end_epsilon: 0.0000000000000000
pressure: 0.0958330000000000
lambda: 0.0000000000000000
lambda_coupling: 1.0000000000000000
uy: 0.0000000000000000
maximum_displacement: 1.0000000000000000
maximum_rotation: 1.0000000000000000
maximum_volume: 1.0000000000000000
maximum_shape: 0.0000001000000000
maximum_dsigma: 0.0100000000000000
mod: 10
pmod: 10
optimize: 1
verbose: 1
snapshot: 0
display: 1
explore: 1
npt: 1
nptxy: 0
nptdxdy: 0
shape: 0
seed: 882829
-113.866948722906 128.582411404757 0.866025403784 0.500000000000
-90.949144608865 50.559188330522 0.866025403784 -0.500000000000
-102.592305435320 -28.449369784931 0.866025403784 0.500000000000
-23.031986753110 -146.029933989645 0.866025403784 -0.500000000000
-182.976424355878 55.162435814169 0.000000000000 1.000000000000
162.556051569977 127.568955557890 0.866025403784 0.500000000000
174.111802456082 -109.286642397650 0.866025403784 -0.500000000000
164.890394646118 -185.517933086384 0.000000000000 1.000000000000
-185.864838209333 -13.548334986936 0.866025403784 0.500000000000
-185.040666696745 262.285291653113 0.000000000000 1.000000000000
-91.054797752755 -169.295582367439 0.866025403784 0.500000000000
-194.833336605950 -12.240674800512 0.000000000000 1.000000000000
-91.951371311424 151.020589639568 0.000000000000 1.000000000000
16.933340690140 -134.734014614523 0.000000000000 1.000000000000
-142.356657407905 263.403780020624 0.866025403784 -0.500000000000
138.289852930634 269.092829568928 0.866025403784 -0.500000000000
58.172704154071 206.432582358222 0.866025403784 0.500000000000
16.401514906582 244.209908069678 0.000000000000 1.000000000000
-230.687612507189 226.393327439239 0.000000000000 1.000000000000
-23.094418888415 201.648564501030 0.866025403784 -0.500000000000
