#Configurational_file created 2018-09-14 11:59:18  started 2018-09-14 11:59:17 run for 1.0s steps 0
name: p_775
step: 10000
specie: 20
	particle_diameter: 1.0000000000000000
	interaction_length: 1.2000000000000000
	number_of_patches: 3
	number_of_particles_per_compound: 1
	rod_length: 1.0000000000000000
	interaction_matrix:  1.000000 1.000000 1.000000 1.000000 1.000000 1.000000 1.000000 1.000000 1.000000
	patch_type: symmetric
	patch_width: 8.0000000000000000
	patch_angle: 0.0000000000000000
	angles:  0.000000 0.000000 0.000000
	grand_canonical: 0
	chemical_potential: 0.0000000000000000
box: 50.811321 50.811321
copy: 1.000000 1.000000
epsilon: 0.0104170000000000
end_epsilon: 0.0000000000000000
pressure: 0.1000000000000000
lambda: 0.0000000000000000
lambda_coupling: 1.0000000000000000
uy: 0.0000000000000000
maximum_displacement: 1.0000000000000000
maximum_rotation: 1.0000000000000000
maximum_volume: 1.0000000000000000
maximum_shape: 0.0000001000000000
maximum_dsigma: 0.0100000000000000
mod: 10
pmod: 10
optimize: 1
verbose: 1
snapshot: 0
display: 1
explore: 1
npt: 1
nptxy: 0
nptdxdy: 0
shape: 0
seed: 883966
128.157377266265 -17.569390026502 0.000000000000 1.000000000000
431.593163225664 6.555456673575 0.866025403784 -0.500000000000
28.570814619867 -159.617612702480 0.866025403784 -0.500000000000
180.862958225336 210.978269314108 0.866025403784 -0.500000000000
471.862586637198 -134.341230513008 0.866025403784 -0.500000000000
256.434911187101 -159.543903528009 0.000000000000 1.000000000000
-37.293602370857 -134.887686819123 0.000000000000 1.000000000000
159.488711082916 126.916091577350 0.000000000000 1.000000000000
-92.030604428788 -38.020465171626 0.866025403784 0.500000000000
-134.504946823095 105.368015187322 0.866025403784 -0.500000000000
103.060181200429 -238.805736010837 0.000000000000 1.000000000000
-183.643852154602 -228.652387269901 0.866025403784 0.500000000000
276.184462271013 -42.861902081538 0.866025403784 0.500000000000
66.662115029359 -379.071009225729 0.866025403784 0.500000000000
207.283125913437 105.855707286209 0.000000000000 1.000000000000
-131.164571487474 285.129222802444 0.866025403784 -0.500000000000
277.179118133065 217.526413384201 0.866025403784 -0.500000000000
101.671833645903 -288.270417121953 0.000000000000 1.000000000000
21.612930862158 259.420891199235 0.866025403784 0.500000000000
141.711730927486 31.130100928605 0.866025403784 -0.500000000000
