#Configurational_file created 2018-09-14 11:59:16  started 2018-09-14 11:59:15 run for 1.0s steps 0
name: p_772
step: 10000
specie: 20
	particle_diameter: 1.0000000000000000
	interaction_length: 1.2000000000000000
	number_of_patches: 3
	number_of_particles_per_compound: 1
	rod_length: 1.0000000000000000
	interaction_matrix:  1.000000 1.000000 1.000000 1.000000 1.000000 1.000000 1.000000 1.000000 1.000000
	patch_type: symmetric
	patch_width: 8.0000000000000000
	patch_angle: 0.0000000000000000
	angles:  0.000000 0.000000 0.000000
	grand_canonical: 0
	chemical_potential: 0.0000000000000000
box: 44.915487 44.915487
copy: 1.000000 1.000000
epsilon: 0.0104170000000000
end_epsilon: 0.0000000000000000
pressure: 0.0875000000000000
lambda: 0.0000000000000000
lambda_coupling: 1.0000000000000000
uy: 0.0000000000000000
maximum_displacement: 1.0000000000000000
maximum_rotation: 1.0000000000000000
maximum_volume: 1.0000000000000000
maximum_shape: 0.0000001000000000
maximum_dsigma: 0.0100000000000000
mod: 10
pmod: 10
optimize: 1
verbose: 1
snapshot: 0
display: 1
explore: 1
npt: 1
nptxy: 0
nptdxdy: 0
shape: 0
seed: 880555
303.846675373090 228.017994454032 0.866025403784 -0.500000000000
-207.107523195667 -160.452072637236 0.866025403784 -0.500000000000
-10.467772656801 -75.076414958146 0.866025403784 0.500000000000
-42.864648845328 -287.936241660404 0.866025403784 -0.500000000000
228.990639104593 36.958398266874 0.000000000000 1.000000000000
-196.455474950649 -105.146558671943 0.000000000000 1.000000000000
113.097047264806 191.859340794981 0.866025403784 0.500000000000
115.665482891695 -123.100634510861 0.866025403784 -0.500000000000
-45.864713144958 -9.582111448679 0.000000000000 1.000000000000
165.658213896062 175.569228429479 0.000000000000 1.000000000000
30.293827430289 -200.365612109225 0.866025403784 -0.500000000000
-330.670421663166 -43.876922807752 0.000000000000 1.000000000000
3.263371544921 229.335548980539 0.866025403784 -0.500000000000
-68.288282879949 142.554076451183 0.000000000000 1.000000000000
5.200353716797 -9.981950881846 0.866025403784 -0.500000000000
-86.041786901262 -251.117737937391 0.866025403784 -0.500000000000
-0.750083162977 191.606539431671 0.000000000000 1.000000000000
-281.814461304820 103.998736041627 0.866025403784 0.500000000000
-127.450118439204 63.437647558869 0.866025403784 -0.500000000000
-229.827385096323 392.360722584522 0.000000000000 1.000000000000
