#Configurational_file created 2018-09-14 11:31:34  started 2018-09-14 11:31:33 run for 1.0s steps 0
name: p_773
step: 10000
specie: 20
	particle_diameter: 1.0000000000000000
	interaction_length: 1.2000000000000000
	number_of_patches: 3
	number_of_particles_per_compound: 1
	rod_length: 1.0000000000000000
	interaction_matrix:  1.000000 1.000000 1.000000 1.000000 1.000000 1.000000 1.000000 1.000000 1.000000
	patch_type: symmetric
	patch_width: 8.0000000000000000
	patch_angle: 0.0000000000000000
	angles:  0.000000 0.000000 0.000000
	grand_canonical: 0
	chemical_potential: 0.0000000000000000
box: 12.602968 12.602968
copy: 1.000000 1.000000
epsilon: 0.1042460000000000
end_epsilon: 0.0000000000000000
pressure: 1.8333420000000000
lambda: 0.0000000000000000
lambda_coupling: 1.0000000000000000
uy: 0.0000000000000000
maximum_displacement: 1.0000000000000000
maximum_rotation: 1.0000000000000000
maximum_volume: 1.0000000000000000
maximum_shape: 0.0000001000000000
maximum_dsigma: 0.0100000000000000
mod: 10
pmod: 10
optimize: 1
verbose: 1
snapshot: 0
display: 1
explore: 1
npt: 1
nptxy: 0
nptdxdy: 0
shape: 0
seed: 881692
-10.749184177154 -1.664920142967 0.866025403784 0.500000000000
-12.633957266384 -60.539773815831 0.866025403784 0.500000000000
153.223735610766 -196.494217832651 0.866025403784 0.500000000000
32.809455760332 121.388084948951 0.866025403784 0.500000000000
-13.878701902949 14.294966281685 0.866025403784 -0.500000000000
70.456181125763 167.347339370065 0.000000000000 1.000000000000
136.529034046096 214.346327521266 0.000000000000 1.000000000000
-70.808379972718 27.663324010479 0.866025403784 -0.500000000000
-41.455581258790 -21.702231801537 0.866025403784 -0.500000000000
-159.436326098572 111.571293107219 0.866025403784 -0.500000000000
-91.969461533528 17.822595281284 0.000000000000 1.000000000000
-182.556274178373 128.388758697697 0.000000000000 1.000000000000
97.444605612182 2.257611308457 0.000000000000 1.000000000000
38.511339648085 47.089894155079 0.866025403784 -0.500000000000
292.036095377163 -123.546591118799 0.866025403784 -0.500000000000
15.851341651780 -135.117129733720 0.000000000000 1.000000000000
-176.935110660156 81.935195172875 0.000000000000 1.000000000000
110.359692577430 95.773666776436 0.866025403784 -0.500000000000
-110.959008842667 -28.760928384277 0.866025403784 -0.500000000000
84.345051730880 -40.253712079731 0.866025403784 -0.500000000000
