#Configurational_file created 2018-09-14 12:20:21  started 2018-09-14 12:20:20 run for 1.0s steps 0
name: p_77
step: 10000
specie: 20
	particle_diameter: 1.0000000000000000
	interaction_length: 1.2000000000000000
	number_of_patches: 3
	number_of_particles_per_compound: 1
	rod_length: 1.0000000000000000
	interaction_matrix:  1.000000 1.000000 1.000000 1.000000 1.000000 1.000000 1.000000 1.000000 1.000000
	patch_type: symmetric
	patch_width: 8.0000000000000000
	patch_angle: 0.0000000000000000
	angles:  0.000000 0.000000 0.000000
	grand_canonical: 0
	chemical_potential: 0.0000000000000000
box: 50.220274 50.220274
copy: 1.000000 1.000000
epsilon: 1.0833340000000000
end_epsilon: 0.0000000000000000
pressure: 0.0000010000000000
lambda: 0.0000000000000000
lambda_coupling: 1.0000000000000000
uy: 0.0000000000000000
maximum_displacement: 1.0000000000000000
maximum_rotation: 1.0000000000000000
maximum_volume: 1.0000000000000000
maximum_shape: 0.0000001000000000
maximum_dsigma: 0.0100000000000000
mod: 10
pmod: 10
optimize: 1
verbose: 1
snapshot: 0
display: 1
explore: 1
npt: 1
nptxy: 0
nptdxdy: 0
shape: 0
seed: 90340
-278.102570324620 197.884801369975 0.866025403784 0.500000000000
-22.553540284338 -140.519761442748 0.866025403784 0.500000000000
-81.291068430254 69.102091393400 0.866025403784 -0.500000000000
-149.014288147930 282.625540122776 0.866025403784 0.500000000000
12.560751886845 -220.192165752544 0.866025403784 -0.500000000000
180.100713058222 78.345289583938 0.000000000000 1.000000000000
163.998858247274 -95.951838870695 0.866025403784 0.500000000000
-24.129900026158 -261.461342629930 0.000000000000 1.000000000000
-12.914176845912 231.746978281477 0.866025403784 0.500000000000
84.886190518665 -258.668080612234 0.866025403784 0.500000000000
-97.562146782798 -41.408762756617 0.866025403784 -0.500000000000
-28.335838593511 26.688556682137 0.000000000000 1.000000000000
15.337555509592 147.539895609729 0.866025403784 0.500000000000
169.302124381140 84.576280884346 0.000000000000 1.000000000000
244.823327150203 32.929334577969 0.000000000000 1.000000000000
-59.843996489099 116.136465611986 0.866025403784 0.500000000000
136.376477599776 133.407155613846 0.866025403784 -0.500000000000
57.375347882996 207.322204056202 0.000000000000 1.000000000000
128.401613150648 73.776951286295 0.866025403784 -0.500000000000
-40.253383586615 59.449389221218 0.000000000000 1.000000000000
