#Configurational_file created 2018-09-14 11:59:21  started 2018-09-14 11:59:20 run for 1.0s steps 0
name: p_779
step: 10000
specie: 20
	particle_diameter: 1.0000000000000000
	interaction_length: 1.2000000000000000
	number_of_patches: 3
	number_of_particles_per_compound: 1
	rod_length: 1.0000000000000000
	interaction_matrix:  1.000000 1.000000 1.000000 1.000000 1.000000 1.000000 1.000000 1.000000 1.000000
	patch_type: symmetric
	patch_width: 8.0000000000000000
	patch_angle: 0.0000000000000000
	angles:  0.000000 0.000000 0.000000
	grand_canonical: 0
	chemical_potential: 0.0000000000000000
box: 54.505910 54.505910
copy: 1.000000 1.000000
epsilon: 0.0125010000000000
end_epsilon: 0.0000000000000000
pressure: 0.0125010000000000
lambda: 0.0000000000000000
lambda_coupling: 1.0000000000000000
uy: 0.0000000000000000
maximum_displacement: 1.0000000000000000
maximum_rotation: 1.0000000000000000
maximum_volume: 1.0000000000000000
maximum_shape: 0.0000001000000000
maximum_dsigma: 0.0100000000000000
mod: 10
pmod: 10
optimize: 1
verbose: 1
snapshot: 0
display: 1
explore: 1
npt: 1
nptxy: 0
nptdxdy: 0
shape: 0
seed: 888514
-149.138371653570 106.305575461455 0.000000000000 1.000000000000
113.075855201465 -254.545511158509 0.000000000000 1.000000000000
-99.869194217415 -116.646829022162 0.866025403784 -0.500000000000
157.635014225581 191.380722180464 0.866025403784 -0.500000000000
-46.530765875654 339.418187275019 0.000000000000 1.000000000000
134.842509288803 183.480252873772 0.000000000000 1.000000000000
-335.683691644669 -53.951507842262 0.866025403784 -0.500000000000
160.563784635992 -68.908813321736 0.000000000000 1.000000000000
-10.657012310530 61.793679522846 0.866025403784 0.500000000000
-199.634700210625 -84.250465300008 0.866025403784 -0.500000000000
57.198363266077 -43.877489805024 0.000000000000 1.000000000000
-20.106027719928 345.223806457337 0.866025403784 0.500000000000
-111.106555685291 220.104913265518 0.000000000000 1.000000000000
154.013301507187 -588.246004205364 0.866025403784 -0.500000000000
-71.202178261680 137.074854208763 0.866025403784 0.500000000000
86.399462747062 -140.934483518220 0.000000000000 1.000000000000
106.157412813290 -92.449043856237 0.866025403784 0.500000000000
-144.351665463952 -36.309263312552 0.000000000000 1.000000000000
116.547470161374 -191.217005529305 0.866025403784 0.500000000000
-192.364849886638 -401.825064627226 0.866025403784 -0.500000000000
