#Configurational_file created 2018-09-14 11:31:32  started 2018-09-14 11:31:31 run for 1.0s steps 0
name: p_770
step: 10000
specie: 20
	particle_diameter: 1.0000000000000000
	interaction_length: 1.2000000000000000
	number_of_patches: 3
	number_of_particles_per_compound: 1
	rod_length: 1.0000000000000000
	interaction_matrix:  1.000000 1.000000 1.000000 1.000000 1.000000 1.000000 1.000000 1.000000 1.000000
	patch_type: symmetric
	patch_width: 8.0000000000000000
	patch_angle: 0.0000000000000000
	angles:  0.000000 0.000000 0.000000
	grand_canonical: 0
	chemical_potential: 0.0000000000000000
box: 12.167267 12.167267
copy: 1.000000 1.000000
epsilon: 0.1042460000000000
end_epsilon: 0.0000000000000000
pressure: 1.5833539999999999
lambda: 0.0000000000000000
lambda_coupling: 1.0000000000000000
uy: 0.0000000000000000
maximum_displacement: 1.0000000000000000
maximum_rotation: 1.0000000000000000
maximum_volume: 1.0000000000000000
maximum_shape: 0.0000001000000000
maximum_dsigma: 0.0100000000000000
mod: 10
pmod: 10
optimize: 1
verbose: 1
snapshot: 0
display: 1
explore: 1
npt: 1
nptxy: 0
nptdxdy: 0
shape: 0
seed: 878281
67.808083296669 -7.216357567236 0.866025403784 0.500000000000
-81.779823514991 -112.016187661311 0.000000000000 1.000000000000
-119.683203007720 -46.009800306826 0.866025403784 0.500000000000
34.388252041621 -52.809661677658 0.866025403784 -0.500000000000
-116.180228969652 156.822582792391 0.000000000000 1.000000000000
15.107677856325 -72.990488935881 0.866025403784 -0.500000000000
-135.172945354705 -87.177027526847 0.000000000000 1.000000000000
80.887607723523 -108.098234103512 0.866025403784 0.500000000000
-113.643266801724 45.210432493144 0.866025403784 -0.500000000000
-214.459417449770 126.218424311468 0.866025403784 -0.500000000000
-64.284439084469 -77.976056356147 0.866025403784 -0.500000000000
17.022371505531 7.946350424866 0.000000000000 1.000000000000
85.636321783751 58.001003404075 0.866025403784 0.500000000000
-49.557483379383 115.943441693785 0.866025403784 0.500000000000
52.392227728963 102.568578100556 0.866025403784 -0.500000000000
73.543459858017 -61.993670604798 0.866025403784 0.500000000000
182.025140807447 14.415985424436 0.866025403784 0.500000000000
59.169755829733 -146.214502019515 0.866025403784 0.500000000000
34.922063337618 -22.429878470979 0.866025403784 -0.500000000000
46.686449854932 -31.220911073182 0.866025403784 0.500000000000
