#Configurational_file created 2018-09-14 11:59:17  started 2018-09-14 11:59:16 run for 1.0s steps 0
name: p_773
step: 10000
specie: 20
	particle_diameter: 1.0000000000000000
	interaction_length: 1.2000000000000000
	number_of_patches: 3
	number_of_particles_per_compound: 1
	rod_length: 1.0000000000000000
	interaction_matrix:  1.000000 1.000000 1.000000 1.000000 1.000000 1.000000 1.000000 1.000000 1.000000
	patch_type: symmetric
	patch_width: 8.0000000000000000
	patch_angle: 0.0000000000000000
	angles:  0.000000 0.000000 0.000000
	grand_canonical: 0
	chemical_potential: 0.0000000000000000
box: 38.746423 38.746423
copy: 1.000000 1.000000
epsilon: 0.0104170000000000
end_epsilon: 0.0000000000000000
pressure: 0.0916670000000000
lambda: 0.0000000000000000
lambda_coupling: 1.0000000000000000
uy: 0.0000000000000000
maximum_displacement: 1.0000000000000000
maximum_rotation: 1.0000000000000000
maximum_volume: 1.0000000000000000
maximum_shape: 0.0000001000000000
maximum_dsigma: 0.0100000000000000
mod: 10
pmod: 10
optimize: 1
verbose: 1
snapshot: 0
display: 1
explore: 1
npt: 1
nptxy: 0
nptdxdy: 0
shape: 0
seed: 881692
-145.550049985831 50.722813225629 0.866025403784 -0.500000000000
-80.293016735494 -402.742890414165 0.000000000000 1.000000000000
-41.313543644078 -174.646384426577 0.866025403784 -0.500000000000
4.978459064881 64.721738349260 0.866025403784 -0.500000000000
99.442319632367 -37.191767533061 0.000000000000 1.000000000000
86.475750754183 7.526930415009 0.000000000000 1.000000000000
78.968369771883 139.586589062914 0.866025403784 0.500000000000
140.667408057680 122.759259935173 0.866025403784 -0.500000000000
180.984073047203 -70.811536405156 0.866025403784 0.500000000000
-148.146582194512 380.808132867688 0.866025403784 -0.500000000000
-144.489086181969 10.161491213201 0.866025403784 0.500000000000
-56.994034457077 61.172766752246 0.000000000000 1.000000000000
-43.187047454284 44.578193127523 0.866025403784 0.500000000000
-131.146429730324 -150.951822526114 0.866025403784 0.500000000000
282.625040393048 53.639096726134 0.000000000000 1.000000000000
-186.182038010210 -324.638238186624 0.000000000000 1.000000000000
-112.686493991484 152.210617320877 0.866025403784 0.500000000000
-210.373658565072 45.507663477943 0.866025403784 -0.500000000000
17.132724464391 61.097243031419 0.866025403784 -0.500000000000
-0.273054934149 216.303862544002 0.866025403784 -0.500000000000
