#Configurational_file created 2018-09-14 11:31:36  started 2018-09-14 11:31:35 run for 1.0s steps 0
name: p_775
step: 10000
specie: 20
	particle_diameter: 1.0000000000000000
	interaction_length: 1.2000000000000000
	number_of_patches: 3
	number_of_particles_per_compound: 1
	rod_length: 1.0000000000000000
	interaction_matrix:  1.000000 1.000000 1.000000 1.000000 1.000000 1.000000 1.000000 1.000000 1.000000
	patch_type: symmetric
	patch_width: 8.0000000000000000
	patch_angle: 0.0000000000000000
	angles:  0.000000 0.000000 0.000000
	grand_canonical: 0
	chemical_potential: 0.0000000000000000
box: 11.994366 11.994366
copy: 1.000000 1.000000
epsilon: 0.1042460000000000
end_epsilon: 0.0000000000000000
pressure: 2.0000000000000000
lambda: 0.0000000000000000
lambda_coupling: 1.0000000000000000
uy: 0.0000000000000000
maximum_displacement: 1.0000000000000000
maximum_rotation: 1.0000000000000000
maximum_volume: 1.0000000000000000
maximum_shape: 0.0000001000000000
maximum_dsigma: 0.0100000000000000
mod: 10
pmod: 10
optimize: 1
verbose: 1
snapshot: 0
display: 1
explore: 1
npt: 1
nptxy: 0
nptdxdy: 0
shape: 0
seed: 883966
-88.858442476796 52.619258823945 0.866025403784 -0.500000000000
47.361851422173 -104.815377427649 0.000000000000 1.000000000000
15.958475182378 99.253760561025 0.866025403784 -0.500000000000
-51.761288918547 -59.021524373347 0.866025403784 0.500000000000
22.618557566902 67.187573949509 0.866025403784 -0.500000000000
-46.455521694858 -62.665493783127 0.866025403784 0.500000000000
-56.027978420335 -33.708788643362 0.866025403784 0.500000000000
56.925525669382 146.764605663605 0.866025403784 -0.500000000000
45.605265215687 -65.372643141184 0.000000000000 1.000000000000
-112.741167513467 31.055898500257 0.866025403784 0.500000000000
-41.355518568782 -45.494057416048 0.866025403784 0.500000000000
64.044696742868 197.551883799515 0.000000000000 1.000000000000
183.614387062699 -0.586551465601 0.866025403784 0.500000000000
164.206422208482 -38.536756191005 0.866025403784 0.500000000000
-42.932483222859 -36.008034413788 0.866025403784 -0.500000000000
-126.557574917478 114.864260993872 0.866025403784 -0.500000000000
33.160635456447 164.725461724818 0.000000000000 1.000000000000
-32.013784904442 60.342436620613 0.866025403784 -0.500000000000
-147.437168210219 77.283547294800 0.866025403784 0.500000000000
-60.489398778192 -158.443100915841 0.000000000000 1.000000000000
