#Configurational_file created 2018-09-14 11:31:38  started 2018-09-14 11:31:37 run for 1.0s steps 0
name: p_778
step: 10000
specie: 20
	particle_diameter: 1.0000000000000000
	interaction_length: 1.2000000000000000
	number_of_patches: 3
	number_of_particles_per_compound: 1
	rod_length: 1.0000000000000000
	interaction_matrix:  1.000000 1.000000 1.000000 1.000000 1.000000 1.000000 1.000000 1.000000 1.000000
	patch_type: symmetric
	patch_width: 8.0000000000000000
	patch_angle: 0.0000000000000000
	angles:  0.000000 0.000000 0.000000
	grand_canonical: 0
	chemical_potential: 0.0000000000000000
box: 32.148894 32.148894
copy: 1.000000 1.000000
epsilon: 0.1250750000000000
end_epsilon: 0.0000000000000000
pressure: 0.1667580000000000
lambda: 0.0000000000000000
lambda_coupling: 1.0000000000000000
uy: 0.0000000000000000
maximum_displacement: 1.0000000000000000
maximum_rotation: 1.0000000000000000
maximum_volume: 1.0000000000000000
maximum_shape: 0.0000001000000000
maximum_dsigma: 0.0100000000000000
mod: 10
pmod: 10
optimize: 1
verbose: 1
snapshot: 0
display: 1
explore: 1
npt: 1
nptxy: 0
nptdxdy: 0
shape: 0
seed: 887377
71.622678533437 -97.956072860203 0.866025403784 -0.500000000000
-23.578455600524 -69.474849825630 0.866025403784 -0.500000000000
45.864028294502 -21.399754990025 0.866025403784 0.500000000000
-8.125110158573 -83.960035472945 0.000000000000 1.000000000000
-45.922764815145 -11.188461054387 0.866025403784 0.500000000000
79.989341919904 -110.414738778628 0.866025403784 0.500000000000
129.330902841103 -137.540290495350 0.866025403784 -0.500000000000
-82.093081612849 -243.369299543251 0.000000000000 1.000000000000
11.220532155461 22.509198304736 0.000000000000 1.000000000000
-114.968480643451 -30.448154624134 0.000000000000 1.000000000000
-51.342326680386 95.939832176600 0.000000000000 1.000000000000
-32.059853141838 48.573541653751 0.000000000000 1.000000000000
52.350406128930 -49.031705765774 0.866025403784 0.500000000000
-220.168079952834 124.774825837444 0.866025403784 -0.500000000000
114.958983712793 64.780300287829 0.866025403784 -0.500000000000
-110.125682055332 60.983347952224 0.866025403784 -0.500000000000
-36.247589747579 6.210695831188 0.866025403784 0.500000000000
48.142670187166 -12.359906696526 0.866025403784 0.500000000000
191.419103910686 203.966225962118 0.866025403784 -0.500000000000
-69.905988791303 -103.205767523970 0.000000000000 1.000000000000
