#Configurational_file created 2018-09-14 11:31:37  started 2018-09-14 11:31:37 run for 0.0s steps 0
name: p_777
step: 10000
specie: 20
	particle_diameter: 1.0000000000000000
	interaction_length: 1.2000000000000000
	number_of_patches: 3
	number_of_particles_per_compound: 1
	rod_length: 1.0000000000000000
	interaction_matrix:  1.000000 1.000000 1.000000 1.000000 1.000000 1.000000 1.000000 1.000000 1.000000
	patch_type: symmetric
	patch_width: 8.0000000000000000
	patch_angle: 0.0000000000000000
	angles:  0.000000 0.000000 0.000000
	grand_canonical: 0
	chemical_potential: 0.0000000000000000
box: 40.238245 40.238245
copy: 1.000000 1.000000
epsilon: 0.1250750000000000
end_epsilon: 0.0000000000000000
pressure: 0.0834290000000000
lambda: 0.0000000000000000
lambda_coupling: 1.0000000000000000
uy: 0.0000000000000000
maximum_displacement: 1.0000000000000000
maximum_rotation: 1.0000000000000000
maximum_volume: 1.0000000000000000
maximum_shape: 0.0000001000000000
maximum_dsigma: 0.0100000000000000
mod: 10
pmod: 10
optimize: 1
verbose: 1
snapshot: 0
display: 1
explore: 1
npt: 1
nptxy: 0
nptdxdy: 0
shape: 0
seed: 886240
68.664438234499 -89.110389752294 0.000000000000 1.000000000000
-257.897471413029 -41.069915094822 0.866025403784 -0.500000000000
233.519853531335 93.764862768876 0.866025403784 -0.500000000000
9.709712534841 15.972404783631 0.866025403784 0.500000000000
-51.362673549535 -1.755691816173 0.000000000000 1.000000000000
81.268209503975 318.579934052672 0.000000000000 1.000000000000
-73.542290898541 -37.361944700428 0.866025403784 -0.500000000000
-215.179869776144 -186.974347224102 0.000000000000 1.000000000000
111.553168116167 294.773686298426 0.866025403784 -0.500000000000
123.248155132127 -107.117460787818 0.866025403784 0.500000000000
-41.845858578374 -258.217398253551 0.866025403784 0.500000000000
93.409974259141 353.917604534038 0.866025403784 0.500000000000
-273.196297201630 131.573715906220 0.866025403784 0.500000000000
356.807634613685 -274.424936434996 0.000000000000 1.000000000000
266.782595993584 77.047604601307 0.866025403784 -0.500000000000
-2.032383608586 197.022406437396 0.000000000000 1.000000000000
-80.373011828249 -66.610582037447 0.866025403784 0.500000000000
-50.196685647681 -236.050211563747 0.866025403784 -0.500000000000
-0.872543382317 -37.841209874374 0.000000000000 1.000000000000
7.608404650981 8.571630854069 0.866025403784 0.500000000000
