#Configurational_file created 2018-09-14 11:59:15  started 2018-09-14 11:59:15 run for 0.0s steps 0
name: p_771
step: 10000
specie: 20
	particle_diameter: 1.0000000000000000
	interaction_length: 1.2000000000000000
	number_of_patches: 3
	number_of_particles_per_compound: 1
	rod_length: 1.0000000000000000
	interaction_matrix:  1.000000 1.000000 1.000000 1.000000 1.000000 1.000000 1.000000 1.000000 1.000000
	patch_type: symmetric
	patch_width: 8.0000000000000000
	patch_angle: 0.0000000000000000
	angles:  0.000000 0.000000 0.000000
	grand_canonical: 0
	chemical_potential: 0.0000000000000000
box: 46.472087 46.472087
copy: 1.000000 1.000000
epsilon: 0.0104170000000000
end_epsilon: 0.0000000000000000
pressure: 0.0833340000000000
lambda: 0.0000000000000000
lambda_coupling: 1.0000000000000000
uy: 0.0000000000000000
maximum_displacement: 1.0000000000000000
maximum_rotation: 1.0000000000000000
maximum_volume: 1.0000000000000000
maximum_shape: 0.0000001000000000
maximum_dsigma: 0.0100000000000000
mod: 10
pmod: 10
optimize: 1
verbose: 1
snapshot: 0
display: 1
explore: 1
npt: 1
nptxy: 0
nptdxdy: 0
shape: 0
seed: 879418
-146.815940112646 -39.905520745240 0.000000000000 1.000000000000
-11.887499897253 -220.010378291525 0.000000000000 1.000000000000
-100.231285955277 -19.595678229480 0.866025403784 0.500000000000
-122.646379601432 119.240491626644 0.866025403784 -0.500000000000
116.748925255971 326.700020035177 0.866025403784 0.500000000000
177.904318137549 -91.321848921126 0.866025403784 0.500000000000
-201.591593514388 -60.000072755141 0.866025403784 0.500000000000
-137.366180659977 18.948287898262 0.000000000000 1.000000000000
168.076094745495 -28.620406812598 0.866025403784 0.500000000000
-23.120763408286 -16.998031885871 0.000000000000 1.000000000000
-188.875002587071 272.432467169444 0.000000000000 1.000000000000
182.132338877066 62.061862887322 0.866025403784 -0.500000000000
-116.489765811375 -274.799906678720 0.866025403784 -0.500000000000
155.256600047478 -21.251097447041 0.000000000000 1.000000000000
-149.844146729037 -413.392480062441 0.866025403784 0.500000000000
-107.935279698614 -230.063852035608 0.000000000000 1.000000000000
-470.325880052732 301.145760295627 0.866025403784 0.500000000000
250.594185191344 26.296116801810 0.000000000000 1.000000000000
247.330630339222 5.375390518371 0.866025403784 0.500000000000
338.393728179541 16.458605632423 0.000000000000 1.000000000000
