#Configurational_file created 2018-09-14 11:59:15  started 2018-09-14 11:59:14 run for 1.0s steps 0
name: p_770
step: 10000
specie: 20
	particle_diameter: 1.0000000000000000
	interaction_length: 1.2000000000000000
	number_of_patches: 3
	number_of_particles_per_compound: 1
	rod_length: 1.0000000000000000
	interaction_matrix:  1.000000 1.000000 1.000000 1.000000 1.000000 1.000000 1.000000 1.000000 1.000000
	patch_type: symmetric
	patch_width: 8.0000000000000000
	patch_angle: 0.0000000000000000
	angles:  0.000000 0.000000 0.000000
	grand_canonical: 0
	chemical_potential: 0.0000000000000000
box: 42.374249 42.374249
copy: 1.000000 1.000000
epsilon: 0.0104170000000000
end_epsilon: 0.0000000000000000
pressure: 0.0791670000000000
lambda: 0.0000000000000000
lambda_coupling: 1.0000000000000000
uy: 0.0000000000000000
maximum_displacement: 1.0000000000000000
maximum_rotation: 1.0000000000000000
maximum_volume: 1.0000000000000000
maximum_shape: 0.0000001000000000
maximum_dsigma: 0.0100000000000000
mod: 10
pmod: 10
optimize: 1
verbose: 1
snapshot: 0
display: 1
explore: 1
npt: 1
nptxy: 0
nptdxdy: 0
shape: 0
seed: 878281
-46.755390754190 -12.098176707680 0.866025403784 -0.500000000000
-117.837938996208 -110.941722761126 0.000000000000 1.000000000000
-238.948832755596 -253.925921278600 0.866025403784 0.500000000000
-139.100269414119 -80.174548803573 0.866025403784 0.500000000000
-22.833202564903 110.315744324645 0.000000000000 1.000000000000
-239.431507463241 -114.423136214100 0.866025403784 0.500000000000
-1.123909062754 100.833211729268 0.000000000000 1.000000000000
101.312968656409 -43.023225795582 0.000000000000 1.000000000000
-349.955254910982 -73.560768175156 0.866025403784 -0.500000000000
-17.410727110613 156.479512217356 0.000000000000 1.000000000000
11.297796775467 8.005805448237 0.866025403784 0.500000000000
-186.602180984701 -10.831359058427 0.866025403784 -0.500000000000
72.249676278171 76.286370867543 0.866025403784 -0.500000000000
12.326722164424 100.323440702193 0.866025403784 0.500000000000
-97.852919958618 41.254632757548 0.000000000000 1.000000000000
228.385469909718 26.028977355192 0.866025403784 0.500000000000
68.389556154080 -219.254294666880 0.866025403784 -0.500000000000
-192.288710738818 5.641929395640 0.866025403784 -0.500000000000
143.024146035101 -4.672737806159 0.866025403784 -0.500000000000
-0.759663944190 272.131968238333 0.866025403784 -0.500000000000
