#Configurational_file created 2018-09-14 11:31:33  started 2018-09-14 11:31:32 run for 1.0s steps 0
name: p_771
step: 10000
specie: 20
	particle_diameter: 1.0000000000000000
	interaction_length: 1.2000000000000000
	number_of_patches: 3
	number_of_particles_per_compound: 1
	rod_length: 1.0000000000000000
	interaction_matrix:  1.000000 1.000000 1.000000 1.000000 1.000000 1.000000 1.000000 1.000000 1.000000
	patch_type: symmetric
	patch_width: 8.0000000000000000
	patch_angle: 0.0000000000000000
	angles:  0.000000 0.000000 0.000000
	grand_canonical: 0
	chemical_potential: 0.0000000000000000
box: 14.173474 14.173474
copy: 1.000000 1.000000
epsilon: 0.1042460000000000
end_epsilon: 0.0000000000000000
pressure: 1.6666829999999999
lambda: 0.0000000000000000
lambda_coupling: 1.0000000000000000
uy: 0.0000000000000000
maximum_displacement: 1.0000000000000000
maximum_rotation: 1.0000000000000000
maximum_volume: 1.0000000000000000
maximum_shape: 0.0000001000000000
maximum_dsigma: 0.0100000000000000
mod: 10
pmod: 10
optimize: 1
verbose: 1
snapshot: 0
display: 1
explore: 1
npt: 1
nptxy: 0
nptdxdy: 0
shape: 0
seed: 879418
21.468803443860 -221.513968826067 0.866025403784 0.500000000000
-73.442726194014 -99.240149253619 0.000000000000 1.000000000000
56.658950455530 -176.303605931223 0.866025403784 0.500000000000
-115.195325274917 177.790036032969 0.866025403784 0.500000000000
-90.446380084669 133.021670620692 0.866025403784 -0.500000000000
66.636079067490 -102.571023815691 0.866025403784 -0.500000000000
-67.302186916168 31.998113666979 0.000000000000 1.000000000000
70.358209180995 -30.818255087611 0.866025403784 0.500000000000
23.191872247371 53.070599026286 0.000000000000 1.000000000000
69.804711997664 -65.890975906405 0.000000000000 1.000000000000
-11.889359757029 131.463198774325 0.866025403784 -0.500000000000
56.116145986705 52.398743359893 0.866025403784 0.500000000000
43.974710766377 69.555414819216 0.866025403784 -0.500000000000
-35.866864012034 50.969329954788 0.000000000000 1.000000000000
-141.323905458964 -164.094971512227 0.000000000000 1.000000000000
-2.614202969297 37.377598828169 0.000000000000 1.000000000000
-91.096678770124 46.800067412482 0.866025403784 0.500000000000
63.792428384429 67.083489390034 0.000000000000 1.000000000000
168.530536327900 29.363169681782 0.866025403784 -0.500000000000
-68.972498222595 79.258250329727 0.000000000000 1.000000000000
