#Configurational_file created 2018-09-14 11:31:33  started 2018-09-14 11:31:33 run for 0.0s steps 0
name: p_772
step: 10000
specie: 20
	particle_diameter: 1.0000000000000000
	interaction_length: 1.2000000000000000
	number_of_patches: 3
	number_of_particles_per_compound: 1
	rod_length: 1.0000000000000000
	interaction_matrix:  1.000000 1.000000 1.000000 1.000000 1.000000 1.000000 1.000000 1.000000 1.000000
	patch_type: symmetric
	patch_width: 8.0000000000000000
	patch_angle: 0.0000000000000000
	angles:  0.000000 0.000000 0.000000
	grand_canonical: 0
	chemical_potential: 0.0000000000000000
box: 12.203717 12.203717
copy: 1.000000 1.000000
epsilon: 0.1042460000000000
end_epsilon: 0.0000000000000000
pressure: 1.7500119999999999
lambda: 0.0000000000000000
lambda_coupling: 1.0000000000000000
uy: 0.0000000000000000
maximum_displacement: 1.0000000000000000
maximum_rotation: 1.0000000000000000
maximum_volume: 1.0000000000000000
maximum_shape: 0.0000001000000000
maximum_dsigma: 0.0100000000000000
mod: 10
pmod: 10
optimize: 1
verbose: 1
snapshot: 0
display: 1
explore: 1
npt: 1
nptxy: 0
nptdxdy: 0
shape: 0
seed: 880555
132.517528733899 110.772750976664 0.866025403784 -0.500000000000
-95.406044821176 -62.881625933196 0.000000000000 1.000000000000
-38.274003868208 -5.280797387410 0.866025403784 -0.500000000000
9.296129477791 21.177991632892 0.866025403784 0.500000000000
-6.121171424338 -98.039872680176 0.866025403784 -0.500000000000
66.077223928936 64.189894355319 0.866025403784 -0.500000000000
-109.228172436814 78.391457487410 0.866025403784 0.500000000000
18.880342984140 -74.092602667545 0.866025403784 0.500000000000
-143.659694546257 102.773140896093 0.000000000000 1.000000000000
-114.938044052509 42.014329024420 0.000000000000 1.000000000000
-64.946787216562 111.406818852874 0.866025403784 0.500000000000
-52.706328071325 -19.625921284239 0.000000000000 1.000000000000
16.108623432850 72.993000483773 0.866025403784 0.500000000000
-22.752839833478 -46.439944251733 0.866025403784 0.500000000000
-100.041590257544 -82.182970490224 0.866025403784 0.500000000000
15.996784095808 -147.803933462501 0.866025403784 0.500000000000
-41.576472433906 -40.642442025410 0.000000000000 1.000000000000
-50.412228349042 -15.957981070395 0.866025403784 -0.500000000000
-93.439376369982 -139.071416816866 0.000000000000 1.000000000000
24.058408555516 108.387082521600 0.000000000000 1.000000000000
