#Configurational_file created 2018-09-14 11:59:20  started 2018-09-14 11:59:19 run for 1.0s steps 0
name: p_777
step: 10000
specie: 20
	particle_diameter: 1.0000000000000000
	interaction_length: 1.2000000000000000
	number_of_patches: 3
	number_of_particles_per_compound: 1
	rod_length: 1.0000000000000000
	interaction_matrix:  1.000000 1.000000 1.000000 1.000000 1.000000 1.000000 1.000000 1.000000 1.000000
	patch_type: symmetric
	patch_width: 8.0000000000000000
	patch_angle: 0.0000000000000000
	angles:  0.000000 0.000000 0.000000
	grand_canonical: 0
	chemical_potential: 0.0000000000000000
box: 53.719748 53.719748
copy: 1.000000 1.000000
epsilon: 0.0125010000000000
end_epsilon: 0.0000000000000000
pressure: 0.0041680000000000
lambda: 0.0000000000000000
lambda_coupling: 1.0000000000000000
uy: 0.0000000000000000
maximum_displacement: 1.0000000000000000
maximum_rotation: 1.0000000000000000
maximum_volume: 1.0000000000000000
maximum_shape: 0.0000001000000000
maximum_dsigma: 0.0100000000000000
mod: 10
pmod: 10
optimize: 1
verbose: 1
snapshot: 0
display: 1
explore: 1
npt: 1
nptxy: 0
nptdxdy: 0
shape: 0
seed: 886240
111.578368953528 30.351391904109 0.000000000000 1.000000000000
4.664878053121 -242.950839917797 0.866025403784 0.500000000000
159.762728823674 -243.206063606215 0.000000000000 1.000000000000
31.300520280392 78.782786641795 0.866025403784 -0.500000000000
196.625129568435 59.772532413319 0.000000000000 1.000000000000
18.160625893776 146.764668647397 0.866025403784 -0.500000000000
92.266094018815 278.763505532573 0.866025403784 -0.500000000000
-113.179129558712 -256.365310042921 0.866025403784 -0.500000000000
562.358873339948 366.945378541473 0.866025403784 -0.500000000000
343.829178417826 223.838011073814 0.866025403784 -0.500000000000
14.845427343766 57.749622715099 0.866025403784 0.500000000000
-58.109257656286 -11.544590106300 0.866025403784 -0.500000000000
140.449098170390 -20.375495433836 0.866025403784 -0.500000000000
303.326475996421 -44.490688426400 0.866025403784 0.500000000000
325.668537246278 9.166259647806 0.000000000000 1.000000000000
-35.083314121151 105.689548836659 0.866025403784 -0.500000000000
-109.817226052854 187.637125771551 0.866025403784 0.500000000000
144.797327448011 -163.721204653249 0.866025403784 0.500000000000
10.865257837968 131.990078186877 0.866025403784 0.500000000000
-14.005078368911 -11.571934241377 0.000000000000 1.000000000000
