#Configurational_file created 2018-09-14 11:31:37  started 2018-09-14 11:31:36 run for 1.0s steps 0
name: p_776
step: 10000
specie: 20
	particle_diameter: 1.0000000000000000
	interaction_length: 1.2000000000000000
	number_of_patches: 3
	number_of_particles_per_compound: 1
	rod_length: 1.0000000000000000
	interaction_matrix:  1.000000 1.000000 1.000000 1.000000 1.000000 1.000000 1.000000 1.000000 1.000000
	patch_type: symmetric
	patch_width: 8.0000000000000000
	patch_angle: 0.0000000000000000
	angles:  0.000000 0.000000 0.000000
	grand_canonical: 0
	chemical_potential: 0.0000000000000000
box: 50.039098 50.039098
copy: 1.000000 1.000000
epsilon: 0.1250750000000000
end_epsilon: 0.0000000000000000
pressure: 0.0001000000000000
lambda: 0.0000000000000000
lambda_coupling: 1.0000000000000000
uy: 0.0000000000000000
maximum_displacement: 1.0000000000000000
maximum_rotation: 1.0000000000000000
maximum_volume: 1.0000000000000000
maximum_shape: 0.0000001000000000
maximum_dsigma: 0.0100000000000000
mod: 10
pmod: 10
optimize: 1
verbose: 1
snapshot: 0
display: 1
explore: 1
npt: 1
nptxy: 0
nptdxdy: 0
shape: 0
seed: 885103
169.316502163187 -57.754427148013 0.866025403784 0.500000000000
244.836880396882 -323.217000763376 0.000000000000 1.000000000000
-164.572892761685 136.528325656140 0.000000000000 1.000000000000
17.385801294395 289.821401184314 0.866025403784 0.500000000000
-393.720767469519 121.500823304001 0.866025403784 -0.500000000000
-369.297882195932 140.822279403418 0.866025403784 -0.500000000000
-309.301751273736 -24.508048140034 0.000000000000 1.000000000000
168.149782355315 114.503695964060 0.866025403784 0.500000000000
-218.824183264175 106.700348895106 0.866025403784 -0.500000000000
52.481483306447 81.863738644945 0.866025403784 -0.500000000000
-149.278681850084 261.386257461233 0.000000000000 1.000000000000
-113.025085994766 98.496712526787 0.866025403784 0.500000000000
-325.302599144671 -55.723165926804 0.000000000000 1.000000000000
122.939673349445 -43.894931025089 0.866025403784 0.500000000000
165.338667051103 2.729150519014 0.000000000000 1.000000000000
229.325724612855 456.871312772182 0.866025403784 0.500000000000
-123.281430715126 50.070618911992 0.000000000000 1.000000000000
-458.246781204775 88.132250129390 0.000000000000 1.000000000000
163.840885444838 -118.730533397112 0.000000000000 1.000000000000
-119.976404812168 -98.406713760840 0.866025403784 0.500000000000
