#Configurational_file created 2018-09-14 11:06:24  started 2018-09-14 11:06:23 run for 1.0s steps 0
name: p_77
step: 10000
specie: 20
	particle_diameter: 1.0000000000000000
	interaction_length: 1.2000000000000000
	number_of_patches: 3
	number_of_particles_per_compound: 1
	rod_length: 1.0000000000000000
	interaction_matrix:  1.000000 1.000000 1.000000 1.000000 1.000000 1.000000 1.000000 1.000000 1.000000
	patch_type: symmetric
	patch_width: 8.0000000000000000
	patch_angle: 0.0000000000000000
	angles:  0.000000 0.000000 0.000000
	grand_canonical: 0
	chemical_potential: 0.0000000000000000
box: 18.948001 18.948001
copy: 1.000000 1.000000
epsilon: 0.0715140000000000
end_epsilon: 0.0000000000000000
pressure: 1.1429000000000000
lambda: 0.0000000000000000
lambda_coupling: 1.0000000000000000
uy: 0.0000000000000000
maximum_displacement: 1.0000000000000000
maximum_rotation: 1.0000000000000000
maximum_volume: 1.0000000000000000
maximum_shape: 0.0000001000000000
maximum_dsigma: 0.0100000000000000
mod: 10
pmod: 10
optimize: 1
verbose: 1
snapshot: 0
display: 1
explore: 1
npt: 1
nptxy: 0
nptdxdy: 0
shape: 0
seed: 90419
47.963822647704 -238.329690679745 0.866025403784 -0.500000000000
-113.255410141207 91.673090632803 0.000000000000 1.000000000000
199.994979921552 -28.982484446909 0.866025403784 -0.500000000000
104.396334934019 -53.354815029704 0.866025403784 0.500000000000
-42.607696666832 53.392478390696 0.000000000000 1.000000000000
117.701860039976 19.937453872050 0.866025403784 0.500000000000
71.599681964921 74.387847500486 0.000000000000 1.000000000000
-16.804922371073 125.630784841656 0.000000000000 1.000000000000
-84.729173755119 -98.884581126492 0.000000000000 1.000000000000
-47.017885441502 -135.991236745986 0.866025403784 0.500000000000
-38.440954697492 34.799959510568 0.866025403784 -0.500000000000
62.453300406355 146.889980305191 0.866025403784 -0.500000000000
96.378751833388 -25.576251141598 0.866025403784 0.500000000000
88.374932594294 -161.216395950345 0.866025403784 0.500000000000
257.754261670729 217.904925979093 0.866025403784 -0.500000000000
-32.123029576243 175.583504362632 0.000000000000 1.000000000000
-60.818903136678 181.729866096780 0.866025403784 -0.500000000000
-56.410434430938 -11.577978837189 0.866025403784 0.500000000000
-45.160245523406 30.453544763234 0.866025403784 0.500000000000
-84.218452996697 13.733325801626 0.000000000000 1.000000000000
