#Configurational_file created 2018-09-14 11:59:19  started 2018-09-14 11:59:18 run for 1.0s steps 0
name: p_776
step: 10000
specie: 20
	particle_diameter: 1.0000000000000000
	interaction_length: 1.2000000000000000
	number_of_patches: 3
	number_of_particles_per_compound: 1
	rod_length: 1.0000000000000000
	interaction_matrix:  1.000000 1.000000 1.000000 1.000000 1.000000 1.000000 1.000000 1.000000 1.000000
	patch_type: symmetric
	patch_width: 8.0000000000000000
	patch_angle: 0.0000000000000000
	angles:  0.000000 0.000000 0.000000
	grand_canonical: 0
	chemical_potential: 0.0000000000000000
box: 54.814153 54.814153
copy: 1.000000 1.000000
epsilon: 0.0125010000000000
end_epsilon: 0.0000000000000000
pressure: 0.0000010000000000
lambda: 0.0000000000000000
lambda_coupling: 1.0000000000000000
uy: 0.0000000000000000
maximum_displacement: 1.0000000000000000
maximum_rotation: 1.0000000000000000
maximum_volume: 1.0000000000000000
maximum_shape: 0.0000001000000000
maximum_dsigma: 0.0100000000000000
mod: 10
pmod: 10
optimize: 1
verbose: 1
snapshot: 0
display: 1
explore: 1
npt: 1
nptxy: 0
nptdxdy: 0
shape: 0
seed: 885103
-72.729709844123 46.723117668828 0.866025403784 -0.500000000000
-12.536220156503 -152.900980619515 0.866025403784 -0.500000000000
-10.129567363466 -102.530074257180 0.866025403784 -0.500000000000
-48.415472000504 30.780236660789 0.866025403784 -0.500000000000
-513.779797450190 39.649607558328 0.866025403784 0.500000000000
-20.785417808861 -93.261309470844 0.000000000000 1.000000000000
-226.361721803131 219.890779108682 0.000000000000 1.000000000000
-32.912959982889 -129.437985884887 0.866025403784 -0.500000000000
168.058281621101 244.752430076124 0.000000000000 1.000000000000
-31.624280371110 -136.097755346381 0.866025403784 0.500000000000
203.747167230947 243.510136906988 0.000000000000 1.000000000000
104.885243942841 136.149405824523 0.866025403784 -0.500000000000
-155.374810006458 263.742127827626 0.866025403784 0.500000000000
266.801150689201 -280.756057436710 0.000000000000 1.000000000000
-115.146212576579 217.313561601806 0.866025403784 -0.500000000000
214.716877742744 276.938939779716 0.000000000000 1.000000000000
188.091955980719 393.761403199431 0.000000000000 1.000000000000
-37.052928179196 -168.160770997392 0.866025403784 0.500000000000
-77.461339798799 -96.255645110736 0.000000000000 1.000000000000
42.749087609895 -4.283075985716 0.866025403784 -0.500000000000
