#Configurational_file created 2018-09-14 11:31:41  started 2018-09-14 11:31:41 run for 0.0s steps 0
name: p_783
step: 10000
specie: 20
	particle_diameter: 1.0000000000000000
	interaction_length: 1.2000000000000000
	number_of_patches: 3
	number_of_particles_per_compound: 1
	rod_length: 1.0000000000000000
	interaction_matrix:  1.000000 1.000000 1.000000 1.000000 1.000000 1.000000 1.000000 1.000000 1.000000
	patch_type: symmetric
	patch_width: 8.0000000000000000
	patch_angle: 0.0000000000000000
	angles:  0.000000 0.000000 0.000000
	grand_canonical: 0
	chemical_potential: 0.0000000000000000
box: 16.932621 16.932621
copy: 1.000000 1.000000
epsilon: 0.1250750000000000
end_epsilon: 0.0000000000000000
pressure: 0.5834040000000000
lambda: 0.0000000000000000
lambda_coupling: 1.0000000000000000
uy: 0.0000000000000000
maximum_displacement: 1.0000000000000000
maximum_rotation: 1.0000000000000000
maximum_volume: 1.0000000000000000
maximum_shape: 0.0000001000000000
maximum_dsigma: 0.0100000000000000
mod: 10
pmod: 10
optimize: 1
verbose: 1
snapshot: 0
display: 1
explore: 1
npt: 1
nptxy: 0
nptdxdy: 0
shape: 0
seed: 893062
54.462724389313 11.267076765697 0.866025403784 0.500000000000
66.727876976656 71.807765617297 0.866025403784 0.500000000000
52.891777156269 284.937429893985 0.866025403784 0.500000000000
34.938415743830 -10.344949496922 0.866025403784 -0.500000000000
75.404377104636 -127.889554403051 0.866025403784 -0.500000000000
-158.251133280667 29.781672877883 0.866025403784 -0.500000000000
-229.163813592982 -15.788237812818 0.866025403784 -0.500000000000
63.186685828207 -46.247616575461 0.000000000000 1.000000000000
-5.471127546531 6.969863778282 0.866025403784 0.500000000000
79.542961871687 194.413633881809 0.866025403784 -0.500000000000
86.553818565841 -13.980083395448 0.866025403784 -0.500000000000
43.870695272094 -20.141207230384 0.866025403784 -0.500000000000
-91.632205816828 23.546451743933 0.866025403784 0.500000000000
127.210533648185 89.947110707753 0.000000000000 1.000000000000
-15.830743265212 5.346486577537 0.866025403784 0.500000000000
98.829448506330 130.583834407508 0.866025403784 -0.500000000000
212.525900254239 147.770784193280 0.000000000000 1.000000000000
110.280640517610 136.982270868778 0.000000000000 1.000000000000
216.491090741962 -130.069357176560 0.866025403784 0.500000000000
-57.599281480767 -30.179473448940 0.000000000000 1.000000000000
