#Configurational_file created 2018-09-14 11:59:23  started 2018-09-14 11:59:22 run for 1.0s steps 0
name: p_781
step: 10000
specie: 20
	particle_diameter: 1.0000000000000000
	interaction_length: 1.2000000000000000
	number_of_patches: 3
	number_of_particles_per_compound: 1
	rod_length: 1.0000000000000000
	interaction_matrix:  1.000000 1.000000 1.000000 1.000000 1.000000 1.000000 1.000000 1.000000 1.000000
	patch_type: symmetric
	patch_width: 8.0000000000000000
	patch_angle: 0.0000000000000000
	angles:  0.000000 0.000000 0.000000
	grand_canonical: 0
	chemical_potential: 0.0000000000000000
box: 51.710524 51.710524
copy: 1.000000 1.000000
epsilon: 0.0125010000000000
end_epsilon: 0.0000000000000000
pressure: 0.0208340000000000
lambda: 0.0000000000000000
lambda_coupling: 1.0000000000000000
uy: 0.0000000000000000
maximum_displacement: 1.0000000000000000
maximum_rotation: 1.0000000000000000
maximum_volume: 1.0000000000000000
maximum_shape: 0.0000001000000000
maximum_dsigma: 0.0100000000000000
mod: 10
pmod: 10
optimize: 1
verbose: 1
snapshot: 0
display: 1
explore: 1
npt: 1
nptxy: 0
nptdxdy: 0
shape: 0
seed: 890788
105.816419203178 -59.984404399626 0.866025403784 -0.500000000000
-127.119798761452 -158.245676022021 0.000000000000 1.000000000000
381.761733767819 124.461210385034 0.000000000000 1.000000000000
147.186437372466 126.366590785112 0.866025403784 0.500000000000
-3.487338180090 -37.195809320875 0.866025403784 0.500000000000
148.108190979409 -154.136552852611 0.000000000000 1.000000000000
93.229242932146 180.262383774453 0.866025403784 -0.500000000000
-107.313400567184 304.058256098601 0.000000000000 1.000000000000
145.179391741854 -75.837628572599 0.000000000000 1.000000000000
59.392171701991 125.438750965874 0.866025403784 0.500000000000
149.061954036602 190.269759848052 0.866025403784 -0.500000000000
-250.418494537518 257.123750794702 0.866025403784 -0.500000000000
347.260225585595 183.479883144325 0.866025403784 0.500000000000
20.213819856617 275.929918612059 0.866025403784 0.500000000000
-126.656378148631 127.953120156609 0.000000000000 1.000000000000
266.629693754446 -161.908112382742 0.866025403784 0.500000000000
-43.126393077805 232.548910650778 0.000000000000 1.000000000000
75.117314671316 386.871869993272 0.000000000000 1.000000000000
-50.731615538738 -146.357685929725 0.866025403784 -0.500000000000
-170.634149832942 293.917690424115 0.866025403784 -0.500000000000
