#Configurational_file created 2018-09-14 11:31:43  started 2018-09-14 11:31:42 run for 1.0s steps 0
name: p_785
step: 10000
specie: 20
	particle_diameter: 1.0000000000000000
	interaction_length: 1.2000000000000000
	number_of_patches: 3
	number_of_particles_per_compound: 1
	rod_length: 1.0000000000000000
	interaction_matrix:  1.000000 1.000000 1.000000 1.000000 1.000000 1.000000 1.000000 1.000000 1.000000
	patch_type: symmetric
	patch_width: 8.0000000000000000
	patch_angle: 0.0000000000000000
	angles:  0.000000 0.000000 0.000000
	grand_canonical: 0
	chemical_potential: 0.0000000000000000
box: 19.413961 19.413961
copy: 1.000000 1.000000
epsilon: 0.1250750000000000
end_epsilon: 0.0000000000000000
pressure: 0.7500620000000000
lambda: 0.0000000000000000
lambda_coupling: 1.0000000000000000
uy: 0.0000000000000000
maximum_displacement: 1.0000000000000000
maximum_rotation: 1.0000000000000000
maximum_volume: 1.0000000000000000
maximum_shape: 0.0000001000000000
maximum_dsigma: 0.0100000000000000
mod: 10
pmod: 10
optimize: 1
verbose: 1
snapshot: 0
display: 1
explore: 1
npt: 1
nptxy: 0
nptdxdy: 0
shape: 0
seed: 895336
-61.715651059808 6.769507104573 0.866025403784 0.500000000000
168.202692144741 68.224648331398 0.866025403784 0.500000000000
160.455126951218 174.484419614920 0.000000000000 1.000000000000
-65.406253115342 130.982684058242 0.866025403784 0.500000000000
175.727573259201 -27.392001307910 0.000000000000 1.000000000000
313.634405678667 183.940305351932 0.000000000000 1.000000000000
168.764684725384 193.698727831083 0.866025403784 0.500000000000
73.589467771375 -12.118895032935 0.866025403784 -0.500000000000
-3.679872971692 -176.786107288003 0.000000000000 1.000000000000
-96.255316538597 225.800379437375 0.866025403784 0.500000000000
-171.724715724644 -156.821692736308 0.000000000000 1.000000000000
-57.947267995848 22.392216946976 0.866025403784 -0.500000000000
223.425783456561 -187.171193316550 0.866025403784 -0.500000000000
-254.995101596047 -36.320346672983 0.866025403784 -0.500000000000
57.145422792034 72.493948054110 0.866025403784 0.500000000000
-222.858749987827 111.641436073398 0.866025403784 0.500000000000
-143.293781669105 202.889197096144 0.000000000000 1.000000000000
-33.886262928990 9.128095626243 0.000000000000 1.000000000000
153.626156324281 -36.690305376364 0.866025403784 0.500000000000
92.280425705028 -23.273954426178 0.000000000000 1.000000000000
