#Configurational_file created 2018-09-14 11:59:28  started 2018-09-14 11:59:28 run for 0.0s steps 0
name: p_789
step: 10000
specie: 20
	particle_diameter: 1.0000000000000000
	interaction_length: 1.2000000000000000
	number_of_patches: 3
	number_of_particles_per_compound: 1
	rod_length: 1.0000000000000000
	interaction_matrix:  1.000000 1.000000 1.000000 1.000000 1.000000 1.000000 1.000000 1.000000 1.000000
	patch_type: symmetric
	patch_width: 8.0000000000000000
	patch_angle: 0.0000000000000000
	angles:  0.000000 0.000000 0.000000
	grand_canonical: 0
	chemical_potential: 0.0000000000000000
box: 58.655545 58.655545
copy: 1.000000 1.000000
epsilon: 0.0125010000000000
end_epsilon: 0.0000000000000000
pressure: 0.0541670000000000
lambda: 0.0000000000000000
lambda_coupling: 1.0000000000000000
uy: 0.0000000000000000
maximum_displacement: 1.0000000000000000
maximum_rotation: 1.0000000000000000
maximum_volume: 1.0000000000000000
maximum_shape: 0.0000001000000000
maximum_dsigma: 0.0100000000000000
mod: 10
pmod: 10
optimize: 1
verbose: 1
snapshot: 0
display: 1
explore: 1
npt: 1
nptxy: 0
nptdxdy: 0
shape: 0
seed: 899884
162.636705944406 -176.383632615355 0.000000000000 1.000000000000
186.056533891242 66.026584525912 0.866025403784 0.500000000000
-61.912911940172 -128.030390946847 0.866025403784 0.500000000000
-171.372477121880 13.467590226269 0.866025403784 0.500000000000
-92.080176820387 107.497192012419 0.866025403784 -0.500000000000
-78.217869048615 469.779987109355 0.866025403784 -0.500000000000
157.424599605217 -95.671550946477 0.866025403784 0.500000000000
115.938652181964 167.089438497730 0.000000000000 1.000000000000
-284.596639691869 329.006819155220 0.000000000000 1.000000000000
-67.597105488694 0.943913208809 0.000000000000 1.000000000000
-7.771405800383 78.309424620921 0.866025403784 0.500000000000
-6.168149538267 5.542441026897 0.866025403784 -0.500000000000
30.099417624775 70.705967032500 0.866025403784 -0.500000000000
233.424077357826 -15.785571704273 0.866025403784 0.500000000000
294.009707765630 139.464267557697 0.000000000000 1.000000000000
-568.700192487636 -22.793365443536 0.866025403784 0.500000000000
347.385212576851 82.801262089946 0.866025403784 -0.500000000000
-221.617192362482 213.633893756937 0.866025403784 -0.500000000000
-247.306071847980 273.244963309212 0.866025403784 -0.500000000000
69.544152637454 -86.949299493611 0.866025403784 -0.500000000000
