#Configurational_file created 2018-09-14 11:59:28  started 2018-09-14 11:59:27 run for 1.0s steps 0
name: p_788
step: 10000
specie: 20
	particle_diameter: 1.0000000000000000
	interaction_length: 1.2000000000000000
	number_of_patches: 3
	number_of_particles_per_compound: 1
	rod_length: 1.0000000000000000
	interaction_matrix:  1.000000 1.000000 1.000000 1.000000 1.000000 1.000000 1.000000 1.000000 1.000000
	patch_type: symmetric
	patch_width: 8.0000000000000000
	patch_angle: 0.0000000000000000
	angles:  0.000000 0.000000 0.000000
	grand_canonical: 0
	chemical_potential: 0.0000000000000000
box: 46.518299 46.518299
copy: 1.000000 1.000000
epsilon: 0.0125010000000000
end_epsilon: 0.0000000000000000
pressure: 0.0500010000000000
lambda: 0.0000000000000000
lambda_coupling: 1.0000000000000000
uy: 0.0000000000000000
maximum_displacement: 1.0000000000000000
maximum_rotation: 1.0000000000000000
maximum_volume: 1.0000000000000000
maximum_shape: 0.0000001000000000
maximum_dsigma: 0.0100000000000000
mod: 10
pmod: 10
optimize: 1
verbose: 1
snapshot: 0
display: 1
explore: 1
npt: 1
nptxy: 0
nptdxdy: 0
shape: 0
seed: 898747
-171.885078391790 115.035093630002 0.866025403784 0.500000000000
-3.521124301108 37.404690283454 0.000000000000 1.000000000000
182.970715838890 -231.311001880622 0.866025403784 0.500000000000
208.670772481268 -186.604135104996 0.000000000000 1.000000000000
134.219616434695 197.984785906691 0.000000000000 1.000000000000
327.257647820245 26.438199594146 0.866025403784 0.500000000000
-155.986253418038 190.372628237922 0.866025403784 -0.500000000000
-76.534885859246 -45.055521946672 0.866025403784 -0.500000000000
211.452882264897 225.481852572948 0.866025403784 0.500000000000
-100.962431862535 -129.494389566730 0.000000000000 1.000000000000
-88.181628409183 -102.207367681218 0.866025403784 0.500000000000
398.489870099713 367.912078913534 0.866025403784 0.500000000000
77.635156189384 -18.691431072776 0.866025403784 -0.500000000000
-105.067008585360 -89.449575611842 0.000000000000 1.000000000000
-186.284368807660 513.841323005941 0.000000000000 1.000000000000
53.657414895768 -123.240345944031 0.866025403784 0.500000000000
277.510260446740 18.352534954595 0.866025403784 0.500000000000
-23.296068719640 -338.911028024906 0.000000000000 1.000000000000
42.057080546272 18.266975383265 0.000000000000 1.000000000000
-111.321975674982 -35.452555089018 0.866025403784 -0.500000000000
