#Configurational_file created 2018-09-14 11:31:40  started 2018-09-14 11:31:39 run for 1.0s steps 0
name: p_781
step: 10000
specie: 20
	particle_diameter: 1.0000000000000000
	interaction_length: 1.2000000000000000
	number_of_patches: 3
	number_of_particles_per_compound: 1
	rod_length: 1.0000000000000000
	interaction_matrix:  1.000000 1.000000 1.000000 1.000000 1.000000 1.000000 1.000000 1.000000 1.000000
	patch_type: symmetric
	patch_width: 8.0000000000000000
	patch_angle: 0.0000000000000000
	angles:  0.000000 0.000000 0.000000
	grand_canonical: 0
	chemical_potential: 0.0000000000000000
box: 22.100201 22.100201
copy: 1.000000 1.000000
epsilon: 0.1250750000000000
end_epsilon: 0.0000000000000000
pressure: 0.4167460000000000
lambda: 0.0000000000000000
lambda_coupling: 1.0000000000000000
uy: 0.0000000000000000
maximum_displacement: 1.0000000000000000
maximum_rotation: 1.0000000000000000
maximum_volume: 1.0000000000000000
maximum_shape: 0.0000001000000000
maximum_dsigma: 0.0100000000000000
mod: 10
pmod: 10
optimize: 1
verbose: 1
snapshot: 0
display: 1
explore: 1
npt: 1
nptxy: 0
nptdxdy: 0
shape: 0
seed: 890788
152.950716834023 -27.928004146750 0.000000000000 1.000000000000
-19.865664274384 -116.764719385757 0.866025403784 0.500000000000
295.632180101673 104.265403324055 0.866025403784 -0.500000000000
44.784333372680 -84.504418737616 0.866025403784 -0.500000000000
-65.752979189445 -80.078225909310 0.866025403784 -0.500000000000
20.887838377100 -80.285957159871 0.000000000000 1.000000000000
72.696871100088 0.471998338843 0.000000000000 1.000000000000
-46.803224883212 236.601942908105 0.866025403784 -0.500000000000
56.525709276695 35.662620270130 0.866025403784 0.500000000000
174.018078248676 161.776248958640 0.000000000000 1.000000000000
-47.592228171011 107.176110387806 0.000000000000 1.000000000000
81.060302006923 85.035197995468 0.866025403784 -0.500000000000
-40.444339348262 -85.057282803720 0.000000000000 1.000000000000
-46.761066296008 190.467028587427 0.866025403784 0.500000000000
12.528546678217 139.510440608306 0.866025403784 0.500000000000
200.716915935815 -126.963962601800 0.866025403784 -0.500000000000
71.611360292417 269.593193130654 0.866025403784 -0.500000000000
289.988946881347 180.215244489582 0.000000000000 1.000000000000
-59.199714563217 157.252238621722 0.866025403784 -0.500000000000
-24.120362942686 88.109794962427 0.866025403784 -0.500000000000
