#Configurational_file created 2018-09-14 11:59:22  started 2018-09-14 11:59:21 run for 1.0s steps 0
name: p_780
step: 10000
specie: 20
	particle_diameter: 1.0000000000000000
	interaction_length: 1.2000000000000000
	number_of_patches: 3
	number_of_particles_per_compound: 1
	rod_length: 1.0000000000000000
	interaction_matrix:  1.000000 1.000000 1.000000 1.000000 1.000000 1.000000 1.000000 1.000000 1.000000
	patch_type: symmetric
	patch_width: 8.0000000000000000
	patch_angle: 0.0000000000000000
	angles:  0.000000 0.000000 0.000000
	grand_canonical: 0
	chemical_potential: 0.0000000000000000
box: 51.619977 51.619977
copy: 1.000000 1.000000
epsilon: 0.0125010000000000
end_epsilon: 0.0000000000000000
pressure: 0.0166680000000000
lambda: 0.0000000000000000
lambda_coupling: 1.0000000000000000
uy: 0.0000000000000000
maximum_displacement: 1.0000000000000000
maximum_rotation: 1.0000000000000000
maximum_volume: 1.0000000000000000
maximum_shape: 0.0000001000000000
maximum_dsigma: 0.0100000000000000
mod: 10
pmod: 10
optimize: 1
verbose: 1
snapshot: 0
display: 1
explore: 1
npt: 1
nptxy: 0
nptdxdy: 0
shape: 0
seed: 889651
86.183825291303 130.037009489488 0.000000000000 1.000000000000
123.340725309506 -168.346976028067 0.866025403784 0.500000000000
100.356835164992 138.841989889551 0.000000000000 1.000000000000
56.411242983467 162.881217915512 0.866025403784 0.500000000000
249.500451794488 119.703907868503 0.866025403784 0.500000000000
133.862285692723 -65.598235798035 0.000000000000 1.000000000000
313.334126675652 -139.169583379441 0.866025403784 0.500000000000
36.629851139882 281.076635713190 0.866025403784 0.500000000000
-50.906199324936 41.456451344717 0.866025403784 -0.500000000000
-53.380817813488 93.845154936920 0.866025403784 -0.500000000000
-112.369977797128 -198.621297156281 0.866025403784 -0.500000000000
103.713919710438 153.999366382644 0.866025403784 0.500000000000
-144.243643147032 397.910006657409 0.866025403784 -0.500000000000
-192.654511543723 158.965587930726 0.866025403784 0.500000000000
-368.382617528405 54.783178151277 0.000000000000 1.000000000000
154.502188304312 297.946208177234 0.000000000000 1.000000000000
93.085177557219 -80.790038013330 0.866025403784 -0.500000000000
75.458616268238 110.919729906479 0.866025403784 0.500000000000
17.209707306310 83.101308014547 0.866025403784 -0.500000000000
-135.102494141646 -355.660499989177 0.866025403784 0.500000000000
