#Configurational_file created 2018-09-14 11:31:45  started 2018-09-14 11:31:45 run for 0.0s steps 0
name: p_789
step: 10000
specie: 20
	particle_diameter: 1.0000000000000000
	interaction_length: 1.2000000000000000
	number_of_patches: 3
	number_of_particles_per_compound: 1
	rod_length: 1.0000000000000000
	interaction_matrix:  1.000000 1.000000 1.000000 1.000000 1.000000 1.000000 1.000000 1.000000 1.000000
	patch_type: symmetric
	patch_width: 8.0000000000000000
	patch_angle: 0.0000000000000000
	angles:  0.000000 0.000000 0.000000
	grand_canonical: 0
	chemical_potential: 0.0000000000000000
box: 12.638546 12.638546
copy: 1.000000 1.000000
epsilon: 0.1250750000000000
end_epsilon: 0.0000000000000000
pressure: 1.0833790000000001
lambda: 0.0000000000000000
lambda_coupling: 1.0000000000000000
uy: 0.0000000000000000
maximum_displacement: 1.0000000000000000
maximum_rotation: 1.0000000000000000
maximum_volume: 1.0000000000000000
maximum_shape: 0.0000001000000000
maximum_dsigma: 0.0100000000000000
mod: 10
pmod: 10
optimize: 1
verbose: 1
snapshot: 0
display: 1
explore: 1
npt: 1
nptxy: 0
nptdxdy: 0
shape: 0
seed: 899884
6.251062670148 66.126247210807 0.000000000000 1.000000000000
71.742272738799 14.297463472212 0.866025403784 0.500000000000
-96.100104843293 63.803275920565 0.000000000000 1.000000000000
67.429221889097 -89.634708201583 0.000000000000 1.000000000000
-62.574502456811 189.428190604831 0.000000000000 1.000000000000
111.071482896798 9.995372678177 0.000000000000 1.000000000000
24.498483062490 13.987746713367 0.866025403784 0.500000000000
-108.890238371351 23.076729653058 0.000000000000 1.000000000000
45.011745624972 49.420330769184 0.000000000000 1.000000000000
-41.594560178220 -45.560503398446 0.866025403784 -0.500000000000
53.628044475609 147.735186737013 0.866025403784 0.500000000000
180.752070811663 28.714615550775 0.866025403784 0.500000000000
37.214499901159 -17.331895801410 0.866025403784 -0.500000000000
-134.743312527190 -118.921287629768 0.866025403784 -0.500000000000
107.820485081681 111.198170334885 0.866025403784 0.500000000000
-114.603799807037 56.009860141203 0.866025403784 -0.500000000000
74.446642302478 -51.099061330592 0.000000000000 1.000000000000
-42.267447560228 15.288764116002 0.866025403784 -0.500000000000
57.580982101515 8.885656782576 0.866025403784 0.500000000000
113.736391491219 161.474802557242 0.000000000000 1.000000000000
