#Configurational_file created 2018-09-14 11:06:24  started 2018-09-14 11:06:24 run for 0.0s steps 0
name: p_78
step: 10000
specie: 20
	particle_diameter: 1.0000000000000000
	interaction_length: 1.2000000000000000
	number_of_patches: 3
	number_of_particles_per_compound: 1
	rod_length: 1.0000000000000000
	interaction_matrix:  1.000000 1.000000 1.000000 1.000000 1.000000 1.000000 1.000000 1.000000 1.000000
	patch_type: symmetric
	patch_width: 8.0000000000000000
	patch_angle: 0.0000000000000000
	angles:  0.000000 0.000000 0.000000
	grand_canonical: 0
	chemical_potential: 0.0000000000000000
box: 13.374796 13.374796
copy: 1.000000 1.000000
epsilon: 0.0715140000000000
end_epsilon: 0.0000000000000000
pressure: 1.4286000000000001
lambda: 0.0000000000000000
lambda_coupling: 1.0000000000000000
uy: 0.0000000000000000
maximum_displacement: 1.0000000000000000
maximum_rotation: 1.0000000000000000
maximum_volume: 1.0000000000000000
maximum_shape: 0.0000001000000000
maximum_dsigma: 0.0100000000000000
mod: 10
pmod: 10
optimize: 1
verbose: 1
snapshot: 0
display: 1
explore: 1
npt: 1
nptxy: 0
nptdxdy: 0
shape: 0
seed: 91556
-37.062275293711 1.498993907251 0.866025403784 -0.500000000000
-46.246332829895 55.211704365648 0.866025403784 0.500000000000
134.935164600688 -3.330053046177 0.866025403784 0.500000000000
56.340024839340 57.391347717822 0.866025403784 -0.500000000000
62.195083019400 -26.271671308445 0.000000000000 1.000000000000
52.742846387209 77.647562195453 0.866025403784 -0.500000000000
9.155918645507 -3.876401526501 0.866025403784 -0.500000000000
104.671965470131 302.268215528514 0.000000000000 1.000000000000
-24.626779806739 74.219135800390 0.866025403784 0.500000000000
17.750577890352 -75.137448727259 0.866025403784 -0.500000000000
-53.604942408986 -134.251331003902 0.000000000000 1.000000000000
199.832319597699 75.350480914699 0.866025403784 0.500000000000
31.063726464304 -63.984021468105 0.866025403784 0.500000000000
41.263003294683 27.693989226056 0.866025403784 0.500000000000
47.954865911728 98.123006043809 0.866025403784 0.500000000000
160.446185307560 -133.343486755290 0.866025403784 0.500000000000
-94.616217135817 -34.993743827784 0.866025403784 0.500000000000
88.366279468255 123.117809107941 0.000000000000 1.000000000000
-47.975988425728 -115.952757111461 0.866025403784 -0.500000000000
45.376457186149 185.152865852711 0.866025403784 -0.500000000000
