#Configurational_file created 2018-09-14 11:59:27  started 2018-09-14 11:59:26 run for 1.0s steps 0
name: p_787
step: 10000
specie: 20
	particle_diameter: 1.0000000000000000
	interaction_length: 1.2000000000000000
	number_of_patches: 3
	number_of_particles_per_compound: 1
	rod_length: 1.0000000000000000
	interaction_matrix:  1.000000 1.000000 1.000000 1.000000 1.000000 1.000000 1.000000 1.000000 1.000000
	patch_type: symmetric
	patch_width: 8.0000000000000000
	patch_angle: 0.0000000000000000
	angles:  0.000000 0.000000 0.000000
	grand_canonical: 0
	chemical_potential: 0.0000000000000000
box: 43.557137 43.557137
copy: 1.000000 1.000000
epsilon: 0.0125010000000000
end_epsilon: 0.0000000000000000
pressure: 0.0458340000000000
lambda: 0.0000000000000000
lambda_coupling: 1.0000000000000000
uy: 0.0000000000000000
maximum_displacement: 1.0000000000000000
maximum_rotation: 1.0000000000000000
maximum_volume: 1.0000000000000000
maximum_shape: 0.0000001000000000
maximum_dsigma: 0.0100000000000000
mod: 10
pmod: 10
optimize: 1
verbose: 1
snapshot: 0
display: 1
explore: 1
npt: 1
nptxy: 0
nptdxdy: 0
shape: 0
seed: 897610
-20.714410786452 -334.081460344535 0.000000000000 1.000000000000
74.438819561370 -144.224082839908 0.866025403784 -0.500000000000
307.194505018842 -3.973332498024 0.866025403784 0.500000000000
114.916374571149 92.973450776805 0.866025403784 0.500000000000
138.050556356606 122.832401347832 0.866025403784 0.500000000000
39.435076597776 -350.785974905366 0.866025403784 0.500000000000
-83.880402414270 -278.535974417176 0.866025403784 -0.500000000000
-235.852385506116 -143.895916670495 0.866025403784 0.500000000000
188.685224721768 177.985040043573 0.866025403784 -0.500000000000
-157.940792447640 278.617994091062 0.866025403784 0.500000000000
-174.658810986232 -189.087578188992 0.000000000000 1.000000000000
-83.401193813203 -92.357922011278 0.000000000000 1.000000000000
-391.817907643723 198.979796828294 0.866025403784 0.500000000000
-115.266396564949 -186.610176176750 0.866025403784 0.500000000000
-144.226756293901 -188.515626592468 0.000000000000 1.000000000000
205.683870147306 12.302487898263 0.866025403784 -0.500000000000
39.849684362170 220.738520262008 0.866025403784 -0.500000000000
61.482261944214 124.748888995274 0.866025403784 -0.500000000000
-34.074740970240 -36.711151027053 0.000000000000 1.000000000000
350.816314628423 -46.618922673298 0.866025403784 -0.500000000000
