#Configurational_file created 2018-09-14 12:20:21  started 2018-09-14 12:20:21 run for 0.0s steps 0
name: p_78
step: 10000
specie: 20
	particle_diameter: 1.0000000000000000
	interaction_length: 1.2000000000000000
	number_of_patches: 3
	number_of_particles_per_compound: 1
	rod_length: 1.0000000000000000
	interaction_matrix:  1.000000 1.000000 1.000000 1.000000 1.000000 1.000000 1.000000 1.000000 1.000000
	patch_type: symmetric
	patch_width: 8.0000000000000000
	patch_angle: 0.0000000000000000
	angles:  0.000000 0.000000 0.000000
	grand_canonical: 0
	chemical_potential: 0.0000000000000000
box: 14.334196 14.334196
copy: 1.000000 1.000000
epsilon: 1.0833340000000000
end_epsilon: 0.0000000000000000
pressure: 0.1000000000000000
lambda: 0.0000000000000000
lambda_coupling: 1.0000000000000000
uy: 0.0000000000000000
maximum_displacement: 1.0000000000000000
maximum_rotation: 1.0000000000000000
maximum_volume: 1.0000000000000000
maximum_shape: 0.0000001000000000
maximum_dsigma: 0.0100000000000000
mod: 10
pmod: 10
optimize: 1
verbose: 1
snapshot: 0
display: 1
explore: 1
npt: 1
nptxy: 0
nptdxdy: 0
shape: 0
seed: 91477
103.366236814613 -84.286727796417 0.000000000000 1.000000000000
39.031915759823 226.440755969879 0.866025403784 0.500000000000
-184.394843093914 51.303266397414 0.000000000000 1.000000000000
-18.483299885236 -62.054128282915 0.866025403784 0.500000000000
78.363309640670 -99.545078204189 0.000000000000 1.000000000000
24.278194836591 -81.751467984269 0.866025403784 0.500000000000
52.216069416220 -49.672423580603 0.866025403784 0.500000000000
-32.019183068611 92.125525564759 0.866025403784 0.500000000000
128.553466409135 170.132894945450 0.000000000000 1.000000000000
-153.212964920357 121.087428728161 0.866025403784 0.500000000000
104.266402222690 29.119410647861 0.000000000000 1.000000000000
23.316745069604 37.136743880492 0.866025403784 -0.500000000000
81.835469447076 35.447094875315 0.866025403784 0.500000000000
-62.987450333975 16.992033875295 0.866025403784 -0.500000000000
-27.110763482607 131.089581612810 0.000000000000 1.000000000000
-34.377330487057 48.156666158674 0.000000000000 1.000000000000
227.106414073322 -96.502574639848 0.866025403784 0.500000000000
-59.613888241394 -87.180450062914 0.866025403784 -0.500000000000
16.157263538426 -15.857317908424 0.000000000000 1.000000000000
212.442889208932 -56.741697515095 0.866025403784 -0.500000000000
