#Configurational_file created 2018-09-14 11:31:41  started 2018-09-14 11:31:40 run for 1.0s steps 0
name: p_782
step: 10000
specie: 20
	particle_diameter: 1.0000000000000000
	interaction_length: 1.2000000000000000
	number_of_patches: 3
	number_of_particles_per_compound: 1
	rod_length: 1.0000000000000000
	interaction_matrix:  1.000000 1.000000 1.000000 1.000000 1.000000 1.000000 1.000000 1.000000 1.000000
	patch_type: symmetric
	patch_width: 8.0000000000000000
	patch_angle: 0.0000000000000000
	angles:  0.000000 0.000000 0.000000
	grand_canonical: 0
	chemical_potential: 0.0000000000000000
box: 20.056858 20.056858
copy: 1.000000 1.000000
epsilon: 0.1250750000000000
end_epsilon: 0.0000000000000000
pressure: 0.5000750000000000
lambda: 0.0000000000000000
lambda_coupling: 1.0000000000000000
uy: 0.0000000000000000
maximum_displacement: 1.0000000000000000
maximum_rotation: 1.0000000000000000
maximum_volume: 1.0000000000000000
maximum_shape: 0.0000001000000000
maximum_dsigma: 0.0100000000000000
mod: 10
pmod: 10
optimize: 1
verbose: 1
snapshot: 0
display: 1
explore: 1
npt: 1
nptxy: 0
nptdxdy: 0
shape: 0
seed: 891925
-167.417639892323 -60.379431503540 0.000000000000 1.000000000000
-31.942456650958 72.718428301272 0.866025403784 0.500000000000
12.890757835505 -10.988350525191 0.866025403784 0.500000000000
183.142722842908 5.906523973998 0.866025403784 0.500000000000
176.506771651396 -34.853187651908 0.866025403784 -0.500000000000
120.748219118327 -22.476157247437 0.866025403784 0.500000000000
-108.057013872454 -15.493773964783 0.866025403784 0.500000000000
-205.422551627475 -8.536936854943 0.866025403784 0.500000000000
-139.918001244723 -74.451164841105 0.000000000000 1.000000000000
-95.854671697342 -25.893532066138 0.000000000000 1.000000000000
-45.288042436163 -126.158105925562 0.866025403784 -0.500000000000
86.901838919037 110.268352361892 0.000000000000 1.000000000000
23.283271024606 -132.794407930850 0.866025403784 -0.500000000000
129.682143177063 -78.222975057431 0.000000000000 1.000000000000
-191.291775724650 -189.358143230869 0.866025403784 -0.500000000000
178.844041280979 12.128891183028 0.866025403784 0.500000000000
134.960631980857 -37.596497156950 0.866025403784 0.500000000000
17.140441941392 71.164020960554 0.866025403784 -0.500000000000
56.239193955499 39.255185140822 0.866025403784 0.500000000000
26.765657133388 -64.704721234494 0.866025403784 -0.500000000000
