#Configurational_file created 2018-09-14 11:59:25  started 2018-09-14 11:59:24 run for 1.0s steps 0
name: p_784
step: 10000
specie: 20
	particle_diameter: 1.0000000000000000
	interaction_length: 1.2000000000000000
	number_of_patches: 3
	number_of_particles_per_compound: 1
	rod_length: 1.0000000000000000
	interaction_matrix:  1.000000 1.000000 1.000000 1.000000 1.000000 1.000000 1.000000 1.000000 1.000000
	patch_type: symmetric
	patch_width: 8.0000000000000000
	patch_angle: 0.0000000000000000
	angles:  0.000000 0.000000 0.000000
	grand_canonical: 0
	chemical_potential: 0.0000000000000000
box: 50.729017 50.729017
copy: 1.000000 1.000000
epsilon: 0.0125010000000000
end_epsilon: 0.0000000000000000
pressure: 0.0333340000000000
lambda: 0.0000000000000000
lambda_coupling: 1.0000000000000000
uy: 0.0000000000000000
maximum_displacement: 1.0000000000000000
maximum_rotation: 1.0000000000000000
maximum_volume: 1.0000000000000000
maximum_shape: 0.0000001000000000
maximum_dsigma: 0.0100000000000000
mod: 10
pmod: 10
optimize: 1
verbose: 1
snapshot: 0
display: 1
explore: 1
npt: 1
nptxy: 0
nptdxdy: 0
shape: 0
seed: 894199
-107.615707225977 -56.091987499800 0.866025403784 -0.500000000000
269.459048832796 304.050949455280 0.866025403784 -0.500000000000
-252.316476538551 263.937081609469 0.866025403784 0.500000000000
58.735197479302 -79.653635015753 0.866025403784 0.500000000000
-102.606725735951 54.330486627861 0.000000000000 1.000000000000
-61.930123303867 -150.846579876826 0.866025403784 0.500000000000
170.181238917959 -81.442628979129 0.866025403784 -0.500000000000
488.422415186743 20.102355994776 0.866025403784 -0.500000000000
94.134939555598 205.386719162986 0.000000000000 1.000000000000
-73.679347003090 229.828671555357 0.866025403784 -0.500000000000
-180.745248055745 116.795266354931 0.000000000000 1.000000000000
-35.251030147732 338.395612436692 0.866025403784 -0.500000000000
309.882830522158 -3.386302155483 0.866025403784 -0.500000000000
-482.576519128042 13.726221872259 0.866025403784 0.500000000000
140.170928186439 -294.313895872653 0.000000000000 1.000000000000
345.452480470999 214.691565606122 0.000000000000 1.000000000000
125.607522836484 -11.968001660996 0.866025403784 -0.500000000000
108.283173730859 -91.403493087578 0.866025403784 0.500000000000
81.842289098611 41.300705257623 0.866025403784 0.500000000000
-104.770242330115 34.784105392937 0.866025403784 -0.500000000000
