#Configurational_file created 2018-09-14 11:31:44  started 2018-09-14 11:31:43 run for 1.0s steps 0
name: p_787
step: 10000
specie: 20
	particle_diameter: 1.0000000000000000
	interaction_length: 1.2000000000000000
	number_of_patches: 3
	number_of_particles_per_compound: 1
	rod_length: 1.0000000000000000
	interaction_matrix:  1.000000 1.000000 1.000000 1.000000 1.000000 1.000000 1.000000 1.000000 1.000000
	patch_type: symmetric
	patch_width: 8.0000000000000000
	patch_angle: 0.0000000000000000
	angles:  0.000000 0.000000 0.000000
	grand_canonical: 0
	chemical_potential: 0.0000000000000000
box: 14.825344 14.825344
copy: 1.000000 1.000000
epsilon: 0.1250750000000000
end_epsilon: 0.0000000000000000
pressure: 0.9167210000000000
lambda: 0.0000000000000000
lambda_coupling: 1.0000000000000000
uy: 0.0000000000000000
maximum_displacement: 1.0000000000000000
maximum_rotation: 1.0000000000000000
maximum_volume: 1.0000000000000000
maximum_shape: 0.0000001000000000
maximum_dsigma: 0.0100000000000000
mod: 10
pmod: 10
optimize: 1
verbose: 1
snapshot: 0
display: 1
explore: 1
npt: 1
nptxy: 0
nptdxdy: 0
shape: 0
seed: 897610
45.123221244118 173.066833058144 0.866025403784 0.500000000000
-12.648418401232 -177.532523833128 0.000000000000 1.000000000000
154.756218049625 156.692764729933 0.000000000000 1.000000000000
159.572975078451 -94.717045295218 0.866025403784 0.500000000000
-84.204663139906 -148.589004701138 0.866025403784 -0.500000000000
-128.980487443919 27.607060103051 0.866025403784 -0.500000000000
-126.252247931168 -280.423858319652 0.000000000000 1.000000000000
-195.605316551746 78.689026896252 0.000000000000 1.000000000000
41.477424261665 -17.500802677301 0.000000000000 1.000000000000
45.359980710272 -104.093435729987 0.866025403784 -0.500000000000
8.061924621409 -50.436406497381 0.866025403784 -0.500000000000
-64.469945421443 -13.600828409335 0.000000000000 1.000000000000
-7.538382692567 122.940480663621 0.000000000000 1.000000000000
-158.137414068726 -220.692425957402 0.866025403784 -0.500000000000
-63.302688027973 -148.101083688848 0.000000000000 1.000000000000
-44.317820110187 58.162938526657 0.000000000000 1.000000000000
66.540334472185 98.637978416880 0.866025403784 -0.500000000000
67.493989142664 111.760135585993 0.000000000000 1.000000000000
-62.852810362087 -28.247550792522 0.866025403784 -0.500000000000
-63.177903421044 -20.147445528704 0.866025403784 -0.500000000000
