#Configurational_file created 2018-09-14 11:59:24  started 2018-09-14 11:59:23 run for 1.0s steps 0
name: p_783
step: 10000
specie: 20
	particle_diameter: 1.0000000000000000
	interaction_length: 1.2000000000000000
	number_of_patches: 3
	number_of_particles_per_compound: 1
	rod_length: 1.0000000000000000
	interaction_matrix:  1.000000 1.000000 1.000000 1.000000 1.000000 1.000000 1.000000 1.000000 1.000000
	patch_type: symmetric
	patch_width: 8.0000000000000000
	patch_angle: 0.0000000000000000
	angles:  0.000000 0.000000 0.000000
	grand_canonical: 0
	chemical_potential: 0.0000000000000000
box: 48.097242 48.097242
copy: 1.000000 1.000000
epsilon: 0.0125010000000000
end_epsilon: 0.0000000000000000
pressure: 0.0291670000000000
lambda: 0.0000000000000000
lambda_coupling: 1.0000000000000000
uy: 0.0000000000000000
maximum_displacement: 1.0000000000000000
maximum_rotation: 1.0000000000000000
maximum_volume: 1.0000000000000000
maximum_shape: 0.0000001000000000
maximum_dsigma: 0.0100000000000000
mod: 10
pmod: 10
optimize: 1
verbose: 1
snapshot: 0
display: 1
explore: 1
npt: 1
nptxy: 0
nptdxdy: 0
shape: 0
seed: 893062
-139.200015108032 -76.956350778472 0.866025403784 0.500000000000
-296.611643033881 -83.332653034524 0.866025403784 -0.500000000000
-29.109168015404 315.872872502893 0.866025403784 -0.500000000000
127.985925825372 87.219622462682 0.000000000000 1.000000000000
172.743891618400 -29.336585398325 0.866025403784 -0.500000000000
79.474748840918 45.386333742056 0.000000000000 1.000000000000
103.829552093376 -54.314393108193 0.866025403784 -0.500000000000
24.765885984884 173.373652857749 0.866025403784 0.500000000000
53.728456430463 406.120416819129 0.000000000000 1.000000000000
-237.962922584982 -73.279533227836 0.866025403784 0.500000000000
180.019899276244 87.186988263942 0.000000000000 1.000000000000
85.490963144249 37.868069950157 0.866025403784 0.500000000000
133.137645617650 -152.998312937952 0.000000000000 1.000000000000
-170.752327486103 304.912506154744 0.866025403784 -0.500000000000
177.347931679351 235.295521427022 0.866025403784 0.500000000000
110.773893746332 252.047662775169 0.866025403784 -0.500000000000
321.838159296205 100.346799587567 0.866025403784 -0.500000000000
176.478717155540 0.670626904904 0.866025403784 -0.500000000000
138.994752165703 -220.526334428441 0.000000000000 1.000000000000
-115.300099236480 -60.146194792627 0.000000000000 1.000000000000
