#Configurational_file created 2018-09-14 11:59:23  started 2018-09-14 11:59:23 run for 0.0s steps 0
name: p_782
step: 10000
specie: 20
	particle_diameter: 1.0000000000000000
	interaction_length: 1.2000000000000000
	number_of_patches: 3
	number_of_particles_per_compound: 1
	rod_length: 1.0000000000000000
	interaction_matrix:  1.000000 1.000000 1.000000 1.000000 1.000000 1.000000 1.000000 1.000000 1.000000
	patch_type: symmetric
	patch_width: 8.0000000000000000
	patch_angle: 0.0000000000000000
	angles:  0.000000 0.000000 0.000000
	grand_canonical: 0
	chemical_potential: 0.0000000000000000
box: 46.751688 46.751688
copy: 1.000000 1.000000
epsilon: 0.0125010000000000
end_epsilon: 0.0000000000000000
pressure: 0.0250010000000000
lambda: 0.0000000000000000
lambda_coupling: 1.0000000000000000
uy: 0.0000000000000000
maximum_displacement: 1.0000000000000000
maximum_rotation: 1.0000000000000000
maximum_volume: 1.0000000000000000
maximum_shape: 0.0000001000000000
maximum_dsigma: 0.0100000000000000
mod: 10
pmod: 10
optimize: 1
verbose: 1
snapshot: 0
display: 1
explore: 1
npt: 1
nptxy: 0
nptdxdy: 0
shape: 0
seed: 891925
-132.469436374337 -93.178450780436 0.866025403784 -0.500000000000
183.755818338628 163.205006677939 0.866025403784 -0.500000000000
40.630874251903 145.759975555509 0.000000000000 1.000000000000
-218.083524325931 -67.664947235825 0.000000000000 1.000000000000
260.427092779072 197.368953471004 0.866025403784 0.500000000000
210.543151582786 -71.620462535703 0.866025403784 -0.500000000000
294.534499618490 226.355422968610 0.000000000000 1.000000000000
14.395660376803 32.461602154008 0.000000000000 1.000000000000
-133.745428517335 -162.189840494570 0.866025403784 0.500000000000
-71.560589476584 -12.376450389984 0.866025403784 -0.500000000000
-242.366351423850 160.926808496415 0.000000000000 1.000000000000
-81.199113736829 127.627359667376 0.866025403784 0.500000000000
166.093240942560 -292.636472033798 0.866025403784 0.500000000000
-92.504492733642 -66.827300863685 0.866025403784 0.500000000000
-37.560878881751 -126.344345547553 0.866025403784 0.500000000000
115.851561163663 -166.386310434336 0.866025403784 0.500000000000
-87.635685413522 25.419728455403 0.866025403784 -0.500000000000
75.275907101465 121.279074302040 0.866025403784 0.500000000000
-125.940299657728 -226.145502680427 0.866025403784 0.500000000000
71.284842626184 100.008950776425 0.866025403784 -0.500000000000
