#Configurational_file created 2018-09-14 11:31:42  started 2018-09-14 11:31:41 run for 1.0s steps 0
name: p_784
step: 10000
specie: 20
	particle_diameter: 1.0000000000000000
	interaction_length: 1.2000000000000000
	number_of_patches: 3
	number_of_particles_per_compound: 1
	rod_length: 1.0000000000000000
	interaction_matrix:  1.000000 1.000000 1.000000 1.000000 1.000000 1.000000 1.000000 1.000000 1.000000
	patch_type: symmetric
	patch_width: 8.0000000000000000
	patch_angle: 0.0000000000000000
	angles:  0.000000 0.000000 0.000000
	grand_canonical: 0
	chemical_potential: 0.0000000000000000
box: 17.550122 17.550122
copy: 1.000000 1.000000
epsilon: 0.1250750000000000
end_epsilon: 0.0000000000000000
pressure: 0.6667330000000000
lambda: 0.0000000000000000
lambda_coupling: 1.0000000000000000
uy: 0.0000000000000000
maximum_displacement: 1.0000000000000000
maximum_rotation: 1.0000000000000000
maximum_volume: 1.0000000000000000
maximum_shape: 0.0000001000000000
maximum_dsigma: 0.0100000000000000
mod: 10
pmod: 10
optimize: 1
verbose: 1
snapshot: 0
display: 1
explore: 1
npt: 1
nptxy: 0
nptdxdy: 0
shape: 0
seed: 894199
46.446294842958 3.837610676795 0.866025403784 0.500000000000
49.987811452114 114.506671713513 0.866025403784 0.500000000000
-62.117088645320 99.821693552081 0.000000000000 1.000000000000
8.736167442140 -86.819096882344 0.866025403784 -0.500000000000
-26.545693240742 104.204004684003 0.866025403784 0.500000000000
-25.349804437947 27.302636944934 0.000000000000 1.000000000000
-128.088746899669 87.917999516265 0.000000000000 1.000000000000
22.865336546287 -126.240235621278 0.866025403784 0.500000000000
36.216291656738 -69.476166708402 0.866025403784 0.500000000000
106.119392850070 3.026199989719 0.866025403784 0.500000000000
62.118475172748 -20.148171480696 0.866025403784 -0.500000000000
-11.138186392535 -92.900777520083 0.866025403784 0.500000000000
173.222102832812 77.163296284894 0.866025403784 -0.500000000000
-100.255871592293 -287.193665764207 0.866025403784 0.500000000000
22.807130808869 -29.769189569887 0.000000000000 1.000000000000
-59.726577857262 154.235704399850 0.866025403784 -0.500000000000
-124.648672768787 3.731458907708 0.866025403784 -0.500000000000
33.137088555852 46.982787522612 0.866025403784 -0.500000000000
-136.253611987128 -35.248921693168 0.866025403784 -0.500000000000
9.130583718023 114.191645601952 0.866025403784 0.500000000000
