#Configurational_file created 2018-09-14 11:31:43  started 2018-09-14 11:31:43 run for 0.0s steps 0
name: p_786
step: 10000
specie: 20
	particle_diameter: 1.0000000000000000
	interaction_length: 1.2000000000000000
	number_of_patches: 3
	number_of_particles_per_compound: 1
	rod_length: 1.0000000000000000
	interaction_matrix:  1.000000 1.000000 1.000000 1.000000 1.000000 1.000000 1.000000 1.000000 1.000000
	patch_type: symmetric
	patch_width: 8.0000000000000000
	patch_angle: 0.0000000000000000
	angles:  0.000000 0.000000 0.000000
	grand_canonical: 0
	chemical_potential: 0.0000000000000000
box: 17.108888 17.108888
copy: 1.000000 1.000000
epsilon: 0.1250750000000000
end_epsilon: 0.0000000000000000
pressure: 0.8333920000000000
lambda: 0.0000000000000000
lambda_coupling: 1.0000000000000000
uy: 0.0000000000000000
maximum_displacement: 1.0000000000000000
maximum_rotation: 1.0000000000000000
maximum_volume: 1.0000000000000000
maximum_shape: 0.0000001000000000
maximum_dsigma: 0.0100000000000000
mod: 10
pmod: 10
optimize: 1
verbose: 1
snapshot: 0
display: 1
explore: 1
npt: 1
nptxy: 0
nptdxdy: 0
shape: 0
seed: 896473
108.671688923978 -43.634858394027 0.866025403784 0.500000000000
52.409001864462 -193.232825728880 0.866025403784 -0.500000000000
-49.848030461988 -26.167164312147 0.866025403784 -0.500000000000
-17.916654216183 -121.917120650066 0.000000000000 1.000000000000
128.075954308166 57.754726874575 0.866025403784 -0.500000000000
-196.838719050080 28.906010572037 0.866025403784 0.500000000000
-65.919796916053 9.958046467092 0.866025403784 0.500000000000
179.811371076591 70.065699892702 0.000000000000 1.000000000000
-25.979360421644 -116.356686333778 0.866025403784 0.500000000000
-134.716200157121 -17.809003269706 0.866025403784 0.500000000000
-103.412299362416 52.420286770274 0.866025403784 -0.500000000000
-113.180934752160 1.350132553308 0.866025403784 -0.500000000000
172.963712234395 -155.771121622967 0.000000000000 1.000000000000
-161.137507310160 3.881278739670 0.000000000000 1.000000000000
-31.728740206769 -62.499956306083 0.866025403784 0.500000000000
11.673957214900 -3.629094776897 0.866025403784 0.500000000000
-111.397934076446 -6.090387725987 0.000000000000 1.000000000000
-54.606208271118 -161.879295493324 0.866025403784 -0.500000000000
-90.278426803275 88.829840711131 0.866025403784 0.500000000000
203.076348170401 -73.342781811684 0.866025403784 0.500000000000
