#Configurational_file created 2018-09-14 11:59:26  started 2018-09-14 11:59:26 run for 0.0s steps 0
name: p_786
step: 10000
specie: 20
	particle_diameter: 1.0000000000000000
	interaction_length: 1.2000000000000000
	number_of_patches: 3
	number_of_particles_per_compound: 1
	rod_length: 1.0000000000000000
	interaction_matrix:  1.000000 1.000000 1.000000 1.000000 1.000000 1.000000 1.000000 1.000000 1.000000
	patch_type: symmetric
	patch_width: 8.0000000000000000
	patch_angle: 0.0000000000000000
	angles:  0.000000 0.000000 0.000000
	grand_canonical: 0
	chemical_potential: 0.0000000000000000
box: 48.176715 48.176715
copy: 1.000000 1.000000
epsilon: 0.0125010000000000
end_epsilon: 0.0000000000000000
pressure: 0.0416670000000000
lambda: 0.0000000000000000
lambda_coupling: 1.0000000000000000
uy: 0.0000000000000000
maximum_displacement: 1.0000000000000000
maximum_rotation: 1.0000000000000000
maximum_volume: 1.0000000000000000
maximum_shape: 0.0000001000000000
maximum_dsigma: 0.0100000000000000
mod: 10
pmod: 10
optimize: 1
verbose: 1
snapshot: 0
display: 1
explore: 1
npt: 1
nptxy: 0
nptdxdy: 0
shape: 0
seed: 896473
-137.445317175504 51.459096907769 0.866025403784 0.500000000000
-198.561163008768 215.828536071392 0.866025403784 -0.500000000000
102.128529407458 200.902456566948 0.000000000000 1.000000000000
263.937934922910 -212.973981852262 0.000000000000 1.000000000000
77.067140303859 314.741776952544 0.000000000000 1.000000000000
-67.135009199277 -189.157076755355 0.866025403784 0.500000000000
-185.335912708054 -2.537625584119 0.866025403784 -0.500000000000
-1.956199870550 25.371326381866 0.000000000000 1.000000000000
-165.638273219492 -227.933569969415 0.000000000000 1.000000000000
-46.695256243119 -172.509658572361 0.866025403784 0.500000000000
-109.990497828853 82.201828237966 0.866025403784 0.500000000000
-1.401059276081 -48.762857293434 0.000000000000 1.000000000000
-35.804973175220 -57.974936257998 0.000000000000 1.000000000000
58.609566682799 79.929806723735 0.866025403784 0.500000000000
33.310651834466 -239.591851190626 0.000000000000 1.000000000000
151.937789559640 0.781179784605 0.866025403784 0.500000000000
-40.498199720564 240.579327228596 0.000000000000 1.000000000000
-174.220126820513 81.721630711534 0.000000000000 1.000000000000
-114.371187357779 374.260091311451 0.000000000000 1.000000000000
165.149320991930 146.684169903332 0.866025403784 0.500000000000
