#Configurational_file created 2018-09-14 11:31:39  started 2018-09-14 11:31:39 run for 0.0s steps 0
name: p_780
step: 10000
specie: 20
	particle_diameter: 1.0000000000000000
	interaction_length: 1.2000000000000000
	number_of_patches: 3
	number_of_particles_per_compound: 1
	rod_length: 1.0000000000000000
	interaction_matrix:  1.000000 1.000000 1.000000 1.000000 1.000000 1.000000 1.000000 1.000000 1.000000
	patch_type: symmetric
	patch_width: 8.0000000000000000
	patch_angle: 0.0000000000000000
	angles:  0.000000 0.000000 0.000000
	grand_canonical: 0
	chemical_potential: 0.0000000000000000
box: 26.963121 26.963121
copy: 1.000000 1.000000
epsilon: 0.1250750000000000
end_epsilon: 0.0000000000000000
pressure: 0.3334170000000000
lambda: 0.0000000000000000
lambda_coupling: 1.0000000000000000
uy: 0.0000000000000000
maximum_displacement: 1.0000000000000000
maximum_rotation: 1.0000000000000000
maximum_volume: 1.0000000000000000
maximum_shape: 0.0000001000000000
maximum_dsigma: 0.0100000000000000
mod: 10
pmod: 10
optimize: 1
verbose: 1
snapshot: 0
display: 1
explore: 1
npt: 1
nptxy: 0
nptdxdy: 0
shape: 0
seed: 889651
55.364569852029 237.891303573948 0.866025403784 0.500000000000
-55.572924968035 -180.058383159444 0.866025403784 -0.500000000000
14.722216359406 98.242730187035 0.000000000000 1.000000000000
210.964845704753 -75.805729142329 0.000000000000 1.000000000000
286.248766491735 -41.178933446783 0.866025403784 0.500000000000
23.435840618164 -181.571703887518 0.866025403784 0.500000000000
104.411324318202 132.189158327856 0.866025403784 0.500000000000
42.568309664188 -0.785707981672 0.000000000000 1.000000000000
6.484774559576 184.873598791883 0.866025403784 0.500000000000
25.813062381247 108.430960151268 0.866025403784 0.500000000000
-147.970003470488 53.170836821596 0.000000000000 1.000000000000
36.144523633833 -28.192373635152 0.000000000000 1.000000000000
89.372932503004 149.880250182720 0.866025403784 -0.500000000000
-118.973798191000 288.043931407172 0.866025403784 0.500000000000
-82.165622767179 -173.240843295199 0.866025403784 -0.500000000000
-82.756934607559 71.962372514769 0.866025403784 -0.500000000000
38.327620085704 -69.168364040628 0.000000000000 1.000000000000
-2.535945640211 -127.818611171839 0.000000000000 1.000000000000
27.064800485389 -19.312193095106 0.000000000000 1.000000000000
56.492368119267 -105.639371961519 0.866025403784 -0.500000000000
