#Configurational_file created 2018-09-14 11:31:45  started 2018-09-14 11:31:44 run for 1.0s steps 0
name: p_788
step: 10000
specie: 20
	particle_diameter: 1.0000000000000000
	interaction_length: 1.2000000000000000
	number_of_patches: 3
	number_of_particles_per_compound: 1
	rod_length: 1.0000000000000000
	interaction_matrix:  1.000000 1.000000 1.000000 1.000000 1.000000 1.000000 1.000000 1.000000 1.000000
	patch_type: symmetric
	patch_width: 8.0000000000000000
	patch_angle: 0.0000000000000000
	angles:  0.000000 0.000000 0.000000
	grand_canonical: 0
	chemical_potential: 0.0000000000000000
box: 15.800437 15.800437
copy: 1.000000 1.000000
epsilon: 0.1250750000000000
end_epsilon: 0.0000000000000000
pressure: 1.0000500000000001
lambda: 0.0000000000000000
lambda_coupling: 1.0000000000000000
uy: 0.0000000000000000
maximum_displacement: 1.0000000000000000
maximum_rotation: 1.0000000000000000
maximum_volume: 1.0000000000000000
maximum_shape: 0.0000001000000000
maximum_dsigma: 0.0100000000000000
mod: 10
pmod: 10
optimize: 1
verbose: 1
snapshot: 0
display: 1
explore: 1
npt: 1
nptxy: 0
nptdxdy: 0
shape: 0
seed: 898747
-102.180597349367 -79.755423947809 0.866025403784 -0.500000000000
-52.745437936168 -23.477538262578 0.000000000000 1.000000000000
-37.468435928768 40.610982222344 0.000000000000 1.000000000000
-45.788095524655 -61.500195001202 0.866025403784 -0.500000000000
-58.118143066043 -179.719253612530 0.866025403784 -0.500000000000
87.780424101557 2.648046044664 0.866025403784 -0.500000000000
27.955022991618 58.886899643979 0.866025403784 0.500000000000
-16.819456013070 -170.454997918385 0.866025403784 0.500000000000
-129.405167030222 265.371007490595 0.866025403784 0.500000000000
-138.519997452839 19.886164727532 0.866025403784 -0.500000000000
114.101522331743 -17.023843804015 0.866025403784 -0.500000000000
186.404192048566 161.878602058227 0.866025403784 -0.500000000000
-148.683658284489 -99.565455457427 0.866025403784 0.500000000000
-72.556787514123 40.346970398844 0.866025403784 0.500000000000
-166.345522962059 99.030217226508 0.000000000000 1.000000000000
-98.844129895329 174.903909439700 0.000000000000 1.000000000000
67.535723058671 11.866343404386 0.866025403784 0.500000000000
74.929066721445 142.217261952206 0.000000000000 1.000000000000
-6.513532110221 91.845915665387 0.000000000000 1.000000000000
36.745180100873 -8.730275670433 0.000000000000 1.000000000000
