#Configurational_file created 2018-09-14 11:59:34  started 2018-09-14 11:59:33 run for 1.0s steps 0
name: p_796
step: 10000
specie: 20
	particle_diameter: 1.0000000000000000
	interaction_length: 1.2000000000000000
	number_of_patches: 3
	number_of_particles_per_compound: 1
	rod_length: 1.0000000000000000
	interaction_matrix:  1.000000 1.000000 1.000000 1.000000 1.000000 1.000000 1.000000 1.000000 1.000000
	patch_type: symmetric
	patch_width: 8.0000000000000000
	patch_angle: 0.0000000000000000
	angles:  0.000000 0.000000 0.000000
	grand_canonical: 0
	chemical_potential: 0.0000000000000000
box: 55.878461 55.878461
copy: 1.000000 1.000000
epsilon: 0.0125010000000000
end_epsilon: 0.0000000000000000
pressure: 0.0833340000000000
lambda: 0.0000000000000000
lambda_coupling: 1.0000000000000000
uy: 0.0000000000000000
maximum_displacement: 1.0000000000000000
maximum_rotation: 1.0000000000000000
maximum_volume: 1.0000000000000000
maximum_shape: 0.0000001000000000
maximum_dsigma: 0.0100000000000000
mod: 10
pmod: 10
optimize: 1
verbose: 1
snapshot: 0
display: 1
explore: 1
npt: 1
nptxy: 0
nptdxdy: 0
shape: 0
seed: 907843
433.039712357703 -15.441602195657 0.866025403784 0.500000000000
11.475251907996 -153.588423210190 0.866025403784 -0.500000000000
196.101747469165 111.876665123869 0.000000000000 1.000000000000
127.132863916440 74.619200238390 0.000000000000 1.000000000000
220.370407427028 154.861167016502 0.000000000000 1.000000000000
77.846275556441 19.795377779359 0.866025403784 0.500000000000
22.925625680107 51.886178918482 0.866025403784 -0.500000000000
177.585653955404 58.701378264197 0.866025403784 -0.500000000000
-73.884563300729 119.724857110265 0.000000000000 1.000000000000
39.925335941940 193.603348832289 0.000000000000 1.000000000000
-391.310992751573 189.162747234339 0.866025403784 -0.500000000000
-290.105321108999 123.225384875112 0.000000000000 1.000000000000
-78.420063119807 95.677236555388 0.866025403784 -0.500000000000
-233.420796300431 92.163680750375 0.866025403784 -0.500000000000
363.854515876419 94.133613599242 0.000000000000 1.000000000000
175.082080038348 478.362066560578 0.866025403784 -0.500000000000
-2.520700729341 8.035185503916 0.000000000000 1.000000000000
-157.750567667460 303.897366451007 0.000000000000 1.000000000000
205.750734801632 -71.159720408422 0.000000000000 1.000000000000
181.238450328950 -110.824013681884 0.866025403784 -0.500000000000
