#Configurational_file created 2018-09-14 11:59:31  started 2018-09-14 11:59:31 run for 0.0s steps 0
name: p_793
step: 10000
specie: 20
	particle_diameter: 1.0000000000000000
	interaction_length: 1.2000000000000000
	number_of_patches: 3
	number_of_particles_per_compound: 1
	rod_length: 1.0000000000000000
	interaction_matrix:  1.000000 1.000000 1.000000 1.000000 1.000000 1.000000 1.000000 1.000000 1.000000
	patch_type: symmetric
	patch_width: 8.0000000000000000
	patch_angle: 0.0000000000000000
	angles:  0.000000 0.000000 0.000000
	grand_canonical: 0
	chemical_potential: 0.0000000000000000
box: 43.274166 43.274166
copy: 1.000000 1.000000
epsilon: 0.0125010000000000
end_epsilon: 0.0000000000000000
pressure: 0.0708340000000000
lambda: 0.0000000000000000
lambda_coupling: 1.0000000000000000
uy: 0.0000000000000000
maximum_displacement: 1.0000000000000000
maximum_rotation: 1.0000000000000000
maximum_volume: 1.0000000000000000
maximum_shape: 0.0000001000000000
maximum_dsigma: 0.0100000000000000
mod: 10
pmod: 10
optimize: 1
verbose: 1
snapshot: 0
display: 1
explore: 1
npt: 1
nptxy: 0
nptdxdy: 0
shape: 0
seed: 904432
-121.229437477484 -6.894691563027 0.000000000000 1.000000000000
67.504666549366 181.052946345985 0.866025403784 0.500000000000
42.976439247588 196.294548986206 0.866025403784 0.500000000000
-18.081878983307 156.524027881987 0.866025403784 -0.500000000000
223.925514242315 119.465925556479 0.866025403784 0.500000000000
40.357932962509 544.070031803014 0.866025403784 0.500000000000
-149.344226421210 184.621932006889 0.866025403784 0.500000000000
-77.412662339224 33.541988297982 0.866025403784 0.500000000000
162.095972696793 -109.292687476561 0.866025403784 -0.500000000000
209.827426296465 86.613278238299 0.866025403784 0.500000000000
212.851784420754 -262.017962835590 0.866025403784 -0.500000000000
-174.065995905414 82.238729892095 0.866025403784 -0.500000000000
12.349524323114 35.009385575543 0.866025403784 0.500000000000
-15.669498488719 205.241711277504 0.866025403784 0.500000000000
-60.808106335575 -89.427015537477 0.866025403784 -0.500000000000
410.172484439146 97.174226412715 0.866025403784 -0.500000000000
153.346202893971 -303.359425910080 0.866025403784 -0.500000000000
94.328714306528 -69.494312205178 0.000000000000 1.000000000000
213.410336738352 -223.212279430064 0.000000000000 1.000000000000
-49.444432341700 58.255337673168 0.866025403784 0.500000000000
