#Configurational_file created 2018-09-14 11:31:52  started 2018-09-14 11:31:51 run for 1.0s steps 0
name: p_798
step: 10000
specie: 20
	particle_diameter: 1.0000000000000000
	interaction_length: 1.2000000000000000
	number_of_patches: 3
	number_of_particles_per_compound: 1
	rod_length: 1.0000000000000000
	interaction_matrix:  1.000000 1.000000 1.000000 1.000000 1.000000 1.000000 1.000000 1.000000 1.000000
	patch_type: symmetric
	patch_width: 8.0000000000000000
	patch_angle: 0.0000000000000000
	angles:  0.000000 0.000000 0.000000
	grand_canonical: 0
	chemical_potential: 0.0000000000000000
box: 10.392015 10.392015
copy: 1.000000 1.000000
epsilon: 0.1250750000000000
end_epsilon: 0.0000000000000000
pressure: 1.8333420000000000
lambda: 0.0000000000000000
lambda_coupling: 1.0000000000000000
uy: 0.0000000000000000
maximum_displacement: 1.0000000000000000
maximum_rotation: 1.0000000000000000
maximum_volume: 1.0000000000000000
maximum_shape: 0.0000001000000000
maximum_dsigma: 0.0100000000000000
mod: 10
pmod: 10
optimize: 1
verbose: 1
snapshot: 0
display: 1
explore: 1
npt: 1
nptxy: 0
nptdxdy: 0
shape: 0
seed: 910117
-64.811454845606 4.505117940030 0.000000000000 1.000000000000
-72.689504925076 10.412377407684 0.866025403784 0.500000000000
20.886420018630 -17.589178079159 0.866025403784 -0.500000000000
-126.377391930651 26.936932848767 0.866025403784 0.500000000000
-95.694435961323 -136.980646451506 0.866025403784 -0.500000000000
0.008540936523 100.723952544890 0.866025403784 0.500000000000
45.558914741453 -86.748134956679 0.000000000000 1.000000000000
-143.232248947372 146.958979763645 0.000000000000 1.000000000000
42.968555134307 183.034238689661 0.866025403784 -0.500000000000
24.497524684251 32.233653954968 0.866025403784 0.500000000000
-118.058295856101 61.453616922788 0.866025403784 0.500000000000
24.353923256307 8.785640769241 0.866025403784 -0.500000000000
-149.367336376125 90.005023087347 0.866025403784 -0.500000000000
-41.716583969884 1.808572347379 0.866025403784 0.500000000000
134.843795392576 -5.622624488092 0.866025403784 0.500000000000
-17.118219106019 -27.508640888378 0.866025403784 -0.500000000000
-19.915592458054 21.479784199786 0.000000000000 1.000000000000
-5.323379501883 -9.921930462075 0.866025403784 -0.500000000000
18.263927596978 -3.461227268259 0.866025403784 -0.500000000000
13.187011036211 37.937892457779 0.866025403784 0.500000000000
