#Configurational_file created 2018-09-14 11:31:50  started 2018-09-14 11:31:49 run for 1.0s steps 0
name: p_795
step: 10000
specie: 20
	particle_diameter: 1.0000000000000000
	interaction_length: 1.2000000000000000
	number_of_patches: 3
	number_of_particles_per_compound: 1
	rod_length: 1.0000000000000000
	interaction_matrix:  1.000000 1.000000 1.000000 1.000000 1.000000 1.000000 1.000000 1.000000 1.000000
	patch_type: symmetric
	patch_width: 8.0000000000000000
	patch_angle: 0.0000000000000000
	angles:  0.000000 0.000000 0.000000
	grand_canonical: 0
	chemical_potential: 0.0000000000000000
box: 8.910898 8.910898
copy: 1.000000 1.000000
epsilon: 0.1250750000000000
end_epsilon: 0.0000000000000000
pressure: 1.5833539999999999
lambda: 0.0000000000000000
lambda_coupling: 1.0000000000000000
uy: 0.0000000000000000
maximum_displacement: 1.0000000000000000
maximum_rotation: 1.0000000000000000
maximum_volume: 1.0000000000000000
maximum_shape: 0.0000001000000000
maximum_dsigma: 0.0100000000000000
mod: 10
pmod: 10
optimize: 1
verbose: 1
snapshot: 0
display: 1
explore: 1
npt: 1
nptxy: 0
nptdxdy: 0
shape: 0
seed: 906706
-73.835384258468 -31.199806983910 0.866025403784 0.500000000000
95.766378323893 135.471977688950 0.000000000000 1.000000000000
143.567832371222 67.129959794980 0.000000000000 1.000000000000
1.587208183560 -88.582114607742 0.866025403784 0.500000000000
-12.921648102697 -32.468815773420 0.866025403784 0.500000000000
-67.752816839621 -105.954290081420 0.000000000000 1.000000000000
36.113047091767 -11.850514786080 0.000000000000 1.000000000000
-18.910925427023 -49.489838738529 0.000000000000 1.000000000000
-36.046218674792 -4.703927057754 0.866025403784 -0.500000000000
91.192527886408 -10.625374602300 0.866025403784 -0.500000000000
-58.719265994119 -0.526921378533 0.866025403784 0.500000000000
3.435614182829 -57.812995612380 0.866025403784 0.500000000000
-45.156049683840 -17.085962486889 0.866025403784 -0.500000000000
-0.641409294543 60.857074308105 0.866025403784 -0.500000000000
39.962675359796 141.123267751681 0.000000000000 1.000000000000
-33.159681725870 19.682199052461 0.000000000000 1.000000000000
-48.836258422552 31.009211669444 0.866025403784 0.500000000000
28.764332174202 64.046438170045 0.866025403784 -0.500000000000
-20.544471358126 26.288867793579 0.866025403784 0.500000000000
-108.281532933484 -39.888456410318 0.866025403784 -0.500000000000
