#Configurational_file created 2018-09-14 11:31:49  started 2018-09-14 11:31:48 run for 1.0s steps 0
name: p_794
step: 10000
specie: 20
	particle_diameter: 1.0000000000000000
	interaction_length: 1.2000000000000000
	number_of_patches: 3
	number_of_particles_per_compound: 1
	rod_length: 1.0000000000000000
	interaction_matrix:  1.000000 1.000000 1.000000 1.000000 1.000000 1.000000 1.000000 1.000000 1.000000
	patch_type: symmetric
	patch_width: 8.0000000000000000
	patch_angle: 0.0000000000000000
	angles:  0.000000 0.000000 0.000000
	grand_canonical: 0
	chemical_potential: 0.0000000000000000
box: 10.948873 10.948873
copy: 1.000000 1.000000
epsilon: 0.1250750000000000
end_epsilon: 0.0000000000000000
pressure: 1.5000249999999999
lambda: 0.0000000000000000
lambda_coupling: 1.0000000000000000
uy: 0.0000000000000000
maximum_displacement: 1.0000000000000000
maximum_rotation: 1.0000000000000000
maximum_volume: 1.0000000000000000
maximum_shape: 0.0000001000000000
maximum_dsigma: 0.0100000000000000
mod: 10
pmod: 10
optimize: 1
verbose: 1
snapshot: 0
display: 1
explore: 1
npt: 1
nptxy: 0
nptdxdy: 0
shape: 0
seed: 905569
-114.926609133271 -20.877344043438 0.866025403784 -0.500000000000
-162.906696003099 68.394665732753 0.866025403784 -0.500000000000
-51.412962772935 20.803400947387 0.866025403784 0.500000000000
54.168496099985 -77.829515158687 0.866025403784 -0.500000000000
-102.635862320995 -15.900523430765 0.866025403784 -0.500000000000
24.850616130936 -47.175697064918 0.866025403784 -0.500000000000
-24.006559013823 44.437955585743 0.000000000000 1.000000000000
68.411129634822 -42.541083199333 0.866025403784 -0.500000000000
-26.080816772666 -9.393211894238 0.866025403784 -0.500000000000
-61.074837605003 -66.058891272008 0.866025403784 0.500000000000
-54.693532023275 112.149360353077 0.000000000000 1.000000000000
47.997321093509 67.579467985703 0.866025403784 0.500000000000
6.038280626391 102.160045124128 0.866025403784 0.500000000000
-127.830545203921 94.865652738826 0.000000000000 1.000000000000
-86.005711702950 -10.752095776670 0.866025403784 0.500000000000
29.673246081612 -31.870750607202 0.866025403784 -0.500000000000
22.287004095789 28.451294032959 0.866025403784 0.500000000000
-108.604351184684 -50.088772788591 0.000000000000 1.000000000000
-27.281578080787 27.604479012812 0.000000000000 1.000000000000
74.827205156687 7.158976856414 0.000000000000 1.000000000000
