#Configurational_file created 2018-09-14 11:59:29  started 2018-09-14 11:59:28 run for 1.0s steps 0
name: p_790
step: 10000
specie: 20
	particle_diameter: 1.0000000000000000
	interaction_length: 1.2000000000000000
	number_of_patches: 3
	number_of_particles_per_compound: 1
	rod_length: 1.0000000000000000
	interaction_matrix:  1.000000 1.000000 1.000000 1.000000 1.000000 1.000000 1.000000 1.000000 1.000000
	patch_type: symmetric
	patch_width: 8.0000000000000000
	patch_angle: 0.0000000000000000
	angles:  0.000000 0.000000 0.000000
	grand_canonical: 0
	chemical_potential: 0.0000000000000000
box: 55.737191 55.737191
copy: 1.000000 1.000000
epsilon: 0.0125010000000000
end_epsilon: 0.0000000000000000
pressure: 0.0583340000000000
lambda: 0.0000000000000000
lambda_coupling: 1.0000000000000000
uy: 0.0000000000000000
maximum_displacement: 1.0000000000000000
maximum_rotation: 1.0000000000000000
maximum_volume: 1.0000000000000000
maximum_shape: 0.0000001000000000
maximum_dsigma: 0.0100000000000000
mod: 10
pmod: 10
optimize: 1
verbose: 1
snapshot: 0
display: 1
explore: 1
npt: 1
nptxy: 0
nptdxdy: 0
shape: 0
seed: 901021
53.990034727241 89.821655320372 0.000000000000 1.000000000000
190.323454108434 188.510320406286 0.866025403784 0.500000000000
137.795193154124 106.053498618819 0.000000000000 1.000000000000
-128.668996725192 -206.221789049718 0.000000000000 1.000000000000
27.981567242668 -47.263151199852 0.866025403784 0.500000000000
257.548279401865 128.277442795893 0.866025403784 0.500000000000
17.489712898148 -65.909568391583 0.866025403784 -0.500000000000
-180.956502220901 175.392276982905 0.000000000000 1.000000000000
211.229072740938 -17.787671637632 0.000000000000 1.000000000000
90.165661157771 151.979822843633 0.866025403784 0.500000000000
128.554005314155 -105.854564263785 0.000000000000 1.000000000000
-162.665918778288 20.264919019671 0.000000000000 1.000000000000
81.218251081564 19.166153526878 0.866025403784 -0.500000000000
332.735376562048 -29.537839648893 0.866025403784 -0.500000000000
289.537262833828 136.653890023206 0.866025403784 0.500000000000
203.861948852699 112.584036687750 0.866025403784 -0.500000000000
-13.707633057611 -138.612144849887 0.866025403784 0.500000000000
-21.085843172842 10.525034978370 0.866025403784 -0.500000000000
341.041230206823 -165.782271055637 0.866025403784 0.500000000000
-122.431691749720 -332.036948089414 0.866025403784 0.500000000000
