#Configurational_file created 2018-09-14 11:31:48  started 2018-09-14 11:31:47 run for 1.0s steps 0
name: p_792
step: 10000
specie: 20
	particle_diameter: 1.0000000000000000
	interaction_length: 1.2000000000000000
	number_of_patches: 3
	number_of_particles_per_compound: 1
	rod_length: 1.0000000000000000
	interaction_matrix:  1.000000 1.000000 1.000000 1.000000 1.000000 1.000000 1.000000 1.000000 1.000000
	patch_type: symmetric
	patch_width: 8.0000000000000000
	patch_angle: 0.0000000000000000
	angles:  0.000000 0.000000 0.000000
	grand_canonical: 0
	chemical_potential: 0.0000000000000000
box: 12.256324 12.256324
copy: 1.000000 1.000000
epsilon: 0.1250750000000000
end_epsilon: 0.0000000000000000
pressure: 1.3333670000000000
lambda: 0.0000000000000000
lambda_coupling: 1.0000000000000000
uy: 0.0000000000000000
maximum_displacement: 1.0000000000000000
maximum_rotation: 1.0000000000000000
maximum_volume: 1.0000000000000000
maximum_shape: 0.0000001000000000
maximum_dsigma: 0.0100000000000000
mod: 10
pmod: 10
optimize: 1
verbose: 1
snapshot: 0
display: 1
explore: 1
npt: 1
nptxy: 0
nptdxdy: 0
shape: 0
seed: 903295
-38.227421370153 -38.159612814085 0.000000000000 1.000000000000
164.303853758077 34.712506131533 0.866025403784 -0.500000000000
-96.848917464876 101.217176943481 0.866025403784 -0.500000000000
77.140043495435 -25.286257081024 0.000000000000 1.000000000000
-26.408853200330 97.420151400252 0.866025403784 -0.500000000000
18.016649175417 133.692896183556 0.000000000000 1.000000000000
-15.105807290587 70.272082341893 0.866025403784 -0.500000000000
30.238815030185 6.511823453430 0.866025403784 -0.500000000000
-24.931106538616 -133.475966346064 0.866025403784 0.500000000000
-0.586076274320 101.131319017440 0.866025403784 0.500000000000
-4.971159124599 151.084659477197 0.866025403784 -0.500000000000
126.141355606835 50.333718643544 0.000000000000 1.000000000000
57.802345798841 112.185388509373 0.866025403784 0.500000000000
69.654332865687 -1.497411936595 0.866025403784 0.500000000000
67.829753977151 173.059139916868 0.866025403784 -0.500000000000
2.719242297229 99.507393232749 0.866025403784 -0.500000000000
9.923222576507 -32.063058805496 0.000000000000 1.000000000000
61.641993178017 -63.804507910224 0.866025403784 0.500000000000
74.988447601561 32.039608386940 0.000000000000 1.000000000000
20.371205120237 105.962276822911 0.866025403784 0.500000000000
