#Configurational_file created 2018-09-14 11:31:51  started 2018-09-14 11:31:51 run for 0.0s steps 0
name: p_797
step: 10000
specie: 20
	particle_diameter: 1.0000000000000000
	interaction_length: 1.2000000000000000
	number_of_patches: 3
	number_of_particles_per_compound: 1
	rod_length: 1.0000000000000000
	interaction_matrix:  1.000000 1.000000 1.000000 1.000000 1.000000 1.000000 1.000000 1.000000 1.000000
	patch_type: symmetric
	patch_width: 8.0000000000000000
	patch_angle: 0.0000000000000000
	angles:  0.000000 0.000000 0.000000
	grand_canonical: 0
	chemical_potential: 0.0000000000000000
box: 11.110443 11.110443
copy: 1.000000 1.000000
epsilon: 0.1250750000000000
end_epsilon: 0.0000000000000000
pressure: 1.7500119999999999
lambda: 0.0000000000000000
lambda_coupling: 1.0000000000000000
uy: 0.0000000000000000
maximum_displacement: 1.0000000000000000
maximum_rotation: 1.0000000000000000
maximum_volume: 1.0000000000000000
maximum_shape: 0.0000001000000000
maximum_dsigma: 0.0100000000000000
mod: 10
pmod: 10
optimize: 1
verbose: 1
snapshot: 0
display: 1
explore: 1
npt: 1
nptxy: 0
nptdxdy: 0
shape: 0
seed: 908980
-96.902286274115 -111.277939826028 0.000000000000 1.000000000000
79.981488963180 -160.618151511557 0.866025403784 0.500000000000
-117.730008414440 6.373383286717 0.866025403784 0.500000000000
-285.174970770519 20.390352043807 0.866025403784 0.500000000000
-138.727394513875 -89.047518580300 0.000000000000 1.000000000000
-33.443545851325 -5.352975238251 0.866025403784 0.500000000000
-8.954067691021 78.347000550484 0.866025403784 -0.500000000000
-77.504349043926 -76.080328835985 0.866025403784 0.500000000000
-54.548179303916 59.897206432918 0.866025403784 0.500000000000
-56.301422847999 -103.370006235213 0.866025403784 0.500000000000
-77.632084340237 32.721681719820 0.866025403784 0.500000000000
-130.512885683565 5.490274695707 0.000000000000 1.000000000000
-160.853801137590 18.116063966807 0.000000000000 1.000000000000
-3.612991171104 -89.680069058485 0.000000000000 1.000000000000
-16.345879332832 -187.738158819654 0.866025403784 0.500000000000
63.832499791386 -98.786292509158 0.866025403784 0.500000000000
11.507626687273 -79.516535982742 0.866025403784 0.500000000000
-114.359444058214 160.796857517585 0.866025403784 -0.500000000000
-79.569373226112 -96.551846962201 0.866025403784 0.500000000000
152.779685299772 16.343272710080 0.000000000000 1.000000000000
