#Configurational_file created 2018-09-14 11:59:35  started 2018-09-14 11:59:34 run for 1.0s steps 0
name: p_798
step: 10000
specie: 20
	particle_diameter: 1.0000000000000000
	interaction_length: 1.2000000000000000
	number_of_patches: 3
	number_of_particles_per_compound: 1
	rod_length: 1.0000000000000000
	interaction_matrix:  1.000000 1.000000 1.000000 1.000000 1.000000 1.000000 1.000000 1.000000 1.000000
	patch_type: symmetric
	patch_width: 8.0000000000000000
	patch_angle: 0.0000000000000000
	angles:  0.000000 0.000000 0.000000
	grand_canonical: 0
	chemical_potential: 0.0000000000000000
box: 54.443010 54.443010
copy: 1.000000 1.000000
epsilon: 0.0125010000000000
end_epsilon: 0.0000000000000000
pressure: 0.0916670000000000
lambda: 0.0000000000000000
lambda_coupling: 1.0000000000000000
uy: 0.0000000000000000
maximum_displacement: 1.0000000000000000
maximum_rotation: 1.0000000000000000
maximum_volume: 1.0000000000000000
maximum_shape: 0.0000001000000000
maximum_dsigma: 0.0100000000000000
mod: 10
pmod: 10
optimize: 1
verbose: 1
snapshot: 0
display: 1
explore: 1
npt: 1
nptxy: 0
nptdxdy: 0
shape: 0
seed: 910117
283.974911179746 -183.206012074628 0.866025403784 0.500000000000
112.519701795841 -152.213307909136 0.000000000000 1.000000000000
100.305777436120 -54.850506548254 0.866025403784 -0.500000000000
18.665949307738 -39.100683728969 0.000000000000 1.000000000000
84.943532203971 -129.491364315827 0.866025403784 -0.500000000000
207.096156285609 208.234814080460 0.866025403784 0.500000000000
-54.426623940457 82.324913623984 0.866025403784 0.500000000000
164.095016445111 -234.614125969127 0.000000000000 1.000000000000
-156.524885936478 -123.752653991578 0.000000000000 1.000000000000
19.236322304934 149.997854528505 0.000000000000 1.000000000000
-181.732301038395 -128.727766201715 0.000000000000 1.000000000000
-28.838193874801 246.662230502990 0.866025403784 -0.500000000000
-112.271091203568 -359.622082513451 0.866025403784 0.500000000000
-18.074669674336 -136.923187469864 0.866025403784 0.500000000000
-44.945833502081 -65.196093219904 0.866025403784 -0.500000000000
-7.258109735915 117.730353264632 0.866025403784 -0.500000000000
251.877564270070 260.532613372544 0.866025403784 -0.500000000000
181.574931992851 46.602808979694 0.866025403784 -0.500000000000
105.272616255197 36.165216921303 0.000000000000 1.000000000000
327.767767777502 101.516939501958 0.000000000000 1.000000000000
