#Configurational_file created 2018-09-14 11:59:36  started 2018-09-14 11:59:35 run for 1.0s steps 0
name: p_799
step: 10000
specie: 20
	particle_diameter: 1.0000000000000000
	interaction_length: 1.2000000000000000
	number_of_patches: 3
	number_of_particles_per_compound: 1
	rod_length: 1.0000000000000000
	interaction_matrix:  1.000000 1.000000 1.000000 1.000000 1.000000 1.000000 1.000000 1.000000 1.000000
	patch_type: symmetric
	patch_width: 8.0000000000000000
	patch_angle: 0.0000000000000000
	angles:  0.000000 0.000000 0.000000
	grand_canonical: 0
	chemical_potential: 0.0000000000000000
box: 44.608590 44.608590
copy: 1.000000 1.000000
epsilon: 0.0125010000000000
end_epsilon: 0.0000000000000000
pressure: 0.0958330000000000
lambda: 0.0000000000000000
lambda_coupling: 1.0000000000000000
uy: 0.0000000000000000
maximum_displacement: 1.0000000000000000
maximum_rotation: 1.0000000000000000
maximum_volume: 1.0000000000000000
maximum_shape: 0.0000001000000000
maximum_dsigma: 0.0100000000000000
mod: 10
pmod: 10
optimize: 1
verbose: 1
snapshot: 0
display: 1
explore: 1
npt: 1
nptxy: 0
nptdxdy: 0
shape: 0
seed: 911254
132.535800735785 -76.892615742918 0.866025403784 -0.500000000000
-18.746100497960 157.113944001021 0.866025403784 -0.500000000000
76.539373316183 -260.739630817726 0.866025403784 0.500000000000
-21.772133635446 -153.766665730628 0.866025403784 -0.500000000000
-45.209149359071 -223.770185702229 0.000000000000 1.000000000000
244.199846827052 232.809124417684 0.866025403784 -0.500000000000
293.309263994830 7.536552262800 0.866025403784 0.500000000000
-232.810242375925 162.621794594613 0.866025403784 -0.500000000000
-128.411857438162 79.042806196952 0.866025403784 -0.500000000000
-5.334954048636 309.971938809281 0.000000000000 1.000000000000
241.609362502850 78.048926206812 0.866025403784 0.500000000000
89.247674531619 -148.618668927420 0.000000000000 1.000000000000
-187.830244545202 -48.647165059886 0.866025403784 0.500000000000
-15.382461226424 47.021253752271 0.866025403784 -0.500000000000
134.128601292727 30.970412952183 0.866025403784 0.500000000000
81.597410535685 197.966938937234 0.866025403784 -0.500000000000
-155.659194932454 117.008154279934 0.866025403784 0.500000000000
-16.248111353466 -149.653575903386 0.866025403784 0.500000000000
103.049033110721 -111.139714287129 0.000000000000 1.000000000000
361.367001046382 90.797556668412 0.866025403784 -0.500000000000
