#Configurational_file created 2018-09-14 11:59:34  started 2018-09-14 11:59:34 run for 0.0s steps 0
name: p_797
step: 10000
specie: 20
	particle_diameter: 1.0000000000000000
	interaction_length: 1.2000000000000000
	number_of_patches: 3
	number_of_particles_per_compound: 1
	rod_length: 1.0000000000000000
	interaction_matrix:  1.000000 1.000000 1.000000 1.000000 1.000000 1.000000 1.000000 1.000000 1.000000
	patch_type: symmetric
	patch_width: 8.0000000000000000
	patch_angle: 0.0000000000000000
	angles:  0.000000 0.000000 0.000000
	grand_canonical: 0
	chemical_potential: 0.0000000000000000
box: 48.512099 48.512099
copy: 1.000000 1.000000
epsilon: 0.0125010000000000
end_epsilon: 0.0000000000000000
pressure: 0.0875000000000000
lambda: 0.0000000000000000
lambda_coupling: 1.0000000000000000
uy: 0.0000000000000000
maximum_displacement: 1.0000000000000000
maximum_rotation: 1.0000000000000000
maximum_volume: 1.0000000000000000
maximum_shape: 0.0000001000000000
maximum_dsigma: 0.0100000000000000
mod: 10
pmod: 10
optimize: 1
verbose: 1
snapshot: 0
display: 1
explore: 1
npt: 1
nptxy: 0
nptdxdy: 0
shape: 0
seed: 908980
-21.882035163324 -29.956235916896 0.866025403784 0.500000000000
-90.461738290580 -157.119411713806 0.000000000000 1.000000000000
-81.237294654770 73.874655073060 0.000000000000 1.000000000000
-316.781836639697 -69.251601273787 0.866025403784 0.500000000000
-184.491400882073 3.774157574452 0.866025403784 -0.500000000000
331.621976791974 20.982661990497 0.866025403784 0.500000000000
352.165560673033 315.439780690604 0.000000000000 1.000000000000
-166.488096884605 -114.056516973138 0.866025403784 -0.500000000000
1.004240179881 -186.767853597693 0.000000000000 1.000000000000
386.819814349634 243.966298434120 0.866025403784 -0.500000000000
47.066817836173 15.127645841445 0.866025403784 -0.500000000000
0.070692053681 -59.915654217226 0.000000000000 1.000000000000
332.560185663640 -83.379482248199 0.866025403784 -0.500000000000
-36.023277129500 233.116968886423 0.866025403784 -0.500000000000
-543.028719053515 -217.746032785398 0.000000000000 1.000000000000
141.062114772347 6.695031195760 0.866025403784 -0.500000000000
45.381609927781 -207.974813615529 0.866025403784 0.500000000000
50.440372934524 350.349807240244 0.866025403784 -0.500000000000
161.083141674805 -40.239158299905 0.866025403784 0.500000000000
161.737006571214 182.012706054487 0.866025403784 -0.500000000000
