#Configurational_file created 2018-09-14 11:59:30  started 2018-09-14 11:59:29 run for 1.0s steps 0
name: p_791
step: 10000
specie: 20
	particle_diameter: 1.0000000000000000
	interaction_length: 1.2000000000000000
	number_of_patches: 3
	number_of_particles_per_compound: 1
	rod_length: 1.0000000000000000
	interaction_matrix:  1.000000 1.000000 1.000000 1.000000 1.000000 1.000000 1.000000 1.000000 1.000000
	patch_type: symmetric
	patch_width: 8.0000000000000000
	patch_angle: 0.0000000000000000
	angles:  0.000000 0.000000 0.000000
	grand_canonical: 0
	chemical_potential: 0.0000000000000000
box: 44.703090 44.703090
copy: 1.000000 1.000000
epsilon: 0.0125010000000000
end_epsilon: 0.0000000000000000
pressure: 0.0625000000000000
lambda: 0.0000000000000000
lambda_coupling: 1.0000000000000000
uy: 0.0000000000000000
maximum_displacement: 1.0000000000000000
maximum_rotation: 1.0000000000000000
maximum_volume: 1.0000000000000000
maximum_shape: 0.0000001000000000
maximum_dsigma: 0.0100000000000000
mod: 10
pmod: 10
optimize: 1
verbose: 1
snapshot: 0
display: 1
explore: 1
npt: 1
nptxy: 0
nptdxdy: 0
shape: 0
seed: 902158
38.520880818135 -48.294566807836 0.866025403784 -0.500000000000
212.459267266279 -85.032698566847 0.000000000000 1.000000000000
-96.953597618891 220.322854633420 0.866025403784 -0.500000000000
-144.845057239664 194.259845412652 0.866025403784 -0.500000000000
178.286812772436 6.383546423321 0.000000000000 1.000000000000
103.795447505683 -2.193790891677 0.866025403784 0.500000000000
178.752615063292 279.049237922882 0.000000000000 1.000000000000
138.431677974036 171.638181541673 0.866025403784 -0.500000000000
-118.091733356386 -159.361401437119 0.866025403784 -0.500000000000
87.298709830332 34.576850604296 0.866025403784 -0.500000000000
74.631277437670 25.151095954297 0.866025403784 0.500000000000
-27.512843170490 -263.233361004752 0.866025403784 0.500000000000
-267.580480329890 151.490583448691 0.866025403784 0.500000000000
-3.407936620898 -127.825448848699 0.866025403784 -0.500000000000
96.053985567869 -66.609449598191 0.000000000000 1.000000000000
25.976115770506 84.252094404857 0.866025403784 -0.500000000000
33.921128956914 -30.272905073051 0.000000000000 1.000000000000
57.666962829470 -74.908635589078 0.866025403784 0.500000000000
190.624651775906 80.581574470796 0.866025403784 0.500000000000
-7.190721901212 -15.240282009435 0.866025403784 0.500000000000
