#Configurational_file created 2018-09-14 11:59:31  started 2018-09-14 11:59:30 run for 1.0s steps 0
name: p_792
step: 10000
specie: 20
	particle_diameter: 1.0000000000000000
	interaction_length: 1.2000000000000000
	number_of_patches: 3
	number_of_particles_per_compound: 1
	rod_length: 1.0000000000000000
	interaction_matrix:  1.000000 1.000000 1.000000 1.000000 1.000000 1.000000 1.000000 1.000000 1.000000
	patch_type: symmetric
	patch_width: 8.0000000000000000
	patch_angle: 0.0000000000000000
	angles:  0.000000 0.000000 0.000000
	grand_canonical: 0
	chemical_potential: 0.0000000000000000
box: 47.146106 47.146106
copy: 1.000000 1.000000
epsilon: 0.0125010000000000
end_epsilon: 0.0000000000000000
pressure: 0.0666670000000000
lambda: 0.0000000000000000
lambda_coupling: 1.0000000000000000
uy: 0.0000000000000000
maximum_displacement: 1.0000000000000000
maximum_rotation: 1.0000000000000000
maximum_volume: 1.0000000000000000
maximum_shape: 0.0000001000000000
maximum_dsigma: 0.0100000000000000
mod: 10
pmod: 10
optimize: 1
verbose: 1
snapshot: 0
display: 1
explore: 1
npt: 1
nptxy: 0
nptdxdy: 0
shape: 0
seed: 903295
-152.980689947978 131.254069470841 0.866025403784 0.500000000000
-111.655248924791 213.464554670341 0.000000000000 1.000000000000
121.210989096105 -95.803691778597 0.000000000000 1.000000000000
-369.909760101566 121.442105064833 0.866025403784 -0.500000000000
96.543523384957 269.941114308513 0.866025403784 -0.500000000000
-45.196747343369 106.182592150291 0.000000000000 1.000000000000
66.683454181991 -114.177809216015 0.866025403784 -0.500000000000
166.159093761389 2.338907111865 0.000000000000 1.000000000000
-140.471835309395 -201.350794033993 0.866025403784 0.500000000000
-90.702579240499 -161.449067068850 0.000000000000 1.000000000000
29.615993846398 5.156024633517 0.000000000000 1.000000000000
48.596521116595 -25.591843510354 0.000000000000 1.000000000000
-39.790516363596 41.667393516642 0.000000000000 1.000000000000
-144.946400684810 -79.422328799128 0.866025403784 -0.500000000000
83.810192930047 -6.784355793704 0.866025403784 -0.500000000000
10.792402943790 263.973757006193 0.000000000000 1.000000000000
18.235305597744 164.921961265365 0.866025403784 0.500000000000
199.560244704808 201.508800470110 0.000000000000 1.000000000000
85.865715142746 30.529933288609 0.000000000000 1.000000000000
-89.853964965923 -115.688339449501 0.866025403784 0.500000000000
