#Configurational_file created 2018-09-14 11:59:32  started 2018-09-14 11:59:31 run for 1.0s steps 0
name: p_794
step: 10000
specie: 20
	particle_diameter: 1.0000000000000000
	interaction_length: 1.2000000000000000
	number_of_patches: 3
	number_of_particles_per_compound: 1
	rod_length: 1.0000000000000000
	interaction_matrix:  1.000000 1.000000 1.000000 1.000000 1.000000 1.000000 1.000000 1.000000 1.000000
	patch_type: symmetric
	patch_width: 8.0000000000000000
	patch_angle: 0.0000000000000000
	angles:  0.000000 0.000000 0.000000
	grand_canonical: 0
	chemical_potential: 0.0000000000000000
box: 46.860196 46.860196
copy: 1.000000 1.000000
epsilon: 0.0125010000000000
end_epsilon: 0.0000000000000000
pressure: 0.0750000000000000
lambda: 0.0000000000000000
lambda_coupling: 1.0000000000000000
uy: 0.0000000000000000
maximum_displacement: 1.0000000000000000
maximum_rotation: 1.0000000000000000
maximum_volume: 1.0000000000000000
maximum_shape: 0.0000001000000000
maximum_dsigma: 0.0100000000000000
mod: 10
pmod: 10
optimize: 1
verbose: 1
snapshot: 0
display: 1
explore: 1
npt: 1
nptxy: 0
nptdxdy: 0
shape: 0
seed: 905569
10.849321008879 19.744711223645 0.866025403784 0.500000000000
60.084455297342 110.502745516589 0.866025403784 0.500000000000
-189.354624077750 45.403820886549 0.866025403784 -0.500000000000
-75.179764194928 92.536983056206 0.866025403784 -0.500000000000
17.577909660785 239.698238518076 0.000000000000 1.000000000000
22.647183178350 200.806436936228 0.866025403784 0.500000000000
-198.994663340306 95.284677828318 0.000000000000 1.000000000000
-116.442403710579 -192.221622091419 0.866025403784 -0.500000000000
-101.683032375978 285.497899093271 0.866025403784 0.500000000000
40.081733425280 -301.696049786205 0.866025403784 0.500000000000
-91.127234488664 253.915571561656 0.866025403784 -0.500000000000
-108.483630798178 -92.305541263575 0.000000000000 1.000000000000
-11.458359295166 -168.772120343538 0.866025403784 0.500000000000
-305.887406331423 194.578813143615 0.866025403784 -0.500000000000
-72.327979100764 -2.937993202998 0.000000000000 1.000000000000
-112.910025398174 165.314082456067 0.000000000000 1.000000000000
15.379568113565 -104.804443881980 0.000000000000 1.000000000000
120.509627300548 -169.075592416933 0.000000000000 1.000000000000
202.392411626466 -150.744390883141 0.866025403784 0.500000000000
-255.916819306943 124.043262197091 0.000000000000 1.000000000000
