#Configurational_file created 2018-09-14 11:31:46  started 2018-09-14 11:31:45 run for 1.0s steps 0
name: p_790
step: 10000
specie: 20
	particle_diameter: 1.0000000000000000
	interaction_length: 1.2000000000000000
	number_of_patches: 3
	number_of_particles_per_compound: 1
	rod_length: 1.0000000000000000
	interaction_matrix:  1.000000 1.000000 1.000000 1.000000 1.000000 1.000000 1.000000 1.000000 1.000000
	patch_type: symmetric
	patch_width: 8.0000000000000000
	patch_angle: 0.0000000000000000
	angles:  0.000000 0.000000 0.000000
	grand_canonical: 0
	chemical_potential: 0.0000000000000000
box: 13.091664 13.091664
copy: 1.000000 1.000000
epsilon: 0.1250750000000000
end_epsilon: 0.0000000000000000
pressure: 1.1667080000000001
lambda: 0.0000000000000000
lambda_coupling: 1.0000000000000000
uy: 0.0000000000000000
maximum_displacement: 1.0000000000000000
maximum_rotation: 1.0000000000000000
maximum_volume: 1.0000000000000000
maximum_shape: 0.0000001000000000
maximum_dsigma: 0.0100000000000000
mod: 10
pmod: 10
optimize: 1
verbose: 1
snapshot: 0
display: 1
explore: 1
npt: 1
nptxy: 0
nptdxdy: 0
shape: 0
seed: 901021
-66.281093451328 254.787551881434 0.866025403784 -0.500000000000
154.492703186824 -217.166364597351 0.866025403784 0.500000000000
17.270976070541 -30.943542616842 0.866025403784 0.500000000000
102.011753571158 -115.807980107764 0.866025403784 0.500000000000
147.119283640161 44.046781758625 0.000000000000 1.000000000000
-11.393730880781 33.655105644910 0.866025403784 0.500000000000
42.271189735115 112.124215777645 0.000000000000 1.000000000000
-17.176030776434 8.903502769138 0.866025403784 0.500000000000
106.135206495647 88.280005715904 0.866025403784 0.500000000000
198.718648289572 5.755207940962 0.866025403784 0.500000000000
-75.796909108134 33.968267556744 0.866025403784 -0.500000000000
-38.043702549258 236.289155443071 0.866025403784 0.500000000000
54.849612667925 153.781082041629 0.866025403784 0.500000000000
-94.367106435773 -14.994946281033 0.866025403784 0.500000000000
73.994946560732 56.494833414405 0.000000000000 1.000000000000
43.679456884779 -11.490326162069 0.866025403784 -0.500000000000
-101.981902923273 -90.717161278288 0.866025403784 -0.500000000000
110.887970536405 25.452042556314 0.866025403784 0.500000000000
-66.268036678952 -133.933285987717 0.866025403784 0.500000000000
63.799789213143 -141.211745907666 0.866025403784 -0.500000000000
