#Configurational_file created 2018-09-14 11:31:53  started 2018-09-14 11:31:52 run for 1.0s steps 0
name: p_799
step: 10000
specie: 20
	particle_diameter: 1.0000000000000000
	interaction_length: 1.2000000000000000
	number_of_patches: 3
	number_of_particles_per_compound: 1
	rod_length: 1.0000000000000000
	interaction_matrix:  1.000000 1.000000 1.000000 1.000000 1.000000 1.000000 1.000000 1.000000 1.000000
	patch_type: symmetric
	patch_width: 8.0000000000000000
	patch_angle: 0.0000000000000000
	angles:  0.000000 0.000000 0.000000
	grand_canonical: 0
	chemical_potential: 0.0000000000000000
box: 11.304420 11.304420
copy: 1.000000 1.000000
epsilon: 0.1250750000000000
end_epsilon: 0.0000000000000000
pressure: 1.9166710000000000
lambda: 0.0000000000000000
lambda_coupling: 1.0000000000000000
uy: 0.0000000000000000
maximum_displacement: 1.0000000000000000
maximum_rotation: 1.0000000000000000
maximum_volume: 1.0000000000000000
maximum_shape: 0.0000001000000000
maximum_dsigma: 0.0100000000000000
mod: 10
pmod: 10
optimize: 1
verbose: 1
snapshot: 0
display: 1
explore: 1
npt: 1
nptxy: 0
nptdxdy: 0
shape: 0
seed: 911254
235.333320639662 -7.540736530593 0.000000000000 1.000000000000
-35.012156448605 105.883223236804 0.000000000000 1.000000000000
47.707131125504 -51.577744190754 0.000000000000 1.000000000000
135.204299435434 -34.970403278343 0.000000000000 1.000000000000
196.901171722040 -1.168048372013 0.866025403784 -0.500000000000
51.313439684460 -43.658061919665 0.000000000000 1.000000000000
257.067336013826 163.171750871802 0.866025403784 0.500000000000
106.768648362727 119.223850463261 0.000000000000 1.000000000000
-9.067660660835 -80.510965984398 0.866025403784 0.500000000000
11.946159398177 56.745169284234 0.866025403784 0.500000000000
-56.479652042212 -65.123720149855 0.866025403784 0.500000000000
-70.736556458559 -101.309515518121 0.000000000000 1.000000000000
58.224692750094 -74.999519720747 0.866025403784 0.500000000000
165.822803630206 -50.705089093650 0.866025403784 -0.500000000000
4.017239878123 -9.134134302639 0.000000000000 1.000000000000
-79.051698380507 85.399459359896 0.866025403784 0.500000000000
-11.263615045231 -33.001950650465 0.866025403784 -0.500000000000
107.794961116913 -40.427268758429 0.000000000000 1.000000000000
120.889103176441 -109.306214861386 0.000000000000 1.000000000000
103.850240653478 69.495259303728 0.000000000000 1.000000000000
