#Configurational_file created 2018-09-14 11:31:51  started 2018-09-14 11:31:50 run for 1.0s steps 0
name: p_796
step: 10000
specie: 20
	particle_diameter: 1.0000000000000000
	interaction_length: 1.2000000000000000
	number_of_patches: 3
	number_of_particles_per_compound: 1
	rod_length: 1.0000000000000000
	interaction_matrix:  1.000000 1.000000 1.000000 1.000000 1.000000 1.000000 1.000000 1.000000 1.000000
	patch_type: symmetric
	patch_width: 8.0000000000000000
	patch_angle: 0.0000000000000000
	angles:  0.000000 0.000000 0.000000
	grand_canonical: 0
	chemical_potential: 0.0000000000000000
box: 10.597080 10.597080
copy: 1.000000 1.000000
epsilon: 0.1250750000000000
end_epsilon: 0.0000000000000000
pressure: 1.6666829999999999
lambda: 0.0000000000000000
lambda_coupling: 1.0000000000000000
uy: 0.0000000000000000
maximum_displacement: 1.0000000000000000
maximum_rotation: 1.0000000000000000
maximum_volume: 1.0000000000000000
maximum_shape: 0.0000001000000000
maximum_dsigma: 0.0100000000000000
mod: 10
pmod: 10
optimize: 1
verbose: 1
snapshot: 0
display: 1
explore: 1
npt: 1
nptxy: 0
nptdxdy: 0
shape: 0
seed: 907843
-103.864935395363 -162.910170255950 0.866025403784 -0.500000000000
-71.976135610795 12.201850073575 0.866025403784 -0.500000000000
71.301965973463 -30.781632383677 0.000000000000 1.000000000000
-15.920391583408 -38.633751726682 0.866025403784 0.500000000000
78.408920475325 79.071413482765 0.866025403784 0.500000000000
-1.204248244669 127.374449520806 0.866025403784 -0.500000000000
45.688564264493 63.907708262424 0.000000000000 1.000000000000
-138.025311402764 31.228533407402 0.866025403784 0.500000000000
-52.838258195009 28.863021040792 0.866025403784 -0.500000000000
-24.197312321730 -51.756439144055 0.866025403784 -0.500000000000
15.802615670866 29.586029146033 0.866025403784 0.500000000000
-117.846862748426 91.768306079779 0.866025403784 -0.500000000000
-81.548382563663 -30.309897909032 0.866025403784 -0.500000000000
-9.725873870825 57.025309864415 0.000000000000 1.000000000000
-43.368587346416 -123.097071219044 0.000000000000 1.000000000000
-35.787043969286 30.223817548324 0.866025403784 0.500000000000
-142.674936871551 -15.930341015794 0.866025403784 0.500000000000
16.697169009775 -3.878179876416 0.866025403784 -0.500000000000
-3.163532846456 97.608131637388 0.866025403784 -0.500000000000
35.686591575664 -131.226107158220 0.866025403784 0.500000000000
