#Configurational_file created 2018-09-14 11:31:47  started 2018-09-14 11:31:46 run for 1.0s steps 0
name: p_791
step: 10000
specie: 20
	particle_diameter: 1.0000000000000000
	interaction_length: 1.2000000000000000
	number_of_patches: 3
	number_of_particles_per_compound: 1
	rod_length: 1.0000000000000000
	interaction_matrix:  1.000000 1.000000 1.000000 1.000000 1.000000 1.000000 1.000000 1.000000 1.000000
	patch_type: symmetric
	patch_width: 8.0000000000000000
	patch_angle: 0.0000000000000000
	angles:  0.000000 0.000000 0.000000
	grand_canonical: 0
	chemical_potential: 0.0000000000000000
box: 14.038029 14.038029
copy: 1.000000 1.000000
epsilon: 0.1250750000000000
end_epsilon: 0.0000000000000000
pressure: 1.2500370000000001
lambda: 0.0000000000000000
lambda_coupling: 1.0000000000000000
uy: 0.0000000000000000
maximum_displacement: 1.0000000000000000
maximum_rotation: 1.0000000000000000
maximum_volume: 1.0000000000000000
maximum_shape: 0.0000001000000000
maximum_dsigma: 0.0100000000000000
mod: 10
pmod: 10
optimize: 1
verbose: 1
snapshot: 0
display: 1
explore: 1
npt: 1
nptxy: 0
nptdxdy: 0
shape: 0
seed: 902158
131.606058650225 109.754330274339 0.000000000000 1.000000000000
72.344108309022 37.924530954521 0.000000000000 1.000000000000
92.868880051536 171.454167997115 0.866025403784 -0.500000000000
-172.371533202267 78.124128080523 0.000000000000 1.000000000000
195.289271519710 30.848526512297 0.866025403784 -0.500000000000
52.795716803436 233.998927755619 0.000000000000 1.000000000000
161.937911986974 -36.057610879394 0.866025403784 -0.500000000000
-85.507996102420 -138.992591081138 0.866025403784 0.500000000000
29.105552924332 -29.391898844830 0.866025403784 -0.500000000000
40.583917730669 81.814855713315 0.866025403784 -0.500000000000
-20.985600707510 -29.524451032724 0.866025403784 0.500000000000
-131.175932917058 -168.945458486909 0.866025403784 0.500000000000
-75.157020153473 116.752622477978 0.866025403784 0.500000000000
96.598245415730 83.866821554408 0.866025403784 0.500000000000
-45.198559471686 -169.052205060555 0.866025403784 -0.500000000000
-59.772421271352 -23.407386982322 0.000000000000 1.000000000000
129.402218337669 34.792108782679 0.000000000000 1.000000000000
6.930069023222 -207.679549680114 0.866025403784 -0.500000000000
0.011540396954 5.521636300861 0.000000000000 1.000000000000
104.086299736370 -19.030765124456 0.866025403784 0.500000000000
