#Configurational_file created 2018-09-14 12:20:22  started 2018-09-14 12:20:21 run for 1.0s steps 0
name: p_79
step: 10000
specie: 20
	particle_diameter: 1.0000000000000000
	interaction_length: 1.2000000000000000
	number_of_patches: 3
	number_of_particles_per_compound: 1
	rod_length: 1.0000000000000000
	interaction_matrix:  1.000000 1.000000 1.000000 1.000000 1.000000 1.000000 1.000000 1.000000 1.000000
	patch_type: symmetric
	patch_width: 8.0000000000000000
	patch_angle: 0.0000000000000000
	angles:  0.000000 0.000000 0.000000
	grand_canonical: 0
	chemical_potential: 0.0000000000000000
box: 45.876264 45.876264
copy: 1.000000 1.000000
epsilon: 1.1666669999999999
end_epsilon: 0.0000000000000000
pressure: 0.0000010000000000
lambda: 0.0000000000000000
lambda_coupling: 1.0000000000000000
uy: 0.0000000000000000
maximum_displacement: 1.0000000000000000
maximum_rotation: 1.0000000000000000
maximum_volume: 1.0000000000000000
maximum_shape: 0.0000001000000000
maximum_dsigma: 0.0100000000000000
mod: 10
pmod: 10
optimize: 1
verbose: 1
snapshot: 0
display: 1
explore: 1
npt: 1
nptxy: 0
nptdxdy: 0
shape: 0
seed: 92614
5.992348427456 29.992912350253 0.000000000000 1.000000000000
-162.852334141416 -223.734512596582 0.866025403784 0.500000000000
-50.877807494371 105.070214225503 0.866025403784 -0.500000000000
60.035541816708 -275.531878295429 0.866025403784 0.500000000000
-97.167531463231 -29.416553108165 0.000000000000 1.000000000000
-18.937561360048 -151.161275218945 0.000000000000 1.000000000000
60.797406717339 211.826993203346 0.866025403784 0.500000000000
241.181666214612 68.809637101728 0.000000000000 1.000000000000
-19.633252304966 -163.420196508954 0.866025403784 0.500000000000
33.775458753986 244.394632575651 0.000000000000 1.000000000000
13.039832906479 126.194301807106 0.000000000000 1.000000000000
100.786761252370 -12.866480788440 0.866025403784 -0.500000000000
-5.215471660843 -4.222725808157 0.000000000000 1.000000000000
62.912599760228 218.620236454433 0.000000000000 1.000000000000
8.568929269389 9.374734172968 0.000000000000 1.000000000000
1.355403471094 135.753617555139 0.000000000000 1.000000000000
151.696626157743 470.842102878373 0.866025403784 -0.500000000000
46.673711265546 91.293349041812 0.866025403784 -0.500000000000
214.199440672719 -51.632960368490 0.000000000000 1.000000000000
-118.495168053156 -20.733244222254 0.866025403784 -0.500000000000
