#Configurational_file created 2018-09-14 11:59:33  started 2018-09-14 11:59:32 run for 1.0s steps 0
name: p_795
step: 10000
specie: 20
	particle_diameter: 1.0000000000000000
	interaction_length: 1.2000000000000000
	number_of_patches: 3
	number_of_particles_per_compound: 1
	rod_length: 1.0000000000000000
	interaction_matrix:  1.000000 1.000000 1.000000 1.000000 1.000000 1.000000 1.000000 1.000000 1.000000
	patch_type: symmetric
	patch_width: 8.0000000000000000
	patch_angle: 0.0000000000000000
	angles:  0.000000 0.000000 0.000000
	grand_canonical: 0
	chemical_potential: 0.0000000000000000
box: 53.119674 53.119674
copy: 1.000000 1.000000
epsilon: 0.0125010000000000
end_epsilon: 0.0000000000000000
pressure: 0.0791670000000000
lambda: 0.0000000000000000
lambda_coupling: 1.0000000000000000
uy: 0.0000000000000000
maximum_displacement: 1.0000000000000000
maximum_rotation: 1.0000000000000000
maximum_volume: 1.0000000000000000
maximum_shape: 0.0000001000000000
maximum_dsigma: 0.0100000000000000
mod: 10
pmod: 10
optimize: 1
verbose: 1
snapshot: 0
display: 1
explore: 1
npt: 1
nptxy: 0
nptdxdy: 0
shape: 0
seed: 906706
-171.989452475794 -3.952956340759 0.000000000000 1.000000000000
304.122780731187 94.169984625265 0.000000000000 1.000000000000
146.846546512440 -117.273380412330 0.866025403784 -0.500000000000
-98.541835040609 -54.348667294301 0.000000000000 1.000000000000
-60.973664744674 12.778119746525 0.866025403784 -0.500000000000
18.367189184940 -315.843657435576 0.000000000000 1.000000000000
107.490571531533 359.385813872362 0.866025403784 0.500000000000
-254.939991331003 141.198552317247 0.866025403784 0.500000000000
195.924844091386 229.635994483669 0.866025403784 -0.500000000000
186.835054868278 171.523291386314 0.866025403784 -0.500000000000
-139.157092304627 -82.967234087309 0.866025403784 -0.500000000000
77.906115557329 79.101006609669 0.866025403784 0.500000000000
-10.553452864871 282.903585354596 0.000000000000 1.000000000000
-281.410683032826 139.070402430034 0.866025403784 0.500000000000
290.868883137570 146.676446951426 0.866025403784 -0.500000000000
-91.647304944801 132.015806193392 0.000000000000 1.000000000000
-43.648509953314 202.879816248668 0.000000000000 1.000000000000
33.169577984958 62.793999128612 0.000000000000 1.000000000000
184.086915323301 35.018259779437 0.000000000000 1.000000000000
66.049695172144 52.389032077627 0.000000000000 1.000000000000
