#Configurational_file created 2018-09-14 11:06:25  started 2018-09-14 11:06:24 run for 1.0s steps 0
name: p_79
step: 10000
specie: 20
	particle_diameter: 1.0000000000000000
	interaction_length: 1.2000000000000000
	number_of_patches: 3
	number_of_particles_per_compound: 1
	rod_length: 1.0000000000000000
	interaction_matrix:  1.000000 1.000000 1.000000 1.000000 1.000000 1.000000 1.000000 1.000000 1.000000
	patch_type: symmetric
	patch_width: 8.0000000000000000
	patch_angle: 0.0000000000000000
	angles:  0.000000 0.000000 0.000000
	grand_canonical: 0
	chemical_potential: 0.0000000000000000
box: 15.018352 15.018352
copy: 1.000000 1.000000
epsilon: 0.0715140000000000
end_epsilon: 0.0000000000000000
pressure: 1.7142999999999999
lambda: 0.0000000000000000
lambda_coupling: 1.0000000000000000
uy: 0.0000000000000000
maximum_displacement: 1.0000000000000000
maximum_rotation: 1.0000000000000000
maximum_volume: 1.0000000000000000
maximum_shape: 0.0000001000000000
maximum_dsigma: 0.0100000000000000
mod: 10
pmod: 10
optimize: 1
verbose: 1
snapshot: 0
display: 1
explore: 1
npt: 1
nptxy: 0
nptdxdy: 0
shape: 0
seed: 92693
32.511544970425 -28.370500379819 0.866025403784 0.500000000000
-15.246490779692 -145.866627885590 0.000000000000 1.000000000000
56.329411761570 132.583072674347 0.866025403784 -0.500000000000
113.722263256004 15.734667537485 0.866025403784 -0.500000000000
-44.356539999570 80.187095429012 0.866025403784 -0.500000000000
84.620098674952 154.495559365629 0.866025403784 -0.500000000000
59.935221859184 -33.032970123179 0.866025403784 -0.500000000000
86.496931484938 -69.023703051449 0.866025403784 0.500000000000
-83.566089848711 -109.344085795053 0.866025403784 -0.500000000000
-3.316707398472 24.868024988055 0.000000000000 1.000000000000
-75.337541822751 69.748123340936 0.866025403784 0.500000000000
0.786418564632 -139.936728235279 0.000000000000 1.000000000000
2.976595479052 -10.567326061245 0.866025403784 0.500000000000
-0.936432700304 134.201508210720 0.866025403784 0.500000000000
62.256747627480 -158.238332733672 0.866025403784 -0.500000000000
-30.154935824131 161.600209264859 0.000000000000 1.000000000000
-161.401226874163 95.642914480309 0.000000000000 1.000000000000
-113.668739301001 -44.752307621402 0.000000000000 1.000000000000
67.413677528729 28.192519048381 0.866025403784 0.500000000000
-5.665214254609 -27.165153468134 0.000000000000 1.000000000000
