#Configurational_file created 2018-09-14 11:31:48  started 2018-09-14 11:31:48 run for 0.0s steps 0
name: p_793
step: 10000
specie: 20
	particle_diameter: 1.0000000000000000
	interaction_length: 1.2000000000000000
	number_of_patches: 3
	number_of_particles_per_compound: 1
	rod_length: 1.0000000000000000
	interaction_matrix:  1.000000 1.000000 1.000000 1.000000 1.000000 1.000000 1.000000 1.000000 1.000000
	patch_type: symmetric
	patch_width: 8.0000000000000000
	patch_angle: 0.0000000000000000
	angles:  0.000000 0.000000 0.000000
	grand_canonical: 0
	chemical_potential: 0.0000000000000000
box: 12.556785 12.556785
copy: 1.000000 1.000000
epsilon: 0.1250750000000000
end_epsilon: 0.0000000000000000
pressure: 1.4166960000000000
lambda: 0.0000000000000000
lambda_coupling: 1.0000000000000000
uy: 0.0000000000000000
maximum_displacement: 1.0000000000000000
maximum_rotation: 1.0000000000000000
maximum_volume: 1.0000000000000000
maximum_shape: 0.0000001000000000
maximum_dsigma: 0.0100000000000000
mod: 10
pmod: 10
optimize: 1
verbose: 1
snapshot: 0
display: 1
explore: 1
npt: 1
nptxy: 0
nptdxdy: 0
shape: 0
seed: 904432
-113.350095123956 -16.059364136515 0.866025403784 0.500000000000
35.023268522780 165.465908776440 0.000000000000 1.000000000000
22.418994197322 87.617716302287 0.000000000000 1.000000000000
-104.364283011852 -83.849603276582 0.000000000000 1.000000000000
83.149593365688 78.848631330353 0.866025403784 -0.500000000000
9.184079837651 181.830150738428 0.866025403784 -0.500000000000
-41.372554816781 -82.413112233111 0.866025403784 0.500000000000
130.663705958473 102.682552940971 0.000000000000 1.000000000000
2.612419844631 -5.922576282664 0.866025403784 0.500000000000
153.482352158284 -105.238943510616 0.866025403784 -0.500000000000
189.122172374644 74.840325577750 0.866025403784 -0.500000000000
-40.988676726052 -42.521305467857 0.866025403784 -0.500000000000
-7.886654142680 -56.850495366430 0.866025403784 -0.500000000000
-66.954620887629 97.488815389747 0.866025403784 -0.500000000000
-112.372781986420 -32.560977344551 0.866025403784 -0.500000000000
55.680752525982 -83.589158259280 0.000000000000 1.000000000000
-48.044042398559 -36.294466887099 0.866025403784 0.500000000000
158.359171670494 -103.658623602480 0.000000000000 1.000000000000
18.710829036826 37.617217345915 0.866025403784 0.500000000000
107.605506422457 -128.120122365292 0.866025403784 -0.500000000000
