#Configurational_file created 2018-09-14 11:31:59  started 2018-09-14 11:31:59 run for 0.0s steps 0
name: p_808
step: 10000
specie: 20
	particle_diameter: 1.0000000000000000
	interaction_length: 1.2000000000000000
	number_of_patches: 3
	number_of_particles_per_compound: 1
	rod_length: 1.0000000000000000
	interaction_matrix:  1.000000 1.000000 1.000000 1.000000 1.000000 1.000000 1.000000 1.000000 1.000000
	patch_type: symmetric
	patch_width: 8.0000000000000000
	patch_angle: 0.0000000000000000
	angles:  0.000000 0.000000 0.000000
	grand_canonical: 0
	chemical_potential: 0.0000000000000000
box: 14.399906 14.399906
copy: 1.000000 1.000000
epsilon: 0.1459040000000000
end_epsilon: 0.0000000000000000
pressure: 0.5834040000000000
lambda: 0.0000000000000000
lambda_coupling: 1.0000000000000000
uy: 0.0000000000000000
maximum_displacement: 1.0000000000000000
maximum_rotation: 1.0000000000000000
maximum_volume: 1.0000000000000000
maximum_shape: 0.0000001000000000
maximum_dsigma: 0.0100000000000000
mod: 10
pmod: 10
optimize: 1
verbose: 1
snapshot: 0
display: 1
explore: 1
npt: 1
nptxy: 0
nptdxdy: 0
shape: 0
seed: 921487
-126.694237540757 -6.446400105950 0.866025403784 -0.500000000000
-68.470731193662 79.498969705761 0.866025403784 0.500000000000
41.432370252704 -92.652150348943 0.866025403784 -0.500000000000
22.815125676976 -6.685563521974 0.866025403784 0.500000000000
107.119282695078 -3.764265851806 0.000000000000 1.000000000000
80.183022628547 -51.565678225879 0.866025403784 0.500000000000
3.723161572276 -293.190370541839 0.000000000000 1.000000000000
-62.164816340173 130.920820325244 0.866025403784 -0.500000000000
-56.476292345008 -140.693341252326 0.866025403784 0.500000000000
-79.679066274801 -121.941398935856 0.866025403784 -0.500000000000
-90.086905011567 -123.062592741092 0.000000000000 1.000000000000
-120.304206265303 91.089056835029 0.866025403784 -0.500000000000
38.356525975789 -17.369757443184 0.866025403784 -0.500000000000
43.928047394437 -103.939093693674 0.000000000000 1.000000000000
54.529299953967 -183.436122811371 0.866025403784 0.500000000000
-7.654700254624 -9.728496665678 0.866025403784 0.500000000000
24.694901185660 -38.899494702844 0.866025403784 0.500000000000
-114.085398713167 41.331811311408 0.000000000000 1.000000000000
32.518901433975 2.765492801165 0.000000000000 1.000000000000
-73.226867486889 6.239925435098 0.866025403784 -0.500000000000
