#Configurational_file created 2018-09-14 11:31:59  started 2018-09-14 11:31:58 run for 1.0s steps 0
name: p_807
step: 10000
specie: 20
	particle_diameter: 1.0000000000000000
	interaction_length: 1.2000000000000000
	number_of_patches: 3
	number_of_particles_per_compound: 1
	rod_length: 1.0000000000000000
	interaction_matrix:  1.000000 1.000000 1.000000 1.000000 1.000000 1.000000 1.000000 1.000000 1.000000
	patch_type: symmetric
	patch_width: 8.0000000000000000
	patch_angle: 0.0000000000000000
	angles:  0.000000 0.000000 0.000000
	grand_canonical: 0
	chemical_potential: 0.0000000000000000
box: 18.187139 18.187139
copy: 1.000000 1.000000
epsilon: 0.1459040000000000
end_epsilon: 0.0000000000000000
pressure: 0.5000750000000000
lambda: 0.0000000000000000
lambda_coupling: 1.0000000000000000
uy: 0.0000000000000000
maximum_displacement: 1.0000000000000000
maximum_rotation: 1.0000000000000000
maximum_volume: 1.0000000000000000
maximum_shape: 0.0000001000000000
maximum_dsigma: 0.0100000000000000
mod: 10
pmod: 10
optimize: 1
verbose: 1
snapshot: 0
display: 1
explore: 1
npt: 1
nptxy: 0
nptdxdy: 0
shape: 0
seed: 920350
-37.914375399517 136.863395027132 0.866025403784 0.500000000000
240.356866433176 92.056063466763 0.866025403784 -0.500000000000
-92.449520046151 -91.237475725978 0.866025403784 0.500000000000
192.354828572136 21.729764484457 0.866025403784 0.500000000000
-48.128087239702 57.186280974926 0.000000000000 1.000000000000
194.927303478715 38.143883314434 0.000000000000 1.000000000000
-58.447062614884 114.980485271533 0.866025403784 -0.500000000000
158.380051280226 -12.712137207367 0.866025403784 -0.500000000000
-42.879909576409 302.073079083632 0.866025403784 -0.500000000000
55.242395653636 3.088730803244 0.866025403784 -0.500000000000
101.270579577102 159.554871534984 0.866025403784 -0.500000000000
24.555018523260 47.582970178318 0.866025403784 -0.500000000000
156.109366698887 64.841960384445 0.866025403784 0.500000000000
-41.090209073795 59.632699397291 0.000000000000 1.000000000000
-163.125314580539 9.406138231418 0.000000000000 1.000000000000
-43.306255955878 115.005618917659 0.000000000000 1.000000000000
79.319204929047 -138.728344148176 0.866025403784 0.500000000000
-117.937027925023 -217.709576169540 0.000000000000 1.000000000000
-11.085839349158 98.224171044634 0.000000000000 1.000000000000
-60.382129206368 -204.942594350347 0.866025403784 -0.500000000000
