#Configurational_file created 2018-09-14 11:31:57  started 2018-09-14 11:31:57 run for 0.0s steps 0
name: p_805
step: 10000
specie: 20
	particle_diameter: 1.0000000000000000
	interaction_length: 1.2000000000000000
	number_of_patches: 3
	number_of_particles_per_compound: 1
	rod_length: 1.0000000000000000
	interaction_matrix:  1.000000 1.000000 1.000000 1.000000 1.000000 1.000000 1.000000 1.000000 1.000000
	patch_type: symmetric
	patch_width: 8.0000000000000000
	patch_angle: 0.0000000000000000
	angles:  0.000000 0.000000 0.000000
	grand_canonical: 0
	chemical_potential: 0.0000000000000000
box: 22.314668 22.314668
copy: 1.000000 1.000000
epsilon: 0.1459040000000000
end_epsilon: 0.0000000000000000
pressure: 0.3334170000000000
lambda: 0.0000000000000000
lambda_coupling: 1.0000000000000000
uy: 0.0000000000000000
maximum_displacement: 1.0000000000000000
maximum_rotation: 1.0000000000000000
maximum_volume: 1.0000000000000000
maximum_shape: 0.0000001000000000
maximum_dsigma: 0.0100000000000000
mod: 10
pmod: 10
optimize: 1
verbose: 1
snapshot: 0
display: 1
explore: 1
npt: 1
nptxy: 0
nptdxdy: 0
shape: 0
seed: 918076
-162.293498674207 -21.652479831287 0.000000000000 1.000000000000
-16.087546730591 43.194405856197 0.000000000000 1.000000000000
-133.825678004498 38.403397053123 0.866025403784 -0.500000000000
27.913924977755 143.009744087029 0.000000000000 1.000000000000
142.163678087534 -100.225904912624 0.866025403784 -0.500000000000
-186.264982270411 42.934195304976 0.866025403784 0.500000000000
-6.409176290804 70.828486297175 0.000000000000 1.000000000000
-71.323876627857 11.108835941230 0.866025403784 0.500000000000
-37.077582144539 -115.510833709951 0.866025403784 -0.500000000000
-17.089032364167 55.269744703920 0.866025403784 -0.500000000000
95.086855702521 -16.698646249535 0.866025403784 0.500000000000
64.616012249551 43.120920676153 0.866025403784 0.500000000000
-131.225576203773 -221.405371858802 0.866025403784 -0.500000000000
71.736357976516 -80.436614351960 0.866025403784 0.500000000000
123.610133436011 47.938616909306 0.866025403784 -0.500000000000
72.150797456419 -11.974523938415 0.000000000000 1.000000000000
-9.392313836844 103.203399002291 0.866025403784 0.500000000000
48.965057382481 -62.813737318639 0.866025403784 -0.500000000000
-129.726522470728 81.257559461899 0.000000000000 1.000000000000
144.727125970808 129.037722314872 0.866025403784 -0.500000000000
