#Configurational_file created 2018-09-14 11:31:58  started 2018-09-14 11:31:57 run for 1.0s steps 0
name: p_806
step: 10000
specie: 20
	particle_diameter: 1.0000000000000000
	interaction_length: 1.2000000000000000
	number_of_patches: 3
	number_of_particles_per_compound: 1
	rod_length: 1.0000000000000000
	interaction_matrix:  1.000000 1.000000 1.000000 1.000000 1.000000 1.000000 1.000000 1.000000 1.000000
	patch_type: symmetric
	patch_width: 8.0000000000000000
	patch_angle: 0.0000000000000000
	angles:  0.000000 0.000000 0.000000
	grand_canonical: 0
	chemical_potential: 0.0000000000000000
box: 20.376507 20.376507
copy: 1.000000 1.000000
epsilon: 0.1459040000000000
end_epsilon: 0.0000000000000000
pressure: 0.4167460000000000
lambda: 0.0000000000000000
lambda_coupling: 1.0000000000000000
uy: 0.0000000000000000
maximum_displacement: 1.0000000000000000
maximum_rotation: 1.0000000000000000
maximum_volume: 1.0000000000000000
maximum_shape: 0.0000001000000000
maximum_dsigma: 0.0100000000000000
mod: 10
pmod: 10
optimize: 1
verbose: 1
snapshot: 0
display: 1
explore: 1
npt: 1
nptxy: 0
nptdxdy: 0
shape: 0
seed: 919213
15.775231180804 70.730497884272 0.000000000000 1.000000000000
-60.622022191053 -25.957399347873 0.866025403784 -0.500000000000
197.059884143136 155.066876295584 0.866025403784 -0.500000000000
124.302849182559 -1.087363095178 0.000000000000 1.000000000000
-16.522527004426 -129.552260304567 0.866025403784 -0.500000000000
-21.523593607754 95.108522253647 0.866025403784 -0.500000000000
74.046279032493 41.946590521347 0.866025403784 -0.500000000000
-40.788465743427 183.476062304512 0.000000000000 1.000000000000
-73.097738105751 -208.957985226819 0.000000000000 1.000000000000
146.104846239737 -167.543646767831 0.866025403784 -0.500000000000
279.380401405425 -62.108511233599 0.000000000000 1.000000000000
-36.621803596480 120.425578469874 0.000000000000 1.000000000000
77.828790224325 -5.294997620539 0.866025403784 0.500000000000
-35.065322231813 -24.383558262626 0.866025403784 -0.500000000000
17.335661324210 73.804562397901 0.000000000000 1.000000000000
147.059173111090 -197.197319495898 0.000000000000 1.000000000000
133.768239900651 -49.654759727620 0.866025403784 -0.500000000000
108.395963501373 84.443672342807 0.866025403784 0.500000000000
107.797844036332 67.370467725990 0.866025403784 0.500000000000
74.675591594744 31.808503763114 0.866025403784 -0.500000000000
