#Configurational_file created 2018-09-14 11:06:26  started 2018-09-14 11:06:25 run for 1.0s steps 0
name: p_80
step: 10000
specie: 20
	particle_diameter: 1.0000000000000000
	interaction_length: 1.2000000000000000
	number_of_patches: 3
	number_of_particles_per_compound: 1
	rod_length: 1.0000000000000000
	interaction_matrix:  1.000000 1.000000 1.000000 1.000000 1.000000 1.000000 1.000000 1.000000 1.000000
	patch_type: symmetric
	patch_width: 8.0000000000000000
	patch_angle: 0.0000000000000000
	angles:  0.000000 0.000000 0.000000
	grand_canonical: 0
	chemical_potential: 0.0000000000000000
box: 13.017896 13.017896
copy: 1.000000 1.000000
epsilon: 0.0715140000000000
end_epsilon: 0.0000000000000000
pressure: 2.0000000000000000
lambda: 0.0000000000000000
lambda_coupling: 1.0000000000000000
uy: 0.0000000000000000
maximum_displacement: 1.0000000000000000
maximum_rotation: 1.0000000000000000
maximum_volume: 1.0000000000000000
maximum_shape: 0.0000001000000000
maximum_dsigma: 0.0100000000000000
mod: 10
pmod: 10
optimize: 1
verbose: 1
snapshot: 0
display: 1
explore: 1
npt: 1
nptxy: 0
nptdxdy: 0
shape: 0
seed: 93830
97.684679589985 -17.804281329022 0.866025403784 0.500000000000
-14.092964776677 -150.270606449815 0.866025403784 0.500000000000
13.700447704412 -111.727595008384 0.866025403784 0.500000000000
27.452421170526 104.633875075227 0.866025403784 -0.500000000000
127.549199509328 124.100980123518 0.000000000000 1.000000000000
-39.389928318938 134.369598042811 0.866025403784 0.500000000000
19.150942430800 -2.473003506436 0.000000000000 1.000000000000
152.796650091410 -74.737628369263 0.866025403784 0.500000000000
-21.631863298019 -42.147579100917 0.866025403784 -0.500000000000
74.811681861518 -26.273304390815 0.866025403784 -0.500000000000
82.285769300712 95.632833270373 0.000000000000 1.000000000000
228.707821906702 28.760210646409 0.866025403784 0.500000000000
11.811918299460 -109.389060522105 0.866025403784 -0.500000000000
-29.739830032289 -5.477154842790 0.000000000000 1.000000000000
-49.321452989120 38.815985216659 0.866025403784 -0.500000000000
191.024823374556 -33.471082194692 0.866025403784 0.500000000000
27.372420764014 23.672055214262 0.000000000000 1.000000000000
187.603462694403 -72.370091824223 0.866025403784 -0.500000000000
-72.589304864646 -7.908587783339 0.866025403784 0.500000000000
-20.539554770451 193.854970909710 0.866025403784 -0.500000000000
