#Configurational_file created 2018-09-14 11:31:57  started 2018-09-14 11:31:56 run for 1.0s steps 0
name: p_804
step: 10000
specie: 20
	particle_diameter: 1.0000000000000000
	interaction_length: 1.2000000000000000
	number_of_patches: 3
	number_of_particles_per_compound: 1
	rod_length: 1.0000000000000000
	interaction_matrix:  1.000000 1.000000 1.000000 1.000000 1.000000 1.000000 1.000000 1.000000 1.000000
	patch_type: symmetric
	patch_width: 8.0000000000000000
	patch_angle: 0.0000000000000000
	angles:  0.000000 0.000000 0.000000
	grand_canonical: 0
	chemical_potential: 0.0000000000000000
box: 25.670651 25.670651
copy: 1.000000 1.000000
epsilon: 0.1459040000000000
end_epsilon: 0.0000000000000000
pressure: 0.2500870000000000
lambda: 0.0000000000000000
lambda_coupling: 1.0000000000000000
uy: 0.0000000000000000
maximum_displacement: 1.0000000000000000
maximum_rotation: 1.0000000000000000
maximum_volume: 1.0000000000000000
maximum_shape: 0.0000001000000000
maximum_dsigma: 0.0100000000000000
mod: 10
pmod: 10
optimize: 1
verbose: 1
snapshot: 0
display: 1
explore: 1
npt: 1
nptxy: 0
nptdxdy: 0
shape: 0
seed: 916939
28.028419347675 85.608994501140 0.000000000000 1.000000000000
3.619498297059 10.146227879293 0.866025403784 -0.500000000000
62.586123726822 60.430163590555 0.866025403784 0.500000000000
129.313023429828 47.638649432942 0.000000000000 1.000000000000
-11.931072660730 -12.302491793134 0.866025403784 0.500000000000
106.346885452755 -21.711852862454 0.866025403784 0.500000000000
-127.278218274291 -101.419480069861 0.000000000000 1.000000000000
-36.823063353000 47.789138995744 0.866025403784 -0.500000000000
-43.822001519661 191.342829117596 0.866025403784 0.500000000000
227.631174454214 256.756116061125 0.866025403784 0.500000000000
-113.623218480726 24.762404861664 0.866025403784 0.500000000000
-12.587019996857 182.223294543905 0.866025403784 -0.500000000000
152.041675369177 -83.306408762134 0.000000000000 1.000000000000
85.840083444957 100.813889517360 0.866025403784 -0.500000000000
-9.531523930114 -81.963538568662 0.866025403784 -0.500000000000
-21.490946211751 -65.970023727068 0.866025403784 -0.500000000000
156.524086520494 -39.214661660365 0.866025403784 -0.500000000000
-106.249557331244 124.660436302094 0.000000000000 1.000000000000
-16.401919886475 106.430098809225 0.866025403784 -0.500000000000
-31.008301099606 -27.552414528232 0.000000000000 1.000000000000
