#Configurational_file created 2018-09-14 11:32:00  started 2018-09-14 11:31:59 run for 1.0s steps 0
name: p_809
step: 10000
specie: 20
	particle_diameter: 1.0000000000000000
	interaction_length: 1.2000000000000000
	number_of_patches: 3
	number_of_particles_per_compound: 1
	rod_length: 1.0000000000000000
	interaction_matrix:  1.000000 1.000000 1.000000 1.000000 1.000000 1.000000 1.000000 1.000000 1.000000
	patch_type: symmetric
	patch_width: 8.0000000000000000
	patch_angle: 0.0000000000000000
	angles:  0.000000 0.000000 0.000000
	grand_canonical: 0
	chemical_potential: 0.0000000000000000
box: 17.496273 17.496273
copy: 1.000000 1.000000
epsilon: 0.1459040000000000
end_epsilon: 0.0000000000000000
pressure: 0.6667330000000000
lambda: 0.0000000000000000
lambda_coupling: 1.0000000000000000
uy: 0.0000000000000000
maximum_displacement: 1.0000000000000000
maximum_rotation: 1.0000000000000000
maximum_volume: 1.0000000000000000
maximum_shape: 0.0000001000000000
maximum_dsigma: 0.0100000000000000
mod: 10
pmod: 10
optimize: 1
verbose: 1
snapshot: 0
display: 1
explore: 1
npt: 1
nptxy: 0
nptdxdy: 0
shape: 0
seed: 922624
-86.396662051947 -58.235765340841 0.866025403784 0.500000000000
-5.867757303359 -14.362761256233 0.866025403784 -0.500000000000
16.072504359214 -8.040327341468 0.866025403784 0.500000000000
122.079383274776 4.106532028237 0.866025403784 0.500000000000
1.927732959549 17.138421704781 0.866025403784 -0.500000000000
50.016934729395 -38.654084397465 0.866025403784 -0.500000000000
-70.822169677594 -195.233863824643 0.000000000000 1.000000000000
212.925244167102 -115.087993390109 0.866025403784 -0.500000000000
-73.927050135311 170.040918853144 0.000000000000 1.000000000000
90.019180148997 118.280349179644 0.866025403784 0.500000000000
-149.407517467695 -78.094013962055 0.000000000000 1.000000000000
235.193074751001 20.369750776529 0.000000000000 1.000000000000
-263.786916260788 -10.676923800306 0.000000000000 1.000000000000
-133.054336158992 14.460422536035 0.866025403784 -0.500000000000
1.213505868654 228.437169672734 0.866025403784 0.500000000000
211.024316816083 -45.700111577096 0.000000000000 1.000000000000
58.916004091416 151.175034666561 0.866025403784 0.500000000000
79.012939868217 -127.253281508572 0.866025403784 -0.500000000000
-84.989458829299 108.270369694218 0.866025403784 -0.500000000000
94.459170355534 84.323168674367 0.000000000000 1.000000000000
