#Configurational_file created 2018-09-14 11:31:55  started 2018-09-14 11:31:54 run for 1.0s steps 0
name: p_801
step: 10000
specie: 20
	particle_diameter: 1.0000000000000000
	interaction_length: 1.2000000000000000
	number_of_patches: 3
	number_of_particles_per_compound: 1
	rod_length: 1.0000000000000000
	interaction_matrix:  1.000000 1.000000 1.000000 1.000000 1.000000 1.000000 1.000000 1.000000 1.000000
	patch_type: symmetric
	patch_width: 8.0000000000000000
	patch_angle: 0.0000000000000000
	angles:  0.000000 0.000000 0.000000
	grand_canonical: 0
	chemical_potential: 0.0000000000000000
box: 46.369617 46.369617
copy: 1.000000 1.000000
epsilon: 0.1459040000000000
end_epsilon: 0.0000000000000000
pressure: 0.0001000000000000
lambda: 0.0000000000000000
lambda_coupling: 1.0000000000000000
uy: 0.0000000000000000
maximum_displacement: 1.0000000000000000
maximum_rotation: 1.0000000000000000
maximum_volume: 1.0000000000000000
maximum_shape: 0.0000001000000000
maximum_dsigma: 0.0100000000000000
mod: 10
pmod: 10
optimize: 1
verbose: 1
snapshot: 0
display: 1
explore: 1
npt: 1
nptxy: 0
nptdxdy: 0
shape: 0
seed: 913528
11.828387951287 188.267176416338 0.866025403784 0.500000000000
-185.230249824391 170.113920537445 0.866025403784 -0.500000000000
-17.171534091935 96.700466948281 0.866025403784 0.500000000000
-36.474283855199 -81.268759876312 0.000000000000 1.000000000000
-322.977900396847 -92.663173976200 0.866025403784 0.500000000000
111.961932832258 146.639851293485 0.000000000000 1.000000000000
-72.266977204301 72.620966058495 0.866025403784 0.500000000000
229.732325694542 -154.515434852325 0.866025403784 -0.500000000000
58.762754884627 136.045620182473 0.000000000000 1.000000000000
97.364695479364 129.214994257833 0.866025403784 0.500000000000
-277.596224229971 -99.224266535321 0.866025403784 0.500000000000
109.599596707961 -2.657285051501 0.866025403784 0.500000000000
185.026627331275 361.169176367441 0.866025403784 -0.500000000000
139.837933569416 154.081145330479 0.866025403784 0.500000000000
-313.162816880962 294.180077656713 0.866025403784 0.500000000000
-19.725879925352 278.089774682079 0.000000000000 1.000000000000
-53.132249248436 -131.404201427293 0.866025403784 0.500000000000
314.058542361635 77.494468504312 0.866025403784 -0.500000000000
55.351876978494 -209.986041844891 0.000000000000 1.000000000000
212.764345609350 127.257127125727 0.000000000000 1.000000000000
