#Configurational_file created 2018-09-14 11:31:54  started 2018-09-14 11:31:53 run for 1.0s steps 0
name: p_800
step: 10000
specie: 20
	particle_diameter: 1.0000000000000000
	interaction_length: 1.2000000000000000
	number_of_patches: 3
	number_of_particles_per_compound: 1
	rod_length: 1.0000000000000000
	interaction_matrix:  1.000000 1.000000 1.000000 1.000000 1.000000 1.000000 1.000000 1.000000 1.000000
	patch_type: symmetric
	patch_width: 8.0000000000000000
	patch_angle: 0.0000000000000000
	angles:  0.000000 0.000000 0.000000
	grand_canonical: 0
	chemical_potential: 0.0000000000000000
box: 9.615401 9.615401
copy: 1.000000 1.000000
epsilon: 0.1250750000000000
end_epsilon: 0.0000000000000000
pressure: 2.0000000000000000
lambda: 0.0000000000000000
lambda_coupling: 1.0000000000000000
uy: 0.0000000000000000
maximum_displacement: 1.0000000000000000
maximum_rotation: 1.0000000000000000
maximum_volume: 1.0000000000000000
maximum_shape: 0.0000001000000000
maximum_dsigma: 0.0100000000000000
mod: 10
pmod: 10
optimize: 1
verbose: 1
snapshot: 0
display: 1
explore: 1
npt: 1
nptxy: 0
nptdxdy: 0
shape: 0
seed: 912391
42.079082020498 104.929921539320 0.000000000000 1.000000000000
-21.178354267492 -88.805138117901 0.000000000000 1.000000000000
126.779987117421 77.706685577717 0.866025403784 -0.500000000000
59.467517475671 -35.398861829415 0.866025403784 -0.500000000000
-92.879210971822 13.774320465085 0.000000000000 1.000000000000
152.928063176948 -93.626349676847 0.866025403784 -0.500000000000
128.224512335965 25.190611452741 0.866025403784 0.500000000000
-108.748703424518 50.902909115753 0.866025403784 -0.500000000000
40.189312583496 16.499189500237 0.866025403784 -0.500000000000
30.075999330735 118.025704125369 0.000000000000 1.000000000000
-23.705369978998 35.482222177197 0.000000000000 1.000000000000
49.475437487161 -0.468260315351 0.866025403784 -0.500000000000
-23.974019661588 93.373082997395 0.866025403784 -0.500000000000
-77.982496625113 61.852090576899 0.866025403784 -0.500000000000
-139.119267249266 76.109348718290 0.000000000000 1.000000000000
20.383818624383 -126.251644578229 0.866025403784 0.500000000000
57.740626147531 -6.987783485284 0.866025403784 0.500000000000
-41.214088548948 -31.164649299044 0.866025403784 0.500000000000
57.680799012275 23.369316447842 0.000000000000 1.000000000000
-39.677534162778 58.012422618585 0.866025403784 0.500000000000
