#Configurational_file created 2018-09-14 11:59:42  started 2018-09-14 11:59:41 run for 1.0s steps 0
name: p_807
step: 10000
specie: 20
	particle_diameter: 1.0000000000000000
	interaction_length: 1.2000000000000000
	number_of_patches: 3
	number_of_particles_per_compound: 1
	rod_length: 1.0000000000000000
	interaction_matrix:  1.000000 1.000000 1.000000 1.000000 1.000000 1.000000 1.000000 1.000000 1.000000
	patch_type: symmetric
	patch_width: 8.0000000000000000
	patch_angle: 0.0000000000000000
	angles:  0.000000 0.000000 0.000000
	grand_canonical: 0
	chemical_potential: 0.0000000000000000
box: 48.361037 48.361037
copy: 1.000000 1.000000
epsilon: 0.0145840000000000
end_epsilon: 0.0000000000000000
pressure: 0.0250010000000000
lambda: 0.0000000000000000
lambda_coupling: 1.0000000000000000
uy: 0.0000000000000000
maximum_displacement: 1.0000000000000000
maximum_rotation: 1.0000000000000000
maximum_volume: 1.0000000000000000
maximum_shape: 0.0000001000000000
maximum_dsigma: 0.0100000000000000
mod: 10
pmod: 10
optimize: 1
verbose: 1
snapshot: 0
display: 1
explore: 1
npt: 1
nptxy: 0
nptdxdy: 0
shape: 0
seed: 920350
67.848350241056 30.270650956613 0.866025403784 -0.500000000000
293.631375757874 -200.456819241891 0.866025403784 -0.500000000000
-248.758152202060 -102.131124754811 0.000000000000 1.000000000000
-91.265378472863 23.137603525200 0.866025403784 -0.500000000000
-168.898208489696 -109.166603441131 0.866025403784 0.500000000000
234.719053490245 408.385732677728 0.866025403784 0.500000000000
-81.103779450403 -120.835592342833 0.866025403784 -0.500000000000
-286.183911852179 -314.692274988363 0.000000000000 1.000000000000
206.802680557558 -266.153257760027 0.000000000000 1.000000000000
53.210462666404 33.251239269487 0.000000000000 1.000000000000
65.256765971381 372.440578020324 0.866025403784 -0.500000000000
-218.929108531493 -103.167385251299 0.866025403784 0.500000000000
43.153255403494 -57.193716667804 0.000000000000 1.000000000000
266.746022810788 27.825936689183 0.866025403784 0.500000000000
41.997232642086 229.171400640713 0.866025403784 -0.500000000000
-182.078904412288 -87.392443354228 0.000000000000 1.000000000000
-90.906575821407 -55.184952432174 0.866025403784 0.500000000000
-211.520069217398 -176.985591900501 0.866025403784 0.500000000000
63.749199148920 163.109102581578 0.000000000000 1.000000000000
-76.900341156968 -26.533474718953 0.000000000000 1.000000000000
