#Configurational_file created 2018-09-14 11:59:39  started 2018-09-14 11:59:38 run for 1.0s steps 0
name: p_803
step: 10000
specie: 20
	particle_diameter: 1.0000000000000000
	interaction_length: 1.2000000000000000
	number_of_patches: 3
	number_of_particles_per_compound: 1
	rod_length: 1.0000000000000000
	interaction_matrix:  1.000000 1.000000 1.000000 1.000000 1.000000 1.000000 1.000000 1.000000 1.000000
	patch_type: symmetric
	patch_width: 8.0000000000000000
	patch_angle: 0.0000000000000000
	angles:  0.000000 0.000000 0.000000
	grand_canonical: 0
	chemical_potential: 0.0000000000000000
box: 40.302042 40.302042
copy: 1.000000 1.000000
epsilon: 0.0145840000000000
end_epsilon: 0.0000000000000000
pressure: 0.0083340000000000
lambda: 0.0000000000000000
lambda_coupling: 1.0000000000000000
uy: 0.0000000000000000
maximum_displacement: 1.0000000000000000
maximum_rotation: 1.0000000000000000
maximum_volume: 1.0000000000000000
maximum_shape: 0.0000001000000000
maximum_dsigma: 0.0100000000000000
mod: 10
pmod: 10
optimize: 1
verbose: 1
snapshot: 0
display: 1
explore: 1
npt: 1
nptxy: 0
nptdxdy: 0
shape: 0
seed: 915802
-86.067534276981 -119.277763270257 0.866025403784 -0.500000000000
-2.652194276107 -34.705927389217 0.866025403784 0.500000000000
-55.896194954022 -115.658335475225 0.866025403784 -0.500000000000
-24.659020875773 -131.489531210937 0.000000000000 1.000000000000
69.279938334902 -38.171015974656 0.000000000000 1.000000000000
-36.125868341920 -110.001925750227 0.866025403784 0.500000000000
36.080648066265 20.139339527988 0.866025403784 -0.500000000000
-94.412616330660 362.440791229930 0.866025403784 -0.500000000000
-113.279562074771 -104.814720384070 0.866025403784 -0.500000000000
26.226361243285 90.552803358286 0.866025403784 0.500000000000
140.788651356111 -58.205060646870 0.000000000000 1.000000000000
-54.934666254631 -62.033031409925 0.866025403784 0.500000000000
54.903822678910 102.947054955877 0.866025403784 -0.500000000000
-44.617299520653 159.024582570020 0.866025403784 0.500000000000
-114.942880611224 -19.250910656471 0.866025403784 0.500000000000
-0.494498042315 24.569781919637 0.866025403784 -0.500000000000
-184.385523732323 145.584678681747 0.000000000000 1.000000000000
-66.958393655826 0.861628143130 0.000000000000 1.000000000000
-96.682424020099 -121.161505193995 0.000000000000 1.000000000000
131.394705280058 35.289121303601 0.866025403784 -0.500000000000
