#Configurational_file created 2018-09-14 12:20:23  started 2018-09-14 12:20:22 run for 1.0s steps 0
name: p_80
step: 10000
specie: 20
	particle_diameter: 1.0000000000000000
	interaction_length: 1.2000000000000000
	number_of_patches: 3
	number_of_particles_per_compound: 1
	rod_length: 1.0000000000000000
	interaction_matrix:  1.000000 1.000000 1.000000 1.000000 1.000000 1.000000 1.000000 1.000000 1.000000
	patch_type: symmetric
	patch_width: 8.0000000000000000
	patch_angle: 0.0000000000000000
	angles:  0.000000 0.000000 0.000000
	grand_canonical: 0
	chemical_potential: 0.0000000000000000
box: 13.076083 13.076083
copy: 1.000000 1.000000
epsilon: 1.1666669999999999
end_epsilon: 0.0000000000000000
pressure: 0.1000000000000000
lambda: 0.0000000000000000
lambda_coupling: 1.0000000000000000
uy: 0.0000000000000000
maximum_displacement: 1.0000000000000000
maximum_rotation: 1.0000000000000000
maximum_volume: 1.0000000000000000
maximum_shape: 0.0000001000000000
maximum_dsigma: 0.0100000000000000
mod: 10
pmod: 10
optimize: 1
verbose: 1
snapshot: 0
display: 1
explore: 1
npt: 1
nptxy: 0
nptdxdy: 0
shape: 0
seed: 93751
26.759982537570 49.627448360619 0.866025403784 -0.500000000000
-40.740467324376 25.673631413217 0.000000000000 1.000000000000
8.647514324175 81.678687302494 0.866025403784 0.500000000000
56.007893101147 46.336473179548 0.866025403784 -0.500000000000
46.717921253789 -64.349205989199 0.866025403784 0.500000000000
67.743266092933 7.308899888931 0.000000000000 1.000000000000
76.935497754559 -76.320096084767 0.866025403784 -0.500000000000
104.993415270137 147.639970370255 0.866025403784 0.500000000000
-21.458868903134 119.287787506589 0.866025403784 0.500000000000
73.990864273536 -56.481933869088 0.000000000000 1.000000000000
-68.729613592467 55.290849069624 0.866025403784 0.500000000000
-56.097723637980 -97.048307576655 0.000000000000 1.000000000000
-35.448779439560 14.627372902516 0.866025403784 -0.500000000000
56.905147945412 56.489903117173 0.000000000000 1.000000000000
89.203021651008 -194.725401091825 0.866025403784 0.500000000000
45.962340741713 -42.622121822129 0.866025403784 0.500000000000
56.454020785602 -56.351506799319 0.000000000000 1.000000000000
36.968637994838 31.220746742466 0.866025403784 -0.500000000000
86.798308046772 -158.799868790976 0.866025403784 0.500000000000
242.687400958171 -19.166987393393 0.000000000000 1.000000000000
