#Configurational_file created 2018-09-14 11:31:55  started 2018-09-14 11:31:55 run for 0.0s steps 0
name: p_802
step: 10000
specie: 20
	particle_diameter: 1.0000000000000000
	interaction_length: 1.2000000000000000
	number_of_patches: 3
	number_of_particles_per_compound: 1
	rod_length: 1.0000000000000000
	interaction_matrix:  1.000000 1.000000 1.000000 1.000000 1.000000 1.000000 1.000000 1.000000 1.000000
	patch_type: symmetric
	patch_width: 8.0000000000000000
	patch_angle: 0.0000000000000000
	angles:  0.000000 0.000000 0.000000
	grand_canonical: 0
	chemical_potential: 0.0000000000000000
box: 38.640583 38.640583
copy: 1.000000 1.000000
epsilon: 0.1459040000000000
end_epsilon: 0.0000000000000000
pressure: 0.0834290000000000
lambda: 0.0000000000000000
lambda_coupling: 1.0000000000000000
uy: 0.0000000000000000
maximum_displacement: 1.0000000000000000
maximum_rotation: 1.0000000000000000
maximum_volume: 1.0000000000000000
maximum_shape: 0.0000001000000000
maximum_dsigma: 0.0100000000000000
mod: 10
pmod: 10
optimize: 1
verbose: 1
snapshot: 0
display: 1
explore: 1
npt: 1
nptxy: 0
nptdxdy: 0
shape: 0
seed: 914665
6.242606226831 -87.425723246917 0.866025403784 -0.500000000000
-68.654115887156 -118.155002965131 0.000000000000 1.000000000000
190.731909267389 -40.414964863460 0.866025403784 0.500000000000
-170.550452228704 161.705320994638 0.866025403784 0.500000000000
-24.185026481284 -1.638304590036 0.000000000000 1.000000000000
153.591692109617 52.130447325614 0.866025403784 0.500000000000
-15.315603821409 243.538882557246 0.866025403784 -0.500000000000
160.092688283224 154.208282367758 0.866025403784 0.500000000000
-81.128991988053 -75.069052611812 0.000000000000 1.000000000000
203.484016337967 215.226907758834 0.866025403784 -0.500000000000
-260.072752902157 42.729785406314 0.866025403784 0.500000000000
-276.454158442571 -212.082847828320 0.866025403784 0.500000000000
-205.854922283532 258.676790170196 0.866025403784 -0.500000000000
33.610655856598 0.460667654744 0.866025403784 0.500000000000
78.353612020539 76.529028449204 0.000000000000 1.000000000000
394.338205384732 -122.832922699772 0.866025403784 0.500000000000
196.615010967971 -186.853592112243 0.866025403784 -0.500000000000
174.616727783519 74.888745297098 0.000000000000 1.000000000000
-128.433073169543 165.545909566094 0.866025403784 0.500000000000
-34.673878734059 16.224614644178 0.000000000000 1.000000000000
