#Configurational_file created 2018-09-14 11:59:41  started 2018-09-14 11:59:40 run for 1.0s steps 0
name: p_806
step: 10000
specie: 20
	particle_diameter: 1.0000000000000000
	interaction_length: 1.2000000000000000
	number_of_patches: 3
	number_of_particles_per_compound: 1
	rod_length: 1.0000000000000000
	interaction_matrix:  1.000000 1.000000 1.000000 1.000000 1.000000 1.000000 1.000000 1.000000 1.000000
	patch_type: symmetric
	patch_width: 8.0000000000000000
	patch_angle: 0.0000000000000000
	angles:  0.000000 0.000000 0.000000
	grand_canonical: 0
	chemical_potential: 0.0000000000000000
box: 45.328353 45.328353
copy: 1.000000 1.000000
epsilon: 0.0145840000000000
end_epsilon: 0.0000000000000000
pressure: 0.0208340000000000
lambda: 0.0000000000000000
lambda_coupling: 1.0000000000000000
uy: 0.0000000000000000
maximum_displacement: 1.0000000000000000
maximum_rotation: 1.0000000000000000
maximum_volume: 1.0000000000000000
maximum_shape: 0.0000001000000000
maximum_dsigma: 0.0100000000000000
mod: 10
pmod: 10
optimize: 1
verbose: 1
snapshot: 0
display: 1
explore: 1
npt: 1
nptxy: 0
nptdxdy: 0
shape: 0
seed: 919213
18.915693889437 117.053756853838 0.866025403784 0.500000000000
100.979275111970 22.931634982620 0.866025403784 -0.500000000000
509.666409416954 123.741252226570 0.866025403784 -0.500000000000
90.015943497878 110.576792983918 0.866025403784 0.500000000000
-24.244014860299 137.527768057175 0.000000000000 1.000000000000
-162.160457699400 24.330275768203 0.000000000000 1.000000000000
8.089108312368 62.124839044447 0.866025403784 -0.500000000000
30.299655978873 19.365256785471 0.000000000000 1.000000000000
-62.362492399376 -79.081058154143 0.866025403784 0.500000000000
93.844332811097 -272.982399703961 0.866025403784 -0.500000000000
168.166813024858 1.940454746091 0.866025403784 -0.500000000000
-2.098646841745 76.358952491660 0.866025403784 -0.500000000000
129.783526603353 -42.612057143401 0.866025403784 -0.500000000000
-162.419405332530 309.856113208554 0.866025403784 0.500000000000
-222.290000593083 -106.391985231457 0.866025403784 0.500000000000
107.496828509971 -251.592280171777 0.866025403784 -0.500000000000
143.231017590568 -32.827793197207 0.866025403784 0.500000000000
193.376061310783 65.544976988265 0.866025403784 -0.500000000000
452.326384006300 -64.821672794794 0.866025403784 -0.500000000000
5.417215142005 149.032628786996 0.000000000000 1.000000000000
