#Configurational_file created 2018-09-14 11:59:38  started 2018-09-14 11:59:37 run for 1.0s steps 0
name: p_802
step: 10000
specie: 20
	particle_diameter: 1.0000000000000000
	interaction_length: 1.2000000000000000
	number_of_patches: 3
	number_of_particles_per_compound: 1
	rod_length: 1.0000000000000000
	interaction_matrix:  1.000000 1.000000 1.000000 1.000000 1.000000 1.000000 1.000000 1.000000 1.000000
	patch_type: symmetric
	patch_width: 8.0000000000000000
	patch_angle: 0.0000000000000000
	angles:  0.000000 0.000000 0.000000
	grand_canonical: 0
	chemical_potential: 0.0000000000000000
box: 49.569142 49.569142
copy: 1.000000 1.000000
epsilon: 0.0145840000000000
end_epsilon: 0.0000000000000000
pressure: 0.0041680000000000
lambda: 0.0000000000000000
lambda_coupling: 1.0000000000000000
uy: 0.0000000000000000
maximum_displacement: 1.0000000000000000
maximum_rotation: 1.0000000000000000
maximum_volume: 1.0000000000000000
maximum_shape: 0.0000001000000000
maximum_dsigma: 0.0100000000000000
mod: 10
pmod: 10
optimize: 1
verbose: 1
snapshot: 0
display: 1
explore: 1
npt: 1
nptxy: 0
nptdxdy: 0
shape: 0
seed: 914665
110.279179882621 132.433428565455 0.866025403784 -0.500000000000
-156.485247267336 102.406309257104 0.866025403784 -0.500000000000
131.468972409366 42.065770478468 0.866025403784 -0.500000000000
-39.914292543390 -172.375563476092 0.866025403784 0.500000000000
313.816473603169 -187.487476610280 0.866025403784 0.500000000000
-0.479640958033 61.266505677886 0.866025403784 0.500000000000
-96.826178211340 244.008196568812 0.866025403784 -0.500000000000
258.300875895963 180.873561564475 0.866025403784 -0.500000000000
-48.942164769831 42.244281572025 0.866025403784 0.500000000000
-35.418969308400 -219.959848674884 0.866025403784 0.500000000000
-151.848230494619 83.868377171489 0.000000000000 1.000000000000
-5.200510739154 46.268811851191 0.000000000000 1.000000000000
-272.753919500140 -58.956313888026 0.866025403784 0.500000000000
195.851624241029 -57.418236237539 0.866025403784 -0.500000000000
481.436064950122 0.144096619325 0.000000000000 1.000000000000
86.717219920385 267.494240377357 0.866025403784 0.500000000000
291.118222392642 57.428786608395 0.000000000000 1.000000000000
27.645149865737 134.538402184184 0.866025403784 -0.500000000000
263.161367880508 108.577238261618 0.866025403784 -0.500000000000
258.126741541818 -20.767633588446 0.866025403784 -0.500000000000
