#Configurational_file created 2018-09-14 11:59:37  started 2018-09-14 11:59:37 run for 0.0s steps 0
name: p_801
step: 10000
specie: 20
	particle_diameter: 1.0000000000000000
	interaction_length: 1.2000000000000000
	number_of_patches: 3
	number_of_particles_per_compound: 1
	rod_length: 1.0000000000000000
	interaction_matrix:  1.000000 1.000000 1.000000 1.000000 1.000000 1.000000 1.000000 1.000000 1.000000
	patch_type: symmetric
	patch_width: 8.0000000000000000
	patch_angle: 0.0000000000000000
	angles:  0.000000 0.000000 0.000000
	grand_canonical: 0
	chemical_potential: 0.0000000000000000
box: 49.524308 49.524308
copy: 1.000000 1.000000
epsilon: 0.0145840000000000
end_epsilon: 0.0000000000000000
pressure: 0.0000010000000000
lambda: 0.0000000000000000
lambda_coupling: 1.0000000000000000
uy: 0.0000000000000000
maximum_displacement: 1.0000000000000000
maximum_rotation: 1.0000000000000000
maximum_volume: 1.0000000000000000
maximum_shape: 0.0000001000000000
maximum_dsigma: 0.0100000000000000
mod: 10
pmod: 10
optimize: 1
verbose: 1
snapshot: 0
display: 1
explore: 1
npt: 1
nptxy: 0
nptdxdy: 0
shape: 0
seed: 913528
-32.973072089558 78.957040538040 0.866025403784 -0.500000000000
-148.469782732463 304.898312892732 0.000000000000 1.000000000000
68.528844990644 -259.781581155442 0.866025403784 0.500000000000
316.418686473466 -28.570605284780 0.866025403784 -0.500000000000
-271.375113793764 22.207872717714 0.866025403784 0.500000000000
-200.794190650411 31.135548675705 0.866025403784 0.500000000000
-22.403315244222 -209.498266093150 0.866025403784 0.500000000000
382.479304433376 126.959787061282 0.000000000000 1.000000000000
-10.973067901626 -86.507990215742 0.000000000000 1.000000000000
21.854708529257 115.639230595026 0.866025403784 -0.500000000000
-105.092565119588 -110.786653864441 0.866025403784 0.500000000000
58.135581891645 -256.407043868363 0.866025403784 0.500000000000
2.647997805110 8.276559131932 0.000000000000 1.000000000000
-33.510914079791 380.739586375566 0.866025403784 0.500000000000
11.579291275333 -72.240282212984 0.866025403784 0.500000000000
-36.579820173778 225.176166445989 0.866025403784 0.500000000000
-27.394898182558 72.711798540456 0.866025403784 0.500000000000
129.591952800440 -123.865182927293 0.866025403784 0.500000000000
-22.177378823756 6.651406909307 0.866025403784 0.500000000000
-86.244598209827 149.092309447524 0.000000000000 1.000000000000
