#Configurational_file created 2018-09-14 11:59:40  started 2018-09-14 11:59:39 run for 1.0s steps 0
name: p_805
step: 10000
specie: 20
	particle_diameter: 1.0000000000000000
	interaction_length: 1.2000000000000000
	number_of_patches: 3
	number_of_particles_per_compound: 1
	rod_length: 1.0000000000000000
	interaction_matrix:  1.000000 1.000000 1.000000 1.000000 1.000000 1.000000 1.000000 1.000000 1.000000
	patch_type: symmetric
	patch_width: 8.0000000000000000
	patch_angle: 0.0000000000000000
	angles:  0.000000 0.000000 0.000000
	grand_canonical: 0
	chemical_potential: 0.0000000000000000
box: 43.685494 43.685494
copy: 1.000000 1.000000
epsilon: 0.0145840000000000
end_epsilon: 0.0000000000000000
pressure: 0.0166680000000000
lambda: 0.0000000000000000
lambda_coupling: 1.0000000000000000
uy: 0.0000000000000000
maximum_displacement: 1.0000000000000000
maximum_rotation: 1.0000000000000000
maximum_volume: 1.0000000000000000
maximum_shape: 0.0000001000000000
maximum_dsigma: 0.0100000000000000
mod: 10
pmod: 10
optimize: 1
verbose: 1
snapshot: 0
display: 1
explore: 1
npt: 1
nptxy: 0
nptdxdy: 0
shape: 0
seed: 918076
58.087729815377 103.146656095776 0.866025403784 -0.500000000000
251.110400748212 215.912774052912 0.866025403784 -0.500000000000
98.319785446462 1.285219157846 0.866025403784 0.500000000000
211.822300131281 -42.219073499631 0.000000000000 1.000000000000
131.082702816809 24.719951291800 0.866025403784 -0.500000000000
52.080650252689 -117.143596058489 0.866025403784 -0.500000000000
210.830589732462 -118.302760421756 0.866025403784 -0.500000000000
10.045037353029 -133.093962492533 0.866025403784 -0.500000000000
-97.978109730000 2.215714944194 0.866025403784 0.500000000000
140.822306146259 136.071348548324 0.866025403784 0.500000000000
109.378133310677 -126.243173382580 0.866025403784 0.500000000000
107.333656011267 -252.039330725793 0.000000000000 1.000000000000
144.905520593492 8.320175358300 0.866025403784 0.500000000000
186.678485704201 -239.843376135246 0.866025403784 0.500000000000
-9.514551920557 183.359987598673 0.000000000000 1.000000000000
-171.163179541322 -199.289181958067 0.866025403784 -0.500000000000
169.353282155364 169.920966863563 0.866025403784 0.500000000000
-115.196494730820 -35.584107460616 0.000000000000 1.000000000000
12.258995532598 25.018457145456 0.000000000000 1.000000000000
-116.521804714472 -264.643016472929 0.866025403784 0.500000000000
