#Configurational_file created 2018-09-14 11:59:43  started 2018-09-14 11:59:42 run for 1.0s steps 0
name: p_809
step: 10000
specie: 20
	particle_diameter: 1.0000000000000000
	interaction_length: 1.2000000000000000
	number_of_patches: 3
	number_of_particles_per_compound: 1
	rod_length: 1.0000000000000000
	interaction_matrix:  1.000000 1.000000 1.000000 1.000000 1.000000 1.000000 1.000000 1.000000 1.000000
	patch_type: symmetric
	patch_width: 8.0000000000000000
	patch_angle: 0.0000000000000000
	angles:  0.000000 0.000000 0.000000
	grand_canonical: 0
	chemical_potential: 0.0000000000000000
box: 46.399240 46.399240
copy: 1.000000 1.000000
epsilon: 0.0145840000000000
end_epsilon: 0.0000000000000000
pressure: 0.0333340000000000
lambda: 0.0000000000000000
lambda_coupling: 1.0000000000000000
uy: 0.0000000000000000
maximum_displacement: 1.0000000000000000
maximum_rotation: 1.0000000000000000
maximum_volume: 1.0000000000000000
maximum_shape: 0.0000001000000000
maximum_dsigma: 0.0100000000000000
mod: 10
pmod: 10
optimize: 1
verbose: 1
snapshot: 0
display: 1
explore: 1
npt: 1
nptxy: 0
nptdxdy: 0
shape: 0
seed: 922624
-21.154115906196 -62.997150041001 0.000000000000 1.000000000000
136.305670113307 52.638648324372 0.866025403784 0.500000000000
-36.672527084225 -290.007543099534 0.000000000000 1.000000000000
10.321594452871 65.440028039197 0.866025403784 -0.500000000000
-23.016774249052 -144.081680863294 0.866025403784 -0.500000000000
32.615549822496 -39.896024012967 0.866025403784 -0.500000000000
-135.940878844131 130.855809316909 0.000000000000 1.000000000000
-24.914422423888 100.518094593413 0.000000000000 1.000000000000
53.279345893007 147.613357118055 0.866025403784 -0.500000000000
655.069806442626 54.220525428678 0.000000000000 1.000000000000
-185.888034606842 256.352672979754 0.866025403784 -0.500000000000
-60.171381464123 -22.894426550692 0.866025403784 0.500000000000
255.186244300447 260.566172437698 0.000000000000 1.000000000000
-89.824862327772 16.885707074377 0.866025403784 -0.500000000000
129.806314862301 -16.637620704801 0.866025403784 -0.500000000000
242.904161534653 96.432697424781 0.000000000000 1.000000000000
-40.214944298357 -74.282288707448 0.866025403784 0.500000000000
67.462531757946 -153.701309536702 0.866025403784 0.500000000000
-237.250146291065 -61.754283689564 0.866025403784 0.500000000000
390.176457245221 165.940430572007 0.000000000000 1.000000000000
