#Configurational_file created 2018-09-14 11:59:42  started 2018-09-14 11:59:42 run for 0.0s steps 0
name: p_808
step: 10000
specie: 20
	particle_diameter: 1.0000000000000000
	interaction_length: 1.2000000000000000
	number_of_patches: 3
	number_of_particles_per_compound: 1
	rod_length: 1.0000000000000000
	interaction_matrix:  1.000000 1.000000 1.000000 1.000000 1.000000 1.000000 1.000000 1.000000 1.000000
	patch_type: symmetric
	patch_width: 8.0000000000000000
	patch_angle: 0.0000000000000000
	angles:  0.000000 0.000000 0.000000
	grand_canonical: 0
	chemical_potential: 0.0000000000000000
box: 50.791119 50.791119
copy: 1.000000 1.000000
epsilon: 0.0145840000000000
end_epsilon: 0.0000000000000000
pressure: 0.0291670000000000
lambda: 0.0000000000000000
lambda_coupling: 1.0000000000000000
uy: 0.0000000000000000
maximum_displacement: 1.0000000000000000
maximum_rotation: 1.0000000000000000
maximum_volume: 1.0000000000000000
maximum_shape: 0.0000001000000000
maximum_dsigma: 0.0100000000000000
mod: 10
pmod: 10
optimize: 1
verbose: 1
snapshot: 0
display: 1
explore: 1
npt: 1
nptxy: 0
nptdxdy: 0
shape: 0
seed: 921487
-12.705736855450 -310.112640598756 0.866025403784 -0.500000000000
-121.035079915617 -21.912761418853 0.000000000000 1.000000000000
4.379421458803 134.106049760637 0.866025403784 -0.500000000000
-48.473627697714 89.370382507066 0.866025403784 -0.500000000000
196.366146587637 -97.783884355598 0.000000000000 1.000000000000
270.519815703883 65.536949150400 0.866025403784 0.500000000000
258.999185125844 -148.967983234289 0.000000000000 1.000000000000
-107.479497237634 280.815301501913 0.866025403784 0.500000000000
-126.688163915741 -64.009702433098 0.000000000000 1.000000000000
-60.317142546631 80.132880343630 0.866025403784 -0.500000000000
159.806590528903 -261.854224829129 0.000000000000 1.000000000000
95.657439322713 -223.414470408646 0.000000000000 1.000000000000
11.174944027912 -238.247381795546 0.000000000000 1.000000000000
-185.778147998910 -85.181253659968 0.000000000000 1.000000000000
-181.810322739404 -246.280246966952 0.866025403784 -0.500000000000
-259.715795111400 -28.485215895255 0.866025403784 -0.500000000000
-51.613991895780 -130.754406035689 0.866025403784 -0.500000000000
-43.896694796412 173.542400465495 0.866025403784 0.500000000000
-118.557393612222 236.930777012640 0.866025403784 0.500000000000
20.039341359428 194.595286693890 0.866025403784 0.500000000000
