#Configurational_file created 2018-09-14 11:59:37  started 2018-09-14 11:59:36 run for 1.0s steps 0
name: p_800
step: 10000
specie: 20
	particle_diameter: 1.0000000000000000
	interaction_length: 1.2000000000000000
	number_of_patches: 3
	number_of_particles_per_compound: 1
	rod_length: 1.0000000000000000
	interaction_matrix:  1.000000 1.000000 1.000000 1.000000 1.000000 1.000000 1.000000 1.000000 1.000000
	patch_type: symmetric
	patch_width: 8.0000000000000000
	patch_angle: 0.0000000000000000
	angles:  0.000000 0.000000 0.000000
	grand_canonical: 0
	chemical_potential: 0.0000000000000000
box: 51.351440 51.351440
copy: 1.000000 1.000000
epsilon: 0.0125010000000000
end_epsilon: 0.0000000000000000
pressure: 0.1000000000000000
lambda: 0.0000000000000000
lambda_coupling: 1.0000000000000000
uy: 0.0000000000000000
maximum_displacement: 1.0000000000000000
maximum_rotation: 1.0000000000000000
maximum_volume: 1.0000000000000000
maximum_shape: 0.0000001000000000
maximum_dsigma: 0.0100000000000000
mod: 10
pmod: 10
optimize: 1
verbose: 1
snapshot: 0
display: 1
explore: 1
npt: 1
nptxy: 0
nptdxdy: 0
shape: 0
seed: 912391
-189.040814325637 214.319748546847 0.866025403784 0.500000000000
-4.453168690870 -240.796416142880 0.000000000000 1.000000000000
216.401915596433 -32.106841470155 0.866025403784 -0.500000000000
-206.450112482829 -222.719857359158 0.000000000000 1.000000000000
47.931711515468 132.641736029709 0.866025403784 -0.500000000000
8.520320724944 -182.563873532784 0.866025403784 0.500000000000
-147.381003555739 218.246237773939 0.000000000000 1.000000000000
135.004020290964 200.468971101237 0.866025403784 0.500000000000
-124.726885771263 -212.316988266152 0.866025403784 0.500000000000
70.768117790687 124.605108228025 0.866025403784 -0.500000000000
171.118076356163 -243.662109782814 0.866025403784 -0.500000000000
229.507220050798 -45.862439213685 0.000000000000 1.000000000000
241.469344615704 31.504235417847 0.000000000000 1.000000000000
-162.224456237438 102.893927042119 0.000000000000 1.000000000000
125.532186038455 115.677993489093 0.866025403784 -0.500000000000
84.333312245022 72.391269253490 0.866025403784 -0.500000000000
-155.845821817398 226.545737948381 0.866025403784 -0.500000000000
-12.470577897834 2.121643285352 0.000000000000 1.000000000000
-105.649151729240 57.654637586941 0.866025403784 -0.500000000000
94.014609011231 -291.080046810083 0.000000000000 1.000000000000
