#Configurational_file created 2018-09-14 11:31:56  started 2018-09-14 11:31:55 run for 1.0s steps 0
name: p_803
step: 10000
specie: 20
	particle_diameter: 1.0000000000000000
	interaction_length: 1.2000000000000000
	number_of_patches: 3
	number_of_particles_per_compound: 1
	rod_length: 1.0000000000000000
	interaction_matrix:  1.000000 1.000000 1.000000 1.000000 1.000000 1.000000 1.000000 1.000000 1.000000
	patch_type: symmetric
	patch_width: 8.0000000000000000
	patch_angle: 0.0000000000000000
	angles:  0.000000 0.000000 0.000000
	grand_canonical: 0
	chemical_potential: 0.0000000000000000
box: 34.175776 34.175776
copy: 1.000000 1.000000
epsilon: 0.1459040000000000
end_epsilon: 0.0000000000000000
pressure: 0.1667580000000000
lambda: 0.0000000000000000
lambda_coupling: 1.0000000000000000
uy: 0.0000000000000000
maximum_displacement: 1.0000000000000000
maximum_rotation: 1.0000000000000000
maximum_volume: 1.0000000000000000
maximum_shape: 0.0000001000000000
maximum_dsigma: 0.0100000000000000
mod: 10
pmod: 10
optimize: 1
verbose: 1
snapshot: 0
display: 1
explore: 1
npt: 1
nptxy: 0
nptdxdy: 0
shape: 0
seed: 915802
45.708450346416 244.434493519922 0.866025403784 -0.500000000000
242.600957846122 -136.239775309064 0.000000000000 1.000000000000
-196.694135189910 -173.016970427481 0.866025403784 -0.500000000000
269.174682833001 54.248177047193 0.000000000000 1.000000000000
-1.781910226460 -15.938650578599 0.866025403784 -0.500000000000
-126.517796571527 -323.462423025613 0.866025403784 0.500000000000
-92.991293709294 166.993076220437 0.000000000000 1.000000000000
213.284425631983 144.147800958879 0.000000000000 1.000000000000
-163.784744274155 127.128848208349 0.866025403784 -0.500000000000
109.835916782290 -0.154622061455 0.866025403784 0.500000000000
179.624052437780 -45.151892754001 0.000000000000 1.000000000000
82.461756061411 172.997955307241 0.866025403784 0.500000000000
-298.419749897189 106.394028214974 0.866025403784 0.500000000000
-248.072493643852 260.882696300540 0.866025403784 0.500000000000
279.053683145460 -77.516053710917 0.866025403784 -0.500000000000
-34.169986404350 -93.452761498428 0.866025403784 -0.500000000000
-152.709597442742 -89.352125664751 0.866025403784 0.500000000000
52.908963954389 -79.539802213152 0.866025403784 0.500000000000
-128.246612592263 231.386519528316 0.866025403784 -0.500000000000
-181.167489030131 -105.176404292921 0.866025403784 0.500000000000
