#Configurational_file created 2018-09-11 17:04:36  started 2018-09-11 17:04:35 run for 1.0s steps 0
name: p_81
step: 10000
specie: 20
	particle_diameter: 1.0000000000000000
	interaction_length: 1.2000000000000000
	number_of_patches: 3
	number_of_particles_per_compound: 1
	rod_length: 1.0000000000000000
	interaction_matrix:  1.000000 1.000000 1.000000 1.000000 1.000000 1.000000 1.000000 1.000000 1.000000
	patch_type: symmetric
	patch_width: 8.0000000000000000
	patch_angle: 0.0000000000000000
	angles:  0.000000 0.000000 0.000000
	grand_canonical: 0
	chemical_potential: 0.0000000000000000
box: 8.488300 8.488300
copy: 1.000000 1.000000
epsilon: 0.5000000000000000
end_epsilon: 0.0000000000000000
pressure: 1.0000500000000001
lambda: 0.0000000000000000
lambda_coupling: 1.0000000000000000
uy: 0.0000000000000000
maximum_displacement: 1.0000000000000000
maximum_rotation: 1.0000000000000000
maximum_volume: 0.7124480000000000
maximum_shape: 0.0000001000000000
maximum_dsigma: 0.0100000000000000
mod: 10
pmod: 10
optimize: 1
verbose: 1
snapshot: 0
display: 1
explore: 1
npt: 1
nptxy: 0
nptdxdy: 0
shape: 0
seed: 94967
31.497629082243 124.866853000224 0.866025403784 -0.500000000000
-27.807590821520 -6.241617991604 0.866025403784 0.500000000000
-44.017139082794 -131.226072205832 0.866025403784 -0.500000000000
-170.517271429038 -122.177364388579 0.000000000000 1.000000000000
21.483874552342 -96.796066477521 0.866025403784 -0.500000000000
-8.762555870849 87.823117808809 0.000000000000 1.000000000000
-29.536123479161 8.005791476908 0.866025403784 -0.500000000000
-40.997280391518 25.327435541223 0.000000000000 1.000000000000
23.813431307866 -51.245450876907 0.866025403784 -0.500000000000
23.001282472396 3.174231811255 0.866025403784 -0.500000000000
-78.751686860968 -119.898650385659 0.866025403784 -0.500000000000
53.307891650271 37.971325158766 0.000000000000 1.000000000000
-66.552151194919 -114.184420375358 0.000000000000 1.000000000000
-76.061573584983 -171.737835243960 0.000000000000 1.000000000000
61.129423670995 -23.036946588381 0.000000000000 1.000000000000
62.825243237882 -119.268189822854 0.866025403784 0.500000000000
41.376786620872 26.761031184660 0.866025403784 0.500000000000
-22.856299810869 -32.942141185003 0.000000000000 1.000000000000
-33.991113662624 -34.428476531496 0.000000000000 1.000000000000
-38.230468713877 -39.233811234433 0.866025403784 -0.500000000000
