#Configurational_file created 2018-09-14 11:32:01  started 2018-09-14 11:32:00 run for 1.0s steps 0
name: p_810
step: 10000
specie: 20
	particle_diameter: 1.0000000000000000
	interaction_length: 1.2000000000000000
	number_of_patches: 3
	number_of_particles_per_compound: 1
	rod_length: 1.0000000000000000
	interaction_matrix:  1.000000 1.000000 1.000000 1.000000 1.000000 1.000000 1.000000 1.000000 1.000000
	patch_type: symmetric
	patch_width: 8.0000000000000000
	patch_angle: 0.0000000000000000
	angles:  0.000000 0.000000 0.000000
	grand_canonical: 0
	chemical_potential: 0.0000000000000000
box: 16.489734 16.489734
copy: 1.000000 1.000000
epsilon: 0.1459040000000000
end_epsilon: 0.0000000000000000
pressure: 0.7500620000000000
lambda: 0.0000000000000000
lambda_coupling: 1.0000000000000000
uy: 0.0000000000000000
maximum_displacement: 1.0000000000000000
maximum_rotation: 1.0000000000000000
maximum_volume: 1.0000000000000000
maximum_shape: 0.0000001000000000
maximum_dsigma: 0.0100000000000000
mod: 10
pmod: 10
optimize: 1
verbose: 1
snapshot: 0
display: 1
explore: 1
npt: 1
nptxy: 0
nptdxdy: 0
shape: 0
seed: 923761
69.167023110683 -30.796951936078 0.000000000000 1.000000000000
-29.004362438100 -11.093234399103 0.866025403784 0.500000000000
97.597153177304 15.732255227745 0.866025403784 -0.500000000000
51.318425603980 -22.666176579337 0.866025403784 0.500000000000
71.398857928051 4.263820056567 0.866025403784 -0.500000000000
0.216830122917 104.021013881981 0.866025403784 -0.500000000000
209.928751186831 -20.460719464674 0.000000000000 1.000000000000
139.522599531919 82.350298992371 0.000000000000 1.000000000000
-148.136929298223 102.158842432202 0.866025403784 -0.500000000000
-162.170324908852 -5.609957647864 0.866025403784 -0.500000000000
146.977136422965 54.443808082167 0.000000000000 1.000000000000
-74.718106733988 -15.823448961185 0.866025403784 0.500000000000
-19.727855941869 -151.613359665607 0.866025403784 -0.500000000000
-28.495813341013 -89.309378509747 0.866025403784 0.500000000000
-38.863431245364 -76.919299566250 0.866025403784 -0.500000000000
-94.963635671108 41.069390021630 0.866025403784 0.500000000000
58.221361966475 61.699595254124 0.000000000000 1.000000000000
227.529846663948 -79.362448456268 0.866025403784 0.500000000000
5.292238687281 -50.976485304854 0.866025403784 0.500000000000
70.995434680915 -121.197590316050 0.866025403784 -0.500000000000
