#Configurational_file created 2018-09-14 11:59:51  started 2018-09-14 11:59:50 run for 1.0s steps 0
name: p_819
step: 10000
specie: 20
	particle_diameter: 1.0000000000000000
	interaction_length: 1.2000000000000000
	number_of_patches: 3
	number_of_particles_per_compound: 1
	rod_length: 1.0000000000000000
	interaction_matrix:  1.000000 1.000000 1.000000 1.000000 1.000000 1.000000 1.000000 1.000000 1.000000
	patch_type: symmetric
	patch_width: 8.0000000000000000
	patch_angle: 0.0000000000000000
	angles:  0.000000 0.000000 0.000000
	grand_canonical: 0
	chemical_potential: 0.0000000000000000
box: 44.392046 44.392046
copy: 1.000000 1.000000
epsilon: 0.0145840000000000
end_epsilon: 0.0000000000000000
pressure: 0.0750000000000000
lambda: 0.0000000000000000
lambda_coupling: 1.0000000000000000
uy: 0.0000000000000000
maximum_displacement: 1.0000000000000000
maximum_rotation: 1.0000000000000000
maximum_volume: 1.0000000000000000
maximum_shape: 0.0000001000000000
maximum_dsigma: 0.0100000000000000
mod: 10
pmod: 10
optimize: 1
verbose: 1
snapshot: 0
display: 1
explore: 1
npt: 1
nptxy: 0
nptdxdy: 0
shape: 0
seed: 933994
161.265459539402 145.564725568341 0.866025403784 -0.500000000000
45.099680090821 96.652173806624 0.866025403784 0.500000000000
57.150220358301 41.721435332056 0.000000000000 1.000000000000
61.851412234675 204.389800587721 0.866025403784 0.500000000000
119.036115385281 -9.823250646105 0.866025403784 0.500000000000
121.556873038332 -32.588722700373 0.866025403784 0.500000000000
-74.619288215182 63.523125366416 0.866025403784 0.500000000000
-291.167885518872 107.018707157126 0.000000000000 1.000000000000
20.179256293226 98.249949331197 0.866025403784 -0.500000000000
10.173232151663 245.516538343634 0.866025403784 0.500000000000
218.080142031873 154.372350578318 0.866025403784 -0.500000000000
-177.187370822293 346.426316951746 0.866025403784 0.500000000000
245.954826892381 -22.370170091175 0.866025403784 -0.500000000000
257.532802919895 173.251056420366 0.866025403784 -0.500000000000
54.676502433854 235.173368472372 0.000000000000 1.000000000000
-9.955757082916 12.006064686187 0.866025403784 0.500000000000
-207.730237613275 13.774293365427 0.866025403784 -0.500000000000
52.160388796705 -220.283773950524 0.000000000000 1.000000000000
105.200086645500 219.650947094570 0.866025403784 0.500000000000
-7.878830592676 154.145069737556 0.000000000000 1.000000000000
