#Configurational_file created 2018-09-14 11:32:03  started 2018-09-14 11:32:02 run for 1.0s steps 0
name: p_813
step: 10000
specie: 20
	particle_diameter: 1.0000000000000000
	interaction_length: 1.2000000000000000
	number_of_patches: 3
	number_of_particles_per_compound: 1
	rod_length: 1.0000000000000000
	interaction_matrix:  1.000000 1.000000 1.000000 1.000000 1.000000 1.000000 1.000000 1.000000 1.000000
	patch_type: symmetric
	patch_width: 8.0000000000000000
	patch_angle: 0.0000000000000000
	angles:  0.000000 0.000000 0.000000
	grand_canonical: 0
	chemical_potential: 0.0000000000000000
box: 11.931434 11.931434
copy: 1.000000 1.000000
epsilon: 0.1459040000000000
end_epsilon: 0.0000000000000000
pressure: 1.0000500000000001
lambda: 0.0000000000000000
lambda_coupling: 1.0000000000000000
uy: 0.0000000000000000
maximum_displacement: 1.0000000000000000
maximum_rotation: 1.0000000000000000
maximum_volume: 1.0000000000000000
maximum_shape: 0.0000001000000000
maximum_dsigma: 0.0100000000000000
mod: 10
pmod: 10
optimize: 1
verbose: 1
snapshot: 0
display: 1
explore: 1
npt: 1
nptxy: 0
nptdxdy: 0
shape: 0
seed: 927172
184.550364317267 -79.156548108935 0.866025403784 -0.500000000000
-102.279193072229 95.113659442377 0.000000000000 1.000000000000
167.827949977382 -92.996445783392 0.000000000000 1.000000000000
107.565570090921 30.919448022157 0.866025403784 0.500000000000
-92.065758198321 -44.947383835397 0.866025403784 0.500000000000
80.580914496507 141.737378140383 0.000000000000 1.000000000000
-54.033774882845 1.938727807825 0.000000000000 1.000000000000
175.276923656457 -1.196561203921 0.866025403784 0.500000000000
71.776045885233 -58.049340861870 0.000000000000 1.000000000000
97.647563109302 78.998131950336 0.866025403784 0.500000000000
91.588159973743 50.970178679693 0.866025403784 -0.500000000000
30.998190428798 -158.666417798603 0.866025403784 -0.500000000000
153.201798810932 -7.452762481477 0.866025403784 -0.500000000000
118.409996240897 61.549231415167 0.866025403784 -0.500000000000
-13.702556305106 -96.105099780657 0.866025403784 0.500000000000
121.725531540089 5.924222402648 0.000000000000 1.000000000000
92.206844709299 65.596980943832 0.000000000000 1.000000000000
-51.329542314904 38.548776142964 0.866025403784 0.500000000000
270.440157837558 108.423364109386 0.866025403784 0.500000000000
-58.177556460401 57.157239583884 0.000000000000 1.000000000000
