#Configurational_file created 2018-09-14 11:59:44  started 2018-09-14 11:59:43 run for 1.0s steps 0
name: p_810
step: 10000
specie: 20
	particle_diameter: 1.0000000000000000
	interaction_length: 1.2000000000000000
	number_of_patches: 3
	number_of_particles_per_compound: 1
	rod_length: 1.0000000000000000
	interaction_matrix:  1.000000 1.000000 1.000000 1.000000 1.000000 1.000000 1.000000 1.000000 1.000000
	patch_type: symmetric
	patch_width: 8.0000000000000000
	patch_angle: 0.0000000000000000
	angles:  0.000000 0.000000 0.000000
	grand_canonical: 0
	chemical_potential: 0.0000000000000000
box: 46.628359 46.628359
copy: 1.000000 1.000000
epsilon: 0.0145840000000000
end_epsilon: 0.0000000000000000
pressure: 0.0375010000000000
lambda: 0.0000000000000000
lambda_coupling: 1.0000000000000000
uy: 0.0000000000000000
maximum_displacement: 1.0000000000000000
maximum_rotation: 1.0000000000000000
maximum_volume: 1.0000000000000000
maximum_shape: 0.0000001000000000
maximum_dsigma: 0.0100000000000000
mod: 10
pmod: 10
optimize: 1
verbose: 1
snapshot: 0
display: 1
explore: 1
npt: 1
nptxy: 0
nptdxdy: 0
shape: 0
seed: 923761
107.709614384960 -162.637534157521 0.866025403784 0.500000000000
-24.106150999281 -131.191921661221 0.866025403784 -0.500000000000
490.145381983416 158.992614106406 0.000000000000 1.000000000000
10.017500210605 -96.889675001369 0.000000000000 1.000000000000
77.892487761110 -98.566408642775 0.866025403784 -0.500000000000
98.928497288651 74.169110004911 0.866025403784 -0.500000000000
-43.503855890650 -69.860680893277 0.000000000000 1.000000000000
56.622016702083 314.805853249790 0.866025403784 -0.500000000000
20.098155596492 78.567428905589 0.000000000000 1.000000000000
215.083951233737 196.144887518205 0.866025403784 0.500000000000
-195.659645126826 99.185052051953 0.866025403784 0.500000000000
407.007404110207 -8.161531271422 0.866025403784 0.500000000000
-14.823507879642 -169.329641433900 0.866025403784 -0.500000000000
606.804951043551 -15.973414961069 0.866025403784 0.500000000000
-258.992409116249 -84.807511971540 0.866025403784 -0.500000000000
88.774384601433 -100.959034237143 0.866025403784 0.500000000000
197.322389183447 -42.332912293173 0.866025403784 -0.500000000000
204.877555181439 53.742367904174 0.866025403784 0.500000000000
148.513512603327 57.409538974744 0.866025403784 -0.500000000000
263.492181959017 -146.530192967463 0.866025403784 0.500000000000
