#Configurational_file created 2018-09-14 11:59:50  started 2018-09-14 11:59:49 run for 1.0s steps 0
name: p_818
step: 10000
specie: 20
	particle_diameter: 1.0000000000000000
	interaction_length: 1.2000000000000000
	number_of_patches: 3
	number_of_particles_per_compound: 1
	rod_length: 1.0000000000000000
	interaction_matrix:  1.000000 1.000000 1.000000 1.000000 1.000000 1.000000 1.000000 1.000000 1.000000
	patch_type: symmetric
	patch_width: 8.0000000000000000
	patch_angle: 0.0000000000000000
	angles:  0.000000 0.000000 0.000000
	grand_canonical: 0
	chemical_potential: 0.0000000000000000
box: 46.911442 46.911442
copy: 1.000000 1.000000
epsilon: 0.0145840000000000
end_epsilon: 0.0000000000000000
pressure: 0.0708340000000000
lambda: 0.0000000000000000
lambda_coupling: 1.0000000000000000
uy: 0.0000000000000000
maximum_displacement: 1.0000000000000000
maximum_rotation: 1.0000000000000000
maximum_volume: 1.0000000000000000
maximum_shape: 0.0000001000000000
maximum_dsigma: 0.0100000000000000
mod: 10
pmod: 10
optimize: 1
verbose: 1
snapshot: 0
display: 1
explore: 1
npt: 1
nptxy: 0
nptdxdy: 0
shape: 0
seed: 932857
179.581268634110 -105.569573503403 0.866025403784 0.500000000000
-32.575528386127 107.172768038800 0.000000000000 1.000000000000
-173.092234100428 -117.842796907236 0.866025403784 0.500000000000
314.571405401953 -195.670024612690 0.866025403784 -0.500000000000
59.494628363672 -26.665542275277 0.866025403784 0.500000000000
153.950361686441 -142.520982313163 0.866025403784 -0.500000000000
1.622973989579 28.569275453896 0.000000000000 1.000000000000
-297.296375072281 154.226229206232 0.000000000000 1.000000000000
-111.245124484124 -2.245657971777 0.866025403784 0.500000000000
170.921357180334 202.479458748936 0.866025403784 -0.500000000000
122.111089185342 -137.514676603764 0.000000000000 1.000000000000
129.332666826358 223.849673290198 0.000000000000 1.000000000000
-173.468335913299 -3.936430946058 0.866025403784 0.500000000000
48.177219874755 198.938991131202 0.866025403784 -0.500000000000
177.478979207886 -46.638811457040 0.866025403784 0.500000000000
-294.708881148380 37.575757054549 0.866025403784 0.500000000000
116.176472794870 -124.736011454947 0.866025403784 -0.500000000000
185.628211280772 -48.751161553775 0.866025403784 0.500000000000
55.907574216649 348.552994456719 0.000000000000 1.000000000000
31.437096063953 287.774015317610 0.866025403784 0.500000000000
