#Configurational_file created 2018-09-14 11:59:46  started 2018-09-14 11:59:45 run for 1.0s steps 0
name: p_813
step: 10000
specie: 20
	particle_diameter: 1.0000000000000000
	interaction_length: 1.2000000000000000
	number_of_patches: 3
	number_of_particles_per_compound: 1
	rod_length: 1.0000000000000000
	interaction_matrix:  1.000000 1.000000 1.000000 1.000000 1.000000 1.000000 1.000000 1.000000 1.000000
	patch_type: symmetric
	patch_width: 8.0000000000000000
	patch_angle: 0.0000000000000000
	angles:  0.000000 0.000000 0.000000
	grand_canonical: 0
	chemical_potential: 0.0000000000000000
box: 49.656631 49.656631
copy: 1.000000 1.000000
epsilon: 0.0145840000000000
end_epsilon: 0.0000000000000000
pressure: 0.0500010000000000
lambda: 0.0000000000000000
lambda_coupling: 1.0000000000000000
uy: 0.0000000000000000
maximum_displacement: 1.0000000000000000
maximum_rotation: 1.0000000000000000
maximum_volume: 1.0000000000000000
maximum_shape: 0.0000001000000000
maximum_dsigma: 0.0100000000000000
mod: 10
pmod: 10
optimize: 1
verbose: 1
snapshot: 0
display: 1
explore: 1
npt: 1
nptxy: 0
nptdxdy: 0
shape: 0
seed: 927172
237.848801857423 168.943913112470 0.866025403784 0.500000000000
127.515514342297 224.817495106273 0.000000000000 1.000000000000
-159.347898383361 36.992583804058 0.866025403784 -0.500000000000
-181.996321975719 192.101478972596 0.866025403784 0.500000000000
31.396618349920 -173.176503536793 0.000000000000 1.000000000000
211.172726353239 -10.996183355096 0.866025403784 -0.500000000000
7.561751859461 212.806399443416 0.866025403784 -0.500000000000
11.536881944373 -99.535677100959 0.866025403784 -0.500000000000
166.043153471751 124.178950331373 0.866025403784 0.500000000000
152.427279190722 8.186116942935 0.000000000000 1.000000000000
-136.107125174028 -163.907442500696 0.866025403784 -0.500000000000
50.204542246482 -224.371570492344 0.866025403784 0.500000000000
-58.223104077323 65.406487826098 0.000000000000 1.000000000000
32.877885154521 170.916955385584 0.000000000000 1.000000000000
99.724794292170 22.454265356867 0.866025403784 0.500000000000
114.010680297746 35.177674006457 0.866025403784 0.500000000000
-97.799890457319 -66.423201894135 0.866025403784 0.500000000000
-525.264760731786 34.612329739749 0.000000000000 1.000000000000
2.248884100538 168.640014833828 0.866025403784 -0.500000000000
3.454803551607 267.094821015554 0.866025403784 -0.500000000000
