#Configurational_file created 2018-09-14 11:59:48  started 2018-09-14 11:59:47 run for 1.0s steps 0
name: p_815
step: 10000
specie: 20
	particle_diameter: 1.0000000000000000
	interaction_length: 1.2000000000000000
	number_of_patches: 3
	number_of_particles_per_compound: 1
	rod_length: 1.0000000000000000
	interaction_matrix:  1.000000 1.000000 1.000000 1.000000 1.000000 1.000000 1.000000 1.000000 1.000000
	patch_type: symmetric
	patch_width: 8.0000000000000000
	patch_angle: 0.0000000000000000
	angles:  0.000000 0.000000 0.000000
	grand_canonical: 0
	chemical_potential: 0.0000000000000000
box: 48.740975 48.740975
copy: 1.000000 1.000000
epsilon: 0.0145840000000000
end_epsilon: 0.0000000000000000
pressure: 0.0583340000000000
lambda: 0.0000000000000000
lambda_coupling: 1.0000000000000000
uy: 0.0000000000000000
maximum_displacement: 1.0000000000000000
maximum_rotation: 1.0000000000000000
maximum_volume: 1.0000000000000000
maximum_shape: 0.0000001000000000
maximum_dsigma: 0.0100000000000000
mod: 10
pmod: 10
optimize: 1
verbose: 1
snapshot: 0
display: 1
explore: 1
npt: 1
nptxy: 0
nptdxdy: 0
shape: 0
seed: 929446
2.185659809553 51.438926946233 0.866025403784 -0.500000000000
-105.674481931498 308.872252798582 0.866025403784 0.500000000000
323.778343015259 122.747486110325 0.866025403784 -0.500000000000
49.973550990768 138.900298547984 0.866025403784 -0.500000000000
68.958463709548 -172.811542197381 0.866025403784 -0.500000000000
99.859683289049 -232.731628483446 0.866025403784 0.500000000000
-161.633882233632 -189.399709150176 0.866025403784 0.500000000000
58.616301540305 -75.264572121318 0.866025403784 0.500000000000
-34.908625241175 324.830464501984 0.000000000000 1.000000000000
36.167206322039 121.875825891188 0.000000000000 1.000000000000
189.647696346544 100.639007581372 0.000000000000 1.000000000000
-19.547606529467 278.199171899160 0.866025403784 0.500000000000
67.567703072307 -203.534062530924 0.866025403784 -0.500000000000
112.529025881616 19.467924295071 0.000000000000 1.000000000000
17.989877179240 -225.691669865108 0.000000000000 1.000000000000
-210.976855006977 180.443654524043 0.000000000000 1.000000000000
254.773584312768 -168.845734215357 0.000000000000 1.000000000000
-113.826609529345 111.179758724577 0.866025403784 0.500000000000
502.287117316273 -6.574531617020 0.000000000000 1.000000000000
78.691629706222 38.059732272787 0.866025403784 -0.500000000000
