#Configurational_file created 2018-09-14 11:06:26  started 2018-09-14 11:06:26 run for 0.0s steps 0
name: p_81
step: 10000
specie: 20
	particle_diameter: 1.0000000000000000
	interaction_length: 1.2000000000000000
	number_of_patches: 3
	number_of_particles_per_compound: 1
	rod_length: 1.0000000000000000
	interaction_matrix:  1.000000 1.000000 1.000000 1.000000 1.000000 1.000000 1.000000 1.000000 1.000000
	patch_type: symmetric
	patch_width: 8.0000000000000000
	patch_angle: 0.0000000000000000
	angles:  0.000000 0.000000 0.000000
	grand_canonical: 0
	chemical_potential: 0.0000000000000000
box: 39.691795 39.691795
copy: 1.000000 1.000000
epsilon: 0.1429290000000000
end_epsilon: 0.0000000000000000
pressure: 0.0001000000000000
lambda: 0.0000000000000000
lambda_coupling: 1.0000000000000000
uy: 0.0000000000000000
maximum_displacement: 1.0000000000000000
maximum_rotation: 1.0000000000000000
maximum_volume: 1.0000000000000000
maximum_shape: 0.0000001000000000
maximum_dsigma: 0.0100000000000000
mod: 10
pmod: 10
optimize: 1
verbose: 1
snapshot: 0
display: 1
explore: 1
npt: 1
nptxy: 0
nptdxdy: 0
shape: 0
seed: 94967
96.979445644276 212.884154955735 0.000000000000 1.000000000000
261.800429928642 334.085118386718 0.000000000000 1.000000000000
-33.078596099717 157.424103919348 0.866025403784 0.500000000000
75.555205552200 -183.659874469872 0.866025403784 0.500000000000
-91.051390052012 -35.080957579874 0.000000000000 1.000000000000
25.056599891448 168.221758047825 0.000000000000 1.000000000000
-13.863334321693 95.312928055759 0.000000000000 1.000000000000
-7.024703514819 -82.629751423899 0.000000000000 1.000000000000
40.353777768690 -329.962692265428 0.866025403784 -0.500000000000
176.784880597574 -24.572672970164 0.866025403784 -0.500000000000
-83.968194142817 137.542847708171 0.866025403784 -0.500000000000
-81.445920173684 106.903416674087 0.866025403784 -0.500000000000
0.510905509841 62.585475212387 0.000000000000 1.000000000000
-197.636681842459 -6.861598054373 0.866025403784 0.500000000000
-262.784519487985 7.128886109147 0.866025403784 0.500000000000
-103.931109616722 -102.070619381661 0.000000000000 1.000000000000
150.677284481298 92.609414850228 0.866025403784 0.500000000000
-45.363181498192 145.446608871208 0.866025403784 0.500000000000
-162.520185646169 68.914181691968 0.000000000000 1.000000000000
-73.637559797567 115.685620154265 0.866025403784 0.500000000000
