#Configurational_file created 2018-09-14 11:32:05  started 2018-09-14 11:32:04 run for 1.0s steps 0
name: p_816
step: 10000
specie: 20
	particle_diameter: 1.0000000000000000
	interaction_length: 1.2000000000000000
	number_of_patches: 3
	number_of_particles_per_compound: 1
	rod_length: 1.0000000000000000
	interaction_matrix:  1.000000 1.000000 1.000000 1.000000 1.000000 1.000000 1.000000 1.000000 1.000000
	patch_type: symmetric
	patch_width: 8.0000000000000000
	patch_angle: 0.0000000000000000
	angles:  0.000000 0.000000 0.000000
	grand_canonical: 0
	chemical_potential: 0.0000000000000000
box: 11.726244 11.726244
copy: 1.000000 1.000000
epsilon: 0.1459040000000000
end_epsilon: 0.0000000000000000
pressure: 1.2500370000000001
lambda: 0.0000000000000000
lambda_coupling: 1.0000000000000000
uy: 0.0000000000000000
maximum_displacement: 1.0000000000000000
maximum_rotation: 1.0000000000000000
maximum_volume: 1.0000000000000000
maximum_shape: 0.0000001000000000
maximum_dsigma: 0.0100000000000000
mod: 10
pmod: 10
optimize: 1
verbose: 1
snapshot: 0
display: 1
explore: 1
npt: 1
nptxy: 0
nptdxdy: 0
shape: 0
seed: 930583
81.276665033485 112.258657300193 0.866025403784 0.500000000000
22.099061370121 -7.851911411518 0.866025403784 0.500000000000
30.173800275491 -74.313932290574 0.866025403784 0.500000000000
-23.389595668216 90.893825374338 0.866025403784 -0.500000000000
-44.908007230124 34.342034892219 0.866025403784 0.500000000000
-82.360434134664 -20.902585012989 0.866025403784 0.500000000000
-52.382356112306 -55.543807882981 0.866025403784 0.500000000000
-102.275933538149 -42.049620156782 0.000000000000 1.000000000000
-31.910169347074 13.718873880797 0.866025403784 0.500000000000
-10.887881935599 112.152794511313 0.866025403784 0.500000000000
105.158909042155 -17.841392585647 0.866025403784 0.500000000000
-193.040379877485 10.348563099624 0.000000000000 1.000000000000
80.433913519788 -68.871285593015 0.866025403784 0.500000000000
-79.213383905470 -15.384710028983 0.866025403784 0.500000000000
85.814620613181 -43.356974813073 0.866025403784 0.500000000000
-106.276659040899 36.114350146709 0.866025403784 0.500000000000
-139.434512794186 -148.344962632854 0.000000000000 1.000000000000
-27.705600568680 -113.160689445199 0.866025403784 -0.500000000000
50.501964633862 -151.484050646551 0.000000000000 1.000000000000
7.340929909092 102.596472748098 0.866025403784 -0.500000000000
