#Configurational_file created 2018-09-14 12:20:24  started 2018-09-14 12:20:23 run for 1.0s steps 0
name: p_81
step: 10000
specie: 20
	particle_diameter: 1.0000000000000000
	interaction_length: 1.2000000000000000
	number_of_patches: 3
	number_of_particles_per_compound: 1
	rod_length: 1.0000000000000000
	interaction_matrix:  1.000000 1.000000 1.000000 1.000000 1.000000 1.000000 1.000000 1.000000 1.000000
	patch_type: symmetric
	patch_width: 8.0000000000000000
	patch_angle: 0.0000000000000000
	angles:  0.000000 0.000000 0.000000
	grand_canonical: 0
	chemical_potential: 0.0000000000000000
box: 52.063990 52.063990
copy: 1.000000 1.000000
epsilon: 1.2500000000000000
end_epsilon: 0.0000000000000000
pressure: 0.0000010000000000
lambda: 0.0000000000000000
lambda_coupling: 1.0000000000000000
uy: 0.0000000000000000
maximum_displacement: 1.0000000000000000
maximum_rotation: 1.0000000000000000
maximum_volume: 1.0000000000000000
maximum_shape: 0.0000001000000000
maximum_dsigma: 0.0100000000000000
mod: 10
pmod: 10
optimize: 1
verbose: 1
snapshot: 0
display: 1
explore: 1
npt: 1
nptxy: 0
nptdxdy: 0
shape: 0
seed: 94888
-50.924557540984 -70.159242734258 0.000000000000 1.000000000000
358.594356713281 52.895127522910 0.866025403784 -0.500000000000
-15.045816416116 -86.703998262507 0.866025403784 0.500000000000
-11.618431989645 85.323357579073 0.866025403784 -0.500000000000
165.705639317070 158.831745992150 0.000000000000 1.000000000000
83.467825491419 -33.099417968837 0.000000000000 1.000000000000
-23.776772388518 -108.084267922607 0.000000000000 1.000000000000
371.616485005486 -294.769949080493 0.866025403784 0.500000000000
195.957305026079 224.155397914219 0.000000000000 1.000000000000
-142.920147108029 -13.763571408940 0.866025403784 0.500000000000
-22.125035001818 10.014074570430 0.866025403784 -0.500000000000
-51.616599766351 -17.624653492205 0.866025403784 0.500000000000
75.028402243123 259.659875308374 0.866025403784 0.500000000000
260.460436041391 147.260959602646 0.000000000000 1.000000000000
31.923998100213 -32.039283956341 0.866025403784 -0.500000000000
-29.907647137323 322.753774457233 0.866025403784 -0.500000000000
-17.957526464555 186.572141476453 0.866025403784 0.500000000000
45.724005660653 178.800401109326 0.866025403784 -0.500000000000
58.545339480036 88.362929221926 0.866025403784 0.500000000000
-17.320063986721 -407.751850338682 0.866025403784 0.500000000000
