#Configurational_file created 2018-09-14 11:32:04  started 2018-09-14 11:32:04 run for 0.0s steps 0
name: p_815
step: 10000
specie: 20
	particle_diameter: 1.0000000000000000
	interaction_length: 1.2000000000000000
	number_of_patches: 3
	number_of_particles_per_compound: 1
	rod_length: 1.0000000000000000
	interaction_matrix:  1.000000 1.000000 1.000000 1.000000 1.000000 1.000000 1.000000 1.000000 1.000000
	patch_type: symmetric
	patch_width: 8.0000000000000000
	patch_angle: 0.0000000000000000
	angles:  0.000000 0.000000 0.000000
	grand_canonical: 0
	chemical_potential: 0.0000000000000000
box: 10.510554 10.510554
copy: 1.000000 1.000000
epsilon: 0.1459040000000000
end_epsilon: 0.0000000000000000
pressure: 1.1667080000000001
lambda: 0.0000000000000000
lambda_coupling: 1.0000000000000000
uy: 0.0000000000000000
maximum_displacement: 1.0000000000000000
maximum_rotation: 1.0000000000000000
maximum_volume: 1.0000000000000000
maximum_shape: 0.0000001000000000
maximum_dsigma: 0.0100000000000000
mod: 10
pmod: 10
optimize: 1
verbose: 1
snapshot: 0
display: 1
explore: 1
npt: 1
nptxy: 0
nptdxdy: 0
shape: 0
seed: 929446
-19.823382536335 34.473334545352 0.866025403784 -0.500000000000
46.603742403965 82.147765049982 0.866025403784 -0.500000000000
67.968801082438 57.246714920924 0.866025403784 -0.500000000000
74.029022751811 -36.096004078126 0.000000000000 1.000000000000
-36.607435676420 117.131687387718 0.866025403784 0.500000000000
-0.330180650982 38.832349628432 0.866025403784 -0.500000000000
-36.442649469477 -89.585189259657 0.000000000000 1.000000000000
110.978756211100 -13.708011563649 0.000000000000 1.000000000000
22.859739806278 20.244240640118 0.000000000000 1.000000000000
-40.471042561321 107.972446123507 0.000000000000 1.000000000000
-84.412650885494 -14.749229367829 0.866025403784 -0.500000000000
92.030867722670 65.638972730735 0.866025403784 0.500000000000
64.271709556953 48.768492011788 0.866025403784 0.500000000000
-19.893436216384 83.882581778968 0.866025403784 -0.500000000000
34.292112954746 -19.373008297309 0.000000000000 1.000000000000
-44.820819696260 -48.417033516396 0.866025403784 0.500000000000
54.753605997423 -20.285781176098 0.866025403784 -0.500000000000
56.139680290270 60.239579408752 0.866025403784 -0.500000000000
21.360785469818 -8.293700538398 0.000000000000 1.000000000000
2.627616996302 213.481677511660 0.000000000000 1.000000000000
