#Configurational_file created 2018-09-14 11:32:06  started 2018-09-14 11:32:05 run for 1.0s steps 0
name: p_817
step: 10000
specie: 20
	particle_diameter: 1.0000000000000000
	interaction_length: 1.2000000000000000
	number_of_patches: 3
	number_of_particles_per_compound: 1
	rod_length: 1.0000000000000000
	interaction_matrix:  1.000000 1.000000 1.000000 1.000000 1.000000 1.000000 1.000000 1.000000 1.000000
	patch_type: symmetric
	patch_width: 8.0000000000000000
	patch_angle: 0.0000000000000000
	angles:  0.000000 0.000000 0.000000
	grand_canonical: 0
	chemical_potential: 0.0000000000000000
box: 11.691306 11.691306
copy: 1.000000 1.000000
epsilon: 0.1459040000000000
end_epsilon: 0.0000000000000000
pressure: 1.3333670000000000
lambda: 0.0000000000000000
lambda_coupling: 1.0000000000000000
uy: 0.0000000000000000
maximum_displacement: 1.0000000000000000
maximum_rotation: 1.0000000000000000
maximum_volume: 1.0000000000000000
maximum_shape: 0.0000001000000000
maximum_dsigma: 0.0100000000000000
mod: 10
pmod: 10
optimize: 1
verbose: 1
snapshot: 0
display: 1
explore: 1
npt: 1
nptxy: 0
nptdxdy: 0
shape: 0
seed: 931720
26.682594574926 -47.052002153362 0.866025403784 -0.500000000000
36.014089231591 -46.655386558880 0.000000000000 1.000000000000
-111.404244954758 -39.769412991053 0.000000000000 1.000000000000
-2.079142191671 77.666168125398 0.866025403784 -0.500000000000
-68.531006048538 119.795181338486 0.000000000000 1.000000000000
80.792878049192 -150.391523422371 0.866025403784 -0.500000000000
-89.053141204190 76.894133492549 0.866025403784 -0.500000000000
107.266693189370 -36.637851178521 0.000000000000 1.000000000000
128.662997099673 -111.658873326333 0.866025403784 -0.500000000000
-54.046823943045 51.413662373174 0.866025403784 -0.500000000000
65.910696973912 -117.006583171676 0.866025403784 -0.500000000000
140.972312083734 -60.077752357007 0.000000000000 1.000000000000
64.417677585977 -59.304912649676 0.866025403784 0.500000000000
-49.358915700667 59.914074802527 0.866025403784 -0.500000000000
-97.779179544899 -64.939144676504 0.866025403784 -0.500000000000
-16.577642852777 104.168466563087 0.000000000000 1.000000000000
100.841154503717 156.636523270617 0.000000000000 1.000000000000
40.805499303096 -96.711912653128 0.866025403784 0.500000000000
72.552405571926 152.886200485751 0.866025403784 0.500000000000
-78.483008906760 -172.305984101453 0.866025403784 -0.500000000000
