#Configurational_file created 2018-09-14 11:32:07  started 2018-09-14 11:32:07 run for 0.0s steps 0
name: p_819
step: 10000
specie: 20
	particle_diameter: 1.0000000000000000
	interaction_length: 1.2000000000000000
	number_of_patches: 3
	number_of_particles_per_compound: 1
	rod_length: 1.0000000000000000
	interaction_matrix:  1.000000 1.000000 1.000000 1.000000 1.000000 1.000000 1.000000 1.000000 1.000000
	patch_type: symmetric
	patch_width: 8.0000000000000000
	patch_angle: 0.0000000000000000
	angles:  0.000000 0.000000 0.000000
	grand_canonical: 0
	chemical_potential: 0.0000000000000000
box: 11.409093 11.409093
copy: 1.000000 1.000000
epsilon: 0.1459040000000000
end_epsilon: 0.0000000000000000
pressure: 1.5000249999999999
lambda: 0.0000000000000000
lambda_coupling: 1.0000000000000000
uy: 0.0000000000000000
maximum_displacement: 1.0000000000000000
maximum_rotation: 1.0000000000000000
maximum_volume: 1.0000000000000000
maximum_shape: 0.0000001000000000
maximum_dsigma: 0.0100000000000000
mod: 10
pmod: 10
optimize: 1
verbose: 1
snapshot: 0
display: 1
explore: 1
npt: 1
nptxy: 0
nptdxdy: 0
shape: 0
seed: 933994
24.030779622773 -48.911392828447 0.000000000000 1.000000000000
44.927627921340 -106.960004698063 0.866025403784 0.500000000000
-136.849606266460 -3.500662397738 0.866025403784 0.500000000000
-44.123998392800 -51.428543086781 0.866025403784 0.500000000000
11.065590803477 73.369819774548 0.000000000000 1.000000000000
-64.526413060803 61.897214254914 0.866025403784 -0.500000000000
61.457843705996 -171.550305332391 0.000000000000 1.000000000000
30.958327563027 -22.635120826216 0.866025403784 0.500000000000
2.935567111276 14.237571459760 0.866025403784 0.500000000000
152.973210204877 -7.709289492105 0.866025403784 0.500000000000
-124.631677465918 -10.382947716616 0.866025403784 -0.500000000000
5.266093208028 111.035824896872 0.866025403784 0.500000000000
88.445196565665 -82.440955914760 0.866025403784 0.500000000000
92.542417296924 78.622000011531 0.000000000000 1.000000000000
31.944240807810 71.949332073597 0.866025403784 0.500000000000
-175.423076515890 53.276385718765 0.000000000000 1.000000000000
71.459979447843 58.165908766865 0.866025403784 0.500000000000
-24.563622448805 -3.704470222761 0.866025403784 0.500000000000
57.845631575051 26.862074318224 0.000000000000 1.000000000000
-6.001900553204 -27.682355070775 0.866025403784 -0.500000000000
