#Configurational_file created 2018-09-14 11:59:45  started 2018-09-14 11:59:45 run for 0.0s steps 0
name: p_812
step: 10000
specie: 20
	particle_diameter: 1.0000000000000000
	interaction_length: 1.2000000000000000
	number_of_patches: 3
	number_of_particles_per_compound: 1
	rod_length: 1.0000000000000000
	interaction_matrix:  1.000000 1.000000 1.000000 1.000000 1.000000 1.000000 1.000000 1.000000 1.000000
	patch_type: symmetric
	patch_width: 8.0000000000000000
	patch_angle: 0.0000000000000000
	angles:  0.000000 0.000000 0.000000
	grand_canonical: 0
	chemical_potential: 0.0000000000000000
box: 47.446936 47.446936
copy: 1.000000 1.000000
epsilon: 0.0145840000000000
end_epsilon: 0.0000000000000000
pressure: 0.0458340000000000
lambda: 0.0000000000000000
lambda_coupling: 1.0000000000000000
uy: 0.0000000000000000
maximum_displacement: 1.0000000000000000
maximum_rotation: 1.0000000000000000
maximum_volume: 1.0000000000000000
maximum_shape: 0.0000001000000000
maximum_dsigma: 0.0100000000000000
mod: 10
pmod: 10
optimize: 1
verbose: 1
snapshot: 0
display: 1
explore: 1
npt: 1
nptxy: 0
nptdxdy: 0
shape: 0
seed: 926035
-5.857120708536 -28.025540109906 0.866025403784 0.500000000000
39.614816693407 35.183353269629 0.866025403784 -0.500000000000
13.173131097793 -78.380499128963 0.000000000000 1.000000000000
-69.807094614771 95.685954954481 0.000000000000 1.000000000000
165.496888773824 58.642069556639 0.866025403784 -0.500000000000
-67.072839810368 -163.585710134748 0.866025403784 -0.500000000000
-267.508802507208 251.496367135959 0.866025403784 0.500000000000
136.169300544259 51.929545051109 0.866025403784 -0.500000000000
-2.027027260734 -293.092377728203 0.866025403784 -0.500000000000
5.337402996496 -114.003651558860 0.000000000000 1.000000000000
-41.688643438604 15.613438149347 0.866025403784 0.500000000000
-189.391176994108 185.791499553868 0.000000000000 1.000000000000
276.404594641294 290.591008711617 0.866025403784 0.500000000000
-40.385400912741 111.824265385968 0.000000000000 1.000000000000
-178.066987924881 27.010440728133 0.866025403784 -0.500000000000
282.480513383369 -2.790844480842 0.000000000000 1.000000000000
-85.736315298265 -70.789845193042 0.866025403784 0.500000000000
-32.883518479341 -3.049877555062 0.866025403784 0.500000000000
-216.614134854362 -51.420490178985 0.000000000000 1.000000000000
256.875793267772 153.655355067569 0.866025403784 0.500000000000
