#Configurational_file created 2018-09-14 11:32:07  started 2018-09-14 11:32:06 run for 1.0s steps 0
name: p_818
step: 10000
specie: 20
	particle_diameter: 1.0000000000000000
	interaction_length: 1.2000000000000000
	number_of_patches: 3
	number_of_particles_per_compound: 1
	rod_length: 1.0000000000000000
	interaction_matrix:  1.000000 1.000000 1.000000 1.000000 1.000000 1.000000 1.000000 1.000000 1.000000
	patch_type: symmetric
	patch_width: 8.0000000000000000
	patch_angle: 0.0000000000000000
	angles:  0.000000 0.000000 0.000000
	grand_canonical: 0
	chemical_potential: 0.0000000000000000
box: 11.162905 11.162905
copy: 1.000000 1.000000
epsilon: 0.1459040000000000
end_epsilon: 0.0000000000000000
pressure: 1.4166960000000000
lambda: 0.0000000000000000
lambda_coupling: 1.0000000000000000
uy: 0.0000000000000000
maximum_displacement: 1.0000000000000000
maximum_rotation: 1.0000000000000000
maximum_volume: 1.0000000000000000
maximum_shape: 0.0000001000000000
maximum_dsigma: 0.0100000000000000
mod: 10
pmod: 10
optimize: 1
verbose: 1
snapshot: 0
display: 1
explore: 1
npt: 1
nptxy: 0
nptdxdy: 0
shape: 0
seed: 932857
-100.547371971121 169.543580546370 0.000000000000 1.000000000000
-67.936526932739 40.948648470188 0.866025403784 -0.500000000000
30.047929823936 -65.998294456669 0.866025403784 -0.500000000000
58.828922481429 -11.871399655713 0.000000000000 1.000000000000
-36.061308418109 72.350767729863 0.866025403784 -0.500000000000
173.018512564013 -11.472467788328 0.000000000000 1.000000000000
27.711803530205 3.114126131105 0.000000000000 1.000000000000
-179.655261596586 25.412452885472 0.000000000000 1.000000000000
-12.610263031128 -201.556228099996 0.866025403784 -0.500000000000
-37.143640052912 122.095620380363 0.866025403784 -0.500000000000
46.033259490476 48.576966626948 0.000000000000 1.000000000000
55.713292933732 -45.719101848231 0.866025403784 0.500000000000
-41.819385770840 103.344142565283 0.866025403784 -0.500000000000
-59.975216742901 87.351308539993 0.866025403784 0.500000000000
61.080858823767 34.720802843879 0.866025403784 -0.500000000000
-39.602748851042 -90.906792859636 0.000000000000 1.000000000000
-92.469906356466 -0.395229517570 0.000000000000 1.000000000000
67.505933734779 -69.526597706892 0.866025403784 0.500000000000
14.093697338770 90.245970199031 0.866025403784 -0.500000000000
-62.908333220958 -87.433684625092 0.866025403784 0.500000000000
