#Configurational_file created 2018-09-14 11:59:47  started 2018-09-14 11:59:46 run for 1.0s steps 0
name: p_814
step: 10000
specie: 20
	particle_diameter: 1.0000000000000000
	interaction_length: 1.2000000000000000
	number_of_patches: 3
	number_of_particles_per_compound: 1
	rod_length: 1.0000000000000000
	interaction_matrix:  1.000000 1.000000 1.000000 1.000000 1.000000 1.000000 1.000000 1.000000 1.000000
	patch_type: symmetric
	patch_width: 8.0000000000000000
	patch_angle: 0.0000000000000000
	angles:  0.000000 0.000000 0.000000
	grand_canonical: 0
	chemical_potential: 0.0000000000000000
box: 48.533136 48.533136
copy: 1.000000 1.000000
epsilon: 0.0145840000000000
end_epsilon: 0.0000000000000000
pressure: 0.0541670000000000
lambda: 0.0000000000000000
lambda_coupling: 1.0000000000000000
uy: 0.0000000000000000
maximum_displacement: 1.0000000000000000
maximum_rotation: 1.0000000000000000
maximum_volume: 1.0000000000000000
maximum_shape: 0.0000001000000000
maximum_dsigma: 0.0100000000000000
mod: 10
pmod: 10
optimize: 1
verbose: 1
snapshot: 0
display: 1
explore: 1
npt: 1
nptxy: 0
nptdxdy: 0
shape: 0
seed: 928309
140.142840968058 261.078461868832 0.000000000000 1.000000000000
95.600480899058 192.074263886741 0.866025403784 0.500000000000
-20.673249628308 32.285332421872 0.000000000000 1.000000000000
341.560703626216 423.101984972606 0.866025403784 -0.500000000000
-133.821949846570 -126.967135097595 0.866025403784 0.500000000000
-97.751124263550 200.052619648190 0.866025403784 -0.500000000000
265.486423507120 6.970377898326 0.866025403784 -0.500000000000
-159.774422601522 197.705558542329 0.000000000000 1.000000000000
-170.073401925794 -217.744222990191 0.000000000000 1.000000000000
-271.285687356252 47.923894108511 0.000000000000 1.000000000000
-64.588911727374 389.595809018294 0.000000000000 1.000000000000
-61.978545926253 -104.126731671724 0.000000000000 1.000000000000
145.036115092681 121.612897866294 0.866025403784 -0.500000000000
277.377682031075 52.509481885900 0.866025403784 -0.500000000000
47.947597538693 -215.681725968318 0.866025403784 0.500000000000
107.333898654276 58.554089414396 0.866025403784 -0.500000000000
164.685446929035 43.349749789102 0.866025403784 0.500000000000
70.834634025817 -2.402872997251 0.866025403784 -0.500000000000
-55.296830899991 -208.358646747233 0.000000000000 1.000000000000
-95.299401924969 148.665534630698 0.866025403784 0.500000000000
