#Configurational_file created 2018-09-14 11:32:04  started 2018-09-14 11:32:03 run for 1.0s steps 0
name: p_814
step: 10000
specie: 20
	particle_diameter: 1.0000000000000000
	interaction_length: 1.2000000000000000
	number_of_patches: 3
	number_of_particles_per_compound: 1
	rod_length: 1.0000000000000000
	interaction_matrix:  1.000000 1.000000 1.000000 1.000000 1.000000 1.000000 1.000000 1.000000 1.000000
	patch_type: symmetric
	patch_width: 8.0000000000000000
	patch_angle: 0.0000000000000000
	angles:  0.000000 0.000000 0.000000
	grand_canonical: 0
	chemical_potential: 0.0000000000000000
box: 11.795367 11.795367
copy: 1.000000 1.000000
epsilon: 0.1459040000000000
end_epsilon: 0.0000000000000000
pressure: 1.0833790000000001
lambda: 0.0000000000000000
lambda_coupling: 1.0000000000000000
uy: 0.0000000000000000
maximum_displacement: 1.0000000000000000
maximum_rotation: 1.0000000000000000
maximum_volume: 1.0000000000000000
maximum_shape: 0.0000001000000000
maximum_dsigma: 0.0100000000000000
mod: 10
pmod: 10
optimize: 1
verbose: 1
snapshot: 0
display: 1
explore: 1
npt: 1
nptxy: 0
nptdxdy: 0
shape: 0
seed: 928309
139.822818260823 36.720209405415 0.866025403784 -0.500000000000
124.974639461549 -77.578467237086 0.866025403784 0.500000000000
-107.963253281238 -47.280479563261 0.866025403784 -0.500000000000
-84.501371855798 145.814492476524 0.866025403784 0.500000000000
-35.885141924913 60.828789384584 0.866025403784 -0.500000000000
-126.398109953257 30.415663878317 0.000000000000 1.000000000000
-39.376928721412 -10.748479620359 0.000000000000 1.000000000000
11.846389771979 146.009818212082 0.866025403784 0.500000000000
-42.448531136737 12.796094629282 0.000000000000 1.000000000000
-127.879430643398 132.752153207811 0.866025403784 0.500000000000
64.409627958451 29.717924687622 0.000000000000 1.000000000000
-99.385741008865 56.723658651877 0.866025403784 -0.500000000000
-14.772465704503 -43.483117019164 0.866025403784 0.500000000000
166.759584262439 34.358173890159 0.000000000000 1.000000000000
19.576629336695 -40.116497034500 0.866025403784 0.500000000000
61.712075177602 91.863257468809 0.000000000000 1.000000000000
-34.312919698320 94.965522574956 0.866025403784 0.500000000000
-6.765005692808 166.680993944444 0.866025403784 -0.500000000000
39.672618506352 -13.234139375192 0.866025403784 0.500000000000
119.456593382178 44.710869844485 0.866025403784 0.500000000000
