#Configurational_file created 2018-09-14 11:59:45  started 2018-09-14 11:59:44 run for 1.0s steps 0
name: p_811
step: 10000
specie: 20
	particle_diameter: 1.0000000000000000
	interaction_length: 1.2000000000000000
	number_of_patches: 3
	number_of_particles_per_compound: 1
	rod_length: 1.0000000000000000
	interaction_matrix:  1.000000 1.000000 1.000000 1.000000 1.000000 1.000000 1.000000 1.000000 1.000000
	patch_type: symmetric
	patch_width: 8.0000000000000000
	patch_angle: 0.0000000000000000
	angles:  0.000000 0.000000 0.000000
	grand_canonical: 0
	chemical_potential: 0.0000000000000000
box: 53.258409 53.258409
copy: 1.000000 1.000000
epsilon: 0.0145840000000000
end_epsilon: 0.0000000000000000
pressure: 0.0416670000000000
lambda: 0.0000000000000000
lambda_coupling: 1.0000000000000000
uy: 0.0000000000000000
maximum_displacement: 1.0000000000000000
maximum_rotation: 1.0000000000000000
maximum_volume: 1.0000000000000000
maximum_shape: 0.0000001000000000
maximum_dsigma: 0.0100000000000000
mod: 10
pmod: 10
optimize: 1
verbose: 1
snapshot: 0
display: 1
explore: 1
npt: 1
nptxy: 0
nptdxdy: 0
shape: 0
seed: 924898
56.313597689685 36.682745885146 0.866025403784 -0.500000000000
-53.233819059453 30.117985687018 0.866025403784 -0.500000000000
-478.068839612274 -210.909978320995 0.866025403784 -0.500000000000
-75.919068628409 32.302965582522 0.000000000000 1.000000000000
-63.664983575345 -347.083300546388 0.866025403784 -0.500000000000
-1.312957534555 -320.478054609587 0.866025403784 0.500000000000
350.073057869410 209.807441341359 0.000000000000 1.000000000000
183.944245578181 -426.093259982631 0.866025403784 0.500000000000
85.371836122516 17.290281629477 0.866025403784 -0.500000000000
-299.620372916613 31.123637594621 0.000000000000 1.000000000000
-183.959091813207 57.740935514706 0.866025403784 -0.500000000000
-106.767791818929 440.603738631009 0.866025403784 0.500000000000
-325.932340211001 -184.013356637698 0.000000000000 1.000000000000
27.855232586750 -26.662122252303 0.866025403784 0.500000000000
219.469462350808 -55.900883047538 0.866025403784 -0.500000000000
75.671737602396 -254.165216211659 0.866025403784 -0.500000000000
-116.323646222856 13.423675100152 0.866025403784 0.500000000000
296.180623618935 9.088732259319 0.000000000000 1.000000000000
-154.089841102542 -57.251426195780 0.000000000000 1.000000000000
-1.578914450846 -243.119941609726 0.866025403784 -0.500000000000
