#Configurational_file created 2018-09-14 11:59:49  started 2018-09-14 11:59:48 run for 1.0s steps 0
name: p_817
step: 10000
specie: 20
	particle_diameter: 1.0000000000000000
	interaction_length: 1.2000000000000000
	number_of_patches: 3
	number_of_particles_per_compound: 1
	rod_length: 1.0000000000000000
	interaction_matrix:  1.000000 1.000000 1.000000 1.000000 1.000000 1.000000 1.000000 1.000000 1.000000
	patch_type: symmetric
	patch_width: 8.0000000000000000
	patch_angle: 0.0000000000000000
	angles:  0.000000 0.000000 0.000000
	grand_canonical: 0
	chemical_potential: 0.0000000000000000
box: 42.284320 42.284320
copy: 1.000000 1.000000
epsilon: 0.0145840000000000
end_epsilon: 0.0000000000000000
pressure: 0.0666670000000000
lambda: 0.0000000000000000
lambda_coupling: 1.0000000000000000
uy: 0.0000000000000000
maximum_displacement: 1.0000000000000000
maximum_rotation: 1.0000000000000000
maximum_volume: 1.0000000000000000
maximum_shape: 0.0000001000000000
maximum_dsigma: 0.0100000000000000
mod: 10
pmod: 10
optimize: 1
verbose: 1
snapshot: 0
display: 1
explore: 1
npt: 1
nptxy: 0
nptdxdy: 0
shape: 0
seed: 931720
-2.992534627555 44.832455400206 0.000000000000 1.000000000000
167.252119725264 81.913849652157 0.866025403784 0.500000000000
105.057801510527 -39.768216375459 0.866025403784 -0.500000000000
51.441633657409 -51.706462600123 0.866025403784 -0.500000000000
318.312022976181 180.158383119442 0.866025403784 0.500000000000
-5.352800817131 33.363057979728 0.866025403784 -0.500000000000
-255.276018859381 211.576276023404 0.866025403784 0.500000000000
-160.638918130180 105.634495682891 0.000000000000 1.000000000000
193.552812966490 -146.558520567055 0.866025403784 0.500000000000
-59.540214807495 58.440818331513 0.000000000000 1.000000000000
-26.810970956976 -86.369531361556 0.000000000000 1.000000000000
98.546959510788 170.436560345918 0.866025403784 -0.500000000000
245.506752910830 39.334317891321 0.866025403784 -0.500000000000
-34.010473744197 181.422250758997 0.866025403784 -0.500000000000
-104.592353497503 -178.922901843843 0.866025403784 -0.500000000000
51.528681283457 139.510910168255 0.866025403784 -0.500000000000
-133.809373870200 333.911721107615 0.000000000000 1.000000000000
-128.841230488032 82.573365747223 0.866025403784 -0.500000000000
-251.170469866126 355.143385550025 0.866025403784 -0.500000000000
260.840541372511 -94.328737246871 0.866025403784 0.500000000000
