#Configurational_file created 2018-09-14 11:59:48  started 2018-09-14 11:59:48 run for 0.0s steps 0
name: p_816
step: 10000
specie: 20
	particle_diameter: 1.0000000000000000
	interaction_length: 1.2000000000000000
	number_of_patches: 3
	number_of_particles_per_compound: 1
	rod_length: 1.0000000000000000
	interaction_matrix:  1.000000 1.000000 1.000000 1.000000 1.000000 1.000000 1.000000 1.000000 1.000000
	patch_type: symmetric
	patch_width: 8.0000000000000000
	patch_angle: 0.0000000000000000
	angles:  0.000000 0.000000 0.000000
	grand_canonical: 0
	chemical_potential: 0.0000000000000000
box: 49.230849 49.230849
copy: 1.000000 1.000000
epsilon: 0.0145840000000000
end_epsilon: 0.0000000000000000
pressure: 0.0625000000000000
lambda: 0.0000000000000000
lambda_coupling: 1.0000000000000000
uy: 0.0000000000000000
maximum_displacement: 1.0000000000000000
maximum_rotation: 1.0000000000000000
maximum_volume: 1.0000000000000000
maximum_shape: 0.0000001000000000
maximum_dsigma: 0.0100000000000000
mod: 10
pmod: 10
optimize: 1
verbose: 1
snapshot: 0
display: 1
explore: 1
npt: 1
nptxy: 0
nptdxdy: 0
shape: 0
seed: 930583
-214.763290085463 125.991816609479 0.000000000000 1.000000000000
-88.494478453838 -8.034164772170 0.866025403784 -0.500000000000
131.257371946480 516.757823415337 0.866025403784 -0.500000000000
-143.264174228282 150.817404957787 0.866025403784 -0.500000000000
102.043550746586 -63.383373502980 0.866025403784 0.500000000000
89.351995347233 -0.098042936389 0.000000000000 1.000000000000
17.206517036255 -108.067897069800 0.866025403784 0.500000000000
60.330615972765 -163.906446572443 0.866025403784 0.500000000000
-125.322684212676 123.260423081444 0.000000000000 1.000000000000
93.272572341120 -42.436734151864 0.000000000000 1.000000000000
-115.277220956649 -148.173847214471 0.000000000000 1.000000000000
-39.434724105009 -65.383888734672 0.866025403784 -0.500000000000
118.633506529490 151.701721798355 0.866025403784 -0.500000000000
-70.659929084976 232.335510913117 0.000000000000 1.000000000000
-37.383905108611 -31.814505510315 0.866025403784 0.500000000000
11.144097162396 -117.715160046605 0.866025403784 -0.500000000000
-167.810317299784 -126.106761281759 0.866025403784 0.500000000000
-155.402091895342 -2.405231432413 0.866025403784 -0.500000000000
-240.905551619001 -112.067645455568 0.000000000000 1.000000000000
172.857670388796 222.476101399714 0.866025403784 0.500000000000
