#Configurational_file created 2018-09-14 11:32:02  started 2018-09-14 11:32:01 run for 1.0s steps 0
name: p_812
step: 10000
specie: 20
	particle_diameter: 1.0000000000000000
	interaction_length: 1.2000000000000000
	number_of_patches: 3
	number_of_particles_per_compound: 1
	rod_length: 1.0000000000000000
	interaction_matrix:  1.000000 1.000000 1.000000 1.000000 1.000000 1.000000 1.000000 1.000000 1.000000
	patch_type: symmetric
	patch_width: 8.0000000000000000
	patch_angle: 0.0000000000000000
	angles:  0.000000 0.000000 0.000000
	grand_canonical: 0
	chemical_potential: 0.0000000000000000
box: 14.111110 14.111110
copy: 1.000000 1.000000
epsilon: 0.1459040000000000
end_epsilon: 0.0000000000000000
pressure: 0.9167210000000000
lambda: 0.0000000000000000
lambda_coupling: 1.0000000000000000
uy: 0.0000000000000000
maximum_displacement: 1.0000000000000000
maximum_rotation: 1.0000000000000000
maximum_volume: 1.0000000000000000
maximum_shape: 0.0000001000000000
maximum_dsigma: 0.0100000000000000
mod: 10
pmod: 10
optimize: 1
verbose: 1
snapshot: 0
display: 1
explore: 1
npt: 1
nptxy: 0
nptdxdy: 0
shape: 0
seed: 926035
157.118793769875 60.377993604854 0.000000000000 1.000000000000
83.312650890634 -61.497329230899 0.866025403784 -0.500000000000
-61.764703562554 16.115606747041 0.866025403784 -0.500000000000
93.399641224185 -38.379036378859 0.000000000000 1.000000000000
59.067002476635 -126.809455727198 0.866025403784 0.500000000000
13.700791199082 -154.369710715481 0.000000000000 1.000000000000
-4.883232615974 67.046404350766 0.000000000000 1.000000000000
-44.729958486210 157.299048599406 0.866025403784 -0.500000000000
49.901067017545 -60.527596728533 0.866025403784 -0.500000000000
47.010639519502 125.614161005452 0.866025403784 -0.500000000000
-46.552597599784 -27.996580325744 0.866025403784 -0.500000000000
-54.670351541854 133.343727650872 0.866025403784 -0.500000000000
59.534930047507 89.741030787804 0.000000000000 1.000000000000
16.110140526950 72.872714866163 0.866025403784 0.500000000000
-97.757118428176 27.162377072011 0.000000000000 1.000000000000
80.999909841676 -72.177568960103 0.000000000000 1.000000000000
-78.878812705167 -89.017754755016 0.866025403784 -0.500000000000
70.547704518821 -136.814119635743 0.000000000000 1.000000000000
-79.148471388848 -15.932382916250 0.000000000000 1.000000000000
108.722022006223 59.348293971726 0.866025403784 0.500000000000
