#Configurational_file created 2018-09-14 11:32:01  started 2018-09-14 11:32:01 run for 0.0s steps 0
name: p_811
step: 10000
specie: 20
	particle_diameter: 1.0000000000000000
	interaction_length: 1.2000000000000000
	number_of_patches: 3
	number_of_particles_per_compound: 1
	rod_length: 1.0000000000000000
	interaction_matrix:  1.000000 1.000000 1.000000 1.000000 1.000000 1.000000 1.000000 1.000000 1.000000
	patch_type: symmetric
	patch_width: 8.0000000000000000
	patch_angle: 0.0000000000000000
	angles:  0.000000 0.000000 0.000000
	grand_canonical: 0
	chemical_potential: 0.0000000000000000
box: 14.864412 14.864412
copy: 1.000000 1.000000
epsilon: 0.1459040000000000
end_epsilon: 0.0000000000000000
pressure: 0.8333920000000000
lambda: 0.0000000000000000
lambda_coupling: 1.0000000000000000
uy: 0.0000000000000000
maximum_displacement: 1.0000000000000000
maximum_rotation: 1.0000000000000000
maximum_volume: 1.0000000000000000
maximum_shape: 0.0000001000000000
maximum_dsigma: 0.0100000000000000
mod: 10
pmod: 10
optimize: 1
verbose: 1
snapshot: 0
display: 1
explore: 1
npt: 1
nptxy: 0
nptdxdy: 0
shape: 0
seed: 924898
-264.835987095683 -46.528446562987 0.866025403784 0.500000000000
-108.550973494535 35.998100503348 0.866025403784 -0.500000000000
-95.736456761884 -143.416888138267 0.866025403784 -0.500000000000
-277.874781461293 -67.688419129164 0.000000000000 1.000000000000
-92.432959814919 8.876329458805 0.866025403784 -0.500000000000
63.682281856255 75.959135065180 0.866025403784 0.500000000000
-36.275309661823 149.321150144299 0.000000000000 1.000000000000
24.001773377543 -19.767540146279 0.866025403784 0.500000000000
-48.626878502387 -193.719085763602 0.866025403784 0.500000000000
89.778930882603 -48.640750976200 0.866025403784 0.500000000000
-20.318927850386 78.360521229002 0.866025403784 -0.500000000000
109.895097193925 -121.433908075896 0.000000000000 1.000000000000
-252.791735568286 265.703447365361 0.000000000000 1.000000000000
42.227703201142 97.286512382444 0.000000000000 1.000000000000
237.370687949568 -261.528970124893 0.866025403784 0.500000000000
-151.562490915844 -113.220812327874 0.000000000000 1.000000000000
-51.896382553981 84.957711986106 0.866025403784 -0.500000000000
72.896100670098 46.149201275284 0.000000000000 1.000000000000
-81.582435065695 30.376455795548 0.866025403784 -0.500000000000
-95.924091297328 -34.994444082784 0.866025403784 0.500000000000
