#Configurational_file created 2018-09-14 11:32:11  started 2018-09-14 11:32:11 run for 0.0s steps 0
name: p_824
step: 10000
specie: 20
	particle_diameter: 1.0000000000000000
	interaction_length: 1.2000000000000000
	number_of_patches: 3
	number_of_particles_per_compound: 1
	rod_length: 1.0000000000000000
	interaction_matrix:  1.000000 1.000000 1.000000 1.000000 1.000000 1.000000 1.000000 1.000000 1.000000
	patch_type: symmetric
	patch_width: 8.0000000000000000
	patch_angle: 0.0000000000000000
	angles:  0.000000 0.000000 0.000000
	grand_canonical: 0
	chemical_potential: 0.0000000000000000
box: 9.448707 9.448707
copy: 1.000000 1.000000
epsilon: 0.1459040000000000
end_epsilon: 0.0000000000000000
pressure: 1.9166710000000000
lambda: 0.0000000000000000
lambda_coupling: 1.0000000000000000
uy: 0.0000000000000000
maximum_displacement: 1.0000000000000000
maximum_rotation: 1.0000000000000000
maximum_volume: 1.0000000000000000
maximum_shape: 0.0000001000000000
maximum_dsigma: 0.0100000000000000
mod: 10
pmod: 10
optimize: 1
verbose: 1
snapshot: 0
display: 1
explore: 1
npt: 1
nptxy: 0
nptdxdy: 0
shape: 0
seed: 939679
-77.911535117537 -84.263115606747 0.866025403784 -0.500000000000
-25.754218593813 1.791702678017 0.866025403784 0.500000000000
47.735438127487 13.009426388413 0.866025403784 0.500000000000
-31.050428188433 -151.305159798680 0.000000000000 1.000000000000
-48.037605989864 -14.022149402411 0.866025403784 -0.500000000000
119.155532707302 22.322819856601 0.866025403784 -0.500000000000
-21.226364303289 81.364796210735 0.866025403784 -0.500000000000
116.739865581406 -22.539828335375 0.000000000000 1.000000000000
122.882029105483 61.651931660431 0.000000000000 1.000000000000
4.709207141233 -52.154097406834 0.866025403784 0.500000000000
21.600823235847 26.129600950345 0.866025403784 -0.500000000000
-121.764472628403 55.457152391462 0.000000000000 1.000000000000
-4.440021491142 116.195151369044 0.000000000000 1.000000000000
46.657629600483 -115.563029607140 0.866025403784 -0.500000000000
96.924825587486 -151.075132241569 0.866025403784 -0.500000000000
103.157416001250 32.007035873441 0.866025403784 0.500000000000
80.719764744131 -4.020911513834 0.000000000000 1.000000000000
73.263523291301 5.540117985042 0.000000000000 1.000000000000
31.960673000161 96.870644497020 0.000000000000 1.000000000000
-57.409032329782 -54.793507909211 0.866025403784 0.500000000000
