#Configurational_file created 2018-09-14 11:59:52  started 2018-09-14 11:59:51 run for 1.0s steps 0
name: p_821
step: 10000
specie: 20
	particle_diameter: 1.0000000000000000
	interaction_length: 1.2000000000000000
	number_of_patches: 3
	number_of_particles_per_compound: 1
	rod_length: 1.0000000000000000
	interaction_matrix:  1.000000 1.000000 1.000000 1.000000 1.000000 1.000000 1.000000 1.000000 1.000000
	patch_type: symmetric
	patch_width: 8.0000000000000000
	patch_angle: 0.0000000000000000
	angles:  0.000000 0.000000 0.000000
	grand_canonical: 0
	chemical_potential: 0.0000000000000000
box: 50.983065 50.983065
copy: 1.000000 1.000000
epsilon: 0.0145840000000000
end_epsilon: 0.0000000000000000
pressure: 0.0833340000000000
lambda: 0.0000000000000000
lambda_coupling: 1.0000000000000000
uy: 0.0000000000000000
maximum_displacement: 1.0000000000000000
maximum_rotation: 1.0000000000000000
maximum_volume: 1.0000000000000000
maximum_shape: 0.0000001000000000
maximum_dsigma: 0.0100000000000000
mod: 10
pmod: 10
optimize: 1
verbose: 1
snapshot: 0
display: 1
explore: 1
npt: 1
nptxy: 0
nptdxdy: 0
shape: 0
seed: 936268
-53.156988301088 -86.715019792831 0.866025403784 0.500000000000
-0.030936051564 -75.351059303055 0.866025403784 0.500000000000
252.252035201793 -200.526375337936 0.000000000000 1.000000000000
-20.146123066377 172.130913990792 0.000000000000 1.000000000000
-298.728534569440 -36.501353115373 0.000000000000 1.000000000000
295.636643737966 -195.627548294329 0.000000000000 1.000000000000
-67.268487797721 145.579525475078 0.866025403784 -0.500000000000
-147.666168354219 -250.525111238336 0.000000000000 1.000000000000
26.966430099939 57.680246876873 0.866025403784 -0.500000000000
477.347797615077 96.471181681826 0.866025403784 -0.500000000000
103.690730460966 -72.165195459475 0.866025403784 0.500000000000
-166.483115052473 -108.212819095171 0.866025403784 -0.500000000000
-139.536890645794 139.665069099155 0.000000000000 1.000000000000
-262.126435220929 -280.330781760755 0.866025403784 -0.500000000000
-108.024511848927 135.684174702605 0.866025403784 -0.500000000000
80.544269353134 127.425926015797 0.866025403784 0.500000000000
126.594763358862 -138.812956061788 0.866025403784 -0.500000000000
298.642980983685 14.529181180842 0.866025403784 -0.500000000000
129.925485035195 397.652436384644 0.000000000000 1.000000000000
150.204643958420 -69.378618565672 0.000000000000 1.000000000000
