#Configurational_file created 2018-09-14 11:32:08  started 2018-09-14 11:32:07 run for 1.0s steps 0
name: p_820
step: 10000
specie: 20
	particle_diameter: 1.0000000000000000
	interaction_length: 1.2000000000000000
	number_of_patches: 3
	number_of_particles_per_compound: 1
	rod_length: 1.0000000000000000
	interaction_matrix:  1.000000 1.000000 1.000000 1.000000 1.000000 1.000000 1.000000 1.000000 1.000000
	patch_type: symmetric
	patch_width: 8.0000000000000000
	patch_angle: 0.0000000000000000
	angles:  0.000000 0.000000 0.000000
	grand_canonical: 0
	chemical_potential: 0.0000000000000000
box: 12.351113 12.351113
copy: 1.000000 1.000000
epsilon: 0.1459040000000000
end_epsilon: 0.0000000000000000
pressure: 1.5833539999999999
lambda: 0.0000000000000000
lambda_coupling: 1.0000000000000000
uy: 0.0000000000000000
maximum_displacement: 1.0000000000000000
maximum_rotation: 1.0000000000000000
maximum_volume: 1.0000000000000000
maximum_shape: 0.0000001000000000
maximum_dsigma: 0.0100000000000000
mod: 10
pmod: 10
optimize: 1
verbose: 1
snapshot: 0
display: 1
explore: 1
npt: 1
nptxy: 0
nptdxdy: 0
shape: 0
seed: 935131
-45.176362546139 29.038898869610 0.000000000000 1.000000000000
155.602101724602 -41.882247788473 0.000000000000 1.000000000000
54.608822092414 87.608859736744 0.000000000000 1.000000000000
49.963245883345 -50.834035605854 0.866025403784 0.500000000000
-2.191909870031 53.499330863096 0.000000000000 1.000000000000
-60.568761182814 69.348905729401 0.866025403784 0.500000000000
-99.618028790133 75.185052421425 0.866025403784 0.500000000000
38.357326685651 -40.940936694948 0.866025403784 -0.500000000000
85.126156516756 -139.621218555266 0.000000000000 1.000000000000
57.155970992345 -47.616339912120 0.866025403784 0.500000000000
-77.356237920322 -57.983570896605 0.000000000000 1.000000000000
-30.292918163376 104.059434754208 0.000000000000 1.000000000000
-52.885582058476 98.594324833161 0.000000000000 1.000000000000
-66.815794365095 11.559418268377 0.000000000000 1.000000000000
164.618827455630 106.805896660543 0.866025403784 0.500000000000
80.586760321566 31.263661402984 0.866025403784 -0.500000000000
-177.367706537883 -61.249924682328 0.866025403784 0.500000000000
-67.919862339246 16.713488685270 0.000000000000 1.000000000000
-78.114193731824 53.864045397185 0.866025403784 -0.500000000000
91.171994202866 -148.125727135355 0.866025403784 0.500000000000
