#Configurational_file created 2018-09-14 11:32:13  started 2018-09-14 11:32:12 run for 1.0s steps 0
name: p_826
step: 10000
specie: 20
	particle_diameter: 1.0000000000000000
	interaction_length: 1.2000000000000000
	number_of_patches: 3
	number_of_particles_per_compound: 1
	rod_length: 1.0000000000000000
	interaction_matrix:  1.000000 1.000000 1.000000 1.000000 1.000000 1.000000 1.000000 1.000000 1.000000
	patch_type: symmetric
	patch_width: 8.0000000000000000
	patch_angle: 0.0000000000000000
	angles:  0.000000 0.000000 0.000000
	grand_canonical: 0
	chemical_potential: 0.0000000000000000
box: 53.703557 53.703557
copy: 1.000000 1.000000
epsilon: 0.1667330000000000
end_epsilon: 0.0000000000000000
pressure: 0.0001000000000000
lambda: 0.0000000000000000
lambda_coupling: 1.0000000000000000
uy: 0.0000000000000000
maximum_displacement: 1.0000000000000000
maximum_rotation: 1.0000000000000000
maximum_volume: 1.0000000000000000
maximum_shape: 0.0000001000000000
maximum_dsigma: 0.0100000000000000
mod: 10
pmod: 10
optimize: 1
verbose: 1
snapshot: 0
display: 1
explore: 1
npt: 1
nptxy: 0
nptdxdy: 0
shape: 0
seed: 941953
134.340792485873 124.601437103677 0.866025403784 -0.500000000000
268.135618681163 -134.318156161374 0.000000000000 1.000000000000
-137.152922872203 -27.982536966113 0.866025403784 -0.500000000000
45.416447297340 -10.652166103285 0.866025403784 -0.500000000000
-41.188194737511 -88.028270480823 0.000000000000 1.000000000000
212.838846392432 -235.154517054741 0.866025403784 0.500000000000
205.291787675361 233.369954838021 0.866025403784 -0.500000000000
232.592973371139 -36.805264615879 0.000000000000 1.000000000000
598.172908604290 -49.087291314345 0.000000000000 1.000000000000
-150.220176774832 64.749642487975 0.866025403784 0.500000000000
-71.215597796292 -23.237684429579 0.866025403784 -0.500000000000
0.898871630143 203.500216847935 0.866025403784 0.500000000000
-269.334345219401 -277.001219890050 0.000000000000 1.000000000000
-229.232061925971 -59.165759334696 0.866025403784 -0.500000000000
-134.200327015971 195.300785797739 0.866025403784 0.500000000000
-212.730412061695 -328.350821407479 0.866025403784 -0.500000000000
-6.574111159148 -104.186401182524 0.000000000000 1.000000000000
-244.221834073461 229.781965829080 0.866025403784 0.500000000000
-395.412107723415 -104.342427502605 0.000000000000 1.000000000000
-475.908332883399 -46.673088965880 0.866025403784 0.500000000000
