#Configurational_file created 2018-09-14 11:32:12  started 2018-09-14 11:32:11 run for 1.0s steps 0
name: p_825
step: 10000
specie: 20
	particle_diameter: 1.0000000000000000
	interaction_length: 1.2000000000000000
	number_of_patches: 3
	number_of_particles_per_compound: 1
	rod_length: 1.0000000000000000
	interaction_matrix:  1.000000 1.000000 1.000000 1.000000 1.000000 1.000000 1.000000 1.000000 1.000000
	patch_type: symmetric
	patch_width: 8.0000000000000000
	patch_angle: 0.0000000000000000
	angles:  0.000000 0.000000 0.000000
	grand_canonical: 0
	chemical_potential: 0.0000000000000000
box: 8.913292 8.913292
copy: 1.000000 1.000000
epsilon: 0.1459040000000000
end_epsilon: 0.0000000000000000
pressure: 2.0000000000000000
lambda: 0.0000000000000000
lambda_coupling: 1.0000000000000000
uy: 0.0000000000000000
maximum_displacement: 1.0000000000000000
maximum_rotation: 1.0000000000000000
maximum_volume: 1.0000000000000000
maximum_shape: 0.0000001000000000
maximum_dsigma: 0.0100000000000000
mod: 10
pmod: 10
optimize: 1
verbose: 1
snapshot: 0
display: 1
explore: 1
npt: 1
nptxy: 0
nptdxdy: 0
shape: 0
seed: 940816
-87.992906025141 -25.163739690501 0.000000000000 1.000000000000
-106.431738475961 149.411548931577 0.000000000000 1.000000000000
2.221706728106 -37.142747027939 0.866025403784 -0.500000000000
-68.125063859563 45.092014110605 0.000000000000 1.000000000000
33.043218047826 -127.938793773067 0.866025403784 -0.500000000000
5.534419740289 -5.008830809799 0.000000000000 1.000000000000
-24.286287253527 64.273922356290 0.000000000000 1.000000000000
26.305922164924 -2.871603897813 0.866025403784 0.500000000000
-21.066096461350 56.113178431925 0.000000000000 1.000000000000
-90.533937721092 144.699534292504 0.866025403784 0.500000000000
3.613053759128 110.842988947590 0.866025403784 -0.500000000000
41.137522048763 36.612626626364 0.000000000000 1.000000000000
-95.458812956121 -8.263264232456 0.866025403784 0.500000000000
-94.258834170429 -15.168769378407 0.000000000000 1.000000000000
19.926665374195 -76.260687632565 0.866025403784 0.500000000000
-131.413253063818 -3.314347061624 0.866025403784 0.500000000000
45.005741631899 49.733296371580 0.866025403784 0.500000000000
-66.846812010365 -56.498445965388 0.000000000000 1.000000000000
65.530225297264 24.569535296259 0.000000000000 1.000000000000
-92.871000441242 35.436228270204 0.866025403784 0.500000000000
