#Configurational_file created 2018-09-14 11:59:54  started 2018-09-14 11:59:53 run for 1.0s steps 0
name: p_823
step: 10000
specie: 20
	particle_diameter: 1.0000000000000000
	interaction_length: 1.2000000000000000
	number_of_patches: 3
	number_of_particles_per_compound: 1
	rod_length: 1.0000000000000000
	interaction_matrix:  1.000000 1.000000 1.000000 1.000000 1.000000 1.000000 1.000000 1.000000 1.000000
	patch_type: symmetric
	patch_width: 8.0000000000000000
	patch_angle: 0.0000000000000000
	angles:  0.000000 0.000000 0.000000
	grand_canonical: 0
	chemical_potential: 0.0000000000000000
box: 46.295402 46.295402
copy: 1.000000 1.000000
epsilon: 0.0145840000000000
end_epsilon: 0.0000000000000000
pressure: 0.0916670000000000
lambda: 0.0000000000000000
lambda_coupling: 1.0000000000000000
uy: 0.0000000000000000
maximum_displacement: 1.0000000000000000
maximum_rotation: 1.0000000000000000
maximum_volume: 1.0000000000000000
maximum_shape: 0.0000001000000000
maximum_dsigma: 0.0100000000000000
mod: 10
pmod: 10
optimize: 1
verbose: 1
snapshot: 0
display: 1
explore: 1
npt: 1
nptxy: 0
nptdxdy: 0
shape: 0
seed: 938542
-124.042791452038 188.765679963025 0.000000000000 1.000000000000
58.420812525752 284.789459241286 0.866025403784 -0.500000000000
-22.889387913322 52.648253623441 0.866025403784 0.500000000000
-46.781124236440 -46.844693445707 0.000000000000 1.000000000000
-0.423926436562 61.562435369955 0.866025403784 -0.500000000000
45.071898696157 36.587505415817 0.866025403784 -0.500000000000
139.679004915529 240.280973678446 0.866025403784 0.500000000000
-247.932995731590 219.758784464945 0.866025403784 -0.500000000000
-124.200905742463 43.646510594837 0.866025403784 -0.500000000000
282.324566779427 -95.737743297240 0.866025403784 -0.500000000000
-16.544783963497 -262.420964632499 0.866025403784 -0.500000000000
74.650255417629 157.851503106379 0.866025403784 -0.500000000000
119.014725610198 -73.682422587748 0.000000000000 1.000000000000
245.491366262144 -115.621244148892 0.866025403784 -0.500000000000
105.750323393872 -228.672291925030 0.866025403784 -0.500000000000
-199.778891552781 100.315470385706 0.866025403784 -0.500000000000
24.809157565904 -181.066083011191 0.866025403784 0.500000000000
160.315225614455 189.784171544011 0.866025403784 0.500000000000
10.023160057960 -55.131938551518 0.866025403784 -0.500000000000
138.375041656265 -173.207241801710 0.000000000000 1.000000000000
