#Configurational_file created 2018-09-14 11:59:58  started 2018-09-14 11:59:57 run for 1.0s steps 0
name: p_829
step: 10000
specie: 20
	particle_diameter: 1.0000000000000000
	interaction_length: 1.2000000000000000
	number_of_patches: 3
	number_of_particles_per_compound: 1
	rod_length: 1.0000000000000000
	interaction_matrix:  1.000000 1.000000 1.000000 1.000000 1.000000 1.000000 1.000000 1.000000 1.000000
	patch_type: symmetric
	patch_width: 8.0000000000000000
	patch_angle: 0.0000000000000000
	angles:  0.000000 0.000000 0.000000
	grand_canonical: 0
	chemical_potential: 0.0000000000000000
box: 54.084084 54.084084
copy: 1.000000 1.000000
epsilon: 0.0166670000000000
end_epsilon: 0.0000000000000000
pressure: 0.0125010000000000
lambda: 0.0000000000000000
lambda_coupling: 1.0000000000000000
uy: 0.0000000000000000
maximum_displacement: 1.0000000000000000
maximum_rotation: 1.0000000000000000
maximum_volume: 1.0000000000000000
maximum_shape: 0.0000001000000000
maximum_dsigma: 0.0100000000000000
mod: 10
pmod: 10
optimize: 1
verbose: 1
snapshot: 0
display: 1
explore: 1
npt: 1
nptxy: 0
nptdxdy: 0
shape: 0
seed: 945364
-284.453784162014 411.926736515788 0.866025403784 -0.500000000000
-73.710084849097 115.408122390218 0.866025403784 0.500000000000
172.299509745547 6.966415687326 0.866025403784 -0.500000000000
-23.124907491193 -174.404309145132 0.000000000000 1.000000000000
86.028419468218 -38.123703107873 0.000000000000 1.000000000000
-89.239693228061 35.519695454694 0.000000000000 1.000000000000
-12.400112161189 358.570943113717 0.000000000000 1.000000000000
85.766427532258 -16.443271366249 0.866025403784 0.500000000000
232.400461034122 85.004872719222 0.866025403784 -0.500000000000
-109.358053937357 -281.788595676062 0.000000000000 1.000000000000
147.692525569371 -159.187785294005 0.866025403784 -0.500000000000
301.110937330892 102.758500605287 0.866025403784 0.500000000000
458.750836619088 213.302621069554 0.000000000000 1.000000000000
70.047786598502 215.241815808660 0.866025403784 0.500000000000
485.660452340997 18.251706138319 0.866025403784 -0.500000000000
357.621153188556 181.706637047490 0.866025403784 -0.500000000000
146.892164449098 -100.870032063064 0.866025403784 -0.500000000000
-11.107010872857 -163.311634895984 0.000000000000 1.000000000000
279.801704554443 123.510033545930 0.866025403784 -0.500000000000
386.132752862046 152.818350564314 0.000000000000 1.000000000000
