#Configurational_file created 2018-09-14 11:59:55  started 2018-09-14 11:59:54 run for 1.0s steps 0
name: p_825
step: 10000
specie: 20
	particle_diameter: 1.0000000000000000
	interaction_length: 1.2000000000000000
	number_of_patches: 3
	number_of_particles_per_compound: 1
	rod_length: 1.0000000000000000
	interaction_matrix:  1.000000 1.000000 1.000000 1.000000 1.000000 1.000000 1.000000 1.000000 1.000000
	patch_type: symmetric
	patch_width: 8.0000000000000000
	patch_angle: 0.0000000000000000
	angles:  0.000000 0.000000 0.000000
	grand_canonical: 0
	chemical_potential: 0.0000000000000000
box: 47.695922 47.695922
copy: 1.000000 1.000000
epsilon: 0.0145840000000000
end_epsilon: 0.0000000000000000
pressure: 0.1000000000000000
lambda: 0.0000000000000000
lambda_coupling: 1.0000000000000000
uy: 0.0000000000000000
maximum_displacement: 1.0000000000000000
maximum_rotation: 1.0000000000000000
maximum_volume: 1.0000000000000000
maximum_shape: 0.0000001000000000
maximum_dsigma: 0.0100000000000000
mod: 10
pmod: 10
optimize: 1
verbose: 1
snapshot: 0
display: 1
explore: 1
npt: 1
nptxy: 0
nptdxdy: 0
shape: 0
seed: 940816
43.755856996567 108.530823547845 0.866025403784 0.500000000000
115.376518238038 -29.393278005497 0.000000000000 1.000000000000
-43.994142259216 96.871263592418 0.866025403784 -0.500000000000
11.506114890303 -31.546035011525 0.000000000000 1.000000000000
346.646254656606 -73.853802483941 0.866025403784 0.500000000000
159.798767756655 98.550048902199 0.866025403784 0.500000000000
227.532918215401 129.796831077110 0.866025403784 0.500000000000
-32.708483335215 -22.210784405121 0.866025403784 0.500000000000
368.895823395175 0.137971155660 0.866025403784 0.500000000000
111.954941307497 -265.750018085120 0.866025403784 0.500000000000
9.432924260878 -112.085770017222 0.866025403784 0.500000000000
365.920085149676 99.727750297166 0.866025403784 0.500000000000
-117.645651288562 -391.142632911441 0.000000000000 1.000000000000
34.226189876890 -180.972317320101 0.866025403784 -0.500000000000
101.159428581399 212.132620348253 0.000000000000 1.000000000000
71.264330390673 23.317120555667 0.866025403784 0.500000000000
143.267932136389 -161.980902236118 0.000000000000 1.000000000000
-122.316646808922 -322.403923265354 0.866025403784 0.500000000000
228.985364245005 228.556419864185 0.000000000000 1.000000000000
302.942526825094 -33.930950890679 0.000000000000 1.000000000000
