#Configurational_file created 2018-09-14 11:32:14  started 2018-09-14 11:32:13 run for 1.0s steps 0
name: p_827
step: 10000
specie: 20
	particle_diameter: 1.0000000000000000
	interaction_length: 1.2000000000000000
	number_of_patches: 3
	number_of_particles_per_compound: 1
	rod_length: 1.0000000000000000
	interaction_matrix:  1.000000 1.000000 1.000000 1.000000 1.000000 1.000000 1.000000 1.000000 1.000000
	patch_type: symmetric
	patch_width: 8.0000000000000000
	patch_angle: 0.0000000000000000
	angles:  0.000000 0.000000 0.000000
	grand_canonical: 0
	chemical_potential: 0.0000000000000000
box: 33.961864 33.961864
copy: 1.000000 1.000000
epsilon: 0.1667330000000000
end_epsilon: 0.0000000000000000
pressure: 0.0834290000000000
lambda: 0.0000000000000000
lambda_coupling: 1.0000000000000000
uy: 0.0000000000000000
maximum_displacement: 1.0000000000000000
maximum_rotation: 1.0000000000000000
maximum_volume: 1.0000000000000000
maximum_shape: 0.0000001000000000
maximum_dsigma: 0.0100000000000000
mod: 10
pmod: 10
optimize: 1
verbose: 1
snapshot: 0
display: 1
explore: 1
npt: 1
nptxy: 0
nptdxdy: 0
shape: 0
seed: 943090
-28.280069320125 -7.263556282361 0.000000000000 1.000000000000
267.102906124354 -31.868181544354 0.866025403784 -0.500000000000
95.829636403628 317.870539565532 0.866025403784 -0.500000000000
193.214152033039 186.991525047592 0.000000000000 1.000000000000
42.043357511401 79.459335877423 0.866025403784 0.500000000000
-173.036373427244 -47.722197943027 0.866025403784 -0.500000000000
106.323213686713 0.724451463368 0.866025403784 0.500000000000
8.218612155306 206.783485436365 0.866025403784 -0.500000000000
78.321019649548 -136.145424513597 0.866025403784 -0.500000000000
-8.376748171491 -191.799373996633 0.866025403784 -0.500000000000
-5.725335607130 98.844676362758 0.866025403784 0.500000000000
39.204979234299 132.650056088375 0.866025403784 0.500000000000
-256.586034134636 118.157398786787 0.866025403784 0.500000000000
-194.916684165714 -162.569637448367 0.866025403784 -0.500000000000
20.016425321338 -82.477197086800 0.866025403784 -0.500000000000
-14.961011708236 -16.141170122653 0.866025403784 0.500000000000
14.922486053009 134.869075809081 0.000000000000 1.000000000000
145.321286424308 163.156243058949 0.866025403784 -0.500000000000
-6.818984122374 -138.926665914493 0.866025403784 -0.500000000000
183.442528052882 38.147625903332 0.000000000000 1.000000000000
