#Configurational_file created 2018-09-14 11:32:14  started 2018-09-14 11:32:14 run for 0.0s steps 0
name: p_828
step: 10000
specie: 20
	particle_diameter: 1.0000000000000000
	interaction_length: 1.2000000000000000
	number_of_patches: 3
	number_of_particles_per_compound: 1
	rod_length: 1.0000000000000000
	interaction_matrix:  1.000000 1.000000 1.000000 1.000000 1.000000 1.000000 1.000000 1.000000 1.000000
	patch_type: symmetric
	patch_width: 8.0000000000000000
	patch_angle: 0.0000000000000000
	angles:  0.000000 0.000000 0.000000
	grand_canonical: 0
	chemical_potential: 0.0000000000000000
box: 27.415719 27.415719
copy: 1.000000 1.000000
epsilon: 0.1667330000000000
end_epsilon: 0.0000000000000000
pressure: 0.1667580000000000
lambda: 0.0000000000000000
lambda_coupling: 1.0000000000000000
uy: 0.0000000000000000
maximum_displacement: 1.0000000000000000
maximum_rotation: 1.0000000000000000
maximum_volume: 1.0000000000000000
maximum_shape: 0.0000001000000000
maximum_dsigma: 0.0100000000000000
mod: 10
pmod: 10
optimize: 1
verbose: 1
snapshot: 0
display: 1
explore: 1
npt: 1
nptxy: 0
nptdxdy: 0
shape: 0
seed: 944227
20.092416257164 187.413577817610 0.000000000000 1.000000000000
174.857495443429 101.908157737743 0.866025403784 -0.500000000000
-59.445204672689 -144.119130130869 0.000000000000 1.000000000000
3.437922485372 -140.039931711727 0.866025403784 -0.500000000000
132.381078892437 -8.643485256157 0.000000000000 1.000000000000
41.651836433100 113.951841796913 0.866025403784 0.500000000000
204.863468151154 47.991606296295 0.000000000000 1.000000000000
68.519510786018 81.231000567839 0.000000000000 1.000000000000
49.032466381459 123.309067532304 0.866025403784 -0.500000000000
45.665345066162 13.963803411392 0.000000000000 1.000000000000
-136.224199032145 71.820185573547 0.866025403784 -0.500000000000
-4.105350464429 104.484361835657 0.866025403784 -0.500000000000
11.767195587659 117.956336388284 0.866025403784 0.500000000000
-150.484718915393 92.302498676548 0.866025403784 -0.500000000000
-132.823362782532 -47.474177641848 0.866025403784 0.500000000000
-256.984771833336 63.216832838786 0.000000000000 1.000000000000
-54.627200538944 106.642102385600 0.000000000000 1.000000000000
127.767201567640 268.394279356979 0.000000000000 1.000000000000
29.037516938285 95.252299610003 0.866025403784 -0.500000000000
-93.887755396488 141.371619843588 0.866025403784 0.500000000000
