#Configurational_file created 2018-09-14 11:59:54  started 2018-09-14 11:59:54 run for 0.0s steps 0
name: p_824
step: 10000
specie: 20
	particle_diameter: 1.0000000000000000
	interaction_length: 1.2000000000000000
	number_of_patches: 3
	number_of_particles_per_compound: 1
	rod_length: 1.0000000000000000
	interaction_matrix:  1.000000 1.000000 1.000000 1.000000 1.000000 1.000000 1.000000 1.000000 1.000000
	patch_type: symmetric
	patch_width: 8.0000000000000000
	patch_angle: 0.0000000000000000
	angles:  0.000000 0.000000 0.000000
	grand_canonical: 0
	chemical_potential: 0.0000000000000000
box: 49.070988 49.070988
copy: 1.000000 1.000000
epsilon: 0.0145840000000000
end_epsilon: 0.0000000000000000
pressure: 0.0958330000000000
lambda: 0.0000000000000000
lambda_coupling: 1.0000000000000000
uy: 0.0000000000000000
maximum_displacement: 1.0000000000000000
maximum_rotation: 1.0000000000000000
maximum_volume: 1.0000000000000000
maximum_shape: 0.0000001000000000
maximum_dsigma: 0.0100000000000000
mod: 10
pmod: 10
optimize: 1
verbose: 1
snapshot: 0
display: 1
explore: 1
npt: 1
nptxy: 0
nptdxdy: 0
shape: 0
seed: 939679
-229.314665114136 -112.011461225729 0.000000000000 1.000000000000
-23.114811046805 -35.065968965228 0.866025403784 -0.500000000000
230.869039292065 -265.759138410101 0.866025403784 -0.500000000000
-207.581468303246 -51.224420475574 0.866025403784 0.500000000000
72.160767056255 215.816376754603 0.866025403784 -0.500000000000
77.533174403151 2.591258284243 0.866025403784 0.500000000000
97.314600311084 92.553556488332 0.866025403784 0.500000000000
151.057295585916 209.966214273399 0.866025403784 -0.500000000000
-40.517805762036 226.580532737345 0.000000000000 1.000000000000
99.135283388125 314.477028851315 0.000000000000 1.000000000000
61.058655435905 100.207076250722 0.866025403784 0.500000000000
76.347194250950 129.219332244149 0.866025403784 0.500000000000
-57.388855523925 242.901013091339 0.866025403784 -0.500000000000
46.612642157196 -79.206049234283 0.000000000000 1.000000000000
83.912719300199 -176.913763164861 0.866025403784 -0.500000000000
-105.040141661613 -170.717165158844 0.866025403784 0.500000000000
310.327548416237 -246.447366054427 0.000000000000 1.000000000000
-251.994343106448 30.383398080785 0.000000000000 1.000000000000
158.793426549129 -67.821748275524 0.866025403784 -0.500000000000
272.588043189993 -93.240597157961 0.000000000000 1.000000000000
