#Configurational_file created 2018-09-14 11:06:27  started 2018-09-14 11:06:26 run for 1.0s steps 0
name: p_82
step: 10000
specie: 20
	particle_diameter: 1.0000000000000000
	interaction_length: 1.2000000000000000
	number_of_patches: 3
	number_of_particles_per_compound: 1
	rod_length: 1.0000000000000000
	interaction_matrix:  1.000000 1.000000 1.000000 1.000000 1.000000 1.000000 1.000000 1.000000 1.000000
	patch_type: symmetric
	patch_width: 8.0000000000000000
	patch_angle: 0.0000000000000000
	angles:  0.000000 0.000000 0.000000
	grand_canonical: 0
	chemical_potential: 0.0000000000000000
box: 19.754773 19.754773
copy: 1.000000 1.000000
epsilon: 0.1429290000000000
end_epsilon: 0.0000000000000000
pressure: 0.2858000000000000
lambda: 0.0000000000000000
lambda_coupling: 1.0000000000000000
uy: 0.0000000000000000
maximum_displacement: 1.0000000000000000
maximum_rotation: 1.0000000000000000
maximum_volume: 1.0000000000000000
maximum_shape: 0.0000001000000000
maximum_dsigma: 0.0100000000000000
mod: 10
pmod: 10
optimize: 1
verbose: 1
snapshot: 0
display: 1
explore: 1
npt: 1
nptxy: 0
nptdxdy: 0
shape: 0
seed: 96104
96.433670962093 -11.308043107941 0.000000000000 1.000000000000
75.909803837212 64.187060478857 0.000000000000 1.000000000000
-87.820068134645 74.888013797514 0.000000000000 1.000000000000
-217.223026086549 -92.177919361395 0.000000000000 1.000000000000
20.635771838703 58.472140370200 0.866025403784 0.500000000000
23.319607544472 225.095565923998 0.866025403784 0.500000000000
36.224428741805 -2.292681011795 0.000000000000 1.000000000000
175.147730832242 -8.793758011906 0.866025403784 0.500000000000
84.131787306317 63.099827668395 0.000000000000 1.000000000000
53.327763926867 -24.969298612971 0.866025403784 0.500000000000
-38.140863361262 30.655020442970 0.000000000000 1.000000000000
74.041270018841 -93.422485542781 0.000000000000 1.000000000000
-19.050179276316 -25.405742641274 0.866025403784 -0.500000000000
-46.619489411840 -41.582711747247 0.000000000000 1.000000000000
-54.833077330960 40.585501162679 0.866025403784 0.500000000000
47.906853821214 59.244203366431 0.000000000000 1.000000000000
-152.146915489324 130.121425007887 0.000000000000 1.000000000000
49.855189856803 -128.987266553655 0.000000000000 1.000000000000
-65.593640730813 -66.709989222097 0.866025403784 -0.500000000000
48.526990247539 128.336932560755 0.866025403784 -0.500000000000
