#Configurational_file created 2018-09-14 11:32:10  started 2018-09-14 11:32:09 run for 1.0s steps 0
name: p_822
step: 10000
specie: 20
	particle_diameter: 1.0000000000000000
	interaction_length: 1.2000000000000000
	number_of_patches: 3
	number_of_particles_per_compound: 1
	rod_length: 1.0000000000000000
	interaction_matrix:  1.000000 1.000000 1.000000 1.000000 1.000000 1.000000 1.000000 1.000000 1.000000
	patch_type: symmetric
	patch_width: 8.0000000000000000
	patch_angle: 0.0000000000000000
	angles:  0.000000 0.000000 0.000000
	grand_canonical: 0
	chemical_potential: 0.0000000000000000
box: 10.269836 10.269836
copy: 1.000000 1.000000
epsilon: 0.1459040000000000
end_epsilon: 0.0000000000000000
pressure: 1.7500119999999999
lambda: 0.0000000000000000
lambda_coupling: 1.0000000000000000
uy: 0.0000000000000000
maximum_displacement: 1.0000000000000000
maximum_rotation: 1.0000000000000000
maximum_volume: 1.0000000000000000
maximum_shape: 0.0000001000000000
maximum_dsigma: 0.0100000000000000
mod: 10
pmod: 10
optimize: 1
verbose: 1
snapshot: 0
display: 1
explore: 1
npt: 1
nptxy: 0
nptdxdy: 0
shape: 0
seed: 937405
63.600207971326 -19.607315262653 0.866025403784 -0.500000000000
-88.467414187143 -16.790655923576 0.866025403784 0.500000000000
72.601656805304 -25.377783873324 0.866025403784 -0.500000000000
-33.740612805541 9.343934140395 0.866025403784 -0.500000000000
-22.343789592780 1.607328413012 0.866025403784 -0.500000000000
37.995010401693 -88.049706429831 0.866025403784 -0.500000000000
-81.161752402604 -80.043618936050 0.866025403784 0.500000000000
29.919469386163 -84.553516446735 0.000000000000 1.000000000000
110.337376223569 11.232852221756 0.000000000000 1.000000000000
65.380444104796 -2.775528796573 0.866025403784 -0.500000000000
128.063034979950 -94.341589549647 0.000000000000 1.000000000000
85.588361415873 70.647078897890 0.866025403784 -0.500000000000
-25.685800585827 -120.578476827263 0.866025403784 -0.500000000000
-82.438814360365 152.793746117832 0.000000000000 1.000000000000
125.234090892966 115.333944595857 0.866025403784 -0.500000000000
-129.956614253605 -36.686567309225 0.866025403784 -0.500000000000
-57.326685357948 -143.447945698549 0.866025403784 0.500000000000
-57.063471357842 -107.731782781584 0.866025403784 0.500000000000
-18.225100052728 -25.916694467324 0.866025403784 -0.500000000000
-96.873080700460 -143.116416041384 0.866025403784 -0.500000000000
