#Configurational_file created 2018-09-14 11:59:57  started 2018-09-14 11:59:56 run for 1.0s steps 0
name: p_828
step: 10000
specie: 20
	particle_diameter: 1.0000000000000000
	interaction_length: 1.2000000000000000
	number_of_patches: 3
	number_of_particles_per_compound: 1
	rod_length: 1.0000000000000000
	interaction_matrix:  1.000000 1.000000 1.000000 1.000000 1.000000 1.000000 1.000000 1.000000 1.000000
	patch_type: symmetric
	patch_width: 8.0000000000000000
	patch_angle: 0.0000000000000000
	angles:  0.000000 0.000000 0.000000
	grand_canonical: 0
	chemical_potential: 0.0000000000000000
box: 55.861784 55.861784
copy: 1.000000 1.000000
epsilon: 0.0166670000000000
end_epsilon: 0.0000000000000000
pressure: 0.0083340000000000
lambda: 0.0000000000000000
lambda_coupling: 1.0000000000000000
uy: 0.0000000000000000
maximum_displacement: 1.0000000000000000
maximum_rotation: 1.0000000000000000
maximum_volume: 1.0000000000000000
maximum_shape: 0.0000001000000000
maximum_dsigma: 0.0100000000000000
mod: 10
pmod: 10
optimize: 1
verbose: 1
snapshot: 0
display: 1
explore: 1
npt: 1
nptxy: 0
nptdxdy: 0
shape: 0
seed: 944227
232.110534677774 114.702107510252 0.000000000000 1.000000000000
278.567910141634 -6.943802066436 0.866025403784 0.500000000000
41.509053200806 302.644694758288 0.866025403784 -0.500000000000
323.165454017502 -95.844426435788 0.866025403784 -0.500000000000
-32.806442925907 -53.651770947345 0.866025403784 -0.500000000000
275.360661456863 134.576984480577 0.000000000000 1.000000000000
77.271064145805 -68.452679335216 0.866025403784 -0.500000000000
-65.262011683555 -174.236334918313 0.866025403784 0.500000000000
-48.920431410192 -103.029019170754 0.000000000000 1.000000000000
106.030944794506 -25.084241517142 0.866025403784 -0.500000000000
309.882854987630 132.374276648313 0.866025403784 0.500000000000
-155.860367495865 -172.339298521935 0.000000000000 1.000000000000
273.599886861964 222.165701343668 0.866025403784 -0.500000000000
-190.770684288917 51.378710966494 0.000000000000 1.000000000000
-180.473902757228 163.679472406963 0.000000000000 1.000000000000
-77.399789281439 -14.565523036647 0.866025403784 0.500000000000
40.990566392936 28.107140741126 0.866025403784 -0.500000000000
116.906922129572 -159.720406714052 0.000000000000 1.000000000000
-62.559051414324 210.057496927830 0.000000000000 1.000000000000
286.949852893985 -126.996860899991 0.866025403784 0.500000000000
