#Configurational_file created 2018-09-11 17:04:37  started 2018-09-11 17:04:36 run for 1.0s steps 0
name: p_82
step: 10000
specie: 20
	particle_diameter: 1.0000000000000000
	interaction_length: 1.2000000000000000
	number_of_patches: 3
	number_of_particles_per_compound: 1
	rod_length: 1.0000000000000000
	interaction_matrix:  1.000000 1.000000 1.000000 1.000000 1.000000 1.000000 1.000000 1.000000 1.000000
	patch_type: symmetric
	patch_width: 8.0000000000000000
	patch_angle: 0.0000000000000000
	angles:  0.000000 0.000000 0.000000
	grand_canonical: 0
	chemical_potential: 0.0000000000000000
box: 7.140780 7.140780
copy: 1.000000 1.000000
epsilon: 0.5000000000000000
end_epsilon: 0.0000000000000000
pressure: 1.3333670000000000
lambda: 0.0000000000000000
lambda_coupling: 1.0000000000000000
uy: 0.0000000000000000
maximum_displacement: 1.0000000000000000
maximum_rotation: 1.0000000000000000
maximum_volume: 0.5201728737767960
maximum_shape: 0.0000001000000000
maximum_dsigma: 0.0100000000000000
mod: 10
pmod: 10
optimize: 1
verbose: 1
snapshot: 0
display: 1
explore: 1
npt: 1
nptxy: 0
nptdxdy: 0
shape: 0
seed: 96104
-5.821702913497 -27.799418354793 0.000000000000 1.000000000000
80.058619391711 -40.477780370448 0.866025403784 0.500000000000
103.852650023321 61.842654038289 0.866025403784 -0.500000000000
-53.026551193392 -6.699467011865 0.000000000000 1.000000000000
-44.385140124044 -29.516290594029 0.000000000000 1.000000000000
-84.852347546656 -81.468114428519 0.000000000000 1.000000000000
-122.205125670719 -11.888772084362 0.866025403784 -0.500000000000
158.973862941411 41.201373067726 0.866025403784 -0.500000000000
161.764237023912 -5.826531702246 0.866025403784 -0.500000000000
67.070475893237 -38.057371433825 0.866025403784 0.500000000000
14.790818615356 -63.338914958276 0.866025403784 -0.500000000000
25.284729948621 -39.358368703001 0.866025403784 -0.500000000000
62.531623041962 39.777055556214 0.000000000000 1.000000000000
-25.402124384909 15.738644127856 0.000000000000 1.000000000000
23.761116672504 -49.682667162489 0.000000000000 1.000000000000
-37.557767714538 -2.630348003262 0.866025403784 -0.500000000000
23.007945276821 -16.393906189511 0.866025403784 0.500000000000
78.006789290090 -2.069646571264 0.000000000000 1.000000000000
-46.825861892490 106.132872836083 0.866025403784 0.500000000000
84.166542124988 58.473418111258 0.866025403784 0.500000000000
