#Configurational_file created 2018-09-14 11:32:11  started 2018-09-14 11:32:10 run for 1.0s steps 0
name: p_823
step: 10000
specie: 20
	particle_diameter: 1.0000000000000000
	interaction_length: 1.2000000000000000
	number_of_patches: 3
	number_of_particles_per_compound: 1
	rod_length: 1.0000000000000000
	interaction_matrix:  1.000000 1.000000 1.000000 1.000000 1.000000 1.000000 1.000000 1.000000 1.000000
	patch_type: symmetric
	patch_width: 8.0000000000000000
	patch_angle: 0.0000000000000000
	angles:  0.000000 0.000000 0.000000
	grand_canonical: 0
	chemical_potential: 0.0000000000000000
box: 9.520106 9.520106
copy: 1.000000 1.000000
epsilon: 0.1459040000000000
end_epsilon: 0.0000000000000000
pressure: 1.8333420000000000
lambda: 0.0000000000000000
lambda_coupling: 1.0000000000000000
uy: 0.0000000000000000
maximum_displacement: 1.0000000000000000
maximum_rotation: 1.0000000000000000
maximum_volume: 1.0000000000000000
maximum_shape: 0.0000001000000000
maximum_dsigma: 0.0100000000000000
mod: 10
pmod: 10
optimize: 1
verbose: 1
snapshot: 0
display: 1
explore: 1
npt: 1
nptxy: 0
nptdxdy: 0
shape: 0
seed: 938542
10.754368900194 164.296433930078 0.000000000000 1.000000000000
-40.231616722695 -7.464358869696 0.866025403784 0.500000000000
-158.753172787605 -75.684091927918 0.866025403784 0.500000000000
44.044692204848 -37.948639404836 0.866025403784 -0.500000000000
9.725823789879 30.498774101192 0.000000000000 1.000000000000
-51.923012892175 -25.956337708988 0.866025403784 -0.500000000000
17.612141311912 75.188172229569 0.866025403784 0.500000000000
108.467385303947 -24.132776978918 0.866025403784 0.500000000000
65.810556360513 -55.197188277423 0.866025403784 -0.500000000000
126.759871085249 88.506144135054 0.000000000000 1.000000000000
-16.885518910500 -79.971319827643 0.000000000000 1.000000000000
101.802496242681 127.546250390547 0.000000000000 1.000000000000
113.818263592446 -116.286883972901 0.866025403784 -0.500000000000
57.618358375242 -69.652366879529 0.866025403784 -0.500000000000
-42.817117905228 -67.004246782982 0.866025403784 0.500000000000
-18.191336217158 -68.702803939100 0.866025403784 -0.500000000000
6.129260893796 24.470227221827 0.866025403784 0.500000000000
-48.441860675758 -5.965919026497 0.866025403784 0.500000000000
-65.153763751238 -24.264233577053 0.000000000000 1.000000000000
-156.968220716171 124.925009751956 0.866025403784 0.500000000000
