#Configurational_file created 2018-09-14 11:59:56  started 2018-09-14 11:59:56 run for 0.0s steps 0
name: p_827
step: 10000
specie: 20
	particle_diameter: 1.0000000000000000
	interaction_length: 1.2000000000000000
	number_of_patches: 3
	number_of_particles_per_compound: 1
	rod_length: 1.0000000000000000
	interaction_matrix:  1.000000 1.000000 1.000000 1.000000 1.000000 1.000000 1.000000 1.000000 1.000000
	patch_type: symmetric
	patch_width: 8.0000000000000000
	patch_angle: 0.0000000000000000
	angles:  0.000000 0.000000 0.000000
	grand_canonical: 0
	chemical_potential: 0.0000000000000000
box: 46.917533 46.917533
copy: 1.000000 1.000000
epsilon: 0.0166670000000000
end_epsilon: 0.0000000000000000
pressure: 0.0041680000000000
lambda: 0.0000000000000000
lambda_coupling: 1.0000000000000000
uy: 0.0000000000000000
maximum_displacement: 1.0000000000000000
maximum_rotation: 1.0000000000000000
maximum_volume: 1.0000000000000000
maximum_shape: 0.0000001000000000
maximum_dsigma: 0.0100000000000000
mod: 10
pmod: 10
optimize: 1
verbose: 1
snapshot: 0
display: 1
explore: 1
npt: 1
nptxy: 0
nptdxdy: 0
shape: 0
seed: 943090
291.353497343291 -41.554853662521 0.866025403784 -0.500000000000
361.284528873269 114.527529409979 0.866025403784 -0.500000000000
88.190250192961 174.596332620159 0.866025403784 0.500000000000
110.225816210283 -145.965068784759 0.866025403784 -0.500000000000
-1.718560994343 222.245572876869 0.866025403784 -0.500000000000
-54.975930502645 -50.140428282184 0.866025403784 -0.500000000000
-137.022573824961 -51.754568981153 0.866025403784 -0.500000000000
1.127605108645 143.400191446878 0.866025403784 0.500000000000
-77.482440142151 -106.848073428795 0.866025403784 0.500000000000
350.017077972929 -238.349427835157 0.866025403784 -0.500000000000
258.376808484378 -58.522743704821 0.000000000000 1.000000000000
357.031016636718 -124.586405588963 0.000000000000 1.000000000000
143.252793371567 -1.886235318062 0.866025403784 -0.500000000000
-254.956761101829 179.169916967450 0.000000000000 1.000000000000
198.343181757822 -21.844994132099 0.866025403784 0.500000000000
-62.520807430513 74.499961603099 0.866025403784 0.500000000000
99.617749448421 171.653175990751 0.866025403784 0.500000000000
116.768745519467 -170.286559556253 0.866025403784 -0.500000000000
1.198385145720 119.682673210948 0.866025403784 -0.500000000000
-52.291900519200 51.725219989937 0.000000000000 1.000000000000
