#Configurational_file created 2018-09-14 11:32:15  started 2018-09-14 11:32:14 run for 1.0s steps 0
name: p_829
step: 10000
specie: 20
	particle_diameter: 1.0000000000000000
	interaction_length: 1.2000000000000000
	number_of_patches: 3
	number_of_particles_per_compound: 1
	rod_length: 1.0000000000000000
	interaction_matrix:  1.000000 1.000000 1.000000 1.000000 1.000000 1.000000 1.000000 1.000000 1.000000
	patch_type: symmetric
	patch_width: 8.0000000000000000
	patch_angle: 0.0000000000000000
	angles:  0.000000 0.000000 0.000000
	grand_canonical: 0
	chemical_potential: 0.0000000000000000
box: 24.638554 24.638554
copy: 1.000000 1.000000
epsilon: 0.1667330000000000
end_epsilon: 0.0000000000000000
pressure: 0.2500870000000000
lambda: 0.0000000000000000
lambda_coupling: 1.0000000000000000
uy: 0.0000000000000000
maximum_displacement: 1.0000000000000000
maximum_rotation: 1.0000000000000000
maximum_volume: 1.0000000000000000
maximum_shape: 0.0000001000000000
maximum_dsigma: 0.0100000000000000
mod: 10
pmod: 10
optimize: 1
verbose: 1
snapshot: 0
display: 1
explore: 1
npt: 1
nptxy: 0
nptdxdy: 0
shape: 0
seed: 945364
-12.956459320131 273.069202013935 0.866025403784 -0.500000000000
206.987997359226 35.132673824851 0.866025403784 -0.500000000000
133.529381848375 -110.746790910750 0.000000000000 1.000000000000
-83.478157723242 -45.677726759364 0.866025403784 -0.500000000000
-6.940025718307 167.963238971620 0.866025403784 0.500000000000
122.857433747286 94.656885447271 0.866025403784 0.500000000000
45.405991990218 146.321439281103 0.000000000000 1.000000000000
28.364500141132 121.539954640793 0.000000000000 1.000000000000
-270.187279162249 172.401658221636 0.866025403784 0.500000000000
75.203642928883 -343.186663252703 0.000000000000 1.000000000000
-31.120530283549 100.785918566595 0.000000000000 1.000000000000
-42.783570613259 116.148358011022 0.866025403784 -0.500000000000
-40.205752346957 13.730080512321 0.866025403784 -0.500000000000
-70.950621224708 -58.605271771859 0.866025403784 -0.500000000000
197.177983909037 104.144333029067 0.000000000000 1.000000000000
161.475947016059 62.322622465761 0.866025403784 -0.500000000000
82.293210643410 123.440000646729 0.000000000000 1.000000000000
114.898485568528 162.399230177820 0.000000000000 1.000000000000
139.485801784844 3.862026758905 0.866025403784 0.500000000000
223.237548703861 6.980959303628 0.866025403784 -0.500000000000
