#Configurational_file created 2018-09-14 11:59:53  started 2018-09-14 11:59:52 run for 1.0s steps 0
name: p_822
step: 10000
specie: 20
	particle_diameter: 1.0000000000000000
	interaction_length: 1.2000000000000000
	number_of_patches: 3
	number_of_particles_per_compound: 1
	rod_length: 1.0000000000000000
	interaction_matrix:  1.000000 1.000000 1.000000 1.000000 1.000000 1.000000 1.000000 1.000000 1.000000
	patch_type: symmetric
	patch_width: 8.0000000000000000
	patch_angle: 0.0000000000000000
	angles:  0.000000 0.000000 0.000000
	grand_canonical: 0
	chemical_potential: 0.0000000000000000
box: 46.694738 46.694738
copy: 1.000000 1.000000
epsilon: 0.0145840000000000
end_epsilon: 0.0000000000000000
pressure: 0.0875000000000000
lambda: 0.0000000000000000
lambda_coupling: 1.0000000000000000
uy: 0.0000000000000000
maximum_displacement: 1.0000000000000000
maximum_rotation: 1.0000000000000000
maximum_volume: 1.0000000000000000
maximum_shape: 0.0000001000000000
maximum_dsigma: 0.0100000000000000
mod: 10
pmod: 10
optimize: 1
verbose: 1
snapshot: 0
display: 1
explore: 1
npt: 1
nptxy: 0
nptdxdy: 0
shape: 0
seed: 937405
-22.931616582132 268.936046825963 0.866025403784 0.500000000000
-150.302575791853 -50.560136445476 0.000000000000 1.000000000000
-151.385470869224 -141.332335592417 0.866025403784 -0.500000000000
138.577382504313 167.254902356349 0.866025403784 0.500000000000
47.840618499356 150.492760932240 0.866025403784 -0.500000000000
-215.735805622761 9.754934106822 0.000000000000 1.000000000000
49.801894849484 57.051914041477 0.000000000000 1.000000000000
140.733633734520 -15.782196778407 0.866025403784 -0.500000000000
-72.183763014897 -53.032849811235 0.866025403784 0.500000000000
218.532366315595 3.413037429289 0.000000000000 1.000000000000
200.996424292785 342.382994280840 0.866025403784 0.500000000000
-97.752986958061 248.582937120061 0.866025403784 0.500000000000
91.778017997138 -230.310153585670 0.866025403784 0.500000000000
-150.028575441604 457.635832280287 0.000000000000 1.000000000000
-150.905290028618 198.811414875183 0.866025403784 0.500000000000
67.683002191245 155.648887861099 0.866025403784 -0.500000000000
-53.629602684953 -219.969844672762 0.866025403784 -0.500000000000
204.120046452731 24.972626993156 0.000000000000 1.000000000000
-282.864209688695 233.279183372043 0.866025403784 0.500000000000
-313.122793958955 -134.428013588654 0.866025403784 -0.500000000000
