#Configurational_file created 2018-09-14 11:59:51  started 2018-09-14 11:59:51 run for 0.0s steps 0
name: p_820
step: 10000
specie: 20
	particle_diameter: 1.0000000000000000
	interaction_length: 1.2000000000000000
	number_of_patches: 3
	number_of_particles_per_compound: 1
	rod_length: 1.0000000000000000
	interaction_matrix:  1.000000 1.000000 1.000000 1.000000 1.000000 1.000000 1.000000 1.000000 1.000000
	patch_type: symmetric
	patch_width: 8.0000000000000000
	patch_angle: 0.0000000000000000
	angles:  0.000000 0.000000 0.000000
	grand_canonical: 0
	chemical_potential: 0.0000000000000000
box: 53.162978 53.162978
copy: 1.000000 1.000000
epsilon: 0.0145840000000000
end_epsilon: 0.0000000000000000
pressure: 0.0791670000000000
lambda: 0.0000000000000000
lambda_coupling: 1.0000000000000000
uy: 0.0000000000000000
maximum_displacement: 1.0000000000000000
maximum_rotation: 1.0000000000000000
maximum_volume: 1.0000000000000000
maximum_shape: 0.0000001000000000
maximum_dsigma: 0.0100000000000000
mod: 10
pmod: 10
optimize: 1
verbose: 1
snapshot: 0
display: 1
explore: 1
npt: 1
nptxy: 0
nptdxdy: 0
shape: 0
seed: 935131
52.998218339753 -131.763946020136 0.866025403784 0.500000000000
71.050178335752 -152.305219358567 0.866025403784 -0.500000000000
-95.753829513893 127.486529610020 0.866025403784 -0.500000000000
168.992895503596 65.172311403402 0.000000000000 1.000000000000
245.032291178044 279.904137464990 0.000000000000 1.000000000000
-133.398655486801 65.368278288951 0.866025403784 -0.500000000000
99.031854110102 101.820667196529 0.000000000000 1.000000000000
183.064647437272 -153.469500887284 0.866025403784 -0.500000000000
-48.333452945333 148.893423696594 0.866025403784 0.500000000000
18.639564832359 -35.276729582275 0.866025403784 -0.500000000000
120.241096030801 -24.307634750265 0.000000000000 1.000000000000
22.652079652442 343.939461732417 0.000000000000 1.000000000000
-134.334471445962 241.665059869649 0.000000000000 1.000000000000
169.830772639169 -305.319740124186 0.000000000000 1.000000000000
-40.453192334318 -280.695917973096 0.000000000000 1.000000000000
-34.222525812815 -18.936033755784 0.866025403784 0.500000000000
190.878698672964 45.689083171891 0.866025403784 0.500000000000
-83.780109406240 -26.826740737019 0.866025403784 0.500000000000
-14.836361273915 118.122161274682 0.866025403784 -0.500000000000
317.390934785192 -39.183440549197 0.866025403784 -0.500000000000
