#Configurational_file created 2018-09-14 11:32:09  started 2018-09-14 11:32:08 run for 1.0s steps 0
name: p_821
step: 10000
specie: 20
	particle_diameter: 1.0000000000000000
	interaction_length: 1.2000000000000000
	number_of_patches: 3
	number_of_particles_per_compound: 1
	rod_length: 1.0000000000000000
	interaction_matrix:  1.000000 1.000000 1.000000 1.000000 1.000000 1.000000 1.000000 1.000000 1.000000
	patch_type: symmetric
	patch_width: 8.0000000000000000
	patch_angle: 0.0000000000000000
	angles:  0.000000 0.000000 0.000000
	grand_canonical: 0
	chemical_potential: 0.0000000000000000
box: 10.862688 10.862688
copy: 1.000000 1.000000
epsilon: 0.1459040000000000
end_epsilon: 0.0000000000000000
pressure: 1.6666829999999999
lambda: 0.0000000000000000
lambda_coupling: 1.0000000000000000
uy: 0.0000000000000000
maximum_displacement: 1.0000000000000000
maximum_rotation: 1.0000000000000000
maximum_volume: 1.0000000000000000
maximum_shape: 0.0000001000000000
maximum_dsigma: 0.0100000000000000
mod: 10
pmod: 10
optimize: 1
verbose: 1
snapshot: 0
display: 1
explore: 1
npt: 1
nptxy: 0
nptdxdy: 0
shape: 0
seed: 936268
-26.656325802382 36.619818051273 0.000000000000 1.000000000000
-36.190502181573 -19.850429910815 0.000000000000 1.000000000000
-36.656916103449 -38.425101445363 0.866025403784 0.500000000000
81.335346126050 -135.237823409739 0.000000000000 1.000000000000
-93.422006837543 -35.621452476048 0.866025403784 -0.500000000000
-16.658797661884 -54.996757966392 0.866025403784 0.500000000000
-13.442711283626 -48.664639130208 0.866025403784 -0.500000000000
34.809552139309 13.648366001039 0.000000000000 1.000000000000
162.906024687736 193.902179569237 0.866025403784 0.500000000000
2.466264448127 -15.364810208331 0.866025403784 -0.500000000000
-116.564060158661 -82.595421547347 0.866025403784 0.500000000000
-4.558405807523 224.291330159429 0.000000000000 1.000000000000
61.271778405120 52.334630700889 0.000000000000 1.000000000000
8.718474490438 -130.770296968318 0.866025403784 -0.500000000000
54.262245861687 25.375099689328 0.866025403784 0.500000000000
-20.561164691114 10.598326112199 0.866025403784 0.500000000000
179.065333529860 67.452905883589 0.866025403784 -0.500000000000
-2.690705807880 7.575975738729 0.000000000000 1.000000000000
47.028284512037 65.175390288732 0.000000000000 1.000000000000
15.590844730909 -25.710600559685 0.866025403784 0.500000000000
