#Configurational_file created 2018-09-14 12:20:24  started 2018-09-14 12:20:24 run for 0.0s steps 0
name: p_82
step: 10000
specie: 20
	particle_diameter: 1.0000000000000000
	interaction_length: 1.2000000000000000
	number_of_patches: 3
	number_of_particles_per_compound: 1
	rod_length: 1.0000000000000000
	interaction_matrix:  1.000000 1.000000 1.000000 1.000000 1.000000 1.000000 1.000000 1.000000 1.000000
	patch_type: symmetric
	patch_width: 8.0000000000000000
	patch_angle: 0.0000000000000000
	angles:  0.000000 0.000000 0.000000
	grand_canonical: 0
	chemical_potential: 0.0000000000000000
box: 12.677945 12.677945
copy: 1.000000 1.000000
epsilon: 1.2500000000000000
end_epsilon: 0.0000000000000000
pressure: 0.1000000000000000
lambda: 0.0000000000000000
lambda_coupling: 1.0000000000000000
uy: 0.0000000000000000
maximum_displacement: 1.0000000000000000
maximum_rotation: 1.0000000000000000
maximum_volume: 1.0000000000000000
maximum_shape: 0.0000001000000000
maximum_dsigma: 0.0100000000000000
mod: 10
pmod: 10
optimize: 1
verbose: 1
snapshot: 0
display: 1
explore: 1
npt: 1
nptxy: 0
nptdxdy: 0
shape: 0
seed: 96025
-121.110793732117 -40.070353976909 0.866025403784 0.500000000000
80.511317917634 25.040967247585 0.000000000000 1.000000000000
-22.894624679922 89.074027835611 0.866025403784 -0.500000000000
8.819874984364 3.379697445637 0.866025403784 0.500000000000
-59.539953153483 -65.340139850317 0.000000000000 1.000000000000
102.533279491778 111.323675284255 0.866025403784 -0.500000000000
74.394708152945 15.541641911797 0.866025403784 0.500000000000
-65.698080701203 -32.755459568421 0.000000000000 1.000000000000
-202.158092577927 -70.559357749428 0.866025403784 0.500000000000
-2.895195968952 49.048658509489 0.866025403784 0.500000000000
-32.159419937387 183.086372127040 0.866025403784 0.500000000000
-61.401900990337 1.779793280164 0.866025403784 0.500000000000
147.348451416936 25.170211923279 0.866025403784 -0.500000000000
11.057536231160 -11.699259489164 0.000000000000 1.000000000000
-41.177021314254 41.197772798392 0.000000000000 1.000000000000
-165.152129504369 1.167067266821 0.000000000000 1.000000000000
69.012183274859 8.647585938112 0.866025403784 -0.500000000000
182.224157873232 -112.073893561091 0.000000000000 1.000000000000
17.445019966339 135.040313636772 0.000000000000 1.000000000000
52.162917473723 164.417469913834 0.866025403784 -0.500000000000
