#Configurational_file created 2018-09-14 11:59:56  started 2018-09-14 11:59:55 run for 1.0s steps 0
name: p_826
step: 10000
specie: 20
	particle_diameter: 1.0000000000000000
	interaction_length: 1.2000000000000000
	number_of_patches: 3
	number_of_particles_per_compound: 1
	rod_length: 1.0000000000000000
	interaction_matrix:  1.000000 1.000000 1.000000 1.000000 1.000000 1.000000 1.000000 1.000000 1.000000
	patch_type: symmetric
	patch_width: 8.0000000000000000
	patch_angle: 0.0000000000000000
	angles:  0.000000 0.000000 0.000000
	grand_canonical: 0
	chemical_potential: 0.0000000000000000
box: 47.640599 47.640599
copy: 1.000000 1.000000
epsilon: 0.0166670000000000
end_epsilon: 0.0000000000000000
pressure: 0.0000010000000000
lambda: 0.0000000000000000
lambda_coupling: 1.0000000000000000
uy: 0.0000000000000000
maximum_displacement: 1.0000000000000000
maximum_rotation: 1.0000000000000000
maximum_volume: 1.0000000000000000
maximum_shape: 0.0000001000000000
maximum_dsigma: 0.0100000000000000
mod: 10
pmod: 10
optimize: 1
verbose: 1
snapshot: 0
display: 1
explore: 1
npt: 1
nptxy: 0
nptdxdy: 0
shape: 0
seed: 941953
-153.769257516286 53.222248987613 0.000000000000 1.000000000000
-63.914643862232 -144.521132659961 0.866025403784 -0.500000000000
-93.176288393439 -124.866236160318 0.866025403784 0.500000000000
-150.486359030555 -0.762595341410 0.866025403784 -0.500000000000
158.455778863191 -275.203877215724 0.000000000000 1.000000000000
-121.810489457780 -182.943653918479 0.000000000000 1.000000000000
369.558885354442 -22.136105972230 0.000000000000 1.000000000000
223.517607680642 -298.986281222422 0.866025403784 0.500000000000
252.531318553676 -33.248265459895 0.866025403784 -0.500000000000
-268.657554232117 157.214456146220 0.866025403784 -0.500000000000
120.313648817789 -221.004284881525 0.000000000000 1.000000000000
-178.474015602055 -10.850791529757 0.000000000000 1.000000000000
158.951662628959 -148.758377810957 0.866025403784 -0.500000000000
160.650267073029 -138.162518768090 0.866025403784 0.500000000000
-200.310565263295 -40.823358658796 0.000000000000 1.000000000000
-149.807854754664 -236.438153177765 0.000000000000 1.000000000000
61.401742394569 112.714396608420 0.000000000000 1.000000000000
267.451126231316 29.899570094107 0.866025403784 0.500000000000
222.341450949511 -259.790370276265 0.866025403784 0.500000000000
-216.220155139621 159.119150221959 0.866025403784 0.500000000000
