#Configurational_file created 2018-09-14 12:00:03  started 2018-09-14 12:00:02 run for 1.0s steps 0
name: p_836
step: 10000
specie: 20
	particle_diameter: 1.0000000000000000
	interaction_length: 1.2000000000000000
	number_of_patches: 3
	number_of_particles_per_compound: 1
	rod_length: 1.0000000000000000
	interaction_matrix:  1.000000 1.000000 1.000000 1.000000 1.000000 1.000000 1.000000 1.000000 1.000000
	patch_type: symmetric
	patch_width: 8.0000000000000000
	patch_angle: 0.0000000000000000
	angles:  0.000000 0.000000 0.000000
	grand_canonical: 0
	chemical_potential: 0.0000000000000000
box: 51.485285 51.485285
copy: 1.000000 1.000000
epsilon: 0.0166670000000000
end_epsilon: 0.0000000000000000
pressure: 0.0416670000000000
lambda: 0.0000000000000000
lambda_coupling: 1.0000000000000000
uy: 0.0000000000000000
maximum_displacement: 1.0000000000000000
maximum_rotation: 1.0000000000000000
maximum_volume: 1.0000000000000000
maximum_shape: 0.0000001000000000
maximum_dsigma: 0.0100000000000000
mod: 10
pmod: 10
optimize: 1
verbose: 1
snapshot: 0
display: 1
explore: 1
npt: 1
nptxy: 0
nptdxdy: 0
shape: 0
seed: 953323
-9.497543973092 24.928498086078 0.866025403784 0.500000000000
-95.753497167230 26.709070995623 0.866025403784 0.500000000000
63.595025014056 123.010570726705 0.866025403784 0.500000000000
-24.816154624450 -17.637952833345 0.866025403784 0.500000000000
240.539618625024 -13.178818535688 0.866025403784 0.500000000000
-147.822548093902 171.176685548817 0.866025403784 0.500000000000
-166.444959312555 -323.476838091627 0.866025403784 0.500000000000
279.132828825591 -152.864960935005 0.866025403784 0.500000000000
-27.376794363979 355.539172404020 0.000000000000 1.000000000000
363.944647255999 75.406912427592 0.866025403784 0.500000000000
37.824971714399 7.705025185938 0.866025403784 0.500000000000
-99.035136172874 69.604092304836 0.866025403784 -0.500000000000
-101.819938736624 162.262982437574 0.866025403784 0.500000000000
90.011362253967 212.781058771842 0.000000000000 1.000000000000
327.030832770776 -334.142560613639 0.000000000000 1.000000000000
205.412164597688 113.530827008728 0.000000000000 1.000000000000
339.863649107222 142.173854050694 0.866025403784 0.500000000000
467.921465134762 -129.641835170487 0.866025403784 -0.500000000000
108.058606067960 -10.153926893226 0.866025403784 -0.500000000000
49.419422456555 -112.870630993972 0.866025403784 -0.500000000000
