#Configurational_file created 2018-09-14 12:00:01  started 2018-09-14 12:00:00 run for 1.0s steps 0
name: p_833
step: 10000
specie: 20
	particle_diameter: 1.0000000000000000
	interaction_length: 1.2000000000000000
	number_of_patches: 3
	number_of_particles_per_compound: 1
	rod_length: 1.0000000000000000
	interaction_matrix:  1.000000 1.000000 1.000000 1.000000 1.000000 1.000000 1.000000 1.000000 1.000000
	patch_type: symmetric
	patch_width: 8.0000000000000000
	patch_angle: 0.0000000000000000
	angles:  0.000000 0.000000 0.000000
	grand_canonical: 0
	chemical_potential: 0.0000000000000000
box: 41.817312 41.817312
copy: 1.000000 1.000000
epsilon: 0.0166670000000000
end_epsilon: 0.0000000000000000
pressure: 0.0291670000000000
lambda: 0.0000000000000000
lambda_coupling: 1.0000000000000000
uy: 0.0000000000000000
maximum_displacement: 1.0000000000000000
maximum_rotation: 1.0000000000000000
maximum_volume: 1.0000000000000000
maximum_shape: 0.0000001000000000
maximum_dsigma: 0.0100000000000000
mod: 10
pmod: 10
optimize: 1
verbose: 1
snapshot: 0
display: 1
explore: 1
npt: 1
nptxy: 0
nptdxdy: 0
shape: 0
seed: 949912
-28.347771765141 209.145181902341 0.866025403784 0.500000000000
-92.613217975974 -44.068783835835 0.866025403784 -0.500000000000
237.871959239932 141.452462793205 0.000000000000 1.000000000000
-110.459822224453 -246.429133397583 0.866025403784 -0.500000000000
-199.826925418264 -36.945953610782 0.866025403784 -0.500000000000
-40.959183127499 -103.437412534701 0.866025403784 0.500000000000
102.787065042549 83.591465366394 0.866025403784 0.500000000000
45.658259545206 327.615057654104 0.866025403784 -0.500000000000
81.708766594291 -120.800161645029 0.000000000000 1.000000000000
67.650705876886 243.152725567640 0.866025403784 0.500000000000
94.715563894607 -151.034934640656 0.866025403784 -0.500000000000
-94.483499878226 -150.244779828548 0.000000000000 1.000000000000
-147.749913115034 -26.698398678139 0.000000000000 1.000000000000
-77.595489057727 145.966596984343 0.866025403784 -0.500000000000
121.074761205413 -103.342033078362 0.866025403784 0.500000000000
193.831039509924 -177.427750214916 0.000000000000 1.000000000000
168.427032393723 -60.751502284305 0.866025403784 -0.500000000000
6.653912985856 289.411624621096 0.866025403784 -0.500000000000
94.380205764585 227.066670521897 0.000000000000 1.000000000000
114.180783554362 46.258919032879 0.000000000000 1.000000000000
