#Configurational_file created 2018-09-14 11:06:28  started 2018-09-14 11:06:27 run for 1.0s steps 0
name: p_83
step: 10000
specie: 20
	particle_diameter: 1.0000000000000000
	interaction_length: 1.2000000000000000
	number_of_patches: 3
	number_of_particles_per_compound: 1
	rod_length: 1.0000000000000000
	interaction_matrix:  1.000000 1.000000 1.000000 1.000000 1.000000 1.000000 1.000000 1.000000 1.000000
	patch_type: symmetric
	patch_width: 8.0000000000000000
	patch_angle: 0.0000000000000000
	angles:  0.000000 0.000000 0.000000
	grand_canonical: 0
	chemical_potential: 0.0000000000000000
box: 17.825390 17.825390
copy: 1.000000 1.000000
epsilon: 0.1429290000000000
end_epsilon: 0.0000000000000000
pressure: 0.5715000000000000
lambda: 0.0000000000000000
lambda_coupling: 1.0000000000000000
uy: 0.0000000000000000
maximum_displacement: 1.0000000000000000
maximum_rotation: 1.0000000000000000
maximum_volume: 1.0000000000000000
maximum_shape: 0.0000001000000000
maximum_dsigma: 0.0100000000000000
mod: 10
pmod: 10
optimize: 1
verbose: 1
snapshot: 0
display: 1
explore: 1
npt: 1
nptxy: 0
nptdxdy: 0
shape: 0
seed: 97241
62.951823760944 105.508021447612 0.866025403784 -0.500000000000
-58.225598446306 33.725964658573 0.000000000000 1.000000000000
58.670426307589 27.188487485048 0.866025403784 -0.500000000000
-106.280306815500 -28.171516489695 0.000000000000 1.000000000000
-134.778236982668 -60.594410907101 0.866025403784 0.500000000000
-63.300281395154 -67.864522923283 0.000000000000 1.000000000000
1.917512203208 53.411818917342 0.866025403784 -0.500000000000
143.585584386870 20.794137011457 0.000000000000 1.000000000000
-168.742992701843 -222.802285341504 0.866025403784 0.500000000000
214.361980372380 16.191594738395 0.866025403784 -0.500000000000
-197.692237383449 -221.819077173805 0.866025403784 -0.500000000000
-67.141271574631 27.910381491607 0.866025403784 0.500000000000
148.346873075135 -94.320617227859 0.000000000000 1.000000000000
-165.117019545757 57.526963441652 0.866025403784 -0.500000000000
-20.697658918392 50.191973526511 0.866025403784 -0.500000000000
-36.208581644710 -178.018336775869 0.866025403784 -0.500000000000
-4.829750382266 -51.933813038978 0.000000000000 1.000000000000
136.801577916634 -134.879524438032 0.000000000000 1.000000000000
50.590351720323 89.083750645999 0.866025403784 -0.500000000000
65.236714500168 1.933932176007 0.000000000000 1.000000000000
