#Configurational_file created 2018-09-14 11:32:19  started 2018-09-14 11:32:18 run for 1.0s steps 0
name: p_835
step: 10000
specie: 20
	particle_diameter: 1.0000000000000000
	interaction_length: 1.2000000000000000
	number_of_patches: 3
	number_of_particles_per_compound: 1
	rod_length: 1.0000000000000000
	interaction_matrix:  1.000000 1.000000 1.000000 1.000000 1.000000 1.000000 1.000000 1.000000 1.000000
	patch_type: symmetric
	patch_width: 8.0000000000000000
	patch_angle: 0.0000000000000000
	angles:  0.000000 0.000000 0.000000
	grand_canonical: 0
	chemical_potential: 0.0000000000000000
box: 13.505951 13.505951
copy: 1.000000 1.000000
epsilon: 0.1667330000000000
end_epsilon: 0.0000000000000000
pressure: 0.7500620000000000
lambda: 0.0000000000000000
lambda_coupling: 1.0000000000000000
uy: 0.0000000000000000
maximum_displacement: 1.0000000000000000
maximum_rotation: 1.0000000000000000
maximum_volume: 1.0000000000000000
maximum_shape: 0.0000001000000000
maximum_dsigma: 0.0100000000000000
mod: 10
pmod: 10
optimize: 1
verbose: 1
snapshot: 0
display: 1
explore: 1
npt: 1
nptxy: 0
nptdxdy: 0
shape: 0
seed: 952186
36.830139735678 -135.038580629476 0.866025403784 -0.500000000000
45.215133944868 -94.383458335696 0.000000000000 1.000000000000
156.591854681533 -3.403816197643 0.000000000000 1.000000000000
-85.012135927446 7.434878770658 0.866025403784 0.500000000000
-70.603256412080 -115.512720382050 0.000000000000 1.000000000000
25.643980352911 146.085736222847 0.866025403784 -0.500000000000
-45.610953938339 45.574307316973 0.866025403784 -0.500000000000
-19.609397467072 84.645405352119 0.866025403784 -0.500000000000
40.436720053320 -105.343913628145 0.866025403784 0.500000000000
-13.785824977830 -46.296142440426 0.866025403784 0.500000000000
-203.753674539697 -111.647100806288 0.000000000000 1.000000000000
114.000729531557 26.937545386835 0.000000000000 1.000000000000
86.370081647890 38.455914170423 0.866025403784 -0.500000000000
-206.697175909617 23.985375047300 0.866025403784 -0.500000000000
-131.159377620180 15.753851621887 0.866025403784 0.500000000000
68.861721646071 155.471129723216 0.866025403784 -0.500000000000
59.349779793278 -98.251416398928 0.866025403784 0.500000000000
-25.474951831156 121.174472881836 0.000000000000 1.000000000000
65.038212929188 36.865243302742 0.866025403784 -0.500000000000
-17.488904270886 -35.698362939832 0.866025403784 0.500000000000
