#Configurational_file created 2018-09-14 12:00:04  started 2018-09-14 12:00:03 run for 1.0s steps 0
name: p_837
step: 10000
specie: 20
	particle_diameter: 1.0000000000000000
	interaction_length: 1.2000000000000000
	number_of_patches: 3
	number_of_particles_per_compound: 1
	rod_length: 1.0000000000000000
	interaction_matrix:  1.000000 1.000000 1.000000 1.000000 1.000000 1.000000 1.000000 1.000000 1.000000
	patch_type: symmetric
	patch_width: 8.0000000000000000
	patch_angle: 0.0000000000000000
	angles:  0.000000 0.000000 0.000000
	grand_canonical: 0
	chemical_potential: 0.0000000000000000
box: 42.510657 42.510657
copy: 1.000000 1.000000
epsilon: 0.0166670000000000
end_epsilon: 0.0000000000000000
pressure: 0.0458340000000000
lambda: 0.0000000000000000
lambda_coupling: 1.0000000000000000
uy: 0.0000000000000000
maximum_displacement: 1.0000000000000000
maximum_rotation: 1.0000000000000000
maximum_volume: 1.0000000000000000
maximum_shape: 0.0000001000000000
maximum_dsigma: 0.0100000000000000
mod: 10
pmod: 10
optimize: 1
verbose: 1
snapshot: 0
display: 1
explore: 1
npt: 1
nptxy: 0
nptdxdy: 0
shape: 0
seed: 954460
172.981801712829 39.629941501128 0.866025403784 -0.500000000000
201.982246489265 -196.354858415949 0.866025403784 0.500000000000
51.525435073373 -59.726473003896 0.000000000000 1.000000000000
-214.023316494279 384.666301924723 0.866025403784 0.500000000000
323.910116254124 -68.573320785938 0.000000000000 1.000000000000
33.222977660698 213.312077351390 0.866025403784 0.500000000000
41.409775878723 3.461501568521 0.866025403784 0.500000000000
-101.148801531653 -7.540435726394 0.000000000000 1.000000000000
228.606454031729 -143.483692225090 0.000000000000 1.000000000000
-119.017563937543 -96.888130715349 0.866025403784 -0.500000000000
369.638011165584 80.660193739239 0.866025403784 0.500000000000
328.758247600633 108.939119781502 0.000000000000 1.000000000000
-106.033555606423 -118.042909074465 0.000000000000 1.000000000000
-210.640488250702 85.064246696524 0.000000000000 1.000000000000
-38.153043283819 -297.791385385548 0.866025403784 -0.500000000000
-43.836693875073 -121.658733255780 0.000000000000 1.000000000000
99.508664206885 -48.164091206534 0.866025403784 -0.500000000000
-104.088870074644 -45.151874781724 0.866025403784 -0.500000000000
-287.168811023174 -0.211909679176 0.866025403784 -0.500000000000
290.773039716486 117.019245538809 0.866025403784 -0.500000000000
