#Configurational_file created 2018-09-14 12:00:05  started 2018-09-14 12:00:04 run for 1.0s steps 0
name: p_838
step: 10000
specie: 20
	particle_diameter: 1.0000000000000000
	interaction_length: 1.2000000000000000
	number_of_patches: 3
	number_of_particles_per_compound: 1
	rod_length: 1.0000000000000000
	interaction_matrix:  1.000000 1.000000 1.000000 1.000000 1.000000 1.000000 1.000000 1.000000 1.000000
	patch_type: symmetric
	patch_width: 8.0000000000000000
	patch_angle: 0.0000000000000000
	angles:  0.000000 0.000000 0.000000
	grand_canonical: 0
	chemical_potential: 0.0000000000000000
box: 50.140425 50.140425
copy: 1.000000 1.000000
epsilon: 0.0166670000000000
end_epsilon: 0.0000000000000000
pressure: 0.0500010000000000
lambda: 0.0000000000000000
lambda_coupling: 1.0000000000000000
uy: 0.0000000000000000
maximum_displacement: 1.0000000000000000
maximum_rotation: 1.0000000000000000
maximum_volume: 1.0000000000000000
maximum_shape: 0.0000001000000000
maximum_dsigma: 0.0100000000000000
mod: 10
pmod: 10
optimize: 1
verbose: 1
snapshot: 0
display: 1
explore: 1
npt: 1
nptxy: 0
nptdxdy: 0
shape: 0
seed: 955597
-116.272043448785 -65.699164359152 0.866025403784 -0.500000000000
-225.844352516172 -45.781140759855 0.866025403784 0.500000000000
246.896495391689 -18.391600510988 0.866025403784 -0.500000000000
-225.053200718866 117.290006143745 0.866025403784 -0.500000000000
230.301886012084 200.098250888721 0.866025403784 -0.500000000000
143.034913990007 -74.656355924685 0.866025403784 0.500000000000
-107.853792149880 -76.561582120716 0.000000000000 1.000000000000
186.369445327397 128.242407230687 0.866025403784 0.500000000000
-102.084120721218 156.439873782003 0.866025403784 0.500000000000
60.767905528173 -74.566227082884 0.000000000000 1.000000000000
51.815208665622 -145.685347883363 0.866025403784 0.500000000000
194.425397150273 58.790954165944 0.866025403784 -0.500000000000
-55.763835993603 -108.199396615731 0.000000000000 1.000000000000
-131.844563762089 -8.472973148338 0.866025403784 -0.500000000000
99.901567566042 68.688018465684 0.866025403784 0.500000000000
268.369290871510 -23.364516100094 0.866025403784 -0.500000000000
261.492489727307 63.326725742287 0.000000000000 1.000000000000
20.149478125074 -54.352830980624 0.866025403784 -0.500000000000
172.520181770004 -314.249470019103 0.866025403784 -0.500000000000
25.713384811544 1.906552143985 0.000000000000 1.000000000000
