#Configurational_file created 2018-09-14 12:00:02  started 2018-09-14 12:00:01 run for 1.0s steps 0
name: p_834
step: 10000
specie: 20
	particle_diameter: 1.0000000000000000
	interaction_length: 1.2000000000000000
	number_of_patches: 3
	number_of_particles_per_compound: 1
	rod_length: 1.0000000000000000
	interaction_matrix:  1.000000 1.000000 1.000000 1.000000 1.000000 1.000000 1.000000 1.000000 1.000000
	patch_type: symmetric
	patch_width: 8.0000000000000000
	patch_angle: 0.0000000000000000
	angles:  0.000000 0.000000 0.000000
	grand_canonical: 0
	chemical_potential: 0.0000000000000000
box: 48.452738 48.452738
copy: 1.000000 1.000000
epsilon: 0.0166670000000000
end_epsilon: 0.0000000000000000
pressure: 0.0333340000000000
lambda: 0.0000000000000000
lambda_coupling: 1.0000000000000000
uy: 0.0000000000000000
maximum_displacement: 1.0000000000000000
maximum_rotation: 1.0000000000000000
maximum_volume: 1.0000000000000000
maximum_shape: 0.0000001000000000
maximum_dsigma: 0.0100000000000000
mod: 10
pmod: 10
optimize: 1
verbose: 1
snapshot: 0
display: 1
explore: 1
npt: 1
nptxy: 0
nptdxdy: 0
shape: 0
seed: 951049
50.385020923361 58.713510708102 0.866025403784 0.500000000000
-235.281805890104 153.900111805474 0.866025403784 0.500000000000
-13.244470911732 156.192280485907 0.866025403784 -0.500000000000
-39.561898510012 -45.494496985157 0.000000000000 1.000000000000
60.478409207519 105.613565174787 0.866025403784 -0.500000000000
96.888808329564 -52.301616645584 0.866025403784 0.500000000000
81.228904719028 374.517412709341 0.866025403784 -0.500000000000
-12.698831358134 -157.249058075486 0.866025403784 -0.500000000000
152.313406340569 44.659651071627 0.866025403784 -0.500000000000
121.189664976234 31.055700776689 0.000000000000 1.000000000000
-34.469578332074 129.076990008128 0.000000000000 1.000000000000
-206.719671016364 345.296063760612 0.866025403784 0.500000000000
-158.592711391546 51.763422738005 0.000000000000 1.000000000000
-104.438220559761 -105.295264633284 0.866025403784 -0.500000000000
76.139252316703 130.752757455014 0.866025403784 -0.500000000000
-1.835658130498 32.665308309314 0.000000000000 1.000000000000
159.948105455196 99.851779844877 0.000000000000 1.000000000000
-140.806529790507 148.911467433370 0.866025403784 -0.500000000000
171.132840798241 220.693428948334 0.866025403784 0.500000000000
-35.796511826026 -94.018186542751 0.000000000000 1.000000000000
