#Configurational_file created 2018-09-14 11:32:17  started 2018-09-14 11:32:16 run for 1.0s steps 0
name: p_832
step: 10000
specie: 20
	particle_diameter: 1.0000000000000000
	interaction_length: 1.2000000000000000
	number_of_patches: 3
	number_of_particles_per_compound: 1
	rod_length: 1.0000000000000000
	interaction_matrix:  1.000000 1.000000 1.000000 1.000000 1.000000 1.000000 1.000000 1.000000 1.000000
	patch_type: symmetric
	patch_width: 8.0000000000000000
	patch_angle: 0.0000000000000000
	angles:  0.000000 0.000000 0.000000
	grand_canonical: 0
	chemical_potential: 0.0000000000000000
box: 15.901985 15.901985
copy: 1.000000 1.000000
epsilon: 0.1667330000000000
end_epsilon: 0.0000000000000000
pressure: 0.5000750000000000
lambda: 0.0000000000000000
lambda_coupling: 1.0000000000000000
uy: 0.0000000000000000
maximum_displacement: 1.0000000000000000
maximum_rotation: 1.0000000000000000
maximum_volume: 1.0000000000000000
maximum_shape: 0.0000001000000000
maximum_dsigma: 0.0100000000000000
mod: 10
pmod: 10
optimize: 1
verbose: 1
snapshot: 0
display: 1
explore: 1
npt: 1
nptxy: 0
nptdxdy: 0
shape: 0
seed: 948775
14.468036957687 47.690938192486 0.866025403784 0.500000000000
-28.562336283419 -10.071909282123 0.000000000000 1.000000000000
-10.451474012556 15.376272951121 0.866025403784 0.500000000000
76.218881476554 -183.136032514315 0.000000000000 1.000000000000
88.426073164540 7.884482994391 0.000000000000 1.000000000000
-144.614275741130 3.032642338840 0.000000000000 1.000000000000
-114.255027464852 10.482230200914 0.866025403784 -0.500000000000
-59.776575864509 75.592519181309 0.000000000000 1.000000000000
82.951614313085 47.856289056022 0.000000000000 1.000000000000
27.694959186515 -46.797248374004 0.866025403784 -0.500000000000
-95.528733283470 -24.748977571171 0.000000000000 1.000000000000
-19.910753985295 -6.699825523420 0.866025403784 0.500000000000
72.818958310710 128.050417449823 0.866025403784 -0.500000000000
6.530003679548 90.362530041948 0.866025403784 0.500000000000
-32.792971824927 -83.950232175423 0.866025403784 -0.500000000000
-46.430289391856 127.520801649092 0.866025403784 -0.500000000000
-13.714437920598 64.365037714185 0.866025403784 -0.500000000000
-74.561567655486 -21.666666083288 0.000000000000 1.000000000000
-9.720716826403 6.522014740105 0.866025403784 0.500000000000
91.389785873750 -106.935252845631 0.000000000000 1.000000000000
