#Configurational_file created 2018-09-14 11:59:59  started 2018-09-14 11:59:59 run for 0.0s steps 0
name: p_831
step: 10000
specie: 20
	particle_diameter: 1.0000000000000000
	interaction_length: 1.2000000000000000
	number_of_patches: 3
	number_of_particles_per_compound: 1
	rod_length: 1.0000000000000000
	interaction_matrix:  1.000000 1.000000 1.000000 1.000000 1.000000 1.000000 1.000000 1.000000 1.000000
	patch_type: symmetric
	patch_width: 8.0000000000000000
	patch_angle: 0.0000000000000000
	angles:  0.000000 0.000000 0.000000
	grand_canonical: 0
	chemical_potential: 0.0000000000000000
box: 50.681599 50.681599
copy: 1.000000 1.000000
epsilon: 0.0166670000000000
end_epsilon: 0.0000000000000000
pressure: 0.0208340000000000
lambda: 0.0000000000000000
lambda_coupling: 1.0000000000000000
uy: 0.0000000000000000
maximum_displacement: 1.0000000000000000
maximum_rotation: 1.0000000000000000
maximum_volume: 1.0000000000000000
maximum_shape: 0.0000001000000000
maximum_dsigma: 0.0100000000000000
mod: 10
pmod: 10
optimize: 1
verbose: 1
snapshot: 0
display: 1
explore: 1
npt: 1
nptxy: 0
nptdxdy: 0
shape: 0
seed: 947638
273.969535377134 -25.796345363728 0.866025403784 0.500000000000
135.580059404405 -38.712252873439 0.866025403784 0.500000000000
-7.288983279173 -175.144856798124 0.866025403784 0.500000000000
194.614149224914 -115.407054802903 0.866025403784 -0.500000000000
198.701393874466 -23.113193880652 0.866025403784 0.500000000000
-27.195392893500 -288.568730654054 0.866025403784 -0.500000000000
85.283081014784 319.893240534501 0.866025403784 -0.500000000000
10.590101232328 211.123697958384 0.866025403784 0.500000000000
55.708670016938 -13.612445511746 0.000000000000 1.000000000000
252.016050521130 -45.931658104225 0.866025403784 0.500000000000
31.639724521155 178.139164041684 0.866025403784 0.500000000000
132.024854514046 -37.262703934737 0.866025403784 -0.500000000000
-23.724052123198 -8.463013482631 0.000000000000 1.000000000000
165.831029008573 285.023364973611 0.866025403784 -0.500000000000
359.577407233965 -344.722468900791 0.866025403784 -0.500000000000
-10.010873396317 -113.082180892886 0.866025403784 0.500000000000
41.090311603394 -36.878629468538 0.866025403784 0.500000000000
-44.947096153363 -372.563698460333 0.866025403784 -0.500000000000
157.345531843006 145.018170286952 0.866025403784 -0.500000000000
353.836585865282 -228.966632793139 0.866025403784 0.500000000000
