#Configurational_file created 2018-09-14 11:32:20  started 2018-09-14 11:32:19 run for 1.0s steps 0
name: p_836
step: 10000
specie: 20
	particle_diameter: 1.0000000000000000
	interaction_length: 1.2000000000000000
	number_of_patches: 3
	number_of_particles_per_compound: 1
	rod_length: 1.0000000000000000
	interaction_matrix:  1.000000 1.000000 1.000000 1.000000 1.000000 1.000000 1.000000 1.000000 1.000000
	patch_type: symmetric
	patch_width: 8.0000000000000000
	patch_angle: 0.0000000000000000
	angles:  0.000000 0.000000 0.000000
	grand_canonical: 0
	chemical_potential: 0.0000000000000000
box: 13.796868 13.796868
copy: 1.000000 1.000000
epsilon: 0.1667330000000000
end_epsilon: 0.0000000000000000
pressure: 0.8333920000000000
lambda: 0.0000000000000000
lambda_coupling: 1.0000000000000000
uy: 0.0000000000000000
maximum_displacement: 1.0000000000000000
maximum_rotation: 1.0000000000000000
maximum_volume: 1.0000000000000000
maximum_shape: 0.0000001000000000
maximum_dsigma: 0.0100000000000000
mod: 10
pmod: 10
optimize: 1
verbose: 1
snapshot: 0
display: 1
explore: 1
npt: 1
nptxy: 0
nptdxdy: 0
shape: 0
seed: 953323
-96.975883115876 72.111824468663 0.000000000000 1.000000000000
43.523835802543 139.014809776092 0.866025403784 0.500000000000
138.084035751997 39.643812503030 0.000000000000 1.000000000000
6.088527550299 143.164890998818 0.000000000000 1.000000000000
-5.548070277890 58.144312704058 0.000000000000 1.000000000000
-23.782946428079 -147.736467368922 0.000000000000 1.000000000000
-38.748726852434 -208.412954953296 0.866025403784 0.500000000000
-50.778073504439 -55.622584549055 0.866025403784 -0.500000000000
-20.700538760118 -7.715927591609 0.000000000000 1.000000000000
50.653886345947 82.979996504932 0.000000000000 1.000000000000
-122.287279247036 -205.064684651425 0.866025403784 -0.500000000000
32.418452832589 -112.760567401639 0.866025403784 -0.500000000000
-120.428750559930 18.371737086290 0.866025403784 -0.500000000000
-88.438173523498 165.520667101806 0.866025403784 0.500000000000
66.500659316248 -118.801442595855 0.866025403784 -0.500000000000
-88.023394222139 -89.977611321540 0.866025403784 0.500000000000
52.120548911105 17.058337463040 0.000000000000 1.000000000000
59.263479953765 2.036276162415 0.866025403784 0.500000000000
145.937640767480 84.237034816742 0.000000000000 1.000000000000
-94.498940142943 -22.050246656679 0.866025403784 -0.500000000000
