#Configurational_file created 2018-09-14 11:32:18  started 2018-09-14 11:32:18 run for 0.0s steps 0
name: p_834
step: 10000
specie: 20
	particle_diameter: 1.0000000000000000
	interaction_length: 1.2000000000000000
	number_of_patches: 3
	number_of_particles_per_compound: 1
	rod_length: 1.0000000000000000
	interaction_matrix:  1.000000 1.000000 1.000000 1.000000 1.000000 1.000000 1.000000 1.000000 1.000000
	patch_type: symmetric
	patch_width: 8.0000000000000000
	patch_angle: 0.0000000000000000
	angles:  0.000000 0.000000 0.000000
	grand_canonical: 0
	chemical_potential: 0.0000000000000000
box: 15.015149 15.015149
copy: 1.000000 1.000000
epsilon: 0.1667330000000000
end_epsilon: 0.0000000000000000
pressure: 0.6667330000000000
lambda: 0.0000000000000000
lambda_coupling: 1.0000000000000000
uy: 0.0000000000000000
maximum_displacement: 1.0000000000000000
maximum_rotation: 1.0000000000000000
maximum_volume: 1.0000000000000000
maximum_shape: 0.0000001000000000
maximum_dsigma: 0.0100000000000000
mod: 10
pmod: 10
optimize: 1
verbose: 1
snapshot: 0
display: 1
explore: 1
npt: 1
nptxy: 0
nptdxdy: 0
shape: 0
seed: 951049
-154.646173978405 9.486692589065 0.000000000000 1.000000000000
36.936617202549 23.448489340380 0.000000000000 1.000000000000
155.493274030760 128.309003491360 0.866025403784 -0.500000000000
-142.641394229159 60.824082377226 0.866025403784 0.500000000000
-101.209348253118 63.328122425012 0.866025403784 -0.500000000000
-2.331727469947 12.246125093374 0.866025403784 -0.500000000000
84.992377029248 201.645523216223 0.866025403784 0.500000000000
23.821116327069 -163.824798674020 0.000000000000 1.000000000000
-98.523230080680 41.231887487895 0.866025403784 -0.500000000000
108.788981499669 -30.488859246589 0.000000000000 1.000000000000
145.752042577029 32.696588479197 0.000000000000 1.000000000000
-124.887651300689 -46.020145713778 0.866025403784 -0.500000000000
33.540569470692 76.737577057586 0.866025403784 0.500000000000
-29.812799860257 -6.289505296614 0.866025403784 0.500000000000
152.245681456120 -47.532519730347 0.866025403784 0.500000000000
-65.011929212801 87.946979375937 0.866025403784 -0.500000000000
45.141018789274 -25.547991906312 0.000000000000 1.000000000000
-23.674005268352 74.874309801939 0.866025403784 0.500000000000
4.997824186302 -117.703215003070 0.000000000000 1.000000000000
130.253314320425 11.532353656234 0.866025403784 -0.500000000000
