#Configurational_file created 2018-09-14 11:32:16  started 2018-09-14 11:32:16 run for 0.0s steps 0
name: p_831
step: 10000
specie: 20
	particle_diameter: 1.0000000000000000
	interaction_length: 1.2000000000000000
	number_of_patches: 3
	number_of_particles_per_compound: 1
	rod_length: 1.0000000000000000
	interaction_matrix:  1.000000 1.000000 1.000000 1.000000 1.000000 1.000000 1.000000 1.000000 1.000000
	patch_type: symmetric
	patch_width: 8.0000000000000000
	patch_angle: 0.0000000000000000
	angles:  0.000000 0.000000 0.000000
	grand_canonical: 0
	chemical_potential: 0.0000000000000000
box: 18.951535 18.951535
copy: 1.000000 1.000000
epsilon: 0.1667330000000000
end_epsilon: 0.0000000000000000
pressure: 0.4167460000000000
lambda: 0.0000000000000000
lambda_coupling: 1.0000000000000000
uy: 0.0000000000000000
maximum_displacement: 1.0000000000000000
maximum_rotation: 1.0000000000000000
maximum_volume: 1.0000000000000000
maximum_shape: 0.0000001000000000
maximum_dsigma: 0.0100000000000000
mod: 10
pmod: 10
optimize: 1
verbose: 1
snapshot: 0
display: 1
explore: 1
npt: 1
nptxy: 0
nptdxdy: 0
shape: 0
seed: 947638
-55.614304522541 22.996343827627 0.866025403784 0.500000000000
-184.401433597403 162.989252526402 0.866025403784 0.500000000000
206.979269836080 -39.026767920886 0.866025403784 -0.500000000000
-36.539789921119 -28.173939588674 0.000000000000 1.000000000000
3.679057367242 168.991348608572 0.866025403784 -0.500000000000
-32.061652584276 -32.601322096628 0.000000000000 1.000000000000
-24.203040720511 115.915547642131 0.866025403784 -0.500000000000
30.876731569800 163.850438121550 0.000000000000 1.000000000000
-76.299051120525 55.447028993970 0.000000000000 1.000000000000
147.037527742009 -40.275232110567 0.866025403784 0.500000000000
2.148689422208 78.607057465941 0.866025403784 0.500000000000
-26.004304532278 -57.993663070324 0.866025403784 0.500000000000
103.414811630000 -182.185072905281 0.866025403784 0.500000000000
46.709630813996 51.504153854274 0.866025403784 0.500000000000
67.804016969029 -138.346989097344 0.866025403784 -0.500000000000
10.798353818338 94.040594291212 0.866025403784 -0.500000000000
-133.443775263149 -144.963070122714 0.866025403784 0.500000000000
-122.383046014190 -13.932591160975 0.000000000000 1.000000000000
119.342804867093 -281.351384601707 0.866025403784 -0.500000000000
-31.488421958685 -34.425685950162 0.000000000000 1.000000000000
