#Configurational_file created 2018-09-14 11:32:21  started 2018-09-14 11:32:20 run for 1.0s steps 0
name: p_837
step: 10000
specie: 20
	particle_diameter: 1.0000000000000000
	interaction_length: 1.2000000000000000
	number_of_patches: 3
	number_of_particles_per_compound: 1
	rod_length: 1.0000000000000000
	interaction_matrix:  1.000000 1.000000 1.000000 1.000000 1.000000 1.000000 1.000000 1.000000 1.000000
	patch_type: symmetric
	patch_width: 8.0000000000000000
	patch_angle: 0.0000000000000000
	angles:  0.000000 0.000000 0.000000
	grand_canonical: 0
	chemical_potential: 0.0000000000000000
box: 12.940531 12.940531
copy: 1.000000 1.000000
epsilon: 0.1667330000000000
end_epsilon: 0.0000000000000000
pressure: 0.9167210000000000
lambda: 0.0000000000000000
lambda_coupling: 1.0000000000000000
uy: 0.0000000000000000
maximum_displacement: 1.0000000000000000
maximum_rotation: 1.0000000000000000
maximum_volume: 1.0000000000000000
maximum_shape: 0.0000001000000000
maximum_dsigma: 0.0100000000000000
mod: 10
pmod: 10
optimize: 1
verbose: 1
snapshot: 0
display: 1
explore: 1
npt: 1
nptxy: 0
nptdxdy: 0
shape: 0
seed: 954460
140.006276755349 111.689003674301 0.000000000000 1.000000000000
48.980970663681 5.085892785748 0.866025403784 -0.500000000000
-5.964974237011 111.821107944123 0.866025403784 0.500000000000
28.788577240948 103.698391897065 0.866025403784 0.500000000000
83.544189641202 -64.525413686331 0.000000000000 1.000000000000
83.615641942154 65.876985575219 0.866025403784 -0.500000000000
37.643288568031 30.187954800262 0.000000000000 1.000000000000
3.360865361227 -89.513985229638 0.000000000000 1.000000000000
43.589816979361 -140.196626338398 0.866025403784 0.500000000000
-54.735311451441 -75.902755884800 0.000000000000 1.000000000000
274.210318585708 58.095660898388 0.000000000000 1.000000000000
-170.094870070291 67.564433347085 0.000000000000 1.000000000000
95.120874068882 68.882597567147 0.000000000000 1.000000000000
88.308781759036 128.362244207133 0.866025403784 -0.500000000000
-34.858501728399 -150.040111293352 0.866025403784 0.500000000000
128.776068478296 45.731911050547 0.000000000000 1.000000000000
112.223334016406 35.280429636067 0.000000000000 1.000000000000
13.170006006446 78.855325905349 0.000000000000 1.000000000000
-217.258905495058 34.280053424276 0.000000000000 1.000000000000
71.779541950517 186.371206460952 0.866025403784 0.500000000000
