#Configurational_file created 2018-09-14 12:00:00  started 2018-09-14 11:59:59 run for 1.0s steps 0
name: p_832
step: 10000
specie: 20
	particle_diameter: 1.0000000000000000
	interaction_length: 1.2000000000000000
	number_of_patches: 3
	number_of_particles_per_compound: 1
	rod_length: 1.0000000000000000
	interaction_matrix:  1.000000 1.000000 1.000000 1.000000 1.000000 1.000000 1.000000 1.000000 1.000000
	patch_type: symmetric
	patch_width: 8.0000000000000000
	patch_angle: 0.0000000000000000
	angles:  0.000000 0.000000 0.000000
	grand_canonical: 0
	chemical_potential: 0.0000000000000000
box: 41.542901 41.542901
copy: 1.000000 1.000000
epsilon: 0.0166670000000000
end_epsilon: 0.0000000000000000
pressure: 0.0250010000000000
lambda: 0.0000000000000000
lambda_coupling: 1.0000000000000000
uy: 0.0000000000000000
maximum_displacement: 1.0000000000000000
maximum_rotation: 1.0000000000000000
maximum_volume: 1.0000000000000000
maximum_shape: 0.0000001000000000
maximum_dsigma: 0.0100000000000000
mod: 10
pmod: 10
optimize: 1
verbose: 1
snapshot: 0
display: 1
explore: 1
npt: 1
nptxy: 0
nptdxdy: 0
shape: 0
seed: 948775
309.598911011463 -118.401737476499 0.866025403784 -0.500000000000
66.946537474321 126.566796401587 0.866025403784 -0.500000000000
-147.716581693737 -30.204013867845 0.866025403784 -0.500000000000
-36.019254010537 120.125541427509 0.866025403784 -0.500000000000
23.328820297436 36.688863085594 0.000000000000 1.000000000000
-140.331017801685 -188.676919255657 0.000000000000 1.000000000000
-16.595760014129 230.046915290543 0.866025403784 -0.500000000000
62.978946605400 79.748692023296 0.866025403784 0.500000000000
87.895643716940 -55.987083372220 0.866025403784 -0.500000000000
-60.240986741029 2.167150145846 0.866025403784 0.500000000000
-36.171475258052 -209.840873289869 0.866025403784 -0.500000000000
-81.554482206410 -419.269882772960 0.866025403784 0.500000000000
182.076570227554 170.990962483836 0.866025403784 0.500000000000
95.508012624649 166.394757593151 0.866025403784 -0.500000000000
-8.917487203914 -92.357717551593 0.866025403784 0.500000000000
211.851586674068 314.771153059996 0.000000000000 1.000000000000
125.761595553009 -87.959581435816 0.866025403784 0.500000000000
-320.779307580127 159.640994535216 0.000000000000 1.000000000000
179.040813890894 196.439171734992 0.866025403784 -0.500000000000
-32.395837108446 -287.411227922610 0.866025403784 -0.500000000000
