#Configurational_file created 2018-09-14 11:32:21  started 2018-09-14 11:32:21 run for 0.0s steps 0
name: p_838
step: 10000
specie: 20
	particle_diameter: 1.0000000000000000
	interaction_length: 1.2000000000000000
	number_of_patches: 3
	number_of_particles_per_compound: 1
	rod_length: 1.0000000000000000
	interaction_matrix:  1.000000 1.000000 1.000000 1.000000 1.000000 1.000000 1.000000 1.000000 1.000000
	patch_type: symmetric
	patch_width: 8.0000000000000000
	patch_angle: 0.0000000000000000
	angles:  0.000000 0.000000 0.000000
	grand_canonical: 0
	chemical_potential: 0.0000000000000000
box: 13.641303 13.641303
copy: 1.000000 1.000000
epsilon: 0.1667330000000000
end_epsilon: 0.0000000000000000
pressure: 1.0000500000000001
lambda: 0.0000000000000000
lambda_coupling: 1.0000000000000000
uy: 0.0000000000000000
maximum_displacement: 1.0000000000000000
maximum_rotation: 1.0000000000000000
maximum_volume: 1.0000000000000000
maximum_shape: 0.0000001000000000
maximum_dsigma: 0.0100000000000000
mod: 10
pmod: 10
optimize: 1
verbose: 1
snapshot: 0
display: 1
explore: 1
npt: 1
nptxy: 0
nptdxdy: 0
shape: 0
seed: 955597
-137.516105893106 32.867840584088 0.866025403784 -0.500000000000
-319.502866575289 -115.223068726419 0.000000000000 1.000000000000
-26.728396813318 -37.260818639096 0.866025403784 -0.500000000000
-133.757289439028 -52.702497977437 0.866025403784 0.500000000000
20.731330550167 151.982769586687 0.866025403784 0.500000000000
39.574653344110 24.204746828885 0.866025403784 -0.500000000000
-88.824674667973 12.662663076201 0.000000000000 1.000000000000
16.487633246576 93.005738086733 0.866025403784 0.500000000000
-32.764472570645 91.384641035183 0.000000000000 1.000000000000
42.401647419408 40.439673833609 0.866025403784 0.500000000000
-3.250824487604 -124.108905258003 0.000000000000 1.000000000000
-8.824997058443 10.256951040972 0.000000000000 1.000000000000
56.583742032460 -218.006308594349 0.866025403784 -0.500000000000
-25.261871837827 -48.324176549579 0.866025403784 0.500000000000
24.606487691635 44.475193467291 0.000000000000 1.000000000000
187.972849046558 75.260995886164 0.866025403784 0.500000000000
14.494458971664 120.175458357656 0.000000000000 1.000000000000
-55.846318669029 -4.546518996856 0.866025403784 0.500000000000
128.829634700020 129.054440235574 0.000000000000 1.000000000000
135.723536360853 109.812706338818 0.000000000000 1.000000000000
