#Configurational_file created 2018-09-14 11:32:22  started 2018-09-14 11:32:21 run for 1.0s steps 0
name: p_839
step: 10000
specie: 20
	particle_diameter: 1.0000000000000000
	interaction_length: 1.2000000000000000
	number_of_patches: 3
	number_of_particles_per_compound: 1
	rod_length: 1.0000000000000000
	interaction_matrix:  1.000000 1.000000 1.000000 1.000000 1.000000 1.000000 1.000000 1.000000 1.000000
	patch_type: symmetric
	patch_width: 8.0000000000000000
	patch_angle: 0.0000000000000000
	angles:  0.000000 0.000000 0.000000
	grand_canonical: 0
	chemical_potential: 0.0000000000000000
box: 13.466160 13.466160
copy: 1.000000 1.000000
epsilon: 0.1667330000000000
end_epsilon: 0.0000000000000000
pressure: 1.0833790000000001
lambda: 0.0000000000000000
lambda_coupling: 1.0000000000000000
uy: 0.0000000000000000
maximum_displacement: 1.0000000000000000
maximum_rotation: 1.0000000000000000
maximum_volume: 1.0000000000000000
maximum_shape: 0.0000001000000000
maximum_dsigma: 0.0100000000000000
mod: 10
pmod: 10
optimize: 1
verbose: 1
snapshot: 0
display: 1
explore: 1
npt: 1
nptxy: 0
nptdxdy: 0
shape: 0
seed: 956734
-70.568718143423 -71.373816694520 0.866025403784 -0.500000000000
-113.147642373050 -137.259387728384 0.866025403784 -0.500000000000
107.910913543485 115.970160171397 0.866025403784 0.500000000000
178.397867250945 95.779056005774 0.866025403784 -0.500000000000
-156.707268868505 45.390741110433 0.000000000000 1.000000000000
69.140700043815 40.960221121223 0.866025403784 -0.500000000000
228.418564113243 -11.210866302714 0.000000000000 1.000000000000
-68.299275893732 -45.550992202810 0.866025403784 -0.500000000000
-127.366123814960 -90.533867807247 0.000000000000 1.000000000000
-44.481438017471 27.797946640840 0.866025403784 -0.500000000000
208.863509968598 -52.127477092533 0.866025403784 0.500000000000
0.272937040341 -106.319472868292 0.000000000000 1.000000000000
-159.039179649308 -98.360114644398 0.866025403784 -0.500000000000
-57.904092848833 100.724957090749 0.866025403784 0.500000000000
40.190871941797 172.129397957285 0.000000000000 1.000000000000
-44.755901150364 -113.769198432926 0.866025403784 -0.500000000000
69.519515091222 -65.508853742576 0.866025403784 -0.500000000000
-70.079560371141 99.724142579699 0.866025403784 -0.500000000000
153.551707566084 41.723658573731 0.000000000000 1.000000000000
-49.824602699485 -44.662974741794 0.866025403784 0.500000000000
