#Configurational_file created 2018-09-14 12:00:02  started 2018-09-14 12:00:02 run for 0.0s steps 0
name: p_835
step: 10000
specie: 20
	particle_diameter: 1.0000000000000000
	interaction_length: 1.2000000000000000
	number_of_patches: 3
	number_of_particles_per_compound: 1
	rod_length: 1.0000000000000000
	interaction_matrix:  1.000000 1.000000 1.000000 1.000000 1.000000 1.000000 1.000000 1.000000 1.000000
	patch_type: symmetric
	patch_width: 8.0000000000000000
	patch_angle: 0.0000000000000000
	angles:  0.000000 0.000000 0.000000
	grand_canonical: 0
	chemical_potential: 0.0000000000000000
box: 50.915519 50.915519
copy: 1.000000 1.000000
epsilon: 0.0166670000000000
end_epsilon: 0.0000000000000000
pressure: 0.0375010000000000
lambda: 0.0000000000000000
lambda_coupling: 1.0000000000000000
uy: 0.0000000000000000
maximum_displacement: 1.0000000000000000
maximum_rotation: 1.0000000000000000
maximum_volume: 1.0000000000000000
maximum_shape: 0.0000001000000000
maximum_dsigma: 0.0100000000000000
mod: 10
pmod: 10
optimize: 1
verbose: 1
snapshot: 0
display: 1
explore: 1
npt: 1
nptxy: 0
nptdxdy: 0
shape: 0
seed: 952186
68.857912789888 -95.232925756264 0.866025403784 -0.500000000000
169.423061308096 50.570793667590 0.866025403784 0.500000000000
-171.077564311797 227.003978118864 0.866025403784 -0.500000000000
-217.247534630523 50.567630706338 0.000000000000 1.000000000000
-174.289156558964 -80.893730863080 0.866025403784 -0.500000000000
97.791421101530 139.253280181624 0.866025403784 0.500000000000
-102.006206171723 6.994136025950 0.866025403784 -0.500000000000
-146.944027762009 147.848209634369 0.000000000000 1.000000000000
-66.788148633207 -217.154239844579 0.000000000000 1.000000000000
-78.853106782183 -8.281971101266 0.000000000000 1.000000000000
-114.591854969591 358.174548069775 0.000000000000 1.000000000000
136.254706699732 -41.691319637879 0.866025403784 -0.500000000000
170.363214495300 42.302408681050 0.000000000000 1.000000000000
-200.719250535916 23.613417187879 0.866025403784 0.500000000000
-62.412613687096 -82.386588708494 0.000000000000 1.000000000000
16.141098378839 49.221515173067 0.866025403784 0.500000000000
321.966227230688 -86.703722749774 0.866025403784 -0.500000000000
202.277453410301 310.697157452500 0.866025403784 0.500000000000
-10.101648406227 19.988747791970 0.866025403784 -0.500000000000
387.723403389831 -146.629432385784 0.866025403784 -0.500000000000
