#Configurational_file created 2018-09-14 11:32:16  started 2018-09-14 11:32:15 run for 1.0s steps 0
name: p_830
step: 10000
specie: 20
	particle_diameter: 1.0000000000000000
	interaction_length: 1.2000000000000000
	number_of_patches: 3
	number_of_particles_per_compound: 1
	rod_length: 1.0000000000000000
	interaction_matrix:  1.000000 1.000000 1.000000 1.000000 1.000000 1.000000 1.000000 1.000000 1.000000
	patch_type: symmetric
	patch_width: 8.0000000000000000
	patch_angle: 0.0000000000000000
	angles:  0.000000 0.000000 0.000000
	grand_canonical: 0
	chemical_potential: 0.0000000000000000
box: 18.875174 18.875174
copy: 1.000000 1.000000
epsilon: 0.1667330000000000
end_epsilon: 0.0000000000000000
pressure: 0.3334170000000000
lambda: 0.0000000000000000
lambda_coupling: 1.0000000000000000
uy: 0.0000000000000000
maximum_displacement: 1.0000000000000000
maximum_rotation: 1.0000000000000000
maximum_volume: 1.0000000000000000
maximum_shape: 0.0000001000000000
maximum_dsigma: 0.0100000000000000
mod: 10
pmod: 10
optimize: 1
verbose: 1
snapshot: 0
display: 1
explore: 1
npt: 1
nptxy: 0
nptdxdy: 0
shape: 0
seed: 946501
-28.064498232890 -35.409685083012 0.866025403784 -0.500000000000
239.292547183160 59.473984736801 0.866025403784 -0.500000000000
-97.766209542096 21.053110081473 0.866025403784 -0.500000000000
-48.951219259667 61.606163685767 0.866025403784 0.500000000000
-88.212511868205 3.141832589002 0.866025403784 -0.500000000000
19.882466719541 156.734405266559 0.866025403784 0.500000000000
59.085443965377 210.040601126155 0.866025403784 0.500000000000
-148.624899656224 -14.844923527711 0.866025403784 0.500000000000
-86.699890690238 -92.598904897415 0.000000000000 1.000000000000
78.438611843192 66.668730868589 0.000000000000 1.000000000000
-36.955980758227 -113.132455937459 0.000000000000 1.000000000000
-142.155900473446 220.407038782933 0.000000000000 1.000000000000
111.876713985247 -9.102771343456 0.866025403784 -0.500000000000
-29.901615203378 -43.723313012579 0.866025403784 -0.500000000000
69.218832715466 119.713960009029 0.866025403784 -0.500000000000
79.407032628770 0.707189327060 0.000000000000 1.000000000000
29.906804860993 -101.553972526048 0.866025403784 0.500000000000
-172.388112094288 -53.430080855584 0.000000000000 1.000000000000
156.734166672417 144.027934707945 0.866025403784 0.500000000000
-112.610633575059 36.028527683607 0.866025403784 0.500000000000
