#Configurational_file created 2018-09-14 12:20:25  started 2018-09-14 12:20:24 run for 1.0s steps 0
name: p_83
step: 10000
specie: 20
	particle_diameter: 1.0000000000000000
	interaction_length: 1.2000000000000000
	number_of_patches: 3
	number_of_particles_per_compound: 1
	rod_length: 1.0000000000000000
	interaction_matrix:  1.000000 1.000000 1.000000 1.000000 1.000000 1.000000 1.000000 1.000000 1.000000
	patch_type: symmetric
	patch_width: 8.0000000000000000
	patch_angle: 0.0000000000000000
	angles:  0.000000 0.000000 0.000000
	grand_canonical: 0
	chemical_potential: 0.0000000000000000
box: 47.533832 47.533832
copy: 1.000000 1.000000
epsilon: 1.3333340000000000
end_epsilon: 0.0000000000000000
pressure: 0.0000010000000000
lambda: 0.0000000000000000
lambda_coupling: 1.0000000000000000
uy: 0.0000000000000000
maximum_displacement: 1.0000000000000000
maximum_rotation: 1.0000000000000000
maximum_volume: 1.0000000000000000
maximum_shape: 0.0000001000000000
maximum_dsigma: 0.0100000000000000
mod: 10
pmod: 10
optimize: 1
verbose: 1
snapshot: 0
display: 1
explore: 1
npt: 1
nptxy: 0
nptdxdy: 0
shape: 0
seed: 97162
69.195165908599 40.948095518443 0.866025403784 -0.500000000000
-19.780748097570 -152.466868485849 0.866025403784 -0.500000000000
275.233465751090 117.985010757991 0.866025403784 -0.500000000000
-203.471302188276 -151.946721842434 0.866025403784 -0.500000000000
285.307545636901 308.688207910527 0.866025403784 0.500000000000
-98.997802760275 95.347058547372 0.866025403784 -0.500000000000
46.829153742631 -118.420756921212 0.866025403784 0.500000000000
92.122222247477 -202.934127734861 0.866025403784 0.500000000000
70.143723598233 -379.840711082185 0.866025403784 0.500000000000
-7.343454116942 -224.289563145433 0.866025403784 0.500000000000
146.942565234743 -46.792177596938 0.866025403784 0.500000000000
143.875967075105 -72.969104372477 0.000000000000 1.000000000000
131.364145972764 257.961741860850 0.866025403784 0.500000000000
-147.565289942512 53.329677678929 0.866025403784 0.500000000000
179.574762975813 10.484553553252 0.866025403784 0.500000000000
62.392771095279 130.974117117542 0.866025403784 0.500000000000
13.188111801311 91.183306367296 0.866025403784 -0.500000000000
81.464981767531 95.307183432722 0.000000000000 1.000000000000
16.585909835192 -314.104283602486 0.000000000000 1.000000000000
253.197246018983 0.488675030420 0.866025403784 -0.500000000000
