#Configurational_file created 2018-09-14 12:00:05  started 2018-09-14 12:00:05 run for 0.0s steps 0
name: p_839
step: 10000
specie: 20
	particle_diameter: 1.0000000000000000
	interaction_length: 1.2000000000000000
	number_of_patches: 3
	number_of_particles_per_compound: 1
	rod_length: 1.0000000000000000
	interaction_matrix:  1.000000 1.000000 1.000000 1.000000 1.000000 1.000000 1.000000 1.000000 1.000000
	patch_type: symmetric
	patch_width: 8.0000000000000000
	patch_angle: 0.0000000000000000
	angles:  0.000000 0.000000 0.000000
	grand_canonical: 0
	chemical_potential: 0.0000000000000000
box: 48.823730 48.823730
copy: 1.000000 1.000000
epsilon: 0.0166670000000000
end_epsilon: 0.0000000000000000
pressure: 0.0541670000000000
lambda: 0.0000000000000000
lambda_coupling: 1.0000000000000000
uy: 0.0000000000000000
maximum_displacement: 1.0000000000000000
maximum_rotation: 1.0000000000000000
maximum_volume: 1.0000000000000000
maximum_shape: 0.0000001000000000
maximum_dsigma: 0.0100000000000000
mod: 10
pmod: 10
optimize: 1
verbose: 1
snapshot: 0
display: 1
explore: 1
npt: 1
nptxy: 0
nptdxdy: 0
shape: 0
seed: 956734
-133.654630345859 243.018444899455 0.866025403784 0.500000000000
271.645797843010 -32.699489525001 0.866025403784 -0.500000000000
-158.839895899472 184.934458290559 0.866025403784 0.500000000000
46.572750411391 333.236481212149 0.000000000000 1.000000000000
45.477628890590 270.936927323393 0.866025403784 -0.500000000000
24.482016636893 27.512155194910 0.000000000000 1.000000000000
-103.307416542150 -170.090669759494 0.866025403784 0.500000000000
-82.857932753823 236.325649440298 0.866025403784 -0.500000000000
62.335791741090 -217.649268985284 0.866025403784 -0.500000000000
223.215794032052 51.456070807999 0.866025403784 0.500000000000
166.099251144447 -258.698171752812 0.866025403784 0.500000000000
79.293069916188 81.254028897387 0.866025403784 -0.500000000000
64.128428946662 -274.440244095178 0.866025403784 -0.500000000000
111.268368289054 -2.266305476792 0.000000000000 1.000000000000
-104.678720436609 141.781169145448 0.866025403784 0.500000000000
258.433106313144 -135.176288403192 0.866025403784 0.500000000000
-53.904599364889 -191.031533075378 0.000000000000 1.000000000000
-42.453060342263 -142.333543792225 0.000000000000 1.000000000000
-389.087310038351 206.234279417790 0.866025403784 0.500000000000
-146.438484410538 -178.277475803321 0.000000000000 1.000000000000
