#Configurational_file created 2018-09-14 11:32:18  started 2018-09-14 11:32:17 run for 1.0s steps 0
name: p_833
step: 10000
specie: 20
	particle_diameter: 1.0000000000000000
	interaction_length: 1.2000000000000000
	number_of_patches: 3
	number_of_particles_per_compound: 1
	rod_length: 1.0000000000000000
	interaction_matrix:  1.000000 1.000000 1.000000 1.000000 1.000000 1.000000 1.000000 1.000000 1.000000
	patch_type: symmetric
	patch_width: 8.0000000000000000
	patch_angle: 0.0000000000000000
	angles:  0.000000 0.000000 0.000000
	grand_canonical: 0
	chemical_potential: 0.0000000000000000
box: 16.132097 16.132097
copy: 1.000000 1.000000
epsilon: 0.1667330000000000
end_epsilon: 0.0000000000000000
pressure: 0.5834040000000000
lambda: 0.0000000000000000
lambda_coupling: 1.0000000000000000
uy: 0.0000000000000000
maximum_displacement: 1.0000000000000000
maximum_rotation: 1.0000000000000000
maximum_volume: 1.0000000000000000
maximum_shape: 0.0000001000000000
maximum_dsigma: 0.0100000000000000
mod: 10
pmod: 10
optimize: 1
verbose: 1
snapshot: 0
display: 1
explore: 1
npt: 1
nptxy: 0
nptdxdy: 0
shape: 0
seed: 949912
15.457008747989 142.765816460654 0.866025403784 -0.500000000000
88.666797448160 -65.163367034942 0.866025403784 -0.500000000000
90.024333842569 -25.163560477616 0.866025403784 -0.500000000000
-98.952145032492 175.392341260679 0.866025403784 -0.500000000000
3.973186996733 -9.606010772055 0.866025403784 -0.500000000000
-46.368673882405 8.564497045068 0.000000000000 1.000000000000
-55.600362757306 2.978798684369 0.866025403784 -0.500000000000
88.898439296609 10.437463097396 0.000000000000 1.000000000000
193.362468920202 12.045018470699 0.866025403784 0.500000000000
-35.891421381246 111.903216878618 0.866025403784 0.500000000000
-122.697928695106 161.634794992228 0.866025403784 0.500000000000
12.582375599532 -14.637062970222 0.866025403784 0.500000000000
139.702155328855 -54.088263227584 0.000000000000 1.000000000000
-90.630260270088 159.288406028285 0.866025403784 -0.500000000000
-79.373609822431 65.275591292240 0.866025403784 -0.500000000000
141.817749060364 -129.119450754822 0.866025403784 -0.500000000000
97.038940032869 14.804807641246 0.866025403784 0.500000000000
9.910865592237 92.579356028020 0.866025403784 0.500000000000
81.049713484366 -18.486304272548 0.000000000000 1.000000000000
-63.170974298611 231.744058527733 0.000000000000 1.000000000000
