#Configurational_file created 2018-09-14 11:59:59  started 2018-09-14 11:59:58 run for 1.0s steps 0
name: p_830
step: 10000
specie: 20
	particle_diameter: 1.0000000000000000
	interaction_length: 1.2000000000000000
	number_of_patches: 3
	number_of_particles_per_compound: 1
	rod_length: 1.0000000000000000
	interaction_matrix:  1.000000 1.000000 1.000000 1.000000 1.000000 1.000000 1.000000 1.000000 1.000000
	patch_type: symmetric
	patch_width: 8.0000000000000000
	patch_angle: 0.0000000000000000
	angles:  0.000000 0.000000 0.000000
	grand_canonical: 0
	chemical_potential: 0.0000000000000000
box: 47.764670 47.764670
copy: 1.000000 1.000000
epsilon: 0.0166670000000000
end_epsilon: 0.0000000000000000
pressure: 0.0166680000000000
lambda: 0.0000000000000000
lambda_coupling: 1.0000000000000000
uy: 0.0000000000000000
maximum_displacement: 1.0000000000000000
maximum_rotation: 1.0000000000000000
maximum_volume: 1.0000000000000000
maximum_shape: 0.0000001000000000
maximum_dsigma: 0.0100000000000000
mod: 10
pmod: 10
optimize: 1
verbose: 1
snapshot: 0
display: 1
explore: 1
npt: 1
nptxy: 0
nptdxdy: 0
shape: 0
seed: 946501
79.378271169781 -270.405838418944 0.866025403784 -0.500000000000
246.434163769416 -105.776066234929 0.866025403784 -0.500000000000
28.547779264501 161.369987486257 0.866025403784 0.500000000000
222.414223936532 -44.044216864546 0.000000000000 1.000000000000
-254.559771978807 14.866295117759 0.866025403784 0.500000000000
157.193189661905 -83.331904507221 0.866025403784 0.500000000000
77.377813322473 233.223691724738 0.866025403784 0.500000000000
-86.244502022636 -119.624406221186 0.866025403784 -0.500000000000
-77.463384886507 -141.391298618941 0.866025403784 0.500000000000
135.211132194843 203.006407454329 0.866025403784 0.500000000000
7.059554650484 -49.269350304039 0.866025403784 0.500000000000
-242.175534531219 292.992746354630 0.000000000000 1.000000000000
31.333584562617 -49.018512838993 0.866025403784 -0.500000000000
-71.121683025858 -28.958620744953 0.000000000000 1.000000000000
-30.261289921986 41.141982725796 0.000000000000 1.000000000000
245.471028813624 161.553300009456 0.866025403784 0.500000000000
81.097156786912 -6.662764768110 0.866025403784 -0.500000000000
31.884813541573 -108.572079857017 0.866025403784 0.500000000000
-4.172546232246 -11.956962124479 0.866025403784 -0.500000000000
-11.478372471398 -35.816114078979 0.866025403784 -0.500000000000
