#Configurational_file created 2018-09-14 11:32:29  started 2018-09-14 11:32:28 run for 1.0s steps 0
name: p_847
step: 10000
specie: 20
	particle_diameter: 1.0000000000000000
	interaction_length: 1.2000000000000000
	number_of_patches: 3
	number_of_particles_per_compound: 1
	rod_length: 1.0000000000000000
	interaction_matrix:  1.000000 1.000000 1.000000 1.000000 1.000000 1.000000 1.000000 1.000000 1.000000
	patch_type: symmetric
	patch_width: 8.0000000000000000
	patch_angle: 0.0000000000000000
	angles:  0.000000 0.000000 0.000000
	grand_canonical: 0
	chemical_potential: 0.0000000000000000
box: 8.500136 8.500136
copy: 1.000000 1.000000
epsilon: 0.1667330000000000
end_epsilon: 0.0000000000000000
pressure: 1.7500119999999999
lambda: 0.0000000000000000
lambda_coupling: 1.0000000000000000
uy: 0.0000000000000000
maximum_displacement: 1.0000000000000000
maximum_rotation: 1.0000000000000000
maximum_volume: 1.0000000000000000
maximum_shape: 0.0000001000000000
maximum_dsigma: 0.0100000000000000
mod: 10
pmod: 10
optimize: 1
verbose: 1
snapshot: 0
display: 1
explore: 1
npt: 1
nptxy: 0
nptdxdy: 0
shape: 0
seed: 965830
54.965636935465 26.421716919047 0.866025403784 -0.500000000000
15.305353052870 40.845118591891 0.866025403784 -0.500000000000
50.341790047625 13.138423444361 0.000000000000 1.000000000000
35.064589750163 19.268003440602 0.866025403784 0.500000000000
102.438353135930 125.281720443880 0.866025403784 0.500000000000
-30.766227952209 -36.582230658464 0.866025403784 -0.500000000000
-151.527976740567 -26.116013930730 0.000000000000 1.000000000000
27.858989985476 55.448039822333 0.866025403784 0.500000000000
4.039956594153 -60.761572241715 0.866025403784 0.500000000000
67.145830912756 94.175098695505 0.866025403784 0.500000000000
-147.122793594691 3.916332225128 0.000000000000 1.000000000000
82.039296020732 -27.338518051097 0.866025403784 0.500000000000
33.502663919347 27.523446794964 0.866025403784 -0.500000000000
-60.172352711034 92.871419963184 0.866025403784 0.500000000000
23.213219758828 -24.048280576646 0.000000000000 1.000000000000
-79.226023028217 72.981866876065 0.866025403784 -0.500000000000
60.656972395488 86.013530749611 0.866025403784 0.500000000000
-62.361730700415 -86.015671857928 0.866025403784 -0.500000000000
-32.774328407265 48.355416199303 0.000000000000 1.000000000000
-30.462060208784 64.627726612979 0.866025403784 0.500000000000
