#Configurational_file created 2018-09-14 11:32:24  started 2018-09-14 11:32:24 run for 0.0s steps 0
name: p_842
step: 10000
specie: 20
	particle_diameter: 1.0000000000000000
	interaction_length: 1.2000000000000000
	number_of_patches: 3
	number_of_particles_per_compound: 1
	rod_length: 1.0000000000000000
	interaction_matrix:  1.000000 1.000000 1.000000 1.000000 1.000000 1.000000 1.000000 1.000000 1.000000
	patch_type: symmetric
	patch_width: 8.0000000000000000
	patch_angle: 0.0000000000000000
	angles:  0.000000 0.000000 0.000000
	grand_canonical: 0
	chemical_potential: 0.0000000000000000
box: 10.414343 10.414343
copy: 1.000000 1.000000
epsilon: 0.1667330000000000
end_epsilon: 0.0000000000000000
pressure: 1.3333670000000000
lambda: 0.0000000000000000
lambda_coupling: 1.0000000000000000
uy: 0.0000000000000000
maximum_displacement: 1.0000000000000000
maximum_rotation: 1.0000000000000000
maximum_volume: 1.0000000000000000
maximum_shape: 0.0000001000000000
maximum_dsigma: 0.0100000000000000
mod: 10
pmod: 10
optimize: 1
verbose: 1
snapshot: 0
display: 1
explore: 1
npt: 1
nptxy: 0
nptdxdy: 0
shape: 0
seed: 960145
96.603713206823 34.883042783764 0.000000000000 1.000000000000
206.679504920257 -77.153973661040 0.866025403784 -0.500000000000
95.149804457137 -44.244714610642 0.866025403784 -0.500000000000
40.136719037994 115.997137522753 0.866025403784 -0.500000000000
3.371198144751 15.771845377322 0.000000000000 1.000000000000
-44.412012202739 -95.157267299923 0.866025403784 0.500000000000
-27.013361063466 85.626891194385 0.866025403784 0.500000000000
-29.132729952740 -134.138461874496 0.866025403784 -0.500000000000
105.143126415468 -19.925149457220 0.000000000000 1.000000000000
130.879295313961 106.155207548399 0.866025403784 0.500000000000
73.191978129956 0.572238959728 0.866025403784 0.500000000000
-2.493627795334 -229.061673612887 0.866025403784 0.500000000000
119.070796261927 142.786566980064 0.866025403784 -0.500000000000
-18.024256810495 62.589498435530 0.866025403784 0.500000000000
73.636996194223 117.403464612877 0.866025403784 0.500000000000
-52.090283303930 69.455220812582 0.000000000000 1.000000000000
109.014254288631 -68.188923590399 0.000000000000 1.000000000000
37.430231929128 66.060695633004 0.000000000000 1.000000000000
-15.488624876181 68.110935445462 0.866025403784 0.500000000000
-48.989132098772 -46.185837173335 0.866025403784 -0.500000000000
