#Configurational_file created 2018-09-14 11:32:25  started 2018-09-14 11:32:24 run for 1.0s steps 0
name: p_843
step: 10000
specie: 20
	particle_diameter: 1.0000000000000000
	interaction_length: 1.2000000000000000
	number_of_patches: 3
	number_of_particles_per_compound: 1
	rod_length: 1.0000000000000000
	interaction_matrix:  1.000000 1.000000 1.000000 1.000000 1.000000 1.000000 1.000000 1.000000 1.000000
	patch_type: symmetric
	patch_width: 8.0000000000000000
	patch_angle: 0.0000000000000000
	angles:  0.000000 0.000000 0.000000
	grand_canonical: 0
	chemical_potential: 0.0000000000000000
box: 11.305670 11.305670
copy: 1.000000 1.000000
epsilon: 0.1667330000000000
end_epsilon: 0.0000000000000000
pressure: 1.4166960000000000
lambda: 0.0000000000000000
lambda_coupling: 1.0000000000000000
uy: 0.0000000000000000
maximum_displacement: 1.0000000000000000
maximum_rotation: 1.0000000000000000
maximum_volume: 1.0000000000000000
maximum_shape: 0.0000001000000000
maximum_dsigma: 0.0100000000000000
mod: 10
pmod: 10
optimize: 1
verbose: 1
snapshot: 0
display: 1
explore: 1
npt: 1
nptxy: 0
nptdxdy: 0
shape: 0
seed: 961282
-0.772555986157 21.986378681590 0.866025403784 -0.500000000000
-12.247836102394 30.403504503143 0.866025403784 0.500000000000
23.963530644962 -275.470766781101 0.866025403784 0.500000000000
-122.362677374107 -118.729236840486 0.000000000000 1.000000000000
79.306998420865 106.375804417141 0.000000000000 1.000000000000
-81.591042361172 -50.928512584401 0.866025403784 -0.500000000000
78.101750988145 149.114041045454 0.000000000000 1.000000000000
-21.491767004212 -32.019648742436 0.000000000000 1.000000000000
66.894706926813 71.085226596950 0.866025403784 -0.500000000000
16.096186980724 26.219732158562 0.866025403784 -0.500000000000
46.220142853872 89.295254687198 0.866025403784 0.500000000000
110.354487325395 37.383109596053 0.000000000000 1.000000000000
187.642391089797 222.753355360987 0.866025403784 0.500000000000
72.189432822064 -100.170518262785 0.000000000000 1.000000000000
10.079883389160 -27.810400455781 0.866025403784 0.500000000000
70.140936877406 -29.405195063499 0.000000000000 1.000000000000
-120.812967399998 54.687014781751 0.866025403784 0.500000000000
46.737394562525 53.421456635335 0.866025403784 0.500000000000
2.160210323438 147.118830477443 0.000000000000 1.000000000000
65.190359209556 -47.930606818317 0.866025403784 0.500000000000
