#Configurational_file created 2018-09-14 11:32:26  started 2018-09-14 11:32:25 run for 1.0s steps 0
name: p_844
step: 10000
specie: 20
	particle_diameter: 1.0000000000000000
	interaction_length: 1.2000000000000000
	number_of_patches: 3
	number_of_particles_per_compound: 1
	rod_length: 1.0000000000000000
	interaction_matrix:  1.000000 1.000000 1.000000 1.000000 1.000000 1.000000 1.000000 1.000000 1.000000
	patch_type: symmetric
	patch_width: 8.0000000000000000
	patch_angle: 0.0000000000000000
	angles:  0.000000 0.000000 0.000000
	grand_canonical: 0
	chemical_potential: 0.0000000000000000
box: 9.934466 9.934466
copy: 1.000000 1.000000
epsilon: 0.1667330000000000
end_epsilon: 0.0000000000000000
pressure: 1.5000249999999999
lambda: 0.0000000000000000
lambda_coupling: 1.0000000000000000
uy: 0.0000000000000000
maximum_displacement: 1.0000000000000000
maximum_rotation: 1.0000000000000000
maximum_volume: 1.0000000000000000
maximum_shape: 0.0000001000000000
maximum_dsigma: 0.0100000000000000
mod: 10
pmod: 10
optimize: 1
verbose: 1
snapshot: 0
display: 1
explore: 1
npt: 1
nptxy: 0
nptdxdy: 0
shape: 0
seed: 962419
-11.825546321794 -57.696784831153 0.866025403784 0.500000000000
22.621981681283 55.678244798095 0.866025403784 -0.500000000000
132.930653981363 -43.532867996027 0.866025403784 0.500000000000
-31.767507116337 10.208549254778 0.000000000000 1.000000000000
17.042277613002 45.589758385842 0.866025403784 -0.500000000000
65.037404023325 49.205684304100 0.866025403784 0.500000000000
76.292905384503 137.302214831851 0.866025403784 -0.500000000000
-48.893133865126 89.400220019005 0.866025403784 0.500000000000
62.771970880575 49.256126070233 0.866025403784 -0.500000000000
-46.975612805573 32.691342528486 0.000000000000 1.000000000000
-39.551603850216 -65.607523583329 0.866025403784 0.500000000000
-5.555063358713 -58.875781652453 0.866025403784 0.500000000000
100.243966202471 80.520810714801 0.866025403784 -0.500000000000
31.969351570723 -5.674315822368 0.866025403784 0.500000000000
-40.755107671614 63.433722803842 0.866025403784 0.500000000000
-1.858395812772 35.466613621615 0.866025403784 0.500000000000
-16.156496994607 3.264246707352 0.866025403784 -0.500000000000
57.563682185481 106.116978394118 0.866025403784 -0.500000000000
86.645647186596 -19.193058259044 0.866025403784 0.500000000000
23.388438505576 58.188340866669 0.866025403784 0.500000000000
