#Configurational_file created 2018-09-14 12:00:08  started 2018-09-14 12:00:07 run for 1.0s steps 0
name: p_843
step: 10000
specie: 20
	particle_diameter: 1.0000000000000000
	interaction_length: 1.2000000000000000
	number_of_patches: 3
	number_of_particles_per_compound: 1
	rod_length: 1.0000000000000000
	interaction_matrix:  1.000000 1.000000 1.000000 1.000000 1.000000 1.000000 1.000000 1.000000 1.000000
	patch_type: symmetric
	patch_width: 8.0000000000000000
	patch_angle: 0.0000000000000000
	angles:  0.000000 0.000000 0.000000
	grand_canonical: 0
	chemical_potential: 0.0000000000000000
box: 55.601282 55.601282
copy: 1.000000 1.000000
epsilon: 0.0166670000000000
end_epsilon: 0.0000000000000000
pressure: 0.0708340000000000
lambda: 0.0000000000000000
lambda_coupling: 1.0000000000000000
uy: 0.0000000000000000
maximum_displacement: 1.0000000000000000
maximum_rotation: 1.0000000000000000
maximum_volume: 1.0000000000000000
maximum_shape: 0.0000001000000000
maximum_dsigma: 0.0100000000000000
mod: 10
pmod: 10
optimize: 1
verbose: 1
snapshot: 0
display: 1
explore: 1
npt: 1
nptxy: 0
nptdxdy: 0
shape: 0
seed: 961282
-79.584497111461 353.126455547778 0.866025403784 0.500000000000
215.460552649461 61.325742006977 0.866025403784 0.500000000000
124.606253868236 -9.719412948968 0.000000000000 1.000000000000
-173.907937294390 138.730591485845 0.000000000000 1.000000000000
341.790043216929 111.041150219466 0.866025403784 0.500000000000
-274.492744109107 499.018755981319 0.866025403784 0.500000000000
235.746254782451 225.959767832875 0.866025403784 0.500000000000
130.652758221270 226.214594519656 0.866025403784 -0.500000000000
-251.987554225407 61.909351925191 0.866025403784 -0.500000000000
63.613242171876 7.833499027122 0.866025403784 0.500000000000
-420.984195265048 71.715963990454 0.866025403784 0.500000000000
89.758355751808 -40.544976319373 0.866025403784 -0.500000000000
336.808466267982 360.607359090582 0.866025403784 0.500000000000
356.863529703340 -71.405550522666 0.866025403784 0.500000000000
136.922209909459 315.550303464374 0.866025403784 0.500000000000
14.537155621750 58.155468921161 0.866025403784 -0.500000000000
-197.785590863377 40.973733214274 0.866025403784 0.500000000000
44.062049728178 322.736247793674 0.000000000000 1.000000000000
110.855917155635 208.955709935982 0.000000000000 1.000000000000
-55.257332039868 -88.488572829470 0.866025403784 -0.500000000000
