#Configurational_file created 2018-09-14 11:32:28  started 2018-09-14 11:32:27 run for 1.0s steps 0
name: p_846
step: 10000
specie: 20
	particle_diameter: 1.0000000000000000
	interaction_length: 1.2000000000000000
	number_of_patches: 3
	number_of_particles_per_compound: 1
	rod_length: 1.0000000000000000
	interaction_matrix:  1.000000 1.000000 1.000000 1.000000 1.000000 1.000000 1.000000 1.000000 1.000000
	patch_type: symmetric
	patch_width: 8.0000000000000000
	patch_angle: 0.0000000000000000
	angles:  0.000000 0.000000 0.000000
	grand_canonical: 0
	chemical_potential: 0.0000000000000000
box: 10.142870 10.142870
copy: 1.000000 1.000000
epsilon: 0.1667330000000000
end_epsilon: 0.0000000000000000
pressure: 1.6666829999999999
lambda: 0.0000000000000000
lambda_coupling: 1.0000000000000000
uy: 0.0000000000000000
maximum_displacement: 1.0000000000000000
maximum_rotation: 1.0000000000000000
maximum_volume: 1.0000000000000000
maximum_shape: 0.0000001000000000
maximum_dsigma: 0.0100000000000000
mod: 10
pmod: 10
optimize: 1
verbose: 1
snapshot: 0
display: 1
explore: 1
npt: 1
nptxy: 0
nptdxdy: 0
shape: 0
seed: 964693
-172.975182385464 38.982683480471 0.866025403784 -0.500000000000
-47.854837142564 -69.109418980894 0.000000000000 1.000000000000
-292.005821210349 -29.916774248622 0.866025403784 0.500000000000
-58.523325405749 -93.432771028863 0.866025403784 0.500000000000
-83.097450080863 14.672328038828 0.866025403784 0.500000000000
50.035701663380 -68.499857508295 0.866025403784 -0.500000000000
-106.213349208334 111.621773441029 0.866025403784 -0.500000000000
31.314745263691 0.893394116529 0.866025403784 0.500000000000
39.967406549903 -59.304507300906 0.000000000000 1.000000000000
-57.718593858508 43.868057340098 0.000000000000 1.000000000000
118.799927624369 -67.882615375500 0.866025403784 -0.500000000000
-22.731839825998 -163.876518775794 0.866025403784 0.500000000000
-81.890158398470 -23.108984503196 0.866025403784 0.500000000000
-100.997422885784 70.627649371874 0.000000000000 1.000000000000
114.628405941877 179.125623711829 0.000000000000 1.000000000000
40.074307230079 4.254111241628 0.000000000000 1.000000000000
-34.769619666909 7.962233901909 0.866025403784 -0.500000000000
-83.085284346376 19.131668434210 0.866025403784 -0.500000000000
-83.599480571203 -120.398727988730 0.000000000000 1.000000000000
147.279334168488 -55.250483775188 0.000000000000 1.000000000000
