#Configurational_file created 2018-09-14 11:32:24  started 2018-09-14 11:32:23 run for 1.0s steps 0
name: p_841
step: 10000
specie: 20
	particle_diameter: 1.0000000000000000
	interaction_length: 1.2000000000000000
	number_of_patches: 3
	number_of_particles_per_compound: 1
	rod_length: 1.0000000000000000
	interaction_matrix:  1.000000 1.000000 1.000000 1.000000 1.000000 1.000000 1.000000 1.000000 1.000000
	patch_type: symmetric
	patch_width: 8.0000000000000000
	patch_angle: 0.0000000000000000
	angles:  0.000000 0.000000 0.000000
	grand_canonical: 0
	chemical_potential: 0.0000000000000000
box: 11.690900 11.690900
copy: 1.000000 1.000000
epsilon: 0.1667330000000000
end_epsilon: 0.0000000000000000
pressure: 1.2500370000000001
lambda: 0.0000000000000000
lambda_coupling: 1.0000000000000000
uy: 0.0000000000000000
maximum_displacement: 1.0000000000000000
maximum_rotation: 1.0000000000000000
maximum_volume: 1.0000000000000000
maximum_shape: 0.0000001000000000
maximum_dsigma: 0.0100000000000000
mod: 10
pmod: 10
optimize: 1
verbose: 1
snapshot: 0
display: 1
explore: 1
npt: 1
nptxy: 0
nptdxdy: 0
shape: 0
seed: 959008
-22.708561214607 -97.279423176768 0.000000000000 1.000000000000
20.933843861452 -60.691014010689 0.000000000000 1.000000000000
139.028311884615 26.712611564446 0.866025403784 -0.500000000000
-252.452709269502 146.647021046698 0.866025403784 0.500000000000
53.197069210919 63.182723918821 0.866025403784 -0.500000000000
167.021883826032 49.831535001328 0.000000000000 1.000000000000
69.328925093988 -231.727162761803 0.866025403784 0.500000000000
-63.234448603022 56.198748267402 0.866025403784 0.500000000000
78.723385003639 95.022329360173 0.000000000000 1.000000000000
16.388963818320 33.657643313927 0.866025403784 0.500000000000
-201.626588580679 -61.976592148036 0.866025403784 -0.500000000000
52.020945141147 118.872325478230 0.000000000000 1.000000000000
46.032561392029 191.752112054565 0.866025403784 -0.500000000000
20.723638959677 -23.503147964868 0.866025403784 0.500000000000
5.199786003086 -42.312421121556 0.000000000000 1.000000000000
-40.041030787369 -33.114940631875 0.866025403784 -0.500000000000
-28.347350705694 -51.700347356583 0.866025403784 0.500000000000
88.764114994574 -57.982008518383 0.866025403784 0.500000000000
-24.611867163490 -74.257822447997 0.866025403784 -0.500000000000
-31.712974738466 79.658993791191 0.000000000000 1.000000000000
