#Configurational_file created 2018-09-14 11:06:29  started 2018-09-14 11:06:28 run for 1.0s steps 0
name: p_84
step: 10000
specie: 20
	particle_diameter: 1.0000000000000000
	interaction_length: 1.2000000000000000
	number_of_patches: 3
	number_of_particles_per_compound: 1
	rod_length: 1.0000000000000000
	interaction_matrix:  1.000000 1.000000 1.000000 1.000000 1.000000 1.000000 1.000000 1.000000 1.000000
	patch_type: symmetric
	patch_width: 8.0000000000000000
	patch_angle: 0.0000000000000000
	angles:  0.000000 0.000000 0.000000
	grand_canonical: 0
	chemical_potential: 0.0000000000000000
box: 14.545793 14.545793
copy: 1.000000 1.000000
epsilon: 0.1429290000000000
end_epsilon: 0.0000000000000000
pressure: 0.8572000000000000
lambda: 0.0000000000000000
lambda_coupling: 1.0000000000000000
uy: 0.0000000000000000
maximum_displacement: 1.0000000000000000
maximum_rotation: 1.0000000000000000
maximum_volume: 1.0000000000000000
maximum_shape: 0.0000001000000000
maximum_dsigma: 0.0100000000000000
mod: 10
pmod: 10
optimize: 1
verbose: 1
snapshot: 0
display: 1
explore: 1
npt: 1
nptxy: 0
nptdxdy: 0
shape: 0
seed: 98378
52.432967561201 200.000904331960 0.866025403784 0.500000000000
-8.517849878423 -36.981757910636 0.866025403784 -0.500000000000
206.282727066328 145.556663368253 0.866025403784 0.500000000000
-17.959798167687 -112.506148512264 0.000000000000 1.000000000000
-30.690878896418 32.766968530028 0.866025403784 0.500000000000
107.447511272510 48.412916842217 0.866025403784 -0.500000000000
-8.789617304694 60.602382021815 0.866025403784 0.500000000000
-153.191300364835 -59.208200083832 0.000000000000 1.000000000000
-138.955452247205 127.598410646927 0.866025403784 0.500000000000
38.462112732621 182.346803037554 0.866025403784 -0.500000000000
-21.712289059503 2.370089480364 0.866025403784 0.500000000000
-188.709229849467 -8.106362629804 0.866025403784 -0.500000000000
-66.662131973274 -45.045323033256 0.866025403784 -0.500000000000
46.632030296679 -44.516653743577 0.866025403784 0.500000000000
-193.933105114301 -23.647354375552 0.866025403784 -0.500000000000
-7.309857289051 79.769421218457 0.866025403784 0.500000000000
173.012954175442 72.072293907785 0.866025403784 -0.500000000000
-9.567154724379 28.582667659016 0.866025403784 -0.500000000000
21.572297764660 93.078219669190 0.866025403784 0.500000000000
-59.362011154181 -167.421027445318 0.000000000000 1.000000000000
