#Configurational_file created 2018-09-14 12:20:26  started 2018-09-14 12:20:25 run for 1.0s steps 0
name: p_84
step: 10000
specie: 20
	particle_diameter: 1.0000000000000000
	interaction_length: 1.2000000000000000
	number_of_patches: 3
	number_of_particles_per_compound: 1
	rod_length: 1.0000000000000000
	interaction_matrix:  1.000000 1.000000 1.000000 1.000000 1.000000 1.000000 1.000000 1.000000 1.000000
	patch_type: symmetric
	patch_width: 8.0000000000000000
	patch_angle: 0.0000000000000000
	angles:  0.000000 0.000000 0.000000
	grand_canonical: 0
	chemical_potential: 0.0000000000000000
box: 12.641677 12.641677
copy: 1.000000 1.000000
epsilon: 1.3333340000000000
end_epsilon: 0.0000000000000000
pressure: 0.1000000000000000
lambda: 0.0000000000000000
lambda_coupling: 1.0000000000000000
uy: 0.0000000000000000
maximum_displacement: 1.0000000000000000
maximum_rotation: 1.0000000000000000
maximum_volume: 1.0000000000000000
maximum_shape: 0.0000001000000000
maximum_dsigma: 0.0100000000000000
mod: 10
pmod: 10
optimize: 1
verbose: 1
snapshot: 0
display: 1
explore: 1
npt: 1
nptxy: 0
nptdxdy: 0
shape: 0
seed: 98299
25.551444434401 9.778264628764 0.866025403784 -0.500000000000
23.612918394240 -71.920817021262 0.866025403784 0.500000000000
-131.522247446267 -26.181145356266 0.000000000000 1.000000000000
-49.117475486400 44.951370738869 0.866025403784 -0.500000000000
-84.259841374520 48.020523130718 0.866025403784 -0.500000000000
40.001131775874 -100.431467515364 0.000000000000 1.000000000000
-36.396574285582 -31.021961063265 0.000000000000 1.000000000000
17.985905341010 27.847400945633 0.866025403784 -0.500000000000
-67.492622280612 88.431703776393 0.000000000000 1.000000000000
47.956556959556 187.414728579126 0.000000000000 1.000000000000
78.120560088750 31.087659262135 0.000000000000 1.000000000000
-8.589039143177 55.278011207798 0.866025403784 0.500000000000
-72.803070357605 39.591137112937 0.866025403784 -0.500000000000
-154.913232660387 1.196137823864 0.000000000000 1.000000000000
-65.804707620421 -80.306285903396 0.866025403784 0.500000000000
39.273596787361 -22.890779763052 0.866025403784 0.500000000000
-96.275773110422 -45.447166394388 0.866025403784 -0.500000000000
12.025747620158 -55.789518175527 0.000000000000 1.000000000000
64.351813531134 48.119248783930 0.000000000000 1.000000000000
-46.129867181575 63.025421091501 0.866025403784 0.500000000000
