#Configurational_file created 2018-09-14 11:32:27  started 2018-09-14 11:32:26 run for 1.0s steps 0
name: p_845
step: 10000
specie: 20
	particle_diameter: 1.0000000000000000
	interaction_length: 1.2000000000000000
	number_of_patches: 3
	number_of_particles_per_compound: 1
	rod_length: 1.0000000000000000
	interaction_matrix:  1.000000 1.000000 1.000000 1.000000 1.000000 1.000000 1.000000 1.000000 1.000000
	patch_type: symmetric
	patch_width: 8.0000000000000000
	patch_angle: 0.0000000000000000
	angles:  0.000000 0.000000 0.000000
	grand_canonical: 0
	chemical_potential: 0.0000000000000000
box: 10.356681 10.356681
copy: 1.000000 1.000000
epsilon: 0.1667330000000000
end_epsilon: 0.0000000000000000
pressure: 1.5833539999999999
lambda: 0.0000000000000000
lambda_coupling: 1.0000000000000000
uy: 0.0000000000000000
maximum_displacement: 1.0000000000000000
maximum_rotation: 1.0000000000000000
maximum_volume: 1.0000000000000000
maximum_shape: 0.0000001000000000
maximum_dsigma: 0.0100000000000000
mod: 10
pmod: 10
optimize: 1
verbose: 1
snapshot: 0
display: 1
explore: 1
npt: 1
nptxy: 0
nptdxdy: 0
shape: 0
seed: 963556
-46.020319857798 -140.908596867301 0.000000000000 1.000000000000
-42.138051470819 -18.395103704637 0.866025403784 0.500000000000
27.251745616993 -90.325823745177 0.866025403784 0.500000000000
110.932800019060 -31.118368342801 0.866025403784 0.500000000000
114.522158780767 62.914916454908 0.000000000000 1.000000000000
-39.304775752270 -184.045848986418 0.000000000000 1.000000000000
11.460135150817 -24.935881601191 0.866025403784 -0.500000000000
-23.398884468122 82.025118895991 0.000000000000 1.000000000000
-58.943929936870 117.890181522931 0.866025403784 -0.500000000000
21.492665183841 -42.458280206038 0.866025403784 -0.500000000000
37.187728853226 48.592920347539 0.866025403784 0.500000000000
-77.951829746083 -69.432008308956 0.866025403784 -0.500000000000
19.753238819217 19.977815988341 0.866025403784 0.500000000000
2.127980994716 -25.522619296436 0.000000000000 1.000000000000
-22.480823394281 -48.682919520163 0.866025403784 -0.500000000000
-4.498629480727 19.509167368605 0.866025403784 0.500000000000
97.677614770219 73.948450463537 0.866025403784 -0.500000000000
34.417084373975 7.179055028601 0.000000000000 1.000000000000
15.905056066673 -70.778385835163 0.866025403784 0.500000000000
90.773960869710 84.659396675077 0.866025403784 0.500000000000
