#Configurational_file created 2018-09-14 12:00:12  started 2018-09-14 12:00:11 run for 1.0s steps 0
name: p_848
step: 10000
specie: 20
	particle_diameter: 1.0000000000000000
	interaction_length: 1.2000000000000000
	number_of_patches: 3
	number_of_particles_per_compound: 1
	rod_length: 1.0000000000000000
	interaction_matrix:  1.000000 1.000000 1.000000 1.000000 1.000000 1.000000 1.000000 1.000000 1.000000
	patch_type: symmetric
	patch_width: 8.0000000000000000
	patch_angle: 0.0000000000000000
	angles:  0.000000 0.000000 0.000000
	grand_canonical: 0
	chemical_potential: 0.0000000000000000
box: 46.927221 46.927221
copy: 1.000000 1.000000
epsilon: 0.0166670000000000
end_epsilon: 0.0000000000000000
pressure: 0.0916670000000000
lambda: 0.0000000000000000
lambda_coupling: 1.0000000000000000
uy: 0.0000000000000000
maximum_displacement: 1.0000000000000000
maximum_rotation: 1.0000000000000000
maximum_volume: 1.0000000000000000
maximum_shape: 0.0000001000000000
maximum_dsigma: 0.0100000000000000
mod: 10
pmod: 10
optimize: 1
verbose: 1
snapshot: 0
display: 1
explore: 1
npt: 1
nptxy: 0
nptdxdy: 0
shape: 0
seed: 966967
-100.148590775059 127.060137649848 0.866025403784 -0.500000000000
124.854578912710 33.005616335444 0.000000000000 1.000000000000
29.839720093948 57.430985956572 0.866025403784 -0.500000000000
-150.241400016992 -27.400193178706 0.866025403784 0.500000000000
2.860250151401 -191.260213379445 0.866025403784 -0.500000000000
25.399501435270 317.905511108922 0.866025403784 0.500000000000
224.748384891121 -52.019836961545 0.866025403784 0.500000000000
77.645382903464 403.019957819264 0.866025403784 0.500000000000
-143.976975940504 -189.970392904795 0.000000000000 1.000000000000
41.209544275384 -119.112246057773 0.866025403784 -0.500000000000
184.943214742930 148.978067791573 0.866025403784 0.500000000000
68.308659869142 9.940918980872 0.866025403784 -0.500000000000
102.254687213031 59.288603464240 0.866025403784 0.500000000000
-58.893440474761 -19.124138301706 0.000000000000 1.000000000000
104.677261915538 -24.473410763801 0.000000000000 1.000000000000
114.944562844701 -11.270242794010 0.866025403784 -0.500000000000
-85.324202034023 143.708864939474 0.000000000000 1.000000000000
-67.093913231109 -50.613509127781 0.866025403784 -0.500000000000
202.925422152948 91.226983301751 0.000000000000 1.000000000000
24.477343553252 -120.224754477590 0.866025403784 -0.500000000000
