#Configurational_file created 2018-09-14 12:00:09  started 2018-09-14 12:00:08 run for 1.0s steps 0
name: p_844
step: 10000
specie: 20
	particle_diameter: 1.0000000000000000
	interaction_length: 1.2000000000000000
	number_of_patches: 3
	number_of_particles_per_compound: 1
	rod_length: 1.0000000000000000
	interaction_matrix:  1.000000 1.000000 1.000000 1.000000 1.000000 1.000000 1.000000 1.000000 1.000000
	patch_type: symmetric
	patch_width: 8.0000000000000000
	patch_angle: 0.0000000000000000
	angles:  0.000000 0.000000 0.000000
	grand_canonical: 0
	chemical_potential: 0.0000000000000000
box: 51.564370 51.564370
copy: 1.000000 1.000000
epsilon: 0.0166670000000000
end_epsilon: 0.0000000000000000
pressure: 0.0750000000000000
lambda: 0.0000000000000000
lambda_coupling: 1.0000000000000000
uy: 0.0000000000000000
maximum_displacement: 1.0000000000000000
maximum_rotation: 1.0000000000000000
maximum_volume: 1.0000000000000000
maximum_shape: 0.0000001000000000
maximum_dsigma: 0.0100000000000000
mod: 10
pmod: 10
optimize: 1
verbose: 1
snapshot: 0
display: 1
explore: 1
npt: 1
nptxy: 0
nptdxdy: 0
shape: 0
seed: 962419
319.592532091991 155.335913221262 0.866025403784 -0.500000000000
-223.939587298983 -146.162990646357 0.866025403784 -0.500000000000
316.171811694741 -166.339400562749 0.866025403784 -0.500000000000
153.684150568422 -186.007462374999 0.000000000000 1.000000000000
-44.861380065097 150.587774758987 0.000000000000 1.000000000000
353.827699993649 -24.554947638407 0.866025403784 -0.500000000000
-15.561365987605 66.925307816044 0.866025403784 0.500000000000
11.492506346080 -155.798353366946 0.866025403784 0.500000000000
-52.162365990941 -55.305494183528 0.000000000000 1.000000000000
55.845483963767 -156.449687612264 0.000000000000 1.000000000000
92.783962437368 115.063999383351 0.000000000000 1.000000000000
59.667518417437 -114.735003921112 0.866025403784 0.500000000000
84.308508908348 -72.098137433418 0.866025403784 -0.500000000000
19.727597347886 110.515310983635 0.000000000000 1.000000000000
30.389854899360 117.269278499271 0.866025403784 -0.500000000000
-87.006979707139 198.072040176480 0.000000000000 1.000000000000
219.885325366292 25.383441970212 0.866025403784 0.500000000000
205.759044054096 339.678854983399 0.866025403784 -0.500000000000
146.100426497291 313.687024905266 0.000000000000 1.000000000000
94.326527150301 111.998176949505 0.866025403784 -0.500000000000
