#Configurational_file created 2018-09-14 12:00:07  started 2018-09-14 12:00:06 run for 1.0s steps 0
name: p_841
step: 10000
specie: 20
	particle_diameter: 1.0000000000000000
	interaction_length: 1.2000000000000000
	number_of_patches: 3
	number_of_particles_per_compound: 1
	rod_length: 1.0000000000000000
	interaction_matrix:  1.000000 1.000000 1.000000 1.000000 1.000000 1.000000 1.000000 1.000000 1.000000
	patch_type: symmetric
	patch_width: 8.0000000000000000
	patch_angle: 0.0000000000000000
	angles:  0.000000 0.000000 0.000000
	grand_canonical: 0
	chemical_potential: 0.0000000000000000
box: 48.671706 48.671706
copy: 1.000000 1.000000
epsilon: 0.0166670000000000
end_epsilon: 0.0000000000000000
pressure: 0.0625000000000000
lambda: 0.0000000000000000
lambda_coupling: 1.0000000000000000
uy: 0.0000000000000000
maximum_displacement: 1.0000000000000000
maximum_rotation: 1.0000000000000000
maximum_volume: 1.0000000000000000
maximum_shape: 0.0000001000000000
maximum_dsigma: 0.0100000000000000
mod: 10
pmod: 10
optimize: 1
verbose: 1
snapshot: 0
display: 1
explore: 1
npt: 1
nptxy: 0
nptdxdy: 0
shape: 0
seed: 959008
-68.202880848244 -152.520379501976 0.866025403784 0.500000000000
-9.480300986613 -95.364338055605 0.866025403784 0.500000000000
95.409655286554 40.072310093971 0.866025403784 0.500000000000
94.836111775523 112.258087559782 0.866025403784 -0.500000000000
44.520208569433 38.332827851307 0.000000000000 1.000000000000
-63.431479015716 74.254828581230 0.866025403784 0.500000000000
138.574542668296 113.352933318724 0.866025403784 0.500000000000
153.970834916689 -120.505150885733 0.866025403784 0.500000000000
-66.617209564711 306.056681224615 0.866025403784 0.500000000000
-6.549954973072 248.607226417669 0.866025403784 -0.500000000000
-312.489741413247 -202.912633793480 0.000000000000 1.000000000000
-70.025828395359 303.020484835827 0.866025403784 0.500000000000
-271.106836227827 148.691242788701 0.866025403784 -0.500000000000
132.153934987356 48.835861586401 0.866025403784 -0.500000000000
177.967173022691 -9.818559225946 0.000000000000 1.000000000000
-171.564902257555 87.673281760181 0.866025403784 0.500000000000
125.161638944876 3.788635026842 0.000000000000 1.000000000000
-102.447821484293 233.841921617689 0.866025403784 0.500000000000
-142.117662474607 65.067908344121 0.000000000000 1.000000000000
105.625607129647 -134.123669411574 0.000000000000 1.000000000000
