#Configurational_file created 2018-09-14 12:00:07  started 2018-09-14 12:00:07 run for 0.0s steps 0
name: p_842
step: 10000
specie: 20
	particle_diameter: 1.0000000000000000
	interaction_length: 1.2000000000000000
	number_of_patches: 3
	number_of_particles_per_compound: 1
	rod_length: 1.0000000000000000
	interaction_matrix:  1.000000 1.000000 1.000000 1.000000 1.000000 1.000000 1.000000 1.000000 1.000000
	patch_type: symmetric
	patch_width: 8.0000000000000000
	patch_angle: 0.0000000000000000
	angles:  0.000000 0.000000 0.000000
	grand_canonical: 0
	chemical_potential: 0.0000000000000000
box: 41.947314 41.947314
copy: 1.000000 1.000000
epsilon: 0.0166670000000000
end_epsilon: 0.0000000000000000
pressure: 0.0666670000000000
lambda: 0.0000000000000000
lambda_coupling: 1.0000000000000000
uy: 0.0000000000000000
maximum_displacement: 1.0000000000000000
maximum_rotation: 1.0000000000000000
maximum_volume: 1.0000000000000000
maximum_shape: 0.0000001000000000
maximum_dsigma: 0.0100000000000000
mod: 10
pmod: 10
optimize: 1
verbose: 1
snapshot: 0
display: 1
explore: 1
npt: 1
nptxy: 0
nptdxdy: 0
shape: 0
seed: 960145
157.936453415350 133.015188428324 0.866025403784 -0.500000000000
-96.198656591936 38.251998318398 0.000000000000 1.000000000000
1.674764924194 92.849803604297 0.000000000000 1.000000000000
33.995745909769 -17.772536007033 0.866025403784 -0.500000000000
36.878086847765 220.120192815787 0.866025403784 -0.500000000000
31.432912556005 26.161458330524 0.000000000000 1.000000000000
251.225552518678 273.015024608390 0.000000000000 1.000000000000
26.712939909165 327.276074156988 0.000000000000 1.000000000000
-201.827413467494 -178.906166155838 0.000000000000 1.000000000000
311.546914037552 -71.332358868742 0.866025403784 -0.500000000000
-149.617691569084 122.209452533243 0.866025403784 -0.500000000000
12.444532557192 -183.474753949258 0.000000000000 1.000000000000
254.778864388598 -132.352481342035 0.866025403784 -0.500000000000
41.148826797073 123.546452052326 0.866025403784 -0.500000000000
-136.441698126913 -11.632319038205 0.866025403784 0.500000000000
-60.505011536514 221.400280205095 0.866025403784 0.500000000000
-85.634145750899 62.768584620696 0.866025403784 -0.500000000000
8.389787048593 121.198127906508 0.866025403784 -0.500000000000
-188.828624504167 315.999855555541 0.866025403784 -0.500000000000
-64.099922602977 166.927602921217 0.866025403784 -0.500000000000
