#Configurational_file created 2018-09-14 11:32:23  started 2018-09-14 11:32:22 run for 1.0s steps 0
name: p_840
step: 10000
specie: 20
	particle_diameter: 1.0000000000000000
	interaction_length: 1.2000000000000000
	number_of_patches: 3
	number_of_particles_per_compound: 1
	rod_length: 1.0000000000000000
	interaction_matrix:  1.000000 1.000000 1.000000 1.000000 1.000000 1.000000 1.000000 1.000000 1.000000
	patch_type: symmetric
	patch_width: 8.0000000000000000
	patch_angle: 0.0000000000000000
	angles:  0.000000 0.000000 0.000000
	grand_canonical: 0
	chemical_potential: 0.0000000000000000
box: 10.945479 10.945479
copy: 1.000000 1.000000
epsilon: 0.1667330000000000
end_epsilon: 0.0000000000000000
pressure: 1.1667080000000001
lambda: 0.0000000000000000
lambda_coupling: 1.0000000000000000
uy: 0.0000000000000000
maximum_displacement: 1.0000000000000000
maximum_rotation: 1.0000000000000000
maximum_volume: 1.0000000000000000
maximum_shape: 0.0000001000000000
maximum_dsigma: 0.0100000000000000
mod: 10
pmod: 10
optimize: 1
verbose: 1
snapshot: 0
display: 1
explore: 1
npt: 1
nptxy: 0
nptdxdy: 0
shape: 0
seed: 957871
130.775608715007 194.406753486396 0.866025403784 -0.500000000000
66.225894700643 141.845539064198 0.000000000000 1.000000000000
-93.774423056688 75.939197994126 0.866025403784 0.500000000000
40.542105991094 -17.289635401087 0.000000000000 1.000000000000
67.502257269386 115.461324783868 0.866025403784 -0.500000000000
110.721621900535 166.978945254409 0.866025403784 0.500000000000
-17.651060675540 -50.290268198937 0.866025403784 0.500000000000
140.846922996947 16.510847222942 0.866025403784 -0.500000000000
-105.388340990916 100.029640509075 0.866025403784 0.500000000000
68.441995527267 91.060990037603 0.000000000000 1.000000000000
-38.384274734300 18.887694175539 0.866025403784 0.500000000000
-98.623544884838 -53.541291620951 0.866025403784 0.500000000000
132.213735710175 0.779959771884 0.000000000000 1.000000000000
-105.435293041716 93.914414087234 0.866025403784 0.500000000000
-117.956635386648 97.051826473388 0.000000000000 1.000000000000
-51.288517350017 10.222590051595 0.866025403784 -0.500000000000
39.764672507847 79.327669344555 0.000000000000 1.000000000000
-57.405396860811 30.893431726844 0.866025403784 0.500000000000
-113.453629532189 7.016653301721 0.866025403784 -0.500000000000
39.840789521977 49.988815638703 0.866025403784 0.500000000000
