#Configurational_file created 2018-09-14 11:32:30  started 2018-09-14 11:32:29 run for 1.0s steps 0
name: p_849
step: 10000
specie: 20
	particle_diameter: 1.0000000000000000
	interaction_length: 1.2000000000000000
	number_of_patches: 3
	number_of_particles_per_compound: 1
	rod_length: 1.0000000000000000
	interaction_matrix:  1.000000 1.000000 1.000000 1.000000 1.000000 1.000000 1.000000 1.000000 1.000000
	patch_type: symmetric
	patch_width: 8.0000000000000000
	patch_angle: 0.0000000000000000
	angles:  0.000000 0.000000 0.000000
	grand_canonical: 0
	chemical_potential: 0.0000000000000000
box: 10.331720 10.331720
copy: 1.000000 1.000000
epsilon: 0.1667330000000000
end_epsilon: 0.0000000000000000
pressure: 1.9166710000000000
lambda: 0.0000000000000000
lambda_coupling: 1.0000000000000000
uy: 0.0000000000000000
maximum_displacement: 1.0000000000000000
maximum_rotation: 1.0000000000000000
maximum_volume: 1.0000000000000000
maximum_shape: 0.0000001000000000
maximum_dsigma: 0.0100000000000000
mod: 10
pmod: 10
optimize: 1
verbose: 1
snapshot: 0
display: 1
explore: 1
npt: 1
nptxy: 0
nptdxdy: 0
shape: 0
seed: 968104
59.402859630734 -111.372071616993 0.866025403784 -0.500000000000
122.503724958789 13.151340240563 0.866025403784 0.500000000000
82.773769337634 70.318445678381 0.866025403784 0.500000000000
166.087671084610 -134.981580964882 0.000000000000 1.000000000000
-50.701339810838 17.293851205207 0.866025403784 0.500000000000
22.194812000432 -60.315597028129 0.000000000000 1.000000000000
-63.117450774440 -118.207274514735 0.866025403784 -0.500000000000
108.516555976914 -55.589442000036 0.000000000000 1.000000000000
-86.934787859826 -99.358425289685 0.000000000000 1.000000000000
14.203419620765 -41.488429011289 0.000000000000 1.000000000000
53.621609746945 139.955391802718 0.000000000000 1.000000000000
180.759068424383 33.769161878558 0.866025403784 -0.500000000000
-24.893054352424 -111.794221762849 0.866025403784 -0.500000000000
21.276517453673 -38.867528612666 0.866025403784 0.500000000000
54.637164009372 -33.850722825278 0.866025403784 -0.500000000000
-84.136558851215 97.253505705338 0.000000000000 1.000000000000
28.755059420835 -84.434324372941 0.866025403784 -0.500000000000
-32.212799171496 -105.952178377153 0.866025403784 0.500000000000
157.542309595209 50.738018105554 0.000000000000 1.000000000000
-71.690452911194 -98.025288392990 0.000000000000 1.000000000000
