#Configurational_file created 2018-09-14 12:00:10  started 2018-09-14 12:00:09 run for 1.0s steps 0
name: p_845
step: 10000
specie: 20
	particle_diameter: 1.0000000000000000
	interaction_length: 1.2000000000000000
	number_of_patches: 3
	number_of_particles_per_compound: 1
	rod_length: 1.0000000000000000
	interaction_matrix:  1.000000 1.000000 1.000000 1.000000 1.000000 1.000000 1.000000 1.000000 1.000000
	patch_type: symmetric
	patch_width: 8.0000000000000000
	patch_angle: 0.0000000000000000
	angles:  0.000000 0.000000 0.000000
	grand_canonical: 0
	chemical_potential: 0.0000000000000000
box: 53.541331 53.541331
copy: 1.000000 1.000000
epsilon: 0.0166670000000000
end_epsilon: 0.0000000000000000
pressure: 0.0791670000000000
lambda: 0.0000000000000000
lambda_coupling: 1.0000000000000000
uy: 0.0000000000000000
maximum_displacement: 1.0000000000000000
maximum_rotation: 1.0000000000000000
maximum_volume: 1.0000000000000000
maximum_shape: 0.0000001000000000
maximum_dsigma: 0.0100000000000000
mod: 10
pmod: 10
optimize: 1
verbose: 1
snapshot: 0
display: 1
explore: 1
npt: 1
nptxy: 0
nptdxdy: 0
shape: 0
seed: 963556
421.956591723575 29.814441335946 0.866025403784 0.500000000000
56.203732078874 176.641434175686 0.866025403784 -0.500000000000
-82.220107949477 145.662807270059 0.000000000000 1.000000000000
196.415573641329 104.035755191465 0.000000000000 1.000000000000
267.085689096995 181.451363996088 0.866025403784 -0.500000000000
128.546213921017 -77.458305426304 0.866025403784 -0.500000000000
-351.175762208524 -41.487067691390 0.000000000000 1.000000000000
320.135064461869 693.896518137169 0.000000000000 1.000000000000
-111.907806839246 301.669440634461 0.866025403784 -0.500000000000
159.827646791591 38.376190793424 0.866025403784 -0.500000000000
359.067177240317 -59.264114783171 0.000000000000 1.000000000000
-249.002498676524 -139.555310039221 0.000000000000 1.000000000000
3.067609140549 29.520767242744 0.000000000000 1.000000000000
64.834438181538 164.706265942174 0.000000000000 1.000000000000
76.184616062048 -59.180634619640 0.000000000000 1.000000000000
115.518374803076 -287.072667849622 0.866025403784 0.500000000000
-141.883960720046 110.064258703182 0.866025403784 -0.500000000000
118.208605661190 -83.324040121350 0.000000000000 1.000000000000
-31.003823777514 -306.108524673029 0.866025403784 0.500000000000
21.746939475888 81.125178161161 0.866025403784 0.500000000000
