#Configurational_file created 2018-09-14 12:00:13  started 2018-09-14 12:00:12 run for 1.0s steps 0
name: p_849
step: 10000
specie: 20
	particle_diameter: 1.0000000000000000
	interaction_length: 1.2000000000000000
	number_of_patches: 3
	number_of_particles_per_compound: 1
	rod_length: 1.0000000000000000
	interaction_matrix:  1.000000 1.000000 1.000000 1.000000 1.000000 1.000000 1.000000 1.000000 1.000000
	patch_type: symmetric
	patch_width: 8.0000000000000000
	patch_angle: 0.0000000000000000
	angles:  0.000000 0.000000 0.000000
	grand_canonical: 0
	chemical_potential: 0.0000000000000000
box: 50.742364 50.742364
copy: 1.000000 1.000000
epsilon: 0.0166670000000000
end_epsilon: 0.0000000000000000
pressure: 0.0958330000000000
lambda: 0.0000000000000000
lambda_coupling: 1.0000000000000000
uy: 0.0000000000000000
maximum_displacement: 1.0000000000000000
maximum_rotation: 1.0000000000000000
maximum_volume: 1.0000000000000000
maximum_shape: 0.0000001000000000
maximum_dsigma: 0.0100000000000000
mod: 10
pmod: 10
optimize: 1
verbose: 1
snapshot: 0
display: 1
explore: 1
npt: 1
nptxy: 0
nptdxdy: 0
shape: 0
seed: 968104
190.815643031377 -122.164966211502 0.866025403784 0.500000000000
487.118281614796 31.595055130012 0.866025403784 -0.500000000000
63.552251143588 81.344038525309 0.866025403784 0.500000000000
125.425386100668 38.793129432400 0.866025403784 -0.500000000000
58.439074009483 268.593114540432 0.866025403784 0.500000000000
-11.557528147656 75.868507345409 0.866025403784 -0.500000000000
107.772353222687 -27.335312917297 0.000000000000 1.000000000000
191.459390899349 115.208568098807 0.866025403784 0.500000000000
-27.171921192627 10.661227024966 0.866025403784 -0.500000000000
-13.909399166354 36.169480507963 0.866025403784 0.500000000000
-43.091511846719 0.464674354761 0.000000000000 1.000000000000
79.470231626908 57.437303188358 0.866025403784 0.500000000000
143.373489633317 -428.893456496319 0.000000000000 1.000000000000
-269.654474562195 -176.940942648392 0.000000000000 1.000000000000
-63.741823853510 -74.254764609350 0.000000000000 1.000000000000
87.740636703120 -140.904550936131 0.866025403784 -0.500000000000
-88.824685998288 -138.101625953115 0.866025403784 0.500000000000
142.081968483421 32.679270632716 0.866025403784 -0.500000000000
147.489011703264 35.779338098194 0.866025403784 0.500000000000
85.203380017509 171.976256237046 0.000000000000 1.000000000000
