#Configurational_file created 2018-09-14 12:00:06  started 2018-09-14 12:00:05 run for 1.0s steps 0
name: p_840
step: 10000
specie: 20
	particle_diameter: 1.0000000000000000
	interaction_length: 1.2000000000000000
	number_of_patches: 3
	number_of_particles_per_compound: 1
	rod_length: 1.0000000000000000
	interaction_matrix:  1.000000 1.000000 1.000000 1.000000 1.000000 1.000000 1.000000 1.000000 1.000000
	patch_type: symmetric
	patch_width: 8.0000000000000000
	patch_angle: 0.0000000000000000
	angles:  0.000000 0.000000 0.000000
	grand_canonical: 0
	chemical_potential: 0.0000000000000000
box: 56.748253 56.748253
copy: 1.000000 1.000000
epsilon: 0.0166670000000000
end_epsilon: 0.0000000000000000
pressure: 0.0583340000000000
lambda: 0.0000000000000000
lambda_coupling: 1.0000000000000000
uy: 0.0000000000000000
maximum_displacement: 1.0000000000000000
maximum_rotation: 1.0000000000000000
maximum_volume: 1.0000000000000000
maximum_shape: 0.0000001000000000
maximum_dsigma: 0.0100000000000000
mod: 10
pmod: 10
optimize: 1
verbose: 1
snapshot: 0
display: 1
explore: 1
npt: 1
nptxy: 0
nptdxdy: 0
shape: 0
seed: 957871
3.766245011167 430.062575770844 0.000000000000 1.000000000000
-161.482622255444 237.533044797018 0.866025403784 0.500000000000
74.154148289475 81.992375214862 0.000000000000 1.000000000000
177.492010316999 58.107809026047 0.866025403784 0.500000000000
-266.196272151305 -28.464543177534 0.866025403784 0.500000000000
532.042063385666 285.097164986977 0.866025403784 0.500000000000
-50.708628620411 -46.167713034186 0.000000000000 1.000000000000
337.680319672866 143.194942260049 0.000000000000 1.000000000000
199.868423163390 -175.929909346261 0.866025403784 0.500000000000
-240.550697630673 -53.182754161815 0.866025403784 -0.500000000000
-83.244883658150 156.342459134484 0.866025403784 -0.500000000000
-495.742356472307 -189.168173672644 0.866025403784 0.500000000000
-121.356588707078 -83.502044141435 0.000000000000 1.000000000000
-31.992667950810 -142.730491454177 0.866025403784 -0.500000000000
-100.337969376760 122.962843086341 0.866025403784 0.500000000000
-238.195251402230 -37.048657412518 0.866025403784 -0.500000000000
57.397000136422 193.584509813401 0.866025403784 -0.500000000000
133.844477302343 106.101408868725 0.866025403784 0.500000000000
-23.498389281786 233.087929396753 0.866025403784 -0.500000000000
-3.920388288042 221.627059049955 0.000000000000 1.000000000000
