#Configurational_file created 2018-09-14 12:00:11  started 2018-09-14 12:00:10 run for 1.0s steps 0
name: p_847
step: 10000
specie: 20
	particle_diameter: 1.0000000000000000
	interaction_length: 1.2000000000000000
	number_of_patches: 3
	number_of_particles_per_compound: 1
	rod_length: 1.0000000000000000
	interaction_matrix:  1.000000 1.000000 1.000000 1.000000 1.000000 1.000000 1.000000 1.000000 1.000000
	patch_type: symmetric
	patch_width: 8.0000000000000000
	patch_angle: 0.0000000000000000
	angles:  0.000000 0.000000 0.000000
	grand_canonical: 0
	chemical_potential: 0.0000000000000000
box: 43.978509 43.978509
copy: 1.000000 1.000000
epsilon: 0.0166670000000000
end_epsilon: 0.0000000000000000
pressure: 0.0875000000000000
lambda: 0.0000000000000000
lambda_coupling: 1.0000000000000000
uy: 0.0000000000000000
maximum_displacement: 1.0000000000000000
maximum_rotation: 1.0000000000000000
maximum_volume: 1.0000000000000000
maximum_shape: 0.0000001000000000
maximum_dsigma: 0.0100000000000000
mod: 10
pmod: 10
optimize: 1
verbose: 1
snapshot: 0
display: 1
explore: 1
npt: 1
nptxy: 0
nptdxdy: 0
shape: 0
seed: 965830
98.752456020628 -107.912676044568 0.000000000000 1.000000000000
311.593363329170 -14.098506026121 0.000000000000 1.000000000000
-71.147870216388 -124.061149678732 0.866025403784 -0.500000000000
121.705462937419 202.107999213719 0.866025403784 0.500000000000
-9.004401793025 -26.194663019120 0.866025403784 -0.500000000000
57.816194679412 96.618869686940 0.866025403784 0.500000000000
-226.451805391536 134.337482756626 0.866025403784 -0.500000000000
75.892902769656 51.114550653075 0.866025403784 0.500000000000
43.171381381717 24.679444917738 0.000000000000 1.000000000000
159.537933958443 73.934717355469 0.866025403784 0.500000000000
-20.986716506910 135.653869393287 0.866025403784 0.500000000000
56.225430620309 -103.711529255421 0.000000000000 1.000000000000
89.623259059531 -41.684177588453 0.000000000000 1.000000000000
29.602277583932 -117.507115272023 0.866025403784 0.500000000000
79.238064762171 -275.727602237927 0.866025403784 0.500000000000
-51.621096036790 -112.008254470535 0.866025403784 0.500000000000
209.924248869987 -154.054678414299 0.866025403784 0.500000000000
-187.020556160138 -181.982168403519 0.866025403784 0.500000000000
125.162710842290 133.713037288133 0.000000000000 1.000000000000
68.061183292309 362.450976194275 0.866025403784 -0.500000000000
