#Configurational_file created 2018-09-14 11:32:29  started 2018-09-14 11:32:29 run for 0.0s steps 0
name: p_848
step: 10000
specie: 20
	particle_diameter: 1.0000000000000000
	interaction_length: 1.2000000000000000
	number_of_patches: 3
	number_of_particles_per_compound: 1
	rod_length: 1.0000000000000000
	interaction_matrix:  1.000000 1.000000 1.000000 1.000000 1.000000 1.000000 1.000000 1.000000 1.000000
	patch_type: symmetric
	patch_width: 8.0000000000000000
	patch_angle: 0.0000000000000000
	angles:  0.000000 0.000000 0.000000
	grand_canonical: 0
	chemical_potential: 0.0000000000000000
box: 9.359274 9.359274
copy: 1.000000 1.000000
epsilon: 0.1667330000000000
end_epsilon: 0.0000000000000000
pressure: 1.8333420000000000
lambda: 0.0000000000000000
lambda_coupling: 1.0000000000000000
uy: 0.0000000000000000
maximum_displacement: 1.0000000000000000
maximum_rotation: 1.0000000000000000
maximum_volume: 1.0000000000000000
maximum_shape: 0.0000001000000000
maximum_dsigma: 0.0100000000000000
mod: 10
pmod: 10
optimize: 1
verbose: 1
snapshot: 0
display: 1
explore: 1
npt: 1
nptxy: 0
nptdxdy: 0
shape: 0
seed: 966967
-6.032767712640 42.731235852053 0.866025403784 -0.500000000000
35.744480518672 -37.833815123639 0.866025403784 -0.500000000000
-108.860607836743 -24.452143747941 0.000000000000 1.000000000000
18.317014685808 98.501938155558 0.866025403784 -0.500000000000
28.968702700450 -1.520593262008 0.866025403784 -0.500000000000
62.562796466550 109.168835263453 0.000000000000 1.000000000000
-23.048319181161 -5.647523975336 0.866025403784 -0.500000000000
68.309887386665 227.175097164875 0.866025403784 -0.500000000000
-126.754009254747 39.499512309641 0.866025403784 0.500000000000
48.115833927247 9.945217185764 0.000000000000 1.000000000000
25.712806167154 -45.120612386015 0.866025403784 -0.500000000000
-41.260681968638 153.028440773038 0.000000000000 1.000000000000
-35.825790854741 126.779035151948 0.866025403784 0.500000000000
-48.213766748558 13.317583732639 0.000000000000 1.000000000000
5.316226401810 -199.830916568610 0.866025403784 -0.500000000000
53.652599450380 153.847500110746 0.000000000000 1.000000000000
80.974170234253 60.788691634509 0.866025403784 0.500000000000
-5.545100362383 -64.946671133152 0.866025403784 0.500000000000
-51.482374702136 -67.471719809148 0.866025403784 0.500000000000
-119.849351347573 18.150582925515 0.000000000000 1.000000000000
