#Configurational_file created 2018-09-14 12:00:10  started 2018-09-14 12:00:10 run for 0.0s steps 0
name: p_846
step: 10000
specie: 20
	particle_diameter: 1.0000000000000000
	interaction_length: 1.2000000000000000
	number_of_patches: 3
	number_of_particles_per_compound: 1
	rod_length: 1.0000000000000000
	interaction_matrix:  1.000000 1.000000 1.000000 1.000000 1.000000 1.000000 1.000000 1.000000 1.000000
	patch_type: symmetric
	patch_width: 8.0000000000000000
	patch_angle: 0.0000000000000000
	angles:  0.000000 0.000000 0.000000
	grand_canonical: 0
	chemical_potential: 0.0000000000000000
box: 42.212370 42.212370
copy: 1.000000 1.000000
epsilon: 0.0166670000000000
end_epsilon: 0.0000000000000000
pressure: 0.0833340000000000
lambda: 0.0000000000000000
lambda_coupling: 1.0000000000000000
uy: 0.0000000000000000
maximum_displacement: 1.0000000000000000
maximum_rotation: 1.0000000000000000
maximum_volume: 1.0000000000000000
maximum_shape: 0.0000001000000000
maximum_dsigma: 0.0100000000000000
mod: 10
pmod: 10
optimize: 1
verbose: 1
snapshot: 0
display: 1
explore: 1
npt: 1
nptxy: 0
nptdxdy: 0
shape: 0
seed: 964693
-6.439348483944 58.971030322029 0.866025403784 0.500000000000
-10.290734661584 185.558421845499 0.866025403784 -0.500000000000
-258.865756845651 -184.563758036872 0.000000000000 1.000000000000
-70.623634020491 124.823815432435 0.866025403784 0.500000000000
53.857845527230 3.584675260885 0.000000000000 1.000000000000
1.552733772631 -55.131234099565 0.000000000000 1.000000000000
-125.621815540602 35.213687015295 0.866025403784 0.500000000000
196.973966422690 50.640773432364 0.866025403784 0.500000000000
81.760086429146 175.942253495283 0.866025403784 0.500000000000
-165.704706573769 25.188684620544 0.866025403784 -0.500000000000
47.249387299922 -50.081539844843 0.866025403784 -0.500000000000
-47.634754842733 85.017476641130 0.000000000000 1.000000000000
105.163125180636 143.940101861957 0.866025403784 -0.500000000000
-76.147456541800 -50.447790486414 0.000000000000 1.000000000000
116.304669813771 -218.882214738679 0.866025403784 -0.500000000000
90.018757226992 -192.406206298815 0.866025403784 -0.500000000000
-273.287219555672 98.817928518125 0.866025403784 0.500000000000
-57.773792107756 73.174246687504 0.866025403784 0.500000000000
128.307444303675 -33.351716292807 0.866025403784 -0.500000000000
202.143903442693 146.301504267210 0.866025403784 0.500000000000
