#Configurational_file created 2018-09-14 12:00:16  started 2018-09-14 12:00:15 run for 1.0s steps 0
name: p_853
step: 10000
specie: 20
	particle_diameter: 1.0000000000000000
	interaction_length: 1.2000000000000000
	number_of_patches: 3
	number_of_particles_per_compound: 1
	rod_length: 1.0000000000000000
	interaction_matrix:  1.000000 1.000000 1.000000 1.000000 1.000000 1.000000 1.000000 1.000000 1.000000
	patch_type: symmetric
	patch_width: 8.0000000000000000
	patch_angle: 0.0000000000000000
	angles:  0.000000 0.000000 0.000000
	grand_canonical: 0
	chemical_potential: 0.0000000000000000
box: 52.188124 52.188124
copy: 1.000000 1.000000
epsilon: 0.0187510000000000
end_epsilon: 0.0000000000000000
pressure: 0.0083340000000000
lambda: 0.0000000000000000
lambda_coupling: 1.0000000000000000
uy: 0.0000000000000000
maximum_displacement: 1.0000000000000000
maximum_rotation: 1.0000000000000000
maximum_volume: 1.0000000000000000
maximum_shape: 0.0000001000000000
maximum_dsigma: 0.0100000000000000
mod: 10
pmod: 10
optimize: 1
verbose: 1
snapshot: 0
display: 1
explore: 1
npt: 1
nptxy: 0
nptdxdy: 0
shape: 0
seed: 972652
-146.067204405924 145.386536150214 0.000000000000 1.000000000000
427.850453451031 43.893750178080 0.000000000000 1.000000000000
-92.473207238680 197.563947882642 0.866025403784 0.500000000000
187.987078407221 -172.215100277198 0.000000000000 1.000000000000
246.146225274137 377.535720561397 0.000000000000 1.000000000000
-140.388578762762 -15.601882855994 0.000000000000 1.000000000000
-103.943013769481 299.775940850037 0.866025403784 0.500000000000
-81.808889316032 284.908423418267 0.866025403784 0.500000000000
-172.784878367300 29.423873830784 0.866025403784 -0.500000000000
169.759338930342 334.247985221275 0.866025403784 -0.500000000000
247.786760904364 144.653412324539 0.000000000000 1.000000000000
53.511022162173 -139.095898758645 0.000000000000 1.000000000000
-163.358034851796 -47.053239458034 0.866025403784 -0.500000000000
-361.861158307658 24.035853634185 0.866025403784 0.500000000000
108.175005177214 158.656087276619 0.000000000000 1.000000000000
-263.788340334165 329.596959220173 0.866025403784 -0.500000000000
40.181832405383 107.840916388623 0.000000000000 1.000000000000
-307.637297926802 92.135116867317 0.866025403784 -0.500000000000
1.699405517491 246.241278268319 0.866025403784 0.500000000000
12.056778930952 -43.089352531200 0.000000000000 1.000000000000
