#Configurational_file created 2018-09-14 12:00:20  started 2018-09-14 12:00:19 run for 1.0s steps 0
name: p_859
step: 10000
specie: 20
	particle_diameter: 1.0000000000000000
	interaction_length: 1.2000000000000000
	number_of_patches: 3
	number_of_particles_per_compound: 1
	rod_length: 1.0000000000000000
	interaction_matrix:  1.000000 1.000000 1.000000 1.000000 1.000000 1.000000 1.000000 1.000000 1.000000
	patch_type: symmetric
	patch_width: 8.0000000000000000
	patch_angle: 0.0000000000000000
	angles:  0.000000 0.000000 0.000000
	grand_canonical: 0
	chemical_potential: 0.0000000000000000
box: 52.266614 52.266614
copy: 1.000000 1.000000
epsilon: 0.0187510000000000
end_epsilon: 0.0000000000000000
pressure: 0.0333340000000000
lambda: 0.0000000000000000
lambda_coupling: 1.0000000000000000
uy: 0.0000000000000000
maximum_displacement: 1.0000000000000000
maximum_rotation: 1.0000000000000000
maximum_volume: 1.0000000000000000
maximum_shape: 0.0000001000000000
maximum_dsigma: 0.0100000000000000
mod: 10
pmod: 10
optimize: 1
verbose: 1
snapshot: 0
display: 1
explore: 1
npt: 1
nptxy: 0
nptdxdy: 0
shape: 0
seed: 979474
-311.943196906639 164.766489866996 0.866025403784 0.500000000000
-212.216546369602 -131.355915776902 0.866025403784 0.500000000000
276.565543821262 46.654620128299 0.000000000000 1.000000000000
-27.160527878458 169.816419602132 0.000000000000 1.000000000000
80.923085082331 103.489460283425 0.866025403784 0.500000000000
200.099941382698 -351.319690765632 0.866025403784 -0.500000000000
6.555179553121 138.469595489557 0.866025403784 -0.500000000000
-163.193785754439 -169.506806439165 0.000000000000 1.000000000000
52.293833945534 -193.416477389893 0.866025403784 0.500000000000
238.262097853021 326.033444197049 0.866025403784 -0.500000000000
40.303680968819 213.500731230162 0.866025403784 0.500000000000
324.776471903101 35.709592106483 0.000000000000 1.000000000000
139.241671183650 19.778974983394 0.866025403784 0.500000000000
22.406340058775 223.288964182869 0.000000000000 1.000000000000
-130.270641600740 -217.772002157782 0.000000000000 1.000000000000
119.049067932055 423.528286424357 0.000000000000 1.000000000000
285.741197800931 163.745310454231 0.866025403784 0.500000000000
-14.565168009060 20.052814318860 0.866025403784 -0.500000000000
-234.728064028917 70.898364570964 0.866025403784 -0.500000000000
-89.364187990257 -108.693744532482 0.000000000000 1.000000000000
