#Configurational_file created 2018-09-14 11:32:34  started 2018-09-14 11:32:33 run for 1.0s steps 0
name: p_854
step: 10000
specie: 20
	particle_diameter: 1.0000000000000000
	interaction_length: 1.2000000000000000
	number_of_patches: 3
	number_of_particles_per_compound: 1
	rod_length: 1.0000000000000000
	interaction_matrix:  1.000000 1.000000 1.000000 1.000000 1.000000 1.000000 1.000000 1.000000 1.000000
	patch_type: symmetric
	patch_width: 8.0000000000000000
	patch_angle: 0.0000000000000000
	angles:  0.000000 0.000000 0.000000
	grand_canonical: 0
	chemical_potential: 0.0000000000000000
box: 24.051379 24.051379
copy: 1.000000 1.000000
epsilon: 0.1875620000000000
end_epsilon: 0.0000000000000000
pressure: 0.2500870000000000
lambda: 0.0000000000000000
lambda_coupling: 1.0000000000000000
uy: 0.0000000000000000
maximum_displacement: 1.0000000000000000
maximum_rotation: 1.0000000000000000
maximum_volume: 1.0000000000000000
maximum_shape: 0.0000001000000000
maximum_dsigma: 0.0100000000000000
mod: 10
pmod: 10
optimize: 1
verbose: 1
snapshot: 0
display: 1
explore: 1
npt: 1
nptxy: 0
nptdxdy: 0
shape: 0
seed: 973789
272.086573000171 23.613189167131 0.000000000000 1.000000000000
-22.437646115846 73.757233914511 0.000000000000 1.000000000000
-34.601844063159 95.110289888503 0.866025403784 -0.500000000000
-39.385149613158 -119.459575524873 0.000000000000 1.000000000000
177.102163168049 -54.876559725162 0.866025403784 -0.500000000000
-65.725960922323 220.450653387289 0.866025403784 -0.500000000000
168.513852441294 130.718576925447 0.000000000000 1.000000000000
-96.878576511265 22.753096546847 0.000000000000 1.000000000000
156.782536570871 -40.292412945198 0.000000000000 1.000000000000
-37.629687636147 1.345537692921 0.000000000000 1.000000000000
64.460074806490 15.900287606332 0.866025403784 0.500000000000
38.854599002861 90.426138729692 0.866025403784 -0.500000000000
-132.507377063698 224.633760196379 0.866025403784 0.500000000000
19.755222179600 -101.505131459282 0.866025403784 -0.500000000000
-3.533352721181 59.367652388756 0.866025403784 -0.500000000000
29.197638546001 -2.984644673746 0.000000000000 1.000000000000
-44.395096929410 76.363830475059 0.866025403784 0.500000000000
90.940610476513 118.153170541260 0.000000000000 1.000000000000
-69.259121838330 54.121005183285 0.000000000000 1.000000000000
38.224640184616 -123.359321893192 0.000000000000 1.000000000000
