#Configurational_file created 2018-09-14 11:32:37  started 2018-09-14 11:32:36 run for 1.0s steps 0
name: p_858
step: 10000
specie: 20
	particle_diameter: 1.0000000000000000
	interaction_length: 1.2000000000000000
	number_of_patches: 3
	number_of_particles_per_compound: 1
	rod_length: 1.0000000000000000
	interaction_matrix:  1.000000 1.000000 1.000000 1.000000 1.000000 1.000000 1.000000 1.000000 1.000000
	patch_type: symmetric
	patch_width: 8.0000000000000000
	patch_angle: 0.0000000000000000
	angles:  0.000000 0.000000 0.000000
	grand_canonical: 0
	chemical_potential: 0.0000000000000000
box: 14.096554 14.096554
copy: 1.000000 1.000000
epsilon: 0.1875620000000000
end_epsilon: 0.0000000000000000
pressure: 0.5834040000000000
lambda: 0.0000000000000000
lambda_coupling: 1.0000000000000000
uy: 0.0000000000000000
maximum_displacement: 1.0000000000000000
maximum_rotation: 1.0000000000000000
maximum_volume: 1.0000000000000000
maximum_shape: 0.0000001000000000
maximum_dsigma: 0.0100000000000000
mod: 10
pmod: 10
optimize: 1
verbose: 1
snapshot: 0
display: 1
explore: 1
npt: 1
nptxy: 0
nptdxdy: 0
shape: 0
seed: 978337
-14.843093193891 27.198373121976 0.866025403784 0.500000000000
-44.462214780831 -101.581496426938 0.866025403784 -0.500000000000
72.586751377306 3.460720431735 0.866025403784 -0.500000000000
-38.050756745973 19.324248093307 0.866025403784 -0.500000000000
14.785439207241 2.225564032259 0.866025403784 -0.500000000000
43.625360921744 -60.217479940966 0.866025403784 -0.500000000000
138.190895566082 10.322703349313 0.000000000000 1.000000000000
123.217003533089 31.670409115917 0.000000000000 1.000000000000
101.782331195643 -55.763450985776 0.866025403784 -0.500000000000
152.298029670341 4.469936551048 0.000000000000 1.000000000000
-50.905858912264 20.043913436620 0.866025403784 -0.500000000000
115.257579304957 -226.952266874701 0.866025403784 0.500000000000
-126.649027958832 -79.496791066732 0.866025403784 0.500000000000
245.224992923287 94.651520474494 0.000000000000 1.000000000000
-111.493571072093 -156.544353675527 0.866025403784 -0.500000000000
84.989490182989 -174.289357657639 0.866025403784 0.500000000000
76.503414550529 17.471632296586 0.866025403784 -0.500000000000
104.282882996778 42.343704906034 0.866025403784 0.500000000000
63.995594010884 22.579525249200 0.866025403784 -0.500000000000
-11.486992444473 -4.525698414439 0.000000000000 1.000000000000
