#Configurational_file created 2018-09-14 11:32:33  started 2018-09-14 11:32:32 run for 1.0s steps 0
name: p_852
step: 10000
specie: 20
	particle_diameter: 1.0000000000000000
	interaction_length: 1.2000000000000000
	number_of_patches: 3
	number_of_particles_per_compound: 1
	rod_length: 1.0000000000000000
	interaction_matrix:  1.000000 1.000000 1.000000 1.000000 1.000000 1.000000 1.000000 1.000000 1.000000
	patch_type: symmetric
	patch_width: 8.0000000000000000
	patch_angle: 0.0000000000000000
	angles:  0.000000 0.000000 0.000000
	grand_canonical: 0
	chemical_potential: 0.0000000000000000
box: 29.911924 29.911924
copy: 1.000000 1.000000
epsilon: 0.1875620000000000
end_epsilon: 0.0000000000000000
pressure: 0.0834290000000000
lambda: 0.0000000000000000
lambda_coupling: 1.0000000000000000
uy: 0.0000000000000000
maximum_displacement: 1.0000000000000000
maximum_rotation: 1.0000000000000000
maximum_volume: 1.0000000000000000
maximum_shape: 0.0000001000000000
maximum_dsigma: 0.0100000000000000
mod: 10
pmod: 10
optimize: 1
verbose: 1
snapshot: 0
display: 1
explore: 1
npt: 1
nptxy: 0
nptdxdy: 0
shape: 0
seed: 971515
-130.411464748625 150.293591822970 0.866025403784 0.500000000000
141.083925373514 23.066983981826 0.866025403784 -0.500000000000
95.446659078539 -31.758889241595 0.000000000000 1.000000000000
151.640576151543 155.084416372423 0.866025403784 0.500000000000
90.714783178524 39.371160457295 0.866025403784 0.500000000000
-43.765027599278 -234.887932691161 0.000000000000 1.000000000000
-125.350788104260 388.492220494955 0.866025403784 0.500000000000
-25.473826934351 102.212258234882 0.866025403784 -0.500000000000
-109.628260303510 193.751387715923 0.866025403784 -0.500000000000
28.872197313227 238.377036453790 0.866025403784 0.500000000000
-81.910555523540 -33.399719877037 0.866025403784 -0.500000000000
-54.031300622139 152.476239269322 0.000000000000 1.000000000000
37.822083999849 14.602907871431 0.000000000000 1.000000000000
-35.408121687025 -39.283982462207 0.866025403784 0.500000000000
197.838889677865 -112.184715343049 0.866025403784 -0.500000000000
214.787764283868 53.194058032855 0.866025403784 0.500000000000
-8.909361597371 -196.752956676760 0.000000000000 1.000000000000
48.052494057236 162.453187718572 0.866025403784 -0.500000000000
-88.105542735213 30.383032316351 0.000000000000 1.000000000000
-31.325650466659 62.787356809513 0.000000000000 1.000000000000
