#Configurational_file created 2018-09-14 12:00:14  started 2018-09-14 12:00:13 run for 1.0s steps 0
name: p_851
step: 10000
specie: 20
	particle_diameter: 1.0000000000000000
	interaction_length: 1.2000000000000000
	number_of_patches: 3
	number_of_particles_per_compound: 1
	rod_length: 1.0000000000000000
	interaction_matrix:  1.000000 1.000000 1.000000 1.000000 1.000000 1.000000 1.000000 1.000000 1.000000
	patch_type: symmetric
	patch_width: 8.0000000000000000
	patch_angle: 0.0000000000000000
	angles:  0.000000 0.000000 0.000000
	grand_canonical: 0
	chemical_potential: 0.0000000000000000
box: 51.571990 51.571990
copy: 1.000000 1.000000
epsilon: 0.0187510000000000
end_epsilon: 0.0000000000000000
pressure: 0.0000010000000000
lambda: 0.0000000000000000
lambda_coupling: 1.0000000000000000
uy: 0.0000000000000000
maximum_displacement: 1.0000000000000000
maximum_rotation: 1.0000000000000000
maximum_volume: 1.0000000000000000
maximum_shape: 0.0000001000000000
maximum_dsigma: 0.0100000000000000
mod: 10
pmod: 10
optimize: 1
verbose: 1
snapshot: 0
display: 1
explore: 1
npt: 1
nptxy: 0
nptdxdy: 0
shape: 0
seed: 970378
188.280201268320 121.006954496375 0.866025403784 -0.500000000000
-65.955656723679 -278.884260413133 0.866025403784 -0.500000000000
43.374591585465 134.287789143957 0.866025403784 0.500000000000
26.270294105174 77.783987205000 0.866025403784 -0.500000000000
-62.911413505215 -21.865956077761 0.866025403784 -0.500000000000
101.342596226138 -24.614430132460 0.000000000000 1.000000000000
-130.530308813001 -27.447184511782 0.000000000000 1.000000000000
178.790082518866 123.035705978550 0.866025403784 0.500000000000
-124.429397631884 30.769251362275 0.866025403784 0.500000000000
299.550566515217 253.259960278340 0.866025403784 0.500000000000
136.312390740225 63.927609513415 0.000000000000 1.000000000000
12.629299304855 139.651373779572 0.000000000000 1.000000000000
-169.488837978960 80.783152357585 0.866025403784 -0.500000000000
116.964761039452 -7.599773522054 0.866025403784 0.500000000000
-158.307085649167 -37.082605698187 0.866025403784 -0.500000000000
234.083861903360 -209.306547468061 0.866025403784 0.500000000000
22.390711346123 138.885079426182 0.000000000000 1.000000000000
172.112955434128 -129.840434180624 0.866025403784 -0.500000000000
223.200580595680 44.085496105962 0.000000000000 1.000000000000
141.164331790844 -85.635730968254 0.866025403784 -0.500000000000
