#Configurational_file created 2018-09-14 12:20:27  started 2018-09-14 12:20:26 run for 1.0s steps 0
name: p_85
step: 10000
specie: 20
	particle_diameter: 1.0000000000000000
	interaction_length: 1.2000000000000000
	number_of_patches: 3
	number_of_particles_per_compound: 1
	rod_length: 1.0000000000000000
	interaction_matrix:  1.000000 1.000000 1.000000 1.000000 1.000000 1.000000 1.000000 1.000000 1.000000
	patch_type: symmetric
	patch_width: 8.0000000000000000
	patch_angle: 0.0000000000000000
	angles:  0.000000 0.000000 0.000000
	grand_canonical: 0
	chemical_potential: 0.0000000000000000
box: 47.659319 47.659319
copy: 1.000000 1.000000
epsilon: 1.4166669999999999
end_epsilon: 0.0000000000000000
pressure: 0.0000010000000000
lambda: 0.0000000000000000
lambda_coupling: 1.0000000000000000
uy: 0.0000000000000000
maximum_displacement: 1.0000000000000000
maximum_rotation: 1.0000000000000000
maximum_volume: 1.0000000000000000
maximum_shape: 0.0000001000000000
maximum_dsigma: 0.0100000000000000
mod: 10
pmod: 10
optimize: 1
verbose: 1
snapshot: 0
display: 1
explore: 1
npt: 1
nptxy: 0
nptdxdy: 0
shape: 0
seed: 99436
39.182279849841 54.063048250942 0.866025403784 -0.500000000000
-183.852987679767 -112.325305642290 0.000000000000 1.000000000000
-73.084305077579 -43.589672807187 0.866025403784 0.500000000000
-180.908645403739 149.948040618118 0.866025403784 -0.500000000000
-156.956051828271 295.387010886222 0.866025403784 0.500000000000
-18.778340988266 -216.835198845168 0.866025403784 0.500000000000
256.663073036752 148.530237692345 0.866025403784 -0.500000000000
228.171072161981 89.514315499850 0.866025403784 0.500000000000
-47.058270263030 -385.451978338424 0.866025403784 0.500000000000
-213.232268953827 0.134342240658 0.866025403784 0.500000000000
-133.551720650911 -20.454059374349 0.866025403784 0.500000000000
28.289451756893 237.306393784297 0.000000000000 1.000000000000
-92.496506159097 -152.815853895402 0.000000000000 1.000000000000
171.505224917517 85.634606986275 0.866025403784 0.500000000000
63.352361721653 96.968535369057 0.000000000000 1.000000000000
-178.576156881623 208.176862453109 0.000000000000 1.000000000000
99.277781172893 -77.298205047852 0.866025403784 0.500000000000
-200.187681051627 181.708666481815 0.866025403784 0.500000000000
247.327847106728 173.999823994455 0.000000000000 1.000000000000
252.329416423976 -388.781997893424 0.866025403784 -0.500000000000
