#Configurational_file created 2018-09-14 11:32:33  started 2018-09-14 11:32:33 run for 0.0s steps 0
name: p_853
step: 10000
specie: 20
	particle_diameter: 1.0000000000000000
	interaction_length: 1.2000000000000000
	number_of_patches: 3
	number_of_particles_per_compound: 1
	rod_length: 1.0000000000000000
	interaction_matrix:  1.000000 1.000000 1.000000 1.000000 1.000000 1.000000 1.000000 1.000000 1.000000
	patch_type: symmetric
	patch_width: 8.0000000000000000
	patch_angle: 0.0000000000000000
	angles:  0.000000 0.000000 0.000000
	grand_canonical: 0
	chemical_potential: 0.0000000000000000
box: 27.569050 27.569050
copy: 1.000000 1.000000
epsilon: 0.1875620000000000
end_epsilon: 0.0000000000000000
pressure: 0.1667580000000000
lambda: 0.0000000000000000
lambda_coupling: 1.0000000000000000
uy: 0.0000000000000000
maximum_displacement: 1.0000000000000000
maximum_rotation: 1.0000000000000000
maximum_volume: 1.0000000000000000
maximum_shape: 0.0000001000000000
maximum_dsigma: 0.0100000000000000
mod: 10
pmod: 10
optimize: 1
verbose: 1
snapshot: 0
display: 1
explore: 1
npt: 1
nptxy: 0
nptdxdy: 0
shape: 0
seed: 972652
-3.091727808612 45.812479356394 0.866025403784 0.500000000000
-57.135678515554 227.524116674134 0.000000000000 1.000000000000
-140.801555993028 70.177787413263 0.866025403784 0.500000000000
-78.233897119993 -289.643422365232 0.866025403784 -0.500000000000
-57.741486034653 -2.000084734313 0.866025403784 0.500000000000
121.191782494487 40.698473607031 0.866025403784 -0.500000000000
-143.512997041780 48.682474907192 0.866025403784 0.500000000000
23.779548708398 212.613517654714 0.000000000000 1.000000000000
-171.000085559538 -188.773554060775 0.000000000000 1.000000000000
-32.636055341342 100.698157449983 0.866025403784 0.500000000000
106.575543055283 28.176640547729 0.866025403784 0.500000000000
124.407181024428 44.616244880994 0.866025403784 0.500000000000
-80.945082406109 93.376971944999 0.000000000000 1.000000000000
-20.361090465667 68.453306055429 0.000000000000 1.000000000000
93.514494420209 170.226790845915 0.000000000000 1.000000000000
1.666421275005 -284.074468908408 0.866025403784 0.500000000000
187.117321571748 -40.624882942902 0.866025403784 -0.500000000000
181.494952142805 -55.266844510640 0.866025403784 0.500000000000
18.085257866879 219.972492403607 0.866025403784 -0.500000000000
150.540391581921 -6.577607826693 0.866025403784 0.500000000000
