#Configurational_file created 2018-09-14 11:32:36  started 2018-09-14 11:32:35 run for 1.0s steps 0
name: p_857
step: 10000
specie: 20
	particle_diameter: 1.0000000000000000
	interaction_length: 1.2000000000000000
	number_of_patches: 3
	number_of_particles_per_compound: 1
	rod_length: 1.0000000000000000
	interaction_matrix:  1.000000 1.000000 1.000000 1.000000 1.000000 1.000000 1.000000 1.000000 1.000000
	patch_type: symmetric
	patch_width: 8.0000000000000000
	patch_angle: 0.0000000000000000
	angles:  0.000000 0.000000 0.000000
	grand_canonical: 0
	chemical_potential: 0.0000000000000000
box: 17.899125 17.899125
copy: 1.000000 1.000000
epsilon: 0.1875620000000000
end_epsilon: 0.0000000000000000
pressure: 0.5000750000000000
lambda: 0.0000000000000000
lambda_coupling: 1.0000000000000000
uy: 0.0000000000000000
maximum_displacement: 1.0000000000000000
maximum_rotation: 1.0000000000000000
maximum_volume: 1.0000000000000000
maximum_shape: 0.0000001000000000
maximum_dsigma: 0.0100000000000000
mod: 10
pmod: 10
optimize: 1
verbose: 1
snapshot: 0
display: 1
explore: 1
npt: 1
nptxy: 0
nptdxdy: 0
shape: 0
seed: 977200
-65.213156025030 -242.757123356861 0.000000000000 1.000000000000
-18.862039303573 -122.596595700235 0.000000000000 1.000000000000
116.223836930129 33.258179105335 0.000000000000 1.000000000000
1.670455686445 -49.030228583249 0.866025403784 0.500000000000
102.374904536130 160.271034347469 0.866025403784 -0.500000000000
146.375202436085 -30.698343780333 0.866025403784 0.500000000000
50.991817425980 -10.558511344604 0.866025403784 0.500000000000
-124.659888365510 2.081633832119 0.866025403784 -0.500000000000
370.228020224243 65.172540060223 0.866025403784 -0.500000000000
166.140000953348 -118.046843885054 0.866025403784 0.500000000000
57.522265575074 142.530015387419 0.000000000000 1.000000000000
101.296465686532 -31.704942690539 0.866025403784 -0.500000000000
-57.356807707935 138.763410528457 0.866025403784 0.500000000000
75.269628450127 -43.363177506495 0.000000000000 1.000000000000
17.406083546236 -7.092278838815 0.000000000000 1.000000000000
8.046267981188 138.173653523692 0.000000000000 1.000000000000
-152.646838067459 -77.699748142470 0.000000000000 1.000000000000
-8.976701850281 183.316875949187 0.866025403784 -0.500000000000
8.019029279246 95.752015988631 0.000000000000 1.000000000000
-210.283522198729 30.981527762082 0.866025403784 -0.500000000000
