#Configurational_file created 2018-09-14 12:00:16  started 2018-09-14 12:00:16 run for 0.0s steps 0
name: p_854
step: 10000
specie: 20
	particle_diameter: 1.0000000000000000
	interaction_length: 1.2000000000000000
	number_of_patches: 3
	number_of_particles_per_compound: 1
	rod_length: 1.0000000000000000
	interaction_matrix:  1.000000 1.000000 1.000000 1.000000 1.000000 1.000000 1.000000 1.000000 1.000000
	patch_type: symmetric
	patch_width: 8.0000000000000000
	patch_angle: 0.0000000000000000
	angles:  0.000000 0.000000 0.000000
	grand_canonical: 0
	chemical_potential: 0.0000000000000000
box: 47.810068 47.810068
copy: 1.000000 1.000000
epsilon: 0.0187510000000000
end_epsilon: 0.0000000000000000
pressure: 0.0125010000000000
lambda: 0.0000000000000000
lambda_coupling: 1.0000000000000000
uy: 0.0000000000000000
maximum_displacement: 1.0000000000000000
maximum_rotation: 1.0000000000000000
maximum_volume: 1.0000000000000000
maximum_shape: 0.0000001000000000
maximum_dsigma: 0.0100000000000000
mod: 10
pmod: 10
optimize: 1
verbose: 1
snapshot: 0
display: 1
explore: 1
npt: 1
nptxy: 0
nptdxdy: 0
shape: 0
seed: 973789
-17.636214195482 89.380437997069 0.866025403784 -0.500000000000
-39.316578919923 -8.702494189251 0.866025403784 0.500000000000
-47.755591725918 93.962524490063 0.000000000000 1.000000000000
419.719263563803 -297.418071161202 0.000000000000 1.000000000000
49.077926639186 300.629369730012 0.866025403784 -0.500000000000
-197.108006904607 -73.286824105667 0.866025403784 0.500000000000
8.264436087279 -107.063229312720 0.866025403784 -0.500000000000
349.608699180944 -226.997999104845 0.000000000000 1.000000000000
15.713339031127 204.388743674070 0.866025403784 0.500000000000
-174.073878036607 -92.595439138488 0.866025403784 0.500000000000
-73.511282381044 59.866091940354 0.000000000000 1.000000000000
79.630318021292 227.825679508776 0.866025403784 0.500000000000
232.042013986195 13.921972730061 0.866025403784 0.500000000000
131.331867936787 -191.846044389641 0.866025403784 0.500000000000
389.659680300691 179.185193253873 0.866025403784 0.500000000000
-27.135490609001 187.784126868772 0.866025403784 0.500000000000
406.269687009995 -66.790013790617 0.866025403784 -0.500000000000
-149.441524883622 -85.218137089865 0.866025403784 -0.500000000000
-23.233040578102 62.224057235632 0.000000000000 1.000000000000
-110.338319998149 233.800916309407 0.000000000000 1.000000000000
