#Configurational_file created 2018-09-14 12:00:19  started 2018-09-14 12:00:18 run for 1.0s steps 0
name: p_857
step: 10000
specie: 20
	particle_diameter: 1.0000000000000000
	interaction_length: 1.2000000000000000
	number_of_patches: 3
	number_of_particles_per_compound: 1
	rod_length: 1.0000000000000000
	interaction_matrix:  1.000000 1.000000 1.000000 1.000000 1.000000 1.000000 1.000000 1.000000 1.000000
	patch_type: symmetric
	patch_width: 8.0000000000000000
	patch_angle: 0.0000000000000000
	angles:  0.000000 0.000000 0.000000
	grand_canonical: 0
	chemical_potential: 0.0000000000000000
box: 55.142369 55.142369
copy: 1.000000 1.000000
epsilon: 0.0187510000000000
end_epsilon: 0.0000000000000000
pressure: 0.0250010000000000
lambda: 0.0000000000000000
lambda_coupling: 1.0000000000000000
uy: 0.0000000000000000
maximum_displacement: 1.0000000000000000
maximum_rotation: 1.0000000000000000
maximum_volume: 1.0000000000000000
maximum_shape: 0.0000001000000000
maximum_dsigma: 0.0100000000000000
mod: 10
pmod: 10
optimize: 1
verbose: 1
snapshot: 0
display: 1
explore: 1
npt: 1
nptxy: 0
nptdxdy: 0
shape: 0
seed: 977200
-239.826316532270 -179.676073314003 0.866025403784 -0.500000000000
24.071535810304 32.152041449140 0.000000000000 1.000000000000
79.515556317664 92.872299707818 0.866025403784 0.500000000000
423.693406723729 0.504221185092 0.000000000000 1.000000000000
224.657532342702 255.582182712791 0.866025403784 -0.500000000000
109.624882310666 -244.340220079506 0.866025403784 0.500000000000
-59.866442361776 77.986333685351 0.866025403784 0.500000000000
-150.879348608308 -182.997124784156 0.866025403784 0.500000000000
231.305567182096 -334.092118818370 0.000000000000 1.000000000000
31.858215230981 -183.092898351122 0.000000000000 1.000000000000
106.620562635087 216.663457837503 0.866025403784 0.500000000000
468.714233778329 -282.954726531085 0.866025403784 0.500000000000
220.472587509988 13.811013322196 0.866025403784 -0.500000000000
-38.139745580102 -51.783823045531 0.866025403784 -0.500000000000
205.892440466461 -49.060744563310 0.866025403784 -0.500000000000
53.481690795243 245.042192224268 0.866025403784 -0.500000000000
318.257924816902 -299.838016421250 0.000000000000 1.000000000000
-127.012928392772 245.924998924862 0.866025403784 -0.500000000000
-39.480275104190 210.221645309616 0.000000000000 1.000000000000
136.907153463295 -45.746505421987 0.000000000000 1.000000000000
