#Configurational_file created 2018-09-14 12:00:19  started 2018-09-14 12:00:19 run for 0.0s steps 0
name: p_858
step: 10000
specie: 20
	particle_diameter: 1.0000000000000000
	interaction_length: 1.2000000000000000
	number_of_patches: 3
	number_of_particles_per_compound: 1
	rod_length: 1.0000000000000000
	interaction_matrix:  1.000000 1.000000 1.000000 1.000000 1.000000 1.000000 1.000000 1.000000 1.000000
	patch_type: symmetric
	patch_width: 8.0000000000000000
	patch_angle: 0.0000000000000000
	angles:  0.000000 0.000000 0.000000
	grand_canonical: 0
	chemical_potential: 0.0000000000000000
box: 50.885261 50.885261
copy: 1.000000 1.000000
epsilon: 0.0187510000000000
end_epsilon: 0.0000000000000000
pressure: 0.0291670000000000
lambda: 0.0000000000000000
lambda_coupling: 1.0000000000000000
uy: 0.0000000000000000
maximum_displacement: 1.0000000000000000
maximum_rotation: 1.0000000000000000
maximum_volume: 1.0000000000000000
maximum_shape: 0.0000001000000000
maximum_dsigma: 0.0100000000000000
mod: 10
pmod: 10
optimize: 1
verbose: 1
snapshot: 0
display: 1
explore: 1
npt: 1
nptxy: 0
nptdxdy: 0
shape: 0
seed: 978337
28.789689976528 72.995629160624 0.866025403784 -0.500000000000
68.632291466329 51.160659267283 0.866025403784 -0.500000000000
140.551126749847 -403.865394687228 0.000000000000 1.000000000000
173.787647956561 -79.179011552266 0.000000000000 1.000000000000
-163.237208173213 19.196032288957 0.000000000000 1.000000000000
-65.217538752219 -185.079856925041 0.866025403784 0.500000000000
222.797879439415 2.957923278389 0.866025403784 0.500000000000
-212.424794479909 339.254750934455 0.000000000000 1.000000000000
115.376289261975 8.646622104139 0.000000000000 1.000000000000
-176.721588984789 31.194372285293 0.866025403784 0.500000000000
-61.926268527868 31.863095089269 0.866025403784 -0.500000000000
307.019528372770 -295.971976750908 0.000000000000 1.000000000000
-124.101662649448 -2.829395023350 0.000000000000 1.000000000000
35.219509491068 57.984374526121 0.866025403784 0.500000000000
-214.416326903144 -89.875260415000 0.866025403784 0.500000000000
386.462995167074 -116.318395858361 0.866025403784 -0.500000000000
-205.616022843247 -64.095804366173 0.866025403784 -0.500000000000
368.081288166264 -101.713488801774 0.000000000000 1.000000000000
383.157822369999 -1.126395538190 0.866025403784 0.500000000000
-118.132946315216 -46.280262647293 0.866025403784 0.500000000000
