#Configurational_file created 2018-09-14 11:32:37  started 2018-09-14 11:32:37 run for 0.0s steps 0
name: p_859
step: 10000
specie: 20
	particle_diameter: 1.0000000000000000
	interaction_length: 1.2000000000000000
	number_of_patches: 3
	number_of_particles_per_compound: 1
	rod_length: 1.0000000000000000
	interaction_matrix:  1.000000 1.000000 1.000000 1.000000 1.000000 1.000000 1.000000 1.000000 1.000000
	patch_type: symmetric
	patch_width: 8.0000000000000000
	patch_angle: 0.0000000000000000
	angles:  0.000000 0.000000 0.000000
	grand_canonical: 0
	chemical_potential: 0.0000000000000000
box: 13.244714 13.244714
copy: 1.000000 1.000000
epsilon: 0.1875620000000000
end_epsilon: 0.0000000000000000
pressure: 0.6667330000000000
lambda: 0.0000000000000000
lambda_coupling: 1.0000000000000000
uy: 0.0000000000000000
maximum_displacement: 1.0000000000000000
maximum_rotation: 1.0000000000000000
maximum_volume: 1.0000000000000000
maximum_shape: 0.0000001000000000
maximum_dsigma: 0.0100000000000000
mod: 10
pmod: 10
optimize: 1
verbose: 1
snapshot: 0
display: 1
explore: 1
npt: 1
nptxy: 0
nptdxdy: 0
shape: 0
seed: 979474
-134.729208379238 -6.499695511890 0.866025403784 0.500000000000
8.382138362452 88.571690145623 0.000000000000 1.000000000000
-26.140066722665 -43.547238017116 0.000000000000 1.000000000000
-20.445215158416 -56.738592372515 0.866025403784 -0.500000000000
-69.324890558476 -175.323375057267 0.000000000000 1.000000000000
13.053766913029 33.967184675592 0.866025403784 -0.500000000000
52.259144290521 110.135900695529 0.000000000000 1.000000000000
40.632240752465 -45.512618297428 0.866025403784 -0.500000000000
-81.836735290929 1.584273081846 0.000000000000 1.000000000000
97.631525467836 -80.840312445085 0.866025403784 -0.500000000000
34.338317474644 7.730232558961 0.866025403784 -0.500000000000
-123.710548949319 156.761513193860 0.866025403784 -0.500000000000
62.595256820940 -75.355741798886 0.000000000000 1.000000000000
53.175595897318 -213.521101064913 0.866025403784 -0.500000000000
-108.106318686417 -67.661947985893 0.866025403784 -0.500000000000
80.924293016299 -127.032168851798 0.866025403784 -0.500000000000
11.919348715160 77.580258991194 0.000000000000 1.000000000000
54.186325890909 -82.275951294747 0.866025403784 0.500000000000
-222.103746894306 -34.118552114521 0.866025403784 -0.500000000000
60.786099592251 -77.545232754794 0.866025403784 -0.500000000000
