#Configurational_file created 2018-09-14 11:32:32  started 2018-09-14 11:32:31 run for 1.0s steps 0
name: p_851
step: 10000
specie: 20
	particle_diameter: 1.0000000000000000
	interaction_length: 1.2000000000000000
	number_of_patches: 3
	number_of_particles_per_compound: 1
	rod_length: 1.0000000000000000
	interaction_matrix:  1.000000 1.000000 1.000000 1.000000 1.000000 1.000000 1.000000 1.000000 1.000000
	patch_type: symmetric
	patch_width: 8.0000000000000000
	patch_angle: 0.0000000000000000
	angles:  0.000000 0.000000 0.000000
	grand_canonical: 0
	chemical_potential: 0.0000000000000000
box: 50.053285 50.053285
copy: 1.000000 1.000000
epsilon: 0.1875620000000000
end_epsilon: 0.0000000000000000
pressure: 0.0001000000000000
lambda: 0.0000000000000000
lambda_coupling: 1.0000000000000000
uy: 0.0000000000000000
maximum_displacement: 1.0000000000000000
maximum_rotation: 1.0000000000000000
maximum_volume: 1.0000000000000000
maximum_shape: 0.0000001000000000
maximum_dsigma: 0.0100000000000000
mod: 10
pmod: 10
optimize: 1
verbose: 1
snapshot: 0
display: 1
explore: 1
npt: 1
nptxy: 0
nptdxdy: 0
shape: 0
seed: 970378
24.246887599890 105.246775878322 0.000000000000 1.000000000000
14.178319876008 -116.075458259674 0.866025403784 -0.500000000000
-252.020843249678 -1.731999048429 0.866025403784 0.500000000000
-183.728594428701 21.750843008153 0.000000000000 1.000000000000
-31.980420120163 382.799530719471 0.866025403784 0.500000000000
179.590996871517 121.404719084720 0.866025403784 -0.500000000000
199.314200428629 -36.436578685965 0.866025403784 0.500000000000
25.277287004053 -561.962462632994 0.866025403784 -0.500000000000
136.603939045685 -119.765693408736 0.866025403784 -0.500000000000
125.747748707812 22.184145984623 0.866025403784 0.500000000000
-309.378153477521 -10.434858761637 0.866025403784 -0.500000000000
-102.239765924306 368.594291784228 0.866025403784 0.500000000000
177.231495725073 -387.587865547501 0.866025403784 0.500000000000
121.266844007347 -256.092242362736 0.866025403784 -0.500000000000
248.475641003448 76.003100647346 0.000000000000 1.000000000000
130.879107371309 -41.131527250410 0.866025403784 0.500000000000
-124.271292078168 -131.632981239593 0.866025403784 0.500000000000
-160.916228556169 -28.343571922267 0.000000000000 1.000000000000
15.104521510648 -133.486255619960 0.000000000000 1.000000000000
7.713948191264 184.305666282347 0.000000000000 1.000000000000
