#Configurational_file created 2018-09-14 12:00:17  started 2018-09-14 12:00:16 run for 1.0s steps 0
name: p_855
step: 10000
specie: 20
	particle_diameter: 1.0000000000000000
	interaction_length: 1.2000000000000000
	number_of_patches: 3
	number_of_particles_per_compound: 1
	rod_length: 1.0000000000000000
	interaction_matrix:  1.000000 1.000000 1.000000 1.000000 1.000000 1.000000 1.000000 1.000000 1.000000
	patch_type: symmetric
	patch_width: 8.0000000000000000
	patch_angle: 0.0000000000000000
	angles:  0.000000 0.000000 0.000000
	grand_canonical: 0
	chemical_potential: 0.0000000000000000
box: 49.110556 49.110556
copy: 1.000000 1.000000
epsilon: 0.0187510000000000
end_epsilon: 0.0000000000000000
pressure: 0.0166680000000000
lambda: 0.0000000000000000
lambda_coupling: 1.0000000000000000
uy: 0.0000000000000000
maximum_displacement: 1.0000000000000000
maximum_rotation: 1.0000000000000000
maximum_volume: 1.0000000000000000
maximum_shape: 0.0000001000000000
maximum_dsigma: 0.0100000000000000
mod: 10
pmod: 10
optimize: 1
verbose: 1
snapshot: 0
display: 1
explore: 1
npt: 1
nptxy: 0
nptdxdy: 0
shape: 0
seed: 974926
4.793952319133 -47.157126473103 0.000000000000 1.000000000000
248.720939595153 22.773092588257 0.000000000000 1.000000000000
-40.825054696591 -132.982622350735 0.866025403784 -0.500000000000
-89.758416279460 8.281270056218 0.866025403784 0.500000000000
116.101948196098 45.487971068713 0.866025403784 0.500000000000
-288.971200701438 256.137111471620 0.866025403784 -0.500000000000
43.187501194029 -238.761454797732 0.000000000000 1.000000000000
161.139712284662 -36.422962616339 0.000000000000 1.000000000000
-49.837161144113 260.943421171200 0.866025403784 -0.500000000000
134.883089713929 328.252187483844 0.000000000000 1.000000000000
230.843105882184 -69.371985105517 0.866025403784 -0.500000000000
-111.057970213605 -330.511441019904 0.866025403784 0.500000000000
-23.446688269047 -120.252670526377 0.866025403784 -0.500000000000
236.213045748561 182.491148115072 0.000000000000 1.000000000000
-244.619544315566 10.238049123254 0.000000000000 1.000000000000
-161.882137409533 5.012319051930 0.866025403784 -0.500000000000
265.006776181980 351.676399768446 0.866025403784 0.500000000000
221.734449540776 58.698938649501 0.000000000000 1.000000000000
38.618380354960 426.859153502747 0.866025403784 0.500000000000
186.560341691617 333.766098225749 0.000000000000 1.000000000000
