#Configurational_file created 2018-09-14 12:00:18  started 2018-09-14 12:00:17 run for 1.0s steps 0
name: p_856
step: 10000
specie: 20
	particle_diameter: 1.0000000000000000
	interaction_length: 1.2000000000000000
	number_of_patches: 3
	number_of_particles_per_compound: 1
	rod_length: 1.0000000000000000
	interaction_matrix:  1.000000 1.000000 1.000000 1.000000 1.000000 1.000000 1.000000 1.000000 1.000000
	patch_type: symmetric
	patch_width: 8.0000000000000000
	patch_angle: 0.0000000000000000
	angles:  0.000000 0.000000 0.000000
	grand_canonical: 0
	chemical_potential: 0.0000000000000000
box: 49.218114 49.218114
copy: 1.000000 1.000000
epsilon: 0.0187510000000000
end_epsilon: 0.0000000000000000
pressure: 0.0208340000000000
lambda: 0.0000000000000000
lambda_coupling: 1.0000000000000000
uy: 0.0000000000000000
maximum_displacement: 1.0000000000000000
maximum_rotation: 1.0000000000000000
maximum_volume: 1.0000000000000000
maximum_shape: 0.0000001000000000
maximum_dsigma: 0.0100000000000000
mod: 10
pmod: 10
optimize: 1
verbose: 1
snapshot: 0
display: 1
explore: 1
npt: 1
nptxy: 0
nptdxdy: 0
shape: 0
seed: 976063
221.799157520225 -106.199937575495 0.000000000000 1.000000000000
-30.388566468834 -30.939957366859 0.000000000000 1.000000000000
130.790415721398 -152.554565286759 0.000000000000 1.000000000000
-86.870630238166 -159.530388294967 0.866025403784 0.500000000000
-211.777207129752 36.323029562268 0.866025403784 -0.500000000000
-55.432432329619 50.510412691976 0.866025403784 -0.500000000000
-137.523030035924 105.847746632219 0.866025403784 0.500000000000
95.525019608177 42.634601388214 0.866025403784 0.500000000000
173.430825724800 141.748940248129 0.866025403784 -0.500000000000
-77.727434556751 98.023894131125 0.866025403784 0.500000000000
65.056956947142 174.932093202076 0.866025403784 0.500000000000
20.598728024981 6.077776972407 0.866025403784 -0.500000000000
298.615649097772 -18.158888272465 0.000000000000 1.000000000000
-52.245194324615 283.973664592294 0.000000000000 1.000000000000
364.096935620712 13.594498564476 0.866025403784 0.500000000000
271.195965547343 249.438994020481 0.000000000000 1.000000000000
-80.872502778254 -176.557175437272 0.866025403784 -0.500000000000
-15.382771878526 -38.791987054203 0.000000000000 1.000000000000
153.963246711338 -94.066046610431 0.866025403784 -0.500000000000
339.525694310059 347.845556436758 0.866025403784 -0.500000000000
