#Configurational_file created 2018-09-14 12:00:15  started 2018-09-14 12:00:14 run for 1.0s steps 0
name: p_852
step: 10000
specie: 20
	particle_diameter: 1.0000000000000000
	interaction_length: 1.2000000000000000
	number_of_patches: 3
	number_of_particles_per_compound: 1
	rod_length: 1.0000000000000000
	interaction_matrix:  1.000000 1.000000 1.000000 1.000000 1.000000 1.000000 1.000000 1.000000 1.000000
	patch_type: symmetric
	patch_width: 8.0000000000000000
	patch_angle: 0.0000000000000000
	angles:  0.000000 0.000000 0.000000
	grand_canonical: 0
	chemical_potential: 0.0000000000000000
box: 45.811552 45.811552
copy: 1.000000 1.000000
epsilon: 0.0187510000000000
end_epsilon: 0.0000000000000000
pressure: 0.0041680000000000
lambda: 0.0000000000000000
lambda_coupling: 1.0000000000000000
uy: 0.0000000000000000
maximum_displacement: 1.0000000000000000
maximum_rotation: 1.0000000000000000
maximum_volume: 1.0000000000000000
maximum_shape: 0.0000001000000000
maximum_dsigma: 0.0100000000000000
mod: 10
pmod: 10
optimize: 1
verbose: 1
snapshot: 0
display: 1
explore: 1
npt: 1
nptxy: 0
nptdxdy: 0
shape: 0
seed: 971515
-46.610288999190 53.639324811180 0.866025403784 0.500000000000
235.666719404568 -57.494191414445 0.866025403784 -0.500000000000
-95.765679335440 121.873067127922 0.866025403784 0.500000000000
129.273480144739 242.536595836920 0.000000000000 1.000000000000
-121.827998104366 182.388068113970 0.866025403784 -0.500000000000
-89.090793884011 -188.352808086539 0.866025403784 0.500000000000
-113.118136948622 89.439585007118 0.866025403784 0.500000000000
-78.982459648206 -188.253414781533 0.866025403784 0.500000000000
167.536137811322 -51.996463857678 0.866025403784 -0.500000000000
0.944378993048 81.258920471733 0.866025403784 0.500000000000
-41.575571756087 53.000557596067 0.866025403784 -0.500000000000
6.116750558167 237.999100795367 0.866025403784 -0.500000000000
375.752205271717 -142.610906593386 0.866025403784 -0.500000000000
175.904594595333 11.807060217853 0.000000000000 1.000000000000
361.205920099960 -334.102423031910 0.866025403784 0.500000000000
244.695518433414 15.606603684221 0.866025403784 0.500000000000
178.039427514238 -124.699309652603 0.866025403784 0.500000000000
216.246535205640 -20.860283353435 0.000000000000 1.000000000000
-80.834462299937 80.734552222333 0.866025403784 0.500000000000
-154.772913068537 265.212311621275 0.866025403784 -0.500000000000
