#Configurational_file created 2018-09-14 11:32:35  started 2018-09-14 11:32:34 run for 1.0s steps 0
name: p_855
step: 10000
specie: 20
	particle_diameter: 1.0000000000000000
	interaction_length: 1.2000000000000000
	number_of_patches: 3
	number_of_particles_per_compound: 1
	rod_length: 1.0000000000000000
	interaction_matrix:  1.000000 1.000000 1.000000 1.000000 1.000000 1.000000 1.000000 1.000000 1.000000
	patch_type: symmetric
	patch_width: 8.0000000000000000
	patch_angle: 0.0000000000000000
	angles:  0.000000 0.000000 0.000000
	grand_canonical: 0
	chemical_potential: 0.0000000000000000
box: 17.240496 17.240496
copy: 1.000000 1.000000
epsilon: 0.1875620000000000
end_epsilon: 0.0000000000000000
pressure: 0.3334170000000000
lambda: 0.0000000000000000
lambda_coupling: 1.0000000000000000
uy: 0.0000000000000000
maximum_displacement: 1.0000000000000000
maximum_rotation: 1.0000000000000000
maximum_volume: 1.0000000000000000
maximum_shape: 0.0000001000000000
maximum_dsigma: 0.0100000000000000
mod: 10
pmod: 10
optimize: 1
verbose: 1
snapshot: 0
display: 1
explore: 1
npt: 1
nptxy: 0
nptdxdy: 0
shape: 0
seed: 974926
79.203311824216 -101.224187525990 0.866025403784 0.500000000000
-107.993745692153 81.105175359122 0.866025403784 -0.500000000000
102.598183239984 113.692404231125 0.866025403784 0.500000000000
-47.310041711158 22.022288844980 0.866025403784 -0.500000000000
95.285411401027 -204.936089795454 0.866025403784 -0.500000000000
37.801418272817 100.654971663130 0.866025403784 0.500000000000
59.968756389394 37.946756029032 0.866025403784 -0.500000000000
128.134974314595 -66.396632457094 0.866025403784 -0.500000000000
43.406850072834 32.427504355455 0.000000000000 1.000000000000
-99.679824804181 -22.214555456048 0.000000000000 1.000000000000
57.822990702470 -28.653213504219 0.866025403784 0.500000000000
94.209775890484 -2.605530185340 0.866025403784 0.500000000000
172.067037098820 41.713783287576 0.866025403784 0.500000000000
240.254260136693 139.677634096156 0.866025403784 -0.500000000000
-76.109611452071 -77.910722063677 0.866025403784 -0.500000000000
70.936236029087 126.651246689052 0.866025403784 -0.500000000000
179.903681571996 86.898688362647 0.866025403784 -0.500000000000
38.890529348448 10.320803872259 0.000000000000 1.000000000000
155.201644711040 90.728934188118 0.000000000000 1.000000000000
-11.560410959993 180.001676860546 0.866025403784 0.500000000000
