#Configurational_file created 2018-09-14 11:32:31  started 2018-09-14 11:32:30 run for 1.0s steps 0
name: p_850
step: 10000
specie: 20
	particle_diameter: 1.0000000000000000
	interaction_length: 1.2000000000000000
	number_of_patches: 3
	number_of_particles_per_compound: 1
	rod_length: 1.0000000000000000
	interaction_matrix:  1.000000 1.000000 1.000000 1.000000 1.000000 1.000000 1.000000 1.000000 1.000000
	patch_type: symmetric
	patch_width: 8.0000000000000000
	patch_angle: 0.0000000000000000
	angles:  0.000000 0.000000 0.000000
	grand_canonical: 0
	chemical_potential: 0.0000000000000000
box: 9.267904 9.267904
copy: 1.000000 1.000000
epsilon: 0.1667330000000000
end_epsilon: 0.0000000000000000
pressure: 2.0000000000000000
lambda: 0.0000000000000000
lambda_coupling: 1.0000000000000000
uy: 0.0000000000000000
maximum_displacement: 1.0000000000000000
maximum_rotation: 1.0000000000000000
maximum_volume: 1.0000000000000000
maximum_shape: 0.0000001000000000
maximum_dsigma: 0.0100000000000000
mod: 10
pmod: 10
optimize: 1
verbose: 1
snapshot: 0
display: 1
explore: 1
npt: 1
nptxy: 0
nptdxdy: 0
shape: 0
seed: 969241
-13.836308060491 -10.064868616770 0.000000000000 1.000000000000
125.454229728519 -53.628224625605 0.000000000000 1.000000000000
-17.263682573438 -77.879167960446 0.000000000000 1.000000000000
108.492712661773 -81.340902331403 0.866025403784 -0.500000000000
-50.954646658489 22.115174525681 0.000000000000 1.000000000000
44.765249775909 -132.561357884139 0.866025403784 -0.500000000000
87.567786489933 -17.011505830084 0.866025403784 -0.500000000000
83.551872655765 -91.449601472903 0.866025403784 -0.500000000000
-49.161812240066 121.112467019626 0.866025403784 0.500000000000
-11.521422217235 -10.763110014181 0.866025403784 -0.500000000000
151.669336788988 87.859522343053 0.866025403784 -0.500000000000
-35.373780589983 28.032782580570 0.000000000000 1.000000000000
51.153806498996 -96.207715927872 0.000000000000 1.000000000000
88.838148941760 -76.204976765705 0.000000000000 1.000000000000
103.950864371394 -126.042375624346 0.866025403784 0.500000000000
64.392765544445 -36.935188142819 0.000000000000 1.000000000000
16.758015061438 33.775398052012 0.000000000000 1.000000000000
85.895265102567 33.863052673195 0.866025403784 0.500000000000
96.431297781772 36.822262847104 0.000000000000 1.000000000000
40.246358231587 77.534181743657 0.866025403784 0.500000000000
