#Configurational_file created 2018-09-14 11:32:35  started 2018-09-14 11:32:35 run for 0.0s steps 0
name: p_856
step: 10000
specie: 20
	particle_diameter: 1.0000000000000000
	interaction_length: 1.2000000000000000
	number_of_patches: 3
	number_of_particles_per_compound: 1
	rod_length: 1.0000000000000000
	interaction_matrix:  1.000000 1.000000 1.000000 1.000000 1.000000 1.000000 1.000000 1.000000 1.000000
	patch_type: symmetric
	patch_width: 8.0000000000000000
	patch_angle: 0.0000000000000000
	angles:  0.000000 0.000000 0.000000
	grand_canonical: 0
	chemical_potential: 0.0000000000000000
box: 15.762952 15.762952
copy: 1.000000 1.000000
epsilon: 0.1875620000000000
end_epsilon: 0.0000000000000000
pressure: 0.4167460000000000
lambda: 0.0000000000000000
lambda_coupling: 1.0000000000000000
uy: 0.0000000000000000
maximum_displacement: 1.0000000000000000
maximum_rotation: 1.0000000000000000
maximum_volume: 1.0000000000000000
maximum_shape: 0.0000001000000000
maximum_dsigma: 0.0100000000000000
mod: 10
pmod: 10
optimize: 1
verbose: 1
snapshot: 0
display: 1
explore: 1
npt: 1
nptxy: 0
nptdxdy: 0
shape: 0
seed: 976063
17.873052000541 -8.391389604046 0.866025403784 0.500000000000
-127.038141413610 98.091130874486 0.866025403784 -0.500000000000
52.097361506614 -118.993755706789 0.000000000000 1.000000000000
101.166463932931 75.630816797399 0.000000000000 1.000000000000
-72.690139465228 -15.282131317817 0.866025403784 0.500000000000
146.675885798194 174.977901370726 0.866025403784 0.500000000000
-68.343075178699 -5.548310353920 0.000000000000 1.000000000000
172.243643809067 -8.717035435869 0.000000000000 1.000000000000
118.750754174368 -33.944592962133 0.866025403784 -0.500000000000
22.818030842916 -72.218830898429 0.866025403784 0.500000000000
-129.392066474033 -47.442958819294 0.866025403784 0.500000000000
175.712419034297 59.606178858963 0.866025403784 -0.500000000000
-159.337625719011 -38.600939107006 0.866025403784 -0.500000000000
-141.276072793966 -27.537960732313 0.866025403784 0.500000000000
185.750319706678 92.618275637759 0.866025403784 0.500000000000
102.296929819296 28.488503599996 0.000000000000 1.000000000000
-26.471326143164 -185.324649270168 0.866025403784 -0.500000000000
-18.446073081275 18.821705072289 0.866025403784 -0.500000000000
-16.386486656962 -41.879146605664 0.000000000000 1.000000000000
-59.848424211276 149.009192678032 0.866025403784 -0.500000000000
