#Configurational_file created 2018-09-14 11:06:29  started 2018-09-14 11:06:29 run for 0.0s steps 0
name: p_85
step: 10000
specie: 20
	particle_diameter: 1.0000000000000000
	interaction_length: 1.2000000000000000
	number_of_patches: 3
	number_of_particles_per_compound: 1
	rod_length: 1.0000000000000000
	interaction_matrix:  1.000000 1.000000 1.000000 1.000000 1.000000 1.000000 1.000000 1.000000 1.000000
	patch_type: symmetric
	patch_width: 8.0000000000000000
	patch_angle: 0.0000000000000000
	angles:  0.000000 0.000000 0.000000
	grand_canonical: 0
	chemical_potential: 0.0000000000000000
box: 11.992695 11.992695
copy: 1.000000 1.000000
epsilon: 0.1429290000000000
end_epsilon: 0.0000000000000000
pressure: 1.1429000000000000
lambda: 0.0000000000000000
lambda_coupling: 1.0000000000000000
uy: 0.0000000000000000
maximum_displacement: 1.0000000000000000
maximum_rotation: 1.0000000000000000
maximum_volume: 1.0000000000000000
maximum_shape: 0.0000001000000000
maximum_dsigma: 0.0100000000000000
mod: 10
pmod: 10
optimize: 1
verbose: 1
snapshot: 0
display: 1
explore: 1
npt: 1
nptxy: 0
nptdxdy: 0
shape: 0
seed: 99515
98.914142893163 179.624043059742 0.866025403784 0.500000000000
-20.676760388215 2.865847660063 0.000000000000 1.000000000000
-25.705627515157 16.282036727616 0.866025403784 -0.500000000000
-82.468138816906 -8.530009278712 0.866025403784 -0.500000000000
15.619342994305 -37.960275963967 0.000000000000 1.000000000000
-84.006692922214 60.788102748257 0.866025403784 0.500000000000
-28.884711238076 105.803851148537 0.866025403784 0.500000000000
130.259874020062 -75.990809044017 0.866025403784 -0.500000000000
38.117319161166 -53.059401532084 0.866025403784 0.500000000000
-27.022164386961 -131.035236603677 0.866025403784 0.500000000000
-148.270135184276 -128.504933848098 0.866025403784 0.500000000000
22.924397328557 -99.136571552867 0.000000000000 1.000000000000
157.792813474739 10.730470720198 0.866025403784 -0.500000000000
52.609265284520 104.200775087709 0.000000000000 1.000000000000
-131.221012899479 -3.308371111782 0.000000000000 1.000000000000
-66.781871194543 76.527607575164 0.000000000000 1.000000000000
-14.030472487788 -35.464316259714 0.866025403784 -0.500000000000
75.659886991269 -75.018445585521 0.000000000000 1.000000000000
-62.587431001404 -100.676586824313 0.000000000000 1.000000000000
4.283279648730 -36.831662152584 0.866025403784 -0.500000000000
