#Configurational_file created 2018-09-14 12:00:13  started 2018-09-14 12:00:13 run for 0.0s steps 0
name: p_850
step: 10000
specie: 20
	particle_diameter: 1.0000000000000000
	interaction_length: 1.2000000000000000
	number_of_patches: 3
	number_of_particles_per_compound: 1
	rod_length: 1.0000000000000000
	interaction_matrix:  1.000000 1.000000 1.000000 1.000000 1.000000 1.000000 1.000000 1.000000 1.000000
	patch_type: symmetric
	patch_width: 8.0000000000000000
	patch_angle: 0.0000000000000000
	angles:  0.000000 0.000000 0.000000
	grand_canonical: 0
	chemical_potential: 0.0000000000000000
box: 51.231874 51.231874
copy: 1.000000 1.000000
epsilon: 0.0166670000000000
end_epsilon: 0.0000000000000000
pressure: 0.1000000000000000
lambda: 0.0000000000000000
lambda_coupling: 1.0000000000000000
uy: 0.0000000000000000
maximum_displacement: 1.0000000000000000
maximum_rotation: 1.0000000000000000
maximum_volume: 1.0000000000000000
maximum_shape: 0.0000001000000000
maximum_dsigma: 0.0100000000000000
mod: 10
pmod: 10
optimize: 1
verbose: 1
snapshot: 0
display: 1
explore: 1
npt: 1
nptxy: 0
nptdxdy: 0
shape: 0
seed: 969241
-194.162182472086 98.493029838849 0.866025403784 -0.500000000000
229.498072507433 2.093363057365 0.000000000000 1.000000000000
-143.621711212593 -61.161664104737 0.000000000000 1.000000000000
-189.618953531934 -304.097301136621 0.866025403784 0.500000000000
-226.272660649337 -126.410238692682 0.866025403784 -0.500000000000
213.281862219368 -463.154080495301 0.866025403784 0.500000000000
294.126967727248 -73.179841562221 0.866025403784 -0.500000000000
59.573638286665 453.559999877204 0.866025403784 -0.500000000000
7.773587844667 16.206615826404 0.000000000000 1.000000000000
-38.802117556077 139.315744195923 0.866025403784 0.500000000000
293.064018908491 -169.093563085485 0.866025403784 0.500000000000
-235.442354305380 53.988022717203 0.866025403784 0.500000000000
7.375276140029 -130.870553856221 0.000000000000 1.000000000000
186.411128022502 -164.940991004603 0.000000000000 1.000000000000
20.488203626870 -271.466887027443 0.000000000000 1.000000000000
229.923941612411 -80.935739801877 0.866025403784 0.500000000000
-148.159787686870 19.835182280967 0.000000000000 1.000000000000
315.541762574313 -328.720028662240 0.000000000000 1.000000000000
192.739481179758 -321.939218287226 0.000000000000 1.000000000000
23.402280700142 223.019704827450 0.866025403784 0.500000000000
