#Configurational_file created 2018-09-14 11:32:40  started 2018-09-14 11:32:40 run for 0.0s steps 0
name: p_863
step: 10000
specie: 20
	particle_diameter: 1.0000000000000000
	interaction_length: 1.2000000000000000
	number_of_patches: 3
	number_of_particles_per_compound: 1
	rod_length: 1.0000000000000000
	interaction_matrix:  1.000000 1.000000 1.000000 1.000000 1.000000 1.000000 1.000000 1.000000 1.000000
	patch_type: symmetric
	patch_width: 8.0000000000000000
	patch_angle: 0.0000000000000000
	angles:  0.000000 0.000000 0.000000
	grand_canonical: 0
	chemical_potential: 0.0000000000000000
box: 9.708397 9.708397
copy: 1.000000 1.000000
epsilon: 0.1875620000000000
end_epsilon: 0.0000000000000000
pressure: 1.0000500000000001
lambda: 0.0000000000000000
lambda_coupling: 1.0000000000000000
uy: 0.0000000000000000
maximum_displacement: 1.0000000000000000
maximum_rotation: 1.0000000000000000
maximum_volume: 1.0000000000000000
maximum_shape: 0.0000001000000000
maximum_dsigma: 0.0100000000000000
mod: 10
pmod: 10
optimize: 1
verbose: 1
snapshot: 0
display: 1
explore: 1
npt: 1
nptxy: 0
nptdxdy: 0
shape: 0
seed: 984022
-26.513547065904 29.788243850028 0.866025403784 0.500000000000
-63.728200325808 -26.033163228707 0.000000000000 1.000000000000
18.013181767843 -16.286228207426 0.866025403784 -0.500000000000
81.148792367076 144.317391116117 0.866025403784 -0.500000000000
-154.347530540096 -43.442183244179 0.866025403784 -0.500000000000
88.024346476336 40.405665620114 0.866025403784 0.500000000000
67.282863954125 17.787282007673 0.000000000000 1.000000000000
-23.657791941981 -6.002808974347 0.000000000000 1.000000000000
-29.258155751593 -6.353325475102 0.866025403784 -0.500000000000
-57.620686310627 4.012083121447 0.866025403784 -0.500000000000
15.051038399323 -87.661802500343 0.866025403784 0.500000000000
82.669904209714 13.840155956904 0.866025403784 0.500000000000
83.503204434345 43.593981908627 0.866025403784 0.500000000000
-12.238838521014 -86.272718788920 0.866025403784 0.500000000000
10.408336055206 152.874421199394 0.000000000000 1.000000000000
33.039988325729 -149.498330600889 0.866025403784 0.500000000000
-21.028376656176 -65.969652680084 0.866025403784 0.500000000000
7.623434885160 -30.186227903621 0.866025403784 -0.500000000000
-38.795250232586 165.410984545958 0.866025403784 0.500000000000
-7.885325753611 -73.349555077894 0.866025403784 0.500000000000
