#Configurational_file created 2018-09-14 11:32:43  started 2018-09-14 11:32:43 run for 0.0s steps 0
name: p_867
step: 10000
specie: 20
	particle_diameter: 1.0000000000000000
	interaction_length: 1.2000000000000000
	number_of_patches: 3
	number_of_particles_per_compound: 1
	rod_length: 1.0000000000000000
	interaction_matrix:  1.000000 1.000000 1.000000 1.000000 1.000000 1.000000 1.000000 1.000000 1.000000
	patch_type: symmetric
	patch_width: 8.0000000000000000
	patch_angle: 0.0000000000000000
	angles:  0.000000 0.000000 0.000000
	grand_canonical: 0
	chemical_potential: 0.0000000000000000
box: 9.676127 9.676127
copy: 1.000000 1.000000
epsilon: 0.1875620000000000
end_epsilon: 0.0000000000000000
pressure: 1.3333670000000000
lambda: 0.0000000000000000
lambda_coupling: 1.0000000000000000
uy: 0.0000000000000000
maximum_displacement: 1.0000000000000000
maximum_rotation: 1.0000000000000000
maximum_volume: 1.0000000000000000
maximum_shape: 0.0000001000000000
maximum_dsigma: 0.0100000000000000
mod: 10
pmod: 10
optimize: 1
verbose: 1
snapshot: 0
display: 1
explore: 1
npt: 1
nptxy: 0
nptdxdy: 0
shape: 0
seed: 988570
-26.567150759752 42.002392127796 0.866025403784 0.500000000000
-215.644714256590 -61.929055164639 0.000000000000 1.000000000000
22.793462481092 -46.849553345291 0.866025403784 -0.500000000000
-30.281071093059 78.379574307714 0.866025403784 0.500000000000
22.681050701188 1.089423837074 0.000000000000 1.000000000000
-10.962480296682 94.278003180784 0.000000000000 1.000000000000
-45.619370592956 19.833949341913 0.866025403784 -0.500000000000
32.459079480782 -89.598321935918 0.866025403784 -0.500000000000
104.175388388979 -38.405445021581 0.866025403784 0.500000000000
54.557839959088 -102.176108651302 0.866025403784 -0.500000000000
116.392507675135 101.014086594722 0.866025403784 -0.500000000000
-105.472201720233 126.614094637523 0.866025403784 0.500000000000
34.716467324714 42.059752801721 0.000000000000 1.000000000000
21.073853788450 13.648983534535 0.866025403784 0.500000000000
89.947729037779 -81.728749262861 0.000000000000 1.000000000000
-28.455409202425 47.583681104134 0.866025403784 -0.500000000000
27.782700288198 56.783856335782 0.866025403784 -0.500000000000
103.604505052387 55.111871485735 0.866025403784 0.500000000000
29.936379525965 -80.076777245968 0.000000000000 1.000000000000
-46.188958552940 113.908688028544 0.866025403784 -0.500000000000
