#Configurational_file created 2018-09-14 12:00:24  started 2018-09-14 12:00:23 run for 1.0s steps 0
name: p_864
step: 10000
specie: 20
	particle_diameter: 1.0000000000000000
	interaction_length: 1.2000000000000000
	number_of_patches: 3
	number_of_particles_per_compound: 1
	rod_length: 1.0000000000000000
	interaction_matrix:  1.000000 1.000000 1.000000 1.000000 1.000000 1.000000 1.000000 1.000000 1.000000
	patch_type: symmetric
	patch_width: 8.0000000000000000
	patch_angle: 0.0000000000000000
	angles:  0.000000 0.000000 0.000000
	grand_canonical: 0
	chemical_potential: 0.0000000000000000
box: 48.126379 48.126379
copy: 1.000000 1.000000
epsilon: 0.0187510000000000
end_epsilon: 0.0000000000000000
pressure: 0.0541670000000000
lambda: 0.0000000000000000
lambda_coupling: 1.0000000000000000
uy: 0.0000000000000000
maximum_displacement: 1.0000000000000000
maximum_rotation: 1.0000000000000000
maximum_volume: 1.0000000000000000
maximum_shape: 0.0000001000000000
maximum_dsigma: 0.0100000000000000
mod: 10
pmod: 10
optimize: 1
verbose: 1
snapshot: 0
display: 1
explore: 1
npt: 1
nptxy: 0
nptdxdy: 0
shape: 0
seed: 985159
30.500861397064 60.640374056548 0.866025403784 0.500000000000
-227.082317934158 -175.833239965958 0.866025403784 -0.500000000000
-309.905705645974 -133.684688907446 0.866025403784 -0.500000000000
34.172411131966 44.289564620467 0.866025403784 0.500000000000
-62.201688645813 221.747989384707 0.866025403784 0.500000000000
154.672118659375 94.718633553409 0.000000000000 1.000000000000
298.449570659920 -249.881167689923 0.000000000000 1.000000000000
117.011608487732 -39.433351238803 0.866025403784 0.500000000000
39.413192322814 214.500885228734 0.000000000000 1.000000000000
-50.904067840505 101.760166347808 0.866025403784 0.500000000000
162.331556683122 -12.243251090119 0.866025403784 -0.500000000000
-31.586331528445 -164.006662183450 0.866025403784 0.500000000000
-121.689072098324 -133.991794388923 0.866025403784 -0.500000000000
302.860185851054 133.567255846794 0.866025403784 0.500000000000
11.766105711568 314.839926183642 0.866025403784 -0.500000000000
-2.889334013654 -9.679940650118 0.000000000000 1.000000000000
21.240203666886 86.789999608120 0.000000000000 1.000000000000
549.611023123219 16.350497225681 0.000000000000 1.000000000000
40.387820746960 5.312274373029 0.866025403784 0.500000000000
-173.838618810494 -177.132578010636 0.866025403784 0.500000000000
