#Configurational_file created 2018-09-14 12:00:27  started 2018-09-14 12:00:27 run for 0.0s steps 0
name: p_869
step: 10000
specie: 20
	particle_diameter: 1.0000000000000000
	interaction_length: 1.2000000000000000
	number_of_patches: 3
	number_of_particles_per_compound: 1
	rod_length: 1.0000000000000000
	interaction_matrix:  1.000000 1.000000 1.000000 1.000000 1.000000 1.000000 1.000000 1.000000 1.000000
	patch_type: symmetric
	patch_width: 8.0000000000000000
	patch_angle: 0.0000000000000000
	angles:  0.000000 0.000000 0.000000
	grand_canonical: 0
	chemical_potential: 0.0000000000000000
box: 46.029150 46.029150
copy: 1.000000 1.000000
epsilon: 0.0187510000000000
end_epsilon: 0.0000000000000000
pressure: 0.0750000000000000
lambda: 0.0000000000000000
lambda_coupling: 1.0000000000000000
uy: 0.0000000000000000
maximum_displacement: 1.0000000000000000
maximum_rotation: 1.0000000000000000
maximum_volume: 1.0000000000000000
maximum_shape: 0.0000001000000000
maximum_dsigma: 0.0100000000000000
mod: 10
pmod: 10
optimize: 1
verbose: 1
snapshot: 0
display: 1
explore: 1
npt: 1
nptxy: 0
nptdxdy: 0
shape: 0
seed: 990844
48.949161499424 -54.476324261191 0.866025403784 -0.500000000000
1.912822264602 30.399927404481 0.866025403784 0.500000000000
-27.207759011127 80.212624975845 0.866025403784 0.500000000000
96.583662926830 133.039551554023 0.866025403784 0.500000000000
-16.979791829131 230.446483873971 0.000000000000 1.000000000000
-51.476993602189 -126.179675803006 0.000000000000 1.000000000000
179.470867390523 -221.326241625592 0.866025403784 -0.500000000000
-97.688399082487 22.944924967158 0.000000000000 1.000000000000
46.347038065037 62.805411471931 0.000000000000 1.000000000000
-99.360360015903 31.356196136904 0.866025403784 -0.500000000000
-50.861939521684 20.644997660540 0.866025403784 0.500000000000
42.768073481897 176.389616140397 0.866025403784 -0.500000000000
-14.575344842374 57.504193375729 0.866025403784 0.500000000000
-176.252900121944 -83.972728610682 0.866025403784 0.500000000000
213.893808910678 181.712008372346 0.866025403784 -0.500000000000
-95.762939045917 208.112611043603 0.000000000000 1.000000000000
138.176416698935 26.025792916248 0.866025403784 -0.500000000000
-41.462163209325 188.917437265008 0.866025403784 0.500000000000
48.279375740127 41.778566232273 0.866025403784 0.500000000000
80.083507216744 -42.422047076913 0.866025403784 0.500000000000
