#Configurational_file created 2018-09-14 11:06:30  started 2018-09-14 11:06:29 run for 1.0s steps 0
name: p_86
step: 10000
specie: 20
	particle_diameter: 1.0000000000000000
	interaction_length: 1.2000000000000000
	number_of_patches: 3
	number_of_particles_per_compound: 1
	rod_length: 1.0000000000000000
	interaction_matrix:  1.000000 1.000000 1.000000 1.000000 1.000000 1.000000 1.000000 1.000000 1.000000
	patch_type: symmetric
	patch_width: 8.0000000000000000
	patch_angle: 0.0000000000000000
	angles:  0.000000 0.000000 0.000000
	grand_canonical: 0
	chemical_potential: 0.0000000000000000
box: 10.035877 10.035877
copy: 1.000000 1.000000
epsilon: 0.1429290000000000
end_epsilon: 0.0000000000000000
pressure: 1.4286000000000001
lambda: 0.0000000000000000
lambda_coupling: 1.0000000000000000
uy: 0.0000000000000000
maximum_displacement: 1.0000000000000000
maximum_rotation: 1.0000000000000000
maximum_volume: 1.0000000000000000
maximum_shape: 0.0000001000000000
maximum_dsigma: 0.0100000000000000
mod: 10
pmod: 10
optimize: 1
verbose: 1
snapshot: 0
display: 1
explore: 1
npt: 1
nptxy: 0
nptdxdy: 0
shape: 0
seed: 100652
12.491828156035 -4.898748504190 0.000000000000 1.000000000000
27.470085832496 -14.629456824020 0.866025403784 -0.500000000000
67.876324234743 41.543664327776 0.866025403784 0.500000000000
-13.690939908628 -29.080803989409 0.866025403784 0.500000000000
-103.732094819716 83.431980686213 0.000000000000 1.000000000000
23.737468353969 -10.497190414247 0.866025403784 -0.500000000000
24.910073181473 3.341993703721 0.000000000000 1.000000000000
-79.884416622082 83.597871280229 0.866025403784 0.500000000000
38.256769525669 25.350187774551 0.000000000000 1.000000000000
-7.376679304790 70.656645505386 0.866025403784 -0.500000000000
51.486425627570 18.017577464103 0.866025403784 0.500000000000
-102.301927889855 23.369829319801 0.866025403784 0.500000000000
-85.714503540992 -18.179138252452 0.000000000000 1.000000000000
-9.848992675197 -22.567347526805 0.866025403784 0.500000000000
57.126307919333 98.585407505828 0.866025403784 -0.500000000000
-75.208708790686 -25.696038371993 0.866025403784 -0.500000000000
35.200725326199 26.967685110831 0.866025403784 0.500000000000
149.477138297024 -6.938167968505 0.000000000000 1.000000000000
-4.742573454091 98.250235647499 0.866025403784 0.500000000000
27.272866608008 -0.729648322976 0.866025403784 -0.500000000000
