#Configurational_file created 2018-09-14 12:00:21  started 2018-09-14 12:00:20 run for 1.0s steps 0
name: p_860
step: 10000
specie: 20
	particle_diameter: 1.0000000000000000
	interaction_length: 1.2000000000000000
	number_of_patches: 3
	number_of_particles_per_compound: 1
	rod_length: 1.0000000000000000
	interaction_matrix:  1.000000 1.000000 1.000000 1.000000 1.000000 1.000000 1.000000 1.000000 1.000000
	patch_type: symmetric
	patch_width: 8.0000000000000000
	patch_angle: 0.0000000000000000
	angles:  0.000000 0.000000 0.000000
	grand_canonical: 0
	chemical_potential: 0.0000000000000000
box: 50.747322 50.747322
copy: 1.000000 1.000000
epsilon: 0.0187510000000000
end_epsilon: 0.0000000000000000
pressure: 0.0375010000000000
lambda: 0.0000000000000000
lambda_coupling: 1.0000000000000000
uy: 0.0000000000000000
maximum_displacement: 1.0000000000000000
maximum_rotation: 1.0000000000000000
maximum_volume: 1.0000000000000000
maximum_shape: 0.0000001000000000
maximum_dsigma: 0.0100000000000000
mod: 10
pmod: 10
optimize: 1
verbose: 1
snapshot: 0
display: 1
explore: 1
npt: 1
nptxy: 0
nptdxdy: 0
shape: 0
seed: 980611
142.810257224611 237.162933833787 0.000000000000 1.000000000000
-108.449781817565 17.339701865797 0.866025403784 0.500000000000
-423.742944882433 286.742431938264 0.866025403784 -0.500000000000
-121.731641460820 104.120229174378 0.000000000000 1.000000000000
-91.659437425177 -356.652493061881 0.866025403784 0.500000000000
-52.411729857155 -92.230676709154 0.866025403784 -0.500000000000
-110.973612246789 -179.433132089737 0.000000000000 1.000000000000
-319.762693005827 225.979765148750 0.866025403784 -0.500000000000
43.814181229550 157.103572206983 0.000000000000 1.000000000000
30.212152886461 7.305325395962 0.866025403784 0.500000000000
-135.070089686420 67.865004829962 0.866025403784 0.500000000000
-392.681218290715 -140.619693396996 0.866025403784 -0.500000000000
-3.698227744935 -87.973937271121 0.000000000000 1.000000000000
-191.205559399613 -65.767544653859 0.000000000000 1.000000000000
-81.711265796414 -76.042232305891 0.866025403784 0.500000000000
7.628139941746 227.113173963525 0.000000000000 1.000000000000
-200.997365694717 54.947707776999 0.000000000000 1.000000000000
-55.754914499982 -25.185603965992 0.866025403784 0.500000000000
-203.499609140605 -80.726183201645 0.866025403784 -0.500000000000
-96.282796283008 85.056401994650 0.866025403784 -0.500000000000
