#Configurational_file created 2018-09-14 11:32:41  started 2018-09-14 11:32:40 run for 1.0s steps 0
name: p_864
step: 10000
specie: 20
	particle_diameter: 1.0000000000000000
	interaction_length: 1.2000000000000000
	number_of_patches: 3
	number_of_particles_per_compound: 1
	rod_length: 1.0000000000000000
	interaction_matrix:  1.000000 1.000000 1.000000 1.000000 1.000000 1.000000 1.000000 1.000000 1.000000
	patch_type: symmetric
	patch_width: 8.0000000000000000
	patch_angle: 0.0000000000000000
	angles:  0.000000 0.000000 0.000000
	grand_canonical: 0
	chemical_potential: 0.0000000000000000
box: 10.449367 10.449367
copy: 1.000000 1.000000
epsilon: 0.1875620000000000
end_epsilon: 0.0000000000000000
pressure: 1.0833790000000001
lambda: 0.0000000000000000
lambda_coupling: 1.0000000000000000
uy: 0.0000000000000000
maximum_displacement: 1.0000000000000000
maximum_rotation: 1.0000000000000000
maximum_volume: 1.0000000000000000
maximum_shape: 0.0000001000000000
maximum_dsigma: 0.0100000000000000
mod: 10
pmod: 10
optimize: 1
verbose: 1
snapshot: 0
display: 1
explore: 1
npt: 1
nptxy: 0
nptdxdy: 0
shape: 0
seed: 985159
62.991697779787 25.705803690549 0.000000000000 1.000000000000
-75.958242045554 79.201102527574 0.866025403784 -0.500000000000
44.755804030852 26.778071018162 0.866025403784 0.500000000000
-21.747492388622 -36.919189345756 0.866025403784 -0.500000000000
-53.128620789895 41.943014135575 0.000000000000 1.000000000000
122.710038668033 39.749253011498 0.866025403784 0.500000000000
87.594885535429 73.515156139895 0.866025403784 0.500000000000
51.693381584176 70.085478840108 0.866025403784 -0.500000000000
-32.257544498831 -28.473792814252 0.866025403784 0.500000000000
19.166141965166 110.838339684980 0.866025403784 -0.500000000000
-121.616107898393 12.009149577302 0.866025403784 0.500000000000
145.114754760914 -124.483233338727 0.866025403784 -0.500000000000
-34.234358874919 12.297650952844 0.866025403784 0.500000000000
21.875006264822 -0.401116509640 0.866025403784 -0.500000000000
26.267496383725 -59.033506407695 0.866025403784 0.500000000000
4.309478913603 127.896208878827 0.866025403784 0.500000000000
157.153600087395 -29.823094519601 0.866025403784 -0.500000000000
80.048813212696 140.877837070239 0.000000000000 1.000000000000
-118.820852750370 5.952787682319 0.866025403784 -0.500000000000
13.316746205086 -6.819453906424 0.866025403784 -0.500000000000
