#Configurational_file created 2018-09-14 12:00:23  started 2018-09-14 12:00:22 run for 1.0s steps 0
name: p_863
step: 10000
specie: 20
	particle_diameter: 1.0000000000000000
	interaction_length: 1.2000000000000000
	number_of_patches: 3
	number_of_particles_per_compound: 1
	rod_length: 1.0000000000000000
	interaction_matrix:  1.000000 1.000000 1.000000 1.000000 1.000000 1.000000 1.000000 1.000000 1.000000
	patch_type: symmetric
	patch_width: 8.0000000000000000
	patch_angle: 0.0000000000000000
	angles:  0.000000 0.000000 0.000000
	grand_canonical: 0
	chemical_potential: 0.0000000000000000
box: 53.710847 53.710847
copy: 1.000000 1.000000
epsilon: 0.0187510000000000
end_epsilon: 0.0000000000000000
pressure: 0.0500010000000000
lambda: 0.0000000000000000
lambda_coupling: 1.0000000000000000
uy: 0.0000000000000000
maximum_displacement: 1.0000000000000000
maximum_rotation: 1.0000000000000000
maximum_volume: 1.0000000000000000
maximum_shape: 0.0000001000000000
maximum_dsigma: 0.0100000000000000
mod: 10
pmod: 10
optimize: 1
verbose: 1
snapshot: 0
display: 1
explore: 1
npt: 1
nptxy: 0
nptdxdy: 0
shape: 0
seed: 984022
10.847016126496 24.760933033915 0.866025403784 -0.500000000000
11.254764362410 275.861527002944 0.866025403784 -0.500000000000
306.943730345089 100.122844371437 0.866025403784 0.500000000000
-96.596223091824 -281.652665925323 0.866025403784 0.500000000000
126.617604410404 197.194801758842 0.866025403784 0.500000000000
24.268260665194 134.089049552798 0.866025403784 0.500000000000
62.977862022759 -51.132659130441 0.000000000000 1.000000000000
146.864990269991 -164.455065403439 0.866025403784 -0.500000000000
47.669123512719 231.241327633962 0.866025403784 0.500000000000
61.922690208130 98.792555514658 0.866025403784 -0.500000000000
120.677456555073 13.649194735045 0.000000000000 1.000000000000
139.804352092423 -301.072590874763 0.866025403784 0.500000000000
223.599201490309 -210.729294920235 0.866025403784 0.500000000000
376.296928621883 -308.240046858206 0.866025403784 -0.500000000000
31.678346950120 -229.024216006529 0.866025403784 0.500000000000
193.751043684797 -256.716625768272 0.000000000000 1.000000000000
360.113029168962 -311.786586732311 0.866025403784 0.500000000000
110.618041377170 31.854167060180 0.000000000000 1.000000000000
181.458123663300 66.336740218653 0.000000000000 1.000000000000
104.726199090934 -254.012743048150 0.866025403784 0.500000000000
