#Configurational_file created 2018-09-14 12:00:25  started 2018-09-14 12:00:24 run for 1.0s steps 0
name: p_866
step: 10000
specie: 20
	particle_diameter: 1.0000000000000000
	interaction_length: 1.2000000000000000
	number_of_patches: 3
	number_of_particles_per_compound: 1
	rod_length: 1.0000000000000000
	interaction_matrix:  1.000000 1.000000 1.000000 1.000000 1.000000 1.000000 1.000000 1.000000 1.000000
	patch_type: symmetric
	patch_width: 8.0000000000000000
	patch_angle: 0.0000000000000000
	angles:  0.000000 0.000000 0.000000
	grand_canonical: 0
	chemical_potential: 0.0000000000000000
box: 43.325131 43.325131
copy: 1.000000 1.000000
epsilon: 0.0187510000000000
end_epsilon: 0.0000000000000000
pressure: 0.0625000000000000
lambda: 0.0000000000000000
lambda_coupling: 1.0000000000000000
uy: 0.0000000000000000
maximum_displacement: 1.0000000000000000
maximum_rotation: 1.0000000000000000
maximum_volume: 1.0000000000000000
maximum_shape: 0.0000001000000000
maximum_dsigma: 0.0100000000000000
mod: 10
pmod: 10
optimize: 1
verbose: 1
snapshot: 0
display: 1
explore: 1
npt: 1
nptxy: 0
nptdxdy: 0
shape: 0
seed: 987433
-317.189472119219 -129.141699016908 0.866025403784 0.500000000000
81.015219919332 313.559536703635 0.866025403784 -0.500000000000
-57.530713624632 -184.133741398187 0.866025403784 -0.500000000000
101.924655015676 -109.418763522037 0.866025403784 0.500000000000
-68.147536713597 260.291387132812 0.000000000000 1.000000000000
52.630112997238 250.948904807524 0.000000000000 1.000000000000
105.479860552520 18.577343849027 0.866025403784 -0.500000000000
6.622690136814 -102.323442524965 0.000000000000 1.000000000000
17.157887713512 -60.377937290988 0.000000000000 1.000000000000
-108.758315789401 -50.696257279544 0.000000000000 1.000000000000
61.109971298996 -5.762066648350 0.000000000000 1.000000000000
33.626536583083 172.661477544904 0.866025403784 -0.500000000000
135.863625592675 101.808276357923 0.866025403784 0.500000000000
90.918811483116 80.071463956280 0.866025403784 0.500000000000
286.484369986769 185.521761714138 0.866025403784 0.500000000000
-121.242285061788 -89.089597036283 0.866025403784 -0.500000000000
-107.843006703179 -49.645319610455 0.866025403784 -0.500000000000
-28.600247167041 6.143547374601 0.000000000000 1.000000000000
-227.683907409644 170.780900977030 0.866025403784 0.500000000000
229.179612962094 259.488629985628 0.866025403784 -0.500000000000
