#Configurational_file created 2018-09-14 12:00:21  started 2018-09-14 12:00:21 run for 0.0s steps 0
name: p_861
step: 10000
specie: 20
	particle_diameter: 1.0000000000000000
	interaction_length: 1.2000000000000000
	number_of_patches: 3
	number_of_particles_per_compound: 1
	rod_length: 1.0000000000000000
	interaction_matrix:  1.000000 1.000000 1.000000 1.000000 1.000000 1.000000 1.000000 1.000000 1.000000
	patch_type: symmetric
	patch_width: 8.0000000000000000
	patch_angle: 0.0000000000000000
	angles:  0.000000 0.000000 0.000000
	grand_canonical: 0
	chemical_potential: 0.0000000000000000
box: 46.014903 46.014903
copy: 1.000000 1.000000
epsilon: 0.0187510000000000
end_epsilon: 0.0000000000000000
pressure: 0.0416670000000000
lambda: 0.0000000000000000
lambda_coupling: 1.0000000000000000
uy: 0.0000000000000000
maximum_displacement: 1.0000000000000000
maximum_rotation: 1.0000000000000000
maximum_volume: 1.0000000000000000
maximum_shape: 0.0000001000000000
maximum_dsigma: 0.0100000000000000
mod: 10
pmod: 10
optimize: 1
verbose: 1
snapshot: 0
display: 1
explore: 1
npt: 1
nptxy: 0
nptdxdy: 0
shape: 0
seed: 981748
256.307567581449 -69.760279142808 0.866025403784 0.500000000000
248.983663009102 299.888116944116 0.866025403784 -0.500000000000
228.972656053763 -69.089290790028 0.000000000000 1.000000000000
18.380570615270 -35.622877912916 0.866025403784 0.500000000000
153.096926885007 -222.175342980025 0.000000000000 1.000000000000
-97.848005037253 105.569118686798 0.000000000000 1.000000000000
-57.942731689601 -156.685304479653 0.866025403784 0.500000000000
108.804257875016 -85.108316557243 0.866025403784 0.500000000000
-269.105997177297 -85.952566349995 0.000000000000 1.000000000000
-170.856040411551 -142.736957242021 0.000000000000 1.000000000000
-8.732115449784 184.259597286122 0.000000000000 1.000000000000
-75.199213925373 -162.170909349336 0.866025403784 0.500000000000
-171.662813381787 16.936868002586 0.866025403784 0.500000000000
-108.565168485894 -114.497427036154 0.000000000000 1.000000000000
-101.698271716720 98.081709541818 0.866025403784 -0.500000000000
153.078482739260 120.440540446271 0.866025403784 0.500000000000
88.596977289337 82.200442636158 0.000000000000 1.000000000000
-136.276559537535 393.670910927508 0.866025403784 0.500000000000
24.495599620820 187.964534972154 0.866025403784 -0.500000000000
73.821455765734 101.978801944439 0.866025403784 0.500000000000
