#Configurational_file created 2018-09-14 11:32:40  started 2018-09-14 11:32:39 run for 1.0s steps 0
name: p_862
step: 10000
specie: 20
	particle_diameter: 1.0000000000000000
	interaction_length: 1.2000000000000000
	number_of_patches: 3
	number_of_particles_per_compound: 1
	rod_length: 1.0000000000000000
	interaction_matrix:  1.000000 1.000000 1.000000 1.000000 1.000000 1.000000 1.000000 1.000000 1.000000
	patch_type: symmetric
	patch_width: 8.0000000000000000
	patch_angle: 0.0000000000000000
	angles:  0.000000 0.000000 0.000000
	grand_canonical: 0
	chemical_potential: 0.0000000000000000
box: 10.446348 10.446348
copy: 1.000000 1.000000
epsilon: 0.1875620000000000
end_epsilon: 0.0000000000000000
pressure: 0.9167210000000000
lambda: 0.0000000000000000
lambda_coupling: 1.0000000000000000
uy: 0.0000000000000000
maximum_displacement: 1.0000000000000000
maximum_rotation: 1.0000000000000000
maximum_volume: 1.0000000000000000
maximum_shape: 0.0000001000000000
maximum_dsigma: 0.0100000000000000
mod: 10
pmod: 10
optimize: 1
verbose: 1
snapshot: 0
display: 1
explore: 1
npt: 1
nptxy: 0
nptdxdy: 0
shape: 0
seed: 982885
51.840479725707 0.905960008513 0.000000000000 1.000000000000
29.945437398548 28.256527783539 0.000000000000 1.000000000000
175.562591805434 47.807102557784 0.000000000000 1.000000000000
77.530194272631 24.939947148561 0.866025403784 0.500000000000
-7.871144381983 -9.213154340565 0.866025403784 0.500000000000
-46.656613323917 9.197635147074 0.866025403784 0.500000000000
94.147838614603 39.680077238078 0.866025403784 -0.500000000000
21.249578923377 -38.837591616683 0.000000000000 1.000000000000
21.215884170726 66.126201041554 0.866025403784 -0.500000000000
-32.385190737263 55.711293935344 0.866025403784 -0.500000000000
-1.190308486175 96.588831364850 0.866025403784 0.500000000000
31.777235696880 17.714512612385 0.000000000000 1.000000000000
-3.869556577887 21.278716840081 0.000000000000 1.000000000000
39.279832854627 71.622603442515 0.000000000000 1.000000000000
25.026079395223 43.287743647711 0.866025403784 0.500000000000
6.486044466443 -45.757257022798 0.866025403784 -0.500000000000
176.807189722485 127.526400577557 0.000000000000 1.000000000000
-13.397764795626 -26.173367764719 0.866025403784 -0.500000000000
-34.638539186662 11.957942282607 0.866025403784 0.500000000000
-47.720186873802 -36.827622458851 0.866025403784 -0.500000000000
