#Configurational_file created 2018-09-14 11:32:43  started 2018-09-14 11:32:42 run for 1.0s steps 0
name: p_866
step: 10000
specie: 20
	particle_diameter: 1.0000000000000000
	interaction_length: 1.2000000000000000
	number_of_patches: 3
	number_of_particles_per_compound: 1
	rod_length: 1.0000000000000000
	interaction_matrix:  1.000000 1.000000 1.000000 1.000000 1.000000 1.000000 1.000000 1.000000 1.000000
	patch_type: symmetric
	patch_width: 8.0000000000000000
	patch_angle: 0.0000000000000000
	angles:  0.000000 0.000000 0.000000
	grand_canonical: 0
	chemical_potential: 0.0000000000000000
box: 10.829101 10.829101
copy: 1.000000 1.000000
epsilon: 0.1875620000000000
end_epsilon: 0.0000000000000000
pressure: 1.2500370000000001
lambda: 0.0000000000000000
lambda_coupling: 1.0000000000000000
uy: 0.0000000000000000
maximum_displacement: 1.0000000000000000
maximum_rotation: 1.0000000000000000
maximum_volume: 1.0000000000000000
maximum_shape: 0.0000001000000000
maximum_dsigma: 0.0100000000000000
mod: 10
pmod: 10
optimize: 1
verbose: 1
snapshot: 0
display: 1
explore: 1
npt: 1
nptxy: 0
nptdxdy: 0
shape: 0
seed: 987433
24.276848770976 -70.877092756140 0.866025403784 -0.500000000000
95.067547434168 124.241209823739 0.866025403784 0.500000000000
73.031965834248 -79.193935437163 0.000000000000 1.000000000000
71.146317252455 13.441171723374 0.866025403784 0.500000000000
-150.495158991569 54.944092823774 0.000000000000 1.000000000000
-65.162188701448 44.689826594847 0.866025403784 -0.500000000000
104.964939593250 -18.866507878147 0.866025403784 0.500000000000
-1.487677644571 -145.520875610828 0.866025403784 0.500000000000
78.512291248892 -29.764597735828 0.866025403784 -0.500000000000
-134.587914126718 -65.213607707668 0.000000000000 1.000000000000
35.973634125307 -18.218920563682 0.866025403784 -0.500000000000
58.705117578908 -110.189756660339 0.000000000000 1.000000000000
57.251922861563 119.620750131224 0.866025403784 -0.500000000000
-10.485219046111 16.397239812912 0.866025403784 -0.500000000000
-9.370496545989 -45.797129700051 0.000000000000 1.000000000000
-147.774417313015 -92.149391540070 0.866025403784 0.500000000000
-152.716899718337 -24.006081245301 0.866025403784 0.500000000000
121.042723220262 -61.056129772587 0.866025403784 0.500000000000
-15.886363495753 22.314302953591 0.866025403784 0.500000000000
-82.707673637866 32.855106205298 0.000000000000 1.000000000000
