#Configurational_file created 2018-09-14 11:32:44  started 2018-09-14 11:32:43 run for 1.0s steps 0
name: p_868
step: 10000
specie: 20
	particle_diameter: 1.0000000000000000
	interaction_length: 1.2000000000000000
	number_of_patches: 3
	number_of_particles_per_compound: 1
	rod_length: 1.0000000000000000
	interaction_matrix:  1.000000 1.000000 1.000000 1.000000 1.000000 1.000000 1.000000 1.000000 1.000000
	patch_type: symmetric
	patch_width: 8.0000000000000000
	patch_angle: 0.0000000000000000
	angles:  0.000000 0.000000 0.000000
	grand_canonical: 0
	chemical_potential: 0.0000000000000000
box: 10.629914 10.629914
copy: 1.000000 1.000000
epsilon: 0.1875620000000000
end_epsilon: 0.0000000000000000
pressure: 1.4166960000000000
lambda: 0.0000000000000000
lambda_coupling: 1.0000000000000000
uy: 0.0000000000000000
maximum_displacement: 1.0000000000000000
maximum_rotation: 1.0000000000000000
maximum_volume: 1.0000000000000000
maximum_shape: 0.0000001000000000
maximum_dsigma: 0.0100000000000000
mod: 10
pmod: 10
optimize: 1
verbose: 1
snapshot: 0
display: 1
explore: 1
npt: 1
nptxy: 0
nptdxdy: 0
shape: 0
seed: 989707
109.720953594969 25.328930252279 0.866025403784 -0.500000000000
6.790850004027 -43.227786887825 0.866025403784 -0.500000000000
-208.283630181350 -156.921250980439 0.866025403784 0.500000000000
-171.291246016715 122.865689725984 0.866025403784 0.500000000000
29.672656464528 -8.941914442480 0.866025403784 -0.500000000000
95.575258227547 99.822817318334 0.000000000000 1.000000000000
58.688083639807 232.866696015009 0.000000000000 1.000000000000
40.279048958361 156.028656911048 0.866025403784 0.500000000000
5.783748438477 45.996287016673 0.866025403784 0.500000000000
-53.052274977538 33.193747891075 0.000000000000 1.000000000000
-100.354220858022 -30.624086233198 0.866025403784 -0.500000000000
-31.844309552336 54.730238269121 0.866025403784 -0.500000000000
6.561427230539 122.511773677792 0.866025403784 -0.500000000000
126.679109590025 62.368709166243 0.000000000000 1.000000000000
88.033637663096 -10.281127853836 0.866025403784 0.500000000000
14.325835178418 28.166219891785 0.866025403784 -0.500000000000
93.180674668747 58.130192101218 0.000000000000 1.000000000000
-3.245822825656 32.049408338673 0.866025403784 -0.500000000000
-50.603469766421 65.535035538199 0.866025403784 -0.500000000000
-168.509704501783 42.013475782883 0.000000000000 1.000000000000
