#Configurational_file created 2018-09-14 12:00:22  started 2018-09-14 12:00:21 run for 1.0s steps 0
name: p_862
step: 10000
specie: 20
	particle_diameter: 1.0000000000000000
	interaction_length: 1.2000000000000000
	number_of_patches: 3
	number_of_particles_per_compound: 1
	rod_length: 1.0000000000000000
	interaction_matrix:  1.000000 1.000000 1.000000 1.000000 1.000000 1.000000 1.000000 1.000000 1.000000
	patch_type: symmetric
	patch_width: 8.0000000000000000
	patch_angle: 0.0000000000000000
	angles:  0.000000 0.000000 0.000000
	grand_canonical: 0
	chemical_potential: 0.0000000000000000
box: 47.334023 47.334023
copy: 1.000000 1.000000
epsilon: 0.0187510000000000
end_epsilon: 0.0000000000000000
pressure: 0.0458340000000000
lambda: 0.0000000000000000
lambda_coupling: 1.0000000000000000
uy: 0.0000000000000000
maximum_displacement: 1.0000000000000000
maximum_rotation: 1.0000000000000000
maximum_volume: 1.0000000000000000
maximum_shape: 0.0000001000000000
maximum_dsigma: 0.0100000000000000
mod: 10
pmod: 10
optimize: 1
verbose: 1
snapshot: 0
display: 1
explore: 1
npt: 1
nptxy: 0
nptdxdy: 0
shape: 0
seed: 982885
-81.233787500356 -174.086913077788 0.866025403784 0.500000000000
43.765151339261 285.119471979884 0.866025403784 0.500000000000
426.365041701457 207.696525607532 0.866025403784 -0.500000000000
-59.554901325375 -11.728754650987 0.866025403784 -0.500000000000
128.125773594813 53.479981761829 0.866025403784 0.500000000000
395.232601543334 -6.685656707281 0.866025403784 0.500000000000
36.591015934758 -186.946977074009 0.866025403784 -0.500000000000
-112.341467477485 -92.805050989686 0.000000000000 1.000000000000
-39.682101848790 164.398441101299 0.866025403784 -0.500000000000
91.345909676411 241.904575623754 0.866025403784 -0.500000000000
-59.033079857964 270.263645298159 0.866025403784 0.500000000000
82.729161089526 10.629969730114 0.000000000000 1.000000000000
60.034613424715 -179.917380140576 0.866025403784 0.500000000000
-41.137473089446 -164.222017823055 0.000000000000 1.000000000000
-187.545440977874 43.989797609459 0.866025403784 0.500000000000
-249.907069647713 64.057033083856 0.000000000000 1.000000000000
1.483952863778 86.265276595929 0.000000000000 1.000000000000
-72.510079827637 -151.476922176861 0.000000000000 1.000000000000
56.826361983541 32.691760479257 0.866025403784 0.500000000000
308.491081902253 36.352883677635 0.000000000000 1.000000000000
