#Configurational_file created 2018-09-14 11:32:42  started 2018-09-14 11:32:41 run for 1.0s steps 0
name: p_865
step: 10000
specie: 20
	particle_diameter: 1.0000000000000000
	interaction_length: 1.2000000000000000
	number_of_patches: 3
	number_of_particles_per_compound: 1
	rod_length: 1.0000000000000000
	interaction_matrix:  1.000000 1.000000 1.000000 1.000000 1.000000 1.000000 1.000000 1.000000 1.000000
	patch_type: symmetric
	patch_width: 8.0000000000000000
	patch_angle: 0.0000000000000000
	angles:  0.000000 0.000000 0.000000
	grand_canonical: 0
	chemical_potential: 0.0000000000000000
box: 12.332565 12.332565
copy: 1.000000 1.000000
epsilon: 0.1875620000000000
end_epsilon: 0.0000000000000000
pressure: 1.1667080000000001
lambda: 0.0000000000000000
lambda_coupling: 1.0000000000000000
uy: 0.0000000000000000
maximum_displacement: 1.0000000000000000
maximum_rotation: 1.0000000000000000
maximum_volume: 1.0000000000000000
maximum_shape: 0.0000001000000000
maximum_dsigma: 0.0100000000000000
mod: 10
pmod: 10
optimize: 1
verbose: 1
snapshot: 0
display: 1
explore: 1
npt: 1
nptxy: 0
nptdxdy: 0
shape: 0
seed: 986296
-114.816447586741 161.329210545419 0.866025403784 0.500000000000
89.867661795036 -39.778809138294 0.866025403784 -0.500000000000
13.227040509001 -106.344617994108 0.866025403784 -0.500000000000
26.787408596473 -134.620719407172 0.000000000000 1.000000000000
-93.254293947415 -80.894570871246 0.000000000000 1.000000000000
34.483556510694 -35.599959260426 0.866025403784 0.500000000000
134.315357814987 124.232883400740 0.866025403784 0.500000000000
28.131482768472 -74.640374775769 0.000000000000 1.000000000000
-31.868468847367 178.903786766187 0.866025403784 -0.500000000000
-6.427280365353 110.572278900417 0.866025403784 0.500000000000
-61.953911210613 -57.288780774103 0.000000000000 1.000000000000
125.944345602280 -30.205764382393 0.000000000000 1.000000000000
84.235297790062 6.207495630236 0.000000000000 1.000000000000
-25.505908179088 -26.944516285455 0.000000000000 1.000000000000
-25.360105297325 -131.235280191538 0.866025403784 -0.500000000000
25.833412984405 33.224626283301 0.866025403784 0.500000000000
110.455423856201 75.175124190809 0.000000000000 1.000000000000
267.662936208809 -22.960167763627 0.866025403784 -0.500000000000
-137.025385211833 -26.071584481845 0.000000000000 1.000000000000
-32.152870353886 185.888863390636 0.000000000000 1.000000000000
