#Configurational_file created 2018-09-14 11:32:39  started 2018-09-14 11:32:38 run for 1.0s steps 0
name: p_861
step: 10000
specie: 20
	particle_diameter: 1.0000000000000000
	interaction_length: 1.2000000000000000
	number_of_patches: 3
	number_of_particles_per_compound: 1
	rod_length: 1.0000000000000000
	interaction_matrix:  1.000000 1.000000 1.000000 1.000000 1.000000 1.000000 1.000000 1.000000 1.000000
	patch_type: symmetric
	patch_width: 8.0000000000000000
	patch_angle: 0.0000000000000000
	angles:  0.000000 0.000000 0.000000
	grand_canonical: 0
	chemical_potential: 0.0000000000000000
box: 13.369579 13.369579
copy: 1.000000 1.000000
epsilon: 0.1875620000000000
end_epsilon: 0.0000000000000000
pressure: 0.8333920000000000
lambda: 0.0000000000000000
lambda_coupling: 1.0000000000000000
uy: 0.0000000000000000
maximum_displacement: 1.0000000000000000
maximum_rotation: 1.0000000000000000
maximum_volume: 1.0000000000000000
maximum_shape: 0.0000001000000000
maximum_dsigma: 0.0100000000000000
mod: 10
pmod: 10
optimize: 1
verbose: 1
snapshot: 0
display: 1
explore: 1
npt: 1
nptxy: 0
nptdxdy: 0
shape: 0
seed: 981748
62.860922061907 -68.392056414249 0.866025403784 0.500000000000
208.403714479489 -32.815680825246 0.866025403784 0.500000000000
13.497099225565 64.524409425502 0.866025403784 -0.500000000000
47.007959170736 -87.718809153023 0.000000000000 1.000000000000
-46.727573073331 29.311952861976 0.866025403784 -0.500000000000
-26.374807624098 114.118764190367 0.000000000000 1.000000000000
-68.482018700121 14.474379079990 0.866025403784 -0.500000000000
21.206848184105 30.325111518456 0.866025403784 -0.500000000000
134.368223824769 27.468475982848 0.000000000000 1.000000000000
7.586731606680 10.102720713309 0.866025403784 -0.500000000000
-37.496214060449 64.562461509310 0.866025403784 -0.500000000000
-15.751825576249 -210.939227392556 0.000000000000 1.000000000000
-40.308429854110 -12.843416263426 0.866025403784 0.500000000000
124.106313815021 42.530430892550 0.866025403784 0.500000000000
50.605202808653 -99.907825894437 0.866025403784 0.500000000000
41.463755375237 119.417479221510 0.866025403784 0.500000000000
28.817852981102 -6.668570358459 0.000000000000 1.000000000000
-128.936099019261 98.129034227775 0.866025403784 -0.500000000000
51.242874464080 36.065372549193 0.000000000000 1.000000000000
30.248389718067 4.234205737992 0.866025403784 -0.500000000000
