#Configurational_file created 2018-09-14 12:00:26  started 2018-09-14 12:00:25 run for 1.0s steps 0
name: p_867
step: 10000
specie: 20
	particle_diameter: 1.0000000000000000
	interaction_length: 1.2000000000000000
	number_of_patches: 3
	number_of_particles_per_compound: 1
	rod_length: 1.0000000000000000
	interaction_matrix:  1.000000 1.000000 1.000000 1.000000 1.000000 1.000000 1.000000 1.000000 1.000000
	patch_type: symmetric
	patch_width: 8.0000000000000000
	patch_angle: 0.0000000000000000
	angles:  0.000000 0.000000 0.000000
	grand_canonical: 0
	chemical_potential: 0.0000000000000000
box: 46.933928 46.933928
copy: 1.000000 1.000000
epsilon: 0.0187510000000000
end_epsilon: 0.0000000000000000
pressure: 0.0666670000000000
lambda: 0.0000000000000000
lambda_coupling: 1.0000000000000000
uy: 0.0000000000000000
maximum_displacement: 1.0000000000000000
maximum_rotation: 1.0000000000000000
maximum_volume: 1.0000000000000000
maximum_shape: 0.0000001000000000
maximum_dsigma: 0.0100000000000000
mod: 10
pmod: 10
optimize: 1
verbose: 1
snapshot: 0
display: 1
explore: 1
npt: 1
nptxy: 0
nptdxdy: 0
shape: 0
seed: 988570
136.044449601785 409.231390187517 0.000000000000 1.000000000000
-105.975324196091 -148.665747581774 0.866025403784 0.500000000000
236.031214121499 -25.015214362100 0.000000000000 1.000000000000
-251.178166313822 -77.169500949957 0.866025403784 0.500000000000
36.657983342538 -2.430978220647 0.866025403784 -0.500000000000
48.807724832506 -35.139799808832 0.866025403784 -0.500000000000
-100.415677004170 -50.123064543172 0.000000000000 1.000000000000
-58.206567746692 -30.418491645082 0.000000000000 1.000000000000
238.164377049863 121.363005591838 0.000000000000 1.000000000000
-54.985523235430 -61.420934685847 0.000000000000 1.000000000000
57.187534533619 68.484621552174 0.866025403784 0.500000000000
-47.532714072463 95.826434007893 0.866025403784 0.500000000000
94.739432662256 -75.335531882136 0.866025403784 -0.500000000000
87.735743736422 65.092483430667 0.866025403784 0.500000000000
-42.992849054719 -290.038184798606 0.000000000000 1.000000000000
102.964897317724 389.088544533820 0.866025403784 -0.500000000000
6.624244917727 130.705234720776 0.866025403784 -0.500000000000
330.492038231618 89.818086820097 0.866025403784 0.500000000000
116.576728098839 -177.191082771346 0.866025403784 0.500000000000
299.935010422068 6.385867286262 0.866025403784 0.500000000000
