#Configurational_file created 2018-09-14 12:20:27  started 2018-09-14 12:20:27 run for 0.0s steps 0
name: p_86
step: 10000
specie: 20
	particle_diameter: 1.0000000000000000
	interaction_length: 1.2000000000000000
	number_of_patches: 3
	number_of_particles_per_compound: 1
	rod_length: 1.0000000000000000
	interaction_matrix:  1.000000 1.000000 1.000000 1.000000 1.000000 1.000000 1.000000 1.000000 1.000000
	patch_type: symmetric
	patch_width: 8.0000000000000000
	patch_angle: 0.0000000000000000
	angles:  0.000000 0.000000 0.000000
	grand_canonical: 0
	chemical_potential: 0.0000000000000000
box: 13.504217 13.504217
copy: 1.000000 1.000000
epsilon: 1.4166669999999999
end_epsilon: 0.0000000000000000
pressure: 0.1000000000000000
lambda: 0.0000000000000000
lambda_coupling: 1.0000000000000000
uy: 0.0000000000000000
maximum_displacement: 1.0000000000000000
maximum_rotation: 1.0000000000000000
maximum_volume: 1.0000000000000000
maximum_shape: 0.0000001000000000
maximum_dsigma: 0.0100000000000000
mod: 10
pmod: 10
optimize: 1
verbose: 1
snapshot: 0
display: 1
explore: 1
npt: 1
nptxy: 0
nptdxdy: 0
shape: 0
seed: 100573
-79.339461852531 -62.196442153237 0.866025403784 -0.500000000000
-19.891500391374 -20.517269377881 0.866025403784 0.500000000000
-32.534182841703 -129.391079189939 0.000000000000 1.000000000000
176.084185159839 56.491069492801 0.866025403784 -0.500000000000
27.787006321873 -15.352175105740 0.866025403784 0.500000000000
63.247742051811 23.481898225105 0.000000000000 1.000000000000
125.036368247431 64.655283176130 0.866025403784 0.500000000000
-111.525724283218 -47.688974684177 0.866025403784 0.500000000000
-36.979691898173 -38.861831108126 0.866025403784 -0.500000000000
114.968767739340 57.837182120884 0.000000000000 1.000000000000
-6.314592438048 80.187122168949 0.866025403784 0.500000000000
8.174650578110 -6.342963562241 0.866025403784 -0.500000000000
132.731596686254 -43.075662436540 0.000000000000 1.000000000000
-23.217146873399 -80.344337270047 0.000000000000 1.000000000000
-115.103937248560 111.694418024428 0.866025403784 -0.500000000000
42.581387705396 71.529938730994 0.000000000000 1.000000000000
24.152796524048 -4.197105128078 0.866025403784 0.500000000000
0.612176313896 -35.918418079044 0.866025403784 -0.500000000000
-47.994614365915 -56.345112773796 0.000000000000 1.000000000000
105.387041330669 -12.526478088481 0.000000000000 1.000000000000
