#Configurational_file created 2018-09-14 12:00:27  started 2018-09-14 12:00:26 run for 1.0s steps 0
name: p_868
step: 10000
specie: 20
	particle_diameter: 1.0000000000000000
	interaction_length: 1.2000000000000000
	number_of_patches: 3
	number_of_particles_per_compound: 1
	rod_length: 1.0000000000000000
	interaction_matrix:  1.000000 1.000000 1.000000 1.000000 1.000000 1.000000 1.000000 1.000000 1.000000
	patch_type: symmetric
	patch_width: 8.0000000000000000
	patch_angle: 0.0000000000000000
	angles:  0.000000 0.000000 0.000000
	grand_canonical: 0
	chemical_potential: 0.0000000000000000
box: 43.887322 43.887322
copy: 1.000000 1.000000
epsilon: 0.0187510000000000
end_epsilon: 0.0000000000000000
pressure: 0.0708340000000000
lambda: 0.0000000000000000
lambda_coupling: 1.0000000000000000
uy: 0.0000000000000000
maximum_displacement: 1.0000000000000000
maximum_rotation: 1.0000000000000000
maximum_volume: 1.0000000000000000
maximum_shape: 0.0000001000000000
maximum_dsigma: 0.0100000000000000
mod: 10
pmod: 10
optimize: 1
verbose: 1
snapshot: 0
display: 1
explore: 1
npt: 1
nptxy: 0
nptdxdy: 0
shape: 0
seed: 989707
-21.304106783752 31.765002943686 0.000000000000 1.000000000000
-9.037258033303 -47.094528314691 0.000000000000 1.000000000000
-18.817158454930 94.097634048085 0.866025403784 0.500000000000
16.273031088393 104.642041888331 0.866025403784 0.500000000000
156.103209701448 -36.579856274943 0.866025403784 -0.500000000000
-157.608444812160 -68.524123741808 0.866025403784 0.500000000000
128.334441398769 297.783735026301 0.000000000000 1.000000000000
1.225713623339 320.934641362546 0.000000000000 1.000000000000
242.472584440913 -123.048858957559 0.000000000000 1.000000000000
114.033083901716 23.365759700482 0.866025403784 -0.500000000000
-139.506071873050 -219.979227808265 0.000000000000 1.000000000000
-3.888739095023 -101.953891778530 0.866025403784 0.500000000000
-39.818104196839 -15.391272273542 0.866025403784 -0.500000000000
149.732729530397 171.736263940048 0.000000000000 1.000000000000
232.893703118445 -22.760628282932 0.866025403784 0.500000000000
-91.580916536430 63.770350536592 0.866025403784 0.500000000000
229.422759521936 42.072979590574 0.866025403784 0.500000000000
79.794268555278 28.865864326115 0.866025403784 0.500000000000
122.601588059841 177.046097957605 0.866025403784 0.500000000000
-148.194263988878 464.993223098414 0.000000000000 1.000000000000
