#Configurational_file created 2018-09-14 11:32:38  started 2018-09-14 11:32:37 run for 1.0s steps 0
name: p_860
step: 10000
specie: 20
	particle_diameter: 1.0000000000000000
	interaction_length: 1.2000000000000000
	number_of_patches: 3
	number_of_particles_per_compound: 1
	rod_length: 1.0000000000000000
	interaction_matrix:  1.000000 1.000000 1.000000 1.000000 1.000000 1.000000 1.000000 1.000000 1.000000
	patch_type: symmetric
	patch_width: 8.0000000000000000
	patch_angle: 0.0000000000000000
	angles:  0.000000 0.000000 0.000000
	grand_canonical: 0
	chemical_potential: 0.0000000000000000
box: 14.740322 14.740322
copy: 1.000000 1.000000
epsilon: 0.1875620000000000
end_epsilon: 0.0000000000000000
pressure: 0.7500620000000000
lambda: 0.0000000000000000
lambda_coupling: 1.0000000000000000
uy: 0.0000000000000000
maximum_displacement: 1.0000000000000000
maximum_rotation: 1.0000000000000000
maximum_volume: 1.0000000000000000
maximum_shape: 0.0000001000000000
maximum_dsigma: 0.0100000000000000
mod: 10
pmod: 10
optimize: 1
verbose: 1
snapshot: 0
display: 1
explore: 1
npt: 1
nptxy: 0
nptdxdy: 0
shape: 0
seed: 980611
51.731103861403 -22.407616766218 0.866025403784 -0.500000000000
-73.846707648681 -50.514036510476 0.000000000000 1.000000000000
47.023670576161 18.240647864441 0.000000000000 1.000000000000
253.344307265504 10.422662090869 0.866025403784 0.500000000000
163.950472421388 -154.941586734906 0.000000000000 1.000000000000
146.451442159485 -53.516431000987 0.866025403784 0.500000000000
49.219377343310 30.788984113643 0.866025403784 0.500000000000
55.271990767378 48.518028618575 0.866025403784 -0.500000000000
72.842914484545 -91.516731149499 0.866025403784 -0.500000000000
-13.907982553802 50.923302679590 0.866025403784 -0.500000000000
5.301710963153 61.603448242739 0.866025403784 -0.500000000000
-130.418210107801 115.363471187623 0.000000000000 1.000000000000
207.295754935849 41.458487166448 0.000000000000 1.000000000000
72.369271573587 -183.836901584085 0.866025403784 0.500000000000
37.531477795735 -103.964846771260 0.866025403784 -0.500000000000
237.610573964403 238.598036912111 0.866025403784 -0.500000000000
-34.950559333732 -87.746984314053 0.000000000000 1.000000000000
49.575664409734 141.462862777395 0.866025403784 0.500000000000
-142.196545497123 103.345579171333 0.866025403784 0.500000000000
38.297940084877 -3.028242356407 0.000000000000 1.000000000000
