#Configurational_file created 2018-09-14 12:00:24  started 2018-09-14 12:00:24 run for 0.0s steps 0
name: p_865
step: 10000
specie: 20
	particle_diameter: 1.0000000000000000
	interaction_length: 1.2000000000000000
	number_of_patches: 3
	number_of_particles_per_compound: 1
	rod_length: 1.0000000000000000
	interaction_matrix:  1.000000 1.000000 1.000000 1.000000 1.000000 1.000000 1.000000 1.000000 1.000000
	patch_type: symmetric
	patch_width: 8.0000000000000000
	patch_angle: 0.0000000000000000
	angles:  0.000000 0.000000 0.000000
	grand_canonical: 0
	chemical_potential: 0.0000000000000000
box: 50.882332 50.882332
copy: 1.000000 1.000000
epsilon: 0.0187510000000000
end_epsilon: 0.0000000000000000
pressure: 0.0583340000000000
lambda: 0.0000000000000000
lambda_coupling: 1.0000000000000000
uy: 0.0000000000000000
maximum_displacement: 1.0000000000000000
maximum_rotation: 1.0000000000000000
maximum_volume: 1.0000000000000000
maximum_shape: 0.0000001000000000
maximum_dsigma: 0.0100000000000000
mod: 10
pmod: 10
optimize: 1
verbose: 1
snapshot: 0
display: 1
explore: 1
npt: 1
nptxy: 0
nptdxdy: 0
shape: 0
seed: 986296
147.032241918810 192.763426069727 0.866025403784 0.500000000000
135.851784965104 -72.806507436610 0.000000000000 1.000000000000
30.838305135079 -212.790895296654 0.000000000000 1.000000000000
289.950390412386 -144.837454214600 0.866025403784 0.500000000000
-300.450000552123 -215.072910615632 0.000000000000 1.000000000000
175.276705765633 -321.207858844240 0.000000000000 1.000000000000
78.968842476610 195.432719426589 0.000000000000 1.000000000000
94.029379839722 137.088237877059 0.866025403784 0.500000000000
-157.390217402865 72.698376543852 0.866025403784 0.500000000000
126.684473566255 52.094049213211 0.866025403784 -0.500000000000
97.377492886592 -71.923747533000 0.866025403784 -0.500000000000
419.570061534912 -266.812604869643 0.866025403784 0.500000000000
138.806243821743 140.715487779421 0.866025403784 0.500000000000
-147.571177221794 8.072532830181 0.866025403784 0.500000000000
-27.827001523452 154.377908963540 0.866025403784 0.500000000000
-279.569026951932 112.409944056875 0.866025403784 -0.500000000000
29.048177776357 214.304025703359 0.866025403784 0.500000000000
27.524883548085 -292.323989859765 0.866025403784 0.500000000000
-37.048451311412 116.822916112101 0.000000000000 1.000000000000
243.824826846508 70.883658425034 0.866025403784 0.500000000000
