#Configurational_file created 2018-09-14 12:00:32  started 2018-09-14 12:00:32 run for 0.0s steps 0
name: p_876
step: 10000
specie: 20
	particle_diameter: 1.0000000000000000
	interaction_length: 1.2000000000000000
	number_of_patches: 3
	number_of_particles_per_compound: 1
	rod_length: 1.0000000000000000
	interaction_matrix:  1.000000 1.000000 1.000000 1.000000 1.000000 1.000000 1.000000 1.000000 1.000000
	patch_type: symmetric
	patch_width: 8.0000000000000000
	patch_angle: 0.0000000000000000
	angles:  0.000000 0.000000 0.000000
	grand_canonical: 0
	chemical_potential: 0.0000000000000000
box: 48.155879 48.155879
copy: 1.000000 1.000000
epsilon: 0.0208340000000000
end_epsilon: 0.0000000000000000
pressure: 0.0000010000000000
lambda: 0.0000000000000000
lambda_coupling: 1.0000000000000000
uy: 0.0000000000000000
maximum_displacement: 1.0000000000000000
maximum_rotation: 1.0000000000000000
maximum_volume: 1.0000000000000000
maximum_shape: 0.0000001000000000
maximum_dsigma: 0.0100000000000000
mod: 10
pmod: 10
optimize: 1
verbose: 1
snapshot: 0
display: 1
explore: 1
npt: 1
nptxy: 0
nptdxdy: 0
shape: 0
seed: 998803
417.816776745508 33.736631873572 0.866025403784 0.500000000000
349.851028176426 -215.945285525078 0.866025403784 -0.500000000000
-130.287256093271 -63.490624586750 0.866025403784 -0.500000000000
-304.285431245139 193.814768057036 0.000000000000 1.000000000000
-0.718150272424 113.132507939060 0.866025403784 0.500000000000
-38.644668825608 -296.446415416486 0.866025403784 0.500000000000
242.663562464713 -138.989719357617 0.866025403784 -0.500000000000
5.491361050624 94.807237415181 0.866025403784 -0.500000000000
-338.488553220982 -94.105087176505 0.000000000000 1.000000000000
-159.985679886228 -100.413300535772 0.000000000000 1.000000000000
72.266567339646 55.702779418259 0.866025403784 -0.500000000000
137.087352871662 63.281244587698 0.866025403784 -0.500000000000
197.301638312287 30.756307444898 0.866025403784 -0.500000000000
-115.017265574656 -327.659082235307 0.866025403784 0.500000000000
224.030757786492 -34.515619864504 0.866025403784 0.500000000000
300.117934217168 -18.166272261292 0.000000000000 1.000000000000
271.331385011334 -130.320487499564 0.866025403784 -0.500000000000
190.313308418342 536.097043556501 0.866025403784 0.500000000000
-90.914431006207 -161.263215637543 0.000000000000 1.000000000000
272.889260874032 -123.018356755547 0.866025403784 -0.500000000000
