#Configurational_file created 2018-09-14 11:32:52  started 2018-09-14 11:32:51 run for 1.0s steps 0
name: p_877
step: 10000
specie: 20
	particle_diameter: 1.0000000000000000
	interaction_length: 1.2000000000000000
	number_of_patches: 3
	number_of_particles_per_compound: 1
	rod_length: 1.0000000000000000
	interaction_matrix:  1.000000 1.000000 1.000000 1.000000 1.000000 1.000000 1.000000 1.000000 1.000000
	patch_type: symmetric
	patch_width: 8.0000000000000000
	patch_angle: 0.0000000000000000
	angles:  0.000000 0.000000 0.000000
	grand_canonical: 0
	chemical_potential: 0.0000000000000000
box: 36.631690 36.631690
copy: 1.000000 1.000000
epsilon: 0.2083920000000000
end_epsilon: 0.0000000000000000
pressure: 0.0834290000000000
lambda: 0.0000000000000000
lambda_coupling: 1.0000000000000000
uy: 0.0000000000000000
maximum_displacement: 1.0000000000000000
maximum_rotation: 1.0000000000000000
maximum_volume: 1.0000000000000000
maximum_shape: 0.0000001000000000
maximum_dsigma: 0.0100000000000000
mod: 10
pmod: 10
optimize: 1
verbose: 1
snapshot: 0
display: 1
explore: 1
npt: 1
nptxy: 0
nptdxdy: 0
shape: 0
seed: 999940
208.075289672365 201.792484159859 0.866025403784 -0.500000000000
-111.870647281116 -180.104310815566 0.866025403784 0.500000000000
113.885933897725 54.702870055377 0.866025403784 -0.500000000000
-27.292759831226 381.701046695491 0.866025403784 -0.500000000000
220.052631200434 13.433265163921 0.000000000000 1.000000000000
58.962755554987 48.647257767158 0.866025403784 -0.500000000000
168.702390402517 -102.021542986431 0.866025403784 -0.500000000000
91.056253522200 -24.127073543711 0.000000000000 1.000000000000
130.101516625317 -40.922371380462 0.000000000000 1.000000000000
101.077007434845 1.305606108425 0.866025403784 0.500000000000
-55.420714446904 17.254285704159 0.866025403784 -0.500000000000
-230.331382319207 35.714236564903 0.000000000000 1.000000000000
-21.842958241631 -12.313377276619 0.866025403784 -0.500000000000
122.482279126903 209.855104632561 0.866025403784 -0.500000000000
111.600343300943 -265.277479464329 0.000000000000 1.000000000000
-31.433291473300 335.383687521075 0.866025403784 -0.500000000000
329.900218117155 305.340417741849 0.866025403784 0.500000000000
-110.857447889497 -105.416031319717 0.000000000000 1.000000000000
57.387645186604 106.633906570432 0.000000000000 1.000000000000
15.766137810917 -170.620242190440 0.866025403784 -0.500000000000
