#Configurational_file created 2018-09-14 12:00:32  started 2018-09-14 12:00:31 run for 1.0s steps 0
name: p_875
step: 10000
specie: 20
	particle_diameter: 1.0000000000000000
	interaction_length: 1.2000000000000000
	number_of_patches: 3
	number_of_particles_per_compound: 1
	rod_length: 1.0000000000000000
	interaction_matrix:  1.000000 1.000000 1.000000 1.000000 1.000000 1.000000 1.000000 1.000000 1.000000
	patch_type: symmetric
	patch_width: 8.0000000000000000
	patch_angle: 0.0000000000000000
	angles:  0.000000 0.000000 0.000000
	grand_canonical: 0
	chemical_potential: 0.0000000000000000
box: 46.083067 46.083067
copy: 1.000000 1.000000
epsilon: 0.0187510000000000
end_epsilon: 0.0000000000000000
pressure: 0.1000000000000000
lambda: 0.0000000000000000
lambda_coupling: 1.0000000000000000
uy: 0.0000000000000000
maximum_displacement: 1.0000000000000000
maximum_rotation: 1.0000000000000000
maximum_volume: 1.0000000000000000
maximum_shape: 0.0000001000000000
maximum_dsigma: 0.0100000000000000
mod: 10
pmod: 10
optimize: 1
verbose: 1
snapshot: 0
display: 1
explore: 1
npt: 1
nptxy: 0
nptdxdy: 0
shape: 0
seed: 997666
-336.502734728658 -95.967077875779 0.866025403784 -0.500000000000
155.747159556443 54.628491646801 0.866025403784 -0.500000000000
129.602485931061 -95.333991600486 0.866025403784 0.500000000000
-350.800816197498 -145.483791508641 0.866025403784 0.500000000000
305.395748945398 252.265964445033 0.866025403784 -0.500000000000
-103.585845037721 165.663422021047 0.000000000000 1.000000000000
77.603333975175 -114.566589203371 0.000000000000 1.000000000000
96.373640823674 -155.658851529536 0.866025403784 0.500000000000
37.849074904971 194.838042837736 0.866025403784 0.500000000000
-164.100242850614 -74.307203865298 0.866025403784 0.500000000000
215.893323003449 -113.181565789675 0.866025403784 0.500000000000
85.465978102824 173.511433763317 0.866025403784 -0.500000000000
32.516979575015 -44.081639104676 0.000000000000 1.000000000000
35.911506070707 194.451861760477 0.000000000000 1.000000000000
15.896498415661 84.906960186564 0.000000000000 1.000000000000
41.884804617274 -303.084159395090 0.866025403784 0.500000000000
8.429501599430 -56.636084060675 0.866025403784 -0.500000000000
184.520686857912 5.084951580788 0.000000000000 1.000000000000
72.020907611810 -101.178460349462 0.866025403784 0.500000000000
-39.961735890759 -28.928762309555 0.866025403784 -0.500000000000
