#Configurational_file created 2018-09-14 11:32:51  started 2018-09-14 11:32:50 run for 1.0s steps 0
name: p_876
step: 10000
specie: 20
	particle_diameter: 1.0000000000000000
	interaction_length: 1.2000000000000000
	number_of_patches: 3
	number_of_particles_per_compound: 1
	rod_length: 1.0000000000000000
	interaction_matrix:  1.000000 1.000000 1.000000 1.000000 1.000000 1.000000 1.000000 1.000000 1.000000
	patch_type: symmetric
	patch_width: 8.0000000000000000
	patch_angle: 0.0000000000000000
	angles:  0.000000 0.000000 0.000000
	grand_canonical: 0
	chemical_potential: 0.0000000000000000
box: 51.653898 51.653898
copy: 1.000000 1.000000
epsilon: 0.2083920000000000
end_epsilon: 0.0000000000000000
pressure: 0.0001000000000000
lambda: 0.0000000000000000
lambda_coupling: 1.0000000000000000
uy: 0.0000000000000000
maximum_displacement: 1.0000000000000000
maximum_rotation: 1.0000000000000000
maximum_volume: 1.0000000000000000
maximum_shape: 0.0000001000000000
maximum_dsigma: 0.0100000000000000
mod: 10
pmod: 10
optimize: 1
verbose: 1
snapshot: 0
display: 1
explore: 1
npt: 1
nptxy: 0
nptdxdy: 0
shape: 0
seed: 998803
367.620822656179 -77.820935242443 0.000000000000 1.000000000000
-43.602470920400 -14.656481042310 0.866025403784 0.500000000000
-46.087697855147 -117.818378689635 0.000000000000 1.000000000000
-97.558760554184 235.075026293592 0.000000000000 1.000000000000
138.579032332789 342.756009412349 0.866025403784 -0.500000000000
-223.469344857455 -23.062568917168 0.866025403784 -0.500000000000
97.660868723290 154.617618900674 0.866025403784 -0.500000000000
-79.277721168743 98.603341766910 0.000000000000 1.000000000000
-246.056699189473 9.893346003015 0.000000000000 1.000000000000
-65.449463312883 -54.189860486198 0.866025403784 0.500000000000
98.516113068266 151.632547772867 0.000000000000 1.000000000000
-104.514587470647 -6.514546617407 0.866025403784 -0.500000000000
60.749219894347 59.076689095235 0.000000000000 1.000000000000
-12.796495717470 -251.863147249312 0.866025403784 -0.500000000000
269.522362565424 -131.902026868267 0.866025403784 0.500000000000
104.213894037633 -88.724292033698 0.866025403784 0.500000000000
-0.917260102137 94.503744837183 0.866025403784 0.500000000000
323.312820112430 130.772020633934 0.866025403784 0.500000000000
-80.777453247064 -236.114160167007 0.000000000000 1.000000000000
100.921347485799 -146.216869599832 0.000000000000 1.000000000000
