#Configurational_file created 2018-09-14 11:06:31  started 2018-09-14 11:06:30 run for 1.0s steps 0
name: p_87
step: 10000
specie: 20
	particle_diameter: 1.0000000000000000
	interaction_length: 1.2000000000000000
	number_of_patches: 3
	number_of_particles_per_compound: 1
	rod_length: 1.0000000000000000
	interaction_matrix:  1.000000 1.000000 1.000000 1.000000 1.000000 1.000000 1.000000 1.000000 1.000000
	patch_type: symmetric
	patch_width: 8.0000000000000000
	patch_angle: 0.0000000000000000
	angles:  0.000000 0.000000 0.000000
	grand_canonical: 0
	chemical_potential: 0.0000000000000000
box: 10.241990 10.241990
copy: 1.000000 1.000000
epsilon: 0.1429290000000000
end_epsilon: 0.0000000000000000
pressure: 1.7142999999999999
lambda: 0.0000000000000000
lambda_coupling: 1.0000000000000000
uy: 0.0000000000000000
maximum_displacement: 1.0000000000000000
maximum_rotation: 1.0000000000000000
maximum_volume: 1.0000000000000000
maximum_shape: 0.0000001000000000
maximum_dsigma: 0.0100000000000000
mod: 10
pmod: 10
optimize: 1
verbose: 1
snapshot: 0
display: 1
explore: 1
npt: 1
nptxy: 0
nptdxdy: 0
shape: 0
seed: 101789
-11.639716394813 -44.833916113047 0.866025403784 0.500000000000
-78.227157217984 -69.714887375931 0.866025403784 0.500000000000
43.449307489170 51.909567673456 0.866025403784 0.500000000000
0.311315009278 47.245281768117 0.000000000000 1.000000000000
42.703001723936 -113.179203353805 0.000000000000 1.000000000000
-74.306728479391 21.979441786231 0.866025403784 0.500000000000
105.234361346681 25.341561189858 0.866025403784 -0.500000000000
47.581517552898 77.771127774312 0.000000000000 1.000000000000
73.038538735791 -104.591343760655 0.866025403784 0.500000000000
-0.748695148429 -42.945500812671 0.866025403784 -0.500000000000
-163.376455571357 81.283878606127 0.866025403784 -0.500000000000
-98.473179292179 20.126194978003 0.866025403784 -0.500000000000
-193.972652361747 13.891419326249 0.866025403784 -0.500000000000
5.301105746813 -5.859041744805 0.866025403784 0.500000000000
-25.276216004117 -93.932157026513 0.866025403784 0.500000000000
32.263156202653 117.019138370652 0.000000000000 1.000000000000
-87.735684254115 109.550471262217 0.866025403784 -0.500000000000
61.512697383491 -120.227290406486 0.866025403784 -0.500000000000
-22.008303863382 -33.717992687517 0.866025403784 -0.500000000000
8.132901900430 -22.560277200410 0.866025403784 -0.500000000000
