#Configurational_file created 2018-09-14 12:00:29  started 2018-09-14 12:00:28 run for 1.0s steps 0
name: p_871
step: 10000
specie: 20
	particle_diameter: 1.0000000000000000
	interaction_length: 1.2000000000000000
	number_of_patches: 3
	number_of_particles_per_compound: 1
	rod_length: 1.0000000000000000
	interaction_matrix:  1.000000 1.000000 1.000000 1.000000 1.000000 1.000000 1.000000 1.000000 1.000000
	patch_type: symmetric
	patch_width: 8.0000000000000000
	patch_angle: 0.0000000000000000
	angles:  0.000000 0.000000 0.000000
	grand_canonical: 0
	chemical_potential: 0.0000000000000000
box: 47.857183 47.857183
copy: 1.000000 1.000000
epsilon: 0.0187510000000000
end_epsilon: 0.0000000000000000
pressure: 0.0833340000000000
lambda: 0.0000000000000000
lambda_coupling: 1.0000000000000000
uy: 0.0000000000000000
maximum_displacement: 1.0000000000000000
maximum_rotation: 1.0000000000000000
maximum_volume: 1.0000000000000000
maximum_shape: 0.0000001000000000
maximum_dsigma: 0.0100000000000000
mod: 10
pmod: 10
optimize: 1
verbose: 1
snapshot: 0
display: 1
explore: 1
npt: 1
nptxy: 0
nptdxdy: 0
shape: 0
seed: 993118
-152.786993359081 129.234503367237 0.866025403784 0.500000000000
-90.596322659718 192.916543242443 0.000000000000 1.000000000000
103.381542527619 65.871010179516 0.866025403784 -0.500000000000
7.716394430065 51.106299375253 0.000000000000 1.000000000000
95.383659924413 72.589940194348 0.000000000000 1.000000000000
216.510573085720 29.321209720841 0.866025403784 0.500000000000
286.181886976451 -53.621812237373 0.866025403784 0.500000000000
83.590242840342 35.953207332902 0.866025403784 0.500000000000
-2.155125568121 169.871542395794 0.000000000000 1.000000000000
-28.250556374823 -36.090225972998 0.000000000000 1.000000000000
111.285435876851 -124.045520497563 0.866025403784 0.500000000000
101.391805187842 200.948552178178 0.866025403784 -0.500000000000
331.305740084362 -26.194715555298 0.866025403784 -0.500000000000
-101.143777275935 246.807923996294 0.000000000000 1.000000000000
-58.241287157647 207.053585737666 0.000000000000 1.000000000000
267.858874200620 -242.892940946790 0.866025403784 0.500000000000
-275.368282028993 -119.324860056648 0.866025403784 0.500000000000
-68.320869969847 -99.431917396784 0.866025403784 -0.500000000000
185.651337815651 218.357478888016 0.000000000000 1.000000000000
-282.512128175374 28.514013752346 0.000000000000 1.000000000000
