#Configurational_file created 2018-09-14 12:00:33  started 2018-09-14 12:00:32 run for 1.0s steps 0
name: p_877
step: 10000
specie: 20
	particle_diameter: 1.0000000000000000
	interaction_length: 1.2000000000000000
	number_of_patches: 3
	number_of_particles_per_compound: 1
	rod_length: 1.0000000000000000
	interaction_matrix:  1.000000 1.000000 1.000000 1.000000 1.000000 1.000000 1.000000 1.000000 1.000000
	patch_type: symmetric
	patch_width: 8.0000000000000000
	patch_angle: 0.0000000000000000
	angles:  0.000000 0.000000 0.000000
	grand_canonical: 0
	chemical_potential: 0.0000000000000000
box: 53.498921 53.498921
copy: 1.000000 1.000000
epsilon: 0.0208340000000000
end_epsilon: 0.0000000000000000
pressure: 0.0041680000000000
lambda: 0.0000000000000000
lambda_coupling: 1.0000000000000000
uy: 0.0000000000000000
maximum_displacement: 1.0000000000000000
maximum_rotation: 1.0000000000000000
maximum_volume: 1.0000000000000000
maximum_shape: 0.0000001000000000
maximum_dsigma: 0.0100000000000000
mod: 10
pmod: 10
optimize: 1
verbose: 1
snapshot: 0
display: 1
explore: 1
npt: 1
nptxy: 0
nptdxdy: 0
shape: 0
seed: 999940
87.057938538259 33.181111431637 0.866025403784 -0.500000000000
151.228737312273 82.708268972727 0.866025403784 0.500000000000
-11.723259149514 17.985806508744 0.000000000000 1.000000000000
-51.917654448001 236.660423732079 0.866025403784 -0.500000000000
7.798893336260 -114.343423459791 0.866025403784 -0.500000000000
-213.115415237712 -156.122927802321 0.866025403784 0.500000000000
-396.249719541160 -134.884669061180 0.000000000000 1.000000000000
-172.055238664032 -144.245540457007 0.866025403784 0.500000000000
-199.786844264492 129.742151074764 0.866025403784 -0.500000000000
-154.315670031860 40.753301526682 0.866025403784 0.500000000000
-109.231373560264 -194.506424278452 0.000000000000 1.000000000000
-165.482607480360 -74.159867879702 0.866025403784 -0.500000000000
-119.255702869500 97.888241898209 0.000000000000 1.000000000000
-87.676696395981 -79.023213105172 0.000000000000 1.000000000000
213.013112832080 47.735737973142 0.000000000000 1.000000000000
12.720319828741 342.245190781072 0.866025403784 -0.500000000000
130.335086594131 164.973424648827 0.866025403784 0.500000000000
67.343177453328 207.917307956656 0.866025403784 0.500000000000
-179.156026743972 228.883477424983 0.000000000000 1.000000000000
-225.174747780852 -297.476787677815 0.866025403784 0.500000000000
