#Configurational_file created 2018-09-14 12:20:28  started 2018-09-14 12:20:27 run for 1.0s steps 0
name: p_87
step: 10000
specie: 20
	particle_diameter: 1.0000000000000000
	interaction_length: 1.2000000000000000
	number_of_patches: 3
	number_of_particles_per_compound: 1
	rod_length: 1.0000000000000000
	interaction_matrix:  1.000000 1.000000 1.000000 1.000000 1.000000 1.000000 1.000000 1.000000 1.000000
	patch_type: symmetric
	patch_width: 8.0000000000000000
	patch_angle: 0.0000000000000000
	angles:  0.000000 0.000000 0.000000
	grand_canonical: 0
	chemical_potential: 0.0000000000000000
box: 45.735402 45.735402
copy: 1.000000 1.000000
epsilon: 1.5000000000000000
end_epsilon: 0.0000000000000000
pressure: 0.0000010000000000
lambda: 0.0000000000000000
lambda_coupling: 1.0000000000000000
uy: 0.0000000000000000
maximum_displacement: 1.0000000000000000
maximum_rotation: 1.0000000000000000
maximum_volume: 1.0000000000000000
maximum_shape: 0.0000001000000000
maximum_dsigma: 0.0100000000000000
mod: 10
pmod: 10
optimize: 1
verbose: 1
snapshot: 0
display: 1
explore: 1
npt: 1
nptxy: 0
nptdxdy: 0
shape: 0
seed: 101710
15.996259223850 -426.993581203000 0.866025403784 0.500000000000
189.925333817679 -39.816380221679 0.866025403784 -0.500000000000
10.724515831379 143.484989595631 0.866025403784 -0.500000000000
76.358624546116 -104.931916271614 0.866025403784 -0.500000000000
-267.427842932877 -20.369163025902 0.866025403784 -0.500000000000
147.913049097201 120.444619729039 0.000000000000 1.000000000000
74.400855982364 -66.359959829707 0.866025403784 0.500000000000
34.291111324295 -157.210137675280 0.866025403784 0.500000000000
20.809618131274 -12.301367596355 0.866025403784 -0.500000000000
-4.478767666168 -13.493708130254 0.866025403784 -0.500000000000
-104.838255800425 -402.460394220192 0.866025403784 -0.500000000000
31.106366235344 136.312207318646 0.866025403784 -0.500000000000
-119.410246173765 388.202363891728 0.866025403784 0.500000000000
180.344040870077 -0.541879223272 0.866025403784 -0.500000000000
-25.611361105317 -126.476578235258 0.866025403784 0.500000000000
-158.368035322931 174.510343592447 0.000000000000 1.000000000000
-124.730301095382 319.975986062759 0.866025403784 -0.500000000000
-58.895862880163 84.415919513629 0.866025403784 -0.500000000000
176.733735960011 -110.574828232915 0.866025403784 -0.500000000000
-70.886859186740 -253.622606056307 0.866025403784 0.500000000000
