#Configurational_file created 2018-09-14 12:00:28  started 2018-09-14 12:00:27 run for 1.0s steps 0
name: p_870
step: 10000
specie: 20
	particle_diameter: 1.0000000000000000
	interaction_length: 1.2000000000000000
	number_of_patches: 3
	number_of_particles_per_compound: 1
	rod_length: 1.0000000000000000
	interaction_matrix:  1.000000 1.000000 1.000000 1.000000 1.000000 1.000000 1.000000 1.000000 1.000000
	patch_type: symmetric
	patch_width: 8.0000000000000000
	patch_angle: 0.0000000000000000
	angles:  0.000000 0.000000 0.000000
	grand_canonical: 0
	chemical_potential: 0.0000000000000000
box: 50.221582 50.221582
copy: 1.000000 1.000000
epsilon: 0.0187510000000000
end_epsilon: 0.0000000000000000
pressure: 0.0791670000000000
lambda: 0.0000000000000000
lambda_coupling: 1.0000000000000000
uy: 0.0000000000000000
maximum_displacement: 1.0000000000000000
maximum_rotation: 1.0000000000000000
maximum_volume: 1.0000000000000000
maximum_shape: 0.0000001000000000
maximum_dsigma: 0.0100000000000000
mod: 10
pmod: 10
optimize: 1
verbose: 1
snapshot: 0
display: 1
explore: 1
npt: 1
nptxy: 0
nptdxdy: 0
shape: 0
seed: 991981
-279.388280901050 -473.199155797223 0.000000000000 1.000000000000
122.922133627115 136.400891646929 0.866025403784 0.500000000000
-182.859699831382 138.079615962777 0.866025403784 -0.500000000000
209.598331347365 -343.182884817013 0.000000000000 1.000000000000
-147.105336483507 -25.472080610388 0.866025403784 0.500000000000
-46.611953771903 307.640021299997 0.866025403784 -0.500000000000
188.927032832540 -39.033199940061 0.866025403784 -0.500000000000
180.034870703697 171.777408144044 0.000000000000 1.000000000000
197.016353594417 206.714469606583 0.000000000000 1.000000000000
-186.553936243783 48.236166270181 0.866025403784 -0.500000000000
-195.966688035708 79.210809795728 0.866025403784 0.500000000000
315.514509208759 312.601309246337 0.866025403784 -0.500000000000
179.660477883307 181.936353212892 0.866025403784 -0.500000000000
-45.697065752511 -127.759897928381 0.866025403784 0.500000000000
33.037914295870 249.222618490242 0.866025403784 0.500000000000
20.566135360844 -169.378948699696 0.000000000000 1.000000000000
207.919562893842 -241.957333851075 0.866025403784 -0.500000000000
-308.942864900769 79.355832666541 0.866025403784 -0.500000000000
-120.754249969638 -87.022523890501 0.866025403784 -0.500000000000
135.102086393317 -81.762843114510 0.000000000000 1.000000000000
