#Configurational_file created 2018-09-14 11:32:50  started 2018-09-14 11:32:49 run for 1.0s steps 0
name: p_875
step: 10000
specie: 20
	particle_diameter: 1.0000000000000000
	interaction_length: 1.2000000000000000
	number_of_patches: 3
	number_of_particles_per_compound: 1
	rod_length: 1.0000000000000000
	interaction_matrix:  1.000000 1.000000 1.000000 1.000000 1.000000 1.000000 1.000000 1.000000 1.000000
	patch_type: symmetric
	patch_width: 8.0000000000000000
	patch_angle: 0.0000000000000000
	angles:  0.000000 0.000000 0.000000
	grand_canonical: 0
	chemical_potential: 0.0000000000000000
box: 9.187788 9.187788
copy: 1.000000 1.000000
epsilon: 0.1875620000000000
end_epsilon: 0.0000000000000000
pressure: 2.0000000000000000
lambda: 0.0000000000000000
lambda_coupling: 1.0000000000000000
uy: 0.0000000000000000
maximum_displacement: 1.0000000000000000
maximum_rotation: 1.0000000000000000
maximum_volume: 1.0000000000000000
maximum_shape: 0.0000001000000000
maximum_dsigma: 0.0100000000000000
mod: 10
pmod: 10
optimize: 1
verbose: 1
snapshot: 0
display: 1
explore: 1
npt: 1
nptxy: 0
nptdxdy: 0
shape: 0
seed: 997666
98.720976152643 35.220222225087 0.866025403784 0.500000000000
161.210588782248 47.181307498702 0.000000000000 1.000000000000
-69.049251056415 -100.277399014595 0.866025403784 0.500000000000
67.982236119729 122.193824574848 0.866025403784 -0.500000000000
53.673708389401 -26.425480675294 0.866025403784 -0.500000000000
151.289972084301 121.582758548584 0.866025403784 0.500000000000
14.739130743111 -12.631433030530 0.866025403784 0.500000000000
135.233175314427 23.110927050889 0.866025403784 0.500000000000
-45.307523232362 -66.746636070386 0.000000000000 1.000000000000
-98.206316527452 -47.010221040309 0.866025403784 0.500000000000
129.550622651149 -155.532381305343 0.866025403784 -0.500000000000
102.981219188062 -29.740035166654 0.866025403784 -0.500000000000
127.367688621189 -59.088366055277 0.866025403784 0.500000000000
-47.238300461960 -144.457729532452 0.866025403784 -0.500000000000
-172.496522991426 -114.212770138552 0.000000000000 1.000000000000
110.315403735099 -32.781441868097 0.866025403784 -0.500000000000
126.069230299879 -52.809960810258 0.866025403784 0.500000000000
76.369104333775 -94.760685596814 0.000000000000 1.000000000000
-135.356177318781 27.735446445643 0.866025403784 0.500000000000
26.398952183343 100.463062174276 0.866025403784 0.500000000000
