#Configurational_file created 2018-09-14 11:32:48  started 2018-09-14 11:32:48 run for 0.0s steps 0
name: p_873
step: 10000
specie: 20
	particle_diameter: 1.0000000000000000
	interaction_length: 1.2000000000000000
	number_of_patches: 3
	number_of_particles_per_compound: 1
	rod_length: 1.0000000000000000
	interaction_matrix:  1.000000 1.000000 1.000000 1.000000 1.000000 1.000000 1.000000 1.000000 1.000000
	patch_type: symmetric
	patch_width: 8.0000000000000000
	patch_angle: 0.0000000000000000
	angles:  0.000000 0.000000 0.000000
	grand_canonical: 0
	chemical_potential: 0.0000000000000000
box: 9.479533 9.479533
copy: 1.000000 1.000000
epsilon: 0.1875620000000000
end_epsilon: 0.0000000000000000
pressure: 1.8333420000000000
lambda: 0.0000000000000000
lambda_coupling: 1.0000000000000000
uy: 0.0000000000000000
maximum_displacement: 1.0000000000000000
maximum_rotation: 1.0000000000000000
maximum_volume: 1.0000000000000000
maximum_shape: 0.0000001000000000
maximum_dsigma: 0.0100000000000000
mod: 10
pmod: 10
optimize: 1
verbose: 1
snapshot: 0
display: 1
explore: 1
npt: 1
nptxy: 0
nptdxdy: 0
shape: 0
seed: 995392
33.208556454359 -24.233453039959 0.866025403784 -0.500000000000
-147.806685457651 85.682825928762 0.866025403784 -0.500000000000
126.382384531112 67.834125630411 0.866025403784 -0.500000000000
-28.705056474805 32.662284708563 0.866025403784 -0.500000000000
-48.669130158583 95.812504833748 0.000000000000 1.000000000000
-7.980677468765 96.206738362171 0.000000000000 1.000000000000
-47.462201119949 -15.430657978473 0.000000000000 1.000000000000
19.490569841318 28.331377684428 0.866025403784 -0.500000000000
111.962606291524 -47.966040800184 0.866025403784 0.500000000000
-70.044966550247 -113.546167685651 0.000000000000 1.000000000000
55.757480064732 88.735865047002 0.866025403784 0.500000000000
8.660997165675 56.018506954587 0.866025403784 0.500000000000
45.259983442510 -135.267044020528 0.866025403784 -0.500000000000
105.871503894685 -25.139579351251 0.866025403784 -0.500000000000
2.717133211378 56.967890524695 0.000000000000 1.000000000000
71.833446991837 -49.089009995086 0.000000000000 1.000000000000
4.344088744902 81.825096841711 0.866025403784 -0.500000000000
-56.121624526887 34.839799656315 0.866025403784 0.500000000000
-24.008621551433 2.252413776882 0.000000000000 1.000000000000
-40.645328049411 145.251245793464 0.000000000000 1.000000000000
