#Configurational_file created 2018-09-14 11:32:52  started 2018-09-14 11:32:52 run for 0.0s steps 0
name: p_878
step: 10000
specie: 20
	particle_diameter: 1.0000000000000000
	interaction_length: 1.2000000000000000
	number_of_patches: 3
	number_of_particles_per_compound: 1
	rod_length: 1.0000000000000000
	interaction_matrix:  1.000000 1.000000 1.000000 1.000000 1.000000 1.000000 1.000000 1.000000 1.000000
	patch_type: symmetric
	patch_width: 8.0000000000000000
	patch_angle: 0.0000000000000000
	angles:  0.000000 0.000000 0.000000
	grand_canonical: 0
	chemical_potential: 0.0000000000000000
box: 23.276000 23.276000
copy: 1.000000 1.000000
epsilon: 0.2083920000000000
end_epsilon: 0.0000000000000000
pressure: 0.1667580000000000
lambda: 0.0000000000000000
lambda_coupling: 1.0000000000000000
uy: 0.0000000000000000
maximum_displacement: 1.0000000000000000
maximum_rotation: 1.0000000000000000
maximum_volume: 1.0000000000000000
maximum_shape: 0.0000001000000000
maximum_dsigma: 0.0100000000000000
mod: 10
pmod: 10
optimize: 1
verbose: 1
snapshot: 0
display: 1
explore: 1
npt: 1
nptxy: 0
nptdxdy: 0
shape: 0
seed: 1001077
-148.754785827360 -53.987223810076 0.000000000000 1.000000000000
95.648067867616 85.191276818690 0.866025403784 0.500000000000
-23.111960996277 -12.739875005928 0.866025403784 -0.500000000000
60.931303638291 111.564067486336 0.866025403784 0.500000000000
-57.587383388208 187.073291619482 0.866025403784 0.500000000000
-51.531453173405 79.589746878743 0.866025403784 -0.500000000000
117.102762794626 45.677746751063 0.866025403784 0.500000000000
158.660861028165 69.977084395338 0.000000000000 1.000000000000
8.822035312786 -296.513491660492 0.866025403784 0.500000000000
-177.309007516743 -42.195244047543 0.866025403784 0.500000000000
-57.804318653170 -75.777821214084 0.866025403784 -0.500000000000
-5.479907390520 -198.664226331876 0.866025403784 -0.500000000000
180.406953180088 118.257685903510 0.866025403784 0.500000000000
7.849544262677 -140.547954204147 0.866025403784 -0.500000000000
-62.681154114237 140.835175359454 0.000000000000 1.000000000000
0.870054416625 48.563063983481 0.866025403784 0.500000000000
47.616616544342 30.393732180941 0.866025403784 0.500000000000
-110.390072855105 -36.502341731553 0.866025403784 -0.500000000000
-38.228092905140 33.513462079229 0.000000000000 1.000000000000
-33.914601844311 -12.944365051575 0.000000000000 1.000000000000
