#Configurational_file created 2018-09-14 11:32:47  started 2018-09-14 11:32:46 run for 1.0s steps 0
name: p_871
step: 10000
specie: 20
	particle_diameter: 1.0000000000000000
	interaction_length: 1.2000000000000000
	number_of_patches: 3
	number_of_particles_per_compound: 1
	rod_length: 1.0000000000000000
	interaction_matrix:  1.000000 1.000000 1.000000 1.000000 1.000000 1.000000 1.000000 1.000000 1.000000
	patch_type: symmetric
	patch_width: 8.0000000000000000
	patch_angle: 0.0000000000000000
	angles:  0.000000 0.000000 0.000000
	grand_canonical: 0
	chemical_potential: 0.0000000000000000
box: 9.295446 9.295446
copy: 1.000000 1.000000
epsilon: 0.1875620000000000
end_epsilon: 0.0000000000000000
pressure: 1.6666829999999999
lambda: 0.0000000000000000
lambda_coupling: 1.0000000000000000
uy: 0.0000000000000000
maximum_displacement: 1.0000000000000000
maximum_rotation: 1.0000000000000000
maximum_volume: 1.0000000000000000
maximum_shape: 0.0000001000000000
maximum_dsigma: 0.0100000000000000
mod: 10
pmod: 10
optimize: 1
verbose: 1
snapshot: 0
display: 1
explore: 1
npt: 1
nptxy: 0
nptdxdy: 0
shape: 0
seed: 993118
35.583531149282 -75.013240432553 0.000000000000 1.000000000000
103.914748403130 -25.419418815857 0.866025403784 -0.500000000000
-48.821480778683 -71.964088368112 0.866025403784 0.500000000000
99.247355006598 -37.148536427251 0.866025403784 0.500000000000
-46.224504426999 255.676005276302 0.866025403784 -0.500000000000
78.597564785326 18.932530003663 0.866025403784 -0.500000000000
159.852523631071 -66.033535096833 0.000000000000 1.000000000000
76.957454148396 60.321103287970 0.000000000000 1.000000000000
11.660299489037 39.633719256584 0.000000000000 1.000000000000
-56.336859129863 -56.031558421657 0.000000000000 1.000000000000
65.347216205685 -26.173681406421 0.866025403784 0.500000000000
47.155409406135 65.545633072071 0.866025403784 0.500000000000
41.676701370416 94.814589675427 0.866025403784 -0.500000000000
-54.507270389508 4.325792407512 0.866025403784 0.500000000000
61.981757383011 -75.564236571403 0.000000000000 1.000000000000
7.965787905583 146.524231144719 0.000000000000 1.000000000000
-83.264481592170 -20.909907749974 0.866025403784 0.500000000000
71.283717109514 32.523930639871 0.000000000000 1.000000000000
-32.069537484563 -11.219927395198 0.000000000000 1.000000000000
156.928563244370 47.756653496601 0.866025403784 -0.500000000000
