#Configurational_file created 2018-09-14 11:32:48  started 2018-09-14 11:32:47 run for 1.0s steps 0
name: p_872
step: 10000
specie: 20
	particle_diameter: 1.0000000000000000
	interaction_length: 1.2000000000000000
	number_of_patches: 3
	number_of_particles_per_compound: 1
	rod_length: 1.0000000000000000
	interaction_matrix:  1.000000 1.000000 1.000000 1.000000 1.000000 1.000000 1.000000 1.000000 1.000000
	patch_type: symmetric
	patch_width: 8.0000000000000000
	patch_angle: 0.0000000000000000
	angles:  0.000000 0.000000 0.000000
	grand_canonical: 0
	chemical_potential: 0.0000000000000000
box: 10.151317 10.151317
copy: 1.000000 1.000000
epsilon: 0.1875620000000000
end_epsilon: 0.0000000000000000
pressure: 1.7500119999999999
lambda: 0.0000000000000000
lambda_coupling: 1.0000000000000000
uy: 0.0000000000000000
maximum_displacement: 1.0000000000000000
maximum_rotation: 1.0000000000000000
maximum_volume: 1.0000000000000000
maximum_shape: 0.0000001000000000
maximum_dsigma: 0.0100000000000000
mod: 10
pmod: 10
optimize: 1
verbose: 1
snapshot: 0
display: 1
explore: 1
npt: 1
nptxy: 0
nptdxdy: 0
shape: 0
seed: 994255
169.201344915062 62.059018487661 0.866025403784 0.500000000000
53.714687737652 -37.616754212583 0.866025403784 0.500000000000
-51.907438569004 10.972666740871 0.000000000000 1.000000000000
48.857481119111 -46.569140786841 0.000000000000 1.000000000000
-256.783852525261 -94.561512027062 0.866025403784 0.500000000000
47.534885417078 -31.596309438212 0.000000000000 1.000000000000
0.214673448115 47.129778435121 0.866025403784 0.500000000000
-33.289449991793 -49.012988733915 0.866025403784 -0.500000000000
30.811358381813 5.119671355529 0.866025403784 0.500000000000
14.838010179109 -153.001702990732 0.866025403784 -0.500000000000
8.842902218729 -261.952570134814 0.866025403784 -0.500000000000
-1.088221845910 -145.743099538266 0.866025403784 0.500000000000
-131.731166643497 -17.520924728040 0.000000000000 1.000000000000
-176.866846461347 39.082762873207 0.866025403784 0.500000000000
-38.678794426912 -19.958426756977 0.866025403784 -0.500000000000
64.465322857165 43.027123085328 0.000000000000 1.000000000000
15.499314622941 31.732772389322 0.000000000000 1.000000000000
-106.316911152312 -75.941890454797 0.866025403784 -0.500000000000
-7.696450227376 -25.701100950022 0.866025403784 0.500000000000
-81.754579469232 99.579001345125 0.866025403784 0.500000000000
