#Configurational_file created 2018-09-14 12:00:34  started 2018-09-14 12:00:33 run for 1.0s steps 0
name: p_878
step: 10000
specie: 20
	particle_diameter: 1.0000000000000000
	interaction_length: 1.2000000000000000
	number_of_patches: 3
	number_of_particles_per_compound: 1
	rod_length: 1.0000000000000000
	interaction_matrix:  1.000000 1.000000 1.000000 1.000000 1.000000 1.000000 1.000000 1.000000 1.000000
	patch_type: symmetric
	patch_width: 8.0000000000000000
	patch_angle: 0.0000000000000000
	angles:  0.000000 0.000000 0.000000
	grand_canonical: 0
	chemical_potential: 0.0000000000000000
box: 46.714780 46.714780
copy: 1.000000 1.000000
epsilon: 0.0208340000000000
end_epsilon: 0.0000000000000000
pressure: 0.0083340000000000
lambda: 0.0000000000000000
lambda_coupling: 1.0000000000000000
uy: 0.0000000000000000
maximum_displacement: 1.0000000000000000
maximum_rotation: 1.0000000000000000
maximum_volume: 1.0000000000000000
maximum_shape: 0.0000001000000000
maximum_dsigma: 0.0100000000000000
mod: 10
pmod: 10
optimize: 1
verbose: 1
snapshot: 0
display: 1
explore: 1
npt: 1
nptxy: 0
nptdxdy: 0
shape: 0
seed: 1001077
-105.029924549534 71.207003999137 0.000000000000 1.000000000000
-5.289855334663 -69.395744225311 0.866025403784 -0.500000000000
-319.511298069357 101.172110405864 0.866025403784 0.500000000000
-95.553522502845 59.671097889201 0.866025403784 -0.500000000000
-230.058868489346 7.221929528083 0.866025403784 0.500000000000
98.433752601818 143.474900020750 0.866025403784 -0.500000000000
115.046599750192 352.491868041914 0.866025403784 -0.500000000000
21.497229348230 -130.276147557358 0.000000000000 1.000000000000
-76.481305919540 -257.201166467755 0.000000000000 1.000000000000
266.069660374424 7.185833447618 0.000000000000 1.000000000000
-205.109989860291 -387.512909435714 0.866025403784 0.500000000000
103.656712766201 -175.709570041231 0.866025403784 0.500000000000
131.585486963501 235.843152150527 0.866025403784 -0.500000000000
367.813558721622 -95.443747237795 0.000000000000 1.000000000000
-64.423151360133 229.424227558357 0.866025403784 0.500000000000
29.141208087425 -22.943982066708 0.866025403784 0.500000000000
64.879018553624 -184.400839344318 0.000000000000 1.000000000000
-13.839296031948 -166.910491453558 0.866025403784 0.500000000000
172.011982836688 204.115906328637 0.866025403784 0.500000000000
141.586229579606 218.394487728099 0.866025403784 0.500000000000
