#Configurational_file created 2018-09-14 11:32:49  started 2018-09-14 11:32:48 run for 1.0s steps 0
name: p_874
step: 10000
specie: 20
	particle_diameter: 1.0000000000000000
	interaction_length: 1.2000000000000000
	number_of_patches: 3
	number_of_particles_per_compound: 1
	rod_length: 1.0000000000000000
	interaction_matrix:  1.000000 1.000000 1.000000 1.000000 1.000000 1.000000 1.000000 1.000000 1.000000
	patch_type: symmetric
	patch_width: 8.0000000000000000
	patch_angle: 0.0000000000000000
	angles:  0.000000 0.000000 0.000000
	grand_canonical: 0
	chemical_potential: 0.0000000000000000
box: 10.042651 10.042651
copy: 1.000000 1.000000
epsilon: 0.1875620000000000
end_epsilon: 0.0000000000000000
pressure: 1.9166710000000000
lambda: 0.0000000000000000
lambda_coupling: 1.0000000000000000
uy: 0.0000000000000000
maximum_displacement: 1.0000000000000000
maximum_rotation: 1.0000000000000000
maximum_volume: 1.0000000000000000
maximum_shape: 0.0000001000000000
maximum_dsigma: 0.0100000000000000
mod: 10
pmod: 10
optimize: 1
verbose: 1
snapshot: 0
display: 1
explore: 1
npt: 1
nptxy: 0
nptdxdy: 0
shape: 0
seed: 996529
79.588307778321 77.322699193178 0.866025403784 -0.500000000000
227.675325836258 -45.368638415706 0.866025403784 -0.500000000000
56.999590237340 -40.596500164446 0.000000000000 1.000000000000
-24.642989694845 -157.351595700191 0.000000000000 1.000000000000
45.368271879345 74.816924775446 0.000000000000 1.000000000000
59.892132690622 80.374100324137 0.866025403784 0.500000000000
-1.034727518907 -69.557338675682 0.866025403784 -0.500000000000
-74.761940364626 78.213578919099 0.000000000000 1.000000000000
-144.367835312014 31.697811778250 0.000000000000 1.000000000000
21.517961844897 45.653950492317 0.866025403784 -0.500000000000
82.944927590798 39.452367113021 0.000000000000 1.000000000000
23.996091645404 93.985830862893 0.866025403784 0.500000000000
-20.829212131564 21.793232949280 0.866025403784 -0.500000000000
112.382620269248 -97.722528555311 0.866025403784 -0.500000000000
78.520407708258 40.130100813853 0.866025403784 0.500000000000
145.544888816077 115.646056814585 0.866025403784 0.500000000000
7.131692481435 -146.773429990988 0.866025403784 -0.500000000000
-59.079658739903 -19.902526142018 0.866025403784 -0.500000000000
37.862467439317 83.466917664075 0.000000000000 1.000000000000
78.152790807579 126.534629999468 0.866025403784 -0.500000000000
