#Configurational_file created 2018-09-14 12:00:29  started 2018-09-14 12:00:29 run for 0.0s steps 0
name: p_872
step: 10000
specie: 20
	particle_diameter: 1.0000000000000000
	interaction_length: 1.2000000000000000
	number_of_patches: 3
	number_of_particles_per_compound: 1
	rod_length: 1.0000000000000000
	interaction_matrix:  1.000000 1.000000 1.000000 1.000000 1.000000 1.000000 1.000000 1.000000 1.000000
	patch_type: symmetric
	patch_width: 8.0000000000000000
	patch_angle: 0.0000000000000000
	angles:  0.000000 0.000000 0.000000
	grand_canonical: 0
	chemical_potential: 0.0000000000000000
box: 47.136309 47.136309
copy: 1.000000 1.000000
epsilon: 0.0187510000000000
end_epsilon: 0.0000000000000000
pressure: 0.0875000000000000
lambda: 0.0000000000000000
lambda_coupling: 1.0000000000000000
uy: 0.0000000000000000
maximum_displacement: 1.0000000000000000
maximum_rotation: 1.0000000000000000
maximum_volume: 1.0000000000000000
maximum_shape: 0.0000001000000000
maximum_dsigma: 0.0100000000000000
mod: 10
pmod: 10
optimize: 1
verbose: 1
snapshot: 0
display: 1
explore: 1
npt: 1
nptxy: 0
nptdxdy: 0
shape: 0
seed: 994255
245.249695400210 -96.189282300607 0.866025403784 -0.500000000000
-213.289705126385 -76.709281151676 0.866025403784 0.500000000000
149.954266478511 5.214782872152 0.866025403784 -0.500000000000
-268.765330252177 -272.206746520238 0.000000000000 1.000000000000
3.869834335474 299.105131068075 0.000000000000 1.000000000000
75.162506752124 139.026163571005 0.866025403784 0.500000000000
95.458187336222 -122.434436231978 0.866025403784 0.500000000000
-286.063070762166 -3.849553602552 0.866025403784 0.500000000000
-170.239309576411 -105.923505945041 0.866025403784 -0.500000000000
-37.694768440217 -38.239766349532 0.866025403784 -0.500000000000
106.984848503014 -183.081413684398 0.866025403784 -0.500000000000
-195.613686951527 120.274207661757 0.866025403784 -0.500000000000
-245.155534146787 -81.965859398570 0.866025403784 -0.500000000000
22.753940344597 225.721227776936 0.866025403784 0.500000000000
-27.230109118520 -213.916407991703 0.000000000000 1.000000000000
-172.875948019069 -96.653628774121 0.866025403784 0.500000000000
13.939583362135 -219.110321723830 0.866025403784 -0.500000000000
-20.056472640773 45.942217988643 0.866025403784 0.500000000000
79.083107381362 121.252600698814 0.000000000000 1.000000000000
-108.747615663966 62.119523556577 0.000000000000 1.000000000000
