#Configurational_file created 2018-09-14 12:00:31  started 2018-09-14 12:00:30 run for 1.0s steps 0
name: p_874
step: 10000
specie: 20
	particle_diameter: 1.0000000000000000
	interaction_length: 1.2000000000000000
	number_of_patches: 3
	number_of_particles_per_compound: 1
	rod_length: 1.0000000000000000
	interaction_matrix:  1.000000 1.000000 1.000000 1.000000 1.000000 1.000000 1.000000 1.000000 1.000000
	patch_type: symmetric
	patch_width: 8.0000000000000000
	patch_angle: 0.0000000000000000
	angles:  0.000000 0.000000 0.000000
	grand_canonical: 0
	chemical_potential: 0.0000000000000000
box: 49.010479 49.010479
copy: 1.000000 1.000000
epsilon: 0.0187510000000000
end_epsilon: 0.0000000000000000
pressure: 0.0958330000000000
lambda: 0.0000000000000000
lambda_coupling: 1.0000000000000000
uy: 0.0000000000000000
maximum_displacement: 1.0000000000000000
maximum_rotation: 1.0000000000000000
maximum_volume: 1.0000000000000000
maximum_shape: 0.0000001000000000
maximum_dsigma: 0.0100000000000000
mod: 10
pmod: 10
optimize: 1
verbose: 1
snapshot: 0
display: 1
explore: 1
npt: 1
nptxy: 0
nptdxdy: 0
shape: 0
seed: 996529
111.360698072394 169.485418769163 0.000000000000 1.000000000000
-81.681199339925 -20.670282358743 0.866025403784 -0.500000000000
-69.439118802868 -13.785540110208 0.866025403784 -0.500000000000
-174.896606218833 -211.438919181524 0.866025403784 -0.500000000000
63.959383180017 -232.412191541847 0.866025403784 0.500000000000
-101.187350823014 -167.633726968476 0.000000000000 1.000000000000
-5.606389018680 -227.542673978474 0.866025403784 -0.500000000000
-258.467633316474 -97.851320203923 0.866025403784 0.500000000000
200.429170291212 85.706907700382 0.000000000000 1.000000000000
-215.582319492472 327.688626668165 0.866025403784 -0.500000000000
-197.285252064081 76.064886429210 0.866025403784 -0.500000000000
27.380234858374 212.499237104736 0.866025403784 0.500000000000
188.600778837576 -0.519538012214 0.866025403784 0.500000000000
172.548530170236 247.138240713636 0.866025403784 -0.500000000000
-24.833758541116 -37.381088846623 0.866025403784 0.500000000000
115.704164645344 -35.397888725840 0.000000000000 1.000000000000
202.979031255833 -177.433663228047 0.000000000000 1.000000000000
-27.900922518301 -47.923777997204 0.866025403784 -0.500000000000
414.208303453373 -354.872164879845 0.866025403784 -0.500000000000
-136.480211700835 316.534027695344 0.000000000000 1.000000000000
