#Configurational_file created 2018-09-14 11:32:46  started 2018-09-14 11:32:45 run for 1.0s steps 0
name: p_870
step: 10000
specie: 20
	particle_diameter: 1.0000000000000000
	interaction_length: 1.2000000000000000
	number_of_patches: 3
	number_of_particles_per_compound: 1
	rod_length: 1.0000000000000000
	interaction_matrix:  1.000000 1.000000 1.000000 1.000000 1.000000 1.000000 1.000000 1.000000 1.000000
	patch_type: symmetric
	patch_width: 8.0000000000000000
	patch_angle: 0.0000000000000000
	angles:  0.000000 0.000000 0.000000
	grand_canonical: 0
	chemical_potential: 0.0000000000000000
box: 9.187566 9.187566
copy: 1.000000 1.000000
epsilon: 0.1875620000000000
end_epsilon: 0.0000000000000000
pressure: 1.5833539999999999
lambda: 0.0000000000000000
lambda_coupling: 1.0000000000000000
uy: 0.0000000000000000
maximum_displacement: 1.0000000000000000
maximum_rotation: 1.0000000000000000
maximum_volume: 1.0000000000000000
maximum_shape: 0.0000001000000000
maximum_dsigma: 0.0100000000000000
mod: 10
pmod: 10
optimize: 1
verbose: 1
snapshot: 0
display: 1
explore: 1
npt: 1
nptxy: 0
nptdxdy: 0
shape: 0
seed: 991981
-13.074920001850 -98.401430455020 0.866025403784 0.500000000000
18.277375955927 -22.731942633921 0.866025403784 0.500000000000
-94.261438278558 -73.478037695899 0.000000000000 1.000000000000
11.258809480713 3.839383268099 0.866025403784 -0.500000000000
-115.644171073841 -136.696643575428 0.866025403784 -0.500000000000
-197.753230147490 57.758266732118 0.866025403784 -0.500000000000
24.572427132838 -123.330385072098 0.866025403784 -0.500000000000
-47.355712654835 -11.883633799156 0.000000000000 1.000000000000
-88.832596959660 11.260223917019 0.866025403784 -0.500000000000
114.054780621626 15.595832734357 0.000000000000 1.000000000000
71.946525231630 -26.178046025132 0.866025403784 -0.500000000000
5.775593884304 35.489374781021 0.866025403784 0.500000000000
47.488881417331 -11.508390228383 0.000000000000 1.000000000000
-12.024750611228 174.964515756265 0.866025403784 0.500000000000
-48.123253435568 68.863402584449 0.866025403784 -0.500000000000
-44.936949548227 76.308912986720 0.866025403784 0.500000000000
1.716815999289 -1.256074083497 0.866025403784 -0.500000000000
-104.085744317039 -16.670287136016 0.000000000000 1.000000000000
-23.726880965921 26.155253481984 0.000000000000 1.000000000000
-28.133176207160 28.062270602252 0.866025403784 0.500000000000
