#Configurational_file created 2018-09-14 12:00:35  started 2018-09-14 12:00:34 run for 1.0s steps 0
name: p_879
step: 10000
specie: 20
	particle_diameter: 1.0000000000000000
	interaction_length: 1.2000000000000000
	number_of_patches: 3
	number_of_particles_per_compound: 1
	rod_length: 1.0000000000000000
	interaction_matrix:  1.000000 1.000000 1.000000 1.000000 1.000000 1.000000 1.000000 1.000000 1.000000
	patch_type: symmetric
	patch_width: 8.0000000000000000
	patch_angle: 0.0000000000000000
	angles:  0.000000 0.000000 0.000000
	grand_canonical: 0
	chemical_potential: 0.0000000000000000
box: 52.889187 52.889187
copy: 1.000000 1.000000
epsilon: 0.0208340000000000
end_epsilon: 0.0000000000000000
pressure: 0.0125010000000000
lambda: 0.0000000000000000
lambda_coupling: 1.0000000000000000
uy: 0.0000000000000000
maximum_displacement: 1.0000000000000000
maximum_rotation: 1.0000000000000000
maximum_volume: 1.0000000000000000
maximum_shape: 0.0000001000000000
maximum_dsigma: 0.0100000000000000
mod: 10
pmod: 10
optimize: 1
verbose: 1
snapshot: 0
display: 1
explore: 1
npt: 1
nptxy: 0
nptdxdy: 0
shape: 0
seed: 1002214
-156.291329282620 114.868550578303 0.866025403784 -0.500000000000
-167.262498471311 -177.374417137634 0.866025403784 -0.500000000000
-96.573101601060 37.115061157015 0.866025403784 -0.500000000000
-136.850032372992 148.534844740170 0.866025403784 0.500000000000
-205.697680964406 54.613930309939 0.866025403784 0.500000000000
-192.230187614833 89.573750023610 0.866025403784 -0.500000000000
-212.164249134339 -188.840325423676 0.866025403784 -0.500000000000
-13.722264741637 84.790116961336 0.866025403784 0.500000000000
-214.371246442721 59.038501286833 0.866025403784 -0.500000000000
6.500863423789 -117.055265621308 0.000000000000 1.000000000000
-237.705488217671 -16.950429774381 0.000000000000 1.000000000000
-2.142653005491 250.501585778266 0.000000000000 1.000000000000
-8.632344736332 55.421058222656 0.000000000000 1.000000000000
-122.595939748381 -44.527710383905 0.866025403784 0.500000000000
120.810288676738 -42.235677588202 0.866025403784 -0.500000000000
236.080168818417 34.679203735449 0.000000000000 1.000000000000
151.720136342106 383.551029977565 0.000000000000 1.000000000000
86.203584174949 271.917494168577 0.866025403784 -0.500000000000
-12.856876077894 -125.204953212258 0.000000000000 1.000000000000
116.819066356895 37.225759296990 0.866025403784 0.500000000000
