#Configurational_file created 2018-09-14 11:32:53  started 2018-09-14 11:32:52 run for 1.0s steps 0
name: p_879
step: 10000
specie: 20
	particle_diameter: 1.0000000000000000
	interaction_length: 1.2000000000000000
	number_of_patches: 3
	number_of_particles_per_compound: 1
	rod_length: 1.0000000000000000
	interaction_matrix:  1.000000 1.000000 1.000000 1.000000 1.000000 1.000000 1.000000 1.000000 1.000000
	patch_type: symmetric
	patch_width: 8.0000000000000000
	patch_angle: 0.0000000000000000
	angles:  0.000000 0.000000 0.000000
	grand_canonical: 0
	chemical_potential: 0.0000000000000000
box: 19.918213 19.918213
copy: 1.000000 1.000000
epsilon: 0.2083920000000000
end_epsilon: 0.0000000000000000
pressure: 0.2500870000000000
lambda: 0.0000000000000000
lambda_coupling: 1.0000000000000000
uy: 0.0000000000000000
maximum_displacement: 1.0000000000000000
maximum_rotation: 1.0000000000000000
maximum_volume: 1.0000000000000000
maximum_shape: 0.0000001000000000
maximum_dsigma: 0.0100000000000000
mod: 10
pmod: 10
optimize: 1
verbose: 1
snapshot: 0
display: 1
explore: 1
npt: 1
nptxy: 0
nptdxdy: 0
shape: 0
seed: 1002214
-86.211910121488 -42.544151617986 0.866025403784 -0.500000000000
-81.229351307088 -2.823067804971 0.000000000000 1.000000000000
90.963935090284 -39.997389116293 0.000000000000 1.000000000000
76.004962064325 -122.036704402702 0.866025403784 -0.500000000000
-108.988286541994 -96.646365451956 0.000000000000 1.000000000000
93.431419905657 -127.484518208970 0.000000000000 1.000000000000
6.776193244395 126.980538570261 0.000000000000 1.000000000000
72.322647417949 11.758690165727 0.866025403784 0.500000000000
-115.467018901651 -116.554500107916 0.866025403784 -0.500000000000
-139.501138240625 22.105120188680 0.866025403784 0.500000000000
-186.492051982613 40.968658132670 0.000000000000 1.000000000000
37.035196417507 -126.411832744001 0.866025403784 -0.500000000000
-169.868914207030 -79.761390746200 0.866025403784 0.500000000000
201.447300834758 -31.245970379984 0.000000000000 1.000000000000
-78.239888739143 -86.558201007561 0.866025403784 -0.500000000000
177.761395556075 -16.229729413783 0.000000000000 1.000000000000
-75.630011106762 246.949718850438 0.000000000000 1.000000000000
94.479314037084 -69.786556565926 0.866025403784 0.500000000000
-36.556672716544 -45.452787995627 0.000000000000 1.000000000000
-149.281248901426 100.409025097507 0.000000000000 1.000000000000
