#Configurational_file created 2018-09-14 12:00:30  started 2018-09-14 12:00:29 run for 1.0s steps 0
name: p_873
step: 10000
specie: 20
	particle_diameter: 1.0000000000000000
	interaction_length: 1.2000000000000000
	number_of_patches: 3
	number_of_particles_per_compound: 1
	rod_length: 1.0000000000000000
	interaction_matrix:  1.000000 1.000000 1.000000 1.000000 1.000000 1.000000 1.000000 1.000000 1.000000
	patch_type: symmetric
	patch_width: 8.0000000000000000
	patch_angle: 0.0000000000000000
	angles:  0.000000 0.000000 0.000000
	grand_canonical: 0
	chemical_potential: 0.0000000000000000
box: 44.745129 44.745129
copy: 1.000000 1.000000
epsilon: 0.0187510000000000
end_epsilon: 0.0000000000000000
pressure: 0.0916670000000000
lambda: 0.0000000000000000
lambda_coupling: 1.0000000000000000
uy: 0.0000000000000000
maximum_displacement: 1.0000000000000000
maximum_rotation: 1.0000000000000000
maximum_volume: 1.0000000000000000
maximum_shape: 0.0000001000000000
maximum_dsigma: 0.0100000000000000
mod: 10
pmod: 10
optimize: 1
verbose: 1
snapshot: 0
display: 1
explore: 1
npt: 1
nptxy: 0
nptdxdy: 0
shape: 0
seed: 995392
103.438947093927 259.082935019596 0.866025403784 0.500000000000
59.527165698588 -165.658711864505 0.866025403784 -0.500000000000
-20.093855225344 -14.034455258230 0.866025403784 0.500000000000
-8.596742714393 72.303751653815 0.866025403784 -0.500000000000
-162.896743131093 240.049276199117 0.866025403784 -0.500000000000
-157.219304524135 -61.018409152036 0.866025403784 -0.500000000000
2.733695952216 106.162199151481 0.000000000000 1.000000000000
197.666660461515 159.214846254210 0.866025403784 -0.500000000000
336.278306839549 124.663438645906 0.000000000000 1.000000000000
189.042691504309 84.664157418775 0.866025403784 -0.500000000000
-11.774621636626 -155.011695275267 0.866025403784 0.500000000000
-153.832376287377 -32.770639779109 0.000000000000 1.000000000000
147.316276065681 -94.740480719704 0.866025403784 0.500000000000
274.008315222852 121.176489431213 0.866025403784 -0.500000000000
-48.631416054766 120.587630568445 0.866025403784 0.500000000000
70.427656801294 265.835802243913 0.866025403784 0.500000000000
138.135239714010 62.311938754014 0.000000000000 1.000000000000
-158.960642668160 361.945903103431 0.000000000000 1.000000000000
-258.829784448992 71.517463395156 0.000000000000 1.000000000000
26.024365677130 43.226801488391 0.000000000000 1.000000000000
