#Configurational_file created 2018-09-14 11:32:57  started 2018-09-14 11:32:56 run for 1.0s steps 0
name: p_885
step: 10000
specie: 20
	particle_diameter: 1.0000000000000000
	interaction_length: 1.2000000000000000
	number_of_patches: 3
	number_of_particles_per_compound: 1
	rod_length: 1.0000000000000000
	interaction_matrix:  1.000000 1.000000 1.000000 1.000000 1.000000 1.000000 1.000000 1.000000 1.000000
	patch_type: symmetric
	patch_width: 8.0000000000000000
	patch_angle: 0.0000000000000000
	angles:  0.000000 0.000000 0.000000
	grand_canonical: 0
	chemical_potential: 0.0000000000000000
box: 12.773505 12.773505
copy: 1.000000 1.000000
epsilon: 0.2083920000000000
end_epsilon: 0.0000000000000000
pressure: 0.7500620000000000
lambda: 0.0000000000000000
lambda_coupling: 1.0000000000000000
uy: 0.0000000000000000
maximum_displacement: 1.0000000000000000
maximum_rotation: 1.0000000000000000
maximum_volume: 1.0000000000000000
maximum_shape: 0.0000001000000000
maximum_dsigma: 0.0100000000000000
mod: 10
pmod: 10
optimize: 1
verbose: 1
snapshot: 0
display: 1
explore: 1
npt: 1
nptxy: 0
nptdxdy: 0
shape: 0
seed: 1009036
95.334128465530 61.924830164052 0.866025403784 -0.500000000000
-60.157290776701 3.679129098149 0.000000000000 1.000000000000
128.549010606360 -38.307356667932 0.000000000000 1.000000000000
-9.343459745414 32.943507173407 0.866025403784 0.500000000000
47.092618010886 -1.722231031449 0.000000000000 1.000000000000
-2.606442196551 157.076625192713 0.000000000000 1.000000000000
58.833777505231 44.504903134898 0.866025403784 -0.500000000000
-46.293571057679 63.358190852699 0.866025403784 0.500000000000
301.506055844138 79.079651226296 0.000000000000 1.000000000000
-85.183660895527 38.739613549010 0.866025403784 -0.500000000000
212.690120556284 17.701134009475 0.866025403784 -0.500000000000
70.323239486550 -18.166759468787 0.866025403784 0.500000000000
-83.723031703012 27.094339956226 0.000000000000 1.000000000000
-55.400268352893 22.315751882267 0.866025403784 -0.500000000000
23.409964332383 78.366554166586 0.866025403784 0.500000000000
-51.860805073470 82.856094941797 0.866025403784 -0.500000000000
135.663874450556 -35.492896020314 0.866025403784 -0.500000000000
-49.528816744701 -119.239164011922 0.866025403784 -0.500000000000
15.662445520408 -179.006686950818 0.866025403784 0.500000000000
-83.594307669101 -32.953195229175 0.866025403784 -0.500000000000
