#Configurational_file created 2018-09-14 12:00:36  started 2018-09-14 12:00:35 run for 1.0s steps 0
name: p_881
step: 10000
specie: 20
	particle_diameter: 1.0000000000000000
	interaction_length: 1.2000000000000000
	number_of_patches: 3
	number_of_particles_per_compound: 1
	rod_length: 1.0000000000000000
	interaction_matrix:  1.000000 1.000000 1.000000 1.000000 1.000000 1.000000 1.000000 1.000000 1.000000
	patch_type: symmetric
	patch_width: 8.0000000000000000
	patch_angle: 0.0000000000000000
	angles:  0.000000 0.000000 0.000000
	grand_canonical: 0
	chemical_potential: 0.0000000000000000
box: 47.858677 47.858677
copy: 1.000000 1.000000
epsilon: 0.0208340000000000
end_epsilon: 0.0000000000000000
pressure: 0.0208340000000000
lambda: 0.0000000000000000
lambda_coupling: 1.0000000000000000
uy: 0.0000000000000000
maximum_displacement: 1.0000000000000000
maximum_rotation: 1.0000000000000000
maximum_volume: 1.0000000000000000
maximum_shape: 0.0000001000000000
maximum_dsigma: 0.0100000000000000
mod: 10
pmod: 10
optimize: 1
verbose: 1
snapshot: 0
display: 1
explore: 1
npt: 1
nptxy: 0
nptdxdy: 0
shape: 0
seed: 1004488
138.685827603173 100.097960235150 0.866025403784 0.500000000000
255.991082708078 82.549845438627 0.866025403784 0.500000000000
179.615583365373 -102.277794526102 0.866025403784 0.500000000000
11.146684634962 6.129173540912 0.000000000000 1.000000000000
120.288315280780 -54.461581981122 0.866025403784 -0.500000000000
-229.368539220755 278.279086716608 0.866025403784 0.500000000000
18.549454647144 98.331456593504 0.866025403784 -0.500000000000
-60.321942067780 261.227142314712 0.866025403784 0.500000000000
-232.832331875898 -3.578807805190 0.866025403784 -0.500000000000
-35.221198228063 77.458783491861 0.866025403784 0.500000000000
190.794711377246 169.293158173061 0.000000000000 1.000000000000
-47.729737545541 363.087586589507 0.866025403784 0.500000000000
97.851746855006 -152.908854252265 0.866025403784 -0.500000000000
114.383559183891 296.730029665323 0.000000000000 1.000000000000
-10.139254387409 -1.775903451912 0.000000000000 1.000000000000
-98.968348172677 16.768445642179 0.000000000000 1.000000000000
73.658073363664 -161.937321345333 0.866025403784 -0.500000000000
120.705554353668 -252.073903604137 0.866025403784 0.500000000000
5.534315813168 104.402426271878 0.866025403784 -0.500000000000
133.447007661723 -4.459661571773 0.866025403784 -0.500000000000
