#Configurational_file created 2018-09-14 11:33:00  started 2018-09-14 11:32:59 run for 1.0s steps 0
name: p_889
step: 10000
specie: 20
	particle_diameter: 1.0000000000000000
	interaction_length: 1.2000000000000000
	number_of_patches: 3
	number_of_particles_per_compound: 1
	rod_length: 1.0000000000000000
	interaction_matrix:  1.000000 1.000000 1.000000 1.000000 1.000000 1.000000 1.000000 1.000000 1.000000
	patch_type: symmetric
	patch_width: 8.0000000000000000
	patch_angle: 0.0000000000000000
	angles:  0.000000 0.000000 0.000000
	grand_canonical: 0
	chemical_potential: 0.0000000000000000
box: 10.637325 10.637325
copy: 1.000000 1.000000
epsilon: 0.2083920000000000
end_epsilon: 0.0000000000000000
pressure: 1.0833790000000001
lambda: 0.0000000000000000
lambda_coupling: 1.0000000000000000
uy: 0.0000000000000000
maximum_displacement: 1.0000000000000000
maximum_rotation: 1.0000000000000000
maximum_volume: 1.0000000000000000
maximum_shape: 0.0000001000000000
maximum_dsigma: 0.0100000000000000
mod: 10
pmod: 10
optimize: 1
verbose: 1
snapshot: 0
display: 1
explore: 1
npt: 1
nptxy: 0
nptdxdy: 0
shape: 0
seed: 1013584
-65.981118079626 136.629117739554 0.866025403784 0.500000000000
216.169076335786 97.626344166826 0.866025403784 -0.500000000000
33.203530700369 135.126769440994 0.866025403784 0.500000000000
-84.798005087934 -7.563923196501 0.866025403784 0.500000000000
-0.194472884661 -43.958889998358 0.000000000000 1.000000000000
89.844670759759 66.113673010048 0.866025403784 0.500000000000
-17.257056651366 -68.580170264234 0.000000000000 1.000000000000
-59.609571926352 -56.878882005635 0.000000000000 1.000000000000
-9.822830011512 54.635715616004 0.866025403784 0.500000000000
-121.831493912689 -29.960424617839 0.866025403784 -0.500000000000
52.067703298183 70.074474799779 0.000000000000 1.000000000000
-82.531865377701 -119.482664876229 0.000000000000 1.000000000000
-150.684746690182 -51.690993104352 0.866025403784 0.500000000000
-38.896029594854 19.417528611281 0.000000000000 1.000000000000
9.443435757029 -18.554645926654 0.866025403784 0.500000000000
-20.854502545397 46.880413022927 0.000000000000 1.000000000000
-154.894678814197 9.019419961189 0.866025403784 -0.500000000000
27.836102745513 16.998941549389 0.866025403784 -0.500000000000
-8.289304948480 -57.916224430623 0.866025403784 0.500000000000
55.475672251728 57.649190054362 0.866025403784 0.500000000000
