#Configurational_file created 2018-09-14 12:00:40  started 2018-09-14 12:00:39 run for 1.0s steps 0
name: p_886
step: 10000
specie: 20
	particle_diameter: 1.0000000000000000
	interaction_length: 1.2000000000000000
	number_of_patches: 3
	number_of_particles_per_compound: 1
	rod_length: 1.0000000000000000
	interaction_matrix:  1.000000 1.000000 1.000000 1.000000 1.000000 1.000000 1.000000 1.000000 1.000000
	patch_type: symmetric
	patch_width: 8.0000000000000000
	patch_angle: 0.0000000000000000
	angles:  0.000000 0.000000 0.000000
	grand_canonical: 0
	chemical_potential: 0.0000000000000000
box: 48.343645 48.343645
copy: 1.000000 1.000000
epsilon: 0.0208340000000000
end_epsilon: 0.0000000000000000
pressure: 0.0416670000000000
lambda: 0.0000000000000000
lambda_coupling: 1.0000000000000000
uy: 0.0000000000000000
maximum_displacement: 1.0000000000000000
maximum_rotation: 1.0000000000000000
maximum_volume: 1.0000000000000000
maximum_shape: 0.0000001000000000
maximum_dsigma: 0.0100000000000000
mod: 10
pmod: 10
optimize: 1
verbose: 1
snapshot: 0
display: 1
explore: 1
npt: 1
nptxy: 0
nptdxdy: 0
shape: 0
seed: 1010173
-156.110358444022 275.298808542520 0.866025403784 -0.500000000000
35.932519848445 71.390539300026 0.866025403784 -0.500000000000
-155.021834574655 17.666857565976 0.866025403784 0.500000000000
-61.073724081257 -127.049763590675 0.866025403784 -0.500000000000
-201.509588523872 -22.351918928213 0.866025403784 0.500000000000
-48.622685948320 -109.019044674189 0.000000000000 1.000000000000
-19.310363675455 224.712464925503 0.866025403784 0.500000000000
30.484518446980 27.695673863554 0.866025403784 -0.500000000000
-166.338156324665 -231.363747123899 0.866025403784 0.500000000000
-115.489005284344 -175.679355117078 0.866025403784 0.500000000000
67.008220673220 -250.470899669795 0.000000000000 1.000000000000
182.629532311976 -69.672807921755 0.866025403784 0.500000000000
78.427810381910 -122.643973559006 0.866025403784 0.500000000000
-107.356730573484 183.617451773241 0.000000000000 1.000000000000
-57.018296646619 -35.747896273207 0.000000000000 1.000000000000
-220.422507020021 -167.976060415996 0.866025403784 -0.500000000000
293.379460272368 284.896450767446 0.866025403784 0.500000000000
-53.912368393195 221.927809578974 0.866025403784 0.500000000000
296.315729382270 -222.443890531779 0.000000000000 1.000000000000
4.136570349060 -93.225193493247 0.000000000000 1.000000000000
