#Configurational_file created 2018-09-14 11:32:59  started 2018-09-14 11:32:58 run for 1.0s steps 0
name: p_887
step: 10000
specie: 20
	particle_diameter: 1.0000000000000000
	interaction_length: 1.2000000000000000
	number_of_patches: 3
	number_of_particles_per_compound: 1
	rod_length: 1.0000000000000000
	interaction_matrix:  1.000000 1.000000 1.000000 1.000000 1.000000 1.000000 1.000000 1.000000 1.000000
	patch_type: symmetric
	patch_width: 8.0000000000000000
	patch_angle: 0.0000000000000000
	angles:  0.000000 0.000000 0.000000
	grand_canonical: 0
	chemical_potential: 0.0000000000000000
box: 11.562225 11.562225
copy: 1.000000 1.000000
epsilon: 0.2083920000000000
end_epsilon: 0.0000000000000000
pressure: 0.9167210000000000
lambda: 0.0000000000000000
lambda_coupling: 1.0000000000000000
uy: 0.0000000000000000
maximum_displacement: 1.0000000000000000
maximum_rotation: 1.0000000000000000
maximum_volume: 1.0000000000000000
maximum_shape: 0.0000001000000000
maximum_dsigma: 0.0100000000000000
mod: 10
pmod: 10
optimize: 1
verbose: 1
snapshot: 0
display: 1
explore: 1
npt: 1
nptxy: 0
nptdxdy: 0
shape: 0
seed: 1011310
-40.150298203294 119.316572296719 0.000000000000 1.000000000000
-95.597659602844 -30.932454991608 0.866025403784 -0.500000000000
3.897896023805 85.989088367734 0.866025403784 0.500000000000
151.662985067098 -29.681030081484 0.000000000000 1.000000000000
67.428172725370 31.639880177551 0.000000000000 1.000000000000
37.202384356748 -61.927168471931 0.000000000000 1.000000000000
-116.380736609528 -182.181637794521 0.866025403784 -0.500000000000
94.011227635369 -120.005480817385 0.000000000000 1.000000000000
-93.211695432399 -38.269945138546 0.000000000000 1.000000000000
-132.097223564100 29.196166465380 0.866025403784 -0.500000000000
58.999576098780 32.514345654233 0.000000000000 1.000000000000
119.341573192127 -118.646749372189 0.866025403784 -0.500000000000
42.181127712869 24.913254024208 0.000000000000 1.000000000000
-96.453723657118 44.828814320496 0.000000000000 1.000000000000
45.207975237423 1.366094242600 0.000000000000 1.000000000000
115.763518484622 -47.090019362734 0.866025403784 0.500000000000
2.038556872152 -56.845380868785 0.000000000000 1.000000000000
-173.248884228451 -17.428301310556 0.000000000000 1.000000000000
149.818079086862 53.212000965477 0.000000000000 1.000000000000
-193.048276869283 174.411923686892 0.866025403784 -0.500000000000
