#Configurational_file created 2018-09-14 11:32:58  started 2018-09-14 11:32:57 run for 1.0s steps 0
name: p_886
step: 10000
specie: 20
	particle_diameter: 1.0000000000000000
	interaction_length: 1.2000000000000000
	number_of_patches: 3
	number_of_particles_per_compound: 1
	rod_length: 1.0000000000000000
	interaction_matrix:  1.000000 1.000000 1.000000 1.000000 1.000000 1.000000 1.000000 1.000000 1.000000
	patch_type: symmetric
	patch_width: 8.0000000000000000
	patch_angle: 0.0000000000000000
	angles:  0.000000 0.000000 0.000000
	grand_canonical: 0
	chemical_potential: 0.0000000000000000
box: 15.114957 15.114957
copy: 1.000000 1.000000
epsilon: 0.2083920000000000
end_epsilon: 0.0000000000000000
pressure: 0.8333920000000000
lambda: 0.0000000000000000
lambda_coupling: 1.0000000000000000
uy: 0.0000000000000000
maximum_displacement: 1.0000000000000000
maximum_rotation: 1.0000000000000000
maximum_volume: 1.0000000000000000
maximum_shape: 0.0000001000000000
maximum_dsigma: 0.0100000000000000
mod: 10
pmod: 10
optimize: 1
verbose: 1
snapshot: 0
display: 1
explore: 1
npt: 1
nptxy: 0
nptdxdy: 0
shape: 0
seed: 1010173
43.880593455026 114.749590340991 0.866025403784 -0.500000000000
36.153508742823 186.234012416949 0.000000000000 1.000000000000
-55.179508545182 175.458021601544 0.866025403784 -0.500000000000
-138.434744993952 -144.631142658586 0.000000000000 1.000000000000
183.148646600628 38.198799620658 0.000000000000 1.000000000000
-13.700985041776 -38.864898370688 0.866025403784 -0.500000000000
216.346212573623 379.427542689113 0.866025403784 -0.500000000000
-10.568630635873 -52.354461418444 0.866025403784 -0.500000000000
-225.456553208970 -62.211462474027 0.866025403784 -0.500000000000
-138.889276858277 -49.576910177828 0.866025403784 0.500000000000
97.049180423082 -195.075189251289 0.866025403784 0.500000000000
50.351618701453 -18.943771816022 0.000000000000 1.000000000000
150.838247592974 -104.560065183676 0.866025403784 -0.500000000000
-173.921949865399 -129.864524186750 0.000000000000 1.000000000000
46.059731240885 111.348508283086 0.866025403784 -0.500000000000
-60.605330146759 30.432405002060 0.000000000000 1.000000000000
183.894823390288 100.538036561898 0.000000000000 1.000000000000
-172.782475208948 -34.587669000211 0.866025403784 0.500000000000
32.881007411155 -73.644262578262 0.866025403784 0.500000000000
-88.220117141774 241.903914379001 0.866025403784 -0.500000000000
