#Configurational_file created 2018-09-14 12:00:39  started 2018-09-14 12:00:38 run for 1.0s steps 0
name: p_885
step: 10000
specie: 20
	particle_diameter: 1.0000000000000000
	interaction_length: 1.2000000000000000
	number_of_patches: 3
	number_of_particles_per_compound: 1
	rod_length: 1.0000000000000000
	interaction_matrix:  1.000000 1.000000 1.000000 1.000000 1.000000 1.000000 1.000000 1.000000 1.000000
	patch_type: symmetric
	patch_width: 8.0000000000000000
	patch_angle: 0.0000000000000000
	angles:  0.000000 0.000000 0.000000
	grand_canonical: 0
	chemical_potential: 0.0000000000000000
box: 50.025750 50.025750
copy: 1.000000 1.000000
epsilon: 0.0208340000000000
end_epsilon: 0.0000000000000000
pressure: 0.0375010000000000
lambda: 0.0000000000000000
lambda_coupling: 1.0000000000000000
uy: 0.0000000000000000
maximum_displacement: 1.0000000000000000
maximum_rotation: 1.0000000000000000
maximum_volume: 1.0000000000000000
maximum_shape: 0.0000001000000000
maximum_dsigma: 0.0100000000000000
mod: 10
pmod: 10
optimize: 1
verbose: 1
snapshot: 0
display: 1
explore: 1
npt: 1
nptxy: 0
nptdxdy: 0
shape: 0
seed: 1009036
-20.721924393328 100.575265695415 0.866025403784 0.500000000000
248.787279033737 -305.547041627982 0.866025403784 -0.500000000000
309.293885359331 -157.359170587588 0.866025403784 0.500000000000
-204.359044569547 17.188118411562 0.866025403784 -0.500000000000
-74.853942261040 -23.853674943727 0.866025403784 0.500000000000
-118.161633710129 228.554247622562 0.000000000000 1.000000000000
-121.846673076121 -154.095790426322 0.000000000000 1.000000000000
-55.998090740312 -48.874727428384 0.866025403784 -0.500000000000
315.029453908619 215.849605254439 0.000000000000 1.000000000000
170.646648729590 156.364622617821 0.866025403784 -0.500000000000
-108.237573807148 -297.748289565269 0.000000000000 1.000000000000
118.593350279121 206.052220719956 0.866025403784 0.500000000000
49.305488923909 182.511329412694 0.866025403784 0.500000000000
239.460564529739 115.836886623188 0.866025403784 0.500000000000
-79.593011380072 113.642703415642 0.866025403784 -0.500000000000
-65.712887938560 259.358083723569 0.866025403784 -0.500000000000
76.181690210473 -222.070803857013 0.000000000000 1.000000000000
-51.512699433244 -74.911457543459 0.866025403784 0.500000000000
-107.980406404926 -59.232768815537 0.000000000000 1.000000000000
-79.321488099545 -8.689906251830 0.000000000000 1.000000000000
