#Configurational_file created 2018-09-14 12:00:37  started 2018-09-14 12:00:36 run for 1.0s steps 0
name: p_882
step: 10000
specie: 20
	particle_diameter: 1.0000000000000000
	interaction_length: 1.2000000000000000
	number_of_patches: 3
	number_of_particles_per_compound: 1
	rod_length: 1.0000000000000000
	interaction_matrix:  1.000000 1.000000 1.000000 1.000000 1.000000 1.000000 1.000000 1.000000 1.000000
	patch_type: symmetric
	patch_width: 8.0000000000000000
	patch_angle: 0.0000000000000000
	angles:  0.000000 0.000000 0.000000
	grand_canonical: 0
	chemical_potential: 0.0000000000000000
box: 40.669861 40.669861
copy: 1.000000 1.000000
epsilon: 0.0208340000000000
end_epsilon: 0.0000000000000000
pressure: 0.0250010000000000
lambda: 0.0000000000000000
lambda_coupling: 1.0000000000000000
uy: 0.0000000000000000
maximum_displacement: 1.0000000000000000
maximum_rotation: 1.0000000000000000
maximum_volume: 1.0000000000000000
maximum_shape: 0.0000001000000000
maximum_dsigma: 0.0100000000000000
mod: 10
pmod: 10
optimize: 1
verbose: 1
snapshot: 0
display: 1
explore: 1
npt: 1
nptxy: 0
nptdxdy: 0
shape: 0
seed: 1005625
168.946100115753 -304.772723994452 0.866025403784 -0.500000000000
-5.667791299932 -139.449603166189 0.866025403784 -0.500000000000
-83.263855271440 -23.326933467615 0.000000000000 1.000000000000
-121.655019236382 155.790932535106 0.000000000000 1.000000000000
76.220570113335 237.087892335090 0.866025403784 0.500000000000
27.359032995519 30.274169603129 0.866025403784 0.500000000000
-74.135532780130 148.825334060501 0.866025403784 0.500000000000
-318.293055951178 254.500134491870 0.000000000000 1.000000000000
77.873611206326 256.589722991556 0.866025403784 0.500000000000
38.833172606977 -73.857411517423 0.000000000000 1.000000000000
-155.282303880377 -20.345262717555 0.866025403784 0.500000000000
-26.484573361623 -205.307260475749 0.000000000000 1.000000000000
33.794128118296 -13.145344301700 0.000000000000 1.000000000000
-1.244179355800 33.374193578081 0.866025403784 0.500000000000
-170.200307146150 2.074128538643 0.866025403784 0.500000000000
52.646515600479 328.322660429540 0.866025403784 0.500000000000
87.819139451377 93.307248856687 0.866025403784 0.500000000000
-171.336748850711 -170.101398740006 0.000000000000 1.000000000000
82.242848514235 -328.362300619545 0.000000000000 1.000000000000
-294.034996023506 -93.855760212909 0.000000000000 1.000000000000
