#Configurational_file created 2018-09-14 12:00:40  started 2018-09-14 12:00:40 run for 0.0s steps 0
name: p_887
step: 10000
specie: 20
	particle_diameter: 1.0000000000000000
	interaction_length: 1.2000000000000000
	number_of_patches: 3
	number_of_particles_per_compound: 1
	rod_length: 1.0000000000000000
	interaction_matrix:  1.000000 1.000000 1.000000 1.000000 1.000000 1.000000 1.000000 1.000000 1.000000
	patch_type: symmetric
	patch_width: 8.0000000000000000
	patch_angle: 0.0000000000000000
	angles:  0.000000 0.000000 0.000000
	grand_canonical: 0
	chemical_potential: 0.0000000000000000
box: 47.698047 47.698047
copy: 1.000000 1.000000
epsilon: 0.0208340000000000
end_epsilon: 0.0000000000000000
pressure: 0.0458340000000000
lambda: 0.0000000000000000
lambda_coupling: 1.0000000000000000
uy: 0.0000000000000000
maximum_displacement: 1.0000000000000000
maximum_rotation: 1.0000000000000000
maximum_volume: 1.0000000000000000
maximum_shape: 0.0000001000000000
maximum_dsigma: 0.0100000000000000
mod: 10
pmod: 10
optimize: 1
verbose: 1
snapshot: 0
display: 1
explore: 1
npt: 1
nptxy: 0
nptdxdy: 0
shape: 0
seed: 1011310
-93.995664887619 205.674320919223 0.000000000000 1.000000000000
32.123961555423 -176.723743159240 0.866025403784 -0.500000000000
23.895897916612 29.575548572443 0.000000000000 1.000000000000
5.865818993304 -81.366131305978 0.866025403784 -0.500000000000
40.894577329757 13.769753307610 0.866025403784 -0.500000000000
-9.072535114078 -111.564393883027 0.866025403784 -0.500000000000
172.715978665672 -308.155208601027 0.866025403784 0.500000000000
23.261108986080 -116.679134174913 0.866025403784 -0.500000000000
-269.359812767713 153.695886868435 0.866025403784 -0.500000000000
54.401023329272 74.767966287742 0.000000000000 1.000000000000
-143.054933579798 377.307820744491 0.866025403784 -0.500000000000
-95.555004142932 258.179764045352 0.866025403784 0.500000000000
24.934648576482 109.289195915964 0.866025403784 -0.500000000000
-78.249757342824 -153.794372222206 0.000000000000 1.000000000000
-210.013006131419 506.743805989062 0.866025403784 0.500000000000
-152.195436424272 40.140954290973 0.866025403784 0.500000000000
47.306573511490 -248.602806239221 0.866025403784 0.500000000000
152.638861773439 128.152579148150 0.866025403784 0.500000000000
243.937666740851 -48.249995979816 0.000000000000 1.000000000000
17.243697444392 71.865471216943 0.000000000000 1.000000000000
