#Configurational_file created 2018-09-14 12:20:29  started 2018-09-14 12:20:28 run for 1.0s steps 0
name: p_88
step: 10000
specie: 20
	particle_diameter: 1.0000000000000000
	interaction_length: 1.2000000000000000
	number_of_patches: 3
	number_of_particles_per_compound: 1
	rod_length: 1.0000000000000000
	interaction_matrix:  1.000000 1.000000 1.000000 1.000000 1.000000 1.000000 1.000000 1.000000 1.000000
	patch_type: symmetric
	patch_width: 8.0000000000000000
	patch_angle: 0.0000000000000000
	angles:  0.000000 0.000000 0.000000
	grand_canonical: 0
	chemical_potential: 0.0000000000000000
box: 11.691357 11.691357
copy: 1.000000 1.000000
epsilon: 1.5000000000000000
end_epsilon: 0.0000000000000000
pressure: 0.1000000000000000
lambda: 0.0000000000000000
lambda_coupling: 1.0000000000000000
uy: 0.0000000000000000
maximum_displacement: 1.0000000000000000
maximum_rotation: 1.0000000000000000
maximum_volume: 1.0000000000000000
maximum_shape: 0.0000001000000000
maximum_dsigma: 0.0100000000000000
mod: 10
pmod: 10
optimize: 1
verbose: 1
snapshot: 0
display: 1
explore: 1
npt: 1
nptxy: 0
nptdxdy: 0
shape: 0
seed: 102847
151.511791462042 -22.105494521844 0.866025403784 0.500000000000
-41.793956744424 -47.494680072710 0.866025403784 0.500000000000
-20.806125489404 109.109263982219 0.866025403784 -0.500000000000
152.983143280040 20.679520939091 0.000000000000 1.000000000000
85.313602439978 -41.011756997803 0.866025403784 0.500000000000
61.500557866551 174.406452416643 0.866025403784 0.500000000000
38.444743884259 77.334920861991 0.866025403784 0.500000000000
88.428046210746 -7.345094581619 0.866025403784 -0.500000000000
-39.529307144185 99.826430938014 0.866025403784 -0.500000000000
-83.227849918827 -2.686876584053 0.000000000000 1.000000000000
9.690618965123 -51.323648605828 0.866025403784 -0.500000000000
190.432716674245 120.046022587390 0.000000000000 1.000000000000
-9.111524435254 -43.946422927593 0.866025403784 -0.500000000000
2.443018054784 -3.390716555580 0.866025403784 0.500000000000
12.445602274044 149.303787022293 0.866025403784 -0.500000000000
23.203649263032 -102.091294108038 0.866025403784 0.500000000000
-138.720447554901 3.562354787585 0.866025403784 0.500000000000
23.836514009936 78.233111769026 0.000000000000 1.000000000000
-5.417641927812 101.569972630321 0.866025403784 -0.500000000000
66.088690484506 71.619649227413 0.866025403784 -0.500000000000
