#Configurational_file created 2018-09-14 11:32:54  started 2018-09-14 11:32:53 run for 1.0s steps 0
name: p_880
step: 10000
specie: 20
	particle_diameter: 1.0000000000000000
	interaction_length: 1.2000000000000000
	number_of_patches: 3
	number_of_particles_per_compound: 1
	rod_length: 1.0000000000000000
	interaction_matrix:  1.000000 1.000000 1.000000 1.000000 1.000000 1.000000 1.000000 1.000000 1.000000
	patch_type: symmetric
	patch_width: 8.0000000000000000
	patch_angle: 0.0000000000000000
	angles:  0.000000 0.000000 0.000000
	grand_canonical: 0
	chemical_potential: 0.0000000000000000
box: 19.867539 19.867539
copy: 1.000000 1.000000
epsilon: 0.2083920000000000
end_epsilon: 0.0000000000000000
pressure: 0.3334170000000000
lambda: 0.0000000000000000
lambda_coupling: 1.0000000000000000
uy: 0.0000000000000000
maximum_displacement: 1.0000000000000000
maximum_rotation: 1.0000000000000000
maximum_volume: 1.0000000000000000
maximum_shape: 0.0000001000000000
maximum_dsigma: 0.0100000000000000
mod: 10
pmod: 10
optimize: 1
verbose: 1
snapshot: 0
display: 1
explore: 1
npt: 1
nptxy: 0
nptdxdy: 0
shape: 0
seed: 1003351
-73.812783249197 -114.893443993819 0.866025403784 -0.500000000000
-44.187484331420 -55.168313972170 0.866025403784 -0.500000000000
0.774330713486 12.240771968809 0.866025403784 0.500000000000
76.181594544904 30.518228986379 0.000000000000 1.000000000000
136.444397442143 77.749664502357 0.866025403784 0.500000000000
-199.977762853633 68.028569497170 0.000000000000 1.000000000000
169.295986252201 60.270121454479 0.866025403784 -0.500000000000
63.770945763780 114.273529961685 0.000000000000 1.000000000000
-1.918156481196 -77.697881958924 0.000000000000 1.000000000000
-4.035269369836 -98.372644805390 0.000000000000 1.000000000000
-12.051949272249 -27.069187083373 0.000000000000 1.000000000000
103.984102153134 32.756571008616 0.866025403784 -0.500000000000
31.794818845666 -45.913940306561 0.000000000000 1.000000000000
3.431231649532 -58.875875797849 0.866025403784 -0.500000000000
49.195274826469 -17.411732809307 0.000000000000 1.000000000000
95.327962729345 58.455398539931 0.000000000000 1.000000000000
-24.491629367308 76.200422854718 0.000000000000 1.000000000000
-62.107688218549 -94.514019960510 0.000000000000 1.000000000000
129.651433753254 -225.661652025125 0.866025403784 -0.500000000000
-130.318986305175 107.430326781266 0.000000000000 1.000000000000
