#Configurational_file created 2018-09-14 11:06:32  started 2018-09-14 11:06:31 run for 1.0s steps 0
name: p_88
step: 10000
specie: 20
	particle_diameter: 1.0000000000000000
	interaction_length: 1.2000000000000000
	number_of_patches: 3
	number_of_particles_per_compound: 1
	rod_length: 1.0000000000000000
	interaction_matrix:  1.000000 1.000000 1.000000 1.000000 1.000000 1.000000 1.000000 1.000000 1.000000
	patch_type: symmetric
	patch_width: 8.0000000000000000
	patch_angle: 0.0000000000000000
	angles:  0.000000 0.000000 0.000000
	grand_canonical: 0
	chemical_potential: 0.0000000000000000
box: 9.878125 9.878125
copy: 1.000000 1.000000
epsilon: 0.1429290000000000
end_epsilon: 0.0000000000000000
pressure: 2.0000000000000000
lambda: 0.0000000000000000
lambda_coupling: 1.0000000000000000
uy: 0.0000000000000000
maximum_displacement: 1.0000000000000000
maximum_rotation: 1.0000000000000000
maximum_volume: 1.0000000000000000
maximum_shape: 0.0000001000000000
maximum_dsigma: 0.0100000000000000
mod: 10
pmod: 10
optimize: 1
verbose: 1
snapshot: 0
display: 1
explore: 1
npt: 1
nptxy: 0
nptdxdy: 0
shape: 0
seed: 102926
-10.465642659450 14.903621773525 0.866025403784 0.500000000000
-122.443839380107 -71.039443910098 0.000000000000 1.000000000000
75.182996743066 40.179067363015 0.866025403784 -0.500000000000
-96.836443760696 -161.932564468146 0.866025403784 0.500000000000
88.238841600567 -35.870879050547 0.000000000000 1.000000000000
62.406011443574 11.840586282537 0.866025403784 0.500000000000
37.010309503942 19.473173186493 0.000000000000 1.000000000000
-77.577827739717 -138.436679952647 0.866025403784 0.500000000000
45.835231172536 98.200155856072 0.866025403784 0.500000000000
169.708853234517 -65.023540008708 0.866025403784 0.500000000000
18.445016367871 110.685121426870 0.000000000000 1.000000000000
-107.982343442006 -142.739293670939 0.866025403784 0.500000000000
-61.501008706532 -37.345349106045 0.866025403784 -0.500000000000
81.979262268762 -0.566023667443 0.000000000000 1.000000000000
-59.485468822477 -17.067423432827 0.000000000000 1.000000000000
-48.764849986175 -11.968284701578 0.000000000000 1.000000000000
34.226248834457 0.272933497013 0.866025403784 -0.500000000000
48.561501332002 16.043682128273 0.866025403784 -0.500000000000
24.680077468988 -62.598503713724 0.866025403784 -0.500000000000
-80.233732291849 -45.656888124926 0.866025403784 0.500000000000
