#Configurational_file created 2018-09-14 12:00:35  started 2018-09-14 12:00:35 run for 0.0s steps 0
name: p_880
step: 10000
specie: 20
	particle_diameter: 1.0000000000000000
	interaction_length: 1.2000000000000000
	number_of_patches: 3
	number_of_particles_per_compound: 1
	rod_length: 1.0000000000000000
	interaction_matrix:  1.000000 1.000000 1.000000 1.000000 1.000000 1.000000 1.000000 1.000000 1.000000
	patch_type: symmetric
	patch_width: 8.0000000000000000
	patch_angle: 0.0000000000000000
	angles:  0.000000 0.000000 0.000000
	grand_canonical: 0
	chemical_potential: 0.0000000000000000
box: 51.923890 51.923890
copy: 1.000000 1.000000
epsilon: 0.0208340000000000
end_epsilon: 0.0000000000000000
pressure: 0.0166680000000000
lambda: 0.0000000000000000
lambda_coupling: 1.0000000000000000
uy: 0.0000000000000000
maximum_displacement: 1.0000000000000000
maximum_rotation: 1.0000000000000000
maximum_volume: 1.0000000000000000
maximum_shape: 0.0000001000000000
maximum_dsigma: 0.0100000000000000
mod: 10
pmod: 10
optimize: 1
verbose: 1
snapshot: 0
display: 1
explore: 1
npt: 1
nptxy: 0
nptdxdy: 0
shape: 0
seed: 1003351
-234.342518200142 -310.378385622312 0.866025403784 0.500000000000
-150.527903736765 -67.127415370479 0.866025403784 0.500000000000
154.568257660188 210.653953704370 0.866025403784 0.500000000000
356.795174669543 12.718928392250 0.000000000000 1.000000000000
403.004727553650 212.510567114874 0.000000000000 1.000000000000
-173.571741683729 388.742822661494 0.000000000000 1.000000000000
236.255868052725 -52.995461308593 0.866025403784 0.500000000000
-15.127595584075 38.383938372203 0.866025403784 -0.500000000000
79.236497644472 -42.970342176387 0.000000000000 1.000000000000
-63.544490686130 -140.204384047454 0.866025403784 0.500000000000
209.590971128901 367.683381514649 0.866025403784 0.500000000000
13.321312082695 273.496571556852 0.866025403784 0.500000000000
487.049203540493 53.693306690268 0.866025403784 0.500000000000
247.279277048735 -438.443416113472 0.866025403784 -0.500000000000
301.727135603102 -165.897226199756 0.866025403784 0.500000000000
73.162221383492 33.409319624717 0.000000000000 1.000000000000
-374.179608415372 44.611528662751 0.000000000000 1.000000000000
-167.603323737916 347.512518711609 0.000000000000 1.000000000000
68.651912667671 239.185862059388 0.000000000000 1.000000000000
-36.963423606115 37.768385829758 0.866025403784 -0.500000000000
