#Configurational_file created 2018-09-14 11:32:55  started 2018-09-14 11:32:54 run for 1.0s steps 0
name: p_882
step: 10000
specie: 20
	particle_diameter: 1.0000000000000000
	interaction_length: 1.2000000000000000
	number_of_patches: 3
	number_of_particles_per_compound: 1
	rod_length: 1.0000000000000000
	interaction_matrix:  1.000000 1.000000 1.000000 1.000000 1.000000 1.000000 1.000000 1.000000 1.000000
	patch_type: symmetric
	patch_width: 8.0000000000000000
	patch_angle: 0.0000000000000000
	angles:  0.000000 0.000000 0.000000
	grand_canonical: 0
	chemical_potential: 0.0000000000000000
box: 16.262376 16.262376
copy: 1.000000 1.000000
epsilon: 0.2083920000000000
end_epsilon: 0.0000000000000000
pressure: 0.5000750000000000
lambda: 0.0000000000000000
lambda_coupling: 1.0000000000000000
uy: 0.0000000000000000
maximum_displacement: 1.0000000000000000
maximum_rotation: 1.0000000000000000
maximum_volume: 1.0000000000000000
maximum_shape: 0.0000001000000000
maximum_dsigma: 0.0100000000000000
mod: 10
pmod: 10
optimize: 1
verbose: 1
snapshot: 0
display: 1
explore: 1
npt: 1
nptxy: 0
nptdxdy: 0
shape: 0
seed: 1005625
107.616137202745 -77.542296204887 0.000000000000 1.000000000000
-91.190114169332 -167.952175118241 0.000000000000 1.000000000000
-74.460311662260 -1.488371500026 0.000000000000 1.000000000000
-112.356575319731 101.554867343256 0.866025403784 0.500000000000
-11.178388012153 153.188175076700 0.866025403784 0.500000000000
-27.544693642993 -78.735642415049 0.000000000000 1.000000000000
154.191724572601 67.438136903868 0.866025403784 -0.500000000000
-93.100034839049 -147.751627779812 0.000000000000 1.000000000000
-127.818808570636 -80.596528948014 0.000000000000 1.000000000000
21.301100914246 -110.025209877001 0.866025403784 -0.500000000000
57.234422421120 -5.190020380408 0.000000000000 1.000000000000
60.721818947206 -28.674962944823 0.866025403784 -0.500000000000
-14.108904597185 -96.228418225240 0.866025403784 0.500000000000
-118.348464476568 -87.594189501393 0.000000000000 1.000000000000
-165.723435799002 -38.268916538839 0.866025403784 -0.500000000000
69.500379327329 -37.492901745107 0.866025403784 -0.500000000000
12.126212663101 -54.119731159235 0.866025403784 0.500000000000
-110.351400034792 -104.710558713409 0.000000000000 1.000000000000
-57.243527361340 -41.174976881882 0.000000000000 1.000000000000
-25.930954644329 76.605818225134 0.866025403784 -0.500000000000
