#Configurational_file created 2018-09-14 11:32:59  started 2018-09-14 11:32:59 run for 0.0s steps 0
name: p_888
step: 10000
specie: 20
	particle_diameter: 1.0000000000000000
	interaction_length: 1.2000000000000000
	number_of_patches: 3
	number_of_particles_per_compound: 1
	rod_length: 1.0000000000000000
	interaction_matrix:  1.000000 1.000000 1.000000 1.000000 1.000000 1.000000 1.000000 1.000000 1.000000
	patch_type: symmetric
	patch_width: 8.0000000000000000
	patch_angle: 0.0000000000000000
	angles:  0.000000 0.000000 0.000000
	grand_canonical: 0
	chemical_potential: 0.0000000000000000
box: 12.212664 12.212664
copy: 1.000000 1.000000
epsilon: 0.2083920000000000
end_epsilon: 0.0000000000000000
pressure: 1.0000500000000001
lambda: 0.0000000000000000
lambda_coupling: 1.0000000000000000
uy: 0.0000000000000000
maximum_displacement: 1.0000000000000000
maximum_rotation: 1.0000000000000000
maximum_volume: 1.0000000000000000
maximum_shape: 0.0000001000000000
maximum_dsigma: 0.0100000000000000
mod: 10
pmod: 10
optimize: 1
verbose: 1
snapshot: 0
display: 1
explore: 1
npt: 1
nptxy: 0
nptdxdy: 0
shape: 0
seed: 1012447
-52.105433619638 -77.403889586976 0.000000000000 1.000000000000
199.169719064325 139.195830732176 0.866025403784 -0.500000000000
24.364370451280 242.702211460717 0.866025403784 0.500000000000
-25.506046233231 -54.263611288052 0.866025403784 -0.500000000000
60.772618537596 1.110270417232 0.000000000000 1.000000000000
-82.417047721555 -4.363914743520 0.866025403784 0.500000000000
-32.314918951806 -87.814396200244 0.000000000000 1.000000000000
-31.046748119331 -31.727871746664 0.866025403784 0.500000000000
-71.943500413704 14.514945207352 0.866025403784 0.500000000000
9.254925838609 0.651615140165 0.000000000000 1.000000000000
-10.017072134833 28.003871384472 0.866025403784 -0.500000000000
-182.466315129249 -110.898332639096 0.000000000000 1.000000000000
41.780471294671 1.171396971143 0.866025403784 0.500000000000
166.883566230814 -212.499017741187 0.866025403784 -0.500000000000
-34.710628518500 -50.482787915398 0.000000000000 1.000000000000
-195.940263886028 187.848559189254 0.866025403784 -0.500000000000
31.403567863163 -93.778472659757 0.000000000000 1.000000000000
-21.587996879268 60.344837571040 0.866025403784 -0.500000000000
-50.629305793627 -112.365302199098 0.866025403784 0.500000000000
-24.485274983188 30.213751837865 0.866025403784 -0.500000000000
