#Configurational_file created 2018-09-14 12:00:37  started 2018-09-14 12:00:37 run for 0.0s steps 0
name: p_883
step: 10000
specie: 20
	particle_diameter: 1.0000000000000000
	interaction_length: 1.2000000000000000
	number_of_patches: 3
	number_of_particles_per_compound: 1
	rod_length: 1.0000000000000000
	interaction_matrix:  1.000000 1.000000 1.000000 1.000000 1.000000 1.000000 1.000000 1.000000 1.000000
	patch_type: symmetric
	patch_width: 8.0000000000000000
	patch_angle: 0.0000000000000000
	angles:  0.000000 0.000000 0.000000
	grand_canonical: 0
	chemical_potential: 0.0000000000000000
box: 49.778867 49.778867
copy: 1.000000 1.000000
epsilon: 0.0208340000000000
end_epsilon: 0.0000000000000000
pressure: 0.0291670000000000
lambda: 0.0000000000000000
lambda_coupling: 1.0000000000000000
uy: 0.0000000000000000
maximum_displacement: 1.0000000000000000
maximum_rotation: 1.0000000000000000
maximum_volume: 1.0000000000000000
maximum_shape: 0.0000001000000000
maximum_dsigma: 0.0100000000000000
mod: 10
pmod: 10
optimize: 1
verbose: 1
snapshot: 0
display: 1
explore: 1
npt: 1
nptxy: 0
nptdxdy: 0
shape: 0
seed: 1006762
278.142996296009 -112.000059694597 0.866025403784 -0.500000000000
95.028222379995 -52.132721787211 0.000000000000 1.000000000000
-273.877032232318 -48.380316807928 0.000000000000 1.000000000000
6.063908502517 -11.389300864321 0.866025403784 0.500000000000
176.351309892799 -267.761740014431 0.866025403784 0.500000000000
-129.025262377606 -169.324255449952 0.866025403784 0.500000000000
-134.970734000196 153.607565760830 0.000000000000 1.000000000000
258.629797224128 97.500335978939 0.866025403784 0.500000000000
148.685804639119 -45.065620047309 0.866025403784 0.500000000000
-149.353456907724 -190.192333086482 0.000000000000 1.000000000000
-245.235164217498 36.382630430757 0.866025403784 -0.500000000000
218.798806315231 348.993344903360 0.866025403784 -0.500000000000
72.432753589256 -83.529224994854 0.000000000000 1.000000000000
52.224047273086 88.533396993531 0.866025403784 0.500000000000
214.599869938686 78.649414914490 0.866025403784 0.500000000000
162.945759754480 -349.968018771833 0.866025403784 0.500000000000
-314.459469696187 42.839331284462 0.000000000000 1.000000000000
322.367657382082 218.102524030976 0.000000000000 1.000000000000
119.655963788959 -166.528898192132 0.000000000000 1.000000000000
-407.171486206473 -153.842195103443 0.866025403784 0.500000000000
