#Configurational_file created 2018-09-14 11:32:54  started 2018-09-14 11:32:54 run for 0.0s steps 0
name: p_881
step: 10000
specie: 20
	particle_diameter: 1.0000000000000000
	interaction_length: 1.2000000000000000
	number_of_patches: 3
	number_of_particles_per_compound: 1
	rod_length: 1.0000000000000000
	interaction_matrix:  1.000000 1.000000 1.000000 1.000000 1.000000 1.000000 1.000000 1.000000 1.000000
	patch_type: symmetric
	patch_width: 8.0000000000000000
	patch_angle: 0.0000000000000000
	angles:  0.000000 0.000000 0.000000
	grand_canonical: 0
	chemical_potential: 0.0000000000000000
box: 16.463458 16.463458
copy: 1.000000 1.000000
epsilon: 0.2083920000000000
end_epsilon: 0.0000000000000000
pressure: 0.4167460000000000
lambda: 0.0000000000000000
lambda_coupling: 1.0000000000000000
uy: 0.0000000000000000
maximum_displacement: 1.0000000000000000
maximum_rotation: 1.0000000000000000
maximum_volume: 1.0000000000000000
maximum_shape: 0.0000001000000000
maximum_dsigma: 0.0100000000000000
mod: 10
pmod: 10
optimize: 1
verbose: 1
snapshot: 0
display: 1
explore: 1
npt: 1
nptxy: 0
nptdxdy: 0
shape: 0
seed: 1004488
-65.578793945511 63.215568358578 0.866025403784 0.500000000000
73.156661054974 41.156572018378 0.866025403784 -0.500000000000
58.899678983539 -17.397374412144 0.866025403784 0.500000000000
-84.823774247066 -213.795330052896 0.866025403784 -0.500000000000
-141.817526459595 -80.389170889331 0.866025403784 -0.500000000000
-80.256330389366 171.490223642112 0.866025403784 -0.500000000000
-14.911885549907 -48.752798658899 0.000000000000 1.000000000000
71.050894806845 73.153997066624 0.000000000000 1.000000000000
-127.239392488470 -19.694956456052 0.866025403784 0.500000000000
-39.977433543771 -57.987531293657 0.866025403784 0.500000000000
66.659181182008 110.994408726645 0.000000000000 1.000000000000
39.395475456108 110.598480042480 0.866025403784 0.500000000000
32.603016530755 8.488197452653 0.866025403784 -0.500000000000
125.693344376713 57.213580796364 0.866025403784 0.500000000000
-80.080624944606 -37.892626879367 0.000000000000 1.000000000000
-167.422797159511 120.626461452297 0.866025403784 0.500000000000
-51.772801789557 -146.728093277199 0.866025403784 -0.500000000000
31.708778181492 -25.841505810699 0.866025403784 0.500000000000
27.310161293145 71.748892548395 0.866025403784 0.500000000000
124.015433949608 -22.107591036137 0.866025403784 0.500000000000
