#Configurational_file created 2018-09-14 11:32:56  started 2018-09-14 11:32:55 run for 1.0s steps 0
name: p_883
step: 10000
specie: 20
	particle_diameter: 1.0000000000000000
	interaction_length: 1.2000000000000000
	number_of_patches: 3
	number_of_particles_per_compound: 1
	rod_length: 1.0000000000000000
	interaction_matrix:  1.000000 1.000000 1.000000 1.000000 1.000000 1.000000 1.000000 1.000000 1.000000
	patch_type: symmetric
	patch_width: 8.0000000000000000
	patch_angle: 0.0000000000000000
	angles:  0.000000 0.000000 0.000000
	grand_canonical: 0
	chemical_potential: 0.0000000000000000
box: 13.187467 13.187467
copy: 1.000000 1.000000
epsilon: 0.2083920000000000
end_epsilon: 0.0000000000000000
pressure: 0.5834040000000000
lambda: 0.0000000000000000
lambda_coupling: 1.0000000000000000
uy: 0.0000000000000000
maximum_displacement: 1.0000000000000000
maximum_rotation: 1.0000000000000000
maximum_volume: 1.0000000000000000
maximum_shape: 0.0000001000000000
maximum_dsigma: 0.0100000000000000
mod: 10
pmod: 10
optimize: 1
verbose: 1
snapshot: 0
display: 1
explore: 1
npt: 1
nptxy: 0
nptdxdy: 0
shape: 0
seed: 1006762
-84.939626369811 -56.242301496307 0.866025403784 -0.500000000000
55.956900243762 24.370212686828 0.000000000000 1.000000000000
-50.911564495096 -17.146301412218 0.866025403784 -0.500000000000
-103.098048513037 58.385774170919 0.866025403784 -0.500000000000
82.852575879014 32.143369828343 0.000000000000 1.000000000000
-45.847779415753 39.913844563574 0.866025403784 -0.500000000000
-46.231694595159 118.116565359150 0.000000000000 1.000000000000
-15.636820012061 90.635367930995 0.000000000000 1.000000000000
46.131502364966 -85.662307981784 0.000000000000 1.000000000000
103.614865351047 -59.850514646646 0.000000000000 1.000000000000
-80.315473594526 -10.179780322024 0.000000000000 1.000000000000
-68.277201764157 66.005220420854 0.000000000000 1.000000000000
-102.403227719584 62.620856069224 0.866025403784 0.500000000000
-65.704404678412 -8.350579298155 0.866025403784 -0.500000000000
-65.707356934809 102.270884991842 0.866025403784 -0.500000000000
67.247943318309 -106.868795775562 0.000000000000 1.000000000000
-10.115772061608 227.494070137022 0.000000000000 1.000000000000
40.715394387724 39.638799536704 0.000000000000 1.000000000000
119.359389687874 81.460058868887 0.866025403784 0.500000000000
-103.920848808875 -7.950202065568 0.866025403784 0.500000000000
