#Configurational_file created 2018-09-14 11:32:56  started 2018-09-14 11:32:56 run for 0.0s steps 0
name: p_884
step: 10000
specie: 20
	particle_diameter: 1.0000000000000000
	interaction_length: 1.2000000000000000
	number_of_patches: 3
	number_of_particles_per_compound: 1
	rod_length: 1.0000000000000000
	interaction_matrix:  1.000000 1.000000 1.000000 1.000000 1.000000 1.000000 1.000000 1.000000 1.000000
	patch_type: symmetric
	patch_width: 8.0000000000000000
	patch_angle: 0.0000000000000000
	angles:  0.000000 0.000000 0.000000
	grand_canonical: 0
	chemical_potential: 0.0000000000000000
box: 12.321394 12.321394
copy: 1.000000 1.000000
epsilon: 0.2083920000000000
end_epsilon: 0.0000000000000000
pressure: 0.6667330000000000
lambda: 0.0000000000000000
lambda_coupling: 1.0000000000000000
uy: 0.0000000000000000
maximum_displacement: 1.0000000000000000
maximum_rotation: 1.0000000000000000
maximum_volume: 1.0000000000000000
maximum_shape: 0.0000001000000000
maximum_dsigma: 0.0100000000000000
mod: 10
pmod: 10
optimize: 1
verbose: 1
snapshot: 0
display: 1
explore: 1
npt: 1
nptxy: 0
nptdxdy: 0
shape: 0
seed: 1007899
13.521830371267 105.392894304281 0.000000000000 1.000000000000
32.402002362467 -81.708657037200 0.000000000000 1.000000000000
24.837297145279 4.285278208956 0.866025403784 0.500000000000
115.934606813552 9.277956625573 0.866025403784 -0.500000000000
55.966840641216 -157.441744727446 0.866025403784 -0.500000000000
109.526976229216 -55.643140248738 0.000000000000 1.000000000000
47.461606405662 -122.532193501809 0.000000000000 1.000000000000
-67.710500078741 -76.353325754413 0.000000000000 1.000000000000
35.057701667331 199.816418244179 0.000000000000 1.000000000000
-115.000719452100 51.252773297319 0.866025403784 0.500000000000
77.244881988142 82.701326167750 0.866025403784 0.500000000000
-80.780302328933 -34.098706103152 0.866025403784 0.500000000000
-147.987210417326 68.327421927150 0.866025403784 0.500000000000
67.835808623893 72.798373755133 0.866025403784 0.500000000000
71.892830182071 -179.925356821457 0.866025403784 0.500000000000
37.477872473151 70.194236121813 0.866025403784 0.500000000000
-72.047602602460 -73.025602841228 0.866025403784 0.500000000000
-34.183103699015 -60.151702652444 0.866025403784 0.500000000000
84.238017929638 45.726917748987 0.866025403784 -0.500000000000
106.035819002408 22.632309754904 0.000000000000 1.000000000000
