#Configurational_file created 2018-09-14 12:00:38  started 2018-09-14 12:00:37 run for 1.0s steps 0
name: p_884
step: 10000
specie: 20
	particle_diameter: 1.0000000000000000
	interaction_length: 1.2000000000000000
	number_of_patches: 3
	number_of_particles_per_compound: 1
	rod_length: 1.0000000000000000
	interaction_matrix:  1.000000 1.000000 1.000000 1.000000 1.000000 1.000000 1.000000 1.000000 1.000000
	patch_type: symmetric
	patch_width: 8.0000000000000000
	patch_angle: 0.0000000000000000
	angles:  0.000000 0.000000 0.000000
	grand_canonical: 0
	chemical_potential: 0.0000000000000000
box: 55.688612 55.688612
copy: 1.000000 1.000000
epsilon: 0.0208340000000000
end_epsilon: 0.0000000000000000
pressure: 0.0333340000000000
lambda: 0.0000000000000000
lambda_coupling: 1.0000000000000000
uy: 0.0000000000000000
maximum_displacement: 1.0000000000000000
maximum_rotation: 1.0000000000000000
maximum_volume: 1.0000000000000000
maximum_shape: 0.0000001000000000
maximum_dsigma: 0.0100000000000000
mod: 10
pmod: 10
optimize: 1
verbose: 1
snapshot: 0
display: 1
explore: 1
npt: 1
nptxy: 0
nptdxdy: 0
shape: 0
seed: 1007899
167.466928098141 -205.926005735427 0.866025403784 -0.500000000000
554.340364681766 -109.991551047565 0.000000000000 1.000000000000
-103.271239334818 315.719940057831 0.000000000000 1.000000000000
237.064089676308 -128.960647401464 0.866025403784 0.500000000000
297.900806809487 -19.250852658665 0.000000000000 1.000000000000
53.941646192588 216.774876748451 0.000000000000 1.000000000000
25.611468316855 -81.690287392969 0.866025403784 0.500000000000
14.006161590321 97.628408838440 0.866025403784 -0.500000000000
267.294058988811 280.667926343972 0.866025403784 -0.500000000000
-223.166149679510 -226.720950035421 0.866025403784 -0.500000000000
62.493591090604 199.546469055392 0.000000000000 1.000000000000
-179.905589242819 26.866722626272 0.866025403784 0.500000000000
-95.358676108594 113.423225985981 0.000000000000 1.000000000000
-80.086770610376 355.708535994481 0.866025403784 0.500000000000
-14.764123045854 46.608434349031 0.866025403784 0.500000000000
187.681822167308 61.691622154853 0.866025403784 0.500000000000
210.627632140733 108.579652756258 0.000000000000 1.000000000000
65.778042198647 -29.498336321608 0.000000000000 1.000000000000
-47.839507424346 49.675804059396 0.000000000000 1.000000000000
237.823891566297 294.078472637842 0.866025403784 0.500000000000
