#Configurational_file created 2018-09-14 12:00:41  started 2018-09-14 12:00:40 run for 1.0s steps 0
name: p_888
step: 10000
specie: 20
	particle_diameter: 1.0000000000000000
	interaction_length: 1.2000000000000000
	number_of_patches: 3
	number_of_particles_per_compound: 1
	rod_length: 1.0000000000000000
	interaction_matrix:  1.000000 1.000000 1.000000 1.000000 1.000000 1.000000 1.000000 1.000000 1.000000
	patch_type: symmetric
	patch_width: 8.0000000000000000
	patch_angle: 0.0000000000000000
	angles:  0.000000 0.000000 0.000000
	grand_canonical: 0
	chemical_potential: 0.0000000000000000
box: 50.362185 50.362185
copy: 1.000000 1.000000
epsilon: 0.0208340000000000
end_epsilon: 0.0000000000000000
pressure: 0.0500010000000000
lambda: 0.0000000000000000
lambda_coupling: 1.0000000000000000
uy: 0.0000000000000000
maximum_displacement: 1.0000000000000000
maximum_rotation: 1.0000000000000000
maximum_volume: 1.0000000000000000
maximum_shape: 0.0000001000000000
maximum_dsigma: 0.0100000000000000
mod: 10
pmod: 10
optimize: 1
verbose: 1
snapshot: 0
display: 1
explore: 1
npt: 1
nptxy: 0
nptdxdy: 0
shape: 0
seed: 1012447
-37.404197278857 142.886661949772 0.000000000000 1.000000000000
-176.926138695583 500.670678556168 0.000000000000 1.000000000000
-142.789035035119 285.128046350375 0.000000000000 1.000000000000
182.554942489300 -86.645411909579 0.866025403784 0.500000000000
-4.132762272604 297.751599390942 0.866025403784 0.500000000000
372.203380154014 111.956526736514 0.000000000000 1.000000000000
-328.283207712078 280.731633609362 0.866025403784 0.500000000000
129.030633823788 -140.072304845040 0.000000000000 1.000000000000
304.602424276636 314.346689141900 0.866025403784 0.500000000000
246.237254969774 224.808842768273 0.866025403784 0.500000000000
145.272476757209 393.294631651482 0.000000000000 1.000000000000
44.460626031914 -199.211220934401 0.866025403784 -0.500000000000
29.414865316210 -240.769663447348 0.866025403784 -0.500000000000
34.936474317821 -174.232532683566 0.866025403784 -0.500000000000
68.105197172428 -61.783152828365 0.866025403784 0.500000000000
-266.302122594014 76.335159652700 0.866025403784 -0.500000000000
-319.209614668125 227.688423594101 0.866025403784 -0.500000000000
-234.710004875730 176.922029328510 0.866025403784 0.500000000000
-210.640070509849 51.096912911924 0.000000000000 1.000000000000
123.069323923618 -395.778313765319 0.866025403784 -0.500000000000
