#Configurational_file created 2018-09-14 12:00:42  started 2018-09-14 12:00:41 run for 1.0s steps 0
name: p_889
step: 10000
specie: 20
	particle_diameter: 1.0000000000000000
	interaction_length: 1.2000000000000000
	number_of_patches: 3
	number_of_particles_per_compound: 1
	rod_length: 1.0000000000000000
	interaction_matrix:  1.000000 1.000000 1.000000 1.000000 1.000000 1.000000 1.000000 1.000000 1.000000
	patch_type: symmetric
	patch_width: 8.0000000000000000
	patch_angle: 0.0000000000000000
	angles:  0.000000 0.000000 0.000000
	grand_canonical: 0
	chemical_potential: 0.0000000000000000
box: 44.501188 44.501188
copy: 1.000000 1.000000
epsilon: 0.0208340000000000
end_epsilon: 0.0000000000000000
pressure: 0.0541670000000000
lambda: 0.0000000000000000
lambda_coupling: 1.0000000000000000
uy: 0.0000000000000000
maximum_displacement: 1.0000000000000000
maximum_rotation: 1.0000000000000000
maximum_volume: 1.0000000000000000
maximum_shape: 0.0000001000000000
maximum_dsigma: 0.0100000000000000
mod: 10
pmod: 10
optimize: 1
verbose: 1
snapshot: 0
display: 1
explore: 1
npt: 1
nptxy: 0
nptdxdy: 0
shape: 0
seed: 1013584
340.589663608464 -315.419981614855 0.866025403784 -0.500000000000
323.574149037653 128.682219826684 0.000000000000 1.000000000000
-55.013238017324 149.586486241131 0.866025403784 0.500000000000
-128.768601995095 -132.390929563968 0.000000000000 1.000000000000
-301.660132925468 -145.899364031839 0.866025403784 -0.500000000000
118.894420672417 125.269559185772 0.866025403784 -0.500000000000
156.658480503404 11.645389808386 0.866025403784 -0.500000000000
33.879098063226 64.313672124245 0.000000000000 1.000000000000
89.728151453553 68.652266266853 0.866025403784 -0.500000000000
52.212521066774 178.217905990502 0.000000000000 1.000000000000
294.288488720248 -34.456435469897 0.866025403784 -0.500000000000
51.736333531025 -304.935143372412 0.000000000000 1.000000000000
-266.729200845079 -213.535065906161 0.000000000000 1.000000000000
-136.044855036371 171.610644910906 0.866025403784 -0.500000000000
110.571806783496 -174.708116120849 0.866025403784 0.500000000000
148.061625535813 -145.966772286197 0.000000000000 1.000000000000
85.266953535418 -59.877395693547 0.866025403784 -0.500000000000
-50.521129377617 102.598383705283 0.000000000000 1.000000000000
71.323055702186 -88.045960362641 0.866025403784 0.500000000000
61.657637621666 152.665299722447 0.866025403784 -0.500000000000
