#Configurational_file created 2018-09-14 11:33:09  started 2018-09-14 11:33:08 run for 1.0s steps 0
name: p_899
step: 10000
specie: 20
	particle_diameter: 1.0000000000000000
	interaction_length: 1.2000000000000000
	number_of_patches: 3
	number_of_particles_per_compound: 1
	rod_length: 1.0000000000000000
	interaction_matrix:  1.000000 1.000000 1.000000 1.000000 1.000000 1.000000 1.000000 1.000000 1.000000
	patch_type: symmetric
	patch_width: 8.0000000000000000
	patch_angle: 0.0000000000000000
	angles:  0.000000 0.000000 0.000000
	grand_canonical: 0
	chemical_potential: 0.0000000000000000
box: 8.815328 8.815328
copy: 1.000000 1.000000
epsilon: 0.2083920000000000
end_epsilon: 0.0000000000000000
pressure: 1.9166710000000000
lambda: 0.0000000000000000
lambda_coupling: 1.0000000000000000
uy: 0.0000000000000000
maximum_displacement: 1.0000000000000000
maximum_rotation: 1.0000000000000000
maximum_volume: 0.9800000000000000
maximum_shape: 0.0000001000000000
maximum_dsigma: 0.0100000000000000
mod: 10
pmod: 10
optimize: 1
verbose: 1
snapshot: 0
display: 1
explore: 1
npt: 1
nptxy: 0
nptdxdy: 0
shape: 0
seed: 1024954
19.467666129922 25.393981852296 0.000000000000 1.000000000000
127.177510734213 1.886091995550 0.866025403784 -0.500000000000
42.142654324836 1.074614275026 0.866025403784 0.500000000000
45.168495700836 54.507894538002 0.866025403784 -0.500000000000
-31.900926971621 -92.134672760265 0.866025403784 -0.500000000000
22.360671206877 0.098497036763 0.866025403784 0.500000000000
-76.362652584785 36.195641179272 0.866025403784 0.500000000000
50.385383096830 13.600182216840 0.866025403784 -0.500000000000
-11.317146329633 68.624221455235 0.866025403784 -0.500000000000
43.155086524804 57.167081508444 0.866025403784 -0.500000000000
58.987016568643 65.267143782841 0.000000000000 1.000000000000
23.142814642375 100.502817351390 0.866025403784 0.500000000000
-13.297401663220 113.146111664783 0.866025403784 -0.500000000000
-44.951001927104 -95.764485743796 0.866025403784 0.500000000000
60.970805727557 35.766903484304 0.000000000000 1.000000000000
11.771869322772 13.302970082481 0.000000000000 1.000000000000
25.979695474194 -28.686444795311 0.866025403784 0.500000000000
-102.068840406116 -17.544537444552 0.866025403784 0.500000000000
-21.800709139236 -55.756046496899 0.866025403784 -0.500000000000
105.916434363763 -4.355056547934 0.866025403784 0.500000000000
