#Configurational_file created 2018-09-14 12:00:44  started 2018-09-14 12:00:43 run for 1.0s steps 0
name: p_892
step: 10000
specie: 20
	particle_diameter: 1.0000000000000000
	interaction_length: 1.2000000000000000
	number_of_patches: 3
	number_of_particles_per_compound: 1
	rod_length: 1.0000000000000000
	interaction_matrix:  1.000000 1.000000 1.000000 1.000000 1.000000 1.000000 1.000000 1.000000 1.000000
	patch_type: symmetric
	patch_width: 8.0000000000000000
	patch_angle: 0.0000000000000000
	angles:  0.000000 0.000000 0.000000
	grand_canonical: 0
	chemical_potential: 0.0000000000000000
box: 51.563399 51.563399
copy: 1.000000 1.000000
epsilon: 0.0208340000000000
end_epsilon: 0.0000000000000000
pressure: 0.0666670000000000
lambda: 0.0000000000000000
lambda_coupling: 1.0000000000000000
uy: 0.0000000000000000
maximum_displacement: 1.0000000000000000
maximum_rotation: 1.0000000000000000
maximum_volume: 1.0000000000000000
maximum_shape: 0.0000001000000000
maximum_dsigma: 0.0100000000000000
mod: 10
pmod: 10
optimize: 1
verbose: 1
snapshot: 0
display: 1
explore: 1
npt: 1
nptxy: 0
nptdxdy: 0
shape: 0
seed: 1016995
68.801436703922 46.637934402266 0.866025403784 0.500000000000
21.428401434346 3.378861952292 0.866025403784 0.500000000000
203.632983369119 68.435972411156 0.000000000000 1.000000000000
200.614630904512 -52.371979584667 0.866025403784 0.500000000000
16.353916004791 32.821656412257 0.866025403784 -0.500000000000
-157.623805768370 117.463591771510 0.866025403784 0.500000000000
-74.321657420271 -6.317759881000 0.866025403784 -0.500000000000
-349.029751425567 -25.840603486697 0.866025403784 -0.500000000000
-465.232052988305 -231.355953624702 0.000000000000 1.000000000000
-136.662616582111 175.102168895525 0.000000000000 1.000000000000
-13.963479764088 -39.261551978567 0.000000000000 1.000000000000
-371.476801341578 -195.313877046469 0.000000000000 1.000000000000
393.044431182617 -163.123698802904 0.866025403784 -0.500000000000
-123.526596760985 118.771391007393 0.000000000000 1.000000000000
211.200544459753 195.696057298174 0.866025403784 0.500000000000
-36.716905182964 -96.761134062465 0.866025403784 -0.500000000000
218.148775453302 62.903478277229 0.866025403784 -0.500000000000
43.305230031473 454.961458873518 0.866025403784 0.500000000000
118.949145395794 270.721702530026 0.866025403784 -0.500000000000
339.513722163889 -169.111749536369 0.866025403784 0.500000000000
