#Configurational_file created 2018-09-14 11:33:06  started 2018-09-14 11:33:05 run for 1.0s steps 0
name: p_896
step: 10000
specie: 20
	particle_diameter: 1.0000000000000000
	interaction_length: 1.2000000000000000
	number_of_patches: 3
	number_of_particles_per_compound: 1
	rod_length: 1.0000000000000000
	interaction_matrix:  1.000000 1.000000 1.000000 1.000000 1.000000 1.000000 1.000000 1.000000 1.000000
	patch_type: symmetric
	patch_width: 8.0000000000000000
	patch_angle: 0.0000000000000000
	angles:  0.000000 0.000000 0.000000
	grand_canonical: 0
	chemical_potential: 0.0000000000000000
box: 9.342076 9.342076
copy: 1.000000 1.000000
epsilon: 0.2083920000000000
end_epsilon: 0.0000000000000000
pressure: 1.6666829999999999
lambda: 0.0000000000000000
lambda_coupling: 1.0000000000000000
uy: 0.0000000000000000
maximum_displacement: 1.0000000000000000
maximum_rotation: 1.0000000000000000
maximum_volume: 1.0000000000000000
maximum_shape: 0.0000001000000000
maximum_dsigma: 0.0100000000000000
mod: 10
pmod: 10
optimize: 1
verbose: 1
snapshot: 0
display: 1
explore: 1
npt: 1
nptxy: 0
nptdxdy: 0
shape: 0
seed: 1021543
-39.200312730161 47.532289890661 0.000000000000 1.000000000000
182.976990312702 39.539540894769 0.000000000000 1.000000000000
-65.452194574570 7.475302912920 0.866025403784 0.500000000000
-112.900888211721 50.843398857985 0.866025403784 -0.500000000000
20.930727865275 0.337844652400 0.000000000000 1.000000000000
-37.203469975068 -43.884719670115 0.866025403784 -0.500000000000
39.347157274260 145.261954382079 0.866025403784 0.500000000000
12.612926586389 -29.901563238513 0.866025403784 -0.500000000000
31.502222902818 75.209460262944 0.000000000000 1.000000000000
-31.515483749458 -40.498413984321 0.866025403784 0.500000000000
6.100409255396 16.914272739356 0.866025403784 0.500000000000
63.644075304044 -45.471699606431 0.866025403784 -0.500000000000
-123.837919172605 -9.705160473627 0.866025403784 0.500000000000
-26.004125168395 62.994125344234 0.000000000000 1.000000000000
-109.399777139233 49.118931898794 0.866025403784 -0.500000000000
59.728610268069 -60.454313922886 0.866025403784 0.500000000000
-58.450442710716 -14.067416985821 0.000000000000 1.000000000000
-4.562656754141 25.725873832177 0.866025403784 0.500000000000
-53.412129110878 -64.213076734944 0.866025403784 -0.500000000000
-163.447953822843 154.658461907560 0.866025403784 -0.500000000000
