#Configurational_file created 2018-09-14 12:00:45  started 2018-09-14 12:00:45 run for 0.0s steps 0
name: p_894
step: 10000
specie: 20
	particle_diameter: 1.0000000000000000
	interaction_length: 1.2000000000000000
	number_of_patches: 3
	number_of_particles_per_compound: 1
	rod_length: 1.0000000000000000
	interaction_matrix:  1.000000 1.000000 1.000000 1.000000 1.000000 1.000000 1.000000 1.000000 1.000000
	patch_type: symmetric
	patch_width: 8.0000000000000000
	patch_angle: 0.0000000000000000
	angles:  0.000000 0.000000 0.000000
	grand_canonical: 0
	chemical_potential: 0.0000000000000000
box: 40.694365 40.694365
copy: 1.000000 1.000000
epsilon: 0.0208340000000000
end_epsilon: 0.0000000000000000
pressure: 0.0750000000000000
lambda: 0.0000000000000000
lambda_coupling: 1.0000000000000000
uy: 0.0000000000000000
maximum_displacement: 1.0000000000000000
maximum_rotation: 1.0000000000000000
maximum_volume: 1.0000000000000000
maximum_shape: 0.0000001000000000
maximum_dsigma: 0.0100000000000000
mod: 10
pmod: 10
optimize: 1
verbose: 1
snapshot: 0
display: 1
explore: 1
npt: 1
nptxy: 0
nptdxdy: 0
shape: 0
seed: 1019269
9.575521130934 5.488549028418 0.866025403784 -0.500000000000
-155.844367939526 -195.169376286137 0.866025403784 0.500000000000
84.099347900474 108.051378693207 0.866025403784 -0.500000000000
-19.167072802770 57.039820644518 0.000000000000 1.000000000000
-48.260874244284 170.285238877394 0.866025403784 -0.500000000000
-103.197868581084 -147.095486990404 0.866025403784 -0.500000000000
-121.747690427688 269.341264440365 0.000000000000 1.000000000000
161.915422605959 143.475355241038 0.866025403784 -0.500000000000
46.147916090867 325.345263452804 0.866025403784 -0.500000000000
17.612625686175 9.842898928841 0.866025403784 -0.500000000000
107.811749316704 25.412152680780 0.000000000000 1.000000000000
59.045358348696 60.655397689422 0.866025403784 0.500000000000
-70.880951405631 82.537145440121 0.000000000000 1.000000000000
46.444236667087 21.251043628603 0.000000000000 1.000000000000
10.108797890318 333.867606043126 0.866025403784 -0.500000000000
98.155120583132 218.798293066349 0.000000000000 1.000000000000
-22.540838031604 51.501936187017 0.866025403784 -0.500000000000
-168.392772559315 17.228760916599 0.000000000000 1.000000000000
-2.925108148687 -307.176120617994 0.866025403784 0.500000000000
-315.510019784356 11.973992821012 0.866025403784 -0.500000000000
