#Configurational_file created 2018-09-14 12:00:43  started 2018-09-14 12:00:43 run for 0.0s steps 0
name: p_891
step: 10000
specie: 20
	particle_diameter: 1.0000000000000000
	interaction_length: 1.2000000000000000
	number_of_patches: 3
	number_of_particles_per_compound: 1
	rod_length: 1.0000000000000000
	interaction_matrix:  1.000000 1.000000 1.000000 1.000000 1.000000 1.000000 1.000000 1.000000 1.000000
	patch_type: symmetric
	patch_width: 8.0000000000000000
	patch_angle: 0.0000000000000000
	angles:  0.000000 0.000000 0.000000
	grand_canonical: 0
	chemical_potential: 0.0000000000000000
box: 50.411849 50.411849
copy: 1.000000 1.000000
epsilon: 0.0208340000000000
end_epsilon: 0.0000000000000000
pressure: 0.0625000000000000
lambda: 0.0000000000000000
lambda_coupling: 1.0000000000000000
uy: 0.0000000000000000
maximum_displacement: 1.0000000000000000
maximum_rotation: 1.0000000000000000
maximum_volume: 1.0000000000000000
maximum_shape: 0.0000001000000000
maximum_dsigma: 0.0100000000000000
mod: 10
pmod: 10
optimize: 1
verbose: 1
snapshot: 0
display: 1
explore: 1
npt: 1
nptxy: 0
nptdxdy: 0
shape: 0
seed: 1015858
196.997200176372 101.564343226399 0.866025403784 -0.500000000000
148.480385226563 86.919709972699 0.000000000000 1.000000000000
-236.280711142513 4.961889110670 0.866025403784 0.500000000000
-245.981861363155 -63.425600717715 0.866025403784 0.500000000000
146.412337375670 88.665667068100 0.000000000000 1.000000000000
0.063094229044 -0.981149252769 0.000000000000 1.000000000000
145.961128877621 -219.708476128549 0.866025403784 -0.500000000000
-53.314533559174 6.395659867873 0.000000000000 1.000000000000
261.397854041567 -188.145140275357 0.866025403784 0.500000000000
-32.985211053718 -76.286995953855 0.866025403784 0.500000000000
-22.044656631301 142.870200568110 0.866025403784 -0.500000000000
26.649464267573 -75.200088201680 0.000000000000 1.000000000000
99.934514596398 5.950334240619 0.866025403784 -0.500000000000
516.694605220949 182.045123716296 0.866025403784 0.500000000000
80.380814619365 50.797027975250 0.866025403784 0.500000000000
-233.090929198543 215.088654923027 0.866025403784 0.500000000000
255.094770877146 -69.566062907249 0.866025403784 -0.500000000000
276.947968330685 205.921688754962 0.000000000000 1.000000000000
-20.037856140310 288.804812893246 0.866025403784 -0.500000000000
21.011044389919 47.441784266981 0.000000000000 1.000000000000
