#Configurational_file created 2018-09-14 12:00:47  started 2018-09-14 12:00:46 run for 1.0s steps 0
name: p_896
step: 10000
specie: 20
	particle_diameter: 1.0000000000000000
	interaction_length: 1.2000000000000000
	number_of_patches: 3
	number_of_particles_per_compound: 1
	rod_length: 1.0000000000000000
	interaction_matrix:  1.000000 1.000000 1.000000 1.000000 1.000000 1.000000 1.000000 1.000000 1.000000
	patch_type: symmetric
	patch_width: 8.0000000000000000
	patch_angle: 0.0000000000000000
	angles:  0.000000 0.000000 0.000000
	grand_canonical: 0
	chemical_potential: 0.0000000000000000
box: 42.097386 42.097386
copy: 1.000000 1.000000
epsilon: 0.0208340000000000
end_epsilon: 0.0000000000000000
pressure: 0.0833340000000000
lambda: 0.0000000000000000
lambda_coupling: 1.0000000000000000
uy: 0.0000000000000000
maximum_displacement: 1.0000000000000000
maximum_rotation: 1.0000000000000000
maximum_volume: 1.0000000000000000
maximum_shape: 0.0000001000000000
maximum_dsigma: 0.0100000000000000
mod: 10
pmod: 10
optimize: 1
verbose: 1
snapshot: 0
display: 1
explore: 1
npt: 1
nptxy: 0
nptdxdy: 0
shape: 0
seed: 1021543
-166.784239619807 158.000208236997 0.866025403784 -0.500000000000
301.334842959986 38.751237476291 0.866025403784 -0.500000000000
76.803126577963 -255.480182589582 0.000000000000 1.000000000000
191.887132330633 98.611362612850 0.000000000000 1.000000000000
78.870564443132 0.918637090820 0.866025403784 0.500000000000
-41.307701028176 86.842198962979 0.866025403784 -0.500000000000
-77.051297868679 198.984502173153 0.866025403784 -0.500000000000
-44.039719758092 44.051615156999 0.866025403784 0.500000000000
152.984893999348 213.744295174357 0.866025403784 -0.500000000000
-342.640974048117 24.912159900980 0.866025403784 -0.500000000000
23.769849404804 -0.203509441942 0.866025403784 -0.500000000000
-169.863164513971 -47.029373577336 0.000000000000 1.000000000000
-181.987840461252 -195.253386165637 0.000000000000 1.000000000000
109.161313484596 -54.222691165074 0.866025403784 -0.500000000000
-19.135879845395 113.547264612353 0.866025403784 0.500000000000
-118.673641962446 182.621222112912 0.866025403784 -0.500000000000
-71.184222982732 -59.224517815418 0.866025403784 -0.500000000000
-41.812020306828 -4.212825031565 0.000000000000 1.000000000000
8.555100279684 -88.408473945041 0.000000000000 1.000000000000
111.109977705860 147.470164056446 0.000000000000 1.000000000000
