#Configurational_file created 2018-09-14 12:00:49  started 2018-09-14 12:00:48 run for 1.0s steps 0
name: p_899
step: 10000
specie: 20
	particle_diameter: 1.0000000000000000
	interaction_length: 1.2000000000000000
	number_of_patches: 3
	number_of_particles_per_compound: 1
	rod_length: 1.0000000000000000
	interaction_matrix:  1.000000 1.000000 1.000000 1.000000 1.000000 1.000000 1.000000 1.000000 1.000000
	patch_type: symmetric
	patch_width: 8.0000000000000000
	patch_angle: 0.0000000000000000
	angles:  0.000000 0.000000 0.000000
	grand_canonical: 0
	chemical_potential: 0.0000000000000000
box: 50.322517 50.322517
copy: 1.000000 1.000000
epsilon: 0.0208340000000000
end_epsilon: 0.0000000000000000
pressure: 0.0958330000000000
lambda: 0.0000000000000000
lambda_coupling: 1.0000000000000000
uy: 0.0000000000000000
maximum_displacement: 1.0000000000000000
maximum_rotation: 1.0000000000000000
maximum_volume: 1.0000000000000000
maximum_shape: 0.0000001000000000
maximum_dsigma: 0.0100000000000000
mod: 10
pmod: 10
optimize: 1
verbose: 1
snapshot: 0
display: 1
explore: 1
npt: 1
nptxy: 0
nptdxdy: 0
shape: 0
seed: 1024954
28.069068939372 289.003854592551 0.000000000000 1.000000000000
221.332309582114 -90.963772865660 0.000000000000 1.000000000000
-240.433803892363 173.158622912353 0.000000000000 1.000000000000
27.062412415395 339.685518349583 0.000000000000 1.000000000000
13.876112315272 -150.768064584948 0.000000000000 1.000000000000
-38.309569919040 60.721908836651 0.866025403784 0.500000000000
251.811326236225 -18.775660590370 0.000000000000 1.000000000000
-105.442290598518 48.155191894559 0.866025403784 0.500000000000
-48.525058038304 -196.128889911241 0.866025403784 -0.500000000000
14.851509238418 95.534684794734 0.866025403784 0.500000000000
-119.806379629497 94.359333899991 0.000000000000 1.000000000000
84.291471480760 175.934236066789 0.000000000000 1.000000000000
22.950589177520 187.425757734545 0.000000000000 1.000000000000
-123.784755852018 -35.919831098397 0.866025403784 -0.500000000000
262.721511606199 112.273217329338 0.000000000000 1.000000000000
270.788132615853 -178.040058672557 0.866025403784 -0.500000000000
-172.888817125250 -4.921445676886 0.000000000000 1.000000000000
55.502227252038 -35.567989947215 0.866025403784 -0.500000000000
85.184978361527 -6.290467828275 0.866025403784 0.500000000000
-205.708443105573 70.763507384200 0.000000000000 1.000000000000
