#Configurational_file created 2018-09-14 12:00:43  started 2018-09-14 12:00:42 run for 1.0s steps 0
name: p_890
step: 10000
specie: 20
	particle_diameter: 1.0000000000000000
	interaction_length: 1.2000000000000000
	number_of_patches: 3
	number_of_particles_per_compound: 1
	rod_length: 1.0000000000000000
	interaction_matrix:  1.000000 1.000000 1.000000 1.000000 1.000000 1.000000 1.000000 1.000000 1.000000
	patch_type: symmetric
	patch_width: 8.0000000000000000
	patch_angle: 0.0000000000000000
	angles:  0.000000 0.000000 0.000000
	grand_canonical: 0
	chemical_potential: 0.0000000000000000
box: 50.326175 50.326175
copy: 1.000000 1.000000
epsilon: 0.0208340000000000
end_epsilon: 0.0000000000000000
pressure: 0.0583340000000000
lambda: 0.0000000000000000
lambda_coupling: 1.0000000000000000
uy: 0.0000000000000000
maximum_displacement: 1.0000000000000000
maximum_rotation: 1.0000000000000000
maximum_volume: 1.0000000000000000
maximum_shape: 0.0000001000000000
maximum_dsigma: 0.0100000000000000
mod: 10
pmod: 10
optimize: 1
verbose: 1
snapshot: 0
display: 1
explore: 1
npt: 1
nptxy: 0
nptdxdy: 0
shape: 0
seed: 1014721
111.636594031208 126.512900647868 0.866025403784 -0.500000000000
-54.705731777472 24.007415562346 0.866025403784 0.500000000000
49.744459253655 -457.789874743836 0.866025403784 -0.500000000000
-188.101047913267 -270.564459841084 0.000000000000 1.000000000000
-67.404074209416 21.131903168668 0.000000000000 1.000000000000
-251.239358000675 3.910206531455 0.866025403784 0.500000000000
-248.404864922658 186.404788176398 0.000000000000 1.000000000000
-20.775143362688 -211.674155487084 0.866025403784 -0.500000000000
-52.303730837842 15.889148917912 0.000000000000 1.000000000000
-156.238365059175 -1.554921002818 0.000000000000 1.000000000000
34.730931797543 28.069174526395 0.866025403784 -0.500000000000
-329.847711142665 84.992740802265 0.000000000000 1.000000000000
59.001749536411 -281.874484532774 0.000000000000 1.000000000000
-66.009943010280 18.180128829960 0.000000000000 1.000000000000
0.907784143189 197.077292554472 0.000000000000 1.000000000000
150.057191002232 78.442951160673 0.866025403784 0.500000000000
-228.963818969526 107.481756199974 0.000000000000 1.000000000000
270.535748515195 -44.050968336421 0.000000000000 1.000000000000
72.978771675286 -200.071231894996 0.866025403784 -0.500000000000
110.456261022860 162.546908648221 0.000000000000 1.000000000000
