#Configurational_file created 2018-09-14 11:33:01  started 2018-09-14 11:33:00 run for 1.0s steps 0
name: p_890
step: 10000
specie: 20
	particle_diameter: 1.0000000000000000
	interaction_length: 1.2000000000000000
	number_of_patches: 3
	number_of_particles_per_compound: 1
	rod_length: 1.0000000000000000
	interaction_matrix:  1.000000 1.000000 1.000000 1.000000 1.000000 1.000000 1.000000 1.000000 1.000000
	patch_type: symmetric
	patch_width: 8.0000000000000000
	patch_angle: 0.0000000000000000
	angles:  0.000000 0.000000 0.000000
	grand_canonical: 0
	chemical_potential: 0.0000000000000000
box: 9.594758 9.594758
copy: 1.000000 1.000000
epsilon: 0.2083920000000000
end_epsilon: 0.0000000000000000
pressure: 1.1667080000000001
lambda: 0.0000000000000000
lambda_coupling: 1.0000000000000000
uy: 0.0000000000000000
maximum_displacement: 1.0000000000000000
maximum_rotation: 1.0000000000000000
maximum_volume: 1.0000000000000000
maximum_shape: 0.0000001000000000
maximum_dsigma: 0.0100000000000000
mod: 10
pmod: 10
optimize: 1
verbose: 1
snapshot: 0
display: 1
explore: 1
npt: 1
nptxy: 0
nptdxdy: 0
shape: 0
seed: 1014721
-119.369375144101 -11.562232704668 0.866025403784 -0.500000000000
-8.183863765691 108.267610665681 0.866025403784 -0.500000000000
-57.880067416478 52.063820244817 0.866025403784 -0.500000000000
-105.990960955636 38.981331623936 0.000000000000 1.000000000000
-31.005582127225 24.213228748597 0.000000000000 1.000000000000
-84.847251015736 20.962192632107 0.866025403784 0.500000000000
-84.650039306144 64.971958559278 0.000000000000 1.000000000000
-41.684634295461 -101.520569927624 0.000000000000 1.000000000000
115.057286165156 11.521477628428 0.000000000000 1.000000000000
94.669721424518 102.067932227571 0.866025403784 -0.500000000000
-53.844229921490 104.465851282574 0.866025403784 -0.500000000000
-100.494617539274 -98.177570006542 0.000000000000 1.000000000000
67.255567577058 41.088856780071 0.866025403784 0.500000000000
50.258729886372 119.911153115742 0.000000000000 1.000000000000
-8.533114260427 207.711279773799 0.866025403784 -0.500000000000
34.538201103707 57.326624398620 0.866025403784 0.500000000000
26.081060493440 57.069642551701 0.866025403784 -0.500000000000
70.088688016390 45.342372218140 0.000000000000 1.000000000000
-65.355809225957 24.262387005005 0.866025403784 -0.500000000000
-61.180984812531 -24.181230910435 0.866025403784 -0.500000000000
