#Configurational_file created 2018-09-14 11:33:08  started 2018-09-14 11:33:07 run for 1.0s steps 0
name: p_898
step: 10000
specie: 20
	particle_diameter: 1.0000000000000000
	interaction_length: 1.2000000000000000
	number_of_patches: 3
	number_of_particles_per_compound: 1
	rod_length: 1.0000000000000000
	interaction_matrix:  1.000000 1.000000 1.000000 1.000000 1.000000 1.000000 1.000000 1.000000 1.000000
	patch_type: symmetric
	patch_width: 8.0000000000000000
	patch_angle: 0.0000000000000000
	angles:  0.000000 0.000000 0.000000
	grand_canonical: 0
	chemical_potential: 0.0000000000000000
box: 9.050439 9.050439
copy: 1.000000 1.000000
epsilon: 0.2083920000000000
end_epsilon: 0.0000000000000000
pressure: 1.8333420000000000
lambda: 0.0000000000000000
lambda_coupling: 1.0000000000000000
uy: 0.0000000000000000
maximum_displacement: 1.0000000000000000
maximum_rotation: 1.0000000000000000
maximum_volume: 0.9000000000000000
maximum_shape: 0.0000001000000000
maximum_dsigma: 0.0100000000000000
mod: 10
pmod: 10
optimize: 1
verbose: 1
snapshot: 0
display: 1
explore: 1
npt: 1
nptxy: 0
nptdxdy: 0
shape: 0
seed: 1023817
12.753554112670 -60.143276119027 0.866025403784 0.500000000000
136.839054293661 -16.673808044298 0.866025403784 -0.500000000000
-27.499633103218 -67.199939784183 0.866025403784 0.500000000000
-1.585630026142 56.353488528825 0.866025403784 -0.500000000000
75.613716362533 72.850239250197 0.866025403784 -0.500000000000
47.574496851332 23.067253332022 0.866025403784 0.500000000000
16.164362503071 72.281387625559 0.866025403784 0.500000000000
-155.032831380277 -88.389259162500 0.000000000000 1.000000000000
-14.026298044873 -37.733395549359 0.866025403784 0.500000000000
16.340952410628 46.376313006658 0.000000000000 1.000000000000
60.093898681762 16.767802903417 0.000000000000 1.000000000000
-20.684378077805 106.121578774110 0.000000000000 1.000000000000
-17.586445276773 61.783379575341 0.866025403784 0.500000000000
-108.660698120024 -24.372279653745 0.866025403784 0.500000000000
-122.635878289576 33.276071094985 0.866025403784 0.500000000000
45.404748037877 -63.640521115191 0.866025403784 0.500000000000
192.051370916546 -144.914257120017 0.866025403784 -0.500000000000
-73.169647903231 -29.418584744683 0.000000000000 1.000000000000
-23.369519097254 82.798187825565 0.000000000000 1.000000000000
-35.526764433809 -139.712583829165 0.866025403784 0.500000000000
