#Configurational_file created 2018-09-14 12:00:48  started 2018-09-14 12:00:48 run for 0.0s steps 0
name: p_898
step: 10000
specie: 20
	particle_diameter: 1.0000000000000000
	interaction_length: 1.2000000000000000
	number_of_patches: 3
	number_of_particles_per_compound: 1
	rod_length: 1.0000000000000000
	interaction_matrix:  1.000000 1.000000 1.000000 1.000000 1.000000 1.000000 1.000000 1.000000 1.000000
	patch_type: symmetric
	patch_width: 8.0000000000000000
	patch_angle: 0.0000000000000000
	angles:  0.000000 0.000000 0.000000
	grand_canonical: 0
	chemical_potential: 0.0000000000000000
box: 43.540165 43.540165
copy: 1.000000 1.000000
epsilon: 0.0208340000000000
end_epsilon: 0.0000000000000000
pressure: 0.0916670000000000
lambda: 0.0000000000000000
lambda_coupling: 1.0000000000000000
uy: 0.0000000000000000
maximum_displacement: 1.0000000000000000
maximum_rotation: 1.0000000000000000
maximum_volume: 1.0000000000000000
maximum_shape: 0.0000001000000000
maximum_dsigma: 0.0100000000000000
mod: 10
pmod: 10
optimize: 1
verbose: 1
snapshot: 0
display: 1
explore: 1
npt: 1
nptxy: 0
nptdxdy: 0
shape: 0
seed: 1023817
16.641934051107 106.830895598865 0.866025403784 0.500000000000
-28.390992433515 -118.335424953712 0.000000000000 1.000000000000
27.121888156976 -31.431139475062 0.866025403784 0.500000000000
-90.343681965184 5.618789283845 0.866025403784 -0.500000000000
17.151954471676 31.828106907364 0.866025403784 -0.500000000000
119.549869995265 28.801699908331 0.866025403784 0.500000000000
44.799888754734 136.392814010050 0.000000000000 1.000000000000
240.501427406852 110.832452854265 0.866025403784 -0.500000000000
53.040972611268 -167.156837634487 0.000000000000 1.000000000000
79.698490710264 35.304061523862 0.866025403784 -0.500000000000
21.212624881935 211.628505166230 0.866025403784 0.500000000000
-12.518385892623 -22.625669712959 0.000000000000 1.000000000000
41.802820806100 -70.156475544495 0.866025403784 -0.500000000000
-105.976649054901 -122.968372030689 0.866025403784 -0.500000000000
-209.368617289754 106.899137652958 0.000000000000 1.000000000000
134.459443716414 -217.023413318938 0.866025403784 -0.500000000000
68.661087758439 -279.600450220382 0.000000000000 1.000000000000
130.149460412786 111.940136568269 0.866025403784 -0.500000000000
-15.370033133311 -18.038627861202 0.000000000000 1.000000000000
-41.169953453821 -77.260870003864 0.866025403784 0.500000000000
