#Configurational_file created 2018-09-14 11:33:03  started 2018-09-14 11:33:02 run for 1.0s steps 0
name: p_892
step: 10000
specie: 20
	particle_diameter: 1.0000000000000000
	interaction_length: 1.2000000000000000
	number_of_patches: 3
	number_of_particles_per_compound: 1
	rod_length: 1.0000000000000000
	interaction_matrix:  1.000000 1.000000 1.000000 1.000000 1.000000 1.000000 1.000000 1.000000 1.000000
	patch_type: symmetric
	patch_width: 8.0000000000000000
	patch_angle: 0.0000000000000000
	angles:  0.000000 0.000000 0.000000
	grand_canonical: 0
	chemical_potential: 0.0000000000000000
box: 10.936857 10.936857
copy: 1.000000 1.000000
epsilon: 0.2083920000000000
end_epsilon: 0.0000000000000000
pressure: 1.3333670000000000
lambda: 0.0000000000000000
lambda_coupling: 1.0000000000000000
uy: 0.0000000000000000
maximum_displacement: 1.0000000000000000
maximum_rotation: 1.0000000000000000
maximum_volume: 1.0000000000000000
maximum_shape: 0.0000001000000000
maximum_dsigma: 0.0100000000000000
mod: 10
pmod: 10
optimize: 1
verbose: 1
snapshot: 0
display: 1
explore: 1
npt: 1
nptxy: 0
nptdxdy: 0
shape: 0
seed: 1016995
73.283279899280 116.451850755312 0.000000000000 1.000000000000
25.888347122616 -110.145941498396 0.866025403784 -0.500000000000
-71.053872229524 19.827654462843 0.866025403784 -0.500000000000
-45.164071608199 -191.472667052696 0.866025403784 -0.500000000000
143.201208277245 -55.894009171667 0.866025403784 -0.500000000000
100.000200084434 -27.995111962109 0.866025403784 0.500000000000
10.590180865038 -90.494445745284 0.866025403784 0.500000000000
47.499775138922 -55.970372862871 0.000000000000 1.000000000000
-120.852635576410 -154.222226993101 0.866025403784 0.500000000000
-123.512056255296 -75.091816138538 0.866025403784 0.500000000000
17.642732049833 30.257967420887 0.000000000000 1.000000000000
-87.072429402784 -21.058375632540 0.866025403784 -0.500000000000
-50.067377560981 -26.646457120171 0.000000000000 1.000000000000
19.051920829779 68.679935957685 0.866025403784 0.500000000000
82.570147130058 79.278344461021 0.866025403784 0.500000000000
7.303579556405 179.540782908667 0.000000000000 1.000000000000
-110.360117174542 -140.720481538863 0.866025403784 -0.500000000000
-25.839389879987 196.101191948703 0.866025403784 0.500000000000
78.774897098333 118.475666929757 0.000000000000 1.000000000000
108.695983285573 69.562551383737 0.866025403784 -0.500000000000
