#Configurational_file created 2018-09-14 11:33:04  started 2018-09-14 11:33:04 run for 0.0s steps 0
name: p_894
step: 10000
specie: 20
	particle_diameter: 1.0000000000000000
	interaction_length: 1.2000000000000000
	number_of_patches: 3
	number_of_particles_per_compound: 1
	rod_length: 1.0000000000000000
	interaction_matrix:  1.000000 1.000000 1.000000 1.000000 1.000000 1.000000 1.000000 1.000000 1.000000
	patch_type: symmetric
	patch_width: 8.0000000000000000
	patch_angle: 0.0000000000000000
	angles:  0.000000 0.000000 0.000000
	grand_canonical: 0
	chemical_potential: 0.0000000000000000
box: 10.214635 10.214635
copy: 1.000000 1.000000
epsilon: 0.2083920000000000
end_epsilon: 0.0000000000000000
pressure: 1.5000249999999999
lambda: 0.0000000000000000
lambda_coupling: 1.0000000000000000
uy: 0.0000000000000000
maximum_displacement: 1.0000000000000000
maximum_rotation: 1.0000000000000000
maximum_volume: 1.0000000000000000
maximum_shape: 0.0000001000000000
maximum_dsigma: 0.0100000000000000
mod: 10
pmod: 10
optimize: 1
verbose: 1
snapshot: 0
display: 1
explore: 1
npt: 1
nptxy: 0
nptdxdy: 0
shape: 0
seed: 1019269
-36.929595638841 96.944385040954 0.866025403784 0.500000000000
-54.660923045078 56.516037603069 0.866025403784 -0.500000000000
-4.229960105696 -0.368556227534 0.000000000000 1.000000000000
-139.612498814442 -49.327854082755 0.000000000000 1.000000000000
-22.626286795523 -47.675192767066 0.000000000000 1.000000000000
152.927249458812 60.363945760656 0.000000000000 1.000000000000
6.369494138019 137.034544055298 0.866025403784 0.500000000000
-172.327671762591 211.807286740883 0.866025403784 0.500000000000
45.678631813455 77.931304871057 0.866025403784 -0.500000000000
-33.004533581319 -11.207722949168 0.866025403784 0.500000000000
-14.791000897771 -22.282381966972 0.866025403784 -0.500000000000
-112.344483769575 -45.345282778035 0.866025403784 0.500000000000
7.134075623003 -81.140744534626 0.000000000000 1.000000000000
-126.885554951051 79.217454317267 0.000000000000 1.000000000000
48.584022091644 -15.274979873981 0.866025403784 0.500000000000
-31.991954771443 -138.004199153573 0.000000000000 1.000000000000
-78.910529729732 153.893551996021 0.866025403784 0.500000000000
28.521790835828 46.517616139541 0.866025403784 -0.500000000000
-113.863643451371 68.473089295936 0.866025403784 -0.500000000000
100.974166217113 -42.865083219041 0.866025403784 -0.500000000000
