#Configurational_file created 2018-09-14 11:33:07  started 2018-09-14 11:33:06 run for 1.0s steps 0
name: p_897
step: 10000
specie: 20
	particle_diameter: 1.0000000000000000
	interaction_length: 1.2000000000000000
	number_of_patches: 3
	number_of_particles_per_compound: 1
	rod_length: 1.0000000000000000
	interaction_matrix:  1.000000 1.000000 1.000000 1.000000 1.000000 1.000000 1.000000 1.000000 1.000000
	patch_type: symmetric
	patch_width: 8.0000000000000000
	patch_angle: 0.0000000000000000
	angles:  0.000000 0.000000 0.000000
	grand_canonical: 0
	chemical_potential: 0.0000000000000000
box: 9.528604 9.528604
copy: 1.000000 1.000000
epsilon: 0.2083920000000000
end_epsilon: 0.0000000000000000
pressure: 1.7500119999999999
lambda: 0.0000000000000000
lambda_coupling: 1.0000000000000000
uy: 0.0000000000000000
maximum_displacement: 1.0000000000000000
maximum_rotation: 1.0000000000000000
maximum_volume: 1.0000000000000000
maximum_shape: 0.0000001000000000
maximum_dsigma: 0.0100000000000000
mod: 10
pmod: 10
optimize: 1
verbose: 1
snapshot: 0
display: 1
explore: 1
npt: 1
nptxy: 0
nptdxdy: 0
shape: 0
seed: 1022680
128.821790455584 -81.495061498671 0.866025403784 0.500000000000
9.951566115896 136.808764987279 0.866025403784 0.500000000000
115.204124627454 20.192705038464 0.000000000000 1.000000000000
84.372855985517 -56.610616899444 0.866025403784 -0.500000000000
-12.590795959892 -83.327305091954 0.866025403784 0.500000000000
21.576074587553 35.282139671754 0.866025403784 -0.500000000000
-127.926191628309 -35.909128548832 0.866025403784 -0.500000000000
87.837949337226 -0.403134694829 0.866025403784 -0.500000000000
65.000836704727 -2.811887987227 0.866025403784 -0.500000000000
6.671731868722 -35.184602788654 0.866025403784 -0.500000000000
-68.698850697642 -23.618617494323 0.866025403784 0.500000000000
-114.090541797506 -58.698276630830 0.000000000000 1.000000000000
89.213288593462 76.778956001375 0.866025403784 0.500000000000
14.625579156066 7.736579438848 0.866025403784 0.500000000000
118.377685883535 -54.926843559393 0.000000000000 1.000000000000
-57.077883437375 27.632784474313 0.866025403784 -0.500000000000
214.935959906356 -3.619389784192 0.866025403784 0.500000000000
13.408587348474 36.982970637155 0.866025403784 0.500000000000
12.905551291143 90.699161577437 0.866025403784 -0.500000000000
-90.886750235165 76.413957999633 0.866025403784 0.500000000000
