#Configurational_file created 2018-09-14 12:00:48  started 2018-09-14 12:00:47 run for 1.0s steps 0
name: p_897
step: 10000
specie: 20
	particle_diameter: 1.0000000000000000
	interaction_length: 1.2000000000000000
	number_of_patches: 3
	number_of_particles_per_compound: 1
	rod_length: 1.0000000000000000
	interaction_matrix:  1.000000 1.000000 1.000000 1.000000 1.000000 1.000000 1.000000 1.000000 1.000000
	patch_type: symmetric
	patch_width: 8.0000000000000000
	patch_angle: 0.0000000000000000
	angles:  0.000000 0.000000 0.000000
	grand_canonical: 0
	chemical_potential: 0.0000000000000000
box: 49.551062 49.551062
copy: 1.000000 1.000000
epsilon: 0.0208340000000000
end_epsilon: 0.0000000000000000
pressure: 0.0875000000000000
lambda: 0.0000000000000000
lambda_coupling: 1.0000000000000000
uy: 0.0000000000000000
maximum_displacement: 1.0000000000000000
maximum_rotation: 1.0000000000000000
maximum_volume: 1.0000000000000000
maximum_shape: 0.0000001000000000
maximum_dsigma: 0.0100000000000000
mod: 10
pmod: 10
optimize: 1
verbose: 1
snapshot: 0
display: 1
explore: 1
npt: 1
nptxy: 0
nptdxdy: 0
shape: 0
seed: 1022680
-191.541260562289 34.581940898622 0.866025403784 -0.500000000000
2.384878766017 -245.582726092845 0.000000000000 1.000000000000
-84.533770756077 67.617351879396 0.866025403784 -0.500000000000
267.651205584436 -118.447379925353 0.866025403784 -0.500000000000
61.356218401587 121.914820483014 0.000000000000 1.000000000000
-30.827957707934 232.989281993793 0.866025403784 0.500000000000
-58.194022841675 -3.460748505814 0.866025403784 -0.500000000000
122.273967808591 -85.370839185060 0.000000000000 1.000000000000
126.683248000662 20.974043901140 0.866025403784 -0.500000000000
-21.384551778566 -16.012842856827 0.866025403784 0.500000000000
-185.298583164745 255.421715696081 0.866025403784 0.500000000000
225.970664704905 125.467104651440 0.866025403784 -0.500000000000
173.891239593588 441.804740905031 0.866025403784 -0.500000000000
-290.773972321342 -56.453790503970 0.000000000000 1.000000000000
236.726337115311 83.341223571686 0.866025403784 0.500000000000
212.696541973754 38.739966149027 0.866025403784 -0.500000000000
37.470041419954 -86.401109071520 0.866025403784 0.500000000000
-106.558772953199 109.993166349560 0.866025403784 -0.500000000000
-281.051695766507 93.120674194463 0.866025403784 -0.500000000000
-296.557287674888 -197.196384872551 0.866025403784 -0.500000000000
