#Configurational_file created 2018-09-14 11:33:04  started 2018-09-14 11:33:03 run for 1.0s steps 0
name: p_893
step: 10000
specie: 20
	particle_diameter: 1.0000000000000000
	interaction_length: 1.2000000000000000
	number_of_patches: 3
	number_of_particles_per_compound: 1
	rod_length: 1.0000000000000000
	interaction_matrix:  1.000000 1.000000 1.000000 1.000000 1.000000 1.000000 1.000000 1.000000 1.000000
	patch_type: symmetric
	patch_width: 8.0000000000000000
	patch_angle: 0.0000000000000000
	angles:  0.000000 0.000000 0.000000
	grand_canonical: 0
	chemical_potential: 0.0000000000000000
box: 9.326454 9.326454
copy: 1.000000 1.000000
epsilon: 0.2083920000000000
end_epsilon: 0.0000000000000000
pressure: 1.4166960000000000
lambda: 0.0000000000000000
lambda_coupling: 1.0000000000000000
uy: 0.0000000000000000
maximum_displacement: 1.0000000000000000
maximum_rotation: 1.0000000000000000
maximum_volume: 1.0000000000000000
maximum_shape: 0.0000001000000000
maximum_dsigma: 0.0100000000000000
mod: 10
pmod: 10
optimize: 1
verbose: 1
snapshot: 0
display: 1
explore: 1
npt: 1
nptxy: 0
nptdxdy: 0
shape: 0
seed: 1018132
-49.597831642984 -4.403735319960 0.866025403784 -0.500000000000
3.177898040382 -100.648928611571 0.866025403784 0.500000000000
44.927287755505 126.301453450047 0.866025403784 -0.500000000000
-101.284028720746 -81.242990971750 0.866025403784 -0.500000000000
-3.462810402925 -94.530540839299 0.866025403784 0.500000000000
-15.202814131110 -55.283046456808 0.866025403784 0.500000000000
-55.109024804104 -144.235589914563 0.866025403784 -0.500000000000
-41.932357263459 -24.227212185443 0.866025403784 -0.500000000000
48.741087429496 -55.437276050434 0.866025403784 0.500000000000
16.886843348914 -10.025378747991 0.866025403784 -0.500000000000
24.847954778605 140.931369920085 0.866025403784 0.500000000000
5.402861875484 -39.858559903402 0.000000000000 1.000000000000
41.810314977017 -130.143871078776 0.000000000000 1.000000000000
-91.830463887969 125.815854946400 0.000000000000 1.000000000000
25.297910881762 -104.826198534553 0.000000000000 1.000000000000
-145.595313597577 -1.654266789401 0.866025403784 -0.500000000000
-35.551876361523 73.621173309406 0.000000000000 1.000000000000
-170.513203361193 -117.792169895956 0.000000000000 1.000000000000
-121.040233088603 16.925324225111 0.000000000000 1.000000000000
-122.710735960353 -52.478079426824 0.866025403784 -0.500000000000
