#Configurational_file created 2018-09-14 11:33:02  started 2018-09-14 11:33:01 run for 1.0s steps 0
name: p_891
step: 10000
specie: 20
	particle_diameter: 1.0000000000000000
	interaction_length: 1.2000000000000000
	number_of_patches: 3
	number_of_particles_per_compound: 1
	rod_length: 1.0000000000000000
	interaction_matrix:  1.000000 1.000000 1.000000 1.000000 1.000000 1.000000 1.000000 1.000000 1.000000
	patch_type: symmetric
	patch_width: 8.0000000000000000
	patch_angle: 0.0000000000000000
	angles:  0.000000 0.000000 0.000000
	grand_canonical: 0
	chemical_potential: 0.0000000000000000
box: 11.062510 11.062510
copy: 1.000000 1.000000
epsilon: 0.2083920000000000
end_epsilon: 0.0000000000000000
pressure: 1.2500370000000001
lambda: 0.0000000000000000
lambda_coupling: 1.0000000000000000
uy: 0.0000000000000000
maximum_displacement: 1.0000000000000000
maximum_rotation: 1.0000000000000000
maximum_volume: 1.0000000000000000
maximum_shape: 0.0000001000000000
maximum_dsigma: 0.0100000000000000
mod: 10
pmod: 10
optimize: 1
verbose: 1
snapshot: 0
display: 1
explore: 1
npt: 1
nptxy: 0
nptdxdy: 0
shape: 0
seed: 1015858
135.471481013200 134.118295672927 0.866025403784 0.500000000000
6.866847257991 -175.207163044127 0.866025403784 0.500000000000
-19.019673404380 -100.778022909235 0.000000000000 1.000000000000
-17.951044355444 -31.846496782958 0.866025403784 0.500000000000
4.548251959668 20.061309351984 0.866025403784 -0.500000000000
54.072658564414 49.847176452038 0.866025403784 -0.500000000000
20.470241450138 -122.626798739955 0.000000000000 1.000000000000
-35.442957485363 137.182228992506 0.866025403784 0.500000000000
-42.072828178821 39.906257530565 0.866025403784 -0.500000000000
8.979030022297 -53.337272503384 0.000000000000 1.000000000000
19.068551666070 -3.745866902054 0.000000000000 1.000000000000
221.369045985212 -41.255628403951 0.000000000000 1.000000000000
-8.229294692208 -239.619357694405 0.000000000000 1.000000000000
84.969538805448 -34.202312858090 0.000000000000 1.000000000000
12.507524804352 69.476632047351 0.000000000000 1.000000000000
-15.913718099964 214.446945177831 0.866025403784 -0.500000000000
108.450386399245 -90.854155447503 0.000000000000 1.000000000000
34.965786063779 176.775142911977 0.866025403784 -0.500000000000
49.031864462450 149.262021824211 0.000000000000 1.000000000000
-111.950168396905 35.859392058964 0.866025403784 -0.500000000000
