#Configurational_file created 2018-09-14 11:33:05  started 2018-09-14 11:33:04 run for 1.0s steps 0
name: p_895
step: 10000
specie: 20
	particle_diameter: 1.0000000000000000
	interaction_length: 1.2000000000000000
	number_of_patches: 3
	number_of_particles_per_compound: 1
	rod_length: 1.0000000000000000
	interaction_matrix:  1.000000 1.000000 1.000000 1.000000 1.000000 1.000000 1.000000 1.000000 1.000000
	patch_type: symmetric
	patch_width: 8.0000000000000000
	patch_angle: 0.0000000000000000
	angles:  0.000000 0.000000 0.000000
	grand_canonical: 0
	chemical_potential: 0.0000000000000000
box: 9.501623 9.501623
copy: 1.000000 1.000000
epsilon: 0.2083920000000000
end_epsilon: 0.0000000000000000
pressure: 1.5833539999999999
lambda: 0.0000000000000000
lambda_coupling: 1.0000000000000000
uy: 0.0000000000000000
maximum_displacement: 1.0000000000000000
maximum_rotation: 1.0000000000000000
maximum_volume: 1.0000000000000000
maximum_shape: 0.0000001000000000
maximum_dsigma: 0.0100000000000000
mod: 10
pmod: 10
optimize: 1
verbose: 1
snapshot: 0
display: 1
explore: 1
npt: 1
nptxy: 0
nptdxdy: 0
shape: 0
seed: 1020406
113.559263620086 62.718911500374 0.866025403784 -0.500000000000
79.338219104562 77.305487748200 0.000000000000 1.000000000000
-146.305885613333 47.469742971503 0.000000000000 1.000000000000
-9.388661051981 -34.462132264341 0.866025403784 -0.500000000000
80.212532189341 3.358621698465 0.866025403784 -0.500000000000
-65.020518324060 166.355087490115 0.866025403784 0.500000000000
87.583020866742 11.933134509212 0.866025403784 -0.500000000000
78.586514702293 37.755974392167 0.000000000000 1.000000000000
9.110325629180 67.638018875409 0.866025403784 0.500000000000
-52.552696125286 14.499453049269 0.866025403784 0.500000000000
-26.884660786725 7.014602299284 0.866025403784 -0.500000000000
-99.894512691051 74.208843491746 0.866025403784 -0.500000000000
124.778700008440 -75.950208901511 0.000000000000 1.000000000000
-89.945912542137 -60.742030866025 0.000000000000 1.000000000000
67.676030116570 41.379128677007 0.866025403784 -0.500000000000
-20.412742396912 12.447175050953 0.000000000000 1.000000000000
21.468605148998 -8.000827608897 0.866025403784 -0.500000000000
-31.004175808609 -53.816887689842 0.866025403784 0.500000000000
-77.138407134475 142.170527134371 0.866025403784 -0.500000000000
86.720544254453 19.995089442216 0.866025403784 0.500000000000
