#Configurational_file created 2018-09-14 11:06:32  started 2018-09-14 11:06:32 run for 0.0s steps 0
name: p_89
step: 10000
specie: 20
	particle_diameter: 1.0000000000000000
	interaction_length: 1.2000000000000000
	number_of_patches: 3
	number_of_particles_per_compound: 1
	rod_length: 1.0000000000000000
	interaction_matrix:  1.000000 1.000000 1.000000 1.000000 1.000000 1.000000 1.000000 1.000000 1.000000
	patch_type: symmetric
	patch_width: 8.0000000000000000
	patch_angle: 0.0000000000000000
	angles:  0.000000 0.000000 0.000000
	grand_canonical: 0
	chemical_potential: 0.0000000000000000
box: 51.247304 51.247304
copy: 1.000000 1.000000
epsilon: 0.2143430000000000
end_epsilon: 0.0000000000000000
pressure: 0.0001000000000000
lambda: 0.0000000000000000
lambda_coupling: 1.0000000000000000
uy: 0.0000000000000000
maximum_displacement: 1.0000000000000000
maximum_rotation: 1.0000000000000000
maximum_volume: 1.0000000000000000
maximum_shape: 0.0000001000000000
maximum_dsigma: 0.0100000000000000
mod: 10
pmod: 10
optimize: 1
verbose: 1
snapshot: 0
display: 1
explore: 1
npt: 1
nptxy: 0
nptdxdy: 0
shape: 0
seed: 104063
30.219427723696 -115.962285537477 0.866025403784 -0.500000000000
111.948667669334 285.672434621630 0.866025403784 -0.500000000000
114.538705164420 82.086336638191 0.000000000000 1.000000000000
375.252498387931 27.985475864883 0.000000000000 1.000000000000
30.271856482170 420.243319194203 0.866025403784 -0.500000000000
29.177726767153 -66.250704094273 0.000000000000 1.000000000000
-47.577085932094 -242.896127743826 0.866025403784 0.500000000000
162.321139722468 -59.386231392310 0.866025403784 -0.500000000000
409.604375888715 -145.999363246531 0.866025403784 0.500000000000
43.848347634265 49.488541586082 0.000000000000 1.000000000000
16.670013632084 151.861262893518 0.866025403784 -0.500000000000
-108.545612018308 201.589261441013 0.000000000000 1.000000000000
114.149988910736 4.319955195410 0.866025403784 -0.500000000000
6.002618443823 297.840075332079 0.866025403784 0.500000000000
343.879545429589 83.395186102878 0.866025403784 -0.500000000000
121.571958175388 -158.388627839456 0.866025403784 0.500000000000
90.511352073023 -186.337995184696 0.866025403784 0.500000000000
58.648118516573 -319.784050491847 0.866025403784 -0.500000000000
-43.624641485432 84.718016690177 0.866025403784 -0.500000000000
55.928271218559 -82.571836026255 0.000000000000 1.000000000000
