#Configurational_file created 2018-09-14 12:20:29  started 2018-09-14 12:20:29 run for 0.0s steps 0
name: p_89
step: 10000
specie: 20
	particle_diameter: 1.0000000000000000
	interaction_length: 1.2000000000000000
	number_of_patches: 3
	number_of_particles_per_compound: 1
	rod_length: 1.0000000000000000
	interaction_matrix:  1.000000 1.000000 1.000000 1.000000 1.000000 1.000000 1.000000 1.000000 1.000000
	patch_type: symmetric
	patch_width: 8.0000000000000000
	patch_angle: 0.0000000000000000
	angles:  0.000000 0.000000 0.000000
	grand_canonical: 0
	chemical_potential: 0.0000000000000000
box: 50.101153 50.101153
copy: 1.000000 1.000000
epsilon: 1.5833340000000000
end_epsilon: 0.0000000000000000
pressure: 0.0000010000000000
lambda: 0.0000000000000000
lambda_coupling: 1.0000000000000000
uy: 0.0000000000000000
maximum_displacement: 1.0000000000000000
maximum_rotation: 1.0000000000000000
maximum_volume: 1.0000000000000000
maximum_shape: 0.0000001000000000
maximum_dsigma: 0.0100000000000000
mod: 10
pmod: 10
optimize: 1
verbose: 1
snapshot: 0
display: 1
explore: 1
npt: 1
nptxy: 0
nptdxdy: 0
shape: 0
seed: 103984
363.192429574397 167.953899609372 0.866025403784 -0.500000000000
-133.112277267251 114.164502076103 0.866025403784 0.500000000000
118.998024708345 52.404264177836 0.866025403784 -0.500000000000
22.843955581087 -81.180450247789 0.866025403784 0.500000000000
401.158593852824 -247.737833514820 0.000000000000 1.000000000000
-177.426384335103 4.136365111126 0.866025403784 -0.500000000000
161.220789061588 -93.352957190162 0.866025403784 -0.500000000000
80.601655249251 32.492893246392 0.000000000000 1.000000000000
241.557243773328 174.551441090643 0.000000000000 1.000000000000
130.789137635009 -342.163298421044 0.866025403784 0.500000000000
160.231586337085 119.433268030548 0.000000000000 1.000000000000
-241.563011354584 158.332503530685 0.866025403784 -0.500000000000
-39.556502658323 44.845762719210 0.866025403784 -0.500000000000
347.034279004550 239.527198349626 0.000000000000 1.000000000000
-2.894898536707 69.287070905894 0.000000000000 1.000000000000
-28.999939176680 -223.258993905979 0.000000000000 1.000000000000
314.668354421461 67.373184520203 0.866025403784 -0.500000000000
24.126678696174 -25.896103261282 0.866025403784 0.500000000000
-18.728588912496 -102.147216307492 0.866025403784 -0.500000000000
-318.942873139498 41.119744748545 0.866025403784 -0.500000000000
