#Configurational_file created 2018-09-14 12:00:46  started 2018-09-14 12:00:45 run for 1.0s steps 0
name: p_895
step: 10000
specie: 20
	particle_diameter: 1.0000000000000000
	interaction_length: 1.2000000000000000
	number_of_patches: 3
	number_of_particles_per_compound: 1
	rod_length: 1.0000000000000000
	interaction_matrix:  1.000000 1.000000 1.000000 1.000000 1.000000 1.000000 1.000000 1.000000 1.000000
	patch_type: symmetric
	patch_width: 8.0000000000000000
	patch_angle: 0.0000000000000000
	angles:  0.000000 0.000000 0.000000
	grand_canonical: 0
	chemical_potential: 0.0000000000000000
box: 53.085459 53.085459
copy: 1.000000 1.000000
epsilon: 0.0208340000000000
end_epsilon: 0.0000000000000000
pressure: 0.0791670000000000
lambda: 0.0000000000000000
lambda_coupling: 1.0000000000000000
uy: 0.0000000000000000
maximum_displacement: 1.0000000000000000
maximum_rotation: 1.0000000000000000
maximum_volume: 1.0000000000000000
maximum_shape: 0.0000001000000000
maximum_dsigma: 0.0100000000000000
mod: 10
pmod: 10
optimize: 1
verbose: 1
snapshot: 0
display: 1
explore: 1
npt: 1
nptxy: 0
nptdxdy: 0
shape: 0
seed: 1020406
-58.911809744882 -622.168416120360 0.866025403784 -0.500000000000
86.717417313873 33.373326009630 0.866025403784 0.500000000000
-100.317265326676 -115.873955683184 0.866025403784 0.500000000000
149.671203500778 -275.561285656002 0.000000000000 1.000000000000
87.278697841517 -88.484914367742 0.000000000000 1.000000000000
-132.469835774354 -84.856854844707 0.000000000000 1.000000000000
352.963624419205 188.176244914707 0.866025403784 0.500000000000
20.405578362029 108.706493524873 0.866025403784 -0.500000000000
164.297196961755 186.536548403982 0.866025403784 0.500000000000
-101.918662011908 298.667971314255 0.000000000000 1.000000000000
-25.099100136495 189.426096695804 0.866025403784 -0.500000000000
24.820503887783 109.103116300087 0.000000000000 1.000000000000
129.792645197254 44.598224524007 0.866025403784 -0.500000000000
15.517506870742 204.099285477303 0.866025403784 -0.500000000000
-382.364136384801 259.633857281825 0.866025403784 -0.500000000000
-90.452026983507 2.002003442556 0.866025403784 0.500000000000
-56.605937972378 472.191350473497 0.866025403784 0.500000000000
208.893804016949 -344.937352747620 0.866025403784 0.500000000000
56.601161686084 24.245012184178 0.866025403784 -0.500000000000
151.689958006855 59.314956080268 0.866025403784 -0.500000000000
