#Configurational_file created 2018-09-14 12:00:45  started 2018-09-14 12:00:44 run for 1.0s steps 0
name: p_893
step: 10000
specie: 20
	particle_diameter: 1.0000000000000000
	interaction_length: 1.2000000000000000
	number_of_patches: 3
	number_of_particles_per_compound: 1
	rod_length: 1.0000000000000000
	interaction_matrix:  1.000000 1.000000 1.000000 1.000000 1.000000 1.000000 1.000000 1.000000 1.000000
	patch_type: symmetric
	patch_width: 8.0000000000000000
	patch_angle: 0.0000000000000000
	angles:  0.000000 0.000000 0.000000
	grand_canonical: 0
	chemical_potential: 0.0000000000000000
box: 48.802371 48.802371
copy: 1.000000 1.000000
epsilon: 0.0208340000000000
end_epsilon: 0.0000000000000000
pressure: 0.0708340000000000
lambda: 0.0000000000000000
lambda_coupling: 1.0000000000000000
uy: 0.0000000000000000
maximum_displacement: 1.0000000000000000
maximum_rotation: 1.0000000000000000
maximum_volume: 1.0000000000000000
maximum_shape: 0.0000001000000000
maximum_dsigma: 0.0100000000000000
mod: 10
pmod: 10
optimize: 1
verbose: 1
snapshot: 0
display: 1
explore: 1
npt: 1
nptxy: 0
nptdxdy: 0
shape: 0
seed: 1018132
179.877697836433 83.588672563044 0.000000000000 1.000000000000
-0.520655193513 -12.946006866598 0.000000000000 1.000000000000
111.540222830008 -101.799397462205 0.866025403784 -0.500000000000
180.392356497214 17.602403944108 0.866025403784 0.500000000000
164.259498179022 18.188615501789 0.000000000000 1.000000000000
-1.172024637786 -54.679898455969 0.000000000000 1.000000000000
27.078667972459 -143.788225901493 0.866025403784 0.500000000000
-254.640899149087 -269.799633246683 0.866025403784 -0.500000000000
90.568242240727 -57.671583931486 0.000000000000 1.000000000000
343.921569903837 -319.333564044091 0.000000000000 1.000000000000
-53.100694208115 150.948598301589 0.866025403784 0.500000000000
6.357320639231 24.352641963161 0.866025403784 -0.500000000000
-26.498700555546 0.449383748724 0.000000000000 1.000000000000
-245.237733707827 -160.238839809963 0.866025403784 0.500000000000
-123.699973202627 -232.344165956049 0.866025403784 -0.500000000000
-187.403768629701 190.277924713565 0.866025403784 -0.500000000000
127.124114213495 21.263049164074 0.000000000000 1.000000000000
-29.507838552558 -25.789843108919 0.866025403784 0.500000000000
-58.555775699187 -461.698248849258 0.866025403784 -0.500000000000
198.435407572701 140.092311300531 0.866025403784 0.500000000000
