#Configurational_file created 2018-09-14 12:00:54  started 2018-09-14 12:00:53 run for 1.0s steps 0
name: p_905
step: 10000
specie: 20
	particle_diameter: 1.0000000000000000
	interaction_length: 1.2000000000000000
	number_of_patches: 3
	number_of_particles_per_compound: 1
	rod_length: 1.0000000000000000
	interaction_matrix:  1.000000 1.000000 1.000000 1.000000 1.000000 1.000000 1.000000 1.000000 1.000000
	patch_type: symmetric
	patch_width: 8.0000000000000000
	patch_angle: 0.0000000000000000
	angles:  0.000000 0.000000 0.000000
	grand_canonical: 0
	chemical_potential: 0.0000000000000000
box: 46.334771 46.334771
copy: 1.000000 1.000000
epsilon: 0.0229170000000000
end_epsilon: 0.0000000000000000
pressure: 0.0166680000000000
lambda: 0.0000000000000000
lambda_coupling: 1.0000000000000000
uy: 0.0000000000000000
maximum_displacement: 1.0000000000000000
maximum_rotation: 1.0000000000000000
maximum_volume: 1.0000000000000000
maximum_shape: 0.0000001000000000
maximum_dsigma: 0.0100000000000000
mod: 10
pmod: 10
optimize: 1
verbose: 1
snapshot: 0
display: 1
explore: 1
npt: 1
nptxy: 0
nptdxdy: 0
shape: 0
seed: 1031776
121.331343269520 -209.044970088008 0.000000000000 1.000000000000
-41.466939295986 -34.924511432062 0.866025403784 -0.500000000000
-7.085295540197 93.865626073042 0.866025403784 0.500000000000
84.738875625336 -66.665539455114 0.866025403784 -0.500000000000
72.258261393040 229.531946438132 0.866025403784 0.500000000000
209.594140835438 -195.446593056298 0.866025403784 -0.500000000000
307.238006292635 -272.449431378286 0.866025403784 0.500000000000
-121.992086061925 2.568691503110 0.000000000000 1.000000000000
-6.303206092759 -120.470661906872 0.866025403784 0.500000000000
-272.359414668822 116.247093084274 0.866025403784 0.500000000000
166.269933442647 93.434755426284 0.866025403784 0.500000000000
-110.371658922448 105.588019065788 0.000000000000 1.000000000000
13.592300591791 355.298284407855 0.000000000000 1.000000000000
-124.855200155905 157.969595588839 0.866025403784 0.500000000000
-32.309238459769 231.847713342585 0.866025403784 0.500000000000
-137.412946690696 100.956987560478 0.866025403784 0.500000000000
-69.939153044925 99.635802412685 0.866025403784 0.500000000000
220.088058099483 41.730084173326 0.000000000000 1.000000000000
-76.751651207314 -432.944949433126 0.866025403784 -0.500000000000
333.819792613570 9.601930275977 0.000000000000 1.000000000000
