#Configurational_file created 2018-09-14 11:33:14  started 2018-09-14 11:33:13 run for 1.0s steps 0
name: p_906
step: 10000
specie: 20
	particle_diameter: 1.0000000000000000
	interaction_length: 1.2000000000000000
	number_of_patches: 3
	number_of_particles_per_compound: 1
	rod_length: 1.0000000000000000
	interaction_matrix:  1.000000 1.000000 1.000000 1.000000 1.000000 1.000000 1.000000 1.000000 1.000000
	patch_type: symmetric
	patch_width: 8.0000000000000000
	patch_angle: 0.0000000000000000
	angles:  0.000000 0.000000 0.000000
	grand_canonical: 0
	chemical_potential: 0.0000000000000000
box: 14.822296 14.822296
copy: 1.000000 1.000000
epsilon: 0.2292210000000000
end_epsilon: 0.0000000000000000
pressure: 0.4167460000000000
lambda: 0.0000000000000000
lambda_coupling: 1.0000000000000000
uy: 0.0000000000000000
maximum_displacement: 1.0000000000000000
maximum_rotation: 1.0000000000000000
maximum_volume: 1.0000000000000000
maximum_shape: 0.0000001000000000
maximum_dsigma: 0.0100000000000000
mod: 10
pmod: 10
optimize: 1
verbose: 1
snapshot: 0
display: 1
explore: 1
npt: 1
nptxy: 0
nptdxdy: 0
shape: 0
seed: 1032913
-4.378081448857 40.037889579161 0.866025403784 0.500000000000
-55.412043496310 -17.817745179815 0.866025403784 -0.500000000000
71.567669603357 41.924967275962 0.866025403784 -0.500000000000
-77.517926812124 74.681841701948 0.000000000000 1.000000000000
6.722410544984 -47.418815331115 0.866025403784 0.500000000000
-9.633338358134 96.096912375659 0.866025403784 0.500000000000
190.306093864698 127.956531604643 0.866025403784 0.500000000000
16.098359912524 -50.796783001392 0.000000000000 1.000000000000
17.988834275451 82.924955149846 0.000000000000 1.000000000000
-96.356044045004 66.193239890281 0.000000000000 1.000000000000
102.948421214202 128.283640276190 0.866025403784 -0.500000000000
13.984274122537 56.737540749537 0.000000000000 1.000000000000
-90.577072514656 44.699893065092 0.866025403784 0.500000000000
-35.596932925460 48.545667760589 0.000000000000 1.000000000000
76.558538672880 3.673347716136 0.866025403784 0.500000000000
-6.990170326663 10.329944409059 0.866025403784 -0.500000000000
28.725636892044 17.763225666457 0.866025403784 0.500000000000
6.013593343715 -19.783396698824 0.866025403784 0.500000000000
92.523510902148 33.432447124820 0.866025403784 -0.500000000000
114.348373658400 -80.500915267878 0.866025403784 -0.500000000000
