#Configurational_file created 2018-09-14 13:56:41  started 2018-09-14 13:56:40 run for 1.0s steps 0
name: p_907
step: 10000
specie: 20
	particle_diameter: 1.0000000000000000
	interaction_length: 1.2000000000000000
	number_of_patches: 3
	number_of_particles_per_compound: 1
	rod_length: 1.0000000000000000
	interaction_matrix:  1.000000 1.000000 1.000000 1.000000 1.000000 1.000000 1.000000 1.000000 1.000000
	patch_type: symmetric
	patch_width: 8.0000000000000000
	patch_angle: 0.0000000000000000
	angles:  0.000000 0.000000 0.000000
	grand_canonical: 0
	chemical_potential: 0.0000000000000000
box: 50.272129 50.272129
copy: 1.000000 1.000000
epsilon: 0.0000010000000000
end_epsilon: 0.0000000000000000
pressure: 0.1034490000000000
lambda: 0.0000000000000000
lambda_coupling: 1.0000000000000000
uy: 0.0000000000000000
maximum_displacement: 1.0000000000000000
maximum_rotation: 1.0000000000000000
maximum_volume: 1.0000000000000000
maximum_shape: 0.0000001000000000
maximum_dsigma: 0.0100000000000000
mod: 10
pmod: 10
optimize: 1
verbose: 1
snapshot: 0
display: 1
explore: 1
npt: 1
nptxy: 0
nptdxdy: 0
shape: 0
seed: 1034050
-242.601465076291 -37.237969944567 0.866025403784 -0.500000000000
322.156419457156 -360.189612545225 0.000000000000 1.000000000000
-41.374786396260 -94.035741965806 0.866025403784 -0.500000000000
6.663852821865 -82.075866182157 0.866025403784 0.500000000000
37.725180696969 -318.332568471236 0.866025403784 -0.500000000000
-76.797358833602 221.908163219720 0.866025403784 0.500000000000
188.804806812444 207.391031100280 0.000000000000 1.000000000000
-21.395937658487 -137.678979196046 0.866025403784 0.500000000000
-269.422946347110 -85.551371644079 0.866025403784 0.500000000000
-17.395500425039 354.272744955224 0.866025403784 -0.500000000000
41.865257791086 -175.411689722191 0.866025403784 0.500000000000
252.452269152027 -86.696366384817 0.000000000000 1.000000000000
-91.966578785309 51.713647502876 0.866025403784 0.500000000000
63.133241245565 -43.304663119482 0.866025403784 -0.500000000000
0.910341314076 244.255924717067 0.866025403784 0.500000000000
-126.069987449197 40.328795130739 0.866025403784 -0.500000000000
234.018594350395 -38.156650366794 0.000000000000 1.000000000000
-86.093882345641 283.298222324906 0.866025403784 -0.500000000000
144.419392754616 -21.245422137962 0.000000000000 1.000000000000
189.822430821918 -351.677363362152 0.866025403784 0.500000000000
