#Configurational_file created 2018-09-14 12:00:54  started 2018-09-14 12:00:54 run for 0.0s steps 0
name: p_906
step: 10000
specie: 20
	particle_diameter: 1.0000000000000000
	interaction_length: 1.2000000000000000
	number_of_patches: 3
	number_of_particles_per_compound: 1
	rod_length: 1.0000000000000000
	interaction_matrix:  1.000000 1.000000 1.000000 1.000000 1.000000 1.000000 1.000000 1.000000 1.000000
	patch_type: symmetric
	patch_width: 8.0000000000000000
	patch_angle: 0.0000000000000000
	angles:  0.000000 0.000000 0.000000
	grand_canonical: 0
	chemical_potential: 0.0000000000000000
box: 54.208039 54.208039
copy: 1.000000 1.000000
epsilon: 0.0229170000000000
end_epsilon: 0.0000000000000000
pressure: 0.0208340000000000
lambda: 0.0000000000000000
lambda_coupling: 1.0000000000000000
uy: 0.0000000000000000
maximum_displacement: 1.0000000000000000
maximum_rotation: 1.0000000000000000
maximum_volume: 1.0000000000000000
maximum_shape: 0.0000001000000000
maximum_dsigma: 0.0100000000000000
mod: 10
pmod: 10
optimize: 1
verbose: 1
snapshot: 0
display: 1
explore: 1
npt: 1
nptxy: 0
nptdxdy: 0
shape: 0
seed: 1032913
-251.547879886666 120.696141520692 0.866025403784 0.500000000000
-319.750291028504 -225.548466372385 0.000000000000 1.000000000000
26.583748259561 -96.251591077800 0.866025403784 -0.500000000000
-156.467494587768 172.118795260952 0.000000000000 1.000000000000
76.315026290186 -58.494910155865 0.866025403784 0.500000000000
-3.536049287286 84.273504619073 0.866025403784 -0.500000000000
-60.555136698317 352.902818942890 0.866025403784 0.500000000000
257.018530886003 145.745509585881 0.866025403784 -0.500000000000
-117.919950959698 280.309445129445 0.000000000000 1.000000000000
-291.287390345356 122.415217176012 0.866025403784 0.500000000000
36.955457455037 233.358049957279 0.866025403784 -0.500000000000
-70.199059607628 26.988232384545 0.866025403784 0.500000000000
-2.053148917480 -339.287392172401 0.866025403784 0.500000000000
138.871799757978 316.739112573539 0.866025403784 -0.500000000000
345.027997358944 443.964109071352 0.000000000000 1.000000000000
86.341511212459 276.299682841248 0.866025403784 -0.500000000000
-264.442438880793 -3.895509468973 0.866025403784 0.500000000000
175.537920598075 235.556543543057 0.866025403784 0.500000000000
77.969898856843 156.888201040922 0.866025403784 -0.500000000000
258.612745774716 27.238905604897 0.000000000000 1.000000000000
