#Configurational_file created 2018-09-14 12:00:50  started 2018-09-14 12:00:49 run for 1.0s steps 0
name: p_900
step: 10000
specie: 20
	particle_diameter: 1.0000000000000000
	interaction_length: 1.2000000000000000
	number_of_patches: 3
	number_of_particles_per_compound: 1
	rod_length: 1.0000000000000000
	interaction_matrix:  1.000000 1.000000 1.000000 1.000000 1.000000 1.000000 1.000000 1.000000 1.000000
	patch_type: symmetric
	patch_width: 8.0000000000000000
	patch_angle: 0.0000000000000000
	angles:  0.000000 0.000000 0.000000
	grand_canonical: 0
	chemical_potential: 0.0000000000000000
box: 48.821711 48.821711
copy: 1.000000 1.000000
epsilon: 0.0208340000000000
end_epsilon: 0.0000000000000000
pressure: 0.1000000000000000
lambda: 0.0000000000000000
lambda_coupling: 1.0000000000000000
uy: 0.0000000000000000
maximum_displacement: 1.0000000000000000
maximum_rotation: 1.0000000000000000
maximum_volume: 1.0000000000000000
maximum_shape: 0.0000001000000000
maximum_dsigma: 0.0100000000000000
mod: 10
pmod: 10
optimize: 1
verbose: 1
snapshot: 0
display: 1
explore: 1
npt: 1
nptxy: 0
nptdxdy: 0
shape: 0
seed: 1026091
99.232315452013 173.031453420593 0.866025403784 -0.500000000000
136.157739991652 -61.244802451010 0.866025403784 -0.500000000000
180.014382412658 -198.824004147277 0.000000000000 1.000000000000
314.807374051220 -252.220925506959 0.866025403784 -0.500000000000
261.742771889846 121.397122853084 0.866025403784 -0.500000000000
17.137269676802 14.874842622151 0.000000000000 1.000000000000
11.948928111239 255.142009938248 0.000000000000 1.000000000000
256.943991088557 -18.406681251602 0.866025403784 -0.500000000000
124.469912857581 -447.771761876660 0.866025403784 0.500000000000
47.865595070208 184.677905572922 0.866025403784 0.500000000000
49.586456749970 69.015338594936 0.866025403784 -0.500000000000
-147.665254104455 -131.098669666934 0.866025403784 -0.500000000000
236.558453859557 60.911477759568 0.000000000000 1.000000000000
257.967844811376 427.130679641651 0.866025403784 0.500000000000
230.936007244133 103.883366059477 0.866025403784 0.500000000000
190.128164001984 70.157154945965 0.866025403784 -0.500000000000
-211.428422609466 135.949879334654 0.866025403784 0.500000000000
140.142984754341 123.568818920095 0.866025403784 -0.500000000000
11.107400586842 -300.173803528426 0.866025403784 -0.500000000000
47.193657307441 -186.325774277726 0.000000000000 1.000000000000
