#Configurational_file created 2018-09-14 13:56:40  started 2018-09-14 13:56:39 run for 1.0s steps 0
name: p_906
step: 10000
specie: 20
	particle_diameter: 1.0000000000000000
	interaction_length: 1.2000000000000000
	number_of_patches: 3
	number_of_particles_per_compound: 1
	rod_length: 1.0000000000000000
	interaction_matrix:  1.000000 1.000000 1.000000 1.000000 1.000000 1.000000 1.000000 1.000000 1.000000
	patch_type: symmetric
	patch_width: 8.0000000000000000
	patch_angle: 0.0000000000000000
	angles:  0.000000 0.000000 0.000000
	grand_canonical: 0
	chemical_potential: 0.0000000000000000
box: 49.452867 49.452867
copy: 1.000000 1.000000
epsilon: 0.0000010000000000
end_epsilon: 0.0000000000000000
pressure: 0.0862080000000000
lambda: 0.0000000000000000
lambda_coupling: 1.0000000000000000
uy: 0.0000000000000000
maximum_displacement: 1.0000000000000000
maximum_rotation: 1.0000000000000000
maximum_volume: 1.0000000000000000
maximum_shape: 0.0000001000000000
maximum_dsigma: 0.0100000000000000
mod: 10
pmod: 10
optimize: 1
verbose: 1
snapshot: 0
display: 1
explore: 1
npt: 1
nptxy: 0
nptdxdy: 0
shape: 0
seed: 1032913
-27.077184626608 182.734535774441 0.866025403784 0.500000000000
-87.900081378688 -226.591531500640 0.000000000000 1.000000000000
75.793635864068 89.169089430599 0.866025403784 -0.500000000000
-282.833898338927 332.017397612227 0.000000000000 1.000000000000
-101.178702186081 -33.661048294355 0.866025403784 -0.500000000000
-31.262764113285 85.644065445339 0.866025403784 -0.500000000000
328.688504705982 9.496605803689 0.866025403784 0.500000000000
243.369500084211 -18.979585754557 0.866025403784 0.500000000000
-7.300659223797 42.669050421307 0.866025403784 -0.500000000000
-45.484735440309 129.524019690836 0.000000000000 1.000000000000
113.143945573896 5.386888124953 0.866025403784 0.500000000000
-225.615469368229 74.438337696399 0.866025403784 0.500000000000
-18.256044916584 -42.550144796004 0.000000000000 1.000000000000
-21.593562739612 307.402298801058 0.866025403784 0.500000000000
194.939182864140 156.756833051235 0.866025403784 0.500000000000
146.921926980426 157.746705630835 0.866025403784 -0.500000000000
-148.668193461153 260.779748407411 0.866025403784 0.500000000000
-68.265271207646 -5.154488807382 0.866025403784 -0.500000000000
192.411796522010 285.037619352825 0.866025403784 -0.500000000000
413.752208598015 -75.790675066014 0.000000000000 1.000000000000
