#Configurational_file created 2018-09-14 12:00:52  started 2018-09-14 12:00:51 run for 1.0s steps 0
name: p_903
step: 10000
specie: 20
	particle_diameter: 1.0000000000000000
	interaction_length: 1.2000000000000000
	number_of_patches: 3
	number_of_particles_per_compound: 1
	rod_length: 1.0000000000000000
	interaction_matrix:  1.000000 1.000000 1.000000 1.000000 1.000000 1.000000 1.000000 1.000000 1.000000
	patch_type: symmetric
	patch_width: 8.0000000000000000
	patch_angle: 0.0000000000000000
	angles:  0.000000 0.000000 0.000000
	grand_canonical: 0
	chemical_potential: 0.0000000000000000
box: 45.670646 45.670646
copy: 1.000000 1.000000
epsilon: 0.0229170000000000
end_epsilon: 0.0000000000000000
pressure: 0.0083340000000000
lambda: 0.0000000000000000
lambda_coupling: 1.0000000000000000
uy: 0.0000000000000000
maximum_displacement: 1.0000000000000000
maximum_rotation: 1.0000000000000000
maximum_volume: 1.0000000000000000
maximum_shape: 0.0000001000000000
maximum_dsigma: 0.0100000000000000
mod: 10
pmod: 10
optimize: 1
verbose: 1
snapshot: 0
display: 1
explore: 1
npt: 1
nptxy: 0
nptdxdy: 0
shape: 0
seed: 1029502
45.990895403235 -97.149684782233 0.866025403784 0.500000000000
395.334774839202 185.422319926842 0.000000000000 1.000000000000
-353.690086156156 -298.096338583465 0.000000000000 1.000000000000
298.598932537955 -184.751505290215 0.866025403784 0.500000000000
220.301446449548 -31.492648787292 0.866025403784 0.500000000000
-64.961879667250 201.448881283284 0.866025403784 -0.500000000000
-190.039158417607 109.178574356262 0.866025403784 -0.500000000000
96.188308154331 76.074567995811 0.000000000000 1.000000000000
-13.979361104800 524.054718777887 0.866025403784 0.500000000000
-111.109910828424 137.519806722821 0.866025403784 0.500000000000
237.042165827813 221.708378836203 0.866025403784 0.500000000000
-42.285108320374 251.054092398987 0.866025403784 0.500000000000
-217.282885636123 38.027192995639 0.000000000000 1.000000000000
95.600647687101 -19.522292172818 0.866025403784 -0.500000000000
76.568380115985 19.123865528287 0.866025403784 0.500000000000
-121.224599308140 206.113184336604 0.866025403784 -0.500000000000
-160.605684071250 -120.316210172487 0.866025403784 0.500000000000
-142.938247065355 71.212906041338 0.866025403784 0.500000000000
-159.997777725836 -27.675585481846 0.000000000000 1.000000000000
-86.068221023142 131.023029144183 0.866025403784 -0.500000000000
