#Configurational_file created 2018-09-14 13:56:38  started 2018-09-14 13:56:38 run for 0.0s steps 0
name: p_904
step: 10000
specie: 20
	particle_diameter: 1.0000000000000000
	interaction_length: 1.2000000000000000
	number_of_patches: 3
	number_of_particles_per_compound: 1
	rod_length: 1.0000000000000000
	interaction_matrix:  1.000000 1.000000 1.000000 1.000000 1.000000 1.000000 1.000000 1.000000 1.000000
	patch_type: symmetric
	patch_width: 8.0000000000000000
	patch_angle: 0.0000000000000000
	angles:  0.000000 0.000000 0.000000
	grand_canonical: 0
	chemical_potential: 0.0000000000000000
box: 49.003377 49.003377
copy: 1.000000 1.000000
epsilon: 0.0000010000000000
end_epsilon: 0.0000000000000000
pressure: 0.0517250000000000
lambda: 0.0000000000000000
lambda_coupling: 1.0000000000000000
uy: 0.0000000000000000
maximum_displacement: 1.0000000000000000
maximum_rotation: 1.0000000000000000
maximum_volume: 1.0000000000000000
maximum_shape: 0.0000001000000000
maximum_dsigma: 0.0100000000000000
mod: 10
pmod: 10
optimize: 1
verbose: 1
snapshot: 0
display: 1
explore: 1
npt: 1
nptxy: 0
nptdxdy: 0
shape: 0
seed: 1030639
-168.417731604274 -187.980750474123 0.000000000000 1.000000000000
115.544894606231 241.152473455683 0.866025403784 0.500000000000
163.995453241680 -27.638889316084 0.866025403784 0.500000000000
-314.715650018697 9.351154228211 0.000000000000 1.000000000000
-69.183475288639 131.158955498281 0.000000000000 1.000000000000
188.211949786109 -447.475819823856 0.866025403784 -0.500000000000
-433.842210364780 8.053040688647 0.866025403784 -0.500000000000
173.764233155843 169.492006493713 0.866025403784 -0.500000000000
30.430672232141 -222.088894040775 0.000000000000 1.000000000000
263.175819162729 225.974359165008 0.866025403784 0.500000000000
220.067382163480 23.199473114347 0.866025403784 0.500000000000
-261.132259745313 324.732757256577 0.866025403784 -0.500000000000
-75.412559536363 -172.371033294316 0.866025403784 0.500000000000
-113.935429503029 103.180823786670 0.866025403784 -0.500000000000
77.217287806218 82.955115214878 0.866025403784 -0.500000000000
249.140196235331 2.047001791550 0.866025403784 -0.500000000000
-128.121634974268 252.698785252016 0.000000000000 1.000000000000
-18.988580160644 271.791178117031 0.000000000000 1.000000000000
-314.412100165651 96.683512832056 0.000000000000 1.000000000000
61.367731106690 9.782708034918 0.000000000000 1.000000000000
