#Configurational_file created 2018-09-14 13:56:37  started 2018-09-14 13:56:36 run for 1.0s steps 0
name: p_902
step: 10000
specie: 20
	particle_diameter: 1.0000000000000000
	interaction_length: 1.2000000000000000
	number_of_patches: 3
	number_of_particles_per_compound: 1
	rod_length: 1.0000000000000000
	interaction_matrix:  1.000000 1.000000 1.000000 1.000000 1.000000 1.000000 1.000000 1.000000 1.000000
	patch_type: symmetric
	patch_width: 8.0000000000000000
	patch_angle: 0.0000000000000000
	angles:  0.000000 0.000000 0.000000
	grand_canonical: 0
	chemical_potential: 0.0000000000000000
box: 51.466866 51.466866
copy: 1.000000 1.000000
epsilon: 0.0000010000000000
end_epsilon: 0.0000000000000000
pressure: 0.0172420000000000
lambda: 0.0000000000000000
lambda_coupling: 1.0000000000000000
uy: 0.0000000000000000
maximum_displacement: 1.0000000000000000
maximum_rotation: 1.0000000000000000
maximum_volume: 1.0000000000000000
maximum_shape: 0.0000001000000000
maximum_dsigma: 0.0100000000000000
mod: 10
pmod: 10
optimize: 1
verbose: 1
snapshot: 0
display: 1
explore: 1
npt: 1
nptxy: 0
nptdxdy: 0
shape: 0
seed: 1028365
288.370105458083 -66.858889810759 0.866025403784 0.500000000000
269.340295869741 45.239451693033 0.866025403784 0.500000000000
-169.071088213265 161.381676102527 0.866025403784 -0.500000000000
-30.984218236248 259.487107333439 0.866025403784 0.500000000000
249.491352023004 -150.894109390753 0.866025403784 0.500000000000
20.841822521576 -72.816330176036 0.866025403784 0.500000000000
290.155593360664 -49.174206257882 0.866025403784 -0.500000000000
92.053535523379 -145.211791706088 0.866025403784 0.500000000000
183.567473787700 27.469940514413 0.866025403784 -0.500000000000
-61.722129030829 300.485109279769 0.866025403784 0.500000000000
-213.328606953511 -36.131874380351 0.866025403784 0.500000000000
160.442734745252 -148.961337121666 0.866025403784 -0.500000000000
254.162014533998 2.673590028468 0.866025403784 0.500000000000
194.373181363033 64.688429925265 0.866025403784 0.500000000000
18.476490035735 16.482264527074 0.866025403784 0.500000000000
-123.909703831917 107.674375049844 0.866025403784 -0.500000000000
480.036908034299 -21.806360262346 0.866025403784 -0.500000000000
155.777593594140 -4.029196606390 0.000000000000 1.000000000000
-121.641501383174 637.317901793365 0.866025403784 -0.500000000000
-59.806457248982 -64.241794231100 0.000000000000 1.000000000000
