#Configurational_file created 2018-09-14 11:33:13  started 2018-09-14 11:33:12 run for 1.0s steps 0
name: p_905
step: 10000
specie: 20
	particle_diameter: 1.0000000000000000
	interaction_length: 1.2000000000000000
	number_of_patches: 3
	number_of_particles_per_compound: 1
	rod_length: 1.0000000000000000
	interaction_matrix:  1.000000 1.000000 1.000000 1.000000 1.000000 1.000000 1.000000 1.000000 1.000000
	patch_type: symmetric
	patch_width: 8.0000000000000000
	patch_angle: 0.0000000000000000
	angles:  0.000000 0.000000 0.000000
	grand_canonical: 0
	chemical_potential: 0.0000000000000000
box: 17.667033 17.667033
copy: 1.000000 1.000000
epsilon: 0.2292210000000000
end_epsilon: 0.0000000000000000
pressure: 0.3334170000000000
lambda: 0.0000000000000000
lambda_coupling: 1.0000000000000000
uy: 0.0000000000000000
maximum_displacement: 1.0000000000000000
maximum_rotation: 1.0000000000000000
maximum_volume: 1.0000000000000000
maximum_shape: 0.0000001000000000
maximum_dsigma: 0.0100000000000000
mod: 10
pmod: 10
optimize: 1
verbose: 1
snapshot: 0
display: 1
explore: 1
npt: 1
nptxy: 0
nptdxdy: 0
shape: 0
seed: 1031776
112.982802704819 -38.477063170309 0.866025403784 -0.500000000000
-19.652303108767 85.907653387938 0.000000000000 1.000000000000
-5.488910124746 -41.026815421529 0.866025403784 0.500000000000
-196.731761184201 107.267773707378 0.000000000000 1.000000000000
-174.211545437676 149.336150953514 0.000000000000 1.000000000000
110.479811339493 -82.980444788524 0.866025403784 0.500000000000
114.648214554563 19.501689907134 0.866025403784 -0.500000000000
-95.508068046757 121.266311227940 0.000000000000 1.000000000000
0.684746730756 -107.686200187541 0.000000000000 1.000000000000
-28.275878181639 -13.428695854245 0.866025403784 0.500000000000
11.253048439607 -67.547707112727 0.866025403784 -0.500000000000
-10.611777161762 -176.126289189228 0.866025403784 -0.500000000000
47.219732916849 41.081385387226 0.866025403784 0.500000000000
-56.561233884742 179.096672974521 0.866025403784 0.500000000000
82.290086073680 35.030319969013 0.866025403784 0.500000000000
102.351478959200 -90.139767465094 0.866025403784 0.500000000000
90.723763047017 51.862022601367 0.866025403784 -0.500000000000
-149.337488437639 49.663088975185 0.866025403784 0.500000000000
-98.681054349315 -93.382411646414 0.866025403784 -0.500000000000
112.016987012201 42.329972113867 0.000000000000 1.000000000000
