#Configurational_file created 2018-09-14 11:33:15  started 2018-09-14 11:33:14 run for 1.0s steps 0
name: p_908
step: 10000
specie: 20
	particle_diameter: 1.0000000000000000
	interaction_length: 1.2000000000000000
	number_of_patches: 3
	number_of_particles_per_compound: 1
	rod_length: 1.0000000000000000
	interaction_matrix:  1.000000 1.000000 1.000000 1.000000 1.000000 1.000000 1.000000 1.000000 1.000000
	patch_type: symmetric
	patch_width: 8.0000000000000000
	patch_angle: 0.0000000000000000
	angles:  0.000000 0.000000 0.000000
	grand_canonical: 0
	chemical_potential: 0.0000000000000000
box: 14.059743 14.059743
copy: 1.000000 1.000000
epsilon: 0.2292210000000000
end_epsilon: 0.0000000000000000
pressure: 0.5834040000000000
lambda: 0.0000000000000000
lambda_coupling: 1.0000000000000000
uy: 0.0000000000000000
maximum_displacement: 1.0000000000000000
maximum_rotation: 1.0000000000000000
maximum_volume: 1.0000000000000000
maximum_shape: 0.0000001000000000
maximum_dsigma: 0.0100000000000000
mod: 10
pmod: 10
optimize: 1
verbose: 1
snapshot: 0
display: 1
explore: 1
npt: 1
nptxy: 0
nptdxdy: 0
shape: 0
seed: 1035187
42.526574394990 10.481942477322 0.866025403784 -0.500000000000
-78.298050010794 96.546994372200 0.866025403784 -0.500000000000
115.594461906531 28.375071715088 0.000000000000 1.000000000000
2.284258485440 27.391527633984 0.000000000000 1.000000000000
-4.610817985130 116.010478077178 0.866025403784 0.500000000000
105.577728929640 -6.958363395464 0.866025403784 0.500000000000
79.852045810013 -120.348593335301 0.000000000000 1.000000000000
21.356801448688 44.580644468822 0.866025403784 0.500000000000
-67.956976119392 -163.816739313934 0.866025403784 0.500000000000
71.908813292500 -42.085555034380 0.000000000000 1.000000000000
-59.155787785295 52.921186661550 0.866025403784 -0.500000000000
-49.634956825175 17.228680873745 0.866025403784 -0.500000000000
-89.238980447939 -5.244294700219 0.866025403784 -0.500000000000
-88.392873602380 -77.053854715729 0.866025403784 0.500000000000
104.583725199112 -222.890878728104 0.866025403784 0.500000000000
59.720350204722 73.776977327509 0.866025403784 0.500000000000
-45.189739860511 107.190731028041 0.866025403784 0.500000000000
-79.178614881713 102.425405189385 0.866025403784 0.500000000000
113.632637659046 -14.829684151290 0.866025403784 0.500000000000
51.905125398863 -102.008185854523 0.866025403784 0.500000000000
