#Configurational_file created 2018-09-14 11:33:11  started 2018-09-14 11:33:10 run for 1.0s steps 0
name: p_902
step: 10000
specie: 20
	particle_diameter: 1.0000000000000000
	interaction_length: 1.2000000000000000
	number_of_patches: 3
	number_of_particles_per_compound: 1
	rod_length: 1.0000000000000000
	interaction_matrix:  1.000000 1.000000 1.000000 1.000000 1.000000 1.000000 1.000000 1.000000 1.000000
	patch_type: symmetric
	patch_width: 8.0000000000000000
	patch_angle: 0.0000000000000000
	angles:  0.000000 0.000000 0.000000
	grand_canonical: 0
	chemical_potential: 0.0000000000000000
box: 33.131123 33.131123
copy: 1.000000 1.000000
epsilon: 0.2292210000000000
end_epsilon: 0.0000000000000000
pressure: 0.0834290000000000
lambda: 0.0000000000000000
lambda_coupling: 1.0000000000000000
uy: 0.0000000000000000
maximum_displacement: 1.0000000000000000
maximum_rotation: 1.0000000000000000
maximum_volume: 1.0000000000000000
maximum_shape: 0.0000001000000000
maximum_dsigma: 0.0100000000000000
mod: 10
pmod: 10
optimize: 1
verbose: 1
snapshot: 0
display: 1
explore: 1
npt: 1
nptxy: 0
nptdxdy: 0
shape: 0
seed: 1028365
39.254957546661 -71.080898478971 0.866025403784 -0.500000000000
-212.593145624135 104.255924955159 0.866025403784 -0.500000000000
150.247477188119 150.966965294492 0.000000000000 1.000000000000
-192.248175275401 175.718051086702 0.000000000000 1.000000000000
-15.752676013011 -46.377348070868 0.000000000000 1.000000000000
87.178482126757 -102.844155945482 0.866025403784 -0.500000000000
-10.538783379588 113.484275743271 0.866025403784 0.500000000000
50.006172806358 -174.752681169944 0.000000000000 1.000000000000
219.864305216385 -51.978370947576 0.866025403784 -0.500000000000
306.370026613397 -4.380299624949 0.866025403784 -0.500000000000
234.038809734011 143.657921230234 0.866025403784 0.500000000000
147.857800634933 174.853274547216 0.000000000000 1.000000000000
62.174769707651 140.844393676008 0.000000000000 1.000000000000
81.489841711650 0.561343047523 0.866025403784 -0.500000000000
264.449891992869 -75.544027333694 0.000000000000 1.000000000000
-124.519998322207 -135.297663027958 0.866025403784 -0.500000000000
266.445307967942 -3.708164720892 0.000000000000 1.000000000000
117.830407372773 174.718408154414 0.866025403784 0.500000000000
145.099856017992 421.843818432416 0.000000000000 1.000000000000
-284.671211476503 90.755885681955 0.866025403784 -0.500000000000
