#Configurational_file created 2018-09-14 12:00:56  started 2018-09-14 12:00:56 run for 0.0s steps 0
name: p_909
step: 10000
specie: 20
	particle_diameter: 1.0000000000000000
	interaction_length: 1.2000000000000000
	number_of_patches: 3
	number_of_particles_per_compound: 1
	rod_length: 1.0000000000000000
	interaction_matrix:  1.000000 1.000000 1.000000 1.000000 1.000000 1.000000 1.000000 1.000000 1.000000
	patch_type: symmetric
	patch_width: 8.0000000000000000
	patch_angle: 0.0000000000000000
	angles:  0.000000 0.000000 0.000000
	grand_canonical: 0
	chemical_potential: 0.0000000000000000
box: 43.266859 43.266859
copy: 1.000000 1.000000
epsilon: 0.0229170000000000
end_epsilon: 0.0000000000000000
pressure: 0.0333340000000000
lambda: 0.0000000000000000
lambda_coupling: 1.0000000000000000
uy: 0.0000000000000000
maximum_displacement: 1.0000000000000000
maximum_rotation: 1.0000000000000000
maximum_volume: 1.0000000000000000
maximum_shape: 0.0000001000000000
maximum_dsigma: 0.0100000000000000
mod: 10
pmod: 10
optimize: 1
verbose: 1
snapshot: 0
display: 1
explore: 1
npt: 1
nptxy: 0
nptdxdy: 0
shape: 0
seed: 1036324
-3.563282911243 -124.747127747487 0.000000000000 1.000000000000
-444.652005960788 -41.044505083943 0.000000000000 1.000000000000
170.836598407749 105.227580329754 0.000000000000 1.000000000000
4.967297402377 248.676684872589 0.000000000000 1.000000000000
-14.515472588445 -61.608007613818 0.866025403784 -0.500000000000
26.458307095301 138.075111267136 0.866025403784 0.500000000000
31.088997620466 101.498806729696 0.000000000000 1.000000000000
-36.529499693760 130.257844593234 0.866025403784 -0.500000000000
-51.005672196542 -13.553948999271 0.000000000000 1.000000000000
-47.565443780935 172.848868987698 0.866025403784 0.500000000000
-90.468192941837 175.727254487756 0.866025403784 -0.500000000000
-42.069671155722 277.942085122263 0.000000000000 1.000000000000
-185.866571632212 71.957784317961 0.866025403784 0.500000000000
-171.384217655328 -296.221564041293 0.000000000000 1.000000000000
-4.438175922512 135.496313112110 0.866025403784 0.500000000000
57.255151886375 -20.522022065696 0.866025403784 0.500000000000
-4.211906065945 54.985034130961 0.866025403784 -0.500000000000
138.773635348251 30.791570548404 0.866025403784 -0.500000000000
-11.929903023926 -23.249806367377 0.866025403784 -0.500000000000
60.831426769838 138.669575770855 0.866025403784 0.500000000000
