#Configurational_file created 2018-09-14 12:00:53  started 2018-09-14 12:00:52 run for 1.0s steps 0
name: p_904
step: 10000
specie: 20
	particle_diameter: 1.0000000000000000
	interaction_length: 1.2000000000000000
	number_of_patches: 3
	number_of_particles_per_compound: 1
	rod_length: 1.0000000000000000
	interaction_matrix:  1.000000 1.000000 1.000000 1.000000 1.000000 1.000000 1.000000 1.000000 1.000000
	patch_type: symmetric
	patch_width: 8.0000000000000000
	patch_angle: 0.0000000000000000
	angles:  0.000000 0.000000 0.000000
	grand_canonical: 0
	chemical_potential: 0.0000000000000000
box: 45.226165 45.226165
copy: 1.000000 1.000000
epsilon: 0.0229170000000000
end_epsilon: 0.0000000000000000
pressure: 0.0125010000000000
lambda: 0.0000000000000000
lambda_coupling: 1.0000000000000000
uy: 0.0000000000000000
maximum_displacement: 1.0000000000000000
maximum_rotation: 1.0000000000000000
maximum_volume: 1.0000000000000000
maximum_shape: 0.0000001000000000
maximum_dsigma: 0.0100000000000000
mod: 10
pmod: 10
optimize: 1
verbose: 1
snapshot: 0
display: 1
explore: 1
npt: 1
nptxy: 0
nptdxdy: 0
shape: 0
seed: 1030639
-139.701956841116 -13.624883580225 0.000000000000 1.000000000000
20.669076581704 -81.274364903895 0.866025403784 0.500000000000
-186.083858773386 163.654218853962 0.000000000000 1.000000000000
232.158877152964 94.752323540555 0.866025403784 0.500000000000
30.465204999046 130.449191277537 0.866025403784 -0.500000000000
-77.613115928595 121.871416901237 0.866025403784 0.500000000000
-333.275340131680 172.110206479933 0.866025403784 0.500000000000
243.963372908767 -40.853221720867 0.866025403784 0.500000000000
-161.220996516134 310.628776768807 0.866025403784 -0.500000000000
232.313320379539 61.754191860798 0.000000000000 1.000000000000
-204.660516452769 79.054238879772 0.000000000000 1.000000000000
-226.845328570483 -4.327441146847 0.866025403784 -0.500000000000
-161.869422270284 61.706560541642 0.000000000000 1.000000000000
190.365680995964 257.272650139280 0.866025403784 0.500000000000
104.731250629931 146.394456395484 0.000000000000 1.000000000000
-12.436965707836 168.221573323033 0.866025403784 -0.500000000000
-38.577725308654 43.593122395304 0.866025403784 0.500000000000
128.968743731870 235.221917611678 0.000000000000 1.000000000000
-78.513993511390 -91.692899239031 0.866025403784 0.500000000000
-23.668127990583 -68.569053293779 0.000000000000 1.000000000000
