#Configurational_file created 2018-09-14 11:06:33  started 2018-09-14 11:06:32 run for 1.0s steps 0
name: p_90
step: 10000
specie: 20
	particle_diameter: 1.0000000000000000
	interaction_length: 1.2000000000000000
	number_of_patches: 3
	number_of_particles_per_compound: 1
	rod_length: 1.0000000000000000
	interaction_matrix:  1.000000 1.000000 1.000000 1.000000 1.000000 1.000000 1.000000 1.000000 1.000000
	patch_type: symmetric
	patch_width: 8.0000000000000000
	patch_angle: 0.0000000000000000
	angles:  0.000000 0.000000 0.000000
	grand_canonical: 0
	chemical_potential: 0.0000000000000000
box: 17.015927 17.015927
copy: 1.000000 1.000000
epsilon: 0.2143430000000000
end_epsilon: 0.0000000000000000
pressure: 0.2858000000000000
lambda: 0.0000000000000000
lambda_coupling: 1.0000000000000000
uy: 0.0000000000000000
maximum_displacement: 1.0000000000000000
maximum_rotation: 1.0000000000000000
maximum_volume: 1.0000000000000000
maximum_shape: 0.0000001000000000
maximum_dsigma: 0.0100000000000000
mod: 10
pmod: 10
optimize: 1
verbose: 1
snapshot: 0
display: 1
explore: 1
npt: 1
nptxy: 0
nptdxdy: 0
shape: 0
seed: 105200
170.264649534210 -158.564170267578 0.000000000000 1.000000000000
27.053055913953 -21.673692317727 0.866025403784 0.500000000000
-110.658665094049 -57.018650540608 0.866025403784 0.500000000000
86.958730464820 48.138460804600 0.866025403784 0.500000000000
-44.346028118609 41.511686350142 0.866025403784 0.500000000000
-33.492919849703 -77.765174435360 0.000000000000 1.000000000000
93.026124346273 -4.534925003705 0.866025403784 0.500000000000
175.361127579283 -112.215413614274 0.866025403784 -0.500000000000
75.114010185553 53.176021214381 0.866025403784 0.500000000000
95.071836433537 -73.985927675140 0.866025403784 0.500000000000
126.817142388700 -70.832748727682 0.866025403784 -0.500000000000
-80.338054848595 55.076653735875 0.866025403784 -0.500000000000
203.333737226307 -117.595232040095 0.866025403784 -0.500000000000
94.606714033555 67.670708766788 0.000000000000 1.000000000000
49.910321017209 29.470475323238 0.000000000000 1.000000000000
-75.441650545133 85.930191906351 0.866025403784 0.500000000000
-46.032642554207 35.705740869778 0.000000000000 1.000000000000
-40.593787303889 15.439129926571 0.000000000000 1.000000000000
-19.575170705072 95.229248065175 0.866025403784 0.500000000000
-34.196986872113 30.997382696129 0.866025403784 0.500000000000
