#Configurational_file created 2018-09-14 11:33:14  started 2018-09-14 11:33:14 run for 0.0s steps 0
name: p_907
step: 10000
specie: 20
	particle_diameter: 1.0000000000000000
	interaction_length: 1.2000000000000000
	number_of_patches: 3
	number_of_particles_per_compound: 1
	rod_length: 1.0000000000000000
	interaction_matrix:  1.000000 1.000000 1.000000 1.000000 1.000000 1.000000 1.000000 1.000000 1.000000
	patch_type: symmetric
	patch_width: 8.0000000000000000
	patch_angle: 0.0000000000000000
	angles:  0.000000 0.000000 0.000000
	grand_canonical: 0
	chemical_potential: 0.0000000000000000
box: 15.100347 15.100347
copy: 1.000000 1.000000
epsilon: 0.2292210000000000
end_epsilon: 0.0000000000000000
pressure: 0.5000750000000000
lambda: 0.0000000000000000
lambda_coupling: 1.0000000000000000
uy: 0.0000000000000000
maximum_displacement: 1.0000000000000000
maximum_rotation: 1.0000000000000000
maximum_volume: 1.0000000000000000
maximum_shape: 0.0000001000000000
maximum_dsigma: 0.0100000000000000
mod: 10
pmod: 10
optimize: 1
verbose: 1
snapshot: 0
display: 1
explore: 1
npt: 1
nptxy: 0
nptdxdy: 0
shape: 0
seed: 1034050
-74.283954100743 -41.895649456577 0.866025403784 -0.500000000000
53.299275351852 -40.440302151758 0.866025403784 0.500000000000
6.132800371693 66.837206399578 0.866025403784 -0.500000000000
78.262130216357 46.837379888583 0.000000000000 1.000000000000
32.721486214832 -179.322238876282 0.866025403784 -0.500000000000
93.047229557810 13.815758828757 0.866025403784 0.500000000000
114.013843934896 -33.335813500965 0.866025403784 0.500000000000
86.291249568599 152.285279311125 0.000000000000 1.000000000000
168.416335648965 -50.378053378655 0.000000000000 1.000000000000
-38.903313246028 124.889251603868 0.000000000000 1.000000000000
41.785594222131 34.275740111611 0.866025403784 -0.500000000000
50.852917869983 86.237357907192 0.866025403784 -0.500000000000
-46.878243064316 74.273064861461 0.000000000000 1.000000000000
-17.489392275922 163.650370439624 0.866025403784 -0.500000000000
-107.608201857004 92.581727334567 0.000000000000 1.000000000000
18.947254533080 -5.486608550467 0.000000000000 1.000000000000
-25.095955683665 -16.906194917628 0.866025403784 -0.500000000000
98.226060220028 -92.650411100017 0.866025403784 0.500000000000
-110.648834858545 83.299634243695 0.866025403784 -0.500000000000
41.381025240978 87.210323585437 0.866025403784 -0.500000000000
