#Configurational_file created 2018-09-14 12:00:56  started 2018-09-14 12:00:55 run for 1.0s steps 0
name: p_908
step: 10000
specie: 20
	particle_diameter: 1.0000000000000000
	interaction_length: 1.2000000000000000
	number_of_patches: 3
	number_of_particles_per_compound: 1
	rod_length: 1.0000000000000000
	interaction_matrix:  1.000000 1.000000 1.000000 1.000000 1.000000 1.000000 1.000000 1.000000 1.000000
	patch_type: symmetric
	patch_width: 8.0000000000000000
	patch_angle: 0.0000000000000000
	angles:  0.000000 0.000000 0.000000
	grand_canonical: 0
	chemical_potential: 0.0000000000000000
box: 51.875008 51.875008
copy: 1.000000 1.000000
epsilon: 0.0229170000000000
end_epsilon: 0.0000000000000000
pressure: 0.0291670000000000
lambda: 0.0000000000000000
lambda_coupling: 1.0000000000000000
uy: 0.0000000000000000
maximum_displacement: 1.0000000000000000
maximum_rotation: 1.0000000000000000
maximum_volume: 1.0000000000000000
maximum_shape: 0.0000001000000000
maximum_dsigma: 0.0100000000000000
mod: 10
pmod: 10
optimize: 1
verbose: 1
snapshot: 0
display: 1
explore: 1
npt: 1
nptxy: 0
nptdxdy: 0
shape: 0
seed: 1035187
9.446654957188 151.272789911344 0.866025403784 -0.500000000000
132.499596162978 206.381273259815 0.866025403784 -0.500000000000
-62.207512192668 104.995040369783 0.866025403784 -0.500000000000
-53.057045213246 -161.216948981277 0.000000000000 1.000000000000
-197.502321454062 -192.479315528086 0.000000000000 1.000000000000
83.619669626711 -51.580189471745 0.000000000000 1.000000000000
-85.583068925715 -177.811300827375 0.866025403784 -0.500000000000
-125.120227466810 328.578852832333 0.000000000000 1.000000000000
233.213614155632 85.722959720631 0.866025403784 0.500000000000
153.270498876922 -181.231040930795 0.866025403784 -0.500000000000
154.095919796146 119.932180557081 0.866025403784 -0.500000000000
421.886947995953 -157.080565819860 0.866025403784 0.500000000000
-208.312114131855 52.572124152666 0.866025403784 -0.500000000000
36.104952096306 -147.414500278273 0.000000000000 1.000000000000
-152.704401874518 -73.332568492598 0.866025403784 0.500000000000
56.332345854321 -90.299483044314 0.866025403784 -0.500000000000
14.526854406804 -37.875417755440 0.000000000000 1.000000000000
-58.865489760942 -164.338400035093 0.866025403784 0.500000000000
-232.177886918932 266.250453440336 0.000000000000 1.000000000000
-134.374973230450 -267.045053804965 0.866025403784 -0.500000000000
