#Configurational_file created 2018-09-14 12:00:55  started 2018-09-14 12:00:54 run for 1.0s steps 0
name: p_907
step: 10000
specie: 20
	particle_diameter: 1.0000000000000000
	interaction_length: 1.2000000000000000
	number_of_patches: 3
	number_of_particles_per_compound: 1
	rod_length: 1.0000000000000000
	interaction_matrix:  1.000000 1.000000 1.000000 1.000000 1.000000 1.000000 1.000000 1.000000 1.000000
	patch_type: symmetric
	patch_width: 8.0000000000000000
	patch_angle: 0.0000000000000000
	angles:  0.000000 0.000000 0.000000
	grand_canonical: 0
	chemical_potential: 0.0000000000000000
box: 48.690954 48.690954
copy: 1.000000 1.000000
epsilon: 0.0229170000000000
end_epsilon: 0.0000000000000000
pressure: 0.0250010000000000
lambda: 0.0000000000000000
lambda_coupling: 1.0000000000000000
uy: 0.0000000000000000
maximum_displacement: 1.0000000000000000
maximum_rotation: 1.0000000000000000
maximum_volume: 1.0000000000000000
maximum_shape: 0.0000001000000000
maximum_dsigma: 0.0100000000000000
mod: 10
pmod: 10
optimize: 1
verbose: 1
snapshot: 0
display: 1
explore: 1
npt: 1
nptxy: 0
nptdxdy: 0
shape: 0
seed: 1034050
-67.466095717707 163.179721232368 0.000000000000 1.000000000000
169.435224461525 -194.425183593969 0.000000000000 1.000000000000
-18.112500641777 184.248189137911 0.000000000000 1.000000000000
-41.580962195322 292.257133355525 0.866025403784 0.500000000000
-107.638740639459 217.320636449725 0.866025403784 -0.500000000000
-58.466949993630 -30.792285714465 0.866025403784 -0.500000000000
25.610874074340 23.020765521681 0.866025403784 -0.500000000000
26.254237069470 -48.190088884035 0.000000000000 1.000000000000
278.831107839235 -164.790229193012 0.866025403784 0.500000000000
-52.251905504927 65.290067476754 0.866025403784 0.500000000000
-135.970162546857 161.082892399797 0.000000000000 1.000000000000
-72.389011481641 74.104210132649 0.866025403784 0.500000000000
-78.895955842810 176.686369402940 0.866025403784 0.500000000000
-197.268630376017 -35.829209372798 0.866025403784 0.500000000000
-39.333446364525 241.556477824416 0.866025403784 -0.500000000000
-238.355349735620 135.529562793392 0.866025403784 -0.500000000000
-191.089762861202 135.673122906824 0.000000000000 1.000000000000
51.864258181970 161.201926219908 0.000000000000 1.000000000000
-72.612884236924 -202.876996577782 0.866025403784 -0.500000000000
257.106937119549 -31.770597121907 0.866025403784 -0.500000000000
