#Configurational_file created 2018-09-14 11:33:12  started 2018-09-14 11:33:11 run for 1.0s steps 0
name: p_903
step: 10000
specie: 20
	particle_diameter: 1.0000000000000000
	interaction_length: 1.2000000000000000
	number_of_patches: 3
	number_of_particles_per_compound: 1
	rod_length: 1.0000000000000000
	interaction_matrix:  1.000000 1.000000 1.000000 1.000000 1.000000 1.000000 1.000000 1.000000 1.000000
	patch_type: symmetric
	patch_width: 8.0000000000000000
	patch_angle: 0.0000000000000000
	angles:  0.000000 0.000000 0.000000
	grand_canonical: 0
	chemical_potential: 0.0000000000000000
box: 26.848220 26.848220
copy: 1.000000 1.000000
epsilon: 0.2292210000000000
end_epsilon: 0.0000000000000000
pressure: 0.1667580000000000
lambda: 0.0000000000000000
lambda_coupling: 1.0000000000000000
uy: 0.0000000000000000
maximum_displacement: 1.0000000000000000
maximum_rotation: 1.0000000000000000
maximum_volume: 1.0000000000000000
maximum_shape: 0.0000001000000000
maximum_dsigma: 0.0100000000000000
mod: 10
pmod: 10
optimize: 1
verbose: 1
snapshot: 0
display: 1
explore: 1
npt: 1
nptxy: 0
nptdxdy: 0
shape: 0
seed: 1029502
169.282984210487 117.584360496237 0.866025403784 0.500000000000
105.886308024667 -25.964941705930 0.866025403784 -0.500000000000
-61.211155765915 6.798158558400 0.000000000000 1.000000000000
-119.207340988980 -40.185342898694 0.866025403784 0.500000000000
103.977476902429 -244.019353627919 0.866025403784 -0.500000000000
-79.392336133346 -56.880186493515 0.866025403784 -0.500000000000
-153.892929885371 120.241886857657 0.866025403784 0.500000000000
28.406441281205 -5.206465644691 0.866025403784 -0.500000000000
122.938214546780 240.041179879930 0.000000000000 1.000000000000
32.037075516730 14.912780490041 0.866025403784 -0.500000000000
92.500184567800 21.528807391557 0.000000000000 1.000000000000
-94.339705782045 121.917894503605 0.866025403784 0.500000000000
-107.141064564474 -81.218517768230 0.866025403784 -0.500000000000
-58.975052373503 93.148365054129 0.000000000000 1.000000000000
36.877216639269 85.463157713447 0.000000000000 1.000000000000
235.769993757954 -30.971095327968 0.866025403784 -0.500000000000
-138.152628083328 -86.259094767127 0.866025403784 -0.500000000000
-1.841839645852 78.138987017036 0.866025403784 0.500000000000
16.463178511538 71.615363178371 0.866025403784 -0.500000000000
-49.228908937152 -50.716900660779 0.866025403784 -0.500000000000
