#Configurational_file created 2018-09-14 12:20:30  started 2018-09-14 12:20:29 run for 1.0s steps 0
name: p_90
step: 10000
specie: 20
	particle_diameter: 1.0000000000000000
	interaction_length: 1.2000000000000000
	number_of_patches: 3
	number_of_particles_per_compound: 1
	rod_length: 1.0000000000000000
	interaction_matrix:  1.000000 1.000000 1.000000 1.000000 1.000000 1.000000 1.000000 1.000000 1.000000
	patch_type: symmetric
	patch_width: 8.0000000000000000
	patch_angle: 0.0000000000000000
	angles:  0.000000 0.000000 0.000000
	grand_canonical: 0
	chemical_potential: 0.0000000000000000
box: 11.382826 11.382826
copy: 1.000000 1.000000
epsilon: 1.5833340000000000
end_epsilon: 0.0000000000000000
pressure: 0.1000000000000000
lambda: 0.0000000000000000
lambda_coupling: 1.0000000000000000
uy: 0.0000000000000000
maximum_displacement: 1.0000000000000000
maximum_rotation: 1.0000000000000000
maximum_volume: 1.0000000000000000
maximum_shape: 0.0000001000000000
maximum_dsigma: 0.0100000000000000
mod: 10
pmod: 10
optimize: 1
verbose: 1
snapshot: 0
display: 1
explore: 1
npt: 1
nptxy: 0
nptdxdy: 0
shape: 0
seed: 105121
36.876224962618 -61.438792107413 0.866025403784 0.500000000000
-102.742975157515 -82.692172811140 0.000000000000 1.000000000000
96.101272403784 64.953784111287 0.866025403784 0.500000000000
24.253141898219 185.869685207653 0.866025403784 -0.500000000000
-48.401612704506 -14.794330803712 0.866025403784 0.500000000000
-4.341470065407 39.969721660906 0.000000000000 1.000000000000
31.707488298326 80.564190860833 0.866025403784 0.500000000000
-79.683777591820 -89.941542873901 0.866025403784 0.500000000000
126.674857741727 122.165127196480 0.866025403784 -0.500000000000
-290.571905552992 -6.479346879962 0.000000000000 1.000000000000
63.433626445658 -115.858083908945 0.866025403784 -0.500000000000
6.365814830245 21.917780386555 0.866025403784 -0.500000000000
21.567228065426 -38.123176326897 0.866025403784 0.500000000000
-90.075592182486 -23.261073385772 0.000000000000 1.000000000000
-52.111571784707 21.523893589897 0.866025403784 0.500000000000
-53.661191278789 -117.115687538252 0.866025403784 0.500000000000
24.275034864695 -10.511647364070 0.000000000000 1.000000000000
-101.741416175693 11.537326483608 0.866025403784 0.500000000000
72.129835939114 40.794538951331 0.866025403784 0.500000000000
153.294323552497 51.590196359069 0.866025403784 -0.500000000000
