#Configurational_file created 2018-09-14 11:33:10  started 2018-09-14 11:33:09 run for 1.0s steps 0
name: p_900
step: 10000
specie: 20
	particle_diameter: 1.0000000000000000
	interaction_length: 1.2000000000000000
	number_of_patches: 3
	number_of_particles_per_compound: 1
	rod_length: 1.0000000000000000
	interaction_matrix:  1.000000 1.000000 1.000000 1.000000 1.000000 1.000000 1.000000 1.000000 1.000000
	patch_type: symmetric
	patch_width: 8.0000000000000000
	patch_angle: 0.0000000000000000
	angles:  0.000000 0.000000 0.000000
	grand_canonical: 0
	chemical_potential: 0.0000000000000000
box: 8.924273 8.924273
copy: 1.000000 1.000000
epsilon: 0.2083920000000000
end_epsilon: 0.0000000000000000
pressure: 2.0000000000000000
lambda: 0.0000000000000000
lambda_coupling: 1.0000000000000000
uy: 0.0000000000000000
maximum_displacement: 1.0000000000000000
maximum_rotation: 1.0000000000000000
maximum_volume: 0.7922715660288000
maximum_shape: 0.0000001000000000
maximum_dsigma: 0.0100000000000000
mod: 10
pmod: 10
optimize: 1
verbose: 1
snapshot: 0
display: 1
explore: 1
npt: 1
nptxy: 0
nptdxdy: 0
shape: 0
seed: 1026091
-7.421661077655 -2.436152627707 0.000000000000 1.000000000000
-1.092419169174 -86.399469564192 0.000000000000 1.000000000000
12.782824663095 -65.112006312855 0.866025403784 -0.500000000000
-2.688242336049 -124.289303756118 0.866025403784 -0.500000000000
4.577678020125 -38.696695508983 0.866025403784 0.500000000000
31.112603837261 110.644813957640 0.866025403784 0.500000000000
-67.571134020404 44.005519914015 0.866025403784 -0.500000000000
-19.873752343237 -78.388786858421 0.000000000000 1.000000000000
-21.196767480645 31.862340210994 0.866025403784 0.500000000000
67.996981578536 55.393338488714 0.866025403784 -0.500000000000
-170.271533601692 59.880904901106 0.000000000000 1.000000000000
-112.924808471294 -66.472139915607 0.000000000000 1.000000000000
27.303868047669 24.850661876856 0.000000000000 1.000000000000
-23.951389502521 -90.653186464786 0.866025403784 0.500000000000
30.479009506283 -78.419055011588 0.866025403784 0.500000000000
58.984053433344 -134.533473328569 0.866025403784 0.500000000000
6.499580251374 -178.625768466137 0.000000000000 1.000000000000
-59.682681935468 -104.425043936657 0.866025403784 0.500000000000
24.093994454925 155.388008658974 0.866025403784 -0.500000000000
84.762084597107 -64.093189488474 0.000000000000 1.000000000000
