#Configurational_file created 2018-09-14 13:56:39  started 2018-09-14 13:56:38 run for 1.0s steps 0
name: p_905
step: 10000
specie: 20
	particle_diameter: 1.0000000000000000
	interaction_length: 1.2000000000000000
	number_of_patches: 3
	number_of_particles_per_compound: 1
	rod_length: 1.0000000000000000
	interaction_matrix:  1.000000 1.000000 1.000000 1.000000 1.000000 1.000000 1.000000 1.000000 1.000000
	patch_type: symmetric
	patch_width: 8.0000000000000000
	patch_angle: 0.0000000000000000
	angles:  0.000000 0.000000 0.000000
	grand_canonical: 0
	chemical_potential: 0.0000000000000000
box: 45.984139 45.984139
copy: 1.000000 1.000000
epsilon: 0.0000010000000000
end_epsilon: 0.0000000000000000
pressure: 0.0689660000000000
lambda: 0.0000000000000000
lambda_coupling: 1.0000000000000000
uy: 0.0000000000000000
maximum_displacement: 1.0000000000000000
maximum_rotation: 1.0000000000000000
maximum_volume: 1.0000000000000000
maximum_shape: 0.0000001000000000
maximum_dsigma: 0.0100000000000000
mod: 10
pmod: 10
optimize: 1
verbose: 1
snapshot: 0
display: 1
explore: 1
npt: 1
nptxy: 0
nptdxdy: 0
shape: 0
seed: 1031776
13.647346169597 -162.648636466724 0.000000000000 1.000000000000
-126.480950535331 139.905448417960 0.866025403784 -0.500000000000
151.781733298330 98.200008046605 0.000000000000 1.000000000000
-621.830238394715 -113.680060173244 0.866025403784 0.500000000000
116.114085079554 -99.756295903205 0.866025403784 0.500000000000
-78.520117587922 36.773214186382 0.866025403784 0.500000000000
130.879774668622 -200.622524640164 0.866025403784 -0.500000000000
-48.657982455280 27.295654147674 0.000000000000 1.000000000000
300.316410203773 -61.305562558402 0.866025403784 -0.500000000000
-159.860303100928 -41.808493319974 0.866025403784 -0.500000000000
17.883098233921 -211.671894512563 0.000000000000 1.000000000000
-24.039056047576 -25.254404269540 0.000000000000 1.000000000000
-52.161614044627 130.050395738521 0.866025403784 0.500000000000
179.751097444742 -101.550960126904 0.866025403784 0.500000000000
-115.263195540295 225.122973186957 0.866025403784 -0.500000000000
-208.611434381127 -104.908546110407 0.866025403784 -0.500000000000
7.910747872215 86.094084760710 0.866025403784 0.500000000000
-102.552000088919 295.325617913980 0.000000000000 1.000000000000
52.219628809708 123.222390762040 0.000000000000 1.000000000000
113.581925165709 -32.266853781721 0.866025403784 -0.500000000000
