#Configurational_file created 2018-09-14 13:56:42  started 2018-09-14 13:56:41 run for 1.0s steps 0
name: p_909
step: 10000
specie: 20
	particle_diameter: 1.0000000000000000
	interaction_length: 1.2000000000000000
	number_of_patches: 3
	number_of_particles_per_compound: 1
	rod_length: 1.0000000000000000
	interaction_matrix:  1.000000 1.000000 1.000000 1.000000 1.000000 1.000000 1.000000 1.000000 1.000000
	patch_type: symmetric
	patch_width: 8.0000000000000000
	patch_angle: 0.0000000000000000
	angles:  0.000000 0.000000 0.000000
	grand_canonical: 0
	chemical_potential: 0.0000000000000000
box: 53.135379 53.135379
copy: 1.000000 1.000000
epsilon: 0.0000010000000000
end_epsilon: 0.0000000000000000
pressure: 0.1379320000000000
lambda: 0.0000000000000000
lambda_coupling: 1.0000000000000000
uy: 0.0000000000000000
maximum_displacement: 1.0000000000000000
maximum_rotation: 1.0000000000000000
maximum_volume: 1.0000000000000000
maximum_shape: 0.0000001000000000
maximum_dsigma: 0.0100000000000000
mod: 10
pmod: 10
optimize: 1
verbose: 1
snapshot: 0
display: 1
explore: 1
npt: 1
nptxy: 0
nptdxdy: 0
shape: 0
seed: 1036324
-194.383890661311 -216.018101892529 0.866025403784 -0.500000000000
-204.093618550398 203.090743876264 0.000000000000 1.000000000000
-12.009473418839 159.953503240878 0.000000000000 1.000000000000
-143.544662851690 165.369299877961 0.000000000000 1.000000000000
147.646413728859 -180.073913841512 0.866025403784 -0.500000000000
315.142459853847 125.810328229432 0.866025403784 -0.500000000000
-295.736669889010 -467.611876351555 0.866025403784 -0.500000000000
26.144763730639 155.217558145587 0.000000000000 1.000000000000
-117.034517863123 -334.423481845306 0.866025403784 0.500000000000
593.804881983166 -0.191140493241 0.866025403784 -0.500000000000
45.152335055468 119.926818893606 0.000000000000 1.000000000000
229.033286869488 278.793623567504 0.866025403784 0.500000000000
-142.425372228443 -50.084788233306 0.000000000000 1.000000000000
-138.511210244097 -10.110656916387 0.866025403784 -0.500000000000
-180.768206667116 -124.486901869983 0.000000000000 1.000000000000
36.788570076296 13.281404821653 0.866025403784 0.500000000000
77.409126177162 244.159455029129 0.000000000000 1.000000000000
117.593450454630 213.709663917627 0.866025403784 0.500000000000
211.467253875208 -37.489948320174 0.866025403784 0.500000000000
-80.283947744670 44.243949077022 0.866025403784 -0.500000000000
