#Configurational_file created 2018-09-14 11:33:10  started 2018-09-14 11:33:10 run for 0.0s steps 0
name: p_901
step: 10000
specie: 20
	particle_diameter: 1.0000000000000000
	interaction_length: 1.2000000000000000
	number_of_patches: 3
	number_of_particles_per_compound: 1
	rod_length: 1.0000000000000000
	interaction_matrix:  1.000000 1.000000 1.000000 1.000000 1.000000 1.000000 1.000000 1.000000 1.000000
	patch_type: symmetric
	patch_width: 8.0000000000000000
	patch_angle: 0.0000000000000000
	angles:  0.000000 0.000000 0.000000
	grand_canonical: 0
	chemical_potential: 0.0000000000000000
box: 44.694768 44.694768
copy: 1.000000 1.000000
epsilon: 0.2292210000000000
end_epsilon: 0.0000000000000000
pressure: 0.0001000000000000
lambda: 0.0000000000000000
lambda_coupling: 1.0000000000000000
uy: 0.0000000000000000
maximum_displacement: 1.0000000000000000
maximum_rotation: 1.0000000000000000
maximum_volume: 1.0000000000000000
maximum_shape: 0.0000001000000000
maximum_dsigma: 0.0100000000000000
mod: 10
pmod: 10
optimize: 1
verbose: 1
snapshot: 0
display: 1
explore: 1
npt: 1
nptxy: 0
nptdxdy: 0
shape: 0
seed: 1027228
21.750616507642 -164.397555166703 0.866025403784 -0.500000000000
86.697926928051 80.962544366151 0.866025403784 0.500000000000
-52.698240780169 -22.086417546517 0.000000000000 1.000000000000
97.820658641254 -58.630282771057 0.000000000000 1.000000000000
105.826203185773 115.570342858373 0.000000000000 1.000000000000
301.458814033864 -282.844717414605 0.866025403784 0.500000000000
24.909521689652 -125.933998706515 0.866025403784 0.500000000000
-214.668972470427 27.170084047463 0.866025403784 0.500000000000
-85.363283236954 234.338232711714 0.000000000000 1.000000000000
-30.946770580272 60.925348148345 0.866025403784 0.500000000000
35.499525648762 -106.425070917859 0.000000000000 1.000000000000
-94.975330012077 -165.323989310850 0.000000000000 1.000000000000
7.035367132924 -109.567844760004 0.866025403784 -0.500000000000
-71.462143562942 -128.843020207723 0.000000000000 1.000000000000
-316.292590785141 81.538338369448 0.866025403784 -0.500000000000
-279.790564727971 -43.674009096559 0.866025403784 0.500000000000
134.055433437622 176.199930997234 0.000000000000 1.000000000000
-113.687448024821 134.430364549709 0.866025403784 -0.500000000000
286.423143490690 34.015884356051 0.866025403784 -0.500000000000
-212.280897614321 50.330143654639 0.000000000000 1.000000000000
