#Configurational_file created 2018-09-14 11:33:16  started 2018-09-14 11:33:15 run for 1.0s steps 0
name: p_909
step: 10000
specie: 20
	particle_diameter: 1.0000000000000000
	interaction_length: 1.2000000000000000
	number_of_patches: 3
	number_of_particles_per_compound: 1
	rod_length: 1.0000000000000000
	interaction_matrix:  1.000000 1.000000 1.000000 1.000000 1.000000 1.000000 1.000000 1.000000 1.000000
	patch_type: symmetric
	patch_width: 8.0000000000000000
	patch_angle: 0.0000000000000000
	angles:  0.000000 0.000000 0.000000
	grand_canonical: 0
	chemical_potential: 0.0000000000000000
box: 12.245614 12.245614
copy: 1.000000 1.000000
epsilon: 0.2292210000000000
end_epsilon: 0.0000000000000000
pressure: 0.6667330000000000
lambda: 0.0000000000000000
lambda_coupling: 1.0000000000000000
uy: 0.0000000000000000
maximum_displacement: 1.0000000000000000
maximum_rotation: 1.0000000000000000
maximum_volume: 1.0000000000000000
maximum_shape: 0.0000001000000000
maximum_dsigma: 0.0100000000000000
mod: 10
pmod: 10
optimize: 1
verbose: 1
snapshot: 0
display: 1
explore: 1
npt: 1
nptxy: 0
nptdxdy: 0
shape: 0
seed: 1036324
86.621936523015 -6.977987963000 0.866025403784 0.500000000000
28.849072686066 -19.320243596782 0.866025403784 0.500000000000
8.844773200397 -45.366189244545 0.866025403784 -0.500000000000
-76.973531482459 -175.400226964854 0.866025403784 0.500000000000
-47.798468290603 34.956899597004 0.866025403784 0.500000000000
122.540397566220 14.370369436709 0.000000000000 1.000000000000
-37.947706636514 -23.140464486876 0.000000000000 1.000000000000
-0.825169266813 119.100014408242 0.000000000000 1.000000000000
-63.112679493707 -15.084929905061 0.866025403784 -0.500000000000
30.925846915581 149.537705578793 0.000000000000 1.000000000000
36.098747393064 0.037387874120 0.000000000000 1.000000000000
-14.223895294553 -4.722873563628 0.866025403784 0.500000000000
-3.414340387687 -17.917369387291 0.866025403784 -0.500000000000
-49.960784801881 42.055959534721 0.866025403784 -0.500000000000
20.855020785836 24.522873669788 0.866025403784 0.500000000000
-57.035803023489 -10.403924765773 0.866025403784 -0.500000000000
-83.921139146827 55.159264588884 0.866025403784 0.500000000000
61.960682283245 73.958409170521 0.866025403784 0.500000000000
-110.169163537416 19.133600246759 0.866025403784 -0.500000000000
-34.809363209881 24.864935276509 0.866025403784 -0.500000000000
