#Configurational_file created 2018-09-14 11:33:12  started 2018-09-14 11:33:12 run for 0.0s steps 0
name: p_904
step: 10000
specie: 20
	particle_diameter: 1.0000000000000000
	interaction_length: 1.2000000000000000
	number_of_patches: 3
	number_of_particles_per_compound: 1
	rod_length: 1.0000000000000000
	interaction_matrix:  1.000000 1.000000 1.000000 1.000000 1.000000 1.000000 1.000000 1.000000 1.000000
	patch_type: symmetric
	patch_width: 8.0000000000000000
	patch_angle: 0.0000000000000000
	angles:  0.000000 0.000000 0.000000
	grand_canonical: 0
	chemical_potential: 0.0000000000000000
box: 24.252931 24.252931
copy: 1.000000 1.000000
epsilon: 0.2292210000000000
end_epsilon: 0.0000000000000000
pressure: 0.2500870000000000
lambda: 0.0000000000000000
lambda_coupling: 1.0000000000000000
uy: 0.0000000000000000
maximum_displacement: 1.0000000000000000
maximum_rotation: 1.0000000000000000
maximum_volume: 1.0000000000000000
maximum_shape: 0.0000001000000000
maximum_dsigma: 0.0100000000000000
mod: 10
pmod: 10
optimize: 1
verbose: 1
snapshot: 0
display: 1
explore: 1
npt: 1
nptxy: 0
nptdxdy: 0
shape: 0
seed: 1030639
-168.260691571253 185.737114447559 0.000000000000 1.000000000000
78.396811615339 0.369250368847 0.000000000000 1.000000000000
18.426511658190 -205.472604853044 0.866025403784 0.500000000000
52.252070147465 233.514453838035 0.000000000000 1.000000000000
136.090529010955 -58.574734146426 0.000000000000 1.000000000000
-98.881377340132 -128.752484021843 0.000000000000 1.000000000000
29.286833449313 -28.256173545691 0.866025403784 0.500000000000
258.952386762421 68.584175954681 0.866025403784 -0.500000000000
160.889538637414 -81.205054743101 0.866025403784 -0.500000000000
-178.265491551839 160.370725912628 0.866025403784 0.500000000000
17.547864263043 -257.180987293977 0.866025403784 0.500000000000
364.831287336610 64.968223985640 0.866025403784 -0.500000000000
182.903212049688 92.871969205492 0.000000000000 1.000000000000
-52.686184548006 470.294048738111 0.866025403784 -0.500000000000
-1.866574432917 94.183073848675 0.866025403784 0.500000000000
-153.799217381326 -144.373718347665 0.866025403784 -0.500000000000
45.531375927255 58.934656069558 0.866025403784 0.500000000000
49.737546339157 111.476225670565 0.866025403784 -0.500000000000
-216.791221140598 204.970571746317 0.866025403784 0.500000000000
264.276856778979 30.428001156077 0.866025403784 0.500000000000
