#Configurational_file created 2018-09-14 12:00:51  started 2018-09-14 12:00:51 run for 0.0s steps 0
name: p_902
step: 10000
specie: 20
	particle_diameter: 1.0000000000000000
	interaction_length: 1.2000000000000000
	number_of_patches: 3
	number_of_particles_per_compound: 1
	rod_length: 1.0000000000000000
	interaction_matrix:  1.000000 1.000000 1.000000 1.000000 1.000000 1.000000 1.000000 1.000000 1.000000
	patch_type: symmetric
	patch_width: 8.0000000000000000
	patch_angle: 0.0000000000000000
	angles:  0.000000 0.000000 0.000000
	grand_canonical: 0
	chemical_potential: 0.0000000000000000
box: 52.882018 52.882018
copy: 1.000000 1.000000
epsilon: 0.0229170000000000
end_epsilon: 0.0000000000000000
pressure: 0.0041680000000000
lambda: 0.0000000000000000
lambda_coupling: 1.0000000000000000
uy: 0.0000000000000000
maximum_displacement: 1.0000000000000000
maximum_rotation: 1.0000000000000000
maximum_volume: 1.0000000000000000
maximum_shape: 0.0000001000000000
maximum_dsigma: 0.0100000000000000
mod: 10
pmod: 10
optimize: 1
verbose: 1
snapshot: 0
display: 1
explore: 1
npt: 1
nptxy: 0
nptdxdy: 0
shape: 0
seed: 1028365
143.160323390009 20.452799527292 0.866025403784 0.500000000000
200.257326261811 -16.314784773735 0.000000000000 1.000000000000
-33.785470503190 163.739426525479 0.866025403784 0.500000000000
87.526089208435 266.826565475019 0.866025403784 -0.500000000000
-34.977294361643 270.966773074264 0.866025403784 -0.500000000000
-45.869412843846 -50.804249095614 0.866025403784 0.500000000000
114.050787143173 -216.099470329337 0.866025403784 0.500000000000
-0.926376327592 -336.871876565923 0.000000000000 1.000000000000
158.017332350210 -141.411046634402 0.000000000000 1.000000000000
-152.461514159335 376.716695085364 0.000000000000 1.000000000000
97.756982071601 79.674789920164 0.866025403784 -0.500000000000
147.997842777612 29.987028840600 0.866025403784 0.500000000000
390.735413880775 -97.800293035218 0.866025403784 0.500000000000
3.049613785932 -112.232990825743 0.000000000000 1.000000000000
17.532449698183 49.096950534778 0.866025403784 -0.500000000000
133.103019608862 -27.520919048792 0.866025403784 0.500000000000
169.021306154469 51.765072722701 0.866025403784 -0.500000000000
15.294563649190 -28.055920396138 0.000000000000 1.000000000000
16.624469106278 425.665688481403 0.866025403784 0.500000000000
-27.527610468227 -334.264032808752 0.000000000000 1.000000000000
