#Configurational_file created 2018-09-14 13:56:36  started 2018-09-14 13:56:35 run for 1.0s steps 0
name: p_901
step: 10000
specie: 20
	particle_diameter: 1.0000000000000000
	interaction_length: 1.2000000000000000
	number_of_patches: 3
	number_of_particles_per_compound: 1
	rod_length: 1.0000000000000000
	interaction_matrix:  1.000000 1.000000 1.000000 1.000000 1.000000 1.000000 1.000000 1.000000 1.000000
	patch_type: symmetric
	patch_width: 8.0000000000000000
	patch_angle: 0.0000000000000000
	angles:  0.000000 0.000000 0.000000
	grand_canonical: 0
	chemical_potential: 0.0000000000000000
box: 47.326897 47.326897
copy: 1.000000 1.000000
epsilon: 0.0000010000000000
end_epsilon: 0.0000000000000000
pressure: 0.0000010000000000
lambda: 0.0000000000000000
lambda_coupling: 1.0000000000000000
uy: 0.0000000000000000
maximum_displacement: 1.0000000000000000
maximum_rotation: 1.0000000000000000
maximum_volume: 1.0000000000000000
maximum_shape: 0.0000001000000000
maximum_dsigma: 0.0100000000000000
mod: 10
pmod: 10
optimize: 1
verbose: 1
snapshot: 0
display: 1
explore: 1
npt: 1
nptxy: 0
nptdxdy: 0
shape: 0
seed: 1027228
114.894101727577 -100.293714728232 0.000000000000 1.000000000000
-527.117214706578 132.240109354244 0.866025403784 -0.500000000000
208.660829937945 43.186373884641 0.866025403784 -0.500000000000
-154.700272467407 258.888302348201 0.866025403784 -0.500000000000
191.240527194127 62.336214842576 0.000000000000 1.000000000000
171.928331397834 -51.148150360151 0.866025403784 0.500000000000
65.559962092113 22.188172223116 0.866025403784 -0.500000000000
42.629146191608 7.791453571780 0.866025403784 0.500000000000
-18.868407404881 -216.816754094906 0.000000000000 1.000000000000
161.355597926386 -31.783811726328 0.866025403784 0.500000000000
58.081686950404 -90.841575891760 0.000000000000 1.000000000000
-142.002393963653 -67.985377703443 0.866025403784 0.500000000000
-207.158356201726 8.426750858238 0.000000000000 1.000000000000
188.317968426981 -77.328252092706 0.866025403784 -0.500000000000
-189.557258514215 -157.833867076317 0.866025403784 -0.500000000000
-81.854167842775 -500.739274332286 0.866025403784 -0.500000000000
57.995133746209 0.959769579917 0.866025403784 -0.500000000000
-3.729598050163 -125.394333756946 0.866025403784 -0.500000000000
132.744316112240 -103.443347184048 0.866025403784 -0.500000000000
-46.002392987876 -318.026888510884 0.866025403784 -0.500000000000
