#Configurational_file created 2018-09-14 12:00:51  started 2018-09-14 12:00:50 run for 1.0s steps 0
name: p_901
step: 10000
specie: 20
	particle_diameter: 1.0000000000000000
	interaction_length: 1.2000000000000000
	number_of_patches: 3
	number_of_particles_per_compound: 1
	rod_length: 1.0000000000000000
	interaction_matrix:  1.000000 1.000000 1.000000 1.000000 1.000000 1.000000 1.000000 1.000000 1.000000
	patch_type: symmetric
	patch_width: 8.0000000000000000
	patch_angle: 0.0000000000000000
	angles:  0.000000 0.000000 0.000000
	grand_canonical: 0
	chemical_potential: 0.0000000000000000
box: 48.005127 48.005127
copy: 1.000000 1.000000
epsilon: 0.0229170000000000
end_epsilon: 0.0000000000000000
pressure: 0.0000010000000000
lambda: 0.0000000000000000
lambda_coupling: 1.0000000000000000
uy: 0.0000000000000000
maximum_displacement: 1.0000000000000000
maximum_rotation: 1.0000000000000000
maximum_volume: 1.0000000000000000
maximum_shape: 0.0000001000000000
maximum_dsigma: 0.0100000000000000
mod: 10
pmod: 10
optimize: 1
verbose: 1
snapshot: 0
display: 1
explore: 1
npt: 1
nptxy: 0
nptdxdy: 0
shape: 0
seed: 1027228
-143.795313241506 -15.873029216682 0.866025403784 0.500000000000
176.328874930000 90.957488992158 0.866025403784 -0.500000000000
123.675735954035 7.250226152975 0.866025403784 -0.500000000000
-57.786463158854 -154.254791511108 0.866025403784 0.500000000000
-18.963366027720 377.524787805649 0.000000000000 1.000000000000
274.786639594245 -326.194004304253 0.000000000000 1.000000000000
115.775400699644 -82.143037130211 0.866025403784 -0.500000000000
-226.588005226982 207.329445023107 0.866025403784 -0.500000000000
56.273027096761 -246.820408631357 0.000000000000 1.000000000000
-60.899565243197 191.248500207804 0.866025403784 -0.500000000000
-185.143617283872 14.051011330632 0.866025403784 0.500000000000
-178.090442918964 227.718371141776 0.000000000000 1.000000000000
-136.425303150923 66.482817798502 0.866025403784 0.500000000000
41.698975654213 -104.891974492733 0.866025403784 0.500000000000
-173.426002173451 -64.599266828374 0.866025403784 0.500000000000
-259.837494207257 19.660839824351 0.000000000000 1.000000000000
94.656970240959 -26.839338527970 0.866025403784 0.500000000000
-374.736086586152 -39.095335224974 0.866025403784 0.500000000000
166.339860728850 -216.563022829537 0.000000000000 1.000000000000
-337.426803524558 -1.813967895639 0.866025403784 -0.500000000000
