#Configurational_file created 2018-09-14 13:56:38  started 2018-09-14 13:56:37 run for 1.0s steps 0
name: p_903
step: 10000
specie: 20
	particle_diameter: 1.0000000000000000
	interaction_length: 1.2000000000000000
	number_of_patches: 3
	number_of_particles_per_compound: 1
	rod_length: 1.0000000000000000
	interaction_matrix:  1.000000 1.000000 1.000000 1.000000 1.000000 1.000000 1.000000 1.000000 1.000000
	patch_type: symmetric
	patch_width: 8.0000000000000000
	patch_angle: 0.0000000000000000
	angles:  0.000000 0.000000 0.000000
	grand_canonical: 0
	chemical_potential: 0.0000000000000000
box: 48.157351 48.157351
copy: 1.000000 1.000000
epsilon: 0.0000010000000000
end_epsilon: 0.0000000000000000
pressure: 0.0344840000000000
lambda: 0.0000000000000000
lambda_coupling: 1.0000000000000000
uy: 0.0000000000000000
maximum_displacement: 1.0000000000000000
maximum_rotation: 1.0000000000000000
maximum_volume: 1.0000000000000000
maximum_shape: 0.0000001000000000
maximum_dsigma: 0.0100000000000000
mod: 10
pmod: 10
optimize: 1
verbose: 1
snapshot: 0
display: 1
explore: 1
npt: 1
nptxy: 0
nptdxdy: 0
shape: 0
seed: 1029502
11.843574867760 -124.222808148466 0.000000000000 1.000000000000
221.285132874518 -17.900423710443 0.000000000000 1.000000000000
-329.129898932893 -156.240046016948 0.000000000000 1.000000000000
-95.795326481740 -137.841876149583 0.866025403784 0.500000000000
88.013740273494 -35.758757118797 0.866025403784 -0.500000000000
29.558833830602 219.223803968511 0.866025403784 -0.500000000000
-283.618208469062 35.015624537868 0.000000000000 1.000000000000
55.199044637857 370.264839654224 0.866025403784 -0.500000000000
211.967638847222 392.818094084003 0.000000000000 1.000000000000
95.802120962947 46.408253118926 0.866025403784 0.500000000000
216.653168832327 -360.764436075896 0.866025403784 0.500000000000
121.012665428208 -36.829975685700 0.866025403784 0.500000000000
19.257062400600 226.817524026754 0.000000000000 1.000000000000
-196.110401206701 116.418860626353 0.000000000000 1.000000000000
48.127579261284 126.766623618688 0.866025403784 -0.500000000000
350.138263735573 -27.868746912197 0.866025403784 -0.500000000000
235.727789873493 126.973132942626 0.866025403784 -0.500000000000
-213.319244998718 173.958070673760 0.866025403784 -0.500000000000
32.761265220950 240.668211150618 0.866025403784 0.500000000000
-321.067874838841 -412.689583979343 0.866025403784 0.500000000000
