#Configurational_file created 2018-09-14 13:56:41  started 2018-09-14 13:56:41 run for 0.0s steps 0
name: p_908
step: 10000
specie: 20
	particle_diameter: 1.0000000000000000
	interaction_length: 1.2000000000000000
	number_of_patches: 3
	number_of_particles_per_compound: 1
	rod_length: 1.0000000000000000
	interaction_matrix:  1.000000 1.000000 1.000000 1.000000 1.000000 1.000000 1.000000 1.000000 1.000000
	patch_type: symmetric
	patch_width: 8.0000000000000000
	patch_angle: 0.0000000000000000
	angles:  0.000000 0.000000 0.000000
	grand_canonical: 0
	chemical_potential: 0.0000000000000000
box: 53.876019 53.876019
copy: 1.000000 1.000000
epsilon: 0.0000010000000000
end_epsilon: 0.0000000000000000
pressure: 0.1206900000000000
lambda: 0.0000000000000000
lambda_coupling: 1.0000000000000000
uy: 0.0000000000000000
maximum_displacement: 1.0000000000000000
maximum_rotation: 1.0000000000000000
maximum_volume: 1.0000000000000000
maximum_shape: 0.0000001000000000
maximum_dsigma: 0.0100000000000000
mod: 10
pmod: 10
optimize: 1
verbose: 1
snapshot: 0
display: 1
explore: 1
npt: 1
nptxy: 0
nptdxdy: 0
shape: 0
seed: 1035187
-209.382522931905 -16.373067998243 0.866025403784 -0.500000000000
-32.948620147031 205.804685723167 0.866025403784 -0.500000000000
120.562874190367 68.782135872118 0.000000000000 1.000000000000
196.573101284631 -16.426763799564 0.866025403784 -0.500000000000
92.078405830790 -114.793400615523 0.866025403784 -0.500000000000
104.298998691899 -147.931356590428 0.000000000000 1.000000000000
85.159024723393 111.064483962440 0.000000000000 1.000000000000
-9.095291350330 302.531116037288 0.000000000000 1.000000000000
77.734062628444 -219.366531999972 0.866025403784 0.500000000000
60.466266189198 -56.119821850865 0.866025403784 0.500000000000
267.940446690031 144.990075105975 0.000000000000 1.000000000000
225.906186686522 -159.033328626563 0.000000000000 1.000000000000
-474.192935667077 -230.294601887533 0.000000000000 1.000000000000
37.833706936819 -14.006818138429 0.866025403784 -0.500000000000
-74.545300326909 -102.542140712942 0.866025403784 -0.500000000000
-49.273204340382 -192.681371529413 0.000000000000 1.000000000000
-47.526902025851 77.012854878181 0.000000000000 1.000000000000
-281.660226572021 87.244405802191 0.000000000000 1.000000000000
-57.981722107803 143.910017902015 0.000000000000 1.000000000000
242.736647152072 -162.888560279108 0.866025403784 -0.500000000000
