#Configurational_file created 2018-09-14 13:56:49  started 2018-09-14 13:56:49 run for 0.0s steps 0
name: p_919
step: 10000
specie: 20
	particle_diameter: 1.0000000000000000
	interaction_length: 1.2000000000000000
	number_of_patches: 3
	number_of_particles_per_compound: 1
	rod_length: 1.0000000000000000
	interaction_matrix:  1.000000 1.000000 1.000000 1.000000 1.000000 1.000000 1.000000 1.000000 1.000000
	patch_type: symmetric
	patch_width: 8.0000000000000000
	patch_angle: 0.0000000000000000
	angles:  0.000000 0.000000 0.000000
	grand_canonical: 0
	chemical_potential: 0.0000000000000000
box: 48.156240 48.156240
copy: 1.000000 1.000000
epsilon: 0.0000010000000000
end_epsilon: 0.0000000000000000
pressure: 0.3103450000000000
lambda: 0.0000000000000000
lambda_coupling: 1.0000000000000000
uy: 0.0000000000000000
maximum_displacement: 1.0000000000000000
maximum_rotation: 1.0000000000000000
maximum_volume: 1.0000000000000000
maximum_shape: 0.0000001000000000
maximum_dsigma: 0.0100000000000000
mod: 10
pmod: 10
optimize: 1
verbose: 1
snapshot: 0
display: 1
explore: 1
npt: 1
nptxy: 0
nptdxdy: 0
shape: 0
seed: 1047694
-56.268755070266 -129.061505165573 0.000000000000 1.000000000000
-35.039021335844 120.848471663005 0.000000000000 1.000000000000
192.495461937571 -380.746576053885 0.000000000000 1.000000000000
-58.293797365262 0.129034518595 0.866025403784 -0.500000000000
-54.132458411988 66.412229328123 0.000000000000 1.000000000000
70.427895713728 94.174204614280 0.866025403784 -0.500000000000
-63.403744448458 365.305010148426 0.866025403784 -0.500000000000
-152.914545892407 100.735363490847 0.000000000000 1.000000000000
-192.297519222853 -220.343946546828 0.000000000000 1.000000000000
14.423408054570 184.814895953550 0.000000000000 1.000000000000
-18.156900546204 -50.465523052837 0.866025403784 0.500000000000
242.544062084628 57.700353344006 0.866025403784 -0.500000000000
99.294473172382 158.010400878796 0.000000000000 1.000000000000
260.923592079919 142.589949845191 0.866025403784 0.500000000000
-105.576309619336 107.600414946762 0.866025403784 0.500000000000
-118.090812801788 89.849563818492 0.866025403784 -0.500000000000
89.720942896289 111.612461531023 0.000000000000 1.000000000000
-61.443475966535 137.409625954242 0.000000000000 1.000000000000
247.688674895052 183.503678834994 0.866025403784 -0.500000000000
-248.585641804852 -73.997128791579 0.866025403784 0.500000000000
