#Configurational_file created 2018-09-14 11:33:22  started 2018-09-14 11:33:21 run for 1.0s steps 0
name: p_917
step: 10000
specie: 20
	particle_diameter: 1.0000000000000000
	interaction_length: 1.2000000000000000
	number_of_patches: 3
	number_of_particles_per_compound: 1
	rod_length: 1.0000000000000000
	interaction_matrix:  1.000000 1.000000 1.000000 1.000000 1.000000 1.000000 1.000000 1.000000 1.000000
	patch_type: symmetric
	patch_width: 8.0000000000000000
	patch_angle: 0.0000000000000000
	angles:  0.000000 0.000000 0.000000
	grand_canonical: 0
	chemical_potential: 0.0000000000000000
box: 9.063329 9.063329
copy: 1.000000 1.000000
epsilon: 0.2292210000000000
end_epsilon: 0.0000000000000000
pressure: 1.3333670000000000
lambda: 0.0000000000000000
lambda_coupling: 1.0000000000000000
uy: 0.0000000000000000
maximum_displacement: 1.0000000000000000
maximum_rotation: 1.0000000000000000
maximum_volume: 1.0000000000000000
maximum_shape: 0.0000001000000000
maximum_dsigma: 0.0100000000000000
mod: 10
pmod: 10
optimize: 1
verbose: 1
snapshot: 0
display: 1
explore: 1
npt: 1
nptxy: 0
nptdxdy: 0
shape: 0
seed: 1045420
-17.851901072524 -39.164012620291 0.866025403784 -0.500000000000
79.332639148768 98.776582434221 0.000000000000 1.000000000000
-184.430093355309 -1.341425177390 0.000000000000 1.000000000000
-81.901523671344 -76.639857028828 0.866025403784 -0.500000000000
27.973675872425 168.152360269641 0.866025403784 0.500000000000
-21.745273229507 -24.169069803331 0.000000000000 1.000000000000
-33.093562202801 -32.999305608266 0.866025403784 0.500000000000
-25.392711167562 -55.804966920888 0.866025403784 -0.500000000000
67.818469877633 -33.634445943594 0.000000000000 1.000000000000
-83.094399027354 37.947827382162 0.866025403784 0.500000000000
12.914021855745 34.240505081299 0.000000000000 1.000000000000
-43.010361494680 -22.276776213457 0.000000000000 1.000000000000
35.620863692346 -37.907720434220 0.866025403784 -0.500000000000
8.612609210335 -131.461656082325 0.000000000000 1.000000000000
38.695784873703 -43.234277901610 0.000000000000 1.000000000000
28.773882999980 -3.287986646665 0.000000000000 1.000000000000
59.146724406991 -8.981696652909 0.000000000000 1.000000000000
-65.008140649666 90.890084999659 0.866025403784 0.500000000000
-111.737736474200 10.056358551685 0.866025403784 0.500000000000
-23.398672578981 -4.782584914038 0.866025403784 0.500000000000
