#Configurational_file created 2018-09-14 12:01:03  started 2018-09-14 12:01:02 run for 1.0s steps 0
name: p_918
step: 10000
specie: 20
	particle_diameter: 1.0000000000000000
	interaction_length: 1.2000000000000000
	number_of_patches: 3
	number_of_particles_per_compound: 1
	rod_length: 1.0000000000000000
	interaction_matrix:  1.000000 1.000000 1.000000 1.000000 1.000000 1.000000 1.000000 1.000000 1.000000
	patch_type: symmetric
	patch_width: 8.0000000000000000
	patch_angle: 0.0000000000000000
	angles:  0.000000 0.000000 0.000000
	grand_canonical: 0
	chemical_potential: 0.0000000000000000
box: 48.931179 48.931179
copy: 1.000000 1.000000
epsilon: 0.0229170000000000
end_epsilon: 0.0000000000000000
pressure: 0.0708340000000000
lambda: 0.0000000000000000
lambda_coupling: 1.0000000000000000
uy: 0.0000000000000000
maximum_displacement: 1.0000000000000000
maximum_rotation: 1.0000000000000000
maximum_volume: 1.0000000000000000
maximum_shape: 0.0000001000000000
maximum_dsigma: 0.0100000000000000
mod: 10
pmod: 10
optimize: 1
verbose: 1
snapshot: 0
display: 1
explore: 1
npt: 1
nptxy: 0
nptdxdy: 0
shape: 0
seed: 1046557
-177.645836324843 -128.129346218390 0.000000000000 1.000000000000
-25.379352705561 105.337329293817 0.000000000000 1.000000000000
72.114027503922 100.691246360858 0.866025403784 -0.500000000000
-201.633090892590 115.071555539900 0.000000000000 1.000000000000
136.455624249387 30.058565939799 0.000000000000 1.000000000000
-79.174255295928 -236.563436570067 0.000000000000 1.000000000000
-189.119907505026 115.131889186643 0.866025403784 0.500000000000
46.935203417499 -219.994200755955 0.866025403784 0.500000000000
-41.616305081055 103.857771273071 0.000000000000 1.000000000000
210.504142937785 -218.901247860243 0.866025403784 -0.500000000000
129.351172072906 17.441675921410 0.866025403784 -0.500000000000
62.518709448525 324.673981493164 0.866025403784 -0.500000000000
245.318675063545 93.760572042037 0.866025403784 -0.500000000000
-238.051368235214 -39.436428532387 0.866025403784 -0.500000000000
116.124531142003 -55.869001383043 0.000000000000 1.000000000000
60.872971059187 138.613084719912 0.000000000000 1.000000000000
-102.049598492895 84.397409671920 0.866025403784 0.500000000000
-62.306467049487 -71.664658926419 0.000000000000 1.000000000000
4.703965417958 175.691093926454 0.866025403784 0.500000000000
126.058357181279 242.718740612438 0.000000000000 1.000000000000
