#Configurational_file created 2018-09-14 12:01:02  started 2018-09-14 12:01:01 run for 1.0s steps 0
name: p_916
step: 10000
specie: 20
	particle_diameter: 1.0000000000000000
	interaction_length: 1.2000000000000000
	number_of_patches: 3
	number_of_particles_per_compound: 1
	rod_length: 1.0000000000000000
	interaction_matrix:  1.000000 1.000000 1.000000 1.000000 1.000000 1.000000 1.000000 1.000000 1.000000
	patch_type: symmetric
	patch_width: 8.0000000000000000
	patch_angle: 0.0000000000000000
	angles:  0.000000 0.000000 0.000000
	grand_canonical: 0
	chemical_potential: 0.0000000000000000
box: 46.901156 46.901156
copy: 1.000000 1.000000
epsilon: 0.0229170000000000
end_epsilon: 0.0000000000000000
pressure: 0.0625000000000000
lambda: 0.0000000000000000
lambda_coupling: 1.0000000000000000
uy: 0.0000000000000000
maximum_displacement: 1.0000000000000000
maximum_rotation: 1.0000000000000000
maximum_volume: 1.0000000000000000
maximum_shape: 0.0000001000000000
maximum_dsigma: 0.0100000000000000
mod: 10
pmod: 10
optimize: 1
verbose: 1
snapshot: 0
display: 1
explore: 1
npt: 1
nptxy: 0
nptdxdy: 0
shape: 0
seed: 1044283
-38.779633159578 64.862222697310 0.866025403784 -0.500000000000
-154.081197686352 -75.026003705041 0.000000000000 1.000000000000
146.574633492448 -52.350645185426 0.000000000000 1.000000000000
-87.525412197950 -119.143895962682 0.866025403784 0.500000000000
286.089932392833 272.934013599260 0.000000000000 1.000000000000
12.191798356863 12.869802233908 0.866025403784 0.500000000000
118.466568148269 495.636362387746 0.866025403784 0.500000000000
-57.614609221619 -40.359722725747 0.866025403784 -0.500000000000
-52.542521550034 135.657398040515 0.866025403784 0.500000000000
-115.765758167536 -8.225980511393 0.000000000000 1.000000000000
-5.904327026811 -22.291654292518 0.866025403784 -0.500000000000
42.711353900702 -42.192977456317 0.000000000000 1.000000000000
74.806217301700 -100.709418703723 0.866025403784 0.500000000000
42.303471624097 -38.243428970314 0.866025403784 0.500000000000
221.805080398319 -8.351640716120 0.866025403784 -0.500000000000
241.538862127951 -13.954782546496 0.866025403784 0.500000000000
86.510500880621 61.994996852749 0.000000000000 1.000000000000
-32.114462817816 -155.234855006132 0.866025403784 0.500000000000
18.403720710208 271.677090763440 0.866025403784 -0.500000000000
-13.661007372124 -38.530080315659 0.866025403784 0.500000000000
