#Configurational_file created 2018-09-14 12:01:00  started 2018-09-14 12:00:59 run for 1.0s steps 0
name: p_914
step: 10000
specie: 20
	particle_diameter: 1.0000000000000000
	interaction_length: 1.2000000000000000
	number_of_patches: 3
	number_of_particles_per_compound: 1
	rod_length: 1.0000000000000000
	interaction_matrix:  1.000000 1.000000 1.000000 1.000000 1.000000 1.000000 1.000000 1.000000 1.000000
	patch_type: symmetric
	patch_width: 8.0000000000000000
	patch_angle: 0.0000000000000000
	angles:  0.000000 0.000000 0.000000
	grand_canonical: 0
	chemical_potential: 0.0000000000000000
box: 49.844442 49.844442
copy: 1.000000 1.000000
epsilon: 0.0229170000000000
end_epsilon: 0.0000000000000000
pressure: 0.0541670000000000
lambda: 0.0000000000000000
lambda_coupling: 1.0000000000000000
uy: 0.0000000000000000
maximum_displacement: 1.0000000000000000
maximum_rotation: 1.0000000000000000
maximum_volume: 1.0000000000000000
maximum_shape: 0.0000001000000000
maximum_dsigma: 0.0100000000000000
mod: 10
pmod: 10
optimize: 1
verbose: 1
snapshot: 0
display: 1
explore: 1
npt: 1
nptxy: 0
nptdxdy: 0
shape: 0
seed: 1042009
-303.316829494243 158.144342235805 0.866025403784 0.500000000000
-121.907374377852 172.901799424834 0.866025403784 -0.500000000000
197.115290419399 196.475570789071 0.000000000000 1.000000000000
-30.998005539423 -189.972715172701 0.866025403784 -0.500000000000
-261.384741336266 -44.967755790929 0.000000000000 1.000000000000
-21.943114541198 239.035972796522 0.866025403784 0.500000000000
-355.057493719123 -233.208182922289 0.000000000000 1.000000000000
-96.753101675393 45.532470360667 0.866025403784 -0.500000000000
139.171447341934 -65.293237732624 0.000000000000 1.000000000000
184.565799436654 -100.436137188208 0.000000000000 1.000000000000
352.204319360563 -232.511852840045 0.866025403784 -0.500000000000
362.657901373253 -328.139916710749 0.866025403784 -0.500000000000
130.199712195205 -119.641080957060 0.000000000000 1.000000000000
51.095209572007 -243.767215813949 0.866025403784 0.500000000000
130.039315054522 34.620637806339 0.000000000000 1.000000000000
256.647313330904 -131.487140992700 0.866025403784 -0.500000000000
145.061439917619 147.055993219178 0.000000000000 1.000000000000
-64.982545958397 17.296718556636 0.866025403784 0.500000000000
-70.226254044058 61.326958787547 0.866025403784 0.500000000000
-259.330236288802 -50.918445974782 0.000000000000 1.000000000000
