#Configurational_file created 2018-09-14 13:56:46  started 2018-09-14 13:56:46 run for 0.0s steps 0
name: p_915
step: 10000
specie: 20
	particle_diameter: 1.0000000000000000
	interaction_length: 1.2000000000000000
	number_of_patches: 3
	number_of_particles_per_compound: 1
	rod_length: 1.0000000000000000
	interaction_matrix:  1.000000 1.000000 1.000000 1.000000 1.000000 1.000000 1.000000 1.000000 1.000000
	patch_type: symmetric
	patch_width: 8.0000000000000000
	patch_angle: 0.0000000000000000
	angles:  0.000000 0.000000 0.000000
	grand_canonical: 0
	chemical_potential: 0.0000000000000000
box: 45.303233 45.303233
copy: 1.000000 1.000000
epsilon: 0.0000010000000000
end_epsilon: 0.0000000000000000
pressure: 0.2413800000000000
lambda: 0.0000000000000000
lambda_coupling: 1.0000000000000000
uy: 0.0000000000000000
maximum_displacement: 1.0000000000000000
maximum_rotation: 1.0000000000000000
maximum_volume: 1.0000000000000000
maximum_shape: 0.0000001000000000
maximum_dsigma: 0.0100000000000000
mod: 10
pmod: 10
optimize: 1
verbose: 1
snapshot: 0
display: 1
explore: 1
npt: 1
nptxy: 0
nptdxdy: 0
shape: 0
seed: 1043146
-46.173389422830 83.423960221608 0.866025403784 -0.500000000000
234.398072615123 -255.876537460324 0.866025403784 0.500000000000
-23.481533700995 161.787170710500 0.000000000000 1.000000000000
-94.279223360082 -128.029697672757 0.866025403784 -0.500000000000
-19.503152928159 -249.803311999419 0.866025403784 0.500000000000
57.600520476955 234.479926075677 0.866025403784 0.500000000000
-45.881625084771 16.651036062776 0.866025403784 0.500000000000
335.042515880739 39.968942247791 0.866025403784 0.500000000000
208.225904777375 187.843223819983 0.866025403784 0.500000000000
316.706936417827 -7.949773249768 0.000000000000 1.000000000000
93.861553285348 -312.561932442044 0.866025403784 0.500000000000
34.167873590172 355.475692071504 0.866025403784 -0.500000000000
114.213231369810 -18.731352715831 0.000000000000 1.000000000000
197.283303142980 388.928743319566 0.866025403784 -0.500000000000
95.324255296607 -206.923419580544 0.866025403784 0.500000000000
-203.055532965921 224.723840549153 0.866025403784 -0.500000000000
-136.027687312436 98.140576393447 0.866025403784 -0.500000000000
289.215674564109 -30.325289637109 0.000000000000 1.000000000000
215.673738051889 40.078670256770 0.866025403784 0.500000000000
-67.979713638323 -262.691777662259 0.000000000000 1.000000000000
