#Configurational_file created 2018-09-14 12:01:01  started 2018-09-14 12:01:00 run for 1.0s steps 0
name: p_915
step: 10000
specie: 20
	particle_diameter: 1.0000000000000000
	interaction_length: 1.2000000000000000
	number_of_patches: 3
	number_of_particles_per_compound: 1
	rod_length: 1.0000000000000000
	interaction_matrix:  1.000000 1.000000 1.000000 1.000000 1.000000 1.000000 1.000000 1.000000 1.000000
	patch_type: symmetric
	patch_width: 8.0000000000000000
	patch_angle: 0.0000000000000000
	angles:  0.000000 0.000000 0.000000
	grand_canonical: 0
	chemical_potential: 0.0000000000000000
box: 50.261179 50.261179
copy: 1.000000 1.000000
epsilon: 0.0229170000000000
end_epsilon: 0.0000000000000000
pressure: 0.0583340000000000
lambda: 0.0000000000000000
lambda_coupling: 1.0000000000000000
uy: 0.0000000000000000
maximum_displacement: 1.0000000000000000
maximum_rotation: 1.0000000000000000
maximum_volume: 1.0000000000000000
maximum_shape: 0.0000001000000000
maximum_dsigma: 0.0100000000000000
mod: 10
pmod: 10
optimize: 1
verbose: 1
snapshot: 0
display: 1
explore: 1
npt: 1
nptxy: 0
nptdxdy: 0
shape: 0
seed: 1043146
419.032234096569 5.417040225249 0.866025403784 -0.500000000000
244.220113751238 -232.397718834200 0.866025403784 0.500000000000
240.645805107488 -69.331795512212 0.866025403784 0.500000000000
-52.714899526845 75.069432186291 0.866025403784 0.500000000000
59.499344904725 81.487039110535 0.866025403784 -0.500000000000
-300.593423144756 397.522091785141 0.000000000000 1.000000000000
-188.267588020461 300.033158577003 0.000000000000 1.000000000000
221.552576380166 510.071096072608 0.866025403784 0.500000000000
-178.256617498056 47.837104285669 0.866025403784 -0.500000000000
45.676674259020 -258.730607370512 0.866025403784 0.500000000000
212.917869578441 -201.211836172715 0.866025403784 -0.500000000000
128.994226896064 471.949995857336 0.000000000000 1.000000000000
98.648755816281 -47.672675553744 0.000000000000 1.000000000000
146.051167699276 48.967821742427 0.866025403784 0.500000000000
158.123760574742 -227.044269292204 0.866025403784 -0.500000000000
-23.789265867234 25.055341034919 0.000000000000 1.000000000000
-76.362652613692 199.176933043032 0.866025403784 -0.500000000000
38.013953505235 -67.452655635013 0.000000000000 1.000000000000
-96.395331096815 -239.552847697952 0.000000000000 1.000000000000
-134.837102513881 -158.773599496879 0.000000000000 1.000000000000
