#Configurational_file created 2018-09-14 12:00:57  started 2018-09-14 12:00:56 run for 1.0s steps 0
name: p_910
step: 10000
specie: 20
	particle_diameter: 1.0000000000000000
	interaction_length: 1.2000000000000000
	number_of_patches: 3
	number_of_particles_per_compound: 1
	rod_length: 1.0000000000000000
	interaction_matrix:  1.000000 1.000000 1.000000 1.000000 1.000000 1.000000 1.000000 1.000000 1.000000
	patch_type: symmetric
	patch_width: 8.0000000000000000
	patch_angle: 0.0000000000000000
	angles:  0.000000 0.000000 0.000000
	grand_canonical: 0
	chemical_potential: 0.0000000000000000
box: 41.134389 41.134389
copy: 1.000000 1.000000
epsilon: 0.0229170000000000
end_epsilon: 0.0000000000000000
pressure: 0.0375010000000000
lambda: 0.0000000000000000
lambda_coupling: 1.0000000000000000
uy: 0.0000000000000000
maximum_displacement: 1.0000000000000000
maximum_rotation: 1.0000000000000000
maximum_volume: 1.0000000000000000
maximum_shape: 0.0000001000000000
maximum_dsigma: 0.0100000000000000
mod: 10
pmod: 10
optimize: 1
verbose: 1
snapshot: 0
display: 1
explore: 1
npt: 1
nptxy: 0
nptdxdy: 0
shape: 0
seed: 1037461
-160.878181757944 215.010916192433 0.866025403784 0.500000000000
-137.284107557859 124.287038114667 0.000000000000 1.000000000000
318.529443823435 2.733862367044 0.000000000000 1.000000000000
26.045633305878 -14.932387494487 0.866025403784 -0.500000000000
-6.573323307053 -169.826611944314 0.000000000000 1.000000000000
-23.315569398718 122.912450910543 0.000000000000 1.000000000000
-185.819168474850 93.635842344497 0.866025403784 -0.500000000000
96.981069800496 183.260534595548 0.866025403784 0.500000000000
-107.331496651240 22.055698705224 0.866025403784 0.500000000000
-38.069436361634 148.583871087071 0.866025403784 0.500000000000
-216.095879079047 35.951551090704 0.866025403784 -0.500000000000
118.277870516406 52.287390096700 0.000000000000 1.000000000000
94.911961523290 111.547534347227 0.866025403784 -0.500000000000
-7.130642477564 314.553899069517 0.866025403784 -0.500000000000
-110.713944639530 67.124938724740 0.866025403784 0.500000000000
-36.417868066826 237.830139959538 0.000000000000 1.000000000000
101.604254430565 16.864979076787 0.000000000000 1.000000000000
191.071577351450 86.905504213073 0.866025403784 0.500000000000
-38.740112616812 266.200426290045 0.000000000000 1.000000000000
-374.745810413195 283.449751016846 0.866025403784 -0.500000000000
