#Configurational_file created 2018-09-14 11:33:23  started 2018-09-14 11:33:22 run for 1.0s steps 0
name: p_918
step: 10000
specie: 20
	particle_diameter: 1.0000000000000000
	interaction_length: 1.2000000000000000
	number_of_patches: 3
	number_of_particles_per_compound: 1
	rod_length: 1.0000000000000000
	interaction_matrix:  1.000000 1.000000 1.000000 1.000000 1.000000 1.000000 1.000000 1.000000 1.000000
	patch_type: symmetric
	patch_width: 8.0000000000000000
	patch_angle: 0.0000000000000000
	angles:  0.000000 0.000000 0.000000
	grand_canonical: 0
	chemical_potential: 0.0000000000000000
box: 10.862940 10.862940
copy: 1.000000 1.000000
epsilon: 0.2292210000000000
end_epsilon: 0.0000000000000000
pressure: 1.4166960000000000
lambda: 0.0000000000000000
lambda_coupling: 1.0000000000000000
uy: 0.0000000000000000
maximum_displacement: 1.0000000000000000
maximum_rotation: 1.0000000000000000
maximum_volume: 1.0000000000000000
maximum_shape: 0.0000001000000000
maximum_dsigma: 0.0100000000000000
mod: 10
pmod: 10
optimize: 1
verbose: 1
snapshot: 0
display: 1
explore: 1
npt: 1
nptxy: 0
nptdxdy: 0
shape: 0
seed: 1046557
84.773695354819 22.761529534005 0.866025403784 -0.500000000000
-99.709263466645 -35.589040636308 0.000000000000 1.000000000000
39.081175737687 35.847296338366 0.000000000000 1.000000000000
77.691525609830 -55.069973981926 0.866025403784 -0.500000000000
72.334707585130 43.308906214575 0.866025403784 -0.500000000000
-28.114451700598 -16.311047573433 0.866025403784 -0.500000000000
-2.216661409210 -17.884291841730 0.000000000000 1.000000000000
-29.039881266374 -10.116164557329 0.000000000000 1.000000000000
51.164243394140 -100.069027332986 0.866025403784 0.500000000000
-32.859493323348 20.943425756735 0.000000000000 1.000000000000
-106.916637411377 48.552590128428 0.866025403784 -0.500000000000
-81.139380904553 -172.812170784569 0.000000000000 1.000000000000
25.774418299158 -61.454794519456 0.866025403784 -0.500000000000
33.812412194350 -66.473274167941 0.000000000000 1.000000000000
32.830187960653 -32.331590214154 0.866025403784 0.500000000000
15.191281681289 73.383075143852 0.866025403784 0.500000000000
-53.019350244947 19.000562419620 0.000000000000 1.000000000000
-20.982173307799 -29.461502160860 0.000000000000 1.000000000000
-38.011820190078 126.353910368298 0.000000000000 1.000000000000
-36.967593417947 103.082767935422 0.000000000000 1.000000000000
