#Configurational_file created 2018-09-14 13:56:44  started 2018-09-14 13:56:44 run for 0.0s steps 0
name: p_912
step: 10000
specie: 20
	particle_diameter: 1.0000000000000000
	interaction_length: 1.2000000000000000
	number_of_patches: 3
	number_of_particles_per_compound: 1
	rod_length: 1.0000000000000000
	interaction_matrix:  1.000000 1.000000 1.000000 1.000000 1.000000 1.000000 1.000000 1.000000 1.000000
	patch_type: symmetric
	patch_width: 8.0000000000000000
	patch_angle: 0.0000000000000000
	angles:  0.000000 0.000000 0.000000
	grand_canonical: 0
	chemical_potential: 0.0000000000000000
box: 47.630397 47.630397
copy: 1.000000 1.000000
epsilon: 0.0000010000000000
end_epsilon: 0.0000000000000000
pressure: 0.1896560000000000
lambda: 0.0000000000000000
lambda_coupling: 1.0000000000000000
uy: 0.0000000000000000
maximum_displacement: 1.0000000000000000
maximum_rotation: 1.0000000000000000
maximum_volume: 1.0000000000000000
maximum_shape: 0.0000001000000000
maximum_dsigma: 0.0100000000000000
mod: 10
pmod: 10
optimize: 1
verbose: 1
snapshot: 0
display: 1
explore: 1
npt: 1
nptxy: 0
nptdxdy: 0
shape: 0
seed: 1039735
16.195859266055 -214.905857566012 0.000000000000 1.000000000000
-142.414019840701 54.357068795460 0.866025403784 -0.500000000000
-55.949410796802 -169.094985084850 0.866025403784 -0.500000000000
-189.612462828374 -220.061951813997 0.866025403784 -0.500000000000
-4.522606939567 225.687930111175 0.000000000000 1.000000000000
-78.881832724493 7.510987620406 0.000000000000 1.000000000000
23.390891847985 283.856228322863 0.866025403784 -0.500000000000
-222.249591152507 28.529824494476 0.866025403784 0.500000000000
28.766229772352 32.315222767445 0.866025403784 -0.500000000000
77.426835100714 -88.671643043418 0.000000000000 1.000000000000
138.878973780468 -152.789766139326 0.000000000000 1.000000000000
-135.250464266712 -322.478186632791 0.000000000000 1.000000000000
-206.074761918339 -83.338549285155 0.000000000000 1.000000000000
-63.900993760212 -10.465382357531 0.000000000000 1.000000000000
176.123591187897 419.165463468485 0.866025403784 -0.500000000000
-255.972221837443 36.674172644276 0.866025403784 0.500000000000
16.319052216122 214.970967292993 0.000000000000 1.000000000000
-15.184164835287 341.221851528161 0.866025403784 0.500000000000
-23.131507160436 78.189222425593 0.866025403784 -0.500000000000
56.919175139719 213.980945170898 0.000000000000 1.000000000000
