#Configurational_file created 2018-09-14 11:33:21  started 2018-09-14 11:33:20 run for 1.0s steps 0
name: p_915
step: 10000
specie: 20
	particle_diameter: 1.0000000000000000
	interaction_length: 1.2000000000000000
	number_of_patches: 3
	number_of_particles_per_compound: 1
	rod_length: 1.0000000000000000
	interaction_matrix:  1.000000 1.000000 1.000000 1.000000 1.000000 1.000000 1.000000 1.000000 1.000000
	patch_type: symmetric
	patch_width: 8.0000000000000000
	patch_angle: 0.0000000000000000
	angles:  0.000000 0.000000 0.000000
	grand_canonical: 0
	chemical_potential: 0.0000000000000000
box: 9.081837 9.081837
copy: 1.000000 1.000000
epsilon: 0.2292210000000000
end_epsilon: 0.0000000000000000
pressure: 1.1667080000000001
lambda: 0.0000000000000000
lambda_coupling: 1.0000000000000000
uy: 0.0000000000000000
maximum_displacement: 1.0000000000000000
maximum_rotation: 1.0000000000000000
maximum_volume: 1.0000000000000000
maximum_shape: 0.0000001000000000
maximum_dsigma: 0.0100000000000000
mod: 10
pmod: 10
optimize: 1
verbose: 1
snapshot: 0
display: 1
explore: 1
npt: 1
nptxy: 0
nptdxdy: 0
shape: 0
seed: 1043146
13.288965719074 -41.324903521226 0.000000000000 1.000000000000
-46.033624622513 156.065001208732 0.866025403784 -0.500000000000
-40.288873385544 -12.398870852488 0.866025403784 0.500000000000
-37.144147080143 -50.126389783857 0.000000000000 1.000000000000
-52.323142993344 -53.301441110767 0.866025403784 0.500000000000
-46.644323024984 8.247331959609 0.866025403784 -0.500000000000
-80.223086705225 90.616543347629 0.866025403784 0.500000000000
51.640220574891 62.696960469607 0.866025403784 -0.500000000000
21.617505258902 -13.582882993910 0.866025403784 0.500000000000
53.873334738399 73.349780621348 0.866025403784 0.500000000000
-42.582356385416 8.710573028975 0.866025403784 0.500000000000
-21.015868004617 36.703940286645 0.866025403784 -0.500000000000
93.466490281211 -15.596561296321 0.866025403784 0.500000000000
68.509827702677 100.427327420105 0.866025403784 0.500000000000
100.775738227419 27.932635688346 0.866025403784 -0.500000000000
46.985149210982 61.410988333612 0.000000000000 1.000000000000
76.875645582599 -25.803628027371 0.866025403784 0.500000000000
52.526898166662 -165.629763933836 0.866025403784 -0.500000000000
-88.458864458787 -23.328764733803 0.000000000000 1.000000000000
-11.149411304048 -6.301023369811 0.866025403784 -0.500000000000
