#Configurational_file created 2018-09-14 11:33:24  started 2018-09-14 11:33:23 run for 1.0s steps 0
name: p_919
step: 10000
specie: 20
	particle_diameter: 1.0000000000000000
	interaction_length: 1.2000000000000000
	number_of_patches: 3
	number_of_particles_per_compound: 1
	rod_length: 1.0000000000000000
	interaction_matrix:  1.000000 1.000000 1.000000 1.000000 1.000000 1.000000 1.000000 1.000000 1.000000
	patch_type: symmetric
	patch_width: 8.0000000000000000
	patch_angle: 0.0000000000000000
	angles:  0.000000 0.000000 0.000000
	grand_canonical: 0
	chemical_potential: 0.0000000000000000
box: 9.345332 9.345332
copy: 1.000000 1.000000
epsilon: 0.2292210000000000
end_epsilon: 0.0000000000000000
pressure: 1.5000249999999999
lambda: 0.0000000000000000
lambda_coupling: 1.0000000000000000
uy: 0.0000000000000000
maximum_displacement: 1.0000000000000000
maximum_rotation: 1.0000000000000000
maximum_volume: 1.0000000000000000
maximum_shape: 0.0000001000000000
maximum_dsigma: 0.0100000000000000
mod: 10
pmod: 10
optimize: 1
verbose: 1
snapshot: 0
display: 1
explore: 1
npt: 1
nptxy: 0
nptdxdy: 0
shape: 0
seed: 1047694
-18.749471962878 78.495905807351 0.866025403784 -0.500000000000
-92.573724924068 106.530234166297 0.000000000000 1.000000000000
125.243170681698 -31.541848565165 0.866025403784 -0.500000000000
23.750527051539 -0.206994248011 0.866025403784 0.500000000000
106.024404632408 -8.487602930826 0.866025403784 0.500000000000
-41.288335359413 85.882244963528 0.866025403784 0.500000000000
-145.831171730572 8.793184361407 0.000000000000 1.000000000000
120.095229676646 96.158689541101 0.000000000000 1.000000000000
1.650564298131 2.444734328115 0.000000000000 1.000000000000
-7.548194574717 127.817604343753 0.000000000000 1.000000000000
-111.377703763981 -28.223180161133 0.866025403784 -0.500000000000
129.568887355357 84.721958494874 0.866025403784 0.500000000000
32.512915441492 -95.271835727705 0.866025403784 0.500000000000
-17.993770869443 25.711341078991 0.000000000000 1.000000000000
-52.655257201086 86.647123383307 0.866025403784 0.500000000000
45.226664856621 35.192266183400 0.000000000000 1.000000000000
53.174696902315 224.926872174275 0.866025403784 0.500000000000
84.220564076048 126.927300372734 0.000000000000 1.000000000000
-142.225995237293 182.641207594192 0.866025403784 -0.500000000000
71.866639465377 -140.547957270773 0.000000000000 1.000000000000
