#Configurational_file created 2018-09-14 11:33:17  started 2018-09-14 11:33:17 run for 0.0s steps 0
name: p_911
step: 10000
specie: 20
	particle_diameter: 1.0000000000000000
	interaction_length: 1.2000000000000000
	number_of_patches: 3
	number_of_particles_per_compound: 1
	rod_length: 1.0000000000000000
	interaction_matrix:  1.000000 1.000000 1.000000 1.000000 1.000000 1.000000 1.000000 1.000000 1.000000
	patch_type: symmetric
	patch_width: 8.0000000000000000
	patch_angle: 0.0000000000000000
	angles:  0.000000 0.000000 0.000000
	grand_canonical: 0
	chemical_potential: 0.0000000000000000
box: 10.276681 10.276681
copy: 1.000000 1.000000
epsilon: 0.2292210000000000
end_epsilon: 0.0000000000000000
pressure: 0.8333920000000000
lambda: 0.0000000000000000
lambda_coupling: 1.0000000000000000
uy: 0.0000000000000000
maximum_displacement: 1.0000000000000000
maximum_rotation: 1.0000000000000000
maximum_volume: 1.0000000000000000
maximum_shape: 0.0000001000000000
maximum_dsigma: 0.0100000000000000
mod: 10
pmod: 10
optimize: 1
verbose: 1
snapshot: 0
display: 1
explore: 1
npt: 1
nptxy: 0
nptdxdy: 0
shape: 0
seed: 1038598
183.506046724385 -6.802336815950 0.866025403784 0.500000000000
8.776637564771 15.772950583297 0.000000000000 1.000000000000
68.083392243746 -26.200274601863 0.866025403784 0.500000000000
26.042343840080 -106.172878181086 0.866025403784 -0.500000000000
8.267967360473 20.511901437035 0.866025403784 -0.500000000000
53.799458830642 109.485980027378 0.866025403784 -0.500000000000
77.202663930968 34.177112505217 0.866025403784 0.500000000000
-0.927822243876 -43.113930439582 0.866025403784 -0.500000000000
-26.448728811547 90.121358380022 0.866025403784 -0.500000000000
-90.998951008203 64.455061326715 0.866025403784 0.500000000000
-75.616296160661 -135.909809206243 0.000000000000 1.000000000000
-47.091756860965 -118.428469802970 0.866025403784 0.500000000000
-24.528530920472 29.961906239183 0.000000000000 1.000000000000
-11.753885647787 -23.492529685552 0.866025403784 -0.500000000000
120.741882846155 42.388579404127 0.866025403784 0.500000000000
-72.873180361546 12.265986808017 0.866025403784 0.500000000000
102.986479549294 -23.726609125224 0.866025403784 -0.500000000000
-50.775143605866 29.979929034389 0.866025403784 0.500000000000
1.497567198728 -4.065468387630 0.000000000000 1.000000000000
27.341357090392 -18.125396518401 0.866025403784 -0.500000000000
