#Configurational_file created 2018-09-14 12:00:59  started 2018-09-14 12:00:58 run for 1.0s steps 0
name: p_912
step: 10000
specie: 20
	particle_diameter: 1.0000000000000000
	interaction_length: 1.2000000000000000
	number_of_patches: 3
	number_of_particles_per_compound: 1
	rod_length: 1.0000000000000000
	interaction_matrix:  1.000000 1.000000 1.000000 1.000000 1.000000 1.000000 1.000000 1.000000 1.000000
	patch_type: symmetric
	patch_width: 8.0000000000000000
	patch_angle: 0.0000000000000000
	angles:  0.000000 0.000000 0.000000
	grand_canonical: 0
	chemical_potential: 0.0000000000000000
box: 50.706080 50.706080
copy: 1.000000 1.000000
epsilon: 0.0229170000000000
end_epsilon: 0.0000000000000000
pressure: 0.0458340000000000
lambda: 0.0000000000000000
lambda_coupling: 1.0000000000000000
uy: 0.0000000000000000
maximum_displacement: 1.0000000000000000
maximum_rotation: 1.0000000000000000
maximum_volume: 1.0000000000000000
maximum_shape: 0.0000001000000000
maximum_dsigma: 0.0100000000000000
mod: 10
pmod: 10
optimize: 1
verbose: 1
snapshot: 0
display: 1
explore: 1
npt: 1
nptxy: 0
nptdxdy: 0
shape: 0
seed: 1039735
-403.832285583674 84.979391141351 0.000000000000 1.000000000000
-98.743713964171 -205.760713247485 0.866025403784 0.500000000000
-94.798013169527 -2.222038532868 0.000000000000 1.000000000000
66.175311804669 -20.119063152703 0.000000000000 1.000000000000
102.994075081096 247.167962902683 0.000000000000 1.000000000000
-173.893123953606 -2.005634160709 0.866025403784 -0.500000000000
-2.470452278448 513.330289579874 0.866025403784 -0.500000000000
3.049437836214 -35.681076030394 0.866025403784 -0.500000000000
-265.595215051091 -233.313911919454 0.866025403784 0.500000000000
70.800710617224 403.139816251952 0.000000000000 1.000000000000
134.423491225150 52.359134984989 0.000000000000 1.000000000000
-101.162314764472 88.809186915361 0.866025403784 0.500000000000
-27.124373715032 -123.928442120359 0.000000000000 1.000000000000
-35.640452574932 -92.371409534557 0.866025403784 0.500000000000
-160.269178501205 436.336870278710 0.866025403784 0.500000000000
-59.470016919754 159.708829974114 0.000000000000 1.000000000000
-89.031687495703 339.022531157607 0.866025403784 -0.500000000000
-168.576481288068 -129.625711820472 0.866025403784 -0.500000000000
127.976442295014 175.490715254154 0.866025403784 0.500000000000
143.094952435023 179.891371786586 0.000000000000 1.000000000000
