#Configurational_file created 2018-09-14 13:56:45  started 2018-09-14 13:56:44 run for 1.0s steps 0
name: p_913
step: 10000
specie: 20
	particle_diameter: 1.0000000000000000
	interaction_length: 1.2000000000000000
	number_of_patches: 3
	number_of_particles_per_compound: 1
	rod_length: 1.0000000000000000
	interaction_matrix:  1.000000 1.000000 1.000000 1.000000 1.000000 1.000000 1.000000 1.000000 1.000000
	patch_type: symmetric
	patch_width: 8.0000000000000000
	patch_angle: 0.0000000000000000
	angles:  0.000000 0.000000 0.000000
	grand_canonical: 0
	chemical_potential: 0.0000000000000000
box: 50.141358 50.141358
copy: 1.000000 1.000000
epsilon: 0.0000010000000000
end_epsilon: 0.0000000000000000
pressure: 0.2068970000000000
lambda: 0.0000000000000000
lambda_coupling: 1.0000000000000000
uy: 0.0000000000000000
maximum_displacement: 1.0000000000000000
maximum_rotation: 1.0000000000000000
maximum_volume: 1.0000000000000000
maximum_shape: 0.0000001000000000
maximum_dsigma: 0.0100000000000000
mod: 10
pmod: 10
optimize: 1
verbose: 1
snapshot: 0
display: 1
explore: 1
npt: 1
nptxy: 0
nptdxdy: 0
shape: 0
seed: 1040872
-279.475938964934 -37.988410709996 0.866025403784 -0.500000000000
-93.387338080264 254.758209313888 0.000000000000 1.000000000000
22.375742059294 -58.815854200872 0.000000000000 1.000000000000
136.677882077629 458.027858481940 0.000000000000 1.000000000000
168.989010608645 367.938693230370 0.000000000000 1.000000000000
-52.189621485097 30.728017282297 0.866025403784 -0.500000000000
-158.075504579725 -65.934985700010 0.866025403784 0.500000000000
-34.261026408148 -18.508377262558 0.866025403784 -0.500000000000
-149.536523687157 171.679527438945 0.866025403784 -0.500000000000
69.747766232395 -99.522129011586 0.000000000000 1.000000000000
229.681942362181 84.000118350554 0.866025403784 -0.500000000000
-497.077048578092 239.908013739271 0.000000000000 1.000000000000
-158.526849975984 168.534217814142 0.866025403784 -0.500000000000
47.770198500227 -24.156842520074 0.866025403784 -0.500000000000
173.460225278941 76.648281303344 0.866025403784 -0.500000000000
164.992427448710 -120.245365590564 0.866025403784 -0.500000000000
-117.202202141884 48.321840867735 0.000000000000 1.000000000000
-229.083222703331 -66.719594899801 0.866025403784 0.500000000000
75.592316496921 -306.189663168839 0.000000000000 1.000000000000
-125.525008688398 -59.486088777574 0.866025403784 0.500000000000
