#Configurational_file created 2018-09-14 11:33:21  started 2018-09-14 11:33:21 run for 0.0s steps 0
name: p_916
step: 10000
specie: 20
	particle_diameter: 1.0000000000000000
	interaction_length: 1.2000000000000000
	number_of_patches: 3
	number_of_particles_per_compound: 1
	rod_length: 1.0000000000000000
	interaction_matrix:  1.000000 1.000000 1.000000 1.000000 1.000000 1.000000 1.000000 1.000000 1.000000
	patch_type: symmetric
	patch_width: 8.0000000000000000
	patch_angle: 0.0000000000000000
	angles:  0.000000 0.000000 0.000000
	grand_canonical: 0
	chemical_potential: 0.0000000000000000
box: 9.079381 9.079381
copy: 1.000000 1.000000
epsilon: 0.2292210000000000
end_epsilon: 0.0000000000000000
pressure: 1.2500370000000001
lambda: 0.0000000000000000
lambda_coupling: 1.0000000000000000
uy: 0.0000000000000000
maximum_displacement: 1.0000000000000000
maximum_rotation: 1.0000000000000000
maximum_volume: 1.0000000000000000
maximum_shape: 0.0000001000000000
maximum_dsigma: 0.0100000000000000
mod: 10
pmod: 10
optimize: 1
verbose: 1
snapshot: 0
display: 1
explore: 1
npt: 1
nptxy: 0
nptdxdy: 0
shape: 0
seed: 1044283
126.015914152420 -29.474878026972 0.000000000000 1.000000000000
-20.748154360577 8.061225742798 0.000000000000 1.000000000000
40.159053264188 -17.427786218997 0.866025403784 -0.500000000000
51.043032302116 -135.282883900094 0.866025403784 -0.500000000000
-38.565789664065 146.602815644164 0.866025403784 0.500000000000
48.376247936019 24.868709746408 0.866025403784 0.500000000000
-27.713237282980 147.569649000193 0.000000000000 1.000000000000
-65.006595144013 190.431357841106 0.866025403784 0.500000000000
-209.357691037751 -130.783871070600 0.866025403784 0.500000000000
20.611687504664 -91.225499205685 0.000000000000 1.000000000000
74.069007224150 -12.054522125341 0.866025403784 0.500000000000
-124.333693136760 47.619049042751 0.866025403784 -0.500000000000
-15.628649553270 -34.750555108182 0.866025403784 0.500000000000
-58.452263657212 88.769710680683 0.866025403784 -0.500000000000
-41.293611838155 -70.314277109449 0.866025403784 -0.500000000000
53.542100118263 -46.215698575955 0.000000000000 1.000000000000
-39.301465226713 75.136706368778 0.866025403784 0.500000000000
91.363225589711 -66.385318972888 0.866025403784 -0.500000000000
20.726091727799 -66.858920882814 0.000000000000 1.000000000000
-13.522005074292 -32.609852255397 0.000000000000 1.000000000000
