#Configurational_file created 2018-09-14 13:56:47  started 2018-09-14 13:56:46 run for 1.0s steps 0
name: p_916
step: 10000
specie: 20
	particle_diameter: 1.0000000000000000
	interaction_length: 1.2000000000000000
	number_of_patches: 3
	number_of_particles_per_compound: 1
	rod_length: 1.0000000000000000
	interaction_matrix:  1.000000 1.000000 1.000000 1.000000 1.000000 1.000000 1.000000 1.000000 1.000000
	patch_type: symmetric
	patch_width: 8.0000000000000000
	patch_angle: 0.0000000000000000
	angles:  0.000000 0.000000 0.000000
	grand_canonical: 0
	chemical_potential: 0.0000000000000000
box: 51.080153 51.080153
copy: 1.000000 1.000000
epsilon: 0.0000010000000000
end_epsilon: 0.0000000000000000
pressure: 0.2586210000000000
lambda: 0.0000000000000000
lambda_coupling: 1.0000000000000000
uy: 0.0000000000000000
maximum_displacement: 1.0000000000000000
maximum_rotation: 1.0000000000000000
maximum_volume: 1.0000000000000000
maximum_shape: 0.0000001000000000
maximum_dsigma: 0.0100000000000000
mod: 10
pmod: 10
optimize: 1
verbose: 1
snapshot: 0
display: 1
explore: 1
npt: 1
nptxy: 0
nptdxdy: 0
shape: 0
seed: 1044283
53.243258422916 237.520989323532 0.866025403784 0.500000000000
-153.535327398412 166.933524850503 0.866025403784 -0.500000000000
314.417061998419 -278.408890427026 0.000000000000 1.000000000000
-73.817301396063 -66.087316499929 0.000000000000 1.000000000000
62.596593421667 161.664128657031 0.866025403784 -0.500000000000
-39.497921507651 66.100766389376 0.866025403784 -0.500000000000
173.679186528688 380.447148454149 0.866025403784 -0.500000000000
-65.391238696217 110.534131043683 0.000000000000 1.000000000000
14.507667642673 82.213095054935 0.866025403784 0.500000000000
-214.769685246498 40.521976499870 0.866025403784 -0.500000000000
-93.393565597552 19.661467084518 0.866025403784 0.500000000000
-90.984011728086 -229.631108436900 0.000000000000 1.000000000000
102.369781621707 57.656892531325 0.866025403784 -0.500000000000
105.938519934574 42.365815448600 0.866025403784 -0.500000000000
185.941854555851 173.743365116237 0.866025403784 -0.500000000000
209.835819288989 214.321421563864 0.866025403784 0.500000000000
120.386810876667 333.245878739561 0.866025403784 -0.500000000000
-89.091303410185 -50.094661990409 0.866025403784 -0.500000000000
-206.554388500696 -319.731000835168 0.866025403784 -0.500000000000
-60.904127997102 305.778502148911 0.866025403784 0.500000000000
