#Configurational_file created 2018-09-14 11:33:20  started 2018-09-14 11:33:19 run for 1.0s steps 0
name: p_914
step: 10000
specie: 20
	particle_diameter: 1.0000000000000000
	interaction_length: 1.2000000000000000
	number_of_patches: 3
	number_of_particles_per_compound: 1
	rod_length: 1.0000000000000000
	interaction_matrix:  1.000000 1.000000 1.000000 1.000000 1.000000 1.000000 1.000000 1.000000 1.000000
	patch_type: symmetric
	patch_width: 8.0000000000000000
	patch_angle: 0.0000000000000000
	angles:  0.000000 0.000000 0.000000
	grand_canonical: 0
	chemical_potential: 0.0000000000000000
box: 11.912226 11.912226
copy: 1.000000 1.000000
epsilon: 0.2292210000000000
end_epsilon: 0.0000000000000000
pressure: 1.0833790000000001
lambda: 0.0000000000000000
lambda_coupling: 1.0000000000000000
uy: 0.0000000000000000
maximum_displacement: 1.0000000000000000
maximum_rotation: 1.0000000000000000
maximum_volume: 1.0000000000000000
maximum_shape: 0.0000001000000000
maximum_dsigma: 0.0100000000000000
mod: 10
pmod: 10
optimize: 1
verbose: 1
snapshot: 0
display: 1
explore: 1
npt: 1
nptxy: 0
nptdxdy: 0
shape: 0
seed: 1042009
75.159157765162 -28.737485708028 0.866025403784 0.500000000000
-182.176581042400 5.367748106586 0.866025403784 -0.500000000000
45.965991033134 -116.381695748831 0.866025403784 -0.500000000000
67.229145913860 -73.700603189144 0.866025403784 0.500000000000
71.851830229518 18.541143829092 0.866025403784 0.500000000000
142.981589100094 24.710462231137 0.000000000000 1.000000000000
-165.489643813505 82.267188755309 0.000000000000 1.000000000000
-1.615853338983 -3.708210227432 0.866025403784 0.500000000000
12.466422282481 -65.744139766378 0.000000000000 1.000000000000
-1.527793995649 31.108542885818 0.000000000000 1.000000000000
109.414116629922 -92.793412293502 0.000000000000 1.000000000000
211.272653370192 -193.344725686283 0.866025403784 -0.500000000000
72.326808526316 -51.078600551750 0.000000000000 1.000000000000
-19.362382894616 -6.601903275674 0.000000000000 1.000000000000
-57.366991703569 39.475901235449 0.866025403784 -0.500000000000
5.981815952064 -50.889027929098 0.866025403784 -0.500000000000
-19.134558869519 85.874825876161 0.000000000000 1.000000000000
-10.696769181990 86.421536235205 0.866025403784 -0.500000000000
-18.177852402022 34.332206930232 0.866025403784 0.500000000000
-17.926971734734 64.823037533182 0.866025403784 0.500000000000
