#Configurational_file created 2018-09-14 11:33:19  started 2018-09-14 11:33:18 run for 1.0s steps 0
name: p_913
step: 10000
specie: 20
	particle_diameter: 1.0000000000000000
	interaction_length: 1.2000000000000000
	number_of_patches: 3
	number_of_particles_per_compound: 1
	rod_length: 1.0000000000000000
	interaction_matrix:  1.000000 1.000000 1.000000 1.000000 1.000000 1.000000 1.000000 1.000000 1.000000
	patch_type: symmetric
	patch_width: 8.0000000000000000
	patch_angle: 0.0000000000000000
	angles:  0.000000 0.000000 0.000000
	grand_canonical: 0
	chemical_potential: 0.0000000000000000
box: 9.797313 9.797313
copy: 1.000000 1.000000
epsilon: 0.2292210000000000
end_epsilon: 0.0000000000000000
pressure: 1.0000500000000001
lambda: 0.0000000000000000
lambda_coupling: 1.0000000000000000
uy: 0.0000000000000000
maximum_displacement: 1.0000000000000000
maximum_rotation: 1.0000000000000000
maximum_volume: 1.0000000000000000
maximum_shape: 0.0000001000000000
maximum_dsigma: 0.0100000000000000
mod: 10
pmod: 10
optimize: 1
verbose: 1
snapshot: 0
display: 1
explore: 1
npt: 1
nptxy: 0
nptdxdy: 0
shape: 0
seed: 1040872
-42.774735193735 89.114855709460 0.866025403784 -0.500000000000
48.045126588465 74.286742656981 0.000000000000 1.000000000000
-8.639997756990 -73.220474814286 0.866025403784 0.500000000000
-6.187071071188 -53.285112959053 0.866025403784 -0.500000000000
38.074211620717 61.972026244657 0.866025403784 -0.500000000000
-17.695359194611 38.110142570639 0.866025403784 0.500000000000
29.601334098520 -99.244241690858 0.000000000000 1.000000000000
-67.745284339774 -18.267233947809 0.866025403784 0.500000000000
37.150240128825 21.212665747352 0.866025403784 0.500000000000
3.862086937334 10.868825431005 0.866025403784 0.500000000000
15.080826201500 -61.649746726011 0.866025403784 -0.500000000000
-33.433505136555 -78.732520015256 0.866025403784 0.500000000000
-119.326874408359 -39.626744191313 0.866025403784 -0.500000000000
16.463332502221 45.676867331471 0.866025403784 0.500000000000
-7.383238019651 -87.115318703954 0.866025403784 -0.500000000000
117.711067955992 -37.314845421258 0.866025403784 -0.500000000000
62.025197308164 60.885648052881 0.866025403784 -0.500000000000
55.708794264245 -128.644448855204 0.866025403784 0.500000000000
-68.517340189308 -132.516898535089 0.000000000000 1.000000000000
10.753905778312 -88.199939629098 0.866025403784 0.500000000000
