#Configurational_file created 2018-09-14 12:01:04  started 2018-09-14 12:01:03 run for 1.0s steps 0
name: p_919
step: 10000
specie: 20
	particle_diameter: 1.0000000000000000
	interaction_length: 1.2000000000000000
	number_of_patches: 3
	number_of_particles_per_compound: 1
	rod_length: 1.0000000000000000
	interaction_matrix:  1.000000 1.000000 1.000000 1.000000 1.000000 1.000000 1.000000 1.000000 1.000000
	patch_type: symmetric
	patch_width: 8.0000000000000000
	patch_angle: 0.0000000000000000
	angles:  0.000000 0.000000 0.000000
	grand_canonical: 0
	chemical_potential: 0.0000000000000000
box: 47.437530 47.437530
copy: 1.000000 1.000000
epsilon: 0.0229170000000000
end_epsilon: 0.0000000000000000
pressure: 0.0750000000000000
lambda: 0.0000000000000000
lambda_coupling: 1.0000000000000000
uy: 0.0000000000000000
maximum_displacement: 1.0000000000000000
maximum_rotation: 1.0000000000000000
maximum_volume: 1.0000000000000000
maximum_shape: 0.0000001000000000
maximum_dsigma: 0.0100000000000000
mod: 10
pmod: 10
optimize: 1
verbose: 1
snapshot: 0
display: 1
explore: 1
npt: 1
nptxy: 0
nptdxdy: 0
shape: 0
seed: 1047694
-149.229942054879 193.587498822463 0.000000000000 1.000000000000
221.752879721108 69.167351070450 0.866025403784 0.500000000000
227.639778151197 -35.799460027275 0.000000000000 1.000000000000
-62.342335810302 176.791041779629 0.866025403784 0.500000000000
-50.162124051065 336.232683227597 0.866025403784 -0.500000000000
92.029781339819 208.725376635999 0.000000000000 1.000000000000
-230.983387148207 143.353380766890 0.000000000000 1.000000000000
-4.307438845340 237.964672778876 0.866025403784 -0.500000000000
245.063035256794 -333.796533483614 0.866025403784 0.500000000000
113.152011589498 243.061631960847 0.866025403784 0.500000000000
-67.018668397421 71.986199613753 0.866025403784 0.500000000000
265.789208612878 -304.882337224840 0.866025403784 0.500000000000
57.546374693497 -59.557736753916 0.866025403784 0.500000000000
6.289583707866 65.071240872679 0.866025403784 0.500000000000
167.318607168339 -12.430834184222 0.000000000000 1.000000000000
225.254804205063 309.310063019877 0.000000000000 1.000000000000
188.058232067313 288.721508841614 0.866025403784 0.500000000000
275.324498374180 227.656759382277 0.866025403784 -0.500000000000
-41.874139968013 344.333841888270 0.866025403784 -0.500000000000
171.844828402675 -273.804072034690 0.000000000000 1.000000000000
