#Configurational_file created 2018-09-14 12:00:59  started 2018-09-14 12:00:59 run for 0.0s steps 0
name: p_913
step: 10000
specie: 20
	particle_diameter: 1.0000000000000000
	interaction_length: 1.2000000000000000
	number_of_patches: 3
	number_of_particles_per_compound: 1
	rod_length: 1.0000000000000000
	interaction_matrix:  1.000000 1.000000 1.000000 1.000000 1.000000 1.000000 1.000000 1.000000 1.000000
	patch_type: symmetric
	patch_width: 8.0000000000000000
	patch_angle: 0.0000000000000000
	angles:  0.000000 0.000000 0.000000
	grand_canonical: 0
	chemical_potential: 0.0000000000000000
box: 43.514878 43.514878
copy: 1.000000 1.000000
epsilon: 0.0229170000000000
end_epsilon: 0.0000000000000000
pressure: 0.0500010000000000
lambda: 0.0000000000000000
lambda_coupling: 1.0000000000000000
uy: 0.0000000000000000
maximum_displacement: 1.0000000000000000
maximum_rotation: 1.0000000000000000
maximum_volume: 1.0000000000000000
maximum_shape: 0.0000001000000000
maximum_dsigma: 0.0100000000000000
mod: 10
pmod: 10
optimize: 1
verbose: 1
snapshot: 0
display: 1
explore: 1
npt: 1
nptxy: 0
nptdxdy: 0
shape: 0
seed: 1040872
-86.511221575325 -39.047292691189 0.866025403784 0.500000000000
-396.586925298671 160.219377932921 0.000000000000 1.000000000000
51.350572315587 40.700833585944 0.000000000000 1.000000000000
72.664527334781 102.142052492609 0.866025403784 0.500000000000
-68.666022790317 60.533283806352 0.866025403784 0.500000000000
-264.762030940666 -107.503811755037 0.866025403784 0.500000000000
-132.690544088549 -215.464713174281 0.866025403784 -0.500000000000
63.398142383956 7.024011951149 0.866025403784 0.500000000000
-245.396781476268 368.840107279705 0.866025403784 -0.500000000000
18.302779773043 -4.474673276258 0.866025403784 0.500000000000
8.612932699591 17.400084099498 0.866025403784 -0.500000000000
-313.555472168152 346.119240069739 0.000000000000 1.000000000000
-155.995100691751 -31.202571831005 0.000000000000 1.000000000000
-40.948179881144 75.830545150046 0.000000000000 1.000000000000
300.303314955563 63.901827596297 0.866025403784 -0.500000000000
183.849178984064 -279.496708065812 0.000000000000 1.000000000000
83.235705317362 279.567494616261 0.000000000000 1.000000000000
107.735721344726 -76.239839392333 0.866025403784 0.500000000000
57.291936502391 -241.943773144476 0.866025403784 0.500000000000
87.195736482466 228.292953551181 0.866025403784 0.500000000000
