#Configurational_file created 2018-09-14 11:06:34  started 2018-09-14 11:06:33 run for 1.0s steps 0
name: p_91
step: 10000
specie: 20
	particle_diameter: 1.0000000000000000
	interaction_length: 1.2000000000000000
	number_of_patches: 3
	number_of_particles_per_compound: 1
	rod_length: 1.0000000000000000
	interaction_matrix:  1.000000 1.000000 1.000000 1.000000 1.000000 1.000000 1.000000 1.000000 1.000000
	patch_type: symmetric
	patch_width: 8.0000000000000000
	patch_angle: 0.0000000000000000
	angles:  0.000000 0.000000 0.000000
	grand_canonical: 0
	chemical_potential: 0.0000000000000000
box: 15.946448 15.946448
copy: 1.000000 1.000000
epsilon: 0.2143430000000000
end_epsilon: 0.0000000000000000
pressure: 0.5715000000000000
lambda: 0.0000000000000000
lambda_coupling: 1.0000000000000000
uy: 0.0000000000000000
maximum_displacement: 1.0000000000000000
maximum_rotation: 1.0000000000000000
maximum_volume: 1.0000000000000000
maximum_shape: 0.0000001000000000
maximum_dsigma: 0.0100000000000000
mod: 10
pmod: 10
optimize: 1
verbose: 1
snapshot: 0
display: 1
explore: 1
npt: 1
nptxy: 0
nptdxdy: 0
shape: 0
seed: 106337
22.394149872588 155.625508315299 0.000000000000 1.000000000000
1.739915034646 13.872500574260 0.866025403784 0.500000000000
-46.316808218304 12.388921854345 0.866025403784 0.500000000000
-25.761108048846 -37.508974621309 0.000000000000 1.000000000000
-20.936641734769 -27.282922031903 0.866025403784 0.500000000000
-107.619612084266 -19.439760122888 0.866025403784 -0.500000000000
-46.260833357925 49.984830509912 0.866025403784 0.500000000000
-160.096346109525 -138.091056939055 0.000000000000 1.000000000000
-76.692405011745 -20.421800574996 0.000000000000 1.000000000000
77.119377431306 -4.520202880091 0.000000000000 1.000000000000
-32.069218625155 133.505225951216 0.866025403784 -0.500000000000
-199.656245844800 26.030070466607 0.866025403784 0.500000000000
-56.679982330190 -50.098922288132 0.866025403784 -0.500000000000
216.511748301618 -86.028149810305 0.866025403784 0.500000000000
-62.168341881232 281.762839416138 0.000000000000 1.000000000000
-134.930277435973 55.632813667912 0.866025403784 -0.500000000000
-9.822299752884 -221.690529353153 0.866025403784 -0.500000000000
75.725104934008 4.589945105368 0.866025403784 -0.500000000000
104.333340292373 -68.101421676776 0.866025403784 0.500000000000
44.144049021415 -62.997923269805 0.866025403784 0.500000000000
