#Configurational_file created 2018-09-14 12:01:02  started 2018-09-14 12:01:02 run for 0.0s steps 0
name: p_917
step: 10000
specie: 20
	particle_diameter: 1.0000000000000000
	interaction_length: 1.2000000000000000
	number_of_patches: 3
	number_of_particles_per_compound: 1
	rod_length: 1.0000000000000000
	interaction_matrix:  1.000000 1.000000 1.000000 1.000000 1.000000 1.000000 1.000000 1.000000 1.000000
	patch_type: symmetric
	patch_width: 8.0000000000000000
	patch_angle: 0.0000000000000000
	angles:  0.000000 0.000000 0.000000
	grand_canonical: 0
	chemical_potential: 0.0000000000000000
box: 41.269728 41.269728
copy: 1.000000 1.000000
epsilon: 0.0229170000000000
end_epsilon: 0.0000000000000000
pressure: 0.0666670000000000
lambda: 0.0000000000000000
lambda_coupling: 1.0000000000000000
uy: 0.0000000000000000
maximum_displacement: 1.0000000000000000
maximum_rotation: 1.0000000000000000
maximum_volume: 1.0000000000000000
maximum_shape: 0.0000001000000000
maximum_dsigma: 0.0100000000000000
mod: 10
pmod: 10
optimize: 1
verbose: 1
snapshot: 0
display: 1
explore: 1
npt: 1
nptxy: 0
nptdxdy: 0
shape: 0
seed: 1045420
34.968993506977 -203.285405537595 0.866025403784 -0.500000000000
17.152880330121 186.863501563161 0.000000000000 1.000000000000
-590.048241680475 -71.514704635903 0.866025403784 0.500000000000
-153.296154169263 -30.346513633216 0.000000000000 1.000000000000
264.954807307783 -168.468444156654 0.866025403784 0.500000000000
-48.290970836824 -60.286604013808 0.000000000000 1.000000000000
-10.075073453551 -84.107134491829 0.866025403784 0.500000000000
-284.393018406791 238.577875028559 0.866025403784 0.500000000000
-10.136657671227 222.234646468878 0.866025403784 0.500000000000
135.999986087491 -69.210825864630 0.866025403784 -0.500000000000
20.020564838893 13.487111125770 0.000000000000 1.000000000000
-169.271116154267 -55.475473151151 0.000000000000 1.000000000000
-244.291164818080 4.653627369324 0.000000000000 1.000000000000
-202.350071876208 -97.702247849133 0.866025403784 -0.500000000000
14.138786587609 -21.893551447240 0.866025403784 -0.500000000000
54.684785386654 98.149310402683 0.000000000000 1.000000000000
-197.487026981150 -125.240544824939 0.866025403784 -0.500000000000
-48.514068210451 185.085300515683 0.000000000000 1.000000000000
136.580476619882 -114.233434172005 0.866025403784 0.500000000000
-29.388835825025 -123.134028438878 0.866025403784 -0.500000000000
