#Configurational_file created 2018-09-14 13:56:44  started 2018-09-14 13:56:43 run for 1.0s steps 0
name: p_911
step: 10000
specie: 20
	particle_diameter: 1.0000000000000000
	interaction_length: 1.2000000000000000
	number_of_patches: 3
	number_of_particles_per_compound: 1
	rod_length: 1.0000000000000000
	interaction_matrix:  1.000000 1.000000 1.000000 1.000000 1.000000 1.000000 1.000000 1.000000 1.000000
	patch_type: symmetric
	patch_width: 8.0000000000000000
	patch_angle: 0.0000000000000000
	angles:  0.000000 0.000000 0.000000
	grand_canonical: 0
	chemical_potential: 0.0000000000000000
box: 45.392549 45.392549
copy: 1.000000 1.000000
epsilon: 0.0000010000000000
end_epsilon: 0.0000000000000000
pressure: 0.1724140000000000
lambda: 0.0000000000000000
lambda_coupling: 1.0000000000000000
uy: 0.0000000000000000
maximum_displacement: 1.0000000000000000
maximum_rotation: 1.0000000000000000
maximum_volume: 1.0000000000000000
maximum_shape: 0.0000001000000000
maximum_dsigma: 0.0100000000000000
mod: 10
pmod: 10
optimize: 1
verbose: 1
snapshot: 0
display: 1
explore: 1
npt: 1
nptxy: 0
nptdxdy: 0
shape: 0
seed: 1038598
49.136640161527 -40.892314474487 0.000000000000 1.000000000000
-14.604434305811 -86.091642232581 0.866025403784 0.500000000000
78.863157814497 336.899821505922 0.866025403784 -0.500000000000
-172.751569369718 -340.796058783189 0.866025403784 0.500000000000
91.954578742391 -49.149655063940 0.000000000000 1.000000000000
-67.527092805400 394.596078535329 0.866025403784 -0.500000000000
63.389614258032 21.053433547593 0.866025403784 -0.500000000000
-90.429651159120 177.673683604321 0.866025403784 -0.500000000000
-170.120256267647 78.202254124777 0.866025403784 -0.500000000000
-163.086226830433 -152.718784999486 0.000000000000 1.000000000000
94.560122518657 127.049762897478 0.866025403784 0.500000000000
-172.448955071492 145.884649125059 0.866025403784 0.500000000000
111.442450767273 188.973122861721 0.866025403784 -0.500000000000
17.273165070384 212.344982252748 0.866025403784 0.500000000000
20.605422793833 274.940057176232 0.000000000000 1.000000000000
-144.916900769636 28.361470595537 0.866025403784 0.500000000000
132.521563712464 -122.201880252532 0.000000000000 1.000000000000
92.642735682958 -99.297570954594 0.866025403784 0.500000000000
-195.887127005900 99.022528622692 0.866025403784 0.500000000000
-234.293765952462 115.600479393050 0.866025403784 -0.500000000000
