#Configurational_file created 2018-09-14 11:33:18  started 2018-09-14 11:33:17 run for 1.0s steps 0
name: p_912
step: 10000
specie: 20
	particle_diameter: 1.0000000000000000
	interaction_length: 1.2000000000000000
	number_of_patches: 3
	number_of_particles_per_compound: 1
	rod_length: 1.0000000000000000
	interaction_matrix:  1.000000 1.000000 1.000000 1.000000 1.000000 1.000000 1.000000 1.000000 1.000000
	patch_type: symmetric
	patch_width: 8.0000000000000000
	patch_angle: 0.0000000000000000
	angles:  0.000000 0.000000 0.000000
	grand_canonical: 0
	chemical_potential: 0.0000000000000000
box: 11.404827 11.404827
copy: 1.000000 1.000000
epsilon: 0.2292210000000000
end_epsilon: 0.0000000000000000
pressure: 0.9167210000000000
lambda: 0.0000000000000000
lambda_coupling: 1.0000000000000000
uy: 0.0000000000000000
maximum_displacement: 1.0000000000000000
maximum_rotation: 1.0000000000000000
maximum_volume: 1.0000000000000000
maximum_shape: 0.0000001000000000
maximum_dsigma: 0.0100000000000000
mod: 10
pmod: 10
optimize: 1
verbose: 1
snapshot: 0
display: 1
explore: 1
npt: 1
nptxy: 0
nptdxdy: 0
shape: 0
seed: 1039735
119.398488365865 -130.330963599529 0.000000000000 1.000000000000
-13.198421880263 -103.744192412642 0.866025403784 -0.500000000000
-65.736006047747 -8.068375378397 0.866025403784 0.500000000000
66.632158534394 123.084882483895 0.000000000000 1.000000000000
160.346102032847 98.653079124626 0.866025403784 -0.500000000000
120.996346146504 136.769182669021 0.866025403784 0.500000000000
20.941203146207 5.552890737199 0.866025403784 0.500000000000
-13.526713752411 97.782242704810 0.866025403784 -0.500000000000
-153.121944141967 26.758758102182 0.866025403784 0.500000000000
-65.914964330927 31.071486827456 0.866025403784 0.500000000000
-114.393515483479 78.163870387525 0.866025403784 0.500000000000
25.035265978038 0.012797524032 0.866025403784 -0.500000000000
27.863746148249 -63.948677214770 0.000000000000 1.000000000000
-17.278596244319 -12.902123407507 0.000000000000 1.000000000000
87.410407216998 63.294008055785 0.000000000000 1.000000000000
-264.075659565012 -21.942608181512 0.866025403784 0.500000000000
135.455910827459 15.024660027471 0.866025403784 0.500000000000
-18.052025027123 54.496364414852 0.866025403784 -0.500000000000
-114.616865601782 -16.847094793618 0.000000000000 1.000000000000
35.910090615134 49.320570153608 0.866025403784 -0.500000000000
