#Configurational_file created 2018-09-14 12:00:58  started 2018-09-14 12:00:57 run for 1.0s steps 0
name: p_911
step: 10000
specie: 20
	particle_diameter: 1.0000000000000000
	interaction_length: 1.2000000000000000
	number_of_patches: 3
	number_of_particles_per_compound: 1
	rod_length: 1.0000000000000000
	interaction_matrix:  1.000000 1.000000 1.000000 1.000000 1.000000 1.000000 1.000000 1.000000 1.000000
	patch_type: symmetric
	patch_width: 8.0000000000000000
	patch_angle: 0.0000000000000000
	angles:  0.000000 0.000000 0.000000
	grand_canonical: 0
	chemical_potential: 0.0000000000000000
box: 46.451042 46.451042
copy: 1.000000 1.000000
epsilon: 0.0229170000000000
end_epsilon: 0.0000000000000000
pressure: 0.0416670000000000
lambda: 0.0000000000000000
lambda_coupling: 1.0000000000000000
uy: 0.0000000000000000
maximum_displacement: 1.0000000000000000
maximum_rotation: 1.0000000000000000
maximum_volume: 1.0000000000000000
maximum_shape: 0.0000001000000000
maximum_dsigma: 0.0100000000000000
mod: 10
pmod: 10
optimize: 1
verbose: 1
snapshot: 0
display: 1
explore: 1
npt: 1
nptxy: 0
nptdxdy: 0
shape: 0
seed: 1038598
307.508927297831 7.628844489696 0.866025403784 0.500000000000
-194.572532046399 -115.090344324578 0.866025403784 -0.500000000000
103.940209837403 -47.386291654063 0.866025403784 -0.500000000000
50.379821621789 -8.356939183669 0.000000000000 1.000000000000
78.496908031616 302.329100245175 0.000000000000 1.000000000000
120.935581935087 90.352996303057 0.000000000000 1.000000000000
-41.255051484614 186.394878934760 0.866025403784 0.500000000000
54.658938577655 303.014905514866 0.000000000000 1.000000000000
222.840222940126 60.583952344215 0.000000000000 1.000000000000
-99.419184026160 125.124822221551 0.000000000000 1.000000000000
-181.507830827992 242.739356878439 0.866025403784 -0.500000000000
13.087917570151 -201.734553010223 0.866025403784 0.500000000000
26.995990349060 0.747346649222 0.000000000000 1.000000000000
-76.381810317906 335.324940363164 0.866025403784 0.500000000000
199.595924163353 105.139605083211 0.000000000000 1.000000000000
17.103167669895 -11.118592871843 0.866025403784 -0.500000000000
-10.996769706207 165.439560734130 0.866025403784 -0.500000000000
-56.069374702599 123.607803673890 0.866025403784 -0.500000000000
177.520917159577 1.784012626165 0.866025403784 -0.500000000000
-41.386040323785 -66.369964266907 0.866025403784 -0.500000000000
