#Configurational_file created 2018-09-14 13:56:46  started 2018-09-14 13:56:45 run for 1.0s steps 0
name: p_914
step: 10000
specie: 20
	particle_diameter: 1.0000000000000000
	interaction_length: 1.2000000000000000
	number_of_patches: 3
	number_of_particles_per_compound: 1
	rod_length: 1.0000000000000000
	interaction_matrix:  1.000000 1.000000 1.000000 1.000000 1.000000 1.000000 1.000000 1.000000 1.000000
	patch_type: symmetric
	patch_width: 8.0000000000000000
	patch_angle: 0.0000000000000000
	angles:  0.000000 0.000000 0.000000
	grand_canonical: 0
	chemical_potential: 0.0000000000000000
box: 45.683487 45.683487
copy: 1.000000 1.000000
epsilon: 0.0000010000000000
end_epsilon: 0.0000000000000000
pressure: 0.2241380000000000
lambda: 0.0000000000000000
lambda_coupling: 1.0000000000000000
uy: 0.0000000000000000
maximum_displacement: 1.0000000000000000
maximum_rotation: 1.0000000000000000
maximum_volume: 1.0000000000000000
maximum_shape: 0.0000001000000000
maximum_dsigma: 0.0100000000000000
mod: 10
pmod: 10
optimize: 1
verbose: 1
snapshot: 0
display: 1
explore: 1
npt: 1
nptxy: 0
nptdxdy: 0
shape: 0
seed: 1042009
-8.094636431692 -33.647597020205 0.866025403784 -0.500000000000
-141.019732355022 252.841690480492 0.866025403784 -0.500000000000
-83.018593309895 -134.165614221573 0.866025403784 -0.500000000000
-186.552494257074 -134.588607380511 0.866025403784 0.500000000000
414.191552193713 81.842670383675 0.000000000000 1.000000000000
-168.408809473711 259.692191730130 0.000000000000 1.000000000000
-166.568517831010 112.329466420270 0.866025403784 -0.500000000000
-63.561614935090 269.195082700769 0.866025403784 0.500000000000
-104.404693496062 -311.811160851661 0.866025403784 0.500000000000
93.782952030515 313.617812923069 0.000000000000 1.000000000000
230.280943067382 -113.746363197181 0.866025403784 0.500000000000
-39.055358938314 -83.645978407461 0.866025403784 -0.500000000000
114.100256272212 213.922656830825 0.866025403784 0.500000000000
75.088700645311 -337.114023169097 0.866025403784 0.500000000000
-190.134153973004 -39.043552514120 0.866025403784 0.500000000000
221.235257726343 -86.222675149116 0.866025403784 -0.500000000000
155.527195444201 29.471256900764 0.866025403784 -0.500000000000
-271.598683189310 -184.378987636902 0.866025403784 -0.500000000000
214.460277990948 -216.938941373791 0.000000000000 1.000000000000
114.814073491072 2.991692903114 0.866025403784 -0.500000000000
