#Configurational_file created 2018-09-14 13:56:43  started 2018-09-14 13:56:42 run for 1.0s steps 0
name: p_910
step: 10000
specie: 20
	particle_diameter: 1.0000000000000000
	interaction_length: 1.2000000000000000
	number_of_patches: 3
	number_of_particles_per_compound: 1
	rod_length: 1.0000000000000000
	interaction_matrix:  1.000000 1.000000 1.000000 1.000000 1.000000 1.000000 1.000000 1.000000 1.000000
	patch_type: symmetric
	patch_width: 8.0000000000000000
	patch_angle: 0.0000000000000000
	angles:  0.000000 0.000000 0.000000
	grand_canonical: 0
	chemical_potential: 0.0000000000000000
box: 47.518822 47.518822
copy: 1.000000 1.000000
epsilon: 0.0000010000000000
end_epsilon: 0.0000000000000000
pressure: 0.1551730000000000
lambda: 0.0000000000000000
lambda_coupling: 1.0000000000000000
uy: 0.0000000000000000
maximum_displacement: 1.0000000000000000
maximum_rotation: 1.0000000000000000
maximum_volume: 1.0000000000000000
maximum_shape: 0.0000001000000000
maximum_dsigma: 0.0100000000000000
mod: 10
pmod: 10
optimize: 1
verbose: 1
snapshot: 0
display: 1
explore: 1
npt: 1
nptxy: 0
nptdxdy: 0
shape: 0
seed: 1037461
-202.354868454132 122.514881569709 0.000000000000 1.000000000000
26.064547382474 215.772044036055 0.866025403784 0.500000000000
346.152127460690 -63.193333789954 0.000000000000 1.000000000000
-178.945349237850 -0.194291507096 0.866025403784 -0.500000000000
138.802710782459 -189.055986546087 0.866025403784 -0.500000000000
127.867480030244 -232.421664066934 0.866025403784 0.500000000000
-261.817100192663 210.691068763297 0.866025403784 -0.500000000000
85.049549800818 144.132052187370 0.866025403784 -0.500000000000
148.576912562124 -142.919148172149 0.866025403784 -0.500000000000
64.548985113203 197.343382974384 0.866025403784 -0.500000000000
-105.206208569665 -69.951669701336 0.866025403784 -0.500000000000
224.509992662041 110.743515218828 0.000000000000 1.000000000000
-202.315297915108 37.766904293857 0.866025403784 0.500000000000
15.968676914494 110.533385620762 0.866025403784 0.500000000000
-125.576628956883 131.208106007514 0.866025403784 0.500000000000
111.931856863583 47.340928257313 0.866025403784 0.500000000000
273.921964619822 48.687123058542 0.866025403784 0.500000000000
215.095778593369 189.100459904903 0.866025403784 -0.500000000000
31.567893126787 133.962820306121 0.000000000000 1.000000000000
373.567763309655 164.569672429365 0.866025403784 -0.500000000000
