#Configurational_file created 2018-09-14 13:56:48  started 2018-09-14 13:56:47 run for 1.0s steps 0
name: p_917
step: 10000
specie: 20
	particle_diameter: 1.0000000000000000
	interaction_length: 1.2000000000000000
	number_of_patches: 3
	number_of_particles_per_compound: 1
	rod_length: 1.0000000000000000
	interaction_matrix:  1.000000 1.000000 1.000000 1.000000 1.000000 1.000000 1.000000 1.000000 1.000000
	patch_type: symmetric
	patch_width: 8.0000000000000000
	patch_angle: 0.0000000000000000
	angles:  0.000000 0.000000 0.000000
	grand_canonical: 0
	chemical_potential: 0.0000000000000000
box: 48.220248 48.220248
copy: 1.000000 1.000000
epsilon: 0.0000010000000000
end_epsilon: 0.0000000000000000
pressure: 0.2758630000000000
lambda: 0.0000000000000000
lambda_coupling: 1.0000000000000000
uy: 0.0000000000000000
maximum_displacement: 1.0000000000000000
maximum_rotation: 1.0000000000000000
maximum_volume: 1.0000000000000000
maximum_shape: 0.0000001000000000
maximum_dsigma: 0.0100000000000000
mod: 10
pmod: 10
optimize: 1
verbose: 1
snapshot: 0
display: 1
explore: 1
npt: 1
nptxy: 0
nptdxdy: 0
shape: 0
seed: 1045420
178.854878427268 38.145980149341 0.000000000000 1.000000000000
-81.382172265023 349.131262284621 0.000000000000 1.000000000000
-282.356869968106 16.392569810180 0.866025403784 -0.500000000000
38.855514722666 -50.495890446396 0.000000000000 1.000000000000
-71.097488525870 49.597704789467 0.866025403784 0.500000000000
334.572395543259 -323.189873705600 0.866025403784 -0.500000000000
-107.690462462303 -53.907332780195 0.866025403784 -0.500000000000
11.603372239119 -99.988725480740 0.866025403784 0.500000000000
49.451859607143 -0.761901535549 0.866025403784 0.500000000000
43.629341479451 298.611756556541 0.866025403784 -0.500000000000
-35.757342459473 160.817038384056 0.866025403784 -0.500000000000
-0.982500733526 -186.397871546612 0.000000000000 1.000000000000
-329.866412839635 3.264700689545 0.866025403784 -0.500000000000
27.325461550366 -345.282145716765 0.866025403784 0.500000000000
146.195531199829 21.747357730560 0.866025403784 0.500000000000
81.941290796597 12.935810020100 0.866025403784 -0.500000000000
-202.843290208830 -227.406237463161 0.866025403784 0.500000000000
-183.621458523269 -234.670539532899 0.000000000000 1.000000000000
138.511326881492 -62.580727065091 0.866025403784 -0.500000000000
-117.176872254924 103.979198656984 0.000000000000 1.000000000000
