#Configurational_file created 2018-09-14 11:33:17  started 2018-09-14 11:33:16 run for 1.0s steps 0
name: p_910
step: 10000
specie: 20
	particle_diameter: 1.0000000000000000
	interaction_length: 1.2000000000000000
	number_of_patches: 3
	number_of_particles_per_compound: 1
	rod_length: 1.0000000000000000
	interaction_matrix:  1.000000 1.000000 1.000000 1.000000 1.000000 1.000000 1.000000 1.000000 1.000000
	patch_type: symmetric
	patch_width: 8.0000000000000000
	patch_angle: 0.0000000000000000
	angles:  0.000000 0.000000 0.000000
	grand_canonical: 0
	chemical_potential: 0.0000000000000000
box: 12.539949 12.539949
copy: 1.000000 1.000000
epsilon: 0.2292210000000000
end_epsilon: 0.0000000000000000
pressure: 0.7500620000000000
lambda: 0.0000000000000000
lambda_coupling: 1.0000000000000000
uy: 0.0000000000000000
maximum_displacement: 1.0000000000000000
maximum_rotation: 1.0000000000000000
maximum_volume: 1.0000000000000000
maximum_shape: 0.0000001000000000
maximum_dsigma: 0.0100000000000000
mod: 10
pmod: 10
optimize: 1
verbose: 1
snapshot: 0
display: 1
explore: 1
npt: 1
nptxy: 0
nptdxdy: 0
shape: 0
seed: 1037461
76.933167341686 95.557257915794 0.866025403784 0.500000000000
-121.363482116057 -7.394889042447 0.000000000000 1.000000000000
158.079564352669 84.335287737080 0.866025403784 0.500000000000
-73.788012108775 118.473604843622 0.866025403784 -0.500000000000
-106.460981223188 -93.858027453570 0.866025403784 0.500000000000
-9.728552122756 -31.837227021154 0.866025403784 0.500000000000
-22.842338126218 147.450795705649 0.000000000000 1.000000000000
12.635417974725 20.825177480305 0.866025403784 0.500000000000
-153.913872973391 -50.684934467518 0.866025403784 -0.500000000000
-30.098509491869 -86.490486538403 0.000000000000 1.000000000000
-46.289809431035 -31.670302902509 0.866025403784 0.500000000000
-175.952890305637 7.292980565505 0.000000000000 1.000000000000
5.640816711835 -69.931449704505 0.866025403784 0.500000000000
-166.613671069831 133.968842745237 0.000000000000 1.000000000000
-18.309595698312 2.611382021213 0.866025403784 -0.500000000000
-65.280491710429 -1.725959856759 0.866025403784 0.500000000000
80.035992852742 60.609278331218 0.000000000000 1.000000000000
76.550209262435 40.277673468376 0.866025403784 -0.500000000000
147.453408249569 117.309763256011 0.000000000000 1.000000000000
-104.533436250841 22.757430364495 0.866025403784 -0.500000000000
