#Configurational_file created 2018-09-14 13:56:49  started 2018-09-14 13:56:48 run for 1.0s steps 0
name: p_918
step: 10000
specie: 20
	particle_diameter: 1.0000000000000000
	interaction_length: 1.2000000000000000
	number_of_patches: 3
	number_of_particles_per_compound: 1
	rod_length: 1.0000000000000000
	interaction_matrix:  1.000000 1.000000 1.000000 1.000000 1.000000 1.000000 1.000000 1.000000 1.000000
	patch_type: symmetric
	patch_width: 8.0000000000000000
	patch_angle: 0.0000000000000000
	angles:  0.000000 0.000000 0.000000
	grand_canonical: 0
	chemical_potential: 0.0000000000000000
box: 43.397541 43.397541
copy: 1.000000 1.000000
epsilon: 0.0000010000000000
end_epsilon: 0.0000000000000000
pressure: 0.2931040000000000
lambda: 0.0000000000000000
lambda_coupling: 1.0000000000000000
uy: 0.0000000000000000
maximum_displacement: 1.0000000000000000
maximum_rotation: 1.0000000000000000
maximum_volume: 1.0000000000000000
maximum_shape: 0.0000001000000000
maximum_dsigma: 0.0100000000000000
mod: 10
pmod: 10
optimize: 1
verbose: 1
snapshot: 0
display: 1
explore: 1
npt: 1
nptxy: 0
nptdxdy: 0
shape: 0
seed: 1046557
136.377794647555 208.262822419506 0.866025403784 0.500000000000
-4.192572261382 186.447904195410 0.000000000000 1.000000000000
-158.396140988975 55.721790036905 0.000000000000 1.000000000000
287.137928362323 43.455975931914 0.866025403784 0.500000000000
30.314215279759 265.512912649553 0.000000000000 1.000000000000
-194.163802495435 141.650000165425 0.000000000000 1.000000000000
-88.650809299008 -106.355823735320 0.000000000000 1.000000000000
-6.477806621278 103.885594624644 0.866025403784 -0.500000000000
-78.196736236862 98.256040535341 0.000000000000 1.000000000000
114.690561476689 -122.553747230883 0.866025403784 0.500000000000
59.207612826445 -62.187113074078 0.000000000000 1.000000000000
-168.386860245954 -317.100070196161 0.866025403784 -0.500000000000
-56.435879091790 -117.679364663419 0.866025403784 0.500000000000
-214.245333478698 -64.583971441628 0.000000000000 1.000000000000
-112.308520158530 -211.865402859787 0.000000000000 1.000000000000
27.221391709096 -274.378167025857 0.866025403784 -0.500000000000
78.677548509270 -268.941100872443 0.000000000000 1.000000000000
284.952814353071 171.260722417127 0.000000000000 1.000000000000
-194.765886725493 8.898207780846 0.866025403784 -0.500000000000
67.867794436426 42.012216028847 0.866025403784 -0.500000000000
