#Configurational_file created 2018-09-14 13:56:56  started 2018-09-14 13:56:55 run for 1.0s steps 0
name: p_928
step: 10000
specie: 20
	particle_diameter: 1.0000000000000000
	interaction_length: 1.2000000000000000
	number_of_patches: 3
	number_of_particles_per_compound: 1
	rod_length: 1.0000000000000000
	interaction_matrix:  1.000000 1.000000 1.000000 1.000000 1.000000 1.000000 1.000000 1.000000 1.000000
	patch_type: symmetric
	patch_width: 8.0000000000000000
	patch_angle: 0.0000000000000000
	angles:  0.000000 0.000000 0.000000
	grand_canonical: 0
	chemical_potential: 0.0000000000000000
box: 51.825171 51.825171
copy: 1.000000 1.000000
epsilon: 0.0000010000000000
end_epsilon: 0.0000000000000000
pressure: 0.4655170000000000
lambda: 0.0000000000000000
lambda_coupling: 1.0000000000000000
uy: 0.0000000000000000
maximum_displacement: 1.0000000000000000
maximum_rotation: 1.0000000000000000
maximum_volume: 1.0000000000000000
maximum_shape: 0.0000001000000000
maximum_dsigma: 0.0100000000000000
mod: 10
pmod: 10
optimize: 1
verbose: 1
snapshot: 0
display: 1
explore: 1
npt: 1
nptxy: 0
nptdxdy: 0
shape: 0
seed: 1057927
130.361345191282 -17.894686062395 0.866025403784 -0.500000000000
142.525717322801 134.841606111621 0.866025403784 -0.500000000000
46.212481472671 -284.080866891031 0.000000000000 1.000000000000
-4.306673643311 149.443313977584 0.866025403784 -0.500000000000
239.263203246620 -202.120613935035 0.866025403784 0.500000000000
392.156626950661 103.379337067210 0.000000000000 1.000000000000
-170.181484922070 -38.065960528817 0.000000000000 1.000000000000
21.161004444222 304.635696842301 0.866025403784 -0.500000000000
21.977114692997 69.603537556527 0.000000000000 1.000000000000
-64.339450437140 -93.214165881630 0.000000000000 1.000000000000
-309.244596986883 263.442557295704 0.866025403784 -0.500000000000
49.151772892553 173.067924694793 0.866025403784 0.500000000000
-214.010688042295 -33.349052408548 0.000000000000 1.000000000000
156.972328863676 -113.208844125371 0.000000000000 1.000000000000
-24.064004171695 185.420218819781 0.866025403784 -0.500000000000
-64.504709432008 -132.517770403592 0.866025403784 0.500000000000
56.712558843836 251.921437630274 0.000000000000 1.000000000000
-211.600899542817 -170.572298469385 0.000000000000 1.000000000000
21.467388455470 0.363132642144 0.000000000000 1.000000000000
-38.587322156864 -280.666070708115 0.000000000000 1.000000000000
