#Configurational_file created 2018-09-14 12:01:08  started 2018-09-14 12:01:07 run for 1.0s steps 0
name: p_925
step: 10000
specie: 20
	particle_diameter: 1.0000000000000000
	interaction_length: 1.2000000000000000
	number_of_patches: 3
	number_of_particles_per_compound: 1
	rod_length: 1.0000000000000000
	interaction_matrix:  1.000000 1.000000 1.000000 1.000000 1.000000 1.000000 1.000000 1.000000 1.000000
	patch_type: symmetric
	patch_width: 8.0000000000000000
	patch_angle: 0.0000000000000000
	angles:  0.000000 0.000000 0.000000
	grand_canonical: 0
	chemical_potential: 0.0000000000000000
box: 44.926523 44.926523
copy: 1.000000 1.000000
epsilon: 0.0229170000000000
end_epsilon: 0.0000000000000000
pressure: 0.1000000000000000
lambda: 0.0000000000000000
lambda_coupling: 1.0000000000000000
uy: 0.0000000000000000
maximum_displacement: 1.0000000000000000
maximum_rotation: 1.0000000000000000
maximum_volume: 1.0000000000000000
maximum_shape: 0.0000001000000000
maximum_dsigma: 0.0100000000000000
mod: 10
pmod: 10
optimize: 1
verbose: 1
snapshot: 0
display: 1
explore: 1
npt: 1
nptxy: 0
nptdxdy: 0
shape: 0
seed: 1054516
-96.555827312972 34.687546749160 0.866025403784 0.500000000000
144.071530440824 200.072742136706 0.000000000000 1.000000000000
30.704750585185 -3.476581071057 0.866025403784 0.500000000000
71.497622323568 0.184482203369 0.000000000000 1.000000000000
211.618025412694 0.125864988495 0.866025403784 -0.500000000000
-58.299700129780 272.428178545011 0.866025403784 -0.500000000000
-11.296193061496 -21.194824757776 0.000000000000 1.000000000000
75.765766888188 136.638201509313 0.866025403784 0.500000000000
312.814769613951 -48.385671415447 0.866025403784 0.500000000000
-111.456882778157 -195.628166763128 0.866025403784 0.500000000000
-194.652571982963 -72.738907806452 0.866025403784 -0.500000000000
-165.974740606492 -133.026395461262 0.000000000000 1.000000000000
-116.617854103490 175.448411619249 0.866025403784 0.500000000000
548.799311802432 215.319990525792 0.000000000000 1.000000000000
-220.489200142377 173.980388411694 0.866025403784 -0.500000000000
-17.261101169294 138.713466089301 0.866025403784 0.500000000000
-249.943148357096 -105.314154245818 0.000000000000 1.000000000000
-11.680387346628 224.180895084111 0.000000000000 1.000000000000
-201.405858535137 -153.849066525802 0.866025403784 0.500000000000
4.090473588336 -109.699400633199 0.000000000000 1.000000000000
