#Configurational_file created 2018-09-14 11:33:27  started 2018-09-14 11:33:26 run for 1.0s steps 0
name: p_922
step: 10000
specie: 20
	particle_diameter: 1.0000000000000000
	interaction_length: 1.2000000000000000
	number_of_patches: 3
	number_of_particles_per_compound: 1
	rod_length: 1.0000000000000000
	interaction_matrix:  1.000000 1.000000 1.000000 1.000000 1.000000 1.000000 1.000000 1.000000 1.000000
	patch_type: symmetric
	patch_width: 8.0000000000000000
	patch_angle: 0.0000000000000000
	angles:  0.000000 0.000000 0.000000
	grand_canonical: 0
	chemical_potential: 0.0000000000000000
box: 9.204905 9.204905
copy: 1.000000 1.000000
epsilon: 0.2292210000000000
end_epsilon: 0.0000000000000000
pressure: 1.7500119999999999
lambda: 0.0000000000000000
lambda_coupling: 1.0000000000000000
uy: 0.0000000000000000
maximum_displacement: 1.0000000000000000
maximum_rotation: 1.0000000000000000
maximum_volume: 1.0000000000000000
maximum_shape: 0.0000001000000000
maximum_dsigma: 0.0100000000000000
mod: 10
pmod: 10
optimize: 1
verbose: 1
snapshot: 0
display: 1
explore: 1
npt: 1
nptxy: 0
nptdxdy: 0
shape: 0
seed: 1051105
2.987327261389 16.743024599255 0.866025403784 -0.500000000000
151.211760415472 13.840201420013 0.866025403784 0.500000000000
-1.777264966838 90.293299245269 0.866025403784 0.500000000000
93.038507839982 -150.066260587228 0.000000000000 1.000000000000
127.450096041198 130.012949035565 0.000000000000 1.000000000000
-18.287007686628 46.699104688531 0.000000000000 1.000000000000
23.419010808267 -4.589796431698 0.866025403784 -0.500000000000
103.867370688346 -60.088336195951 0.866025403784 -0.500000000000
98.555463293847 -49.994163371101 0.866025403784 -0.500000000000
28.698700203458 23.263323922315 0.866025403784 0.500000000000
9.680995795205 53.553272767020 0.866025403784 0.500000000000
-14.776899255818 45.437121334924 0.866025403784 -0.500000000000
-6.126167957214 10.505950119325 0.866025403784 0.500000000000
6.854788825940 82.665944641647 0.866025403784 0.500000000000
-77.417683256519 80.839145983076 0.866025403784 0.500000000000
-58.368071755494 177.223506609587 0.866025403784 0.500000000000
93.300898776897 -27.311316519567 0.000000000000 1.000000000000
103.054978694166 -182.988639676344 0.866025403784 -0.500000000000
-73.931503994696 39.012381690437 0.000000000000 1.000000000000
61.622132568917 -19.634356476719 0.866025403784 0.500000000000
