#Configurational_file created 2018-09-14 13:56:54  started 2018-09-14 13:56:54 run for 0.0s steps 0
name: p_926
step: 10000
specie: 20
	particle_diameter: 1.0000000000000000
	interaction_length: 1.2000000000000000
	number_of_patches: 3
	number_of_particles_per_compound: 1
	rod_length: 1.0000000000000000
	interaction_matrix:  1.000000 1.000000 1.000000 1.000000 1.000000 1.000000 1.000000 1.000000 1.000000
	patch_type: symmetric
	patch_width: 8.0000000000000000
	patch_angle: 0.0000000000000000
	angles:  0.000000 0.000000 0.000000
	grand_canonical: 0
	chemical_potential: 0.0000000000000000
box: 44.229827 44.229827
copy: 1.000000 1.000000
epsilon: 0.0000010000000000
end_epsilon: 0.0000000000000000
pressure: 0.4310350000000000
lambda: 0.0000000000000000
lambda_coupling: 1.0000000000000000
uy: 0.0000000000000000
maximum_displacement: 1.0000000000000000
maximum_rotation: 1.0000000000000000
maximum_volume: 1.0000000000000000
maximum_shape: 0.0000001000000000
maximum_dsigma: 0.0100000000000000
mod: 10
pmod: 10
optimize: 1
verbose: 1
snapshot: 0
display: 1
explore: 1
npt: 1
nptxy: 0
nptdxdy: 0
shape: 0
seed: 1055653
158.117221468320 37.970620450356 0.000000000000 1.000000000000
20.171294419021 1.854390424296 0.866025403784 -0.500000000000
-132.668431193392 298.666084247667 0.866025403784 0.500000000000
-23.241758887423 -35.300461350761 0.000000000000 1.000000000000
-52.662751913735 15.323679511213 0.866025403784 -0.500000000000
440.910205346959 44.255061209020 0.866025403784 -0.500000000000
-46.634304232674 -302.733690002656 0.000000000000 1.000000000000
-351.485994210937 181.393996307028 0.000000000000 1.000000000000
-295.535044388377 -12.458737222230 0.866025403784 0.500000000000
-140.403990230273 -134.020105016759 0.866025403784 0.500000000000
-46.923442681403 94.321681294740 0.866025403784 0.500000000000
68.058784818453 40.112921242576 0.866025403784 -0.500000000000
2.472872507450 145.670758646539 0.866025403784 -0.500000000000
-201.344437252188 69.790347699828 0.000000000000 1.000000000000
25.743227379053 149.180355049781 0.866025403784 -0.500000000000
33.713492508494 -17.945768592400 0.866025403784 -0.500000000000
7.046895464144 102.893945743577 0.000000000000 1.000000000000
-59.354340560723 95.615047185740 0.000000000000 1.000000000000
95.836033634928 -103.424453804113 0.866025403784 0.500000000000
-186.486547947017 -14.880575092570 0.866025403784 -0.500000000000
