#Configurational_file created 2018-09-14 13:56:54  started 2018-09-14 13:56:53 run for 1.0s steps 0
name: p_925
step: 10000
specie: 20
	particle_diameter: 1.0000000000000000
	interaction_length: 1.2000000000000000
	number_of_patches: 3
	number_of_particles_per_compound: 1
	rod_length: 1.0000000000000000
	interaction_matrix:  1.000000 1.000000 1.000000 1.000000 1.000000 1.000000 1.000000 1.000000 1.000000
	patch_type: symmetric
	patch_width: 8.0000000000000000
	patch_angle: 0.0000000000000000
	angles:  0.000000 0.000000 0.000000
	grand_canonical: 0
	chemical_potential: 0.0000000000000000
box: 52.686415 52.686415
copy: 1.000000 1.000000
epsilon: 0.0000010000000000
end_epsilon: 0.0000000000000000
pressure: 0.4137930000000000
lambda: 0.0000000000000000
lambda_coupling: 1.0000000000000000
uy: 0.0000000000000000
maximum_displacement: 1.0000000000000000
maximum_rotation: 1.0000000000000000
maximum_volume: 1.0000000000000000
maximum_shape: 0.0000001000000000
maximum_dsigma: 0.0100000000000000
mod: 10
pmod: 10
optimize: 1
verbose: 1
snapshot: 0
display: 1
explore: 1
npt: 1
nptxy: 0
nptdxdy: 0
shape: 0
seed: 1054516
-184.247878483405 147.179877793768 0.866025403784 0.500000000000
413.238929171848 181.348668648806 0.000000000000 1.000000000000
-345.688275466892 -63.722851044021 0.000000000000 1.000000000000
52.155064494491 -196.041070125564 0.866025403784 -0.500000000000
447.209713784682 -328.874951921531 0.000000000000 1.000000000000
34.536747052206 -90.938634822947 0.000000000000 1.000000000000
119.473563817479 125.280107030715 0.866025403784 -0.500000000000
92.838637006411 264.497491691978 0.866025403784 0.500000000000
187.463588790531 -82.412987064295 0.000000000000 1.000000000000
-111.570672924356 179.965830979582 0.866025403784 0.500000000000
-52.220575166913 3.872283346432 0.866025403784 0.500000000000
-163.370801800659 -162.934516334435 0.000000000000 1.000000000000
-77.605602101552 -157.951811188526 0.866025403784 -0.500000000000
81.187258667815 46.434366346109 0.866025403784 -0.500000000000
-10.252574220095 244.861228254272 0.000000000000 1.000000000000
-251.821051758276 -31.131232728933 0.866025403784 -0.500000000000
-27.768488738265 -122.875285813217 0.000000000000 1.000000000000
-108.580837217110 147.122113359237 0.866025403784 -0.500000000000
-314.740551222433 54.699757895760 0.866025403784 0.500000000000
-40.773614133999 81.005660563450 0.866025403784 -0.500000000000
