#Configurational_file created 2018-09-14 12:01:10  started 2018-09-14 12:01:09 run for 1.0s steps 0
name: p_927
step: 10000
specie: 20
	particle_diameter: 1.0000000000000000
	interaction_length: 1.2000000000000000
	number_of_patches: 3
	number_of_particles_per_compound: 1
	rod_length: 1.0000000000000000
	interaction_matrix:  1.000000 1.000000 1.000000 1.000000 1.000000 1.000000 1.000000 1.000000 1.000000
	patch_type: symmetric
	patch_width: 8.0000000000000000
	patch_angle: 0.0000000000000000
	angles:  0.000000 0.000000 0.000000
	grand_canonical: 0
	chemical_potential: 0.0000000000000000
box: 49.023598 49.023598
copy: 1.000000 1.000000
epsilon: 0.0250010000000000
end_epsilon: 0.0000000000000000
pressure: 0.0041680000000000
lambda: 0.0000000000000000
lambda_coupling: 1.0000000000000000
uy: 0.0000000000000000
maximum_displacement: 1.0000000000000000
maximum_rotation: 1.0000000000000000
maximum_volume: 1.0000000000000000
maximum_shape: 0.0000001000000000
maximum_dsigma: 0.0100000000000000
mod: 10
pmod: 10
optimize: 1
verbose: 1
snapshot: 0
display: 1
explore: 1
npt: 1
nptxy: 0
nptdxdy: 0
shape: 0
seed: 1056790
60.098744859791 49.887860112877 0.866025403784 -0.500000000000
211.000647678840 -95.586348104320 0.866025403784 -0.500000000000
48.312486386592 -141.567821100257 0.866025403784 0.500000000000
95.869154160120 35.804785717165 0.000000000000 1.000000000000
-5.313414064213 189.397130914834 0.866025403784 0.500000000000
132.980839600323 243.387309531882 0.866025403784 -0.500000000000
246.707668583515 69.776611896255 0.866025403784 -0.500000000000
5.006779945266 37.142824005059 0.866025403784 0.500000000000
-243.751287403618 -120.358278119997 0.000000000000 1.000000000000
-201.612241321879 165.944045110044 0.866025403784 0.500000000000
-105.257951701932 150.048661057325 0.866025403784 0.500000000000
339.230247260824 129.531351866262 0.866025403784 0.500000000000
-115.392561984166 95.435041186154 0.000000000000 1.000000000000
99.380983213229 -147.152640334226 0.000000000000 1.000000000000
223.575203510644 15.295124855236 0.866025403784 0.500000000000
-23.974474406455 -39.617131552427 0.866025403784 0.500000000000
11.171896053178 -338.153077565021 0.000000000000 1.000000000000
-148.757457486501 -156.818291053388 0.000000000000 1.000000000000
-333.551975910416 57.128944513121 0.866025403784 -0.500000000000
-101.640383363089 -134.980384499770 0.000000000000 1.000000000000
