#Configurational_file created 2018-09-14 12:01:05  started 2018-09-14 12:01:04 run for 1.0s steps 0
name: p_921
step: 10000
specie: 20
	particle_diameter: 1.0000000000000000
	interaction_length: 1.2000000000000000
	number_of_patches: 3
	number_of_particles_per_compound: 1
	rod_length: 1.0000000000000000
	interaction_matrix:  1.000000 1.000000 1.000000 1.000000 1.000000 1.000000 1.000000 1.000000 1.000000
	patch_type: symmetric
	patch_width: 8.0000000000000000
	patch_angle: 0.0000000000000000
	angles:  0.000000 0.000000 0.000000
	grand_canonical: 0
	chemical_potential: 0.0000000000000000
box: 50.392865 50.392865
copy: 1.000000 1.000000
epsilon: 0.0229170000000000
end_epsilon: 0.0000000000000000
pressure: 0.0833340000000000
lambda: 0.0000000000000000
lambda_coupling: 1.0000000000000000
uy: 0.0000000000000000
maximum_displacement: 1.0000000000000000
maximum_rotation: 1.0000000000000000
maximum_volume: 1.0000000000000000
maximum_shape: 0.0000001000000000
maximum_dsigma: 0.0100000000000000
mod: 10
pmod: 10
optimize: 1
verbose: 1
snapshot: 0
display: 1
explore: 1
npt: 1
nptxy: 0
nptdxdy: 0
shape: 0
seed: 1049968
56.263494408245 -276.969735706612 0.000000000000 1.000000000000
148.860625413658 -30.297424580379 0.866025403784 -0.500000000000
240.725657647195 -117.579367874747 0.866025403784 -0.500000000000
-131.995852873611 -166.555109162751 0.866025403784 -0.500000000000
178.527085903708 -47.616922624159 0.000000000000 1.000000000000
244.702021366774 -163.952188481711 0.866025403784 0.500000000000
37.930694320225 218.984100505854 0.866025403784 -0.500000000000
-29.989444193041 -401.343642437202 0.866025403784 0.500000000000
243.259049983870 70.753561024732 0.000000000000 1.000000000000
-256.346045958647 176.830020893512 0.000000000000 1.000000000000
-382.063288938261 -159.132832132103 0.866025403784 -0.500000000000
61.721316100970 -38.125850399116 0.000000000000 1.000000000000
-27.977215233030 114.034156268253 0.866025403784 0.500000000000
-19.792286232294 67.189412627533 0.000000000000 1.000000000000
-216.766337608614 148.276230330117 0.866025403784 -0.500000000000
-154.404031581812 52.340155234892 0.866025403784 0.500000000000
-70.624067593592 -308.636531430415 0.866025403784 0.500000000000
-202.692207118668 -60.988868336453 0.000000000000 1.000000000000
102.787593864541 74.187177813960 0.866025403784 0.500000000000
-73.956602892047 -66.855245349779 0.866025403784 0.500000000000
