#Configurational_file created 2018-09-14 13:56:52  started 2018-09-14 13:56:51 run for 1.0s steps 0
name: p_922
step: 10000
specie: 20
	particle_diameter: 1.0000000000000000
	interaction_length: 1.2000000000000000
	number_of_patches: 3
	number_of_particles_per_compound: 1
	rod_length: 1.0000000000000000
	interaction_matrix:  1.000000 1.000000 1.000000 1.000000 1.000000 1.000000 1.000000 1.000000 1.000000
	patch_type: symmetric
	patch_width: 8.0000000000000000
	patch_angle: 0.0000000000000000
	angles:  0.000000 0.000000 0.000000
	grand_canonical: 0
	chemical_potential: 0.0000000000000000
box: 48.222274 48.222274
copy: 1.000000 1.000000
epsilon: 0.0000010000000000
end_epsilon: 0.0000000000000000
pressure: 0.3620690000000000
lambda: 0.0000000000000000
lambda_coupling: 1.0000000000000000
uy: 0.0000000000000000
maximum_displacement: 1.0000000000000000
maximum_rotation: 1.0000000000000000
maximum_volume: 1.0000000000000000
maximum_shape: 0.0000001000000000
maximum_dsigma: 0.0100000000000000
mod: 10
pmod: 10
optimize: 1
verbose: 1
snapshot: 0
display: 1
explore: 1
npt: 1
nptxy: 0
nptdxdy: 0
shape: 0
seed: 1051105
-322.186303462013 -203.804836197946 0.000000000000 1.000000000000
129.073006152445 42.689303793631 0.866025403784 -0.500000000000
32.433955263056 23.277064922848 0.000000000000 1.000000000000
-90.278868030437 -124.980438373745 0.000000000000 1.000000000000
64.904196276019 153.500335315844 0.866025403784 0.500000000000
-178.846306542437 -249.175630019162 0.866025403784 -0.500000000000
1.627649414433 466.238699033582 0.000000000000 1.000000000000
32.454212119172 84.308607328028 0.866025403784 -0.500000000000
450.446288685279 -34.726875699125 0.866025403784 0.500000000000
167.114201074973 98.390860883133 0.000000000000 1.000000000000
-5.902263559864 108.174011942430 0.866025403784 0.500000000000
167.084612742696 19.705268188018 0.000000000000 1.000000000000
133.662596490068 53.474642596636 0.000000000000 1.000000000000
217.992695543215 397.937386983087 0.866025403784 -0.500000000000
-62.189005486641 -94.152018912903 0.000000000000 1.000000000000
-103.268926559017 199.310915873158 0.866025403784 0.500000000000
56.340785524180 -22.642806938981 0.866025403784 0.500000000000
60.415623843977 -285.687987105027 0.866025403784 -0.500000000000
-216.132452702086 200.103515321502 0.866025403784 -0.500000000000
291.288159457920 235.827049443820 0.866025403784 0.500000000000
