#Configurational_file created 2018-09-14 12:01:06  started 2018-09-14 12:01:05 run for 1.0s steps 0
name: p_922
step: 10000
specie: 20
	particle_diameter: 1.0000000000000000
	interaction_length: 1.2000000000000000
	number_of_patches: 3
	number_of_particles_per_compound: 1
	rod_length: 1.0000000000000000
	interaction_matrix:  1.000000 1.000000 1.000000 1.000000 1.000000 1.000000 1.000000 1.000000 1.000000
	patch_type: symmetric
	patch_width: 8.0000000000000000
	patch_angle: 0.0000000000000000
	angles:  0.000000 0.000000 0.000000
	grand_canonical: 0
	chemical_potential: 0.0000000000000000
box: 46.754188 46.754188
copy: 1.000000 1.000000
epsilon: 0.0229170000000000
end_epsilon: 0.0000000000000000
pressure: 0.0875000000000000
lambda: 0.0000000000000000
lambda_coupling: 1.0000000000000000
uy: 0.0000000000000000
maximum_displacement: 1.0000000000000000
maximum_rotation: 1.0000000000000000
maximum_volume: 1.0000000000000000
maximum_shape: 0.0000001000000000
maximum_dsigma: 0.0100000000000000
mod: 10
pmod: 10
optimize: 1
verbose: 1
snapshot: 0
display: 1
explore: 1
npt: 1
nptxy: 0
nptdxdy: 0
shape: 0
seed: 1051105
-46.036071982207 83.788239061800 0.866025403784 0.500000000000
59.840029337664 -225.356595127123 0.000000000000 1.000000000000
-103.071767156447 98.734214267749 0.866025403784 -0.500000000000
16.581429336555 255.338397199423 0.866025403784 0.500000000000
326.462877603445 283.598067975781 0.866025403784 0.500000000000
195.462763677832 51.629115739494 0.000000000000 1.000000000000
-216.529007828939 -124.238310750525 0.000000000000 1.000000000000
-101.467696383742 -346.361162556130 0.866025403784 0.500000000000
-173.036332816067 198.020468140473 0.866025403784 0.500000000000
92.370106322177 -25.016683739663 0.866025403784 -0.500000000000
106.030108587576 -6.443402535670 0.000000000000 1.000000000000
125.790657733994 -130.345388448048 0.866025403784 0.500000000000
-98.115308236416 -70.974917679090 0.866025403784 -0.500000000000
159.776409297552 92.543510443412 0.866025403784 -0.500000000000
-35.506932563000 -25.083497278686 0.000000000000 1.000000000000
-48.978973524797 -14.225558249518 0.866025403784 0.500000000000
20.688681741701 167.133666826326 0.866025403784 0.500000000000
91.027186382865 -204.672106061780 0.000000000000 1.000000000000
-293.827036011431 312.363046547674 0.866025403784 -0.500000000000
294.136952455695 176.134111591442 0.000000000000 1.000000000000
