#Configurational_file created 2018-09-14 12:01:07  started 2018-09-14 12:01:07 run for 0.0s steps 0
name: p_924
step: 10000
specie: 20
	particle_diameter: 1.0000000000000000
	interaction_length: 1.2000000000000000
	number_of_patches: 3
	number_of_particles_per_compound: 1
	rod_length: 1.0000000000000000
	interaction_matrix:  1.000000 1.000000 1.000000 1.000000 1.000000 1.000000 1.000000 1.000000 1.000000
	patch_type: symmetric
	patch_width: 8.0000000000000000
	patch_angle: 0.0000000000000000
	angles:  0.000000 0.000000 0.000000
	grand_canonical: 0
	chemical_potential: 0.0000000000000000
box: 53.272134 53.272134
copy: 1.000000 1.000000
epsilon: 0.0229170000000000
end_epsilon: 0.0000000000000000
pressure: 0.0958330000000000
lambda: 0.0000000000000000
lambda_coupling: 1.0000000000000000
uy: 0.0000000000000000
maximum_displacement: 1.0000000000000000
maximum_rotation: 1.0000000000000000
maximum_volume: 1.0000000000000000
maximum_shape: 0.0000001000000000
maximum_dsigma: 0.0100000000000000
mod: 10
pmod: 10
optimize: 1
verbose: 1
snapshot: 0
display: 1
explore: 1
npt: 1
nptxy: 0
nptdxdy: 0
shape: 0
seed: 1053379
144.634672331692 -102.327222061029 0.866025403784 0.500000000000
449.797491089784 104.867236523125 0.000000000000 1.000000000000
230.627185335176 27.269190521110 0.000000000000 1.000000000000
88.492459249262 144.994935549634 0.866025403784 0.500000000000
-90.361506319795 48.348144633421 0.866025403784 0.500000000000
274.000906968742 -111.964231031574 0.866025403784 0.500000000000
284.747700074676 196.483469254812 0.000000000000 1.000000000000
-27.806512909724 226.767047269416 0.000000000000 1.000000000000
232.042084273223 -159.062141712619 0.866025403784 0.500000000000
-14.413485147845 227.593120763316 0.000000000000 1.000000000000
-84.200849756108 5.560139576618 0.866025403784 -0.500000000000
-106.673251834187 -22.212218749838 0.866025403784 -0.500000000000
37.837240937110 -13.381678077877 0.866025403784 0.500000000000
63.595847142340 97.709626530245 0.000000000000 1.000000000000
-310.705487821198 -55.837841500421 0.000000000000 1.000000000000
135.562950871598 168.913271187444 0.866025403784 0.500000000000
-151.599430919353 31.496073784172 0.000000000000 1.000000000000
-152.517452811106 -294.944807145311 0.866025403784 0.500000000000
-4.573603004947 371.127400199039 0.000000000000 1.000000000000
-6.404152952897 0.631321452230 0.866025403784 0.500000000000
