#Configurational_file created 2018-09-14 12:20:32  started 2018-09-14 12:20:31 run for 1.0s steps 0
name: p_92
step: 10000
specie: 20
	particle_diameter: 1.0000000000000000
	interaction_length: 1.2000000000000000
	number_of_patches: 3
	number_of_particles_per_compound: 1
	rod_length: 1.0000000000000000
	interaction_matrix:  1.000000 1.000000 1.000000 1.000000 1.000000 1.000000 1.000000 1.000000 1.000000
	patch_type: symmetric
	patch_width: 8.0000000000000000
	patch_angle: 0.0000000000000000
	angles:  0.000000 0.000000 0.000000
	grand_canonical: 0
	chemical_potential: 0.0000000000000000
box: 12.024004 12.024004
copy: 1.000000 1.000000
epsilon: 1.6666669999999999
end_epsilon: 0.0000000000000000
pressure: 0.1000000000000000
lambda: 0.0000000000000000
lambda_coupling: 1.0000000000000000
uy: 0.0000000000000000
maximum_displacement: 1.0000000000000000
maximum_rotation: 1.0000000000000000
maximum_volume: 1.0000000000000000
maximum_shape: 0.0000001000000000
maximum_dsigma: 0.0100000000000000
mod: 10
pmod: 10
optimize: 1
verbose: 1
snapshot: 0
display: 1
explore: 1
npt: 1
nptxy: 0
nptdxdy: 0
shape: 0
seed: 107395
45.243142219183 -127.269243515795 0.866025403784 0.500000000000
-149.944159992652 -50.666570587044 0.866025403784 -0.500000000000
83.977588156482 24.441484548307 0.866025403784 -0.500000000000
-92.987516351967 -88.398330636889 0.866025403784 0.500000000000
82.944783367463 -131.280653749401 0.866025403784 0.500000000000
5.669560057099 -11.761185039935 0.866025403784 -0.500000000000
-69.282792549333 -19.177199012574 0.000000000000 1.000000000000
-2.013387789423 20.397583577291 0.000000000000 1.000000000000
128.768474792116 -82.202494874277 0.866025403784 -0.500000000000
-100.477798781324 -5.554808263916 0.866025403784 0.500000000000
-147.419556546016 -140.232210090812 0.000000000000 1.000000000000
184.115946248721 -0.162325262476 0.866025403784 -0.500000000000
-81.630085081637 27.446697971032 0.000000000000 1.000000000000
118.023559163478 44.672923351661 0.866025403784 -0.500000000000
-14.307073287412 61.712438858974 0.866025403784 -0.500000000000
-36.635673623402 113.059830974119 0.866025403784 0.500000000000
63.016365461121 105.582878703855 0.000000000000 1.000000000000
114.945728688887 138.932258417231 0.866025403784 -0.500000000000
-65.623131456712 -31.052390221887 0.866025403784 -0.500000000000
151.434381465498 12.584504720705 0.866025403784 -0.500000000000
