#Configurational_file created 2018-09-14 13:56:57  started 2018-09-14 13:56:56 run for 1.0s steps 0
name: p_929
step: 10000
specie: 20
	particle_diameter: 1.0000000000000000
	interaction_length: 1.2000000000000000
	number_of_patches: 3
	number_of_particles_per_compound: 1
	rod_length: 1.0000000000000000
	interaction_matrix:  1.000000 1.000000 1.000000 1.000000 1.000000 1.000000 1.000000 1.000000 1.000000
	patch_type: symmetric
	patch_width: 8.0000000000000000
	patch_angle: 0.0000000000000000
	angles:  0.000000 0.000000 0.000000
	grand_canonical: 0
	chemical_potential: 0.0000000000000000
box: 53.604801 53.604801
copy: 1.000000 1.000000
epsilon: 0.0000010000000000
end_epsilon: 0.0000000000000000
pressure: 0.4827590000000000
lambda: 0.0000000000000000
lambda_coupling: 1.0000000000000000
uy: 0.0000000000000000
maximum_displacement: 1.0000000000000000
maximum_rotation: 1.0000000000000000
maximum_volume: 1.0000000000000000
maximum_shape: 0.0000001000000000
maximum_dsigma: 0.0100000000000000
mod: 10
pmod: 10
optimize: 1
verbose: 1
snapshot: 0
display: 1
explore: 1
npt: 1
nptxy: 0
nptdxdy: 0
shape: 0
seed: 1059064
235.547636827880 -159.608687275796 0.000000000000 1.000000000000
-31.899638053069 24.238711650048 0.866025403784 -0.500000000000
-120.995629214213 -141.165140239506 0.866025403784 0.500000000000
-15.304942000414 114.433141953075 0.866025403784 -0.500000000000
85.070397351582 23.982678736619 0.000000000000 1.000000000000
-7.601072186281 -56.338562473066 0.866025403784 -0.500000000000
-5.083838414230 -60.582440722726 0.866025403784 -0.500000000000
178.414207820030 -175.093368220922 0.866025403784 -0.500000000000
299.123671647159 166.456306757234 0.866025403784 -0.500000000000
12.506021396900 -32.133322358954 0.866025403784 0.500000000000
359.172268664912 187.536880383958 0.866025403784 0.500000000000
14.072713776612 344.807852170079 0.866025403784 -0.500000000000
-37.488201959341 79.118424608815 0.866025403784 0.500000000000
286.343987031357 71.706279063502 0.000000000000 1.000000000000
220.879965825483 -79.557185315481 0.866025403784 0.500000000000
7.449399515929 -199.509536778115 0.866025403784 0.500000000000
59.803831542627 -205.733153159489 0.866025403784 -0.500000000000
-48.427307813779 -157.450693571886 0.000000000000 1.000000000000
210.042286084648 -205.349095716741 0.000000000000 1.000000000000
-159.154677621520 -85.126004493473 0.866025403784 -0.500000000000
