#Configurational_file created 2018-09-14 11:33:28  started 2018-09-14 11:33:27 run for 1.0s steps 0
name: p_924
step: 10000
specie: 20
	particle_diameter: 1.0000000000000000
	interaction_length: 1.2000000000000000
	number_of_patches: 3
	number_of_particles_per_compound: 1
	rod_length: 1.0000000000000000
	interaction_matrix:  1.000000 1.000000 1.000000 1.000000 1.000000 1.000000 1.000000 1.000000 1.000000
	patch_type: symmetric
	patch_width: 8.0000000000000000
	patch_angle: 0.0000000000000000
	angles:  0.000000 0.000000 0.000000
	grand_canonical: 0
	chemical_potential: 0.0000000000000000
box: 8.073298 8.073298
copy: 1.000000 1.000000
epsilon: 0.2292210000000000
end_epsilon: 0.0000000000000000
pressure: 1.9166710000000000
lambda: 0.0000000000000000
lambda_coupling: 1.0000000000000000
uy: 0.0000000000000000
maximum_displacement: 1.0000000000000000
maximum_rotation: 1.0000000000000000
maximum_volume: 0.9315958400000000
maximum_shape: 0.0000001000000000
maximum_dsigma: 0.0100000000000000
mod: 10
pmod: 10
optimize: 1
verbose: 1
snapshot: 0
display: 1
explore: 1
npt: 1
nptxy: 0
nptdxdy: 0
shape: 0
seed: 1053379
-49.074280103583 -31.110984013141 0.866025403784 0.500000000000
-41.188231929173 101.378693294701 0.866025403784 0.500000000000
51.167215497039 -72.844623085018 0.866025403784 0.500000000000
-105.948290742503 120.799394155966 0.866025403784 -0.500000000000
21.368797379345 91.784706230293 0.866025403784 0.500000000000
49.495708766054 38.387287821905 0.866025403784 -0.500000000000
21.304835297160 105.213369327607 0.000000000000 1.000000000000
3.596541801273 13.488082101809 0.866025403784 -0.500000000000
2.962826512062 -59.530353076542 0.000000000000 1.000000000000
91.237103489526 -18.228938895478 0.866025403784 0.500000000000
28.455177894809 -79.160581683217 0.866025403784 0.500000000000
-26.152741862454 75.176078153108 0.000000000000 1.000000000000
119.464121641509 -63.470150281097 0.866025403784 0.500000000000
-46.195195027026 27.290029129009 0.866025403784 -0.500000000000
-12.149631399308 -2.829180650043 0.000000000000 1.000000000000
30.913990336164 78.524649741797 0.866025403784 -0.500000000000
-86.516028976527 -5.839470602086 0.866025403784 0.500000000000
41.145420864937 -139.772177397812 0.866025403784 0.500000000000
22.273818277420 100.587249945163 0.866025403784 0.500000000000
-120.532800938090 80.794571603272 0.000000000000 1.000000000000
