#Configurational_file created 2018-09-14 12:01:11  started 2018-09-14 12:01:10 run for 1.0s steps 0
name: p_929
step: 10000
specie: 20
	particle_diameter: 1.0000000000000000
	interaction_length: 1.2000000000000000
	number_of_patches: 3
	number_of_particles_per_compound: 1
	rod_length: 1.0000000000000000
	interaction_matrix:  1.000000 1.000000 1.000000 1.000000 1.000000 1.000000 1.000000 1.000000 1.000000
	patch_type: symmetric
	patch_width: 8.0000000000000000
	patch_angle: 0.0000000000000000
	angles:  0.000000 0.000000 0.000000
	grand_canonical: 0
	chemical_potential: 0.0000000000000000
box: 48.246840 48.246840
copy: 1.000000 1.000000
epsilon: 0.0250010000000000
end_epsilon: 0.0000000000000000
pressure: 0.0125010000000000
lambda: 0.0000000000000000
lambda_coupling: 1.0000000000000000
uy: 0.0000000000000000
maximum_displacement: 1.0000000000000000
maximum_rotation: 1.0000000000000000
maximum_volume: 1.0000000000000000
maximum_shape: 0.0000001000000000
maximum_dsigma: 0.0100000000000000
mod: 10
pmod: 10
optimize: 1
verbose: 1
snapshot: 0
display: 1
explore: 1
npt: 1
nptxy: 0
nptdxdy: 0
shape: 0
seed: 1059064
330.290481608900 109.327158807927 0.866025403784 -0.500000000000
280.554201260213 30.022535756799 0.866025403784 -0.500000000000
166.687843995158 -34.528323350697 0.866025403784 0.500000000000
36.872613482304 133.423568525739 0.000000000000 1.000000000000
43.417228962083 208.969205074994 0.866025403784 -0.500000000000
-47.869854776140 316.952184695764 0.000000000000 1.000000000000
63.921153854962 -162.678202612359 0.000000000000 1.000000000000
-156.493528226709 -136.346208631486 0.866025403784 -0.500000000000
-27.220695936691 -21.831989107174 0.000000000000 1.000000000000
54.728325673530 80.620986787544 0.000000000000 1.000000000000
-177.573367922797 -64.438339592814 0.866025403784 -0.500000000000
140.902970797514 262.579564435565 0.866025403784 -0.500000000000
-46.205556882604 160.284022066549 0.000000000000 1.000000000000
120.723697322335 149.117848236858 0.866025403784 0.500000000000
-53.535146831288 -38.464588219690 0.000000000000 1.000000000000
-216.976259909600 111.279726268763 0.866025403784 0.500000000000
-36.400786936348 -46.540945835129 0.000000000000 1.000000000000
-49.247124732541 -112.745912365979 0.866025403784 0.500000000000
49.470234648516 -119.708949282345 0.866025403784 0.500000000000
-66.803042209736 -286.209937707347 0.866025403784 -0.500000000000
