#Configurational_file created 2018-09-14 12:01:04  started 2018-09-14 12:01:04 run for 0.0s steps 0
name: p_920
step: 10000
specie: 20
	particle_diameter: 1.0000000000000000
	interaction_length: 1.2000000000000000
	number_of_patches: 3
	number_of_particles_per_compound: 1
	rod_length: 1.0000000000000000
	interaction_matrix:  1.000000 1.000000 1.000000 1.000000 1.000000 1.000000 1.000000 1.000000 1.000000
	patch_type: symmetric
	patch_width: 8.0000000000000000
	patch_angle: 0.0000000000000000
	angles:  0.000000 0.000000 0.000000
	grand_canonical: 0
	chemical_potential: 0.0000000000000000
box: 41.447943 41.447943
copy: 1.000000 1.000000
epsilon: 0.0229170000000000
end_epsilon: 0.0000000000000000
pressure: 0.0791670000000000
lambda: 0.0000000000000000
lambda_coupling: 1.0000000000000000
uy: 0.0000000000000000
maximum_displacement: 1.0000000000000000
maximum_rotation: 1.0000000000000000
maximum_volume: 1.0000000000000000
maximum_shape: 0.0000001000000000
maximum_dsigma: 0.0100000000000000
mod: 10
pmod: 10
optimize: 1
verbose: 1
snapshot: 0
display: 1
explore: 1
npt: 1
nptxy: 0
nptdxdy: 0
shape: 0
seed: 1048831
-19.214010507469 -20.178076456690 0.866025403784 -0.500000000000
19.817289976760 289.857438608196 0.000000000000 1.000000000000
-147.499703940850 -176.569278761568 0.000000000000 1.000000000000
-13.739484243351 -16.509359032267 0.866025403784 -0.500000000000
-53.081275307439 89.304555872078 0.866025403784 0.500000000000
381.075014106135 -103.040137556813 0.000000000000 1.000000000000
-41.148285718132 237.452232598771 0.866025403784 -0.500000000000
-27.362848829972 145.972448372197 0.866025403784 -0.500000000000
-88.011765532378 -9.683109273612 0.866025403784 0.500000000000
-19.827296700385 216.574711610302 0.000000000000 1.000000000000
97.316289765395 -107.529056079406 0.866025403784 -0.500000000000
202.510971189259 154.403084604090 0.000000000000 1.000000000000
6.056481669371 91.631806066075 0.000000000000 1.000000000000
113.719048797208 -115.175268763942 0.866025403784 -0.500000000000
338.333028210378 -154.651501921975 0.000000000000 1.000000000000
241.014117673006 -171.706639694818 0.866025403784 -0.500000000000
-207.810145316002 -145.738070076047 0.866025403784 0.500000000000
148.143356547301 71.125923889558 0.866025403784 -0.500000000000
41.915058044587 -95.741261553151 0.866025403784 -0.500000000000
21.857819835839 -243.578144886877 0.866025403784 0.500000000000
