#Configurational_file created 2018-09-14 13:56:53  started 2018-09-14 13:56:52 run for 1.0s steps 0
name: p_924
step: 10000
specie: 20
	particle_diameter: 1.0000000000000000
	interaction_length: 1.2000000000000000
	number_of_patches: 3
	number_of_particles_per_compound: 1
	rod_length: 1.0000000000000000
	interaction_matrix:  1.000000 1.000000 1.000000 1.000000 1.000000 1.000000 1.000000 1.000000 1.000000
	patch_type: symmetric
	patch_width: 8.0000000000000000
	patch_angle: 0.0000000000000000
	angles:  0.000000 0.000000 0.000000
	grand_canonical: 0
	chemical_potential: 0.0000000000000000
box: 46.554820 46.554820
copy: 1.000000 1.000000
epsilon: 0.0000010000000000
end_epsilon: 0.0000000000000000
pressure: 0.3965520000000000
lambda: 0.0000000000000000
lambda_coupling: 1.0000000000000000
uy: 0.0000000000000000
maximum_displacement: 1.0000000000000000
maximum_rotation: 1.0000000000000000
maximum_volume: 1.0000000000000000
maximum_shape: 0.0000001000000000
maximum_dsigma: 0.0100000000000000
mod: 10
pmod: 10
optimize: 1
verbose: 1
snapshot: 0
display: 1
explore: 1
npt: 1
nptxy: 0
nptdxdy: 0
shape: 0
seed: 1053379
88.153991018777 36.065201244109 0.866025403784 -0.500000000000
19.935692132485 241.984870494814 0.866025403784 -0.500000000000
12.194585130124 255.316482709785 0.866025403784 -0.500000000000
-32.968683080741 48.601184066052 0.866025403784 -0.500000000000
138.277503997751 86.360386832387 0.866025403784 -0.500000000000
26.214850051184 -16.653156973950 0.866025403784 0.500000000000
294.184776997705 -162.166887719039 0.866025403784 0.500000000000
96.877107294202 27.107450721187 0.866025403784 0.500000000000
-178.643231074310 85.306171996794 0.000000000000 1.000000000000
-155.670435467211 -35.128918269891 0.866025403784 0.500000000000
136.402241743278 -172.857518512419 0.866025403784 0.500000000000
218.859417114711 -21.593939457480 0.866025403784 -0.500000000000
21.398939427096 76.692921377110 0.866025403784 0.500000000000
140.302357725312 -17.215892049971 0.866025403784 -0.500000000000
-305.202608943750 -42.144701483560 0.866025403784 0.500000000000
-55.342572915389 251.951407728895 0.866025403784 -0.500000000000
-149.035454021362 315.751513619884 0.000000000000 1.000000000000
71.794100196552 81.179447732535 0.000000000000 1.000000000000
-62.970373609008 210.996400396630 0.866025403784 0.500000000000
360.758530309661 -151.988302536584 0.000000000000 1.000000000000
