#Configurational_file created 2018-09-14 11:33:30  started 2018-09-14 11:33:29 run for 1.0s steps 0
name: p_926
step: 10000
specie: 20
	particle_diameter: 1.0000000000000000
	interaction_length: 1.2000000000000000
	number_of_patches: 3
	number_of_particles_per_compound: 1
	rod_length: 1.0000000000000000
	interaction_matrix:  1.000000 1.000000 1.000000 1.000000 1.000000 1.000000 1.000000 1.000000 1.000000
	patch_type: symmetric
	patch_width: 8.0000000000000000
	patch_angle: 0.0000000000000000
	angles:  0.000000 0.000000 0.000000
	grand_canonical: 0
	chemical_potential: 0.0000000000000000
box: 47.020496 47.020496
copy: 1.000000 1.000000
epsilon: 0.2500500000000000
end_epsilon: 0.0000000000000000
pressure: 0.0001000000000000
lambda: 0.0000000000000000
lambda_coupling: 1.0000000000000000
uy: 0.0000000000000000
maximum_displacement: 1.0000000000000000
maximum_rotation: 1.0000000000000000
maximum_volume: 1.0000000000000000
maximum_shape: 0.0000001000000000
maximum_dsigma: 0.0100000000000000
mod: 10
pmod: 10
optimize: 1
verbose: 1
snapshot: 0
display: 1
explore: 1
npt: 1
nptxy: 0
nptdxdy: 0
shape: 0
seed: 1055653
181.826846002800 329.172252834787 0.866025403784 -0.500000000000
340.911656274539 72.689437680798 0.866025403784 -0.500000000000
27.382497411217 -78.765040955028 0.866025403784 0.500000000000
-113.848343604550 91.684282788138 0.866025403784 0.500000000000
65.118144650047 -143.143678979200 0.866025403784 -0.500000000000
-61.168509256112 -98.500971115403 0.000000000000 1.000000000000
154.412388154160 -245.370931435271 0.000000000000 1.000000000000
-249.832718685472 -68.377977994286 0.866025403784 -0.500000000000
-166.908913876545 157.204904168115 0.866025403784 -0.500000000000
-155.478700428624 -311.442315996353 0.000000000000 1.000000000000
-176.736015769322 -134.016795790531 0.866025403784 -0.500000000000
99.435259249920 -63.079280759126 0.000000000000 1.000000000000
80.606650777321 -25.913916852014 0.000000000000 1.000000000000
-45.471376150962 18.707111184924 0.866025403784 0.500000000000
63.644211465643 -71.376228966032 0.000000000000 1.000000000000
84.280945958861 175.710937696105 0.000000000000 1.000000000000
-169.061549369328 65.094788325567 0.000000000000 1.000000000000
-71.902718800749 2.189820243977 0.866025403784 0.500000000000
73.353134148267 163.217576836417 0.000000000000 1.000000000000
-136.867572554138 -282.702653041822 0.000000000000 1.000000000000
