#Configurational_file created 2018-09-14 11:33:32  started 2018-09-14 11:33:31 run for 1.0s steps 0
name: p_929
step: 10000
specie: 20
	particle_diameter: 1.0000000000000000
	interaction_length: 1.2000000000000000
	number_of_patches: 3
	number_of_particles_per_compound: 1
	rod_length: 1.0000000000000000
	interaction_matrix:  1.000000 1.000000 1.000000 1.000000 1.000000 1.000000 1.000000 1.000000 1.000000
	patch_type: symmetric
	patch_width: 8.0000000000000000
	patch_angle: 0.0000000000000000
	angles:  0.000000 0.000000 0.000000
	grand_canonical: 0
	chemical_potential: 0.0000000000000000
box: 17.374084 17.374084
copy: 1.000000 1.000000
epsilon: 0.2500500000000000
end_epsilon: 0.0000000000000000
pressure: 0.2500870000000000
lambda: 0.0000000000000000
lambda_coupling: 1.0000000000000000
uy: 0.0000000000000000
maximum_displacement: 1.0000000000000000
maximum_rotation: 1.0000000000000000
maximum_volume: 1.0000000000000000
maximum_shape: 0.0000001000000000
maximum_dsigma: 0.0100000000000000
mod: 10
pmod: 10
optimize: 1
verbose: 1
snapshot: 0
display: 1
explore: 1
npt: 1
nptxy: 0
nptdxdy: 0
shape: 0
seed: 1059064
28.239780078341 74.047486293577 0.866025403784 -0.500000000000
12.196687178879 -98.441447997994 0.866025403784 0.500000000000
26.122238953923 137.822590979183 0.866025403784 -0.500000000000
-17.021570108500 11.141610695085 0.000000000000 1.000000000000
-68.710138455440 7.030996637209 0.000000000000 1.000000000000
-3.145164817431 33.404656048544 0.866025403784 0.500000000000
-163.746434917641 -0.398744852765 0.000000000000 1.000000000000
-52.616752919988 -78.830909952210 0.866025403784 0.500000000000
148.431879994998 38.910152131830 0.000000000000 1.000000000000
68.258057406582 19.114741073112 0.000000000000 1.000000000000
186.902591894760 4.103182195945 0.866025403784 -0.500000000000
-18.440229502995 97.120024591018 0.000000000000 1.000000000000
-130.110862856568 45.045837776539 0.866025403784 0.500000000000
-59.352525939314 132.131101357672 0.866025403784 0.500000000000
112.730951797674 -158.822890629358 0.000000000000 1.000000000000
-39.630322572210 -35.539034417972 0.866025403784 0.500000000000
2.643517559992 129.270368663631 0.000000000000 1.000000000000
-184.334426764656 58.494499145920 0.866025403784 -0.500000000000
142.826909336893 -89.271977065985 0.000000000000 1.000000000000
-121.198023382252 -77.396800810334 0.866025403784 0.500000000000
