#Configurational_file created 2018-09-14 11:33:31  started 2018-09-14 11:33:30 run for 1.0s steps 0
name: p_927
step: 10000
specie: 20
	particle_diameter: 1.0000000000000000
	interaction_length: 1.2000000000000000
	number_of_patches: 3
	number_of_particles_per_compound: 1
	rod_length: 1.0000000000000000
	interaction_matrix:  1.000000 1.000000 1.000000 1.000000 1.000000 1.000000 1.000000 1.000000 1.000000
	patch_type: symmetric
	patch_width: 8.0000000000000000
	patch_angle: 0.0000000000000000
	angles:  0.000000 0.000000 0.000000
	grand_canonical: 0
	chemical_potential: 0.0000000000000000
box: 33.985135 33.985135
copy: 1.000000 1.000000
epsilon: 0.2500500000000000
end_epsilon: 0.0000000000000000
pressure: 0.0834290000000000
lambda: 0.0000000000000000
lambda_coupling: 1.0000000000000000
uy: 0.0000000000000000
maximum_displacement: 1.0000000000000000
maximum_rotation: 1.0000000000000000
maximum_volume: 1.0000000000000000
maximum_shape: 0.0000001000000000
maximum_dsigma: 0.0100000000000000
mod: 10
pmod: 10
optimize: 1
verbose: 1
snapshot: 0
display: 1
explore: 1
npt: 1
nptxy: 0
nptdxdy: 0
shape: 0
seed: 1056790
116.974702096978 -83.151857286246 0.866025403784 -0.500000000000
307.133387531029 39.277153657883 0.866025403784 -0.500000000000
-246.147876776419 -198.914324046282 0.866025403784 0.500000000000
-2.637374180573 31.532818764287 0.000000000000 1.000000000000
-245.068047223922 -190.219219703437 0.866025403784 0.500000000000
-24.971992950401 91.377186670501 0.000000000000 1.000000000000
-17.584623737465 -61.129897994595 0.000000000000 1.000000000000
-6.511422996579 -10.194202135155 0.866025403784 0.500000000000
-64.410269047841 213.378030084839 0.000000000000 1.000000000000
84.931160007986 89.311985557265 0.866025403784 0.500000000000
-58.787255132447 231.014944237333 0.866025403784 0.500000000000
312.820789052187 68.223653041909 0.866025403784 -0.500000000000
-92.096510048024 46.244771540468 0.866025403784 0.500000000000
123.062787560081 141.387194875662 0.866025403784 -0.500000000000
21.484643104726 44.990948917627 0.866025403784 0.500000000000
-35.636224821269 253.413871973441 0.866025403784 -0.500000000000
-34.128858735277 109.922300053112 0.866025403784 0.500000000000
-167.501979004613 -138.488030204656 0.000000000000 1.000000000000
-215.189746251815 84.400983523543 0.000000000000 1.000000000000
-121.734867471864 -287.292146179983 0.866025403784 0.500000000000
