#Configurational_file created 2018-09-14 11:33:25  started 2018-09-14 11:33:24 run for 1.0s steps 0
name: p_920
step: 10000
specie: 20
	particle_diameter: 1.0000000000000000
	interaction_length: 1.2000000000000000
	number_of_patches: 3
	number_of_particles_per_compound: 1
	rod_length: 1.0000000000000000
	interaction_matrix:  1.000000 1.000000 1.000000 1.000000 1.000000 1.000000 1.000000 1.000000 1.000000
	patch_type: symmetric
	patch_width: 8.0000000000000000
	patch_angle: 0.0000000000000000
	angles:  0.000000 0.000000 0.000000
	grand_canonical: 0
	chemical_potential: 0.0000000000000000
box: 7.959355 7.959355
copy: 1.000000 1.000000
epsilon: 0.2292210000000000
end_epsilon: 0.0000000000000000
pressure: 1.5833539999999999
lambda: 0.0000000000000000
lambda_coupling: 1.0000000000000000
uy: 0.0000000000000000
maximum_displacement: 1.0000000000000000
maximum_rotation: 1.0000000000000000
maximum_volume: 1.0000000000000000
maximum_shape: 0.0000001000000000
maximum_dsigma: 0.0100000000000000
mod: 10
pmod: 10
optimize: 1
verbose: 1
snapshot: 0
display: 1
explore: 1
npt: 1
nptxy: 0
nptdxdy: 0
shape: 0
seed: 1048831
-44.706506591865 28.197263776255 0.866025403784 0.500000000000
-74.813377002681 -53.347953135874 0.000000000000 1.000000000000
-10.928374969353 -49.586836197157 0.866025403784 -0.500000000000
17.075826629374 20.016977107208 0.000000000000 1.000000000000
8.831736994995 -6.419303844395 0.000000000000 1.000000000000
5.786599285481 -17.356111736653 0.000000000000 1.000000000000
-32.572112088157 28.767647733204 0.866025403784 -0.500000000000
70.850968493170 130.678138705496 0.866025403784 -0.500000000000
145.098671697268 109.575572628548 0.000000000000 1.000000000000
-91.150997584916 98.172678538421 0.866025403784 0.500000000000
108.006293065751 -67.507648543781 0.866025403784 0.500000000000
40.638025992203 -113.822053460549 0.000000000000 1.000000000000
62.811779798313 71.406344975078 0.866025403784 -0.500000000000
41.095122539759 -21.099190774210 0.866025403784 0.500000000000
76.353995137005 118.582799090784 0.866025403784 -0.500000000000
7.375317461061 109.460445830829 0.866025403784 -0.500000000000
15.420770920727 137.339929753428 0.000000000000 1.000000000000
164.301646763089 -4.508621353754 0.000000000000 1.000000000000
41.920474311117 -64.129003548016 0.866025403784 0.500000000000
35.553064211875 -10.588996038732 0.866025403784 -0.500000000000
