#Configurational_file created 2018-09-14 11:33:29  started 2018-09-14 11:33:28 run for 1.0s steps 0
name: p_925
step: 10000
specie: 20
	particle_diameter: 1.0000000000000000
	interaction_length: 1.2000000000000000
	number_of_patches: 3
	number_of_particles_per_compound: 1
	rod_length: 1.0000000000000000
	interaction_matrix:  1.000000 1.000000 1.000000 1.000000 1.000000 1.000000 1.000000 1.000000 1.000000
	patch_type: symmetric
	patch_width: 8.0000000000000000
	patch_angle: 0.0000000000000000
	angles:  0.000000 0.000000 0.000000
	grand_canonical: 0
	chemical_potential: 0.0000000000000000
box: 7.791898 7.791898
copy: 1.000000 1.000000
epsilon: 0.2292210000000000
end_epsilon: 0.0000000000000000
pressure: 2.0000000000000000
lambda: 0.0000000000000000
lambda_coupling: 1.0000000000000000
uy: 0.0000000000000000
maximum_displacement: 1.0000000000000000
maximum_rotation: 1.0000000000000000
maximum_volume: 0.7800000000000000
maximum_shape: 0.0000001000000000
maximum_dsigma: 0.0100000000000000
mod: 10
pmod: 10
optimize: 1
verbose: 1
snapshot: 0
display: 1
explore: 1
npt: 1
nptxy: 0
nptdxdy: 0
shape: 0
seed: 1054516
38.510521870338 -45.668377276176 0.866025403784 0.500000000000
38.247533571457 23.514206573852 0.000000000000 1.000000000000
6.256446722213 -8.143220754775 0.866025403784 -0.500000000000
106.779132336967 52.474945607602 0.000000000000 1.000000000000
-146.206697272740 -25.171434372997 0.000000000000 1.000000000000
-129.844667164903 93.719783272735 0.866025403784 -0.500000000000
85.835525938712 36.868752472268 0.000000000000 1.000000000000
-18.661931166058 34.622022630930 0.866025403784 0.500000000000
47.439322864446 65.704641819771 0.866025403784 0.500000000000
-158.381833117871 156.333593154588 0.866025403784 0.500000000000
-74.223926596827 31.624049531068 0.866025403784 0.500000000000
-95.018928319366 20.231258368765 0.000000000000 1.000000000000
-68.218716557819 61.896699190802 0.000000000000 1.000000000000
14.432641257536 135.486571982595 0.866025403784 0.500000000000
-20.657943973754 19.255502753835 0.866025403784 0.500000000000
-69.214358719842 61.840768172202 0.866025403784 -0.500000000000
21.153561428360 -83.401698770027 0.866025403784 -0.500000000000
0.687071589268 -24.610271152850 0.000000000000 1.000000000000
-72.435785220251 102.462815337662 0.866025403784 -0.500000000000
-62.515772567107 -153.205778156956 0.000000000000 1.000000000000
