#Configurational_file created 2018-09-14 11:33:27  started 2018-09-14 11:33:27 run for 0.0s steps 0
name: p_923
step: 10000
specie: 20
	particle_diameter: 1.0000000000000000
	interaction_length: 1.2000000000000000
	number_of_patches: 3
	number_of_particles_per_compound: 1
	rod_length: 1.0000000000000000
	interaction_matrix:  1.000000 1.000000 1.000000 1.000000 1.000000 1.000000 1.000000 1.000000 1.000000
	patch_type: symmetric
	patch_width: 8.0000000000000000
	patch_angle: 0.0000000000000000
	angles:  0.000000 0.000000 0.000000
	grand_canonical: 0
	chemical_potential: 0.0000000000000000
box: 9.047559 9.047559
copy: 1.000000 1.000000
epsilon: 0.2292210000000000
end_epsilon: 0.0000000000000000
pressure: 1.8333420000000000
lambda: 0.0000000000000000
lambda_coupling: 1.0000000000000000
uy: 0.0000000000000000
maximum_displacement: 1.0000000000000000
maximum_rotation: 1.0000000000000000
maximum_volume: 0.9061785599999999
maximum_shape: 0.0000001000000000
maximum_dsigma: 0.0100000000000000
mod: 10
pmod: 10
optimize: 1
verbose: 1
snapshot: 0
display: 1
explore: 1
npt: 1
nptxy: 0
nptdxdy: 0
shape: 0
seed: 1052242
-9.675128782710 108.440923742268 0.866025403784 -0.500000000000
88.476694958770 33.662297528226 0.000000000000 1.000000000000
92.529243183806 72.967984989280 0.866025403784 -0.500000000000
0.737353202911 -59.521076553524 0.866025403784 0.500000000000
9.370086117615 -52.691857700773 0.866025403784 -0.500000000000
-22.115449915622 84.383255596866 0.866025403784 -0.500000000000
-2.857492174002 -19.603779196072 0.000000000000 1.000000000000
-36.169807437391 43.509253188340 0.866025403784 0.500000000000
-103.004904287350 91.835312527793 0.866025403784 -0.500000000000
-6.281261314913 -38.799861985927 0.000000000000 1.000000000000
84.601835383070 -143.624060185199 0.866025403784 -0.500000000000
-23.292235011478 -36.309444465975 0.000000000000 1.000000000000
64.670562281755 5.020304040450 0.866025403784 -0.500000000000
-83.142532536396 100.276085107457 0.866025403784 -0.500000000000
-47.741100152014 -132.887042943571 0.000000000000 1.000000000000
3.451841310672 -5.775133796754 0.866025403784 -0.500000000000
-8.672204461711 108.137082041260 0.866025403784 -0.500000000000
-26.074293068567 -10.313618668277 0.866025403784 0.500000000000
48.792332664432 -19.563925605862 0.000000000000 1.000000000000
-138.772848797796 -40.507294248825 0.866025403784 -0.500000000000
