#Configurational_file created 2018-09-14 12:01:09  started 2018-09-14 12:01:08 run for 1.0s steps 0
name: p_926
step: 10000
specie: 20
	particle_diameter: 1.0000000000000000
	interaction_length: 1.2000000000000000
	number_of_patches: 3
	number_of_particles_per_compound: 1
	rod_length: 1.0000000000000000
	interaction_matrix:  1.000000 1.000000 1.000000 1.000000 1.000000 1.000000 1.000000 1.000000 1.000000
	patch_type: symmetric
	patch_width: 8.0000000000000000
	patch_angle: 0.0000000000000000
	angles:  0.000000 0.000000 0.000000
	grand_canonical: 0
	chemical_potential: 0.0000000000000000
box: 49.149098 49.149098
copy: 1.000000 1.000000
epsilon: 0.0250010000000000
end_epsilon: 0.0000000000000000
pressure: 0.0000010000000000
lambda: 0.0000000000000000
lambda_coupling: 1.0000000000000000
uy: 0.0000000000000000
maximum_displacement: 1.0000000000000000
maximum_rotation: 1.0000000000000000
maximum_volume: 1.0000000000000000
maximum_shape: 0.0000001000000000
maximum_dsigma: 0.0100000000000000
mod: 10
pmod: 10
optimize: 1
verbose: 1
snapshot: 0
display: 1
explore: 1
npt: 1
nptxy: 0
nptdxdy: 0
shape: 0
seed: 1055653
113.813713549082 102.114641440093 0.866025403784 -0.500000000000
77.491965076477 -5.610003907117 0.000000000000 1.000000000000
81.747004894911 304.897256104894 0.000000000000 1.000000000000
96.451350622948 -171.879201357229 0.866025403784 0.500000000000
66.346448185136 89.214507764083 0.000000000000 1.000000000000
327.985046772144 -14.141859108304 0.866025403784 0.500000000000
83.789224819346 117.130882578242 0.866025403784 -0.500000000000
23.046038476258 266.743360559009 0.000000000000 1.000000000000
-173.883196648376 -116.554665480043 0.866025403784 -0.500000000000
118.489193506286 -178.348029979674 0.000000000000 1.000000000000
36.286013639178 299.739730486706 0.866025403784 0.500000000000
114.523363301898 -99.583260211880 0.000000000000 1.000000000000
-81.635595630905 -106.735710146314 0.866025403784 -0.500000000000
-100.659800722235 -47.576538242942 0.866025403784 -0.500000000000
-292.826585559878 -111.388020782520 0.866025403784 -0.500000000000
0.512211142971 79.098839756734 0.000000000000 1.000000000000
90.415511038125 111.998798485314 0.866025403784 0.500000000000
-177.958941107834 -45.839127591477 0.000000000000 1.000000000000
-268.327306588355 -52.858503104228 0.000000000000 1.000000000000
-4.783436377679 120.847011634071 0.866025403784 -0.500000000000
