#Configurational_file created 2018-09-14 11:06:35  started 2018-09-14 11:06:34 run for 1.0s steps 0
name: p_92
step: 10000
specie: 20
	particle_diameter: 1.0000000000000000
	interaction_length: 1.2000000000000000
	number_of_patches: 3
	number_of_particles_per_compound: 1
	rod_length: 1.0000000000000000
	interaction_matrix:  1.000000 1.000000 1.000000 1.000000 1.000000 1.000000 1.000000 1.000000 1.000000
	patch_type: symmetric
	patch_width: 8.0000000000000000
	patch_angle: 0.0000000000000000
	angles:  0.000000 0.000000 0.000000
	grand_canonical: 0
	chemical_potential: 0.0000000000000000
box: 11.350621 11.350621
copy: 1.000000 1.000000
epsilon: 0.2143430000000000
end_epsilon: 0.0000000000000000
pressure: 0.8572000000000000
lambda: 0.0000000000000000
lambda_coupling: 1.0000000000000000
uy: 0.0000000000000000
maximum_displacement: 1.0000000000000000
maximum_rotation: 1.0000000000000000
maximum_volume: 1.0000000000000000
maximum_shape: 0.0000001000000000
maximum_dsigma: 0.0100000000000000
mod: 10
pmod: 10
optimize: 1
verbose: 1
snapshot: 0
display: 1
explore: 1
npt: 1
nptxy: 0
nptdxdy: 0
shape: 0
seed: 107474
50.250368655580 158.615712165261 0.000000000000 1.000000000000
51.516116386162 16.568355791757 0.866025403784 -0.500000000000
-20.240055888783 -41.401097927772 0.000000000000 1.000000000000
-23.046247555581 -84.319111487784 0.866025403784 0.500000000000
-57.229541216147 124.779425839872 0.000000000000 1.000000000000
86.811279095850 -72.615758058759 0.866025403784 -0.500000000000
-12.029166942873 21.032500852380 0.000000000000 1.000000000000
9.640337311099 -66.613285083381 0.866025403784 -0.500000000000
31.958530920558 -41.171907241260 0.866025403784 0.500000000000
-50.576967209605 124.132025277950 0.000000000000 1.000000000000
-11.914137031156 174.959877961244 0.866025403784 0.500000000000
96.970049625792 76.014967781658 0.866025403784 0.500000000000
-22.048887316796 -157.574048146823 0.000000000000 1.000000000000
-8.152493090767 8.328575040744 0.866025403784 0.500000000000
40.159818708119 58.629090924922 0.000000000000 1.000000000000
-56.335320500811 -119.759507283245 0.000000000000 1.000000000000
-19.273492445535 -92.181044413996 0.000000000000 1.000000000000
121.718270541433 -10.572722696508 0.000000000000 1.000000000000
-38.723058421958 -156.750242365768 0.866025403784 -0.500000000000
9.987212388785 109.274998136938 0.866025403784 -0.500000000000
