#Configurational_file created 2018-09-14 11:33:26  started 2018-09-14 11:33:25 run for 1.0s steps 0
name: p_921
step: 10000
specie: 20
	particle_diameter: 1.0000000000000000
	interaction_length: 1.2000000000000000
	number_of_patches: 3
	number_of_particles_per_compound: 1
	rod_length: 1.0000000000000000
	interaction_matrix:  1.000000 1.000000 1.000000 1.000000 1.000000 1.000000 1.000000 1.000000 1.000000
	patch_type: symmetric
	patch_width: 8.0000000000000000
	patch_angle: 0.0000000000000000
	angles:  0.000000 0.000000 0.000000
	grand_canonical: 0
	chemical_potential: 0.0000000000000000
box: 8.411771 8.411771
copy: 1.000000 1.000000
epsilon: 0.2292210000000000
end_epsilon: 0.0000000000000000
pressure: 1.6666829999999999
lambda: 0.0000000000000000
lambda_coupling: 1.0000000000000000
uy: 0.0000000000000000
maximum_displacement: 1.0000000000000000
maximum_rotation: 1.0000000000000000
maximum_volume: 0.9964000000000000
maximum_shape: 0.0000001000000000
maximum_dsigma: 0.0100000000000000
mod: 10
pmod: 10
optimize: 1
verbose: 1
snapshot: 0
display: 1
explore: 1
npt: 1
nptxy: 0
nptdxdy: 0
shape: 0
seed: 1049968
78.579293538810 -119.053633982678 0.000000000000 1.000000000000
-35.551093316850 11.033877382718 0.000000000000 1.000000000000
-47.640146244237 -38.083771928342 0.866025403784 0.500000000000
73.856524386401 -1.864359041464 0.000000000000 1.000000000000
17.588010809122 -49.014542645772 0.000000000000 1.000000000000
-63.784886985276 -107.609245519762 0.866025403784 0.500000000000
142.017397201716 -59.334336437301 0.000000000000 1.000000000000
-29.388379734799 -58.438665850401 0.866025403784 -0.500000000000
94.530569169235 18.835798039312 0.000000000000 1.000000000000
109.875537028072 -10.177430078914 0.866025403784 0.500000000000
52.550575477750 31.300264748614 0.866025403784 -0.500000000000
-49.413973678923 39.568982173798 0.000000000000 1.000000000000
-59.740586599442 132.340434602932 0.000000000000 1.000000000000
-18.962652324953 -41.185907317833 0.866025403784 -0.500000000000
62.250059666788 58.662753926149 0.000000000000 1.000000000000
-138.517407585804 184.852067497608 0.000000000000 1.000000000000
56.360263958780 -140.175641150413 0.866025403784 0.500000000000
-68.145522778007 -80.717212280627 0.866025403784 0.500000000000
37.714155715590 94.785192176618 0.000000000000 1.000000000000
5.420964789010 134.759866913140 0.866025403784 -0.500000000000
