#Configurational_file created 2018-09-14 12:01:10  started 2018-09-14 12:01:10 run for 0.0s steps 0
name: p_928
step: 10000
specie: 20
	particle_diameter: 1.0000000000000000
	interaction_length: 1.2000000000000000
	number_of_patches: 3
	number_of_particles_per_compound: 1
	rod_length: 1.0000000000000000
	interaction_matrix:  1.000000 1.000000 1.000000 1.000000 1.000000 1.000000 1.000000 1.000000 1.000000
	patch_type: symmetric
	patch_width: 8.0000000000000000
	patch_angle: 0.0000000000000000
	angles:  0.000000 0.000000 0.000000
	grand_canonical: 0
	chemical_potential: 0.0000000000000000
box: 53.633985 53.633985
copy: 1.000000 1.000000
epsilon: 0.0250010000000000
end_epsilon: 0.0000000000000000
pressure: 0.0083340000000000
lambda: 0.0000000000000000
lambda_coupling: 1.0000000000000000
uy: 0.0000000000000000
maximum_displacement: 1.0000000000000000
maximum_rotation: 1.0000000000000000
maximum_volume: 1.0000000000000000
maximum_shape: 0.0000001000000000
maximum_dsigma: 0.0100000000000000
mod: 10
pmod: 10
optimize: 1
verbose: 1
snapshot: 0
display: 1
explore: 1
npt: 1
nptxy: 0
nptdxdy: 0
shape: 0
seed: 1057927
-63.903299971277 113.346297154963 0.000000000000 1.000000000000
-52.636734443353 -54.265399775958 0.866025403784 0.500000000000
-60.766026133575 -8.704106551491 0.866025403784 -0.500000000000
-67.777341383414 -244.125230457723 0.866025403784 -0.500000000000
200.919807399352 -14.893747450419 0.000000000000 1.000000000000
170.636140877796 -290.433310779076 0.000000000000 1.000000000000
-51.345720952226 -153.989056419000 0.866025403784 0.500000000000
-231.078923354492 -113.660160401816 0.866025403784 -0.500000000000
102.684538798416 -231.874493210184 0.866025403784 -0.500000000000
131.334902683387 -29.594341944385 0.000000000000 1.000000000000
-157.313148980123 -361.244049412519 0.000000000000 1.000000000000
-130.590544377078 197.060312752320 0.866025403784 0.500000000000
171.320042221090 21.421649073243 0.000000000000 1.000000000000
215.692942615105 -40.683397359791 0.866025403784 0.500000000000
206.100588420402 68.358800336041 0.866025403784 -0.500000000000
-36.997918595559 -305.540035971557 0.000000000000 1.000000000000
3.742293784528 147.348176418574 0.866025403784 -0.500000000000
-41.825619899507 158.155344313362 0.866025403784 0.500000000000
-362.799171333915 223.536748654869 0.866025403784 -0.500000000000
278.382942208523 -80.881868985669 0.000000000000 1.000000000000
