#Configurational_file created 2018-09-14 13:56:51  started 2018-09-14 13:56:50 run for 1.0s steps 0
name: p_921
step: 10000
specie: 20
	particle_diameter: 1.0000000000000000
	interaction_length: 1.2000000000000000
	number_of_patches: 3
	number_of_particles_per_compound: 1
	rod_length: 1.0000000000000000
	interaction_matrix:  1.000000 1.000000 1.000000 1.000000 1.000000 1.000000 1.000000 1.000000 1.000000
	patch_type: symmetric
	patch_width: 8.0000000000000000
	patch_angle: 0.0000000000000000
	angles:  0.000000 0.000000 0.000000
	grand_canonical: 0
	chemical_potential: 0.0000000000000000
box: 50.333031 50.333031
copy: 1.000000 1.000000
epsilon: 0.0000010000000000
end_epsilon: 0.0000000000000000
pressure: 0.3448280000000000
lambda: 0.0000000000000000
lambda_coupling: 1.0000000000000000
uy: 0.0000000000000000
maximum_displacement: 1.0000000000000000
maximum_rotation: 1.0000000000000000
maximum_volume: 1.0000000000000000
maximum_shape: 0.0000001000000000
maximum_dsigma: 0.0100000000000000
mod: 10
pmod: 10
optimize: 1
verbose: 1
snapshot: 0
display: 1
explore: 1
npt: 1
nptxy: 0
nptdxdy: 0
shape: 0
seed: 1049968
-194.032077990117 -102.852758839276 0.000000000000 1.000000000000
21.681576837373 -26.734395736715 0.866025403784 0.500000000000
-82.204116389563 -256.709971094675 0.866025403784 0.500000000000
-51.623003049941 -100.711642528275 0.866025403784 -0.500000000000
-7.411471295252 -183.058347922636 0.866025403784 0.500000000000
-228.409847346111 -400.366854401069 0.866025403784 -0.500000000000
238.907671473901 -155.587178757167 0.000000000000 1.000000000000
-48.802876596759 64.777070192469 0.866025403784 0.500000000000
-176.975795913648 127.555723516793 0.866025403784 -0.500000000000
-94.075363268264 108.156677501700 0.866025403784 0.500000000000
481.096477812701 -210.224384268576 0.866025403784 0.500000000000
-42.265934269953 104.807035446895 0.866025403784 0.500000000000
19.571824733211 -211.693737321550 0.866025403784 0.500000000000
-346.865319281154 295.760957311085 0.866025403784 0.500000000000
25.944772924279 122.616363103139 0.000000000000 1.000000000000
-532.290487585424 222.820587567230 0.866025403784 0.500000000000
338.804944167701 144.182149598582 0.866025403784 -0.500000000000
1.566865296894 67.804622265442 0.000000000000 1.000000000000
65.349374086227 225.779389990847 0.866025403784 0.500000000000
122.992040215388 155.720389982461 0.000000000000 1.000000000000
