#Configurational_file created 2018-09-14 13:56:52  started 2018-09-14 13:56:52 run for 0.0s steps 0
name: p_923
step: 10000
specie: 20
	particle_diameter: 1.0000000000000000
	interaction_length: 1.2000000000000000
	number_of_patches: 3
	number_of_particles_per_compound: 1
	rod_length: 1.0000000000000000
	interaction_matrix:  1.000000 1.000000 1.000000 1.000000 1.000000 1.000000 1.000000 1.000000 1.000000
	patch_type: symmetric
	patch_width: 8.0000000000000000
	patch_angle: 0.0000000000000000
	angles:  0.000000 0.000000 0.000000
	grand_canonical: 0
	chemical_potential: 0.0000000000000000
box: 45.751850 45.751850
copy: 1.000000 1.000000
epsilon: 0.0000010000000000
end_epsilon: 0.0000000000000000
pressure: 0.3793110000000000
lambda: 0.0000000000000000
lambda_coupling: 1.0000000000000000
uy: 0.0000000000000000
maximum_displacement: 1.0000000000000000
maximum_rotation: 1.0000000000000000
maximum_volume: 1.0000000000000000
maximum_shape: 0.0000001000000000
maximum_dsigma: 0.0100000000000000
mod: 10
pmod: 10
optimize: 1
verbose: 1
snapshot: 0
display: 1
explore: 1
npt: 1
nptxy: 0
nptdxdy: 0
shape: 0
seed: 1052242
-35.769848210339 135.950124164663 0.000000000000 1.000000000000
136.512065324752 89.768458032518 0.000000000000 1.000000000000
125.095480292057 106.064523927291 0.866025403784 -0.500000000000
11.162118305905 206.139401397790 0.000000000000 1.000000000000
-14.526445258616 100.968086175212 0.866025403784 -0.500000000000
-52.091905705138 106.870285986701 0.000000000000 1.000000000000
-17.157109389918 129.866821348104 0.866025403784 0.500000000000
-144.299270799570 202.900787888464 0.866025403784 0.500000000000
218.086865501122 127.418526543405 0.000000000000 1.000000000000
-177.552079170106 -96.277552983756 0.000000000000 1.000000000000
76.167353177099 95.946355106292 0.866025403784 -0.500000000000
99.954028462841 97.681048431346 0.866025403784 -0.500000000000
-288.788471564462 295.595338230591 0.000000000000 1.000000000000
-109.044515981947 -105.404526457717 0.000000000000 1.000000000000
221.131244888454 -98.312854092813 0.000000000000 1.000000000000
-12.142676807161 46.640421401177 0.866025403784 0.500000000000
-155.536708269349 -33.074955808695 0.866025403784 0.500000000000
183.836265846425 -122.082412075489 0.000000000000 1.000000000000
26.269347641666 49.622852550266 0.000000000000 1.000000000000
27.919570370455 -37.508913384768 0.866025403784 0.500000000000
