#Configurational_file created 2018-09-14 13:56:50  started 2018-09-14 13:56:49 run for 1.0s steps 0
name: p_920
step: 10000
specie: 20
	particle_diameter: 1.0000000000000000
	interaction_length: 1.2000000000000000
	number_of_patches: 3
	number_of_particles_per_compound: 1
	rod_length: 1.0000000000000000
	interaction_matrix:  1.000000 1.000000 1.000000 1.000000 1.000000 1.000000 1.000000 1.000000 1.000000
	patch_type: symmetric
	patch_width: 8.0000000000000000
	patch_angle: 0.0000000000000000
	angles:  0.000000 0.000000 0.000000
	grand_canonical: 0
	chemical_potential: 0.0000000000000000
box: 49.961777 49.961777
copy: 1.000000 1.000000
epsilon: 0.0000010000000000
end_epsilon: 0.0000000000000000
pressure: 0.3275870000000000
lambda: 0.0000000000000000
lambda_coupling: 1.0000000000000000
uy: 0.0000000000000000
maximum_displacement: 1.0000000000000000
maximum_rotation: 1.0000000000000000
maximum_volume: 1.0000000000000000
maximum_shape: 0.0000001000000000
maximum_dsigma: 0.0100000000000000
mod: 10
pmod: 10
optimize: 1
verbose: 1
snapshot: 0
display: 1
explore: 1
npt: 1
nptxy: 0
nptdxdy: 0
shape: 0
seed: 1048831
-208.572805627822 -243.735746628935 0.866025403784 0.500000000000
-42.620600303233 -65.868484002748 0.000000000000 1.000000000000
-455.648107280729 34.234646424141 0.866025403784 0.500000000000
102.732409084440 10.914505450753 0.866025403784 0.500000000000
68.568849335158 -72.362981352885 0.866025403784 -0.500000000000
152.100575628391 28.949235351591 0.866025403784 0.500000000000
130.838161625289 361.007300177509 0.866025403784 -0.500000000000
-42.675511957659 517.451905817328 0.866025403784 -0.500000000000
-86.277719790940 140.263804848726 0.000000000000 1.000000000000
-145.942659824566 51.115613683189 0.000000000000 1.000000000000
60.910057791807 -41.523720382077 0.866025403784 -0.500000000000
36.918661192258 73.072597613792 0.000000000000 1.000000000000
72.229071118169 193.317741570140 0.000000000000 1.000000000000
110.242374781881 140.451931507869 0.000000000000 1.000000000000
179.179080190732 -8.568772216277 0.866025403784 -0.500000000000
104.790314202177 279.797333528012 0.866025403784 -0.500000000000
256.708582646776 88.511145081519 0.000000000000 1.000000000000
159.512818200968 6.437513303031 0.866025403784 -0.500000000000
-9.292893835003 -116.560910884487 0.866025403784 -0.500000000000
208.073518971546 235.071333073451 0.866025403784 0.500000000000
