#Configurational_file created 2018-09-14 13:56:55  started 2018-09-14 13:56:54 run for 1.0s steps 0
name: p_927
step: 10000
specie: 20
	particle_diameter: 1.0000000000000000
	interaction_length: 1.2000000000000000
	number_of_patches: 3
	number_of_particles_per_compound: 1
	rod_length: 1.0000000000000000
	interaction_matrix:  1.000000 1.000000 1.000000 1.000000 1.000000 1.000000 1.000000 1.000000 1.000000
	patch_type: symmetric
	patch_width: 8.0000000000000000
	patch_angle: 0.0000000000000000
	angles:  0.000000 0.000000 0.000000
	grand_canonical: 0
	chemical_potential: 0.0000000000000000
box: 45.613036 45.613036
copy: 1.000000 1.000000
epsilon: 0.0000010000000000
end_epsilon: 0.0000000000000000
pressure: 0.4482760000000000
lambda: 0.0000000000000000
lambda_coupling: 1.0000000000000000
uy: 0.0000000000000000
maximum_displacement: 1.0000000000000000
maximum_rotation: 1.0000000000000000
maximum_volume: 1.0000000000000000
maximum_shape: 0.0000001000000000
maximum_dsigma: 0.0100000000000000
mod: 10
pmod: 10
optimize: 1
verbose: 1
snapshot: 0
display: 1
explore: 1
npt: 1
nptxy: 0
nptdxdy: 0
shape: 0
seed: 1056790
13.295392657026 -115.140064209186 0.000000000000 1.000000000000
486.803979622885 -213.512725867010 0.866025403784 -0.500000000000
-205.653379392896 -130.012640720879 0.866025403784 -0.500000000000
111.678976093566 -10.281102948795 0.866025403784 -0.500000000000
113.043599717803 -51.237643932115 0.000000000000 1.000000000000
261.871515848347 88.586410414130 0.866025403784 -0.500000000000
73.659952704798 24.736695688226 0.866025403784 -0.500000000000
99.595890716595 121.446262217877 0.866025403784 0.500000000000
309.174954645528 -93.089836895815 0.866025403784 -0.500000000000
73.233584231545 -22.471232045060 0.866025403784 0.500000000000
-19.507083879525 -35.476991903817 0.000000000000 1.000000000000
315.203748376515 206.314933967038 0.866025403784 0.500000000000
62.132872791112 343.536857789805 0.866025403784 -0.500000000000
-12.386323232514 -31.766622455387 0.000000000000 1.000000000000
113.588991249386 48.353549290977 0.866025403784 -0.500000000000
61.135381128930 -48.704474084305 0.866025403784 -0.500000000000
60.912798766992 -57.179283867742 0.000000000000 1.000000000000
-254.291845580683 -41.166754643307 0.000000000000 1.000000000000
-202.189360720216 287.686520229807 0.000000000000 1.000000000000
-30.752347194915 -176.103048372365 0.866025403784 -0.500000000000
