#Configurational_file created 2018-09-14 12:01:07  started 2018-09-14 12:01:06 run for 1.0s steps 0
name: p_923
step: 10000
specie: 20
	particle_diameter: 1.0000000000000000
	interaction_length: 1.2000000000000000
	number_of_patches: 3
	number_of_particles_per_compound: 1
	rod_length: 1.0000000000000000
	interaction_matrix:  1.000000 1.000000 1.000000 1.000000 1.000000 1.000000 1.000000 1.000000 1.000000
	patch_type: symmetric
	patch_width: 8.0000000000000000
	patch_angle: 0.0000000000000000
	angles:  0.000000 0.000000 0.000000
	grand_canonical: 0
	chemical_potential: 0.0000000000000000
box: 44.604103 44.604103
copy: 1.000000 1.000000
epsilon: 0.0229170000000000
end_epsilon: 0.0000000000000000
pressure: 0.0916670000000000
lambda: 0.0000000000000000
lambda_coupling: 1.0000000000000000
uy: 0.0000000000000000
maximum_displacement: 1.0000000000000000
maximum_rotation: 1.0000000000000000
maximum_volume: 1.0000000000000000
maximum_shape: 0.0000001000000000
maximum_dsigma: 0.0100000000000000
mod: 10
pmod: 10
optimize: 1
verbose: 1
snapshot: 0
display: 1
explore: 1
npt: 1
nptxy: 0
nptdxdy: 0
shape: 0
seed: 1052242
48.616082199574 203.509101676898 0.866025403784 -0.500000000000
-42.617010239234 6.911896902220 0.866025403784 0.500000000000
-119.954195795125 -167.632948212270 0.866025403784 0.500000000000
-3.700277455325 395.423027738459 0.866025403784 -0.500000000000
16.569261150202 -126.672119832707 0.866025403784 -0.500000000000
246.556543904656 522.804461974610 0.866025403784 0.500000000000
-114.416145991513 86.645135687043 0.866025403784 -0.500000000000
6.241856067113 -20.371023936521 0.866025403784 0.500000000000
-54.437839556719 192.055015910147 0.866025403784 0.500000000000
-65.411433492132 87.364481579065 0.000000000000 1.000000000000
137.449335524333 162.826939148100 0.866025403784 0.500000000000
-10.917082479673 17.965850933493 0.000000000000 1.000000000000
-393.150351695361 24.028870445355 0.866025403784 -0.500000000000
-19.874991222913 -18.142942421385 0.866025403784 0.500000000000
163.469608392416 -113.089713987080 0.866025403784 -0.500000000000
307.239784572044 -167.400020386006 0.000000000000 1.000000000000
16.247582698978 89.424157961827 0.000000000000 1.000000000000
56.196626426631 -4.805453129566 0.000000000000 1.000000000000
-46.631695406945 229.388712444847 0.866025403784 0.500000000000
363.883247294003 193.924766599110 0.866025403784 -0.500000000000
