#Configurational_file created 2018-09-14 11:33:39  started 2018-09-14 11:33:38 run for 1.0s steps 0
name: p_938
step: 10000
specie: 20
	particle_diameter: 1.0000000000000000
	interaction_length: 1.2000000000000000
	number_of_patches: 3
	number_of_particles_per_compound: 1
	rod_length: 1.0000000000000000
	interaction_matrix:  1.000000 1.000000 1.000000 1.000000 1.000000 1.000000 1.000000 1.000000 1.000000
	patch_type: symmetric
	patch_width: 8.0000000000000000
	patch_angle: 0.0000000000000000
	angles:  0.000000 0.000000 0.000000
	grand_canonical: 0
	chemical_potential: 0.0000000000000000
box: 9.491249 9.491249
copy: 1.000000 1.000000
epsilon: 0.2500500000000000
end_epsilon: 0.0000000000000000
pressure: 1.0000500000000001
lambda: 0.0000000000000000
lambda_coupling: 1.0000000000000000
uy: 0.0000000000000000
maximum_displacement: 1.0000000000000000
maximum_rotation: 1.0000000000000000
maximum_volume: 1.0000000000000000
maximum_shape: 0.0000001000000000
maximum_dsigma: 0.0100000000000000
mod: 10
pmod: 10
optimize: 1
verbose: 1
snapshot: 0
display: 1
explore: 1
npt: 1
nptxy: 0
nptdxdy: 0
shape: 0
seed: 1069297
-33.577251631679 -98.356423672610 0.000000000000 1.000000000000
-3.597147678898 -178.589297457132 0.866025403784 0.500000000000
30.783599302421 69.228407054716 0.000000000000 1.000000000000
-116.996105957323 9.871379286089 0.866025403784 0.500000000000
-0.290410065266 51.195304956313 0.000000000000 1.000000000000
91.557098421424 45.734588618927 0.000000000000 1.000000000000
56.424822186387 -65.792359631335 0.866025403784 0.500000000000
-0.951930332614 55.261327227102 0.866025403784 -0.500000000000
-121.556961838600 84.402969286021 0.866025403784 -0.500000000000
68.199418458256 -194.721922739037 0.866025403784 0.500000000000
13.298240890840 73.076069049197 0.866025403784 0.500000000000
72.580695795576 12.622883155081 0.000000000000 1.000000000000
32.740195808628 95.631232301570 0.866025403784 -0.500000000000
31.064161943014 -61.155829933132 0.000000000000 1.000000000000
29.669422833146 11.983777601216 0.000000000000 1.000000000000
70.229448609149 -158.037482209700 0.866025403784 -0.500000000000
16.991290111724 -8.870161443289 0.866025403784 -0.500000000000
62.656916720529 60.585946307738 0.866025403784 -0.500000000000
-56.434270327615 67.913978283419 0.866025403784 0.500000000000
-40.440868634187 56.537558186188 0.000000000000 1.000000000000
