#Configurational_file created 2018-09-14 11:06:35  started 2018-09-14 11:06:35 run for 0.0s steps 0
name: p_93
step: 10000
specie: 20
	particle_diameter: 1.0000000000000000
	interaction_length: 1.2000000000000000
	number_of_patches: 3
	number_of_particles_per_compound: 1
	rod_length: 1.0000000000000000
	interaction_matrix:  1.000000 1.000000 1.000000 1.000000 1.000000 1.000000 1.000000 1.000000 1.000000
	patch_type: symmetric
	patch_width: 8.0000000000000000
	patch_angle: 0.0000000000000000
	angles:  0.000000 0.000000 0.000000
	grand_canonical: 0
	chemical_potential: 0.0000000000000000
box: 10.789157 10.789157
copy: 1.000000 1.000000
epsilon: 0.2143430000000000
end_epsilon: 0.0000000000000000
pressure: 1.1429000000000000
lambda: 0.0000000000000000
lambda_coupling: 1.0000000000000000
uy: 0.0000000000000000
maximum_displacement: 1.0000000000000000
maximum_rotation: 1.0000000000000000
maximum_volume: 1.0000000000000000
maximum_shape: 0.0000001000000000
maximum_dsigma: 0.0100000000000000
mod: 10
pmod: 10
optimize: 1
verbose: 1
snapshot: 0
display: 1
explore: 1
npt: 1
nptxy: 0
nptdxdy: 0
shape: 0
seed: 108611
43.472209123832 18.809076013725 0.866025403784 0.500000000000
7.174491083588 -89.531420572219 0.866025403784 -0.500000000000
-121.036290646053 119.088956499485 0.866025403784 -0.500000000000
-95.067330490988 -26.196580306345 0.000000000000 1.000000000000
-3.581162910917 -39.062370309296 0.866025403784 0.500000000000
55.439320149040 -24.299980535145 0.866025403784 0.500000000000
14.550546196803 10.510939618417 0.000000000000 1.000000000000
-37.039275029268 61.878481361032 0.866025403784 -0.500000000000
-98.715978561824 46.449987573286 0.866025403784 -0.500000000000
-64.266881012670 -128.741991541932 0.866025403784 0.500000000000
62.205167442568 47.978594419528 0.866025403784 -0.500000000000
-50.927337627372 -72.760285249892 0.000000000000 1.000000000000
-48.205011869123 120.462664073919 0.866025403784 0.500000000000
189.539074970638 107.309944829971 0.000000000000 1.000000000000
7.390104309079 -102.386962812956 0.866025403784 -0.500000000000
-139.810092730646 153.997579024876 0.000000000000 1.000000000000
-110.638971115835 -108.626888105553 0.866025403784 -0.500000000000
103.458515988914 -126.629751345650 0.866025403784 0.500000000000
-30.589541504811 -112.461014155618 0.866025403784 -0.500000000000
33.244699700223 27.641589155110 0.866025403784 0.500000000000
