#Configurational_file created 2018-09-14 11:33:40  started 2018-09-14 11:33:39 run for 1.0s steps 0
name: p_939
step: 10000
specie: 20
	particle_diameter: 1.0000000000000000
	interaction_length: 1.2000000000000000
	number_of_patches: 3
	number_of_particles_per_compound: 1
	rod_length: 1.0000000000000000
	interaction_matrix:  1.000000 1.000000 1.000000 1.000000 1.000000 1.000000 1.000000 1.000000 1.000000
	patch_type: symmetric
	patch_width: 8.0000000000000000
	patch_angle: 0.0000000000000000
	angles:  0.000000 0.000000 0.000000
	grand_canonical: 0
	chemical_potential: 0.0000000000000000
box: 9.891062 9.891062
copy: 1.000000 1.000000
epsilon: 0.2500500000000000
end_epsilon: 0.0000000000000000
pressure: 1.0833790000000001
lambda: 0.0000000000000000
lambda_coupling: 1.0000000000000000
uy: 0.0000000000000000
maximum_displacement: 1.0000000000000000
maximum_rotation: 1.0000000000000000
maximum_volume: 1.0000000000000000
maximum_shape: 0.0000001000000000
maximum_dsigma: 0.0100000000000000
mod: 10
pmod: 10
optimize: 1
verbose: 1
snapshot: 0
display: 1
explore: 1
npt: 1
nptxy: 0
nptdxdy: 0
shape: 0
seed: 1070434
-79.090175542857 -23.208179753943 0.866025403784 -0.500000000000
-43.204301317184 -43.768888902862 0.866025403784 -0.500000000000
58.423257363101 74.416774736602 0.866025403784 0.500000000000
12.642709358964 -161.885444905121 0.866025403784 0.500000000000
-67.779877662429 12.781310998322 0.866025403784 -0.500000000000
-28.701507783891 34.437364535329 0.000000000000 1.000000000000
73.030062265600 8.720956237622 0.000000000000 1.000000000000
69.393513034872 168.110768559671 0.866025403784 -0.500000000000
-5.938217099395 -4.263543845979 0.000000000000 1.000000000000
67.256996137660 -74.194936360224 0.866025403784 0.500000000000
14.357766812964 -161.313920035858 0.866025403784 0.500000000000
-132.242384945618 42.292977504701 0.866025403784 -0.500000000000
-8.630560823356 -19.151117055612 0.866025403784 -0.500000000000
66.138487199489 -5.450254269036 0.866025403784 -0.500000000000
22.136897296836 3.452830549339 0.000000000000 1.000000000000
139.846126394353 -79.581297856601 0.866025403784 -0.500000000000
-31.847165159453 -109.208158760246 0.866025403784 -0.500000000000
62.038898864026 63.984399312634 0.866025403784 0.500000000000
-116.735259402282 -38.730363556931 0.000000000000 1.000000000000
113.913000712233 -15.991704295867 0.866025403784 -0.500000000000
