#Configurational_file created 2018-09-14 11:33:36  started 2018-09-14 11:33:36 run for 0.0s steps 0
name: p_935
step: 10000
specie: 20
	particle_diameter: 1.0000000000000000
	interaction_length: 1.2000000000000000
	number_of_patches: 3
	number_of_particles_per_compound: 1
	rod_length: 1.0000000000000000
	interaction_matrix:  1.000000 1.000000 1.000000 1.000000 1.000000 1.000000 1.000000 1.000000 1.000000
	patch_type: symmetric
	patch_width: 8.0000000000000000
	patch_angle: 0.0000000000000000
	angles:  0.000000 0.000000 0.000000
	grand_canonical: 0
	chemical_potential: 0.0000000000000000
box: 11.851746 11.851746
copy: 1.000000 1.000000
epsilon: 0.2500500000000000
end_epsilon: 0.0000000000000000
pressure: 0.7500620000000000
lambda: 0.0000000000000000
lambda_coupling: 1.0000000000000000
uy: 0.0000000000000000
maximum_displacement: 1.0000000000000000
maximum_rotation: 1.0000000000000000
maximum_volume: 1.0000000000000000
maximum_shape: 0.0000001000000000
maximum_dsigma: 0.0100000000000000
mod: 10
pmod: 10
optimize: 1
verbose: 1
snapshot: 0
display: 1
explore: 1
npt: 1
nptxy: 0
nptdxdy: 0
shape: 0
seed: 1065886
4.827341334290 12.323546624167 0.866025403784 0.500000000000
14.982771345396 -116.934882677014 0.000000000000 1.000000000000
-125.225825127385 27.943612895530 0.866025403784 -0.500000000000
163.748786604269 94.479167758774 0.000000000000 1.000000000000
8.027136771739 17.736122786848 0.866025403784 0.500000000000
-54.394040857955 21.393671612763 0.866025403784 0.500000000000
75.034556014091 -71.173147177049 0.866025403784 0.500000000000
150.731022445251 -138.430810322531 0.866025403784 -0.500000000000
83.700249991211 71.563952825124 0.866025403784 0.500000000000
154.601313672356 112.164196224814 0.866025403784 0.500000000000
42.144901588486 98.053485665018 0.866025403784 0.500000000000
37.539318801566 6.521681150013 0.866025403784 -0.500000000000
-68.334167512554 9.302143219011 0.866025403784 0.500000000000
56.820849809767 36.569452898638 0.866025403784 0.500000000000
147.305155104578 -119.321268734107 0.866025403784 0.500000000000
48.708528607422 55.746363777087 0.000000000000 1.000000000000
241.232263551483 -51.877573663055 0.866025403784 0.500000000000
14.124040541420 40.954440519416 0.866025403784 0.500000000000
-29.842014076358 -104.981898177365 0.000000000000 1.000000000000
86.989416967367 -1.682691740189 0.866025403784 0.500000000000
