#Configurational_file created 2018-09-14 11:33:37  started 2018-09-14 11:33:36 run for 1.0s steps 0
name: p_936
step: 10000
specie: 20
	particle_diameter: 1.0000000000000000
	interaction_length: 1.2000000000000000
	number_of_patches: 3
	number_of_particles_per_compound: 1
	rod_length: 1.0000000000000000
	interaction_matrix:  1.000000 1.000000 1.000000 1.000000 1.000000 1.000000 1.000000 1.000000 1.000000
	patch_type: symmetric
	patch_width: 8.0000000000000000
	patch_angle: 0.0000000000000000
	angles:  0.000000 0.000000 0.000000
	grand_canonical: 0
	chemical_potential: 0.0000000000000000
box: 11.694079 11.694079
copy: 1.000000 1.000000
epsilon: 0.2500500000000000
end_epsilon: 0.0000000000000000
pressure: 0.8333920000000000
lambda: 0.0000000000000000
lambda_coupling: 1.0000000000000000
uy: 0.0000000000000000
maximum_displacement: 1.0000000000000000
maximum_rotation: 1.0000000000000000
maximum_volume: 1.0000000000000000
maximum_shape: 0.0000001000000000
maximum_dsigma: 0.0100000000000000
mod: 10
pmod: 10
optimize: 1
verbose: 1
snapshot: 0
display: 1
explore: 1
npt: 1
nptxy: 0
nptdxdy: 0
shape: 0
seed: 1067023
81.172618247857 28.105635575194 0.866025403784 0.500000000000
6.119796099818 63.884053016615 0.000000000000 1.000000000000
-130.642955682403 2.895672020180 0.866025403784 0.500000000000
-0.316519224338 92.858182788761 0.866025403784 -0.500000000000
-20.096694758159 28.951569201964 0.000000000000 1.000000000000
-117.879806318709 8.174266082304 0.000000000000 1.000000000000
-20.381995085400 59.986182799526 0.866025403784 0.500000000000
-65.900364776219 101.591065331282 0.000000000000 1.000000000000
-35.498681312986 60.980269448179 0.866025403784 0.500000000000
10.450416833202 144.230327616266 0.000000000000 1.000000000000
-73.804129423556 -37.749301371562 0.000000000000 1.000000000000
73.844023062058 103.148870737962 0.866025403784 0.500000000000
-19.452540637837 -28.285340776027 0.866025403784 0.500000000000
-35.349484868777 5.875536827527 0.000000000000 1.000000000000
51.427941705954 167.097526441348 0.866025403784 0.500000000000
-2.658444123988 30.650438880940 0.000000000000 1.000000000000
-62.590430138305 131.973634055888 0.866025403784 -0.500000000000
-27.526146830852 23.756727264130 0.866025403784 0.500000000000
-89.615517033362 -114.821254013410 0.000000000000 1.000000000000
-12.022527268768 24.630724594977 0.866025403784 0.500000000000
