#Configurational_file created 2018-09-14 11:33:36  started 2018-09-14 11:33:35 run for 1.0s steps 0
name: p_934
step: 10000
specie: 20
	particle_diameter: 1.0000000000000000
	interaction_length: 1.2000000000000000
	number_of_patches: 3
	number_of_particles_per_compound: 1
	rod_length: 1.0000000000000000
	interaction_matrix:  1.000000 1.000000 1.000000 1.000000 1.000000 1.000000 1.000000 1.000000 1.000000
	patch_type: symmetric
	patch_width: 8.0000000000000000
	patch_angle: 0.0000000000000000
	angles:  0.000000 0.000000 0.000000
	grand_canonical: 0
	chemical_potential: 0.0000000000000000
box: 13.196880 13.196880
copy: 1.000000 1.000000
epsilon: 0.2500500000000000
end_epsilon: 0.0000000000000000
pressure: 0.6667330000000000
lambda: 0.0000000000000000
lambda_coupling: 1.0000000000000000
uy: 0.0000000000000000
maximum_displacement: 1.0000000000000000
maximum_rotation: 1.0000000000000000
maximum_volume: 1.0000000000000000
maximum_shape: 0.0000001000000000
maximum_dsigma: 0.0100000000000000
mod: 10
pmod: 10
optimize: 1
verbose: 1
snapshot: 0
display: 1
explore: 1
npt: 1
nptxy: 0
nptdxdy: 0
shape: 0
seed: 1064749
-63.541420006474 -55.442224934720 0.866025403784 0.500000000000
158.858545782065 -101.155147059902 0.866025403784 0.500000000000
-33.429634312656 166.427439274978 0.000000000000 1.000000000000
-108.563935182994 82.765785807488 0.866025403784 0.500000000000
12.710810927589 -110.753876998623 0.866025403784 -0.500000000000
178.799360405653 -106.795460604310 0.866025403784 -0.500000000000
86.626469602346 -123.391154701257 0.866025403784 0.500000000000
21.292266029212 -33.414329925192 0.866025403784 0.500000000000
-47.859230729206 -128.073317390040 0.866025403784 0.500000000000
-16.683059087603 -84.802610319976 0.866025403784 -0.500000000000
39.922344523485 -47.070315057344 0.000000000000 1.000000000000
-27.380674918381 -22.069862162420 0.866025403784 0.500000000000
52.208562602267 23.996637806005 0.000000000000 1.000000000000
93.693576007504 -30.456916585560 0.000000000000 1.000000000000
-35.863692461167 -61.261999139838 0.866025403784 -0.500000000000
-77.293324496128 19.433627379737 0.866025403784 -0.500000000000
-50.260060277625 36.301012305085 0.000000000000 1.000000000000
-65.451257798778 50.813461892335 0.866025403784 -0.500000000000
116.950666832246 86.306619602436 0.866025403784 -0.500000000000
52.404990516513 -143.770170619353 0.000000000000 1.000000000000
