#Configurational_file created 2018-09-14 13:57:00  started 2018-09-14 13:57:00 run for 0.0s steps 0
name: p_934
step: 10000
specie: 20
	particle_diameter: 1.0000000000000000
	interaction_length: 1.2000000000000000
	number_of_patches: 3
	number_of_particles_per_compound: 1
	rod_length: 1.0000000000000000
	interaction_matrix:  1.000000 1.000000 1.000000 1.000000 1.000000 1.000000 1.000000 1.000000 1.000000
	patch_type: symmetric
	patch_width: 8.0000000000000000
	patch_angle: 0.0000000000000000
	angles:  0.000000 0.000000 0.000000
	grand_canonical: 0
	chemical_potential: 0.0000000000000000
box: 48.405003 48.405003
copy: 1.000000 1.000000
epsilon: 0.0689660000000000
end_epsilon: 0.0000000000000000
pressure: 0.0517250000000000
lambda: 0.0000000000000000
lambda_coupling: 1.0000000000000000
uy: 0.0000000000000000
maximum_displacement: 1.0000000000000000
maximum_rotation: 1.0000000000000000
maximum_volume: 1.0000000000000000
maximum_shape: 0.0000001000000000
maximum_dsigma: 0.0100000000000000
mod: 10
pmod: 10
optimize: 1
verbose: 1
snapshot: 0
display: 1
explore: 1
npt: 1
nptxy: 0
nptdxdy: 0
shape: 0
seed: 1064749
63.944303376759 67.312378027643 0.866025403784 0.500000000000
257.726301797392 -55.803607471347 0.000000000000 1.000000000000
-179.086426501549 -8.666456900513 0.866025403784 -0.500000000000
-357.828955991218 -82.965729604954 0.866025403784 -0.500000000000
54.342860545036 203.467722970306 0.866025403784 0.500000000000
-141.658640533202 122.266354187054 0.866025403784 -0.500000000000
392.306554963727 87.994450491287 0.866025403784 0.500000000000
16.154445577966 -292.351010007006 0.000000000000 1.000000000000
60.143268617070 179.398030824615 0.866025403784 0.500000000000
80.542679163452 -334.138302775013 0.866025403784 -0.500000000000
-106.756969942322 -49.754529257922 0.866025403784 -0.500000000000
-83.617361838139 22.944879473062 0.866025403784 -0.500000000000
-61.462482086028 -42.612610677423 0.866025403784 -0.500000000000
-45.319308883557 21.093733914078 0.000000000000 1.000000000000
-319.779435374578 246.886002176095 0.866025403784 0.500000000000
-103.818106745225 179.601873737108 0.866025403784 0.500000000000
43.414785527699 44.368744069340 0.866025403784 0.500000000000
152.956267611795 -108.886794796516 0.866025403784 -0.500000000000
350.379524116465 190.301090054190 0.866025403784 0.500000000000
119.992633205551 -190.978851972283 0.000000000000 1.000000000000
