#Configurational_file created 2018-09-14 11:33:35  started 2018-09-14 11:33:34 run for 1.0s steps 0
name: p_933
step: 10000
specie: 20
	particle_diameter: 1.0000000000000000
	interaction_length: 1.2000000000000000
	number_of_patches: 3
	number_of_particles_per_compound: 1
	rod_length: 1.0000000000000000
	interaction_matrix:  1.000000 1.000000 1.000000 1.000000 1.000000 1.000000 1.000000 1.000000 1.000000
	patch_type: symmetric
	patch_width: 8.0000000000000000
	patch_angle: 0.0000000000000000
	angles:  0.000000 0.000000 0.000000
	grand_canonical: 0
	chemical_potential: 0.0000000000000000
box: 12.948010 12.948010
copy: 1.000000 1.000000
epsilon: 0.2500500000000000
end_epsilon: 0.0000000000000000
pressure: 0.5834040000000000
lambda: 0.0000000000000000
lambda_coupling: 1.0000000000000000
uy: 0.0000000000000000
maximum_displacement: 1.0000000000000000
maximum_rotation: 1.0000000000000000
maximum_volume: 1.0000000000000000
maximum_shape: 0.0000001000000000
maximum_dsigma: 0.0100000000000000
mod: 10
pmod: 10
optimize: 1
verbose: 1
snapshot: 0
display: 1
explore: 1
npt: 1
nptxy: 0
nptdxdy: 0
shape: 0
seed: 1063612
-10.051744640571 16.095010136777 0.000000000000 1.000000000000
-17.382289244279 -135.045313917007 0.866025403784 -0.500000000000
-23.075747100905 14.188710933573 0.866025403784 -0.500000000000
-49.232571075807 125.540612778193 0.866025403784 -0.500000000000
58.989495605426 53.440417321041 0.866025403784 -0.500000000000
179.348462621923 -170.164958357968 0.866025403784 0.500000000000
-9.107722170931 28.079413701365 0.000000000000 1.000000000000
76.839560306388 116.036836842268 0.866025403784 -0.500000000000
98.663748634295 73.713888594438 0.866025403784 0.500000000000
83.578738791979 -32.373518897339 0.866025403784 0.500000000000
-7.480186875527 -13.807174693985 0.866025403784 -0.500000000000
-13.049010258497 46.650558054472 0.866025403784 0.500000000000
78.706382084657 32.236518600014 0.866025403784 -0.500000000000
-80.177046249468 69.824529935578 0.866025403784 -0.500000000000
12.713295215392 -73.557662898615 0.866025403784 0.500000000000
-59.565038909496 60.550760722615 0.000000000000 1.000000000000
10.703592274105 9.424822250614 0.000000000000 1.000000000000
-59.960816265754 33.472845504116 0.000000000000 1.000000000000
-8.692355482025 44.729892330376 0.866025403784 0.500000000000
-33.072353904513 145.295936678363 0.000000000000 1.000000000000
