#Configurational_file created 2018-09-14 12:01:15  started 2018-09-14 12:01:14 run for 1.0s steps 0
name: p_934
step: 10000
specie: 20
	particle_diameter: 1.0000000000000000
	interaction_length: 1.2000000000000000
	number_of_patches: 3
	number_of_particles_per_compound: 1
	rod_length: 1.0000000000000000
	interaction_matrix:  1.000000 1.000000 1.000000 1.000000 1.000000 1.000000 1.000000 1.000000 1.000000
	patch_type: symmetric
	patch_width: 8.0000000000000000
	patch_angle: 0.0000000000000000
	angles:  0.000000 0.000000 0.000000
	grand_canonical: 0
	chemical_potential: 0.0000000000000000
box: 43.381882 43.381882
copy: 1.000000 1.000000
epsilon: 0.0250010000000000
end_epsilon: 0.0000000000000000
pressure: 0.0333340000000000
lambda: 0.0000000000000000
lambda_coupling: 1.0000000000000000
uy: 0.0000000000000000
maximum_displacement: 1.0000000000000000
maximum_rotation: 1.0000000000000000
maximum_volume: 1.0000000000000000
maximum_shape: 0.0000001000000000
maximum_dsigma: 0.0100000000000000
mod: 10
pmod: 10
optimize: 1
verbose: 1
snapshot: 0
display: 1
explore: 1
npt: 1
nptxy: 0
nptdxdy: 0
shape: 0
seed: 1064749
-78.450843097662 147.424047915932 0.866025403784 -0.500000000000
180.829694823653 -15.872224781082 0.000000000000 1.000000000000
97.740336432814 509.737453531985 0.866025403784 -0.500000000000
58.204753816778 118.897413068659 0.000000000000 1.000000000000
-151.549578624048 -70.717091622669 0.866025403784 0.500000000000
101.714208237458 -167.924050984349 0.866025403784 0.500000000000
161.573221156830 -146.748100197168 0.000000000000 1.000000000000
364.072838299542 82.943011851315 0.866025403784 -0.500000000000
20.964168630856 277.673641790066 0.866025403784 0.500000000000
60.735089180156 -37.962597697355 0.000000000000 1.000000000000
-138.625126390140 111.262018199713 0.866025403784 0.500000000000
81.952910185637 -297.682795942356 0.000000000000 1.000000000000
135.248116860005 -60.304702767179 0.866025403784 -0.500000000000
-106.101920122996 -144.636251689630 0.866025403784 -0.500000000000
226.872623242698 78.342191713459 0.000000000000 1.000000000000
-164.638243653283 -123.821654448134 0.866025403784 -0.500000000000
28.182613301902 55.913316639036 0.000000000000 1.000000000000
-108.739556444218 288.792334234564 0.866025403784 -0.500000000000
-144.633622596396 21.183792524833 0.866025403784 0.500000000000
-69.696298055007 63.209056093051 0.866025403784 0.500000000000
