#Configurational_file created 2018-09-14 11:33:34  started 2018-09-14 11:33:33 run for 1.0s steps 0
name: p_932
step: 10000
specie: 20
	particle_diameter: 1.0000000000000000
	interaction_length: 1.2000000000000000
	number_of_patches: 3
	number_of_particles_per_compound: 1
	rod_length: 1.0000000000000000
	interaction_matrix:  1.000000 1.000000 1.000000 1.000000 1.000000 1.000000 1.000000 1.000000 1.000000
	patch_type: symmetric
	patch_width: 8.0000000000000000
	patch_angle: 0.0000000000000000
	angles:  0.000000 0.000000 0.000000
	grand_canonical: 0
	chemical_potential: 0.0000000000000000
box: 15.081092 15.081092
copy: 1.000000 1.000000
epsilon: 0.2500500000000000
end_epsilon: 0.0000000000000000
pressure: 0.5000750000000000
lambda: 0.0000000000000000
lambda_coupling: 1.0000000000000000
uy: 0.0000000000000000
maximum_displacement: 1.0000000000000000
maximum_rotation: 1.0000000000000000
maximum_volume: 1.0000000000000000
maximum_shape: 0.0000001000000000
maximum_dsigma: 0.0100000000000000
mod: 10
pmod: 10
optimize: 1
verbose: 1
snapshot: 0
display: 1
explore: 1
npt: 1
nptxy: 0
nptdxdy: 0
shape: 0
seed: 1062475
-110.963008036753 -119.320646144044 0.866025403784 -0.500000000000
-112.629076853054 -27.066506780624 0.866025403784 -0.500000000000
176.358352791567 18.843920024428 0.000000000000 1.000000000000
115.152750026860 -66.074759877827 0.000000000000 1.000000000000
-113.902386236006 -16.556390611591 0.866025403784 0.500000000000
145.777403021743 -174.876476234961 0.866025403784 0.500000000000
-146.196551823127 -61.041524456317 0.000000000000 1.000000000000
34.715425793374 30.901640994830 0.866025403784 0.500000000000
-156.083327730516 -82.892939623103 0.000000000000 1.000000000000
-15.184244219803 -49.233083680804 0.866025403784 -0.500000000000
-66.200584154308 45.808236799683 0.866025403784 0.500000000000
65.569971814768 80.014930292207 0.866025403784 -0.500000000000
-120.857918234200 105.085537142250 0.000000000000 1.000000000000
81.490520884181 2.698454734186 0.866025403784 -0.500000000000
61.158127496231 -236.730961221258 0.866025403784 -0.500000000000
87.724086601092 42.089243695215 0.000000000000 1.000000000000
-275.198122328999 -23.666813201269 0.000000000000 1.000000000000
-113.952677719072 66.273889214952 0.866025403784 -0.500000000000
59.259720655428 -204.409916585041 0.000000000000 1.000000000000
69.297911448743 -112.771253779999 0.866025403784 0.500000000000
