#Configurational_file created 2018-09-14 12:20:32  started 2018-09-14 12:20:32 run for 0.0s steps 0
name: p_93
step: 10000
specie: 20
	particle_diameter: 1.0000000000000000
	interaction_length: 1.2000000000000000
	number_of_patches: 3
	number_of_particles_per_compound: 1
	rod_length: 1.0000000000000000
	interaction_matrix:  1.000000 1.000000 1.000000 1.000000 1.000000 1.000000 1.000000 1.000000 1.000000
	patch_type: symmetric
	patch_width: 8.0000000000000000
	patch_angle: 0.0000000000000000
	angles:  0.000000 0.000000 0.000000
	grand_canonical: 0
	chemical_potential: 0.0000000000000000
box: 46.438099 46.438099
copy: 1.000000 1.000000
epsilon: 1.7500000000000000
end_epsilon: 0.0000000000000000
pressure: 0.0000010000000000
lambda: 0.0000000000000000
lambda_coupling: 1.0000000000000000
uy: 0.0000000000000000
maximum_displacement: 1.0000000000000000
maximum_rotation: 1.0000000000000000
maximum_volume: 1.0000000000000000
maximum_shape: 0.0000001000000000
maximum_dsigma: 0.0100000000000000
mod: 10
pmod: 10
optimize: 1
verbose: 1
snapshot: 0
display: 1
explore: 1
npt: 1
nptxy: 0
nptdxdy: 0
shape: 0
seed: 108532
22.839586573324 220.615160859873 0.000000000000 1.000000000000
-31.250639936975 30.532502571366 0.866025403784 -0.500000000000
182.730592808478 -296.667046193534 0.000000000000 1.000000000000
12.992427405637 -204.747041382056 0.866025403784 0.500000000000
-158.437404158941 320.697105046082 0.866025403784 0.500000000000
262.679523925618 84.773606322070 0.866025403784 -0.500000000000
702.906222443797 32.322341007267 0.866025403784 -0.500000000000
259.044699102825 20.424011511975 0.866025403784 -0.500000000000
126.743313862081 -1.998006538562 0.866025403784 0.500000000000
44.872429613164 -244.424913404231 0.866025403784 0.500000000000
-62.980746097315 -43.047143716094 0.000000000000 1.000000000000
25.637209888709 -162.153225786521 0.000000000000 1.000000000000
101.369894176877 129.976491476951 0.000000000000 1.000000000000
28.738780349386 55.613099958976 0.866025403784 0.500000000000
-153.263470320655 96.985073733722 0.866025403784 0.500000000000
-66.208437045079 249.025089606531 0.000000000000 1.000000000000
56.970116662900 -82.616591226240 0.866025403784 0.500000000000
-239.383186442026 109.178738653334 0.866025403784 -0.500000000000
-88.768023096832 249.465773389451 0.000000000000 1.000000000000
-81.229526595827 302.567828727763 0.866025403784 0.500000000000
