#Configurational_file created 2018-09-14 13:56:58  started 2018-09-14 13:56:57 run for 1.0s steps 0
name: p_931
step: 10000
specie: 20
	particle_diameter: 1.0000000000000000
	interaction_length: 1.2000000000000000
	number_of_patches: 3
	number_of_particles_per_compound: 1
	rod_length: 1.0000000000000000
	interaction_matrix:  1.000000 1.000000 1.000000 1.000000 1.000000 1.000000 1.000000 1.000000 1.000000
	patch_type: symmetric
	patch_width: 8.0000000000000000
	patch_angle: 0.0000000000000000
	angles:  0.000000 0.000000 0.000000
	grand_canonical: 0
	chemical_potential: 0.0000000000000000
box: 49.604937 49.604937
copy: 1.000000 1.000000
epsilon: 0.0689660000000000
end_epsilon: 0.0000000000000000
pressure: 0.0000010000000000
lambda: 0.0000000000000000
lambda_coupling: 1.0000000000000000
uy: 0.0000000000000000
maximum_displacement: 1.0000000000000000
maximum_rotation: 1.0000000000000000
maximum_volume: 1.0000000000000000
maximum_shape: 0.0000001000000000
maximum_dsigma: 0.0100000000000000
mod: 10
pmod: 10
optimize: 1
verbose: 1
snapshot: 0
display: 1
explore: 1
npt: 1
nptxy: 0
nptdxdy: 0
shape: 0
seed: 1061338
6.315087790690 -150.326899462660 0.000000000000 1.000000000000
149.664704955753 -122.447962859753 0.866025403784 -0.500000000000
92.420431689925 -206.696500828740 0.866025403784 -0.500000000000
-44.929250017769 -56.174836890364 0.866025403784 0.500000000000
-324.261207303271 -107.981671313058 0.866025403784 -0.500000000000
-211.884004581460 -131.335221517966 0.000000000000 1.000000000000
-29.819979679735 283.551233770873 0.866025403784 0.500000000000
-28.886468945338 135.531969242066 0.866025403784 -0.500000000000
-176.375283994748 -22.218328425989 0.866025403784 0.500000000000
218.081097029303 183.058471011073 0.000000000000 1.000000000000
-12.493232211098 278.364973467175 0.866025403784 0.500000000000
-69.729605104317 162.155518998853 0.866025403784 -0.500000000000
-2.791755533061 182.276017166665 0.866025403784 -0.500000000000
49.161154176956 240.449008282762 0.000000000000 1.000000000000
79.148047927698 -278.013001466558 0.866025403784 -0.500000000000
157.328112426518 -27.775587133900 0.866025403784 -0.500000000000
-3.745486684069 -14.603965665771 0.866025403784 -0.500000000000
218.754192965136 78.619093976532 0.000000000000 1.000000000000
-39.819714420401 -49.259314139194 0.000000000000 1.000000000000
9.243833824070 93.796365936761 0.866025403784 -0.500000000000
