#Configurational_file created 2018-09-14 12:01:12  started 2018-09-14 12:01:11 run for 1.0s steps 0
name: p_930
step: 10000
specie: 20
	particle_diameter: 1.0000000000000000
	interaction_length: 1.2000000000000000
	number_of_patches: 3
	number_of_particles_per_compound: 1
	rod_length: 1.0000000000000000
	interaction_matrix:  1.000000 1.000000 1.000000 1.000000 1.000000 1.000000 1.000000 1.000000 1.000000
	patch_type: symmetric
	patch_width: 8.0000000000000000
	patch_angle: 0.0000000000000000
	angles:  0.000000 0.000000 0.000000
	grand_canonical: 0
	chemical_potential: 0.0000000000000000
box: 46.812962 46.812962
copy: 1.000000 1.000000
epsilon: 0.0250010000000000
end_epsilon: 0.0000000000000000
pressure: 0.0166680000000000
lambda: 0.0000000000000000
lambda_coupling: 1.0000000000000000
uy: 0.0000000000000000
maximum_displacement: 1.0000000000000000
maximum_rotation: 1.0000000000000000
maximum_volume: 1.0000000000000000
maximum_shape: 0.0000001000000000
maximum_dsigma: 0.0100000000000000
mod: 10
pmod: 10
optimize: 1
verbose: 1
snapshot: 0
display: 1
explore: 1
npt: 1
nptxy: 0
nptdxdy: 0
shape: 0
seed: 1060201
-281.406108309704 225.037203127827 0.866025403784 0.500000000000
-13.815813180179 123.422489971730 0.000000000000 1.000000000000
-231.528012084750 -258.599526248234 0.866025403784 -0.500000000000
12.263502762060 35.823092974130 0.000000000000 1.000000000000
253.126737381626 -71.333405180562 0.000000000000 1.000000000000
-141.126909486078 82.031662636420 0.866025403784 0.500000000000
5.316068273151 -48.388840479563 0.866025403784 -0.500000000000
242.326469223967 -157.490896431890 0.866025403784 0.500000000000
-13.346813965429 302.790097330742 0.866025403784 -0.500000000000
-305.052214077323 5.553453287739 0.000000000000 1.000000000000
211.047805958596 -130.265968898104 0.000000000000 1.000000000000
-30.709049618282 -157.818364787836 0.866025403784 -0.500000000000
-281.599264852265 -113.124847403667 0.866025403784 0.500000000000
-76.607591245450 -8.657567924750 0.000000000000 1.000000000000
-187.785608609822 -78.033724533083 0.866025403784 -0.500000000000
-334.368536285040 300.851036719608 0.866025403784 0.500000000000
-166.245945177497 -14.834606445753 0.000000000000 1.000000000000
-339.698505717978 -210.114723621769 0.000000000000 1.000000000000
139.524956142367 181.718480324147 0.866025403784 -0.500000000000
-7.614644362674 -47.893607177566 0.866025403784 -0.500000000000
