#Configurational_file created 2018-09-14 12:01:17  started 2018-09-14 12:01:16 run for 1.0s steps 0
name: p_937
step: 10000
specie: 20
	particle_diameter: 1.0000000000000000
	interaction_length: 1.2000000000000000
	number_of_patches: 3
	number_of_particles_per_compound: 1
	rod_length: 1.0000000000000000
	interaction_matrix:  1.000000 1.000000 1.000000 1.000000 1.000000 1.000000 1.000000 1.000000 1.000000
	patch_type: symmetric
	patch_width: 8.0000000000000000
	patch_angle: 0.0000000000000000
	angles:  0.000000 0.000000 0.000000
	grand_canonical: 0
	chemical_potential: 0.0000000000000000
box: 49.465528 49.465528
copy: 1.000000 1.000000
epsilon: 0.0250010000000000
end_epsilon: 0.0000000000000000
pressure: 0.0458340000000000
lambda: 0.0000000000000000
lambda_coupling: 1.0000000000000000
uy: 0.0000000000000000
maximum_displacement: 1.0000000000000000
maximum_rotation: 1.0000000000000000
maximum_volume: 1.0000000000000000
maximum_shape: 0.0000001000000000
maximum_dsigma: 0.0100000000000000
mod: 10
pmod: 10
optimize: 1
verbose: 1
snapshot: 0
display: 1
explore: 1
npt: 1
nptxy: 0
nptdxdy: 0
shape: 0
seed: 1068160
211.438582083801 481.256352650600 0.000000000000 1.000000000000
-399.375756884086 -44.568172037487 0.866025403784 -0.500000000000
35.251798875156 208.240661671855 0.866025403784 -0.500000000000
146.342704040089 439.261643888224 0.866025403784 -0.500000000000
305.501790832814 41.350092512319 0.866025403784 0.500000000000
-11.050093256905 27.963569085194 0.866025403784 -0.500000000000
-98.549149194322 -116.242231496099 0.866025403784 0.500000000000
-130.742050996351 -162.464778918788 0.000000000000 1.000000000000
-97.348793278339 -202.752756181151 0.866025403784 0.500000000000
140.262215065208 -52.397159419651 0.866025403784 -0.500000000000
301.611176536373 52.341381931314 0.866025403784 -0.500000000000
370.619478754112 -229.551167062551 0.866025403784 -0.500000000000
291.908598199708 -41.043315294905 0.866025403784 0.500000000000
435.902311395640 -30.280983417750 0.000000000000 1.000000000000
-290.360319861047 -147.744426483954 0.000000000000 1.000000000000
-217.748447009126 -143.695319139115 0.000000000000 1.000000000000
213.115746156316 35.583007964703 0.866025403784 0.500000000000
217.826190441845 -45.907741629920 0.866025403784 -0.500000000000
-102.648046884938 -92.162759482562 0.866025403784 0.500000000000
-307.193145372208 0.036306292184 0.866025403784 -0.500000000000
