#Configurational_file created 2018-09-14 12:01:18  started 2018-09-14 12:01:17 run for 1.0s steps 0
name: p_938
step: 10000
specie: 20
	particle_diameter: 1.0000000000000000
	interaction_length: 1.2000000000000000
	number_of_patches: 3
	number_of_particles_per_compound: 1
	rod_length: 1.0000000000000000
	interaction_matrix:  1.000000 1.000000 1.000000 1.000000 1.000000 1.000000 1.000000 1.000000 1.000000
	patch_type: symmetric
	patch_width: 8.0000000000000000
	patch_angle: 0.0000000000000000
	angles:  0.000000 0.000000 0.000000
	grand_canonical: 0
	chemical_potential: 0.0000000000000000
box: 45.938592 45.938592
copy: 1.000000 1.000000
epsilon: 0.0250010000000000
end_epsilon: 0.0000000000000000
pressure: 0.0500010000000000
lambda: 0.0000000000000000
lambda_coupling: 1.0000000000000000
uy: 0.0000000000000000
maximum_displacement: 1.0000000000000000
maximum_rotation: 1.0000000000000000
maximum_volume: 1.0000000000000000
maximum_shape: 0.0000001000000000
maximum_dsigma: 0.0100000000000000
mod: 10
pmod: 10
optimize: 1
verbose: 1
snapshot: 0
display: 1
explore: 1
npt: 1
nptxy: 0
nptdxdy: 0
shape: 0
seed: 1069297
52.536037157323 -145.124785885251 0.000000000000 1.000000000000
-27.230643673438 130.278606774917 0.866025403784 0.500000000000
-12.492116931489 -198.875872057467 0.866025403784 0.500000000000
29.003021466858 34.893877252368 0.866025403784 0.500000000000
-124.933220768521 39.023713489308 0.866025403784 -0.500000000000
-190.353416677279 367.674033508149 0.866025403784 -0.500000000000
231.653051335487 0.817225006945 0.866025403784 0.500000000000
64.530804033890 -254.549782598563 0.866025403784 0.500000000000
-120.600004250738 -95.131327010010 0.866025403784 -0.500000000000
80.812823418822 241.213360599384 0.866025403784 -0.500000000000
-11.237165398380 -50.690756830214 0.866025403784 0.500000000000
-209.260495405821 96.454470417365 0.866025403784 -0.500000000000
-3.173993381395 248.232506766027 0.000000000000 1.000000000000
-52.359456903203 126.031705365737 0.866025403784 0.500000000000
245.702124578020 -3.517407611828 0.000000000000 1.000000000000
57.573405394457 123.068127466710 0.000000000000 1.000000000000
3.028953463165 -139.516075803471 0.000000000000 1.000000000000
234.393310210465 -27.748221991489 0.866025403784 0.500000000000
-68.528864999260 -86.822290132570 0.000000000000 1.000000000000
111.055167023334 46.768723691909 0.866025403784 -0.500000000000
