#Configurational_file created 2018-09-14 12:01:14  started 2018-09-14 12:01:13 run for 1.0s steps 0
name: p_933
step: 10000
specie: 20
	particle_diameter: 1.0000000000000000
	interaction_length: 1.2000000000000000
	number_of_patches: 3
	number_of_particles_per_compound: 1
	rod_length: 1.0000000000000000
	interaction_matrix:  1.000000 1.000000 1.000000 1.000000 1.000000 1.000000 1.000000 1.000000 1.000000
	patch_type: symmetric
	patch_width: 8.0000000000000000
	patch_angle: 0.0000000000000000
	angles:  0.000000 0.000000 0.000000
	grand_canonical: 0
	chemical_potential: 0.0000000000000000
box: 47.429823 47.429823
copy: 1.000000 1.000000
epsilon: 0.0250010000000000
end_epsilon: 0.0000000000000000
pressure: 0.0291670000000000
lambda: 0.0000000000000000
lambda_coupling: 1.0000000000000000
uy: 0.0000000000000000
maximum_displacement: 1.0000000000000000
maximum_rotation: 1.0000000000000000
maximum_volume: 1.0000000000000000
maximum_shape: 0.0000001000000000
maximum_dsigma: 0.0100000000000000
mod: 10
pmod: 10
optimize: 1
verbose: 1
snapshot: 0
display: 1
explore: 1
npt: 1
nptxy: 0
nptdxdy: 0
shape: 0
seed: 1063612
-9.227671652959 -74.265750229238 0.866025403784 0.500000000000
-74.807586177017 -128.213364536590 0.866025403784 0.500000000000
-190.488047260200 -107.576095627483 0.000000000000 1.000000000000
-184.209122445682 334.642419454330 0.866025403784 -0.500000000000
414.108553047906 63.988706481765 0.000000000000 1.000000000000
-43.540476451461 154.518511393990 0.866025403784 -0.500000000000
219.629347675387 229.151168455658 0.866025403784 0.500000000000
102.006214007185 -55.505506546034 0.866025403784 0.500000000000
238.402206766359 111.243382867274 0.000000000000 1.000000000000
169.136591644563 -101.331101542592 0.000000000000 1.000000000000
-315.278627317904 154.035099853749 0.866025403784 -0.500000000000
-87.935482313892 207.821645238121 0.866025403784 -0.500000000000
443.238860514754 -135.243620148759 0.000000000000 1.000000000000
-199.950228104688 154.061014621952 0.866025403784 0.500000000000
-102.582904449057 83.947683862362 0.866025403784 -0.500000000000
-284.427862194773 -102.084514361867 0.866025403784 -0.500000000000
-128.376717215556 -232.706802662838 0.000000000000 1.000000000000
-18.376829823603 -68.983111364728 0.866025403784 -0.500000000000
-144.813797763683 267.570699430794 0.866025403784 0.500000000000
145.701390380987 -37.758342559707 0.866025403784 -0.500000000000
