#Configurational_file created 2018-09-14 13:57:02  started 2018-09-14 13:57:01 run for 1.0s steps 0
name: p_936
step: 10000
specie: 20
	particle_diameter: 1.0000000000000000
	interaction_length: 1.2000000000000000
	number_of_patches: 3
	number_of_particles_per_compound: 1
	rod_length: 1.0000000000000000
	interaction_matrix:  1.000000 1.000000 1.000000 1.000000 1.000000 1.000000 1.000000 1.000000 1.000000
	patch_type: symmetric
	patch_width: 8.0000000000000000
	patch_angle: 0.0000000000000000
	angles:  0.000000 0.000000 0.000000
	grand_canonical: 0
	chemical_potential: 0.0000000000000000
box: 44.197311 44.197311
copy: 1.000000 1.000000
epsilon: 0.0689660000000000
end_epsilon: 0.0000000000000000
pressure: 0.0862080000000000
lambda: 0.0000000000000000
lambda_coupling: 1.0000000000000000
uy: 0.0000000000000000
maximum_displacement: 1.0000000000000000
maximum_rotation: 1.0000000000000000
maximum_volume: 1.0000000000000000
maximum_shape: 0.0000001000000000
maximum_dsigma: 0.0100000000000000
mod: 10
pmod: 10
optimize: 1
verbose: 1
snapshot: 0
display: 1
explore: 1
npt: 1
nptxy: 0
nptdxdy: 0
shape: 0
seed: 1067023
29.983683950414 140.020727969593 0.866025403784 -0.500000000000
-71.039292955096 264.405425154448 0.866025403784 -0.500000000000
-1.750163114101 148.300069360162 0.000000000000 1.000000000000
-138.847906492529 -139.397027607878 0.866025403784 -0.500000000000
-88.809096353931 -215.798461247829 0.866025403784 0.500000000000
-21.396756026070 172.790598127284 0.000000000000 1.000000000000
-219.295303419229 225.442797386373 0.866025403784 0.500000000000
-347.424621681604 163.335666009467 0.866025403784 -0.500000000000
10.641502763335 105.469279860248 0.000000000000 1.000000000000
68.654938300383 239.308701886940 0.866025403784 0.500000000000
-144.179088714996 51.867519136679 0.866025403784 -0.500000000000
-158.861932587324 208.204172103604 0.866025403784 0.500000000000
161.921739646299 -33.397026552377 0.000000000000 1.000000000000
153.436053962276 6.107937224602 0.000000000000 1.000000000000
121.491662173924 -63.262374664261 0.866025403784 0.500000000000
36.483034793737 123.659027503087 0.866025403784 -0.500000000000
138.816109087540 -40.710668250734 0.000000000000 1.000000000000
198.155622998209 46.824597572948 0.000000000000 1.000000000000
255.830141910607 -169.336806980642 0.866025403784 -0.500000000000
247.084751350095 14.966565506986 0.866025403784 -0.500000000000
