#Configurational_file created 2018-09-14 13:57:04  started 2018-09-14 13:57:03 run for 1.0s steps 0
name: p_939
step: 10000
specie: 20
	particle_diameter: 1.0000000000000000
	interaction_length: 1.2000000000000000
	number_of_patches: 3
	number_of_particles_per_compound: 1
	rod_length: 1.0000000000000000
	interaction_matrix:  1.000000 1.000000 1.000000 1.000000 1.000000 1.000000 1.000000 1.000000 1.000000
	patch_type: symmetric
	patch_width: 8.0000000000000000
	patch_angle: 0.0000000000000000
	angles:  0.000000 0.000000 0.000000
	grand_canonical: 0
	chemical_potential: 0.0000000000000000
box: 44.503262 44.503262
copy: 1.000000 1.000000
epsilon: 0.0689660000000000
end_epsilon: 0.0000000000000000
pressure: 0.1379320000000000
lambda: 0.0000000000000000
lambda_coupling: 1.0000000000000000
uy: 0.0000000000000000
maximum_displacement: 1.0000000000000000
maximum_rotation: 1.0000000000000000
maximum_volume: 1.0000000000000000
maximum_shape: 0.0000001000000000
maximum_dsigma: 0.0100000000000000
mod: 10
pmod: 10
optimize: 1
verbose: 1
snapshot: 0
display: 1
explore: 1
npt: 1
nptxy: 0
nptdxdy: 0
shape: 0
seed: 1070434
-238.107519087693 -186.428658768154 0.000000000000 1.000000000000
-74.519400220203 47.726836009536 0.866025403784 0.500000000000
117.664734404081 -171.293507406319 0.866025403784 0.500000000000
-75.364767244265 -158.617213543988 0.000000000000 1.000000000000
-158.231549383870 47.637239373026 0.000000000000 1.000000000000
-70.647206034069 -139.799979786230 0.000000000000 1.000000000000
186.050101498470 -15.072158852791 0.866025403784 0.500000000000
21.657357489888 16.246485803994 0.866025403784 -0.500000000000
-213.164067920631 131.876113471862 0.866025403784 0.500000000000
97.500026019196 -65.667751110862 0.000000000000 1.000000000000
77.040322738410 -221.336076971895 0.866025403784 -0.500000000000
146.388962462989 404.844014242881 0.000000000000 1.000000000000
115.732590036111 -251.517608127187 0.000000000000 1.000000000000
19.195304552132 28.773176279794 0.866025403784 0.500000000000
-83.042538374342 -316.077392287657 0.866025403784 0.500000000000
198.085784846992 86.546212499276 0.866025403784 0.500000000000
194.830708503017 -157.323624217102 0.000000000000 1.000000000000
-23.475222701438 101.062229823354 0.000000000000 1.000000000000
8.646755122176 184.802695217209 0.866025403784 0.500000000000
197.029741409373 61.075820979581 0.000000000000 1.000000000000
