#Configurational_file created 2018-09-14 13:56:57  started 2018-09-14 13:56:57 run for 0.0s steps 0
name: p_930
step: 10000
specie: 20
	particle_diameter: 1.0000000000000000
	interaction_length: 1.2000000000000000
	number_of_patches: 3
	number_of_particles_per_compound: 1
	rod_length: 1.0000000000000000
	interaction_matrix:  1.000000 1.000000 1.000000 1.000000 1.000000 1.000000 1.000000 1.000000 1.000000
	patch_type: symmetric
	patch_width: 8.0000000000000000
	patch_angle: 0.0000000000000000
	angles:  0.000000 0.000000 0.000000
	grand_canonical: 0
	chemical_potential: 0.0000000000000000
box: 50.428567 50.428567
copy: 1.000000 1.000000
epsilon: 0.0000010000000000
end_epsilon: 0.0000000000000000
pressure: 0.5000000000000000
lambda: 0.0000000000000000
lambda_coupling: 1.0000000000000000
uy: 0.0000000000000000
maximum_displacement: 1.0000000000000000
maximum_rotation: 1.0000000000000000
maximum_volume: 1.0000000000000000
maximum_shape: 0.0000001000000000
maximum_dsigma: 0.0100000000000000
mod: 10
pmod: 10
optimize: 1
verbose: 1
snapshot: 0
display: 1
explore: 1
npt: 1
nptxy: 0
nptdxdy: 0
shape: 0
seed: 1060201
-260.523467828741 304.999687580360 0.000000000000 1.000000000000
246.087889688836 -165.762674529645 0.000000000000 1.000000000000
-245.016000768202 -297.437226852886 0.000000000000 1.000000000000
141.640873342439 -77.807537666184 0.866025403784 -0.500000000000
-51.891677020503 -40.684623283119 0.866025403784 0.500000000000
230.722823584686 71.520371602522 0.000000000000 1.000000000000
-301.552444296597 -237.413107742981 0.866025403784 -0.500000000000
121.345803589634 -6.017383657286 0.000000000000 1.000000000000
-261.373450783317 4.687025462646 0.866025403784 0.500000000000
153.266232547732 9.080416628886 0.866025403784 0.500000000000
329.507172264014 103.150694078499 0.866025403784 -0.500000000000
-56.281705966607 -74.013136951750 0.866025403784 -0.500000000000
125.262208372518 -19.283536568151 0.866025403784 -0.500000000000
-79.369277155901 162.285858828520 0.000000000000 1.000000000000
130.992978355281 92.548999808793 0.866025403784 0.500000000000
-121.083872181270 -179.368710204448 0.866025403784 -0.500000000000
-215.641930032142 204.956403730397 0.866025403784 0.500000000000
-188.957943223545 2.757361735318 0.000000000000 1.000000000000
240.844675073242 117.195327169143 0.866025403784 0.500000000000
-127.126834003915 -113.599956200791 0.866025403784 -0.500000000000
