#Configurational_file created 2018-09-14 12:01:16  started 2018-09-14 12:01:15 run for 1.0s steps 0
name: p_936
step: 10000
specie: 20
	particle_diameter: 1.0000000000000000
	interaction_length: 1.2000000000000000
	number_of_patches: 3
	number_of_particles_per_compound: 1
	rod_length: 1.0000000000000000
	interaction_matrix:  1.000000 1.000000 1.000000 1.000000 1.000000 1.000000 1.000000 1.000000 1.000000
	patch_type: symmetric
	patch_width: 8.0000000000000000
	patch_angle: 0.0000000000000000
	angles:  0.000000 0.000000 0.000000
	grand_canonical: 0
	chemical_potential: 0.0000000000000000
box: 46.635960 46.635960
copy: 1.000000 1.000000
epsilon: 0.0250010000000000
end_epsilon: 0.0000000000000000
pressure: 0.0416670000000000
lambda: 0.0000000000000000
lambda_coupling: 1.0000000000000000
uy: 0.0000000000000000
maximum_displacement: 1.0000000000000000
maximum_rotation: 1.0000000000000000
maximum_volume: 1.0000000000000000
maximum_shape: 0.0000001000000000
maximum_dsigma: 0.0100000000000000
mod: 10
pmod: 10
optimize: 1
verbose: 1
snapshot: 0
display: 1
explore: 1
npt: 1
nptxy: 0
nptdxdy: 0
shape: 0
seed: 1067023
-17.031258460365 189.202514648801 0.866025403784 0.500000000000
-9.868849639415 373.682936885752 0.866025403784 -0.500000000000
-130.189438802716 -86.678311017033 0.000000000000 1.000000000000
158.211942276656 187.251290991698 0.866025403784 0.500000000000
64.823663729431 -110.839671332557 0.866025403784 -0.500000000000
-201.967325342890 124.900463345336 0.000000000000 1.000000000000
161.234884456043 54.013480318420 0.866025403784 -0.500000000000
33.544404645918 290.779038673095 0.000000000000 1.000000000000
89.431555948186 31.237943455356 0.000000000000 1.000000000000
-154.189116173353 233.674137076259 0.000000000000 1.000000000000
-99.539388506195 146.703332041641 0.866025403784 -0.500000000000
-98.286689745505 102.769893837169 0.866025403784 0.500000000000
-239.766694466348 -19.684531206181 0.866025403784 -0.500000000000
135.874740980900 -49.680382268552 0.866025403784 0.500000000000
20.905955768630 250.293789274486 0.866025403784 -0.500000000000
52.733722648181 -8.983255275710 0.866025403784 0.500000000000
194.226905745635 87.758981350978 0.866025403784 0.500000000000
-15.017682967832 368.729306173845 0.000000000000 1.000000000000
-32.285280622561 -203.392043875355 0.866025403784 0.500000000000
33.723721828545 -206.204883117027 0.866025403784 0.500000000000
