#Configurational_file created 2018-09-14 12:01:13  started 2018-09-14 12:01:12 run for 1.0s steps 0
name: p_931
step: 10000
specie: 20
	particle_diameter: 1.0000000000000000
	interaction_length: 1.2000000000000000
	number_of_patches: 3
	number_of_particles_per_compound: 1
	rod_length: 1.0000000000000000
	interaction_matrix:  1.000000 1.000000 1.000000 1.000000 1.000000 1.000000 1.000000 1.000000 1.000000
	patch_type: symmetric
	patch_width: 8.0000000000000000
	patch_angle: 0.0000000000000000
	angles:  0.000000 0.000000 0.000000
	grand_canonical: 0
	chemical_potential: 0.0000000000000000
box: 61.187843 61.187843
copy: 1.000000 1.000000
epsilon: 0.0250010000000000
end_epsilon: 0.0000000000000000
pressure: 0.0208340000000000
lambda: 0.0000000000000000
lambda_coupling: 1.0000000000000000
uy: 0.0000000000000000
maximum_displacement: 1.0000000000000000
maximum_rotation: 1.0000000000000000
maximum_volume: 1.0000000000000000
maximum_shape: 0.0000001000000000
maximum_dsigma: 0.0100000000000000
mod: 10
pmod: 10
optimize: 1
verbose: 1
snapshot: 0
display: 1
explore: 1
npt: 1
nptxy: 0
nptdxdy: 0
shape: 0
seed: 1061338
3.012800588866 -57.307799493068 0.000000000000 1.000000000000
92.017939790304 230.990224032518 0.866025403784 -0.500000000000
-113.042710935446 95.705926062119 0.866025403784 -0.500000000000
-70.383755239660 171.908156636014 0.000000000000 1.000000000000
173.820119327891 -395.579308001354 0.866025403784 -0.500000000000
-383.058674512541 -396.595701171897 0.866025403784 0.500000000000
-382.156503841751 -277.892502439154 0.000000000000 1.000000000000
118.790501384494 189.831568862615 0.866025403784 -0.500000000000
-89.138292522362 166.830526828944 0.866025403784 0.500000000000
176.892788850516 -56.339642634600 0.866025403784 -0.500000000000
-101.958345645076 -112.333518631494 0.000000000000 1.000000000000
-166.608080613145 260.184936478560 0.866025403784 -0.500000000000
63.301374442512 178.028913047439 0.866025403784 0.500000000000
-149.458370016546 -48.014940005069 0.000000000000 1.000000000000
147.704797702210 -219.824177309628 0.866025403784 -0.500000000000
-83.762427278689 206.127077251138 0.866025403784 0.500000000000
13.356712151847 150.742170556038 0.866025403784 -0.500000000000
-42.766627564877 259.467884816260 0.866025403784 -0.500000000000
511.181882967160 -83.383341594504 0.000000000000 1.000000000000
-34.227626589612 89.673400091367 0.866025403784 -0.500000000000
