#Configurational_file created 2018-09-14 13:56:59  started 2018-09-14 13:56:58 run for 1.0s steps 0
name: p_932
step: 10000
specie: 20
	particle_diameter: 1.0000000000000000
	interaction_length: 1.2000000000000000
	number_of_patches: 3
	number_of_particles_per_compound: 1
	rod_length: 1.0000000000000000
	interaction_matrix:  1.000000 1.000000 1.000000 1.000000 1.000000 1.000000 1.000000 1.000000 1.000000
	patch_type: symmetric
	patch_width: 8.0000000000000000
	patch_angle: 0.0000000000000000
	angles:  0.000000 0.000000 0.000000
	grand_canonical: 0
	chemical_potential: 0.0000000000000000
box: 45.910898 45.910898
copy: 1.000000 1.000000
epsilon: 0.0689660000000000
end_epsilon: 0.0000000000000000
pressure: 0.0172420000000000
lambda: 0.0000000000000000
lambda_coupling: 1.0000000000000000
uy: 0.0000000000000000
maximum_displacement: 1.0000000000000000
maximum_rotation: 1.0000000000000000
maximum_volume: 1.0000000000000000
maximum_shape: 0.0000001000000000
maximum_dsigma: 0.0100000000000000
mod: 10
pmod: 10
optimize: 1
verbose: 1
snapshot: 0
display: 1
explore: 1
npt: 1
nptxy: 0
nptdxdy: 0
shape: 0
seed: 1062475
225.255331104600 -107.778982325133 0.866025403784 -0.500000000000
46.844876645692 38.051181527418 0.866025403784 0.500000000000
-70.064358996152 232.298180809147 0.000000000000 1.000000000000
-288.603925438974 85.125939361374 0.000000000000 1.000000000000
66.866577707995 136.085672293692 0.866025403784 0.500000000000
240.187131012474 -19.083922517824 0.000000000000 1.000000000000
-76.276665153424 362.125921870141 0.866025403784 0.500000000000
-96.391038252280 211.449889757285 0.866025403784 -0.500000000000
191.533236782249 -160.808815411757 0.866025403784 0.500000000000
216.703314906114 212.309758528003 0.000000000000 1.000000000000
-178.052858145141 -193.486735064071 0.000000000000 1.000000000000
193.245942714635 74.883675692714 0.866025403784 -0.500000000000
220.982638779302 -76.572053686864 0.866025403784 0.500000000000
-256.868143688479 -48.653201851516 0.000000000000 1.000000000000
-184.441899335826 -222.189517532685 0.866025403784 0.500000000000
183.565197801985 -167.887955684126 0.866025403784 0.500000000000
96.998911191811 -108.193931625337 0.000000000000 1.000000000000
-84.068627870842 -119.743529032470 0.866025403784 -0.500000000000
20.526143760201 51.259353461962 0.866025403784 -0.500000000000
127.078450716888 -152.922256358456 0.866025403784 0.500000000000
