#Configurational_file created 2018-09-14 11:33:33  started 2018-09-14 11:33:32 run for 1.0s steps 0
name: p_930
step: 10000
specie: 20
	particle_diameter: 1.0000000000000000
	interaction_length: 1.2000000000000000
	number_of_patches: 3
	number_of_particles_per_compound: 1
	rod_length: 1.0000000000000000
	interaction_matrix:  1.000000 1.000000 1.000000 1.000000 1.000000 1.000000 1.000000 1.000000 1.000000
	patch_type: symmetric
	patch_width: 8.0000000000000000
	patch_angle: 0.0000000000000000
	angles:  0.000000 0.000000 0.000000
	grand_canonical: 0
	chemical_potential: 0.0000000000000000
box: 13.697100 13.697100
copy: 1.000000 1.000000
epsilon: 0.2500500000000000
end_epsilon: 0.0000000000000000
pressure: 0.3334170000000000
lambda: 0.0000000000000000
lambda_coupling: 1.0000000000000000
uy: 0.0000000000000000
maximum_displacement: 1.0000000000000000
maximum_rotation: 1.0000000000000000
maximum_volume: 1.0000000000000000
maximum_shape: 0.0000001000000000
maximum_dsigma: 0.0100000000000000
mod: 10
pmod: 10
optimize: 1
verbose: 1
snapshot: 0
display: 1
explore: 1
npt: 1
nptxy: 0
nptdxdy: 0
shape: 0
seed: 1060201
-51.891823858654 90.648396337431 0.000000000000 1.000000000000
-13.106783718176 -44.038552390769 0.866025403784 -0.500000000000
70.016731201527 -79.149658718322 0.866025403784 0.500000000000
-114.818929037807 -26.546175866607 0.866025403784 -0.500000000000
127.383935935306 1.873717886621 0.866025403784 0.500000000000
-72.947287327871 15.959901219059 0.866025403784 0.500000000000
119.506826889015 -104.140256846386 0.866025403784 -0.500000000000
-109.411919925938 32.430743628302 0.866025403784 0.500000000000
88.894240564330 68.333438266563 0.866025403784 -0.500000000000
-167.890721280322 -27.088956920094 0.866025403784 -0.500000000000
59.821923465764 -122.016647220114 0.866025403784 0.500000000000
29.715578108204 76.019405149851 0.000000000000 1.000000000000
-23.701222924770 40.518469032763 0.866025403784 -0.500000000000
-22.999532771940 155.481042454998 0.866025403784 -0.500000000000
-113.440488525490 48.577691216760 0.000000000000 1.000000000000
-130.951766573365 193.425189714308 0.000000000000 1.000000000000
59.583403531119 23.074541625883 0.866025403784 -0.500000000000
-23.709456428599 135.040217445303 0.866025403784 -0.500000000000
-6.433754388594 -89.537258083356 0.866025403784 0.500000000000
-28.580902252976 -100.934683934841 0.000000000000 1.000000000000
