#Configurational_file created 2018-09-14 11:33:38  started 2018-09-14 11:33:37 run for 1.0s steps 0
name: p_937
step: 10000
specie: 20
	particle_diameter: 1.0000000000000000
	interaction_length: 1.2000000000000000
	number_of_patches: 3
	number_of_particles_per_compound: 1
	rod_length: 1.0000000000000000
	interaction_matrix:  1.000000 1.000000 1.000000 1.000000 1.000000 1.000000 1.000000 1.000000 1.000000
	patch_type: symmetric
	patch_width: 8.0000000000000000
	patch_angle: 0.0000000000000000
	angles:  0.000000 0.000000 0.000000
	grand_canonical: 0
	chemical_potential: 0.0000000000000000
box: 11.033808 11.033808
copy: 1.000000 1.000000
epsilon: 0.2500500000000000
end_epsilon: 0.0000000000000000
pressure: 0.9167210000000000
lambda: 0.0000000000000000
lambda_coupling: 1.0000000000000000
uy: 0.0000000000000000
maximum_displacement: 1.0000000000000000
maximum_rotation: 1.0000000000000000
maximum_volume: 1.0000000000000000
maximum_shape: 0.0000001000000000
maximum_dsigma: 0.0100000000000000
mod: 10
pmod: 10
optimize: 1
verbose: 1
snapshot: 0
display: 1
explore: 1
npt: 1
nptxy: 0
nptdxdy: 0
shape: 0
seed: 1068160
72.269431623123 -42.664975267785 0.866025403784 -0.500000000000
91.582960486744 69.046821541651 0.866025403784 0.500000000000
123.593372036572 -55.637992716587 0.866025403784 0.500000000000
94.468253279080 144.548190836774 0.000000000000 1.000000000000
33.184999112156 -26.197431346184 0.866025403784 -0.500000000000
-14.318888294292 33.487112841644 0.866025403784 -0.500000000000
29.131014188137 -20.322344837716 0.866025403784 -0.500000000000
-17.963793486676 -43.035070569692 0.866025403784 0.500000000000
86.303216793605 -304.145272411963 0.000000000000 1.000000000000
-199.704482791703 -63.741322203497 0.000000000000 1.000000000000
-49.623048129964 -160.396497929928 0.866025403784 0.500000000000
62.679269933772 -91.165583532311 0.866025403784 0.500000000000
3.406172810299 107.058127809760 0.866025403784 0.500000000000
-30.593280834347 -61.836082891212 0.866025403784 -0.500000000000
-61.464758579122 -91.278401641970 0.000000000000 1.000000000000
7.411223764344 49.736663580196 0.866025403784 0.500000000000
88.643036129639 -0.551676935432 0.866025403784 0.500000000000
141.120724298635 201.047586079393 0.866025403784 0.500000000000
89.306386454300 -43.352168144488 0.866025403784 -0.500000000000
-120.331139617742 -195.049035680027 0.866025403784 0.500000000000
