#Configurational_file created 2018-09-14 12:01:18  started 2018-09-14 12:01:18 run for 0.0s steps 0
name: p_939
step: 10000
specie: 20
	particle_diameter: 1.0000000000000000
	interaction_length: 1.2000000000000000
	number_of_patches: 3
	number_of_particles_per_compound: 1
	rod_length: 1.0000000000000000
	interaction_matrix:  1.000000 1.000000 1.000000 1.000000 1.000000 1.000000 1.000000 1.000000 1.000000
	patch_type: symmetric
	patch_width: 8.0000000000000000
	patch_angle: 0.0000000000000000
	angles:  0.000000 0.000000 0.000000
	grand_canonical: 0
	chemical_potential: 0.0000000000000000
box: 52.359000 52.359000
copy: 1.000000 1.000000
epsilon: 0.0250010000000000
end_epsilon: 0.0000000000000000
pressure: 0.0541670000000000
lambda: 0.0000000000000000
lambda_coupling: 1.0000000000000000
uy: 0.0000000000000000
maximum_displacement: 1.0000000000000000
maximum_rotation: 1.0000000000000000
maximum_volume: 1.0000000000000000
maximum_shape: 0.0000001000000000
maximum_dsigma: 0.0100000000000000
mod: 10
pmod: 10
optimize: 1
verbose: 1
snapshot: 0
display: 1
explore: 1
npt: 1
nptxy: 0
nptdxdy: 0
shape: 0
seed: 1070434
-100.490279715814 -353.117389789076 0.866025403784 -0.500000000000
312.331769845289 117.244241164358 0.000000000000 1.000000000000
42.004363055387 318.090715964950 0.866025403784 -0.500000000000
-30.237905800852 183.882073765899 0.866025403784 -0.500000000000
33.742915620458 -78.746507878441 0.866025403784 0.500000000000
-151.025038972593 109.407723103132 0.000000000000 1.000000000000
-74.624512196069 155.053231692497 0.866025403784 0.500000000000
196.795537866534 47.777722951829 0.000000000000 1.000000000000
50.376441210340 299.945132133194 0.866025403784 -0.500000000000
-28.162622235610 -186.950355285602 0.866025403784 0.500000000000
68.070953329682 -283.488871919198 0.866025403784 -0.500000000000
59.824452041441 99.516538036856 0.866025403784 -0.500000000000
-51.505706855531 138.414287586464 0.866025403784 0.500000000000
-153.903992477909 134.187891912678 0.000000000000 1.000000000000
105.822303375814 -180.880628341226 0.866025403784 -0.500000000000
160.866553734460 47.106239700967 0.866025403784 -0.500000000000
168.748891187502 56.257820330652 0.866025403784 -0.500000000000
-484.051882441475 26.482973912385 0.866025403784 0.500000000000
-23.730509483387 44.118562834473 0.866025403784 0.500000000000
143.896679389056 144.059888071943 0.000000000000 1.000000000000
