#Configurational_file created 2018-09-14 11:33:33  started 2018-09-14 11:33:33 run for 0.0s steps 0
name: p_931
step: 10000
specie: 20
	particle_diameter: 1.0000000000000000
	interaction_length: 1.2000000000000000
	number_of_patches: 3
	number_of_particles_per_compound: 1
	rod_length: 1.0000000000000000
	interaction_matrix:  1.000000 1.000000 1.000000 1.000000 1.000000 1.000000 1.000000 1.000000 1.000000
	patch_type: symmetric
	patch_width: 8.0000000000000000
	patch_angle: 0.0000000000000000
	angles:  0.000000 0.000000 0.000000
	grand_canonical: 0
	chemical_potential: 0.0000000000000000
box: 12.940471 12.940471
copy: 1.000000 1.000000
epsilon: 0.2500500000000000
end_epsilon: 0.0000000000000000
pressure: 0.4167460000000000
lambda: 0.0000000000000000
lambda_coupling: 1.0000000000000000
uy: 0.0000000000000000
maximum_displacement: 1.0000000000000000
maximum_rotation: 1.0000000000000000
maximum_volume: 1.0000000000000000
maximum_shape: 0.0000001000000000
maximum_dsigma: 0.0100000000000000
mod: 10
pmod: 10
optimize: 1
verbose: 1
snapshot: 0
display: 1
explore: 1
npt: 1
nptxy: 0
nptdxdy: 0
shape: 0
seed: 1061338
45.087150317869 -75.040314487611 0.000000000000 1.000000000000
136.924520864482 33.352695915798 0.866025403784 -0.500000000000
-42.020044747543 9.787551284273 0.000000000000 1.000000000000
12.404515765125 -39.840058741979 0.000000000000 1.000000000000
-16.468471001943 30.294727980364 0.866025403784 0.500000000000
-1.437286761142 50.743493461990 0.866025403784 0.500000000000
-58.991315118892 93.844498118956 0.866025403784 0.500000000000
-110.521745930492 0.273108058760 0.000000000000 1.000000000000
-105.388913597993 -75.779450497219 0.000000000000 1.000000000000
-85.029043040192 121.308567212977 0.866025403784 0.500000000000
15.411822288432 51.121673563892 0.000000000000 1.000000000000
20.323715439706 22.733238026610 0.000000000000 1.000000000000
-13.581134283659 20.748204089921 0.000000000000 1.000000000000
-91.430819888813 43.459459350235 0.000000000000 1.000000000000
57.525590562579 39.952481965338 0.866025403784 0.500000000000
46.898377958713 116.532911648539 0.866025403784 -0.500000000000
36.192337749865 -34.306908984508 0.000000000000 1.000000000000
115.257157260274 136.258875867486 0.000000000000 1.000000000000
125.975592432719 122.045122610842 0.866025403784 -0.500000000000
3.125037208556 -17.632191861441 0.866025403784 -0.500000000000
