#Configurational_file created 2018-09-14 13:57:00  started 2018-09-14 13:56:59 run for 1.0s steps 0
name: p_933
step: 10000
specie: 20
	particle_diameter: 1.0000000000000000
	interaction_length: 1.2000000000000000
	number_of_patches: 3
	number_of_particles_per_compound: 1
	rod_length: 1.0000000000000000
	interaction_matrix:  1.000000 1.000000 1.000000 1.000000 1.000000 1.000000 1.000000 1.000000 1.000000
	patch_type: symmetric
	patch_width: 8.0000000000000000
	patch_angle: 0.0000000000000000
	angles:  0.000000 0.000000 0.000000
	grand_canonical: 0
	chemical_potential: 0.0000000000000000
box: 48.645211 48.645211
copy: 1.000000 1.000000
epsilon: 0.0689660000000000
end_epsilon: 0.0000000000000000
pressure: 0.0344840000000000
lambda: 0.0000000000000000
lambda_coupling: 1.0000000000000000
uy: 0.0000000000000000
maximum_displacement: 1.0000000000000000
maximum_rotation: 1.0000000000000000
maximum_volume: 1.0000000000000000
maximum_shape: 0.0000001000000000
maximum_dsigma: 0.0100000000000000
mod: 10
pmod: 10
optimize: 1
verbose: 1
snapshot: 0
display: 1
explore: 1
npt: 1
nptxy: 0
nptdxdy: 0
shape: 0
seed: 1063612
-127.632175039526 -0.923560414454 0.866025403784 -0.500000000000
279.030897938819 170.668202313744 0.866025403784 -0.500000000000
78.623467079012 -64.359250303766 0.866025403784 -0.500000000000
-160.471518595306 58.665212271057 0.000000000000 1.000000000000
-28.435776114848 56.084888979526 0.866025403784 -0.500000000000
10.315053456160 173.833418636150 0.866025403784 0.500000000000
-27.010054297538 179.833832179239 0.866025403784 -0.500000000000
368.021927344964 95.637048070336 0.000000000000 1.000000000000
106.470610605800 -174.223865234977 0.000000000000 1.000000000000
435.221603546033 130.966381145054 0.866025403784 0.500000000000
-42.638810276129 47.423229745702 0.866025403784 0.500000000000
-177.998448162882 -45.644112803681 0.866025403784 0.500000000000
266.979730575423 33.393837309293 0.866025403784 0.500000000000
26.063257826860 -36.889328689880 0.866025403784 0.500000000000
-192.296200557882 -24.003032148803 0.866025403784 -0.500000000000
-59.205901153216 52.434684919607 0.866025403784 -0.500000000000
-42.541906029127 11.799267641095 0.866025403784 -0.500000000000
106.130711597458 -90.725644363234 0.866025403784 0.500000000000
-97.676113370827 -9.300508289702 0.000000000000 1.000000000000
-59.191277273675 200.341867408493 0.000000000000 1.000000000000
