#Configurational_file created 2018-09-14 13:57:02  started 2018-09-14 13:57:02 run for 0.0s steps 0
name: p_937
step: 10000
specie: 20
	particle_diameter: 1.0000000000000000
	interaction_length: 1.2000000000000000
	number_of_patches: 3
	number_of_particles_per_compound: 1
	rod_length: 1.0000000000000000
	interaction_matrix:  1.000000 1.000000 1.000000 1.000000 1.000000 1.000000 1.000000 1.000000 1.000000
	patch_type: symmetric
	patch_width: 8.0000000000000000
	patch_angle: 0.0000000000000000
	angles:  0.000000 0.000000 0.000000
	grand_canonical: 0
	chemical_potential: 0.0000000000000000
box: 49.733354 49.733354
copy: 1.000000 1.000000
epsilon: 0.0689660000000000
end_epsilon: 0.0000000000000000
pressure: 0.1034490000000000
lambda: 0.0000000000000000
lambda_coupling: 1.0000000000000000
uy: 0.0000000000000000
maximum_displacement: 1.0000000000000000
maximum_rotation: 1.0000000000000000
maximum_volume: 1.0000000000000000
maximum_shape: 0.0000001000000000
maximum_dsigma: 0.0100000000000000
mod: 10
pmod: 10
optimize: 1
verbose: 1
snapshot: 0
display: 1
explore: 1
npt: 1
nptxy: 0
nptdxdy: 0
shape: 0
seed: 1068160
-95.021974118192 44.872873350190 0.866025403784 0.500000000000
-212.426439440809 178.855622772640 0.866025403784 0.500000000000
212.663297083404 197.281093240873 0.866025403784 -0.500000000000
4.105441113110 37.484863118756 0.866025403784 0.500000000000
196.350949027970 -209.897693219360 0.866025403784 -0.500000000000
132.542883816991 288.015534474965 0.866025403784 0.500000000000
201.435970170518 -108.282223962750 0.866025403784 0.500000000000
125.468762977475 -33.256897432083 0.866025403784 -0.500000000000
-139.357383528524 -259.213349714936 0.866025403784 0.500000000000
-156.529397136807 -161.205481334613 0.866025403784 -0.500000000000
-62.927260847904 235.132595589800 0.866025403784 -0.500000000000
78.669175625854 -243.451654922318 0.866025403784 -0.500000000000
120.387943540423 -202.635457616972 0.866025403784 0.500000000000
1.910171140998 -319.355420948160 0.866025403784 -0.500000000000
-357.583438785334 75.889084618282 0.866025403784 -0.500000000000
69.990329600597 256.621905685913 0.866025403784 0.500000000000
389.361487254884 160.846035436935 0.866025403784 0.500000000000
176.026112176377 290.229648034370 0.866025403784 -0.500000000000
51.595757317757 -354.024065265179 0.866025403784 0.500000000000
55.782402486654 -99.797039908899 0.000000000000 1.000000000000
