#Configurational_file created 2018-09-14 12:01:13  started 2018-09-14 12:01:13 run for 0.0s steps 0
name: p_932
step: 10000
specie: 20
	particle_diameter: 1.0000000000000000
	interaction_length: 1.2000000000000000
	number_of_patches: 3
	number_of_particles_per_compound: 1
	rod_length: 1.0000000000000000
	interaction_matrix:  1.000000 1.000000 1.000000 1.000000 1.000000 1.000000 1.000000 1.000000 1.000000
	patch_type: symmetric
	patch_width: 8.0000000000000000
	patch_angle: 0.0000000000000000
	angles:  0.000000 0.000000 0.000000
	grand_canonical: 0
	chemical_potential: 0.0000000000000000
box: 51.239999 51.239999
copy: 1.000000 1.000000
epsilon: 0.0250010000000000
end_epsilon: 0.0000000000000000
pressure: 0.0250010000000000
lambda: 0.0000000000000000
lambda_coupling: 1.0000000000000000
uy: 0.0000000000000000
maximum_displacement: 1.0000000000000000
maximum_rotation: 1.0000000000000000
maximum_volume: 1.0000000000000000
maximum_shape: 0.0000001000000000
maximum_dsigma: 0.0100000000000000
mod: 10
pmod: 10
optimize: 1
verbose: 1
snapshot: 0
display: 1
explore: 1
npt: 1
nptxy: 0
nptdxdy: 0
shape: 0
seed: 1062475
11.978458691693 -328.933062231821 0.866025403784 -0.500000000000
-76.615191630413 -70.231671964076 0.866025403784 -0.500000000000
210.345500830072 -67.748441959535 0.000000000000 1.000000000000
-129.701884786040 13.320846555271 0.866025403784 0.500000000000
108.187339487880 84.665153383459 0.866025403784 0.500000000000
646.256541070634 -41.896851097338 0.000000000000 1.000000000000
-116.363553204445 114.961511509085 0.000000000000 1.000000000000
-227.446394679910 235.038022559014 0.866025403784 0.500000000000
-27.681927437865 -106.300173527031 0.000000000000 1.000000000000
293.637579219469 187.869680794478 0.866025403784 0.500000000000
10.741194767421 -61.122420421531 0.866025403784 -0.500000000000
-69.223566630560 143.900386360379 0.000000000000 1.000000000000
164.453012231658 -164.913203168376 0.866025403784 0.500000000000
268.116612520083 -115.844843696956 0.866025403784 -0.500000000000
240.353156009829 -259.960812250607 0.866025403784 -0.500000000000
-140.114504749399 -133.744405591145 0.866025403784 -0.500000000000
-135.594593792786 -47.055640929722 0.866025403784 -0.500000000000
-33.801493961810 -147.276796337262 0.866025403784 0.500000000000
175.488416813389 34.789266354293 0.866025403784 -0.500000000000
-75.056677073441 -250.378955226859 0.866025403784 0.500000000000
