#Configurational_file created 2018-09-14 13:57:01  started 2018-09-14 13:57:00 run for 1.0s steps 0
name: p_935
step: 10000
specie: 20
	particle_diameter: 1.0000000000000000
	interaction_length: 1.2000000000000000
	number_of_patches: 3
	number_of_particles_per_compound: 1
	rod_length: 1.0000000000000000
	interaction_matrix:  1.000000 1.000000 1.000000 1.000000 1.000000 1.000000 1.000000 1.000000 1.000000
	patch_type: symmetric
	patch_width: 8.0000000000000000
	patch_angle: 0.0000000000000000
	angles:  0.000000 0.000000 0.000000
	grand_canonical: 0
	chemical_potential: 0.0000000000000000
box: 43.682578 43.682578
copy: 1.000000 1.000000
epsilon: 0.0689660000000000
end_epsilon: 0.0000000000000000
pressure: 0.0689660000000000
lambda: 0.0000000000000000
lambda_coupling: 1.0000000000000000
uy: 0.0000000000000000
maximum_displacement: 1.0000000000000000
maximum_rotation: 1.0000000000000000
maximum_volume: 1.0000000000000000
maximum_shape: 0.0000001000000000
maximum_dsigma: 0.0100000000000000
mod: 10
pmod: 10
optimize: 1
verbose: 1
snapshot: 0
display: 1
explore: 1
npt: 1
nptxy: 0
nptdxdy: 0
shape: 0
seed: 1065886
-53.492634759393 -20.175187990267 0.866025403784 -0.500000000000
-42.995508604715 145.793498116738 0.866025403784 0.500000000000
121.765469569018 -142.354831361846 0.866025403784 -0.500000000000
114.881553426969 170.217543280603 0.000000000000 1.000000000000
-54.596960879187 -29.907527956163 0.866025403784 0.500000000000
211.432926305825 65.764626998767 0.000000000000 1.000000000000
-133.921021924380 -295.730651776817 0.866025403784 0.500000000000
90.845839837815 0.219871389443 0.000000000000 1.000000000000
154.928936534704 -3.194742808729 0.866025403784 0.500000000000
204.132016119448 85.855107309906 0.866025403784 -0.500000000000
-71.790207574884 144.891583803765 0.866025403784 -0.500000000000
-96.503886850316 -155.839839017532 0.000000000000 1.000000000000
-147.756011031047 -29.133773226153 0.866025403784 0.500000000000
-12.628805139480 164.596963928534 0.866025403784 -0.500000000000
-61.980045507841 118.272509882169 0.000000000000 1.000000000000
279.480006015863 102.515345212726 0.000000000000 1.000000000000
-40.898976783722 165.691236944083 0.866025403784 -0.500000000000
-161.735787620190 88.334140264202 0.866025403784 0.500000000000
-101.903973304677 -39.252939806571 0.000000000000 1.000000000000
44.332701060438 244.627899430064 0.866025403784 -0.500000000000
