#Configurational_file created 2018-09-14 12:01:15  started 2018-09-14 12:01:15 run for 0.0s steps 0
name: p_935
step: 10000
specie: 20
	particle_diameter: 1.0000000000000000
	interaction_length: 1.2000000000000000
	number_of_patches: 3
	number_of_particles_per_compound: 1
	rod_length: 1.0000000000000000
	interaction_matrix:  1.000000 1.000000 1.000000 1.000000 1.000000 1.000000 1.000000 1.000000 1.000000
	patch_type: symmetric
	patch_width: 8.0000000000000000
	patch_angle: 0.0000000000000000
	angles:  0.000000 0.000000 0.000000
	grand_canonical: 0
	chemical_potential: 0.0000000000000000
box: 49.008848 49.008848
copy: 1.000000 1.000000
epsilon: 0.0250010000000000
end_epsilon: 0.0000000000000000
pressure: 0.0375010000000000
lambda: 0.0000000000000000
lambda_coupling: 1.0000000000000000
uy: 0.0000000000000000
maximum_displacement: 1.0000000000000000
maximum_rotation: 1.0000000000000000
maximum_volume: 1.0000000000000000
maximum_shape: 0.0000001000000000
maximum_dsigma: 0.0100000000000000
mod: 10
pmod: 10
optimize: 1
verbose: 1
snapshot: 0
display: 1
explore: 1
npt: 1
nptxy: 0
nptdxdy: 0
shape: 0
seed: 1065886
202.739669351847 -74.000631603352 0.866025403784 -0.500000000000
-30.369648858759 40.995623534452 0.000000000000 1.000000000000
-34.750961325212 -47.104763508689 0.866025403784 0.500000000000
-115.072437087352 129.927503515091 0.866025403784 -0.500000000000
-266.512204715970 -0.325276349961 0.866025403784 -0.500000000000
50.688655507380 415.795897579301 0.000000000000 1.000000000000
-85.486106567492 85.899091998979 0.866025403784 -0.500000000000
-95.454631206532 -66.687128712039 0.866025403784 -0.500000000000
262.655692498913 1.441687812836 0.000000000000 1.000000000000
278.092189378388 15.700969123654 0.000000000000 1.000000000000
-198.646820245537 71.279463272555 0.866025403784 0.500000000000
-33.201485530617 180.434994440258 0.866025403784 0.500000000000
179.024561370846 87.463559479410 0.866025403784 -0.500000000000
186.106158357305 183.963049125240 0.866025403784 -0.500000000000
-149.352595159799 -67.913128555174 0.000000000000 1.000000000000
108.686717711054 190.590682819215 0.866025403784 0.500000000000
223.776688639947 160.087855736034 0.866025403784 0.500000000000
-354.688991252670 65.183173474003 0.866025403784 -0.500000000000
40.751661048099 224.930822422812 0.866025403784 0.500000000000
-304.284785368468 90.168991376049 0.866025403784 -0.500000000000
