#Configurational_file created 2018-09-14 13:57:05  started 2018-09-14 13:57:04 run for 1.0s steps 0
name: p_940
step: 10000
specie: 20
	particle_diameter: 1.0000000000000000
	interaction_length: 1.2000000000000000
	number_of_patches: 3
	number_of_particles_per_compound: 1
	rod_length: 1.0000000000000000
	interaction_matrix:  1.000000 1.000000 1.000000 1.000000 1.000000 1.000000 1.000000 1.000000 1.000000
	patch_type: symmetric
	patch_width: 8.0000000000000000
	patch_angle: 0.0000000000000000
	angles:  0.000000 0.000000 0.000000
	grand_canonical: 0
	chemical_potential: 0.0000000000000000
box: 38.098035 38.098035
copy: 1.000000 1.000000
epsilon: 0.0689660000000000
end_epsilon: 0.0000000000000000
pressure: 0.1551730000000000
lambda: 0.0000000000000000
lambda_coupling: 1.0000000000000000
uy: 0.0000000000000000
maximum_displacement: 1.0000000000000000
maximum_rotation: 1.0000000000000000
maximum_volume: 1.0000000000000000
maximum_shape: 0.0000001000000000
maximum_dsigma: 0.0100000000000000
mod: 10
pmod: 10
optimize: 1
verbose: 1
snapshot: 0
display: 1
explore: 1
npt: 1
nptxy: 0
nptdxdy: 0
shape: 0
seed: 1071571
-36.444525096010 -44.752707545865 0.866025403784 0.500000000000
94.148514859117 199.297200128281 0.000000000000 1.000000000000
-166.501309724433 -142.116795812851 0.000000000000 1.000000000000
-109.109059545201 190.911684451649 0.000000000000 1.000000000000
220.258284013827 19.238002999985 0.866025403784 0.500000000000
201.600302609523 -85.019686073761 0.866025403784 -0.500000000000
-192.970784296670 32.990374713825 0.866025403784 -0.500000000000
425.620588039622 -176.496950573629 0.866025403784 -0.500000000000
82.854730435897 -201.124055134008 0.000000000000 1.000000000000
10.061280579520 -68.352489335179 0.866025403784 0.500000000000
78.932015379155 185.520734175459 0.866025403784 0.500000000000
219.061616177213 -33.148742719561 0.866025403784 -0.500000000000
-52.684886461906 -121.272290269191 0.866025403784 -0.500000000000
52.870204572008 -175.829840139118 0.866025403784 -0.500000000000
173.100626909334 -218.419032280092 0.866025403784 -0.500000000000
-182.127102776256 270.630932469940 0.000000000000 1.000000000000
-12.765635290342 -85.254135484687 0.866025403784 -0.500000000000
174.242231521451 542.736235604154 0.866025403784 -0.500000000000
-108.870960937489 -189.457651109167 0.866025403784 -0.500000000000
-29.204775894800 -10.009367831573 0.866025403784 0.500000000000
