#Configurational_file created 2018-09-14 11:33:46  started 2018-09-14 11:33:45 run for 1.0s steps 0
name: p_946
step: 10000
specie: 20
	particle_diameter: 1.0000000000000000
	interaction_length: 1.2000000000000000
	number_of_patches: 3
	number_of_particles_per_compound: 1
	rod_length: 1.0000000000000000
	interaction_matrix:  1.000000 1.000000 1.000000 1.000000 1.000000 1.000000 1.000000 1.000000 1.000000
	patch_type: symmetric
	patch_width: 8.0000000000000000
	patch_angle: 0.0000000000000000
	angles:  0.000000 0.000000 0.000000
	grand_canonical: 0
	chemical_potential: 0.0000000000000000
box: 8.667609 8.667609
copy: 1.000000 1.000000
epsilon: 0.2500500000000000
end_epsilon: 0.0000000000000000
pressure: 1.6666829999999999
lambda: 0.0000000000000000
lambda_coupling: 1.0000000000000000
uy: 0.0000000000000000
maximum_displacement: 1.0000000000000000
maximum_rotation: 1.0000000000000000
maximum_volume: 1.0000000000000000
maximum_shape: 0.0000001000000000
maximum_dsigma: 0.0100000000000000
mod: 10
pmod: 10
optimize: 1
verbose: 1
snapshot: 0
display: 1
explore: 1
npt: 1
nptxy: 0
nptdxdy: 0
shape: 0
seed: 1078393
-14.721000734106 78.847120410441 0.000000000000 1.000000000000
-19.108854783142 22.885473929879 0.866025403784 0.500000000000
14.591708595471 -65.696394989416 0.866025403784 0.500000000000
-32.580813914768 -53.866136597784 0.866025403784 0.500000000000
7.523216016807 72.409876113480 0.000000000000 1.000000000000
27.936580520995 -48.678545547412 0.000000000000 1.000000000000
116.091094314408 -31.380064930934 0.866025403784 -0.500000000000
-35.482780363850 77.392932595332 0.866025403784 -0.500000000000
38.284843572941 22.073889434250 0.866025403784 -0.500000000000
-24.374526547779 22.622360772394 0.866025403784 -0.500000000000
115.254917536022 27.109434994262 0.866025403784 -0.500000000000
6.826634094634 -6.836598597730 0.866025403784 0.500000000000
-12.142796531593 -11.275932969658 0.000000000000 1.000000000000
175.410308875585 30.778748779351 0.866025403784 0.500000000000
12.468886536918 77.142140474002 0.000000000000 1.000000000000
44.637589237651 19.088084964022 0.866025403784 -0.500000000000
-35.893231677532 30.657627829879 0.000000000000 1.000000000000
37.097757141250 -173.588473918724 0.000000000000 1.000000000000
85.145457418180 -1.809431343155 0.000000000000 1.000000000000
100.086812009476 -6.908679794934 0.866025403784 -0.500000000000
