#Configurational_file created 2018-09-14 12:01:24  started 2018-09-14 12:01:23 run for 1.0s steps 0
name: p_947
step: 10000
specie: 20
	particle_diameter: 1.0000000000000000
	interaction_length: 1.2000000000000000
	number_of_patches: 3
	number_of_particles_per_compound: 1
	rod_length: 1.0000000000000000
	interaction_matrix:  1.000000 1.000000 1.000000 1.000000 1.000000 1.000000 1.000000 1.000000 1.000000
	patch_type: symmetric
	patch_width: 8.0000000000000000
	patch_angle: 0.0000000000000000
	angles:  0.000000 0.000000 0.000000
	grand_canonical: 0
	chemical_potential: 0.0000000000000000
box: 46.104318 46.104318
copy: 1.000000 1.000000
epsilon: 0.0250010000000000
end_epsilon: 0.0000000000000000
pressure: 0.0875000000000000
lambda: 0.0000000000000000
lambda_coupling: 1.0000000000000000
uy: 0.0000000000000000
maximum_displacement: 1.0000000000000000
maximum_rotation: 1.0000000000000000
maximum_volume: 1.0000000000000000
maximum_shape: 0.0000001000000000
maximum_dsigma: 0.0100000000000000
mod: 10
pmod: 10
optimize: 1
verbose: 1
snapshot: 0
display: 1
explore: 1
npt: 1
nptxy: 0
nptdxdy: 0
shape: 0
seed: 1079530
123.061615926261 -73.354938868871 0.866025403784 -0.500000000000
-109.980310177503 -19.402916724484 0.866025403784 -0.500000000000
264.686967761783 -83.591561938668 0.000000000000 1.000000000000
-118.452658200627 -240.684778951728 0.866025403784 0.500000000000
-86.700834796921 -105.613830453540 0.866025403784 0.500000000000
-160.212128688334 188.315117830879 0.866025403784 -0.500000000000
-3.066959357398 -61.801602606606 0.000000000000 1.000000000000
126.086356881763 -57.148059566239 0.866025403784 -0.500000000000
4.811161759950 -88.824037348812 0.866025403784 0.500000000000
33.002101932721 -119.746915035064 0.866025403784 -0.500000000000
-13.556017476748 -41.229607046788 0.866025403784 0.500000000000
-9.871155303732 -374.790353882677 0.866025403784 0.500000000000
21.089575712018 56.167487303728 0.000000000000 1.000000000000
-25.692132692873 -92.979355800575 0.866025403784 -0.500000000000
-26.191838090316 25.639295336055 0.866025403784 -0.500000000000
-108.885031657191 47.798923050307 0.000000000000 1.000000000000
-216.680125210828 192.168246918997 0.866025403784 0.500000000000
156.140213237160 -106.748009024505 0.000000000000 1.000000000000
-56.234428038525 158.290929925008 0.000000000000 1.000000000000
-168.043724452019 -116.942927318629 0.866025403784 -0.500000000000
