#Configurational_file created 2018-09-14 12:01:25  started 2018-09-14 12:01:24 run for 1.0s steps 0
name: p_948
step: 10000
specie: 20
	particle_diameter: 1.0000000000000000
	interaction_length: 1.2000000000000000
	number_of_patches: 3
	number_of_particles_per_compound: 1
	rod_length: 1.0000000000000000
	interaction_matrix:  1.000000 1.000000 1.000000 1.000000 1.000000 1.000000 1.000000 1.000000 1.000000
	patch_type: symmetric
	patch_width: 8.0000000000000000
	patch_angle: 0.0000000000000000
	angles:  0.000000 0.000000 0.000000
	grand_canonical: 0
	chemical_potential: 0.0000000000000000
box: 45.520051 45.520051
copy: 1.000000 1.000000
epsilon: 0.0250010000000000
end_epsilon: 0.0000000000000000
pressure: 0.0916670000000000
lambda: 0.0000000000000000
lambda_coupling: 1.0000000000000000
uy: 0.0000000000000000
maximum_displacement: 1.0000000000000000
maximum_rotation: 1.0000000000000000
maximum_volume: 1.0000000000000000
maximum_shape: 0.0000001000000000
maximum_dsigma: 0.0100000000000000
mod: 10
pmod: 10
optimize: 1
verbose: 1
snapshot: 0
display: 1
explore: 1
npt: 1
nptxy: 0
nptdxdy: 0
shape: 0
seed: 1080667
-43.403158760880 161.105412493771 0.866025403784 -0.500000000000
16.731341024482 316.383633624256 0.866025403784 -0.500000000000
101.996200362973 68.144808447126 0.000000000000 1.000000000000
-318.445444714619 68.649521234711 0.000000000000 1.000000000000
-112.752547474238 36.761690758608 0.000000000000 1.000000000000
152.519917846134 63.012955049522 0.866025403784 0.500000000000
-73.913833317357 214.477817328056 0.000000000000 1.000000000000
30.666309063047 -32.804809581474 0.000000000000 1.000000000000
-256.489424488978 30.781690993024 0.866025403784 0.500000000000
-127.297804636718 66.196010167433 0.000000000000 1.000000000000
61.883068735182 241.218319722553 0.866025403784 0.500000000000
-36.443825403764 68.673069255703 0.000000000000 1.000000000000
-63.114134811461 104.072195961547 0.866025403784 0.500000000000
-235.049565847027 -27.074314206862 0.866025403784 0.500000000000
-9.621450072325 131.759960919355 0.866025403784 0.500000000000
209.324059180959 -81.987655769684 0.866025403784 -0.500000000000
60.280756010207 173.404162789848 0.866025403784 -0.500000000000
162.309885592681 -295.282587452338 0.866025403784 -0.500000000000
23.573865137108 104.147937663395 0.866025403784 0.500000000000
-46.163221415153 10.859762338937 0.000000000000 1.000000000000
