#Configurational_file created 2018-09-14 12:01:26  started 2018-09-14 12:01:25 run for 1.0s steps 0
name: p_949
step: 10000
specie: 20
	particle_diameter: 1.0000000000000000
	interaction_length: 1.2000000000000000
	number_of_patches: 3
	number_of_particles_per_compound: 1
	rod_length: 1.0000000000000000
	interaction_matrix:  1.000000 1.000000 1.000000 1.000000 1.000000 1.000000 1.000000 1.000000 1.000000
	patch_type: symmetric
	patch_width: 8.0000000000000000
	patch_angle: 0.0000000000000000
	angles:  0.000000 0.000000 0.000000
	grand_canonical: 0
	chemical_potential: 0.0000000000000000
box: 41.721442 41.721442
copy: 1.000000 1.000000
epsilon: 0.0250010000000000
end_epsilon: 0.0000000000000000
pressure: 0.0958330000000000
lambda: 0.0000000000000000
lambda_coupling: 1.0000000000000000
uy: 0.0000000000000000
maximum_displacement: 1.0000000000000000
maximum_rotation: 1.0000000000000000
maximum_volume: 1.0000000000000000
maximum_shape: 0.0000001000000000
maximum_dsigma: 0.0100000000000000
mod: 10
pmod: 10
optimize: 1
verbose: 1
snapshot: 0
display: 1
explore: 1
npt: 1
nptxy: 0
nptdxdy: 0
shape: 0
seed: 1081804
-174.826764997330 -20.280282340565 0.866025403784 0.500000000000
-10.551979572583 -129.092572804983 0.000000000000 1.000000000000
-33.700890194172 379.434462231041 0.866025403784 0.500000000000
89.319029571580 -106.775415976985 0.866025403784 -0.500000000000
-86.717416217175 -51.841863209125 0.866025403784 0.500000000000
93.046950428703 -87.363413744646 0.866025403784 0.500000000000
132.950876466495 256.239942785050 0.866025403784 -0.500000000000
-26.460077251724 127.242229763619 0.000000000000 1.000000000000
-13.381238847298 -62.327338822911 0.866025403784 -0.500000000000
-115.302808491920 159.654671953185 0.000000000000 1.000000000000
184.045134865160 -14.798760030247 0.866025403784 -0.500000000000
119.979265555060 179.863280624338 0.866025403784 -0.500000000000
-29.801562674015 25.364697362590 0.866025403784 0.500000000000
53.962936820835 -187.538176124675 0.000000000000 1.000000000000
50.598388063234 -103.621326349331 0.866025403784 0.500000000000
-318.725163488895 -195.562271187675 0.866025403784 0.500000000000
70.704551989002 42.831621236770 0.000000000000 1.000000000000
14.620302297703 163.337942784071 0.000000000000 1.000000000000
43.396046196296 -222.293010980431 0.866025403784 -0.500000000000
6.244814368478 -179.071406160553 0.866025403784 0.500000000000
