#Configurational_file created 2018-09-14 11:33:44  started 2018-09-14 11:33:43 run for 1.0s steps 0
name: p_944
step: 10000
specie: 20
	particle_diameter: 1.0000000000000000
	interaction_length: 1.2000000000000000
	number_of_patches: 3
	number_of_particles_per_compound: 1
	rod_length: 1.0000000000000000
	interaction_matrix:  1.000000 1.000000 1.000000 1.000000 1.000000 1.000000 1.000000 1.000000 1.000000
	patch_type: symmetric
	patch_width: 8.0000000000000000
	patch_angle: 0.0000000000000000
	angles:  0.000000 0.000000 0.000000
	grand_canonical: 0
	chemical_potential: 0.0000000000000000
box: 9.115271 9.115271
copy: 1.000000 1.000000
epsilon: 0.2500500000000000
end_epsilon: 0.0000000000000000
pressure: 1.5000249999999999
lambda: 0.0000000000000000
lambda_coupling: 1.0000000000000000
uy: 0.0000000000000000
maximum_displacement: 1.0000000000000000
maximum_rotation: 1.0000000000000000
maximum_volume: 1.0000000000000000
maximum_shape: 0.0000001000000000
maximum_dsigma: 0.0100000000000000
mod: 10
pmod: 10
optimize: 1
verbose: 1
snapshot: 0
display: 1
explore: 1
npt: 1
nptxy: 0
nptdxdy: 0
shape: 0
seed: 1076119
-111.020704018258 154.619528233210 0.866025403784 -0.500000000000
-11.887575233080 101.886449574813 0.000000000000 1.000000000000
28.406953780756 26.832100737956 0.866025403784 -0.500000000000
-96.955870916192 87.862356786984 0.000000000000 1.000000000000
33.795020083633 -55.529317109365 0.866025403784 -0.500000000000
-67.080275493387 -5.548622190412 0.000000000000 1.000000000000
62.591546046000 19.738749173918 0.866025403784 -0.500000000000
49.207863580095 -60.119361167394 0.866025403784 0.500000000000
-45.043778271595 113.605736091241 0.866025403784 -0.500000000000
0.705083788452 106.109183384109 0.000000000000 1.000000000000
11.399768481281 -19.582352747096 0.866025403784 -0.500000000000
47.651058905387 -88.707193262355 0.000000000000 1.000000000000
-80.172484072594 12.626635958999 0.000000000000 1.000000000000
-1.171034714529 -3.247396524490 0.000000000000 1.000000000000
-31.560895462003 87.401767891784 0.000000000000 1.000000000000
-57.297432465351 80.005556609226 0.866025403784 0.500000000000
-25.667436122600 -136.212744119845 0.866025403784 -0.500000000000
-114.479072654139 9.269806931580 0.000000000000 1.000000000000
17.433546675316 -11.426331825696 0.000000000000 1.000000000000
-4.555466247807 -83.189169122210 0.866025403784 0.500000000000
