#Configurational_file created 2018-09-14 12:01:23  started 2018-09-14 12:01:22 run for 1.0s steps 0
name: p_945
step: 10000
specie: 20
	particle_diameter: 1.0000000000000000
	interaction_length: 1.2000000000000000
	number_of_patches: 3
	number_of_particles_per_compound: 1
	rod_length: 1.0000000000000000
	interaction_matrix:  1.000000 1.000000 1.000000 1.000000 1.000000 1.000000 1.000000 1.000000 1.000000
	patch_type: symmetric
	patch_width: 8.0000000000000000
	patch_angle: 0.0000000000000000
	angles:  0.000000 0.000000 0.000000
	grand_canonical: 0
	chemical_potential: 0.0000000000000000
box: 48.796628 48.796628
copy: 1.000000 1.000000
epsilon: 0.0250010000000000
end_epsilon: 0.0000000000000000
pressure: 0.0791670000000000
lambda: 0.0000000000000000
lambda_coupling: 1.0000000000000000
uy: 0.0000000000000000
maximum_displacement: 1.0000000000000000
maximum_rotation: 1.0000000000000000
maximum_volume: 1.0000000000000000
maximum_shape: 0.0000001000000000
maximum_dsigma: 0.0100000000000000
mod: 10
pmod: 10
optimize: 1
verbose: 1
snapshot: 0
display: 1
explore: 1
npt: 1
nptxy: 0
nptdxdy: 0
shape: 0
seed: 1077256
0.127074220887 -62.776397559790 0.866025403784 -0.500000000000
127.128438283322 231.759424828598 0.000000000000 1.000000000000
-118.007360156170 -79.302711589346 0.000000000000 1.000000000000
179.717249617752 -133.849044459476 0.866025403784 0.500000000000
69.036178824475 -76.332393719737 0.000000000000 1.000000000000
132.757869247808 216.756494600674 0.866025403784 0.500000000000
41.168461552972 49.854796444453 0.866025403784 -0.500000000000
121.910587346076 -87.108164404126 0.866025403784 -0.500000000000
239.830336976229 348.566428039730 0.866025403784 0.500000000000
-262.669798551669 -216.359286988763 0.000000000000 1.000000000000
-71.894267341356 18.472627050767 0.866025403784 -0.500000000000
-259.364315275081 89.321626047621 0.000000000000 1.000000000000
137.351386388848 146.523765133605 0.866025403784 0.500000000000
-258.747463908241 229.795847581500 0.866025403784 0.500000000000
-57.379029880934 68.613813800756 0.866025403784 -0.500000000000
297.521412658288 203.171310324918 0.866025403784 -0.500000000000
86.858964345215 -192.293048303232 0.000000000000 1.000000000000
-389.898151989557 12.199055003974 0.866025403784 -0.500000000000
-137.369900077902 67.790872778561 0.866025403784 -0.500000000000
-205.271729406773 -41.924500821647 0.866025403784 0.500000000000
