#Configurational_file created 2018-09-14 11:33:45  started 2018-09-14 11:33:44 run for 1.0s steps 0
name: p_945
step: 10000
specie: 20
	particle_diameter: 1.0000000000000000
	interaction_length: 1.2000000000000000
	number_of_patches: 3
	number_of_particles_per_compound: 1
	rod_length: 1.0000000000000000
	interaction_matrix:  1.000000 1.000000 1.000000 1.000000 1.000000 1.000000 1.000000 1.000000 1.000000
	patch_type: symmetric
	patch_width: 8.0000000000000000
	patch_angle: 0.0000000000000000
	angles:  0.000000 0.000000 0.000000
	grand_canonical: 0
	chemical_potential: 0.0000000000000000
box: 8.493348 8.493348
copy: 1.000000 1.000000
epsilon: 0.2500500000000000
end_epsilon: 0.0000000000000000
pressure: 1.5833539999999999
lambda: 0.0000000000000000
lambda_coupling: 1.0000000000000000
uy: 0.0000000000000000
maximum_displacement: 1.0000000000000000
maximum_rotation: 1.0000000000000000
maximum_volume: 1.0000000000000000
maximum_shape: 0.0000001000000000
maximum_dsigma: 0.0100000000000000
mod: 10
pmod: 10
optimize: 1
verbose: 1
snapshot: 0
display: 1
explore: 1
npt: 1
nptxy: 0
nptdxdy: 0
shape: 0
seed: 1077256
44.535744805979 45.561306727013 0.000000000000 1.000000000000
12.540483316859 73.203322287068 0.000000000000 1.000000000000
-51.569696004384 -90.001053145115 0.866025403784 0.500000000000
88.950651068441 -49.406698749560 0.000000000000 1.000000000000
198.451924307521 -19.003097624851 0.866025403784 -0.500000000000
10.100721578526 -26.782835255012 0.866025403784 -0.500000000000
85.242401641639 -28.738738009473 0.866025403784 0.500000000000
66.971904246930 -94.840128539320 0.000000000000 1.000000000000
65.930256602036 -31.655472237773 0.866025403784 -0.500000000000
-47.674015874472 -54.606562484352 0.866025403784 0.500000000000
-143.685538107375 -47.167189151556 0.866025403784 -0.500000000000
28.506912390216 -41.230921945501 0.866025403784 -0.500000000000
12.061069411024 28.843792912789 0.000000000000 1.000000000000
-45.141764625524 -2.615150743319 0.866025403784 0.500000000000
5.217882162290 95.186455881699 0.000000000000 1.000000000000
125.721419761830 72.562723664303 0.866025403784 -0.500000000000
82.257320328558 110.192378649548 0.866025403784 -0.500000000000
46.228265093642 -59.768340593523 0.000000000000 1.000000000000
13.875056497841 66.609459864778 0.866025403784 -0.500000000000
-22.213039273236 122.230482249565 0.866025403784 -0.500000000000
