#Configurational_file created 2018-09-14 11:33:48  started 2018-09-14 11:33:48 run for 0.0s steps 0
name: p_949
step: 10000
specie: 20
	particle_diameter: 1.0000000000000000
	interaction_length: 1.2000000000000000
	number_of_patches: 3
	number_of_particles_per_compound: 1
	rod_length: 1.0000000000000000
	interaction_matrix:  1.000000 1.000000 1.000000 1.000000 1.000000 1.000000 1.000000 1.000000 1.000000
	patch_type: symmetric
	patch_width: 8.0000000000000000
	patch_angle: 0.0000000000000000
	angles:  0.000000 0.000000 0.000000
	grand_canonical: 0
	chemical_potential: 0.0000000000000000
box: 7.890934 7.890934
copy: 1.000000 1.000000
epsilon: 0.2500500000000000
end_epsilon: 0.0000000000000000
pressure: 1.9166710000000000
lambda: 0.0000000000000000
lambda_coupling: 1.0000000000000000
uy: 0.0000000000000000
maximum_displacement: 1.0000000000000000
maximum_rotation: 1.0000000000000000
maximum_volume: 0.7678940687031154
maximum_shape: 0.0000001000000000
maximum_dsigma: 0.0100000000000000
mod: 10
pmod: 10
optimize: 1
verbose: 1
snapshot: 0
display: 1
explore: 1
npt: 1
nptxy: 0
nptdxdy: 0
shape: 0
seed: 1081804
-41.427023575596 124.420272491334 0.000000000000 1.000000000000
45.466660569661 96.370066377294 0.866025403784 -0.500000000000
-8.521030786634 -38.519120591047 0.866025403784 -0.500000000000
76.037251782074 -35.523736109829 0.000000000000 1.000000000000
56.108288020637 -72.051634728460 0.866025403784 -0.500000000000
-121.360658472662 36.637062160051 0.000000000000 1.000000000000
24.274701185051 60.484946258986 0.866025403784 -0.500000000000
-76.043941987432 23.056585437714 0.866025403784 0.500000000000
-145.648351623636 21.106357424904 0.866025403784 -0.500000000000
-28.177870495540 14.212978723803 0.866025403784 0.500000000000
19.284306274787 136.180810417769 0.866025403784 -0.500000000000
23.628971241843 83.349546654849 0.866025403784 0.500000000000
90.942535845176 -38.697950963850 0.866025403784 -0.500000000000
-36.576249115801 -19.726613315620 0.866025403784 0.500000000000
-88.180564704225 75.832679265815 0.866025403784 0.500000000000
29.136787885919 -33.432059239054 0.866025403784 -0.500000000000
3.359943691041 -18.739710796094 0.866025403784 0.500000000000
32.930735650278 -68.955205801257 0.000000000000 1.000000000000
-63.897018094705 -9.071558045447 0.000000000000 1.000000000000
-77.919408922787 105.561619797951 0.866025403784 -0.500000000000
