#Configurational_file created 2018-09-14 13:57:11  started 2018-09-14 13:57:10 run for 1.0s steps 0
name: p_949
step: 10000
specie: 20
	particle_diameter: 1.0000000000000000
	interaction_length: 1.2000000000000000
	number_of_patches: 3
	number_of_particles_per_compound: 1
	rod_length: 1.0000000000000000
	interaction_matrix:  1.000000 1.000000 1.000000 1.000000 1.000000 1.000000 1.000000 1.000000 1.000000
	patch_type: symmetric
	patch_width: 8.0000000000000000
	patch_angle: 0.0000000000000000
	angles:  0.000000 0.000000 0.000000
	grand_canonical: 0
	chemical_potential: 0.0000000000000000
box: 33.551325 33.551325
copy: 1.000000 1.000000
epsilon: 0.0689660000000000
end_epsilon: 0.0000000000000000
pressure: 0.3103450000000000
lambda: 0.0000000000000000
lambda_coupling: 1.0000000000000000
uy: 0.0000000000000000
maximum_displacement: 1.0000000000000000
maximum_rotation: 1.0000000000000000
maximum_volume: 1.0000000000000000
maximum_shape: 0.0000001000000000
maximum_dsigma: 0.0100000000000000
mod: 10
pmod: 10
optimize: 1
verbose: 1
snapshot: 0
display: 1
explore: 1
npt: 1
nptxy: 0
nptdxdy: 0
shape: 0
seed: 1081804
-204.164525377729 78.970969674036 0.000000000000 1.000000000000
28.234808474760 -16.114300827350 0.000000000000 1.000000000000
343.473238404089 238.076213118723 0.000000000000 1.000000000000
-178.100412958124 -3.490791950544 0.866025403784 -0.500000000000
-38.136294640297 -336.160038672868 0.866025403784 -0.500000000000
11.883305968526 172.085038915705 0.000000000000 1.000000000000
106.452743673436 -15.040968826936 0.000000000000 1.000000000000
24.568270351187 -133.662832559773 0.000000000000 1.000000000000
52.594547609675 26.555851736886 0.000000000000 1.000000000000
123.543830456474 15.571697217210 0.866025403784 -0.500000000000
100.194638849657 24.293477984795 0.866025403784 -0.500000000000
65.511613588213 103.925678462968 0.866025403784 -0.500000000000
143.878776289738 79.211929767167 0.866025403784 -0.500000000000
138.604716717523 77.328511672997 0.000000000000 1.000000000000
73.807155544214 -1.418550327143 0.000000000000 1.000000000000
85.033800639156 -82.523111507557 0.000000000000 1.000000000000
-133.368530247394 -124.217449476067 0.000000000000 1.000000000000
72.532663230305 -52.655718162996 0.866025403784 0.500000000000
150.210260711604 -114.132409042157 0.000000000000 1.000000000000
179.234514473411 -143.666382041493 0.866025403784 0.500000000000
