#Configurational_file created 2018-09-14 12:20:33  started 2018-09-14 12:20:32 run for 1.0s steps 0
name: p_94
step: 10000
specie: 20
	particle_diameter: 1.0000000000000000
	interaction_length: 1.2000000000000000
	number_of_patches: 3
	number_of_particles_per_compound: 1
	rod_length: 1.0000000000000000
	interaction_matrix:  1.000000 1.000000 1.000000 1.000000 1.000000 1.000000 1.000000 1.000000 1.000000
	patch_type: symmetric
	patch_width: 8.0000000000000000
	patch_angle: 0.0000000000000000
	angles:  0.000000 0.000000 0.000000
	grand_canonical: 0
	chemical_potential: 0.0000000000000000
box: 11.622197 11.622197
copy: 1.000000 1.000000
epsilon: 1.7500000000000000
end_epsilon: 0.0000000000000000
pressure: 0.1000000000000000
lambda: 0.0000000000000000
lambda_coupling: 1.0000000000000000
uy: 0.0000000000000000
maximum_displacement: 1.0000000000000000
maximum_rotation: 1.0000000000000000
maximum_volume: 1.0000000000000000
maximum_shape: 0.0000001000000000
maximum_dsigma: 0.0100000000000000
mod: 10
pmod: 10
optimize: 1
verbose: 1
snapshot: 0
display: 1
explore: 1
npt: 1
nptxy: 0
nptdxdy: 0
shape: 0
seed: 109669
-66.140015439912 123.322007993934 0.000000000000 1.000000000000
134.896341031482 -11.855165748763 0.866025403784 0.500000000000
1.776507227834 22.390609855749 0.000000000000 1.000000000000
-5.100239184442 47.976738982366 0.866025403784 -0.500000000000
-65.371892980604 154.219077852673 0.866025403784 0.500000000000
154.477008187001 128.969352750475 0.866025403784 0.500000000000
-60.388815280550 -29.233817250278 0.000000000000 1.000000000000
18.793123189000 -50.226705095481 0.000000000000 1.000000000000
93.195478082977 -72.040024847896 0.000000000000 1.000000000000
-20.056917684765 56.556647750887 0.866025403784 0.500000000000
129.189321732150 -25.327030648356 0.000000000000 1.000000000000
31.918756701485 91.595220235807 0.866025403784 -0.500000000000
-1.207626058615 -108.260779000961 0.866025403784 0.500000000000
109.734315402590 -61.876314503141 0.866025403784 0.500000000000
120.815722955556 -28.944966057106 0.866025403784 0.500000000000
59.169024517762 185.941956645584 0.866025403784 0.500000000000
-89.035900275425 -72.688311135163 0.866025403784 -0.500000000000
-48.721268514025 9.421440694100 0.866025403784 -0.500000000000
-49.313959571258 26.778146434274 0.000000000000 1.000000000000
52.532207704652 100.999736462112 0.866025403784 -0.500000000000
