#Configurational_file created 2018-09-14 13:57:09  started 2018-09-14 13:57:09 run for 0.0s steps 0
name: p_947
step: 10000
specie: 20
	particle_diameter: 1.0000000000000000
	interaction_length: 1.2000000000000000
	number_of_patches: 3
	number_of_particles_per_compound: 1
	rod_length: 1.0000000000000000
	interaction_matrix:  1.000000 1.000000 1.000000 1.000000 1.000000 1.000000 1.000000 1.000000 1.000000
	patch_type: symmetric
	patch_width: 8.0000000000000000
	patch_angle: 0.0000000000000000
	angles:  0.000000 0.000000 0.000000
	grand_canonical: 0
	chemical_potential: 0.0000000000000000
box: 31.870628 31.870628
copy: 1.000000 1.000000
epsilon: 0.0689660000000000
end_epsilon: 0.0000000000000000
pressure: 0.2758630000000000
lambda: 0.0000000000000000
lambda_coupling: 1.0000000000000000
uy: 0.0000000000000000
maximum_displacement: 1.0000000000000000
maximum_rotation: 1.0000000000000000
maximum_volume: 1.0000000000000000
maximum_shape: 0.0000001000000000
maximum_dsigma: 0.0100000000000000
mod: 10
pmod: 10
optimize: 1
verbose: 1
snapshot: 0
display: 1
explore: 1
npt: 1
nptxy: 0
nptdxdy: 0
shape: 0
seed: 1079530
298.633133137536 17.972720577264 0.866025403784 0.500000000000
-40.228440456084 -225.989573695815 0.866025403784 0.500000000000
-41.606188452558 115.604843693089 0.866025403784 0.500000000000
22.696431024405 40.336718132203 0.866025403784 -0.500000000000
68.765310554867 -89.581631794639 0.866025403784 -0.500000000000
-16.458291646946 -207.617747923948 0.000000000000 1.000000000000
110.755734869929 -135.432618580498 0.000000000000 1.000000000000
-165.431050868509 -104.381419987428 0.866025403784 -0.500000000000
-138.649009724011 70.181237088405 0.866025403784 -0.500000000000
-164.742683450945 140.731338485334 0.866025403784 -0.500000000000
128.243237321109 -134.043072998253 0.866025403784 0.500000000000
-97.766542660955 -29.153135260337 0.866025403784 -0.500000000000
32.146001417279 101.222431801116 0.866025403784 0.500000000000
197.913076288083 -86.297410730297 0.000000000000 1.000000000000
110.447013099574 34.828209719898 0.866025403784 -0.500000000000
-103.402336551711 73.959748338757 0.866025403784 0.500000000000
-88.402137125235 -32.806985731856 0.000000000000 1.000000000000
206.517128244489 -256.636974759278 0.866025403784 0.500000000000
-37.766013055504 73.288693225895 0.866025403784 0.500000000000
-42.627502780087 118.245105108259 0.866025403784 -0.500000000000
