#Configurational_file created 2018-09-14 13:57:08  started 2018-09-14 13:57:07 run for 1.0s steps 0
name: p_945
step: 10000
specie: 20
	particle_diameter: 1.0000000000000000
	interaction_length: 1.2000000000000000
	number_of_patches: 3
	number_of_particles_per_compound: 1
	rod_length: 1.0000000000000000
	interaction_matrix:  1.000000 1.000000 1.000000 1.000000 1.000000 1.000000 1.000000 1.000000 1.000000
	patch_type: symmetric
	patch_width: 8.0000000000000000
	patch_angle: 0.0000000000000000
	angles:  0.000000 0.000000 0.000000
	grand_canonical: 0
	chemical_potential: 0.0000000000000000
box: 37.764599 37.764599
copy: 1.000000 1.000000
epsilon: 0.0689660000000000
end_epsilon: 0.0000000000000000
pressure: 0.2413800000000000
lambda: 0.0000000000000000
lambda_coupling: 1.0000000000000000
uy: 0.0000000000000000
maximum_displacement: 1.0000000000000000
maximum_rotation: 1.0000000000000000
maximum_volume: 1.0000000000000000
maximum_shape: 0.0000001000000000
maximum_dsigma: 0.0100000000000000
mod: 10
pmod: 10
optimize: 1
verbose: 1
snapshot: 0
display: 1
explore: 1
npt: 1
nptxy: 0
nptdxdy: 0
shape: 0
seed: 1077256
85.620907687551 -103.039597348015 0.866025403784 0.500000000000
296.963821840545 169.483409481767 0.866025403784 0.500000000000
68.815411454804 -180.953106796026 0.866025403784 -0.500000000000
-148.217754807682 -42.097055780436 0.866025403784 0.500000000000
54.443435079291 164.269888417531 0.866025403784 -0.500000000000
-182.946562069407 -11.993120294685 0.866025403784 -0.500000000000
-189.733804868919 -119.180675163864 0.866025403784 0.500000000000
385.360531376621 -30.234962546831 0.866025403784 -0.500000000000
6.001336378631 284.281671814968 0.866025403784 -0.500000000000
-102.977006369137 80.880577714070 0.000000000000 1.000000000000
-57.347058025424 118.239246236388 0.866025403784 -0.500000000000
-210.029937123311 135.433231018737 0.000000000000 1.000000000000
4.519854144182 -48.248553966294 0.866025403784 -0.500000000000
129.134394564775 -8.534714518894 0.866025403784 0.500000000000
-100.588270740566 -33.784332409311 0.000000000000 1.000000000000
290.602124967643 124.570651545557 0.866025403784 -0.500000000000
139.823306541465 -85.330691344449 0.866025403784 0.500000000000
-103.309372737807 17.157350167288 0.000000000000 1.000000000000
-79.744040179048 71.832273518299 0.866025403784 0.500000000000
-115.577069830808 -40.567359122574 0.000000000000 1.000000000000
