#Configurational_file created 2018-09-14 11:33:41  started 2018-09-14 11:33:40 run for 1.0s steps 0
name: p_941
step: 10000
specie: 20
	particle_diameter: 1.0000000000000000
	interaction_length: 1.2000000000000000
	number_of_patches: 3
	number_of_particles_per_compound: 1
	rod_length: 1.0000000000000000
	interaction_matrix:  1.000000 1.000000 1.000000 1.000000 1.000000 1.000000 1.000000 1.000000 1.000000
	patch_type: symmetric
	patch_width: 8.0000000000000000
	patch_angle: 0.0000000000000000
	angles:  0.000000 0.000000 0.000000
	grand_canonical: 0
	chemical_potential: 0.0000000000000000
box: 8.452814 8.452814
copy: 1.000000 1.000000
epsilon: 0.2500500000000000
end_epsilon: 0.0000000000000000
pressure: 1.2500370000000001
lambda: 0.0000000000000000
lambda_coupling: 1.0000000000000000
uy: 0.0000000000000000
maximum_displacement: 1.0000000000000000
maximum_rotation: 1.0000000000000000
maximum_volume: 1.0000000000000000
maximum_shape: 0.0000001000000000
maximum_dsigma: 0.0100000000000000
mod: 10
pmod: 10
optimize: 1
verbose: 1
snapshot: 0
display: 1
explore: 1
npt: 1
nptxy: 0
nptdxdy: 0
shape: 0
seed: 1072708
55.601339617991 -76.856210142512 0.866025403784 -0.500000000000
-107.059864924245 -17.320198455375 0.866025403784 0.500000000000
-41.412463690912 100.973431980916 0.000000000000 1.000000000000
30.902245137767 -98.254111499764 0.866025403784 0.500000000000
-46.144835038779 4.473359458420 0.866025403784 0.500000000000
87.169364326745 -13.119975944620 0.866025403784 -0.500000000000
-32.109626678275 -55.231154970327 0.866025403784 0.500000000000
-40.859939355021 -124.339655261245 0.866025403784 -0.500000000000
-81.851876314569 70.642485688625 0.000000000000 1.000000000000
-49.980430082968 26.168381555186 0.000000000000 1.000000000000
61.437216486313 76.567677473134 0.866025403784 0.500000000000
42.322787844721 -80.965642594504 0.866025403784 0.500000000000
-97.139249889009 18.274711173368 0.866025403784 -0.500000000000
-64.023111053119 33.739000753797 0.866025403784 -0.500000000000
58.461291332602 -0.494770254010 0.000000000000 1.000000000000
33.336498519537 25.517421081477 0.866025403784 -0.500000000000
-35.169959586305 18.701595309483 0.866025403784 -0.500000000000
64.483589628775 -71.497991473534 0.000000000000 1.000000000000
57.696645944840 -18.867457119818 0.000000000000 1.000000000000
66.164718780244 32.611283481862 0.866025403784 0.500000000000
