#Configurational_file created 2018-09-14 13:57:10  started 2018-09-14 13:57:09 run for 1.0s steps 0
name: p_948
step: 10000
specie: 20
	particle_diameter: 1.0000000000000000
	interaction_length: 1.2000000000000000
	number_of_patches: 3
	number_of_particles_per_compound: 1
	rod_length: 1.0000000000000000
	interaction_matrix:  1.000000 1.000000 1.000000 1.000000 1.000000 1.000000 1.000000 1.000000 1.000000
	patch_type: symmetric
	patch_width: 8.0000000000000000
	patch_angle: 0.0000000000000000
	angles:  0.000000 0.000000 0.000000
	grand_canonical: 0
	chemical_potential: 0.0000000000000000
box: 30.981156 30.981156
copy: 1.000000 1.000000
epsilon: 0.0689660000000000
end_epsilon: 0.0000000000000000
pressure: 0.2931040000000000
lambda: 0.0000000000000000
lambda_coupling: 1.0000000000000000
uy: 0.0000000000000000
maximum_displacement: 1.0000000000000000
maximum_rotation: 1.0000000000000000
maximum_volume: 1.0000000000000000
maximum_shape: 0.0000001000000000
maximum_dsigma: 0.0100000000000000
mod: 10
pmod: 10
optimize: 1
verbose: 1
snapshot: 0
display: 1
explore: 1
npt: 1
nptxy: 0
nptdxdy: 0
shape: 0
seed: 1080667
245.382612583304 -158.636862617171 0.866025403784 0.500000000000
35.313044402099 55.421749562994 0.866025403784 -0.500000000000
-5.900760280129 0.571485539648 0.000000000000 1.000000000000
-46.196900127838 -219.843129314072 0.866025403784 -0.500000000000
192.679747000531 -104.315558643542 0.000000000000 1.000000000000
-25.373228991078 134.771689394315 0.866025403784 0.500000000000
190.561478999551 -93.234703235418 0.000000000000 1.000000000000
199.090620987139 -173.918999667113 0.866025403784 0.500000000000
75.731871626284 -137.320742688627 0.866025403784 -0.500000000000
19.682504637222 -22.222665708685 0.866025403784 0.500000000000
-62.017169352737 -33.251922541186 0.866025403784 0.500000000000
-116.565930565061 18.564659340622 0.000000000000 1.000000000000
-76.790944205084 37.334688589617 0.866025403784 0.500000000000
-126.615632573567 126.147193432990 0.866025403784 -0.500000000000
17.966192810129 1.249150657063 0.866025403784 0.500000000000
-1.968969753667 42.195448684670 0.000000000000 1.000000000000
124.339570652194 -0.794360093111 0.000000000000 1.000000000000
-81.799035291364 -161.677013330794 0.866025403784 0.500000000000
-25.264573851942 47.073637314660 0.000000000000 1.000000000000
-26.665165757193 104.239680432290 0.866025403784 -0.500000000000
