#Configurational_file created 2018-09-14 13:57:07  started 2018-09-14 13:57:07 run for 0.0s steps 0
name: p_944
step: 10000
specie: 20
	particle_diameter: 1.0000000000000000
	interaction_length: 1.2000000000000000
	number_of_patches: 3
	number_of_particles_per_compound: 1
	rod_length: 1.0000000000000000
	interaction_matrix:  1.000000 1.000000 1.000000 1.000000 1.000000 1.000000 1.000000 1.000000 1.000000
	patch_type: symmetric
	patch_width: 8.0000000000000000
	patch_angle: 0.0000000000000000
	angles:  0.000000 0.000000 0.000000
	grand_canonical: 0
	chemical_potential: 0.0000000000000000
box: 35.855805 35.855805
copy: 1.000000 1.000000
epsilon: 0.0689660000000000
end_epsilon: 0.0000000000000000
pressure: 0.2241380000000000
lambda: 0.0000000000000000
lambda_coupling: 1.0000000000000000
uy: 0.0000000000000000
maximum_displacement: 1.0000000000000000
maximum_rotation: 1.0000000000000000
maximum_volume: 1.0000000000000000
maximum_shape: 0.0000001000000000
maximum_dsigma: 0.0100000000000000
mod: 10
pmod: 10
optimize: 1
verbose: 1
snapshot: 0
display: 1
explore: 1
npt: 1
nptxy: 0
nptdxdy: 0
shape: 0
seed: 1076119
-91.631559844115 241.298585332155 0.866025403784 0.500000000000
-118.122583581219 1.470909516619 0.866025403784 0.500000000000
4.965891832747 -98.567263360843 0.866025403784 -0.500000000000
-102.513748889484 22.533512033534 0.000000000000 1.000000000000
7.724702959965 4.381468949383 0.866025403784 0.500000000000
49.592303189315 117.707297350120 0.866025403784 0.500000000000
-42.980322025449 80.138035113676 0.000000000000 1.000000000000
294.640645972306 -63.726277879502 0.000000000000 1.000000000000
259.313409821379 66.523818837278 0.000000000000 1.000000000000
117.703175249257 99.921524011785 0.866025403784 0.500000000000
-23.903153211152 115.418058642655 0.866025403784 -0.500000000000
264.819390178285 151.560663991400 0.866025403784 0.500000000000
20.831148021598 170.060726114490 0.866025403784 -0.500000000000
218.400160495140 15.389973360677 0.866025403784 0.500000000000
-199.889505760501 -22.430414138598 0.866025403784 0.500000000000
-17.713446584423 -40.872849319894 0.866025403784 -0.500000000000
-195.806900293467 -339.123017518227 0.000000000000 1.000000000000
146.220217909001 78.711581794036 0.000000000000 1.000000000000
-112.406119572241 -79.205414468338 0.866025403784 -0.500000000000
-33.640734046351 -88.399575701363 0.866025403784 0.500000000000
