#Configurational_file created 2018-09-14 11:33:42  started 2018-09-14 11:33:41 run for 1.0s steps 0
name: p_942
step: 10000
specie: 20
	particle_diameter: 1.0000000000000000
	interaction_length: 1.2000000000000000
	number_of_patches: 3
	number_of_particles_per_compound: 1
	rod_length: 1.0000000000000000
	interaction_matrix:  1.000000 1.000000 1.000000 1.000000 1.000000 1.000000 1.000000 1.000000 1.000000
	patch_type: symmetric
	patch_width: 8.0000000000000000
	patch_angle: 0.0000000000000000
	angles:  0.000000 0.000000 0.000000
	grand_canonical: 0
	chemical_potential: 0.0000000000000000
box: 8.919598 8.919598
copy: 1.000000 1.000000
epsilon: 0.2500500000000000
end_epsilon: 0.0000000000000000
pressure: 1.3333670000000000
lambda: 0.0000000000000000
lambda_coupling: 1.0000000000000000
uy: 0.0000000000000000
maximum_displacement: 1.0000000000000000
maximum_rotation: 1.0000000000000000
maximum_volume: 1.0000000000000000
maximum_shape: 0.0000001000000000
maximum_dsigma: 0.0100000000000000
mod: 10
pmod: 10
optimize: 1
verbose: 1
snapshot: 0
display: 1
explore: 1
npt: 1
nptxy: 0
nptdxdy: 0
shape: 0
seed: 1073845
-83.104919913067 31.399760300029 0.866025403784 -0.500000000000
155.039133590705 -3.102275446766 0.866025403784 -0.500000000000
-121.220160795516 -23.257830773402 0.866025403784 -0.500000000000
-18.953124309169 -23.906860439481 0.866025403784 0.500000000000
132.798727162791 37.465955174714 0.000000000000 1.000000000000
-19.710903421274 139.825697447787 0.000000000000 1.000000000000
47.513899276374 -45.684398267867 0.000000000000 1.000000000000
-27.487768878122 112.065100351518 0.866025403784 0.500000000000
19.436817907013 58.294675317972 0.866025403784 0.500000000000
106.352042435272 57.496608878166 0.000000000000 1.000000000000
25.171492518794 28.091087899095 0.866025403784 0.500000000000
32.712649036255 -32.338304118772 0.866025403784 -0.500000000000
1.730456084568 -6.568138831859 0.866025403784 -0.500000000000
7.749343882463 62.990694658134 0.000000000000 1.000000000000
-85.110939460475 -18.096123802740 0.866025403784 0.500000000000
-112.353522090552 -42.762245806948 0.866025403784 -0.500000000000
63.088024756094 24.950367192475 0.000000000000 1.000000000000
47.041945158915 -19.889921755154 0.866025403784 0.500000000000
-66.850795227165 -88.116929967954 0.866025403784 -0.500000000000
-61.820475147544 -42.458398322977 0.866025403784 0.500000000000
