#Configurational_file created 2018-09-14 11:33:47  started 2018-09-14 11:33:47 run for 0.0s steps 0
name: p_948
step: 10000
specie: 20
	particle_diameter: 1.0000000000000000
	interaction_length: 1.2000000000000000
	number_of_patches: 3
	number_of_particles_per_compound: 1
	rod_length: 1.0000000000000000
	interaction_matrix:  1.000000 1.000000 1.000000 1.000000 1.000000 1.000000 1.000000 1.000000 1.000000
	patch_type: symmetric
	patch_width: 8.0000000000000000
	patch_angle: 0.0000000000000000
	angles:  0.000000 0.000000 0.000000
	grand_canonical: 0
	chemical_potential: 0.0000000000000000
box: 9.877936 9.877936
copy: 1.000000 1.000000
epsilon: 0.2500500000000000
end_epsilon: 0.0000000000000000
pressure: 1.8333420000000000
lambda: 0.0000000000000000
lambda_coupling: 1.0000000000000000
uy: 0.0000000000000000
maximum_displacement: 1.0000000000000000
maximum_rotation: 1.0000000000000000
maximum_volume: 0.7784461931512324
maximum_shape: 0.0000001000000000
maximum_dsigma: 0.0100000000000000
mod: 10
pmod: 10
optimize: 1
verbose: 1
snapshot: 0
display: 1
explore: 1
npt: 1
nptxy: 0
nptdxdy: 0
shape: 0
seed: 1080667
-94.727936210698 -151.576692615231 0.866025403784 0.500000000000
-34.432358963363 33.485691234500 0.866025403784 -0.500000000000
-19.383766649153 -134.721056912775 0.000000000000 1.000000000000
75.140923324635 -69.727647245754 0.866025403784 0.500000000000
69.114725115529 10.085998680244 0.000000000000 1.000000000000
38.134855781281 109.706887633661 0.866025403784 -0.500000000000
-19.121399471790 63.866279177778 0.866025403784 -0.500000000000
118.068156634708 -58.498828870356 0.866025403784 0.500000000000
-49.713538893085 -46.366098718782 0.866025403784 -0.500000000000
166.254375040667 13.064022113790 0.866025403784 -0.500000000000
-14.335887651814 33.020541159715 0.866025403784 0.500000000000
17.630582247667 150.606177256080 0.866025403784 0.500000000000
-8.344366425453 27.190496998358 0.866025403784 -0.500000000000
-179.457369575223 6.725836553031 0.866025403784 0.500000000000
59.921866519273 -48.149694761728 0.866025403784 -0.500000000000
20.321056329448 263.211614029823 0.000000000000 1.000000000000
44.027260016298 -58.818503037664 0.000000000000 1.000000000000
58.271901991166 -21.031952421875 0.000000000000 1.000000000000
101.670653239520 -96.257989627456 0.866025403784 -0.500000000000
59.460000689885 95.838220128869 0.866025403784 0.500000000000
