#Configurational_file created 2018-09-14 11:33:47  started 2018-09-14 11:33:46 run for 1.0s steps 0
name: p_947
step: 10000
specie: 20
	particle_diameter: 1.0000000000000000
	interaction_length: 1.2000000000000000
	number_of_patches: 3
	number_of_particles_per_compound: 1
	rod_length: 1.0000000000000000
	interaction_matrix:  1.000000 1.000000 1.000000 1.000000 1.000000 1.000000 1.000000 1.000000 1.000000
	patch_type: symmetric
	patch_width: 8.0000000000000000
	patch_angle: 0.0000000000000000
	angles:  0.000000 0.000000 0.000000
	grand_canonical: 0
	chemical_potential: 0.0000000000000000
box: 7.386646 7.386646
copy: 1.000000 1.000000
epsilon: 0.2500500000000000
end_epsilon: 0.0000000000000000
pressure: 1.7500119999999999
lambda: 0.0000000000000000
lambda_coupling: 1.0000000000000000
uy: 0.0000000000000000
maximum_displacement: 1.0000000000000000
maximum_rotation: 1.0000000000000000
maximum_volume: 0.9234332050296583
maximum_shape: 0.0000001000000000
maximum_dsigma: 0.0100000000000000
mod: 10
pmod: 10
optimize: 1
verbose: 1
snapshot: 0
display: 1
explore: 1
npt: 1
nptxy: 0
nptdxdy: 0
shape: 0
seed: 1079530
-49.124115955976 -54.873581495977 0.866025403784 0.500000000000
-84.260237680503 -156.318625174091 0.866025403784 -0.500000000000
132.289507602030 -176.995450864887 0.000000000000 1.000000000000
139.024011316113 9.412323241364 0.000000000000 1.000000000000
87.330396236512 -30.319603413433 0.866025403784 -0.500000000000
103.716135927651 -106.841947650051 0.866025403784 0.500000000000
96.716462538241 -45.594589229835 0.000000000000 1.000000000000
-22.367279994705 -100.246336683353 0.000000000000 1.000000000000
-79.631311211568 97.452311332034 0.866025403784 0.500000000000
41.762655977910 -62.850751804820 0.866025403784 -0.500000000000
40.226858170296 42.849911732871 0.000000000000 1.000000000000
12.576896163265 -19.886024962492 0.866025403784 0.500000000000
102.515240663624 -76.278732575531 0.000000000000 1.000000000000
16.557378040107 14.460142894615 0.866025403784 0.500000000000
-11.508212001971 87.344140358625 0.866025403784 -0.500000000000
-39.853158911939 13.243065144477 0.000000000000 1.000000000000
-70.862727589101 38.182919921225 0.866025403784 -0.500000000000
45.580484239003 128.640552887357 0.866025403784 0.500000000000
70.628539814405 31.149775552301 0.000000000000 1.000000000000
83.508277734071 -1.845954538054 0.000000000000 1.000000000000
