#Configurational_file created 2018-09-14 12:01:19  started 2018-09-14 12:01:18 run for 1.0s steps 0
name: p_940
step: 10000
specie: 20
	particle_diameter: 1.0000000000000000
	interaction_length: 1.2000000000000000
	number_of_patches: 3
	number_of_particles_per_compound: 1
	rod_length: 1.0000000000000000
	interaction_matrix:  1.000000 1.000000 1.000000 1.000000 1.000000 1.000000 1.000000 1.000000 1.000000
	patch_type: symmetric
	patch_width: 8.0000000000000000
	patch_angle: 0.0000000000000000
	angles:  0.000000 0.000000 0.000000
	grand_canonical: 0
	chemical_potential: 0.0000000000000000
box: 43.345868 43.345868
copy: 1.000000 1.000000
epsilon: 0.0250010000000000
end_epsilon: 0.0000000000000000
pressure: 0.0583340000000000
lambda: 0.0000000000000000
lambda_coupling: 1.0000000000000000
uy: 0.0000000000000000
maximum_displacement: 1.0000000000000000
maximum_rotation: 1.0000000000000000
maximum_volume: 1.0000000000000000
maximum_shape: 0.0000001000000000
maximum_dsigma: 0.0100000000000000
mod: 10
pmod: 10
optimize: 1
verbose: 1
snapshot: 0
display: 1
explore: 1
npt: 1
nptxy: 0
nptdxdy: 0
shape: 0
seed: 1071571
-173.667305433666 -119.134522365672 0.000000000000 1.000000000000
100.255970377930 149.487254582829 0.866025403784 0.500000000000
84.984588971346 93.803079802684 0.866025403784 -0.500000000000
10.444966870206 385.311533735153 0.866025403784 -0.500000000000
215.538232972745 102.646706533342 0.866025403784 -0.500000000000
-184.902751931255 -48.239365650235 0.000000000000 1.000000000000
-124.129365656263 100.835669238924 0.866025403784 -0.500000000000
302.366003535510 -250.289263951101 0.866025403784 0.500000000000
-190.932972665137 93.418468482625 0.866025403784 0.500000000000
-193.585914104553 -247.208713035504 0.866025403784 -0.500000000000
-106.897270223364 236.460965573572 0.866025403784 -0.500000000000
-57.119221332678 328.427639107891 0.866025403784 0.500000000000
1.345406910763 -47.929725479180 0.000000000000 1.000000000000
53.785202885903 -309.824817140288 0.000000000000 1.000000000000
-47.398168926933 106.503694729096 0.866025403784 0.500000000000
-227.424833463110 -134.223982832389 0.000000000000 1.000000000000
172.651211866869 -314.162455720938 0.866025403784 -0.500000000000
-46.927215286774 96.443206754635 0.866025403784 0.500000000000
-217.140845076743 87.105739297371 0.866025403784 -0.500000000000
192.718672691876 81.261620810303 0.866025403784 0.500000000000
