#Configurational_file created 2018-09-14 13:57:07  started 2018-09-14 13:57:06 run for 1.0s steps 0
name: p_943
step: 10000
specie: 20
	particle_diameter: 1.0000000000000000
	interaction_length: 1.2000000000000000
	number_of_patches: 3
	number_of_particles_per_compound: 1
	rod_length: 1.0000000000000000
	interaction_matrix:  1.000000 1.000000 1.000000 1.000000 1.000000 1.000000 1.000000 1.000000 1.000000
	patch_type: symmetric
	patch_width: 8.0000000000000000
	patch_angle: 0.0000000000000000
	angles:  0.000000 0.000000 0.000000
	grand_canonical: 0
	chemical_potential: 0.0000000000000000
box: 39.915254 39.915254
copy: 1.000000 1.000000
epsilon: 0.0689660000000000
end_epsilon: 0.0000000000000000
pressure: 0.2068970000000000
lambda: 0.0000000000000000
lambda_coupling: 1.0000000000000000
uy: 0.0000000000000000
maximum_displacement: 1.0000000000000000
maximum_rotation: 1.0000000000000000
maximum_volume: 1.0000000000000000
maximum_shape: 0.0000001000000000
maximum_dsigma: 0.0100000000000000
mod: 10
pmod: 10
optimize: 1
verbose: 1
snapshot: 0
display: 1
explore: 1
npt: 1
nptxy: 0
nptdxdy: 0
shape: 0
seed: 1074982
-104.051077058336 312.604412243957 0.866025403784 0.500000000000
81.160420294107 151.614984401518 0.000000000000 1.000000000000
-2.730019430301 17.419041000574 0.866025403784 -0.500000000000
-174.914327069425 204.391037459317 0.000000000000 1.000000000000
18.560739445979 93.260815542470 0.000000000000 1.000000000000
150.812353205765 154.762398208888 0.866025403784 0.500000000000
-91.650551111899 -41.491721149926 0.866025403784 -0.500000000000
385.936525359851 146.591927582650 0.866025403784 -0.500000000000
94.680306300154 276.071382281644 0.000000000000 1.000000000000
-31.574509799370 -44.276458242976 0.866025403784 -0.500000000000
19.782714610649 37.284054217632 0.866025403784 -0.500000000000
182.031533761295 -147.019350277019 0.866025403784 0.500000000000
40.826912503277 43.908535289692 0.866025403784 0.500000000000
-38.163562957729 160.573823925719 0.000000000000 1.000000000000
4.953143731452 -73.570653521409 0.866025403784 0.500000000000
-178.854174571280 -81.288082312982 0.866025403784 0.500000000000
-84.147839288956 3.052711771099 0.866025403784 -0.500000000000
45.460033997486 -120.690862529299 0.866025403784 -0.500000000000
-113.373114243124 -254.820780830492 0.866025403784 0.500000000000
-173.101965972238 -139.637487677258 0.000000000000 1.000000000000
