#Configurational_file created 2018-09-14 12:01:23  started 2018-09-14 12:01:23 run for 0.0s steps 0
name: p_946
step: 10000
specie: 20
	particle_diameter: 1.0000000000000000
	interaction_length: 1.2000000000000000
	number_of_patches: 3
	number_of_particles_per_compound: 1
	rod_length: 1.0000000000000000
	interaction_matrix:  1.000000 1.000000 1.000000 1.000000 1.000000 1.000000 1.000000 1.000000 1.000000
	patch_type: symmetric
	patch_width: 8.0000000000000000
	patch_angle: 0.0000000000000000
	angles:  0.000000 0.000000 0.000000
	grand_canonical: 0
	chemical_potential: 0.0000000000000000
box: 44.608785 44.608785
copy: 1.000000 1.000000
epsilon: 0.0250010000000000
end_epsilon: 0.0000000000000000
pressure: 0.0833340000000000
lambda: 0.0000000000000000
lambda_coupling: 1.0000000000000000
uy: 0.0000000000000000
maximum_displacement: 1.0000000000000000
maximum_rotation: 1.0000000000000000
maximum_volume: 1.0000000000000000
maximum_shape: 0.0000001000000000
maximum_dsigma: 0.0100000000000000
mod: 10
pmod: 10
optimize: 1
verbose: 1
snapshot: 0
display: 1
explore: 1
npt: 1
nptxy: 0
nptdxdy: 0
shape: 0
seed: 1078393
-244.609230004172 282.946461747241 0.866025403784 -0.500000000000
176.012596727532 123.188552140843 0.000000000000 1.000000000000
-53.042157691706 -67.640271489214 0.866025403784 0.500000000000
171.615029812917 -168.159976308540 0.866025403784 -0.500000000000
-294.600117154093 22.627624135516 0.866025403784 -0.500000000000
12.852716991460 -268.554790581601 0.866025403784 0.500000000000
-8.819994119913 103.144647122334 0.866025403784 0.500000000000
38.978353881736 245.657102099129 0.000000000000 1.000000000000
25.954030716998 -42.858374010805 0.000000000000 1.000000000000
-249.824139539863 10.796893965493 0.866025403784 0.500000000000
83.241321986758 -110.700271806988 0.866025403784 -0.500000000000
78.538129818575 -331.905014869211 0.000000000000 1.000000000000
-46.883310058055 278.503572720025 0.866025403784 0.500000000000
53.855820648367 96.099742285050 0.866025403784 -0.500000000000
106.901824517147 196.012064183191 0.000000000000 1.000000000000
-7.779258092090 -90.681475121906 0.866025403784 0.500000000000
286.032154504991 198.512327431236 0.866025403784 -0.500000000000
176.823605327140 -38.443294127256 0.000000000000 1.000000000000
224.484278285823 -148.663705162666 0.866025403784 0.500000000000
183.752731062498 -92.202354079112 0.866025403784 0.500000000000
