#Configurational_file created 2018-09-14 12:01:22  started 2018-09-14 12:01:21 run for 1.0s steps 0
name: p_944
step: 10000
specie: 20
	particle_diameter: 1.0000000000000000
	interaction_length: 1.2000000000000000
	number_of_patches: 3
	number_of_particles_per_compound: 1
	rod_length: 1.0000000000000000
	interaction_matrix:  1.000000 1.000000 1.000000 1.000000 1.000000 1.000000 1.000000 1.000000 1.000000
	patch_type: symmetric
	patch_width: 8.0000000000000000
	patch_angle: 0.0000000000000000
	angles:  0.000000 0.000000 0.000000
	grand_canonical: 0
	chemical_potential: 0.0000000000000000
box: 41.562274 41.562274
copy: 1.000000 1.000000
epsilon: 0.0250010000000000
end_epsilon: 0.0000000000000000
pressure: 0.0750000000000000
lambda: 0.0000000000000000
lambda_coupling: 1.0000000000000000
uy: 0.0000000000000000
maximum_displacement: 1.0000000000000000
maximum_rotation: 1.0000000000000000
maximum_volume: 1.0000000000000000
maximum_shape: 0.0000001000000000
maximum_dsigma: 0.0100000000000000
mod: 10
pmod: 10
optimize: 1
verbose: 1
snapshot: 0
display: 1
explore: 1
npt: 1
nptxy: 0
nptdxdy: 0
shape: 0
seed: 1076119
-129.654749751235 234.948039232696 0.000000000000 1.000000000000
70.278927184787 208.110405819590 0.000000000000 1.000000000000
91.745752446294 167.099387936843 0.866025403784 -0.500000000000
98.972133266137 214.238999295048 0.000000000000 1.000000000000
-136.053905974507 200.104166596439 0.866025403784 0.500000000000
106.047697498784 182.079893585225 0.866025403784 -0.500000000000
43.415519861485 -168.620490591313 0.866025403784 -0.500000000000
-151.626681185786 -4.952073121272 0.866025403784 -0.500000000000
-16.645435138202 6.906757877881 0.866025403784 -0.500000000000
-74.410311675913 18.879337784666 0.000000000000 1.000000000000
193.094031415786 90.213984311040 0.866025403784 -0.500000000000
-174.421058655021 281.585064895110 0.866025403784 -0.500000000000
84.845860253203 238.671088025663 0.866025403784 0.500000000000
301.796499677997 205.163209821829 0.000000000000 1.000000000000
-167.722754473089 286.649283361083 0.866025403784 -0.500000000000
186.161028518899 110.574439902360 0.000000000000 1.000000000000
-207.277934313374 -303.864790570702 0.000000000000 1.000000000000
-80.549526469607 -279.014421240272 0.866025403784 0.500000000000
-0.965941296537 122.320241476074 0.866025403784 -0.500000000000
-194.192984662963 -60.245787342435 0.866025403784 -0.500000000000
