#Configurational_file created 2018-09-14 11:33:40  started 2018-09-14 11:33:40 run for 0.0s steps 0
name: p_940
step: 10000
specie: 20
	particle_diameter: 1.0000000000000000
	interaction_length: 1.2000000000000000
	number_of_patches: 3
	number_of_particles_per_compound: 1
	rod_length: 1.0000000000000000
	interaction_matrix:  1.000000 1.000000 1.000000 1.000000 1.000000 1.000000 1.000000 1.000000 1.000000
	patch_type: symmetric
	patch_width: 8.0000000000000000
	patch_angle: 0.0000000000000000
	angles:  0.000000 0.000000 0.000000
	grand_canonical: 0
	chemical_potential: 0.0000000000000000
box: 9.691122 9.691122
copy: 1.000000 1.000000
epsilon: 0.2500500000000000
end_epsilon: 0.0000000000000000
pressure: 1.1667080000000001
lambda: 0.0000000000000000
lambda_coupling: 1.0000000000000000
uy: 0.0000000000000000
maximum_displacement: 1.0000000000000000
maximum_rotation: 1.0000000000000000
maximum_volume: 1.0000000000000000
maximum_shape: 0.0000001000000000
maximum_dsigma: 0.0100000000000000
mod: 10
pmod: 10
optimize: 1
verbose: 1
snapshot: 0
display: 1
explore: 1
npt: 1
nptxy: 0
nptdxdy: 0
shape: 0
seed: 1071571
36.871405291291 12.677107931283 0.000000000000 1.000000000000
125.601660046994 195.149475250867 0.866025403784 0.500000000000
-69.123435363941 -39.068523943080 0.866025403784 0.500000000000
93.556235099431 200.735419517163 0.866025403784 0.500000000000
-16.961744851485 37.051588306263 0.000000000000 1.000000000000
114.929833383513 -39.777757727641 0.000000000000 1.000000000000
43.467713207925 67.633306227170 0.866025403784 -0.500000000000
75.746452489688 1.388914853134 0.866025403784 0.500000000000
100.184221716803 -120.300879723946 0.866025403784 -0.500000000000
-6.076703225233 -64.984389545329 0.000000000000 1.000000000000
-26.416819039344 -0.014332385457 0.866025403784 0.500000000000
-58.402394293324 -3.721444463668 0.866025403784 0.500000000000
26.078015616958 61.463067104371 0.000000000000 1.000000000000
-24.232280464912 -72.809283066858 0.000000000000 1.000000000000
-33.551220674850 -2.960795624012 0.866025403784 0.500000000000
58.830703578072 67.569752730439 0.000000000000 1.000000000000
110.328100813061 -117.402060886137 0.866025403784 -0.500000000000
79.214309131541 17.926432000378 0.866025403784 0.500000000000
-22.316411219615 -11.493727061099 0.866025403784 0.500000000000
81.865917479763 -70.056027980212 0.866025403784 -0.500000000000
