#Configurational_file created 2018-09-14 13:57:05  started 2018-09-14 13:57:05 run for 0.0s steps 0
name: p_941
step: 10000
specie: 20
	particle_diameter: 1.0000000000000000
	interaction_length: 1.2000000000000000
	number_of_patches: 3
	number_of_particles_per_compound: 1
	rod_length: 1.0000000000000000
	interaction_matrix:  1.000000 1.000000 1.000000 1.000000 1.000000 1.000000 1.000000 1.000000 1.000000
	patch_type: symmetric
	patch_width: 8.0000000000000000
	patch_angle: 0.0000000000000000
	angles:  0.000000 0.000000 0.000000
	grand_canonical: 0
	chemical_potential: 0.0000000000000000
box: 36.129470 36.129470
copy: 1.000000 1.000000
epsilon: 0.0689660000000000
end_epsilon: 0.0000000000000000
pressure: 0.1724140000000000
lambda: 0.0000000000000000
lambda_coupling: 1.0000000000000000
uy: 0.0000000000000000
maximum_displacement: 1.0000000000000000
maximum_rotation: 1.0000000000000000
maximum_volume: 1.0000000000000000
maximum_shape: 0.0000001000000000
maximum_dsigma: 0.0100000000000000
mod: 10
pmod: 10
optimize: 1
verbose: 1
snapshot: 0
display: 1
explore: 1
npt: 1
nptxy: 0
nptdxdy: 0
shape: 0
seed: 1072708
164.215045278487 131.268318132197 0.866025403784 0.500000000000
-5.217206509063 -88.322319972654 0.866025403784 -0.500000000000
273.834395139816 337.411132287385 0.000000000000 1.000000000000
336.799830252075 112.522833819444 0.866025403784 -0.500000000000
-29.442234303561 79.344583936522 0.000000000000 1.000000000000
204.817582404134 342.747320002344 0.866025403784 -0.500000000000
-82.815953952269 39.220190700257 0.866025403784 0.500000000000
-243.461060966787 9.328198159724 0.000000000000 1.000000000000
194.627031197973 -92.067274634183 0.000000000000 1.000000000000
65.269929139555 -254.980570381944 0.866025403784 0.500000000000
54.772130715614 37.690798021042 0.000000000000 1.000000000000
-173.527950783594 -105.325003405683 0.000000000000 1.000000000000
290.520096445161 -25.494286051835 0.866025403784 -0.500000000000
27.355514159291 -138.536452110103 0.866025403784 -0.500000000000
49.161665281242 -102.742248208538 0.866025403784 -0.500000000000
-85.937214700888 62.796826578888 0.000000000000 1.000000000000
-32.030594233213 154.389089733437 0.000000000000 1.000000000000
-40.134488668459 -133.919953441162 0.000000000000 1.000000000000
-43.026544119947 3.201958234594 0.866025403784 0.500000000000
27.280755686348 4.457395718956 0.000000000000 1.000000000000
