#Configurational_file created 2018-09-14 12:01:21  started 2018-09-14 12:01:20 run for 1.0s steps 0
name: p_942
step: 10000
specie: 20
	particle_diameter: 1.0000000000000000
	interaction_length: 1.2000000000000000
	number_of_patches: 3
	number_of_particles_per_compound: 1
	rod_length: 1.0000000000000000
	interaction_matrix:  1.000000 1.000000 1.000000 1.000000 1.000000 1.000000 1.000000 1.000000 1.000000
	patch_type: symmetric
	patch_width: 8.0000000000000000
	patch_angle: 0.0000000000000000
	angles:  0.000000 0.000000 0.000000
	grand_canonical: 0
	chemical_potential: 0.0000000000000000
box: 50.687579 50.687579
copy: 1.000000 1.000000
epsilon: 0.0250010000000000
end_epsilon: 0.0000000000000000
pressure: 0.0666670000000000
lambda: 0.0000000000000000
lambda_coupling: 1.0000000000000000
uy: 0.0000000000000000
maximum_displacement: 1.0000000000000000
maximum_rotation: 1.0000000000000000
maximum_volume: 1.0000000000000000
maximum_shape: 0.0000001000000000
maximum_dsigma: 0.0100000000000000
mod: 10
pmod: 10
optimize: 1
verbose: 1
snapshot: 0
display: 1
explore: 1
npt: 1
nptxy: 0
nptdxdy: 0
shape: 0
seed: 1073845
-201.096596711581 -218.378997050995 0.866025403784 0.500000000000
85.498406641405 -141.695536314794 0.866025403784 0.500000000000
-215.177178497318 -36.304266694069 0.000000000000 1.000000000000
20.892496964229 -75.828186238993 0.866025403784 0.500000000000
87.108612331778 82.092899542781 0.000000000000 1.000000000000
-183.516550113459 58.881096367083 0.000000000000 1.000000000000
10.780614189123 -314.747411984027 0.866025403784 -0.500000000000
-18.735149707297 -170.293681180972 0.000000000000 1.000000000000
-45.547330777525 -241.779146538619 0.866025403784 0.500000000000
224.559405424349 238.980171514024 0.000000000000 1.000000000000
259.952351302017 -53.044023480946 0.866025403784 -0.500000000000
157.305204475276 -147.662218679439 0.000000000000 1.000000000000
-9.264769455660 73.278000576474 0.866025403784 0.500000000000
58.724512620048 89.594396571559 0.000000000000 1.000000000000
-413.408174076122 255.432950452678 0.000000000000 1.000000000000
189.863401124164 24.187840662469 0.866025403784 0.500000000000
169.349731665909 -383.540288852114 0.866025403784 0.500000000000
395.008614525195 123.751931788731 0.866025403784 -0.500000000000
92.133372181966 -108.916292814737 0.000000000000 1.000000000000
-236.272697721713 92.502197726511 0.866025403784 -0.500000000000
