#Configurational_file created 2018-09-14 12:01:21  started 2018-09-14 12:01:21 run for 0.0s steps 0
name: p_943
step: 10000
specie: 20
	particle_diameter: 1.0000000000000000
	interaction_length: 1.2000000000000000
	number_of_patches: 3
	number_of_particles_per_compound: 1
	rod_length: 1.0000000000000000
	interaction_matrix:  1.000000 1.000000 1.000000 1.000000 1.000000 1.000000 1.000000 1.000000 1.000000
	patch_type: symmetric
	patch_width: 8.0000000000000000
	patch_angle: 0.0000000000000000
	angles:  0.000000 0.000000 0.000000
	grand_canonical: 0
	chemical_potential: 0.0000000000000000
box: 47.425648 47.425648
copy: 1.000000 1.000000
epsilon: 0.0250010000000000
end_epsilon: 0.0000000000000000
pressure: 0.0708340000000000
lambda: 0.0000000000000000
lambda_coupling: 1.0000000000000000
uy: 0.0000000000000000
maximum_displacement: 1.0000000000000000
maximum_rotation: 1.0000000000000000
maximum_volume: 1.0000000000000000
maximum_shape: 0.0000001000000000
maximum_dsigma: 0.0100000000000000
mod: 10
pmod: 10
optimize: 1
verbose: 1
snapshot: 0
display: 1
explore: 1
npt: 1
nptxy: 0
nptdxdy: 0
shape: 0
seed: 1074982
176.937850892020 54.826182794084 0.866025403784 -0.500000000000
137.036024061455 -70.397948063722 0.866025403784 0.500000000000
87.023375587029 -49.469625423305 0.000000000000 1.000000000000
11.082503818404 -59.954095377366 0.000000000000 1.000000000000
91.381597418602 -162.450379874134 0.000000000000 1.000000000000
141.895546570846 -175.070073065592 0.000000000000 1.000000000000
-55.322956627357 55.709401223651 0.866025403784 -0.500000000000
193.503033460602 87.495801140232 0.866025403784 -0.500000000000
-226.774498289023 111.655803830995 0.866025403784 0.500000000000
-172.442485820720 -219.049678695235 0.866025403784 -0.500000000000
76.278277390546 28.794125639603 0.866025403784 -0.500000000000
-46.428266998204 -157.948197250465 0.000000000000 1.000000000000
-122.745735398783 -14.327177381609 0.000000000000 1.000000000000
-90.336186433843 90.777119264837 0.000000000000 1.000000000000
44.366069957800 -219.659578271444 0.866025403784 0.500000000000
-10.176674349215 -0.052867453211 0.866025403784 -0.500000000000
215.053625311586 44.351337869777 0.000000000000 1.000000000000
42.984568798890 39.988813241619 0.000000000000 1.000000000000
-68.630994920191 -127.748419193470 0.866025403784 -0.500000000000
427.940632257748 49.966653910989 0.866025403784 0.500000000000
