#Configurational_file created 2018-09-14 12:01:20  started 2018-09-14 12:01:19 run for 1.0s steps 0
name: p_941
step: 10000
specie: 20
	particle_diameter: 1.0000000000000000
	interaction_length: 1.2000000000000000
	number_of_patches: 3
	number_of_particles_per_compound: 1
	rod_length: 1.0000000000000000
	interaction_matrix:  1.000000 1.000000 1.000000 1.000000 1.000000 1.000000 1.000000 1.000000 1.000000
	patch_type: symmetric
	patch_width: 8.0000000000000000
	patch_angle: 0.0000000000000000
	angles:  0.000000 0.000000 0.000000
	grand_canonical: 0
	chemical_potential: 0.0000000000000000
box: 50.503809 50.503809
copy: 1.000000 1.000000
epsilon: 0.0250010000000000
end_epsilon: 0.0000000000000000
pressure: 0.0625000000000000
lambda: 0.0000000000000000
lambda_coupling: 1.0000000000000000
uy: 0.0000000000000000
maximum_displacement: 1.0000000000000000
maximum_rotation: 1.0000000000000000
maximum_volume: 1.0000000000000000
maximum_shape: 0.0000001000000000
maximum_dsigma: 0.0100000000000000
mod: 10
pmod: 10
optimize: 1
verbose: 1
snapshot: 0
display: 1
explore: 1
npt: 1
nptxy: 0
nptdxdy: 0
shape: 0
seed: 1072708
103.425703198578 125.818843824286 0.000000000000 1.000000000000
-158.917109893871 -138.200156950213 0.000000000000 1.000000000000
-102.365314412938 407.485334531469 0.866025403784 -0.500000000000
273.849885829295 -214.225428522541 0.866025403784 -0.500000000000
12.601200585442 -89.719945145536 0.866025403784 0.500000000000
257.085173424988 159.012618925340 0.866025403784 -0.500000000000
-201.909818058186 75.460701433266 0.000000000000 1.000000000000
-101.879022066679 81.674194126513 0.000000000000 1.000000000000
-164.978102314545 102.608809999394 0.866025403784 -0.500000000000
191.747215361059 -310.554561439062 0.866025403784 0.500000000000
34.985535081043 211.958657595912 0.866025403784 0.500000000000
47.937194292036 117.081358859760 0.866025403784 -0.500000000000
-68.892631022007 37.717987509702 0.000000000000 1.000000000000
63.078593410653 -362.189707212108 0.000000000000 1.000000000000
-192.954846841602 74.180029193711 0.866025403784 -0.500000000000
226.614267392566 -47.232621253729 0.866025403784 0.500000000000
-147.217688209497 83.506037370432 0.000000000000 1.000000000000
-202.125993466051 49.113542759154 0.866025403784 -0.500000000000
19.084716295593 135.547814195219 0.866025403784 -0.500000000000
0.085471436113 79.211769664011 0.866025403784 0.500000000000
