#Configurational_file created 2018-09-14 11:06:36  started 2018-09-14 11:06:35 run for 1.0s steps 0
name: p_94
step: 10000
specie: 20
	particle_diameter: 1.0000000000000000
	interaction_length: 1.2000000000000000
	number_of_patches: 3
	number_of_particles_per_compound: 1
	rod_length: 1.0000000000000000
	interaction_matrix:  1.000000 1.000000 1.000000 1.000000 1.000000 1.000000 1.000000 1.000000 1.000000
	patch_type: symmetric
	patch_width: 8.0000000000000000
	patch_angle: 0.0000000000000000
	angles:  0.000000 0.000000 0.000000
	grand_canonical: 0
	chemical_potential: 0.0000000000000000
box: 9.324158 9.324158
copy: 1.000000 1.000000
epsilon: 0.2143430000000000
end_epsilon: 0.0000000000000000
pressure: 1.4286000000000001
lambda: 0.0000000000000000
lambda_coupling: 1.0000000000000000
uy: 0.0000000000000000
maximum_displacement: 1.0000000000000000
maximum_rotation: 1.0000000000000000
maximum_volume: 1.0000000000000000
maximum_shape: 0.0000001000000000
maximum_dsigma: 0.0100000000000000
mod: 10
pmod: 10
optimize: 1
verbose: 1
snapshot: 0
display: 1
explore: 1
npt: 1
nptxy: 0
nptdxdy: 0
shape: 0
seed: 109748
121.835945869675 -35.426183107440 0.866025403784 -0.500000000000
-46.935178766921 138.202700993992 0.000000000000 1.000000000000
-21.832693934188 -104.190047784071 0.866025403784 0.500000000000
-54.017679708875 -39.844052228883 0.866025403784 -0.500000000000
-36.747768842072 32.020199322473 0.000000000000 1.000000000000
75.217319921386 111.365204228030 0.866025403784 -0.500000000000
-104.456555867631 -1.176012580652 0.866025403784 -0.500000000000
-106.882455800650 109.575903790652 0.000000000000 1.000000000000
-0.340296143128 -22.981535694824 0.866025403784 -0.500000000000
52.574733342700 19.297752585063 0.866025403784 0.500000000000
88.460079215807 -61.794678215768 0.000000000000 1.000000000000
63.112169909426 -49.733255062294 0.000000000000 1.000000000000
-33.571096874119 68.643483167778 0.866025403784 -0.500000000000
-107.787371325785 -67.806333227097 0.866025403784 -0.500000000000
6.640076714865 -60.909672206114 0.866025403784 0.500000000000
43.128409108091 -45.238360366584 0.866025403784 -0.500000000000
-1.367134259394 13.182019839112 0.866025403784 0.500000000000
9.709052523633 -101.320277636200 0.866025403784 0.500000000000
-3.702769547049 74.138363519142 0.866025403784 0.500000000000
162.834854944829 -21.833984263789 0.866025403784 0.500000000000
