#Configurational_file created 2018-09-14 13:57:09  started 2018-09-14 13:57:08 run for 1.0s steps 0
name: p_946
step: 10000
specie: 20
	particle_diameter: 1.0000000000000000
	interaction_length: 1.2000000000000000
	number_of_patches: 3
	number_of_particles_per_compound: 1
	rod_length: 1.0000000000000000
	interaction_matrix:  1.000000 1.000000 1.000000 1.000000 1.000000 1.000000 1.000000 1.000000 1.000000
	patch_type: symmetric
	patch_width: 8.0000000000000000
	patch_angle: 0.0000000000000000
	angles:  0.000000 0.000000 0.000000
	grand_canonical: 0
	chemical_potential: 0.0000000000000000
box: 35.813759 35.813759
copy: 1.000000 1.000000
epsilon: 0.0689660000000000
end_epsilon: 0.0000000000000000
pressure: 0.2586210000000000
lambda: 0.0000000000000000
lambda_coupling: 1.0000000000000000
uy: 0.0000000000000000
maximum_displacement: 1.0000000000000000
maximum_rotation: 1.0000000000000000
maximum_volume: 1.0000000000000000
maximum_shape: 0.0000001000000000
maximum_dsigma: 0.0100000000000000
mod: 10
pmod: 10
optimize: 1
verbose: 1
snapshot: 0
display: 1
explore: 1
npt: 1
nptxy: 0
nptdxdy: 0
shape: 0
seed: 1078393
-256.427035079303 239.541783731253 0.000000000000 1.000000000000
61.072723598885 98.172955074306 0.866025403784 -0.500000000000
92.344343768738 166.308511824743 0.000000000000 1.000000000000
-43.180487294737 82.254338968429 0.866025403784 0.500000000000
-228.062077737329 151.130124983982 0.000000000000 1.000000000000
369.877334092931 -162.473432098784 0.866025403784 0.500000000000
187.116105148983 -41.126567010394 0.000000000000 1.000000000000
179.340267206195 164.004181019635 0.866025403784 0.500000000000
90.931903245413 136.925744666891 0.000000000000 1.000000000000
76.545466407376 190.990935357085 0.000000000000 1.000000000000
-164.833824063121 -16.564788531027 0.866025403784 -0.500000000000
-127.355149235948 168.285206692367 0.866025403784 0.500000000000
-167.118389737918 9.381323115654 0.866025403784 -0.500000000000
25.781283512206 35.769873287726 0.866025403784 0.500000000000
45.987576046883 181.625046606857 0.000000000000 1.000000000000
138.628795063647 17.850234572844 0.866025403784 -0.500000000000
141.790548032432 310.805361003698 0.866025403784 -0.500000000000
-125.645613298326 -282.361216416614 0.000000000000 1.000000000000
109.894019548833 149.442729103243 0.000000000000 1.000000000000
172.919475110765 -165.783362019123 0.000000000000 1.000000000000
