#Configurational_file created 2018-09-14 11:33:43  started 2018-09-14 11:33:42 run for 1.0s steps 0
name: p_943
step: 10000
specie: 20
	particle_diameter: 1.0000000000000000
	interaction_length: 1.2000000000000000
	number_of_patches: 3
	number_of_particles_per_compound: 1
	rod_length: 1.0000000000000000
	interaction_matrix:  1.000000 1.000000 1.000000 1.000000 1.000000 1.000000 1.000000 1.000000 1.000000
	patch_type: symmetric
	patch_width: 8.0000000000000000
	patch_angle: 0.0000000000000000
	angles:  0.000000 0.000000 0.000000
	grand_canonical: 0
	chemical_potential: 0.0000000000000000
box: 8.890991 8.890991
copy: 1.000000 1.000000
epsilon: 0.2500500000000000
end_epsilon: 0.0000000000000000
pressure: 1.4166960000000000
lambda: 0.0000000000000000
lambda_coupling: 1.0000000000000000
uy: 0.0000000000000000
maximum_displacement: 1.0000000000000000
maximum_rotation: 1.0000000000000000
maximum_volume: 1.0000000000000000
maximum_shape: 0.0000001000000000
maximum_dsigma: 0.0100000000000000
mod: 10
pmod: 10
optimize: 1
verbose: 1
snapshot: 0
display: 1
explore: 1
npt: 1
nptxy: 0
nptdxdy: 0
shape: 0
seed: 1074982
41.515220324905 95.026901170459 0.000000000000 1.000000000000
-48.868220365659 -97.122575945659 0.866025403784 -0.500000000000
-1.302808301308 -63.666976490423 0.866025403784 0.500000000000
-65.310211921206 69.500950756717 0.866025403784 0.500000000000
97.735288708365 96.514090866596 0.866025403784 0.500000000000
-23.907467731794 153.147905458304 0.866025403784 -0.500000000000
92.845694580684 48.181524014721 0.000000000000 1.000000000000
39.634994754622 27.077329517536 0.000000000000 1.000000000000
27.160309127958 114.830367272385 0.000000000000 1.000000000000
-50.852154189216 -98.721656932616 0.866025403784 -0.500000000000
32.312971948811 129.047058235295 0.866025403784 0.500000000000
64.319388316041 122.473477192413 0.000000000000 1.000000000000
-71.861292410234 -42.878258635082 0.866025403784 0.500000000000
8.797811745435 37.099832598629 0.000000000000 1.000000000000
-0.947600682793 -32.440450926965 0.866025403784 -0.500000000000
59.432433074454 9.015714907282 0.866025403784 -0.500000000000
-40.695095097371 -27.424265256059 0.866025403784 0.500000000000
-53.187606317991 -47.229390343703 0.000000000000 1.000000000000
175.533304191337 47.287294074412 0.866025403784 0.500000000000
-51.028058745802 71.311606294947 0.866025403784 -0.500000000000
