#Configurational_file created 2018-09-14 13:57:06  started 2018-09-14 13:57:05 run for 1.0s steps 0
name: p_942
step: 10000
specie: 20
	particle_diameter: 1.0000000000000000
	interaction_length: 1.2000000000000000
	number_of_patches: 3
	number_of_particles_per_compound: 1
	rod_length: 1.0000000000000000
	interaction_matrix:  1.000000 1.000000 1.000000 1.000000 1.000000 1.000000 1.000000 1.000000 1.000000
	patch_type: symmetric
	patch_width: 8.0000000000000000
	patch_angle: 0.0000000000000000
	angles:  0.000000 0.000000 0.000000
	grand_canonical: 0
	chemical_potential: 0.0000000000000000
box: 39.962958 39.962958
copy: 1.000000 1.000000
epsilon: 0.0689660000000000
end_epsilon: 0.0000000000000000
pressure: 0.1896560000000000
lambda: 0.0000000000000000
lambda_coupling: 1.0000000000000000
uy: 0.0000000000000000
maximum_displacement: 1.0000000000000000
maximum_rotation: 1.0000000000000000
maximum_volume: 1.0000000000000000
maximum_shape: 0.0000001000000000
maximum_dsigma: 0.0100000000000000
mod: 10
pmod: 10
optimize: 1
verbose: 1
snapshot: 0
display: 1
explore: 1
npt: 1
nptxy: 0
nptdxdy: 0
shape: 0
seed: 1073845
315.850892817619 -1.774366655489 0.866025403784 0.500000000000
72.806432462369 68.902999499104 0.000000000000 1.000000000000
-10.329444978253 -106.444100126064 0.000000000000 1.000000000000
68.248126142564 -214.935698525956 0.866025403784 -0.500000000000
-192.062438497850 60.920207609529 0.866025403784 -0.500000000000
-13.008839082974 162.478032456911 0.866025403784 -0.500000000000
57.178948087427 25.493731916821 0.866025403784 -0.500000000000
-145.549319339463 89.358394634026 0.866025403784 0.500000000000
-58.229615784213 99.753983863804 0.000000000000 1.000000000000
-62.657604788975 68.108950670993 0.866025403784 -0.500000000000
-59.909146652336 36.394253339351 0.000000000000 1.000000000000
-35.874130460489 -74.814493860409 0.000000000000 1.000000000000
31.349408976439 -9.290214769486 0.866025403784 0.500000000000
163.490719928539 -303.314450953227 0.866025403784 0.500000000000
206.965969698588 43.519450457574 0.866025403784 -0.500000000000
-117.376277544571 -50.402073786411 0.866025403784 0.500000000000
15.307241936903 24.948237909767 0.866025403784 0.500000000000
-201.894273905909 -59.975635445827 0.866025403784 0.500000000000
90.276731464321 -35.217027397520 0.000000000000 1.000000000000
9.797922356572 347.965277485947 0.866025403784 -0.500000000000
