#Configurational_file created 2018-09-14 12:01:29  started 2018-09-14 12:01:29 run for 0.0s steps 0
name: p_954
step: 10000
specie: 20
	particle_diameter: 1.0000000000000000
	interaction_length: 1.2000000000000000
	number_of_patches: 3
	number_of_particles_per_compound: 1
	rod_length: 1.0000000000000000
	interaction_matrix:  1.000000 1.000000 1.000000 1.000000 1.000000 1.000000 1.000000 1.000000 1.000000
	patch_type: symmetric
	patch_width: 8.0000000000000000
	patch_angle: 0.0000000000000000
	angles:  0.000000 0.000000 0.000000
	grand_canonical: 0
	chemical_potential: 0.0000000000000000
box: 48.802921 48.802921
copy: 1.000000 1.000000
epsilon: 0.0270840000000000
end_epsilon: 0.0000000000000000
pressure: 0.0125010000000000
lambda: 0.0000000000000000
lambda_coupling: 1.0000000000000000
uy: 0.0000000000000000
maximum_displacement: 1.0000000000000000
maximum_rotation: 1.0000000000000000
maximum_volume: 1.0000000000000000
maximum_shape: 0.0000001000000000
maximum_dsigma: 0.0100000000000000
mod: 10
pmod: 10
optimize: 1
verbose: 1
snapshot: 0
display: 1
explore: 1
npt: 1
nptxy: 0
nptdxdy: 0
shape: 0
seed: 1087489
-47.044850846450 -42.920289874361 0.000000000000 1.000000000000
70.829587666553 -159.303637738672 0.000000000000 1.000000000000
9.961319829484 -167.987276297170 0.000000000000 1.000000000000
-204.528900406070 36.269931464692 0.866025403784 0.500000000000
82.904424260188 -102.426121414809 0.000000000000 1.000000000000
21.412218824397 119.905335644249 0.000000000000 1.000000000000
185.814705705624 86.066454262345 0.866025403784 -0.500000000000
14.193821930997 -219.688044047121 0.000000000000 1.000000000000
283.738196811280 119.373339144621 0.866025403784 -0.500000000000
-29.287491750920 -53.935619273007 0.866025403784 -0.500000000000
-124.561086890823 -171.824601042802 0.866025403784 -0.500000000000
281.936843881586 27.938743604170 0.000000000000 1.000000000000
6.089874073446 312.793648891871 0.866025403784 -0.500000000000
-105.796939661759 149.318767936980 0.866025403784 -0.500000000000
8.390394164458 8.486341969266 0.000000000000 1.000000000000
-5.953259828516 252.978787171942 0.000000000000 1.000000000000
185.202471356036 158.513147138769 0.000000000000 1.000000000000
66.632027052720 -3.516656040613 0.000000000000 1.000000000000
280.467133923182 107.382193247293 0.866025403784 0.500000000000
-51.345430589290 -284.595535056780 0.866025403784 0.500000000000
