#Configurational_file created 2018-09-14 11:06:37  started 2018-09-14 11:06:36 run for 1.0s steps 0
name: p_95
step: 10000
specie: 20
	particle_diameter: 1.0000000000000000
	interaction_length: 1.2000000000000000
	number_of_patches: 3
	number_of_particles_per_compound: 1
	rod_length: 1.0000000000000000
	interaction_matrix:  1.000000 1.000000 1.000000 1.000000 1.000000 1.000000 1.000000 1.000000 1.000000
	patch_type: symmetric
	patch_width: 8.0000000000000000
	patch_angle: 0.0000000000000000
	angles:  0.000000 0.000000 0.000000
	grand_canonical: 0
	chemical_potential: 0.0000000000000000
box: 8.835381 8.835381
copy: 1.000000 1.000000
epsilon: 0.2143430000000000
end_epsilon: 0.0000000000000000
pressure: 1.7142999999999999
lambda: 0.0000000000000000
lambda_coupling: 1.0000000000000000
uy: 0.0000000000000000
maximum_displacement: 1.0000000000000000
maximum_rotation: 1.0000000000000000
maximum_volume: 1.0000000000000000
maximum_shape: 0.0000001000000000
maximum_dsigma: 0.0100000000000000
mod: 10
pmod: 10
optimize: 1
verbose: 1
snapshot: 0
display: 1
explore: 1
npt: 1
nptxy: 0
nptdxdy: 0
shape: 0
seed: 110885
-74.350735117739 49.682294927196 0.000000000000 1.000000000000
-30.766676177039 10.258011381986 0.866025403784 -0.500000000000
-80.933062614653 8.757650460894 0.866025403784 -0.500000000000
-12.062876470709 -24.731502975151 0.866025403784 -0.500000000000
-6.005059273239 -140.655667740383 0.866025403784 0.500000000000
61.439267354670 36.412812850240 0.000000000000 1.000000000000
75.087531585265 79.520991989541 0.866025403784 0.500000000000
-19.001699358355 -55.426806118183 0.866025403784 0.500000000000
51.693654140568 -44.513256503416 0.000000000000 1.000000000000
-108.895495929316 -92.324198701154 0.000000000000 1.000000000000
92.505688325543 -47.551791087567 0.866025403784 -0.500000000000
-67.345361733914 -89.164676362694 0.866025403784 0.500000000000
18.747354017384 -7.320767501532 0.000000000000 1.000000000000
155.161189015866 80.477990927458 0.866025403784 0.500000000000
66.707315476697 -28.399365710396 0.866025403784 -0.500000000000
-106.516917926734 -133.709030578807 0.000000000000 1.000000000000
20.222606100518 29.981137554085 0.866025403784 0.500000000000
12.278258389888 19.718000297297 0.866025403784 -0.500000000000
-3.572413763486 -84.567362766928 0.866025403784 0.500000000000
16.759354965745 -93.031306759210 0.866025403784 -0.500000000000
