#Configurational_file created 2018-09-14 12:01:26  started 2018-09-14 12:01:26 run for 0.0s steps 0
name: p_950
step: 10000
specie: 20
	particle_diameter: 1.0000000000000000
	interaction_length: 1.2000000000000000
	number_of_patches: 3
	number_of_particles_per_compound: 1
	rod_length: 1.0000000000000000
	interaction_matrix:  1.000000 1.000000 1.000000 1.000000 1.000000 1.000000 1.000000 1.000000 1.000000
	patch_type: symmetric
	patch_width: 8.0000000000000000
	patch_angle: 0.0000000000000000
	angles:  0.000000 0.000000 0.000000
	grand_canonical: 0
	chemical_potential: 0.0000000000000000
box: 43.838938 43.838938
copy: 1.000000 1.000000
epsilon: 0.0250010000000000
end_epsilon: 0.0000000000000000
pressure: 0.1000000000000000
lambda: 0.0000000000000000
lambda_coupling: 1.0000000000000000
uy: 0.0000000000000000
maximum_displacement: 1.0000000000000000
maximum_rotation: 1.0000000000000000
maximum_volume: 1.0000000000000000
maximum_shape: 0.0000001000000000
maximum_dsigma: 0.0100000000000000
mod: 10
pmod: 10
optimize: 1
verbose: 1
snapshot: 0
display: 1
explore: 1
npt: 1
nptxy: 0
nptdxdy: 0
shape: 0
seed: 1082941
-112.011688669097 125.022525547902 0.000000000000 1.000000000000
-119.426172297055 319.385062249079 0.866025403784 -0.500000000000
255.495398044562 -39.121627043834 0.866025403784 -0.500000000000
12.528226965405 -190.295342903017 0.000000000000 1.000000000000
19.820005901430 163.295189956761 0.866025403784 -0.500000000000
-157.308130687198 -120.598866502488 0.000000000000 1.000000000000
132.783956073993 -295.491194635089 0.866025403784 -0.500000000000
28.216367473749 16.454933809439 0.000000000000 1.000000000000
-60.817308792576 41.839817210409 0.866025403784 -0.500000000000
79.629082539216 24.526969808267 0.866025403784 -0.500000000000
3.334593210257 -23.600389003554 0.000000000000 1.000000000000
153.346045155650 137.803228252476 0.866025403784 0.500000000000
113.099791526149 92.426225783518 0.000000000000 1.000000000000
100.408646962560 -250.341468228856 0.000000000000 1.000000000000
314.011775400002 160.227696638410 0.000000000000 1.000000000000
155.531304084591 -58.067708558928 0.866025403784 0.500000000000
-195.993229110793 61.023126999881 0.866025403784 -0.500000000000
116.244606001115 -117.428939326197 0.866025403784 0.500000000000
244.400107837072 165.404646608648 0.866025403784 0.500000000000
328.605551699898 -368.385067233919 0.866025403784 0.500000000000
