#Configurational_file created 2018-09-14 13:57:16  started 2018-09-14 13:57:15 run for 1.0s steps 0
name: p_957
step: 10000
specie: 20
	particle_diameter: 1.0000000000000000
	interaction_length: 1.2000000000000000
	number_of_patches: 3
	number_of_particles_per_compound: 1
	rod_length: 1.0000000000000000
	interaction_matrix:  1.000000 1.000000 1.000000 1.000000 1.000000 1.000000 1.000000 1.000000 1.000000
	patch_type: symmetric
	patch_width: 8.0000000000000000
	patch_angle: 0.0000000000000000
	angles:  0.000000 0.000000 0.000000
	grand_canonical: 0
	chemical_potential: 0.0000000000000000
box: 24.399515 24.399515
copy: 1.000000 1.000000
epsilon: 0.0689660000000000
end_epsilon: 0.0000000000000000
pressure: 0.4482760000000000
lambda: 0.0000000000000000
lambda_coupling: 1.0000000000000000
uy: 0.0000000000000000
maximum_displacement: 1.0000000000000000
maximum_rotation: 1.0000000000000000
maximum_volume: 1.0000000000000000
maximum_shape: 0.0000001000000000
maximum_dsigma: 0.0100000000000000
mod: 10
pmod: 10
optimize: 1
verbose: 1
snapshot: 0
display: 1
explore: 1
npt: 1
nptxy: 0
nptdxdy: 0
shape: 0
seed: 1090900
72.243874571895 121.799193352445 0.866025403784 -0.500000000000
86.615069638962 101.862918448040 0.866025403784 0.500000000000
42.271891564571 32.721378630182 0.866025403784 -0.500000000000
-154.461920082726 55.806304067644 0.000000000000 1.000000000000
169.058769421096 -153.308923952157 0.866025403784 -0.500000000000
-16.661064248566 -116.394886535691 0.000000000000 1.000000000000
237.491350573648 -30.521304072072 0.000000000000 1.000000000000
-177.716789414628 153.480784278857 0.000000000000 1.000000000000
26.818638132297 67.676310653406 0.866025403784 -0.500000000000
111.042258547540 -213.633131399804 0.866025403784 0.500000000000
35.412553937809 -155.293262467517 0.000000000000 1.000000000000
6.687707235001 21.378929698702 0.000000000000 1.000000000000
-214.625165305859 -177.912211452686 0.866025403784 -0.500000000000
-86.192976219002 27.581102566816 0.000000000000 1.000000000000
90.801230356494 -191.501955136945 0.000000000000 1.000000000000
-48.274771542322 -222.735990933503 0.866025403784 -0.500000000000
65.675731885181 0.140045313048 0.866025403784 0.500000000000
-31.929879968279 47.433029301174 0.000000000000 1.000000000000
158.901139751612 -102.023616833835 0.000000000000 1.000000000000
-130.573816700215 109.091809446580 0.000000000000 1.000000000000
