#Configurational_file created 2018-09-14 12:01:29  started 2018-09-14 12:01:28 run for 1.0s steps 0
name: p_953
step: 10000
specie: 20
	particle_diameter: 1.0000000000000000
	interaction_length: 1.2000000000000000
	number_of_patches: 3
	number_of_particles_per_compound: 1
	rod_length: 1.0000000000000000
	interaction_matrix:  1.000000 1.000000 1.000000 1.000000 1.000000 1.000000 1.000000 1.000000 1.000000
	patch_type: symmetric
	patch_width: 8.0000000000000000
	patch_angle: 0.0000000000000000
	angles:  0.000000 0.000000 0.000000
	grand_canonical: 0
	chemical_potential: 0.0000000000000000
box: 50.117296 50.117296
copy: 1.000000 1.000000
epsilon: 0.0270840000000000
end_epsilon: 0.0000000000000000
pressure: 0.0083340000000000
lambda: 0.0000000000000000
lambda_coupling: 1.0000000000000000
uy: 0.0000000000000000
maximum_displacement: 1.0000000000000000
maximum_rotation: 1.0000000000000000
maximum_volume: 1.0000000000000000
maximum_shape: 0.0000001000000000
maximum_dsigma: 0.0100000000000000
mod: 10
pmod: 10
optimize: 1
verbose: 1
snapshot: 0
display: 1
explore: 1
npt: 1
nptxy: 0
nptdxdy: 0
shape: 0
seed: 1086352
-183.103753907810 48.342099415407 0.000000000000 1.000000000000
401.630845267175 61.194824986165 0.000000000000 1.000000000000
-194.078564370541 -233.032808705281 0.866025403784 0.500000000000
-53.195854214125 -73.307512592713 0.866025403784 0.500000000000
289.819934421482 -86.785006202999 0.000000000000 1.000000000000
-13.565129263933 138.813343461381 0.866025403784 -0.500000000000
-109.360794884428 397.873261195504 0.000000000000 1.000000000000
277.777439097937 -40.064820697251 0.000000000000 1.000000000000
-30.538590057173 -178.034407628209 0.866025403784 0.500000000000
66.873901832764 -78.414774789280 0.866025403784 0.500000000000
-298.880402648705 56.178053306789 0.000000000000 1.000000000000
127.535733323970 40.858321657821 0.000000000000 1.000000000000
-99.101089330131 192.884049328624 0.000000000000 1.000000000000
-13.505184813781 43.356898062970 0.000000000000 1.000000000000
-132.396334256262 106.279744886095 0.000000000000 1.000000000000
101.252952747528 -73.689956659588 0.000000000000 1.000000000000
-6.987384548604 -203.246794826844 0.000000000000 1.000000000000
248.162851216947 -218.517996503459 0.866025403784 0.500000000000
14.425903030695 195.255662420765 0.866025403784 -0.500000000000
31.744889112749 188.573638126729 0.000000000000 1.000000000000
