#Configurational_file created 2018-09-14 12:01:33  started 2018-09-14 12:01:32 run for 1.0s steps 0
name: p_959
step: 10000
specie: 20
	particle_diameter: 1.0000000000000000
	interaction_length: 1.2000000000000000
	number_of_patches: 3
	number_of_particles_per_compound: 1
	rod_length: 1.0000000000000000
	interaction_matrix:  1.000000 1.000000 1.000000 1.000000 1.000000 1.000000 1.000000 1.000000 1.000000
	patch_type: symmetric
	patch_width: 8.0000000000000000
	patch_angle: 0.0000000000000000
	angles:  0.000000 0.000000 0.000000
	grand_canonical: 0
	chemical_potential: 0.0000000000000000
box: 53.961695 53.961695
copy: 1.000000 1.000000
epsilon: 0.0270840000000000
end_epsilon: 0.0000000000000000
pressure: 0.0333340000000000
lambda: 0.0000000000000000
lambda_coupling: 1.0000000000000000
uy: 0.0000000000000000
maximum_displacement: 1.0000000000000000
maximum_rotation: 1.0000000000000000
maximum_volume: 1.0000000000000000
maximum_shape: 0.0000001000000000
maximum_dsigma: 0.0100000000000000
mod: 10
pmod: 10
optimize: 1
verbose: 1
snapshot: 0
display: 1
explore: 1
npt: 1
nptxy: 0
nptdxdy: 0
shape: 0
seed: 1093174
-24.924623752962 92.590632754568 0.866025403784 -0.500000000000
238.684095430180 61.176939361636 0.866025403784 -0.500000000000
46.193550354868 -111.371464124141 0.866025403784 -0.500000000000
14.718623363653 2.021905433709 0.866025403784 0.500000000000
-298.790249101355 54.060169423070 0.866025403784 -0.500000000000
-6.925661843436 -26.826854124405 0.000000000000 1.000000000000
-88.621727443632 -190.952898652400 0.866025403784 -0.500000000000
-42.873169683705 284.891612248112 0.866025403784 -0.500000000000
76.549243509437 314.955764639393 0.866025403784 -0.500000000000
257.824919151401 108.430909557112 0.000000000000 1.000000000000
122.470206777785 133.145352944926 0.866025403784 -0.500000000000
-334.357216191650 49.684951894442 0.866025403784 0.500000000000
528.527011793807 194.355548329520 0.000000000000 1.000000000000
140.476460937209 347.451837783948 0.000000000000 1.000000000000
-197.437626142057 262.795279551971 0.000000000000 1.000000000000
-17.789460707495 -173.114127812679 0.866025403784 -0.500000000000
-22.455031645235 271.407647411662 0.866025403784 -0.500000000000
153.915742266465 -126.193560669413 0.866025403784 0.500000000000
56.377388161941 183.438681376320 0.866025403784 -0.500000000000
415.072921905925 95.729729409764 0.866025403784 0.500000000000
