#Configurational_file created 2018-09-14 11:33:53  started 2018-09-14 11:33:52 run for 1.0s steps 0
name: p_955
step: 10000
specie: 20
	particle_diameter: 1.0000000000000000
	interaction_length: 1.2000000000000000
	number_of_patches: 3
	number_of_particles_per_compound: 1
	rod_length: 1.0000000000000000
	interaction_matrix:  1.000000 1.000000 1.000000 1.000000 1.000000 1.000000 1.000000 1.000000 1.000000
	patch_type: symmetric
	patch_width: 8.0000000000000000
	patch_angle: 0.0000000000000000
	angles:  0.000000 0.000000 0.000000
	grand_canonical: 0
	chemical_potential: 0.0000000000000000
box: 14.833341 14.833341
copy: 1.000000 1.000000
epsilon: 0.2708790000000000
end_epsilon: 0.0000000000000000
pressure: 0.3334170000000000
lambda: 0.0000000000000000
lambda_coupling: 1.0000000000000000
uy: 0.0000000000000000
maximum_displacement: 1.0000000000000000
maximum_rotation: 1.0000000000000000
maximum_volume: 1.0000000000000000
maximum_shape: 0.0000001000000000
maximum_dsigma: 0.0100000000000000
mod: 10
pmod: 10
optimize: 1
verbose: 1
snapshot: 0
display: 1
explore: 1
npt: 1
nptxy: 0
nptdxdy: 0
shape: 0
seed: 1088626
-57.485178503278 -19.690237555263 0.866025403784 -0.500000000000
108.756006596550 181.720648705186 0.866025403784 -0.500000000000
-21.387430976257 59.342361726009 0.000000000000 1.000000000000
-91.236473430142 28.194339905251 0.866025403784 -0.500000000000
70.326119801509 23.778019289465 0.866025403784 0.500000000000
-131.335826836586 28.953185406411 0.866025403784 0.500000000000
42.810415451226 -201.941624124878 0.866025403784 -0.500000000000
-91.885035492474 35.178030797656 0.866025403784 -0.500000000000
15.149695138068 -62.467777652248 0.000000000000 1.000000000000
122.439432072343 29.034937835089 0.866025403784 0.500000000000
-81.272669945201 -95.188813487133 0.866025403784 0.500000000000
54.001170325863 61.362802564429 0.000000000000 1.000000000000
-168.321622926908 2.701061090995 0.866025403784 -0.500000000000
88.369617400518 187.223733716311 0.000000000000 1.000000000000
7.517660278421 28.164357064435 0.866025403784 0.500000000000
108.076060553568 104.268501160933 0.866025403784 -0.500000000000
187.004673459651 -40.189625566470 0.866025403784 0.500000000000
240.958473536104 62.289567502025 0.866025403784 -0.500000000000
17.182003336991 34.198899782288 0.866025403784 -0.500000000000
-0.608393672627 57.923281542533 0.866025403784 -0.500000000000
