#Configurational_file created 2018-09-14 13:57:12  started 2018-09-14 13:57:11 run for 1.0s steps 0
name: p_951
step: 10000
specie: 20
	particle_diameter: 1.0000000000000000
	interaction_length: 1.2000000000000000
	number_of_patches: 3
	number_of_particles_per_compound: 1
	rod_length: 1.0000000000000000
	interaction_matrix:  1.000000 1.000000 1.000000 1.000000 1.000000 1.000000 1.000000 1.000000 1.000000
	patch_type: symmetric
	patch_width: 8.0000000000000000
	patch_angle: 0.0000000000000000
	angles:  0.000000 0.000000 0.000000
	grand_canonical: 0
	chemical_potential: 0.0000000000000000
box: 28.584100 28.584100
copy: 1.000000 1.000000
epsilon: 0.0689660000000000
end_epsilon: 0.0000000000000000
pressure: 0.3448280000000000
lambda: 0.0000000000000000
lambda_coupling: 1.0000000000000000
uy: 0.0000000000000000
maximum_displacement: 1.0000000000000000
maximum_rotation: 1.0000000000000000
maximum_volume: 1.0000000000000000
maximum_shape: 0.0000001000000000
maximum_dsigma: 0.0100000000000000
mod: 10
pmod: 10
optimize: 1
verbose: 1
snapshot: 0
display: 1
explore: 1
npt: 1
nptxy: 0
nptdxdy: 0
shape: 0
seed: 1084078
34.940190491138 -8.804746217990 0.866025403784 -0.500000000000
76.928443854385 -6.482349176639 0.000000000000 1.000000000000
-131.350349903796 112.370963917353 0.866025403784 0.500000000000
-9.904622360537 57.045992508452 0.000000000000 1.000000000000
-189.461819232553 -79.708358788543 0.000000000000 1.000000000000
17.890226799351 364.085101405496 0.866025403784 0.500000000000
-22.822154740308 58.267051256333 0.000000000000 1.000000000000
-136.523350129873 -53.686342556699 0.000000000000 1.000000000000
-33.417651762346 132.479931492562 0.000000000000 1.000000000000
42.094054833792 -59.034454007204 0.866025403784 -0.500000000000
-27.942855432695 -12.322926394387 0.866025403784 -0.500000000000
71.366290659899 168.340256056645 0.866025403784 0.500000000000
5.935779421892 -40.082001513246 0.866025403784 0.500000000000
99.982930010763 -50.036566151040 0.000000000000 1.000000000000
164.221002666473 -125.601211321395 0.866025403784 -0.500000000000
-44.566548172693 275.429022273825 0.866025403784 -0.500000000000
-47.188394891694 -132.434390735299 0.866025403784 -0.500000000000
-63.346498965834 -159.655285714107 0.866025403784 -0.500000000000
-237.889231321350 -43.200999092440 0.866025403784 -0.500000000000
-130.004522198648 -24.854317934568 0.000000000000 1.000000000000
