#Configurational_file created 2018-09-14 11:33:55  started 2018-09-14 11:33:54 run for 1.0s steps 0
name: p_958
step: 10000
specie: 20
	particle_diameter: 1.0000000000000000
	interaction_length: 1.2000000000000000
	number_of_patches: 3
	number_of_particles_per_compound: 1
	rod_length: 1.0000000000000000
	interaction_matrix:  1.000000 1.000000 1.000000 1.000000 1.000000 1.000000 1.000000 1.000000 1.000000
	patch_type: symmetric
	patch_width: 8.0000000000000000
	patch_angle: 0.0000000000000000
	angles:  0.000000 0.000000 0.000000
	grand_canonical: 0
	chemical_potential: 0.0000000000000000
box: 13.564792 13.564792
copy: 1.000000 1.000000
epsilon: 0.2708790000000000
end_epsilon: 0.0000000000000000
pressure: 0.5834040000000000
lambda: 0.0000000000000000
lambda_coupling: 1.0000000000000000
uy: 0.0000000000000000
maximum_displacement: 1.0000000000000000
maximum_rotation: 1.0000000000000000
maximum_volume: 1.0000000000000000
maximum_shape: 0.0000001000000000
maximum_dsigma: 0.0100000000000000
mod: 10
pmod: 10
optimize: 1
verbose: 1
snapshot: 0
display: 1
explore: 1
npt: 1
nptxy: 0
nptdxdy: 0
shape: 0
seed: 1092037
-24.369636119990 183.088659137109 0.866025403784 0.500000000000
-20.104215048599 -158.928459699317 0.866025403784 -0.500000000000
-179.501966036407 18.338366483874 0.000000000000 1.000000000000
82.833856305259 -46.015545702067 0.866025403784 -0.500000000000
-57.505414056403 -38.110483184215 0.000000000000 1.000000000000
-52.205981616491 -137.189476790839 0.866025403784 -0.500000000000
84.703560110368 -37.292679029442 0.000000000000 1.000000000000
150.748972168967 -34.612975543815 0.866025403784 -0.500000000000
-47.843156319479 155.163967538146 0.866025403784 0.500000000000
51.902659433874 -116.288416269258 0.000000000000 1.000000000000
59.607597515815 -15.050838595811 0.866025403784 -0.500000000000
64.291809215627 -29.133525312409 0.866025403784 0.500000000000
71.392648893938 169.406992715114 0.000000000000 1.000000000000
-58.292467749603 -35.230909159953 0.866025403784 -0.500000000000
57.148854267968 183.658063028123 0.866025403784 -0.500000000000
-15.010323908625 175.037434819552 0.000000000000 1.000000000000
0.661594377282 -108.776021914797 0.866025403784 -0.500000000000
54.055257565712 160.343345719785 0.000000000000 1.000000000000
-75.953262588699 71.177915967432 0.000000000000 1.000000000000
-133.594067252294 -49.808543821585 0.866025403784 -0.500000000000
