#Configurational_file created 2018-09-14 11:33:54  started 2018-09-14 11:33:53 run for 1.0s steps 0
name: p_957
step: 10000
specie: 20
	particle_diameter: 1.0000000000000000
	interaction_length: 1.2000000000000000
	number_of_patches: 3
	number_of_particles_per_compound: 1
	rod_length: 1.0000000000000000
	interaction_matrix:  1.000000 1.000000 1.000000 1.000000 1.000000 1.000000 1.000000 1.000000 1.000000
	patch_type: symmetric
	patch_width: 8.0000000000000000
	patch_angle: 0.0000000000000000
	angles:  0.000000 0.000000 0.000000
	grand_canonical: 0
	chemical_potential: 0.0000000000000000
box: 14.169180 14.169180
copy: 1.000000 1.000000
epsilon: 0.2708790000000000
end_epsilon: 0.0000000000000000
pressure: 0.5000750000000000
lambda: 0.0000000000000000
lambda_coupling: 1.0000000000000000
uy: 0.0000000000000000
maximum_displacement: 1.0000000000000000
maximum_rotation: 1.0000000000000000
maximum_volume: 1.0000000000000000
maximum_shape: 0.0000001000000000
maximum_dsigma: 0.0100000000000000
mod: 10
pmod: 10
optimize: 1
verbose: 1
snapshot: 0
display: 1
explore: 1
npt: 1
nptxy: 0
nptdxdy: 0
shape: 0
seed: 1090900
45.403517702420 -12.977192651786 0.000000000000 1.000000000000
85.609974997003 12.152675945790 0.866025403784 -0.500000000000
-26.683183929929 30.727562589451 0.866025403784 0.500000000000
-180.807203267402 -0.029252549724 0.000000000000 1.000000000000
313.054829855815 -10.922124560052 0.866025403784 -0.500000000000
-51.580464333504 -78.751803598266 0.866025403784 0.500000000000
16.151692156665 -112.882706781258 0.000000000000 1.000000000000
-25.657495414008 -104.252277831946 0.866025403784 0.500000000000
38.778273625023 112.850470948655 0.000000000000 1.000000000000
32.750428316531 -17.781524214806 0.866025403784 -0.500000000000
-14.874442100854 47.558462532658 0.866025403784 0.500000000000
-24.009361063521 100.628143144508 0.000000000000 1.000000000000
-59.482264302576 16.935327277199 0.866025403784 -0.500000000000
30.809746559934 -34.851221306971 0.000000000000 1.000000000000
-97.562386688804 -161.759158321185 0.866025403784 -0.500000000000
75.032394749067 -90.738069695599 0.866025403784 0.500000000000
7.248626214391 65.227736685025 0.866025403784 0.500000000000
24.882473689918 14.770141065183 0.866025403784 0.500000000000
-29.333947526114 -10.874699261356 0.000000000000 1.000000000000
-76.535262084056 -43.846123413992 0.000000000000 1.000000000000
