#Configurational_file created 2018-09-14 11:33:51  started 2018-09-14 11:33:51 run for 0.0s steps 0
name: p_953
step: 10000
specie: 20
	particle_diameter: 1.0000000000000000
	interaction_length: 1.2000000000000000
	number_of_patches: 3
	number_of_particles_per_compound: 1
	rod_length: 1.0000000000000000
	interaction_matrix:  1.000000 1.000000 1.000000 1.000000 1.000000 1.000000 1.000000 1.000000 1.000000
	patch_type: symmetric
	patch_width: 8.0000000000000000
	patch_angle: 0.0000000000000000
	angles:  0.000000 0.000000 0.000000
	grand_canonical: 0
	chemical_potential: 0.0000000000000000
box: 23.927482 23.927482
copy: 1.000000 1.000000
epsilon: 0.2708790000000000
end_epsilon: 0.0000000000000000
pressure: 0.1667580000000000
lambda: 0.0000000000000000
lambda_coupling: 1.0000000000000000
uy: 0.0000000000000000
maximum_displacement: 1.0000000000000000
maximum_rotation: 1.0000000000000000
maximum_volume: 1.0000000000000000
maximum_shape: 0.0000001000000000
maximum_dsigma: 0.0100000000000000
mod: 10
pmod: 10
optimize: 1
verbose: 1
snapshot: 0
display: 1
explore: 1
npt: 1
nptxy: 0
nptdxdy: 0
shape: 0
seed: 1086352
50.675646395336 75.859809200006 0.866025403784 -0.500000000000
188.364998378118 110.357926951037 0.866025403784 -0.500000000000
44.367776205659 -38.007318870731 0.866025403784 -0.500000000000
-32.139633758666 -156.662578097228 0.000000000000 1.000000000000
157.669868194404 -120.081804718448 0.000000000000 1.000000000000
70.701684885551 15.724443806302 0.866025403784 -0.500000000000
111.752131499566 11.947061847755 0.866025403784 0.500000000000
142.251574804140 20.519531043349 0.866025403784 0.500000000000
-3.519728125736 -191.713985199501 0.866025403784 0.500000000000
-95.445452183168 70.322808271813 0.866025403784 -0.500000000000
-147.520669147914 -171.307910804090 0.866025403784 0.500000000000
102.608951330508 -64.638454753218 0.866025403784 0.500000000000
-243.414049449417 -110.405441496380 0.000000000000 1.000000000000
61.115743124992 108.228396538806 0.866025403784 0.500000000000
-146.487583084448 148.660277483954 0.866025403784 -0.500000000000
-69.222987184363 -22.435254758397 0.866025403784 0.500000000000
-113.174424238390 -193.486816171317 0.866025403784 -0.500000000000
-43.941261061574 -59.083755179510 0.866025403784 -0.500000000000
84.372476816147 129.162577013900 0.000000000000 1.000000000000
55.235469933206 202.056721570501 0.866025403784 0.500000000000
