#Configurational_file created 2018-09-14 13:57:13  started 2018-09-14 13:57:12 run for 1.0s steps 0
name: p_952
step: 10000
specie: 20
	particle_diameter: 1.0000000000000000
	interaction_length: 1.2000000000000000
	number_of_patches: 3
	number_of_particles_per_compound: 1
	rod_length: 1.0000000000000000
	interaction_matrix:  1.000000 1.000000 1.000000 1.000000 1.000000 1.000000 1.000000 1.000000 1.000000
	patch_type: symmetric
	patch_width: 8.0000000000000000
	patch_angle: 0.0000000000000000
	angles:  0.000000 0.000000 0.000000
	grand_canonical: 0
	chemical_potential: 0.0000000000000000
box: 29.935888 29.935888
copy: 1.000000 1.000000
epsilon: 0.0689660000000000
end_epsilon: 0.0000000000000000
pressure: 0.3620690000000000
lambda: 0.0000000000000000
lambda_coupling: 1.0000000000000000
uy: 0.0000000000000000
maximum_displacement: 1.0000000000000000
maximum_rotation: 1.0000000000000000
maximum_volume: 1.0000000000000000
maximum_shape: 0.0000001000000000
maximum_dsigma: 0.0100000000000000
mod: 10
pmod: 10
optimize: 1
verbose: 1
snapshot: 0
display: 1
explore: 1
npt: 1
nptxy: 0
nptdxdy: 0
shape: 0
seed: 1085215
328.156214763086 140.223113391964 0.000000000000 1.000000000000
-74.401550203833 -86.023421320179 0.866025403784 -0.500000000000
167.365478049137 -0.642105396098 0.866025403784 0.500000000000
79.103534272555 70.421625574684 0.866025403784 0.500000000000
7.317987467924 -217.590913204409 0.000000000000 1.000000000000
35.619361684884 146.551722907082 0.000000000000 1.000000000000
-49.359665012116 55.379424013264 0.866025403784 -0.500000000000
-2.465355856815 147.043947555041 0.866025403784 0.500000000000
-105.438603862537 101.122857018610 0.866025403784 0.500000000000
12.812053858722 153.709370910928 0.000000000000 1.000000000000
46.409796105778 -226.964767388149 0.866025403784 0.500000000000
-81.698979844414 -126.569144527535 0.866025403784 0.500000000000
322.922989873156 25.309246764020 0.866025403784 -0.500000000000
70.184740503140 144.076682285519 0.866025403784 0.500000000000
-392.430529393560 139.422034710227 0.866025403784 -0.500000000000
81.350428322108 -167.851629979059 0.866025403784 0.500000000000
54.452112387505 -202.303863199246 0.000000000000 1.000000000000
62.673908261446 -61.320277947749 0.000000000000 1.000000000000
-67.887800878327 53.032879891639 0.866025403784 0.500000000000
-160.022034739339 14.844785064014 0.000000000000 1.000000000000
