#Configurational_file created 2018-09-14 11:33:52  started 2018-09-14 11:33:51 run for 1.0s steps 0
name: p_954
step: 10000
specie: 20
	particle_diameter: 1.0000000000000000
	interaction_length: 1.2000000000000000
	number_of_patches: 3
	number_of_particles_per_compound: 1
	rod_length: 1.0000000000000000
	interaction_matrix:  1.000000 1.000000 1.000000 1.000000 1.000000 1.000000 1.000000 1.000000 1.000000
	patch_type: symmetric
	patch_width: 8.0000000000000000
	patch_angle: 0.0000000000000000
	angles:  0.000000 0.000000 0.000000
	grand_canonical: 0
	chemical_potential: 0.0000000000000000
box: 20.046860 20.046860
copy: 1.000000 1.000000
epsilon: 0.2708790000000000
end_epsilon: 0.0000000000000000
pressure: 0.2500870000000000
lambda: 0.0000000000000000
lambda_coupling: 1.0000000000000000
uy: 0.0000000000000000
maximum_displacement: 1.0000000000000000
maximum_rotation: 1.0000000000000000
maximum_volume: 1.0000000000000000
maximum_shape: 0.0000001000000000
maximum_dsigma: 0.0100000000000000
mod: 10
pmod: 10
optimize: 1
verbose: 1
snapshot: 0
display: 1
explore: 1
npt: 1
nptxy: 0
nptdxdy: 0
shape: 0
seed: 1087489
20.398744777481 372.290433924751 0.866025403784 -0.500000000000
185.796062044275 -0.187399269837 0.866025403784 0.500000000000
207.762828763642 -183.064599545456 0.000000000000 1.000000000000
214.130022606803 -54.357833127996 0.866025403784 -0.500000000000
50.317158887556 -29.324784495269 0.866025403784 -0.500000000000
-65.157978628851 54.440147323415 0.866025403784 -0.500000000000
215.857826348277 145.212628625640 0.866025403784 0.500000000000
-233.332534152067 -44.506555875800 0.866025403784 -0.500000000000
-37.774463370266 14.307331161355 0.866025403784 -0.500000000000
-91.337309861907 88.357340895798 0.866025403784 0.500000000000
55.319130285224 26.425664822480 0.866025403784 -0.500000000000
124.600683598549 12.103323518093 0.000000000000 1.000000000000
46.051072317400 267.976467899746 0.866025403784 0.500000000000
-67.436050543939 57.244610153274 0.866025403784 0.500000000000
145.091120038154 -31.211457621779 0.000000000000 1.000000000000
7.214551304904 -69.979867102351 0.866025403784 0.500000000000
65.179607420638 -38.286984105484 0.000000000000 1.000000000000
76.712321009656 39.193280748274 0.866025403784 0.500000000000
-185.421110172959 -46.711315438878 0.000000000000 1.000000000000
47.196150315527 104.783060714747 0.000000000000 1.000000000000
