#Configurational_file created 2018-09-14 11:33:51  started 2018-09-14 11:33:50 run for 1.0s steps 0
name: p_952
step: 10000
specie: 20
	particle_diameter: 1.0000000000000000
	interaction_length: 1.2000000000000000
	number_of_patches: 3
	number_of_particles_per_compound: 1
	rod_length: 1.0000000000000000
	interaction_matrix:  1.000000 1.000000 1.000000 1.000000 1.000000 1.000000 1.000000 1.000000 1.000000
	patch_type: symmetric
	patch_width: 8.0000000000000000
	patch_angle: 0.0000000000000000
	angles:  0.000000 0.000000 0.000000
	grand_canonical: 0
	chemical_potential: 0.0000000000000000
box: 25.191578 25.191578
copy: 1.000000 1.000000
epsilon: 0.2708790000000000
end_epsilon: 0.0000000000000000
pressure: 0.0834290000000000
lambda: 0.0000000000000000
lambda_coupling: 1.0000000000000000
uy: 0.0000000000000000
maximum_displacement: 1.0000000000000000
maximum_rotation: 1.0000000000000000
maximum_volume: 1.0000000000000000
maximum_shape: 0.0000001000000000
maximum_dsigma: 0.0100000000000000
mod: 10
pmod: 10
optimize: 1
verbose: 1
snapshot: 0
display: 1
explore: 1
npt: 1
nptxy: 0
nptdxdy: 0
shape: 0
seed: 1085215
-57.031000551018 139.804431350192 0.866025403784 -0.500000000000
-96.422800353358 -176.012371813963 0.000000000000 1.000000000000
125.781307338246 33.416858454352 0.866025403784 -0.500000000000
36.407110210719 168.265367695603 0.866025403784 0.500000000000
-40.825374563413 122.712882035988 0.000000000000 1.000000000000
-35.095873535642 -110.439986946065 0.866025403784 -0.500000000000
-2.855950255099 85.593362338655 0.000000000000 1.000000000000
135.870095311214 107.272654106344 0.000000000000 1.000000000000
-11.627690937423 6.659905691457 0.000000000000 1.000000000000
-142.618812414154 45.935078692871 0.000000000000 1.000000000000
10.040907809320 -25.592750917668 0.000000000000 1.000000000000
-314.228489372829 -83.724945280987 0.866025403784 -0.500000000000
166.148597698667 198.116067466837 0.866025403784 -0.500000000000
36.655894129884 -29.201041671269 0.866025403784 -0.500000000000
-29.385198786433 16.287144059534 0.000000000000 1.000000000000
88.795952986431 -20.815978490853 0.000000000000 1.000000000000
-30.607402657073 36.451564798803 0.000000000000 1.000000000000
28.497570154435 -140.609920327433 0.000000000000 1.000000000000
31.890511207024 217.490024923495 0.000000000000 1.000000000000
-19.675366838553 119.535992206449 0.866025403784 0.500000000000
