#Configurational_file created 2018-09-14 13:57:11  started 2018-09-14 13:57:11 run for 0.0s steps 0
name: p_950
step: 10000
specie: 20
	particle_diameter: 1.0000000000000000
	interaction_length: 1.2000000000000000
	number_of_patches: 3
	number_of_particles_per_compound: 1
	rod_length: 1.0000000000000000
	interaction_matrix:  1.000000 1.000000 1.000000 1.000000 1.000000 1.000000 1.000000 1.000000 1.000000
	patch_type: symmetric
	patch_width: 8.0000000000000000
	patch_angle: 0.0000000000000000
	angles:  0.000000 0.000000 0.000000
	grand_canonical: 0
	chemical_potential: 0.0000000000000000
box: 27.238639 27.238639
copy: 1.000000 1.000000
epsilon: 0.0689660000000000
end_epsilon: 0.0000000000000000
pressure: 0.3275870000000000
lambda: 0.0000000000000000
lambda_coupling: 1.0000000000000000
uy: 0.0000000000000000
maximum_displacement: 1.0000000000000000
maximum_rotation: 1.0000000000000000
maximum_volume: 1.0000000000000000
maximum_shape: 0.0000001000000000
maximum_dsigma: 0.0100000000000000
mod: 10
pmod: 10
optimize: 1
verbose: 1
snapshot: 0
display: 1
explore: 1
npt: 1
nptxy: 0
nptdxdy: 0
shape: 0
seed: 1082941
97.815909567397 34.559808242978 0.866025403784 -0.500000000000
-169.284066048879 30.197798674539 0.866025403784 0.500000000000
53.210299300385 40.675318554462 0.866025403784 -0.500000000000
-117.171565926188 -200.746052684405 0.866025403784 -0.500000000000
104.958557879579 94.474467271796 0.866025403784 -0.500000000000
-21.194284472242 74.014387431017 0.000000000000 1.000000000000
13.372029891210 81.795831251201 0.866025403784 0.500000000000
70.439694251750 209.081219691777 0.866025403784 0.500000000000
-58.244018952897 -58.935439881183 0.000000000000 1.000000000000
-128.228796981658 -106.544082419722 0.866025403784 -0.500000000000
-91.168454969283 114.195727774647 0.866025403784 -0.500000000000
-195.688395535800 -6.707651757169 0.000000000000 1.000000000000
-57.646010488723 -15.064776906880 0.866025403784 0.500000000000
-114.625323765860 -109.437737422203 0.866025403784 0.500000000000
165.742227495384 165.947143413035 0.866025403784 0.500000000000
58.790083986277 77.152828295677 0.866025403784 -0.500000000000
-99.955876614467 93.559893316022 0.866025403784 0.500000000000
28.365903278955 -0.421874844943 0.866025403784 0.500000000000
8.151044303785 -30.149549624319 0.866025403784 0.500000000000
81.764386359396 -32.569000255448 0.866025403784 -0.500000000000
