#Configurational_file created 2018-09-14 13:57:15  started 2018-09-14 13:57:14 run for 1.0s steps 0
name: p_955
step: 10000
specie: 20
	particle_diameter: 1.0000000000000000
	interaction_length: 1.2000000000000000
	number_of_patches: 3
	number_of_particles_per_compound: 1
	rod_length: 1.0000000000000000
	interaction_matrix:  1.000000 1.000000 1.000000 1.000000 1.000000 1.000000 1.000000 1.000000 1.000000
	patch_type: symmetric
	patch_width: 8.0000000000000000
	patch_angle: 0.0000000000000000
	angles:  0.000000 0.000000 0.000000
	grand_canonical: 0
	chemical_potential: 0.0000000000000000
box: 31.161411 31.161411
copy: 1.000000 1.000000
epsilon: 0.0689660000000000
end_epsilon: 0.0000000000000000
pressure: 0.4137930000000000
lambda: 0.0000000000000000
lambda_coupling: 1.0000000000000000
uy: 0.0000000000000000
maximum_displacement: 1.0000000000000000
maximum_rotation: 1.0000000000000000
maximum_volume: 1.0000000000000000
maximum_shape: 0.0000001000000000
maximum_dsigma: 0.0100000000000000
mod: 10
pmod: 10
optimize: 1
verbose: 1
snapshot: 0
display: 1
explore: 1
npt: 1
nptxy: 0
nptdxdy: 0
shape: 0
seed: 1088626
-52.337565130321 213.906167271754 0.866025403784 0.500000000000
158.114421535253 10.720966432378 0.866025403784 0.500000000000
111.840904633474 -87.589614627677 0.866025403784 0.500000000000
104.650471463662 93.118197951737 0.000000000000 1.000000000000
141.770889036117 77.868579562693 0.000000000000 1.000000000000
-13.648225041155 -71.044914644812 0.866025403784 0.500000000000
273.525154937877 85.423233369544 0.866025403784 -0.500000000000
-140.402559564412 156.618919192095 0.866025403784 0.500000000000
196.295835715890 -126.200086424369 0.866025403784 0.500000000000
-10.103828000969 22.540939215692 0.866025403784 0.500000000000
-239.440354826217 -301.557423139940 0.866025403784 0.500000000000
181.510029187897 406.148708081372 0.866025403784 -0.500000000000
-32.312678635526 -145.567956344594 0.866025403784 0.500000000000
-163.599742111841 -27.632922058998 0.000000000000 1.000000000000
-218.431583815408 -115.779452850090 0.866025403784 -0.500000000000
81.015731092003 -204.272250455045 0.000000000000 1.000000000000
302.516863373713 -21.097509121157 0.866025403784 0.500000000000
83.193704198133 -117.529371108504 0.866025403784 -0.500000000000
-41.863997605212 32.397551635278 0.866025403784 0.500000000000
-46.991904776642 -120.805779620149 0.866025403784 -0.500000000000
