#Configurational_file created 2018-09-14 13:57:14  started 2018-09-14 13:57:13 run for 1.0s steps 0
name: p_954
step: 10000
specie: 20
	particle_diameter: 1.0000000000000000
	interaction_length: 1.2000000000000000
	number_of_patches: 3
	number_of_particles_per_compound: 1
	rod_length: 1.0000000000000000
	interaction_matrix:  1.000000 1.000000 1.000000 1.000000 1.000000 1.000000 1.000000 1.000000 1.000000
	patch_type: symmetric
	patch_width: 8.0000000000000000
	patch_angle: 0.0000000000000000
	angles:  0.000000 0.000000 0.000000
	grand_canonical: 0
	chemical_potential: 0.0000000000000000
box: 27.097219 27.097219
copy: 1.000000 1.000000
epsilon: 0.0689660000000000
end_epsilon: 0.0000000000000000
pressure: 0.3965520000000000
lambda: 0.0000000000000000
lambda_coupling: 1.0000000000000000
uy: 0.0000000000000000
maximum_displacement: 1.0000000000000000
maximum_rotation: 1.0000000000000000
maximum_volume: 1.0000000000000000
maximum_shape: 0.0000001000000000
maximum_dsigma: 0.0100000000000000
mod: 10
pmod: 10
optimize: 1
verbose: 1
snapshot: 0
display: 1
explore: 1
npt: 1
nptxy: 0
nptdxdy: 0
shape: 0
seed: 1087489
-15.093576265839 224.605411352048 0.000000000000 1.000000000000
263.163370596305 -85.060132055296 0.866025403784 0.500000000000
118.070940898940 180.103054167183 0.000000000000 1.000000000000
44.935741393783 -39.891582358428 0.000000000000 1.000000000000
-21.159939763371 -40.615282230376 0.866025403784 0.500000000000
93.214470085312 -9.033379309799 0.866025403784 0.500000000000
274.023654014440 -109.366941596592 0.000000000000 1.000000000000
-261.267779117700 25.791764500921 0.866025403784 0.500000000000
84.472426805791 119.926562586641 0.866025403784 0.500000000000
2.780036037705 -89.144511487478 0.866025403784 -0.500000000000
73.593901789238 -178.579620710229 0.866025403784 -0.500000000000
79.850102910294 35.622522106356 0.000000000000 1.000000000000
-43.106777516755 -2.443502978147 0.000000000000 1.000000000000
25.503107981729 -34.869150817507 0.000000000000 1.000000000000
56.087204604590 -59.479351202556 0.000000000000 1.000000000000
106.622864229234 -193.540854363710 0.866025403784 -0.500000000000
249.818506597418 -11.656502247872 0.866025403784 -0.500000000000
-17.397829756257 -60.085311054993 0.866025403784 0.500000000000
-80.248649450241 -6.378927753007 0.866025403784 0.500000000000
215.954743783061 112.243841520372 0.866025403784 -0.500000000000
