#Configurational_file created 2018-09-14 12:01:27  started 2018-09-14 12:01:26 run for 1.0s steps 0
name: p_951
step: 10000
specie: 20
	particle_diameter: 1.0000000000000000
	interaction_length: 1.2000000000000000
	number_of_patches: 3
	number_of_particles_per_compound: 1
	rod_length: 1.0000000000000000
	interaction_matrix:  1.000000 1.000000 1.000000 1.000000 1.000000 1.000000 1.000000 1.000000 1.000000
	patch_type: symmetric
	patch_width: 8.0000000000000000
	patch_angle: 0.0000000000000000
	angles:  0.000000 0.000000 0.000000
	grand_canonical: 0
	chemical_potential: 0.0000000000000000
box: 51.033985 51.033985
copy: 1.000000 1.000000
epsilon: 0.0270840000000000
end_epsilon: 0.0000000000000000
pressure: 0.0000010000000000
lambda: 0.0000000000000000
lambda_coupling: 1.0000000000000000
uy: 0.0000000000000000
maximum_displacement: 1.0000000000000000
maximum_rotation: 1.0000000000000000
maximum_volume: 1.0000000000000000
maximum_shape: 0.0000001000000000
maximum_dsigma: 0.0100000000000000
mod: 10
pmod: 10
optimize: 1
verbose: 1
snapshot: 0
display: 1
explore: 1
npt: 1
nptxy: 0
nptdxdy: 0
shape: 0
seed: 1084078
-73.324406298774 -6.395488349954 0.866025403784 0.500000000000
93.822135671165 90.057894897595 0.866025403784 0.500000000000
-50.709441844825 -82.111366641360 0.866025403784 0.500000000000
-12.395665921472 -17.461850088190 0.866025403784 -0.500000000000
-3.601996735965 -358.753093235425 0.866025403784 -0.500000000000
174.111120430919 60.947857399915 0.866025403784 0.500000000000
-300.898654535239 160.098719101255 0.866025403784 0.500000000000
-161.447416716857 266.525262618999 0.866025403784 0.500000000000
-566.681682101470 22.829769275852 0.866025403784 -0.500000000000
281.571115362896 30.345165379808 0.000000000000 1.000000000000
248.687313276444 -101.275885998606 0.866025403784 0.500000000000
198.795967502998 231.081391719284 0.000000000000 1.000000000000
-77.828525805211 -362.642178226771 0.866025403784 0.500000000000
101.012769147127 -101.495219962293 0.866025403784 0.500000000000
177.706281766172 -48.188225273543 0.866025403784 -0.500000000000
167.654133306466 237.686627142070 0.866025403784 0.500000000000
148.861630865350 99.434694443471 0.000000000000 1.000000000000
392.809416133161 -164.699646821027 0.000000000000 1.000000000000
-24.489127012074 91.623227732779 0.000000000000 1.000000000000
-112.246853815626 -119.526973450161 0.866025403784 0.500000000000
