#Configurational_file created 2018-09-14 12:01:30  started 2018-09-14 12:01:29 run for 1.0s steps 0
name: p_955
step: 10000
specie: 20
	particle_diameter: 1.0000000000000000
	interaction_length: 1.2000000000000000
	number_of_patches: 3
	number_of_particles_per_compound: 1
	rod_length: 1.0000000000000000
	interaction_matrix:  1.000000 1.000000 1.000000 1.000000 1.000000 1.000000 1.000000 1.000000 1.000000
	patch_type: symmetric
	patch_width: 8.0000000000000000
	patch_angle: 0.0000000000000000
	angles:  0.000000 0.000000 0.000000
	grand_canonical: 0
	chemical_potential: 0.0000000000000000
box: 46.030547 46.030547
copy: 1.000000 1.000000
epsilon: 0.0270840000000000
end_epsilon: 0.0000000000000000
pressure: 0.0166680000000000
lambda: 0.0000000000000000
lambda_coupling: 1.0000000000000000
uy: 0.0000000000000000
maximum_displacement: 1.0000000000000000
maximum_rotation: 1.0000000000000000
maximum_volume: 1.0000000000000000
maximum_shape: 0.0000001000000000
maximum_dsigma: 0.0100000000000000
mod: 10
pmod: 10
optimize: 1
verbose: 1
snapshot: 0
display: 1
explore: 1
npt: 1
nptxy: 0
nptdxdy: 0
shape: 0
seed: 1088626
80.938405281857 18.837737951404 0.866025403784 0.500000000000
233.446398521193 147.843511591419 0.866025403784 0.500000000000
-23.982741212923 184.659622384355 0.000000000000 1.000000000000
32.222039974400 176.358036857620 0.866025403784 -0.500000000000
-134.138436357677 -24.831631063705 0.866025403784 0.500000000000
-46.237063124260 -12.924502035010 0.866025403784 -0.500000000000
224.977821182822 -118.005267169595 0.866025403784 0.500000000000
-154.811119912370 34.967647212040 0.866025403784 0.500000000000
252.344177870090 -76.999200866740 0.866025403784 -0.500000000000
-20.573393483162 6.090369636915 0.866025403784 -0.500000000000
-142.646421773242 -142.530108785907 0.866025403784 0.500000000000
-18.009529525850 351.097497459843 0.866025403784 0.500000000000
272.270685389425 -42.969768123908 0.000000000000 1.000000000000
-36.383202691763 73.611496251242 0.000000000000 1.000000000000
-317.979605846474 7.575174259146 0.000000000000 1.000000000000
43.785528954499 286.763416334181 0.000000000000 1.000000000000
340.372385337082 67.158095876071 0.866025403784 -0.500000000000
-25.705076090049 -9.632501823248 0.866025403784 -0.500000000000
-91.069021383671 50.913932128372 0.866025403784 -0.500000000000
28.667993279503 -78.350314026984 0.000000000000 1.000000000000
