#Configurational_file created 2018-09-14 13:57:13  started 2018-09-14 13:57:13 run for 0.0s steps 0
name: p_953
step: 10000
specie: 20
	particle_diameter: 1.0000000000000000
	interaction_length: 1.2000000000000000
	number_of_patches: 3
	number_of_particles_per_compound: 1
	rod_length: 1.0000000000000000
	interaction_matrix:  1.000000 1.000000 1.000000 1.000000 1.000000 1.000000 1.000000 1.000000 1.000000
	patch_type: symmetric
	patch_width: 8.0000000000000000
	patch_angle: 0.0000000000000000
	angles:  0.000000 0.000000 0.000000
	grand_canonical: 0
	chemical_potential: 0.0000000000000000
box: 33.807827 33.807827
copy: 1.000000 1.000000
epsilon: 0.0689660000000000
end_epsilon: 0.0000000000000000
pressure: 0.3793110000000000
lambda: 0.0000000000000000
lambda_coupling: 1.0000000000000000
uy: 0.0000000000000000
maximum_displacement: 1.0000000000000000
maximum_rotation: 1.0000000000000000
maximum_volume: 1.0000000000000000
maximum_shape: 0.0000001000000000
maximum_dsigma: 0.0100000000000000
mod: 10
pmod: 10
optimize: 1
verbose: 1
snapshot: 0
display: 1
explore: 1
npt: 1
nptxy: 0
nptdxdy: 0
shape: 0
seed: 1086352
67.652412488825 -221.318765376835 0.866025403784 -0.500000000000
17.488804403978 19.260869538909 0.866025403784 0.500000000000
-287.461054422411 118.723053921143 0.000000000000 1.000000000000
-134.492925419488 -35.428327153362 0.866025403784 -0.500000000000
111.592425171684 71.505804695050 0.866025403784 -0.500000000000
170.432474466361 -97.100729446251 0.866025403784 -0.500000000000
-33.266335951635 187.290514958589 0.000000000000 1.000000000000
-97.276052981973 259.481556595771 0.866025403784 0.500000000000
53.434435307258 -5.197923486446 0.000000000000 1.000000000000
83.641436689722 43.217883489083 0.866025403784 -0.500000000000
222.747932338472 -57.579034524458 0.866025403784 0.500000000000
60.093096618868 -174.352562357028 0.000000000000 1.000000000000
110.709472006822 -166.171464262749 0.866025403784 -0.500000000000
101.526366576160 79.197842416296 0.866025403784 -0.500000000000
-75.350213289018 -30.073457562877 0.866025403784 0.500000000000
-54.218126138977 13.292183545247 0.000000000000 1.000000000000
-147.364585667032 -74.177675439454 0.866025403784 -0.500000000000
311.875963041606 74.969614165680 0.000000000000 1.000000000000
-11.755922798945 -36.668738006251 0.866025403784 0.500000000000
-63.954689503590 112.023659931289 0.866025403784 -0.500000000000
