#Configurational_file created 2018-09-14 12:01:31  started 2018-09-14 12:01:30 run for 1.0s steps 0
name: p_956
step: 10000
specie: 20
	particle_diameter: 1.0000000000000000
	interaction_length: 1.2000000000000000
	number_of_patches: 3
	number_of_particles_per_compound: 1
	rod_length: 1.0000000000000000
	interaction_matrix:  1.000000 1.000000 1.000000 1.000000 1.000000 1.000000 1.000000 1.000000 1.000000
	patch_type: symmetric
	patch_width: 8.0000000000000000
	patch_angle: 0.0000000000000000
	angles:  0.000000 0.000000 0.000000
	grand_canonical: 0
	chemical_potential: 0.0000000000000000
box: 47.912971 47.912971
copy: 1.000000 1.000000
epsilon: 0.0270840000000000
end_epsilon: 0.0000000000000000
pressure: 0.0208340000000000
lambda: 0.0000000000000000
lambda_coupling: 1.0000000000000000
uy: 0.0000000000000000
maximum_displacement: 1.0000000000000000
maximum_rotation: 1.0000000000000000
maximum_volume: 1.0000000000000000
maximum_shape: 0.0000001000000000
maximum_dsigma: 0.0100000000000000
mod: 10
pmod: 10
optimize: 1
verbose: 1
snapshot: 0
display: 1
explore: 1
npt: 1
nptxy: 0
nptdxdy: 0
shape: 0
seed: 1089763
129.200846472639 39.018532713150 0.000000000000 1.000000000000
67.458796046611 -130.881287442634 0.000000000000 1.000000000000
-123.966043026949 95.855119086607 0.000000000000 1.000000000000
-146.444505068189 -16.504399677058 0.000000000000 1.000000000000
-87.627675336542 -45.624001429766 0.866025403784 -0.500000000000
62.633896871378 -131.677849024090 0.866025403784 -0.500000000000
-80.172820173581 141.384320524513 0.866025403784 -0.500000000000
0.742980606434 38.304377096531 0.866025403784 0.500000000000
159.667941053373 -39.519173582674 0.000000000000 1.000000000000
182.214173393347 346.220480290622 0.000000000000 1.000000000000
355.987784399339 152.520789322394 0.866025403784 0.500000000000
103.634614505389 363.366553765403 0.000000000000 1.000000000000
81.859413182925 44.549587974131 0.000000000000 1.000000000000
6.132924782395 17.712605606336 0.866025403784 -0.500000000000
99.327141834436 78.282916735824 0.866025403784 -0.500000000000
278.785903409873 -119.612284122353 0.866025403784 0.500000000000
143.389465054893 450.931297597641 0.000000000000 1.000000000000
-40.413195698432 208.787547579050 0.866025403784 -0.500000000000
-118.535384992709 -39.981181686006 0.866025403784 0.500000000000
177.461623476548 -7.756284336316 0.866025403784 -0.500000000000
