#Configurational_file created 2018-09-14 13:57:17  started 2018-09-14 13:57:16 run for 1.0s steps 0
name: p_958
step: 10000
specie: 20
	particle_diameter: 1.0000000000000000
	interaction_length: 1.2000000000000000
	number_of_patches: 3
	number_of_particles_per_compound: 1
	rod_length: 1.0000000000000000
	interaction_matrix:  1.000000 1.000000 1.000000 1.000000 1.000000 1.000000 1.000000 1.000000 1.000000
	patch_type: symmetric
	patch_width: 8.0000000000000000
	patch_angle: 0.0000000000000000
	angles:  0.000000 0.000000 0.000000
	grand_canonical: 0
	chemical_potential: 0.0000000000000000
box: 27.711427 27.711427
copy: 1.000000 1.000000
epsilon: 0.0689660000000000
end_epsilon: 0.0000000000000000
pressure: 0.4655170000000000
lambda: 0.0000000000000000
lambda_coupling: 1.0000000000000000
uy: 0.0000000000000000
maximum_displacement: 1.0000000000000000
maximum_rotation: 1.0000000000000000
maximum_volume: 1.0000000000000000
maximum_shape: 0.0000001000000000
maximum_dsigma: 0.0100000000000000
mod: 10
pmod: 10
optimize: 1
verbose: 1
snapshot: 0
display: 1
explore: 1
npt: 1
nptxy: 0
nptdxdy: 0
shape: 0
seed: 1092037
166.835662137181 288.519795993022 0.000000000000 1.000000000000
-142.800551871720 -293.473826667447 0.866025403784 -0.500000000000
277.758151773028 -236.509697954216 0.000000000000 1.000000000000
71.184611883781 -10.304173166113 0.866025403784 -0.500000000000
-136.291440431928 139.838043947893 0.866025403784 -0.500000000000
201.413352809047 -131.001166134413 0.866025403784 0.500000000000
85.611963019018 -200.320744748014 0.866025403784 0.500000000000
-20.012273809038 245.400697187975 0.866025403784 0.500000000000
-23.595543028399 172.009239373311 0.866025403784 -0.500000000000
13.794822244734 24.107377614739 0.000000000000 1.000000000000
127.793803400642 10.113244431328 0.866025403784 0.500000000000
5.612440615228 34.697298215328 0.000000000000 1.000000000000
-58.294031400314 -132.706252780285 0.000000000000 1.000000000000
-62.001820459992 88.137523285641 0.866025403784 0.500000000000
81.667983539173 157.471426849053 0.866025403784 -0.500000000000
36.185055250348 42.400357351830 0.866025403784 -0.500000000000
66.345928113462 -199.394919495335 0.000000000000 1.000000000000
-156.603239102082 -87.922328641599 0.000000000000 1.000000000000
-189.965486170649 -154.886320207179 0.866025403784 0.500000000000
-102.078602663842 13.517289604725 0.000000000000 1.000000000000
