#Configurational_file created 2018-09-14 11:33:49  started 2018-09-14 11:33:48 run for 1.0s steps 0
name: p_950
step: 10000
specie: 20
	particle_diameter: 1.0000000000000000
	interaction_length: 1.2000000000000000
	number_of_patches: 3
	number_of_particles_per_compound: 1
	rod_length: 1.0000000000000000
	interaction_matrix:  1.000000 1.000000 1.000000 1.000000 1.000000 1.000000 1.000000 1.000000 1.000000
	patch_type: symmetric
	patch_width: 8.0000000000000000
	patch_angle: 0.0000000000000000
	angles:  0.000000 0.000000 0.000000
	grand_canonical: 0
	chemical_potential: 0.0000000000000000
box: 8.740815 8.740815
copy: 1.000000 1.000000
epsilon: 0.2500500000000000
end_epsilon: 0.0000000000000000
pressure: 2.0000000000000000
lambda: 0.0000000000000000
lambda_coupling: 1.0000000000000000
uy: 0.0000000000000000
maximum_displacement: 1.0000000000000000
maximum_rotation: 1.0000000000000000
maximum_volume: 0.8232360595200001
maximum_shape: 0.0000001000000000
maximum_dsigma: 0.0100000000000000
mod: 10
pmod: 10
optimize: 1
verbose: 1
snapshot: 0
display: 1
explore: 1
npt: 1
nptxy: 0
nptdxdy: 0
shape: 0
seed: 1082941
-29.221808499571 -50.277968455324 0.866025403784 -0.500000000000
-80.067439610858 -17.016716157833 0.000000000000 1.000000000000
-4.666284298725 10.488396886593 0.000000000000 1.000000000000
-110.139702854938 -119.286493028743 0.866025403784 0.500000000000
167.425909706949 152.880149521167 0.866025403784 -0.500000000000
-68.418752635458 34.911111534251 0.000000000000 1.000000000000
1.991917137579 72.822121864275 0.866025403784 -0.500000000000
2.343267457014 -10.091792628101 0.866025403784 0.500000000000
53.959810877066 -77.091221590646 0.000000000000 1.000000000000
-73.174026140929 -131.585948802875 0.000000000000 1.000000000000
44.219214212026 -9.287907327142 0.000000000000 1.000000000000
58.336152164427 39.682752899849 0.866025403784 -0.500000000000
-92.774260615934 -38.384423830694 0.866025403784 -0.500000000000
2.463070598616 57.666193666374 0.866025403784 0.500000000000
112.923513012075 141.294083515718 0.000000000000 1.000000000000
110.566859021112 15.285567870987 0.866025403784 0.500000000000
-32.219182172435 61.790829622445 0.866025403784 0.500000000000
-35.841249136234 -1.767184487541 0.866025403784 0.500000000000
33.325911586536 -56.871385353954 0.866025403784 0.500000000000
9.184353179579 0.327617924878 0.866025403784 0.500000000000
