#Configurational_file created 2018-09-14 13:57:17  started 2018-09-14 13:57:17 run for 0.0s steps 0
name: p_959
step: 10000
specie: 20
	particle_diameter: 1.0000000000000000
	interaction_length: 1.2000000000000000
	number_of_patches: 3
	number_of_particles_per_compound: 1
	rod_length: 1.0000000000000000
	interaction_matrix:  1.000000 1.000000 1.000000 1.000000 1.000000 1.000000 1.000000 1.000000 1.000000
	patch_type: symmetric
	patch_width: 8.0000000000000000
	patch_angle: 0.0000000000000000
	angles:  0.000000 0.000000 0.000000
	grand_canonical: 0
	chemical_potential: 0.0000000000000000
box: 23.313913 23.313913
copy: 1.000000 1.000000
epsilon: 0.0689660000000000
end_epsilon: 0.0000000000000000
pressure: 0.4827590000000000
lambda: 0.0000000000000000
lambda_coupling: 1.0000000000000000
uy: 0.0000000000000000
maximum_displacement: 1.0000000000000000
maximum_rotation: 1.0000000000000000
maximum_volume: 1.0000000000000000
maximum_shape: 0.0000001000000000
maximum_dsigma: 0.0100000000000000
mod: 10
pmod: 10
optimize: 1
verbose: 1
snapshot: 0
display: 1
explore: 1
npt: 1
nptxy: 0
nptdxdy: 0
shape: 0
seed: 1093174
-87.790914108511 -145.384011911593 0.866025403784 -0.500000000000
9.099658215980 -115.368675431058 0.866025403784 -0.500000000000
-32.494427553458 -5.755345785409 0.866025403784 -0.500000000000
67.183195816414 -245.874929021235 0.000000000000 1.000000000000
40.623193328017 195.235941636564 0.866025403784 -0.500000000000
-109.260045036237 -71.849091089988 0.866025403784 -0.500000000000
54.650912615966 96.461710845123 0.866025403784 0.500000000000
-89.388813055680 -45.820088386133 0.866025403784 0.500000000000
-106.964573471335 -18.001472385667 0.866025403784 0.500000000000
15.879160129955 154.811401460826 0.866025403784 -0.500000000000
68.313784506053 8.082451970380 0.866025403784 0.500000000000
-25.926877073377 -43.585856318662 0.866025403784 0.500000000000
63.060133448317 -142.256920980275 0.000000000000 1.000000000000
-148.902845921411 173.655950691193 0.000000000000 1.000000000000
-248.957967431075 -97.840881931498 0.866025403784 0.500000000000
101.398563285128 -76.974412529963 0.000000000000 1.000000000000
-29.187574299300 216.287092617143 0.000000000000 1.000000000000
-202.728332004673 -82.831115563620 0.866025403784 0.500000000000
-17.717594690822 109.423787852241 0.000000000000 1.000000000000
143.285394305016 -54.592938549848 0.866025403784 0.500000000000
