#Configurational_file created 2018-09-14 11:33:50  started 2018-09-14 11:33:49 run for 1.0s steps 0
name: p_951
step: 10000
specie: 20
	particle_diameter: 1.0000000000000000
	interaction_length: 1.2000000000000000
	number_of_patches: 3
	number_of_particles_per_compound: 1
	rod_length: 1.0000000000000000
	interaction_matrix:  1.000000 1.000000 1.000000 1.000000 1.000000 1.000000 1.000000 1.000000 1.000000
	patch_type: symmetric
	patch_width: 8.0000000000000000
	patch_angle: 0.0000000000000000
	angles:  0.000000 0.000000 0.000000
	grand_canonical: 0
	chemical_potential: 0.0000000000000000
box: 49.997230 49.997230
copy: 1.000000 1.000000
epsilon: 0.2708790000000000
end_epsilon: 0.0000000000000000
pressure: 0.0001000000000000
lambda: 0.0000000000000000
lambda_coupling: 1.0000000000000000
uy: 0.0000000000000000
maximum_displacement: 1.0000000000000000
maximum_rotation: 1.0000000000000000
maximum_volume: 1.0000000000000000
maximum_shape: 0.0000001000000000
maximum_dsigma: 0.0100000000000000
mod: 10
pmod: 10
optimize: 1
verbose: 1
snapshot: 0
display: 1
explore: 1
npt: 1
nptxy: 0
nptdxdy: 0
shape: 0
seed: 1084078
215.990011544687 109.644573723161 0.000000000000 1.000000000000
144.394663968057 -40.212826576650 0.866025403784 0.500000000000
160.893981835600 -122.111522210343 0.866025403784 -0.500000000000
-166.633522896534 147.622663477772 0.866025403784 -0.500000000000
-296.369209666090 -140.120863121559 0.866025403784 -0.500000000000
102.938359324278 117.110305545889 0.866025403784 -0.500000000000
-435.333124457290 41.366126376182 0.866025403784 0.500000000000
49.418735767646 -43.686624792201 0.000000000000 1.000000000000
-43.033056779052 -15.205654381298 0.866025403784 0.500000000000
50.673853472474 -50.240318268525 0.000000000000 1.000000000000
-104.437062136547 16.014934053004 0.866025403784 -0.500000000000
219.161052774804 116.791202045406 0.000000000000 1.000000000000
165.343900711581 -152.894366902700 0.866025403784 0.500000000000
-94.142244832831 207.010718831043 0.000000000000 1.000000000000
219.071995969210 -89.782049232666 0.000000000000 1.000000000000
-321.961916878714 43.810018966621 0.866025403784 -0.500000000000
-204.323263108650 -274.671863329936 0.000000000000 1.000000000000
102.830353179329 -104.947129413856 0.866025403784 0.500000000000
241.588575901182 77.343838952328 0.866025403784 0.500000000000
7.871471078603 89.070417503351 0.866025403784 -0.500000000000
