#Configurational_file created 2018-09-14 12:20:34  started 2018-09-14 12:20:33 run for 1.0s steps 0
name: p_95
step: 10000
specie: 20
	particle_diameter: 1.0000000000000000
	interaction_length: 1.2000000000000000
	number_of_patches: 3
	number_of_particles_per_compound: 1
	rod_length: 1.0000000000000000
	interaction_matrix:  1.000000 1.000000 1.000000 1.000000 1.000000 1.000000 1.000000 1.000000 1.000000
	patch_type: symmetric
	patch_width: 8.0000000000000000
	patch_angle: 0.0000000000000000
	angles:  0.000000 0.000000 0.000000
	grand_canonical: 0
	chemical_potential: 0.0000000000000000
box: 53.319435 53.319435
copy: 1.000000 1.000000
epsilon: 1.8333330000000001
end_epsilon: 0.0000000000000000
pressure: 0.0000010000000000
lambda: 0.0000000000000000
lambda_coupling: 1.0000000000000000
uy: 0.0000000000000000
maximum_displacement: 1.0000000000000000
maximum_rotation: 1.0000000000000000
maximum_volume: 1.0000000000000000
maximum_shape: 0.0000001000000000
maximum_dsigma: 0.0100000000000000
mod: 10
pmod: 10
optimize: 1
verbose: 1
snapshot: 0
display: 1
explore: 1
npt: 1
nptxy: 0
nptdxdy: 0
shape: 0
seed: 110806
133.100600496549 -218.051140407942 0.866025403784 0.500000000000
-218.895250861178 -176.201209021422 0.866025403784 -0.500000000000
79.597487013706 7.597630617177 0.866025403784 -0.500000000000
-64.093013833987 201.393998898588 0.866025403784 -0.500000000000
9.128554417875 -282.198672580176 0.866025403784 0.500000000000
195.138130804155 -156.674507721393 0.000000000000 1.000000000000
301.986363659617 -60.148755150948 0.866025403784 -0.500000000000
351.520792183104 -64.277034149568 0.000000000000 1.000000000000
-167.700517972209 216.543413029505 0.000000000000 1.000000000000
-41.463247626760 13.717662993349 0.866025403784 0.500000000000
350.429386458707 160.856917687094 0.866025403784 -0.500000000000
-170.912772590507 154.103763343985 0.866025403784 -0.500000000000
99.625585229185 -228.613575299854 0.866025403784 0.500000000000
124.675953817983 -107.415284308360 0.000000000000 1.000000000000
165.899298873208 210.708579297799 0.000000000000 1.000000000000
-44.581918969547 127.243809640602 0.866025403784 -0.500000000000
-130.477394770682 61.453248712595 0.866025403784 -0.500000000000
-123.538006372761 -227.324087362729 0.866025403784 -0.500000000000
242.193838658672 -39.823823977968 0.866025403784 -0.500000000000
-49.039853920525 88.157437091657 0.000000000000 1.000000000000
