#Configurational_file created 2018-09-14 12:01:28  started 2018-09-14 12:01:27 run for 1.0s steps 0
name: p_952
step: 10000
specie: 20
	particle_diameter: 1.0000000000000000
	interaction_length: 1.2000000000000000
	number_of_patches: 3
	number_of_particles_per_compound: 1
	rod_length: 1.0000000000000000
	interaction_matrix:  1.000000 1.000000 1.000000 1.000000 1.000000 1.000000 1.000000 1.000000 1.000000
	patch_type: symmetric
	patch_width: 8.0000000000000000
	patch_angle: 0.0000000000000000
	angles:  0.000000 0.000000 0.000000
	grand_canonical: 0
	chemical_potential: 0.0000000000000000
box: 49.947309 49.947309
copy: 1.000000 1.000000
epsilon: 0.0270840000000000
end_epsilon: 0.0000000000000000
pressure: 0.0041680000000000
lambda: 0.0000000000000000
lambda_coupling: 1.0000000000000000
uy: 0.0000000000000000
maximum_displacement: 1.0000000000000000
maximum_rotation: 1.0000000000000000
maximum_volume: 1.0000000000000000
maximum_shape: 0.0000001000000000
maximum_dsigma: 0.0100000000000000
mod: 10
pmod: 10
optimize: 1
verbose: 1
snapshot: 0
display: 1
explore: 1
npt: 1
nptxy: 0
nptdxdy: 0
shape: 0
seed: 1085215
325.015488271066 -29.336719049315 0.866025403784 0.500000000000
-267.553087095556 -282.944750752554 0.866025403784 0.500000000000
-225.632560409209 121.662614767886 0.000000000000 1.000000000000
368.142713148289 45.581138232645 0.000000000000 1.000000000000
-34.268420445908 42.712272707365 0.866025403784 0.500000000000
-189.598704003139 328.566958378601 0.866025403784 0.500000000000
70.287219468601 37.511182932929 0.866025403784 -0.500000000000
-94.113858618439 95.471806468163 0.866025403784 0.500000000000
117.250928148143 328.433070481552 0.866025403784 0.500000000000
-314.862410881746 -102.630853837728 0.866025403784 -0.500000000000
259.259458694279 -239.982953596907 0.000000000000 1.000000000000
-336.137022559102 82.906297876641 0.866025403784 -0.500000000000
512.755787381395 252.866205130980 0.866025403784 0.500000000000
132.123472168339 172.034046542812 0.000000000000 1.000000000000
-132.436337638561 445.784665048542 0.866025403784 0.500000000000
-33.279599750355 -32.805614380814 0.866025403784 -0.500000000000
170.786952191249 152.480438871413 0.866025403784 0.500000000000
-156.947147559215 88.134036854615 0.000000000000 1.000000000000
125.516158660890 191.607355474681 0.000000000000 1.000000000000
-55.565399170838 -123.475838026029 0.866025403784 -0.500000000000
