#Configurational_file created 2018-09-14 13:57:15  started 2018-09-14 13:57:15 run for 0.0s steps 0
name: p_956
step: 10000
specie: 20
	particle_diameter: 1.0000000000000000
	interaction_length: 1.2000000000000000
	number_of_patches: 3
	number_of_particles_per_compound: 1
	rod_length: 1.0000000000000000
	interaction_matrix:  1.000000 1.000000 1.000000 1.000000 1.000000 1.000000 1.000000 1.000000 1.000000
	patch_type: symmetric
	patch_width: 8.0000000000000000
	patch_angle: 0.0000000000000000
	angles:  0.000000 0.000000 0.000000
	grand_canonical: 0
	chemical_potential: 0.0000000000000000
box: 27.212298 27.212298
copy: 1.000000 1.000000
epsilon: 0.0689660000000000
end_epsilon: 0.0000000000000000
pressure: 0.4310350000000000
lambda: 0.0000000000000000
lambda_coupling: 1.0000000000000000
uy: 0.0000000000000000
maximum_displacement: 1.0000000000000000
maximum_rotation: 1.0000000000000000
maximum_volume: 1.0000000000000000
maximum_shape: 0.0000001000000000
maximum_dsigma: 0.0100000000000000
mod: 10
pmod: 10
optimize: 1
verbose: 1
snapshot: 0
display: 1
explore: 1
npt: 1
nptxy: 0
nptdxdy: 0
shape: 0
seed: 1089763
-220.327164898159 -54.691684521420 0.000000000000 1.000000000000
-134.415264698536 34.044487468700 0.866025403784 -0.500000000000
34.966111253591 6.690900760232 0.000000000000 1.000000000000
-40.513926489388 -115.571504597746 0.000000000000 1.000000000000
-94.117215409882 106.151009592091 0.000000000000 1.000000000000
50.183903929195 -103.432545309365 0.000000000000 1.000000000000
23.594995085972 -8.278079231649 0.866025403784 0.500000000000
-63.339816915275 32.690891943748 0.000000000000 1.000000000000
66.638027396970 -241.806644358335 0.000000000000 1.000000000000
108.609549728465 30.924302732886 0.866025403784 -0.500000000000
171.293665698620 -85.764319518712 0.000000000000 1.000000000000
77.232356902862 158.539945928956 0.866025403784 0.500000000000
-46.395394138310 99.445510540513 0.866025403784 -0.500000000000
-12.062559800135 61.428600024015 0.866025403784 -0.500000000000
164.478888178658 -141.326370924250 0.866025403784 -0.500000000000
224.931645455620 97.280737886152 0.866025403784 -0.500000000000
-7.027821183224 -40.436015968986 0.866025403784 0.500000000000
136.142484236680 40.277465329131 0.866025403784 0.500000000000
-128.318548672226 -149.238777977274 0.000000000000 1.000000000000
118.538468272683 -2.652034868996 0.866025403784 -0.500000000000
