#Configurational_file created 2018-09-14 12:01:31  started 2018-09-14 12:01:31 run for 0.0s steps 0
name: p_957
step: 10000
specie: 20
	particle_diameter: 1.0000000000000000
	interaction_length: 1.2000000000000000
	number_of_patches: 3
	number_of_particles_per_compound: 1
	rod_length: 1.0000000000000000
	interaction_matrix:  1.000000 1.000000 1.000000 1.000000 1.000000 1.000000 1.000000 1.000000 1.000000
	patch_type: symmetric
	patch_width: 8.0000000000000000
	patch_angle: 0.0000000000000000
	angles:  0.000000 0.000000 0.000000
	grand_canonical: 0
	chemical_potential: 0.0000000000000000
box: 47.577410 47.577410
copy: 1.000000 1.000000
epsilon: 0.0270840000000000
end_epsilon: 0.0000000000000000
pressure: 0.0250010000000000
lambda: 0.0000000000000000
lambda_coupling: 1.0000000000000000
uy: 0.0000000000000000
maximum_displacement: 1.0000000000000000
maximum_rotation: 1.0000000000000000
maximum_volume: 1.0000000000000000
maximum_shape: 0.0000001000000000
maximum_dsigma: 0.0100000000000000
mod: 10
pmod: 10
optimize: 1
verbose: 1
snapshot: 0
display: 1
explore: 1
npt: 1
nptxy: 0
nptdxdy: 0
shape: 0
seed: 1090900
-86.428572844644 35.427589414117 0.866025403784 -0.500000000000
-50.169676565683 -2.567088873395 0.000000000000 1.000000000000
52.139780070007 55.253838060475 0.000000000000 1.000000000000
-97.021755353912 -372.853529029953 0.866025403784 -0.500000000000
262.582680446037 -44.292511547504 0.866025403784 0.500000000000
-89.863815874511 28.608368886737 0.000000000000 1.000000000000
160.701317454087 35.589471603838 0.000000000000 1.000000000000
32.982231010601 -118.536623295519 0.866025403784 0.500000000000
-338.468503666596 181.863613839137 0.866025403784 -0.500000000000
178.728578918531 14.052874501743 0.866025403784 -0.500000000000
136.218014158537 -47.640951328110 0.866025403784 0.500000000000
-69.129285569773 -313.456302809834 0.866025403784 0.500000000000
-31.070805940939 -207.031890152098 0.866025403784 0.500000000000
-0.668576689551 237.311915349410 0.866025403784 0.500000000000
210.990278673949 -282.726034743594 0.866025403784 -0.500000000000
-294.555250355497 -40.434319755889 0.866025403784 0.500000000000
253.406279598719 -46.388536203477 0.000000000000 1.000000000000
-124.462785717121 237.510175008485 0.866025403784 0.500000000000
-91.190309745081 -140.095909738196 0.000000000000 1.000000000000
-113.774540441501 211.936918235336 0.866025403784 -0.500000000000
