#Configurational_file created 2018-09-14 12:01:32  started 2018-09-14 12:01:31 run for 1.0s steps 0
name: p_958
step: 10000
specie: 20
	particle_diameter: 1.0000000000000000
	interaction_length: 1.2000000000000000
	number_of_patches: 3
	number_of_particles_per_compound: 1
	rod_length: 1.0000000000000000
	interaction_matrix:  1.000000 1.000000 1.000000 1.000000 1.000000 1.000000 1.000000 1.000000 1.000000
	patch_type: symmetric
	patch_width: 8.0000000000000000
	patch_angle: 0.0000000000000000
	angles:  0.000000 0.000000 0.000000
	grand_canonical: 0
	chemical_potential: 0.0000000000000000
box: 50.239443 50.239443
copy: 1.000000 1.000000
epsilon: 0.0270840000000000
end_epsilon: 0.0000000000000000
pressure: 0.0291670000000000
lambda: 0.0000000000000000
lambda_coupling: 1.0000000000000000
uy: 0.0000000000000000
maximum_displacement: 1.0000000000000000
maximum_rotation: 1.0000000000000000
maximum_volume: 1.0000000000000000
maximum_shape: 0.0000001000000000
maximum_dsigma: 0.0100000000000000
mod: 10
pmod: 10
optimize: 1
verbose: 1
snapshot: 0
display: 1
explore: 1
npt: 1
nptxy: 0
nptdxdy: 0
shape: 0
seed: 1092037
100.541715370769 141.500180213701 0.866025403784 -0.500000000000
-3.485611818265 -137.016978396974 0.866025403784 -0.500000000000
168.935138738491 16.705890165213 0.866025403784 0.500000000000
-114.592491373067 -140.617157201482 0.866025403784 0.500000000000
133.131194553917 201.295009776700 0.000000000000 1.000000000000
114.312409637623 -222.154599387512 0.866025403784 -0.500000000000
-58.070607418554 -78.771454874188 0.866025403784 -0.500000000000
265.861074692643 63.760869659039 0.866025403784 0.500000000000
192.854896439987 -63.084216304193 0.866025403784 -0.500000000000
-49.834211213787 195.260203419349 0.000000000000 1.000000000000
93.210777670334 37.864097873828 0.000000000000 1.000000000000
171.796661545446 -113.798306951034 0.866025403784 0.500000000000
39.482246926706 -5.616634306975 0.000000000000 1.000000000000
134.313504327538 -142.380158965654 0.866025403784 0.500000000000
128.235528789309 45.227716112692 0.866025403784 0.500000000000
127.565184277627 263.464815195341 0.866025403784 -0.500000000000
-39.616399663955 -138.505354497629 0.866025403784 0.500000000000
197.138660113239 106.350287923100 0.866025403784 -0.500000000000
-273.580716286990 -148.533805547201 0.866025403784 0.500000000000
-41.022289713942 -60.597928784782 0.866025403784 0.500000000000
