#Configurational_file created 2018-09-14 11:33:53  started 2018-09-14 11:33:53 run for 0.0s steps 0
name: p_956
step: 10000
specie: 20
	particle_diameter: 1.0000000000000000
	interaction_length: 1.2000000000000000
	number_of_patches: 3
	number_of_particles_per_compound: 1
	rod_length: 1.0000000000000000
	interaction_matrix:  1.000000 1.000000 1.000000 1.000000 1.000000 1.000000 1.000000 1.000000 1.000000
	patch_type: symmetric
	patch_width: 8.0000000000000000
	patch_angle: 0.0000000000000000
	angles:  0.000000 0.000000 0.000000
	grand_canonical: 0
	chemical_potential: 0.0000000000000000
box: 14.678873 14.678873
copy: 1.000000 1.000000
epsilon: 0.2708790000000000
end_epsilon: 0.0000000000000000
pressure: 0.4167460000000000
lambda: 0.0000000000000000
lambda_coupling: 1.0000000000000000
uy: 0.0000000000000000
maximum_displacement: 1.0000000000000000
maximum_rotation: 1.0000000000000000
maximum_volume: 1.0000000000000000
maximum_shape: 0.0000001000000000
maximum_dsigma: 0.0100000000000000
mod: 10
pmod: 10
optimize: 1
verbose: 1
snapshot: 0
display: 1
explore: 1
npt: 1
nptxy: 0
nptdxdy: 0
shape: 0
seed: 1089763
-36.981941064214 89.677878884010 0.866025403784 -0.500000000000
25.848721066820 20.108193981034 0.866025403784 0.500000000000
-113.660034027634 122.695437583642 0.000000000000 1.000000000000
-47.490774761092 -169.014451922544 0.000000000000 1.000000000000
-46.867855364025 23.503788685588 0.866025403784 -0.500000000000
57.222578619794 -49.584464539027 0.000000000000 1.000000000000
128.660725535424 101.341147168272 0.866025403784 0.500000000000
-56.431743797462 3.236466175415 0.866025403784 -0.500000000000
-82.163412650885 49.798462210080 0.866025403784 -0.500000000000
88.113658097179 108.677445546182 0.866025403784 0.500000000000
128.462489125459 -64.845756483542 0.000000000000 1.000000000000
72.071328826108 -2.822080368918 0.866025403784 -0.500000000000
-58.943118013655 90.895588217178 0.866025403784 -0.500000000000
42.482551116589 59.256016591371 0.866025403784 -0.500000000000
95.269636731989 -169.560030538944 0.866025403784 0.500000000000
18.877506927722 182.745706421515 0.866025403784 0.500000000000
19.312984643393 15.977683788274 0.866025403784 0.500000000000
61.720569130102 30.902250107889 0.000000000000 1.000000000000
-139.414555391690 -29.932235775784 0.000000000000 1.000000000000
-30.103411764146 30.641294802872 0.866025403784 -0.500000000000
