#Configurational_file created 2018-09-14 11:33:57  started 2018-09-14 11:33:57 run for 0.0s steps 0
name: p_961
step: 10000
specie: 20
	particle_diameter: 1.0000000000000000
	interaction_length: 1.2000000000000000
	number_of_patches: 3
	number_of_particles_per_compound: 1
	rod_length: 1.0000000000000000
	interaction_matrix:  1.000000 1.000000 1.000000 1.000000 1.000000 1.000000 1.000000 1.000000 1.000000
	patch_type: symmetric
	patch_width: 8.0000000000000000
	patch_angle: 0.0000000000000000
	angles:  0.000000 0.000000 0.000000
	grand_canonical: 0
	chemical_potential: 0.0000000000000000
box: 12.290618 12.290618
copy: 1.000000 1.000000
epsilon: 0.2708790000000000
end_epsilon: 0.0000000000000000
pressure: 0.8333920000000000
lambda: 0.0000000000000000
lambda_coupling: 1.0000000000000000
uy: 0.0000000000000000
maximum_displacement: 1.0000000000000000
maximum_rotation: 1.0000000000000000
maximum_volume: 1.0000000000000000
maximum_shape: 0.0000001000000000
maximum_dsigma: 0.0100000000000000
mod: 10
pmod: 10
optimize: 1
verbose: 1
snapshot: 0
display: 1
explore: 1
npt: 1
nptxy: 0
nptdxdy: 0
shape: 0
seed: 1095448
-112.336269681081 -51.050812201150 0.866025403784 -0.500000000000
93.309766846753 -150.212197539600 0.866025403784 -0.500000000000
156.713603641154 26.102354771702 0.000000000000 1.000000000000
-87.331413949045 194.046689522587 0.866025403784 0.500000000000
-2.949439842081 -88.912986060498 0.866025403784 -0.500000000000
79.198565587320 -78.452027464378 0.000000000000 1.000000000000
106.839706607834 -15.849478383020 0.866025403784 -0.500000000000
42.236202487229 22.328649044419 0.866025403784 -0.500000000000
77.398505816500 -21.635310975384 0.866025403784 -0.500000000000
49.709847892338 -86.124399440397 0.866025403784 -0.500000000000
-27.930228276989 135.410600133036 0.000000000000 1.000000000000
142.759599641992 97.299962383414 0.866025403784 -0.500000000000
57.705522514797 -8.627177153215 0.866025403784 -0.500000000000
139.100444438360 -103.418070035054 0.866025403784 0.500000000000
-167.139971459934 -74.752559060530 0.866025403784 -0.500000000000
-21.320775125806 55.489841233331 0.866025403784 0.500000000000
0.521593794966 -53.462180148511 0.000000000000 1.000000000000
14.179384684619 123.687153023656 0.866025403784 0.500000000000
-121.999362782873 -30.602513985935 0.866025403784 0.500000000000
-14.047238835841 20.553406317293 0.866025403784 -0.500000000000
