#Configurational_file created 2018-09-14 12:01:34  started 2018-09-14 12:01:34 run for 0.0s steps 0
name: p_961
step: 10000
specie: 20
	particle_diameter: 1.0000000000000000
	interaction_length: 1.2000000000000000
	number_of_patches: 3
	number_of_particles_per_compound: 1
	rod_length: 1.0000000000000000
	interaction_matrix:  1.000000 1.000000 1.000000 1.000000 1.000000 1.000000 1.000000 1.000000 1.000000
	patch_type: symmetric
	patch_width: 8.0000000000000000
	patch_angle: 0.0000000000000000
	angles:  0.000000 0.000000 0.000000
	grand_canonical: 0
	chemical_potential: 0.0000000000000000
box: 45.629357 45.629357
copy: 1.000000 1.000000
epsilon: 0.0270840000000000
end_epsilon: 0.0000000000000000
pressure: 0.0416670000000000
lambda: 0.0000000000000000
lambda_coupling: 1.0000000000000000
uy: 0.0000000000000000
maximum_displacement: 1.0000000000000000
maximum_rotation: 1.0000000000000000
maximum_volume: 1.0000000000000000
maximum_shape: 0.0000001000000000
maximum_dsigma: 0.0100000000000000
mod: 10
pmod: 10
optimize: 1
verbose: 1
snapshot: 0
display: 1
explore: 1
npt: 1
nptxy: 0
nptdxdy: 0
shape: 0
seed: 1095448
-88.254106905800 64.890599201325 0.000000000000 1.000000000000
-99.916054147697 257.960828252005 0.000000000000 1.000000000000
-198.644255938859 119.464081460718 0.866025403784 0.500000000000
-113.602445690267 179.443643626918 0.866025403784 -0.500000000000
79.967516031911 241.947010706452 0.866025403784 0.500000000000
175.736509492899 3.182082928283 0.866025403784 -0.500000000000
231.533161748033 -227.415353350311 0.866025403784 0.500000000000
152.838062976469 -353.723214910858 0.866025403784 0.500000000000
171.339199673898 214.133280685113 0.866025403784 -0.500000000000
-129.111930614924 272.566134106344 0.000000000000 1.000000000000
130.893887998848 31.996091184386 0.866025403784 0.500000000000
230.962336652697 -9.669562761337 0.866025403784 0.500000000000
-2.126788252551 -43.815398093222 0.000000000000 1.000000000000
96.410198120065 -164.332278795814 0.866025403784 0.500000000000
42.709366531269 -158.087917676000 0.866025403784 -0.500000000000
-165.440933275206 4.443645872835 0.866025403784 -0.500000000000
-374.690388887412 134.936161171211 0.866025403784 0.500000000000
-188.656292223657 -296.557601137433 0.866025403784 0.500000000000
-86.580440578030 -163.629328050504 0.866025403784 -0.500000000000
-210.164248028110 75.631317883271 0.866025403784 -0.500000000000
