#Configurational_file created 2018-09-14 12:01:35  started 2018-09-14 12:01:34 run for 1.0s steps 0
name: p_962
step: 10000
specie: 20
	particle_diameter: 1.0000000000000000
	interaction_length: 1.2000000000000000
	number_of_patches: 3
	number_of_particles_per_compound: 1
	rod_length: 1.0000000000000000
	interaction_matrix:  1.000000 1.000000 1.000000 1.000000 1.000000 1.000000 1.000000 1.000000 1.000000
	patch_type: symmetric
	patch_width: 8.0000000000000000
	patch_angle: 0.0000000000000000
	angles:  0.000000 0.000000 0.000000
	grand_canonical: 0
	chemical_potential: 0.0000000000000000
box: 45.407832 45.407832
copy: 1.000000 1.000000
epsilon: 0.0270840000000000
end_epsilon: 0.0000000000000000
pressure: 0.0458340000000000
lambda: 0.0000000000000000
lambda_coupling: 1.0000000000000000
uy: 0.0000000000000000
maximum_displacement: 1.0000000000000000
maximum_rotation: 1.0000000000000000
maximum_volume: 1.0000000000000000
maximum_shape: 0.0000001000000000
maximum_dsigma: 0.0100000000000000
mod: 10
pmod: 10
optimize: 1
verbose: 1
snapshot: 0
display: 1
explore: 1
npt: 1
nptxy: 0
nptdxdy: 0
shape: 0
seed: 1096585
-43.679293500172 30.581345866590 0.866025403784 -0.500000000000
3.289966315928 11.151237706023 0.000000000000 1.000000000000
17.667433785943 8.740544048722 0.866025403784 0.500000000000
16.032905180744 -206.302539823305 0.866025403784 -0.500000000000
62.769593560977 232.978952138014 0.000000000000 1.000000000000
360.077055426493 378.901439281810 0.866025403784 -0.500000000000
-286.047303744165 61.914348337930 0.866025403784 0.500000000000
-118.266771080913 -35.295676634865 0.000000000000 1.000000000000
39.154047183684 59.373155038113 0.000000000000 1.000000000000
258.625922582279 -6.836486425234 0.866025403784 0.500000000000
-44.282180755623 -259.664778350773 0.000000000000 1.000000000000
-107.438307677789 163.584307069111 0.866025403784 -0.500000000000
-393.410561186875 -277.196715013805 0.866025403784 0.500000000000
-153.592194225211 -74.255853937908 0.866025403784 0.500000000000
125.922949289011 -47.635168983210 0.866025403784 -0.500000000000
351.172188673778 -176.222472731722 0.000000000000 1.000000000000
-230.141615253051 76.697268909204 0.866025403784 -0.500000000000
185.751565836002 124.251067162277 0.866025403784 -0.500000000000
24.211266706742 -52.042715358872 0.866025403784 -0.500000000000
-169.605232933080 -232.005947369377 0.866025403784 -0.500000000000
