#Configurational_file created 2018-09-14 12:01:36  started 2018-09-14 12:01:35 run for 1.0s steps 0
name: p_963
step: 10000
specie: 20
	particle_diameter: 1.0000000000000000
	interaction_length: 1.2000000000000000
	number_of_patches: 3
	number_of_particles_per_compound: 1
	rod_length: 1.0000000000000000
	interaction_matrix:  1.000000 1.000000 1.000000 1.000000 1.000000 1.000000 1.000000 1.000000 1.000000
	patch_type: symmetric
	patch_width: 8.0000000000000000
	patch_angle: 0.0000000000000000
	angles:  0.000000 0.000000 0.000000
	grand_canonical: 0
	chemical_potential: 0.0000000000000000
box: 40.192604 40.192604
copy: 1.000000 1.000000
epsilon: 0.0270840000000000
end_epsilon: 0.0000000000000000
pressure: 0.0500010000000000
lambda: 0.0000000000000000
lambda_coupling: 1.0000000000000000
uy: 0.0000000000000000
maximum_displacement: 1.0000000000000000
maximum_rotation: 1.0000000000000000
maximum_volume: 1.0000000000000000
maximum_shape: 0.0000001000000000
maximum_dsigma: 0.0100000000000000
mod: 10
pmod: 10
optimize: 1
verbose: 1
snapshot: 0
display: 1
explore: 1
npt: 1
nptxy: 0
nptdxdy: 0
shape: 0
seed: 1097722
-93.676015174072 -30.177334446289 0.866025403784 0.500000000000
50.906629476457 167.494483575164 0.000000000000 1.000000000000
-178.445077098585 114.804900799483 0.000000000000 1.000000000000
-19.222393757068 110.471858540139 0.866025403784 0.500000000000
-10.214308704728 135.391645500386 0.000000000000 1.000000000000
-232.371045507052 194.975337999537 0.866025403784 0.500000000000
86.219563696556 -61.784334664899 0.866025403784 0.500000000000
-1.541195352392 304.067926659948 0.866025403784 -0.500000000000
53.763269590005 -37.321395643506 0.866025403784 -0.500000000000
163.984088193630 13.526955088035 0.000000000000 1.000000000000
185.619820617581 224.643637208438 0.866025403784 0.500000000000
-163.754842993612 -74.112048656552 0.866025403784 0.500000000000
240.772111982958 203.561403439713 0.866025403784 0.500000000000
60.228784577813 -198.905063954728 0.866025403784 0.500000000000
36.105347525363 95.295827404960 0.866025403784 0.500000000000
-274.835287237055 -208.934737095913 0.000000000000 1.000000000000
100.092029400307 313.151661280272 0.866025403784 -0.500000000000
-244.431487245208 117.503942455112 0.000000000000 1.000000000000
192.090415624451 -70.740814784454 0.866025403784 -0.500000000000
185.246160280646 116.001243486876 0.000000000000 1.000000000000
