#Configurational_file created 2018-09-14 11:34:04  started 2018-09-14 11:34:03 run for 1.0s steps 0
name: p_969
step: 10000
specie: 20
	particle_diameter: 1.0000000000000000
	interaction_length: 1.2000000000000000
	number_of_patches: 3
	number_of_particles_per_compound: 1
	rod_length: 1.0000000000000000
	interaction_matrix:  1.000000 1.000000 1.000000 1.000000 1.000000 1.000000 1.000000 1.000000 1.000000
	patch_type: symmetric
	patch_width: 8.0000000000000000
	patch_angle: 0.0000000000000000
	angles:  0.000000 0.000000 0.000000
	grand_canonical: 0
	chemical_potential: 0.0000000000000000
box: 9.443030 9.443030
copy: 1.000000 1.000000
epsilon: 0.2708790000000000
end_epsilon: 0.0000000000000000
pressure: 1.5000249999999999
lambda: 0.0000000000000000
lambda_coupling: 1.0000000000000000
uy: 0.0000000000000000
maximum_displacement: 1.0000000000000000
maximum_rotation: 1.0000000000000000
maximum_volume: 0.9133977600000001
maximum_shape: 0.0000001000000000
maximum_dsigma: 0.0100000000000000
mod: 10
pmod: 10
optimize: 1
verbose: 1
snapshot: 0
display: 1
explore: 1
npt: 1
nptxy: 0
nptdxdy: 0
shape: 0
seed: 1104544
41.124739942562 -35.303936179379 0.000000000000 1.000000000000
9.425592492794 -22.514822044322 0.866025403784 0.500000000000
108.813773357922 -10.676030225768 0.000000000000 1.000000000000
67.579435170618 66.119138619580 0.866025403784 0.500000000000
3.883064305579 88.124695527209 0.866025403784 -0.500000000000
-65.654650598104 72.833343264472 0.000000000000 1.000000000000
-82.951412015969 53.499464820124 0.866025403784 0.500000000000
-2.358856855883 -61.749397794618 0.866025403784 -0.500000000000
-6.140381968323 137.687340468571 0.000000000000 1.000000000000
-38.606170958354 93.587249895901 0.000000000000 1.000000000000
-69.726555808810 -55.132083864212 0.866025403784 -0.500000000000
-55.043104340116 67.279815808121 0.000000000000 1.000000000000
41.197090974900 -30.855490640532 0.866025403784 -0.500000000000
-153.657164311204 72.601389451565 0.866025403784 0.500000000000
40.454102646009 51.524803519317 0.866025403784 0.500000000000
-90.879214083975 225.504237410083 0.866025403784 -0.500000000000
28.713009016384 21.528854201047 0.866025403784 -0.500000000000
26.991794836770 -55.917694150608 0.000000000000 1.000000000000
196.914312364149 137.871594968816 0.866025403784 -0.500000000000
75.206232489472 -4.642185403600 0.866025403784 0.500000000000
