#Configurational_file created 2018-09-14 13:57:22  started 2018-09-14 13:57:21 run for 1.0s steps 0
name: p_965
step: 10000
specie: 20
	particle_diameter: 1.0000000000000000
	interaction_length: 1.2000000000000000
	number_of_patches: 3
	number_of_particles_per_compound: 1
	rod_length: 1.0000000000000000
	interaction_matrix:  1.000000 1.000000 1.000000 1.000000 1.000000 1.000000 1.000000 1.000000 1.000000
	patch_type: symmetric
	patch_width: 8.0000000000000000
	patch_angle: 0.0000000000000000
	angles:  0.000000 0.000000 0.000000
	grand_canonical: 0
	chemical_potential: 0.0000000000000000
box: 37.030865 37.030865
copy: 1.000000 1.000000
epsilon: 0.1379320000000000
end_epsilon: 0.0000000000000000
pressure: 0.0689660000000000
lambda: 0.0000000000000000
lambda_coupling: 1.0000000000000000
uy: 0.0000000000000000
maximum_displacement: 1.0000000000000000
maximum_rotation: 1.0000000000000000
maximum_volume: 1.0000000000000000
maximum_shape: 0.0000001000000000
maximum_dsigma: 0.0100000000000000
mod: 10
pmod: 10
optimize: 1
verbose: 1
snapshot: 0
display: 1
explore: 1
npt: 1
nptxy: 0
nptdxdy: 0
shape: 0
seed: 1099996
287.909063466892 -157.223292187339 0.000000000000 1.000000000000
-72.809801268653 -43.130548633007 0.000000000000 1.000000000000
148.786677792389 259.876042275638 0.000000000000 1.000000000000
-51.416980921978 43.542379518593 0.866025403784 -0.500000000000
-72.715254530729 -64.884974109920 0.866025403784 -0.500000000000
147.695242998641 254.898742684495 0.866025403784 -0.500000000000
223.144063104989 -61.606987486570 0.866025403784 -0.500000000000
-206.760679907918 144.485010094801 0.866025403784 -0.500000000000
-88.962633467203 -230.323532140925 0.000000000000 1.000000000000
-233.723074241665 60.510055829786 0.866025403784 -0.500000000000
232.273603714402 -49.143123309826 0.000000000000 1.000000000000
64.567344204431 -137.750784866274 0.000000000000 1.000000000000
3.211410939936 181.233588182067 0.000000000000 1.000000000000
-53.960483508184 118.636797808098 0.000000000000 1.000000000000
-213.345569352920 -60.516714346057 0.000000000000 1.000000000000
-17.248174511732 58.695715805174 0.866025403784 -0.500000000000
-33.517058630585 -76.313160157582 0.000000000000 1.000000000000
-39.735471619514 -233.476192236767 0.000000000000 1.000000000000
144.994328670198 76.759474411811 0.866025403784 -0.500000000000
60.835596459705 90.711406068947 0.866025403784 -0.500000000000
