#Configurational_file created 2018-09-14 11:34:01  started 2018-09-14 11:34:00 run for 1.0s steps 0
name: p_965
step: 10000
specie: 20
	particle_diameter: 1.0000000000000000
	interaction_length: 1.2000000000000000
	number_of_patches: 3
	number_of_particles_per_compound: 1
	rod_length: 1.0000000000000000
	interaction_matrix:  1.000000 1.000000 1.000000 1.000000 1.000000 1.000000 1.000000 1.000000 1.000000
	patch_type: symmetric
	patch_width: 8.0000000000000000
	patch_angle: 0.0000000000000000
	angles:  0.000000 0.000000 0.000000
	grand_canonical: 0
	chemical_potential: 0.0000000000000000
box: 10.580325 10.580325
copy: 1.000000 1.000000
epsilon: 0.2708790000000000
end_epsilon: 0.0000000000000000
pressure: 1.1667080000000001
lambda: 0.0000000000000000
lambda_coupling: 1.0000000000000000
uy: 0.0000000000000000
maximum_displacement: 1.0000000000000000
maximum_rotation: 1.0000000000000000
maximum_volume: 1.0000000000000000
maximum_shape: 0.0000001000000000
maximum_dsigma: 0.0100000000000000
mod: 10
pmod: 10
optimize: 1
verbose: 1
snapshot: 0
display: 1
explore: 1
npt: 1
nptxy: 0
nptdxdy: 0
shape: 0
seed: 1099996
24.783228888521 -96.959143072542 0.866025403784 -0.500000000000
64.100600050618 -53.891251859874 0.866025403784 0.500000000000
81.768517985921 133.523210585213 0.866025403784 -0.500000000000
122.291224132190 -13.874725037785 0.866025403784 -0.500000000000
85.658177884839 11.671476353913 0.866025403784 -0.500000000000
37.193433087941 168.511454880766 0.000000000000 1.000000000000
94.610842185683 -74.367621369597 0.866025403784 0.500000000000
45.635234078886 -20.514545838754 0.000000000000 1.000000000000
1.697229709580 36.797306910573 0.866025403784 -0.500000000000
79.007628686068 -113.808822737654 0.866025403784 -0.500000000000
-4.021778953753 132.852721370703 0.000000000000 1.000000000000
-109.822456423026 -90.500427128968 0.866025403784 0.500000000000
-2.040234177476 -114.710240429130 0.000000000000 1.000000000000
81.691764734106 -20.952600405425 0.866025403784 0.500000000000
-100.920991926961 6.216907625439 0.866025403784 0.500000000000
142.601778606183 -74.792911340639 0.866025403784 -0.500000000000
-48.687481949143 103.500576846111 0.000000000000 1.000000000000
13.402848653368 -5.364665630960 0.866025403784 -0.500000000000
84.579834135137 118.964110908447 0.866025403784 -0.500000000000
-138.786875322434 161.859060293280 0.866025403784 -0.500000000000
