#Configurational_file created 2018-09-14 11:34:01  started 2018-09-14 11:34:01 run for 0.0s steps 0
name: p_966
step: 10000
specie: 20
	particle_diameter: 1.0000000000000000
	interaction_length: 1.2000000000000000
	number_of_patches: 3
	number_of_particles_per_compound: 1
	rod_length: 1.0000000000000000
	interaction_matrix:  1.000000 1.000000 1.000000 1.000000 1.000000 1.000000 1.000000 1.000000 1.000000
	patch_type: symmetric
	patch_width: 8.0000000000000000
	patch_angle: 0.0000000000000000
	angles:  0.000000 0.000000 0.000000
	grand_canonical: 0
	chemical_potential: 0.0000000000000000
box: 8.578524 8.578524
copy: 1.000000 1.000000
epsilon: 0.2708790000000000
end_epsilon: 0.0000000000000000
pressure: 1.2500370000000001
lambda: 0.0000000000000000
lambda_coupling: 1.0000000000000000
uy: 0.0000000000000000
maximum_displacement: 1.0000000000000000
maximum_rotation: 1.0000000000000000
maximum_volume: 1.0000000000000000
maximum_shape: 0.0000001000000000
maximum_dsigma: 0.0100000000000000
mod: 10
pmod: 10
optimize: 1
verbose: 1
snapshot: 0
display: 1
explore: 1
npt: 1
nptxy: 0
nptdxdy: 0
shape: 0
seed: 1101133
1.524914440044 69.644791111407 0.866025403784 0.500000000000
54.521971998425 6.428670771065 0.000000000000 1.000000000000
68.184163435247 -107.619197131182 0.866025403784 -0.500000000000
75.407482073627 -10.934391308001 0.866025403784 0.500000000000
46.390610142437 3.909488536773 0.000000000000 1.000000000000
23.493444722254 -77.434977038483 0.866025403784 -0.500000000000
86.907602608368 -122.000404102106 0.866025403784 0.500000000000
111.033131342323 34.750473132471 0.866025403784 -0.500000000000
108.916631146156 2.343678652661 0.866025403784 -0.500000000000
-6.283978620956 -39.576531515316 0.000000000000 1.000000000000
10.700193498885 25.012187818564 0.000000000000 1.000000000000
94.688065988089 -11.237393791135 0.866025403784 0.500000000000
-59.357151236538 28.890255368632 0.866025403784 0.500000000000
-60.780603907654 -95.738552983400 0.866025403784 -0.500000000000
85.384987605142 51.643910482425 0.000000000000 1.000000000000
84.962298223341 -57.674540112424 0.000000000000 1.000000000000
62.829342404815 -102.620726309906 0.866025403784 -0.500000000000
-33.146285980155 67.746984191168 0.866025403784 -0.500000000000
11.880247421022 -12.452775594679 0.866025403784 0.500000000000
27.547460883284 -134.912510523407 0.000000000000 1.000000000000
