#Configurational_file created 2018-09-14 13:57:20  started 2018-09-14 13:57:19 run for 1.0s steps 0
name: p_962
step: 10000
specie: 20
	particle_diameter: 1.0000000000000000
	interaction_length: 1.2000000000000000
	number_of_patches: 3
	number_of_particles_per_compound: 1
	rod_length: 1.0000000000000000
	interaction_matrix:  1.000000 1.000000 1.000000 1.000000 1.000000 1.000000 1.000000 1.000000 1.000000
	patch_type: symmetric
	patch_width: 8.0000000000000000
	patch_angle: 0.0000000000000000
	angles:  0.000000 0.000000 0.000000
	grand_canonical: 0
	chemical_potential: 0.0000000000000000
box: 45.854679 45.854679
copy: 1.000000 1.000000
epsilon: 0.1379320000000000
end_epsilon: 0.0000000000000000
pressure: 0.0172420000000000
lambda: 0.0000000000000000
lambda_coupling: 1.0000000000000000
uy: 0.0000000000000000
maximum_displacement: 1.0000000000000000
maximum_rotation: 1.0000000000000000
maximum_volume: 1.0000000000000000
maximum_shape: 0.0000001000000000
maximum_dsigma: 0.0100000000000000
mod: 10
pmod: 10
optimize: 1
verbose: 1
snapshot: 0
display: 1
explore: 1
npt: 1
nptxy: 0
nptdxdy: 0
shape: 0
seed: 1096585
-19.110825856907 36.225952119122 0.000000000000 1.000000000000
336.594568256277 -23.626943956667 0.866025403784 -0.500000000000
34.861456257372 172.301751777699 0.000000000000 1.000000000000
112.576580955198 -193.901979608954 0.866025403784 -0.500000000000
154.826286051813 51.834837584352 0.866025403784 0.500000000000
248.982784805088 224.671859992913 0.000000000000 1.000000000000
94.353042489625 -127.984135322263 0.000000000000 1.000000000000
233.874330378590 -143.944100975577 0.866025403784 0.500000000000
-231.955733007560 -11.629091692454 0.000000000000 1.000000000000
110.297550301089 -29.405630097087 0.866025403784 -0.500000000000
64.410106357126 -198.322396519242 0.000000000000 1.000000000000
160.715063670559 239.409404138613 0.866025403784 -0.500000000000
99.664554791368 -69.573907005950 0.000000000000 1.000000000000
86.763257087722 -27.230818973985 0.866025403784 0.500000000000
-98.545575285847 -324.326281747888 0.866025403784 0.500000000000
308.034898934878 -64.769747139821 0.866025403784 -0.500000000000
-131.984115410987 -207.908196514825 0.000000000000 1.000000000000
17.923565458266 36.362511006838 0.866025403784 0.500000000000
291.757476491107 115.959608220115 0.866025403784 -0.500000000000
326.569861775279 -354.196442056458 0.866025403784 -0.500000000000
