#Configurational_file created 2018-09-14 12:01:37  started 2018-09-14 12:01:36 run for 1.0s steps 0
name: p_964
step: 10000
specie: 20
	particle_diameter: 1.0000000000000000
	interaction_length: 1.2000000000000000
	number_of_patches: 3
	number_of_particles_per_compound: 1
	rod_length: 1.0000000000000000
	interaction_matrix:  1.000000 1.000000 1.000000 1.000000 1.000000 1.000000 1.000000 1.000000 1.000000
	patch_type: symmetric
	patch_width: 8.0000000000000000
	patch_angle: 0.0000000000000000
	angles:  0.000000 0.000000 0.000000
	grand_canonical: 0
	chemical_potential: 0.0000000000000000
box: 49.282702 49.282702
copy: 1.000000 1.000000
epsilon: 0.0270840000000000
end_epsilon: 0.0000000000000000
pressure: 0.0541670000000000
lambda: 0.0000000000000000
lambda_coupling: 1.0000000000000000
uy: 0.0000000000000000
maximum_displacement: 1.0000000000000000
maximum_rotation: 1.0000000000000000
maximum_volume: 1.0000000000000000
maximum_shape: 0.0000001000000000
maximum_dsigma: 0.0100000000000000
mod: 10
pmod: 10
optimize: 1
verbose: 1
snapshot: 0
display: 1
explore: 1
npt: 1
nptxy: 0
nptdxdy: 0
shape: 0
seed: 1098859
-51.083821557356 -134.914572637161 0.866025403784 0.500000000000
355.617350188667 171.662720882047 0.000000000000 1.000000000000
-9.462471624692 85.804341443596 0.866025403784 -0.500000000000
86.139153388925 -345.962309645151 0.000000000000 1.000000000000
311.865507313014 -31.837825693418 0.866025403784 -0.500000000000
-136.536757872593 -132.327455854373 0.866025403784 -0.500000000000
-96.163204835779 -17.792655781228 0.866025403784 0.500000000000
116.180501784161 50.566944917328 0.866025403784 -0.500000000000
-16.611333524187 21.753520901424 0.866025403784 -0.500000000000
170.332338338324 6.967964649047 0.000000000000 1.000000000000
-49.618268172903 -166.054608935817 0.866025403784 0.500000000000
181.185948707199 225.849815549028 0.866025403784 -0.500000000000
-164.838107515973 -248.683708553593 0.866025403784 -0.500000000000
207.952181661084 -56.252428968497 0.866025403784 0.500000000000
-259.123744714068 -188.486398428319 0.000000000000 1.000000000000
4.766376506104 146.590398832545 0.866025403784 0.500000000000
167.229644122858 -103.267617772326 0.866025403784 0.500000000000
41.041660609832 -83.206761642525 0.866025403784 0.500000000000
-207.467671132164 -81.872103676058 0.866025403784 -0.500000000000
221.620219205628 -203.133953048221 0.866025403784 -0.500000000000
