#Configurational_file created 2018-09-14 13:57:20  started 2018-09-14 13:57:20 run for 0.0s steps 0
name: p_963
step: 10000
specie: 20
	particle_diameter: 1.0000000000000000
	interaction_length: 1.2000000000000000
	number_of_patches: 3
	number_of_particles_per_compound: 1
	rod_length: 1.0000000000000000
	interaction_matrix:  1.000000 1.000000 1.000000 1.000000 1.000000 1.000000 1.000000 1.000000 1.000000
	patch_type: symmetric
	patch_width: 8.0000000000000000
	patch_angle: 0.0000000000000000
	angles:  0.000000 0.000000 0.000000
	grand_canonical: 0
	chemical_potential: 0.0000000000000000
box: 44.531117 44.531117
copy: 1.000000 1.000000
epsilon: 0.1379320000000000
end_epsilon: 0.0000000000000000
pressure: 0.0344840000000000
lambda: 0.0000000000000000
lambda_coupling: 1.0000000000000000
uy: 0.0000000000000000
maximum_displacement: 1.0000000000000000
maximum_rotation: 1.0000000000000000
maximum_volume: 1.0000000000000000
maximum_shape: 0.0000001000000000
maximum_dsigma: 0.0100000000000000
mod: 10
pmod: 10
optimize: 1
verbose: 1
snapshot: 0
display: 1
explore: 1
npt: 1
nptxy: 0
nptdxdy: 0
shape: 0
seed: 1097722
93.721440341039 21.506526423824 0.866025403784 -0.500000000000
372.009777041619 -38.318356965124 0.866025403784 -0.500000000000
-40.242641134840 69.266290485224 0.866025403784 0.500000000000
27.071691474779 -299.820072163734 0.866025403784 0.500000000000
-336.696458096853 173.729931791662 0.866025403784 0.500000000000
-176.541478668980 9.116824058358 0.866025403784 -0.500000000000
77.573712817825 200.589053850428 0.866025403784 -0.500000000000
-303.022834426347 200.480984435085 0.866025403784 0.500000000000
68.931681490323 -19.657870133537 0.866025403784 -0.500000000000
103.819555224384 41.100550801720 0.000000000000 1.000000000000
79.422011126260 328.938198675665 0.866025403784 -0.500000000000
-85.357545392481 95.440133010982 0.000000000000 1.000000000000
-271.661119051255 -82.303332015914 0.866025403784 0.500000000000
124.693709411452 -279.410058817349 0.866025403784 0.500000000000
37.773950782772 156.423162516687 0.000000000000 1.000000000000
-47.966316344008 -92.226607928125 0.866025403784 0.500000000000
187.348015819159 -25.116142727941 0.866025403784 0.500000000000
-107.347660498969 -15.642004162130 0.866025403784 0.500000000000
167.335933650662 -16.458740522486 0.866025403784 0.500000000000
25.558540668954 326.982785369123 0.000000000000 1.000000000000
