#Configurational_file created 2018-09-14 11:34:03  started 2018-09-14 11:34:02 run for 1.0s steps 0
name: p_968
step: 10000
specie: 20
	particle_diameter: 1.0000000000000000
	interaction_length: 1.2000000000000000
	number_of_patches: 3
	number_of_particles_per_compound: 1
	rod_length: 1.0000000000000000
	interaction_matrix:  1.000000 1.000000 1.000000 1.000000 1.000000 1.000000 1.000000 1.000000 1.000000
	patch_type: symmetric
	patch_width: 8.0000000000000000
	patch_angle: 0.0000000000000000
	angles:  0.000000 0.000000 0.000000
	grand_canonical: 0
	chemical_potential: 0.0000000000000000
box: 8.358301 8.358301
copy: 1.000000 1.000000
epsilon: 0.2708790000000000
end_epsilon: 0.0000000000000000
pressure: 1.4166960000000000
lambda: 0.0000000000000000
lambda_coupling: 1.0000000000000000
uy: 0.0000000000000000
maximum_displacement: 1.0000000000000000
maximum_rotation: 1.0000000000000000
maximum_volume: 1.0000000000000000
maximum_shape: 0.0000001000000000
maximum_dsigma: 0.0100000000000000
mod: 10
pmod: 10
optimize: 1
verbose: 1
snapshot: 0
display: 1
explore: 1
npt: 1
nptxy: 0
nptdxdy: 0
shape: 0
seed: 1103407
-24.673080506821 -29.827293087118 0.000000000000 1.000000000000
135.786729030914 51.895722115704 0.000000000000 1.000000000000
10.289276376580 5.493570899595 0.866025403784 0.500000000000
-127.396617652225 -106.226004048956 0.866025403784 0.500000000000
112.162484542992 77.820953315273 0.866025403784 0.500000000000
-77.020508380148 106.279906287730 0.000000000000 1.000000000000
-20.031794845277 -72.163817304279 0.866025403784 0.500000000000
3.802588380737 -80.353622445655 0.866025403784 -0.500000000000
18.113295908467 -46.391237589610 0.866025403784 -0.500000000000
-43.968123089660 0.922516486952 0.000000000000 1.000000000000
135.188898995396 -149.259990340358 0.866025403784 0.500000000000
67.385380087536 -86.385989775925 0.866025403784 0.500000000000
-3.932180802598 -25.280296017748 0.866025403784 -0.500000000000
-115.418838421556 7.550632513389 0.866025403784 -0.500000000000
-103.207883318112 16.602402858667 0.866025403784 0.500000000000
80.696222246680 -32.471982915554 0.866025403784 -0.500000000000
134.312897938662 91.014714457814 0.866025403784 0.500000000000
-30.489936841235 -144.331169169204 0.866025403784 0.500000000000
37.786116270447 93.462545402147 0.866025403784 -0.500000000000
-13.849993901394 57.302056434310 0.866025403784 -0.500000000000
