#Configurational_file created 2018-09-14 11:33:58  started 2018-09-14 11:33:57 run for 1.0s steps 0
name: p_962
step: 10000
specie: 20
	particle_diameter: 1.0000000000000000
	interaction_length: 1.2000000000000000
	number_of_patches: 3
	number_of_particles_per_compound: 1
	rod_length: 1.0000000000000000
	interaction_matrix:  1.000000 1.000000 1.000000 1.000000 1.000000 1.000000 1.000000 1.000000 1.000000
	patch_type: symmetric
	patch_width: 8.0000000000000000
	patch_angle: 0.0000000000000000
	angles:  0.000000 0.000000 0.000000
	grand_canonical: 0
	chemical_potential: 0.0000000000000000
box: 9.104352 9.104352
copy: 1.000000 1.000000
epsilon: 0.2708790000000000
end_epsilon: 0.0000000000000000
pressure: 0.9167210000000000
lambda: 0.0000000000000000
lambda_coupling: 1.0000000000000000
uy: 0.0000000000000000
maximum_displacement: 1.0000000000000000
maximum_rotation: 1.0000000000000000
maximum_volume: 1.0000000000000000
maximum_shape: 0.0000001000000000
maximum_dsigma: 0.0100000000000000
mod: 10
pmod: 10
optimize: 1
verbose: 1
snapshot: 0
display: 1
explore: 1
npt: 1
nptxy: 0
nptdxdy: 0
shape: 0
seed: 1096585
-161.411870259100 -86.801432300211 0.866025403784 0.500000000000
61.307849003507 88.833846876214 0.866025403784 0.500000000000
74.391949260695 -126.202187246618 0.000000000000 1.000000000000
-69.616604210529 -29.725866964071 0.000000000000 1.000000000000
61.109962233211 -40.750744460433 0.866025403784 0.500000000000
30.274117226741 10.591983443368 0.866025403784 -0.500000000000
-27.245023232415 26.765098474874 0.866025403784 -0.500000000000
50.059313227659 50.507812850891 0.000000000000 1.000000000000
-51.342024487373 -81.763303675276 0.866025403784 -0.500000000000
74.627157433469 -16.210672866741 0.866025403784 0.500000000000
-41.525171638814 -106.648073835147 0.866025403784 0.500000000000
53.549057798603 52.225405736395 0.000000000000 1.000000000000
89.819371645937 -14.865144894926 0.866025403784 -0.500000000000
-95.218838117308 46.124658844050 0.000000000000 1.000000000000
-88.869339490013 -30.735006956323 0.866025403784 0.500000000000
35.742746904840 105.534720934664 0.000000000000 1.000000000000
21.889932975180 7.536238476076 0.866025403784 -0.500000000000
26.771187388404 84.982653844844 0.000000000000 1.000000000000
26.166089020213 -101.905123206098 0.866025403784 -0.500000000000
-45.308463558149 -87.548769038880 0.866025403784 -0.500000000000
