#Configurational_file created 2018-09-14 13:57:24  started 2018-09-14 13:57:24 run for 0.0s steps 0
name: p_969
step: 10000
specie: 20
	particle_diameter: 1.0000000000000000
	interaction_length: 1.2000000000000000
	number_of_patches: 3
	number_of_particles_per_compound: 1
	rod_length: 1.0000000000000000
	interaction_matrix:  1.000000 1.000000 1.000000 1.000000 1.000000 1.000000 1.000000 1.000000 1.000000
	patch_type: symmetric
	patch_width: 8.0000000000000000
	patch_angle: 0.0000000000000000
	angles:  0.000000 0.000000 0.000000
	grand_canonical: 0
	chemical_potential: 0.0000000000000000
box: 38.240013 38.240013
copy: 1.000000 1.000000
epsilon: 0.1379320000000000
end_epsilon: 0.0000000000000000
pressure: 0.1379320000000000
lambda: 0.0000000000000000
lambda_coupling: 1.0000000000000000
uy: 0.0000000000000000
maximum_displacement: 1.0000000000000000
maximum_rotation: 1.0000000000000000
maximum_volume: 1.0000000000000000
maximum_shape: 0.0000001000000000
maximum_dsigma: 0.0100000000000000
mod: 10
pmod: 10
optimize: 1
verbose: 1
snapshot: 0
display: 1
explore: 1
npt: 1
nptxy: 0
nptdxdy: 0
shape: 0
seed: 1104544
76.474552015537 66.268230749288 0.000000000000 1.000000000000
-217.510169663276 73.142466668606 0.866025403784 -0.500000000000
107.691731679831 135.149891283038 0.866025403784 -0.500000000000
-17.347759154378 -33.732859140910 0.000000000000 1.000000000000
-227.560467626676 -238.436008854829 0.866025403784 -0.500000000000
17.993772519071 146.135995259290 0.866025403784 -0.500000000000
35.022674641124 -64.321360707591 0.866025403784 -0.500000000000
-1.139686643891 -126.514452152788 0.866025403784 -0.500000000000
-50.808504533470 301.700420055893 0.866025403784 -0.500000000000
232.162330872165 -50.605378835280 0.866025403784 -0.500000000000
-235.659332166568 -32.994828387815 0.866025403784 -0.500000000000
-70.981065159484 236.769301880572 0.000000000000 1.000000000000
-163.992018942039 190.440262550685 0.866025403784 -0.500000000000
22.545587418145 197.943287326853 0.000000000000 1.000000000000
91.596650772109 158.103615198388 0.000000000000 1.000000000000
167.446618168322 121.042606520862 0.000000000000 1.000000000000
151.016586637028 183.805231159195 0.000000000000 1.000000000000
192.743188246730 -196.031318999081 0.000000000000 1.000000000000
82.894776229116 -143.122670591469 0.000000000000 1.000000000000
-130.377136609084 29.242232745288 0.000000000000 1.000000000000
