#Configurational_file created 2018-09-14 13:57:21  started 2018-09-14 13:57:20 run for 1.0s steps 0
name: p_964
step: 10000
specie: 20
	particle_diameter: 1.0000000000000000
	interaction_length: 1.2000000000000000
	number_of_patches: 3
	number_of_particles_per_compound: 1
	rod_length: 1.0000000000000000
	interaction_matrix:  1.000000 1.000000 1.000000 1.000000 1.000000 1.000000 1.000000 1.000000 1.000000
	patch_type: symmetric
	patch_width: 8.0000000000000000
	patch_angle: 0.0000000000000000
	angles:  0.000000 0.000000 0.000000
	grand_canonical: 0
	chemical_potential: 0.0000000000000000
box: 45.254905 45.254905
copy: 1.000000 1.000000
epsilon: 0.1379320000000000
end_epsilon: 0.0000000000000000
pressure: 0.0517250000000000
lambda: 0.0000000000000000
lambda_coupling: 1.0000000000000000
uy: 0.0000000000000000
maximum_displacement: 1.0000000000000000
maximum_rotation: 1.0000000000000000
maximum_volume: 1.0000000000000000
maximum_shape: 0.0000001000000000
maximum_dsigma: 0.0100000000000000
mod: 10
pmod: 10
optimize: 1
verbose: 1
snapshot: 0
display: 1
explore: 1
npt: 1
nptxy: 0
nptdxdy: 0
shape: 0
seed: 1098859
-146.546461446557 -61.504589490146 0.866025403784 0.500000000000
79.625730409420 82.703032305678 0.866025403784 0.500000000000
236.396883600586 -94.416066100908 0.866025403784 -0.500000000000
-60.717518009286 -247.459974925116 0.000000000000 1.000000000000
263.781672426768 -68.345606131680 0.866025403784 -0.500000000000
-255.349841232253 -163.195361896859 0.866025403784 -0.500000000000
315.315541393418 40.911383876762 0.000000000000 1.000000000000
-62.233312177042 -83.616462936439 0.000000000000 1.000000000000
174.847623186661 227.011973907290 0.866025403784 -0.500000000000
36.499941886617 -63.294468189412 0.866025403784 0.500000000000
30.062997674208 75.042995440553 0.866025403784 0.500000000000
55.125844658316 -32.102786597456 0.866025403784 -0.500000000000
-121.364922566126 -195.080820415082 0.866025403784 0.500000000000
58.783503921862 -144.366726332833 0.866025403784 -0.500000000000
-132.045400108369 -199.620086383470 0.000000000000 1.000000000000
71.850657909809 168.621404321744 0.866025403784 -0.500000000000
282.348270735869 -238.512234788600 0.866025403784 0.500000000000
-66.097616326754 -29.443615440340 0.000000000000 1.000000000000
68.822260136795 -193.797225833429 0.866025403784 -0.500000000000
65.590917165589 -75.687451099810 0.866025403784 0.500000000000
