#Configurational_file created 2018-09-14 12:01:37  started 2018-09-14 12:01:37 run for 0.0s steps 0
name: p_965
step: 10000
specie: 20
	particle_diameter: 1.0000000000000000
	interaction_length: 1.2000000000000000
	number_of_patches: 3
	number_of_particles_per_compound: 1
	rod_length: 1.0000000000000000
	interaction_matrix:  1.000000 1.000000 1.000000 1.000000 1.000000 1.000000 1.000000 1.000000 1.000000
	patch_type: symmetric
	patch_width: 8.0000000000000000
	patch_angle: 0.0000000000000000
	angles:  0.000000 0.000000 0.000000
	grand_canonical: 0
	chemical_potential: 0.0000000000000000
box: 52.671073 52.671073
copy: 1.000000 1.000000
epsilon: 0.0270840000000000
end_epsilon: 0.0000000000000000
pressure: 0.0583340000000000
lambda: 0.0000000000000000
lambda_coupling: 1.0000000000000000
uy: 0.0000000000000000
maximum_displacement: 1.0000000000000000
maximum_rotation: 1.0000000000000000
maximum_volume: 1.0000000000000000
maximum_shape: 0.0000001000000000
maximum_dsigma: 0.0100000000000000
mod: 10
pmod: 10
optimize: 1
verbose: 1
snapshot: 0
display: 1
explore: 1
npt: 1
nptxy: 0
nptdxdy: 0
shape: 0
seed: 1099996
-135.994771205187 165.827922111246 0.866025403784 0.500000000000
70.006901272857 -266.582107934372 0.866025403784 0.500000000000
166.090987246313 88.850480319501 0.866025403784 -0.500000000000
124.575783042685 323.837397616234 0.000000000000 1.000000000000
96.652087039083 -138.176959204693 0.000000000000 1.000000000000
-54.412399782025 325.139649479667 0.000000000000 1.000000000000
4.224679024218 -37.618234667094 0.000000000000 1.000000000000
-263.906170270416 -17.753108346666 0.866025403784 -0.500000000000
-377.088541453126 -173.687569001812 0.866025403784 -0.500000000000
-204.846140869624 103.090231109570 0.866025403784 -0.500000000000
88.858772439791 -116.174666983694 0.866025403784 0.500000000000
8.627817703758 172.208265601706 0.000000000000 1.000000000000
-134.613529618603 129.399131998483 0.866025403784 -0.500000000000
-66.636439672531 121.931609090080 0.000000000000 1.000000000000
183.622711632582 48.552246056989 0.866025403784 0.500000000000
16.950876857566 331.875046811678 0.866025403784 0.500000000000
-214.008943609330 37.278184443218 0.866025403784 -0.500000000000
-2.313005672893 87.805496323010 0.866025403784 0.500000000000
27.795364928030 153.114733575337 0.000000000000 1.000000000000
96.508580975185 -82.948203445267 0.000000000000 1.000000000000
