#Configurational_file created 2018-09-14 13:57:24  started 2018-09-14 13:57:23 run for 1.0s steps 0
name: p_968
step: 10000
specie: 20
	particle_diameter: 1.0000000000000000
	interaction_length: 1.2000000000000000
	number_of_patches: 3
	number_of_particles_per_compound: 1
	rod_length: 1.0000000000000000
	interaction_matrix:  1.000000 1.000000 1.000000 1.000000 1.000000 1.000000 1.000000 1.000000 1.000000
	patch_type: symmetric
	patch_width: 8.0000000000000000
	patch_angle: 0.0000000000000000
	angles:  0.000000 0.000000 0.000000
	grand_canonical: 0
	chemical_potential: 0.0000000000000000
box: 32.734557 32.734557
copy: 1.000000 1.000000
epsilon: 0.1379320000000000
end_epsilon: 0.0000000000000000
pressure: 0.1206900000000000
lambda: 0.0000000000000000
lambda_coupling: 1.0000000000000000
uy: 0.0000000000000000
maximum_displacement: 1.0000000000000000
maximum_rotation: 1.0000000000000000
maximum_volume: 1.0000000000000000
maximum_shape: 0.0000001000000000
maximum_dsigma: 0.0100000000000000
mod: 10
pmod: 10
optimize: 1
verbose: 1
snapshot: 0
display: 1
explore: 1
npt: 1
nptxy: 0
nptdxdy: 0
shape: 0
seed: 1103407
189.262443899638 212.429810151330 0.866025403784 0.500000000000
-56.983629149300 28.909346703203 0.866025403784 -0.500000000000
104.114130889091 25.160429046299 0.000000000000 1.000000000000
-23.375011779965 13.513456873882 0.866025403784 -0.500000000000
71.780961412572 -110.970712720947 0.000000000000 1.000000000000
175.305633707188 294.460986428346 0.866025403784 -0.500000000000
2.602347150106 87.791669211688 0.866025403784 -0.500000000000
18.782194016679 -36.820766881353 0.866025403784 0.500000000000
101.054908848073 63.920598707474 0.866025403784 -0.500000000000
-212.241525829308 77.379495539857 0.866025403784 0.500000000000
243.473114593156 180.040274761014 0.866025403784 -0.500000000000
0.281923189133 -138.142710305487 0.866025403784 -0.500000000000
172.979389331403 -49.126825337205 0.866025403784 -0.500000000000
-16.696331492329 58.926495064269 0.000000000000 1.000000000000
55.418384202244 -7.869833595865 0.866025403784 0.500000000000
191.871015959709 -94.539204190578 0.866025403784 -0.500000000000
-141.637445598393 114.602775504473 0.866025403784 0.500000000000
-35.115684226775 138.876803260299 0.000000000000 1.000000000000
46.133465744198 112.580612012853 0.866025403784 0.500000000000
-69.230242855327 234.131359870752 0.866025403784 -0.500000000000
