#Configurational_file created 2018-09-14 11:06:38  started 2018-09-14 11:06:37 run for 1.0s steps 0
name: p_96
step: 10000
specie: 20
	particle_diameter: 1.0000000000000000
	interaction_length: 1.2000000000000000
	number_of_patches: 3
	number_of_particles_per_compound: 1
	rod_length: 1.0000000000000000
	interaction_matrix:  1.000000 1.000000 1.000000 1.000000 1.000000 1.000000 1.000000 1.000000 1.000000
	patch_type: symmetric
	patch_width: 8.0000000000000000
	patch_angle: 0.0000000000000000
	angles:  0.000000 0.000000 0.000000
	grand_canonical: 0
	chemical_potential: 0.0000000000000000
box: 8.468509 8.468509
copy: 1.000000 1.000000
epsilon: 0.2143430000000000
end_epsilon: 0.0000000000000000
pressure: 2.0000000000000000
lambda: 0.0000000000000000
lambda_coupling: 1.0000000000000000
uy: 0.0000000000000000
maximum_displacement: 1.0000000000000000
maximum_rotation: 1.0000000000000000
maximum_volume: 0.7380313600000000
maximum_shape: 0.0000001000000000
maximum_dsigma: 0.0100000000000000
mod: 10
pmod: 10
optimize: 1
verbose: 1
snapshot: 0
display: 1
explore: 1
npt: 1
nptxy: 0
nptdxdy: 0
shape: 0
seed: 112022
209.316936270631 -33.335245155566 0.000000000000 1.000000000000
97.135985874364 95.162515861605 0.866025403784 0.500000000000
-81.431156250290 48.006255617033 0.000000000000 1.000000000000
172.326756422685 42.173329041876 0.866025403784 -0.500000000000
8.661482581018 -6.389445760203 0.000000000000 1.000000000000
-7.726744134761 -30.773952094169 0.866025403784 0.500000000000
-71.166877258335 86.351067071150 0.866025403784 -0.500000000000
31.211600008143 14.405752427787 0.000000000000 1.000000000000
-36.715369381390 10.597194252899 0.000000000000 1.000000000000
-93.680706317173 97.195501648272 0.866025403784 0.500000000000
-33.485085819111 58.777253473994 0.000000000000 1.000000000000
63.047082420431 92.179701741429 0.000000000000 1.000000000000
-43.443831490150 96.301145194739 0.000000000000 1.000000000000
-37.783807680899 -12.058377762877 0.000000000000 1.000000000000
-14.529127258738 -38.216242881182 0.866025403784 -0.500000000000
-106.145192080107 -56.624342635738 0.866025403784 -0.500000000000
-67.564419010746 21.748243979573 0.866025403784 -0.500000000000
9.918332426221 -77.805153867112 0.866025403784 0.500000000000
-23.427943182856 -74.902692481070 0.866025403784 -0.500000000000
62.936830569128 -42.203702346465 0.000000000000 1.000000000000
