#Configurational_file created 2018-09-14 13:57:22  started 2018-09-14 13:57:22 run for 0.0s steps 0
name: p_966
step: 10000
specie: 20
	particle_diameter: 1.0000000000000000
	interaction_length: 1.2000000000000000
	number_of_patches: 3
	number_of_particles_per_compound: 1
	rod_length: 1.0000000000000000
	interaction_matrix:  1.000000 1.000000 1.000000 1.000000 1.000000 1.000000 1.000000 1.000000 1.000000
	patch_type: symmetric
	patch_width: 8.0000000000000000
	patch_angle: 0.0000000000000000
	angles:  0.000000 0.000000 0.000000
	grand_canonical: 0
	chemical_potential: 0.0000000000000000
box: 43.130744 43.130744
copy: 1.000000 1.000000
epsilon: 0.1379320000000000
end_epsilon: 0.0000000000000000
pressure: 0.0862080000000000
lambda: 0.0000000000000000
lambda_coupling: 1.0000000000000000
uy: 0.0000000000000000
maximum_displacement: 1.0000000000000000
maximum_rotation: 1.0000000000000000
maximum_volume: 1.0000000000000000
maximum_shape: 0.0000001000000000
maximum_dsigma: 0.0100000000000000
mod: 10
pmod: 10
optimize: 1
verbose: 1
snapshot: 0
display: 1
explore: 1
npt: 1
nptxy: 0
nptdxdy: 0
shape: 0
seed: 1101133
258.924788346717 -84.840553908832 0.866025403784 -0.500000000000
-6.535562049821 390.919909752191 0.866025403784 0.500000000000
26.574458923323 55.365708078488 0.866025403784 -0.500000000000
170.089192724744 -131.976833200774 0.866025403784 -0.500000000000
215.465126598548 24.776174459233 0.866025403784 0.500000000000
74.486016182853 -35.743419939699 0.000000000000 1.000000000000
150.707379594164 -77.082074353483 0.000000000000 1.000000000000
-11.330626303525 252.458803109833 0.866025403784 -0.500000000000
165.108853637447 38.598308280239 0.000000000000 1.000000000000
-42.335334007478 -210.171470915580 0.000000000000 1.000000000000
113.336587781890 -90.464646894607 0.866025403784 -0.500000000000
-125.845324131111 -88.488245827234 0.866025403784 -0.500000000000
85.463974343801 -137.658865131681 0.866025403784 0.500000000000
-57.616922188317 -109.171753336624 0.000000000000 1.000000000000
-335.890198188754 -171.183854039996 0.866025403784 0.500000000000
20.093645981290 150.374805221396 0.000000000000 1.000000000000
191.303291678618 -353.298245857047 0.866025403784 0.500000000000
135.896897550170 198.875739318424 0.000000000000 1.000000000000
92.389048613215 200.355998004359 0.000000000000 1.000000000000
37.352392720337 -23.525908641883 0.866025403784 0.500000000000
