#Configurational_file created 2018-09-14 12:01:40  started 2018-09-14 12:01:39 run for 1.0s steps 0
name: p_968
step: 10000
specie: 20
	particle_diameter: 1.0000000000000000
	interaction_length: 1.2000000000000000
	number_of_patches: 3
	number_of_particles_per_compound: 1
	rod_length: 1.0000000000000000
	interaction_matrix:  1.000000 1.000000 1.000000 1.000000 1.000000 1.000000 1.000000 1.000000 1.000000
	patch_type: symmetric
	patch_width: 8.0000000000000000
	patch_angle: 0.0000000000000000
	angles:  0.000000 0.000000 0.000000
	grand_canonical: 0
	chemical_potential: 0.0000000000000000
box: 49.050204 49.050204
copy: 1.000000 1.000000
epsilon: 0.0270840000000000
end_epsilon: 0.0000000000000000
pressure: 0.0708340000000000
lambda: 0.0000000000000000
lambda_coupling: 1.0000000000000000
uy: 0.0000000000000000
maximum_displacement: 1.0000000000000000
maximum_rotation: 1.0000000000000000
maximum_volume: 1.0000000000000000
maximum_shape: 0.0000001000000000
maximum_dsigma: 0.0100000000000000
mod: 10
pmod: 10
optimize: 1
verbose: 1
snapshot: 0
display: 1
explore: 1
npt: 1
nptxy: 0
nptdxdy: 0
shape: 0
seed: 1103407
133.089888501757 70.597226348867 0.000000000000 1.000000000000
-30.751557801801 -45.842417888696 0.866025403784 0.500000000000
78.899773967684 27.792467938126 0.866025403784 0.500000000000
-205.203488125927 -1.442288497809 0.000000000000 1.000000000000
-76.920741195386 214.248122967724 0.866025403784 0.500000000000
188.607640138531 -9.070103077339 0.866025403784 -0.500000000000
196.664746921328 147.107689284865 0.866025403784 -0.500000000000
-149.839740270753 157.078958148595 0.866025403784 -0.500000000000
-42.010786834913 71.016839928612 0.866025403784 -0.500000000000
-123.548047637316 117.640359786774 0.866025403784 0.500000000000
76.135401851683 44.794795697516 0.866025403784 -0.500000000000
215.894529214564 33.277173605610 0.866025403784 0.500000000000
191.398678317736 -32.326203859672 0.866025403784 -0.500000000000
-61.392459024865 72.948659572092 0.866025403784 0.500000000000
18.270450571739 47.306264039981 0.000000000000 1.000000000000
-197.349153008675 -10.537223547980 0.000000000000 1.000000000000
149.246192551255 87.159079949161 0.000000000000 1.000000000000
97.356448466003 51.927993118695 0.000000000000 1.000000000000
-43.357962521227 220.933831178488 0.866025403784 0.500000000000
-312.208347745663 7.667429680235 0.866025403784 0.500000000000
