#Configurational_file created 2018-09-14 11:33:59  started 2018-09-14 11:33:58 run for 1.0s steps 0
name: p_963
step: 10000
specie: 20
	particle_diameter: 1.0000000000000000
	interaction_length: 1.2000000000000000
	number_of_patches: 3
	number_of_particles_per_compound: 1
	rod_length: 1.0000000000000000
	interaction_matrix:  1.000000 1.000000 1.000000 1.000000 1.000000 1.000000 1.000000 1.000000 1.000000
	patch_type: symmetric
	patch_width: 8.0000000000000000
	patch_angle: 0.0000000000000000
	angles:  0.000000 0.000000 0.000000
	grand_canonical: 0
	chemical_potential: 0.0000000000000000
box: 11.441343 11.441343
copy: 1.000000 1.000000
epsilon: 0.2708790000000000
end_epsilon: 0.0000000000000000
pressure: 1.0000500000000001
lambda: 0.0000000000000000
lambda_coupling: 1.0000000000000000
uy: 0.0000000000000000
maximum_displacement: 1.0000000000000000
maximum_rotation: 1.0000000000000000
maximum_volume: 1.0000000000000000
maximum_shape: 0.0000001000000000
maximum_dsigma: 0.0100000000000000
mod: 10
pmod: 10
optimize: 1
verbose: 1
snapshot: 0
display: 1
explore: 1
npt: 1
nptxy: 0
nptdxdy: 0
shape: 0
seed: 1097722
-166.980621213478 7.287770487766 0.866025403784 -0.500000000000
102.510336282998 89.070136584488 0.866025403784 -0.500000000000
54.930264215367 64.324948978557 0.866025403784 0.500000000000
-29.916591556099 -39.365972227266 0.000000000000 1.000000000000
-23.047189193438 65.310839398834 0.866025403784 0.500000000000
-34.541456160227 109.232675942062 0.000000000000 1.000000000000
83.338847016066 -27.163276736330 0.866025403784 -0.500000000000
-65.953083017951 -73.246174666618 0.000000000000 1.000000000000
-8.100747616502 16.491332839666 0.866025403784 0.500000000000
-26.212355294905 -27.918805173962 0.866025403784 0.500000000000
-3.061026219753 38.499049954217 0.000000000000 1.000000000000
-197.901727615595 124.710770659605 0.866025403784 -0.500000000000
52.002250534439 149.564284635914 0.000000000000 1.000000000000
22.528206108553 12.913151390241 0.000000000000 1.000000000000
73.338812460819 -30.582059314127 0.866025403784 -0.500000000000
-11.432120181568 -65.377875264507 0.000000000000 1.000000000000
140.745025936672 -10.113021387688 0.866025403784 -0.500000000000
0.886989553348 73.036391489305 0.866025403784 0.500000000000
177.108846466813 -36.570460655817 0.000000000000 1.000000000000
-70.853567071784 123.614361498075 0.866025403784 0.500000000000
