#Configurational_file created 2018-09-14 12:01:34  started 2018-09-14 12:01:33 run for 1.0s steps 0
name: p_960
step: 10000
specie: 20
	particle_diameter: 1.0000000000000000
	interaction_length: 1.2000000000000000
	number_of_patches: 3
	number_of_particles_per_compound: 1
	rod_length: 1.0000000000000000
	interaction_matrix:  1.000000 1.000000 1.000000 1.000000 1.000000 1.000000 1.000000 1.000000 1.000000
	patch_type: symmetric
	patch_width: 8.0000000000000000
	patch_angle: 0.0000000000000000
	angles:  0.000000 0.000000 0.000000
	grand_canonical: 0
	chemical_potential: 0.0000000000000000
box: 49.740918 49.740918
copy: 1.000000 1.000000
epsilon: 0.0270840000000000
end_epsilon: 0.0000000000000000
pressure: 0.0375010000000000
lambda: 0.0000000000000000
lambda_coupling: 1.0000000000000000
uy: 0.0000000000000000
maximum_displacement: 1.0000000000000000
maximum_rotation: 1.0000000000000000
maximum_volume: 1.0000000000000000
maximum_shape: 0.0000001000000000
maximum_dsigma: 0.0100000000000000
mod: 10
pmod: 10
optimize: 1
verbose: 1
snapshot: 0
display: 1
explore: 1
npt: 1
nptxy: 0
nptdxdy: 0
shape: 0
seed: 1094311
-213.424815947479 82.817679906435 0.000000000000 1.000000000000
48.486077788938 162.525181510422 0.000000000000 1.000000000000
-224.801379908962 175.121626088546 0.866025403784 0.500000000000
250.801567121817 -36.883644869363 0.866025403784 0.500000000000
76.789146102637 -171.871038440653 0.000000000000 1.000000000000
75.760584091659 -52.623747035896 0.000000000000 1.000000000000
40.344846895535 214.803415359329 0.866025403784 0.500000000000
-264.328347342520 -87.983681583364 0.866025403784 0.500000000000
231.559096283464 82.850887442680 0.866025403784 -0.500000000000
-20.391292953995 -65.951453317415 0.000000000000 1.000000000000
286.507018355606 266.432814183806 0.866025403784 0.500000000000
67.690061127564 200.814073713779 0.866025403784 -0.500000000000
136.859099762364 219.235535387016 0.866025403784 -0.500000000000
401.004894498917 271.067640226356 0.866025403784 -0.500000000000
89.920681575979 -261.249860978688 0.000000000000 1.000000000000
155.440986588426 318.374531616765 0.000000000000 1.000000000000
266.000265324822 -26.537158556595 0.866025403784 0.500000000000
-53.704123795608 172.144032848800 0.000000000000 1.000000000000
-289.761879856876 -56.777443071392 0.000000000000 1.000000000000
-25.068768419080 77.894271411028 0.866025403784 -0.500000000000
