#Configurational_file created 2018-09-14 12:01:40  started 2018-09-14 12:01:40 run for 0.0s steps 0
name: p_969
step: 10000
specie: 20
	particle_diameter: 1.0000000000000000
	interaction_length: 1.2000000000000000
	number_of_patches: 3
	number_of_particles_per_compound: 1
	rod_length: 1.0000000000000000
	interaction_matrix:  1.000000 1.000000 1.000000 1.000000 1.000000 1.000000 1.000000 1.000000 1.000000
	patch_type: symmetric
	patch_width: 8.0000000000000000
	patch_angle: 0.0000000000000000
	angles:  0.000000 0.000000 0.000000
	grand_canonical: 0
	chemical_potential: 0.0000000000000000
box: 41.445965 41.445965
copy: 1.000000 1.000000
epsilon: 0.0270840000000000
end_epsilon: 0.0000000000000000
pressure: 0.0750000000000000
lambda: 0.0000000000000000
lambda_coupling: 1.0000000000000000
uy: 0.0000000000000000
maximum_displacement: 1.0000000000000000
maximum_rotation: 1.0000000000000000
maximum_volume: 1.0000000000000000
maximum_shape: 0.0000001000000000
maximum_dsigma: 0.0100000000000000
mod: 10
pmod: 10
optimize: 1
verbose: 1
snapshot: 0
display: 1
explore: 1
npt: 1
nptxy: 0
nptdxdy: 0
shape: 0
seed: 1104544
190.059107364222 -164.594106889379 0.866025403784 0.500000000000
-62.292899885584 51.587180058211 0.000000000000 1.000000000000
-104.657934123151 -224.787062841150 0.866025403784 0.500000000000
107.718364208034 193.549978307896 0.000000000000 1.000000000000
132.949842207940 -54.468945122359 0.866025403784 -0.500000000000
-76.505872373251 -93.773283978568 0.866025403784 0.500000000000
-205.834055249526 -358.509603467183 0.866025403784 -0.500000000000
-169.221864071067 -248.535303626846 0.866025403784 0.500000000000
303.910238094006 64.786172861573 0.866025403784 0.500000000000
229.237351569918 99.591047802542 0.866025403784 -0.500000000000
203.464860954965 -121.286183546560 0.866025403784 0.500000000000
-132.572851211834 289.619645616925 0.000000000000 1.000000000000
-92.921055308186 -153.612838707622 0.000000000000 1.000000000000
194.628174926364 140.349947847517 0.000000000000 1.000000000000
157.214292080440 238.203519789826 0.000000000000 1.000000000000
19.739676404328 74.465586213739 0.866025403784 -0.500000000000
175.421805301740 166.918413765930 0.866025403784 -0.500000000000
197.519882654473 -43.678399109601 0.866025403784 -0.500000000000
353.408531113448 -45.039317347085 0.000000000000 1.000000000000
-64.944208240249 -104.491509852706 0.866025403784 0.500000000000
