#Configurational_file created 2018-09-14 13:57:23  started 2018-09-14 13:57:22 run for 1.0s steps 0
name: p_967
step: 10000
specie: 20
	particle_diameter: 1.0000000000000000
	interaction_length: 1.2000000000000000
	number_of_patches: 3
	number_of_particles_per_compound: 1
	rod_length: 1.0000000000000000
	interaction_matrix:  1.000000 1.000000 1.000000 1.000000 1.000000 1.000000 1.000000 1.000000 1.000000
	patch_type: symmetric
	patch_width: 8.0000000000000000
	patch_angle: 0.0000000000000000
	angles:  0.000000 0.000000 0.000000
	grand_canonical: 0
	chemical_potential: 0.0000000000000000
box: 31.586822 31.586822
copy: 1.000000 1.000000
epsilon: 0.1379320000000000
end_epsilon: 0.0000000000000000
pressure: 0.1034490000000000
lambda: 0.0000000000000000
lambda_coupling: 1.0000000000000000
uy: 0.0000000000000000
maximum_displacement: 1.0000000000000000
maximum_rotation: 1.0000000000000000
maximum_volume: 1.0000000000000000
maximum_shape: 0.0000001000000000
maximum_dsigma: 0.0100000000000000
mod: 10
pmod: 10
optimize: 1
verbose: 1
snapshot: 0
display: 1
explore: 1
npt: 1
nptxy: 0
nptdxdy: 0
shape: 0
seed: 1102270
-56.243792764053 -104.816196180756 0.000000000000 1.000000000000
-9.577553044052 -8.550779167432 0.866025403784 -0.500000000000
-116.732199641454 -70.349230674043 0.866025403784 0.500000000000
22.354240002806 82.031295363955 0.866025403784 0.500000000000
-243.133620387100 96.799390842291 0.866025403784 -0.500000000000
-4.259282239029 -108.280224642508 0.866025403784 -0.500000000000
153.739736902917 -5.116527407572 0.000000000000 1.000000000000
167.468511641754 -107.768855671036 0.866025403784 -0.500000000000
158.929727165920 13.630390043520 0.000000000000 1.000000000000
6.610425937207 145.999043900053 0.866025403784 0.500000000000
205.892254385250 -137.238481830642 0.866025403784 -0.500000000000
-29.017368239121 70.833499191438 0.866025403784 -0.500000000000
-2.670181179958 -159.093823868215 0.000000000000 1.000000000000
-57.421336127111 115.266355329668 0.866025403784 0.500000000000
29.003597237005 -132.470881845206 0.000000000000 1.000000000000
114.925125787821 -50.283143204201 0.000000000000 1.000000000000
54.178189369564 -82.213350466498 0.000000000000 1.000000000000
146.200184078964 61.367121771467 0.000000000000 1.000000000000
-176.164184405423 46.470674034959 0.866025403784 0.500000000000
41.688058433266 15.566284405414 0.866025403784 0.500000000000
