#Configurational_file created 2018-09-14 11:34:02  started 2018-09-14 11:34:01 run for 1.0s steps 0
name: p_967
step: 10000
specie: 20
	particle_diameter: 1.0000000000000000
	interaction_length: 1.2000000000000000
	number_of_patches: 3
	number_of_particles_per_compound: 1
	rod_length: 1.0000000000000000
	interaction_matrix:  1.000000 1.000000 1.000000 1.000000 1.000000 1.000000 1.000000 1.000000 1.000000
	patch_type: symmetric
	patch_width: 8.0000000000000000
	patch_angle: 0.0000000000000000
	angles:  0.000000 0.000000 0.000000
	grand_canonical: 0
	chemical_potential: 0.0000000000000000
box: 9.270812 9.270812
copy: 1.000000 1.000000
epsilon: 0.2708790000000000
end_epsilon: 0.0000000000000000
pressure: 1.3333670000000000
lambda: 0.0000000000000000
lambda_coupling: 1.0000000000000000
uy: 0.0000000000000000
maximum_displacement: 1.0000000000000000
maximum_rotation: 1.0000000000000000
maximum_volume: 0.9800000000000000
maximum_shape: 0.0000001000000000
maximum_dsigma: 0.0100000000000000
mod: 10
pmod: 10
optimize: 1
verbose: 1
snapshot: 0
display: 1
explore: 1
npt: 1
nptxy: 0
nptdxdy: 0
shape: 0
seed: 1102270
-107.931625835910 55.182091597415 0.866025403784 -0.500000000000
-65.236404819262 59.642248213404 0.866025403784 0.500000000000
-98.697346914287 59.739741264452 0.866025403784 -0.500000000000
13.210144554952 135.448604250050 0.000000000000 1.000000000000
-24.002070005676 -15.436575559142 0.866025403784 0.500000000000
-69.904556534719 -44.943173540420 0.866025403784 -0.500000000000
19.261392184899 -39.477822843974 0.866025403784 0.500000000000
-100.700321343199 67.635583478076 0.866025403784 0.500000000000
-16.386042953954 -59.393307708272 0.866025403784 0.500000000000
-18.385584853934 11.507449941810 0.000000000000 1.000000000000
-57.734281688619 -144.415308330704 0.000000000000 1.000000000000
-37.281340890420 -0.320760288123 0.000000000000 1.000000000000
80.448118932318 -8.060545704961 0.000000000000 1.000000000000
18.209768342630 -13.487632037480 0.866025403784 0.500000000000
-122.922987142994 0.241585433325 0.000000000000 1.000000000000
56.970758515189 92.805955040468 0.866025403784 0.500000000000
35.794124343939 -26.741806514381 0.000000000000 1.000000000000
-49.673946831073 -44.186395450137 0.866025403784 -0.500000000000
4.081932159375 36.480427053316 0.000000000000 1.000000000000
-38.279113181791 -30.714145382823 0.866025403784 0.500000000000
