#Configurational_file created 2018-09-14 12:01:38  started 2018-09-14 12:01:37 run for 1.0s steps 0
name: p_966
step: 10000
specie: 20
	particle_diameter: 1.0000000000000000
	interaction_length: 1.2000000000000000
	number_of_patches: 3
	number_of_particles_per_compound: 1
	rod_length: 1.0000000000000000
	interaction_matrix:  1.000000 1.000000 1.000000 1.000000 1.000000 1.000000 1.000000 1.000000 1.000000
	patch_type: symmetric
	patch_width: 8.0000000000000000
	patch_angle: 0.0000000000000000
	angles:  0.000000 0.000000 0.000000
	grand_canonical: 0
	chemical_potential: 0.0000000000000000
box: 49.961733 49.961733
copy: 1.000000 1.000000
epsilon: 0.0270840000000000
end_epsilon: 0.0000000000000000
pressure: 0.0625000000000000
lambda: 0.0000000000000000
lambda_coupling: 1.0000000000000000
uy: 0.0000000000000000
maximum_displacement: 1.0000000000000000
maximum_rotation: 1.0000000000000000
maximum_volume: 1.0000000000000000
maximum_shape: 0.0000001000000000
maximum_dsigma: 0.0100000000000000
mod: 10
pmod: 10
optimize: 1
verbose: 1
snapshot: 0
display: 1
explore: 1
npt: 1
nptxy: 0
nptdxdy: 0
shape: 0
seed: 1101133
-146.177315626588 35.409295514253 0.866025403784 -0.500000000000
-102.045209078271 291.985916903469 0.000000000000 1.000000000000
115.325797384760 -51.999604675994 0.866025403784 0.500000000000
-169.706475584252 -172.437657802379 0.000000000000 1.000000000000
49.020483784181 98.092110938428 0.866025403784 -0.500000000000
151.744054142355 155.235889458031 0.000000000000 1.000000000000
165.874365543149 93.372438569533 0.000000000000 1.000000000000
72.687346580880 145.126898000400 0.866025403784 -0.500000000000
-22.720868747075 355.780436421814 0.000000000000 1.000000000000
-21.898074885510 20.829384878961 0.866025403784 0.500000000000
308.962928662742 -69.102640211219 0.866025403784 0.500000000000
261.719693990976 176.321443092893 0.000000000000 1.000000000000
-18.226100612790 185.010906476213 0.866025403784 -0.500000000000
17.937706164455 32.548347454629 0.866025403784 -0.500000000000
-191.554590752480 -15.518877224016 0.866025403784 -0.500000000000
526.277373716067 205.883859307667 0.866025403784 -0.500000000000
117.140683474783 -14.508246064956 0.866025403784 0.500000000000
183.820976102010 -86.205458713018 0.866025403784 0.500000000000
249.844391317259 -85.510154619251 0.866025403784 0.500000000000
-53.146647350496 46.965091619785 0.000000000000 1.000000000000
