#Configurational_file created 2018-09-14 11:33:57  started 2018-09-14 11:33:56 run for 1.0s steps 0
name: p_960
step: 10000
specie: 20
	particle_diameter: 1.0000000000000000
	interaction_length: 1.2000000000000000
	number_of_patches: 3
	number_of_particles_per_compound: 1
	rod_length: 1.0000000000000000
	interaction_matrix:  1.000000 1.000000 1.000000 1.000000 1.000000 1.000000 1.000000 1.000000 1.000000
	patch_type: symmetric
	patch_width: 8.0000000000000000
	patch_angle: 0.0000000000000000
	angles:  0.000000 0.000000 0.000000
	grand_canonical: 0
	chemical_potential: 0.0000000000000000
box: 9.643734 9.643734
copy: 1.000000 1.000000
epsilon: 0.2708790000000000
end_epsilon: 0.0000000000000000
pressure: 0.7500620000000000
lambda: 0.0000000000000000
lambda_coupling: 1.0000000000000000
uy: 0.0000000000000000
maximum_displacement: 1.0000000000000000
maximum_rotation: 1.0000000000000000
maximum_volume: 1.0000000000000000
maximum_shape: 0.0000001000000000
maximum_dsigma: 0.0100000000000000
mod: 10
pmod: 10
optimize: 1
verbose: 1
snapshot: 0
display: 1
explore: 1
npt: 1
nptxy: 0
nptdxdy: 0
shape: 0
seed: 1094311
-73.837222711015 94.368442741705 0.866025403784 -0.500000000000
93.901126269370 19.987311080967 0.000000000000 1.000000000000
-70.073678429917 -70.353780994204 0.000000000000 1.000000000000
53.939631202488 15.420333082343 0.000000000000 1.000000000000
105.406279306775 99.553026842177 0.866025403784 0.500000000000
21.384547273571 27.141805969620 0.866025403784 -0.500000000000
-41.967560289342 70.298853884405 0.000000000000 1.000000000000
68.562191904569 -5.533541316285 0.866025403784 0.500000000000
33.038697504615 28.688603089977 0.866025403784 -0.500000000000
37.169740357846 -33.163586894304 0.000000000000 1.000000000000
153.838076483115 -9.528042963706 0.866025403784 -0.500000000000
89.915814145014 91.425122575436 0.866025403784 0.500000000000
188.774114669880 10.809620786915 0.866025403784 -0.500000000000
127.016744297528 -3.870232725538 0.000000000000 1.000000000000
1.879494237129 1.148262432971 0.866025403784 -0.500000000000
83.404518931352 145.031454108880 0.866025403784 -0.500000000000
119.269472890570 -119.464061286660 0.000000000000 1.000000000000
-28.338658507698 -23.919011431986 0.866025403784 -0.500000000000
-48.857508882342 2.368487473044 0.000000000000 1.000000000000
2.519504702866 -7.231549693444 0.866025403784 -0.500000000000
