#Configurational_file created 2018-09-14 12:20:35  started 2018-09-14 12:20:34 run for 1.0s steps 0
name: p_96
step: 10000
specie: 20
	particle_diameter: 1.0000000000000000
	interaction_length: 1.2000000000000000
	number_of_patches: 3
	number_of_particles_per_compound: 1
	rod_length: 1.0000000000000000
	interaction_matrix:  1.000000 1.000000 1.000000 1.000000 1.000000 1.000000 1.000000 1.000000 1.000000
	patch_type: symmetric
	patch_width: 8.0000000000000000
	patch_angle: 0.0000000000000000
	angles:  0.000000 0.000000 0.000000
	grand_canonical: 0
	chemical_potential: 0.0000000000000000
box: 12.290987 12.290987
copy: 1.000000 1.000000
epsilon: 1.8333330000000001
end_epsilon: 0.0000000000000000
pressure: 0.1000000000000000
lambda: 0.0000000000000000
lambda_coupling: 1.0000000000000000
uy: 0.0000000000000000
maximum_displacement: 1.0000000000000000
maximum_rotation: 1.0000000000000000
maximum_volume: 1.0000000000000000
maximum_shape: 0.0000001000000000
maximum_dsigma: 0.0100000000000000
mod: 10
pmod: 10
optimize: 1
verbose: 1
snapshot: 0
display: 1
explore: 1
npt: 1
nptxy: 0
nptdxdy: 0
shape: 0
seed: 111943
-92.345579519891 -39.113741775775 0.866025403784 0.500000000000
-10.835849706718 -59.439725003288 0.866025403784 -0.500000000000
122.040221445217 -93.080553138069 0.866025403784 0.500000000000
-59.589218997541 107.223565304349 0.866025403784 0.500000000000
63.538425121846 -31.478037050481 0.000000000000 1.000000000000
80.258382772295 155.683913429728 0.866025403784 0.500000000000
105.503945868536 -177.580591537237 0.866025403784 -0.500000000000
17.279681237046 50.623677321662 0.000000000000 1.000000000000
-8.960554547953 -187.370523339090 0.866025403784 0.500000000000
71.593635520106 58.714481224016 0.866025403784 0.500000000000
91.904588956861 24.645296723171 0.000000000000 1.000000000000
35.596889479437 -94.284332754381 0.866025403784 0.500000000000
-76.915451204460 -20.457965879527 0.866025403784 0.500000000000
49.504603728136 218.941254444798 0.866025403784 -0.500000000000
44.556466802043 -84.205779073075 0.000000000000 1.000000000000
-69.259031450952 -101.774733977879 0.866025403784 -0.500000000000
-60.790260385257 148.731938767763 0.866025403784 -0.500000000000
56.653974987375 24.923561147941 0.000000000000 1.000000000000
34.586755649546 127.197349314195 0.866025403784 -0.500000000000
17.875597835301 -104.975259803984 0.866025403784 -0.500000000000
