#Configurational_file created 2018-09-14 13:57:19  started 2018-09-14 13:57:18 run for 1.0s steps 0
name: p_961
step: 10000
specie: 20
	particle_diameter: 1.0000000000000000
	interaction_length: 1.2000000000000000
	number_of_patches: 3
	number_of_particles_per_compound: 1
	rod_length: 1.0000000000000000
	interaction_matrix:  1.000000 1.000000 1.000000 1.000000 1.000000 1.000000 1.000000 1.000000 1.000000
	patch_type: symmetric
	patch_width: 8.0000000000000000
	patch_angle: 0.0000000000000000
	angles:  0.000000 0.000000 0.000000
	grand_canonical: 0
	chemical_potential: 0.0000000000000000
box: 54.209162 54.209162
copy: 1.000000 1.000000
epsilon: 0.1379320000000000
end_epsilon: 0.0000000000000000
pressure: 0.0000010000000000
lambda: 0.0000000000000000
lambda_coupling: 1.0000000000000000
uy: 0.0000000000000000
maximum_displacement: 1.0000000000000000
maximum_rotation: 1.0000000000000000
maximum_volume: 1.0000000000000000
maximum_shape: 0.0000001000000000
maximum_dsigma: 0.0100000000000000
mod: 10
pmod: 10
optimize: 1
verbose: 1
snapshot: 0
display: 1
explore: 1
npt: 1
nptxy: 0
nptdxdy: 0
shape: 0
seed: 1095448
-64.725866457127 111.169346063233 0.866025403784 0.500000000000
4.530749369864 223.929313451568 0.866025403784 0.500000000000
59.516642663099 -7.361919784533 0.866025403784 0.500000000000
78.212267382526 -153.130086041712 0.866025403784 0.500000000000
192.426661456526 125.619130856040 0.000000000000 1.000000000000
-152.105818544020 -89.151525767813 0.866025403784 -0.500000000000
278.667576867747 5.710557529204 0.866025403784 0.500000000000
55.465220371700 -248.257861408793 0.000000000000 1.000000000000
34.874945200787 330.964669945793 0.866025403784 0.500000000000
120.421024129368 -209.748543400487 0.866025403784 -0.500000000000
88.010479665893 65.093822481192 0.866025403784 -0.500000000000
164.611335316303 -145.416846609950 0.866025403784 0.500000000000
149.801646281176 121.155566316171 0.000000000000 1.000000000000
-27.258324300732 -233.386368249368 0.866025403784 -0.500000000000
-171.010158801266 -77.059467995324 0.866025403784 -0.500000000000
85.173304266342 23.918256869017 0.866025403784 0.500000000000
-186.196988199862 -241.473083772820 0.866025403784 -0.500000000000
151.918877216159 -50.183443208796 0.866025403784 -0.500000000000
20.255308395925 -112.836847548978 0.000000000000 1.000000000000
-201.129505903680 -17.293764121798 0.000000000000 1.000000000000
