#Configurational_file created 2018-09-14 13:57:18  started 2018-09-14 13:57:17 run for 1.0s steps 0
name: p_960
step: 10000
specie: 20
	particle_diameter: 1.0000000000000000
	interaction_length: 1.2000000000000000
	number_of_patches: 3
	number_of_particles_per_compound: 1
	rod_length: 1.0000000000000000
	interaction_matrix:  1.000000 1.000000 1.000000 1.000000 1.000000 1.000000 1.000000 1.000000 1.000000
	patch_type: symmetric
	patch_width: 8.0000000000000000
	patch_angle: 0.0000000000000000
	angles:  0.000000 0.000000 0.000000
	grand_canonical: 0
	chemical_potential: 0.0000000000000000
box: 23.685109 23.685109
copy: 1.000000 1.000000
epsilon: 0.0689660000000000
end_epsilon: 0.0000000000000000
pressure: 0.5000000000000000
lambda: 0.0000000000000000
lambda_coupling: 1.0000000000000000
uy: 0.0000000000000000
maximum_displacement: 1.0000000000000000
maximum_rotation: 1.0000000000000000
maximum_volume: 1.0000000000000000
maximum_shape: 0.0000001000000000
maximum_dsigma: 0.0100000000000000
mod: 10
pmod: 10
optimize: 1
verbose: 1
snapshot: 0
display: 1
explore: 1
npt: 1
nptxy: 0
nptdxdy: 0
shape: 0
seed: 1094311
-151.319900888399 -174.515199512502 0.866025403784 0.500000000000
48.768050889115 116.319836100363 0.000000000000 1.000000000000
156.203685471140 -36.820784564750 0.000000000000 1.000000000000
126.246233783853 -56.338862675093 0.000000000000 1.000000000000
248.358633593652 148.126219245483 0.866025403784 0.500000000000
-75.388153882423 -93.407288521643 0.866025403784 -0.500000000000
-129.127295357978 236.908042805725 0.000000000000 1.000000000000
-27.415091335615 -79.341056108972 0.866025403784 -0.500000000000
170.576125518574 -31.712356036641 0.000000000000 1.000000000000
-42.558491001588 179.377980459024 0.866025403784 0.500000000000
152.317077561695 131.924867999457 0.000000000000 1.000000000000
283.906817858556 111.816256539872 0.000000000000 1.000000000000
221.181824352693 222.123966808247 0.000000000000 1.000000000000
-6.143866789209 131.113724553577 0.000000000000 1.000000000000
-4.672665413532 162.873770054315 0.866025403784 -0.500000000000
49.315465687643 -101.670012591088 0.866025403784 -0.500000000000
57.148270601918 -51.509672271952 0.866025403784 -0.500000000000
38.958046596375 -68.148187508775 0.866025403784 -0.500000000000
11.239378586809 88.725638788478 0.000000000000 1.000000000000
-97.270826103405 136.369100013499 0.866025403784 -0.500000000000
