#Configurational_file created 2018-09-14 12:01:39  started 2018-09-14 12:01:38 run for 1.0s steps 0
name: p_967
step: 10000
specie: 20
	particle_diameter: 1.0000000000000000
	interaction_length: 1.2000000000000000
	number_of_patches: 3
	number_of_particles_per_compound: 1
	rod_length: 1.0000000000000000
	interaction_matrix:  1.000000 1.000000 1.000000 1.000000 1.000000 1.000000 1.000000 1.000000 1.000000
	patch_type: symmetric
	patch_width: 8.0000000000000000
	patch_angle: 0.0000000000000000
	angles:  0.000000 0.000000 0.000000
	grand_canonical: 0
	chemical_potential: 0.0000000000000000
box: 51.330637 51.330637
copy: 1.000000 1.000000
epsilon: 0.0270840000000000
end_epsilon: 0.0000000000000000
pressure: 0.0666670000000000
lambda: 0.0000000000000000
lambda_coupling: 1.0000000000000000
uy: 0.0000000000000000
maximum_displacement: 1.0000000000000000
maximum_rotation: 1.0000000000000000
maximum_volume: 1.0000000000000000
maximum_shape: 0.0000001000000000
maximum_dsigma: 0.0100000000000000
mod: 10
pmod: 10
optimize: 1
verbose: 1
snapshot: 0
display: 1
explore: 1
npt: 1
nptxy: 0
nptdxdy: 0
shape: 0
seed: 1102270
8.366804243014 228.975666925190 0.866025403784 0.500000000000
-1.118409438264 -428.964364579885 0.000000000000 1.000000000000
-120.078082655456 -304.916473232507 0.866025403784 0.500000000000
238.202886082489 -80.160842886232 0.866025403784 -0.500000000000
-44.782320790459 -222.604222572165 0.866025403784 0.500000000000
-16.610376651041 -513.792473915616 0.866025403784 0.500000000000
219.749246665133 -274.565432934242 0.866025403784 0.500000000000
-256.720291989753 -57.604132071244 0.866025403784 -0.500000000000
212.560981677541 52.101749730784 0.866025403784 0.500000000000
-145.499157202477 185.637797265227 0.866025403784 0.500000000000
-30.303464674434 87.139682372075 0.866025403784 0.500000000000
-70.986231141960 265.803384893985 0.000000000000 1.000000000000
73.637227505705 -192.174816993280 0.000000000000 1.000000000000
315.192251294918 58.079738151092 0.866025403784 -0.500000000000
-174.505896298692 -66.444740344072 0.866025403784 -0.500000000000
91.832042665968 30.216405101892 0.866025403784 0.500000000000
-193.071250016259 -273.264580367311 0.866025403784 -0.500000000000
176.507564011665 -87.135758503702 0.866025403784 0.500000000000
2.546497256691 -279.244278886303 0.866025403784 0.500000000000
-20.646455391907 -73.347363026742 0.000000000000 1.000000000000
