#Configurational_file created 2018-09-14 11:34:00  started 2018-09-14 11:33:59 run for 1.0s steps 0
name: p_964
step: 10000
specie: 20
	particle_diameter: 1.0000000000000000
	interaction_length: 1.2000000000000000
	number_of_patches: 3
	number_of_particles_per_compound: 1
	rod_length: 1.0000000000000000
	interaction_matrix:  1.000000 1.000000 1.000000 1.000000 1.000000 1.000000 1.000000 1.000000 1.000000
	patch_type: symmetric
	patch_width: 8.0000000000000000
	patch_angle: 0.0000000000000000
	angles:  0.000000 0.000000 0.000000
	grand_canonical: 0
	chemical_potential: 0.0000000000000000
box: 11.030121 11.030121
copy: 1.000000 1.000000
epsilon: 0.2708790000000000
end_epsilon: 0.0000000000000000
pressure: 1.0833790000000001
lambda: 0.0000000000000000
lambda_coupling: 1.0000000000000000
uy: 0.0000000000000000
maximum_displacement: 1.0000000000000000
maximum_rotation: 1.0000000000000000
maximum_volume: 1.0000000000000000
maximum_shape: 0.0000001000000000
maximum_dsigma: 0.0100000000000000
mod: 10
pmod: 10
optimize: 1
verbose: 1
snapshot: 0
display: 1
explore: 1
npt: 1
nptxy: 0
nptdxdy: 0
shape: 0
seed: 1098859
-105.045167105442 -91.529604756007 0.000000000000 1.000000000000
19.852995209779 -24.860834883991 0.866025403784 0.500000000000
-68.322979123647 143.420502564259 0.866025403784 0.500000000000
56.475547847879 -165.147437811104 0.866025403784 -0.500000000000
72.610341204280 -139.641333077472 0.866025403784 0.500000000000
27.905273950631 -34.590483475753 0.866025403784 0.500000000000
33.953530075679 72.677880969202 0.866025403784 -0.500000000000
-113.763934485923 -11.011516352077 0.866025403784 0.500000000000
-157.892435335757 73.300381712346 0.866025403784 0.500000000000
-57.388058005948 50.742718835169 0.866025403784 0.500000000000
45.300803130002 -75.313569453661 0.866025403784 0.500000000000
-102.998567312676 160.598211623841 0.000000000000 1.000000000000
-116.689636734490 -112.213810798529 0.866025403784 0.500000000000
-22.481031866219 -81.806598991447 0.000000000000 1.000000000000
79.563857978073 25.235763837228 0.866025403784 -0.500000000000
-60.743921815148 49.321612695004 0.866025403784 -0.500000000000
20.897255354859 -155.779022171439 0.000000000000 1.000000000000
-151.426855065621 18.968016109969 0.866025403784 0.500000000000
-17.835520314943 5.516267524749 0.866025403784 -0.500000000000
124.041020637830 -92.668513698131 0.866025403784 0.500000000000
