#Configurational_file created 2018-09-14 13:57:28  started 2018-09-14 13:57:27 run for 1.0s steps 0
name: p_974
step: 10000
specie: 20
	particle_diameter: 1.0000000000000000
	interaction_length: 1.2000000000000000
	number_of_patches: 3
	number_of_particles_per_compound: 1
	rod_length: 1.0000000000000000
	interaction_matrix:  1.000000 1.000000 1.000000 1.000000 1.000000 1.000000 1.000000 1.000000 1.000000
	patch_type: symmetric
	patch_width: 8.0000000000000000
	patch_angle: 0.0000000000000000
	angles:  0.000000 0.000000 0.000000
	grand_canonical: 0
	chemical_potential: 0.0000000000000000
box: 27.079448 27.079448
copy: 1.000000 1.000000
epsilon: 0.1379320000000000
end_epsilon: 0.0000000000000000
pressure: 0.2241380000000000
lambda: 0.0000000000000000
lambda_coupling: 1.0000000000000000
uy: 0.0000000000000000
maximum_displacement: 1.0000000000000000
maximum_rotation: 1.0000000000000000
maximum_volume: 1.0000000000000000
maximum_shape: 0.0000001000000000
maximum_dsigma: 0.0100000000000000
mod: 10
pmod: 10
optimize: 1
verbose: 1
snapshot: 0
display: 1
explore: 1
npt: 1
nptxy: 0
nptdxdy: 0
shape: 0
seed: 1110229
231.583419574925 84.540016257507 0.866025403784 -0.500000000000
55.440170436411 200.249165045494 0.866025403784 0.500000000000
-181.864626166194 -5.514541810936 0.000000000000 1.000000000000
-113.102119970128 15.786095282274 0.866025403784 -0.500000000000
-126.207044433143 76.627609629754 0.866025403784 0.500000000000
-31.003574012892 10.757894712500 0.866025403784 -0.500000000000
-23.945206230966 220.449346862503 0.866025403784 0.500000000000
38.599923719076 54.102821647328 0.000000000000 1.000000000000
154.712654006456 64.865444158038 0.866025403784 0.500000000000
257.478190913403 -115.205526827234 0.866025403784 -0.500000000000
-46.247417406282 104.853394260554 0.000000000000 1.000000000000
134.664170446312 90.202979840058 0.000000000000 1.000000000000
86.645482159034 50.451214949543 0.866025403784 -0.500000000000
12.075842519969 24.411497006885 0.866025403784 -0.500000000000
37.667891599968 -29.344891479163 0.000000000000 1.000000000000
27.606517928559 -11.592096992324 0.000000000000 1.000000000000
-130.473206778602 -38.824255256489 0.866025403784 0.500000000000
-39.998205063525 -13.556023881220 0.866025403784 0.500000000000
285.556610002801 154.416088018921 0.866025403784 0.500000000000
74.410854016448 129.278712032614 0.000000000000 1.000000000000
