#Configurational_file created 2018-09-14 12:01:42  started 2018-09-14 12:01:41 run for 1.0s steps 0
name: p_971
step: 10000
specie: 20
	particle_diameter: 1.0000000000000000
	interaction_length: 1.2000000000000000
	number_of_patches: 3
	number_of_particles_per_compound: 1
	rod_length: 1.0000000000000000
	interaction_matrix:  1.000000 1.000000 1.000000 1.000000 1.000000 1.000000 1.000000 1.000000 1.000000
	patch_type: symmetric
	patch_width: 8.0000000000000000
	patch_angle: 0.0000000000000000
	angles:  0.000000 0.000000 0.000000
	grand_canonical: 0
	chemical_potential: 0.0000000000000000
box: 45.717031 45.717031
copy: 1.000000 1.000000
epsilon: 0.0270840000000000
end_epsilon: 0.0000000000000000
pressure: 0.0833340000000000
lambda: 0.0000000000000000
lambda_coupling: 1.0000000000000000
uy: 0.0000000000000000
maximum_displacement: 1.0000000000000000
maximum_rotation: 1.0000000000000000
maximum_volume: 1.0000000000000000
maximum_shape: 0.0000001000000000
maximum_dsigma: 0.0100000000000000
mod: 10
pmod: 10
optimize: 1
verbose: 1
snapshot: 0
display: 1
explore: 1
npt: 1
nptxy: 0
nptdxdy: 0
shape: 0
seed: 1106818
-250.166741494747 -98.706575583172 0.000000000000 1.000000000000
36.255684922656 112.394450841229 0.866025403784 -0.500000000000
105.256210122254 -126.281918031506 0.866025403784 0.500000000000
81.884761228769 153.137694964791 0.866025403784 -0.500000000000
-276.238989036116 -51.221587923426 0.866025403784 0.500000000000
1.720543372137 262.633530535534 0.866025403784 0.500000000000
233.217936513075 8.206863551904 0.000000000000 1.000000000000
104.662297039348 -59.432715036934 0.866025403784 0.500000000000
164.964668769855 109.700897701222 0.000000000000 1.000000000000
291.019758037319 98.954427020724 0.866025403784 -0.500000000000
-21.674055582515 -3.886911550639 0.000000000000 1.000000000000
-139.112095526060 61.652804829554 0.866025403784 -0.500000000000
99.854871633120 149.639980824547 0.000000000000 1.000000000000
50.295581852764 184.565019847489 0.000000000000 1.000000000000
218.691407788721 127.994990296549 0.000000000000 1.000000000000
-39.167258167575 45.596303799363 0.866025403784 0.500000000000
-11.615658984180 47.761025724960 0.866025403784 0.500000000000
148.832792832834 -172.799641131873 0.866025403784 0.500000000000
-54.073567629093 31.907484158054 0.000000000000 1.000000000000
307.617827454491 128.818577053490 0.866025403784 -0.500000000000
