#Configurational_file created 2018-09-14 12:01:48  started 2018-09-14 12:01:47 run for 1.0s steps 0
name: p_979
step: 10000
specie: 20
	particle_diameter: 1.0000000000000000
	interaction_length: 1.2000000000000000
	number_of_patches: 3
	number_of_particles_per_compound: 1
	rod_length: 1.0000000000000000
	interaction_matrix:  1.000000 1.000000 1.000000 1.000000 1.000000 1.000000 1.000000 1.000000 1.000000
	patch_type: symmetric
	patch_width: 8.0000000000000000
	patch_angle: 0.0000000000000000
	angles:  0.000000 0.000000 0.000000
	grand_canonical: 0
	chemical_potential: 0.0000000000000000
box: 46.220567 46.220567
copy: 1.000000 1.000000
epsilon: 0.0291670000000000
end_epsilon: 0.0000000000000000
pressure: 0.0125010000000000
lambda: 0.0000000000000000
lambda_coupling: 1.0000000000000000
uy: 0.0000000000000000
maximum_displacement: 1.0000000000000000
maximum_rotation: 1.0000000000000000
maximum_volume: 1.0000000000000000
maximum_shape: 0.0000001000000000
maximum_dsigma: 0.0100000000000000
mod: 10
pmod: 10
optimize: 1
verbose: 1
snapshot: 0
display: 1
explore: 1
npt: 1
nptxy: 0
nptdxdy: 0
shape: 0
seed: 1115914
25.509747354940 -453.007418157538 0.866025403784 -0.500000000000
16.822429233726 59.127562565981 0.000000000000 1.000000000000
226.845580014883 -8.036936096299 0.866025403784 -0.500000000000
152.529430401530 -477.184989970491 0.866025403784 -0.500000000000
83.150238943004 -129.006869236662 0.866025403784 0.500000000000
-44.151216668025 20.736709512812 0.866025403784 -0.500000000000
-96.366526219129 135.414696241403 0.000000000000 1.000000000000
-159.027582809661 49.140010528452 0.866025403784 -0.500000000000
-338.748242935166 -47.137472429913 0.866025403784 0.500000000000
307.937135458766 80.182784519740 0.000000000000 1.000000000000
-5.108390263186 85.163179910420 0.866025403784 -0.500000000000
-315.903419664170 54.373298255459 0.866025403784 -0.500000000000
23.990528370685 34.607971927467 0.866025403784 0.500000000000
236.541683866358 -33.939399938263 0.866025403784 0.500000000000
38.493226110541 212.195201857008 0.000000000000 1.000000000000
81.957498392578 6.498610022700 0.866025403784 0.500000000000
366.182532061581 96.994046141686 0.866025403784 0.500000000000
-91.800565040681 132.004113176125 0.866025403784 0.500000000000
89.971049660881 620.323634421112 0.866025403784 0.500000000000
-135.766536449222 212.013305909770 0.866025403784 0.500000000000
