#Configurational_file created 2018-09-14 13:57:26  started 2018-09-14 13:57:26 run for 0.0s steps 0
name: p_972
step: 10000
specie: 20
	particle_diameter: 1.0000000000000000
	interaction_length: 1.2000000000000000
	number_of_patches: 3
	number_of_particles_per_compound: 1
	rod_length: 1.0000000000000000
	interaction_matrix:  1.000000 1.000000 1.000000 1.000000 1.000000 1.000000 1.000000 1.000000 1.000000
	patch_type: symmetric
	patch_width: 8.0000000000000000
	patch_angle: 0.0000000000000000
	angles:  0.000000 0.000000 0.000000
	grand_canonical: 0
	chemical_potential: 0.0000000000000000
box: 26.175501 26.175501
copy: 1.000000 1.000000
epsilon: 0.1379320000000000
end_epsilon: 0.0000000000000000
pressure: 0.1896560000000000
lambda: 0.0000000000000000
lambda_coupling: 1.0000000000000000
uy: 0.0000000000000000
maximum_displacement: 1.0000000000000000
maximum_rotation: 1.0000000000000000
maximum_volume: 1.0000000000000000
maximum_shape: 0.0000001000000000
maximum_dsigma: 0.0100000000000000
mod: 10
pmod: 10
optimize: 1
verbose: 1
snapshot: 0
display: 1
explore: 1
npt: 1
nptxy: 0
nptdxdy: 0
shape: 0
seed: 1107955
96.605695825376 84.992471681874 0.866025403784 -0.500000000000
-124.565699974676 -31.302104864701 0.000000000000 1.000000000000
-22.919538094332 -14.331862023582 0.866025403784 -0.500000000000
109.484328861626 -146.919817785894 0.866025403784 0.500000000000
-51.384539413466 -215.377730319568 0.866025403784 0.500000000000
-35.339474865527 13.467685718503 0.866025403784 0.500000000000
56.112398998054 56.471054028723 0.866025403784 -0.500000000000
71.509955974864 -7.815452594051 0.000000000000 1.000000000000
-34.233069073295 -2.753426915892 0.000000000000 1.000000000000
1.640078864087 73.400294945471 0.000000000000 1.000000000000
-170.709568144106 123.829710397607 0.866025403784 -0.500000000000
15.508328726908 -143.993829247734 0.866025403784 -0.500000000000
-32.878892401933 53.974403493262 0.866025403784 -0.500000000000
-6.229337674312 6.451098741784 0.866025403784 0.500000000000
155.013350545267 -57.355542823889 0.866025403784 0.500000000000
18.168971460879 -105.365805269299 0.866025403784 -0.500000000000
114.770547269707 -167.327578682576 0.866025403784 -0.500000000000
208.407509658843 205.323096218120 0.000000000000 1.000000000000
-20.648470486898 23.346269328578 0.000000000000 1.000000000000
-72.904015775715 179.301147059138 0.000000000000 1.000000000000
