#Configurational_file created 2018-09-14 12:01:44  started 2018-09-14 12:01:43 run for 1.0s steps 0
name: p_974
step: 10000
specie: 20
	particle_diameter: 1.0000000000000000
	interaction_length: 1.2000000000000000
	number_of_patches: 3
	number_of_particles_per_compound: 1
	rod_length: 1.0000000000000000
	interaction_matrix:  1.000000 1.000000 1.000000 1.000000 1.000000 1.000000 1.000000 1.000000 1.000000
	patch_type: symmetric
	patch_width: 8.0000000000000000
	patch_angle: 0.0000000000000000
	angles:  0.000000 0.000000 0.000000
	grand_canonical: 0
	chemical_potential: 0.0000000000000000
box: 43.710868 43.710868
copy: 1.000000 1.000000
epsilon: 0.0270840000000000
end_epsilon: 0.0000000000000000
pressure: 0.0958330000000000
lambda: 0.0000000000000000
lambda_coupling: 1.0000000000000000
uy: 0.0000000000000000
maximum_displacement: 1.0000000000000000
maximum_rotation: 1.0000000000000000
maximum_volume: 1.0000000000000000
maximum_shape: 0.0000001000000000
maximum_dsigma: 0.0100000000000000
mod: 10
pmod: 10
optimize: 1
verbose: 1
snapshot: 0
display: 1
explore: 1
npt: 1
nptxy: 0
nptdxdy: 0
shape: 0
seed: 1110229
242.394076885338 47.228882162046 0.866025403784 -0.500000000000
61.089678686301 94.246246681314 0.866025403784 -0.500000000000
-280.414849723348 -23.220737925849 0.866025403784 -0.500000000000
201.197899434329 -90.428836859142 0.000000000000 1.000000000000
102.226191708511 57.531759959528 0.866025403784 0.500000000000
139.332388159654 4.423138015950 0.866025403784 0.500000000000
162.110394186607 57.279016105001 0.000000000000 1.000000000000
-31.758138139113 -237.103123061470 0.000000000000 1.000000000000
-57.839715787528 -87.598671655631 0.866025403784 0.500000000000
302.711189420204 164.201452352639 0.866025403784 0.500000000000
-100.077098338609 92.636573750846 0.866025403784 0.500000000000
265.044795971072 113.007997490598 0.866025403784 0.500000000000
150.506292297152 244.630746428063 0.866025403784 -0.500000000000
-45.482578727038 -143.601292670411 0.866025403784 0.500000000000
11.015598895418 227.856133744626 0.000000000000 1.000000000000
179.662795554912 26.353858938333 0.866025403784 -0.500000000000
-367.492363603995 4.177543064156 0.866025403784 -0.500000000000
-67.015464890749 113.506529048295 0.866025403784 0.500000000000
424.772707925638 0.676815262060 0.866025403784 0.500000000000
-74.125975910573 50.701832035458 0.000000000000 1.000000000000
