#Configurational_file created 2018-09-14 11:34:10  started 2018-09-14 11:34:09 run for 1.0s steps 0
name: p_975
step: 10000
specie: 20
	particle_diameter: 1.0000000000000000
	interaction_length: 1.2000000000000000
	number_of_patches: 3
	number_of_particles_per_compound: 1
	rod_length: 1.0000000000000000
	interaction_matrix:  1.000000 1.000000 1.000000 1.000000 1.000000 1.000000 1.000000 1.000000 1.000000
	patch_type: symmetric
	patch_width: 8.0000000000000000
	patch_angle: 0.0000000000000000
	angles:  0.000000 0.000000 0.000000
	grand_canonical: 0
	chemical_potential: 0.0000000000000000
box: 8.000749 8.000749
copy: 1.000000 1.000000
epsilon: 0.2708790000000000
end_epsilon: 0.0000000000000000
pressure: 2.0000000000000000
lambda: 0.0000000000000000
lambda_coupling: 1.0000000000000000
uy: 0.0000000000000000
maximum_displacement: 1.0000000000000000
maximum_rotation: 1.0000000000000000
maximum_volume: 0.7046197030980584
maximum_shape: 0.0000001000000000
maximum_dsigma: 0.0100000000000000
mod: 10
pmod: 10
optimize: 1
verbose: 1
snapshot: 0
display: 1
explore: 1
npt: 1
nptxy: 0
nptdxdy: 0
shape: 0
seed: 1111366
80.267847191893 -4.577569003639 0.866025403784 0.500000000000
39.564564574138 -37.803336338870 0.866025403784 -0.500000000000
21.625123436077 -4.655388087348 0.000000000000 1.000000000000
-27.381510558471 -58.482653479205 0.000000000000 1.000000000000
25.221895568720 26.024916043100 0.866025403784 -0.500000000000
58.382361512630 -11.130192117400 0.000000000000 1.000000000000
7.048923936825 3.167135331801 0.866025403784 -0.500000000000
-69.595274993463 -94.162096008715 0.000000000000 1.000000000000
-59.908410961958 55.059016804762 0.000000000000 1.000000000000
-30.911490630427 -121.645141298808 0.866025403784 -0.500000000000
31.585840358582 87.839360865404 0.866025403784 0.500000000000
10.381036911392 120.558948913702 0.000000000000 1.000000000000
-54.275759989653 -38.643435064067 0.866025403784 0.500000000000
-44.129863062763 53.194251215500 0.866025403784 0.500000000000
42.173105287816 109.798792487573 0.866025403784 0.500000000000
9.058397297604 -76.404178313575 0.866025403784 -0.500000000000
35.576853444051 -13.496323751554 0.866025403784 -0.500000000000
-55.056431238597 77.139196586898 0.866025403784 -0.500000000000
-41.687686617818 45.160849665422 0.000000000000 1.000000000000
-90.478002530566 -48.571267551926 0.866025403784 0.500000000000
