#Configurational_file created 2018-09-14 12:01:45  started 2018-09-14 12:01:45 run for 0.0s steps 0
name: p_976
step: 10000
specie: 20
	particle_diameter: 1.0000000000000000
	interaction_length: 1.2000000000000000
	number_of_patches: 3
	number_of_particles_per_compound: 1
	rod_length: 1.0000000000000000
	interaction_matrix:  1.000000 1.000000 1.000000 1.000000 1.000000 1.000000 1.000000 1.000000 1.000000
	patch_type: symmetric
	patch_width: 8.0000000000000000
	patch_angle: 0.0000000000000000
	angles:  0.000000 0.000000 0.000000
	grand_canonical: 0
	chemical_potential: 0.0000000000000000
box: 54.139513 54.139513
copy: 1.000000 1.000000
epsilon: 0.0291670000000000
end_epsilon: 0.0000000000000000
pressure: 0.0000010000000000
lambda: 0.0000000000000000
lambda_coupling: 1.0000000000000000
uy: 0.0000000000000000
maximum_displacement: 1.0000000000000000
maximum_rotation: 1.0000000000000000
maximum_volume: 1.0000000000000000
maximum_shape: 0.0000001000000000
maximum_dsigma: 0.0100000000000000
mod: 10
pmod: 10
optimize: 1
verbose: 1
snapshot: 0
display: 1
explore: 1
npt: 1
nptxy: 0
nptdxdy: 0
shape: 0
seed: 1112503
134.178355640050 73.415738189023 0.000000000000 1.000000000000
-59.863087117487 -6.927458392904 0.000000000000 1.000000000000
169.363071385238 -53.046440736341 0.866025403784 -0.500000000000
378.098179893737 155.550862958744 0.866025403784 0.500000000000
218.055281105975 159.988944496832 0.000000000000 1.000000000000
-299.202663666183 218.561370061327 0.866025403784 0.500000000000
175.201435585329 44.097757682185 0.866025403784 -0.500000000000
-200.926666651642 167.849366000299 0.000000000000 1.000000000000
21.515837086221 -121.089464210290 0.866025403784 -0.500000000000
152.132669516545 104.961390118403 0.866025403784 0.500000000000
-184.454590722295 -348.194385154717 0.866025403784 -0.500000000000
45.729673455535 -94.923552872312 0.000000000000 1.000000000000
-104.327548761777 -154.454030517040 0.866025403784 -0.500000000000
-157.120518199420 80.205235544106 0.000000000000 1.000000000000
157.600144384049 -297.142117940545 0.866025403784 -0.500000000000
208.779810083177 77.424594175918 0.866025403784 0.500000000000
-20.385902875565 7.726149832638 0.866025403784 -0.500000000000
170.894351424034 -164.455650171601 0.000000000000 1.000000000000
182.311213100220 -210.533208600040 0.000000000000 1.000000000000
-76.219806135130 -114.960014122911 0.866025403784 0.500000000000
