#Configurational_file created 2018-09-14 13:57:28  started 2018-09-14 13:57:28 run for 0.0s steps 0
name: p_975
step: 10000
specie: 20
	particle_diameter: 1.0000000000000000
	interaction_length: 1.2000000000000000
	number_of_patches: 3
	number_of_particles_per_compound: 1
	rod_length: 1.0000000000000000
	interaction_matrix:  1.000000 1.000000 1.000000 1.000000 1.000000 1.000000 1.000000 1.000000 1.000000
	patch_type: symmetric
	patch_width: 8.0000000000000000
	patch_angle: 0.0000000000000000
	angles:  0.000000 0.000000 0.000000
	grand_canonical: 0
	chemical_potential: 0.0000000000000000
box: 25.546846 25.546846
copy: 1.000000 1.000000
epsilon: 0.1379320000000000
end_epsilon: 0.0000000000000000
pressure: 0.2413800000000000
lambda: 0.0000000000000000
lambda_coupling: 1.0000000000000000
uy: 0.0000000000000000
maximum_displacement: 1.0000000000000000
maximum_rotation: 1.0000000000000000
maximum_volume: 1.0000000000000000
maximum_shape: 0.0000001000000000
maximum_dsigma: 0.0100000000000000
mod: 10
pmod: 10
optimize: 1
verbose: 1
snapshot: 0
display: 1
explore: 1
npt: 1
nptxy: 0
nptdxdy: 0
shape: 0
seed: 1111366
19.888966339266 6.822962041556 0.866025403784 -0.500000000000
-196.557170611018 63.639433106432 0.866025403784 0.500000000000
74.098483545425 -99.946571844961 0.866025403784 0.500000000000
9.715326860651 17.405290191101 0.000000000000 1.000000000000
-45.198192601745 -123.660326209994 0.000000000000 1.000000000000
150.307149708444 -134.775254194434 0.866025403784 -0.500000000000
164.318318048940 256.228085239935 0.866025403784 -0.500000000000
-41.517578782705 -172.523424969657 0.866025403784 0.500000000000
87.041969830647 80.104809815137 0.866025403784 -0.500000000000
101.863307932223 -62.903744741606 0.866025403784 0.500000000000
-18.494993104497 34.031673164289 0.000000000000 1.000000000000
-127.116901722986 -49.318794916075 0.000000000000 1.000000000000
-0.437911619018 -61.097583927281 0.866025403784 0.500000000000
-37.927930982451 -90.485805226914 0.866025403784 0.500000000000
158.367684383821 73.469603968863 0.866025403784 0.500000000000
21.779401931013 1.573788113751 0.866025403784 -0.500000000000
27.903545846825 37.658210825084 0.000000000000 1.000000000000
-13.609711281667 146.896028378214 0.000000000000 1.000000000000
-38.656926497122 -161.882362881336 0.000000000000 1.000000000000
11.712352211654 -60.393559224676 0.000000000000 1.000000000000
