#Configurational_file created 2018-09-14 12:20:35  started 2018-09-14 12:20:35 run for 0.0s steps 0
name: p_97
step: 10000
specie: 20
	particle_diameter: 1.0000000000000000
	interaction_length: 1.2000000000000000
	number_of_patches: 3
	number_of_particles_per_compound: 1
	rod_length: 1.0000000000000000
	interaction_matrix:  1.000000 1.000000 1.000000 1.000000 1.000000 1.000000 1.000000 1.000000 1.000000
	patch_type: symmetric
	patch_width: 8.0000000000000000
	patch_angle: 0.0000000000000000
	angles:  0.000000 0.000000 0.000000
	grand_canonical: 0
	chemical_potential: 0.0000000000000000
box: 41.874372 41.874372
copy: 1.000000 1.000000
epsilon: 1.9166669999999999
end_epsilon: 0.0000000000000000
pressure: 0.0000010000000000
lambda: 0.0000000000000000
lambda_coupling: 1.0000000000000000
uy: 0.0000000000000000
maximum_displacement: 1.0000000000000000
maximum_rotation: 1.0000000000000000
maximum_volume: 1.0000000000000000
maximum_shape: 0.0000001000000000
maximum_dsigma: 0.0100000000000000
mod: 10
pmod: 10
optimize: 1
verbose: 1
snapshot: 0
display: 1
explore: 1
npt: 1
nptxy: 0
nptdxdy: 0
shape: 0
seed: 113080
37.293397264738 228.424125883123 0.866025403784 -0.500000000000
-63.444777169154 131.604532918600 0.866025403784 -0.500000000000
115.607548824830 36.227128120443 0.000000000000 1.000000000000
-18.214375829510 387.690212292860 0.866025403784 0.500000000000
89.901358494261 26.441104545487 0.000000000000 1.000000000000
279.302978627918 -91.787595992400 0.866025403784 -0.500000000000
280.261399862564 64.433388755852 0.866025403784 0.500000000000
-87.243746578381 13.131476267060 0.866025403784 0.500000000000
40.800172616471 160.316647357734 0.000000000000 1.000000000000
-100.832500533357 -197.571268151021 0.866025403784 0.500000000000
71.588556023276 -20.486272244553 0.866025403784 0.500000000000
146.458898506395 273.098590474231 0.866025403784 0.500000000000
-257.983734190683 -74.372828236402 0.866025403784 0.500000000000
-132.298981394296 -136.485411954275 0.000000000000 1.000000000000
-124.830347857350 51.269918100083 0.000000000000 1.000000000000
224.576756732881 -22.094484884630 0.866025403784 0.500000000000
241.005372793195 -142.894184672440 0.000000000000 1.000000000000
25.896011616366 42.475615922798 0.866025403784 -0.500000000000
-76.356332974358 -79.443229853931 0.000000000000 1.000000000000
-178.579533239418 -36.655302333270 0.000000000000 1.000000000000
