#Configurational_file created 2018-09-14 11:34:11  started 2018-09-14 11:34:10 run for 1.0s steps 0
name: p_977
step: 10000
specie: 20
	particle_diameter: 1.0000000000000000
	interaction_length: 1.2000000000000000
	number_of_patches: 3
	number_of_particles_per_compound: 1
	rod_length: 1.0000000000000000
	interaction_matrix:  1.000000 1.000000 1.000000 1.000000 1.000000 1.000000 1.000000 1.000000 1.000000
	patch_type: symmetric
	patch_width: 8.0000000000000000
	patch_angle: 0.0000000000000000
	angles:  0.000000 0.000000 0.000000
	grand_canonical: 0
	chemical_potential: 0.0000000000000000
box: 28.159449 28.159449
copy: 1.000000 1.000000
epsilon: 0.2917080000000000
end_epsilon: 0.0000000000000000
pressure: 0.0834290000000000
lambda: 0.0000000000000000
lambda_coupling: 1.0000000000000000
uy: 0.0000000000000000
maximum_displacement: 1.0000000000000000
maximum_rotation: 1.0000000000000000
maximum_volume: 1.0000000000000000
maximum_shape: 0.0000001000000000
maximum_dsigma: 0.0100000000000000
mod: 10
pmod: 10
optimize: 1
verbose: 1
snapshot: 0
display: 1
explore: 1
npt: 1
nptxy: 0
nptdxdy: 0
shape: 0
seed: 1113640
-175.983743859827 139.759595589950 0.866025403784 0.500000000000
82.657991179528 71.155270352434 0.866025403784 -0.500000000000
-110.591658028666 64.781864248552 0.000000000000 1.000000000000
136.593090313848 49.656509659509 0.000000000000 1.000000000000
75.541667809087 98.989291426567 0.866025403784 0.500000000000
-151.214518729224 4.550689768563 0.000000000000 1.000000000000
-122.344570027019 179.567679233612 0.000000000000 1.000000000000
344.716236183881 -48.845676173005 0.866025403784 -0.500000000000
-134.649248318001 -123.080915654287 0.000000000000 1.000000000000
-108.428994531984 65.698832442084 0.866025403784 0.500000000000
119.981670419431 -12.107959808716 0.866025403784 -0.500000000000
-50.431075286019 -65.165778091234 0.866025403784 -0.500000000000
-94.328390235135 33.825043785716 0.866025403784 -0.500000000000
-89.148454219840 41.791101985160 0.000000000000 1.000000000000
-94.045019177443 81.211298399104 0.866025403784 -0.500000000000
173.147583549420 74.453142122476 0.866025403784 -0.500000000000
188.696857628006 -61.537443160575 0.866025403784 -0.500000000000
-17.679146246541 73.794249646251 0.000000000000 1.000000000000
-65.008736685534 -45.586395855317 0.866025403784 -0.500000000000
5.493847089106 63.999697716516 0.866025403784 0.500000000000
