#Configurational_file created 2018-09-14 12:01:42  started 2018-09-14 12:01:42 run for 0.0s steps 0
name: p_972
step: 10000
specie: 20
	particle_diameter: 1.0000000000000000
	interaction_length: 1.2000000000000000
	number_of_patches: 3
	number_of_particles_per_compound: 1
	rod_length: 1.0000000000000000
	interaction_matrix:  1.000000 1.000000 1.000000 1.000000 1.000000 1.000000 1.000000 1.000000 1.000000
	patch_type: symmetric
	patch_width: 8.0000000000000000
	patch_angle: 0.0000000000000000
	angles:  0.000000 0.000000 0.000000
	grand_canonical: 0
	chemical_potential: 0.0000000000000000
box: 53.460049 53.460049
copy: 1.000000 1.000000
epsilon: 0.0270840000000000
end_epsilon: 0.0000000000000000
pressure: 0.0875000000000000
lambda: 0.0000000000000000
lambda_coupling: 1.0000000000000000
uy: 0.0000000000000000
maximum_displacement: 1.0000000000000000
maximum_rotation: 1.0000000000000000
maximum_volume: 1.0000000000000000
maximum_shape: 0.0000001000000000
maximum_dsigma: 0.0100000000000000
mod: 10
pmod: 10
optimize: 1
verbose: 1
snapshot: 0
display: 1
explore: 1
npt: 1
nptxy: 0
nptdxdy: 0
shape: 0
seed: 1107955
-217.999034938599 -27.821478111634 0.866025403784 0.500000000000
-73.369142254590 -20.126415168625 0.000000000000 1.000000000000
0.850760211396 9.964816916271 0.866025403784 -0.500000000000
305.006645544909 -49.118845747668 0.866025403784 -0.500000000000
215.683928426198 -9.528252433992 0.000000000000 1.000000000000
264.280457248242 -4.638951938374 0.000000000000 1.000000000000
80.985578100525 -156.096204838070 0.000000000000 1.000000000000
6.028473479635 321.384069405810 0.866025403784 -0.500000000000
-303.571367329778 -381.151053320378 0.866025403784 0.500000000000
122.033367135631 267.915204345790 0.866025403784 0.500000000000
2.962528449944 499.478695940073 0.866025403784 0.500000000000
-20.548984574934 72.314877391726 0.866025403784 -0.500000000000
-4.348724680836 -412.278861514129 0.866025403784 0.500000000000
147.158788747526 87.347957364134 0.000000000000 1.000000000000
163.597414487835 -74.444897168011 0.866025403784 -0.500000000000
251.432094666403 163.876612981712 0.000000000000 1.000000000000
-394.279761568238 -118.222111493633 0.866025403784 -0.500000000000
298.753784438142 -41.228364382127 0.000000000000 1.000000000000
133.622452796034 -8.693423514614 0.866025403784 -0.500000000000
-58.112960306537 491.223230276445 0.866025403784 -0.500000000000
