#Configurational_file created 2018-09-14 11:34:10  started 2018-09-14 11:34:10 run for 0.0s steps 0
name: p_976
step: 10000
specie: 20
	particle_diameter: 1.0000000000000000
	interaction_length: 1.2000000000000000
	number_of_patches: 3
	number_of_particles_per_compound: 1
	rod_length: 1.0000000000000000
	interaction_matrix:  1.000000 1.000000 1.000000 1.000000 1.000000 1.000000 1.000000 1.000000 1.000000
	patch_type: symmetric
	patch_width: 8.0000000000000000
	patch_angle: 0.0000000000000000
	angles:  0.000000 0.000000 0.000000
	grand_canonical: 0
	chemical_potential: 0.0000000000000000
box: 51.337704 51.337704
copy: 1.000000 1.000000
epsilon: 0.2917080000000000
end_epsilon: 0.0000000000000000
pressure: 0.0001000000000000
lambda: 0.0000000000000000
lambda_coupling: 1.0000000000000000
uy: 0.0000000000000000
maximum_displacement: 1.0000000000000000
maximum_rotation: 1.0000000000000000
maximum_volume: 1.0000000000000000
maximum_shape: 0.0000001000000000
maximum_dsigma: 0.0100000000000000
mod: 10
pmod: 10
optimize: 1
verbose: 1
snapshot: 0
display: 1
explore: 1
npt: 1
nptxy: 0
nptdxdy: 0
shape: 0
seed: 1112503
-158.336329631537 -201.017773088099 0.866025403784 -0.500000000000
130.347450097537 -278.903047332649 0.866025403784 0.500000000000
158.003448361214 66.007183853579 0.000000000000 1.000000000000
218.091391928378 -17.367232860063 0.866025403784 0.500000000000
125.746628782608 -25.789008305694 0.866025403784 0.500000000000
-95.185001156373 61.478716099109 0.866025403784 -0.500000000000
272.561943518630 10.591727298639 0.866025403784 0.500000000000
-389.387026641990 -303.547344421984 0.000000000000 1.000000000000
132.666353481207 221.008766245472 0.866025403784 -0.500000000000
-61.370679150482 -0.398832406233 0.000000000000 1.000000000000
-266.201535253536 -145.417716583437 0.866025403784 0.500000000000
412.139855867818 -68.842107191744 0.000000000000 1.000000000000
96.312072333721 76.307487370262 0.866025403784 0.500000000000
-15.839032264891 -8.479726713217 0.866025403784 -0.500000000000
189.422713873602 -0.805576057745 0.000000000000 1.000000000000
151.810260969769 -145.581319235665 0.866025403784 -0.500000000000
52.879847033743 -10.644712489391 0.866025403784 -0.500000000000
-0.114530850650 -281.001077996907 0.000000000000 1.000000000000
183.339979603400 89.677316296906 0.866025403784 -0.500000000000
176.171341031102 -129.879755880126 0.000000000000 1.000000000000
