#Configurational_file created 2018-09-14 11:34:12  started 2018-09-14 11:34:12 run for 0.0s steps 0
name: p_979
step: 10000
specie: 20
	particle_diameter: 1.0000000000000000
	interaction_length: 1.2000000000000000
	number_of_patches: 3
	number_of_particles_per_compound: 1
	rod_length: 1.0000000000000000
	interaction_matrix:  1.000000 1.000000 1.000000 1.000000 1.000000 1.000000 1.000000 1.000000 1.000000
	patch_type: symmetric
	patch_width: 8.0000000000000000
	patch_angle: 0.0000000000000000
	angles:  0.000000 0.000000 0.000000
	grand_canonical: 0
	chemical_potential: 0.0000000000000000
box: 18.844164 18.844164
copy: 1.000000 1.000000
epsilon: 0.2917080000000000
end_epsilon: 0.0000000000000000
pressure: 0.2500870000000000
lambda: 0.0000000000000000
lambda_coupling: 1.0000000000000000
uy: 0.0000000000000000
maximum_displacement: 1.0000000000000000
maximum_rotation: 1.0000000000000000
maximum_volume: 1.0000000000000000
maximum_shape: 0.0000001000000000
maximum_dsigma: 0.0100000000000000
mod: 10
pmod: 10
optimize: 1
verbose: 1
snapshot: 0
display: 1
explore: 1
npt: 1
nptxy: 0
nptdxdy: 0
shape: 0
seed: 1115914
97.031213584856 48.225694902706 0.000000000000 1.000000000000
23.688493117390 -159.892524476731 0.000000000000 1.000000000000
-21.482632687748 -91.554285210792 0.866025403784 0.500000000000
-34.740323580069 -155.807335519551 0.000000000000 1.000000000000
143.986285938735 149.485175097374 0.000000000000 1.000000000000
-46.151049465298 -108.530225537151 0.866025403784 -0.500000000000
-129.225757762427 208.156197013892 0.000000000000 1.000000000000
-1.121451652199 36.273302876431 0.866025403784 -0.500000000000
-244.506463923455 51.647757078420 0.000000000000 1.000000000000
105.919562024882 -37.221278211721 0.000000000000 1.000000000000
82.039975727154 -14.366519913180 0.866025403784 -0.500000000000
-214.313419318633 -329.298769417587 0.866025403784 -0.500000000000
-0.624022845332 111.240008676594 0.866025403784 0.500000000000
-12.868905485457 15.932581249614 0.866025403784 0.500000000000
5.665902321483 -57.376179531277 0.866025403784 -0.500000000000
116.791115574121 9.047430139422 0.000000000000 1.000000000000
-107.610652687189 -82.743339004203 0.866025403784 -0.500000000000
-21.068751251438 108.130088132768 0.866025403784 0.500000000000
-89.425026858079 6.602246007023 0.866025403784 0.500000000000
-0.421353816572 -157.816509374672 0.000000000000 1.000000000000
