#Configurational_file created 2018-09-14 11:34:07  started 2018-09-14 11:34:06 run for 1.0s steps 0
name: p_972
step: 10000
specie: 20
	particle_diameter: 1.0000000000000000
	interaction_length: 1.2000000000000000
	number_of_patches: 3
	number_of_particles_per_compound: 1
	rod_length: 1.0000000000000000
	interaction_matrix:  1.000000 1.000000 1.000000 1.000000 1.000000 1.000000 1.000000 1.000000 1.000000
	patch_type: symmetric
	patch_width: 8.0000000000000000
	patch_angle: 0.0000000000000000
	angles:  0.000000 0.000000 0.000000
	grand_canonical: 0
	chemical_potential: 0.0000000000000000
box: 9.615275 9.615275
copy: 1.000000 1.000000
epsilon: 0.2708790000000000
end_epsilon: 0.0000000000000000
pressure: 1.7500119999999999
lambda: 0.0000000000000000
lambda_coupling: 1.0000000000000000
uy: 0.0000000000000000
maximum_displacement: 1.0000000000000000
maximum_rotation: 1.0000000000000000
maximum_volume: 0.8006165448304607
maximum_shape: 0.0000001000000000
maximum_dsigma: 0.0100000000000000
mod: 10
pmod: 10
optimize: 1
verbose: 1
snapshot: 0
display: 1
explore: 1
npt: 1
nptxy: 0
nptdxdy: 0
shape: 0
seed: 1107955
-40.617971531049 -82.245476169402 0.866025403784 -0.500000000000
-131.404768643362 1.816366689558 0.866025403784 0.500000000000
-14.300727827232 -71.830733578459 0.000000000000 1.000000000000
33.535409799507 -52.585775515663 0.866025403784 -0.500000000000
-71.087642635893 2.985211172636 0.866025403784 0.500000000000
-0.753481428728 45.187946921711 0.866025403784 0.500000000000
2.524842716000 51.794848385792 0.866025403784 0.500000000000
44.785449373075 -23.511943390899 0.866025403784 0.500000000000
-14.821563588650 31.775224963132 0.866025403784 -0.500000000000
-19.133780469352 56.406627185177 0.866025403784 0.500000000000
-78.736063227532 46.467509985799 0.866025403784 -0.500000000000
-85.011188449149 47.498371966125 0.000000000000 1.000000000000
-42.509384791920 -78.632826048299 0.866025403784 -0.500000000000
28.388227151246 130.244202184187 0.866025403784 -0.500000000000
87.147182863798 -95.040445650932 0.866025403784 -0.500000000000
12.606159024062 114.596307057025 0.866025403784 -0.500000000000
-82.236532806858 10.930810087017 0.866025403784 -0.500000000000
-172.414700708056 -5.261802486051 0.866025403784 0.500000000000
-107.740654896390 95.980417696775 0.866025403784 -0.500000000000
-37.450682518950 70.150702076984 0.866025403784 0.500000000000
