#Configurational_file created 2018-09-14 11:34:08  started 2018-09-14 11:34:07 run for 1.0s steps 0
name: p_973
step: 10000
specie: 20
	particle_diameter: 1.0000000000000000
	interaction_length: 1.2000000000000000
	number_of_patches: 3
	number_of_particles_per_compound: 1
	rod_length: 1.0000000000000000
	interaction_matrix:  1.000000 1.000000 1.000000 1.000000 1.000000 1.000000 1.000000 1.000000 1.000000
	patch_type: symmetric
	patch_width: 8.0000000000000000
	patch_angle: 0.0000000000000000
	angles:  0.000000 0.000000 0.000000
	grand_canonical: 0
	chemical_potential: 0.0000000000000000
box: 8.388247 8.388247
copy: 1.000000 1.000000
epsilon: 0.2708790000000000
end_epsilon: 0.0000000000000000
pressure: 1.8333420000000000
lambda: 0.0000000000000000
lambda_coupling: 1.0000000000000000
uy: 0.0000000000000000
maximum_displacement: 1.0000000000000000
maximum_rotation: 1.0000000000000000
maximum_volume: 0.8883275380357571
maximum_shape: 0.0000001000000000
maximum_dsigma: 0.0100000000000000
mod: 10
pmod: 10
optimize: 1
verbose: 1
snapshot: 0
display: 1
explore: 1
npt: 1
nptxy: 0
nptdxdy: 0
shape: 0
seed: 1109092
16.115902035948 -3.492571047680 0.000000000000 1.000000000000
-23.348747233593 159.342561120684 0.000000000000 1.000000000000
-41.627779931149 -13.465301114086 0.866025403784 0.500000000000
-56.645972812057 -4.943958278052 0.000000000000 1.000000000000
90.395921130640 -109.253182719374 0.866025403784 0.500000000000
-179.083549118060 -70.131121805391 0.866025403784 0.500000000000
-24.789140471977 40.104331511864 0.866025403784 0.500000000000
48.743138535178 -76.348108315811 0.000000000000 1.000000000000
79.107430358565 114.793149997984 0.000000000000 1.000000000000
28.485539071890 -60.280798326585 0.000000000000 1.000000000000
151.456869080264 -82.033723122817 0.000000000000 1.000000000000
6.023970545681 -22.718518171796 0.000000000000 1.000000000000
39.648846851583 37.522105677282 0.866025403784 -0.500000000000
-19.506497574113 33.698316580144 0.866025403784 -0.500000000000
-91.060903722430 21.386527269659 0.866025403784 0.500000000000
-139.997998028498 -20.699934321985 0.866025403784 -0.500000000000
41.157905394799 16.583892221269 0.000000000000 1.000000000000
-110.779329032072 73.569892501540 0.866025403784 0.500000000000
3.737990154080 -37.692505039104 0.866025403784 0.500000000000
44.397524089179 93.467412570445 0.000000000000 1.000000000000
