#Configurational_file created 2018-09-14 12:01:47  started 2018-09-14 12:01:46 run for 1.0s steps 0
name: p_978
step: 10000
specie: 20
	particle_diameter: 1.0000000000000000
	interaction_length: 1.2000000000000000
	number_of_patches: 3
	number_of_particles_per_compound: 1
	rod_length: 1.0000000000000000
	interaction_matrix:  1.000000 1.000000 1.000000 1.000000 1.000000 1.000000 1.000000 1.000000 1.000000
	patch_type: symmetric
	patch_width: 8.0000000000000000
	patch_angle: 0.0000000000000000
	angles:  0.000000 0.000000 0.000000
	grand_canonical: 0
	chemical_potential: 0.0000000000000000
box: 49.936396 49.936396
copy: 1.000000 1.000000
epsilon: 0.0291670000000000
end_epsilon: 0.0000000000000000
pressure: 0.0083340000000000
lambda: 0.0000000000000000
lambda_coupling: 1.0000000000000000
uy: 0.0000000000000000
maximum_displacement: 1.0000000000000000
maximum_rotation: 1.0000000000000000
maximum_volume: 1.0000000000000000
maximum_shape: 0.0000001000000000
maximum_dsigma: 0.0100000000000000
mod: 10
pmod: 10
optimize: 1
verbose: 1
snapshot: 0
display: 1
explore: 1
npt: 1
nptxy: 0
nptdxdy: 0
shape: 0
seed: 1114777
65.251773295969 -220.438120236726 0.000000000000 1.000000000000
86.585721645744 76.210643360449 0.000000000000 1.000000000000
183.789328436425 -140.047883354255 0.866025403784 -0.500000000000
279.849603760938 -83.215835857133 0.866025403784 -0.500000000000
81.628075225813 235.337996335082 0.866025403784 0.500000000000
-66.738755151347 -53.143885711817 0.866025403784 -0.500000000000
-173.304241897709 -13.516894325918 0.866025403784 -0.500000000000
46.742717063536 -325.141356381263 0.866025403784 -0.500000000000
439.901508850475 -17.601128790635 0.866025403784 0.500000000000
-43.767463122278 -3.782333399271 0.866025403784 0.500000000000
-92.396421574293 2.951585461021 0.866025403784 -0.500000000000
-336.611060271363 116.782945967142 0.866025403784 0.500000000000
-5.533834633418 -124.855502815213 0.000000000000 1.000000000000
-279.650437671584 57.198727718343 0.866025403784 0.500000000000
138.399290017012 110.609535354237 0.866025403784 -0.500000000000
245.742272678159 -219.067484157938 0.866025403784 -0.500000000000
78.564931867146 7.662317431544 0.866025403784 0.500000000000
294.314847830585 218.281318480031 0.000000000000 1.000000000000
-136.497060492375 68.933195986996 0.000000000000 1.000000000000
60.505618119465 -96.960545468516 0.866025403784 -0.500000000000
