#Configurational_file created 2018-09-14 12:01:41  started 2018-09-14 12:01:40 run for 1.0s steps 0
name: p_970
step: 10000
specie: 20
	particle_diameter: 1.0000000000000000
	interaction_length: 1.2000000000000000
	number_of_patches: 3
	number_of_particles_per_compound: 1
	rod_length: 1.0000000000000000
	interaction_matrix:  1.000000 1.000000 1.000000 1.000000 1.000000 1.000000 1.000000 1.000000 1.000000
	patch_type: symmetric
	patch_width: 8.0000000000000000
	patch_angle: 0.0000000000000000
	angles:  0.000000 0.000000 0.000000
	grand_canonical: 0
	chemical_potential: 0.0000000000000000
box: 45.284074 45.284074
copy: 1.000000 1.000000
epsilon: 0.0270840000000000
end_epsilon: 0.0000000000000000
pressure: 0.0791670000000000
lambda: 0.0000000000000000
lambda_coupling: 1.0000000000000000
uy: 0.0000000000000000
maximum_displacement: 1.0000000000000000
maximum_rotation: 1.0000000000000000
maximum_volume: 1.0000000000000000
maximum_shape: 0.0000001000000000
maximum_dsigma: 0.0100000000000000
mod: 10
pmod: 10
optimize: 1
verbose: 1
snapshot: 0
display: 1
explore: 1
npt: 1
nptxy: 0
nptdxdy: 0
shape: 0
seed: 1105681
58.852954365913 94.321729907625 0.866025403784 0.500000000000
37.249861702859 -58.706934206118 0.866025403784 0.500000000000
204.825420585416 61.138883541946 0.866025403784 0.500000000000
101.243643403036 -49.744163881035 0.000000000000 1.000000000000
-79.400485564976 7.346401576307 0.866025403784 0.500000000000
219.467428505955 39.273530319490 0.866025403784 0.500000000000
94.983485209240 89.179846923339 0.866025403784 -0.500000000000
29.090312687586 -247.496522867940 0.866025403784 -0.500000000000
99.481812590182 -101.383895557051 0.866025403784 0.500000000000
-80.197724454741 37.943071673470 0.000000000000 1.000000000000
-96.838730258177 187.712535196658 0.866025403784 0.500000000000
-225.093131435452 298.830312173317 0.866025403784 -0.500000000000
-1.714562948996 58.730909274201 0.866025403784 0.500000000000
77.115942524973 205.838860781102 0.866025403784 -0.500000000000
-196.530407533027 -188.909578562320 0.000000000000 1.000000000000
280.732867458206 7.705713787779 0.866025403784 0.500000000000
60.484896586345 -145.698002761198 0.866025403784 0.500000000000
297.586724879184 103.675203890866 0.000000000000 1.000000000000
-174.759408667172 109.377933602411 0.000000000000 1.000000000000
176.963640599789 35.803072151114 0.866025403784 0.500000000000
