#Configurational_file created 2018-09-14 11:34:12  started 2018-09-14 11:34:11 run for 1.0s steps 0
name: p_978
step: 10000
specie: 20
	particle_diameter: 1.0000000000000000
	interaction_length: 1.2000000000000000
	number_of_patches: 3
	number_of_particles_per_compound: 1
	rod_length: 1.0000000000000000
	interaction_matrix:  1.000000 1.000000 1.000000 1.000000 1.000000 1.000000 1.000000 1.000000 1.000000
	patch_type: symmetric
	patch_width: 8.0000000000000000
	patch_angle: 0.0000000000000000
	angles:  0.000000 0.000000 0.000000
	grand_canonical: 0
	chemical_potential: 0.0000000000000000
box: 24.536753 24.536753
copy: 1.000000 1.000000
epsilon: 0.2917080000000000
end_epsilon: 0.0000000000000000
pressure: 0.1667580000000000
lambda: 0.0000000000000000
lambda_coupling: 1.0000000000000000
uy: 0.0000000000000000
maximum_displacement: 1.0000000000000000
maximum_rotation: 1.0000000000000000
maximum_volume: 1.0000000000000000
maximum_shape: 0.0000001000000000
maximum_dsigma: 0.0100000000000000
mod: 10
pmod: 10
optimize: 1
verbose: 1
snapshot: 0
display: 1
explore: 1
npt: 1
nptxy: 0
nptdxdy: 0
shape: 0
seed: 1114777
-140.031865682085 67.527702109686 0.866025403784 -0.500000000000
-46.677957232654 99.845606747644 0.866025403784 0.500000000000
268.754265916598 -111.370627315529 0.866025403784 -0.500000000000
69.328423635619 -195.755836198745 0.866025403784 0.500000000000
44.337506663761 175.466221984360 0.000000000000 1.000000000000
142.094724723699 -117.211690626888 0.000000000000 1.000000000000
-141.795175732066 154.487934510604 0.866025403784 0.500000000000
-37.943981542954 0.784430011735 0.866025403784 0.500000000000
163.944878570171 -115.938012127920 0.000000000000 1.000000000000
247.469451597860 132.802331958788 0.866025403784 -0.500000000000
-274.928779610276 21.343730723364 0.000000000000 1.000000000000
-42.761402657728 191.379445381953 0.866025403784 0.500000000000
82.541853072779 -17.290061015331 0.000000000000 1.000000000000
127.765398327987 160.518502078381 0.866025403784 -0.500000000000
-89.637705597035 20.451899095705 0.000000000000 1.000000000000
12.212906560906 52.636924986538 0.000000000000 1.000000000000
-86.208955983607 119.420184942720 0.866025403784 0.500000000000
-184.355989327118 87.653146079281 0.866025403784 0.500000000000
-117.913204689961 82.479348786631 0.866025403784 -0.500000000000
211.195430012906 -34.333808342269 0.866025403784 -0.500000000000
