#Configurational_file created 2018-09-14 13:57:30  started 2018-09-14 13:57:29 run for 1.0s steps 0
name: p_977
step: 10000
specie: 20
	particle_diameter: 1.0000000000000000
	interaction_length: 1.2000000000000000
	number_of_patches: 3
	number_of_particles_per_compound: 1
	rod_length: 1.0000000000000000
	interaction_matrix:  1.000000 1.000000 1.000000 1.000000 1.000000 1.000000 1.000000 1.000000 1.000000
	patch_type: symmetric
	patch_width: 8.0000000000000000
	patch_angle: 0.0000000000000000
	angles:  0.000000 0.000000 0.000000
	grand_canonical: 0
	chemical_potential: 0.0000000000000000
box: 27.131313 27.131313
copy: 1.000000 1.000000
epsilon: 0.1379320000000000
end_epsilon: 0.0000000000000000
pressure: 0.2758630000000000
lambda: 0.0000000000000000
lambda_coupling: 1.0000000000000000
uy: 0.0000000000000000
maximum_displacement: 1.0000000000000000
maximum_rotation: 1.0000000000000000
maximum_volume: 1.0000000000000000
maximum_shape: 0.0000001000000000
maximum_dsigma: 0.0100000000000000
mod: 10
pmod: 10
optimize: 1
verbose: 1
snapshot: 0
display: 1
explore: 1
npt: 1
nptxy: 0
nptdxdy: 0
shape: 0
seed: 1113640
-43.081254328539 -12.514274494999 0.866025403784 -0.500000000000
200.397234628259 162.314434431010 0.000000000000 1.000000000000
9.054874910890 -30.473527056250 0.866025403784 -0.500000000000
-66.035090642801 11.963576402141 0.000000000000 1.000000000000
-154.765464183487 15.252024807236 0.866025403784 -0.500000000000
-23.437900283066 -57.134685020701 0.866025403784 -0.500000000000
-209.323131908008 76.767803359694 0.866025403784 -0.500000000000
261.554780905974 40.016021228659 0.866025403784 0.500000000000
-82.433219894148 -214.150702911795 0.866025403784 0.500000000000
32.917004081092 -87.130782052183 0.866025403784 -0.500000000000
163.025622524470 -43.006252649057 0.000000000000 1.000000000000
11.958433975807 21.587874748409 0.000000000000 1.000000000000
187.656353190248 14.419529270250 0.000000000000 1.000000000000
20.367740573819 -42.224147649655 0.866025403784 -0.500000000000
-88.483962037903 41.836732917203 0.866025403784 0.500000000000
301.934967748954 111.394330534806 0.866025403784 0.500000000000
67.227372685258 -230.346038394462 0.866025403784 -0.500000000000
65.686739178354 89.403434294918 0.866025403784 0.500000000000
101.630399154955 -185.551209979720 0.000000000000 1.000000000000
-33.357351009777 -26.959348407548 0.000000000000 1.000000000000
