#Configurational_file created 2018-09-14 13:57:26  started 2018-09-14 13:57:25 run for 1.0s steps 0
name: p_971
step: 10000
specie: 20
	particle_diameter: 1.0000000000000000
	interaction_length: 1.2000000000000000
	number_of_patches: 3
	number_of_particles_per_compound: 1
	rod_length: 1.0000000000000000
	interaction_matrix:  1.000000 1.000000 1.000000 1.000000 1.000000 1.000000 1.000000 1.000000 1.000000
	patch_type: symmetric
	patch_width: 8.0000000000000000
	patch_angle: 0.0000000000000000
	angles:  0.000000 0.000000 0.000000
	grand_canonical: 0
	chemical_potential: 0.0000000000000000
box: 25.681157 25.681157
copy: 1.000000 1.000000
epsilon: 0.1379320000000000
end_epsilon: 0.0000000000000000
pressure: 0.1724140000000000
lambda: 0.0000000000000000
lambda_coupling: 1.0000000000000000
uy: 0.0000000000000000
maximum_displacement: 1.0000000000000000
maximum_rotation: 1.0000000000000000
maximum_volume: 1.0000000000000000
maximum_shape: 0.0000001000000000
maximum_dsigma: 0.0100000000000000
mod: 10
pmod: 10
optimize: 1
verbose: 1
snapshot: 0
display: 1
explore: 1
npt: 1
nptxy: 0
nptdxdy: 0
shape: 0
seed: 1106818
46.741907346619 -272.213907263989 0.866025403784 -0.500000000000
41.048395804430 145.811279458339 0.866025403784 -0.500000000000
-134.541098225081 126.774024474108 0.000000000000 1.000000000000
-6.117318901562 99.788780916697 0.000000000000 1.000000000000
-22.858130057060 293.031014495813 0.866025403784 -0.500000000000
83.692288803622 8.764454807761 0.000000000000 1.000000000000
100.077874383824 96.095732268464 0.866025403784 -0.500000000000
13.401158151420 157.101135522596 0.866025403784 0.500000000000
-125.038081113618 102.162028835598 0.866025403784 0.500000000000
-120.195369052254 -236.249399530181 0.866025403784 0.500000000000
87.556227026992 -201.849027438266 0.866025403784 -0.500000000000
-52.791863500849 -62.022682378881 0.866025403784 -0.500000000000
118.801504226823 -43.138832080714 0.000000000000 1.000000000000
261.075978786577 73.945724465428 0.866025403784 0.500000000000
149.596219507027 39.884145678446 0.866025403784 -0.500000000000
140.009026710010 31.758087138498 0.866025403784 -0.500000000000
67.092638996011 -98.444796213762 0.000000000000 1.000000000000
96.332887430920 0.553454433390 0.866025403784 0.500000000000
19.824900287735 -101.035408050298 0.866025403784 -0.500000000000
219.089464734355 50.232572695268 0.866025403784 -0.500000000000
