#Configurational_file created 2018-09-14 13:57:25  started 2018-09-14 13:57:24 run for 1.0s steps 0
name: p_970
step: 10000
specie: 20
	particle_diameter: 1.0000000000000000
	interaction_length: 1.2000000000000000
	number_of_patches: 3
	number_of_particles_per_compound: 1
	rod_length: 1.0000000000000000
	interaction_matrix:  1.000000 1.000000 1.000000 1.000000 1.000000 1.000000 1.000000 1.000000 1.000000
	patch_type: symmetric
	patch_width: 8.0000000000000000
	patch_angle: 0.0000000000000000
	angles:  0.000000 0.000000 0.000000
	grand_canonical: 0
	chemical_potential: 0.0000000000000000
box: 26.483458 26.483458
copy: 1.000000 1.000000
epsilon: 0.1379320000000000
end_epsilon: 0.0000000000000000
pressure: 0.1551730000000000
lambda: 0.0000000000000000
lambda_coupling: 1.0000000000000000
uy: 0.0000000000000000
maximum_displacement: 1.0000000000000000
maximum_rotation: 1.0000000000000000
maximum_volume: 1.0000000000000000
maximum_shape: 0.0000001000000000
maximum_dsigma: 0.0100000000000000
mod: 10
pmod: 10
optimize: 1
verbose: 1
snapshot: 0
display: 1
explore: 1
npt: 1
nptxy: 0
nptdxdy: 0
shape: 0
seed: 1105681
-75.267540384174 167.150767987046 0.866025403784 -0.500000000000
150.785582632923 -41.314615194234 0.866025403784 -0.500000000000
229.729849798313 -8.070849661899 0.000000000000 1.000000000000
201.938865249424 76.696481632096 0.866025403784 0.500000000000
-93.507290764440 -288.108072928087 0.866025403784 0.500000000000
-92.671729666849 62.693758105703 0.866025403784 -0.500000000000
-75.688832002278 -29.046339171443 0.000000000000 1.000000000000
-116.808321244140 -238.058773047652 0.000000000000 1.000000000000
58.014778280143 -59.232575629099 0.000000000000 1.000000000000
78.220537508654 144.869234564692 0.866025403784 0.500000000000
15.829315319553 -62.392411261121 0.000000000000 1.000000000000
28.859838963852 146.783820695305 0.000000000000 1.000000000000
-101.100288336541 147.586809068136 0.866025403784 0.500000000000
-78.887713241339 -78.188048473178 0.866025403784 0.500000000000
-133.390241151670 238.817552794307 0.000000000000 1.000000000000
74.126252057042 74.596513936669 0.866025403784 -0.500000000000
150.119275984261 16.276916217324 0.000000000000 1.000000000000
27.702463831039 4.876577086673 0.000000000000 1.000000000000
1.685860400015 92.692517108928 0.866025403784 -0.500000000000
170.824448401949 -153.012909693377 0.000000000000 1.000000000000
