#Configurational_file created 2018-09-14 11:34:05  started 2018-09-14 11:34:04 run for 1.0s steps 0
name: p_970
step: 10000
specie: 20
	particle_diameter: 1.0000000000000000
	interaction_length: 1.2000000000000000
	number_of_patches: 3
	number_of_particles_per_compound: 1
	rod_length: 1.0000000000000000
	interaction_matrix:  1.000000 1.000000 1.000000 1.000000 1.000000 1.000000 1.000000 1.000000 1.000000
	patch_type: symmetric
	patch_width: 8.0000000000000000
	patch_angle: 0.0000000000000000
	angles:  0.000000 0.000000 0.000000
	grand_canonical: 0
	chemical_potential: 0.0000000000000000
box: 9.357399 9.357399
copy: 1.000000 1.000000
epsilon: 0.2708790000000000
end_epsilon: 0.0000000000000000
pressure: 1.5833539999999999
lambda: 0.0000000000000000
lambda_coupling: 1.0000000000000000
uy: 0.0000000000000000
maximum_displacement: 1.0000000000000000
maximum_rotation: 1.0000000000000000
maximum_volume: 0.9416002319360001
maximum_shape: 0.0000001000000000
maximum_dsigma: 0.0100000000000000
mod: 10
pmod: 10
optimize: 1
verbose: 1
snapshot: 0
display: 1
explore: 1
npt: 1
nptxy: 0
nptdxdy: 0
shape: 0
seed: 1105681
26.399272989928 42.384185979233 0.866025403784 0.500000000000
15.628394607308 -1.797428093679 0.866025403784 -0.500000000000
-6.751553443574 47.455051185922 0.866025403784 -0.500000000000
-17.957193332298 154.228686276418 0.866025403784 -0.500000000000
-66.642022898453 -146.845125954093 0.866025403784 0.500000000000
-13.476514932932 114.044914420663 0.000000000000 1.000000000000
-13.455523197290 -124.883457247267 0.866025403784 -0.500000000000
-116.366593675679 -23.308717235985 0.866025403784 -0.500000000000
-16.873805151383 77.273853253977 0.000000000000 1.000000000000
-39.649606003009 44.264771069531 0.866025403784 0.500000000000
29.938628821747 102.547161555616 0.866025403784 -0.500000000000
55.173175686054 -24.669356131384 0.866025403784 -0.500000000000
-3.097825265797 51.286920072471 0.866025403784 0.500000000000
-35.950655555258 3.680265166791 0.000000000000 1.000000000000
-13.851464419806 2.803412268667 0.866025403784 -0.500000000000
71.748215037976 56.069063839269 0.000000000000 1.000000000000
100.764828614606 49.047591415745 0.866025403784 -0.500000000000
-54.528749946121 -50.252366890404 0.866025403784 -0.500000000000
10.198185557752 130.629661509887 0.866025403784 -0.500000000000
10.003084897807 45.912107535609 0.000000000000 1.000000000000
