#Configurational_file created 2018-09-14 13:57:30  started 2018-09-14 13:57:30 run for 0.0s steps 0
name: p_978
step: 10000
specie: 20
	particle_diameter: 1.0000000000000000
	interaction_length: 1.2000000000000000
	number_of_patches: 3
	number_of_particles_per_compound: 1
	rod_length: 1.0000000000000000
	interaction_matrix:  1.000000 1.000000 1.000000 1.000000 1.000000 1.000000 1.000000 1.000000 1.000000
	patch_type: symmetric
	patch_width: 8.0000000000000000
	patch_angle: 0.0000000000000000
	angles:  0.000000 0.000000 0.000000
	grand_canonical: 0
	chemical_potential: 0.0000000000000000
box: 23.017701 23.017701
copy: 1.000000 1.000000
epsilon: 0.1379320000000000
end_epsilon: 0.0000000000000000
pressure: 0.2931040000000000
lambda: 0.0000000000000000
lambda_coupling: 1.0000000000000000
uy: 0.0000000000000000
maximum_displacement: 1.0000000000000000
maximum_rotation: 1.0000000000000000
maximum_volume: 1.0000000000000000
maximum_shape: 0.0000001000000000
maximum_dsigma: 0.0100000000000000
mod: 10
pmod: 10
optimize: 1
verbose: 1
snapshot: 0
display: 1
explore: 1
npt: 1
nptxy: 0
nptdxdy: 0
shape: 0
seed: 1114777
-120.569770221960 110.023114755078 0.000000000000 1.000000000000
75.211852530074 112.161780972595 0.866025403784 -0.500000000000
115.109021298779 -26.065432728909 0.866025403784 0.500000000000
21.436415016194 -286.404351090681 0.866025403784 0.500000000000
-49.096073772632 -22.426545651179 0.866025403784 -0.500000000000
113.068366252256 16.057384805865 0.000000000000 1.000000000000
52.886133364209 -39.728548644269 0.866025403784 0.500000000000
17.987551869043 -135.620018250790 0.866025403784 0.500000000000
114.118409067693 -50.694943769073 0.866025403784 0.500000000000
193.023830995458 95.048222970855 0.866025403784 0.500000000000
-202.858400372402 120.451785721027 0.866025403784 0.500000000000
46.074143423268 99.752509056212 0.866025403784 0.500000000000
-135.348935595056 -128.941719472274 0.000000000000 1.000000000000
59.202111169545 291.827411476323 0.866025403784 -0.500000000000
131.081920279354 -224.231105357136 0.866025403784 0.500000000000
65.197783927761 -149.412998800752 0.000000000000 1.000000000000
172.724256372394 120.153471433150 0.866025403784 -0.500000000000
88.900359045854 -58.460079283077 0.000000000000 1.000000000000
-23.930381999446 123.051056404500 0.866025403784 -0.500000000000
232.284752860771 -185.479987831468 0.000000000000 1.000000000000
