#Configurational_file created 2018-09-14 11:06:39  started 2018-09-14 11:06:38 run for 1.0s steps 0
name: p_97
step: 10000
specie: 20
	particle_diameter: 1.0000000000000000
	interaction_length: 1.2000000000000000
	number_of_patches: 3
	number_of_particles_per_compound: 1
	rod_length: 1.0000000000000000
	interaction_matrix:  1.000000 1.000000 1.000000 1.000000 1.000000 1.000000 1.000000 1.000000 1.000000
	patch_type: symmetric
	patch_width: 8.0000000000000000
	patch_angle: 0.0000000000000000
	angles:  0.000000 0.000000 0.000000
	grand_canonical: 0
	chemical_potential: 0.0000000000000000
box: 52.144476 52.144476
copy: 1.000000 1.000000
epsilon: 0.2857570000000000
end_epsilon: 0.0000000000000000
pressure: 0.0001000000000000
lambda: 0.0000000000000000
lambda_coupling: 1.0000000000000000
uy: 0.0000000000000000
maximum_displacement: 1.0000000000000000
maximum_rotation: 1.0000000000000000
maximum_volume: 1.0000000000000000
maximum_shape: 0.0000001000000000
maximum_dsigma: 0.0100000000000000
mod: 10
pmod: 10
optimize: 1
verbose: 1
snapshot: 0
display: 1
explore: 1
npt: 1
nptxy: 0
nptdxdy: 0
shape: 0
seed: 113159
-188.105477906572 234.267994767711 0.866025403784 -0.500000000000
-133.592117787501 2.642084311808 0.866025403784 0.500000000000
71.695067403812 -357.941517376077 0.866025403784 0.500000000000
-183.943288069005 -82.785602335929 0.000000000000 1.000000000000
-73.318253950760 -23.019030908944 0.866025403784 0.500000000000
228.063521617254 218.239289939610 0.866025403784 -0.500000000000
-225.060132486601 42.185824724272 0.866025403784 0.500000000000
-45.985438664919 182.295340513470 0.866025403784 0.500000000000
-92.074904139559 24.963677738677 0.866025403784 0.500000000000
-325.965641990651 -25.795988155186 0.000000000000 1.000000000000
41.800747891558 -59.609179940880 0.866025403784 -0.500000000000
332.697832570860 46.658288460041 0.866025403784 0.500000000000
90.548079913987 294.293769719081 0.000000000000 1.000000000000
-68.412477019915 85.374503085870 0.000000000000 1.000000000000
-248.186621261668 74.435588635246 0.866025403784 0.500000000000
-196.049297273609 40.947886272987 0.866025403784 0.500000000000
-319.171917840483 14.398158860041 0.866025403784 0.500000000000
-166.684215608824 252.369210809234 0.000000000000 1.000000000000
69.295135540728 -97.754195424634 0.000000000000 1.000000000000
-184.367048208981 141.576755096583 0.866025403784 -0.500000000000
