#Configurational_file created 2018-09-14 12:01:45  started 2018-09-14 12:01:44 run for 1.0s steps 0
name: p_975
step: 10000
specie: 20
	particle_diameter: 1.0000000000000000
	interaction_length: 1.2000000000000000
	number_of_patches: 3
	number_of_particles_per_compound: 1
	rod_length: 1.0000000000000000
	interaction_matrix:  1.000000 1.000000 1.000000 1.000000 1.000000 1.000000 1.000000 1.000000 1.000000
	patch_type: symmetric
	patch_width: 8.0000000000000000
	patch_angle: 0.0000000000000000
	angles:  0.000000 0.000000 0.000000
	grand_canonical: 0
	chemical_potential: 0.0000000000000000
box: 47.357167 47.357167
copy: 1.000000 1.000000
epsilon: 0.0270840000000000
end_epsilon: 0.0000000000000000
pressure: 0.1000000000000000
lambda: 0.0000000000000000
lambda_coupling: 1.0000000000000000
uy: 0.0000000000000000
maximum_displacement: 1.0000000000000000
maximum_rotation: 1.0000000000000000
maximum_volume: 1.0000000000000000
maximum_shape: 0.0000001000000000
maximum_dsigma: 0.0100000000000000
mod: 10
pmod: 10
optimize: 1
verbose: 1
snapshot: 0
display: 1
explore: 1
npt: 1
nptxy: 0
nptdxdy: 0
shape: 0
seed: 1111366
99.387887988802 -271.929563810346 0.000000000000 1.000000000000
193.418576946635 -227.228896549808 0.866025403784 -0.500000000000
172.198573709409 77.902434721006 0.000000000000 1.000000000000
288.306341755334 -42.947220650226 0.866025403784 -0.500000000000
-5.145845615246 -200.799723064947 0.000000000000 1.000000000000
140.548829211777 -208.263041490421 0.000000000000 1.000000000000
54.170422128545 280.233552677848 0.866025403784 0.500000000000
-47.996660712577 -87.567527729712 0.000000000000 1.000000000000
-192.133369996196 44.546456362049 0.866025403784 -0.500000000000
157.335777385038 -213.242809512606 0.000000000000 1.000000000000
128.503422290100 132.222051486472 0.866025403784 0.500000000000
184.862888916260 51.307635873512 0.866025403784 0.500000000000
206.145275368002 -304.414681428201 0.866025403784 0.500000000000
384.486589325338 77.533754072389 0.866025403784 -0.500000000000
230.791877213474 -73.062633483980 0.866025403784 0.500000000000
77.101290984439 -458.407422658198 0.000000000000 1.000000000000
60.542258858145 1.726320119996 0.866025403784 -0.500000000000
-4.134437937670 16.220576754830 0.866025403784 -0.500000000000
280.165118927750 -4.103398360711 0.866025403784 0.500000000000
-105.030848534534 -138.932641866753 0.866025403784 -0.500000000000
