#Configurational_file created 2018-09-14 11:34:09  started 2018-09-14 11:34:08 run for 1.0s steps 0
name: p_974
step: 10000
specie: 20
	particle_diameter: 1.0000000000000000
	interaction_length: 1.2000000000000000
	number_of_patches: 3
	number_of_particles_per_compound: 1
	rod_length: 1.0000000000000000
	interaction_matrix:  1.000000 1.000000 1.000000 1.000000 1.000000 1.000000 1.000000 1.000000 1.000000
	patch_type: symmetric
	patch_width: 8.0000000000000000
	patch_angle: 0.0000000000000000
	angles:  0.000000 0.000000 0.000000
	grand_canonical: 0
	chemical_potential: 0.0000000000000000
box: 8.163939 8.163939
copy: 1.000000 1.000000
epsilon: 0.2708790000000000
end_epsilon: 0.0000000000000000
pressure: 1.9166710000000000
lambda: 0.0000000000000000
lambda_coupling: 1.0000000000000000
uy: 0.0000000000000000
maximum_displacement: 1.0000000000000000
maximum_rotation: 1.0000000000000000
maximum_volume: 0.6157003197396420
maximum_shape: 0.0000001000000000
maximum_dsigma: 0.0100000000000000
mod: 10
pmod: 10
optimize: 1
verbose: 1
snapshot: 0
display: 1
explore: 1
npt: 1
nptxy: 0
nptdxdy: 0
shape: 0
seed: 1110229
58.028734587814 20.414222689647 0.000000000000 1.000000000000
-4.095025272877 5.466775850970 0.866025403784 0.500000000000
55.588025983935 -22.090833728585 0.866025403784 -0.500000000000
-109.751256401682 -87.567746148204 0.000000000000 1.000000000000
45.934884487167 102.016735725112 0.866025403784 0.500000000000
-85.718596919545 -100.116760600214 0.866025403784 -0.500000000000
33.594952680903 -1.163122312600 0.866025403784 -0.500000000000
-73.846418535457 -76.547473829159 0.866025403784 0.500000000000
125.037350722094 -4.710274343357 0.866025403784 -0.500000000000
-6.749622375905 -39.789009466264 0.866025403784 -0.500000000000
-29.487062001124 39.714152006072 0.866025403784 0.500000000000
72.523635751961 31.637608129264 0.866025403784 -0.500000000000
-22.082379350351 -70.554736373815 0.866025403784 0.500000000000
-95.556920464341 -98.277836229294 0.866025403784 -0.500000000000
-39.465347286823 14.477614104104 0.000000000000 1.000000000000
-3.004056106095 -26.715461292785 0.866025403784 -0.500000000000
11.754092855599 32.406485747035 0.000000000000 1.000000000000
77.007571271729 10.013832781767 0.866025403784 0.500000000000
131.840723943762 -56.646986024356 0.866025403784 0.500000000000
-34.187541393490 170.139150012773 0.000000000000 1.000000000000
