#Configurational_file created 2018-09-14 12:01:46  started 2018-09-14 12:01:45 run for 1.0s steps 0
name: p_977
step: 10000
specie: 20
	particle_diameter: 1.0000000000000000
	interaction_length: 1.2000000000000000
	number_of_patches: 3
	number_of_particles_per_compound: 1
	rod_length: 1.0000000000000000
	interaction_matrix:  1.000000 1.000000 1.000000 1.000000 1.000000 1.000000 1.000000 1.000000 1.000000
	patch_type: symmetric
	patch_width: 8.0000000000000000
	patch_angle: 0.0000000000000000
	angles:  0.000000 0.000000 0.000000
	grand_canonical: 0
	chemical_potential: 0.0000000000000000
box: 50.627525 50.627525
copy: 1.000000 1.000000
epsilon: 0.0291670000000000
end_epsilon: 0.0000000000000000
pressure: 0.0041680000000000
lambda: 0.0000000000000000
lambda_coupling: 1.0000000000000000
uy: 0.0000000000000000
maximum_displacement: 1.0000000000000000
maximum_rotation: 1.0000000000000000
maximum_volume: 1.0000000000000000
maximum_shape: 0.0000001000000000
maximum_dsigma: 0.0100000000000000
mod: 10
pmod: 10
optimize: 1
verbose: 1
snapshot: 0
display: 1
explore: 1
npt: 1
nptxy: 0
nptdxdy: 0
shape: 0
seed: 1113640
91.429196235252 88.707247088223 0.866025403784 -0.500000000000
63.987695889680 -72.735722071269 0.866025403784 0.500000000000
-73.733333076210 71.506503401288 0.866025403784 0.500000000000
-83.099516003532 199.578768514920 0.866025403784 -0.500000000000
-232.973307502666 220.191442545596 0.866025403784 0.500000000000
-1.697538717426 -26.006513017377 0.000000000000 1.000000000000
-112.987729662407 219.552814747025 0.866025403784 -0.500000000000
373.153292698934 -273.863890253974 0.866025403784 0.500000000000
-72.028051028160 -146.466994313708 0.000000000000 1.000000000000
-14.668681159064 9.022877298814 0.866025403784 0.500000000000
-42.286957683482 248.655737863179 0.866025403784 0.500000000000
-252.364994008332 199.368895341337 0.866025403784 0.500000000000
28.616843754175 180.668930717334 0.000000000000 1.000000000000
444.552065545297 80.522125488727 0.000000000000 1.000000000000
-88.827492510840 206.272392102202 0.000000000000 1.000000000000
354.817868431923 -17.507015584382 0.866025403784 0.500000000000
304.089371691603 240.685789637434 0.000000000000 1.000000000000
-141.887216848262 11.885556369686 0.866025403784 -0.500000000000
8.781840077969 -369.939031732902 0.866025403784 -0.500000000000
443.481049271249 136.499198708246 0.866025403784 -0.500000000000
