#Configurational_file created 2018-09-14 11:34:06  started 2018-09-14 11:34:05 run for 1.0s steps 0
name: p_971
step: 10000
specie: 20
	particle_diameter: 1.0000000000000000
	interaction_length: 1.2000000000000000
	number_of_patches: 3
	number_of_particles_per_compound: 1
	rod_length: 1.0000000000000000
	interaction_matrix:  1.000000 1.000000 1.000000 1.000000 1.000000 1.000000 1.000000 1.000000 1.000000
	patch_type: symmetric
	patch_width: 8.0000000000000000
	patch_angle: 0.0000000000000000
	angles:  0.000000 0.000000 0.000000
	grand_canonical: 0
	chemical_potential: 0.0000000000000000
box: 8.953989 8.953989
copy: 1.000000 1.000000
epsilon: 0.2708790000000000
end_epsilon: 0.0000000000000000
pressure: 1.6666829999999999
lambda: 0.0000000000000000
lambda_coupling: 1.0000000000000000
uy: 0.0000000000000000
maximum_displacement: 1.0000000000000000
maximum_rotation: 1.0000000000000000
maximum_volume: 0.8960144674612620
maximum_shape: 0.0000001000000000
maximum_dsigma: 0.0100000000000000
mod: 10
pmod: 10
optimize: 1
verbose: 1
snapshot: 0
display: 1
explore: 1
npt: 1
nptxy: 0
nptdxdy: 0
shape: 0
seed: 1106818
-59.147778109622 -88.857841331411 0.866025403784 -0.500000000000
-100.527459195819 -67.669685453323 0.866025403784 -0.500000000000
1.483463452745 60.012650745847 0.866025403784 0.500000000000
-16.973600011825 97.060617845398 0.866025403784 0.500000000000
-125.361019123181 91.455077419576 0.866025403784 -0.500000000000
-153.191474164948 117.575843262123 0.866025403784 0.500000000000
-81.134818054071 94.662628478350 0.866025403784 -0.500000000000
2.576849422945 11.362350525480 0.866025403784 -0.500000000000
-38.367147299066 100.964581270793 0.866025403784 0.500000000000
-13.449749514098 16.675202967676 0.000000000000 1.000000000000
27.891972008114 -123.498658083649 0.866025403784 0.500000000000
16.912713313979 4.310981660997 0.866025403784 0.500000000000
14.143313191140 -47.610920269808 0.866025403784 0.500000000000
80.399865845378 22.013151488332 0.000000000000 1.000000000000
5.249112549287 -213.172355621103 0.866025403784 -0.500000000000
-25.110172531725 26.209448900421 0.866025403784 -0.500000000000
71.009556221781 119.737328705100 0.866025403784 0.500000000000
48.780944411831 70.881168265911 0.866025403784 -0.500000000000
50.577294154336 48.497790572694 0.866025403784 0.500000000000
39.499694755904 21.813413235908 0.866025403784 0.500000000000
