#Configurational_file created 2018-09-14 13:57:29  started 2018-09-14 13:57:28 run for 1.0s steps 0
name: p_976
step: 10000
specie: 20
	particle_diameter: 1.0000000000000000
	interaction_length: 1.2000000000000000
	number_of_patches: 3
	number_of_particles_per_compound: 1
	rod_length: 1.0000000000000000
	interaction_matrix:  1.000000 1.000000 1.000000 1.000000 1.000000 1.000000 1.000000 1.000000 1.000000
	patch_type: symmetric
	patch_width: 8.0000000000000000
	patch_angle: 0.0000000000000000
	angles:  0.000000 0.000000 0.000000
	grand_canonical: 0
	chemical_potential: 0.0000000000000000
box: 20.635804 20.635804
copy: 1.000000 1.000000
epsilon: 0.1379320000000000
end_epsilon: 0.0000000000000000
pressure: 0.2586210000000000
lambda: 0.0000000000000000
lambda_coupling: 1.0000000000000000
uy: 0.0000000000000000
maximum_displacement: 1.0000000000000000
maximum_rotation: 1.0000000000000000
maximum_volume: 1.0000000000000000
maximum_shape: 0.0000001000000000
maximum_dsigma: 0.0100000000000000
mod: 10
pmod: 10
optimize: 1
verbose: 1
snapshot: 0
display: 1
explore: 1
npt: 1
nptxy: 0
nptdxdy: 0
shape: 0
seed: 1112503
-173.064729753219 116.350097665477 0.000000000000 1.000000000000
-83.631621575422 -25.448092632852 0.000000000000 1.000000000000
-67.556509368044 129.099717992577 0.866025403784 0.500000000000
51.216926443156 126.378222903693 0.866025403784 0.500000000000
206.565527711905 -115.072987464423 0.866025403784 -0.500000000000
50.213311440028 168.158762303008 0.866025403784 0.500000000000
-28.375409386271 62.165413165040 0.866025403784 -0.500000000000
-72.389538670490 12.361310757249 0.866025403784 -0.500000000000
-76.713414835452 -28.565301602713 0.866025403784 -0.500000000000
115.717491725531 64.945483137161 0.000000000000 1.000000000000
-171.124570372813 -102.887075319303 0.866025403784 -0.500000000000
115.882826559483 9.396602757573 0.866025403784 -0.500000000000
-177.838654148342 -59.718590839114 0.866025403784 -0.500000000000
48.318812283920 46.226489679062 0.000000000000 1.000000000000
98.056033112335 -173.148537136655 0.866025403784 -0.500000000000
-1.597094084898 -81.795592614444 0.866025403784 -0.500000000000
85.196437312353 187.655145712566 0.866025403784 -0.500000000000
22.527648637742 -53.262716891130 0.866025403784 -0.500000000000
106.093626630664 118.041599144466 0.000000000000 1.000000000000
-135.238153244717 -197.002112877351 0.000000000000 1.000000000000
