#Configurational_file created 2018-09-14 12:01:43  started 2018-09-14 12:01:42 run for 1.0s steps 0
name: p_973
step: 10000
specie: 20
	particle_diameter: 1.0000000000000000
	interaction_length: 1.2000000000000000
	number_of_patches: 3
	number_of_particles_per_compound: 1
	rod_length: 1.0000000000000000
	interaction_matrix:  1.000000 1.000000 1.000000 1.000000 1.000000 1.000000 1.000000 1.000000 1.000000
	patch_type: symmetric
	patch_width: 8.0000000000000000
	patch_angle: 0.0000000000000000
	angles:  0.000000 0.000000 0.000000
	grand_canonical: 0
	chemical_potential: 0.0000000000000000
box: 40.440926 40.440926
copy: 1.000000 1.000000
epsilon: 0.0270840000000000
end_epsilon: 0.0000000000000000
pressure: 0.0916670000000000
lambda: 0.0000000000000000
lambda_coupling: 1.0000000000000000
uy: 0.0000000000000000
maximum_displacement: 1.0000000000000000
maximum_rotation: 1.0000000000000000
maximum_volume: 1.0000000000000000
maximum_shape: 0.0000001000000000
maximum_dsigma: 0.0100000000000000
mod: 10
pmod: 10
optimize: 1
verbose: 1
snapshot: 0
display: 1
explore: 1
npt: 1
nptxy: 0
nptdxdy: 0
shape: 0
seed: 1109092
-176.962449391715 -313.967080248825 0.866025403784 -0.500000000000
-100.747858853855 107.497723774355 0.866025403784 -0.500000000000
-121.479959477931 -106.916030030719 0.866025403784 -0.500000000000
-112.362320597095 11.079615249888 0.866025403784 0.500000000000
111.742876577109 98.149336072060 0.866025403784 0.500000000000
171.311001560447 72.521870619535 0.866025403784 -0.500000000000
-45.354532039925 188.447876062860 0.000000000000 1.000000000000
31.479086883696 263.545330546150 0.000000000000 1.000000000000
88.421542880801 318.998906208913 0.000000000000 1.000000000000
0.876615212525 92.843936403579 0.866025403784 -0.500000000000
-15.482966104517 -58.978283581251 0.866025403784 -0.500000000000
48.316181326569 -102.500989804031 0.866025403784 -0.500000000000
-24.077418528762 135.668190283436 0.866025403784 0.500000000000
161.978594639126 -99.904775092142 0.866025403784 0.500000000000
-98.724197515685 -211.389654114317 0.866025403784 -0.500000000000
-141.605370768778 324.316537138260 0.000000000000 1.000000000000
95.180198018832 -85.059523802549 0.866025403784 0.500000000000
-28.915623384043 156.672680985701 0.866025403784 -0.500000000000
73.725446647042 124.809335032064 0.866025403784 0.500000000000
81.151674407134 138.164051280137 0.000000000000 1.000000000000
