#Configurational_file created 2018-09-14 13:57:27  started 2018-09-14 13:57:26 run for 1.0s steps 0
name: p_973
step: 10000
specie: 20
	particle_diameter: 1.0000000000000000
	interaction_length: 1.2000000000000000
	number_of_patches: 3
	number_of_particles_per_compound: 1
	rod_length: 1.0000000000000000
	interaction_matrix:  1.000000 1.000000 1.000000 1.000000 1.000000 1.000000 1.000000 1.000000 1.000000
	patch_type: symmetric
	patch_width: 8.0000000000000000
	patch_angle: 0.0000000000000000
	angles:  0.000000 0.000000 0.000000
	grand_canonical: 0
	chemical_potential: 0.0000000000000000
box: 27.498923 27.498923
copy: 1.000000 1.000000
epsilon: 0.1379320000000000
end_epsilon: 0.0000000000000000
pressure: 0.2068970000000000
lambda: 0.0000000000000000
lambda_coupling: 1.0000000000000000
uy: 0.0000000000000000
maximum_displacement: 1.0000000000000000
maximum_rotation: 1.0000000000000000
maximum_volume: 1.0000000000000000
maximum_shape: 0.0000001000000000
maximum_dsigma: 0.0100000000000000
mod: 10
pmod: 10
optimize: 1
verbose: 1
snapshot: 0
display: 1
explore: 1
npt: 1
nptxy: 0
nptdxdy: 0
shape: 0
seed: 1109092
84.743186001542 4.928950333216 0.866025403784 -0.500000000000
-143.631828638123 32.066431877447 0.000000000000 1.000000000000
-102.717241885417 103.921930723151 0.000000000000 1.000000000000
-179.843982052728 48.151085217187 0.000000000000 1.000000000000
132.944482855719 76.900175027883 0.000000000000 1.000000000000
44.896744011395 163.064388711488 0.000000000000 1.000000000000
-105.367621649770 203.137136525850 0.000000000000 1.000000000000
-87.716013393562 -12.692234142389 0.000000000000 1.000000000000
-40.139736698718 273.256119877470 0.000000000000 1.000000000000
-154.623178499327 106.973924508376 0.866025403784 0.500000000000
-77.962281628312 -157.426604444103 0.866025403784 -0.500000000000
-20.751253209581 -36.529110727360 0.866025403784 -0.500000000000
100.707866302997 22.683375879769 0.000000000000 1.000000000000
-102.294069902627 286.965368381713 0.000000000000 1.000000000000
-112.040055112647 -52.295595909853 0.000000000000 1.000000000000
-99.983020686081 145.424394733270 0.000000000000 1.000000000000
-15.252441633432 -135.674900003218 0.000000000000 1.000000000000
-192.830249643415 36.131624971361 0.866025403784 -0.500000000000
-121.997678687605 46.123308634937 0.866025403784 0.500000000000
-149.678311271446 -164.486107943233 0.000000000000 1.000000000000
