#Configurational_file created 2018-09-14 12:01:53  started 2018-09-14 12:01:53 run for 0.0s steps 0
name: p_987
step: 10000
specie: 20
	particle_diameter: 1.0000000000000000
	interaction_length: 1.2000000000000000
	number_of_patches: 3
	number_of_particles_per_compound: 1
	rod_length: 1.0000000000000000
	interaction_matrix:  1.000000 1.000000 1.000000 1.000000 1.000000 1.000000 1.000000 1.000000 1.000000
	patch_type: symmetric
	patch_width: 8.0000000000000000
	patch_angle: 0.0000000000000000
	angles:  0.000000 0.000000 0.000000
	grand_canonical: 0
	chemical_potential: 0.0000000000000000
box: 55.369417 55.369417
copy: 1.000000 1.000000
epsilon: 0.0291670000000000
end_epsilon: 0.0000000000000000
pressure: 0.0458340000000000
lambda: 0.0000000000000000
lambda_coupling: 1.0000000000000000
uy: 0.0000000000000000
maximum_displacement: 1.0000000000000000
maximum_rotation: 1.0000000000000000
maximum_volume: 1.0000000000000000
maximum_shape: 0.0000001000000000
maximum_dsigma: 0.0100000000000000
mod: 10
pmod: 10
optimize: 1
verbose: 1
snapshot: 0
display: 1
explore: 1
npt: 1
nptxy: 0
nptdxdy: 0
shape: 0
seed: 1125010
406.997952203183 446.598875224526 0.866025403784 -0.500000000000
-348.381266067457 70.768728877084 0.866025403784 -0.500000000000
303.286006833987 63.211604738980 0.866025403784 0.500000000000
3.735711730133 420.725098989778 0.866025403784 0.500000000000
65.676591358892 -306.409191764194 0.866025403784 -0.500000000000
428.825933229119 121.197401086381 0.866025403784 -0.500000000000
24.044641371728 46.854636243310 0.866025403784 0.500000000000
-279.130886250224 137.083181160711 0.866025403784 0.500000000000
-185.388369390707 -308.275457362453 0.866025403784 -0.500000000000
21.179058366548 -8.039118224153 0.866025403784 0.500000000000
90.101463303800 19.110642419337 0.000000000000 1.000000000000
-360.453348838016 -108.138185127173 0.866025403784 0.500000000000
430.708233866242 58.418672412730 0.866025403784 -0.500000000000
-28.676482344041 -121.630046315151 0.866025403784 0.500000000000
-130.496340088606 168.038118520827 0.866025403784 -0.500000000000
271.155592436656 136.539191982863 0.866025403784 0.500000000000
46.265565680101 345.086834362513 0.866025403784 -0.500000000000
-57.714113820584 -236.565974550774 0.000000000000 1.000000000000
259.730116274835 -124.288657692262 0.866025403784 -0.500000000000
-74.409665757226 -72.844973886986 0.000000000000 1.000000000000
