#Configurational_file created 2018-09-14 12:20:36  started 2018-09-14 12:20:35 run for 1.0s steps 0
name: p_98
step: 10000
specie: 20
	particle_diameter: 1.0000000000000000
	interaction_length: 1.2000000000000000
	number_of_patches: 3
	number_of_particles_per_compound: 1
	rod_length: 1.0000000000000000
	interaction_matrix:  1.000000 1.000000 1.000000 1.000000 1.000000 1.000000 1.000000 1.000000 1.000000
	patch_type: symmetric
	patch_width: 8.0000000000000000
	patch_angle: 0.0000000000000000
	angles:  0.000000 0.000000 0.000000
	grand_canonical: 0
	chemical_potential: 0.0000000000000000
box: 12.547015 12.547015
copy: 1.000000 1.000000
epsilon: 1.9166669999999999
end_epsilon: 0.0000000000000000
pressure: 0.1000000000000000
lambda: 0.0000000000000000
lambda_coupling: 1.0000000000000000
uy: 0.0000000000000000
maximum_displacement: 1.0000000000000000
maximum_rotation: 1.0000000000000000
maximum_volume: 1.0000000000000000
maximum_shape: 0.0000001000000000
maximum_dsigma: 0.0100000000000000
mod: 10
pmod: 10
optimize: 1
verbose: 1
snapshot: 0
display: 1
explore: 1
npt: 1
nptxy: 0
nptdxdy: 0
shape: 0
seed: 114217
20.186501326540 -72.515536111115 0.866025403784 0.500000000000
-35.041949556731 -37.325433890719 0.000000000000 1.000000000000
117.107555587954 63.613633435808 0.000000000000 1.000000000000
13.411187512961 -36.155450611319 0.866025403784 0.500000000000
75.505101045941 33.302584961660 0.866025403784 0.500000000000
91.572588565168 84.642737129074 0.866025403784 -0.500000000000
-36.983570138475 -144.721137928618 0.866025403784 0.500000000000
-175.225490312229 62.672929819783 0.000000000000 1.000000000000
-79.630171885455 -26.516965191675 0.000000000000 1.000000000000
84.085812635756 -55.548852261367 0.000000000000 1.000000000000
7.696404620594 73.161013773271 0.866025403784 0.500000000000
19.339984071487 -69.364338026022 0.866025403784 -0.500000000000
39.282858499123 52.268855450745 0.000000000000 1.000000000000
-69.119487895931 -32.438735327951 0.866025403784 0.500000000000
-7.365959317413 74.325925252278 0.866025403784 -0.500000000000
-32.367340296722 147.089180096893 0.866025403784 -0.500000000000
18.607155025676 74.813046327849 0.866025403784 -0.500000000000
68.036914369620 -14.740391987552 0.866025403784 -0.500000000000
76.037279203755 109.529531649595 0.000000000000 1.000000000000
149.987666432152 -135.830854691240 0.866025403784 0.500000000000
