#Configurational_file created 2018-09-14 11:34:13  started 2018-09-14 11:34:12 run for 1.0s steps 0
name: p_980
step: 10000
specie: 20
	particle_diameter: 1.0000000000000000
	interaction_length: 1.2000000000000000
	number_of_patches: 3
	number_of_particles_per_compound: 1
	rod_length: 1.0000000000000000
	interaction_matrix:  1.000000 1.000000 1.000000 1.000000 1.000000 1.000000 1.000000 1.000000 1.000000
	patch_type: symmetric
	patch_width: 8.0000000000000000
	patch_angle: 0.0000000000000000
	angles:  0.000000 0.000000 0.000000
	grand_canonical: 0
	chemical_potential: 0.0000000000000000
box: 12.784671 12.784671
copy: 1.000000 1.000000
epsilon: 0.2917080000000000
end_epsilon: 0.0000000000000000
pressure: 0.3334170000000000
lambda: 0.0000000000000000
lambda_coupling: 1.0000000000000000
uy: 0.0000000000000000
maximum_displacement: 1.0000000000000000
maximum_rotation: 1.0000000000000000
maximum_volume: 1.0000000000000000
maximum_shape: 0.0000001000000000
maximum_dsigma: 0.0100000000000000
mod: 10
pmod: 10
optimize: 1
verbose: 1
snapshot: 0
display: 1
explore: 1
npt: 1
nptxy: 0
nptdxdy: 0
shape: 0
seed: 1117051
104.162972727831 14.403432560302 0.866025403784 -0.500000000000
22.911709891547 -150.760684334523 0.866025403784 0.500000000000
43.587416440751 -27.665684602330 0.866025403784 0.500000000000
178.015620503428 174.410880371666 0.866025403784 -0.500000000000
30.310482359770 224.331522117833 0.000000000000 1.000000000000
89.992493329777 4.705933889668 0.866025403784 -0.500000000000
-9.044559021290 47.477078860492 0.866025403784 0.500000000000
23.086152263705 44.146253784149 0.000000000000 1.000000000000
5.228642649580 -153.300247111345 0.866025403784 0.500000000000
52.704230845079 98.870015177924 0.000000000000 1.000000000000
-95.511010139963 -34.359577816835 0.000000000000 1.000000000000
-103.195396790571 35.772427012598 0.000000000000 1.000000000000
247.764782805951 59.843116193266 0.000000000000 1.000000000000
97.151613388178 65.571023318440 0.000000000000 1.000000000000
73.241077323269 -3.626468255342 0.866025403784 0.500000000000
-64.365169517275 16.558642740397 0.866025403784 -0.500000000000
76.657330849436 100.189183978991 0.866025403784 -0.500000000000
-39.040269000713 -87.747594987825 0.000000000000 1.000000000000
-89.045804154805 33.330297238925 0.866025403784 -0.500000000000
-47.117208239650 13.694792441163 0.866025403784 0.500000000000
