#Configurational_file created 2018-09-14 12:01:53  started 2018-09-14 12:01:52 run for 1.0s steps 0
name: p_986
step: 10000
specie: 20
	particle_diameter: 1.0000000000000000
	interaction_length: 1.2000000000000000
	number_of_patches: 3
	number_of_particles_per_compound: 1
	rod_length: 1.0000000000000000
	interaction_matrix:  1.000000 1.000000 1.000000 1.000000 1.000000 1.000000 1.000000 1.000000 1.000000
	patch_type: symmetric
	patch_width: 8.0000000000000000
	patch_angle: 0.0000000000000000
	angles:  0.000000 0.000000 0.000000
	grand_canonical: 0
	chemical_potential: 0.0000000000000000
box: 47.688069 47.688069
copy: 1.000000 1.000000
epsilon: 0.0291670000000000
end_epsilon: 0.0000000000000000
pressure: 0.0416670000000000
lambda: 0.0000000000000000
lambda_coupling: 1.0000000000000000
uy: 0.0000000000000000
maximum_displacement: 1.0000000000000000
maximum_rotation: 1.0000000000000000
maximum_volume: 1.0000000000000000
maximum_shape: 0.0000001000000000
maximum_dsigma: 0.0100000000000000
mod: 10
pmod: 10
optimize: 1
verbose: 1
snapshot: 0
display: 1
explore: 1
npt: 1
nptxy: 0
nptdxdy: 0
shape: 0
seed: 1123873
-142.391655318904 32.620166643056 0.866025403784 -0.500000000000
-312.452360748448 -55.822047399873 0.866025403784 0.500000000000
37.180380009886 -199.840697716253 0.866025403784 -0.500000000000
48.582119384528 9.613690958149 0.000000000000 1.000000000000
-68.590362344935 31.405059984433 0.000000000000 1.000000000000
300.607679362932 199.997384909644 0.000000000000 1.000000000000
-79.622078506217 -122.530828708916 0.866025403784 0.500000000000
118.412221318154 -52.103802823453 0.866025403784 0.500000000000
-88.038009533658 -303.231802347190 0.000000000000 1.000000000000
-79.487386662698 270.310341251304 0.866025403784 0.500000000000
-193.469186699101 5.862535123514 0.866025403784 0.500000000000
-184.493052883169 103.692650129424 0.866025403784 0.500000000000
123.608726407888 52.590300689091 0.000000000000 1.000000000000
-7.388641582336 257.854432070558 0.866025403784 -0.500000000000
-36.730899673573 251.409758300173 0.866025403784 -0.500000000000
163.898307001093 194.091610950145 0.000000000000 1.000000000000
36.014734607995 20.455176144581 0.866025403784 -0.500000000000
-77.592701541165 404.917238738275 0.866025403784 -0.500000000000
-20.902504190013 110.723861217525 0.000000000000 1.000000000000
-15.903793077362 -117.247776675800 0.866025403784 -0.500000000000
