#Configurational_file created 2018-09-14 13:57:36  started 2018-09-14 13:57:36 run for 0.0s steps 0
name: p_987
step: 10000
specie: 20
	particle_diameter: 1.0000000000000000
	interaction_length: 1.2000000000000000
	number_of_patches: 3
	number_of_particles_per_compound: 1
	rod_length: 1.0000000000000000
	interaction_matrix:  1.000000 1.000000 1.000000 1.000000 1.000000 1.000000 1.000000 1.000000 1.000000
	patch_type: symmetric
	patch_width: 8.0000000000000000
	patch_angle: 0.0000000000000000
	angles:  0.000000 0.000000 0.000000
	grand_canonical: 0
	chemical_potential: 0.0000000000000000
box: 17.962744 17.962744
copy: 1.000000 1.000000
epsilon: 0.1379320000000000
end_epsilon: 0.0000000000000000
pressure: 0.4482760000000000
lambda: 0.0000000000000000
lambda_coupling: 1.0000000000000000
uy: 0.0000000000000000
maximum_displacement: 1.0000000000000000
maximum_rotation: 1.0000000000000000
maximum_volume: 1.0000000000000000
maximum_shape: 0.0000001000000000
maximum_dsigma: 0.0100000000000000
mod: 10
pmod: 10
optimize: 1
verbose: 1
snapshot: 0
display: 1
explore: 1
npt: 1
nptxy: 0
nptdxdy: 0
shape: 0
seed: 1125010
145.053341439883 276.971741172623 0.866025403784 0.500000000000
38.658719842323 71.435175159798 0.866025403784 -0.500000000000
21.109753906494 -94.655066050000 0.000000000000 1.000000000000
8.293304473645 133.757667317151 0.000000000000 1.000000000000
237.102744390584 -36.964359640102 0.000000000000 1.000000000000
7.784353547518 -82.695984786279 0.000000000000 1.000000000000
-13.657415874761 -35.907750015230 0.866025403784 0.500000000000
-11.468936064961 105.534786572207 0.000000000000 1.000000000000
117.003802014724 -138.534662673153 0.000000000000 1.000000000000
29.322199509729 3.648027338034 0.866025403784 -0.500000000000
-99.193763889967 -4.891977338516 0.866025403784 -0.500000000000
133.614478098554 -61.197336908672 0.000000000000 1.000000000000
84.108947876613 56.101926163840 0.866025403784 0.500000000000
-8.628759132184 -0.200615157102 0.866025403784 -0.500000000000
-147.983346592229 33.621328621191 0.000000000000 1.000000000000
156.537433301921 22.155946356083 0.866025403784 -0.500000000000
202.675816342665 152.786535855756 0.866025403784 0.500000000000
47.663349972290 5.960903747306 0.000000000000 1.000000000000
7.714038701313 57.926265507836 0.000000000000 1.000000000000
78.506252820711 29.945336366855 0.000000000000 1.000000000000
