#Configurational_file created 2018-09-14 13:57:36  started 2018-09-14 13:57:35 run for 1.0s steps 0
name: p_986
step: 10000
specie: 20
	particle_diameter: 1.0000000000000000
	interaction_length: 1.2000000000000000
	number_of_patches: 3
	number_of_particles_per_compound: 1
	rod_length: 1.0000000000000000
	interaction_matrix:  1.000000 1.000000 1.000000 1.000000 1.000000 1.000000 1.000000 1.000000 1.000000
	patch_type: symmetric
	patch_width: 8.0000000000000000
	patch_angle: 0.0000000000000000
	angles:  0.000000 0.000000 0.000000
	grand_canonical: 0
	chemical_potential: 0.0000000000000000
box: 17.079166 17.079166
copy: 1.000000 1.000000
epsilon: 0.1379320000000000
end_epsilon: 0.0000000000000000
pressure: 0.4310350000000000
lambda: 0.0000000000000000
lambda_coupling: 1.0000000000000000
uy: 0.0000000000000000
maximum_displacement: 1.0000000000000000
maximum_rotation: 1.0000000000000000
maximum_volume: 1.0000000000000000
maximum_shape: 0.0000001000000000
maximum_dsigma: 0.0100000000000000
mod: 10
pmod: 10
optimize: 1
verbose: 1
snapshot: 0
display: 1
explore: 1
npt: 1
nptxy: 0
nptdxdy: 0
shape: 0
seed: 1123873
-76.581311623832 -48.086819481106 0.866025403784 0.500000000000
20.028337454333 87.351627550035 0.000000000000 1.000000000000
171.229190030621 -18.623291563912 0.000000000000 1.000000000000
100.383847738487 73.670243557564 0.866025403784 0.500000000000
-23.153254788292 129.662800233812 0.000000000000 1.000000000000
41.311853394472 6.375778735757 0.000000000000 1.000000000000
27.571049704378 -107.150341565048 0.866025403784 0.500000000000
79.155006728805 -37.174572320180 0.866025403784 -0.500000000000
66.237760944035 -145.488925417481 0.866025403784 0.500000000000
-20.334701439627 30.842630132336 0.866025403784 0.500000000000
-61.021157731965 -4.941198862530 0.866025403784 0.500000000000
-37.988073862809 2.296994266775 0.866025403784 0.500000000000
10.827887687835 57.886601564412 0.866025403784 0.500000000000
8.135586994312 106.794825352545 0.866025403784 -0.500000000000
53.535137906396 128.075673227793 0.000000000000 1.000000000000
161.252064645770 54.034867357048 0.866025403784 0.500000000000
163.646106895980 -42.005735444740 0.866025403784 -0.500000000000
8.356245912256 127.985889014320 0.866025403784 -0.500000000000
-0.988460666322 54.290358548509 0.000000000000 1.000000000000
-160.748363250485 -23.254474689240 0.000000000000 1.000000000000
