#Configurational_file created 2018-09-14 12:01:48  started 2018-09-14 12:01:48 run for 0.0s steps 0
name: p_980
step: 10000
specie: 20
	particle_diameter: 1.0000000000000000
	interaction_length: 1.2000000000000000
	number_of_patches: 3
	number_of_particles_per_compound: 1
	rod_length: 1.0000000000000000
	interaction_matrix:  1.000000 1.000000 1.000000 1.000000 1.000000 1.000000 1.000000 1.000000 1.000000
	patch_type: symmetric
	patch_width: 8.0000000000000000
	patch_angle: 0.0000000000000000
	angles:  0.000000 0.000000 0.000000
	grand_canonical: 0
	chemical_potential: 0.0000000000000000
box: 59.109593 59.109593
copy: 1.000000 1.000000
epsilon: 0.0291670000000000
end_epsilon: 0.0000000000000000
pressure: 0.0166680000000000
lambda: 0.0000000000000000
lambda_coupling: 1.0000000000000000
uy: 0.0000000000000000
maximum_displacement: 1.0000000000000000
maximum_rotation: 1.0000000000000000
maximum_volume: 1.0000000000000000
maximum_shape: 0.0000001000000000
maximum_dsigma: 0.0100000000000000
mod: 10
pmod: 10
optimize: 1
verbose: 1
snapshot: 0
display: 1
explore: 1
npt: 1
nptxy: 0
nptdxdy: 0
shape: 0
seed: 1117051
390.831945610715 -202.615705668484 0.866025403784 0.500000000000
-15.797958891548 167.612257912416 0.000000000000 1.000000000000
135.226782999668 105.658717507254 0.866025403784 0.500000000000
131.525298290890 177.634986924375 0.866025403784 -0.500000000000
55.916354619346 271.214529374864 0.866025403784 0.500000000000
133.185865399656 -32.150116582724 0.866025403784 -0.500000000000
119.649087175638 -91.920141230901 0.866025403784 0.500000000000
69.910666177855 -264.145996570721 0.000000000000 1.000000000000
253.298925007439 -40.849368243324 0.866025403784 0.500000000000
-178.929253133645 308.893158111928 0.866025403784 -0.500000000000
-74.896369253077 -287.783223089688 0.000000000000 1.000000000000
159.614197269260 34.453106873832 0.866025403784 0.500000000000
352.983767250308 212.811375176687 0.866025403784 -0.500000000000
64.903532074982 133.024198225905 0.866025403784 -0.500000000000
-94.681117962987 181.254397320886 0.866025403784 -0.500000000000
406.326446817098 -8.737001015676 0.866025403784 -0.500000000000
71.185080194168 57.273678107048 0.000000000000 1.000000000000
-392.965653219142 73.146451899675 0.000000000000 1.000000000000
-131.153679872240 412.832661049792 0.866025403784 -0.500000000000
186.098172826621 -266.513767557631 0.866025403784 -0.500000000000
