#Configurational_file created 2018-09-14 13:57:32  started 2018-09-14 13:57:32 run for 0.0s steps 0
name: p_981
step: 10000
specie: 20
	particle_diameter: 1.0000000000000000
	interaction_length: 1.2000000000000000
	number_of_patches: 3
	number_of_particles_per_compound: 1
	rod_length: 1.0000000000000000
	interaction_matrix:  1.000000 1.000000 1.000000 1.000000 1.000000 1.000000 1.000000 1.000000 1.000000
	patch_type: symmetric
	patch_width: 8.0000000000000000
	patch_angle: 0.0000000000000000
	angles:  0.000000 0.000000 0.000000
	grand_canonical: 0
	chemical_potential: 0.0000000000000000
box: 20.425715 20.425715
copy: 1.000000 1.000000
epsilon: 0.1379320000000000
end_epsilon: 0.0000000000000000
pressure: 0.3448280000000000
lambda: 0.0000000000000000
lambda_coupling: 1.0000000000000000
uy: 0.0000000000000000
maximum_displacement: 1.0000000000000000
maximum_rotation: 1.0000000000000000
maximum_volume: 1.0000000000000000
maximum_shape: 0.0000001000000000
maximum_dsigma: 0.0100000000000000
mod: 10
pmod: 10
optimize: 1
verbose: 1
snapshot: 0
display: 1
explore: 1
npt: 1
nptxy: 0
nptdxdy: 0
shape: 0
seed: 1118188
-5.787350723034 -37.917906463861 0.866025403784 0.500000000000
18.612545415337 31.695185276311 0.866025403784 0.500000000000
284.477935689571 148.860061337520 0.000000000000 1.000000000000
-18.746460625269 41.376490867394 0.866025403784 -0.500000000000
-18.929414459677 96.069327828347 0.000000000000 1.000000000000
45.996088796869 -107.136149446386 0.866025403784 -0.500000000000
12.139960863725 52.147250171257 0.866025403784 0.500000000000
182.995017172392 -73.634245073049 0.866025403784 0.500000000000
138.720553230379 -142.843481861724 0.866025403784 -0.500000000000
63.996128091827 -3.729446911918 0.866025403784 -0.500000000000
79.531791381932 -98.525247074037 0.866025403784 0.500000000000
22.316442566223 148.616157070744 0.866025403784 0.500000000000
104.107975397591 -31.338585524016 0.866025403784 0.500000000000
-93.175086830952 -13.862129024570 0.866025403784 -0.500000000000
167.251795674302 4.311572222536 0.000000000000 1.000000000000
42.287472830780 68.421429319692 0.000000000000 1.000000000000
76.013847033108 -56.028816995042 0.866025403784 -0.500000000000
221.336335545591 101.770069077889 0.866025403784 -0.500000000000
42.198480718466 -85.218925205610 0.000000000000 1.000000000000
170.388406097246 -184.877043368899 0.000000000000 1.000000000000
