#Configurational_file created 2018-09-14 11:34:19  started 2018-09-14 11:34:18 run for 1.0s steps 0
name: p_988
step: 10000
specie: 20
	particle_diameter: 1.0000000000000000
	interaction_length: 1.2000000000000000
	number_of_patches: 3
	number_of_particles_per_compound: 1
	rod_length: 1.0000000000000000
	interaction_matrix:  1.000000 1.000000 1.000000 1.000000 1.000000 1.000000 1.000000 1.000000 1.000000
	patch_type: symmetric
	patch_width: 8.0000000000000000
	patch_angle: 0.0000000000000000
	angles:  0.000000 0.000000 0.000000
	grand_canonical: 0
	chemical_potential: 0.0000000000000000
box: 10.126879 10.126879
copy: 1.000000 1.000000
epsilon: 0.2917080000000000
end_epsilon: 0.0000000000000000
pressure: 1.0000500000000001
lambda: 0.0000000000000000
lambda_coupling: 1.0000000000000000
uy: 0.0000000000000000
maximum_displacement: 1.0000000000000000
maximum_rotation: 1.0000000000000000
maximum_volume: 1.0000000000000000
maximum_shape: 0.0000001000000000
maximum_dsigma: 0.0100000000000000
mod: 10
pmod: 10
optimize: 1
verbose: 1
snapshot: 0
display: 1
explore: 1
npt: 1
nptxy: 0
nptdxdy: 0
shape: 0
seed: 1126147
-77.694135869065 50.042381702554 0.866025403784 -0.500000000000
-83.082804441407 76.806657071517 0.866025403784 -0.500000000000
134.019049764960 -3.089510995460 0.866025403784 -0.500000000000
-78.615689393492 -115.610001136442 0.000000000000 1.000000000000
-7.346591806061 -195.297556138982 0.000000000000 1.000000000000
81.890605999904 -169.225030331891 0.866025403784 -0.500000000000
-160.301478976145 -7.414678481565 0.000000000000 1.000000000000
-32.347210827548 71.594915933592 0.866025403784 0.500000000000
15.345811741228 96.297882828519 0.000000000000 1.000000000000
-96.200229809221 -0.915634568954 0.866025403784 -0.500000000000
196.256728961222 33.879374149733 0.866025403784 0.500000000000
-94.738012201720 7.355418788240 0.000000000000 1.000000000000
-40.199178037337 4.269257963149 0.866025403784 0.500000000000
-135.523996577434 -28.970362803303 0.000000000000 1.000000000000
-136.822788168146 73.675613708118 0.000000000000 1.000000000000
140.867471429703 -32.159463848986 0.866025403784 -0.500000000000
-18.335191037815 55.205133243859 0.866025403784 -0.500000000000
5.027515614722 -103.588977304163 0.866025403784 -0.500000000000
111.065665647733 19.839379863953 0.866025403784 0.500000000000
-51.592278310504 56.245528654156 0.000000000000 1.000000000000
