#Configurational_file created 2018-09-14 11:34:20  started 2018-09-14 11:34:19 run for 1.0s steps 0
name: p_989
step: 10000
specie: 20
	particle_diameter: 1.0000000000000000
	interaction_length: 1.2000000000000000
	number_of_patches: 3
	number_of_particles_per_compound: 1
	rod_length: 1.0000000000000000
	interaction_matrix:  1.000000 1.000000 1.000000 1.000000 1.000000 1.000000 1.000000 1.000000 1.000000
	patch_type: symmetric
	patch_width: 8.0000000000000000
	patch_angle: 0.0000000000000000
	angles:  0.000000 0.000000 0.000000
	grand_canonical: 0
	chemical_potential: 0.0000000000000000
box: 8.798585 8.798585
copy: 1.000000 1.000000
epsilon: 0.2917080000000000
end_epsilon: 0.0000000000000000
pressure: 1.0833790000000001
lambda: 0.0000000000000000
lambda_coupling: 1.0000000000000000
uy: 0.0000000000000000
maximum_displacement: 1.0000000000000000
maximum_rotation: 1.0000000000000000
maximum_volume: 1.0000000000000000
maximum_shape: 0.0000001000000000
maximum_dsigma: 0.0100000000000000
mod: 10
pmod: 10
optimize: 1
verbose: 1
snapshot: 0
display: 1
explore: 1
npt: 1
nptxy: 0
nptdxdy: 0
shape: 0
seed: 1127284
-11.503330935491 10.264285639242 0.866025403784 -0.500000000000
75.068553845396 88.830911870939 0.866025403784 0.500000000000
-104.400654784599 56.539772006848 0.866025403784 -0.500000000000
16.812189979131 69.594251219035 0.866025403784 0.500000000000
91.416896726572 125.057419571827 0.866025403784 0.500000000000
-96.590886737340 -223.246020215845 0.866025403784 -0.500000000000
-5.157140084012 47.161723015755 0.866025403784 0.500000000000
-64.625084966953 -60.750892953540 0.866025403784 0.500000000000
154.079685130143 -24.441124525733 0.866025403784 0.500000000000
-115.376289175288 41.702266179048 0.866025403784 0.500000000000
159.280640702765 -5.861706560241 0.000000000000 1.000000000000
169.765564969650 6.217962499463 0.866025403784 -0.500000000000
13.355942312061 13.819352411412 0.866025403784 0.500000000000
7.175746649701 -35.891919484048 0.866025403784 -0.500000000000
57.232677566272 -27.795561071201 0.000000000000 1.000000000000
16.624626019140 26.980722232765 0.000000000000 1.000000000000
14.815661907794 -28.687865522382 0.866025403784 -0.500000000000
34.395048049650 -101.265125020449 0.866025403784 0.500000000000
-23.444616456854 13.153717279663 0.866025403784 -0.500000000000
-40.442249324861 -98.644220390759 0.000000000000 1.000000000000
