#Configurational_file created 2018-09-14 13:57:35  started 2018-09-14 13:57:34 run for 1.0s steps 0
name: p_985
step: 10000
specie: 20
	particle_diameter: 1.0000000000000000
	interaction_length: 1.2000000000000000
	number_of_patches: 3
	number_of_particles_per_compound: 1
	rod_length: 1.0000000000000000
	interaction_matrix:  1.000000 1.000000 1.000000 1.000000 1.000000 1.000000 1.000000 1.000000 1.000000
	patch_type: symmetric
	patch_width: 8.0000000000000000
	patch_angle: 0.0000000000000000
	angles:  0.000000 0.000000 0.000000
	grand_canonical: 0
	chemical_potential: 0.0000000000000000
box: 22.421247 22.421247
copy: 1.000000 1.000000
epsilon: 0.1379320000000000
end_epsilon: 0.0000000000000000
pressure: 0.4137930000000000
lambda: 0.0000000000000000
lambda_coupling: 1.0000000000000000
uy: 0.0000000000000000
maximum_displacement: 1.0000000000000000
maximum_rotation: 1.0000000000000000
maximum_volume: 1.0000000000000000
maximum_shape: 0.0000001000000000
maximum_dsigma: 0.0100000000000000
mod: 10
pmod: 10
optimize: 1
verbose: 1
snapshot: 0
display: 1
explore: 1
npt: 1
nptxy: 0
nptdxdy: 0
shape: 0
seed: 1122736
-100.881688066093 17.650369635600 0.866025403784 -0.500000000000
-132.464543028150 82.363813507340 0.866025403784 -0.500000000000
-179.315136568542 58.220693641680 0.866025403784 -0.500000000000
-27.846000360576 160.342322352228 0.000000000000 1.000000000000
-0.097127130765 165.516749854060 0.866025403784 0.500000000000
-143.859707758813 69.002874811947 0.866025403784 0.500000000000
-16.988319959441 32.135274710240 0.866025403784 -0.500000000000
-3.844617565797 52.143795948872 0.000000000000 1.000000000000
-47.405726833827 57.736740671701 0.866025403784 0.500000000000
87.054361661165 -212.849047071011 0.866025403784 -0.500000000000
69.894134751580 -200.198722501785 0.000000000000 1.000000000000
-1.667062374954 -69.165167621556 0.866025403784 -0.500000000000
203.818969717366 -128.049455645925 0.866025403784 -0.500000000000
73.304785441733 29.726352999515 0.866025403784 0.500000000000
-97.046536346263 71.033471219094 0.866025403784 -0.500000000000
63.168350045907 69.663143117535 0.000000000000 1.000000000000
49.807745307631 165.751844061915 0.866025403784 -0.500000000000
217.096321464895 17.683034924535 0.866025403784 0.500000000000
71.220007734316 75.176483802692 0.866025403784 0.500000000000
80.811243857719 -219.032877996037 0.866025403784 0.500000000000
