#Configurational_file created 2018-09-14 12:01:50  started 2018-09-14 12:01:50 run for 0.0s steps 0
name: p_983
step: 10000
specie: 20
	particle_diameter: 1.0000000000000000
	interaction_length: 1.2000000000000000
	number_of_patches: 3
	number_of_particles_per_compound: 1
	rod_length: 1.0000000000000000
	interaction_matrix:  1.000000 1.000000 1.000000 1.000000 1.000000 1.000000 1.000000 1.000000 1.000000
	patch_type: symmetric
	patch_width: 8.0000000000000000
	patch_angle: 0.0000000000000000
	angles:  0.000000 0.000000 0.000000
	grand_canonical: 0
	chemical_potential: 0.0000000000000000
box: 43.263672 43.263672
copy: 1.000000 1.000000
epsilon: 0.0291670000000000
end_epsilon: 0.0000000000000000
pressure: 0.0291670000000000
lambda: 0.0000000000000000
lambda_coupling: 1.0000000000000000
uy: 0.0000000000000000
maximum_displacement: 1.0000000000000000
maximum_rotation: 1.0000000000000000
maximum_volume: 1.0000000000000000
maximum_shape: 0.0000001000000000
maximum_dsigma: 0.0100000000000000
mod: 10
pmod: 10
optimize: 1
verbose: 1
snapshot: 0
display: 1
explore: 1
npt: 1
nptxy: 0
nptdxdy: 0
shape: 0
seed: 1120462
133.148712573209 -88.335014689272 0.000000000000 1.000000000000
156.671858966352 140.691796056794 0.000000000000 1.000000000000
-268.766376865493 11.179132422985 0.000000000000 1.000000000000
192.130024639851 -286.683905226240 0.866025403784 0.500000000000
-245.403036617211 -110.375830635865 0.866025403784 -0.500000000000
118.167166721105 -271.088254621626 0.000000000000 1.000000000000
-7.850060047580 134.040653804793 0.866025403784 0.500000000000
146.852201638141 -195.185167413471 0.000000000000 1.000000000000
-60.683807743701 -124.252757949489 0.000000000000 1.000000000000
9.349430194641 132.681994504886 0.866025403784 0.500000000000
-259.735061461919 -102.238533145233 0.000000000000 1.000000000000
20.871608243498 136.327048351887 0.866025403784 -0.500000000000
175.950917520404 -168.089696528366 0.866025403784 0.500000000000
71.579458059074 248.925157863107 0.866025403784 -0.500000000000
120.677693786318 -72.693249415954 0.866025403784 0.500000000000
56.387312095165 -58.845743026602 0.000000000000 1.000000000000
-148.995762970277 210.123828192933 0.000000000000 1.000000000000
-89.097828084342 -102.010674298980 0.000000000000 1.000000000000
36.006471583197 49.356845252574 0.000000000000 1.000000000000
-176.858344519506 -130.116662666068 0.866025403784 -0.500000000000
