#Configurational_file created 2018-09-14 11:34:15  started 2018-09-14 11:34:15 run for 0.0s steps 0
name: p_983
step: 10000
specie: 20
	particle_diameter: 1.0000000000000000
	interaction_length: 1.2000000000000000
	number_of_patches: 3
	number_of_particles_per_compound: 1
	rod_length: 1.0000000000000000
	interaction_matrix:  1.000000 1.000000 1.000000 1.000000 1.000000 1.000000 1.000000 1.000000 1.000000
	patch_type: symmetric
	patch_width: 8.0000000000000000
	patch_angle: 0.0000000000000000
	angles:  0.000000 0.000000 0.000000
	grand_canonical: 0
	chemical_potential: 0.0000000000000000
box: 12.546886 12.546886
copy: 1.000000 1.000000
epsilon: 0.2917080000000000
end_epsilon: 0.0000000000000000
pressure: 0.5834040000000000
lambda: 0.0000000000000000
lambda_coupling: 1.0000000000000000
uy: 0.0000000000000000
maximum_displacement: 1.0000000000000000
maximum_rotation: 1.0000000000000000
maximum_volume: 1.0000000000000000
maximum_shape: 0.0000001000000000
maximum_dsigma: 0.0100000000000000
mod: 10
pmod: 10
optimize: 1
verbose: 1
snapshot: 0
display: 1
explore: 1
npt: 1
nptxy: 0
nptdxdy: 0
shape: 0
seed: 1120462
-31.014650612366 -18.468500023115 0.866025403784 -0.500000000000
211.313143944753 19.365500916285 0.000000000000 1.000000000000
9.686861102499 -9.323453752227 0.866025403784 0.500000000000
43.740343346189 83.994184295343 0.866025403784 0.500000000000
-33.874716303584 136.794930627663 0.866025403784 -0.500000000000
95.682046926561 -117.309584016586 0.000000000000 1.000000000000
-46.532672285353 82.092294299841 0.866025403784 0.500000000000
48.579236951770 73.556316488166 0.866025403784 0.500000000000
-0.325721723750 14.044779087040 0.000000000000 1.000000000000
-1.782095891879 78.215891347216 0.000000000000 1.000000000000
26.754261405743 46.613406888927 0.866025403784 0.500000000000
-9.590136332740 155.825715157687 0.000000000000 1.000000000000
-120.282869755915 55.695308866463 0.866025403784 0.500000000000
15.887139586809 -116.215930409419 0.866025403784 0.500000000000
-54.762257020384 -69.670467161434 0.866025403784 -0.500000000000
24.302806094510 -80.267204681958 0.866025403784 -0.500000000000
144.350989559679 180.956445506310 0.866025403784 -0.500000000000
47.391394466903 -207.072057167027 0.866025403784 0.500000000000
147.527636510127 59.006788841039 0.866025403784 -0.500000000000
102.732124093700 -97.172367224403 0.866025403784 0.500000000000
