#Configurational_file created 2018-09-14 11:34:15  started 2018-09-14 11:34:14 run for 1.0s steps 0
name: p_982
step: 10000
specie: 20
	particle_diameter: 1.0000000000000000
	interaction_length: 1.2000000000000000
	number_of_patches: 3
	number_of_particles_per_compound: 1
	rod_length: 1.0000000000000000
	interaction_matrix:  1.000000 1.000000 1.000000 1.000000 1.000000 1.000000 1.000000 1.000000 1.000000
	patch_type: symmetric
	patch_width: 8.0000000000000000
	patch_angle: 0.0000000000000000
	angles:  0.000000 0.000000 0.000000
	grand_canonical: 0
	chemical_potential: 0.0000000000000000
box: 12.318303 12.318303
copy: 1.000000 1.000000
epsilon: 0.2917080000000000
end_epsilon: 0.0000000000000000
pressure: 0.5000750000000000
lambda: 0.0000000000000000
lambda_coupling: 1.0000000000000000
uy: 0.0000000000000000
maximum_displacement: 1.0000000000000000
maximum_rotation: 1.0000000000000000
maximum_volume: 1.0000000000000000
maximum_shape: 0.0000001000000000
maximum_dsigma: 0.0100000000000000
mod: 10
pmod: 10
optimize: 1
verbose: 1
snapshot: 0
display: 1
explore: 1
npt: 1
nptxy: 0
nptdxdy: 0
shape: 0
seed: 1119325
8.358501474876 50.876643164173 0.000000000000 1.000000000000
90.671627342560 -20.179599082174 0.000000000000 1.000000000000
122.200547995647 -63.405371863030 0.000000000000 1.000000000000
48.664617411327 -8.404415793616 0.866025403784 0.500000000000
-59.781546627394 98.705031791202 0.866025403784 -0.500000000000
45.213765793348 129.158428238466 0.866025403784 0.500000000000
23.512013951271 -7.594329735658 0.866025403784 -0.500000000000
-33.086477744915 67.824305099128 0.866025403784 -0.500000000000
-30.627542578705 43.335474390293 0.866025403784 0.500000000000
80.410119790452 118.351613375361 0.866025403784 0.500000000000
62.951239794686 151.856821412333 0.866025403784 0.500000000000
-16.926148940999 -98.911257994147 0.000000000000 1.000000000000
8.669624601882 -114.832702499869 0.000000000000 1.000000000000
3.799661550593 108.243730957022 0.000000000000 1.000000000000
49.713016704053 7.295466308783 0.000000000000 1.000000000000
-57.258636560479 -14.024794316020 0.866025403784 -0.500000000000
-103.741335399956 -16.670923288489 0.866025403784 -0.500000000000
6.717795060222 86.310546838308 0.866025403784 0.500000000000
-28.176863719419 76.405767756222 0.866025403784 -0.500000000000
-52.694882002911 -87.845172171822 0.866025403784 0.500000000000
