#Configurational_file created 2018-09-14 13:57:32  started 2018-09-14 13:57:31 run for 1.0s steps 0
name: p_980
step: 10000
specie: 20
	particle_diameter: 1.0000000000000000
	interaction_length: 1.2000000000000000
	number_of_patches: 3
	number_of_particles_per_compound: 1
	rod_length: 1.0000000000000000
	interaction_matrix:  1.000000 1.000000 1.000000 1.000000 1.000000 1.000000 1.000000 1.000000 1.000000
	patch_type: symmetric
	patch_width: 8.0000000000000000
	patch_angle: 0.0000000000000000
	angles:  0.000000 0.000000 0.000000
	grand_canonical: 0
	chemical_potential: 0.0000000000000000
box: 23.165083 23.165083
copy: 1.000000 1.000000
epsilon: 0.1379320000000000
end_epsilon: 0.0000000000000000
pressure: 0.3275870000000000
lambda: 0.0000000000000000
lambda_coupling: 1.0000000000000000
uy: 0.0000000000000000
maximum_displacement: 1.0000000000000000
maximum_rotation: 1.0000000000000000
maximum_volume: 1.0000000000000000
maximum_shape: 0.0000001000000000
maximum_dsigma: 0.0100000000000000
mod: 10
pmod: 10
optimize: 1
verbose: 1
snapshot: 0
display: 1
explore: 1
npt: 1
nptxy: 0
nptdxdy: 0
shape: 0
seed: 1117051
-11.627697250001 -157.352411782170 0.866025403784 0.500000000000
-92.477692927736 -183.422299931066 0.000000000000 1.000000000000
72.180160823059 -58.102562506972 0.866025403784 0.500000000000
42.521640671280 177.525245853850 0.866025403784 -0.500000000000
115.980559911614 206.677847213035 0.866025403784 0.500000000000
-82.477741277661 -59.341808522430 0.866025403784 0.500000000000
-116.801249606974 43.300846765877 0.866025403784 -0.500000000000
98.696337874715 118.663478983860 0.866025403784 -0.500000000000
-8.094127696093 -108.681956856665 0.866025403784 0.500000000000
-41.537131777882 194.197634213046 0.866025403784 -0.500000000000
-65.142847879359 -89.320915992812 0.866025403784 0.500000000000
-17.470576222345 -51.653515909004 0.000000000000 1.000000000000
-14.389348896324 13.823640154094 0.000000000000 1.000000000000
37.443700422668 -31.841771859025 0.866025403784 -0.500000000000
-73.184640681541 202.635290032315 0.866025403784 0.500000000000
283.761069501143 -117.641105519997 0.866025403784 -0.500000000000
123.977602367607 93.410758773104 0.000000000000 1.000000000000
1.642872571119 19.485659294243 0.000000000000 1.000000000000
-106.817301135414 101.876060794804 0.866025403784 -0.500000000000
-101.088919441578 89.414388910725 0.000000000000 1.000000000000
