#Configurational_file created 2018-09-14 11:06:39  started 2018-09-14 11:06:39 run for 0.0s steps 0
name: p_98
step: 10000
specie: 20
	particle_diameter: 1.0000000000000000
	interaction_length: 1.2000000000000000
	number_of_patches: 3
	number_of_particles_per_compound: 1
	rod_length: 1.0000000000000000
	interaction_matrix:  1.000000 1.000000 1.000000 1.000000 1.000000 1.000000 1.000000 1.000000 1.000000
	patch_type: symmetric
	patch_width: 8.0000000000000000
	patch_angle: 0.0000000000000000
	angles:  0.000000 0.000000 0.000000
	grand_canonical: 0
	chemical_potential: 0.0000000000000000
box: 17.622725 17.622725
copy: 1.000000 1.000000
epsilon: 0.2857570000000000
end_epsilon: 0.0000000000000000
pressure: 0.2858000000000000
lambda: 0.0000000000000000
lambda_coupling: 1.0000000000000000
uy: 0.0000000000000000
maximum_displacement: 1.0000000000000000
maximum_rotation: 1.0000000000000000
maximum_volume: 1.0000000000000000
maximum_shape: 0.0000001000000000
maximum_dsigma: 0.0100000000000000
mod: 10
pmod: 10
optimize: 1
verbose: 1
snapshot: 0
display: 1
explore: 1
npt: 1
nptxy: 0
nptdxdy: 0
shape: 0
seed: 114296
-50.521136273393 8.484902052938 0.000000000000 1.000000000000
-164.799720369719 156.188588103034 0.866025403784 0.500000000000
-84.450412444554 71.023701749199 0.866025403784 0.500000000000
-79.138133520469 -27.214635684510 0.866025403784 0.500000000000
-82.438603684965 127.357740162466 0.866025403784 -0.500000000000
-27.587932899352 2.481916516379 0.000000000000 1.000000000000
100.847567854647 142.293546879807 0.000000000000 1.000000000000
-204.887934314262 14.802041409953 0.000000000000 1.000000000000
-61.322164064221 -38.596247747359 0.866025403784 -0.500000000000
156.337425096890 203.924907421310 0.866025403784 0.500000000000
117.552877091203 -103.904770809043 0.866025403784 -0.500000000000
71.535698000180 255.944505295959 0.866025403784 0.500000000000
-168.981849913464 -28.190782325156 0.000000000000 1.000000000000
-3.512757540261 -205.352223492701 0.866025403784 -0.500000000000
-106.681984528851 1.645152849138 0.000000000000 1.000000000000
-8.264695425572 -30.998953053982 0.000000000000 1.000000000000
132.355772347997 -22.677407476756 0.866025403784 -0.500000000000
110.248675860422 -92.091134844692 0.000000000000 1.000000000000
-35.863395691996 -88.732643945341 0.866025403784 0.500000000000
-35.940588979407 -21.646447327588 0.866025403784 0.500000000000
