#Configurational_file created 2018-09-14 13:57:34  started 2018-09-14 13:57:34 run for 0.0s steps 0
name: p_984
step: 10000
specie: 20
	particle_diameter: 1.0000000000000000
	interaction_length: 1.2000000000000000
	number_of_patches: 3
	number_of_particles_per_compound: 1
	rod_length: 1.0000000000000000
	interaction_matrix:  1.000000 1.000000 1.000000 1.000000 1.000000 1.000000 1.000000 1.000000 1.000000
	patch_type: symmetric
	patch_width: 8.0000000000000000
	patch_angle: 0.0000000000000000
	angles:  0.000000 0.000000 0.000000
	grand_canonical: 0
	chemical_potential: 0.0000000000000000
box: 19.613254 19.613254
copy: 1.000000 1.000000
epsilon: 0.1379320000000000
end_epsilon: 0.0000000000000000
pressure: 0.3965520000000000
lambda: 0.0000000000000000
lambda_coupling: 1.0000000000000000
uy: 0.0000000000000000
maximum_displacement: 1.0000000000000000
maximum_rotation: 1.0000000000000000
maximum_volume: 1.0000000000000000
maximum_shape: 0.0000001000000000
maximum_dsigma: 0.0100000000000000
mod: 10
pmod: 10
optimize: 1
verbose: 1
snapshot: 0
display: 1
explore: 1
npt: 1
nptxy: 0
nptdxdy: 0
shape: 0
seed: 1121599
-154.795587310478 202.117016148704 0.866025403784 0.500000000000
-22.930678933720 87.773344928467 0.866025403784 -0.500000000000
-115.052039107319 115.074898413359 0.866025403784 0.500000000000
89.325577048801 67.558348197241 0.000000000000 1.000000000000
32.682702847138 52.437948506579 0.866025403784 0.500000000000
-89.487998224843 -118.635244287098 0.000000000000 1.000000000000
35.951855036432 71.685105199117 0.000000000000 1.000000000000
92.935275191387 -99.776094074372 0.000000000000 1.000000000000
-98.234860318419 142.062805705838 0.866025403784 0.500000000000
109.527097546534 104.699009702185 0.866025403784 -0.500000000000
-64.187000459564 -169.598374261191 0.866025403784 0.500000000000
2.835258100924 74.339188772008 0.866025403784 -0.500000000000
-169.447809954603 216.473260446780 0.866025403784 -0.500000000000
18.034673295558 -150.967481716934 0.000000000000 1.000000000000
-224.167040837308 76.492022164189 0.866025403784 -0.500000000000
-90.079787224567 -67.848350015328 0.000000000000 1.000000000000
141.170488124033 45.236345914742 0.866025403784 0.500000000000
79.193958005141 -1.147149182660 0.000000000000 1.000000000000
40.537655847041 15.245166085598 0.000000000000 1.000000000000
-51.586796634190 43.845204631983 0.866025403784 0.500000000000
