#Configurational_file created 2018-09-14 13:57:34  started 2018-09-14 13:57:33 run for 1.0s steps 0
name: p_983
step: 10000
specie: 20
	particle_diameter: 1.0000000000000000
	interaction_length: 1.2000000000000000
	number_of_patches: 3
	number_of_particles_per_compound: 1
	rod_length: 1.0000000000000000
	interaction_matrix:  1.000000 1.000000 1.000000 1.000000 1.000000 1.000000 1.000000 1.000000 1.000000
	patch_type: symmetric
	patch_width: 8.0000000000000000
	patch_angle: 0.0000000000000000
	angles:  0.000000 0.000000 0.000000
	grand_canonical: 0
	chemical_potential: 0.0000000000000000
box: 20.606719 20.606719
copy: 1.000000 1.000000
epsilon: 0.1379320000000000
end_epsilon: 0.0000000000000000
pressure: 0.3793110000000000
lambda: 0.0000000000000000
lambda_coupling: 1.0000000000000000
uy: 0.0000000000000000
maximum_displacement: 1.0000000000000000
maximum_rotation: 1.0000000000000000
maximum_volume: 1.0000000000000000
maximum_shape: 0.0000001000000000
maximum_dsigma: 0.0100000000000000
mod: 10
pmod: 10
optimize: 1
verbose: 1
snapshot: 0
display: 1
explore: 1
npt: 1
nptxy: 0
nptdxdy: 0
shape: 0
seed: 1120462
-9.623900363818 10.629983515476 0.866025403784 0.500000000000
51.911269221989 48.252789267888 0.000000000000 1.000000000000
-165.273372974965 181.243752823567 0.866025403784 -0.500000000000
134.334959159290 -230.027377735846 0.000000000000 1.000000000000
-3.080362655479 79.894946450059 0.866025403784 0.500000000000
-56.311812652674 14.457272898409 0.000000000000 1.000000000000
46.117249430702 33.151755376274 0.000000000000 1.000000000000
159.511757459285 -145.475588087067 0.866025403784 -0.500000000000
14.450398825314 -55.488109879249 0.866025403784 -0.500000000000
-121.505482639126 192.406854028907 0.000000000000 1.000000000000
-19.688748893079 -78.646686834519 0.000000000000 1.000000000000
-181.733881287191 142.822950765066 0.000000000000 1.000000000000
-16.115378238126 93.446789761416 0.866025403784 -0.500000000000
174.574434316484 -55.944761200849 0.000000000000 1.000000000000
-156.359453322150 137.808099895261 0.000000000000 1.000000000000
-96.838266775577 -36.480939811586 0.000000000000 1.000000000000
112.120272745074 -42.307805403865 0.000000000000 1.000000000000
-2.898453301927 214.905359302627 0.000000000000 1.000000000000
92.011392667729 84.230237051672 0.866025403784 -0.500000000000
-50.773584139844 -100.139917585595 0.000000000000 1.000000000000
