#Configurational_file created 2018-09-14 12:01:50  started 2018-09-14 12:01:49 run for 1.0s steps 0
name: p_982
step: 10000
specie: 20
	particle_diameter: 1.0000000000000000
	interaction_length: 1.2000000000000000
	number_of_patches: 3
	number_of_particles_per_compound: 1
	rod_length: 1.0000000000000000
	interaction_matrix:  1.000000 1.000000 1.000000 1.000000 1.000000 1.000000 1.000000 1.000000 1.000000
	patch_type: symmetric
	patch_width: 8.0000000000000000
	patch_angle: 0.0000000000000000
	angles:  0.000000 0.000000 0.000000
	grand_canonical: 0
	chemical_potential: 0.0000000000000000
box: 52.134868 52.134868
copy: 1.000000 1.000000
epsilon: 0.0291670000000000
end_epsilon: 0.0000000000000000
pressure: 0.0250010000000000
lambda: 0.0000000000000000
lambda_coupling: 1.0000000000000000
uy: 0.0000000000000000
maximum_displacement: 1.0000000000000000
maximum_rotation: 1.0000000000000000
maximum_volume: 1.0000000000000000
maximum_shape: 0.0000001000000000
maximum_dsigma: 0.0100000000000000
mod: 10
pmod: 10
optimize: 1
verbose: 1
snapshot: 0
display: 1
explore: 1
npt: 1
nptxy: 0
nptdxdy: 0
shape: 0
seed: 1119325
64.439064221090 202.406526326265 0.866025403784 0.500000000000
145.428950139087 65.449385163373 0.000000000000 1.000000000000
64.499271986568 -68.973176040098 0.866025403784 0.500000000000
-52.526251331494 139.052138738995 0.866025403784 0.500000000000
-213.481388948831 156.641520360320 0.866025403784 0.500000000000
-53.050506441753 -179.011286612397 0.866025403784 -0.500000000000
123.936323991742 48.645499333404 0.000000000000 1.000000000000
48.028145760900 279.777657754216 0.866025403784 -0.500000000000
-165.616731906036 81.606008621021 0.866025403784 0.500000000000
95.130079618311 362.552584053603 0.866025403784 -0.500000000000
-68.588303002483 -148.188133536730 0.866025403784 -0.500000000000
-10.541294401252 -114.219014314251 0.000000000000 1.000000000000
142.581954787307 -116.643525349761 0.866025403784 -0.500000000000
-142.717740032266 -67.873712447858 0.000000000000 1.000000000000
294.531308498807 218.452946377339 0.866025403784 -0.500000000000
-126.273440691451 -24.015179650395 0.866025403784 -0.500000000000
-50.748950056523 98.896860527431 0.866025403784 0.500000000000
-84.886512550877 81.386546484583 0.866025403784 0.500000000000
322.930169747205 -66.146305678729 0.000000000000 1.000000000000
87.505170966090 -164.123167695218 0.000000000000 1.000000000000
