#Configurational_file created 2018-09-14 12:01:54  started 2018-09-14 12:01:53 run for 1.0s steps 0
name: p_988
step: 10000
specie: 20
	particle_diameter: 1.0000000000000000
	interaction_length: 1.2000000000000000
	number_of_patches: 3
	number_of_particles_per_compound: 1
	rod_length: 1.0000000000000000
	interaction_matrix:  1.000000 1.000000 1.000000 1.000000 1.000000 1.000000 1.000000 1.000000 1.000000
	patch_type: symmetric
	patch_width: 8.0000000000000000
	patch_angle: 0.0000000000000000
	angles:  0.000000 0.000000 0.000000
	grand_canonical: 0
	chemical_potential: 0.0000000000000000
box: 43.849387 43.849387
copy: 1.000000 1.000000
epsilon: 0.0291670000000000
end_epsilon: 0.0000000000000000
pressure: 0.0500010000000000
lambda: 0.0000000000000000
lambda_coupling: 1.0000000000000000
uy: 0.0000000000000000
maximum_displacement: 1.0000000000000000
maximum_rotation: 1.0000000000000000
maximum_volume: 1.0000000000000000
maximum_shape: 0.0000001000000000
maximum_dsigma: 0.0100000000000000
mod: 10
pmod: 10
optimize: 1
verbose: 1
snapshot: 0
display: 1
explore: 1
npt: 1
nptxy: 0
nptdxdy: 0
shape: 0
seed: 1126147
88.642791693334 -179.695440904101 0.866025403784 0.500000000000
-110.994329739593 161.649883160392 0.000000000000 1.000000000000
191.872697007283 331.465018634677 0.866025403784 -0.500000000000
80.981736071171 -7.468594361014 0.000000000000 1.000000000000
128.709311078854 -287.935568181955 0.866025403784 0.500000000000
143.099434671570 178.613574150333 0.866025403784 0.500000000000
-147.797683208755 2.959162777483 0.000000000000 1.000000000000
58.624346723789 79.371185584177 0.866025403784 -0.500000000000
47.003475880729 109.378373702750 0.000000000000 1.000000000000
59.297789092350 274.463674401758 0.866025403784 0.500000000000
-239.988283658227 28.975353426132 0.866025403784 0.500000000000
-425.762069187704 31.096792428903 0.866025403784 0.500000000000
-39.940687952608 33.846296115674 0.866025403784 0.500000000000
-22.561055010471 20.758772481246 0.866025403784 -0.500000000000
144.536536040404 23.038824150800 0.000000000000 1.000000000000
300.392755290218 51.352071178209 0.866025403784 0.500000000000
-0.221098193075 188.737142663280 0.866025403784 -0.500000000000
-236.886869766916 72.171051027277 0.866025403784 -0.500000000000
37.182000014629 -14.221356002490 0.866025403784 0.500000000000
241.131882617544 22.840707710908 0.866025403784 0.500000000000
