#Configurational_file created 2018-09-14 12:01:49  started 2018-09-14 12:01:48 run for 1.0s steps 0
name: p_981
step: 10000
specie: 20
	particle_diameter: 1.0000000000000000
	interaction_length: 1.2000000000000000
	number_of_patches: 3
	number_of_particles_per_compound: 1
	rod_length: 1.0000000000000000
	interaction_matrix:  1.000000 1.000000 1.000000 1.000000 1.000000 1.000000 1.000000 1.000000 1.000000
	patch_type: symmetric
	patch_width: 8.0000000000000000
	patch_angle: 0.0000000000000000
	angles:  0.000000 0.000000 0.000000
	grand_canonical: 0
	chemical_potential: 0.0000000000000000
box: 36.677817 36.677817
copy: 1.000000 1.000000
epsilon: 0.0291670000000000
end_epsilon: 0.0000000000000000
pressure: 0.0208340000000000
lambda: 0.0000000000000000
lambda_coupling: 1.0000000000000000
uy: 0.0000000000000000
maximum_displacement: 1.0000000000000000
maximum_rotation: 1.0000000000000000
maximum_volume: 1.0000000000000000
maximum_shape: 0.0000001000000000
maximum_dsigma: 0.0100000000000000
mod: 10
pmod: 10
optimize: 1
verbose: 1
snapshot: 0
display: 1
explore: 1
npt: 1
nptxy: 0
nptdxdy: 0
shape: 0
seed: 1118188
36.304884383156 -74.157731553666 0.866025403784 -0.500000000000
132.407595601327 153.545258034210 0.866025403784 0.500000000000
-290.928478012672 78.111037638299 0.866025403784 -0.500000000000
121.301079814150 -72.229038945889 0.000000000000 1.000000000000
-120.362046029825 132.113962372581 0.000000000000 1.000000000000
103.682963831689 13.901092030497 0.866025403784 0.500000000000
291.014310424372 81.670051073444 0.866025403784 0.500000000000
301.533796236313 30.746224150937 0.000000000000 1.000000000000
89.346916835334 25.975558138460 0.866025403784 0.500000000000
44.090463897184 -46.306023731113 0.866025403784 -0.500000000000
114.044489376880 -120.542310710823 0.866025403784 -0.500000000000
150.569156634698 -17.302352220068 0.866025403784 0.500000000000
15.661395754937 -40.128370788038 0.000000000000 1.000000000000
-65.131303301486 70.075485289126 0.866025403784 0.500000000000
23.950893668527 321.574976601816 0.000000000000 1.000000000000
100.733241004763 182.009455833713 0.000000000000 1.000000000000
94.419129077799 -212.555351350136 0.866025403784 0.500000000000
-36.699557895884 -25.232910760575 0.866025403784 0.500000000000
180.007229663814 43.152480844478 0.866025403784 -0.500000000000
140.292310619095 89.086016732635 0.000000000000 1.000000000000
