#Configurational_file created 2018-09-14 13:57:37  started 2018-09-14 13:57:36 run for 1.0s steps 0
name: p_988
step: 10000
specie: 20
	particle_diameter: 1.0000000000000000
	interaction_length: 1.2000000000000000
	number_of_patches: 3
	number_of_particles_per_compound: 1
	rod_length: 1.0000000000000000
	interaction_matrix:  1.000000 1.000000 1.000000 1.000000 1.000000 1.000000 1.000000 1.000000 1.000000
	patch_type: symmetric
	patch_width: 8.0000000000000000
	patch_angle: 0.0000000000000000
	angles:  0.000000 0.000000 0.000000
	grand_canonical: 0
	chemical_potential: 0.0000000000000000
box: 18.030065 18.030065
copy: 1.000000 1.000000
epsilon: 0.1379320000000000
end_epsilon: 0.0000000000000000
pressure: 0.4655170000000000
lambda: 0.0000000000000000
lambda_coupling: 1.0000000000000000
uy: 0.0000000000000000
maximum_displacement: 1.0000000000000000
maximum_rotation: 1.0000000000000000
maximum_volume: 1.0000000000000000
maximum_shape: 0.0000001000000000
maximum_dsigma: 0.0100000000000000
mod: 10
pmod: 10
optimize: 1
verbose: 1
snapshot: 0
display: 1
explore: 1
npt: 1
nptxy: 0
nptdxdy: 0
shape: 0
seed: 1126147
-111.595033915257 -30.126351276205 0.866025403784 -0.500000000000
-86.509437944533 -92.186065344581 0.866025403784 -0.500000000000
-12.118345202230 61.294037692827 0.866025403784 0.500000000000
62.897453007188 -213.849656668119 0.000000000000 1.000000000000
-32.616336731772 -13.531090861594 0.000000000000 1.000000000000
60.865045212703 55.045944769654 0.000000000000 1.000000000000
12.298167150961 -78.457488381563 0.866025403784 0.500000000000
-17.280447848897 222.730584084821 0.000000000000 1.000000000000
118.708679647194 -40.956487262307 0.000000000000 1.000000000000
-43.860017701289 82.442545359809 0.866025403784 0.500000000000
-52.137057676129 -45.094354201030 0.000000000000 1.000000000000
-180.943084508169 -60.120642568097 0.000000000000 1.000000000000
69.846083570048 -133.637252569186 0.866025403784 -0.500000000000
-75.763973219580 134.266129941622 0.866025403784 0.500000000000
29.321524403608 -22.217311614433 0.866025403784 -0.500000000000
138.237352685041 70.791092819258 0.866025403784 -0.500000000000
-4.697253839112 -52.404001483994 0.866025403784 -0.500000000000
-197.055229056303 52.671073291637 0.866025403784 0.500000000000
58.186846969626 -3.551683808852 0.000000000000 1.000000000000
-82.121551543303 38.572891798128 0.866025403784 0.500000000000
