#Configurational_file created 2018-09-14 11:34:14  started 2018-09-14 11:34:13 run for 1.0s steps 0
name: p_981
step: 10000
specie: 20
	particle_diameter: 1.0000000000000000
	interaction_length: 1.2000000000000000
	number_of_patches: 3
	number_of_particles_per_compound: 1
	rod_length: 1.0000000000000000
	interaction_matrix:  1.000000 1.000000 1.000000 1.000000 1.000000 1.000000 1.000000 1.000000 1.000000
	patch_type: symmetric
	patch_width: 8.0000000000000000
	patch_angle: 0.0000000000000000
	angles:  0.000000 0.000000 0.000000
	grand_canonical: 0
	chemical_potential: 0.0000000000000000
box: 14.451982 14.451982
copy: 1.000000 1.000000
epsilon: 0.2917080000000000
end_epsilon: 0.0000000000000000
pressure: 0.4167460000000000
lambda: 0.0000000000000000
lambda_coupling: 1.0000000000000000
uy: 0.0000000000000000
maximum_displacement: 1.0000000000000000
maximum_rotation: 1.0000000000000000
maximum_volume: 1.0000000000000000
maximum_shape: 0.0000001000000000
maximum_dsigma: 0.0100000000000000
mod: 10
pmod: 10
optimize: 1
verbose: 1
snapshot: 0
display: 1
explore: 1
npt: 1
nptxy: 0
nptdxdy: 0
shape: 0
seed: 1118188
136.515803939993 131.180476000696 0.866025403784 0.500000000000
58.768626164417 173.838221032814 0.866025403784 0.500000000000
58.573419580677 -21.539921108566 0.000000000000 1.000000000000
-54.632648770095 32.620306200575 0.866025403784 -0.500000000000
-61.119883416407 -7.225822119213 0.000000000000 1.000000000000
34.641207521166 -67.634959368850 0.000000000000 1.000000000000
107.966245454379 167.580050883567 0.866025403784 0.500000000000
233.727314039246 -200.601505709478 0.866025403784 -0.500000000000
255.931594879155 -70.679184282415 0.866025403784 0.500000000000
121.289636641680 -25.866438142012 0.866025403784 0.500000000000
2.680930311897 -123.246526585248 0.866025403784 0.500000000000
76.003312111044 24.538858750116 0.866025403784 -0.500000000000
-87.942183062142 -131.655402123746 0.000000000000 1.000000000000
7.913251693888 -113.088022656773 0.866025403784 -0.500000000000
95.838873266998 106.996100383916 0.866025403784 -0.500000000000
-27.940667388240 254.710664555047 0.000000000000 1.000000000000
168.400982170617 -131.487655549479 0.000000000000 1.000000000000
-29.587529038321 112.668975346716 0.000000000000 1.000000000000
50.320213484282 86.234754490629 0.000000000000 1.000000000000
110.794941674973 67.644818720572 0.866025403784 -0.500000000000
