#Configurational_file created 2018-09-14 11:34:16  started 2018-09-14 11:34:15 run for 1.0s steps 0
name: p_984
step: 10000
specie: 20
	particle_diameter: 1.0000000000000000
	interaction_length: 1.2000000000000000
	number_of_patches: 3
	number_of_particles_per_compound: 1
	rod_length: 1.0000000000000000
	interaction_matrix:  1.000000 1.000000 1.000000 1.000000 1.000000 1.000000 1.000000 1.000000 1.000000
	patch_type: symmetric
	patch_width: 8.0000000000000000
	patch_angle: 0.0000000000000000
	angles:  0.000000 0.000000 0.000000
	grand_canonical: 0
	chemical_potential: 0.0000000000000000
box: 10.245193 10.245193
copy: 1.000000 1.000000
epsilon: 0.2917080000000000
end_epsilon: 0.0000000000000000
pressure: 0.6667330000000000
lambda: 0.0000000000000000
lambda_coupling: 1.0000000000000000
uy: 0.0000000000000000
maximum_displacement: 1.0000000000000000
maximum_rotation: 1.0000000000000000
maximum_volume: 1.0000000000000000
maximum_shape: 0.0000001000000000
maximum_dsigma: 0.0100000000000000
mod: 10
pmod: 10
optimize: 1
verbose: 1
snapshot: 0
display: 1
explore: 1
npt: 1
nptxy: 0
nptdxdy: 0
shape: 0
seed: 1121599
-73.922761085316 40.148165828946 0.866025403784 0.500000000000
41.752645029040 41.751944588863 0.866025403784 0.500000000000
-102.597817428453 -20.368662808940 0.866025403784 0.500000000000
-4.470921647375 -49.094244297089 0.000000000000 1.000000000000
13.131908143960 -41.931321191052 0.866025403784 -0.500000000000
6.350128775441 102.457326873307 0.866025403784 0.500000000000
15.465307742267 -29.529562932034 0.866025403784 0.500000000000
-6.139048197163 39.234229835636 0.866025403784 0.500000000000
-38.581739859965 18.465401328917 0.000000000000 1.000000000000
57.182884789919 45.983155294357 0.000000000000 1.000000000000
-70.299648986582 -53.227060511927 0.866025403784 -0.500000000000
-8.902848153149 84.046218694642 0.866025403784 0.500000000000
-115.262497974845 -35.495267140415 0.866025403784 -0.500000000000
-62.507449317529 -16.376128097239 0.866025403784 0.500000000000
-61.248528134214 -2.281046292637 0.866025403784 0.500000000000
27.445224364847 -34.103023363123 0.866025403784 0.500000000000
-76.089054665710 69.968870569101 0.000000000000 1.000000000000
-80.283174851965 -23.509709497620 0.866025403784 -0.500000000000
-88.346837584885 16.640325370101 0.866025403784 -0.500000000000
-104.387486194101 -115.098767596858 0.866025403784 -0.500000000000
