#Configurational_file created 2018-09-14 11:34:18  started 2018-09-14 11:34:18 run for 0.0s steps 0
name: p_987
step: 10000
specie: 20
	particle_diameter: 1.0000000000000000
	interaction_length: 1.2000000000000000
	number_of_patches: 3
	number_of_particles_per_compound: 1
	rod_length: 1.0000000000000000
	interaction_matrix:  1.000000 1.000000 1.000000 1.000000 1.000000 1.000000 1.000000 1.000000 1.000000
	patch_type: symmetric
	patch_width: 8.0000000000000000
	patch_angle: 0.0000000000000000
	angles:  0.000000 0.000000 0.000000
	grand_canonical: 0
	chemical_potential: 0.0000000000000000
box: 9.271652 9.271652
copy: 1.000000 1.000000
epsilon: 0.2917080000000000
end_epsilon: 0.0000000000000000
pressure: 0.9167210000000000
lambda: 0.0000000000000000
lambda_coupling: 1.0000000000000000
uy: 0.0000000000000000
maximum_displacement: 1.0000000000000000
maximum_rotation: 1.0000000000000000
maximum_volume: 1.0000000000000000
maximum_shape: 0.0000001000000000
maximum_dsigma: 0.0100000000000000
mod: 10
pmod: 10
optimize: 1
verbose: 1
snapshot: 0
display: 1
explore: 1
npt: 1
nptxy: 0
nptdxdy: 0
shape: 0
seed: 1125010
148.471308835283 74.970086797933 0.000000000000 1.000000000000
-98.935741547335 68.185311418098 0.000000000000 1.000000000000
3.666100362636 54.176490523717 0.000000000000 1.000000000000
-58.144997551954 170.346697495350 0.866025403784 0.500000000000
-26.300676337969 32.344789879060 0.866025403784 -0.500000000000
83.857059046316 -49.801893429083 0.866025403784 0.500000000000
67.403330932371 -59.633324434100 0.866025403784 0.500000000000
-7.945229512940 103.865598262597 0.866025403784 0.500000000000
4.734310494811 -4.001854038706 0.866025403784 -0.500000000000
81.740439504515 -38.472083972233 0.866025403784 0.500000000000
-42.416723012994 -51.831948008208 0.866025403784 -0.500000000000
-18.631789919233 73.199505737296 0.866025403784 0.500000000000
-4.227834378676 -14.354196508361 0.000000000000 1.000000000000
30.449450676728 118.653397389576 0.866025403784 -0.500000000000
-86.599681987290 -34.771808261956 0.866025403784 0.500000000000
77.655921419542 0.314548762523 0.866025403784 -0.500000000000
44.753319686436 -35.783951467485 0.866025403784 0.500000000000
38.830622985471 -135.398704812302 0.000000000000 1.000000000000
-2.640247624361 6.019694513945 0.866025403784 -0.500000000000
7.453745231890 4.826795969473 0.866025403784 -0.500000000000
