#Configurational_file created 2018-09-14 12:01:55  started 2018-09-14 12:01:54 run for 1.0s steps 0
name: p_989
step: 10000
specie: 20
	particle_diameter: 1.0000000000000000
	interaction_length: 1.2000000000000000
	number_of_patches: 3
	number_of_particles_per_compound: 1
	rod_length: 1.0000000000000000
	interaction_matrix:  1.000000 1.000000 1.000000 1.000000 1.000000 1.000000 1.000000 1.000000 1.000000
	patch_type: symmetric
	patch_width: 8.0000000000000000
	patch_angle: 0.0000000000000000
	angles:  0.000000 0.000000 0.000000
	grand_canonical: 0
	chemical_potential: 0.0000000000000000
box: 44.874920 44.874920
copy: 1.000000 1.000000
epsilon: 0.0291670000000000
end_epsilon: 0.0000000000000000
pressure: 0.0541670000000000
lambda: 0.0000000000000000
lambda_coupling: 1.0000000000000000
uy: 0.0000000000000000
maximum_displacement: 1.0000000000000000
maximum_rotation: 1.0000000000000000
maximum_volume: 1.0000000000000000
maximum_shape: 0.0000001000000000
maximum_dsigma: 0.0100000000000000
mod: 10
pmod: 10
optimize: 1
verbose: 1
snapshot: 0
display: 1
explore: 1
npt: 1
nptxy: 0
nptdxdy: 0
shape: 0
seed: 1127284
-77.210136198478 79.357393065526 0.866025403784 0.500000000000
-82.561712313287 100.266135017979 0.866025403784 0.500000000000
56.230329019728 216.103355162756 0.866025403784 -0.500000000000
-89.232710509453 247.929554913317 0.866025403784 -0.500000000000
-192.170004031937 -6.716552612140 0.866025403784 0.500000000000
37.344389225378 -11.635493206762 0.000000000000 1.000000000000
38.063708193488 164.212180786328 0.000000000000 1.000000000000
-116.613266326758 -44.233162558616 0.866025403784 -0.500000000000
195.934888567448 118.486788247976 0.866025403784 -0.500000000000
80.880184834161 -133.760709681749 0.866025403784 0.500000000000
58.500187865036 8.583776101058 0.866025403784 -0.500000000000
65.174044049981 -369.639225689250 0.000000000000 1.000000000000
61.848984565526 -191.390396477459 0.866025403784 0.500000000000
44.525552021565 446.815370601071 0.866025403784 0.500000000000
-0.039462132911 118.681806781943 0.866025403784 -0.500000000000
88.960041200207 -115.518017553110 0.866025403784 -0.500000000000
312.308714552631 -49.518830611965 0.866025403784 0.500000000000
348.851794260439 30.998951816803 0.000000000000 1.000000000000
-57.107042831420 163.985421481327 0.000000000000 1.000000000000
-117.498135125309 -76.045773117816 0.866025403784 -0.500000000000
