#Configurational_file created 2018-09-14 13:57:33  started 2018-09-14 13:57:32 run for 1.0s steps 0
name: p_982
step: 10000
specie: 20
	particle_diameter: 1.0000000000000000
	interaction_length: 1.2000000000000000
	number_of_patches: 3
	number_of_particles_per_compound: 1
	rod_length: 1.0000000000000000
	interaction_matrix:  1.000000 1.000000 1.000000 1.000000 1.000000 1.000000 1.000000 1.000000 1.000000
	patch_type: symmetric
	patch_width: 8.0000000000000000
	patch_angle: 0.0000000000000000
	angles:  0.000000 0.000000 0.000000
	grand_canonical: 0
	chemical_potential: 0.0000000000000000
box: 21.325889 21.325889
copy: 1.000000 1.000000
epsilon: 0.1379320000000000
end_epsilon: 0.0000000000000000
pressure: 0.3620690000000000
lambda: 0.0000000000000000
lambda_coupling: 1.0000000000000000
uy: 0.0000000000000000
maximum_displacement: 1.0000000000000000
maximum_rotation: 1.0000000000000000
maximum_volume: 1.0000000000000000
maximum_shape: 0.0000001000000000
maximum_dsigma: 0.0100000000000000
mod: 10
pmod: 10
optimize: 1
verbose: 1
snapshot: 0
display: 1
explore: 1
npt: 1
nptxy: 0
nptdxdy: 0
shape: 0
seed: 1119325
137.773705849668 -108.838279068866 0.866025403784 0.500000000000
27.549557566512 -49.617278158292 0.866025403784 -0.500000000000
-7.230349859736 -11.951227910244 0.000000000000 1.000000000000
85.132493279340 -64.204330862679 0.000000000000 1.000000000000
-61.566766107716 69.352615555171 0.866025403784 0.500000000000
104.712586408871 10.171194222125 0.866025403784 0.500000000000
31.373339910289 172.924119948254 0.866025403784 -0.500000000000
75.075908501286 157.286682170878 0.000000000000 1.000000000000
49.385279916216 -26.306586725583 0.000000000000 1.000000000000
88.800254636788 64.422354819932 0.866025403784 0.500000000000
85.178147441052 132.841667119857 0.000000000000 1.000000000000
19.666854326118 91.708384327973 0.000000000000 1.000000000000
5.892646171061 -144.265225145367 0.000000000000 1.000000000000
-108.663669320022 -91.298466638122 0.000000000000 1.000000000000
6.973785569517 -11.072948599543 0.866025403784 -0.500000000000
-216.768891085135 -40.250168093842 0.866025403784 0.500000000000
-54.605809166205 -72.625571919303 0.866025403784 0.500000000000
-206.278634872891 38.914683363168 0.000000000000 1.000000000000
-20.153168183268 -146.658617686274 0.866025403784 -0.500000000000
86.885867336175 -149.479778077263 0.000000000000 1.000000000000
