#Configurational_file created 2018-09-14 12:01:52  started 2018-09-14 12:01:51 run for 1.0s steps 0
name: p_985
step: 10000
specie: 20
	particle_diameter: 1.0000000000000000
	interaction_length: 1.2000000000000000
	number_of_patches: 3
	number_of_particles_per_compound: 1
	rod_length: 1.0000000000000000
	interaction_matrix:  1.000000 1.000000 1.000000 1.000000 1.000000 1.000000 1.000000 1.000000 1.000000
	patch_type: symmetric
	patch_width: 8.0000000000000000
	patch_angle: 0.0000000000000000
	angles:  0.000000 0.000000 0.000000
	grand_canonical: 0
	chemical_potential: 0.0000000000000000
box: 49.524177 49.524177
copy: 1.000000 1.000000
epsilon: 0.0291670000000000
end_epsilon: 0.0000000000000000
pressure: 0.0375010000000000
lambda: 0.0000000000000000
lambda_coupling: 1.0000000000000000
uy: 0.0000000000000000
maximum_displacement: 1.0000000000000000
maximum_rotation: 1.0000000000000000
maximum_volume: 1.0000000000000000
maximum_shape: 0.0000001000000000
maximum_dsigma: 0.0100000000000000
mod: 10
pmod: 10
optimize: 1
verbose: 1
snapshot: 0
display: 1
explore: 1
npt: 1
nptxy: 0
nptdxdy: 0
shape: 0
seed: 1122736
-333.815591293266 -97.754621040824 0.866025403784 -0.500000000000
150.928485121804 224.137271170791 0.000000000000 1.000000000000
-149.644106034884 319.706124003777 0.866025403784 -0.500000000000
-156.152725218723 -91.296731617226 0.866025403784 0.500000000000
-69.206054727106 246.989780158772 0.866025403784 0.500000000000
121.222246978352 -177.801782132691 0.866025403784 -0.500000000000
268.972847404995 197.871580133281 0.866025403784 0.500000000000
-78.029928128394 -190.726659006412 0.866025403784 -0.500000000000
-79.546468733762 315.983155527095 0.866025403784 0.500000000000
460.400698928933 -181.283821658543 0.866025403784 0.500000000000
135.944458684159 -27.071693587792 0.000000000000 1.000000000000
118.825506342732 -193.402121245260 0.000000000000 1.000000000000
84.937368508976 105.461343223762 0.866025403784 -0.500000000000
-24.666904318930 287.511868370311 0.866025403784 0.500000000000
44.200536791414 130.221986870589 0.866025403784 -0.500000000000
-55.805778696193 51.152270413623 0.000000000000 1.000000000000
194.787363673521 117.222439229174 0.866025403784 0.500000000000
169.372705120943 258.894816163152 0.000000000000 1.000000000000
107.984986834388 -348.768605357028 0.866025403784 0.500000000000
46.607559456468 -51.418181102678 0.866025403784 0.500000000000
