#Configurational_file created 2018-09-14 11:34:17  started 2018-09-14 11:34:16 run for 1.0s steps 0
name: p_985
step: 10000
specie: 20
	particle_diameter: 1.0000000000000000
	interaction_length: 1.2000000000000000
	number_of_patches: 3
	number_of_particles_per_compound: 1
	rod_length: 1.0000000000000000
	interaction_matrix:  1.000000 1.000000 1.000000 1.000000 1.000000 1.000000 1.000000 1.000000 1.000000
	patch_type: symmetric
	patch_width: 8.0000000000000000
	patch_angle: 0.0000000000000000
	angles:  0.000000 0.000000 0.000000
	grand_canonical: 0
	chemical_potential: 0.0000000000000000
box: 11.290563 11.290563
copy: 1.000000 1.000000
epsilon: 0.2917080000000000
end_epsilon: 0.0000000000000000
pressure: 0.7500620000000000
lambda: 0.0000000000000000
lambda_coupling: 1.0000000000000000
uy: 0.0000000000000000
maximum_displacement: 1.0000000000000000
maximum_rotation: 1.0000000000000000
maximum_volume: 1.0000000000000000
maximum_shape: 0.0000001000000000
maximum_dsigma: 0.0100000000000000
mod: 10
pmod: 10
optimize: 1
verbose: 1
snapshot: 0
display: 1
explore: 1
npt: 1
nptxy: 0
nptdxdy: 0
shape: 0
seed: 1122736
-60.795477397775 -72.337569160318 0.866025403784 -0.500000000000
-141.993433970587 207.175423899952 0.000000000000 1.000000000000
-8.427411586852 -31.515924629631 0.866025403784 -0.500000000000
-42.461020419611 146.293671313177 0.866025403784 0.500000000000
-24.062486489967 144.090841019257 0.866025403784 -0.500000000000
14.262166241779 74.957175567088 0.000000000000 1.000000000000
-110.415524391661 75.313028187208 0.866025403784 -0.500000000000
72.768532501608 -61.572017131100 0.000000000000 1.000000000000
25.267517067592 48.994271330598 0.866025403784 -0.500000000000
97.023492215570 95.823835699153 0.866025403784 0.500000000000
42.242722240137 51.684285193167 0.866025403784 -0.500000000000
-111.350201123129 -21.223663901852 0.866025403784 0.500000000000
-31.945871841289 144.589108446151 0.866025403784 -0.500000000000
-39.518443363647 40.413725567989 0.866025403784 -0.500000000000
-63.915295899918 13.003293830210 0.866025403784 0.500000000000
27.736465933768 -0.804388824590 0.000000000000 1.000000000000
-47.481814738358 53.520731173431 0.000000000000 1.000000000000
-14.699065884179 14.389139782530 0.866025403784 0.500000000000
60.870326024153 -138.460201872070 0.866025403784 -0.500000000000
-136.423784152408 -24.361834232602 0.866025403784 -0.500000000000
