#Configurational_file created 2018-09-14 11:34:18  started 2018-09-14 11:34:17 run for 1.0s steps 0
name: p_986
step: 10000
specie: 20
	particle_diameter: 1.0000000000000000
	interaction_length: 1.2000000000000000
	number_of_patches: 3
	number_of_particles_per_compound: 1
	rod_length: 1.0000000000000000
	interaction_matrix:  1.000000 1.000000 1.000000 1.000000 1.000000 1.000000 1.000000 1.000000 1.000000
	patch_type: symmetric
	patch_width: 8.0000000000000000
	patch_angle: 0.0000000000000000
	angles:  0.000000 0.000000 0.000000
	grand_canonical: 0
	chemical_potential: 0.0000000000000000
box: 8.708738 8.708738
copy: 1.000000 1.000000
epsilon: 0.2917080000000000
end_epsilon: 0.0000000000000000
pressure: 0.8333920000000000
lambda: 0.0000000000000000
lambda_coupling: 1.0000000000000000
uy: 0.0000000000000000
maximum_displacement: 1.0000000000000000
maximum_rotation: 1.0000000000000000
maximum_volume: 1.0000000000000000
maximum_shape: 0.0000001000000000
maximum_dsigma: 0.0100000000000000
mod: 10
pmod: 10
optimize: 1
verbose: 1
snapshot: 0
display: 1
explore: 1
npt: 1
nptxy: 0
nptdxdy: 0
shape: 0
seed: 1123873
0.739417716041 -52.456586026663 0.000000000000 1.000000000000
-42.686065755120 81.270113762108 0.866025403784 0.500000000000
-6.805926736875 -53.311395529421 0.000000000000 1.000000000000
13.647995530064 -76.235970081965 0.000000000000 1.000000000000
67.710568924543 44.659728090563 0.866025403784 0.500000000000
-58.611676607826 20.684980919044 0.866025403784 0.500000000000
-47.055236437089 7.857803328754 0.866025403784 0.500000000000
-84.128719621926 -1.569927673291 0.000000000000 1.000000000000
26.141132417739 -178.142754724759 0.866025403784 -0.500000000000
-13.378053386858 -4.808186781588 0.000000000000 1.000000000000
18.987276504061 9.686985490138 0.866025403784 -0.500000000000
-35.072061917544 97.543394934538 0.000000000000 1.000000000000
-78.319092115395 51.596556211831 0.866025403784 0.500000000000
43.507314526998 23.991783187423 0.000000000000 1.000000000000
-53.806491388526 11.171633957696 0.866025403784 0.500000000000
24.810900249967 36.550884708992 0.000000000000 1.000000000000
49.285239162765 -31.465735137390 0.866025403784 0.500000000000
-26.869582156186 190.022843735442 0.866025403784 0.500000000000
40.716823502995 9.155322788279 0.000000000000 1.000000000000
-74.804129418990 -103.832479518295 0.866025403784 0.500000000000
