#Configurational_file created 2018-09-14 13:57:38  started 2018-09-14 13:57:37 run for 1.0s steps 0
name: p_989
step: 10000
specie: 20
	particle_diameter: 1.0000000000000000
	interaction_length: 1.2000000000000000
	number_of_patches: 3
	number_of_particles_per_compound: 1
	rod_length: 1.0000000000000000
	interaction_matrix:  1.000000 1.000000 1.000000 1.000000 1.000000 1.000000 1.000000 1.000000 1.000000
	patch_type: symmetric
	patch_width: 8.0000000000000000
	patch_angle: 0.0000000000000000
	angles:  0.000000 0.000000 0.000000
	grand_canonical: 0
	chemical_potential: 0.0000000000000000
box: 16.522002 16.522002
copy: 1.000000 1.000000
epsilon: 0.1379320000000000
end_epsilon: 0.0000000000000000
pressure: 0.4827590000000000
lambda: 0.0000000000000000
lambda_coupling: 1.0000000000000000
uy: 0.0000000000000000
maximum_displacement: 1.0000000000000000
maximum_rotation: 1.0000000000000000
maximum_volume: 1.0000000000000000
maximum_shape: 0.0000001000000000
maximum_dsigma: 0.0100000000000000
mod: 10
pmod: 10
optimize: 1
verbose: 1
snapshot: 0
display: 1
explore: 1
npt: 1
nptxy: 0
nptdxdy: 0
shape: 0
seed: 1127284
10.688183096930 -73.180433988895 0.866025403784 -0.500000000000
150.719941980400 107.557931590384 0.866025403784 -0.500000000000
-81.287635923181 202.489933304262 0.866025403784 0.500000000000
78.039829315746 31.241391011248 0.000000000000 1.000000000000
42.758272396654 105.892307891989 0.866025403784 -0.500000000000
6.089699576002 28.817702233168 0.000000000000 1.000000000000
15.627068886404 40.690609070584 0.000000000000 1.000000000000
-122.567503509838 -30.864705250100 0.000000000000 1.000000000000
66.585598693097 -1.202422607532 0.866025403784 -0.500000000000
-61.258797647703 107.049122439659 0.866025403784 -0.500000000000
140.485416877487 146.277493866648 0.866025403784 0.500000000000
80.989778129182 -19.162095841735 0.866025403784 0.500000000000
-111.666413584590 6.781614634714 0.000000000000 1.000000000000
26.238228263757 70.165625138182 0.866025403784 -0.500000000000
-60.141187859314 33.347794251909 0.000000000000 1.000000000000
-90.629624313484 133.030546394949 0.866025403784 -0.500000000000
160.142897866251 62.795956434672 0.866025403784 0.500000000000
73.963853815209 -156.340512053134 0.000000000000 1.000000000000
-48.816619383480 -59.809058325552 0.000000000000 1.000000000000
-45.435775657157 -52.094583691050 0.866025403784 0.500000000000
