#Configurational_file created 2018-09-14 12:01:51  started 2018-09-14 12:01:50 run for 1.0s steps 0
name: p_984
step: 10000
specie: 20
	particle_diameter: 1.0000000000000000
	interaction_length: 1.2000000000000000
	number_of_patches: 3
	number_of_particles_per_compound: 1
	rod_length: 1.0000000000000000
	interaction_matrix:  1.000000 1.000000 1.000000 1.000000 1.000000 1.000000 1.000000 1.000000 1.000000
	patch_type: symmetric
	patch_width: 8.0000000000000000
	patch_angle: 0.0000000000000000
	angles:  0.000000 0.000000 0.000000
	grand_canonical: 0
	chemical_potential: 0.0000000000000000
box: 43.348573 43.348573
copy: 1.000000 1.000000
epsilon: 0.0291670000000000
end_epsilon: 0.0000000000000000
pressure: 0.0333340000000000
lambda: 0.0000000000000000
lambda_coupling: 1.0000000000000000
uy: 0.0000000000000000
maximum_displacement: 1.0000000000000000
maximum_rotation: 1.0000000000000000
maximum_volume: 1.0000000000000000
maximum_shape: 0.0000001000000000
maximum_dsigma: 0.0100000000000000
mod: 10
pmod: 10
optimize: 1
verbose: 1
snapshot: 0
display: 1
explore: 1
npt: 1
nptxy: 0
nptdxdy: 0
shape: 0
seed: 1121599
-255.918096347433 -300.437080242205 0.866025403784 -0.500000000000
-24.927129021438 405.196597963567 0.866025403784 -0.500000000000
89.791569940851 206.200009326431 0.000000000000 1.000000000000
-125.438546530444 -37.506505390445 0.000000000000 1.000000000000
-65.395532318637 -39.957499077331 0.866025403784 0.500000000000
-118.586064580372 -204.655126471693 0.866025403784 -0.500000000000
59.634114801248 -44.412077927634 0.866025403784 -0.500000000000
67.835651396477 -246.760296900261 0.866025403784 -0.500000000000
-125.294781536262 67.217546627225 0.866025403784 0.500000000000
-108.575743158850 58.550458865049 0.866025403784 0.500000000000
158.235424200147 232.513061435052 0.866025403784 -0.500000000000
97.767427266454 78.392017089249 0.866025403784 -0.500000000000
182.860958818149 146.716555820438 0.866025403784 -0.500000000000
-174.687627258018 -201.446707920774 0.866025403784 0.500000000000
71.039735931292 77.776083420690 0.866025403784 0.500000000000
243.601506337721 109.794180358589 0.000000000000 1.000000000000
-186.668028329296 12.481153504937 0.866025403784 0.500000000000
55.480993943522 -177.438179859348 0.000000000000 1.000000000000
28.259328392316 183.506648723038 0.866025403784 0.500000000000
-122.828800083169 76.110399921321 0.866025403784 -0.500000000000
