#Configurational_file created 2018-09-14 13:57:44  started 2018-09-14 13:57:43 run for 1.0s steps 0
name: p_998
step: 10000
specie: 20
	particle_diameter: 1.0000000000000000
	interaction_length: 1.2000000000000000
	number_of_patches: 3
	number_of_particles_per_compound: 1
	rod_length: 1.0000000000000000
	interaction_matrix:  1.000000 1.000000 1.000000 1.000000 1.000000 1.000000 1.000000 1.000000 1.000000
	patch_type: symmetric
	patch_width: 8.0000000000000000
	patch_angle: 0.0000000000000000
	angles:  0.000000 0.000000 0.000000
	grand_canonical: 0
	chemical_potential: 0.0000000000000000
box: 27.647486 27.647486
copy: 1.000000 1.000000
epsilon: 0.2068970000000000
end_epsilon: 0.0000000000000000
pressure: 0.1206900000000000
lambda: 0.0000000000000000
lambda_coupling: 1.0000000000000000
uy: 0.0000000000000000
maximum_displacement: 1.0000000000000000
maximum_rotation: 1.0000000000000000
maximum_volume: 1.0000000000000000
maximum_shape: 0.0000001000000000
maximum_dsigma: 0.0100000000000000
mod: 10
pmod: 10
optimize: 1
verbose: 1
snapshot: 0
display: 1
explore: 1
npt: 1
nptxy: 0
nptdxdy: 0
shape: 0
seed: 1137517
-71.852502307015 10.767096043930 0.000000000000 1.000000000000
54.159654028448 -4.384812164980 0.866025403784 0.500000000000
83.779812477126 -44.890976307885 0.866025403784 -0.500000000000
-34.005916377800 242.158654115308 0.866025403784 0.500000000000
-124.925262892954 11.650794520731 0.866025403784 0.500000000000
-46.687255437809 19.173109575497 0.000000000000 1.000000000000
84.821654992779 -186.776518179612 0.000000000000 1.000000000000
50.227555134168 -382.292101856557 0.866025403784 0.500000000000
41.821035056422 2.382421806787 0.866025403784 0.500000000000
-305.341385914275 -98.456720189013 0.866025403784 -0.500000000000
174.012355802258 -159.980665772520 0.866025403784 0.500000000000
116.698994160082 145.739644991606 0.866025403784 -0.500000000000
42.901470184978 -224.374681478029 0.866025403784 0.500000000000
146.292877420586 42.421676724167 0.000000000000 1.000000000000
-31.166047286186 126.830172917736 0.000000000000 1.000000000000
-14.705674593623 -35.310049515162 0.866025403784 0.500000000000
43.559881337809 12.093199431044 0.866025403784 -0.500000000000
42.732746799684 97.480502011527 0.866025403784 -0.500000000000
62.728546813379 -331.532883992629 0.866025403784 0.500000000000
-47.651532203331 82.638852685661 0.000000000000 1.000000000000
