#Configurational_file created 2018-09-14 11:34:21  started 2018-09-14 11:34:20 run for 1.0s steps 0
name: p_990
step: 10000
specie: 20
	particle_diameter: 1.0000000000000000
	interaction_length: 1.2000000000000000
	number_of_patches: 3
	number_of_particles_per_compound: 1
	rod_length: 1.0000000000000000
	interaction_matrix:  1.000000 1.000000 1.000000 1.000000 1.000000 1.000000 1.000000 1.000000 1.000000
	patch_type: symmetric
	patch_width: 8.0000000000000000
	patch_angle: 0.0000000000000000
	angles:  0.000000 0.000000 0.000000
	grand_canonical: 0
	chemical_potential: 0.0000000000000000
box: 10.745656 10.745656
copy: 1.000000 1.000000
epsilon: 0.2917080000000000
end_epsilon: 0.0000000000000000
pressure: 1.1667080000000001
lambda: 0.0000000000000000
lambda_coupling: 1.0000000000000000
uy: 0.0000000000000000
maximum_displacement: 1.0000000000000000
maximum_rotation: 1.0000000000000000
maximum_volume: 1.0000000000000000
maximum_shape: 0.0000001000000000
maximum_dsigma: 0.0100000000000000
mod: 10
pmod: 10
optimize: 1
verbose: 1
snapshot: 0
display: 1
explore: 1
npt: 1
nptxy: 0
nptdxdy: 0
shape: 0
seed: 1128421
-178.011937282772 -60.528203989498 0.866025403784 0.500000000000
52.157622027609 -19.085207206895 0.866025403784 0.500000000000
-61.373556000655 -144.888986766000 0.866025403784 -0.500000000000
-39.980604018917 147.031108272248 0.866025403784 -0.500000000000
-4.744584951973 -17.359956875728 0.866025403784 -0.500000000000
-34.808144413664 141.076550984205 0.866025403784 -0.500000000000
79.090146722783 64.445731076299 0.866025403784 -0.500000000000
61.616203004027 123.124921707573 0.866025403784 -0.500000000000
-19.179526108560 141.777174952557 0.000000000000 1.000000000000
-127.194911580166 24.133109982137 0.866025403784 0.500000000000
-143.186984125765 -161.477238378566 0.866025403784 0.500000000000
-173.765086244147 165.777266256464 0.866025403784 -0.500000000000
26.060952838130 -70.673349198710 0.866025403784 -0.500000000000
5.612258766419 23.290660933375 0.866025403784 -0.500000000000
-20.745727176256 62.579253878855 0.000000000000 1.000000000000
97.593668334929 -75.930119164414 0.866025403784 -0.500000000000
-108.991359143814 -132.081860322557 0.000000000000 1.000000000000
36.320043669087 17.352074892912 0.866025403784 -0.500000000000
107.968793204727 15.135182602376 0.000000000000 1.000000000000
38.844002228337 166.353145247476 0.866025403784 -0.500000000000
