#Configurational_file created 2018-09-14 12:01:55  started 2018-09-14 12:01:55 run for 0.0s steps 0
name: p_990
step: 10000
specie: 20
	particle_diameter: 1.0000000000000000
	interaction_length: 1.2000000000000000
	number_of_patches: 3
	number_of_particles_per_compound: 1
	rod_length: 1.0000000000000000
	interaction_matrix:  1.000000 1.000000 1.000000 1.000000 1.000000 1.000000 1.000000 1.000000 1.000000
	patch_type: symmetric
	patch_width: 8.0000000000000000
	patch_angle: 0.0000000000000000
	angles:  0.000000 0.000000 0.000000
	grand_canonical: 0
	chemical_potential: 0.0000000000000000
box: 48.428100 48.428100
copy: 1.000000 1.000000
epsilon: 0.0291670000000000
end_epsilon: 0.0000000000000000
pressure: 0.0583340000000000
lambda: 0.0000000000000000
lambda_coupling: 1.0000000000000000
uy: 0.0000000000000000
maximum_displacement: 1.0000000000000000
maximum_rotation: 1.0000000000000000
maximum_volume: 1.0000000000000000
maximum_shape: 0.0000001000000000
maximum_dsigma: 0.0100000000000000
mod: 10
pmod: 10
optimize: 1
verbose: 1
snapshot: 0
display: 1
explore: 1
npt: 1
nptxy: 0
nptdxdy: 0
shape: 0
seed: 1128421
-67.171899524415 104.728407718776 0.866025403784 0.500000000000
96.352526861851 31.042768902663 0.866025403784 0.500000000000
336.359830380801 202.320134132979 0.866025403784 -0.500000000000
162.438802815102 -37.915153619849 0.866025403784 -0.500000000000
42.566384958150 -38.470120713941 0.866025403784 -0.500000000000
-399.733730724900 159.784133375556 0.000000000000 1.000000000000
114.160781948128 44.099061319232 0.000000000000 1.000000000000
43.455557877816 191.357801206607 0.000000000000 1.000000000000
70.622836442052 8.028978875229 0.866025403784 0.500000000000
125.769739032523 -44.295869818633 0.000000000000 1.000000000000
-142.342784684090 -94.550655569763 0.000000000000 1.000000000000
87.979214028630 -115.664196213127 0.000000000000 1.000000000000
-77.081593810221 301.291187901788 0.866025403784 0.500000000000
1.157498804769 21.784962810186 0.866025403784 0.500000000000
176.858616614475 100.108501029217 0.000000000000 1.000000000000
370.973696636748 -52.152502066958 0.866025403784 0.500000000000
119.176775600121 -64.433838723749 0.866025403784 0.500000000000
-58.377495301701 146.755228051131 0.866025403784 0.500000000000
89.668986334998 183.072125436496 0.866025403784 -0.500000000000
47.812828773305 -306.283136340051 0.866025403784 -0.500000000000
