#Configurational_file created 2018-09-14 12:02:00  started 2018-09-14 12:02:00 run for 0.0s steps 0
name: p_997
step: 10000
specie: 20
	particle_diameter: 1.0000000000000000
	interaction_length: 1.2000000000000000
	number_of_patches: 3
	number_of_particles_per_compound: 1
	rod_length: 1.0000000000000000
	interaction_matrix:  1.000000 1.000000 1.000000 1.000000 1.000000 1.000000 1.000000 1.000000 1.000000
	patch_type: symmetric
	patch_width: 8.0000000000000000
	patch_angle: 0.0000000000000000
	angles:  0.000000 0.000000 0.000000
	grand_canonical: 0
	chemical_potential: 0.0000000000000000
box: 45.798243 45.798243
copy: 1.000000 1.000000
epsilon: 0.0291670000000000
end_epsilon: 0.0000000000000000
pressure: 0.0875000000000000
lambda: 0.0000000000000000
lambda_coupling: 1.0000000000000000
uy: 0.0000000000000000
maximum_displacement: 1.0000000000000000
maximum_rotation: 1.0000000000000000
maximum_volume: 1.0000000000000000
maximum_shape: 0.0000001000000000
maximum_dsigma: 0.0100000000000000
mod: 10
pmod: 10
optimize: 1
verbose: 1
snapshot: 0
display: 1
explore: 1
npt: 1
nptxy: 0
nptdxdy: 0
shape: 0
seed: 1136380
22.089879223708 133.659944381699 0.000000000000 1.000000000000
14.250674964083 134.539867054931 0.866025403784 0.500000000000
-2.333980142699 50.275803618146 0.866025403784 -0.500000000000
32.238992678845 -107.283083781487 0.866025403784 -0.500000000000
375.482072859036 -38.543303787300 0.866025403784 0.500000000000
-283.680854869981 64.121335340446 0.866025403784 -0.500000000000
-122.672405790577 -68.703643819682 0.866025403784 0.500000000000
-184.842082277050 -197.416894459363 0.866025403784 -0.500000000000
223.518400552011 -129.650088447192 0.000000000000 1.000000000000
107.073853475223 189.442317900346 0.000000000000 1.000000000000
62.414357138834 -186.873650432844 0.866025403784 0.500000000000
6.629739227773 -108.915394668490 0.866025403784 0.500000000000
128.213762860071 33.213296394664 0.866025403784 0.500000000000
9.517606227969 140.131855405234 0.866025403784 -0.500000000000
-84.855989116674 143.217047285464 0.866025403784 0.500000000000
137.319289723672 -182.914865266249 0.000000000000 1.000000000000
268.333678432650 -65.317688393563 0.866025403784 -0.500000000000
-415.302234267488 -456.417877684247 0.000000000000 1.000000000000
-49.068808528047 392.730951588575 0.866025403784 0.500000000000
144.380740699716 6.773219018044 0.866025403784 -0.500000000000
