#Configurational_file created 2018-09-14 13:57:43  started 2018-09-14 13:57:42 run for 1.0s steps 0
name: p_996
step: 10000
specie: 20
	particle_diameter: 1.0000000000000000
	interaction_length: 1.2000000000000000
	number_of_patches: 3
	number_of_particles_per_compound: 1
	rod_length: 1.0000000000000000
	interaction_matrix:  1.000000 1.000000 1.000000 1.000000 1.000000 1.000000 1.000000 1.000000 1.000000
	patch_type: symmetric
	patch_width: 8.0000000000000000
	patch_angle: 0.0000000000000000
	angles:  0.000000 0.000000 0.000000
	grand_canonical: 0
	chemical_potential: 0.0000000000000000
box: 32.622055 32.622055
copy: 1.000000 1.000000
epsilon: 0.2068970000000000
end_epsilon: 0.0000000000000000
pressure: 0.0862080000000000
lambda: 0.0000000000000000
lambda_coupling: 1.0000000000000000
uy: 0.0000000000000000
maximum_displacement: 1.0000000000000000
maximum_rotation: 1.0000000000000000
maximum_volume: 1.0000000000000000
maximum_shape: 0.0000001000000000
maximum_dsigma: 0.0100000000000000
mod: 10
pmod: 10
optimize: 1
verbose: 1
snapshot: 0
display: 1
explore: 1
npt: 1
nptxy: 0
nptdxdy: 0
shape: 0
seed: 1135243
-27.662654278127 0.869811523730 0.866025403784 0.500000000000
134.378838762575 -45.195198351149 0.866025403784 -0.500000000000
-93.014500434250 -2.376224012942 0.866025403784 -0.500000000000
24.831386550418 86.288941562634 0.000000000000 1.000000000000
-37.003144509695 344.788303167532 0.866025403784 0.500000000000
171.919207196750 58.010383280535 0.866025403784 -0.500000000000
-163.028063700270 -83.550684820882 0.000000000000 1.000000000000
-25.181847512658 76.144133825207 0.866025403784 -0.500000000000
-19.437117757489 -115.249266209437 0.866025403784 0.500000000000
120.810916413898 -113.304611827539 0.866025403784 0.500000000000
-150.716523606233 -151.514352061644 0.000000000000 1.000000000000
-142.078451740501 217.902698110315 0.866025403784 0.500000000000
176.603607834381 -191.068581241050 0.866025403784 0.500000000000
-69.887020655353 70.651323313164 0.866025403784 -0.500000000000
83.926132505234 -45.366707226769 0.866025403784 0.500000000000
165.923252186380 196.136194600382 0.000000000000 1.000000000000
56.537852675367 55.823893641551 0.866025403784 -0.500000000000
128.823693219436 113.262554545055 0.866025403784 0.500000000000
63.595716728682 206.804781010809 0.866025403784 -0.500000000000
-12.880600360863 24.584640981153 0.866025403784 0.500000000000
