#Configurational_file created 2018-09-14 12:01:56  started 2018-09-14 12:01:56 run for 0.0s steps 0
name: p_991
step: 10000
specie: 20
	particle_diameter: 1.0000000000000000
	interaction_length: 1.2000000000000000
	number_of_patches: 3
	number_of_particles_per_compound: 1
	rod_length: 1.0000000000000000
	interaction_matrix:  1.000000 1.000000 1.000000 1.000000 1.000000 1.000000 1.000000 1.000000 1.000000
	patch_type: symmetric
	patch_width: 8.0000000000000000
	patch_angle: 0.0000000000000000
	angles:  0.000000 0.000000 0.000000
	grand_canonical: 0
	chemical_potential: 0.0000000000000000
box: 38.353284 38.353284
copy: 1.000000 1.000000
epsilon: 0.0291670000000000
end_epsilon: 0.0000000000000000
pressure: 0.0625000000000000
lambda: 0.0000000000000000
lambda_coupling: 1.0000000000000000
uy: 0.0000000000000000
maximum_displacement: 1.0000000000000000
maximum_rotation: 1.0000000000000000
maximum_volume: 1.0000000000000000
maximum_shape: 0.0000001000000000
maximum_dsigma: 0.0100000000000000
mod: 10
pmod: 10
optimize: 1
verbose: 1
snapshot: 0
display: 1
explore: 1
npt: 1
nptxy: 0
nptdxdy: 0
shape: 0
seed: 1129558
115.356975075407 85.688368824877 0.866025403784 -0.500000000000
-60.783353505615 205.453606460202 0.866025403784 0.500000000000
49.081561546647 88.860785771955 0.866025403784 -0.500000000000
-93.669086121980 219.472288270186 0.000000000000 1.000000000000
127.603899225611 -52.027937555790 0.000000000000 1.000000000000
198.218082199154 -9.146727220249 0.866025403784 -0.500000000000
26.407317170591 -39.486008137809 0.000000000000 1.000000000000
-31.771434738347 96.618933665603 0.000000000000 1.000000000000
93.489122518576 226.785735803705 0.866025403784 -0.500000000000
24.348205130418 168.304263567759 0.866025403784 0.500000000000
-65.904702233265 -143.466776242778 0.000000000000 1.000000000000
123.294607313544 -72.648679488385 0.866025403784 -0.500000000000
56.797808645559 48.124119716480 0.866025403784 0.500000000000
334.125757566992 -140.468709600591 0.000000000000 1.000000000000
356.430862472692 47.347969306891 0.000000000000 1.000000000000
198.391786088756 140.179850175070 0.000000000000 1.000000000000
-10.112651969116 24.301535013529 0.866025403784 -0.500000000000
261.404872486761 -67.986754795198 0.866025403784 0.500000000000
141.143376765953 162.271976676711 0.866025403784 0.500000000000
23.718667844354 -112.809913461138 0.000000000000 1.000000000000
