#Configurational_file created 2018-09-14 13:57:39  started 2018-09-14 13:57:38 run for 1.0s steps 0
name: p_991
step: 10000
specie: 20
	particle_diameter: 1.0000000000000000
	interaction_length: 1.2000000000000000
	number_of_patches: 3
	number_of_particles_per_compound: 1
	rod_length: 1.0000000000000000
	interaction_matrix:  1.000000 1.000000 1.000000 1.000000 1.000000 1.000000 1.000000 1.000000 1.000000
	patch_type: symmetric
	patch_width: 8.0000000000000000
	patch_angle: 0.0000000000000000
	angles:  0.000000 0.000000 0.000000
	grand_canonical: 0
	chemical_potential: 0.0000000000000000
box: 48.647522 48.647522
copy: 1.000000 1.000000
epsilon: 0.2068970000000000
end_epsilon: 0.0000000000000000
pressure: 0.0000010000000000
lambda: 0.0000000000000000
lambda_coupling: 1.0000000000000000
uy: 0.0000000000000000
maximum_displacement: 1.0000000000000000
maximum_rotation: 1.0000000000000000
maximum_volume: 1.0000000000000000
maximum_shape: 0.0000001000000000
maximum_dsigma: 0.0100000000000000
mod: 10
pmod: 10
optimize: 1
verbose: 1
snapshot: 0
display: 1
explore: 1
npt: 1
nptxy: 0
nptdxdy: 0
shape: 0
seed: 1129558
-179.159980851475 -156.267933721277 0.000000000000 1.000000000000
-83.886197611287 36.423162535401 0.866025403784 -0.500000000000
243.955844133886 155.300917393478 0.866025403784 0.500000000000
90.188517050758 340.247386458305 0.000000000000 1.000000000000
256.823778315641 106.804689325250 0.866025403784 0.500000000000
0.773002991876 -44.378186762647 0.866025403784 0.500000000000
349.650849919379 -89.921083942245 0.866025403784 0.500000000000
174.452624991738 -59.741101764093 0.866025403784 0.500000000000
188.637833916589 78.263786848571 0.000000000000 1.000000000000
215.848672788552 -5.761611397074 0.866025403784 0.500000000000
61.085111203681 76.489180967962 0.000000000000 1.000000000000
36.977634232110 -150.471897265351 0.000000000000 1.000000000000
-144.850602956093 -192.142815737143 0.866025403784 0.500000000000
-98.458966691756 -110.631500519125 0.866025403784 -0.500000000000
133.795737875789 291.990907328187 0.000000000000 1.000000000000
195.514308839104 171.479356029348 0.866025403784 0.500000000000
-40.195774145965 86.971039386051 0.866025403784 0.500000000000
-19.395385641431 -162.748246273601 0.866025403784 0.500000000000
-145.930108056401 56.520092157055 0.000000000000 1.000000000000
232.015958558446 -12.321991335210 0.000000000000 1.000000000000
