#Configurational_file created 2018-09-14 11:34:28  started 2018-09-14 11:34:27 run for 1.0s steps 0
name: p_998
step: 10000
specie: 20
	particle_diameter: 1.0000000000000000
	interaction_length: 1.2000000000000000
	number_of_patches: 3
	number_of_particles_per_compound: 1
	rod_length: 1.0000000000000000
	interaction_matrix:  1.000000 1.000000 1.000000 1.000000 1.000000 1.000000 1.000000 1.000000 1.000000
	patch_type: symmetric
	patch_width: 8.0000000000000000
	patch_angle: 0.0000000000000000
	angles:  0.000000 0.000000 0.000000
	grand_canonical: 0
	chemical_potential: 0.0000000000000000
box: 8.721467 8.721467
copy: 1.000000 1.000000
epsilon: 0.2917080000000000
end_epsilon: 0.0000000000000000
pressure: 1.8333420000000000
lambda: 0.0000000000000000
lambda_coupling: 1.0000000000000000
uy: 0.0000000000000000
maximum_displacement: 1.0000000000000000
maximum_rotation: 1.0000000000000000
maximum_volume: 0.6254480841373079
maximum_shape: 0.0000001000000000
maximum_dsigma: 0.0100000000000000
mod: 10
pmod: 10
optimize: 1
verbose: 1
snapshot: 0
display: 1
explore: 1
npt: 1
nptxy: 0
nptdxdy: 0
shape: 0
seed: 1137517
62.426617483972 -27.645418026387 0.866025403784 0.500000000000
-42.728490205376 70.875456139676 0.866025403784 0.500000000000
-76.447945939424 7.326003407214 0.000000000000 1.000000000000
66.149220995637 -15.560786230215 0.866025403784 0.500000000000
-114.206205059866 55.492041290007 0.000000000000 1.000000000000
-40.538671724956 111.027553735174 0.000000000000 1.000000000000
-92.547749705785 -56.646481841355 0.866025403784 0.500000000000
-3.818381126922 -73.522538008600 0.866025403784 -0.500000000000
82.904747174710 13.305383936649 0.866025403784 0.500000000000
58.905232709252 -47.030266265294 0.866025403784 0.500000000000
21.024588989917 -36.611437519814 0.866025403784 -0.500000000000
68.154983083280 108.654085755663 0.000000000000 1.000000000000
-117.333136253599 23.959244238265 0.866025403784 0.500000000000
112.175744371438 -103.145135107393 0.866025403784 0.500000000000
11.630179984814 63.498838783840 0.866025403784 -0.500000000000
-25.212146982651 -56.245387941719 0.866025403784 0.500000000000
13.368865837992 -127.157989838278 0.000000000000 1.000000000000
-9.162415026944 -90.556574473042 0.866025403784 -0.500000000000
-121.904638976040 23.962431386132 0.866025403784 -0.500000000000
5.704190866064 0.099806308321 0.866025403784 -0.500000000000
