#Configurational_file created 2018-09-14 11:34:23  started 2018-09-14 11:34:22 run for 1.0s steps 0
name: p_992
step: 10000
specie: 20
	particle_diameter: 1.0000000000000000
	interaction_length: 1.2000000000000000
	number_of_patches: 3
	number_of_particles_per_compound: 1
	rod_length: 1.0000000000000000
	interaction_matrix:  1.000000 1.000000 1.000000 1.000000 1.000000 1.000000 1.000000 1.000000 1.000000
	patch_type: symmetric
	patch_width: 8.0000000000000000
	patch_angle: 0.0000000000000000
	angles:  0.000000 0.000000 0.000000
	grand_canonical: 0
	chemical_potential: 0.0000000000000000
box: 8.613366 8.613366
copy: 1.000000 1.000000
epsilon: 0.2917080000000000
end_epsilon: 0.0000000000000000
pressure: 1.3333670000000000
lambda: 0.0000000000000000
lambda_coupling: 1.0000000000000000
uy: 0.0000000000000000
maximum_displacement: 1.0000000000000000
maximum_rotation: 1.0000000000000000
maximum_volume: 0.9853747200000000
maximum_shape: 0.0000001000000000
maximum_dsigma: 0.0100000000000000
mod: 10
pmod: 10
optimize: 1
verbose: 1
snapshot: 0
display: 1
explore: 1
npt: 1
nptxy: 0
nptdxdy: 0
shape: 0
seed: 1130695
87.757850717141 88.264266868676 0.866025403784 0.500000000000
33.393352136102 -104.568147536780 0.866025403784 -0.500000000000
-45.463374058180 -101.427470979444 0.866025403784 0.500000000000
7.108785438435 63.571293231120 0.000000000000 1.000000000000
-5.863057596413 -0.776209814649 0.000000000000 1.000000000000
176.426507440165 -88.868743009039 0.000000000000 1.000000000000
59.828283293274 -69.083884820828 0.000000000000 1.000000000000
101.479585616103 -69.303747563954 0.866025403784 -0.500000000000
-74.917110298802 -22.225721716326 0.000000000000 1.000000000000
-43.658044121386 18.392300872980 0.866025403784 -0.500000000000
15.585532408592 -33.874128293905 0.866025403784 -0.500000000000
36.945651110083 -118.433607598655 0.000000000000 1.000000000000
-158.813925153913 -118.654485057678 0.866025403784 0.500000000000
10.790724568470 -11.377331206379 0.866025403784 0.500000000000
55.922382901867 -43.367438881587 0.000000000000 1.000000000000
-53.745738826112 55.814259307907 0.000000000000 1.000000000000
-51.872757065113 37.243187042858 0.000000000000 1.000000000000
138.454467313057 -179.891717740004 0.866025403784 -0.500000000000
-97.870483365821 -37.318836029767 0.000000000000 1.000000000000
-7.589070296563 -4.418885146221 0.000000000000 1.000000000000
