#Configurational_file created 2018-09-14 11:06:40  started 2018-09-14 11:06:39 run for 1.0s steps 0
name: p_99
step: 10000
specie: 20
	particle_diameter: 1.0000000000000000
	interaction_length: 1.2000000000000000
	number_of_patches: 3
	number_of_particles_per_compound: 1
	rod_length: 1.0000000000000000
	interaction_matrix:  1.000000 1.000000 1.000000 1.000000 1.000000 1.000000 1.000000 1.000000 1.000000
	patch_type: symmetric
	patch_width: 8.0000000000000000
	patch_angle: 0.0000000000000000
	angles:  0.000000 0.000000 0.000000
	grand_canonical: 0
	chemical_potential: 0.0000000000000000
box: 11.920174 11.920174
copy: 1.000000 1.000000
epsilon: 0.2857570000000000
end_epsilon: 0.0000000000000000
pressure: 0.5715000000000000
lambda: 0.0000000000000000
lambda_coupling: 1.0000000000000000
uy: 0.0000000000000000
maximum_displacement: 1.0000000000000000
maximum_rotation: 1.0000000000000000
maximum_volume: 1.0000000000000000
maximum_shape: 0.0000001000000000
maximum_dsigma: 0.0100000000000000
mod: 10
pmod: 10
optimize: 1
verbose: 1
snapshot: 0
display: 1
explore: 1
npt: 1
nptxy: 0
nptdxdy: 0
shape: 0
seed: 115433
14.286332450166 31.820929459275 0.866025403784 -0.500000000000
-36.682464716452 -68.070284614716 0.000000000000 1.000000000000
33.525569726676 -81.158926119972 0.000000000000 1.000000000000
-67.749271917787 -19.598321402086 0.866025403784 -0.500000000000
31.030396405145 237.239409539221 0.000000000000 1.000000000000
-105.677359043404 -47.088351502531 0.866025403784 0.500000000000
-23.744500874889 83.972427382491 0.866025403784 -0.500000000000
-118.644396671304 -88.433727518473 0.000000000000 1.000000000000
156.856404988155 52.984342764657 0.000000000000 1.000000000000
45.731275469726 -55.580441892054 0.000000000000 1.000000000000
77.014329804489 99.920006217906 0.866025403784 0.500000000000
-23.474880925392 -1.463676272807 0.000000000000 1.000000000000
-73.650110019556 162.887644046818 0.000000000000 1.000000000000
-22.127477318266 -24.615245797238 0.866025403784 0.500000000000
91.348813532842 43.258621101089 0.866025403784 -0.500000000000
15.233254279910 -262.319335461159 0.000000000000 1.000000000000
-44.092033932974 117.034234074920 0.866025403784 0.500000000000
17.206695914380 -106.196350577237 0.866025403784 -0.500000000000
-70.249385514503 86.950665693272 0.000000000000 1.000000000000
58.935715326496 101.968610020150 0.866025403784 0.500000000000
