#Configurational_file created 2018-09-14 11:34:25  started 2018-09-14 11:34:24 run for 1.0s steps 0
name: p_994
step: 10000
specie: 20
	particle_diameter: 1.0000000000000000
	interaction_length: 1.2000000000000000
	number_of_patches: 3
	number_of_particles_per_compound: 1
	rod_length: 1.0000000000000000
	interaction_matrix:  1.000000 1.000000 1.000000 1.000000 1.000000 1.000000 1.000000 1.000000 1.000000
	patch_type: symmetric
	patch_width: 8.0000000000000000
	patch_angle: 0.0000000000000000
	angles:  0.000000 0.000000 0.000000
	grand_canonical: 0
	chemical_potential: 0.0000000000000000
box: 8.894092 8.894092
copy: 1.000000 1.000000
epsilon: 0.2917080000000000
end_epsilon: 0.0000000000000000
pressure: 1.5000249999999999
lambda: 0.0000000000000000
lambda_coupling: 1.0000000000000000
uy: 0.0000000000000000
maximum_displacement: 1.0000000000000000
maximum_rotation: 1.0000000000000000
maximum_volume: 0.8400000000000000
maximum_shape: 0.0000001000000000
maximum_dsigma: 0.0100000000000000
mod: 10
pmod: 10
optimize: 1
verbose: 1
snapshot: 0
display: 1
explore: 1
npt: 1
nptxy: 0
nptdxdy: 0
shape: 0
seed: 1132969
-137.673099523304 49.219443642547 0.000000000000 1.000000000000
-146.963633901520 70.018306519967 0.866025403784 -0.500000000000
-104.672032487051 -16.998924137145 0.000000000000 1.000000000000
-12.474226245231 25.929697503263 0.866025403784 -0.500000000000
4.864371887643 65.049358933979 0.866025403784 -0.500000000000
1.457228183118 52.903405031230 0.000000000000 1.000000000000
27.634127209710 53.731157984703 0.866025403784 -0.500000000000
-36.928116513167 -1.664373416084 0.000000000000 1.000000000000
-142.361033414444 31.324682416449 0.000000000000 1.000000000000
105.570954769353 63.543338395669 0.000000000000 1.000000000000
24.127329539104 -51.092572177255 0.866025403784 0.500000000000
21.515318993253 -42.552460301474 0.866025403784 -0.500000000000
-28.470952044765 53.734748072654 0.000000000000 1.000000000000
-28.797976241394 122.872983721232 0.866025403784 -0.500000000000
190.287697722054 0.886083258625 0.866025403784 -0.500000000000
38.819383732397 137.795644671759 0.000000000000 1.000000000000
-35.253199235855 -2.032456542496 0.866025403784 -0.500000000000
83.656682068907 156.605606113651 0.866025403784 0.500000000000
32.877506329920 21.453049697044 0.866025403784 -0.500000000000
-16.273341261191 171.654282712713 0.000000000000 1.000000000000
