#Configurational_file created 2018-09-14 13:57:41  started 2018-09-14 13:57:40 run for 1.0s steps 0
name: p_993
step: 10000
specie: 20
	particle_diameter: 1.0000000000000000
	interaction_length: 1.2000000000000000
	number_of_patches: 3
	number_of_particles_per_compound: 1
	rod_length: 1.0000000000000000
	interaction_matrix:  1.000000 1.000000 1.000000 1.000000 1.000000 1.000000 1.000000 1.000000 1.000000
	patch_type: symmetric
	patch_width: 8.0000000000000000
	patch_angle: 0.0000000000000000
	angles:  0.000000 0.000000 0.000000
	grand_canonical: 0
	chemical_potential: 0.0000000000000000
box: 40.654852 40.654852
copy: 1.000000 1.000000
epsilon: 0.2068970000000000
end_epsilon: 0.0000000000000000
pressure: 0.0344840000000000
lambda: 0.0000000000000000
lambda_coupling: 1.0000000000000000
uy: 0.0000000000000000
maximum_displacement: 1.0000000000000000
maximum_rotation: 1.0000000000000000
maximum_volume: 1.0000000000000000
maximum_shape: 0.0000001000000000
maximum_dsigma: 0.0100000000000000
mod: 10
pmod: 10
optimize: 1
verbose: 1
snapshot: 0
display: 1
explore: 1
npt: 1
nptxy: 0
nptdxdy: 0
shape: 0
seed: 1131832
43.528601342333 1.768123485466 0.000000000000 1.000000000000
-489.246272042095 122.538778102965 0.000000000000 1.000000000000
-75.472952908194 -140.078010617131 0.866025403784 -0.500000000000
-157.402912504660 88.930629918028 0.866025403784 -0.500000000000
-61.779895525247 -163.312619201395 0.000000000000 1.000000000000
121.886057167913 282.398872083914 0.866025403784 0.500000000000
-114.066181761167 76.353350868002 0.000000000000 1.000000000000
110.499780758876 -233.002212488610 0.866025403784 0.500000000000
-151.318384000741 61.465295100244 0.000000000000 1.000000000000
73.377937819790 13.592534898381 0.866025403784 -0.500000000000
333.493946595710 38.792951646262 0.000000000000 1.000000000000
-55.527602522392 54.801056345455 0.866025403784 0.500000000000
-33.512998924676 58.362611757724 0.866025403784 0.500000000000
69.713020464055 339.402196734296 0.000000000000 1.000000000000
97.750673420047 86.246170199714 0.866025403784 -0.500000000000
-11.793775524503 -50.076223127539 0.866025403784 0.500000000000
17.727877608966 -77.630107222812 0.866025403784 0.500000000000
-50.549056393752 450.359529652365 0.000000000000 1.000000000000
293.033926677990 -47.052578315045 0.000000000000 1.000000000000
139.546143132201 217.693809810759 0.866025403784 0.500000000000
