#Configurational_file created 2018-09-14 12:02:02  started 2018-09-14 12:02:01 run for 1.0s steps 0
name: p_999
step: 10000
specie: 20
	particle_diameter: 1.0000000000000000
	interaction_length: 1.2000000000000000
	number_of_patches: 3
	number_of_particles_per_compound: 1
	rod_length: 1.0000000000000000
	interaction_matrix:  1.000000 1.000000 1.000000 1.000000 1.000000 1.000000 1.000000 1.000000 1.000000
	patch_type: symmetric
	patch_width: 8.0000000000000000
	patch_angle: 0.0000000000000000
	angles:  0.000000 0.000000 0.000000
	grand_canonical: 0
	chemical_potential: 0.0000000000000000
box: 45.888566 45.888566
copy: 1.000000 1.000000
epsilon: 0.0291670000000000
end_epsilon: 0.0000000000000000
pressure: 0.0958330000000000
lambda: 0.0000000000000000
lambda_coupling: 1.0000000000000000
uy: 0.0000000000000000
maximum_displacement: 1.0000000000000000
maximum_rotation: 1.0000000000000000
maximum_volume: 1.0000000000000000
maximum_shape: 0.0000001000000000
maximum_dsigma: 0.0100000000000000
mod: 10
pmod: 10
optimize: 1
verbose: 1
snapshot: 0
display: 1
explore: 1
npt: 1
nptxy: 0
nptdxdy: 0
shape: 0
seed: 1138654
226.023702044216 121.502669780030 0.866025403784 0.500000000000
260.569370936026 -99.154717064319 0.000000000000 1.000000000000
310.868233658487 111.874095939628 0.866025403784 -0.500000000000
-267.096915343534 -116.551351957297 0.866025403784 -0.500000000000
-12.388996969310 -155.971785430681 0.866025403784 -0.500000000000
224.518638123540 112.959424027814 0.866025403784 -0.500000000000
178.485565308139 258.405265805662 0.866025403784 -0.500000000000
-72.080663065917 17.111589393424 0.866025403784 0.500000000000
-35.014200191447 382.776417721389 0.866025403784 0.500000000000
-87.583915132729 326.505354433580 0.866025403784 0.500000000000
129.875983459157 321.848716143535 0.866025403784 0.500000000000
-178.745688725833 320.292001537734 0.000000000000 1.000000000000
285.838987589428 -41.098245135091 0.866025403784 0.500000000000
7.421134255568 -74.897629836109 0.866025403784 -0.500000000000
134.607334053977 -80.595312841535 0.866025403784 -0.500000000000
-63.568271146457 356.821183314102 0.866025403784 -0.500000000000
237.881630891853 111.619544362438 0.866025403784 -0.500000000000
-76.719680512594 -126.044163031493 0.866025403784 -0.500000000000
-32.489281427781 31.716790986365 0.866025403784 0.500000000000
183.248582188470 76.630086413299 0.866025403784 0.500000000000
