#Configurational_file created 2018-09-14 12:02:00  started 2018-09-14 12:01:59 run for 1.0s steps 0
name: p_996
step: 10000
specie: 20
	particle_diameter: 1.0000000000000000
	interaction_length: 1.2000000000000000
	number_of_patches: 3
	number_of_particles_per_compound: 1
	rod_length: 1.0000000000000000
	interaction_matrix:  1.000000 1.000000 1.000000 1.000000 1.000000 1.000000 1.000000 1.000000 1.000000
	patch_type: symmetric
	patch_width: 8.0000000000000000
	patch_angle: 0.0000000000000000
	angles:  0.000000 0.000000 0.000000
	grand_canonical: 0
	chemical_potential: 0.0000000000000000
box: 46.212142 46.212142
copy: 1.000000 1.000000
epsilon: 0.0291670000000000
end_epsilon: 0.0000000000000000
pressure: 0.0833340000000000
lambda: 0.0000000000000000
lambda_coupling: 1.0000000000000000
uy: 0.0000000000000000
maximum_displacement: 1.0000000000000000
maximum_rotation: 1.0000000000000000
maximum_volume: 1.0000000000000000
maximum_shape: 0.0000001000000000
maximum_dsigma: 0.0100000000000000
mod: 10
pmod: 10
optimize: 1
verbose: 1
snapshot: 0
display: 1
explore: 1
npt: 1
nptxy: 0
nptdxdy: 0
shape: 0
seed: 1135243
-184.799133975662 238.941123490269 0.866025403784 -0.500000000000
304.752044590236 -146.194415742733 0.866025403784 -0.500000000000
-123.106930284422 99.869076461957 0.000000000000 1.000000000000
-34.973422920034 -111.878832889737 0.000000000000 1.000000000000
135.602981419014 255.419493418764 0.866025403784 -0.500000000000
128.155542304213 70.934071915505 0.866025403784 0.500000000000
97.000929200333 152.534940674906 0.866025403784 0.500000000000
45.635307790293 121.232134650651 0.866025403784 -0.500000000000
-223.843254204146 32.770809503116 0.866025403784 0.500000000000
126.123887652147 -211.218539735392 0.866025403784 -0.500000000000
83.719462627879 159.229435636147 0.000000000000 1.000000000000
49.626247179221 114.383468796208 0.000000000000 1.000000000000
-43.131793081286 -240.217940409982 0.866025403784 -0.500000000000
-143.777508633231 258.142445444092 0.866025403784 0.500000000000
-122.865144213904 40.396849374227 0.000000000000 1.000000000000
152.148369955007 149.080320848835 0.866025403784 0.500000000000
-60.955483158648 139.611165297805 0.866025403784 0.500000000000
193.254085727238 -15.575103996883 0.866025403784 0.500000000000
-53.435656572182 -4.707869211946 0.000000000000 1.000000000000
266.231682084051 199.929800503768 0.866025403784 -0.500000000000
