#Configurational_file created 2018-09-14 11:34:26  started 2018-09-14 11:34:25 run for 1.0s steps 0
name: p_996
step: 10000
specie: 20
	particle_diameter: 1.0000000000000000
	interaction_length: 1.2000000000000000
	number_of_patches: 3
	number_of_particles_per_compound: 1
	rod_length: 1.0000000000000000
	interaction_matrix:  1.000000 1.000000 1.000000 1.000000 1.000000 1.000000 1.000000 1.000000 1.000000
	patch_type: symmetric
	patch_width: 8.0000000000000000
	patch_angle: 0.0000000000000000
	angles:  0.000000 0.000000 0.000000
	grand_canonical: 0
	chemical_potential: 0.0000000000000000
box: 8.743432 8.743432
copy: 1.000000 1.000000
epsilon: 0.2917080000000000
end_epsilon: 0.0000000000000000
pressure: 1.6666829999999999
lambda: 0.0000000000000000
lambda_coupling: 1.0000000000000000
uy: 0.0000000000000000
maximum_displacement: 1.0000000000000000
maximum_rotation: 1.0000000000000000
maximum_volume: 0.6702200632624462
maximum_shape: 0.0000001000000000
maximum_dsigma: 0.0100000000000000
mod: 10
pmod: 10
optimize: 1
verbose: 1
snapshot: 0
display: 1
explore: 1
npt: 1
nptxy: 0
nptdxdy: 0
shape: 0
seed: 1135243
-104.472172061273 90.222452133548 0.866025403784 -0.500000000000
97.201188439339 81.764736543681 0.000000000000 1.000000000000
-32.713281755239 -28.988700623727 0.000000000000 1.000000000000
-105.767335448475 37.959675967778 0.866025403784 0.500000000000
-31.491030875522 59.289313327669 0.866025403784 0.500000000000
-21.267417342384 -48.980529901836 0.866025403784 -0.500000000000
51.169221617960 60.628339604186 0.866025403784 0.500000000000
-53.165728225896 35.238850818802 0.866025403784 -0.500000000000
-55.198371531981 -15.189594707154 0.000000000000 1.000000000000
-76.657859368804 -66.212898943523 0.000000000000 1.000000000000
-61.341289975213 -2.441355275772 0.866025403784 -0.500000000000
-98.889321643516 13.851715843996 0.866025403784 0.500000000000
65.364957707372 -98.175729444849 0.000000000000 1.000000000000
82.417090338281 109.619145467086 0.866025403784 -0.500000000000
-31.181296717839 24.893607225712 0.866025403784 -0.500000000000
36.226523669519 -34.407708130256 0.866025403784 0.500000000000
23.689241636557 3.828580389829 0.000000000000 1.000000000000
-38.048006591653 44.462118288116 0.866025403784 0.500000000000
-48.228888901340 115.903204387263 0.866025403784 0.500000000000
10.002540961287 42.194171761505 0.866025403784 0.500000000000
