#Configurational_file created 2018-09-14 11:34:27  started 2018-09-14 11:34:26 run for 1.0s steps 0
name: p_997
step: 10000
specie: 20
	particle_diameter: 1.0000000000000000
	interaction_length: 1.2000000000000000
	number_of_patches: 3
	number_of_particles_per_compound: 1
	rod_length: 1.0000000000000000
	interaction_matrix:  1.000000 1.000000 1.000000 1.000000 1.000000 1.000000 1.000000 1.000000 1.000000
	patch_type: symmetric
	patch_width: 8.0000000000000000
	patch_angle: 0.0000000000000000
	angles:  0.000000 0.000000 0.000000
	grand_canonical: 0
	chemical_potential: 0.0000000000000000
box: 8.934089 8.934089
copy: 1.000000 1.000000
epsilon: 0.2917080000000000
end_epsilon: 0.0000000000000000
pressure: 1.7500119999999999
lambda: 0.0000000000000000
lambda_coupling: 1.0000000000000000
uy: 0.0000000000000000
maximum_displacement: 1.0000000000000000
maximum_rotation: 1.0000000000000000
maximum_volume: 0.7966244197298310
maximum_shape: 0.0000001000000000
maximum_dsigma: 0.0100000000000000
mod: 10
pmod: 10
optimize: 1
verbose: 1
snapshot: 0
display: 1
explore: 1
npt: 1
nptxy: 0
nptdxdy: 0
shape: 0
seed: 1136380
-70.491048023565 -57.771295970324 0.000000000000 1.000000000000
16.159718689215 5.884968292442 0.866025403784 -0.500000000000
-40.165974368451 -160.020194355925 0.866025403784 -0.500000000000
-53.629019330671 -69.897142407564 0.866025403784 0.500000000000
-5.677942236351 -66.905450378987 0.866025403784 0.500000000000
23.951403674972 -14.372163825158 0.866025403784 0.500000000000
30.015023416843 -28.678661281783 0.000000000000 1.000000000000
-137.501243293964 25.107626857727 0.000000000000 1.000000000000
-41.541572578372 -60.373983232592 0.866025403784 -0.500000000000
-77.682644541653 -55.198788301845 0.866025403784 0.500000000000
36.707564012437 -63.565830063943 0.000000000000 1.000000000000
-52.324096378477 127.163441469695 0.866025403784 0.500000000000
-8.163479973753 -86.423998696982 0.866025403784 -0.500000000000
-27.099171977074 35.175480492864 0.866025403784 0.500000000000
52.084027746079 -36.128660804822 0.866025403784 -0.500000000000
64.218209909032 -31.810260432703 0.000000000000 1.000000000000
-21.285804549522 -29.939575072580 0.000000000000 1.000000000000
-83.301140802442 -203.220432642697 0.000000000000 1.000000000000
39.989688601311 133.446139199863 0.866025403784 -0.500000000000
42.640325435756 -41.295318027715 0.000000000000 1.000000000000
