#Configurational_file created 2018-09-14 11:34:22  started 2018-09-14 11:34:21 run for 1.0s steps 0
name: p_991
step: 10000
specie: 20
	particle_diameter: 1.0000000000000000
	interaction_length: 1.2000000000000000
	number_of_patches: 3
	number_of_particles_per_compound: 1
	rod_length: 1.0000000000000000
	interaction_matrix:  1.000000 1.000000 1.000000 1.000000 1.000000 1.000000 1.000000 1.000000 1.000000
	patch_type: symmetric
	patch_width: 8.0000000000000000
	patch_angle: 0.0000000000000000
	angles:  0.000000 0.000000 0.000000
	grand_canonical: 0
	chemical_potential: 0.0000000000000000
box: 8.713312 8.713312
copy: 1.000000 1.000000
epsilon: 0.2917080000000000
end_epsilon: 0.0000000000000000
pressure: 1.2500370000000001
lambda: 0.0000000000000000
lambda_coupling: 1.0000000000000000
uy: 0.0000000000000000
maximum_displacement: 1.0000000000000000
maximum_rotation: 1.0000000000000000
maximum_volume: 1.0000000000000000
maximum_shape: 0.0000001000000000
maximum_dsigma: 0.0100000000000000
mod: 10
pmod: 10
optimize: 1
verbose: 1
snapshot: 0
display: 1
explore: 1
npt: 1
nptxy: 0
nptdxdy: 0
shape: 0
seed: 1129558
102.687213744640 -57.208380904780 0.866025403784 0.500000000000
-7.048954619113 -54.083104593349 0.866025403784 -0.500000000000
2.052136320183 57.281698476550 0.866025403784 -0.500000000000
-80.555434888634 137.491647476434 0.000000000000 1.000000000000
4.883225276625 83.873077987816 0.866025403784 -0.500000000000
48.346200745636 -53.199417538258 0.866025403784 0.500000000000
-13.743513766100 -27.340992561022 0.866025403784 -0.500000000000
26.519493823014 -1.351034864290 0.866025403784 0.500000000000
175.257986713192 -55.055942238116 0.866025403784 -0.500000000000
47.075904065415 -74.855916370485 0.866025403784 -0.500000000000
-105.125519433647 -61.490334634378 0.866025403784 -0.500000000000
40.236004034663 -56.095068088401 0.866025403784 0.500000000000
65.148147852467 9.334376082562 0.000000000000 1.000000000000
44.676782861042 1.479347942643 0.866025403784 0.500000000000
-85.268701433119 116.958458081234 0.866025403784 -0.500000000000
63.844078312576 -112.747852653920 0.000000000000 1.000000000000
-55.967358623765 88.915855599785 0.000000000000 1.000000000000
34.970500516606 3.742947193942 0.866025403784 -0.500000000000
105.487499263590 -25.746618399531 0.000000000000 1.000000000000
96.747905777084 -38.445626759919 0.866025403784 0.500000000000
