#Configurational_file created 2018-09-14 11:34:25  started 2018-09-14 11:34:25 run for 0.0s steps 0
name: p_995
step: 10000
specie: 20
	particle_diameter: 1.0000000000000000
	interaction_length: 1.2000000000000000
	number_of_patches: 3
	number_of_particles_per_compound: 1
	rod_length: 1.0000000000000000
	interaction_matrix:  1.000000 1.000000 1.000000 1.000000 1.000000 1.000000 1.000000 1.000000 1.000000
	patch_type: symmetric
	patch_width: 8.0000000000000000
	patch_angle: 0.0000000000000000
	angles:  0.000000 0.000000 0.000000
	grand_canonical: 0
	chemical_potential: 0.0000000000000000
box: 8.756186 8.756186
copy: 1.000000 1.000000
epsilon: 0.2917080000000000
end_epsilon: 0.0000000000000000
pressure: 1.5833539999999999
lambda: 0.0000000000000000
lambda_coupling: 1.0000000000000000
uy: 0.0000000000000000
maximum_displacement: 1.0000000000000000
maximum_rotation: 1.0000000000000000
maximum_volume: 0.7911803408048815
maximum_shape: 0.0000001000000000
maximum_dsigma: 0.0100000000000000
mod: 10
pmod: 10
optimize: 1
verbose: 1
snapshot: 0
display: 1
explore: 1
npt: 1
nptxy: 0
nptdxdy: 0
shape: 0
seed: 1134106
50.487378864966 -5.467516125064 0.866025403784 0.500000000000
106.765793952271 -175.828956665776 0.866025403784 -0.500000000000
-31.576495206169 -87.967911682941 0.866025403784 0.500000000000
-12.633445147594 58.051813415414 0.866025403784 -0.500000000000
-101.182685872971 -111.181490830426 0.000000000000 1.000000000000
-104.865055297561 -24.026301862059 0.866025403784 0.500000000000
53.716742798343 -13.840579665156 0.866025403784 -0.500000000000
-22.726544194622 15.581039656667 0.000000000000 1.000000000000
128.705539585992 -55.783669587912 0.866025403784 -0.500000000000
-59.676509192272 27.133807468628 0.866025403784 -0.500000000000
-40.041189759522 -74.510110388891 0.000000000000 1.000000000000
51.039475285999 -37.525266959081 0.866025403784 0.500000000000
-17.772368446461 -79.564090831246 0.000000000000 1.000000000000
-134.065319539600 52.921849653456 0.866025403784 -0.500000000000
9.729785263153 142.723662348160 0.000000000000 1.000000000000
-72.343666012827 83.283877636161 0.866025403784 0.500000000000
-43.058694340773 -43.561345813554 0.866025403784 0.500000000000
108.064364284041 64.181860073177 0.866025403784 0.500000000000
49.248085971958 -14.118724011984 0.866025403784 -0.500000000000
-40.970218678240 -99.273027677472 0.866025403784 0.500000000000
