#Configurational_file created 2018-09-14 13:57:41  started 2018-09-14 13:57:41 run for 0.0s steps 0
name: p_994
step: 10000
specie: 20
	particle_diameter: 1.0000000000000000
	interaction_length: 1.2000000000000000
	number_of_patches: 3
	number_of_particles_per_compound: 1
	rod_length: 1.0000000000000000
	interaction_matrix:  1.000000 1.000000 1.000000 1.000000 1.000000 1.000000 1.000000 1.000000 1.000000
	patch_type: symmetric
	patch_width: 8.0000000000000000
	patch_angle: 0.0000000000000000
	angles:  0.000000 0.000000 0.000000
	grand_canonical: 0
	chemical_potential: 0.0000000000000000
box: 38.848028 38.848028
copy: 1.000000 1.000000
epsilon: 0.2068970000000000
end_epsilon: 0.0000000000000000
pressure: 0.0517250000000000
lambda: 0.0000000000000000
lambda_coupling: 1.0000000000000000
uy: 0.0000000000000000
maximum_displacement: 1.0000000000000000
maximum_rotation: 1.0000000000000000
maximum_volume: 1.0000000000000000
maximum_shape: 0.0000001000000000
maximum_dsigma: 0.0100000000000000
mod: 10
pmod: 10
optimize: 1
verbose: 1
snapshot: 0
display: 1
explore: 1
npt: 1
nptxy: 0
nptdxdy: 0
shape: 0
seed: 1132969
19.761432277728 41.359309505083 0.000000000000 1.000000000000
47.372521443616 -151.825153500969 0.866025403784 -0.500000000000
-129.411621946349 374.481155082331 0.866025403784 -0.500000000000
249.137416389882 -68.949467021055 0.000000000000 1.000000000000
-88.445666933915 45.487134811349 0.866025403784 0.500000000000
302.940995954442 61.078361845297 0.866025403784 0.500000000000
-102.352275439361 63.002263990460 0.866025403784 0.500000000000
49.367266306219 50.664139271602 0.866025403784 0.500000000000
87.467202691156 196.529532756838 0.000000000000 1.000000000000
147.745359777133 194.548544466059 0.000000000000 1.000000000000
106.612244082518 1.469076647909 0.866025403784 -0.500000000000
167.158595889004 60.048377765521 0.866025403784 -0.500000000000
-207.048505997546 183.692220261276 0.866025403784 -0.500000000000
-172.144840445091 -17.350001969565 0.000000000000 1.000000000000
50.133466001245 242.801847490477 0.866025403784 0.500000000000
419.830624843218 50.460965841822 0.866025403784 0.500000000000
-17.933927239765 -90.727831818704 0.866025403784 -0.500000000000
117.965254663080 9.409119906427 0.866025403784 0.500000000000
-205.162468943015 -29.467564329187 0.866025403784 0.500000000000
-159.835569916679 -73.102590996504 0.000000000000 1.000000000000
