#Configurational_file created 2018-09-14 13:57:45  started 2018-09-14 13:57:44 run for 1.0s steps 0
name: p_999
step: 10000
specie: 20
	particle_diameter: 1.0000000000000000
	interaction_length: 1.2000000000000000
	number_of_patches: 3
	number_of_particles_per_compound: 1
	rod_length: 1.0000000000000000
	interaction_matrix:  1.000000 1.000000 1.000000 1.000000 1.000000 1.000000 1.000000 1.000000 1.000000
	patch_type: symmetric
	patch_width: 8.0000000000000000
	patch_angle: 0.0000000000000000
	angles:  0.000000 0.000000 0.000000
	grand_canonical: 0
	chemical_potential: 0.0000000000000000
box: 23.374407 23.374407
copy: 1.000000 1.000000
epsilon: 0.2068970000000000
end_epsilon: 0.0000000000000000
pressure: 0.1379320000000000
lambda: 0.0000000000000000
lambda_coupling: 1.0000000000000000
uy: 0.0000000000000000
maximum_displacement: 1.0000000000000000
maximum_rotation: 1.0000000000000000
maximum_volume: 1.0000000000000000
maximum_shape: 0.0000001000000000
maximum_dsigma: 0.0100000000000000
mod: 10
pmod: 10
optimize: 1
verbose: 1
snapshot: 0
display: 1
explore: 1
npt: 1
nptxy: 0
nptdxdy: 0
shape: 0
seed: 1138654
88.756832213400 204.482153106082 0.000000000000 1.000000000000
52.150049187348 -104.036972840907 0.000000000000 1.000000000000
21.298391818057 79.792873344540 0.866025403784 -0.500000000000
-23.729610454188 -58.793519578804 0.000000000000 1.000000000000
341.432078104878 -189.801026746195 0.866025403784 0.500000000000
120.731841187208 58.608554675328 0.000000000000 1.000000000000
-21.499317913636 153.470411030824 0.866025403784 -0.500000000000
20.699730824216 -43.119221654504 0.000000000000 1.000000000000
87.427514520961 99.073667954697 0.866025403784 0.500000000000
131.045984431600 39.191755788149 0.866025403784 -0.500000000000
278.627475899364 70.694257981206 0.866025403784 -0.500000000000
-80.369503217663 118.076797786667 0.866025403784 0.500000000000
54.489851243284 -42.753144387922 0.866025403784 -0.500000000000
74.705763969631 -140.068957073373 0.000000000000 1.000000000000
-59.085513619136 24.096356686612 0.866025403784 0.500000000000
-6.686016150703 164.360880535668 0.866025403784 -0.500000000000
98.146787516638 100.943327865773 0.866025403784 0.500000000000
53.869746552016 -76.824302377906 0.000000000000 1.000000000000
49.239676726571 138.108161032467 0.000000000000 1.000000000000
21.306910585992 60.771554862879 0.866025403784 -0.500000000000
