#Configurational_file created 2018-09-14 12:20:37  started 2018-09-14 12:20:36 run for 1.0s steps 0
name: p_99
step: 10000
specie: 20
	particle_diameter: 1.0000000000000000
	interaction_length: 1.2000000000000000
	number_of_patches: 3
	number_of_particles_per_compound: 1
	rod_length: 1.0000000000000000
	interaction_matrix:  1.000000 1.000000 1.000000 1.000000 1.000000 1.000000 1.000000 1.000000 1.000000
	patch_type: symmetric
	patch_width: 8.0000000000000000
	patch_angle: 0.0000000000000000
	angles:  0.000000 0.000000 0.000000
	grand_canonical: 0
	chemical_potential: 0.0000000000000000
box: 42.579055 42.579055
copy: 1.000000 1.000000
epsilon: 2.0000000000000000
end_epsilon: 0.0000000000000000
pressure: 0.0000010000000000
lambda: 0.0000000000000000
lambda_coupling: 1.0000000000000000
uy: 0.0000000000000000
maximum_displacement: 1.0000000000000000
maximum_rotation: 1.0000000000000000
maximum_volume: 1.0000000000000000
maximum_shape: 0.0000001000000000
maximum_dsigma: 0.0100000000000000
mod: 10
pmod: 10
optimize: 1
verbose: 1
snapshot: 0
display: 1
explore: 1
npt: 1
nptxy: 0
nptdxdy: 0
shape: 0
seed: 115354
-84.995719168495 38.437354150224 0.866025403784 0.500000000000
-12.906453260088 92.145039098941 0.866025403784 0.500000000000
-251.924515373283 207.636832661183 0.000000000000 1.000000000000
23.304032829313 225.271632009391 0.000000000000 1.000000000000
151.701534920021 116.253265450615 0.866025403784 0.500000000000
137.124136013357 -20.779429134966 0.866025403784 -0.500000000000
-275.817684116769 100.429694630004 0.866025403784 -0.500000000000
-49.558173627354 -12.306617698165 0.866025403784 0.500000000000
101.228442071057 -103.299745981178 0.866025403784 0.500000000000
49.351829671474 -77.271727689767 0.866025403784 0.500000000000
249.746636329003 2.375623785342 0.866025403784 0.500000000000
54.712100112920 208.107781612718 0.866025403784 0.500000000000
-70.663511739040 -9.186562356553 0.000000000000 1.000000000000
151.531632537030 111.004666721659 0.866025403784 -0.500000000000
-122.926118598165 96.670800440670 0.866025403784 -0.500000000000
299.391844184446 129.454349740443 0.866025403784 0.500000000000
152.972185037443 -27.470372776894 0.000000000000 1.000000000000
-129.540773994485 93.614159231838 0.866025403784 -0.500000000000
-168.500326422844 26.388076594280 0.866025403784 0.500000000000
648.470066879320 -72.232537015946 0.866025403784 0.500000000000
