#Configurational_file created 2018-09-14 12:01:58  started 2018-09-14 12:01:58 run for 0.0s steps 0
name: p_994
step: 10000
specie: 20
	particle_diameter: 1.0000000000000000
	interaction_length: 1.2000000000000000
	number_of_patches: 3
	number_of_particles_per_compound: 1
	rod_length: 1.0000000000000000
	interaction_matrix:  1.000000 1.000000 1.000000 1.000000 1.000000 1.000000 1.000000 1.000000 1.000000
	patch_type: symmetric
	patch_width: 8.0000000000000000
	patch_angle: 0.0000000000000000
	angles:  0.000000 0.000000 0.000000
	grand_canonical: 0
	chemical_potential: 0.0000000000000000
box: 39.169558 39.169558
copy: 1.000000 1.000000
epsilon: 0.0291670000000000
end_epsilon: 0.0000000000000000
pressure: 0.0750000000000000
lambda: 0.0000000000000000
lambda_coupling: 1.0000000000000000
uy: 0.0000000000000000
maximum_displacement: 1.0000000000000000
maximum_rotation: 1.0000000000000000
maximum_volume: 1.0000000000000000
maximum_shape: 0.0000001000000000
maximum_dsigma: 0.0100000000000000
mod: 10
pmod: 10
optimize: 1
verbose: 1
snapshot: 0
display: 1
explore: 1
npt: 1
nptxy: 0
nptdxdy: 0
shape: 0
seed: 1132969
-71.552948585453 -79.667567044219 0.000000000000 1.000000000000
32.111519169784 -90.381712886404 0.866025403784 0.500000000000
-136.525090426792 37.491442952014 0.866025403784 0.500000000000
-145.921695929004 166.124535318218 0.866025403784 -0.500000000000
98.412804838099 -175.683763908716 0.866025403784 0.500000000000
-67.908509837712 -6.701619819390 0.866025403784 0.500000000000
261.981204345302 -2.001844134914 0.866025403784 0.500000000000
-11.285804298470 -228.017474918738 0.866025403784 0.500000000000
39.878146309824 252.674451423453 0.000000000000 1.000000000000
143.231892230591 -24.192183625757 0.000000000000 1.000000000000
9.272803210567 -321.117904270278 0.866025403784 -0.500000000000
304.075906578233 -35.172950209634 0.866025403784 0.500000000000
-79.852776070939 2.372144969742 0.866025403784 -0.500000000000
104.159335744910 -72.368410312697 0.866025403784 -0.500000000000
221.898183645402 260.333423876008 0.866025403784 -0.500000000000
209.661622536296 288.537858850319 0.000000000000 1.000000000000
-172.999944464759 210.662242543500 0.866025403784 0.500000000000
-29.730325592887 68.020903666155 0.000000000000 1.000000000000
-305.995163624625 10.106052995300 0.866025403784 0.500000000000
-114.433398015983 -135.923210714974 0.866025403784 0.500000000000
