#Configurational_file created 2018-09-14 13:57:43  started 2018-09-14 13:57:43 run for 0.0s steps 0
name: p_997
step: 10000
specie: 20
	particle_diameter: 1.0000000000000000
	interaction_length: 1.2000000000000000
	number_of_patches: 3
	number_of_particles_per_compound: 1
	rod_length: 1.0000000000000000
	interaction_matrix:  1.000000 1.000000 1.000000 1.000000 1.000000 1.000000 1.000000 1.000000 1.000000
	patch_type: symmetric
	patch_width: 8.0000000000000000
	patch_angle: 0.0000000000000000
	angles:  0.000000 0.000000 0.000000
	grand_canonical: 0
	chemical_potential: 0.0000000000000000
box: 26.740057 26.740057
copy: 1.000000 1.000000
epsilon: 0.2068970000000000
end_epsilon: 0.0000000000000000
pressure: 0.1034490000000000
lambda: 0.0000000000000000
lambda_coupling: 1.0000000000000000
uy: 0.0000000000000000
maximum_displacement: 1.0000000000000000
maximum_rotation: 1.0000000000000000
maximum_volume: 1.0000000000000000
maximum_shape: 0.0000001000000000
maximum_dsigma: 0.0100000000000000
mod: 10
pmod: 10
optimize: 1
verbose: 1
snapshot: 0
display: 1
explore: 1
npt: 1
nptxy: 0
nptdxdy: 0
shape: 0
seed: 1136380
62.738002810945 25.150935551779 0.866025403784 0.500000000000
-3.234942907338 102.940247721366 0.000000000000 1.000000000000
-14.727400807540 176.472878183161 0.866025403784 0.500000000000
-36.645984533943 68.580495613789 0.866025403784 -0.500000000000
5.815354490031 96.089224962474 0.000000000000 1.000000000000
-157.189288090719 -3.896997936083 0.866025403784 -0.500000000000
72.877254488503 103.864293620751 0.000000000000 1.000000000000
-131.520546037696 54.648108265749 0.866025403784 0.500000000000
-39.585443363206 167.624729398131 0.866025403784 0.500000000000
-47.162450502387 136.358299713436 0.000000000000 1.000000000000
91.134411141127 -30.719563761652 0.000000000000 1.000000000000
-56.112649475554 -16.597929588696 0.866025403784 -0.500000000000
-257.449254838302 45.388488883289 0.866025403784 0.500000000000
67.625239320712 47.833800241858 0.000000000000 1.000000000000
46.704520693093 -66.261912183705 0.866025403784 0.500000000000
-72.803099337472 -239.956515072099 0.000000000000 1.000000000000
-0.549626910198 113.383880145256 0.000000000000 1.000000000000
-407.074591128084 -152.095900469173 0.000000000000 1.000000000000
31.852555775176 130.330375565938 0.866025403784 -0.500000000000
-18.354054746376 38.122211382496 0.866025403784 -0.500000000000
