#Configurational_file created 2018-09-14 12:01:57  started 2018-09-14 12:01:56 run for 1.0s steps 0
name: p_992
step: 10000
specie: 20
	particle_diameter: 1.0000000000000000
	interaction_length: 1.2000000000000000
	number_of_patches: 3
	number_of_particles_per_compound: 1
	rod_length: 1.0000000000000000
	interaction_matrix:  1.000000 1.000000 1.000000 1.000000 1.000000 1.000000 1.000000 1.000000 1.000000
	patch_type: symmetric
	patch_width: 8.0000000000000000
	patch_angle: 0.0000000000000000
	angles:  0.000000 0.000000 0.000000
	grand_canonical: 0
	chemical_potential: 0.0000000000000000
box: 54.143995 54.143995
copy: 1.000000 1.000000
epsilon: 0.0291670000000000
end_epsilon: 0.0000000000000000
pressure: 0.0666670000000000
lambda: 0.0000000000000000
lambda_coupling: 1.0000000000000000
uy: 0.0000000000000000
maximum_displacement: 1.0000000000000000
maximum_rotation: 1.0000000000000000
maximum_volume: 1.0000000000000000
maximum_shape: 0.0000001000000000
maximum_dsigma: 0.0100000000000000
mod: 10
pmod: 10
optimize: 1
verbose: 1
snapshot: 0
display: 1
explore: 1
npt: 1
nptxy: 0
nptdxdy: 0
shape: 0
seed: 1130695
319.668345910832 -27.297417393319 0.866025403784 -0.500000000000
17.564940996955 125.365987352545 0.866025403784 -0.500000000000
-33.162615518023 292.110009505421 0.000000000000 1.000000000000
-70.025872499372 115.111073252207 0.866025403784 0.500000000000
-295.573835746207 220.042119223148 0.866025403784 -0.500000000000
338.082777415185 -83.572148000593 0.866025403784 -0.500000000000
54.740518717883 -67.252618365214 0.866025403784 0.500000000000
409.948700287404 278.659836716586 0.000000000000 1.000000000000
390.882498992821 -264.957472228257 0.000000000000 1.000000000000
323.223904417407 204.201219599822 0.000000000000 1.000000000000
266.062617137080 155.500011667641 0.000000000000 1.000000000000
-99.100117122782 -99.785970391576 0.866025403784 -0.500000000000
-446.603666338007 -87.053418099633 0.866025403784 0.500000000000
104.621796754846 217.464983641425 0.000000000000 1.000000000000
29.635944446815 29.367495102497 0.000000000000 1.000000000000
-205.749334888965 325.306656056800 0.866025403784 -0.500000000000
33.152152288484 538.255695713220 0.866025403784 0.500000000000
180.720606569150 115.732927460911 0.000000000000 1.000000000000
244.717771603600 319.603999796429 0.000000000000 1.000000000000
-34.878803891434 78.881981673085 0.866025403784 -0.500000000000
