#Configurational_file created 2018-09-14 13:57:38  started 2018-09-14 13:57:38 run for 0.0s steps 0
name: p_990
step: 10000
specie: 20
	particle_diameter: 1.0000000000000000
	interaction_length: 1.2000000000000000
	number_of_patches: 3
	number_of_particles_per_compound: 1
	rod_length: 1.0000000000000000
	interaction_matrix:  1.000000 1.000000 1.000000 1.000000 1.000000 1.000000 1.000000 1.000000 1.000000
	patch_type: symmetric
	patch_width: 8.0000000000000000
	patch_angle: 0.0000000000000000
	angles:  0.000000 0.000000 0.000000
	grand_canonical: 0
	chemical_potential: 0.0000000000000000
box: 17.507712 17.507712
copy: 1.000000 1.000000
epsilon: 0.1379320000000000
end_epsilon: 0.0000000000000000
pressure: 0.5000000000000000
lambda: 0.0000000000000000
lambda_coupling: 1.0000000000000000
uy: 0.0000000000000000
maximum_displacement: 1.0000000000000000
maximum_rotation: 1.0000000000000000
maximum_volume: 1.0000000000000000
maximum_shape: 0.0000001000000000
maximum_dsigma: 0.0100000000000000
mod: 10
pmod: 10
optimize: 1
verbose: 1
snapshot: 0
display: 1
explore: 1
npt: 1
nptxy: 0
nptdxdy: 0
shape: 0
seed: 1128421
-158.793902917199 43.277468398008 0.866025403784 0.500000000000
17.031795365381 -118.712530141478 0.866025403784 -0.500000000000
23.065768670982 86.154727456977 0.000000000000 1.000000000000
-65.792720291104 124.470882858506 0.866025403784 -0.500000000000
-12.202634346787 -86.012001465352 0.866025403784 -0.500000000000
-61.219391323900 -40.972585004322 0.866025403784 0.500000000000
57.312314576228 -83.482314076238 0.866025403784 -0.500000000000
-46.622947443103 12.636559531230 0.866025403784 -0.500000000000
74.357900133041 84.612777218369 0.866025403784 -0.500000000000
115.818703291265 4.243895930124 0.866025403784 0.500000000000
4.346403363974 -39.475780097030 0.866025403784 0.500000000000
10.226034022789 191.955183143481 0.000000000000 1.000000000000
115.024161270720 -28.156743845696 0.866025403784 0.500000000000
-57.522024806836 -41.633075345685 0.866025403784 0.500000000000
67.121374753307 95.516218542574 0.866025403784 -0.500000000000
121.644943706200 26.935432159518 0.866025403784 -0.500000000000
52.225723786606 33.612159963927 0.866025403784 0.500000000000
162.068923524686 -14.539395621893 0.866025403784 -0.500000000000
182.477472308593 -36.194526258737 0.000000000000 1.000000000000
-12.889537907785 48.640070098279 0.866025403784 -0.500000000000
