#Configurational_file created 2018-09-14 12:01:58  started 2018-09-14 12:01:57 run for 1.0s steps 0
name: p_993
step: 10000
specie: 20
	particle_diameter: 1.0000000000000000
	interaction_length: 1.2000000000000000
	number_of_patches: 3
	number_of_particles_per_compound: 1
	rod_length: 1.0000000000000000
	interaction_matrix:  1.000000 1.000000 1.000000 1.000000 1.000000 1.000000 1.000000 1.000000 1.000000
	patch_type: symmetric
	patch_width: 8.0000000000000000
	patch_angle: 0.0000000000000000
	angles:  0.000000 0.000000 0.000000
	grand_canonical: 0
	chemical_potential: 0.0000000000000000
box: 44.018735 44.018735
copy: 1.000000 1.000000
epsilon: 0.0291670000000000
end_epsilon: 0.0000000000000000
pressure: 0.0708340000000000
lambda: 0.0000000000000000
lambda_coupling: 1.0000000000000000
uy: 0.0000000000000000
maximum_displacement: 1.0000000000000000
maximum_rotation: 1.0000000000000000
maximum_volume: 1.0000000000000000
maximum_shape: 0.0000001000000000
maximum_dsigma: 0.0100000000000000
mod: 10
pmod: 10
optimize: 1
verbose: 1
snapshot: 0
display: 1
explore: 1
npt: 1
nptxy: 0
nptdxdy: 0
shape: 0
seed: 1131832
-149.675748693699 74.782352789442 0.866025403784 0.500000000000
-463.418093834086 51.605924419412 0.000000000000 1.000000000000
121.632285335848 -159.534031981086 0.866025403784 0.500000000000
214.422972159701 -125.507161582438 0.866025403784 -0.500000000000
-67.486625501491 127.866518484360 0.000000000000 1.000000000000
-77.934838886507 -111.071378867138 0.000000000000 1.000000000000
121.643902108566 -181.211164334797 0.000000000000 1.000000000000
-233.698754931342 27.509188312763 0.866025403784 -0.500000000000
-126.258680352402 -153.361042425546 0.866025403784 -0.500000000000
-185.960477808513 -110.419597844609 0.866025403784 -0.500000000000
-10.472120933033 172.249403816181 0.000000000000 1.000000000000
-102.542175510209 -17.490699304536 0.000000000000 1.000000000000
-10.706363351888 376.635221935466 0.866025403784 -0.500000000000
16.398242278004 183.704448280254 0.000000000000 1.000000000000
-47.505963372033 -42.311252146114 0.000000000000 1.000000000000
91.016824308465 -76.241023914087 0.866025403784 -0.500000000000
-72.336306955837 70.515156781391 0.000000000000 1.000000000000
107.866417990221 185.450021528464 0.866025403784 0.500000000000
-17.023405246701 63.038538489359 0.000000000000 1.000000000000
-6.715546122194 95.032248672486 0.866025403784 0.500000000000
