#Configurational_file created 2018-09-14 13:57:42  started 2018-09-14 13:57:41 run for 1.0s steps 0
name: p_995
step: 10000
specie: 20
	particle_diameter: 1.0000000000000000
	interaction_length: 1.2000000000000000
	number_of_patches: 3
	number_of_particles_per_compound: 1
	rod_length: 1.0000000000000000
	interaction_matrix:  1.000000 1.000000 1.000000 1.000000 1.000000 1.000000 1.000000 1.000000 1.000000
	patch_type: symmetric
	patch_width: 8.0000000000000000
	patch_angle: 0.0000000000000000
	angles:  0.000000 0.000000 0.000000
	grand_canonical: 0
	chemical_potential: 0.0000000000000000
box: 38.957077 38.957077
copy: 1.000000 1.000000
epsilon: 0.2068970000000000
end_epsilon: 0.0000000000000000
pressure: 0.0689660000000000
lambda: 0.0000000000000000
lambda_coupling: 1.0000000000000000
uy: 0.0000000000000000
maximum_displacement: 1.0000000000000000
maximum_rotation: 1.0000000000000000
maximum_volume: 1.0000000000000000
maximum_shape: 0.0000001000000000
maximum_dsigma: 0.0100000000000000
mod: 10
pmod: 10
optimize: 1
verbose: 1
snapshot: 0
display: 1
explore: 1
npt: 1
nptxy: 0
nptdxdy: 0
shape: 0
seed: 1134106
51.754624052489 47.758826833715 0.866025403784 0.500000000000
59.398412662558 87.803642431709 0.866025403784 0.500000000000
-142.063980606125 -239.097864636198 0.866025403784 -0.500000000000
312.266748577099 107.938741021438 0.000000000000 1.000000000000
80.355187015573 -3.952369979447 0.000000000000 1.000000000000
-166.648970260858 -170.233143694446 0.000000000000 1.000000000000
-84.800674001582 65.161631676664 0.866025403784 -0.500000000000
121.473790204642 -41.624562995515 0.866025403784 -0.500000000000
365.488428668569 69.645952602589 0.866025403784 0.500000000000
-55.941578741978 123.225039223455 0.000000000000 1.000000000000
-219.472927763596 -197.167131894985 0.866025403784 -0.500000000000
-14.539273328156 -68.613424695322 0.866025403784 0.500000000000
-158.325625206270 -311.589941593948 0.000000000000 1.000000000000
-34.460115917265 91.363365945797 0.000000000000 1.000000000000
-64.013351229730 120.056107406012 0.866025403784 0.500000000000
305.403352946424 180.587787587183 0.866025403784 -0.500000000000
161.674557458455 158.971970067006 0.866025403784 0.500000000000
2.548479394319 31.900378037244 0.866025403784 -0.500000000000
-55.049080072061 -6.924509304580 0.866025403784 -0.500000000000
-239.054765398982 100.843921464051 0.000000000000 1.000000000000
