#Configurational_file created 2018-09-14 12:02:01  started 2018-09-14 12:02:00 run for 1.0s steps 0
name: p_998
step: 10000
specie: 20
	particle_diameter: 1.0000000000000000
	interaction_length: 1.2000000000000000
	number_of_patches: 3
	number_of_particles_per_compound: 1
	rod_length: 1.0000000000000000
	interaction_matrix:  1.000000 1.000000 1.000000 1.000000 1.000000 1.000000 1.000000 1.000000 1.000000
	patch_type: symmetric
	patch_width: 8.0000000000000000
	patch_angle: 0.0000000000000000
	angles:  0.000000 0.000000 0.000000
	grand_canonical: 0
	chemical_potential: 0.0000000000000000
box: 51.461994 51.461994
copy: 1.000000 1.000000
epsilon: 0.0291670000000000
end_epsilon: 0.0000000000000000
pressure: 0.0916670000000000
lambda: 0.0000000000000000
lambda_coupling: 1.0000000000000000
uy: 0.0000000000000000
maximum_displacement: 1.0000000000000000
maximum_rotation: 1.0000000000000000
maximum_volume: 1.0000000000000000
maximum_shape: 0.0000001000000000
maximum_dsigma: 0.0100000000000000
mod: 10
pmod: 10
optimize: 1
verbose: 1
snapshot: 0
display: 1
explore: 1
npt: 1
nptxy: 0
nptdxdy: 0
shape: 0
seed: 1137517
-412.506840231632 -185.518644700810 0.866025403784 0.500000000000
65.567073219638 144.117632943945 0.000000000000 1.000000000000
76.898074778309 159.935162769940 0.866025403784 -0.500000000000
-298.540456621904 -50.797029642377 0.866025403784 -0.500000000000
244.692341351575 199.162311122456 0.866025403784 0.500000000000
127.790377119645 446.562455332174 0.866025403784 -0.500000000000
106.557208334529 164.259410910174 0.866025403784 0.500000000000
-34.548850369353 130.573162103334 0.866025403784 -0.500000000000
55.703922512373 -228.531710725438 0.866025403784 -0.500000000000
60.852001163474 204.012519090655 0.866025403784 -0.500000000000
130.945307064778 87.809417222576 0.866025403784 -0.500000000000
-46.645609139839 173.762477570406 0.000000000000 1.000000000000
-7.786375905614 -282.034552713167 0.000000000000 1.000000000000
-42.246993954753 34.066680609273 0.866025403784 -0.500000000000
351.649224840534 89.016990126384 0.866025403784 0.500000000000
-209.934179928882 347.732249723835 0.866025403784 0.500000000000
59.597429905910 188.279617564071 0.000000000000 1.000000000000
-155.118793437514 265.292490705865 0.000000000000 1.000000000000
103.700052514152 37.429063063808 0.866025403784 0.500000000000
-136.162746941495 267.633074841313 0.866025403784 -0.500000000000
