#Configurational_file created 2018-09-14 11:34:29  started 2018-09-14 11:34:28 run for 1.0s steps 0
name: p_999
step: 10000
specie: 20
	particle_diameter: 1.0000000000000000
	interaction_length: 1.2000000000000000
	number_of_patches: 3
	number_of_particles_per_compound: 1
	rod_length: 1.0000000000000000
	interaction_matrix:  1.000000 1.000000 1.000000 1.000000 1.000000 1.000000 1.000000 1.000000 1.000000
	patch_type: symmetric
	patch_width: 8.0000000000000000
	patch_angle: 0.0000000000000000
	angles:  0.000000 0.000000 0.000000
	grand_canonical: 0
	chemical_potential: 0.0000000000000000
box: 8.728776 8.728776
copy: 1.000000 1.000000
epsilon: 0.2917080000000000
end_epsilon: 0.0000000000000000
pressure: 1.9166710000000000
lambda: 0.0000000000000000
lambda_coupling: 1.0000000000000000
uy: 0.0000000000000000
maximum_displacement: 1.0000000000000000
maximum_rotation: 1.0000000000000000
maximum_volume: 0.5727247576047502
maximum_shape: 0.0000001000000000
maximum_dsigma: 0.0100000000000000
mod: 10
pmod: 10
optimize: 1
verbose: 1
snapshot: 0
display: 1
explore: 1
npt: 1
nptxy: 0
nptdxdy: 0
shape: 0
seed: 1138654
-4.474713521993 120.450899340372 0.000000000000 1.000000000000
-34.158686507957 25.139306042628 0.000000000000 1.000000000000
55.230981518712 51.659188688595 0.000000000000 1.000000000000
9.472736072622 27.616792169025 0.000000000000 1.000000000000
-28.906152962749 91.031029915346 0.866025403784 0.500000000000
-1.185927590573 1.402775551162 0.000000000000 1.000000000000
-36.652963130487 88.865228413129 0.866025403784 -0.500000000000
-59.140804076765 17.400000091391 0.866025403784 -0.500000000000
-64.555679135638 -123.503270061729 0.866025403784 -0.500000000000
17.220261945001 118.670265807595 0.000000000000 1.000000000000
-17.296158770310 -139.760591133099 0.866025403784 -0.500000000000
15.056815311786 67.787999056828 0.000000000000 1.000000000000
17.114699199955 94.367387746129 0.866025403784 0.500000000000
114.011277300877 29.112092713338 0.000000000000 1.000000000000
63.972242226628 69.329117823986 0.866025403784 -0.500000000000
129.307984385199 92.019230386439 0.866025403784 -0.500000000000
9.009758409240 82.190493751723 0.866025403784 0.500000000000
54.924360817717 75.204283018039 0.866025403784 -0.500000000000
98.917982956536 13.716896562600 0.000000000000 1.000000000000
102.378219009556 105.467039651996 0.866025403784 0.500000000000
