#Configurational_file created 2018-09-14 12:01:59  started 2018-09-14 12:01:58 run for 1.0s steps 0
name: p_995
step: 10000
specie: 20
	particle_diameter: 1.0000000000000000
	interaction_length: 1.2000000000000000
	number_of_patches: 3
	number_of_particles_per_compound: 1
	rod_length: 1.0000000000000000
	interaction_matrix:  1.000000 1.000000 1.000000 1.000000 1.000000 1.000000 1.000000 1.000000 1.000000
	patch_type: symmetric
	patch_width: 8.0000000000000000
	patch_angle: 0.0000000000000000
	angles:  0.000000 0.000000 0.000000
	grand_canonical: 0
	chemical_potential: 0.0000000000000000
box: 48.473492 48.473492
copy: 1.000000 1.000000
epsilon: 0.0291670000000000
end_epsilon: 0.0000000000000000
pressure: 0.0791670000000000
lambda: 0.0000000000000000
lambda_coupling: 1.0000000000000000
uy: 0.0000000000000000
maximum_displacement: 1.0000000000000000
maximum_rotation: 1.0000000000000000
maximum_volume: 1.0000000000000000
maximum_shape: 0.0000001000000000
maximum_dsigma: 0.0100000000000000
mod: 10
pmod: 10
optimize: 1
verbose: 1
snapshot: 0
display: 1
explore: 1
npt: 1
nptxy: 0
nptdxdy: 0
shape: 0
seed: 1134106
233.949120176753 88.751119481574 0.000000000000 1.000000000000
46.156567518797 60.568927860489 0.866025403784 -0.500000000000
-187.936035416320 -180.590231451023 0.866025403784 0.500000000000
217.797469742611 -81.214611475772 0.866025403784 0.500000000000
254.076534732540 5.065583085933 0.866025403784 0.500000000000
241.035332920860 22.906559528493 0.866025403784 0.500000000000
215.513886825202 9.025255794129 0.000000000000 1.000000000000
65.296030704629 225.447264981184 0.866025403784 -0.500000000000
23.103849599421 -255.495598630267 0.866025403784 0.500000000000
86.160008622718 -150.542731121215 0.866025403784 -0.500000000000
2.311561745279 224.664545978626 0.000000000000 1.000000000000
134.672236729873 -44.274290781742 0.866025403784 -0.500000000000
9.064900474508 -380.403643657588 0.866025403784 -0.500000000000
329.174614477169 364.319432935869 0.000000000000 1.000000000000
-58.746947985660 -42.609092606760 0.000000000000 1.000000000000
57.979220271783 -204.768258841861 0.000000000000 1.000000000000
-67.945569808491 260.953250052989 0.866025403784 0.500000000000
-18.378544570692 190.132200609091 0.000000000000 1.000000000000
351.065884337276 -30.979250518217 0.000000000000 1.000000000000
41.395661348977 131.656732415748 0.000000000000 1.000000000000
