#Configurational_file created 2018-09-14 11:34:24  started 2018-09-14 11:34:23 run for 1.0s steps 0
name: p_993
step: 10000
specie: 20
	particle_diameter: 1.0000000000000000
	interaction_length: 1.2000000000000000
	number_of_patches: 3
	number_of_particles_per_compound: 1
	rod_length: 1.0000000000000000
	interaction_matrix:  1.000000 1.000000 1.000000 1.000000 1.000000 1.000000 1.000000 1.000000 1.000000
	patch_type: symmetric
	patch_width: 8.0000000000000000
	patch_angle: 0.0000000000000000
	angles:  0.000000 0.000000 0.000000
	grand_canonical: 0
	chemical_potential: 0.0000000000000000
box: 8.973411 8.973411
copy: 1.000000 1.000000
epsilon: 0.2917080000000000
end_epsilon: 0.0000000000000000
pressure: 1.4166960000000000
lambda: 0.0000000000000000
lambda_coupling: 1.0000000000000000
uy: 0.0000000000000000
maximum_displacement: 1.0000000000000000
maximum_rotation: 1.0000000000000000
maximum_volume: 0.6956000000000000
maximum_shape: 0.0000001000000000
maximum_dsigma: 0.0100000000000000
mod: 10
pmod: 10
optimize: 1
verbose: 1
snapshot: 0
display: 1
explore: 1
npt: 1
nptxy: 0
nptdxdy: 0
shape: 0
seed: 1131832
47.793300545806 9.515394483349 0.866025403784 -0.500000000000
-104.296705690294 125.640703231134 0.000000000000 1.000000000000
-42.230516445785 -110.251532820922 0.866025403784 -0.500000000000
74.512014473590 -59.198305951560 0.866025403784 -0.500000000000
46.844306904684 -93.280872791947 0.866025403784 -0.500000000000
57.901445135205 -27.939711268306 0.000000000000 1.000000000000
-21.053929748532 102.143373864669 0.866025403784 -0.500000000000
-39.379812511107 -30.921305206981 0.866025403784 0.500000000000
-25.273352195882 -22.623741265435 0.866025403784 0.500000000000
-53.256301294872 132.265901013026 0.866025403784 0.500000000000
69.251115446511 -12.539574825324 0.866025403784 -0.500000000000
79.860032634906 42.972681943462 0.866025403784 -0.500000000000
-37.100177623406 -31.162876588393 0.866025403784 0.500000000000
-41.317844102535 13.854411691165 0.000000000000 1.000000000000
-56.153031243926 -42.853113795683 0.866025403784 -0.500000000000
6.647949066194 -16.566482132328 0.866025403784 0.500000000000
-45.763505673579 54.442889504375 0.866025403784 -0.500000000000
-22.682868884050 74.665930825412 0.866025403784 0.500000000000
45.853424005402 -6.364391661475 0.000000000000 1.000000000000
137.071053076417 64.748660533890 0.866025403784 -0.500000000000
