#Configurational_file created 2018-08-17 15:00:33  started 2018-08-17 15:00:32 run for 1.0s steps 0
name: a_-0.909_1.201
step: 100000
specie: 8
	particle_diameter: 1.0000000000000000
	interaction_length: 1.2000000000000000
	number_of_patches: 3
	number_of_particles_per_compound: 1
	rod_length: 1.0000000000000000
	interaction_matrix:  1.000000 1.000000 1.000000 1.000000 1.000000 1.000000 1.000000 1.000000 1.000000
	patch_type: symmetric
	patch_width: 8.0000000000000000
	patch_angle: 0.0000000000000000
	angles:  0.000000 0.000000 0.000000
	grand_canonical: 1
	chemical_potential: -1.8068136636099446
box: 10.000000 10.000000
copy: 1.000000 1.000000
epsilon: 2.5855244355264198
end_epsilon: 0.0000000000000000
pressure: 1.0000000000000000
lambda: 0.0000000000000000
lambda_coupling: 1.0000000000000000
uy: 0.0000000000000000
maximum_displacement: 1.0000000000000000
maximum_rotation: 1.0000000000000000
maximum_volume: 0.0000001000000000
maximum_shape: 0.0000001000000000
maximum_dsigma: 0.0100000000000000
mod: 100
pmod: 100
optimize: 1
verbose: 1
snapshot: 0
seed: 41528
6.010521751642 1.766060668625 0.981972536422 0.189023643267
1.904748667799 4.626714346020 0.997223930971 0.074460939411
3.893996369769 7.126507691755 0.625712690713 -0.780053606287
2.843207705214 8.258850883202 -0.479610004117 -0.877481762746
1.447057661825 8.411686873575 0.931723026568 -0.363169659751
3.221663432020 4.558858949474 0.635348913394 0.772225199181
3.907416473817 8.351471527448 -0.232373076534 0.972626728659
2.167687197781 1.490131426943 0.452353713036 -0.891838616737
