#Configurational_file created 2018-08-17 15:00:45  started 2018-08-17 15:00:45 run for 0.0s steps 0
name: a_-0.909_2.400
step: 100000
specie: 13
	particle_diameter: 1.0000000000000000
	interaction_length: 1.2000000000000000
	number_of_patches: 3
	number_of_particles_per_compound: 1
	rod_length: 1.0000000000000000
	interaction_matrix:  1.000000 1.000000 1.000000 1.000000 1.000000 1.000000 1.000000 1.000000 1.000000
	patch_type: symmetric
	patch_width: 8.0000000000000000
	patch_angle: 0.0000000000000000
	angles:  0.000000 0.000000 0.000000
	grand_canonical: 1
	chemical_potential: -1.4725189238258525
box: 10.000000 10.000000
copy: 1.000000 1.000000
epsilon: 2.2185412018711377
end_epsilon: 0.0000000000000000
pressure: 1.0000000000000000
lambda: 0.0000000000000000
lambda_coupling: 1.0000000000000000
uy: 0.0000000000000000
maximum_displacement: 1.0000000000000000
maximum_rotation: 1.0000000000000000
maximum_volume: 0.0000001000000000
maximum_shape: 0.0000001000000000
maximum_dsigma: 0.0100000000000000
mod: 100
pmod: 100
optimize: 1
verbose: 1
snapshot: 0
seed: 68816
6.917259455367 2.207303878141 0.516014485749 0.856579856462
1.078099746370 9.749091809523 -0.832432404818 0.554126602329
6.828829780826 7.948970911369 -0.329946801153 0.943999527759
2.129982197680 4.980029028924 -0.984115824151 -0.177527588436
9.168451434738 8.950790952941 -0.112252417432 0.993679724449
5.351854384312 9.350723244618 0.666987305630 0.745069080105
0.244183132095 1.811439037600 0.765792073228 0.643088252560
4.831001296114 1.845071866690 0.816729740434 -0.577020390533
3.771418628239 3.037582465495 -0.542154382626 0.840278897390
3.791737168139 1.243054875929 -0.290667836212 0.956824021956
5.010479815426 3.245150091138 0.571909794418 -0.820316516382
2.821142850880 2.720698217913 -0.997963334963 0.063790140850
0.608603320009 5.429511450041 0.422319826967 0.906446889647
