#Configurational_file created 2018-08-17 14:27:39  started 2018-08-17 14:27:38 run for 1.0s steps 0
name: a_-0.444_2.575
step: 100000
specie: 16
	particle_diameter: 1.0000000000000000
	interaction_length: 1.2000000000000000
	number_of_patches: 3
	number_of_particles_per_compound: 1
	rod_length: 1.0000000000000000
	interaction_matrix:  1.000000 1.000000 1.000000 1.000000 1.000000 1.000000 1.000000 1.000000 1.000000
	patch_type: symmetric
	patch_width: 8.0000000000000000
	patch_angle: 0.0000000000000000
	angles:  0.000000 0.000000 0.000000
	grand_canonical: 1
	chemical_potential: -1.1760528828419532
box: 10.000000 10.000000
copy: 1.000000 1.000000
epsilon: 1.4544840773797225
end_epsilon: 0.0000000000000000
pressure: 1.0000000000000000
lambda: 0.0000000000000000
lambda_coupling: 1.0000000000000000
uy: 0.0000000000000000
maximum_displacement: 1.0000000000000000
maximum_rotation: 1.0000000000000000
maximum_volume: 0.0000001000000000
maximum_shape: 0.0000001000000000
maximum_dsigma: 0.0100000000000000
mod: 100
pmod: 100
optimize: 1
verbose: 1
snapshot: 0
seed: 19925
5.392001916934 2.546974750222 0.992752628014 0.120175786129
4.704646925864 5.227127094983 -0.711595040351 -0.702589850871
8.870372229730 5.224877196168 0.992384128316 -0.123181743238
8.600502666179 7.124281308046 0.819803162474 -0.572645418036
3.559894102685 5.558302216599 -0.305005273636 0.952350661812
7.364751199610 8.281619499702 0.230162169193 0.973152288120
2.330310427656 1.593876822774 0.903278540800 -0.429054632572
9.250671072832 1.109506323089 0.765665517620 0.643238925383
9.796939992538 2.898609241486 -0.019944199443 0.999801094673
1.578889192669 2.806819434590 0.743439827312 -0.668802828318
2.309213116492 6.486045728546 -0.984388594435 -0.176008792809
1.314049426165 3.885324331701 0.824102082005 -0.566441310671
7.561384792347 3.281081774414 0.278295197635 0.960495592376
4.225632305876 4.019676763611 -0.300496561884 0.953782897884
6.573935309447 9.630929061338 0.827684317597 -0.561193968610
6.332097024666 5.144078823076 0.967937493153 0.251191180875
