#Configurational_file created 2018-08-17 14:58:37  started 2018-08-17 14:58:37 run for 0.0s steps 0
name: a_-0.556_0.751
step: 100000
specie: 15
	particle_diameter: 1.0000000000000000
	interaction_length: 1.2000000000000000
	number_of_patches: 3
	number_of_particles_per_compound: 1
	rod_length: 1.0000000000000000
	interaction_matrix:  1.000000 1.000000 1.000000 1.000000 1.000000 1.000000 1.000000 1.000000 1.000000
	patch_type: symmetric
	patch_width: 8.0000000000000000
	patch_angle: 0.0000000000000000
	angles:  0.000000 0.000000 0.000000
	grand_canonical: 1
	chemical_potential: -1.5527572767187350
box: 10.000000 10.000000
copy: 1.000000 1.000000
epsilon: 0.2334330766471722
end_epsilon: 0.0000000000000000
pressure: 1.0000000000000000
lambda: 0.0000000000000000
lambda_coupling: 1.0000000000000000
uy: 0.0000000000000000
maximum_displacement: 1.0000000000000000
maximum_rotation: 1.0000000000000000
maximum_volume: 0.0000001000000000
maximum_shape: 0.0000001000000000
maximum_dsigma: 0.0100000000000000
mod: 100
pmod: 100
optimize: 1
verbose: 1
snapshot: 0
seed: 19925
0.515695538114 7.164073647997 -0.948817063353 0.315826186833
6.568979653564 9.703062526157 0.981149257227 0.193251481345
7.663448230655 6.201784541253 -0.003437710366 -0.999994091056
2.183284345515 1.160529493990 -0.034665767891 0.999398961645
3.006713879506 2.037023085942 -0.999483077432 0.032149306787
8.451110672252 2.461249547278 0.943973990244 0.330019856590
9.553634618981 6.649332047531 0.874802090495 -0.484480445907
3.458405455147 4.729329172741 0.976454822745 0.215721995027
2.578911543942 3.487576703758 -0.582497246894 0.812832674885
8.776138481258 5.596356859838 0.987859162610 0.155352099593
3.329505243774 6.448015754418 0.622411090854 0.782690509705
4.909820550932 6.153968128766 -0.459599518804 -0.888126276109
6.894602526031 1.640543767839 -0.809147665646 -0.587605356663
8.577719856212 9.726836450754 -0.974293084062 -0.225284234577
7.494941753395 0.809438009348 0.188325119923 0.982106740230
