#Configurational_file created 2018-08-17 14:58:56  started 2018-08-17 14:58:55 run for 1.0s steps 0
name: a_-0.556_2.250
step: 100000
specie: 12
	particle_diameter: 1.0000000000000000
	interaction_length: 1.2000000000000000
	number_of_patches: 3
	number_of_particles_per_compound: 1
	rod_length: 1.0000000000000000
	interaction_matrix:  1.000000 1.000000 1.000000 1.000000 1.000000 1.000000 1.000000 1.000000 1.000000
	patch_type: symmetric
	patch_width: 8.0000000000000000
	patch_angle: 0.0000000000000000
	angles:  0.000000 0.000000 0.000000
	grand_canonical: 1
	chemical_potential: -1.5326856957500132
box: 10.000000 10.000000
copy: 1.000000 1.000000
epsilon: 1.6526716646027009
end_epsilon: 0.0000000000000000
pressure: 1.0000000000000000
lambda: 0.0000000000000000
lambda_coupling: 1.0000000000000000
uy: 0.0000000000000000
maximum_displacement: 1.0000000000000000
maximum_rotation: 1.0000000000000000
maximum_volume: 0.0000001000000000
maximum_shape: 0.0000001000000000
maximum_dsigma: 0.0100000000000000
mod: 100
pmod: 100
optimize: 1
verbose: 1
snapshot: 0
seed: 42665
3.239016365484 4.323244345082 -0.274332506039 0.961634897521
9.697864699070 2.152132141722 0.966473987411 -0.256764545175
9.555590501141 9.766795858957 0.970280571622 -0.241982669487
7.806220736047 5.193964823849 -0.771610412250 -0.636095410852
6.447885814831 0.287990021223 -0.031710863235 0.999497084114
6.252310941388 3.564162419868 -0.448502718445 -0.893781467445
6.488653194938 6.826678126864 -0.440244396787 0.897877982299
0.895055398362 2.214937907235 -0.710125403477 0.704075217102
1.919215250062 9.660119376081 0.997307662921 0.073330931260
2.162604298793 7.864930489763 0.063892572397 0.997956782227
3.454312672295 3.335337753892 0.994670182120 0.103107850339
5.687610936752 5.567570167799 -0.686041414509 0.727562490497
