#Configurational_file created 2018-08-17 14:58:29  started 2018-08-17 14:58:28 run for 1.0s steps 0
name: a_-0.556_0.001
step: 100000
specie: 15
	particle_diameter: 1.0000000000000000
	interaction_length: 1.2000000000000000
	number_of_patches: 3
	number_of_particles_per_compound: 1
	rod_length: 1.0000000000000000
	interaction_matrix:  1.000000 1.000000 1.000000 1.000000 1.000000 1.000000 1.000000 1.000000 1.000000
	patch_type: symmetric
	patch_width: 8.0000000000000000
	patch_angle: 0.0000000000000000
	angles:  0.000000 0.000000 0.000000
	grand_canonical: 1
	chemical_potential: -1.2061543092998892
box: 10.000000 10.000000
copy: 1.000000 1.000000
epsilon: 0.4080988923177628
end_epsilon: 0.0000000000000000
pressure: 1.0000000000000000
lambda: 0.0000000000000000
lambda_coupling: 1.0000000000000000
uy: 0.0000000000000000
maximum_displacement: 1.0000000000000000
maximum_rotation: 1.0000000000000000
maximum_volume: 0.0000001000000000
maximum_shape: 0.0000001000000000
maximum_dsigma: 0.0100000000000000
mod: 100
pmod: 100
optimize: 1
verbose: 1
snapshot: 0
seed: 8555
0.401128513368 1.426127681007 0.975537088842 -0.219834911455
2.409922301966 5.926315274409 0.964630453726 -0.263605932679
3.813710213496 1.949396444785 -0.363322190877 0.931663558167
0.980940272762 8.492651267952 -0.849092708486 -0.528243856941
0.862368832467 4.314710572425 -0.064867306566 0.997893898438
5.909818990647 3.889939089820 0.192810250335 0.981236060979
8.962474898977 5.855699520351 -0.972586819648 0.232540057294
1.140700706081 2.690392794639 0.845567586823 -0.533868388383
6.738621769429 0.102295322597 0.132785560234 0.991144790126
6.980152804699 7.144473767260 -0.780159278962 0.625580929577
9.494103026455 9.681807470822 -0.834021927404 -0.551731297471
7.320336692144 2.212876436894 -0.496787025716 -0.867872485496
5.657806109643 9.887949344511 0.152632445743 0.988283024496
1.518420637966 0.171643711563 0.331383460832 0.943496158915
2.486794791317 9.505586301932 -0.619422151139 -0.785058086181
