#Configurational_file created 2018-08-17 14:38:52  started 2018-08-17 14:38:51 run for 1.0s steps 0
name: a_-0.333_0.500
step: 100000
specie: 12
	particle_diameter: 1.0000000000000000
	interaction_length: 1.2000000000000000
	number_of_patches: 3
	number_of_particles_per_compound: 1
	rod_length: 1.0000000000000000
	interaction_matrix:  1.000000 1.000000 1.000000 1.000000 1.000000 1.000000 1.000000 1.000000 1.000000
	patch_type: symmetric
	patch_width: 8.0000000000000000
	patch_angle: 0.0000000000000000
	angles:  0.000000 0.000000 0.000000
	grand_canonical: 1
	chemical_potential: -1.2792193785893460
box: 10.000000 10.000000
copy: 1.000000 1.000000
epsilon: 0.7870388013581697
end_epsilon: 0.0000000000000000
pressure: 1.0000000000000000
lambda: 0.0000000000000000
lambda_coupling: 1.0000000000000000
uy: 0.0000000000000000
maximum_displacement: 1.0000000000000000
maximum_rotation: 1.0000000000000000
maximum_volume: 0.0000001000000000
maximum_shape: 0.0000001000000000
maximum_dsigma: 0.0100000000000000
mod: 100
pmod: 100
optimize: 1
verbose: 1
snapshot: 0
seed: 8555
1.831798288617 8.483958235811 0.656837353180 0.754032288080
5.075391194700 8.260931976041 -0.150090279017 -0.988672295629
6.938130500194 4.673772769262 -0.470251584647 0.882532405715
7.621603604303 8.013340825657 0.696550657161 0.717507618084
0.898885536602 5.306073938251 0.480762802885 -0.876850687040
3.143006162682 4.691827931041 0.972080540134 -0.234647445102
0.550508567557 0.314286767812 -0.984991179243 -0.172604683635
8.274515663074 3.451812755147 -0.922275112366 -0.386534108600
6.615647491844 6.948422656596 0.947997893101 0.318276600894
8.589142570824 5.405680382192 0.621412702305 0.783483409788
9.623022894542 4.912236583982 0.925056615163 -0.379829249458
2.077949691304 3.320836929067 0.000000000000 1.000000000000
