#Configurational_file created 2018-08-17 15:00:27  started 2018-08-17 15:00:26 run for 1.0s steps 0
name: a_-0.909_0.601
step: 100000
specie: 6
	particle_diameter: 1.0000000000000000
	interaction_length: 1.2000000000000000
	number_of_patches: 3
	number_of_particles_per_compound: 1
	rod_length: 1.0000000000000000
	interaction_matrix:  1.000000 1.000000 1.000000 1.000000 1.000000 1.000000 1.000000 1.000000 1.000000
	patch_type: symmetric
	patch_width: 8.0000000000000000
	patch_angle: 0.0000000000000000
	angles:  0.000000 0.000000 0.000000
	grand_canonical: 1
	chemical_potential: -2.2411077510983395
box: 10.000000 10.000000
copy: 1.000000 1.000000
epsilon: 0.5349828220641155
end_epsilon: 0.0000000000000000
pressure: 1.0000000000000000
lambda: 0.0000000000000000
lambda_coupling: 1.0000000000000000
uy: 0.0000000000000000
maximum_displacement: 1.0000000000000000
maximum_rotation: 1.0000000000000000
maximum_volume: 0.0000001000000000
maximum_shape: 0.0000001000000000
maximum_dsigma: 0.0100000000000000
mod: 100
pmod: 100
optimize: 1
verbose: 1
snapshot: 0
seed: 27884
7.343676712382 5.726633056968 -0.971832540191 -0.235672471507
8.626394978518 3.071724826949 0.848431514541 0.529305172027
4.364175161584 8.840978494444 -0.923878563817 0.382685770993
5.262660397986 4.036335895268 -0.901293983770 0.433207981020
2.798057676257 2.822913561361 0.875623799969 -0.482993748333
5.150443228265 2.309704887608 0.230517137104 0.973068265592
