#Configurational_file created 2018-08-17 14:58:46  started 2018-08-17 14:58:46 run for 0.0s steps 0
name: a_-0.556_1.500
step: 100000
specie: 8
	particle_diameter: 1.0000000000000000
	interaction_length: 1.2000000000000000
	number_of_patches: 3
	number_of_particles_per_compound: 1
	rod_length: 1.0000000000000000
	interaction_matrix:  1.000000 1.000000 1.000000 1.000000 1.000000 1.000000 1.000000 1.000000 1.000000
	patch_type: symmetric
	patch_width: 8.0000000000000000
	patch_angle: 0.0000000000000000
	angles:  0.000000 0.000000 0.000000
	grand_canonical: 1
	chemical_potential: -1.9542176486526539
box: 10.000000 10.000000
copy: 1.000000 1.000000
epsilon: 0.6203019124110760
end_epsilon: 0.0000000000000000
pressure: 1.0000000000000000
lambda: 0.0000000000000000
lambda_coupling: 1.0000000000000000
uy: 0.0000000000000000
maximum_displacement: 1.0000000000000000
maximum_rotation: 1.0000000000000000
maximum_volume: 0.0000001000000000
maximum_shape: 0.0000001000000000
maximum_dsigma: 0.0100000000000000
mod: 100
pmod: 100
optimize: 1
verbose: 1
snapshot: 0
seed: 31295
1.085538451821 5.839207910315 0.976205897530 -0.216845672377
9.379853417528 8.005969764425 -0.999165048302 0.040855920655
9.685569964762 4.727454204518 -0.940979512208 -0.338463524776
4.421679661284 5.435305706949 0.364374607969 0.931252460435
7.538962781504 0.372272229663 0.333549938513 -0.942732432092
0.703888087169 1.085976472911 0.457867180337 0.889020610093
4.206522095760 0.617044630949 0.642032361188 -0.766677537944
5.074425029125 7.839902958885 -0.997039824752 0.076886851015
