#Configurational_file created 2018-08-17 15:00:32  started 2018-08-17 15:00:32 run for 0.0s steps 0
name: a_-1.364_1.201
step: 100000
specie: 15
	particle_diameter: 1.0000000000000000
	interaction_length: 1.2000000000000000
	number_of_patches: 3
	number_of_particles_per_compound: 1
	rod_length: 1.0000000000000000
	interaction_matrix:  1.000000 1.000000 1.000000 1.000000 1.000000 1.000000 1.000000 1.000000 1.000000
	patch_type: symmetric
	patch_width: 8.0000000000000000
	patch_angle: 0.0000000000000000
	angles:  0.000000 0.000000 0.000000
	grand_canonical: 1
	chemical_potential: -1.4163106097204314
box: 10.000000 10.000000
copy: 1.000000 1.000000
epsilon: 1.4756743706732562
end_epsilon: 0.0000000000000000
pressure: 1.0000000000000000
lambda: 0.0000000000000000
lambda_coupling: 1.0000000000000000
uy: 0.0000000000000000
maximum_displacement: 1.0000000000000000
maximum_rotation: 1.0000000000000000
maximum_volume: 0.0000001000000000
maximum_shape: 0.0000001000000000
maximum_dsigma: 0.0100000000000000
mod: 100
pmod: 100
optimize: 1
verbose: 1
snapshot: 0
seed: 40391
0.264223498689 9.531758036102 0.529970343901 0.848016175898
6.927611456546 8.586603904632 -0.117019959921 -0.993129563038
5.015088278855 3.519291526057 -0.851725404194 0.523988392859
2.205601141592 0.869731951453 0.973780476241 -0.227489745024
7.084165267524 6.471880059266 0.426512961112 0.904481450337
4.169086332402 6.577221956038 -0.274169987468 0.961681245513
7.615914055559 3.277184985302 -0.854863936638 -0.518852242778
9.235692423068 5.017418050030 0.912529528009 0.409010831778
3.187295470098 4.149195275374 0.934326552953 -0.356418142703
0.631235771382 4.832420866619 -0.199473917475 0.979903136155
6.377108540866 4.110726456329 0.620545707012 0.784170278389
5.638249789640 1.947074051109 -0.283387211795 0.959005572555
8.010562373022 5.814951861172 0.681070056253 0.732218258770
8.250365701728 7.994564516342 0.920710647585 -0.390245952475
2.652548986463 6.151326014293 -0.198980102520 0.980003529994
