#Configurational_file created 2018-08-17 14:58:37  started 2018-08-17 14:58:36 run for 1.0s steps 0
name: a_-1.667_0.751
step: 100000
specie: 12
	particle_diameter: 1.0000000000000000
	interaction_length: 1.2000000000000000
	number_of_patches: 3
	number_of_particles_per_compound: 1
	rod_length: 1.0000000000000000
	interaction_matrix:  1.000000 1.000000 1.000000 1.000000 1.000000 1.000000 1.000000 1.000000 1.000000
	patch_type: symmetric
	patch_width: 8.0000000000000000
	patch_angle: 0.0000000000000000
	angles:  0.000000 0.000000 0.000000
	grand_canonical: 1
	chemical_potential: -2.0591915439626378
box: 10.000000 10.000000
copy: 1.000000 1.000000
epsilon: 0.7451995404007874
end_epsilon: 0.0000000000000000
pressure: 1.0000000000000000
lambda: 0.0000000000000000
lambda_coupling: 1.0000000000000000
uy: 0.0000000000000000
maximum_displacement: 1.0000000000000000
maximum_rotation: 1.0000000000000000
maximum_volume: 0.0000001000000000
maximum_shape: 0.0000001000000000
maximum_dsigma: 0.0100000000000000
mod: 100
pmod: 100
optimize: 1
verbose: 1
snapshot: 0
seed: 18788
3.791690632675 6.549578450642 -0.022448404982 0.999748002806
5.383835086591 8.078976862711 -0.984532892035 0.175199841610
4.166869693472 0.734596642635 0.138658734835 0.990340221971
3.236842975838 5.253385225944 0.948234632995 0.317570591819
9.072669153348 8.809460865020 -0.543455957433 0.839437682220
2.879496719438 9.759904066798 -0.885692616559 -0.464272106607
3.388439858796 2.927146397339 0.644245791577 -0.764818514443
0.865127581875 7.846780704778 -0.325998497943 0.945370286892
5.458573934083 1.995921990701 -0.010593428511 0.999943888062
6.664139800750 0.166929367255 0.865154011465 0.501506267604
2.480305749409 3.724666074938 0.969203195209 -0.246262393389
1.381786126470 4.213232065071 -0.644823789353 0.764331263710
