#Configurational_file created 2018-08-17 14:47:42  started 2018-08-17 14:47:41 run for 1.0s steps 0
name: a_-1.556_0.250
step: 100000
specie: 12
	particle_diameter: 1.0000000000000000
	interaction_length: 1.2000000000000000
	number_of_patches: 3
	number_of_particles_per_compound: 1
	rod_length: 1.0000000000000000
	interaction_matrix:  1.000000 1.000000 1.000000 1.000000 1.000000 1.000000 1.000000 1.000000 1.000000
	patch_type: symmetric
	patch_width: 8.0000000000000000
	patch_angle: 0.0000000000000000
	angles:  0.000000 0.000000 0.000000
	grand_canonical: 1
	chemical_potential: -2.4785825023042287
box: 10.000000 10.000000
copy: 1.000000 1.000000
epsilon: 1.0209911819239068
end_epsilon: 0.0000000000000000
pressure: 1.0000000000000000
lambda: 0.0000000000000000
lambda_coupling: 1.0000000000000000
uy: 0.0000000000000000
maximum_displacement: 1.0000000000000000
maximum_rotation: 1.0000000000000000
maximum_volume: 0.0000001000000000
maximum_shape: 0.0000001000000000
maximum_dsigma: 0.0100000000000000
mod: 100
pmod: 100
optimize: 1
verbose: 1
snapshot: 0
seed: 5144
7.492193768302 4.857724075202 0.481169285756 -0.876627696599
2.873616177482 2.729547582355 0.999592872199 -0.028532259778
3.239806806976 4.410258696301 -0.640785774311 0.767719734956
2.202590882408 8.204053047295 0.508667925300 -0.860962799296
8.816803470930 8.661875407482 -0.636922221792 0.770928066286
4.851199295734 1.637646582054 0.805314387584 0.592847988232
2.214218568934 5.787239661865 -0.212881327853 0.977078062517
1.821601398169 2.448449602682 0.601134220540 -0.799148076952
6.996711243662 0.447675635340 0.589488240184 0.807776958501
1.028461904575 5.198070957227 0.900878702142 0.434070920504
9.547370266400 7.530112284854 0.197018535990 0.980399763605
6.128258515885 8.514517395403 0.866025403784 -0.500000000000
