#Configurational_file created 2018-08-17 14:47:42  started 2018-08-17 14:47:42 run for 0.0s steps 0
name: a_-1.111_0.250
step: 100000
specie: 16
	particle_diameter: 1.0000000000000000
	interaction_length: 1.2000000000000000
	number_of_patches: 3
	number_of_particles_per_compound: 1
	rod_length: 1.0000000000000000
	interaction_matrix:  1.000000 1.000000 1.000000 1.000000 1.000000 1.000000 1.000000 1.000000 1.000000
	patch_type: symmetric
	patch_width: 8.0000000000000000
	patch_angle: 0.0000000000000000
	angles:  0.000000 0.000000 0.000000
	grand_canonical: 1
	chemical_potential: -1.0374005038360745
box: 10.000000 10.000000
copy: 1.000000 1.000000
epsilon: 0.0030937597092373
end_epsilon: 0.0000000000000000
pressure: 1.0000000000000000
lambda: 0.0000000000000000
lambda_coupling: 1.0000000000000000
uy: 0.0000000000000000
maximum_displacement: 1.0000000000000000
maximum_rotation: 1.0000000000000000
maximum_volume: 0.0000001000000000
maximum_shape: 0.0000001000000000
maximum_dsigma: 0.0100000000000000
mod: 100
pmod: 100
optimize: 1
verbose: 1
snapshot: 0
seed: 6281
5.392012554315 1.563016221987 0.568073010859 -0.822978161517
8.961271232763 5.044871544408 0.565776284494 0.824558788628
3.591733771446 4.597217781321 -0.360895313214 0.932606333294
9.872870888726 8.536590410323 0.168547468572 -0.985693537991
3.135453857256 9.643490489128 -0.163320449875 -0.986573074158
8.503133069712 2.147631912183 -0.573063091000 -0.819511252963
9.268220542146 7.439820900847 -0.283559062893 -0.958954773621
0.483814501431 5.654467108726 0.482806212876 -0.875727218264
7.692535838628 0.826848858868 0.989918239394 0.141639963694
0.534408472438 6.861734273114 0.847738572575 0.530414283904
3.202193979242 0.937297486102 -0.925115288202 -0.379686322554
5.572735172587 5.895050207455 0.919410481772 -0.393299333851
1.159503767246 2.928149044762 0.651744405110 -0.758438679399
0.267898201003 3.665284060661 -0.687712260787 0.725983365074
5.284543619048 3.311797655892 0.603758633316 -0.797167179892
7.532663191646 6.303815352533 -0.969114767512 0.246610152650
