#Configurational_file created 2018-08-17 15:00:21  started 2018-08-17 15:00:20 run for 1.0s steps 0
name: a_-1.364_0.001
step: 100000
specie: 10
	particle_diameter: 1.0000000000000000
	interaction_length: 1.2000000000000000
	number_of_patches: 3
	number_of_particles_per_compound: 1
	rod_length: 1.0000000000000000
	interaction_matrix:  1.000000 1.000000 1.000000 1.000000 1.000000 1.000000 1.000000 1.000000 1.000000
	patch_type: symmetric
	patch_width: 8.0000000000000000
	patch_angle: 0.0000000000000000
	angles:  0.000000 0.000000 0.000000
	grand_canonical: 1
	chemical_potential: -1.9484536767919443
box: 10.000000 10.000000
copy: 1.000000 1.000000
epsilon: 0.6249779808325016
end_epsilon: 0.0000000000000000
pressure: 1.0000000000000000
lambda: 0.0000000000000000
lambda_coupling: 1.0000000000000000
uy: 0.0000000000000000
maximum_displacement: 1.0000000000000000
maximum_rotation: 1.0000000000000000
maximum_volume: 0.0000001000000000
maximum_shape: 0.0000001000000000
maximum_dsigma: 0.0100000000000000
mod: 100
pmod: 100
optimize: 1
verbose: 1
snapshot: 0
seed: 13103
1.719463965042 8.576149714990 -0.475751692468 -0.879579630911
7.641408787260 8.099276543376 -0.814651130201 0.579951322148
5.859231061740 8.849276835422 0.946131221186 0.323783434253
2.704337787636 8.322604392156 0.915767553544 -0.401708585763
0.728869525964 5.590015757063 0.020057451411 0.999798829087
0.138384409779 3.432877819406 -0.640660238439 0.767824497449
7.353087652235 1.629560725091 0.720488696035 0.693466681885
7.366822004229 5.100710968625 -0.693832195892 -0.720136711982
9.593298460045 0.011338767802 0.524311408591 0.851526597836
7.725843780593 2.753267653260 0.993365548688 -0.114999507299
