#Configurational_file created 2018-08-17 14:47:50  started 2018-08-17 14:47:50 run for 0.0s steps 0
name: a_-1.556_2.188
step: 100000
specie: 17
	particle_diameter: 1.0000000000000000
	interaction_length: 1.2000000000000000
	number_of_patches: 3
	number_of_particles_per_compound: 1
	rod_length: 1.0000000000000000
	interaction_matrix:  1.000000 1.000000 1.000000 1.000000 1.000000 1.000000 1.000000 1.000000 1.000000
	patch_type: symmetric
	patch_width: 8.0000000000000000
	patch_angle: 0.0000000000000000
	angles:  0.000000 0.000000 0.000000
	grand_canonical: 1
	chemical_potential: -1.4725742036718636
box: 10.000000 10.000000
copy: 1.000000 1.000000
epsilon: 2.1245770838163729
end_epsilon: 0.0000000000000000
pressure: 1.0000000000000000
lambda: 0.0000000000000000
lambda_coupling: 1.0000000000000000
uy: 0.0000000000000000
maximum_displacement: 1.0000000000000000
maximum_rotation: 1.0000000000000000
maximum_volume: 0.0000001000000000
maximum_shape: 0.0000001000000000
maximum_dsigma: 0.0100000000000000
mod: 100
pmod: 100
optimize: 1
verbose: 1
snapshot: 0
seed: 16514
3.640633592124 1.773951129490 0.705778290648 -0.708432780474
8.097431454609 4.316353708919 -0.951425201195 -0.307879987220
2.585647266320 8.807485020760 0.911478814996 -0.411347018725
7.289630410546 8.006661459597 0.292757025100 0.956186866807
0.153784294415 7.436858571326 0.667821686330 -0.744321298410
6.466935674134 0.980634559882 -0.284330510499 0.958726322158
1.128687697319 5.497150086181 -0.998013045630 -0.063007624555
9.099151492848 7.507206244287 0.539395310047 -0.842052670264
3.623287951826 7.334538665753 -0.636685796095 -0.771123334526
2.226394735001 1.418928911309 0.000000000000 1.000000000000
0.388254413902 0.789846061238 0.997053921360 0.076703832368
4.986459180218 9.193206384019 -0.793690046882 -0.608322372990
3.109258920416 6.006226842405 -0.939709411288 -0.341974008276
5.837297856703 4.146580616868 -0.833065682840 0.553174084783
0.800332630584 3.402804483583 0.549005371538 0.835818821290
4.004480079992 0.482133114878 -0.094756110083 -0.995500517128
1.713157961421 2.314327407749 0.199035670331 0.979992245855
