#Configurational_file created 2018-08-17 15:00:50  started 2018-08-17 15:00:49 run for 1.0s steps 0
name: a_-1.818_3.000
step: 100000
specie: 6
	particle_diameter: 1.0000000000000000
	interaction_length: 1.2000000000000000
	number_of_patches: 3
	number_of_particles_per_compound: 1
	rod_length: 1.0000000000000000
	interaction_matrix:  1.000000 1.000000 1.000000 1.000000 1.000000 1.000000 1.000000 1.000000 1.000000
	patch_type: symmetric
	patch_width: 8.0000000000000000
	patch_angle: 0.0000000000000000
	angles:  0.000000 0.000000 0.000000
	grand_canonical: 1
	chemical_potential: -2.1545465235239512
box: 10.000000 10.000000
copy: 1.000000 1.000000
epsilon: 4.4972602962544945
end_epsilon: 0.0000000000000000
pressure: 1.0000000000000000
lambda: 0.0000000000000000
lambda_coupling: 1.0000000000000000
uy: 0.0000000000000000
maximum_displacement: 1.0000000000000000
maximum_rotation: 1.0000000000000000
maximum_volume: 0.0000001000000000
maximum_shape: 0.0000001000000000
maximum_dsigma: 0.0100000000000000
mod: 100
pmod: 100
optimize: 1
verbose: 1
snapshot: 0
seed: 80186
6.934328481599 2.960456907806 0.596589003729 -0.802546921139
3.222112599670 1.363437796302 0.800599756752 -0.599199490561
8.783758126746 9.481058646723 0.661974239763 0.749526587848
5.601886302258 0.328828471615 0.907350505556 -0.420374904184
9.489568520137 4.812847234393 0.134050088250 -0.990974557615
3.380491238304 7.264095374356 -0.385321640050 0.922782332790
