#Configurational_file created 2018-08-17 14:52:02  started 2018-08-17 14:52:02 run for 0.0s steps 0
name: a_-1.333_3.000
step: 100000
specie: 10
	particle_diameter: 1.0000000000000000
	interaction_length: 1.2000000000000000
	number_of_patches: 3
	number_of_particles_per_compound: 1
	rod_length: 1.0000000000000000
	interaction_matrix:  1.000000 1.000000 1.000000 1.000000 1.000000 1.000000 1.000000 1.000000 1.000000
	patch_type: symmetric
	patch_width: 8.0000000000000000
	patch_angle: 0.0000000000000000
	angles:  0.000000 0.000000 0.000000
	grand_canonical: 1
	chemical_potential: -2.0176439806382769
box: 10.000000 10.000000
copy: 1.000000 1.000000
epsilon: 2.8569355067076119
end_epsilon: 0.0000000000000000
pressure: 1.0000000000000000
lambda: 0.0000000000000000
lambda_coupling: 1.0000000000000000
uy: 0.0000000000000000
maximum_displacement: 1.0000000000000000
maximum_rotation: 1.0000000000000000
maximum_volume: 0.0000001000000000
maximum_shape: 0.0000001000000000
maximum_dsigma: 0.0100000000000000
mod: 100
pmod: 100
optimize: 1
verbose: 1
snapshot: 0
seed: 5144
4.796133431998 7.459794688399 0.998398014673 -0.056580953487
5.193947538503 0.491289797471 0.517052093447 -0.855953931390
4.479412692486 8.579694683607 0.269992476108 -0.962862431942
5.937573035725 7.472636388966 0.454003833661 -0.890999730091
1.200927063970 2.777593011336 0.741816228117 0.670603223749
3.190652717822 5.251812131554 -0.981181893427 -0.193085711568
2.524434592089 0.653599046922 0.998148426494 -0.060825312881
1.020914895628 8.314927908765 0.001283246400 0.999999176639
6.246816037584 5.123675008684 -0.697439734937 0.716643437234
6.906414856285 2.857897824259 -0.607648481022 0.794206096370
