#Configurational_file created 2018-08-17 14:27:30  started 2018-08-17 14:27:30 run for 0.0s steps 0
name: a_-1.333_0.100
step: 100000
specie: 14
	particle_diameter: 1.0000000000000000
	interaction_length: 1.2000000000000000
	number_of_patches: 3
	number_of_particles_per_compound: 1
	rod_length: 1.0000000000000000
	interaction_matrix:  1.000000 1.000000 1.000000 1.000000 1.000000 1.000000 1.000000 1.000000 1.000000
	patch_type: symmetric
	patch_width: 8.0000000000000000
	patch_angle: 0.0000000000000000
	angles:  0.000000 0.000000 0.000000
	grand_canonical: 1
	chemical_potential: -1.0631168292958943
box: 10.000000 10.000000
copy: 1.000000 1.000000
epsilon: 0.3157681593727156
end_epsilon: 0.0000000000000000
pressure: 1.0000000000000000
lambda: 0.0000000000000000
lambda_coupling: 1.0000000000000000
uy: 0.0000000000000000
maximum_displacement: 1.0000000000000000
maximum_rotation: 1.0000000000000000
maximum_volume: 0.0000001000000000
maximum_shape: 0.0000001000000000
maximum_dsigma: 0.0100000000000000
mod: 100
pmod: 100
optimize: 1
verbose: 1
snapshot: 0
seed: 7418
1.011785631596 1.865845963646 -0.998918480703 0.046495902078
8.628405456215 3.684762818693 -0.102098615103 0.994774282334
2.002923567175 2.361412246216 -0.216604427045 0.976259454338
7.023646361177 6.858906597093 0.431228595562 0.902242704803
9.275965913927 2.447879296576 0.654925546947 0.755693408702
7.284581786229 9.968572062815 0.309126913005 -0.951020794544
9.600440796806 1.035177717493 -0.007501207671 -0.999971865546
3.623805921866 0.707597663654 0.485085517449 -0.874466717926
9.957812905599 7.921699401058 0.377709919488 -0.925923979990
5.764879952188 3.878175400753 -0.573531317112 -0.819183635269
1.692462728393 0.906179170080 0.155172324528 0.987887417523
2.392980879394 8.091724340580 0.620990112692 0.783818397296
8.424917752654 9.738356792150 -0.721704778585 -0.692200991452
1.795284018785 4.000869647926 0.866025403784 -0.500000000000
