#Configurational_file created 2018-08-17 15:00:32  started 2018-08-17 15:00:31 run for 1.0s steps 0
name: a_-1.818_1.201
step: 100000
specie: 13
	particle_diameter: 1.0000000000000000
	interaction_length: 1.2000000000000000
	number_of_patches: 3
	number_of_particles_per_compound: 1
	rod_length: 1.0000000000000000
	interaction_matrix:  1.000000 1.000000 1.000000 1.000000 1.000000 1.000000 1.000000 1.000000 1.000000
	patch_type: symmetric
	patch_width: 8.0000000000000000
	patch_angle: 0.0000000000000000
	angles:  0.000000 0.000000 0.000000
	grand_canonical: 1
	chemical_potential: -1.4050765788133601
box: 10.000000 10.000000
copy: 1.000000 1.000000
epsilon: 2.7051711212863063
end_epsilon: 0.0000000000000000
pressure: 1.0000000000000000
lambda: 0.0000000000000000
lambda_coupling: 1.0000000000000000
uy: 0.0000000000000000
maximum_displacement: 1.0000000000000000
maximum_rotation: 1.0000000000000000
maximum_volume: 0.0000001000000000
maximum_shape: 0.0000001000000000
maximum_dsigma: 0.0100000000000000
mod: 100
pmod: 100
optimize: 1
verbose: 1
snapshot: 0
seed: 39254
5.368252707967 9.703065526808 0.751099839623 0.660188632830
3.308774500599 5.263582699367 0.149804443955 -0.988715645963
5.341138723921 5.072877152470 -0.995247457851 -0.097378116854
9.354989700912 1.127028226263 0.857671793336 0.514197525195
4.716733864998 2.408015377614 0.067284384970 -0.997733838025
7.050198594743 5.857859461267 0.401341117251 0.915928658578
4.001707691379 4.192346315687 0.999444586970 0.033324429130
3.012053880331 3.919913774848 -0.501427971306 -0.865199392968
3.640325585747 9.808416849659 -0.945919333591 -0.324401933316
1.393726089685 4.347995042064 -0.280823664966 0.959759380884
7.450807859541 8.023092849457 -0.636689657300 0.771120146467
3.071184969277 6.399448040174 -0.907495418997 0.420061976974
8.408060922606 3.888675453742 0.587503120224 -0.809221900177
