#Configurational_file created 2018-08-17 14:38:51  started 2018-08-17 14:38:50 run for 1.0s steps 0
name: a_-1.000_0.500
step: 100000
specie: 4
	particle_diameter: 1.0000000000000000
	interaction_length: 1.2000000000000000
	number_of_patches: 3
	number_of_particles_per_compound: 1
	rod_length: 1.0000000000000000
	interaction_matrix:  1.000000 1.000000 1.000000 1.000000 1.000000 1.000000 1.000000 1.000000 1.000000
	patch_type: symmetric
	patch_width: 8.0000000000000000
	patch_angle: 0.0000000000000000
	angles:  0.000000 0.000000 0.000000
	grand_canonical: 1
	chemical_potential: -2.1926653557266027
box: 10.000000 10.000000
copy: 1.000000 1.000000
epsilon: 1.7873743200685774
end_epsilon: 0.0000000000000000
pressure: 1.0000000000000000
lambda: 0.0000000000000000
lambda_coupling: 1.0000000000000000
uy: 0.0000000000000000
maximum_displacement: 1.0000000000000000
maximum_rotation: 1.0000000000000000
maximum_volume: 0.0000001000000000
maximum_shape: 0.0000001000000000
maximum_dsigma: 0.0100000000000000
mod: 100
pmod: 100
optimize: 1
verbose: 1
snapshot: 0
seed: 7418
2.319198871447 9.745553383271 0.332038458721 -0.943265849021
3.135816479295 4.336035660999 -0.995701959011 0.092615381126
5.782401304347 6.867709430609 -0.344106424786 -0.938930651550
9.593598251398 2.208369832715 0.833733063441 0.552167709058
