#Configurational_file created 2018-08-17 15:00:44  started 2018-08-17 15:00:44 run for 0.0s steps 0
name: a_-1.364_2.400
step: 100000
specie: 15
	particle_diameter: 1.0000000000000000
	interaction_length: 1.2000000000000000
	number_of_patches: 3
	number_of_particles_per_compound: 1
	rod_length: 1.0000000000000000
	interaction_matrix:  1.000000 1.000000 1.000000 1.000000 1.000000 1.000000 1.000000 1.000000 1.000000
	patch_type: symmetric
	patch_width: 8.0000000000000000
	patch_angle: 0.0000000000000000
	angles:  0.000000 0.000000 0.000000
	grand_canonical: 1
	chemical_potential: -1.5175477233267280
box: 10.000000 10.000000
copy: 1.000000 1.000000
epsilon: 3.1635785478283935
end_epsilon: 0.0000000000000000
pressure: 1.0000000000000000
lambda: 0.0000000000000000
lambda_coupling: 1.0000000000000000
uy: 0.0000000000000000
maximum_displacement: 1.0000000000000000
maximum_rotation: 1.0000000000000000
maximum_volume: 0.0000001000000000
maximum_shape: 0.0000001000000000
maximum_dsigma: 0.0100000000000000
mod: 100
pmod: 100
optimize: 1
verbose: 1
snapshot: 0
seed: 67679
8.919580839663 3.958944424566 -0.804148629302 0.594428281621
1.475349537026 2.697538045081 0.854252718096 0.519857955240
5.684053960616 4.902579171991 0.921707148798 -0.387886493520
1.474955303635 5.672366834611 -0.887701726988 0.460418987339
1.300223875815 7.812667805007 0.924989558345 0.379992522232
3.918146688347 3.297673732296 0.997367016683 0.072519197681
8.139411724023 2.055279659791 -0.697164821663 -0.716910881097
1.532435245664 4.535619348537 0.024025324459 0.999711350233
2.943008599469 6.394260406425 0.598653491060 -0.801008113343
7.886984218333 6.768345686778 0.310227674307 0.950662290245
9.899965230628 7.536015346561 0.999732901387 -0.023111163624
6.648917791596 8.339206479347 0.991560404660 0.129645531779
2.929202305938 8.598656107629 -0.368834676653 -0.929495014133
9.666543788231 1.389498484838 0.862111803210 -0.506718105821
7.789173919151 3.815071984076 0.418305513982 -0.908306389371
