#Configurational_file created 2018-08-17 15:00:38  started 2018-08-17 15:00:37 run for 1.0s steps 0
name: a_-1.818_1.800
step: 100000
specie: 5
	particle_diameter: 1.0000000000000000
	interaction_length: 1.2000000000000000
	number_of_patches: 3
	number_of_particles_per_compound: 1
	rod_length: 1.0000000000000000
	interaction_matrix:  1.000000 1.000000 1.000000 1.000000 1.000000 1.000000 1.000000 1.000000 1.000000
	patch_type: symmetric
	patch_width: 8.0000000000000000
	patch_angle: 0.0000000000000000
	angles:  0.000000 0.000000 0.000000
	grand_canonical: 1
	chemical_potential: -2.7179237214275833
box: 10.000000 10.000000
copy: 1.000000 1.000000
epsilon: 2.8095796850416930
end_epsilon: 0.0000000000000000
pressure: 1.0000000000000000
lambda: 0.0000000000000000
lambda_coupling: 1.0000000000000000
uy: 0.0000000000000000
maximum_displacement: 1.0000000000000000
maximum_rotation: 1.0000000000000000
maximum_volume: 0.0000001000000000
maximum_shape: 0.0000001000000000
maximum_dsigma: 0.0100000000000000
mod: 100
pmod: 100
optimize: 1
verbose: 1
snapshot: 0
seed: 52898
3.352024405302 4.074213626907 0.936985742932 -0.349367596584
6.806314558232 4.102521631402 0.670176316084 -0.742201930312
8.531367296123 5.152284257387 0.469258130228 0.883061043878
0.231944736440 5.966350371947 -0.968334218700 0.249657447104
2.251177999021 1.231611268914 0.553553850709 0.832813385078
