#Configurational_file created 2018-08-17 14:39:09  started 2018-08-17 14:39:08 run for 1.0s steps 0
name: a_-1.667_4.750
step: 100000
specie: 16
	particle_diameter: 1.0000000000000000
	interaction_length: 1.2000000000000000
	number_of_patches: 3
	number_of_particles_per_compound: 1
	rod_length: 1.0000000000000000
	interaction_matrix:  1.000000 1.000000 1.000000 1.000000 1.000000 1.000000 1.000000 1.000000 1.000000
	patch_type: symmetric
	patch_width: 8.0000000000000000
	patch_angle: 0.0000000000000000
	angles:  0.000000 0.000000 0.000000
	grand_canonical: 1
	chemical_potential: -1.2875707791663566
box: 10.000000 10.000000
copy: 1.000000 1.000000
epsilon: 4.4481463818115676
end_epsilon: 0.0000000000000000
pressure: 1.0000000000000000
lambda: 0.0000000000000000
lambda_coupling: 1.0000000000000000
uy: 0.0000000000000000
maximum_displacement: 0.5770951542292772
maximum_rotation: 1.0000000000000000
maximum_volume: 0.0000001000000000
maximum_shape: 0.0000001000000000
maximum_dsigma: 0.0100000000000000
mod: 100
pmod: 100
optimize: 1
verbose: 1
snapshot: 0
seed: 29021
0.998241185842 4.298627849080 -0.551844366738 -0.833947117567
7.768937652430 3.747567493972 0.102413325781 0.994741931710
5.281213252095 7.043934103836 -0.680971642441 -0.732309785672
4.534234618013 5.954892555484 -0.225882489019 0.974154557118
5.944574122671 1.337808839368 0.941866756292 -0.335986626806
7.728509048597 1.031052377384 -0.398309228101 0.917251197224
9.032724111654 6.848965044015 0.147527518352 -0.989057951451
4.738224863563 3.166792205992 0.766936507451 0.641722988165
0.231611584693 3.462751641507 0.748170107061 0.663506963716
6.343992997959 3.753434730400 0.177608285870 -0.984101263484
0.632832244855 5.361630455587 0.645272594653 0.763952405972
5.852448643367 2.409809497117 -0.920373753572 0.391039836507
3.028254070118 2.059551449793 0.934450863512 -0.356092099998
6.254148030276 5.430546166460 0.764106647656 0.645089940247
6.438749367498 7.138105453122 -0.045388558491 0.998969408319
3.381646710235 9.053966764319 0.181540586964 -0.983383452822
