#Configurational_file created 2018-08-17 14:38:50  started 2018-08-17 14:38:50 run for 0.0s steps 0
name: a_-1.667_0.500
step: 100000
specie: 6
	particle_diameter: 1.0000000000000000
	interaction_length: 1.2000000000000000
	number_of_patches: 3
	number_of_particles_per_compound: 1
	rod_length: 1.0000000000000000
	interaction_matrix:  1.000000 1.000000 1.000000 1.000000 1.000000 1.000000 1.000000 1.000000 1.000000
	patch_type: symmetric
	patch_width: 8.0000000000000000
	patch_angle: 0.0000000000000000
	angles:  0.000000 0.000000 0.000000
	grand_canonical: 1
	chemical_potential: -2.7080409457023977
box: 10.000000 10.000000
copy: 1.000000 1.000000
epsilon: 0.9788990970191895
end_epsilon: 0.0000000000000000
pressure: 1.0000000000000000
lambda: 0.0000000000000000
lambda_coupling: 1.0000000000000000
uy: 0.0000000000000000
maximum_displacement: 1.0000000000000000
maximum_rotation: 1.0000000000000000
maximum_volume: 0.0000001000000000
maximum_shape: 0.0000001000000000
maximum_dsigma: 0.0100000000000000
mod: 100
pmod: 100
optimize: 1
verbose: 1
snapshot: 0
seed: 6281
2.769722781321 3.809666464258 -0.600783697523 -0.799411626630
5.443673117078 0.962213526508 0.979122053666 -0.203273225058
3.621370039624 6.164626133224 0.150713142718 0.988577537987
2.342454192002 0.754264406453 0.990088222362 -0.140446829583
5.775653405138 3.704550240244 0.682898633066 -0.730513146327
8.808472895066 4.156953406943 0.000000000000 1.000000000000
