#Configurational_file created 2018-08-17 14:52:14  started 2018-08-17 14:52:14 run for 0.0s steps 0
name: a_-1.333_4.250
step: 100000
specie: 6
	particle_diameter: 1.0000000000000000
	interaction_length: 1.2000000000000000
	number_of_patches: 3
	number_of_particles_per_compound: 1
	rod_length: 1.0000000000000000
	interaction_matrix:  1.000000 1.000000 1.000000 1.000000 1.000000 1.000000 1.000000 1.000000 1.000000
	patch_type: symmetric
	patch_width: 8.0000000000000000
	patch_angle: 0.0000000000000000
	angles:  0.000000 0.000000 0.000000
	grand_canonical: 1
	chemical_potential: -2.2525086747575207
box: 10.000000 10.000000
copy: 1.000000 1.000000
epsilon: 3.4538681992278262
end_epsilon: 0.0000000000000000
pressure: 1.0000000000000000
lambda: 0.0000000000000000
lambda_coupling: 1.0000000000000000
uy: 0.0000000000000000
maximum_displacement: 1.0000000000000000
maximum_rotation: 1.0000000000000000
maximum_volume: 0.0000001000000000
maximum_shape: 0.0000001000000000
maximum_dsigma: 0.0100000000000000
mod: 100
pmod: 100
optimize: 1
verbose: 1
snapshot: 0
seed: 16514
4.758627239811 2.635186222024 0.064286366451 0.997931492182
8.360180837614 9.362380098532 0.123692843890 0.992320553234
1.604349047419 7.806249535493 0.614397342275 0.788996771733
1.491998468356 3.241824254394 -0.332899581289 -0.942962283857
8.723972785660 8.386729148546 0.609311557850 -0.792930908384
1.712673250092 1.636116375719 0.714920336109 0.699205916035
