#Configurational_file created 2018-08-17 15:00:20  started 2018-08-17 15:00:20 run for 0.0s steps 0
name: a_-1.818_0.001
step: 100000
specie: 5
	particle_diameter: 1.0000000000000000
	interaction_length: 1.2000000000000000
	number_of_patches: 3
	number_of_particles_per_compound: 1
	rod_length: 1.0000000000000000
	interaction_matrix:  1.000000 1.000000 1.000000 1.000000 1.000000 1.000000 1.000000 1.000000 1.000000
	patch_type: symmetric
	patch_width: 8.0000000000000000
	patch_angle: 0.0000000000000000
	angles:  0.000000 0.000000 0.000000
	grand_canonical: 1
	chemical_potential: -2.2161559516412721
box: 10.000000 10.000000
copy: 1.000000 1.000000
epsilon: 0.3028679534708300
end_epsilon: 0.0000000000000000
pressure: 1.0000000000000000
lambda: 0.0000000000000000
lambda_coupling: 1.0000000000000000
uy: 0.0000000000000000
maximum_displacement: 1.0000000000000000
maximum_rotation: 1.0000000000000000
maximum_volume: 0.0000001000000000
maximum_shape: 0.0000001000000000
maximum_dsigma: 0.0100000000000000
mod: 100
pmod: 100
optimize: 1
verbose: 1
snapshot: 0
seed: 11966
3.005141583922 3.998967126600 -0.349107997696 0.937082496872
6.023563246458 1.432460198220 0.049944808635 0.998751979267
6.057709733982 8.689807754885 0.949422893331 -0.314000270095
9.794648665028 3.912136160869 0.499467361358 -0.866332704530
4.733341366796 0.187908137998 0.000000000000 1.000000000000
