#Configurational_file created 2018-08-17 14:47:59  started 2018-08-17 14:47:59 run for 0.0s steps 0
name: a_-1.556_4.125
step: 100000
specie: 10
	particle_diameter: 1.0000000000000000
	interaction_length: 1.2000000000000000
	number_of_patches: 3
	number_of_particles_per_compound: 1
	rod_length: 1.0000000000000000
	interaction_matrix:  1.000000 1.000000 1.000000 1.000000 1.000000 1.000000 1.000000 1.000000 1.000000
	patch_type: symmetric
	patch_width: 8.0000000000000000
	patch_angle: 0.0000000000000000
	angles:  0.000000 0.000000 0.000000
	grand_canonical: 1
	chemical_potential: -2.2080629137566596
box: 10.000000 10.000000
copy: 1.000000 1.000000
epsilon: 5.0039552789715671
end_epsilon: 0.0000000000000000
pressure: 1.0000000000000000
lambda: 0.0000000000000000
lambda_coupling: 1.0000000000000000
uy: 0.0000000000000000
maximum_displacement: 1.0000000000000000
maximum_rotation: 1.0000000000000000
maximum_volume: 0.0000001000000000
maximum_shape: 0.0000001000000000
maximum_dsigma: 0.0100000000000000
mod: 100
pmod: 100
optimize: 1
verbose: 1
snapshot: 0
seed: 27884
4.784824674750 4.870031326007 -0.228378263738 -0.973572477349
6.889488603314 1.758832514953 0.425596081291 0.904913242024
7.111858098137 5.543929387115 -0.185541704241 0.982636390527
7.994269480556 7.216589050601 0.966801782418 -0.255527520069
3.197270912580 3.223646242051 0.899613433344 -0.436687154090
1.479781281166 6.477833526450 -0.035619518147 0.999365423620
0.511829751127 5.949562796332 0.934498319294 0.355967542391
7.540770431029 0.863770803578 -0.503525363199 -0.863980444579
7.597036975717 8.252429082896 0.708173550848 0.706038399720
0.113978637495 3.108098005523 -0.740389241659 0.672178377244
