#Configurational_file created 2018-08-17 14:48:00  started 2018-08-17 14:47:59 run for 1.0s steps 0
name: a_-1.111_4.125
step: 100000
specie: 8
	particle_diameter: 1.0000000000000000
	interaction_length: 1.2000000000000000
	number_of_patches: 3
	number_of_particles_per_compound: 1
	rod_length: 1.0000000000000000
	interaction_matrix:  1.000000 1.000000 1.000000 1.000000 1.000000 1.000000 1.000000 1.000000 1.000000
	patch_type: symmetric
	patch_width: 8.0000000000000000
	patch_angle: 0.0000000000000000
	angles:  0.000000 0.000000 0.000000
	grand_canonical: 1
	chemical_potential: -2.0201744064589886
box: 10.000000 10.000000
copy: 1.000000 1.000000
epsilon: 4.6684640332374396
end_epsilon: 0.0000000000000000
pressure: 1.0000000000000000
lambda: 0.0000000000000000
lambda_coupling: 1.0000000000000000
uy: 0.0000000000000000
maximum_displacement: 1.0000000000000000
maximum_rotation: 1.0000000000000000
maximum_volume: 0.0000001000000000
maximum_shape: 0.0000001000000000
maximum_dsigma: 0.0100000000000000
mod: 100
pmod: 100
optimize: 1
verbose: 1
snapshot: 0
seed: 29021
7.071756598709 8.864046730656 0.788828774396 0.614613020270
8.008194720300 9.422486467149 -0.113533731205 0.993534142281
0.857458926737 1.931611308409 0.801720792974 0.597698728553
5.592049143431 1.933128006824 0.668368833641 -0.743830022396
9.698712271280 8.340563274404 -0.473346318058 0.880876417655
3.333209017174 4.444682378896 0.824684866144 0.565592496018
3.267662864881 3.256629617279 -0.062898627975 0.998019920943
5.642460915596 5.874068201501 0.807424864021 0.589970413632
