#Configurational_file created 2018-08-17 14:38:59  started 2018-08-17 14:38:59 run for 0.0s steps 0
name: a_-1.667_2.625
step: 100000
specie: 13
	particle_diameter: 1.0000000000000000
	interaction_length: 1.2000000000000000
	number_of_patches: 3
	number_of_particles_per_compound: 1
	rod_length: 1.0000000000000000
	interaction_matrix:  1.000000 1.000000 1.000000 1.000000 1.000000 1.000000 1.000000 1.000000 1.000000
	patch_type: symmetric
	patch_width: 8.0000000000000000
	patch_angle: 0.0000000000000000
	angles:  0.000000 0.000000 0.000000
	grand_canonical: 1
	chemical_potential: -1.8830466755634290
box: 10.000000 10.000000
copy: 1.000000 1.000000
epsilon: 1.2357227827763602
end_epsilon: 0.0000000000000000
pressure: 1.0000000000000000
lambda: 0.0000000000000000
lambda_coupling: 1.0000000000000000
uy: 0.0000000000000000
maximum_displacement: 1.0000000000000000
maximum_rotation: 1.0000000000000000
maximum_volume: 0.0000001000000000
maximum_shape: 0.0000001000000000
maximum_dsigma: 0.0100000000000000
mod: 100
pmod: 100
optimize: 1
verbose: 1
snapshot: 0
seed: 17651
0.721382374026 2.767135813487 0.890688350625 0.454614410310
6.294882512159 9.262151642151 -0.974440479025 0.224645838684
7.515496058282 2.345889908807 0.204369772300 0.978893761432
5.442480986629 5.870195299669 -0.998970507133 -0.045364367936
2.624328270112 7.211695192382 0.864453087624 0.502713496236
7.838329669437 9.182756859045 0.609794514872 -0.792559555889
3.405636623383 0.555525439891 0.015832095235 0.999874664526
8.508425879061 3.413361479987 0.566537204722 0.824036161625
0.813209739157 8.888324910784 0.896355022851 0.443336974557
4.596654366303 4.192581140682 -0.777530521220 0.628845202392
2.076725625821 8.393468773364 0.807943315539 -0.589260213213
2.624704700692 4.798657205240 -0.777474232586 0.628914793644
3.601109439317 3.714451491196 0.902949263971 0.429747166010
