#Configurational_file created 2018-08-17 14:58:55  started 2018-08-17 14:58:55 run for 0.0s steps 0
name: a_-1.667_2.250
step: 100000
specie: 17
	particle_diameter: 1.0000000000000000
	interaction_length: 1.2000000000000000
	number_of_patches: 3
	number_of_particles_per_compound: 1
	rod_length: 1.0000000000000000
	interaction_matrix:  1.000000 1.000000 1.000000 1.000000 1.000000 1.000000 1.000000 1.000000 1.000000
	patch_type: symmetric
	patch_width: 8.0000000000000000
	patch_angle: 0.0000000000000000
	angles:  0.000000 0.000000 0.000000
	grand_canonical: 1
	chemical_potential: -1.4581212025298944
box: 10.000000 10.000000
copy: 1.000000 1.000000
epsilon: 3.7823925456562275
end_epsilon: 0.0000000000000000
pressure: 1.0000000000000000
lambda: 0.0000000000000000
lambda_coupling: 1.0000000000000000
uy: 0.0000000000000000
maximum_displacement: 1.0000000000000000
maximum_rotation: 1.0000000000000000
maximum_volume: 0.0000001000000000
maximum_shape: 0.0000001000000000
maximum_dsigma: 0.0100000000000000
mod: 100
pmod: 100
optimize: 1
verbose: 1
snapshot: 0
seed: 41528
3.926729514812 6.090303352602 0.718469522123 0.695558441671
5.762103108540 5.626387931709 0.711081458704 0.703109635183
1.648712666991 4.383350112570 0.992621828538 -0.121251414462
2.200425703301 5.515020143851 0.908358344357 0.418192680754
8.692880458612 6.362631283051 0.258828311287 -0.965923343375
5.625231019500 0.305516355917 0.222393161114 0.974957066691
2.290928792916 2.731580428996 -0.944426696527 -0.328722093701
1.173384542048 9.570695693042 -0.981153292890 -0.193230990916
7.570664949944 1.923163844887 -0.489523192996 0.871990277193
7.364648364475 4.790427970793 0.998044087622 -0.062513991736
4.971428548682 2.934258462197 0.903291074799 0.429028244046
4.380819728814 7.693559133539 0.991616048619 -0.129219240522
6.871533476925 5.829210511599 0.376097480622 -0.926580101810
5.999952482698 7.543979108229 0.529619916662 0.848235075834
8.704700045735 7.514760758561 0.214561361648 0.976710510892
1.084660697869 0.873400538362 0.761558984528 -0.648095604896
4.081246116327 3.991418824265 0.882907859713 0.469546282338
