#Configurational_file created 2018-08-17 14:27:47  started 2018-08-17 14:27:46 run for 1.0s steps 0
name: a_-2.222_5.050
step: 100000
specie: 17
	particle_diameter: 1.0000000000000000
	interaction_length: 1.2000000000000000
	number_of_patches: 3
	number_of_particles_per_compound: 1
	rod_length: 1.0000000000000000
	interaction_matrix:  1.000000 1.000000 1.000000 1.000000 1.000000 1.000000 1.000000 1.000000 1.000000
	patch_type: symmetric
	patch_width: 8.0000000000000000
	patch_angle: 0.0000000000000000
	angles:  0.000000 0.000000 0.000000
	grand_canonical: 1
	chemical_potential: -1.8739989943425230
box: 10.000000 10.000000
copy: 1.000000 1.000000
epsilon: 5.5519522095553517
end_epsilon: 0.0000000000000000
pressure: 1.0000000000000000
lambda: 0.0000000000000000
lambda_coupling: 1.0000000000000000
uy: 0.0000000000000000
maximum_displacement: 0.6268572701086632
maximum_rotation: 0.9818895961921715
maximum_volume: 0.0000001000000000
maximum_shape: 0.0000001000000000
maximum_dsigma: 0.0100000000000000
mod: 100
pmod: 100
optimize: 1
verbose: 1
snapshot: 0
seed: 29021
5.963910398478 4.525041584346 0.988061234661 0.154061664795
7.905606785805 2.753282017217 0.375555920595 0.926799735922
5.022945277382 9.915977336891 -0.935991593934 -0.352022351683
7.364252584671 8.703828567780 0.118894998331 0.992906833178
5.080710406575 1.038704242644 0.846202984248 0.532860684842
4.496860363161 2.276214923352 0.999962529448 -0.008656771901
0.719695524122 8.451856915005 0.459875702306 -0.887983298507
0.605920534969 7.313469939925 0.999978233709 -0.006597886584
8.349059058039 0.347031437137 0.918625717889 -0.395128827641
2.551564551807 3.041386540885 0.308462901950 0.951236373422
3.552684862175 3.549150832859 0.946101244362 0.323871016636
4.620916264386 3.786690739731 0.458819217297 -0.888529642634
1.719733459350 7.185280797989 0.366326480534 -0.930486383382
5.845898483799 3.108739708588 0.105367444937 0.994433357017
7.346092848151 9.714910962041 -0.852197084743 0.523220917736
3.912709213740 1.231392781419 0.407338158020 0.913277408579
6.778632400530 2.449641952485 0.935476402653 0.353389162369
