#Configurational_file created 2018-08-17 14:27:30  started 2018-08-17 14:27:29 run for 1.0s steps 0
name: a_-2.222_0.100
step: 100000
specie: 11
	particle_diameter: 1.0000000000000000
	interaction_length: 1.2000000000000000
	number_of_patches: 3
	number_of_particles_per_compound: 1
	rod_length: 1.0000000000000000
	interaction_matrix:  1.000000 1.000000 1.000000 1.000000 1.000000 1.000000 1.000000 1.000000 1.000000
	patch_type: symmetric
	patch_width: 8.0000000000000000
	patch_angle: 0.0000000000000000
	angles:  0.000000 0.000000 0.000000
	grand_canonical: 1
	chemical_potential: -2.0579950631177333
box: 10.000000 10.000000
copy: 1.000000 1.000000
epsilon: 0.4172543867687931
end_epsilon: 0.0000000000000000
pressure: 1.0000000000000000
lambda: 0.0000000000000000
lambda_coupling: 1.0000000000000000
uy: 0.0000000000000000
maximum_displacement: 1.0000000000000000
maximum_rotation: 1.0000000000000000
maximum_volume: 0.0000001000000000
maximum_shape: 0.0000001000000000
maximum_dsigma: 0.0100000000000000
mod: 100
pmod: 100
optimize: 1
verbose: 1
snapshot: 0
seed: 6281
6.031065318405 3.741825337834 0.940947632628 0.338552141702
7.317670908612 5.841917777256 -0.136415154569 -0.990651757988
1.864713195876 2.340425775100 -0.908868719125 0.417082307700
4.750624908957 8.843007304726 0.316688514694 0.948529590820
3.437273992498 2.521482733522 0.661446970243 0.749991936994
5.538091934270 2.247140395218 0.853507629505 0.521080345415
9.997755860912 1.003685501567 -0.468670619322 -0.883372996296
0.632683939029 9.683159537033 -0.340318496819 0.940310225789
5.364761660368 6.404118147047 0.414894731662 -0.909869420103
8.839854987125 5.704048264183 0.971224632582 -0.238165306175
9.953309746550 4.401907226318 0.866025403784 -0.500000000000
