#Configurational_file created 2018-08-17 14:52:14  started 2018-08-17 14:52:13 run for 1.0s steps 0
name: a_-2.000_4.250
step: 100000
specie: 17
	particle_diameter: 1.0000000000000000
	interaction_length: 1.2000000000000000
	number_of_patches: 3
	number_of_particles_per_compound: 1
	rod_length: 1.0000000000000000
	interaction_matrix:  1.000000 1.000000 1.000000 1.000000 1.000000 1.000000 1.000000 1.000000 1.000000
	patch_type: symmetric
	patch_width: 8.0000000000000000
	patch_angle: 0.0000000000000000
	angles:  0.000000 0.000000 0.000000
	grand_canonical: 1
	chemical_potential: -1.7467837419309085
box: 10.000000 10.000000
copy: 1.000000 1.000000
epsilon: 5.2841320031583550
end_epsilon: 0.0000000000000000
pressure: 1.0000000000000000
lambda: 0.0000000000000000
lambda_coupling: 1.0000000000000000
uy: 0.0000000000000000
maximum_displacement: 0.8175054373376444
maximum_rotation: 1.0000000000000000
maximum_volume: 0.0000001000000000
maximum_shape: 0.0000001000000000
maximum_dsigma: 0.0100000000000000
mod: 100
pmod: 100
optimize: 1
verbose: 1
snapshot: 0
seed: 15377
5.448074188997 0.544085401482 0.337835931483 -0.941205016667
8.776658473222 1.987883460559 -0.761468286213 -0.648202166836
0.058813571478 6.170233258977 -0.150405210220 -0.988624434625
3.295771680689 6.676117860586 0.954260217245 0.298977319848
1.177758200860 6.483580937616 -0.958694175554 -0.284438882290
9.189519297154 6.756923881621 0.046244382897 0.998930156242
9.771319829756 5.066405464004 0.686595648117 -0.727039487227
7.884694170978 7.505241185970 0.468662560135 -0.883377272024
9.293461443487 7.805549128327 0.016790751198 -0.999859025400
2.517751089348 7.617996428861 0.328113439226 0.944638328144
1.444254671678 7.507155059123 -0.625365219490 0.780332199933
8.751445398560 4.758704725546 0.967070873657 0.254507220573
5.247820483623 7.673269509819 -0.764264535767 -0.644902875919
8.520649741166 3.120855719327 0.201280652710 -0.979533612922
0.965076290002 9.652174069305 -0.152545113696 0.988296508285
1.018409156881 1.927166121937 0.750622079626 0.660731786415
3.466084452994 2.820088165762 0.794864647548 -0.606786776454
