#Configurational_file created 2018-08-17 14:47:41  started 2018-08-17 14:47:41 run for 0.0s steps 0
name: a_-2.000_0.250
step: 100000
specie: 11
	particle_diameter: 1.0000000000000000
	interaction_length: 1.2000000000000000
	number_of_patches: 3
	number_of_particles_per_compound: 1
	rod_length: 1.0000000000000000
	interaction_matrix:  1.000000 1.000000 1.000000 1.000000 1.000000 1.000000 1.000000 1.000000 1.000000
	patch_type: symmetric
	patch_width: 8.0000000000000000
	patch_angle: 0.0000000000000000
	angles:  0.000000 0.000000 0.000000
	grand_canonical: 1
	chemical_potential: -1.8633706582266438
box: 10.000000 10.000000
copy: 1.000000 1.000000
epsilon: 0.0260761085314887
end_epsilon: 0.0000000000000000
pressure: 1.0000000000000000
lambda: 0.0000000000000000
lambda_coupling: 1.0000000000000000
uy: 0.0000000000000000
maximum_displacement: 1.0000000000000000
maximum_rotation: 1.0000000000000000
maximum_volume: 0.0000001000000000
maximum_shape: 0.0000001000000000
maximum_dsigma: 0.0100000000000000
mod: 100
pmod: 100
optimize: 1
verbose: 1
snapshot: 0
seed: 4007
0.848451221450 0.395351794687 -0.996271897302 -0.086268804591
5.968930133475 5.358436669165 0.560085939922 0.828434511534
6.396578836166 3.303471208195 0.822711939137 -0.568458499103
7.282213551533 7.246386253157 0.958640551185 0.284619559453
1.838188829672 4.532292094250 0.285480867283 -0.958384408479
3.091160246553 0.224257249073 0.699688499414 -0.714448041350
5.949168684999 0.836934729773 -0.778243354191 0.627962802766
3.134898175374 6.419741118387 0.152592049947 0.988289262460
9.584080424612 7.982311277298 -0.917997886284 0.396585275545
9.416848883702 6.584493079587 0.443398227861 0.896324724377
1.689140528824 2.519778694747 0.000000000000 1.000000000000
