#Configurational_file created 2018-08-17 15:00:43  started 2018-08-17 15:00:42 run for 1.0s steps 0
name: a_-2.727_2.400
step: 100000
specie: 12
	particle_diameter: 1.0000000000000000
	interaction_length: 1.2000000000000000
	number_of_patches: 3
	number_of_particles_per_compound: 1
	rod_length: 1.0000000000000000
	interaction_matrix:  1.000000 1.000000 1.000000 1.000000 1.000000 1.000000 1.000000 1.000000 1.000000
	patch_type: symmetric
	patch_width: 8.0000000000000000
	patch_angle: 0.0000000000000000
	angles:  0.000000 0.000000 0.000000
	grand_canonical: 1
	chemical_potential: -2.4951031982944398
box: 10.000000 10.000000
copy: 1.000000 1.000000
epsilon: 2.0876540147369198
end_epsilon: 0.0000000000000000
pressure: 1.0000000000000000
lambda: 0.0000000000000000
lambda_coupling: 1.0000000000000000
uy: 0.0000000000000000
maximum_displacement: 1.0000000000000000
maximum_rotation: 1.0000000000000000
maximum_volume: 0.0000001000000000
maximum_shape: 0.0000001000000000
maximum_dsigma: 0.0100000000000000
mod: 100
pmod: 100
optimize: 1
verbose: 1
snapshot: 0
seed: 64268
6.796351923273 6.478244099921 0.812101668384 0.583515963970
1.807646816025 9.593715898509 0.052593460971 -0.998616006212
6.351662143303 4.768999762672 0.072959791071 0.997334883019
2.076135448026 4.091552474335 0.994195195323 0.107591419712
0.292988065350 0.333483439856 0.961935743441 0.273275731617
5.002345431583 1.960440255753 0.473585320917 -0.880747945676
8.809133924028 5.970548065104 0.046000479680 0.998941417636
8.516604682829 8.311471962550 -0.192573936200 0.981282466518
1.364830546912 6.066339513132 -0.040443422793 -0.999181830075
2.920334677369 9.238442641910 0.917995818290 0.396590062411
7.436570819762 5.635931889178 -0.332359879743 0.943152644240
3.798580371563 4.486129255079 0.749576838821 0.661917338270
