#Configurational_file created 2018-08-17 14:58:36  started 2018-08-17 14:58:36 run for 0.0s steps 0
name: a_-2.778_0.751
step: 100000
specie: 10
	particle_diameter: 1.0000000000000000
	interaction_length: 1.2000000000000000
	number_of_patches: 3
	number_of_particles_per_compound: 1
	rod_length: 1.0000000000000000
	interaction_matrix:  1.000000 1.000000 1.000000 1.000000 1.000000 1.000000 1.000000 1.000000 1.000000
	patch_type: symmetric
	patch_width: 8.0000000000000000
	patch_angle: 0.0000000000000000
	angles:  0.000000 0.000000 0.000000
	grand_canonical: 1
	chemical_potential: -1.3321627596256911
box: 10.000000 10.000000
copy: 1.000000 1.000000
epsilon: 0.9196685541205463
end_epsilon: 0.0000000000000000
pressure: 1.0000000000000000
lambda: 0.0000000000000000
lambda_coupling: 1.0000000000000000
uy: 0.0000000000000000
maximum_displacement: 1.0000000000000000
maximum_rotation: 1.0000000000000000
maximum_volume: 0.0000001000000000
maximum_shape: 0.0000001000000000
maximum_dsigma: 0.0100000000000000
mod: 100
pmod: 100
optimize: 1
verbose: 1
snapshot: 0
seed: 17651
6.367583186576 2.282412484713 -0.448423058997 0.893821436395
8.284773803598 3.289403578103 -0.383021814273 0.923739297524
3.352034850388 5.965967198497 -0.117349781872 -0.993090644752
4.120736559789 4.373113627028 -0.805772422884 0.592225297095
0.557105525873 7.077911331648 -0.862379873327 -0.506261744635
8.262652055487 8.722263452479 0.815224717774 -0.579144765608
0.217184172041 0.558058429941 0.858278554779 -0.513184101865
7.466476016121 2.324062400297 0.446576583674 0.894745413463
7.425413276687 5.609945214783 -0.425543777742 0.904937839426
2.350652815656 2.661413844863 -0.752728150649 0.658331475186
