#Configurational_file created 2018-08-17 14:58:45  started 2018-08-17 14:58:45 run for 0.0s steps 0
name: a_-2.778_1.500
step: 100000
specie: 5
	particle_diameter: 1.0000000000000000
	interaction_length: 1.2000000000000000
	number_of_patches: 3
	number_of_particles_per_compound: 1
	rod_length: 1.0000000000000000
	interaction_matrix:  1.000000 1.000000 1.000000 1.000000 1.000000 1.000000 1.000000 1.000000 1.000000
	patch_type: symmetric
	patch_width: 8.0000000000000000
	patch_angle: 0.0000000000000000
	angles:  0.000000 0.000000 0.000000
	grand_canonical: 1
	chemical_potential: -2.5744593656649917
box: 10.000000 10.000000
copy: 1.000000 1.000000
epsilon: 1.1132595420287568
end_epsilon: 0.0000000000000000
pressure: 1.0000000000000000
lambda: 0.0000000000000000
lambda_coupling: 1.0000000000000000
uy: 0.0000000000000000
maximum_displacement: 1.0000000000000000
maximum_rotation: 1.0000000000000000
maximum_volume: 0.0000001000000000
maximum_shape: 0.0000001000000000
maximum_dsigma: 0.0100000000000000
mod: 100
pmod: 100
optimize: 1
verbose: 1
snapshot: 0
seed: 29021
9.277041630602 7.371285484939 -0.173156689897 0.984894289121
8.603369367386 4.619549174214 0.895889217148 -0.444277515295
2.635422003130 7.981452805469 -0.379924250820 -0.925017601799
3.278575102078 1.665134644364 0.892303481670 -0.451436038215
8.273701746154 0.998320420909 0.965583305265 -0.260093984155
