#Configurational_file created 2018-08-17 14:58:28  started 2018-08-17 14:58:27 run for 1.0s steps 0
name: a_-2.778_0.001
step: 100000
specie: 4
	particle_diameter: 1.0000000000000000
	interaction_length: 1.2000000000000000
	number_of_patches: 3
	number_of_particles_per_compound: 1
	rod_length: 1.0000000000000000
	interaction_matrix:  1.000000 1.000000 1.000000 1.000000 1.000000 1.000000 1.000000 1.000000 1.000000
	patch_type: symmetric
	patch_width: 8.0000000000000000
	patch_angle: 0.0000000000000000
	angles:  0.000000 0.000000 0.000000
	grand_canonical: 1
	chemical_potential: -3.2958227105211266
box: 10.000000 10.000000
copy: 1.000000 1.000000
epsilon: 0.7025235644029318
end_epsilon: 0.0000000000000000
pressure: 1.0000000000000000
lambda: 0.0000000000000000
lambda_coupling: 1.0000000000000000
uy: 0.0000000000000000
maximum_displacement: 1.0000000000000000
maximum_rotation: 1.0000000000000000
maximum_volume: 0.0000001000000000
maximum_shape: 0.0000001000000000
maximum_dsigma: 0.0100000000000000
mod: 100
pmod: 100
optimize: 1
verbose: 1
snapshot: 0
seed: 6281
2.394117074183 1.472850607724 0.961835561773 -0.273628127408
6.560751417588 1.373330679323 0.291988642621 0.956421785919
0.950291688584 6.080597124938 -0.999997469965 -0.002249458306
8.826004297263 1.192316400730 0.043256620637 0.999063994332
