#Configurational_file created 2018-08-17 15:00:25  started 2018-08-17 15:00:25 run for 0.0s steps 0
name: a_-2.727_0.601
step: 100000
specie: 7
	particle_diameter: 1.0000000000000000
	interaction_length: 1.2000000000000000
	number_of_patches: 3
	number_of_particles_per_compound: 1
	rod_length: 1.0000000000000000
	interaction_matrix:  1.000000 1.000000 1.000000 1.000000 1.000000 1.000000 1.000000 1.000000 1.000000
	patch_type: symmetric
	patch_width: 8.0000000000000000
	patch_angle: 0.0000000000000000
	angles:  0.000000 0.000000 0.000000
	grand_canonical: 1
	chemical_potential: -2.9500143219431516
box: 10.000000 10.000000
copy: 1.000000 1.000000
epsilon: 0.1698996472217644
end_epsilon: 0.0000000000000000
pressure: 1.0000000000000000
lambda: 0.0000000000000000
lambda_coupling: 1.0000000000000000
uy: 0.0000000000000000
maximum_displacement: 1.0000000000000000
maximum_rotation: 1.0000000000000000
maximum_volume: 0.0000001000000000
maximum_shape: 0.0000001000000000
maximum_dsigma: 0.0100000000000000
mod: 100
pmod: 100
optimize: 1
verbose: 1
snapshot: 0
seed: 23336
4.190092872618 4.214096906770 0.192140672905 -0.981367393903
8.516904403046 5.724873483841 0.724155084070 -0.689637161278
6.903643545924 9.347907077626 -0.197068374478 0.980389746877
8.371848396019 8.726916019048 0.088940365625 -0.996036952810
8.749488472819 3.242022403121 0.993376844322 0.114901893650
6.696705563282 7.709724634383 0.846850226131 -0.531831453096
2.355924310833 2.229772406914 0.000000000000 1.000000000000
