#Configurational_file created 2018-08-17 15:00:25  started 2018-08-17 15:00:25 run for 0.0s steps 0
name: a_-2.273_0.601
step: 100000
specie: 15
	particle_diameter: 1.0000000000000000
	interaction_length: 1.2000000000000000
	number_of_patches: 3
	number_of_particles_per_compound: 1
	rod_length: 1.0000000000000000
	interaction_matrix:  1.000000 1.000000 1.000000 1.000000 1.000000 1.000000 1.000000 1.000000 1.000000
	patch_type: symmetric
	patch_width: 8.0000000000000000
	patch_angle: 0.0000000000000000
	angles:  0.000000 0.000000 0.000000
	grand_canonical: 1
	chemical_potential: -1.3957550835303973
box: 10.000000 10.000000
copy: 1.000000 1.000000
epsilon: 0.2435664193141978
end_epsilon: 0.0000000000000000
pressure: 1.0000000000000000
lambda: 0.0000000000000000
lambda_coupling: 1.0000000000000000
uy: 0.0000000000000000
maximum_displacement: 1.0000000000000000
maximum_rotation: 1.0000000000000000
maximum_volume: 0.0000001000000000
maximum_shape: 0.0000001000000000
maximum_dsigma: 0.0100000000000000
mod: 100
pmod: 100
optimize: 1
verbose: 1
snapshot: 0
seed: 24473
4.500835494605 2.809426219455 -0.350026065519 -0.936739960425
1.165544608375 9.305858289517 0.693976625649 -0.719997529894
9.710091402748 4.389866028456 0.707019414778 -0.707194136802
3.750676539958 6.154657717059 -0.620315595126 0.784352320353
7.026773124046 4.443734599987 0.913996018263 -0.405723155118
4.728204695450 6.445447294779 -0.373325562802 -0.927700395687
0.980295092529 4.584438127136 0.250173810260 0.968200942294
2.333404405013 0.514775512364 -0.341013734016 0.940058313730
6.025116656813 1.755340210544 0.013590602508 0.999907643497
9.130518081548 2.011496674840 -0.331704862755 0.943383211651
3.995136605573 7.448380765712 -0.150685745832 0.988581714378
6.663081102331 3.426579458862 -0.927681051442 0.373373628951
0.233784558481 5.575696717107 0.457371573949 0.889275684669
0.962774630569 2.325244649696 0.817735670803 -0.575593930386
8.860729505616 0.883537370867 0.996531604817 0.083215146467
