#Configurational_file created 2018-08-17 14:38:50  started 2018-08-17 14:38:50 run for 0.0s steps 0
name: a_-2.333_0.500
step: 100000
specie: 16
	particle_diameter: 1.0000000000000000
	interaction_length: 1.2000000000000000
	number_of_patches: 3
	number_of_particles_per_compound: 1
	rod_length: 1.0000000000000000
	interaction_matrix:  1.000000 1.000000 1.000000 1.000000 1.000000 1.000000 1.000000 1.000000 1.000000
	patch_type: symmetric
	patch_width: 8.0000000000000000
	patch_angle: 0.0000000000000000
	angles:  0.000000 0.000000 0.000000
	grand_canonical: 1
	chemical_potential: -1.6390850757960647
box: 10.000000 10.000000
copy: 1.000000 1.000000
epsilon: 0.0139992675399061
end_epsilon: 0.0000000000000000
pressure: 1.0000000000000000
lambda: 0.0000000000000000
lambda_coupling: 1.0000000000000000
uy: 0.0000000000000000
maximum_displacement: 1.0000000000000000
maximum_rotation: 1.0000000000000000
maximum_volume: 0.0000001000000000
maximum_shape: 0.0000001000000000
maximum_dsigma: 0.0100000000000000
mod: 100
pmod: 100
optimize: 1
verbose: 1
snapshot: 0
seed: 5144
7.342865300432 3.238355579561 0.969128542402 -0.246556014533
2.402938991670 4.641075213461 0.779819114345 0.626004911245
6.516621711013 1.647478204140 -0.160743937918 -0.986996143064
3.035977359367 5.565716239440 -0.979759972131 0.200175915157
0.091383545127 6.607124519186 0.976342925570 0.216227869824
4.138840524953 8.617305151239 -0.486117724750 0.873893333127
6.011071815185 6.304814869437 0.840897384489 0.541194594171
0.665945038761 9.797493973580 0.821280349301 -0.570524835439
4.985121877858 7.232252278661 -0.557510157750 -0.830170117509
9.928296412690 3.601833823107 -0.366409162178 -0.930453827910
3.304941404041 1.026339120195 -0.697524643732 -0.716560793923
5.665569241698 4.302511063527 0.960948017985 0.276728940899
4.735003360153 1.385956589665 -0.997382874085 -0.072300777886
4.243631279932 5.834638526459 0.893431917867 -0.449198628822
4.625159212981 0.086384138710 -0.348969350295 -0.937134137973
6.731633136769 9.811202820135 0.691996180520 -0.721901160926
