#Configurational_file created 2018-08-17 15:02:06  started 2018-08-17 15:02:05 run for 1.0s steps 0
name: a_-2.727_6.600
step: 100000
specie: 12
	particle_diameter: 1.0000000000000000
	interaction_length: 1.2000000000000000
	number_of_patches: 3
	number_of_particles_per_compound: 1
	rod_length: 1.0000000000000000
	interaction_matrix:  1.000000 1.000000 1.000000 1.000000 1.000000 1.000000 1.000000 1.000000 1.000000
	patch_type: symmetric
	patch_width: 8.0000000000000000
	patch_angle: 0.0000000000000000
	angles:  0.000000 0.000000 0.000000
	grand_canonical: 1
	chemical_potential: -2.4202630539839198
box: 10.000000 10.000000
copy: 1.000000 1.000000
epsilon: 5.2169891057251201
end_epsilon: 0.0000000000000000
pressure: 1.0000000000000000
lambda: 0.0000000000000000
lambda_coupling: 1.0000000000000000
uy: 0.0000000000000000
maximum_displacement: 0.9221138007958617
maximum_rotation: 1.0000000000000000
maximum_volume: 0.0000001000000000
maximum_shape: 0.0000001000000000
maximum_dsigma: 0.0100000000000000
mod: 100
pmod: 100
optimize: 1
verbose: 1
snapshot: 0
seed: 55172
1.755614200921 2.919545668146 -0.606613399699 0.794996970627
1.305727104089 1.944837872027 0.431427938115 0.902147401600
4.869373836677 5.388202901123 0.909942487342 -0.414734456887
5.820308046742 3.917823743752 0.144592388198 0.989491304295
9.269787580133 3.517783485708 0.051360500923 0.998680178508
5.830734274889 4.939180007058 0.886454864389 0.462815053127
2.254875633069 4.641893916721 0.998207320594 -0.059851024324
3.341004637015 0.513556540168 -0.230043228877 0.973180411254
9.472106197758 1.101761476890 0.946565609557 0.322511312675
6.787154701958 5.613145580199 -0.031856259584 0.999492460565
9.119776589893 9.411221557106 0.761103231275 0.648630766571
8.785790090250 7.452597688705 0.723474674342 -0.690350922058
