#Configurational_file created 2018-08-17 15:01:51  started 2018-08-17 15:01:50 run for 1.0s steps 0
name: a_-2.000_3.000
step: 100000
specie: 6
	particle_diameter: 1.0000000000000000
	interaction_length: 1.2000000000000000
	number_of_patches: 3
	number_of_particles_per_compound: 1
	rod_length: 1.0000000000000000
	interaction_matrix:  1.000000 1.000000 1.000000 1.000000 1.000000 1.000000 1.000000 1.000000 1.000000
	patch_type: symmetric
	patch_width: 8.0000000000000000
	patch_angle: 0.0000000000000000
	angles:  0.000000 0.000000 0.000000
	grand_canonical: 1
	chemical_potential: -2.1682543932734246
box: 10.000000 10.000000
copy: 1.000000 1.000000
epsilon: 2.6128269819955099
end_epsilon: 0.0000000000000000
pressure: 1.0000000000000000
lambda: 0.0000000000000000
lambda_coupling: 1.0000000000000000
uy: 0.0000000000000000
maximum_displacement: 1.0000000000000000
maximum_rotation: 1.0000000000000000
maximum_volume: 0.0000001000000000
maximum_shape: 0.0000001000000000
maximum_dsigma: 0.0100000000000000
mod: 100
pmod: 100
optimize: 1
verbose: 1
snapshot: 0
seed: 16514
4.981130515014 8.895537304665 0.721417706552 -0.692500175216
1.397002285171 5.729024071662 -0.120504831704 -0.992712740694
3.612573348260 1.869013954633 -0.706418052734 0.707794839463
8.370109661232 1.743148414892 -0.110738470621 -0.993849581740
4.005456663165 3.180021931304 0.352338390375 0.935872672252
8.050160762269 0.414661662358 0.945779351317 -0.324809819159
