#Configurational_file created 2018-08-17 15:00:43  started 2018-08-17 15:00:43 run for 0.0s steps 0
name: a_-2.273_2.400
step: 100000
specie: 10
	particle_diameter: 1.0000000000000000
	interaction_length: 1.2000000000000000
	number_of_patches: 3
	number_of_particles_per_compound: 1
	rod_length: 1.0000000000000000
	interaction_matrix:  1.000000 1.000000 1.000000 1.000000 1.000000 1.000000 1.000000 1.000000 1.000000
	patch_type: symmetric
	patch_width: 8.0000000000000000
	patch_angle: 0.0000000000000000
	angles:  0.000000 0.000000 0.000000
	grand_canonical: 1
	chemical_potential: -1.9496432851223455
box: 10.000000 10.000000
copy: 1.000000 1.000000
epsilon: 1.5215153303661229
end_epsilon: 0.0000000000000000
pressure: 1.0000000000000000
lambda: 0.0000000000000000
lambda_coupling: 1.0000000000000000
uy: 0.0000000000000000
maximum_displacement: 1.0000000000000000
maximum_rotation: 1.0000000000000000
maximum_volume: 0.0000001000000000
maximum_shape: 0.0000001000000000
maximum_dsigma: 0.0100000000000000
mod: 100
pmod: 100
optimize: 1
verbose: 1
snapshot: 0
seed: 65405
2.531373657646 2.343437337139 0.917116929054 0.398618286639
0.574572667991 9.286512828624 0.718637529318 0.695384858518
0.738970160074 5.244565324525 0.112023120307 -0.993705600526
3.784766483005 9.171297952848 -0.240312549341 0.970695564340
9.202221788153 6.562393580642 -0.721288830190 -0.692634408215
6.104975624389 9.821853296843 0.689107718648 0.724658921218
2.167366320587 6.033766200114 0.930392970694 0.366563664433
3.092773089638 7.168968346091 -0.491233628174 -0.871027854062
1.894460645201 3.921392346348 -0.277217468309 0.960807199840
9.265795579846 0.957270164812 0.645134810493 0.764068764111
