#Configurational_file created 2018-08-17 15:01:50  started 2018-08-17 15:01:49 run for 1.0s steps 0
name: a_-2.727_3.000
step: 100000
specie: 11
	particle_diameter: 1.0000000000000000
	interaction_length: 1.2000000000000000
	number_of_patches: 3
	number_of_particles_per_compound: 1
	rod_length: 1.0000000000000000
	interaction_matrix:  1.000000 1.000000 1.000000 1.000000 1.000000 1.000000 1.000000 1.000000 1.000000
	patch_type: symmetric
	patch_width: 8.0000000000000000
	patch_angle: 0.0000000000000000
	angles:  0.000000 0.000000 0.000000
	grand_canonical: 1
	chemical_potential: -1.8112385105743811
box: 10.000000 10.000000
copy: 1.000000 1.000000
epsilon: 4.0172595825532786
end_epsilon: 0.0000000000000000
pressure: 1.0000000000000000
lambda: 0.0000000000000000
lambda_coupling: 1.0000000000000000
uy: 0.0000000000000000
maximum_displacement: 1.0000000000000000
maximum_rotation: 1.0000000000000000
maximum_volume: 0.0000001000000000
maximum_shape: 0.0000001000000000
maximum_dsigma: 0.0100000000000000
mod: 100
pmod: 100
optimize: 1
verbose: 1
snapshot: 0
seed: 14240
8.771392829543 2.730083358107 0.306780379937 0.951780331004
4.068293385126 5.894152455871 0.598868720301 0.800847211298
9.994284715243 6.507378980511 0.297303403058 -0.954783057312
7.377377307913 6.591255465298 0.990714751406 0.135956909891
2.801262046159 7.196048466928 0.174556740310 -0.984647116693
5.235603800857 8.239803035194 0.564474045617 0.825450817326
9.735592563817 9.070740098348 0.950843202273 -0.309672738049
1.936384983789 8.159960799108 0.996637066302 0.081942407052
8.744178641135 0.389312483193 0.536172616924 0.844108360853
0.525201620144 8.443052135226 0.334762012718 0.942302708709
3.776146270063 3.354054878279 0.520456988500 -0.853887886740
