#Configurational_file created 2018-08-17 14:47:59  started 2018-08-17 14:47:58 run for 1.0s steps 0
name: a_-2.000_4.125
step: 100000
specie: 3
	particle_diameter: 1.0000000000000000
	interaction_length: 1.2000000000000000
	number_of_patches: 3
	number_of_particles_per_compound: 1
	rod_length: 1.0000000000000000
	interaction_matrix:  1.000000 1.000000 1.000000 1.000000 1.000000 1.000000 1.000000 1.000000 1.000000
	patch_type: symmetric
	patch_width: 8.0000000000000000
	patch_angle: 0.0000000000000000
	angles:  0.000000 0.000000 0.000000
	grand_canonical: 1
	chemical_potential: -3.4334562932025037
box: 10.000000 10.000000
copy: 1.000000 1.000000
epsilon: 2.8833757709377199
end_epsilon: 0.0000000000000000
pressure: 1.0000000000000000
lambda: 0.0000000000000000
lambda_coupling: 1.0000000000000000
uy: 0.0000000000000000
maximum_displacement: 1.0000000000000000
maximum_rotation: 1.0000000000000000
maximum_volume: 0.0000001000000000
maximum_shape: 0.0000001000000000
maximum_dsigma: 0.0100000000000000
mod: 100
pmod: 100
optimize: 1
verbose: 1
snapshot: 0
seed: 26747
6.749829142609 6.578665236943 0.136479310197 0.990642921485
0.453198374445 7.278623706398 0.990247513470 -0.139319281033
8.707281106557 9.952387413019 0.083861933674 0.996477383627
