#Configurational_file created 2018-08-17 15:02:00  started 2018-08-17 15:01:59 run for 1.0s steps 0
name: a_-2.364_5.400
step: 100000
specie: 5
	particle_diameter: 1.0000000000000000
	interaction_length: 1.2000000000000000
	number_of_patches: 3
	number_of_particles_per_compound: 1
	rod_length: 1.0000000000000000
	interaction_matrix:  1.000000 1.000000 1.000000 1.000000 1.000000 1.000000 1.000000 1.000000 1.000000
	patch_type: symmetric
	patch_width: 8.0000000000000000
	patch_angle: 0.0000000000000000
	angles:  0.000000 0.000000 0.000000
	grand_canonical: 1
	chemical_potential: -3.1529777163557249
box: 10.000000 10.000000
copy: 1.000000 1.000000
epsilon: 5.9918304235882598
end_epsilon: 0.0000000000000000
pressure: 1.0000000000000000
lambda: 0.0000000000000000
lambda_coupling: 1.0000000000000000
uy: 0.0000000000000000
maximum_displacement: 0.7351450229625219
maximum_rotation: 1.0000000000000000
maximum_volume: 0.0000001000000000
maximum_shape: 0.0000001000000000
maximum_dsigma: 0.0100000000000000
mod: 100
pmod: 100
optimize: 1
verbose: 1
snapshot: 0
seed: 42665
1.294002027662 3.052025509897 0.645052588005 0.764138180376
1.907181322049 3.915747207505 -0.467227487502 0.884137135812
7.335115592979 3.628290275143 0.183264811833 0.983063583266
2.165896361050 9.959560163406 0.749072426404 0.662488113102
0.752143075098 6.480823300203 0.451216771245 0.892414379841
