#Configurational_file created 2018-08-17 15:00:31  started 2018-08-17 15:00:30 run for 1.0s steps 0
name: a_-2.727_1.201
step: 100000
specie: 6
	particle_diameter: 1.0000000000000000
	interaction_length: 1.2000000000000000
	number_of_patches: 3
	number_of_particles_per_compound: 1
	rod_length: 1.0000000000000000
	interaction_matrix:  1.000000 1.000000 1.000000 1.000000 1.000000 1.000000 1.000000 1.000000 1.000000
	patch_type: symmetric
	patch_width: 8.0000000000000000
	patch_angle: 0.0000000000000000
	angles:  0.000000 0.000000 0.000000
	grand_canonical: 1
	chemical_potential: -2.3259463437458523
box: 10.000000 10.000000
copy: 1.000000 1.000000
epsilon: 0.3350455924112334
end_epsilon: 0.0000000000000000
pressure: 1.0000000000000000
lambda: 0.0000000000000000
lambda_coupling: 1.0000000000000000
uy: 0.0000000000000000
maximum_displacement: 1.0000000000000000
maximum_rotation: 1.0000000000000000
maximum_volume: 0.0000001000000000
maximum_shape: 0.0000001000000000
maximum_dsigma: 0.0100000000000000
mod: 100
pmod: 100
optimize: 1
verbose: 1
snapshot: 0
seed: 36980
3.306073993755 5.869462443017 0.981859841094 0.189608155011
8.658551541179 7.128325675787 0.214557506024 -0.976711357878
4.636551791229 2.814210694067 0.054389227656 0.998519810477
5.959215359223 2.659011926501 0.299364699406 0.954138761790
7.680581014407 4.441115975513 0.976793900019 -0.214181411159
6.185605372028 4.355473470329 0.866025403784 0.500000000000
