#Configurational_file created 2018-08-17 15:00:20  started 2018-08-17 15:00:19 run for 1.0s steps 0
name: a_-2.273_0.001
step: 100000
specie: 15
	particle_diameter: 1.0000000000000000
	interaction_length: 1.2000000000000000
	number_of_patches: 3
	number_of_particles_per_compound: 1
	rod_length: 1.0000000000000000
	interaction_matrix:  1.000000 1.000000 1.000000 1.000000 1.000000 1.000000 1.000000 1.000000 1.000000
	patch_type: symmetric
	patch_width: 8.0000000000000000
	patch_angle: 0.0000000000000000
	angles:  0.000000 0.000000 0.000000
	grand_canonical: 1
	chemical_potential: -1.5116074331069287
box: 10.000000 10.000000
copy: 1.000000 1.000000
epsilon: 1.1271812885807519
end_epsilon: 0.0000000000000000
pressure: 1.0000000000000000
lambda: 0.0000000000000000
lambda_coupling: 1.0000000000000000
uy: 0.0000000000000000
maximum_displacement: 1.0000000000000000
maximum_rotation: 1.0000000000000000
maximum_volume: 0.0000001000000000
maximum_shape: 0.0000001000000000
maximum_dsigma: 0.0100000000000000
mod: 100
pmod: 100
optimize: 1
verbose: 1
snapshot: 0
seed: 10829
1.501828805691 1.442467882543 0.785072827745 0.619403467165
6.575048706755 5.284266664501 0.939351160708 0.342956844043
4.093236658142 3.556919703567 0.978534848241 -0.206081417835
3.681308632705 4.927573397107 0.886669417704 0.462403875101
5.909811528697 7.741564628176 0.972499524058 -0.232904864071
4.721217899964 4.703424640088 0.970116358568 0.242640167405
7.988518896614 4.166174966054 -0.918536677638 0.395335771001
0.640121679306 0.648924694873 0.515217328356 0.857059568852
9.695996447661 4.871662992050 -0.937532356180 0.347898090129
1.811530366040 3.814792631398 -0.022025736442 0.999757404041
6.306827131956 2.353538042295 0.993978416925 0.109576031538
9.986344532879 7.407628823671 0.977131839437 0.212634353665
2.990499633266 6.368637081317 0.616995692200 0.786966527755
6.608971187979 0.626397150365 -0.114595366108 0.993412251820
8.924345435854 9.825626367534 0.457683524168 0.889115173476
