#Configurational_file created 2018-08-17 14:38:59  started 2018-08-17 14:38:58 run for 1.0s steps 0
name: a_-2.333_2.625
step: 100000
specie: 18
	particle_diameter: 1.0000000000000000
	interaction_length: 1.2000000000000000
	number_of_patches: 3
	number_of_particles_per_compound: 1
	rod_length: 1.0000000000000000
	interaction_matrix:  1.000000 1.000000 1.000000 1.000000 1.000000 1.000000 1.000000 1.000000 1.000000
	patch_type: symmetric
	patch_width: 8.0000000000000000
	patch_angle: 0.0000000000000000
	angles:  0.000000 0.000000 0.000000
	grand_canonical: 1
	chemical_potential: -1.0413584938309772
box: 10.000000 10.000000
copy: 1.000000 1.000000
epsilon: 2.0152257896991492
end_epsilon: 0.0000000000000000
pressure: 1.0000000000000000
lambda: 0.0000000000000000
lambda_coupling: 1.0000000000000000
uy: 0.0000000000000000
maximum_displacement: 1.0000000000000000
maximum_rotation: 1.0000000000000000
maximum_volume: 0.0000001000000000
maximum_shape: 0.0000001000000000
maximum_dsigma: 0.0100000000000000
mod: 100
pmod: 100
optimize: 1
verbose: 1
snapshot: 0
seed: 16514
0.762879835726 8.036093300345 0.575793814230 0.817594938521
8.134946677655 6.711416808029 0.690273560301 0.723548486247
5.520850920400 0.247280921279 -0.998674243613 0.051475772401
3.825956703540 7.175554705493 -0.879603462030 -0.475707630362
9.595370269340 8.293773877342 -0.183400017440 0.983038368327
6.075007585279 1.212744500150 -0.073502144359 0.997295059035
2.780214977469 5.048751796989 0.424674277600 -0.905346208886
7.566508270783 3.737670485103 0.687588950381 0.726100155154
2.201707729119 3.925451532891 0.837425232977 -0.546551899798
7.937576277626 4.885161702944 0.568284548638 -0.822832104247
2.063005707989 5.782614811667 0.401979346510 -0.915648734493
3.684274254213 2.032775771310 -0.002595452488 -0.999996631808
7.145547885001 1.793422547331 0.959516064044 -0.281653906135
0.235758273337 7.111029972865 0.190958371456 0.981598135884
3.039656536626 7.880189319024 -0.740904097674 0.671610838246
1.000600437775 2.086135777136 0.608898319182 0.793248282001
3.686060832055 5.805600372572 0.265294090265 0.964167540249
5.243126858518 6.270390053360 0.978012570670 -0.208545946045
