#Configurational_file created 2018-08-17 14:27:38  started 2018-08-17 14:27:37 run for 1.0s steps 0
name: a_-2.222_2.575
step: 100000
specie: 5
	particle_diameter: 1.0000000000000000
	interaction_length: 1.2000000000000000
	number_of_patches: 3
	number_of_particles_per_compound: 1
	rod_length: 1.0000000000000000
	interaction_matrix:  1.000000 1.000000 1.000000 1.000000 1.000000 1.000000 1.000000 1.000000 1.000000
	patch_type: symmetric
	patch_width: 8.0000000000000000
	patch_angle: 0.0000000000000000
	angles:  0.000000 0.000000 0.000000
	grand_canonical: 1
	chemical_potential: -3.7999802483504110
box: 10.000000 10.000000
copy: 1.000000 1.000000
epsilon: 2.4016496491471484
end_epsilon: 0.0000000000000000
pressure: 1.0000000000000000
lambda: 0.0000000000000000
lambda_coupling: 1.0000000000000000
uy: 0.0000000000000000
maximum_displacement: 1.0000000000000000
maximum_rotation: 1.0000000000000000
maximum_volume: 0.0000001000000000
maximum_shape: 0.0000001000000000
maximum_dsigma: 0.0100000000000000
mod: 100
pmod: 100
optimize: 1
verbose: 1
snapshot: 0
seed: 17651
7.530464454646 0.656534310550 0.455172421316 0.890403316971
3.947186159178 1.639394960979 0.849650074150 -0.527346898632
8.553256672004 4.943584489873 0.915411492290 -0.402519316037
6.481465154701 6.159020157644 0.525700211445 -0.850669905243
4.510863593558 2.991189525050 0.866025403784 0.500000000000
