#Configurational_file created 2018-08-17 15:01:54  started 2018-08-17 15:01:54 run for 0.0s steps 0
name: a_-2.727_4.200
step: 100000
specie: 6
	particle_diameter: 1.0000000000000000
	interaction_length: 1.2000000000000000
	number_of_patches: 3
	number_of_particles_per_compound: 1
	rod_length: 1.0000000000000000
	interaction_matrix:  1.000000 1.000000 1.000000 1.000000 1.000000 1.000000 1.000000 1.000000 1.000000
	patch_type: symmetric
	patch_width: 8.0000000000000000
	patch_angle: 0.0000000000000000
	angles:  0.000000 0.000000 0.000000
	grand_canonical: 1
	chemical_potential: -2.5877878521253042
box: 10.000000 10.000000
copy: 1.000000 1.000000
epsilon: 4.5493952720822159
end_epsilon: 0.0000000000000000
pressure: 1.0000000000000000
lambda: 0.0000000000000000
lambda_coupling: 1.0000000000000000
uy: 0.0000000000000000
maximum_displacement: 1.0000000000000000
maximum_rotation: 1.0000000000000000
maximum_volume: 0.0000001000000000
maximum_shape: 0.0000001000000000
maximum_dsigma: 0.0100000000000000
mod: 100
pmod: 100
optimize: 1
verbose: 1
snapshot: 0
seed: 27884
9.699020758249 4.424648587907 0.093310340544 0.995637072606
6.421097395795 9.134818426507 0.949393153021 0.314090179721
0.589864885075 3.880940504329 0.923718424616 0.383072149895
4.854734196002 1.848899763454 0.512073695492 0.858941517442
1.296381261354 9.250488656654 0.945966921971 0.324263137801
4.114497734930 2.960071494654 0.866025403784 0.500000000000
