#Configurational_file created 2018-08-17 14:47:50  started 2018-08-17 14:47:49 run for 1.0s steps 0
name: a_-2.000_2.188
step: 100000
specie: 6
	particle_diameter: 1.0000000000000000
	interaction_length: 1.2000000000000000
	number_of_patches: 3
	number_of_particles_per_compound: 1
	rod_length: 1.0000000000000000
	interaction_matrix:  1.000000 1.000000 1.000000 1.000000 1.000000 1.000000 1.000000 1.000000 1.000000
	patch_type: symmetric
	patch_width: 8.0000000000000000
	patch_angle: 0.0000000000000000
	angles:  0.000000 0.000000 0.000000
	grand_canonical: 1
	chemical_potential: -1.6849112782668878
box: 10.000000 10.000000
copy: 1.000000 1.000000
epsilon: 2.4646541698377806
end_epsilon: 0.0000000000000000
pressure: 1.0000000000000000
lambda: 0.0000000000000000
lambda_coupling: 1.0000000000000000
uy: 0.0000000000000000
maximum_displacement: 1.0000000000000000
maximum_rotation: 1.0000000000000000
maximum_volume: 0.0000001000000000
maximum_shape: 0.0000001000000000
maximum_dsigma: 0.0100000000000000
mod: 100
pmod: 100
optimize: 1
verbose: 1
snapshot: 0
seed: 15377
4.655963834238 6.499916215713 0.187964309241 0.982175859229
8.149210554947 8.679623127611 0.528051783947 0.849212172234
9.397217031579 0.377245766497 0.951117496256 0.308829254305
2.022046937170 4.758501363817 0.072176404710 -0.997391882162
1.435501964060 6.341211278999 0.999855735895 -0.016985505545
7.429025393822 1.644880595508 0.094740856929 0.995501968872
