#Configurational_file created 2018-08-17 14:58:55  started 2018-08-17 14:58:54 run for 1.0s steps 0
name: a_-2.778_2.250
step: 100000
specie: 11
	particle_diameter: 1.0000000000000000
	interaction_length: 1.2000000000000000
	number_of_patches: 3
	number_of_particles_per_compound: 1
	rod_length: 1.0000000000000000
	interaction_matrix:  1.000000 1.000000 1.000000 1.000000 1.000000 1.000000 1.000000 1.000000 1.000000
	patch_type: symmetric
	patch_width: 8.0000000000000000
	patch_angle: 0.0000000000000000
	angles:  0.000000 0.000000 0.000000
	grand_canonical: 1
	chemical_potential: -1.8484713591915451
box: 10.000000 10.000000
copy: 1.000000 1.000000
epsilon: 2.7702469945117016
end_epsilon: 0.0000000000000000
pressure: 1.0000000000000000
lambda: 0.0000000000000000
lambda_coupling: 1.0000000000000000
uy: 0.0000000000000000
maximum_displacement: 1.0000000000000000
maximum_rotation: 1.0000000000000000
maximum_volume: 0.0000001000000000
maximum_shape: 0.0000001000000000
maximum_dsigma: 0.0100000000000000
mod: 100
pmod: 100
optimize: 1
verbose: 1
snapshot: 0
seed: 40391
4.862448094168 1.466025238315 0.208603918810 0.978000207084
5.065150267771 6.955908096003 -0.093735716568 0.995597115022
3.523670026400 5.774491641970 0.866025403784 -0.500000000000
4.165498038404 4.004296056968 0.919162640926 0.393878203923
9.140362147444 7.706430552428 0.930630109523 0.365961199103
8.079535925443 7.537724451998 0.985634123900 0.168894564162
3.844021739138 7.704944726205 -0.830507596066 -0.557007300559
2.210412264721 5.138643404728 0.699769257449 0.714368942724
2.062795471957 1.112994312989 -0.383517579542 0.923533576099
1.276542597965 0.161021398304 -0.613531132738 0.789670532033
3.492001561334 2.321198977811 0.000000000000 1.000000000000
