#Configurational_file created 2018-08-17 14:38:58  started 2018-08-17 14:38:58 run for 0.0s steps 0
name: a_-3.000_2.625
step: 100000
specie: 8
	particle_diameter: 1.0000000000000000
	interaction_length: 1.2000000000000000
	number_of_patches: 3
	number_of_particles_per_compound: 1
	rod_length: 1.0000000000000000
	interaction_matrix:  1.000000 1.000000 1.000000 1.000000 1.000000 1.000000 1.000000 1.000000 1.000000
	patch_type: symmetric
	patch_width: 8.0000000000000000
	patch_angle: 0.0000000000000000
	angles:  0.000000 0.000000 0.000000
	grand_canonical: 1
	chemical_potential: -3.5229762143825809
box: 10.000000 10.000000
copy: 1.000000 1.000000
epsilon: 1.6749478975630863
end_epsilon: 0.0000000000000000
pressure: 1.0000000000000000
lambda: 0.0000000000000000
lambda_coupling: 1.0000000000000000
uy: 0.0000000000000000
maximum_displacement: 1.0000000000000000
maximum_rotation: 1.0000000000000000
maximum_volume: 0.0000001000000000
maximum_shape: 0.0000001000000000
maximum_dsigma: 0.0100000000000000
mod: 100
pmod: 100
optimize: 1
verbose: 1
snapshot: 0
seed: 15377
9.187928515100 8.234045668717 -0.383734025276 0.923443662518
6.220470417912 2.492206217415 -0.200845904738 0.979622847095
9.053293515639 6.531044794393 0.713683292468 0.700468527525
1.035443308170 3.011893652396 0.908327401344 -0.418259885679
0.846662181996 9.060227920298 0.709733569442 0.704470198381
7.237331288694 9.774897651906 0.921871515742 -0.387495688317
5.936639861047 9.080766132573 0.581744602439 0.813371512615
5.376500482264 0.800609323217 0.866025403784 0.500000000000
