#Configurational_file created 2018-08-17 14:27:37  started 2018-08-17 14:27:37 run for 0.0s steps 0
name: a_-3.111_2.575
step: 100000
specie: 16
	particle_diameter: 1.0000000000000000
	interaction_length: 1.2000000000000000
	number_of_patches: 3
	number_of_particles_per_compound: 1
	rod_length: 1.0000000000000000
	interaction_matrix:  1.000000 1.000000 1.000000 1.000000 1.000000 1.000000 1.000000 1.000000 1.000000
	patch_type: symmetric
	patch_width: 8.0000000000000000
	patch_angle: 0.0000000000000000
	angles:  0.000000 0.000000 0.000000
	grand_canonical: 1
	chemical_potential: -1.6259313858783135
box: 10.000000 10.000000
copy: 1.000000 1.000000
epsilon: 4.2396964558995940
end_epsilon: 0.0000000000000000
pressure: 1.0000000000000000
lambda: 0.0000000000000000
lambda_coupling: 1.0000000000000000
uy: 0.0000000000000000
maximum_displacement: 1.0000000000000000
maximum_rotation: 1.0000000000000000
maximum_volume: 0.0000001000000000
maximum_shape: 0.0000001000000000
maximum_dsigma: 0.0100000000000000
mod: 100
pmod: 100
optimize: 1
verbose: 1
snapshot: 0
seed: 16514
2.740059492445 0.310883791890 -0.228939874271 -0.973440565196
4.436098605210 0.154398477115 0.959394126736 0.282068980187
4.085232119352 4.236820386190 0.372384946017 -0.928078365215
7.403624504019 9.732353108780 0.534986510671 0.844860599981
7.967159611302 8.195661251423 0.595186780340 0.803587391955
9.434307197512 2.815971676073 -0.682003306632 0.731349088838
2.440422952990 9.328024824963 0.634339846220 -0.773054305659
0.724862780391 0.737351835595 0.980774575232 0.195144132832
9.613443321716 6.322702520706 0.919329979502 -0.393487469672
6.705938747268 3.136424686898 -0.005497578226 0.999984888203
2.773071387146 6.988199823317 0.833624816109 0.552331119862
9.784641501389 1.838820959149 -0.391225801442 0.920294720340
8.779505776641 3.727917387021 0.647781477398 -0.761826199037
6.051296255786 5.448152956506 -0.897565411229 0.440881313469
7.747368915878 1.299388502912 0.909310402281 -0.416118483493
5.760853570775 8.449572766617 0.000000000000 1.000000000000
