#Configurational_file created 2018-08-17 14:59:04  started 2018-08-17 14:59:03 run for 1.0s steps 0
name: a_-3.889_3.000
step: 100000
specie: 2
	particle_diameter: 1.0000000000000000
	interaction_length: 1.2000000000000000
	number_of_patches: 3
	number_of_particles_per_compound: 1
	rod_length: 1.0000000000000000
	interaction_matrix:  1.000000 1.000000 1.000000 1.000000 1.000000 1.000000 1.000000 1.000000 1.000000
	patch_type: symmetric
	patch_width: 8.0000000000000000
	patch_angle: 0.0000000000000000
	angles:  0.000000 0.000000 0.000000
	grand_canonical: 1
	chemical_potential: -5.6863662316677299
box: 10.000000 10.000000
copy: 1.000000 1.000000
epsilon: 3.0188649048716609
end_epsilon: 0.0000000000000000
pressure: 1.0000000000000000
lambda: 0.0000000000000000
lambda_coupling: 1.0000000000000000
uy: 0.0000000000000000
maximum_displacement: 1.0000000000000000
maximum_rotation: 1.0000000000000000
maximum_volume: 0.0000001000000000
maximum_shape: 0.0000001000000000
maximum_dsigma: 0.0100000000000000
mod: 100
pmod: 100
optimize: 1
verbose: 1
snapshot: 0
seed: 50624
1.356079329131 9.742458112771 -0.213616090706 0.976917686293
8.022848948010 7.645016020089 0.431604086527 0.902063142188
