#Configurational_file created 2018-08-17 14:58:54  started 2018-08-17 14:58:54 run for 0.0s steps 0
name: a_-3.889_2.250
step: 100000
specie: 3
	particle_diameter: 1.0000000000000000
	interaction_length: 1.2000000000000000
	number_of_patches: 3
	number_of_particles_per_compound: 1
	rod_length: 1.0000000000000000
	interaction_matrix:  1.000000 1.000000 1.000000 1.000000 1.000000 1.000000 1.000000 1.000000 1.000000
	patch_type: symmetric
	patch_width: 8.0000000000000000
	patch_angle: 0.0000000000000000
	angles:  0.000000 0.000000 0.000000
	grand_canonical: 1
	chemical_potential: -4.4756559360618340
box: 10.000000 10.000000
copy: 1.000000 1.000000
epsilon: 3.8935105409860418
end_epsilon: 0.0000000000000000
pressure: 1.0000000000000000
lambda: 0.0000000000000000
lambda_coupling: 1.0000000000000000
uy: 0.0000000000000000
maximum_displacement: 1.0000000000000000
maximum_rotation: 1.0000000000000000
maximum_volume: 0.0000001000000000
maximum_shape: 0.0000001000000000
maximum_dsigma: 0.0100000000000000
mod: 100
pmod: 100
optimize: 1
verbose: 1
snapshot: 0
seed: 39254
3.446398286776 3.305610200151 -0.425907379706 -0.904766767688
4.939697346858 3.610188836162 0.978390593170 0.206765198223
9.931010129411 8.177555641855 0.385945404402 0.922521622956
