#Configurational_file created 2018-08-17 15:01:49  started 2018-08-17 15:01:49 run for 0.0s steps 0
name: a_-3.091_3.000
step: 100000
specie: 4
	particle_diameter: 1.0000000000000000
	interaction_length: 1.2000000000000000
	number_of_patches: 3
	number_of_particles_per_compound: 1
	rod_length: 1.0000000000000000
	interaction_matrix:  1.000000 1.000000 1.000000 1.000000 1.000000 1.000000 1.000000 1.000000 1.000000
	patch_type: symmetric
	patch_width: 8.0000000000000000
	patch_angle: 0.0000000000000000
	angles:  0.000000 0.000000 0.000000
	grand_canonical: 1
	chemical_potential: -2.5685205068949415
box: 10.000000 10.000000
copy: 1.000000 1.000000
epsilon: 2.0993478618634995
end_epsilon: 0.0000000000000000
pressure: 1.0000000000000000
lambda: 0.0000000000000000
lambda_coupling: 1.0000000000000000
uy: 0.0000000000000000
maximum_displacement: 1.0000000000000000
maximum_rotation: 1.0000000000000000
maximum_volume: 0.0000001000000000
maximum_shape: 0.0000001000000000
maximum_dsigma: 0.0100000000000000
mod: 100
pmod: 100
optimize: 1
verbose: 1
snapshot: 0
seed: 13103
7.012285334577 2.358790575672 0.861945356515 0.507001185780
2.846570620196 2.562324904888 0.959396822768 0.282059810079
3.622271302617 5.374405761328 0.992838823907 -0.119461582706
5.910001738895 1.410566932896 0.436670832124 0.899621356112
