#Configurational_file created 2018-08-17 15:02:05  started 2018-08-17 15:02:05 run for 0.0s steps 0
name: a_-3.091_6.600
step: 100000
specie: 9
	particle_diameter: 1.0000000000000000
	interaction_length: 1.2000000000000000
	number_of_patches: 3
	number_of_particles_per_compound: 1
	rod_length: 1.0000000000000000
	interaction_matrix:  1.000000 1.000000 1.000000 1.000000 1.000000 1.000000 1.000000 1.000000 1.000000
	patch_type: symmetric
	patch_width: 8.0000000000000000
	patch_angle: 0.0000000000000000
	angles:  0.000000 0.000000 0.000000
	grand_canonical: 1
	chemical_potential: -2.1300099444312717
box: 10.000000 10.000000
copy: 1.000000 1.000000
epsilon: 5.0791629394084650
end_epsilon: 0.0000000000000000
pressure: 1.0000000000000000
lambda: 0.0000000000000000
lambda_coupling: 1.0000000000000000
uy: 0.0000000000000000
maximum_displacement: 0.8206065869768930
maximum_rotation: 1.0000000000000000
maximum_volume: 0.0000001000000000
maximum_shape: 0.0000001000000000
maximum_dsigma: 0.0100000000000000
mod: 100
pmod: 100
optimize: 1
verbose: 1
snapshot: 0
seed: 54035
2.425102136821 6.928492792704 0.542412303327 0.840112428904
4.275556662255 1.409670655986 -0.028188188348 0.999602634069
0.913778292416 8.681820497160 -0.934634396005 -0.355610103631
0.260665838302 5.360015527554 0.054877314717 0.998493104798
2.071985440189 0.350539490907 -0.633055768468 0.774106190396
6.622666313163 5.478908487669 -0.368185014440 0.929752545112
5.162904015660 0.946442691105 -0.926342047480 0.376683436152
7.095630253525 9.717093315699 0.576774404075 0.816903474594
5.470850377616 2.973268481936 -0.816280505291 0.577655725049
