#Configurational_file created 2018-08-17 14:58:27  started 2018-08-17 14:58:27 run for 0.0s steps 0
name: a_-3.889_0.001
step: 100000
specie: 6
	particle_diameter: 1.0000000000000000
	interaction_length: 1.2000000000000000
	number_of_patches: 3
	number_of_particles_per_compound: 1
	rod_length: 1.0000000000000000
	interaction_matrix:  1.000000 1.000000 1.000000 1.000000 1.000000 1.000000 1.000000 1.000000 1.000000
	patch_type: symmetric
	patch_width: 8.0000000000000000
	patch_angle: 0.0000000000000000
	angles:  0.000000 0.000000 0.000000
	grand_canonical: 1
	chemical_potential: -3.0037291612721289
box: 10.000000 10.000000
copy: 1.000000 1.000000
epsilon: 0.2538304015688920
end_epsilon: 0.0000000000000000
pressure: 1.0000000000000000
lambda: 0.0000000000000000
lambda_coupling: 1.0000000000000000
uy: 0.0000000000000000
maximum_displacement: 1.0000000000000000
maximum_rotation: 1.0000000000000000
maximum_volume: 0.0000001000000000
maximum_shape: 0.0000001000000000
maximum_dsigma: 0.0100000000000000
mod: 100
pmod: 100
optimize: 1
verbose: 1
snapshot: 0
seed: 5144
8.872046555209 3.163730027594 0.843962594186 -0.536402031703
8.767142812976 7.783384263965 -0.075445156122 -0.997149952824
0.300139353564 2.880490373818 0.980639368208 -0.195822443862
2.486303703911 0.011583140039 0.994691841047 -0.102898694622
2.625826447854 3.068121562250 0.312729895633 0.949842098655
7.366192763040 1.247609929083 0.866025403784 0.500000000000
