#Configurational_file created 2018-08-17 15:00:30  started 2018-08-17 15:00:30 run for 0.0s steps 0
name: a_-3.182_1.201
step: 100000
specie: 7
	particle_diameter: 1.0000000000000000
	interaction_length: 1.2000000000000000
	number_of_patches: 3
	number_of_particles_per_compound: 1
	rod_length: 1.0000000000000000
	interaction_matrix:  1.000000 1.000000 1.000000 1.000000 1.000000 1.000000 1.000000 1.000000 1.000000
	patch_type: symmetric
	patch_width: 8.0000000000000000
	patch_angle: 0.0000000000000000
	angles:  0.000000 0.000000 0.000000
	grand_canonical: 1
	chemical_potential: -2.7599540089629651
box: 10.000000 10.000000
copy: 1.000000 1.000000
epsilon: 1.0349195696634297
end_epsilon: 0.0000000000000000
pressure: 1.0000000000000000
lambda: 0.0000000000000000
lambda_coupling: 1.0000000000000000
uy: 0.0000000000000000
maximum_displacement: 1.0000000000000000
maximum_rotation: 1.0000000000000000
maximum_volume: 0.0000001000000000
maximum_shape: 0.0000001000000000
maximum_dsigma: 0.0100000000000000
mod: 100
pmod: 100
optimize: 1
verbose: 1
snapshot: 0
seed: 35843
2.772610739892 2.831588073150 0.995930567880 0.090123825720
0.881337020870 3.484810912279 0.977359876960 0.211583720802
9.327889455592 3.862018778726 -0.811663477587 -0.584125328292
2.615725603509 6.636405165234 0.485075012875 -0.874472544957
1.867619652652 0.548391067289 -0.144476739875 0.989508196851
3.416474844456 5.741856195000 0.961770584982 -0.273856425637
4.292595362428 2.909031547908 0.673969902426 0.738758804092
