#Configurational_file created 2018-08-17 15:00:36  started 2018-08-17 15:00:36 run for 0.0s steps 0
name: a_-3.182_1.800
step: 100000
specie: 7
	particle_diameter: 1.0000000000000000
	interaction_length: 1.2000000000000000
	number_of_patches: 3
	number_of_particles_per_compound: 1
	rod_length: 1.0000000000000000
	interaction_matrix:  1.000000 1.000000 1.000000 1.000000 1.000000 1.000000 1.000000 1.000000 1.000000
	patch_type: symmetric
	patch_width: 8.0000000000000000
	patch_angle: 0.0000000000000000
	angles:  0.000000 0.000000 0.000000
	grand_canonical: 1
	chemical_potential: -2.6078525687316727
box: 10.000000 10.000000
copy: 1.000000 1.000000
epsilon: 2.5796691420576314
end_epsilon: 0.0000000000000000
pressure: 1.0000000000000000
lambda: 0.0000000000000000
lambda_coupling: 1.0000000000000000
uy: 0.0000000000000000
maximum_displacement: 1.0000000000000000
maximum_rotation: 1.0000000000000000
maximum_volume: 0.0000001000000000
maximum_shape: 0.0000001000000000
maximum_dsigma: 0.0100000000000000
mod: 100
pmod: 100
optimize: 1
verbose: 1
snapshot: 0
seed: 49487
7.329151295554 3.069798131711 0.984648572656 -0.174548527253
1.217513546147 6.024908269410 -0.080947796080 0.996718342517
4.604763661210 7.313216969874 0.054313906596 -0.998523910355
8.305872923025 2.834398699635 0.750397750717 0.660986547305
3.041820769679 0.178102301920 -0.830074612015 0.557652345542
4.965891362272 4.759631385809 0.981932905824 0.189229406966
7.649437074603 5.548559818576 0.805177039789 -0.593034513832
