#Configurational_file created 2018-08-17 14:38:50  started 2018-08-17 14:38:49 run for 1.0s steps 0
name: a_-3.000_0.500
step: 100000
specie: 9
	particle_diameter: 1.0000000000000000
	interaction_length: 1.2000000000000000
	number_of_patches: 3
	number_of_particles_per_compound: 1
	rod_length: 1.0000000000000000
	interaction_matrix:  1.000000 1.000000 1.000000 1.000000 1.000000 1.000000 1.000000 1.000000 1.000000
	patch_type: symmetric
	patch_width: 8.0000000000000000
	patch_angle: 0.0000000000000000
	angles:  0.000000 0.000000 0.000000
	grand_canonical: 1
	chemical_potential: -1.8185485455569701
box: 10.000000 10.000000
copy: 1.000000 1.000000
epsilon: 0.8919997406192464
end_epsilon: 0.0000000000000000
pressure: 1.0000000000000000
lambda: 0.0000000000000000
lambda_coupling: 1.0000000000000000
uy: 0.0000000000000000
maximum_displacement: 1.0000000000000000
maximum_rotation: 1.0000000000000000
maximum_volume: 0.0000001000000000
maximum_shape: 0.0000001000000000
maximum_dsigma: 0.0100000000000000
mod: 100
pmod: 100
optimize: 1
verbose: 1
snapshot: 0
seed: 4007
0.127723016047 2.169859517499 0.957393074650 -0.288787985573
7.142407628871 0.977987049041 0.789530098789 0.613711840448
3.959544573941 8.773357182907 0.796675281178 -0.604407558159
1.273350304176 6.397723781872 -0.385215473663 -0.922826656990
8.565339865051 8.967709346811 0.999184355796 0.040380974876
1.800041717731 3.431042998710 -0.798445009065 0.602067743281
6.416697482839 5.914058095200 0.999536748574 -0.030434983987
3.081504389517 3.377183606422 0.236044396429 0.971742271857
0.609000535321 3.200014317056 0.866025403784 -0.500000000000
