#Configurational_file created 2018-08-17 15:00:18  started 2018-08-17 15:00:18 run for 0.0s steps 0
name: a_-3.636_0.001
step: 100000
specie: 7
	particle_diameter: 1.0000000000000000
	interaction_length: 1.2000000000000000
	number_of_patches: 3
	number_of_particles_per_compound: 1
	rod_length: 1.0000000000000000
	interaction_matrix:  1.000000 1.000000 1.000000 1.000000 1.000000 1.000000 1.000000 1.000000 1.000000
	patch_type: symmetric
	patch_width: 8.0000000000000000
	patch_angle: 0.0000000000000000
	angles:  0.000000 0.000000 0.000000
	grand_canonical: 1
	chemical_potential: -2.9302525357095375
box: 10.000000 10.000000
copy: 1.000000 1.000000
epsilon: 0.4003919191530171
end_epsilon: 0.0000000000000000
pressure: 1.0000000000000000
lambda: 0.0000000000000000
lambda_coupling: 1.0000000000000000
uy: 0.0000000000000000
maximum_displacement: 1.0000000000000000
maximum_rotation: 1.0000000000000000
maximum_volume: 0.0000001000000000
maximum_shape: 0.0000001000000000
maximum_dsigma: 0.0100000000000000
mod: 100
pmod: 100
optimize: 1
verbose: 1
snapshot: 0
seed: 7418
8.877900346415 3.042818397334 -0.777731451957 -0.628596682012
3.154323995645 6.146306904984 -0.254873836888 -0.966974315724
1.986852574428 6.682877144173 0.948066213487 -0.318073033820
7.688702849380 8.040144863843 0.994560911617 -0.104156579646
5.384492581080 2.807975095590 0.969751538223 -0.244094150101
2.954448105591 1.510092889908 0.109062663792 0.994034876333
5.263779453881 8.763899885916 0.571291868003 -0.820746977791
