#Configurational_file created 2018-08-17 15:00:24  started 2018-08-17 15:00:24 run for 0.0s steps 0
name: a_-3.636_0.601
step: 100000
specie: 4
	particle_diameter: 1.0000000000000000
	interaction_length: 1.2000000000000000
	number_of_patches: 3
	number_of_particles_per_compound: 1
	rod_length: 1.0000000000000000
	interaction_matrix:  1.000000 1.000000 1.000000 1.000000 1.000000 1.000000 1.000000 1.000000 1.000000
	patch_type: symmetric
	patch_width: 8.0000000000000000
	patch_angle: 0.0000000000000000
	angles:  0.000000 0.000000 0.000000
	grand_canonical: 1
	chemical_potential: -3.8892945249216995
box: 10.000000 10.000000
copy: 1.000000 1.000000
epsilon: 0.0235871930258924
end_epsilon: 0.0000000000000000
pressure: 1.0000000000000000
lambda: 0.0000000000000000
lambda_coupling: 1.0000000000000000
uy: 0.0000000000000000
maximum_displacement: 1.0000000000000000
maximum_rotation: 1.0000000000000000
maximum_volume: 0.0000001000000000
maximum_shape: 0.0000001000000000
maximum_dsigma: 0.0100000000000000
mod: 100
pmod: 100
optimize: 1
verbose: 1
snapshot: 0
seed: 21062
4.284018510898 4.430556158363 0.869717300187 -0.493550218069
2.658070398447 2.685895323517 0.701661806675 -0.712510146632
8.962969490280 7.537168986930 0.564386846171 0.825510440799
3.649777845300 5.294321444401 0.727686650410 0.685909716227
