#Configurational_file created 2018-08-17 15:00:36  started 2018-08-17 15:00:36 run for 0.0s steps 0
name: a_-3.636_1.800
step: 100000
specie: 2
	particle_diameter: 1.0000000000000000
	interaction_length: 1.2000000000000000
	number_of_patches: 3
	number_of_particles_per_compound: 1
	rod_length: 1.0000000000000000
	interaction_matrix:  1.000000 1.000000 1.000000 1.000000 1.000000 1.000000 1.000000 1.000000 1.000000
	patch_type: symmetric
	patch_width: 8.0000000000000000
	patch_angle: 0.0000000000000000
	angles:  0.000000 0.000000 0.000000
	grand_canonical: 1
	chemical_potential: -4.3941976338914142
box: 10.000000 10.000000
copy: 1.000000 1.000000
epsilon: 2.5450873376517640
end_epsilon: 0.0000000000000000
pressure: 1.0000000000000000
lambda: 0.0000000000000000
lambda_coupling: 1.0000000000000000
uy: 0.0000000000000000
maximum_displacement: 1.0000000000000000
maximum_rotation: 1.0000000000000000
maximum_volume: 0.0000001000000000
maximum_shape: 0.0000001000000000
maximum_dsigma: 0.0100000000000000
mod: 100
pmod: 100
optimize: 1
verbose: 1
snapshot: 0
seed: 48350
4.971801845231 1.396243451516 -0.240891858106 0.970551962905
9.454048493239 3.071072233032 0.000000000000 1.000000000000
