#Configurational_file created 2018-08-17 15:02:03  started 2018-08-17 15:02:03 run for 0.0s steps 0
name: a_-3.818_6.600
step: 100000
specie: 9
	particle_diameter: 1.0000000000000000
	interaction_length: 1.2000000000000000
	number_of_patches: 3
	number_of_particles_per_compound: 1
	rod_length: 1.0000000000000000
	interaction_matrix:  1.000000 1.000000 1.000000 1.000000 1.000000 1.000000 1.000000 1.000000 1.000000
	patch_type: symmetric
	patch_width: 8.0000000000000000
	patch_angle: 0.0000000000000000
	angles:  0.000000 0.000000 0.000000
	grand_canonical: 1
	chemical_potential: -3.3859289793618803
box: 10.000000 10.000000
copy: 1.000000 1.000000
epsilon: 6.0417233524417320
end_epsilon: 0.0000000000000000
pressure: 1.0000000000000000
lambda: 0.0000000000000000
lambda_coupling: 1.0000000000000000
uy: 0.0000000000000000
maximum_displacement: 1.0000000000000000
maximum_rotation: 1.0000000000000000
maximum_volume: 0.0000001000000000
maximum_shape: 0.0000001000000000
maximum_dsigma: 0.0100000000000000
mod: 100
pmod: 100
optimize: 1
verbose: 1
snapshot: 0
seed: 51761
3.456853301067 8.945101083843 -0.984737012415 -0.174048890778
0.445301724568 0.704383606719 -0.051086752760 0.998694219315
6.125308425463 5.446095132530 0.394393048030 0.918941849991
0.173794012968 4.075354560783 -0.172752196109 0.984965318546
6.046544053896 0.640201220394 0.003905847943 0.999992372147
5.100151486026 9.984980984948 0.752169950117 0.658969169340
1.749777686403 1.377329700896 -0.544114968356 0.839010668115
9.061355166647 5.536101918605 0.446919583267 0.894574136722
4.546567368386 1.365834417452 0.908728175670 -0.417388431491
