#Configurational_file created 2018-08-17 15:00:42  started 2018-08-17 15:00:42 run for 0.0s steps 0
name: a_-3.182_2.400
step: 100000
specie: 8
	particle_diameter: 1.0000000000000000
	interaction_length: 1.2000000000000000
	number_of_patches: 3
	number_of_particles_per_compound: 1
	rod_length: 1.0000000000000000
	interaction_matrix:  1.000000 1.000000 1.000000 1.000000 1.000000 1.000000 1.000000 1.000000 1.000000
	patch_type: symmetric
	patch_width: 8.0000000000000000
	patch_angle: 0.0000000000000000
	angles:  0.000000 0.000000 0.000000
	grand_canonical: 1
	chemical_potential: -2.9638871951591392
box: 10.000000 10.000000
copy: 1.000000 1.000000
epsilon: 3.2771417556259719
end_epsilon: 0.0000000000000000
pressure: 1.0000000000000000
lambda: 0.0000000000000000
lambda_coupling: 1.0000000000000000
uy: 0.0000000000000000
maximum_displacement: 1.0000000000000000
maximum_rotation: 1.0000000000000000
maximum_volume: 0.0000001000000000
maximum_shape: 0.0000001000000000
maximum_dsigma: 0.0100000000000000
mod: 100
pmod: 100
optimize: 1
verbose: 1
snapshot: 0
seed: 63131
9.969020155862 6.128319884036 -0.635051269535 -0.772469989749
5.089565621028 9.013934275594 -0.683515800026 0.729935717112
5.917480282197 3.017852278195 0.999927935805 0.012005132066
7.474900276299 1.799554596848 -0.580179778149 0.814488443765
0.057692875324 8.477346221934 0.511136173802 0.859499745102
4.061982947508 1.986566178639 -0.503784098147 -0.863829602673
0.834091435588 7.675060414363 0.838437032358 -0.544998479604
7.638186417935 3.201624786876 0.970923411993 -0.239390325710
