#Configurational_file created 2018-08-17 15:00:48  started 2018-08-17 15:00:47 run for 1.0s steps 0
name: a_-4.091_3.000
step: 100000
specie: 3
	particle_diameter: 1.0000000000000000
	interaction_length: 1.2000000000000000
	number_of_patches: 3
	number_of_particles_per_compound: 1
	rod_length: 1.0000000000000000
	interaction_matrix:  1.000000 1.000000 1.000000 1.000000 1.000000 1.000000 1.000000 1.000000 1.000000
	patch_type: symmetric
	patch_width: 8.0000000000000000
	patch_angle: 0.0000000000000000
	angles:  0.000000 0.000000 0.000000
	grand_canonical: 1
	chemical_potential: -3.1259689496128740
box: 10.000000 10.000000
copy: 1.000000 1.000000
epsilon: 3.7572533911720125
end_epsilon: 0.0000000000000000
pressure: 1.0000000000000000
lambda: 0.0000000000000000
lambda_coupling: 1.0000000000000000
uy: 0.0000000000000000
maximum_displacement: 1.0000000000000000
maximum_rotation: 1.0000000000000000
maximum_volume: 0.0000001000000000
maximum_shape: 0.0000001000000000
maximum_dsigma: 0.0100000000000000
mod: 100
pmod: 100
optimize: 1
verbose: 1
snapshot: 0
seed: 74501
1.905880928775 1.269277947539 0.829653024431 -0.558279373658
6.489966512232 6.893315892252 0.423352383327 0.905965098407
4.650331674442 2.430061470536 -0.585933787530 0.810358930740
