#Configurational_file created 2018-08-17 15:02:03  started 2018-08-17 15:02:02 run for 1.0s steps 0
name: a_-4.545_6.600
step: 100000
specie: 7
	particle_diameter: 1.0000000000000000
	interaction_length: 1.2000000000000000
	number_of_patches: 3
	number_of_particles_per_compound: 1
	rod_length: 1.0000000000000000
	interaction_matrix:  1.000000 1.000000 1.000000 1.000000 1.000000 1.000000 1.000000 1.000000 1.000000
	patch_type: symmetric
	patch_width: 8.0000000000000000
	patch_angle: 0.0000000000000000
	angles:  0.000000 0.000000 0.000000
	grand_canonical: 1
	chemical_potential: -4.4246135808069438
box: 10.000000 10.000000
copy: 1.000000 1.000000
epsilon: 7.5472221002188427
end_epsilon: 0.0000000000000000
pressure: 1.0000000000000000
lambda: 0.0000000000000000
lambda_coupling: 1.0000000000000000
uy: 0.0000000000000000
maximum_displacement: 0.7279049697775061
maximum_rotation: 1.0000000000000000
maximum_volume: 0.0000001000000000
maximum_shape: 0.0000001000000000
maximum_dsigma: 0.0100000000000000
mod: 100
pmod: 100
optimize: 1
verbose: 1
snapshot: 0
seed: 49487
8.092657166094 6.349632261120 0.971198901175 -0.238270212901
7.747151525105 4.609582581490 -0.292424233629 0.956288694687
7.308281996958 2.673442814824 -0.241164619941 0.970484222483
7.377900605348 5.543504243101 0.692932618857 0.721002347933
7.037605934166 3.666560331048 0.613875894736 0.789402549946
6.592964825675 1.824653646203 0.735373958602 0.677661523926
5.438782411390 6.377292328856 0.809522399581 0.587088992042
