#Configurational_file created 2018-08-17 14:27:46  started 2018-08-17 14:27:46 run for 0.0s steps 0
name: a_-4.000_5.050
step: 100000
specie: 3
	particle_diameter: 1.0000000000000000
	interaction_length: 1.2000000000000000
	number_of_patches: 3
	number_of_particles_per_compound: 1
	rod_length: 1.0000000000000000
	interaction_matrix:  1.000000 1.000000 1.000000 1.000000 1.000000 1.000000 1.000000 1.000000 1.000000
	patch_type: symmetric
	patch_width: 8.0000000000000000
	patch_angle: 0.0000000000000000
	angles:  0.000000 0.000000 0.000000
	grand_canonical: 1
	chemical_potential: -4.3173567247014848
box: 10.000000 10.000000
copy: 1.000000 1.000000
epsilon: 5.4460150875064013
end_epsilon: 0.0000000000000000
pressure: 1.0000000000000000
lambda: 0.0000000000000000
lambda_coupling: 1.0000000000000000
uy: 0.0000000000000000
maximum_displacement: 1.0000000000000000
maximum_rotation: 1.0000000000000000
maximum_volume: 0.0000001000000000
maximum_shape: 0.0000001000000000
maximum_dsigma: 0.0100000000000000
mod: 100
pmod: 100
optimize: 1
verbose: 1
snapshot: 0
seed: 26747
2.053166027300 0.436949405383 0.889508502942 0.456918617692
5.081296824837 3.522585698846 0.730071835736 0.683370408099
0.660872746341 7.409605942215 0.866025403784 -0.500000000000
