#Configurational_file created 2018-08-17 14:27:29  started 2018-08-17 14:27:28 run for 1.0s steps 0
name: a_-4.000_0.100
step: 100000
specie: 3
	particle_diameter: 1.0000000000000000
	interaction_length: 1.2000000000000000
	number_of_patches: 3
	number_of_particles_per_compound: 1
	rod_length: 1.0000000000000000
	interaction_matrix:  1.000000 1.000000 1.000000 1.000000 1.000000 1.000000 1.000000 1.000000 1.000000
	patch_type: symmetric
	patch_width: 8.0000000000000000
	patch_angle: 0.0000000000000000
	angles:  0.000000 0.000000 0.000000
	grand_canonical: 1
	chemical_potential: -3.6366757604767743
box: 10.000000 10.000000
copy: 1.000000 1.000000
epsilon: 1.3168793386948623
end_epsilon: 0.0000000000000000
pressure: 1.0000000000000000
lambda: 0.0000000000000000
lambda_coupling: 1.0000000000000000
uy: 0.0000000000000000
maximum_displacement: 1.0000000000000000
maximum_rotation: 1.0000000000000000
maximum_volume: 0.0000001000000000
maximum_shape: 0.0000001000000000
maximum_dsigma: 0.0100000000000000
mod: 100
pmod: 100
optimize: 1
verbose: 1
snapshot: 0
seed: 4007
2.097512570515 9.308705367729 0.596813739826 0.802379810286
7.308178136918 1.533586890943 0.933334865243 0.359007004558
3.593840977886 4.276654132742 0.295904467889 -0.955217538513
