#Configurational_file created 2018-08-17 15:02:11  started 2018-08-17 15:02:11 run for 0.0s steps 0
name: a_-4.182_7.800
step: 100000
specie: 6
	particle_diameter: 1.0000000000000000
	interaction_length: 1.2000000000000000
	number_of_patches: 3
	number_of_particles_per_compound: 1
	rod_length: 1.0000000000000000
	interaction_matrix:  1.000000 1.000000 1.000000 1.000000 1.000000 1.000000 1.000000 1.000000 1.000000
	patch_type: symmetric
	patch_width: 8.0000000000000000
	patch_angle: 0.0000000000000000
	angles:  0.000000 0.000000 0.000000
	grand_canonical: 1
	chemical_potential: -4.5396752184724498
box: 10.000000 10.000000
copy: 1.000000 1.000000
epsilon: 7.0327359302518815
end_epsilon: 0.0000000000000000
pressure: 1.0000000000000000
lambda: 0.0000000000000000
lambda_coupling: 1.0000000000000000
uy: 0.0000000000000000
maximum_displacement: 0.3542801723775733
maximum_rotation: 0.8393909626719057
maximum_volume: 0.0000001000000000
maximum_shape: 0.0000001000000000
maximum_dsigma: 0.0100000000000000
mod: 100
pmod: 100
optimize: 1
verbose: 1
snapshot: 0
seed: 64268
3.010457757184 2.216966178969 0.979837930901 0.199793966797
2.293522853085 2.919042932019 0.303986817115 0.952676238299
3.669274580629 5.193118868005 -0.067276590258 0.997734363648
4.007905997991 3.477926047409 0.929146835506 0.369710911483
5.565547523880 3.523465127756 0.729671062045 0.683798319108
1.713861686487 5.171655317034 0.866025403784 -0.500000000000
