#Configurational_file created 2018-08-17 15:00:41  started 2018-08-17 15:00:41 run for 0.0s steps 0
name: a_-4.545_2.400
step: 100000
specie: 6
	particle_diameter: 1.0000000000000000
	interaction_length: 1.2000000000000000
	number_of_patches: 3
	number_of_particles_per_compound: 1
	rod_length: 1.0000000000000000
	interaction_matrix:  1.000000 1.000000 1.000000 1.000000 1.000000 1.000000 1.000000 1.000000 1.000000
	patch_type: symmetric
	patch_width: 8.0000000000000000
	patch_angle: 0.0000000000000000
	angles:  0.000000 0.000000 0.000000
	grand_canonical: 1
	chemical_potential: -3.3634997835736771
box: 10.000000 10.000000
copy: 1.000000 1.000000
epsilon: 2.7170839758660046
end_epsilon: 0.0000000000000000
pressure: 1.0000000000000000
lambda: 0.0000000000000000
lambda_coupling: 1.0000000000000000
uy: 0.0000000000000000
maximum_displacement: 1.0000000000000000
maximum_rotation: 1.0000000000000000
maximum_volume: 0.0000001000000000
maximum_shape: 0.0000001000000000
maximum_dsigma: 0.0100000000000000
mod: 100
pmod: 100
optimize: 1
verbose: 1
snapshot: 0
seed: 59720
6.901557580385 9.605373044533 0.973338648186 0.229372788157
2.663273832746 5.781831942805 0.341654261998 -0.939825710043
9.572240556332 9.513956505102 -0.301492733477 -0.953468474393
2.224331271947 9.927305723624 0.625417883140 -0.780289991893
0.023002673042 1.112908628081 -0.238391265787 0.971169194526
9.320828787541 7.861640406296 -0.504989068693 0.863125738523
