#Configurational_file created 2018-08-17 15:00:23  started 2018-08-17 15:00:23 run for 0.0s steps 0
name: a_-4.545_0.601
step: 100000
specie: 3
	particle_diameter: 1.0000000000000000
	interaction_length: 1.2000000000000000
	number_of_patches: 3
	number_of_particles_per_compound: 1
	rod_length: 1.0000000000000000
	interaction_matrix:  1.000000 1.000000 1.000000 1.000000 1.000000 1.000000 1.000000 1.000000 1.000000
	patch_type: symmetric
	patch_width: 8.0000000000000000
	patch_angle: 0.0000000000000000
	angles:  0.000000 0.000000 0.000000
	grand_canonical: 1
	chemical_potential: -3.7360432026158463
box: 10.000000 10.000000
copy: 1.000000 1.000000
epsilon: 1.4406339271416047
end_epsilon: 0.0000000000000000
pressure: 1.0000000000000000
lambda: 0.0000000000000000
lambda_coupling: 1.0000000000000000
uy: 0.0000000000000000
maximum_displacement: 1.0000000000000000
maximum_rotation: 1.0000000000000000
maximum_volume: 0.0000001000000000
maximum_shape: 0.0000001000000000
maximum_dsigma: 0.0100000000000000
mod: 100
pmod: 100
optimize: 1
verbose: 1
snapshot: 0
seed: 18788
5.512258111394 6.243284054926 -0.003786993347 -0.999992829315
4.788764727919 4.032076096670 0.852379847090 0.522923126544
6.458271846520 0.844684158668 0.593814142851 -0.804602239464
