#Configurational_file created 2018-08-17 15:00:30  started 2018-08-17 15:00:29 run for 1.0s steps 0
name: a_-4.091_1.201
step: 100000
specie: 3
	particle_diameter: 1.0000000000000000
	interaction_length: 1.2000000000000000
	number_of_patches: 3
	number_of_particles_per_compound: 1
	rod_length: 1.0000000000000000
	interaction_matrix:  1.000000 1.000000 1.000000 1.000000 1.000000 1.000000 1.000000 1.000000 1.000000
	patch_type: symmetric
	patch_width: 8.0000000000000000
	patch_angle: 0.0000000000000000
	angles:  0.000000 0.000000 0.000000
	grand_canonical: 1
	chemical_potential: -3.8586375959650248
box: 10.000000 10.000000
copy: 1.000000 1.000000
epsilon: 1.4472381667225220
end_epsilon: 0.0000000000000000
pressure: 1.0000000000000000
lambda: 0.0000000000000000
lambda_coupling: 1.0000000000000000
uy: 0.0000000000000000
maximum_displacement: 1.0000000000000000
maximum_rotation: 1.0000000000000000
maximum_volume: 0.0000001000000000
maximum_shape: 0.0000001000000000
maximum_dsigma: 0.0100000000000000
mod: 100
pmod: 100
optimize: 1
verbose: 1
snapshot: 0
seed: 33569
6.908323936213 0.163883524558 0.606272117835 0.795257266007
8.989195959143 7.381028312152 0.190022491380 0.981779737400
3.899265105063 2.670624701507 0.866025403784 0.500000000000
