#Configurational_file created 2018-08-17 15:01:53  started 2018-08-17 15:01:53 run for 0.0s steps 0
name: a_-4.182_4.200
step: 100000
specie: 4
	particle_diameter: 1.0000000000000000
	interaction_length: 1.2000000000000000
	number_of_patches: 3
	number_of_particles_per_compound: 1
	rod_length: 1.0000000000000000
	interaction_matrix:  1.000000 1.000000 1.000000 1.000000 1.000000 1.000000 1.000000 1.000000 1.000000
	patch_type: symmetric
	patch_width: 8.0000000000000000
	patch_angle: 0.0000000000000000
	angles:  0.000000 0.000000 0.000000
	grand_canonical: 1
	chemical_potential: -3.3257374431771831
box: 10.000000 10.000000
copy: 1.000000 1.000000
epsilon: 3.8198208065611574
end_epsilon: 0.0000000000000000
pressure: 1.0000000000000000
lambda: 0.0000000000000000
lambda_coupling: 1.0000000000000000
uy: 0.0000000000000000
maximum_displacement: 1.0000000000000000
maximum_rotation: 1.0000000000000000
maximum_volume: 0.0000001000000000
maximum_shape: 0.0000001000000000
maximum_dsigma: 0.0100000000000000
mod: 100
pmod: 100
optimize: 1
verbose: 1
snapshot: 0
seed: 23336
8.265054707949 4.986252440658 -0.271558557605 0.962421918802
1.411542569382 9.151034434530 0.307056670582 0.951691231992
6.026200197897 3.572887167579 -0.319650498941 0.947535518346
1.740343419558 7.021116070126 0.000000000000 1.000000000000
