#Configurational_file created 2018-08-17 15:00:18  started 2018-08-17 15:00:18 run for 0.0s steps 0
name: a_-4.091_0.001
step: 100000
specie: 3
	particle_diameter: 1.0000000000000000
	interaction_length: 1.2000000000000000
	number_of_patches: 3
	number_of_particles_per_compound: 1
	rod_length: 1.0000000000000000
	interaction_matrix:  1.000000 1.000000 1.000000 1.000000 1.000000 1.000000 1.000000 1.000000 1.000000
	patch_type: symmetric
	patch_width: 8.0000000000000000
	patch_angle: 0.0000000000000000
	angles:  0.000000 0.000000 0.000000
	grand_canonical: 1
	chemical_potential: -3.9822573242762571
box: 10.000000 10.000000
copy: 1.000000 1.000000
epsilon: 1.1448670126949358
end_epsilon: 0.0000000000000000
pressure: 1.0000000000000000
lambda: 0.0000000000000000
lambda_coupling: 1.0000000000000000
uy: 0.0000000000000000
maximum_displacement: 1.0000000000000000
maximum_rotation: 1.0000000000000000
maximum_volume: 0.0000001000000000
maximum_shape: 0.0000001000000000
maximum_dsigma: 0.0100000000000000
mod: 100
pmod: 100
optimize: 1
verbose: 1
snapshot: 0
seed: 6281
2.589570014559 4.934930128756 0.988538498286 -0.150968994852
4.407591290752 4.313282087241 -0.071654002858 0.997429548326
3.518896305772 9.853532228275 -0.011877272293 -0.999929462714
