#Configurational_file created 2018-08-17 15:02:02  started 2018-08-17 15:02:01 run for 1.0s steps 0
name: a_-5.273_6.600
step: 100000
specie: 13
	particle_diameter: 1.0000000000000000
	interaction_length: 1.2000000000000000
	number_of_patches: 3
	number_of_particles_per_compound: 1
	rod_length: 1.0000000000000000
	interaction_matrix:  1.000000 1.000000 1.000000 1.000000 1.000000 1.000000 1.000000 1.000000 1.000000
	patch_type: symmetric
	patch_width: 8.0000000000000000
	patch_angle: 0.0000000000000000
	angles:  0.000000 0.000000 0.000000
	grand_canonical: 1
	chemical_potential: -3.2667054317799282
box: 10.000000 10.000000
copy: 1.000000 1.000000
epsilon: 7.2195313859423695
end_epsilon: 0.0000000000000000
pressure: 1.0000000000000000
lambda: 0.0000000000000000
lambda_coupling: 1.0000000000000000
uy: 0.0000000000000000
maximum_displacement: 0.6065248210246321
maximum_rotation: 0.8821956964772517
maximum_volume: 0.0000001000000000
maximum_shape: 0.0000001000000000
maximum_dsigma: 0.0100000000000000
mod: 100
pmod: 100
optimize: 1
verbose: 1
snapshot: 0
seed: 47213
7.985140683739 1.311571414083 0.498631300472 -0.866814182042
7.208538361778 2.114609842577 0.280366348082 -0.959893072620
8.417214772541 2.240929724266 0.992182185999 0.124797875731
5.314942536412 1.618082891977 0.230097309904 -0.973167625836
8.460936406506 3.449264355554 0.941759291759 0.336287728569
9.455994036734 3.916559547646 0.749187677829 -0.662357775971
6.134580877845 2.449827049639 0.977169984227 -0.212458988808
1.085997270704 8.566194569322 -0.442796768184 -0.896622006247
6.491901442720 4.091353602110 0.515560099582 0.856853420206
2.469421126158 8.641031819479 0.106170286433 -0.994347962375
5.891145180413 7.846422990384 0.981805367734 0.189890020510
5.394124905061 0.307820932642 0.971548558495 0.236840449432
2.540867114016 6.545776004119 0.883432720289 0.468558031329
