#Configurational_file created 2018-08-17 15:02:21  started 2018-08-17 15:02:21 run for 0.0s steps 0
name: a_-5.636_9.000
step: 100000
specie: 14
	particle_diameter: 1.0000000000000000
	interaction_length: 1.2000000000000000
	number_of_patches: 3
	number_of_particles_per_compound: 1
	rod_length: 1.0000000000000000
	interaction_matrix:  1.000000 1.000000 1.000000 1.000000 1.000000 1.000000 1.000000 1.000000 1.000000
	patch_type: symmetric
	patch_width: 8.0000000000000000
	patch_angle: 0.0000000000000000
	angles:  0.000000 0.000000 0.000000
	grand_canonical: 1
	chemical_potential: -4.8626840614775180
box: 10.000000 10.000000
copy: 1.000000 1.000000
epsilon: 8.1101487185278902
end_epsilon: 0.0000000000000000
pressure: 1.0000000000000000
lambda: 0.0000000000000000
lambda_coupling: 1.0000000000000000
uy: 0.0000000000000000
maximum_displacement: 0.1513990740905152
maximum_rotation: 0.3150078182214162
maximum_volume: 0.0000001000000000
maximum_shape: 0.0000001000000000
maximum_dsigma: 0.0100000000000000
mod: 100
pmod: 100
optimize: 1
verbose: 1
snapshot: 0
seed: 73364
2.213605728928 5.011768003150 0.808933443575 0.587900232919
3.129170440031 5.617157312943 0.898987481934 -0.437974322679
4.119411068797 5.056805226135 0.068324902122 -0.997663123379
2.234567259417 3.905714452269 0.850166127514 -0.526514535059
3.152455432978 3.289051023047 0.920642592944 0.390406475430
1.373779797263 3.378319257038 0.852658386515 0.522468827689
4.186401248386 3.877464988422 0.914609674126 -0.404337908184
1.375152141400 2.309098565166 0.790928132342 -0.611909053266
0.443632954828 3.773203337814 -0.061977061313 0.998077574075
1.243427004851 5.528295739029 -0.003967641560 0.999992128879
0.309279537418 4.947572998477 0.799571381589 0.600571066356
0.450457244718 1.853733797768 0.889504313060 0.456926774273
9.387469406512 5.385798225040 -0.199755323163 0.979845809741
3.081194416089 2.103247103128 0.827784612876 -0.561046018332
