#Configurational_file created 2018-08-17 14:58:35  started 2018-08-17 14:58:35 run for 0.0s steps 0
name: a_-5.000_0.751
step: 100000
specie: 3
	particle_diameter: 1.0000000000000000
	interaction_length: 1.2000000000000000
	number_of_patches: 3
	number_of_particles_per_compound: 1
	rod_length: 1.0000000000000000
	interaction_matrix:  1.000000 1.000000 1.000000 1.000000 1.000000 1.000000 1.000000 1.000000 1.000000
	patch_type: symmetric
	patch_width: 8.0000000000000000
	patch_angle: 0.0000000000000000
	angles:  0.000000 0.000000 0.000000
	grand_canonical: 1
	chemical_potential: -3.4390593209284397
box: 10.000000 10.000000
copy: 1.000000 1.000000
epsilon: 0.8559001217369604
end_epsilon: 0.0000000000000000
pressure: 1.0000000000000000
lambda: 0.0000000000000000
lambda_coupling: 1.0000000000000000
uy: 0.0000000000000000
maximum_displacement: 1.0000000000000000
maximum_rotation: 1.0000000000000000
maximum_volume: 0.0000001000000000
maximum_shape: 0.0000001000000000
maximum_dsigma: 0.0100000000000000
mod: 100
pmod: 100
optimize: 1
verbose: 1
snapshot: 0
seed: 15377
5.051887970043 2.241112026351 -0.871150013000 0.491016959840
9.303150427750 0.014697388521 -0.418253685570 0.908330256299
4.110204194702 2.973359684159 0.849865504477 0.526999643548
