#Configurational_file created 2018-08-17 15:00:17  started 2018-08-17 15:00:17 run for 0.0s steps 0
name: a_-5.000_0.001
step: 100000
specie: 4
	particle_diameter: 1.0000000000000000
	interaction_length: 1.2000000000000000
	number_of_patches: 3
	number_of_particles_per_compound: 1
	rod_length: 1.0000000000000000
	interaction_matrix:  1.000000 1.000000 1.000000 1.000000 1.000000 1.000000 1.000000 1.000000 1.000000
	patch_type: symmetric
	patch_width: 8.0000000000000000
	patch_angle: 0.0000000000000000
	angles:  0.000000 0.000000 0.000000
	grand_canonical: 1
	chemical_potential: -3.6378117577135205
box: 10.000000 10.000000
copy: 1.000000 1.000000
epsilon: 1.0236913285436060
end_epsilon: 0.0000000000000000
pressure: 1.0000000000000000
lambda: 0.0000000000000000
lambda_coupling: 1.0000000000000000
uy: 0.0000000000000000
maximum_displacement: 1.0000000000000000
maximum_rotation: 1.0000000000000000
maximum_volume: 0.0000001000000000
maximum_shape: 0.0000001000000000
maximum_dsigma: 0.0100000000000000
mod: 100
pmod: 100
optimize: 1
verbose: 1
snapshot: 0
seed: 4007
0.511176213719 4.326938874293 -0.299219168005 0.954184410635
0.371578472066 7.032449954613 -0.443917840360 0.896067492441
0.452669969655 5.364340012443 0.771019686127 0.636811309263
1.679663761645 5.364540478689 -0.411579680562 0.911373779823
