#Configurational_file created 2018-08-17 15:02:09  started 2018-08-17 15:02:09 run for 0.0s steps 0
name: a_-5.636_7.800
step: 100000
specie: 2
	particle_diameter: 1.0000000000000000
	interaction_length: 1.2000000000000000
	number_of_patches: 3
	number_of_particles_per_compound: 1
	rod_length: 1.0000000000000000
	interaction_matrix:  1.000000 1.000000 1.000000 1.000000 1.000000 1.000000 1.000000 1.000000 1.000000
	patch_type: symmetric
	patch_width: 8.0000000000000000
	patch_angle: 0.0000000000000000
	angles:  0.000000 0.000000 0.000000
	grand_canonical: 1
	chemical_potential: -4.9851356749918034
box: 10.000000 10.000000
copy: 1.000000 1.000000
epsilon: 8.3230564983130204
end_epsilon: 0.0000000000000000
pressure: 1.0000000000000000
lambda: 0.0000000000000000
lambda_coupling: 1.0000000000000000
uy: 0.0000000000000000
maximum_displacement: 0.3466777543809166
maximum_rotation: 0.7404770632398161
maximum_volume: 0.0000001000000000
maximum_shape: 0.0000001000000000
maximum_dsigma: 0.0100000000000000
mod: 100
pmod: 100
optimize: 1
verbose: 1
snapshot: 0
seed: 59720
8.515877575372 2.396413895805 0.999927098646 -0.012074659153
2.986384364467 7.936715132097 0.866025403784 0.500000000000
