#Configurational_file created 2018-09-11 17:03:44  started 2018-09-11 17:03:43 run for 1.0s steps 0
name: gc_18
step: 10000
specie: 20
	particle_diameter: 1.0000000000000000
	interaction_length: 1.2000000000000000
	number_of_patches: 3
	number_of_particles_per_compound: 1
	rod_length: 1.0000000000000000
	interaction_matrix:  1.000000 1.000000 1.000000 1.000000 1.000000 1.000000 1.000000 1.000000 1.000000
	patch_type: symmetric
	patch_width: 8.0000000000000000
	patch_angle: 0.0000000000000000
	angles:  0.000000 0.000000 0.000000
	grand_canonical: 1
	chemical_potential: -1.0000000000000000
box: 10.000000 10.000000
copy: 1.000000 1.000000
epsilon: 1.0000500000000001
end_epsilon: 0.0000000000000000
pressure: 1.0000000000000000
lambda: 0.0000000000000000
lambda_coupling: 1.0000000000000000
uy: 0.0000000000000000
maximum_displacement: 1.0000000000000000
maximum_rotation: 1.0000000000000000
maximum_volume: 0.0000001000000000
maximum_shape: 0.0000001000000000
maximum_dsigma: 0.0100000000000000
mod: 10
pmod: 10
optimize: 1
verbose: 1
snapshot: 0
display: 1
explore: 1
npt: 0
nptxy: 0
nptdxdy: 0
shape: 0
seed: 23336
-1.400834644130 10.761628463463 0.866025403784 -0.500000000000
18.003915202552 12.141856514744 0.866025403784 -0.500000000000
7.235417456805 5.166214073984 0.000000000000 1.000000000000
-8.035730100727 -1.245417061420 0.866025403784 0.500000000000
2.747723391511 4.271727595584 0.866025403784 -0.500000000000
22.458549093131 10.657423244584 0.866025403784 -0.500000000000
20.072990440889 5.204797984518 0.866025403784 -0.500000000000
-6.384034598130 2.115281629331 0.000000000000 1.000000000000
14.780561982728 -13.873651033456 0.000000000000 1.000000000000
-2.127117057643 9.927851268416 0.866025403784 -0.500000000000
16.344354943766 -1.131474885064 0.866025403784 0.500000000000
11.107598464874 -4.803612435475 0.866025403784 -0.500000000000
8.257204885324 8.497865395218 0.866025403784 -0.500000000000
3.066369368619 -1.710762663537 0.866025403784 0.500000000000
-4.254938494102 2.439241243744 0.000000000000 1.000000000000
14.826583395043 18.988115930970 0.866025403784 0.500000000000
14.640955103276 4.260589421602 0.866025403784 0.500000000000
1.166140796103 13.034555129273 0.866025403784 0.500000000000
9.795013155758 4.035040330136 0.000000000000 1.000000000000
4.845633644749 1.427791866785 0.000000000000 1.000000000000
