#Configurational_file created 2018-09-11 17:03:34  started 2018-09-11 17:03:33 run for 1.0s steps 0
name: gc_2
step: 10000
specie: 6
	particle_diameter: 1.0000000000000000
	interaction_length: 1.2000000000000000
	number_of_patches: 3
	number_of_particles_per_compound: 1
	rod_length: 1.0000000000000000
	interaction_matrix:  1.000000 1.000000 1.000000 1.000000 1.000000 1.000000 1.000000 1.000000 1.000000
	patch_type: symmetric
	patch_width: 8.0000000000000000
	patch_angle: 0.0000000000000000
	angles:  0.000000 0.000000 0.000000
	grand_canonical: 1
	chemical_potential: -3.0000000000000000
box: 10.000000 10.000000
copy: 1.000000 1.000000
epsilon: 0.3334170000000000
end_epsilon: 0.0000000000000000
pressure: 1.0000000000000000
lambda: 0.0000000000000000
lambda_coupling: 1.0000000000000000
uy: 0.0000000000000000
maximum_displacement: 1.0000000000000000
maximum_rotation: 1.0000000000000000
maximum_volume: 0.0000001000000000
maximum_shape: 0.0000001000000000
maximum_dsigma: 0.0100000000000000
mod: 10
pmod: 10
optimize: 1
verbose: 1
snapshot: 0
display: 1
explore: 1
npt: 0
nptxy: 0
nptdxdy: 0
shape: 0
seed: 5144
12.669972201463 11.373153611417 0.000000000000 1.000000000000
-1.632485728011 6.705730017299 0.866025403784 -0.500000000000
11.208560678337 0.323223501556 0.000000000000 1.000000000000
14.344606015553 6.197022970771 0.866025403784 -0.500000000000
2.169842633543 -2.847095518664 0.866025403784 0.500000000000
5.659908089132 2.565674876783 0.866025403784 0.500000000000
