#Configurational_file created 2018-09-11 17:03:46  started 2018-09-11 17:03:45 run for 1.0s steps 0
name: gc_20
step: 10000
specie: 21
	particle_diameter: 1.0000000000000000
	interaction_length: 1.2000000000000000
	number_of_patches: 3
	number_of_particles_per_compound: 1
	rod_length: 1.0000000000000000
	interaction_matrix:  1.000000 1.000000 1.000000 1.000000 1.000000 1.000000 1.000000 1.000000 1.000000
	patch_type: symmetric
	patch_width: 8.0000000000000000
	patch_angle: 0.0000000000000000
	angles:  0.000000 0.000000 0.000000
	grand_canonical: 1
	chemical_potential: -1.0000000000000000
box: 10.000000 10.000000
copy: 1.000000 1.000000
epsilon: 1.6666829999999999
end_epsilon: 0.0000000000000000
pressure: 1.0000000000000000
lambda: 0.0000000000000000
lambda_coupling: 1.0000000000000000
uy: 0.0000000000000000
maximum_displacement: 1.0000000000000000
maximum_rotation: 1.0000000000000000
maximum_volume: 0.0000001000000000
maximum_shape: 0.0000001000000000
maximum_dsigma: 0.0100000000000000
mod: 10
pmod: 10
optimize: 1
verbose: 1
snapshot: 0
display: 1
explore: 1
npt: 0
nptxy: 0
nptdxdy: 0
shape: 0
seed: 25610
1.941169076613 27.055773182810 0.000000000000 1.000000000000
9.764078053108 25.227031170661 0.866025403784 -0.500000000000
3.400516500460 4.075827320882 0.866025403784 0.500000000000
6.034730574424 12.096142197663 0.866025403784 0.500000000000
1.269539970640 3.439104364883 0.866025403784 -0.500000000000
0.086968554623 9.904857166297 0.000000000000 1.000000000000
8.086592888228 6.975418053186 0.866025403784 0.500000000000
14.366640879217 5.437813615255 0.866025403784 -0.500000000000
6.835175300888 -0.475429942939 0.000000000000 1.000000000000
18.549287740060 -1.281171320960 0.866025403784 0.500000000000
9.654159857790 -0.126028519913 0.866025403784 -0.500000000000
-6.535916788719 2.526498640795 0.000000000000 1.000000000000
4.820873977186 -15.316433219024 0.000000000000 1.000000000000
9.205354869695 2.203740737732 0.866025403784 0.500000000000
-1.693451203595 3.423740834841 0.000000000000 1.000000000000
10.184379149225 11.709217936315 0.866025403784 0.500000000000
10.946388327550 12.612790279748 0.000000000000 1.000000000000
6.129547183543 7.585241872648 0.866025403784 -0.500000000000
8.120513842566 10.427176468169 0.866025403784 0.500000000000
2.784751648052 7.995361941775 0.866025403784 -0.500000000000
8.540378302268 4.941217204436 0.866025403784 0.500000000000
