#Configurational_file created 2018-09-11 17:03:36  started 2018-09-11 17:03:35 run for 1.0s steps 0
name: gc_6
step: 10000
specie: 12
	particle_diameter: 1.0000000000000000
	interaction_length: 1.2000000000000000
	number_of_patches: 3
	number_of_particles_per_compound: 1
	rod_length: 1.0000000000000000
	interaction_matrix:  1.000000 1.000000 1.000000 1.000000 1.000000 1.000000 1.000000 1.000000 1.000000
	patch_type: symmetric
	patch_width: 8.0000000000000000
	patch_angle: 0.0000000000000000
	angles:  0.000000 0.000000 0.000000
	grand_canonical: 1
	chemical_potential: -3.0000000000000000
box: 10.000000 10.000000
copy: 1.000000 1.000000
epsilon: 1.6666829999999999
end_epsilon: 0.0000000000000000
pressure: 1.0000000000000000
lambda: 0.0000000000000000
lambda_coupling: 1.0000000000000000
uy: 0.0000000000000000
maximum_displacement: 1.0000000000000000
maximum_rotation: 1.0000000000000000
maximum_volume: 0.0000001000000000
maximum_shape: 0.0000001000000000
maximum_dsigma: 0.0100000000000000
mod: 10
pmod: 10
optimize: 1
verbose: 1
snapshot: 0
display: 1
explore: 1
npt: 0
nptxy: 0
nptdxdy: 0
shape: 0
seed: 9692
-8.934709820823 15.113527420517 0.866025403784 -0.500000000000
-3.226860467702 6.923410460173 0.000000000000 1.000000000000
-3.650750782962 13.537465472836 0.000000000000 1.000000000000
7.019649332735 -1.314926554119 0.000000000000 1.000000000000
14.580998416346 8.809813299662 0.866025403784 0.500000000000
0.287652901975 6.295551968826 0.866025403784 0.500000000000
2.336599978378 3.151139042167 0.866025403784 0.500000000000
4.640070460838 2.450239335607 0.000000000000 1.000000000000
11.186414591518 8.547416105520 0.866025403784 -0.500000000000
3.538556048731 10.149102816254 0.000000000000 1.000000000000
1.621193316277 10.120983439483 0.866025403784 0.500000000000
4.004034525050 6.904077516122 0.866025403784 -0.500000000000
