#Configurational_file created 2018-09-11 16:58:15  started 2018-09-11 16:58:14 run for 1.0s steps 0
name: p_26
step: 10000
specie: 20
	particle_diameter: 1.0000000000000000
	interaction_length: 1.2000000000000000
	number_of_patches: 3
	number_of_particles_per_compound: 1
	rod_length: 1.0000000000000000
	interaction_matrix:  1.000000 1.000000 1.000000 1.000000 1.000000 1.000000 1.000000 1.000000 1.000000
	patch_type: symmetric
	patch_width: 8.0000000000000000
	patch_angle: 0.0000000000000000
	angles:  0.000000 0.000000 0.000000
	grand_canonical: 0
	chemical_potential: 0.0000000000000000
box: 47.145357 47.145357
copy: 1.000000 1.000000
epsilon: 0.0001000000000000
end_epsilon: 0.0000000000000000
pressure: 0.0001000000000000
lambda: 0.0000000000000000
lambda_coupling: 1.0000000000000000
uy: 0.0000000000000000
maximum_displacement: 1.0000000000000000
maximum_rotation: 1.0000000000000000
maximum_volume: 1.0000000000000000
maximum_shape: 0.0000001000000000
maximum_dsigma: 0.0100000000000000
mod: 10
pmod: 10
optimize: 1
verbose: 1
snapshot: 0
display: 1
explore: 1
npt: 1
nptxy: 0
nptdxdy: 0
shape: 0
seed: 32432
-164.390855315315 79.021355574191 0.866025403784 -0.500000000000
5.548858080699 103.720585073025 0.000000000000 1.000000000000
177.181844598792 84.344656865211 0.866025403784 0.500000000000
148.719438117492 -33.700588358747 0.866025403784 -0.500000000000
-17.680322147945 -321.309083493498 0.000000000000 1.000000000000
55.472069993861 43.357991744770 0.000000000000 1.000000000000
-217.155208202170 134.204099266164 0.866025403784 -0.500000000000
107.100320963338 -251.525582606191 0.866025403784 0.500000000000
228.733547494720 1.832900412130 0.866025403784 -0.500000000000
256.397329348008 28.050066956096 0.866025403784 0.500000000000
168.434973776954 200.560647163325 0.000000000000 1.000000000000
416.600606476167 295.658037167855 0.866025403784 -0.500000000000
18.128868322942 -14.847542381990 0.866025403784 -0.500000000000
205.953608271229 -294.314486656183 0.866025403784 -0.500000000000
-39.112510833560 -219.738479401344 0.866025403784 -0.500000000000
259.527363543393 88.860100017024 0.000000000000 1.000000000000
183.283915635313 -200.133152791875 0.866025403784 -0.500000000000
181.962519762949 169.727383988874 0.866025403784 0.500000000000
-14.496223356446 39.920771681309 0.000000000000 1.000000000000
195.522749865703 47.958130296489 0.000000000000 1.000000000000
