#Configurational_file created 2018-09-11 16:58:17  started 2018-09-11 16:58:16 run for 1.0s steps 0
name: p_28
step: 10000
specie: 20
	particle_diameter: 1.0000000000000000
	interaction_length: 1.2000000000000000
	number_of_patches: 3
	number_of_particles_per_compound: 1
	rod_length: 1.0000000000000000
	interaction_matrix:  1.000000 1.000000 1.000000 1.000000 1.000000 1.000000 1.000000 1.000000 1.000000
	patch_type: symmetric
	patch_width: 8.0000000000000000
	patch_angle: 0.0000000000000000
	angles:  0.000000 0.000000 0.000000
	grand_canonical: 0
	chemical_potential: 0.0000000000000000
box: 45.488052 45.488052
copy: 1.000000 1.000000
epsilon: 0.0001000000000000
end_epsilon: 0.0000000000000000
pressure: 1.0000500000000001
lambda: 0.0000000000000000
lambda_coupling: 1.0000000000000000
uy: 0.0000000000000000
maximum_displacement: 1.0000000000000000
maximum_rotation: 1.0000000000000000
maximum_volume: 1.0000000000000000
maximum_shape: 0.0000001000000000
maximum_dsigma: 0.0100000000000000
mod: 10
pmod: 10
optimize: 1
verbose: 1
snapshot: 0
display: 1
explore: 1
npt: 1
nptxy: 0
nptdxdy: 0
shape: 0
seed: 34706
-15.456001357730 213.106572915403 0.866025403784 -0.500000000000
16.567588330284 90.411558180752 0.866025403784 0.500000000000
14.204968587863 -271.161960584131 0.866025403784 0.500000000000
121.359402456659 19.933189483924 0.000000000000 1.000000000000
-113.592568543881 166.141726695725 0.866025403784 0.500000000000
-82.574707031225 81.324980312398 0.866025403784 0.500000000000
-83.257245797677 5.733413513163 0.866025403784 -0.500000000000
325.292881583623 30.576154796707 0.000000000000 1.000000000000
147.711836610245 -98.566729347086 0.866025403784 0.500000000000
3.466722508553 169.384862581717 0.866025403784 -0.500000000000
-184.057327680636 33.986135977443 0.866025403784 -0.500000000000
15.467504499836 7.020448216691 0.000000000000 1.000000000000
-6.784048221315 -36.050142118324 0.000000000000 1.000000000000
466.063919371639 121.236872273935 0.000000000000 1.000000000000
245.835015070630 62.173569179601 0.866025403784 -0.500000000000
-94.342564680717 182.617136315208 0.866025403784 0.500000000000
124.909856395797 356.289759759938 0.866025403784 -0.500000000000
55.153238047247 65.784395059132 0.866025403784 0.500000000000
94.961612237139 107.183231262187 0.866025403784 -0.500000000000
-159.254765349403 -303.309899922963 0.000000000000 1.000000000000
