#Configurational_file created 2018-09-11 16:58:20  started 2018-09-11 16:58:19 run for 1.0s steps 0
name: p_32
step: 10000
specie: 20
	particle_diameter: 1.0000000000000000
	interaction_length: 1.2000000000000000
	number_of_patches: 3
	number_of_particles_per_compound: 1
	rod_length: 1.0000000000000000
	interaction_matrix:  1.000000 1.000000 1.000000 1.000000 1.000000 1.000000 1.000000 1.000000 1.000000
	patch_type: symmetric
	patch_width: 8.0000000000000000
	patch_angle: 0.0000000000000000
	angles:  0.000000 0.000000 0.000000
	grand_canonical: 0
	chemical_potential: 0.0000000000000000
box: 13.661232 13.661232
copy: 1.000000 1.000000
epsilon: 0.2500750000000000
end_epsilon: 0.0000000000000000
pressure: 0.5000750000000000
lambda: 0.0000000000000000
lambda_coupling: 1.0000000000000000
uy: 0.0000000000000000
maximum_displacement: 1.0000000000000000
maximum_rotation: 1.0000000000000000
maximum_volume: 1.0000000000000000
maximum_shape: 0.0000001000000000
maximum_dsigma: 0.0100000000000000
mod: 10
pmod: 10
optimize: 1
verbose: 1
snapshot: 0
display: 1
explore: 1
npt: 1
nptxy: 0
nptdxdy: 0
shape: 0
seed: 39254
33.207508458747 78.097462503300 0.866025403784 -0.500000000000
-8.815424228038 45.776532064107 0.000000000000 1.000000000000
-3.234359353844 10.102199411731 0.866025403784 0.500000000000
15.122428832057 21.669506282504 0.866025403784 -0.500000000000
-117.547830385955 -81.614965794726 0.866025403784 0.500000000000
63.999881989462 116.544170463561 0.866025403784 0.500000000000
7.992508919882 102.465565597515 0.866025403784 -0.500000000000
-44.018213415070 -29.247927589436 0.866025403784 0.500000000000
102.309093773627 -10.182972279118 0.000000000000 1.000000000000
12.062001902316 38.589359301327 0.866025403784 0.500000000000
13.969651299398 135.295710432056 0.866025403784 -0.500000000000
-2.425479947839 -65.847042714186 0.000000000000 1.000000000000
57.695429889065 129.972215520404 0.866025403784 -0.500000000000
-130.418086442147 -42.873092672106 0.866025403784 -0.500000000000
-44.607035387490 97.156967546893 0.866025403784 -0.500000000000
84.574574826606 80.107407786293 0.866025403784 -0.500000000000
54.675501153782 76.008011229606 0.866025403784 0.500000000000
27.096819490935 -63.068641862622 0.000000000000 1.000000000000
134.837835831395 -44.367582938497 0.866025403784 0.500000000000
-151.128427371699 -18.427026908655 0.866025403784 -0.500000000000
