#Configurational_file created 2018-09-11 16:58:20  started 2018-09-11 16:58:20 run for 0.0s steps 0
name: p_33
step: 10000
specie: 20
	particle_diameter: 1.0000000000000000
	interaction_length: 1.2000000000000000
	number_of_patches: 3
	number_of_particles_per_compound: 1
	rod_length: 1.0000000000000000
	interaction_matrix:  1.000000 1.000000 1.000000 1.000000 1.000000 1.000000 1.000000 1.000000 1.000000
	patch_type: symmetric
	patch_width: 8.0000000000000000
	patch_angle: 0.0000000000000000
	angles:  0.000000 0.000000 0.000000
	grand_canonical: 0
	chemical_potential: 0.0000000000000000
box: 10.964485 10.964485
copy: 1.000000 1.000000
epsilon: 0.2500750000000000
end_epsilon: 0.0000000000000000
pressure: 1.0000500000000001
lambda: 0.0000000000000000
lambda_coupling: 1.0000000000000000
uy: 0.0000000000000000
maximum_displacement: 1.0000000000000000
maximum_rotation: 1.0000000000000000
maximum_volume: 1.0000000000000000
maximum_shape: 0.0000001000000000
maximum_dsigma: 0.0100000000000000
mod: 10
pmod: 10
optimize: 1
verbose: 1
snapshot: 0
display: 1
explore: 1
npt: 1
nptxy: 0
nptdxdy: 0
shape: 0
seed: 40391
14.421571893388 -37.650407567040 0.000000000000 1.000000000000
47.886892831927 132.335894906671 0.866025403784 0.500000000000
-102.824874579186 -40.855465891334 0.866025403784 0.500000000000
-60.099379829551 33.248986450669 0.866025403784 0.500000000000
79.577010954483 -89.892879192780 0.866025403784 0.500000000000
-91.218150303408 86.977211770171 0.866025403784 0.500000000000
153.010065193462 94.228406349471 0.866025403784 0.500000000000
45.936496135002 -249.094203308401 0.866025403784 -0.500000000000
6.352095518641 -9.673065954572 0.866025403784 -0.500000000000
41.850716607413 -92.366194640828 0.866025403784 0.500000000000
10.502885494123 -11.216101567134 0.866025403784 0.500000000000
-100.377529641506 -55.786809781123 0.866025403784 -0.500000000000
-7.978766531092 -36.837277586177 0.866025403784 -0.500000000000
-43.636225440052 113.436056326690 0.000000000000 1.000000000000
-57.445221287782 57.279572857068 0.866025403784 -0.500000000000
-114.947931682269 113.086190322046 0.866025403784 -0.500000000000
-160.085043337221 -30.403910741269 0.000000000000 1.000000000000
-42.906561832156 -13.429066743273 0.866025403784 -0.500000000000
38.937984009280 -3.284654639398 0.866025403784 -0.500000000000
-22.415190807998 74.289053272916 0.000000000000 1.000000000000
