#Configurational_file created 2018-09-11 16:58:21  started 2018-09-11 16:58:20 run for 1.0s steps 0
name: p_34
step: 10000
specie: 20
	particle_diameter: 1.0000000000000000
	interaction_length: 1.2000000000000000
	number_of_patches: 3
	number_of_particles_per_compound: 1
	rod_length: 1.0000000000000000
	interaction_matrix:  1.000000 1.000000 1.000000 1.000000 1.000000 1.000000 1.000000 1.000000 1.000000
	patch_type: symmetric
	patch_width: 8.0000000000000000
	patch_angle: 0.0000000000000000
	angles:  0.000000 0.000000 0.000000
	grand_canonical: 0
	chemical_potential: 0.0000000000000000
box: 8.905815 8.905815
copy: 1.000000 1.000000
epsilon: 0.2500750000000000
end_epsilon: 0.0000000000000000
pressure: 1.5000249999999999
lambda: 0.0000000000000000
lambda_coupling: 1.0000000000000000
uy: 0.0000000000000000
maximum_displacement: 1.0000000000000000
maximum_rotation: 1.0000000000000000
maximum_volume: 1.0000000000000000
maximum_shape: 0.0000001000000000
maximum_dsigma: 0.0100000000000000
mod: 10
pmod: 10
optimize: 1
verbose: 1
snapshot: 0
display: 1
explore: 1
npt: 1
nptxy: 0
nptdxdy: 0
shape: 0
seed: 41528
85.107579036129 61.139946079100 0.000000000000 1.000000000000
-39.412808893458 37.402448619605 0.866025403784 0.500000000000
-14.579292595199 -56.655472522053 0.866025403784 -0.500000000000
10.334310262645 50.745988550278 0.000000000000 1.000000000000
26.066629681452 -42.211309685995 0.866025403784 0.500000000000
112.004125824844 6.629112088214 0.000000000000 1.000000000000
-23.218563081299 57.023443853403 0.866025403784 -0.500000000000
90.066211790040 6.309690083387 0.866025403784 -0.500000000000
-50.403274887821 -36.543163001988 0.000000000000 1.000000000000
-55.212175668087 65.778777063390 0.866025403784 -0.500000000000
109.431363527494 -71.933693781491 0.866025403784 -0.500000000000
104.520451392559 -23.758644492140 0.000000000000 1.000000000000
44.392453566640 -144.092842003023 0.866025403784 0.500000000000
46.596276285103 20.666444365539 0.866025403784 0.500000000000
-43.112644331720 27.108937612953 0.866025403784 -0.500000000000
-65.700343822696 11.782938515576 0.866025403784 0.500000000000
115.738173597143 18.160085889039 0.866025403784 -0.500000000000
-10.810997642400 34.492493873878 0.866025403784 0.500000000000
-44.615071745986 -104.097261511803 0.000000000000 1.000000000000
81.823413426797 31.567668441336 0.866025403784 0.500000000000
