#Configurational_file created 2018-09-11 16:58:22  started 2018-09-11 16:58:21 run for 1.0s steps 0
name: p_35
step: 10000
specie: 20
	particle_diameter: 1.0000000000000000
	interaction_length: 1.2000000000000000
	number_of_patches: 3
	number_of_particles_per_compound: 1
	rod_length: 1.0000000000000000
	interaction_matrix:  1.000000 1.000000 1.000000 1.000000 1.000000 1.000000 1.000000 1.000000 1.000000
	patch_type: symmetric
	patch_width: 8.0000000000000000
	patch_angle: 0.0000000000000000
	angles:  0.000000 0.000000 0.000000
	grand_canonical: 0
	chemical_potential: 0.0000000000000000
box: 8.343386 8.343386
copy: 1.000000 1.000000
epsilon: 0.2500750000000000
end_epsilon: 0.0000000000000000
pressure: 2.0000000000000000
lambda: 0.0000000000000000
lambda_coupling: 1.0000000000000000
uy: 0.0000000000000000
maximum_displacement: 1.0000000000000000
maximum_rotation: 1.0000000000000000
maximum_volume: 0.7031434631581317
maximum_shape: 0.0000001000000000
maximum_dsigma: 0.0100000000000000
mod: 10
pmod: 10
optimize: 1
verbose: 1
snapshot: 0
display: 1
explore: 1
npt: 1
nptxy: 0
nptdxdy: 0
shape: 0
seed: 42665
-141.750936463609 -10.116805048579 0.000000000000 1.000000000000
118.708210504472 14.999548005379 0.866025403784 -0.500000000000
10.025969649834 -39.411606960527 0.866025403784 -0.500000000000
-17.417236135052 28.044078999548 0.866025403784 -0.500000000000
51.970436945764 16.677475677835 0.866025403784 0.500000000000
-22.118099374147 -15.242677879660 0.000000000000 1.000000000000
19.599683633660 135.641396220183 0.866025403784 0.500000000000
-48.729871577539 14.306769754375 0.000000000000 1.000000000000
-0.490974876765 21.810051940855 0.000000000000 1.000000000000
-5.179737493337 -42.521467848721 0.000000000000 1.000000000000
120.860846169652 -86.095919643335 0.000000000000 1.000000000000
-48.248776881125 -54.310984897679 0.866025403784 -0.500000000000
-12.462265368871 91.374518479094 0.866025403784 -0.500000000000
-35.832091173266 -149.296416171781 0.866025403784 0.500000000000
-71.512360596015 -38.611827488670 0.866025403784 -0.500000000000
44.854469196418 -117.196907008106 0.866025403784 -0.500000000000
-19.177898703518 -77.453376326202 0.866025403784 0.500000000000
-26.553114388962 -60.595753356646 0.866025403784 -0.500000000000
39.857896231452 77.565368189639 0.866025403784 0.500000000000
20.983018018889 -113.985191936802 0.000000000000 1.000000000000
