#Configurational_file created 2018-09-11 17:04:01  started 2018-09-11 17:04:01 run for 0.0s steps 0
name: p_37
step: 10000
specie: 20
	particle_diameter: 1.0000000000000000
	interaction_length: 1.2000000000000000
	number_of_patches: 3
	number_of_particles_per_compound: 1
	rod_length: 1.0000000000000000
	interaction_matrix:  1.000000 1.000000 1.000000 1.000000 1.000000 1.000000 1.000000 1.000000 1.000000
	patch_type: symmetric
	patch_width: 8.0000000000000000
	patch_angle: 0.0000000000000000
	angles:  0.000000 0.000000 0.000000
	grand_canonical: 0
	chemical_potential: 0.0000000000000000
box: 47.778409 47.778409
copy: 1.000000 1.000000
epsilon: 0.0001000000000000
end_epsilon: 0.0000000000000000
pressure: 0.3334170000000000
lambda: 0.0000000000000000
lambda_coupling: 1.0000000000000000
uy: 0.0000000000000000
maximum_displacement: 1.0000000000000000
maximum_rotation: 1.0000000000000000
maximum_volume: 1.0000000000000000
maximum_shape: 0.0000001000000000
maximum_dsigma: 0.0100000000000000
mod: 10
pmod: 10
optimize: 1
verbose: 1
snapshot: 0
display: 1
explore: 1
npt: 1
nptxy: 0
nptdxdy: 0
shape: 0
seed: 44939
267.128461920481 362.687932633323 0.866025403784 -0.500000000000
-18.741798945063 -203.357744669406 0.000000000000 1.000000000000
-97.406921501262 190.492196590580 0.000000000000 1.000000000000
257.951097350353 9.711032517450 0.866025403784 0.500000000000
84.914264536288 74.470079358186 0.866025403784 0.500000000000
-25.396090033347 215.792546236434 0.000000000000 1.000000000000
29.912967261927 60.351062356905 0.866025403784 0.500000000000
-176.340735121516 94.862030627130 0.866025403784 -0.500000000000
24.124903147453 34.827031570829 0.866025403784 0.500000000000
263.645015586452 275.291725471040 0.000000000000 1.000000000000
-135.132716804882 15.543321067583 0.866025403784 0.500000000000
-12.193723523278 52.397438149148 0.000000000000 1.000000000000
252.815441183058 156.564716776030 0.866025403784 -0.500000000000
190.300080963073 -82.292024066098 0.866025403784 0.500000000000
149.889711340738 -201.006323946540 0.000000000000 1.000000000000
49.268571553759 -139.802909094590 0.866025403784 -0.500000000000
-102.272170222061 122.764481538461 0.866025403784 0.500000000000
-142.266427249649 314.493594301729 0.000000000000 1.000000000000
-376.429385502021 132.705296540899 0.000000000000 1.000000000000
40.413663026392 -111.195478290910 0.000000000000 1.000000000000
