#Configurational_file created 2018-09-11 17:04:02  started 2018-09-11 17:04:01 run for 1.0s steps 0
name: p_38
step: 10000
specie: 20
	particle_diameter: 1.0000000000000000
	interaction_length: 1.2000000000000000
	number_of_patches: 3
	number_of_particles_per_compound: 1
	rod_length: 1.0000000000000000
	interaction_matrix:  1.000000 1.000000 1.000000 1.000000 1.000000 1.000000 1.000000 1.000000 1.000000
	patch_type: symmetric
	patch_width: 8.0000000000000000
	patch_angle: 0.0000000000000000
	angles:  0.000000 0.000000 0.000000
	grand_canonical: 0
	chemical_potential: 0.0000000000000000
box: 46.573957 46.573957
copy: 1.000000 1.000000
epsilon: 0.0001000000000000
end_epsilon: 0.0000000000000000
pressure: 0.6667330000000000
lambda: 0.0000000000000000
lambda_coupling: 1.0000000000000000
uy: 0.0000000000000000
maximum_displacement: 1.0000000000000000
maximum_rotation: 1.0000000000000000
maximum_volume: 1.0000000000000000
maximum_shape: 0.0000001000000000
maximum_dsigma: 0.0100000000000000
mod: 10
pmod: 10
optimize: 1
verbose: 1
snapshot: 0
display: 1
explore: 1
npt: 1
nptxy: 0
nptdxdy: 0
shape: 0
seed: 46076
167.572686329442 -31.760589230067 0.866025403784 0.500000000000
-136.406314446525 29.740316414072 0.866025403784 -0.500000000000
316.498582023492 338.553002761163 0.866025403784 -0.500000000000
170.410672337906 -78.030572437014 0.000000000000 1.000000000000
-195.153614571945 -45.242503102905 0.866025403784 -0.500000000000
382.886855500051 -41.140957408146 0.866025403784 -0.500000000000
-83.752136901774 -336.384621781728 0.866025403784 -0.500000000000
-138.322964189753 161.535648227136 0.866025403784 0.500000000000
199.626647379931 -76.857752879589 0.866025403784 0.500000000000
-93.883582965689 124.913164505002 0.000000000000 1.000000000000
92.446249586853 71.850787294083 0.866025403784 0.500000000000
-105.572225519329 141.053616598281 0.866025403784 0.500000000000
105.168009369872 362.251657086081 0.000000000000 1.000000000000
-79.533093046037 46.834470193475 0.000000000000 1.000000000000
68.686393619171 -41.163033393630 0.000000000000 1.000000000000
-179.971739934375 287.706012356222 0.866025403784 0.500000000000
31.772350878567 -45.671697795269 0.000000000000 1.000000000000
292.809784793648 -7.272067422819 0.866025403784 -0.500000000000
-188.418880238195 63.840433738949 0.000000000000 1.000000000000
384.904371941483 74.469623385756 0.000000000000 1.000000000000
