#Configurational_file created 2018-09-11 17:04:04  started 2018-09-11 17:04:03 run for 1.0s steps 0
name: p_41
step: 10000
specie: 20
	particle_diameter: 1.0000000000000000
	interaction_length: 1.2000000000000000
	number_of_patches: 3
	number_of_particles_per_compound: 1
	rod_length: 1.0000000000000000
	interaction_matrix:  1.000000 1.000000 1.000000 1.000000 1.000000 1.000000 1.000000 1.000000 1.000000
	patch_type: symmetric
	patch_width: 8.0000000000000000
	patch_angle: 0.0000000000000000
	angles:  0.000000 0.000000 0.000000
	grand_canonical: 0
	chemical_potential: 0.0000000000000000
box: 39.027275 39.027275
copy: 1.000000 1.000000
epsilon: 0.0001000000000000
end_epsilon: 0.0000000000000000
pressure: 1.6666829999999999
lambda: 0.0000000000000000
lambda_coupling: 1.0000000000000000
uy: 0.0000000000000000
maximum_displacement: 1.0000000000000000
maximum_rotation: 1.0000000000000000
maximum_volume: 1.0000000000000000
maximum_shape: 0.0000001000000000
maximum_dsigma: 0.0100000000000000
mod: 10
pmod: 10
optimize: 1
verbose: 1
snapshot: 0
display: 1
explore: 1
npt: 1
nptxy: 0
nptdxdy: 0
shape: 0
seed: 49487
-154.706349515904 -146.256848877821 0.866025403784 0.500000000000
-169.809623494217 175.139591151845 0.000000000000 1.000000000000
30.430149342919 -148.180251899406 0.866025403784 0.500000000000
-49.418325449899 18.029318831104 0.000000000000 1.000000000000
-247.504522331499 -120.088686490759 0.000000000000 1.000000000000
0.950832238311 -7.268786792144 0.866025403784 0.500000000000
-38.635262954802 209.045503418037 0.866025403784 0.500000000000
-72.183004309453 218.935541215100 0.866025403784 0.500000000000
-199.437975796235 179.791590806191 0.866025403784 0.500000000000
120.671049176940 84.213020018604 0.866025403784 -0.500000000000
-75.405859752046 94.545259679835 0.866025403784 0.500000000000
-6.194005098869 324.544467902633 0.866025403784 -0.500000000000
299.500682273452 98.695715604669 0.000000000000 1.000000000000
92.516309419309 22.607426463545 0.000000000000 1.000000000000
-165.431776096141 -143.503468628328 0.000000000000 1.000000000000
51.454306411923 -342.584378445746 0.000000000000 1.000000000000
-107.161932810658 98.094453114114 0.866025403784 0.500000000000
185.044381832580 -95.529148855257 0.000000000000 1.000000000000
-203.767063817064 102.411528665661 0.000000000000 1.000000000000
121.134617798687 232.641068041086 0.866025403784 0.500000000000
