#Configurational_file created 2018-09-11 17:04:05  started 2018-09-11 17:04:04 run for 1.0s steps 0
name: p_42
step: 10000
specie: 20
	particle_diameter: 1.0000000000000000
	interaction_length: 1.2000000000000000
	number_of_patches: 3
	number_of_particles_per_compound: 1
	rod_length: 1.0000000000000000
	interaction_matrix:  1.000000 1.000000 1.000000 1.000000 1.000000 1.000000 1.000000 1.000000 1.000000
	patch_type: symmetric
	patch_width: 8.0000000000000000
	patch_angle: 0.0000000000000000
	angles:  0.000000 0.000000 0.000000
	grand_canonical: 0
	chemical_potential: 0.0000000000000000
box: 51.508228 51.508228
copy: 1.000000 1.000000
epsilon: 0.0001000000000000
end_epsilon: 0.0000000000000000
pressure: 2.0000000000000000
lambda: 0.0000000000000000
lambda_coupling: 1.0000000000000000
uy: 0.0000000000000000
maximum_displacement: 1.0000000000000000
maximum_rotation: 1.0000000000000000
maximum_volume: 1.0000000000000000
maximum_shape: 0.0000001000000000
maximum_dsigma: 0.0100000000000000
mod: 10
pmod: 10
optimize: 1
verbose: 1
snapshot: 0
display: 1
explore: 1
npt: 1
nptxy: 0
nptdxdy: 0
shape: 0
seed: 50624
-160.760446848858 -175.172093245672 0.866025403784 -0.500000000000
54.814999737746 -172.193040020621 0.866025403784 -0.500000000000
301.519784999022 -199.045974656092 0.866025403784 -0.500000000000
35.049848473179 249.825867527034 0.000000000000 1.000000000000
216.450771973716 115.336407544396 0.866025403784 -0.500000000000
-190.271506183078 87.362078619641 0.866025403784 0.500000000000
-16.719726449251 -14.926495014190 0.866025403784 -0.500000000000
7.505723594269 70.730569217767 0.866025403784 -0.500000000000
296.654610325057 305.949239497436 0.000000000000 1.000000000000
-119.747378177255 50.043932870740 0.866025403784 0.500000000000
-142.049980108662 300.957686721089 0.866025403784 -0.500000000000
-205.630035221631 12.226663438871 0.866025403784 -0.500000000000
9.864029889947 8.043566525147 0.866025403784 0.500000000000
188.275000374173 133.470028954128 0.866025403784 -0.500000000000
87.463497080727 -394.299868827447 0.866025403784 -0.500000000000
-244.879668281840 99.096210968991 0.866025403784 0.500000000000
289.246259777395 84.091995250363 0.866025403784 0.500000000000
79.625733911495 -124.423268607187 0.866025403784 -0.500000000000
-92.231127566886 -26.526728277111 0.866025403784 -0.500000000000
31.131264400098 -96.880058996689 0.000000000000 1.000000000000
