#Configurational_file created 2018-09-11 17:04:06  started 2018-09-11 17:04:06 run for 0.0s steps 0
name: p_44
step: 10000
specie: 20
	particle_diameter: 1.0000000000000000
	interaction_length: 1.2000000000000000
	number_of_patches: 3
	number_of_particles_per_compound: 1
	rod_length: 1.0000000000000000
	interaction_matrix:  1.000000 1.000000 1.000000 1.000000 1.000000 1.000000 1.000000 1.000000 1.000000
	patch_type: symmetric
	patch_width: 8.0000000000000000
	patch_angle: 0.0000000000000000
	angles:  0.000000 0.000000 0.000000
	grand_canonical: 0
	chemical_potential: 0.0000000000000000
box: 24.299209 24.299209
copy: 1.000000 1.000000
epsilon: 0.0834170000000000
end_epsilon: 0.0000000000000000
pressure: 0.3334170000000000
lambda: 0.0000000000000000
lambda_coupling: 1.0000000000000000
uy: 0.0000000000000000
maximum_displacement: 1.0000000000000000
maximum_rotation: 1.0000000000000000
maximum_volume: 1.0000000000000000
maximum_shape: 0.0000001000000000
maximum_dsigma: 0.0100000000000000
mod: 10
pmod: 10
optimize: 1
verbose: 1
snapshot: 0
display: 1
explore: 1
npt: 1
nptxy: 0
nptdxdy: 0
shape: 0
seed: 52898
177.529735034705 45.214668875106 0.866025403784 0.500000000000
177.746221271701 -23.122031355017 0.866025403784 0.500000000000
-7.831839166896 60.193050352702 0.866025403784 -0.500000000000
87.456087418267 -178.178080214587 0.866025403784 -0.500000000000
-19.116062140727 -25.230293670103 0.866025403784 -0.500000000000
207.725878460808 82.892889507444 0.000000000000 1.000000000000
127.940998600894 -155.637396594036 0.866025403784 -0.500000000000
76.162430525042 -102.213000204273 0.866025403784 -0.500000000000
69.774291326706 30.979558631010 0.000000000000 1.000000000000
74.581721691689 138.609165930493 0.866025403784 0.500000000000
93.585235193390 -158.930520956988 0.000000000000 1.000000000000
-11.981590713266 -35.843249896513 0.866025403784 0.500000000000
63.887817634427 -47.133695098644 0.866025403784 -0.500000000000
-73.759498648848 -133.220603582433 0.866025403784 0.500000000000
204.524105623310 -70.206322772030 0.866025403784 -0.500000000000
42.726589816961 -66.110301993601 0.866025403784 0.500000000000
83.353778528202 44.651841044901 0.866025403784 -0.500000000000
-140.405939722589 43.938823965291 0.000000000000 1.000000000000
127.477714620668 75.967105678655 0.866025403784 0.500000000000
37.168445404906 168.222198931826 0.866025403784 -0.500000000000
