#Configurational_file created 2018-09-11 17:04:09  started 2018-09-11 17:04:08 run for 1.0s steps 0
name: p_48
step: 10000
specie: 20
	particle_diameter: 1.0000000000000000
	interaction_length: 1.2000000000000000
	number_of_patches: 3
	number_of_particles_per_compound: 1
	rod_length: 1.0000000000000000
	interaction_matrix:  1.000000 1.000000 1.000000 1.000000 1.000000 1.000000 1.000000 1.000000 1.000000
	patch_type: symmetric
	patch_width: 8.0000000000000000
	patch_angle: 0.0000000000000000
	angles:  0.000000 0.000000 0.000000
	grand_canonical: 0
	chemical_potential: 0.0000000000000000
box: 13.651862 13.651862
copy: 1.000000 1.000000
epsilon: 0.0834170000000000
end_epsilon: 0.0000000000000000
pressure: 1.6666829999999999
lambda: 0.0000000000000000
lambda_coupling: 1.0000000000000000
uy: 0.0000000000000000
maximum_displacement: 1.0000000000000000
maximum_rotation: 1.0000000000000000
maximum_volume: 1.0000000000000000
maximum_shape: 0.0000001000000000
maximum_dsigma: 0.0100000000000000
mod: 10
pmod: 10
optimize: 1
verbose: 1
snapshot: 0
display: 1
explore: 1
npt: 1
nptxy: 0
nptdxdy: 0
shape: 0
seed: 57446
-47.385927838389 -2.964174191334 0.000000000000 1.000000000000
-74.544834909985 -22.869946266353 0.866025403784 0.500000000000
130.330608137836 14.921106059475 0.000000000000 1.000000000000
6.455957013443 -29.487997000708 0.000000000000 1.000000000000
87.307473872187 31.789379012806 0.866025403784 -0.500000000000
55.886288783100 -10.848522627321 0.866025403784 -0.500000000000
134.244889462448 -27.791075951608 0.866025403784 -0.500000000000
-82.277580443506 39.207838121700 0.866025403784 0.500000000000
31.301461992605 68.606127044444 0.866025403784 0.500000000000
75.030084568708 -26.700736805089 0.866025403784 0.500000000000
-83.677442877238 55.368831301939 0.866025403784 -0.500000000000
117.983158082438 110.502490564449 0.000000000000 1.000000000000
55.494324716064 -30.383218819975 0.866025403784 -0.500000000000
-64.487648212925 -49.736965187655 0.866025403784 -0.500000000000
18.956654645138 -28.079174476822 0.866025403784 0.500000000000
-48.039136775312 7.664163366166 0.866025403784 0.500000000000
70.833338458021 -122.511190610337 0.866025403784 0.500000000000
194.504176526256 51.037311061108 0.000000000000 1.000000000000
80.781941648130 95.639114928283 0.866025403784 0.500000000000
73.203329511324 -47.375330883973 0.000000000000 1.000000000000
