#Configurational_file created 2018-09-11 17:04:11  started 2018-09-11 17:04:11 run for 0.0s steps 0
name: p_51
step: 10000
specie: 20
	particle_diameter: 1.0000000000000000
	interaction_length: 1.2000000000000000
	number_of_patches: 3
	number_of_particles_per_compound: 1
	rod_length: 1.0000000000000000
	interaction_matrix:  1.000000 1.000000 1.000000 1.000000 1.000000 1.000000 1.000000 1.000000 1.000000
	patch_type: symmetric
	patch_width: 8.0000000000000000
	patch_angle: 0.0000000000000000
	angles:  0.000000 0.000000 0.000000
	grand_canonical: 0
	chemical_potential: 0.0000000000000000
box: 18.406707 18.406707
copy: 1.000000 1.000000
epsilon: 0.1667330000000000
end_epsilon: 0.0000000000000000
pressure: 0.3334170000000000
lambda: 0.0000000000000000
lambda_coupling: 1.0000000000000000
uy: 0.0000000000000000
maximum_displacement: 1.0000000000000000
maximum_rotation: 1.0000000000000000
maximum_volume: 1.0000000000000000
maximum_shape: 0.0000001000000000
maximum_dsigma: 0.0100000000000000
mod: 10
pmod: 10
optimize: 1
verbose: 1
snapshot: 0
display: 1
explore: 1
npt: 1
nptxy: 0
nptdxdy: 0
shape: 0
seed: 60857
55.011583577692 10.918240618370 0.866025403784 0.500000000000
233.211306776810 106.387468541804 0.866025403784 0.500000000000
54.434596886986 19.700787013534 0.866025403784 0.500000000000
-56.948106773916 7.922700260637 0.000000000000 1.000000000000
-144.981962483584 -159.710540902715 0.866025403784 0.500000000000
60.412000842654 37.243315356938 0.866025403784 0.500000000000
126.815113607423 22.103147744092 0.866025403784 0.500000000000
-97.215618373725 187.490185435322 0.866025403784 -0.500000000000
-94.754209874080 124.367820730703 0.000000000000 1.000000000000
79.896056037979 60.796172096551 0.866025403784 -0.500000000000
12.761280931748 129.085491027196 0.866025403784 0.500000000000
-25.960840345027 -47.125616025812 0.866025403784 0.500000000000
-71.903890452089 -33.458647705530 0.866025403784 -0.500000000000
29.291671636384 -25.230579623435 0.000000000000 1.000000000000
12.231248405673 54.168266750010 0.000000000000 1.000000000000
59.664064685843 -70.459835786461 0.000000000000 1.000000000000
49.492269778007 89.616248966458 0.000000000000 1.000000000000
39.495308589538 68.446634120687 0.866025403784 -0.500000000000
-48.228507837184 -158.932035015398 0.866025403784 -0.500000000000
-16.732369116912 26.711414557895 0.000000000000 1.000000000000
