#Configurational_file created 2018-09-11 17:04:13  started 2018-09-11 17:04:12 run for 1.0s steps 0
name: p_53
step: 10000
specie: 20
	particle_diameter: 1.0000000000000000
	interaction_length: 1.2000000000000000
	number_of_patches: 3
	number_of_particles_per_compound: 1
	rod_length: 1.0000000000000000
	interaction_matrix:  1.000000 1.000000 1.000000 1.000000 1.000000 1.000000 1.000000 1.000000 1.000000
	patch_type: symmetric
	patch_width: 8.0000000000000000
	patch_angle: 0.0000000000000000
	angles:  0.000000 0.000000 0.000000
	grand_canonical: 0
	chemical_potential: 0.0000000000000000
box: 14.270745 14.270745
copy: 1.000000 1.000000
epsilon: 0.1667330000000000
end_epsilon: 0.0000000000000000
pressure: 1.0000500000000001
lambda: 0.0000000000000000
lambda_coupling: 1.0000000000000000
uy: 0.0000000000000000
maximum_displacement: 1.0000000000000000
maximum_rotation: 1.0000000000000000
maximum_volume: 1.0000000000000000
maximum_shape: 0.0000001000000000
maximum_dsigma: 0.0100000000000000
mod: 10
pmod: 10
optimize: 1
verbose: 1
snapshot: 0
display: 1
explore: 1
npt: 1
nptxy: 0
nptdxdy: 0
shape: 0
seed: 63131
2.184755322490 32.071990506453 0.866025403784 0.500000000000
-122.696777052285 -119.279136453701 0.866025403784 -0.500000000000
66.076874917401 -30.809305628159 0.866025403784 -0.500000000000
-46.677364943387 -2.284873176053 0.866025403784 0.500000000000
-69.061316198527 -135.734498589662 0.000000000000 1.000000000000
-41.046695732173 -201.997111639830 0.866025403784 0.500000000000
55.994418497766 150.169220193435 0.000000000000 1.000000000000
-40.395966916995 -87.110610871186 0.866025403784 -0.500000000000
-29.714320068492 -45.058537079250 0.866025403784 -0.500000000000
30.610367808754 -80.496367749728 0.000000000000 1.000000000000
-123.606705162284 68.318087259691 0.866025403784 -0.500000000000
-15.801531128625 58.933006036168 0.866025403784 0.500000000000
45.918509162882 31.048379356157 0.866025403784 -0.500000000000
-20.940568896739 277.966508249404 0.866025403784 0.500000000000
-199.815618726552 2.186282714624 0.000000000000 1.000000000000
107.548104651156 -39.094839969382 0.866025403784 -0.500000000000
-139.600113854485 24.602294176690 0.866025403784 0.500000000000
54.406093455073 72.933953249228 0.866025403784 0.500000000000
13.260152156079 30.928730059551 0.866025403784 -0.500000000000
64.399896047886 -41.365122931570 0.000000000000 1.000000000000
