#Configurational_file created 2018-09-11 17:04:14  started 2018-09-11 17:04:14 run for 0.0s steps 0
name: p_55
step: 10000
specie: 20
	particle_diameter: 1.0000000000000000
	interaction_length: 1.2000000000000000
	number_of_patches: 3
	number_of_particles_per_compound: 1
	rod_length: 1.0000000000000000
	interaction_matrix:  1.000000 1.000000 1.000000 1.000000 1.000000 1.000000 1.000000 1.000000 1.000000
	patch_type: symmetric
	patch_width: 8.0000000000000000
	patch_angle: 0.0000000000000000
	angles:  0.000000 0.000000 0.000000
	grand_canonical: 0
	chemical_potential: 0.0000000000000000
box: 10.026391 10.026391
copy: 1.000000 1.000000
epsilon: 0.1667330000000000
end_epsilon: 0.0000000000000000
pressure: 1.6666829999999999
lambda: 0.0000000000000000
lambda_coupling: 1.0000000000000000
uy: 0.0000000000000000
maximum_displacement: 1.0000000000000000
maximum_rotation: 1.0000000000000000
maximum_volume: 1.0000000000000000
maximum_shape: 0.0000001000000000
maximum_dsigma: 0.0100000000000000
mod: 10
pmod: 10
optimize: 1
verbose: 1
snapshot: 0
display: 1
explore: 1
npt: 1
nptxy: 0
nptdxdy: 0
shape: 0
seed: 65405
-12.847921099492 90.018485597062 0.866025403784 0.500000000000
-19.246320169127 -16.697352688438 0.866025403784 0.500000000000
1.927524211560 -50.121396009012 0.866025403784 -0.500000000000
150.098881153211 96.198595437971 0.866025403784 0.500000000000
54.296995785047 -25.859926629583 0.866025403784 0.500000000000
-24.263591701533 8.078893148004 0.866025403784 0.500000000000
-82.069959510721 126.938253950540 0.000000000000 1.000000000000
-3.567146271709 4.078953596652 0.000000000000 1.000000000000
-133.189035041999 19.021993657479 0.000000000000 1.000000000000
-37.937085816852 -61.138953289174 0.866025403784 -0.500000000000
45.099559597959 0.091322331996 0.000000000000 1.000000000000
4.138980821156 52.356551217997 0.000000000000 1.000000000000
-17.877773854115 -98.521883926373 0.866025403784 0.500000000000
89.068709882682 40.876576302820 0.866025403784 -0.500000000000
11.298973984174 124.465335462422 0.866025403784 -0.500000000000
-78.532233891363 27.854406667447 0.866025403784 -0.500000000000
45.261193133688 94.245058272731 0.000000000000 1.000000000000
3.737621132719 137.125739487189 0.866025403784 -0.500000000000
-11.550911774948 114.236038332286 0.000000000000 1.000000000000
-109.265905020977 6.403268472228 0.866025403784 0.500000000000
