#Configurational_file created 2018-09-11 17:04:15  started 2018-09-11 17:04:14 run for 1.0s steps 0
name: p_56
step: 10000
specie: 20
	particle_diameter: 1.0000000000000000
	interaction_length: 1.2000000000000000
	number_of_patches: 3
	number_of_particles_per_compound: 1
	rod_length: 1.0000000000000000
	interaction_matrix:  1.000000 1.000000 1.000000 1.000000 1.000000 1.000000 1.000000 1.000000 1.000000
	patch_type: symmetric
	patch_width: 8.0000000000000000
	patch_angle: 0.0000000000000000
	angles:  0.000000 0.000000 0.000000
	grand_canonical: 0
	chemical_potential: 0.0000000000000000
box: 10.420380 10.420380
copy: 1.000000 1.000000
epsilon: 0.1667330000000000
end_epsilon: 0.0000000000000000
pressure: 2.0000000000000000
lambda: 0.0000000000000000
lambda_coupling: 1.0000000000000000
uy: 0.0000000000000000
maximum_displacement: 1.0000000000000000
maximum_rotation: 1.0000000000000000
maximum_volume: 1.0000000000000000
maximum_shape: 0.0000001000000000
maximum_dsigma: 0.0100000000000000
mod: 10
pmod: 10
optimize: 1
verbose: 1
snapshot: 0
display: 1
explore: 1
npt: 1
nptxy: 0
nptdxdy: 0
shape: 0
seed: 66542
69.674201935000 -38.613962224274 0.000000000000 1.000000000000
-202.508473001383 32.696481047905 0.866025403784 -0.500000000000
-77.647342096877 10.062992442729 0.866025403784 0.500000000000
-117.496944805524 5.120494874480 0.000000000000 1.000000000000
-102.059171774904 -36.060624424939 0.000000000000 1.000000000000
113.877641876781 -139.607972867426 0.866025403784 0.500000000000
96.470936503581 -249.546148124425 0.866025403784 0.500000000000
39.590421063688 -181.544984635853 0.866025403784 -0.500000000000
40.024870818756 76.370722452387 0.866025403784 -0.500000000000
3.081036620726 93.310935351713 0.000000000000 1.000000000000
116.043104216013 -48.930008423278 0.866025403784 0.500000000000
-139.472876691031 63.010664845270 0.000000000000 1.000000000000
-30.309189158148 -85.237069939360 0.866025403784 0.500000000000
14.884487627657 66.223803896259 0.000000000000 1.000000000000
55.056431491874 96.733262945581 0.866025403784 -0.500000000000
-107.645789846810 -300.300982661625 0.866025403784 0.500000000000
102.510994579226 103.476423412986 0.866025403784 -0.500000000000
98.642883318228 29.255971649934 0.000000000000 1.000000000000
-144.659669470998 -186.667082029875 0.866025403784 -0.500000000000
124.424347153630 4.221735157360 0.000000000000 1.000000000000
