#Configurational_file created 2018-09-11 17:04:17  started 2018-09-11 17:04:16 run for 1.0s steps 0
name: p_58
step: 10000
specie: 20
	particle_diameter: 1.0000000000000000
	interaction_length: 1.2000000000000000
	number_of_patches: 3
	number_of_particles_per_compound: 1
	rod_length: 1.0000000000000000
	interaction_matrix:  1.000000 1.000000 1.000000 1.000000 1.000000 1.000000 1.000000 1.000000 1.000000
	patch_type: symmetric
	patch_width: 8.0000000000000000
	patch_angle: 0.0000000000000000
	angles:  0.000000 0.000000 0.000000
	grand_canonical: 0
	chemical_potential: 0.0000000000000000
box: 15.040879 15.040879
copy: 1.000000 1.000000
epsilon: 0.2500500000000000
end_epsilon: 0.0000000000000000
pressure: 0.3334170000000000
lambda: 0.0000000000000000
lambda_coupling: 1.0000000000000000
uy: 0.0000000000000000
maximum_displacement: 1.0000000000000000
maximum_rotation: 1.0000000000000000
maximum_volume: 1.0000000000000000
maximum_shape: 0.0000001000000000
maximum_dsigma: 0.0100000000000000
mod: 10
pmod: 10
optimize: 1
verbose: 1
snapshot: 0
display: 1
explore: 1
npt: 1
nptxy: 0
nptdxdy: 0
shape: 0
seed: 68816
99.022181386991 -79.068640375844 0.866025403784 0.500000000000
-103.457639633698 79.404004699309 0.000000000000 1.000000000000
98.024600116855 -24.699567321852 0.000000000000 1.000000000000
-14.342968527011 27.808803535819 0.000000000000 1.000000000000
138.622915748257 -84.532295617445 0.000000000000 1.000000000000
-66.393727654137 76.754798522174 0.866025403784 0.500000000000
-126.573578655536 -10.504028594934 0.000000000000 1.000000000000
-136.399297114013 86.674879170600 0.866025403784 -0.500000000000
-30.873616736731 105.658720716595 0.000000000000 1.000000000000
-54.535887128531 32.462576369095 0.866025403784 0.500000000000
148.690464192967 51.268163336792 0.866025403784 -0.500000000000
99.809933146019 -26.827375285380 0.866025403784 0.500000000000
140.751335879067 -33.847374162760 0.866025403784 -0.500000000000
32.316874444920 -169.721491854042 0.000000000000 1.000000000000
-10.145846444489 74.265129946095 0.000000000000 1.000000000000
42.859127335596 -80.404140800163 0.000000000000 1.000000000000
-71.928834070768 -14.461987359330 0.866025403784 -0.500000000000
44.598956498189 4.943139405233 0.000000000000 1.000000000000
-74.607596563504 -61.312603642576 0.866025403784 0.500000000000
-81.591664265382 114.319611977740 0.866025403784 0.500000000000
