#Configurational_file created 2018-09-11 17:04:18  started 2018-09-11 17:04:17 run for 1.0s steps 0
name: p_60
step: 10000
specie: 20
	particle_diameter: 1.0000000000000000
	interaction_length: 1.2000000000000000
	number_of_patches: 3
	number_of_particles_per_compound: 1
	rod_length: 1.0000000000000000
	interaction_matrix:  1.000000 1.000000 1.000000 1.000000 1.000000 1.000000 1.000000 1.000000 1.000000
	patch_type: symmetric
	patch_width: 8.0000000000000000
	patch_angle: 0.0000000000000000
	angles:  0.000000 0.000000 0.000000
	grand_canonical: 0
	chemical_potential: 0.0000000000000000
box: 9.947041 9.947041
copy: 1.000000 1.000000
epsilon: 0.2500500000000000
end_epsilon: 0.0000000000000000
pressure: 1.0000500000000001
lambda: 0.0000000000000000
lambda_coupling: 1.0000000000000000
uy: 0.0000000000000000
maximum_displacement: 1.0000000000000000
maximum_rotation: 1.0000000000000000
maximum_volume: 1.0000000000000000
maximum_shape: 0.0000001000000000
maximum_dsigma: 0.0100000000000000
mod: 10
pmod: 10
optimize: 1
verbose: 1
snapshot: 0
display: 1
explore: 1
npt: 1
nptxy: 0
nptdxdy: 0
shape: 0
seed: 71090
37.587128702624 -47.078094044625 0.000000000000 1.000000000000
-24.662093181659 58.995799639109 0.866025403784 0.500000000000
78.696967069685 44.188368776214 0.866025403784 -0.500000000000
-147.543794135898 -59.121542199792 0.866025403784 0.500000000000
15.816987212045 9.090459473252 0.000000000000 1.000000000000
41.484060754758 88.961693693068 0.000000000000 1.000000000000
-84.549403178113 -118.860172698905 0.866025403784 0.500000000000
73.136042410723 -11.838430057284 0.000000000000 1.000000000000
31.981073430193 -42.319590544203 0.000000000000 1.000000000000
-23.284898576983 -139.545353994876 0.866025403784 -0.500000000000
-64.640471126036 3.948480571773 0.866025403784 0.500000000000
53.652610881987 -37.099360418457 0.866025403784 0.500000000000
-142.577422403368 5.159293622503 0.866025403784 -0.500000000000
-89.831156641971 -16.361368147764 0.866025403784 0.500000000000
-61.202053852075 -119.087381573781 0.866025403784 -0.500000000000
11.198803430805 46.187116687927 0.866025403784 0.500000000000
-40.959972135943 116.943657880712 0.866025403784 0.500000000000
-172.011745318743 -87.271447195729 0.866025403784 0.500000000000
41.483887138766 47.536244737886 0.866025403784 0.500000000000
54.193329532403 -17.221657809285 0.000000000000 1.000000000000
