#Configurational_file created 2018-09-11 17:04:19  started 2018-09-11 17:04:18 run for 1.0s steps 0
name: p_61
step: 10000
specie: 20
	particle_diameter: 1.0000000000000000
	interaction_length: 1.2000000000000000
	number_of_patches: 3
	number_of_particles_per_compound: 1
	rod_length: 1.0000000000000000
	interaction_matrix:  1.000000 1.000000 1.000000 1.000000 1.000000 1.000000 1.000000 1.000000 1.000000
	patch_type: symmetric
	patch_width: 8.0000000000000000
	patch_angle: 0.0000000000000000
	angles:  0.000000 0.000000 0.000000
	grand_canonical: 0
	chemical_potential: 0.0000000000000000
box: 9.621234 9.621234
copy: 1.000000 1.000000
epsilon: 0.2500500000000000
end_epsilon: 0.0000000000000000
pressure: 1.3333670000000000
lambda: 0.0000000000000000
lambda_coupling: 1.0000000000000000
uy: 0.0000000000000000
maximum_displacement: 1.0000000000000000
maximum_rotation: 1.0000000000000000
maximum_volume: 1.0000000000000000
maximum_shape: 0.0000001000000000
maximum_dsigma: 0.0100000000000000
mod: 10
pmod: 10
optimize: 1
verbose: 1
snapshot: 0
display: 1
explore: 1
npt: 1
nptxy: 0
nptdxdy: 0
shape: 0
seed: 72227
52.512476064433 22.663534071929 0.866025403784 -0.500000000000
-32.607202947473 -149.974568320873 0.866025403784 0.500000000000
42.992214753630 39.740831663347 0.866025403784 -0.500000000000
138.016301580347 17.130644868494 0.866025403784 0.500000000000
3.532191983746 41.353025690127 0.866025403784 -0.500000000000
131.789655238674 7.377296838047 0.000000000000 1.000000000000
47.122430294916 13.889215789840 0.866025403784 0.500000000000
-132.487554401109 -139.939850294100 0.866025403784 0.500000000000
157.524107518367 -155.520022797878 0.866025403784 -0.500000000000
-32.298950273046 93.145372334092 0.866025403784 0.500000000000
117.539524016980 -38.909212101756 0.000000000000 1.000000000000
109.057155152455 53.158682936640 0.866025403784 -0.500000000000
64.329452669129 -15.031660804846 0.866025403784 -0.500000000000
14.818862472651 -28.840460238984 0.000000000000 1.000000000000
9.549379991280 -57.587571362549 0.866025403784 0.500000000000
101.558655967908 -167.567154607715 0.000000000000 1.000000000000
19.054396092108 20.962657742440 0.866025403784 -0.500000000000
-77.263551825929 -40.007444689738 0.866025403784 0.500000000000
-16.809789650742 -86.707063631560 0.866025403784 -0.500000000000
107.397543000425 93.061158034108 0.000000000000 1.000000000000
