#Configurational_file created 2018-09-11 17:04:20  started 2018-09-11 17:04:19 run for 1.0s steps 0
name: p_62
step: 10000
specie: 20
	particle_diameter: 1.0000000000000000
	interaction_length: 1.2000000000000000
	number_of_patches: 3
	number_of_particles_per_compound: 1
	rod_length: 1.0000000000000000
	interaction_matrix:  1.000000 1.000000 1.000000 1.000000 1.000000 1.000000 1.000000 1.000000 1.000000
	patch_type: symmetric
	patch_width: 8.0000000000000000
	patch_angle: 0.0000000000000000
	angles:  0.000000 0.000000 0.000000
	grand_canonical: 0
	chemical_potential: 0.0000000000000000
box: 8.681518 8.681518
copy: 1.000000 1.000000
epsilon: 0.2500500000000000
end_epsilon: 0.0000000000000000
pressure: 1.6666829999999999
lambda: 0.0000000000000000
lambda_coupling: 1.0000000000000000
uy: 0.0000000000000000
maximum_displacement: 1.0000000000000000
maximum_rotation: 1.0000000000000000
maximum_volume: 1.0000000000000000
maximum_shape: 0.0000001000000000
maximum_dsigma: 0.0100000000000000
mod: 10
pmod: 10
optimize: 1
verbose: 1
snapshot: 0
display: 1
explore: 1
npt: 1
nptxy: 0
nptdxdy: 0
shape: 0
seed: 73364
38.949624043458 -47.886870934544 0.000000000000 1.000000000000
-88.081955420698 -59.178609936649 0.000000000000 1.000000000000
-80.079359801021 78.163704948571 0.866025403784 -0.500000000000
34.039362898429 173.654468068344 0.866025403784 0.500000000000
18.510082330596 98.523992729583 0.866025403784 -0.500000000000
14.825611411988 16.006300078844 0.000000000000 1.000000000000
-13.062862521832 128.569965742312 0.000000000000 1.000000000000
73.475431713525 19.692859323519 0.866025403784 -0.500000000000
-83.289924196731 -52.230340822218 0.866025403784 -0.500000000000
23.782997505875 -145.462287817890 0.866025403784 0.500000000000
-1.685392804858 56.289474374696 0.866025403784 0.500000000000
-121.428836954457 -107.405684966956 0.866025403784 0.500000000000
87.354913396018 -0.591596682336 0.000000000000 1.000000000000
-14.431064574345 117.803260543915 0.866025403784 -0.500000000000
-58.549847717419 -48.444273088540 0.866025403784 -0.500000000000
-41.344765438107 -54.869112529468 0.866025403784 -0.500000000000
31.383812494851 39.228372805818 0.866025403784 -0.500000000000
-7.201044147832 122.871346219613 0.866025403784 0.500000000000
-22.043486159313 -102.839430286369 0.000000000000 1.000000000000
41.203309949129 22.854777646300 0.866025403784 -0.500000000000
