#Configurational_file created 2018-09-11 17:04:22  started 2018-09-11 17:04:21 run for 1.0s steps 0
name: p_64
step: 10000
specie: 20
	particle_diameter: 1.0000000000000000
	interaction_length: 1.2000000000000000
	number_of_patches: 3
	number_of_particles_per_compound: 1
	rod_length: 1.0000000000000000
	interaction_matrix:  1.000000 1.000000 1.000000 1.000000 1.000000 1.000000 1.000000 1.000000 1.000000
	patch_type: symmetric
	patch_width: 8.0000000000000000
	patch_angle: 0.0000000000000000
	angles:  0.000000 0.000000 0.000000
	grand_canonical: 0
	chemical_potential: 0.0000000000000000
box: 50.172043 50.172043
copy: 1.000000 1.000000
epsilon: 0.3333670000000000
end_epsilon: 0.0000000000000000
pressure: 0.0001000000000000
lambda: 0.0000000000000000
lambda_coupling: 1.0000000000000000
uy: 0.0000000000000000
maximum_displacement: 1.0000000000000000
maximum_rotation: 1.0000000000000000
maximum_volume: 1.0000000000000000
maximum_shape: 0.0000001000000000
maximum_dsigma: 0.0100000000000000
mod: 10
pmod: 10
optimize: 1
verbose: 1
snapshot: 0
display: 1
explore: 1
npt: 1
nptxy: 0
nptdxdy: 0
shape: 0
seed: 75638
-18.204363504612 -66.094039383512 0.000000000000 1.000000000000
-181.020029119803 143.379885435076 0.000000000000 1.000000000000
224.249384936004 83.665462193485 0.000000000000 1.000000000000
-395.046215797772 203.999999874236 0.866025403784 0.500000000000
3.653866133753 200.873748923309 0.866025403784 -0.500000000000
-20.008110257059 127.588618235418 0.866025403784 -0.500000000000
-94.787388595135 302.153743051402 0.866025403784 0.500000000000
320.462456233691 95.699723806093 0.866025403784 0.500000000000
-162.448131208720 26.110803467449 0.000000000000 1.000000000000
86.552679043243 -85.986689112065 0.000000000000 1.000000000000
-186.229200311561 65.190768253472 0.866025403784 -0.500000000000
-73.456666966682 -38.012075796710 0.000000000000 1.000000000000
287.328074702284 46.023056001214 0.866025403784 -0.500000000000
-34.997224698871 -33.618793276199 0.866025403784 -0.500000000000
200.133968009635 -99.202317052400 0.866025403784 0.500000000000
197.945417333576 -293.991023735748 0.000000000000 1.000000000000
-28.371395136635 101.677101514154 0.866025403784 0.500000000000
-0.688568834284 128.152856548504 0.866025403784 -0.500000000000
91.586481720743 -74.125633120783 0.866025403784 0.500000000000
72.250826752057 -144.176528550074 0.866025403784 0.500000000000
