#Configurational_file created 2018-09-11 17:04:22  started 2018-09-11 17:04:22 run for 0.0s steps 0
name: p_65
step: 10000
specie: 20
	particle_diameter: 1.0000000000000000
	interaction_length: 1.2000000000000000
	number_of_patches: 3
	number_of_particles_per_compound: 1
	rod_length: 1.0000000000000000
	interaction_matrix:  1.000000 1.000000 1.000000 1.000000 1.000000 1.000000 1.000000 1.000000 1.000000
	patch_type: symmetric
	patch_width: 8.0000000000000000
	patch_angle: 0.0000000000000000
	angles:  0.000000 0.000000 0.000000
	grand_canonical: 0
	chemical_potential: 0.0000000000000000
box: 16.812247 16.812247
copy: 1.000000 1.000000
epsilon: 0.3333670000000000
end_epsilon: 0.0000000000000000
pressure: 0.3334170000000000
lambda: 0.0000000000000000
lambda_coupling: 1.0000000000000000
uy: 0.0000000000000000
maximum_displacement: 1.0000000000000000
maximum_rotation: 1.0000000000000000
maximum_volume: 1.0000000000000000
maximum_shape: 0.0000001000000000
maximum_dsigma: 0.0100000000000000
mod: 10
pmod: 10
optimize: 1
verbose: 1
snapshot: 0
display: 1
explore: 1
npt: 1
nptxy: 0
nptdxdy: 0
shape: 0
seed: 76775
65.223914846154 -149.566300452404 0.000000000000 1.000000000000
-158.373840305121 133.667789666342 0.000000000000 1.000000000000
36.999603456064 -68.754508452709 0.000000000000 1.000000000000
-89.166412148393 -51.894160893208 0.866025403784 -0.500000000000
207.961746420812 74.302947410902 0.000000000000 1.000000000000
91.334054521999 -87.296116688357 0.000000000000 1.000000000000
-113.208559598225 82.154527411467 0.000000000000 1.000000000000
28.456062940733 -23.273697098652 0.000000000000 1.000000000000
-68.087485394669 251.014768493807 0.866025403784 0.500000000000
-146.026732506239 -121.966787957507 0.000000000000 1.000000000000
-57.974509642823 -12.066811687901 0.866025403784 -0.500000000000
-7.610345250129 96.821192091682 0.866025403784 -0.500000000000
95.055409284721 -62.340784660355 0.866025403784 -0.500000000000
-171.047289563699 4.286832871010 0.866025403784 0.500000000000
145.953462790325 -20.446189845257 0.000000000000 1.000000000000
-54.928792681635 28.068889668851 0.000000000000 1.000000000000
36.411389472519 191.947638334136 0.866025403784 -0.500000000000
96.612922141440 89.342951801272 0.866025403784 -0.500000000000
89.435860218657 -95.543023121023 0.866025403784 0.500000000000
5.163866135250 -150.063834142304 0.866025403784 -0.500000000000
