#Configurational_file created 2018-09-11 17:04:23  started 2018-09-11 17:04:22 run for 1.0s steps 0
name: p_66
step: 10000
specie: 20
	particle_diameter: 1.0000000000000000
	interaction_length: 1.2000000000000000
	number_of_patches: 3
	number_of_particles_per_compound: 1
	rod_length: 1.0000000000000000
	interaction_matrix:  1.000000 1.000000 1.000000 1.000000 1.000000 1.000000 1.000000 1.000000 1.000000
	patch_type: symmetric
	patch_width: 8.0000000000000000
	patch_angle: 0.0000000000000000
	angles:  0.000000 0.000000 0.000000
	grand_canonical: 0
	chemical_potential: 0.0000000000000000
box: 10.237379 10.237379
copy: 1.000000 1.000000
epsilon: 0.3333670000000000
end_epsilon: 0.0000000000000000
pressure: 0.6667330000000000
lambda: 0.0000000000000000
lambda_coupling: 1.0000000000000000
uy: 0.0000000000000000
maximum_displacement: 1.0000000000000000
maximum_rotation: 1.0000000000000000
maximum_volume: 1.0000000000000000
maximum_shape: 0.0000001000000000
maximum_dsigma: 0.0100000000000000
mod: 10
pmod: 10
optimize: 1
verbose: 1
snapshot: 0
display: 1
explore: 1
npt: 1
nptxy: 0
nptdxdy: 0
shape: 0
seed: 77912
71.898189542807 -111.149215820921 0.000000000000 1.000000000000
-27.835703076762 8.328530841395 0.000000000000 1.000000000000
141.775608829415 -129.287471127922 0.866025403784 -0.500000000000
46.863478022801 22.195427686406 0.866025403784 0.500000000000
150.982584405746 -33.024488255607 0.866025403784 -0.500000000000
53.994373087403 -58.983801584024 0.866025403784 -0.500000000000
-78.968783443782 27.034317340240 0.000000000000 1.000000000000
70.412565260037 53.862948828276 0.866025403784 0.500000000000
130.415048990479 -65.648863733592 0.866025403784 0.500000000000
-175.195284311047 -153.665672936603 0.866025403784 0.500000000000
-99.737416190575 -132.162686854391 0.866025403784 -0.500000000000
2.297139998480 -104.731486006277 0.866025403784 0.500000000000
99.740927203145 63.584540990907 0.866025403784 0.500000000000
14.871597412187 -32.898394933255 0.866025403784 -0.500000000000
-88.679002434988 -72.455785816732 0.866025403784 -0.500000000000
-13.785540962637 45.783956978650 0.866025403784 0.500000000000
119.837751826436 113.964406771177 0.000000000000 1.000000000000
-68.780325427045 -108.060258526928 0.000000000000 1.000000000000
-184.059079143677 -108.952002530661 0.866025403784 0.500000000000
-18.794847664844 66.968516742710 0.866025403784 0.500000000000
