#Configurational_file created 2018-09-11 17:04:25  started 2018-09-11 17:04:24 run for 1.0s steps 0
name: p_68
step: 10000
specie: 20
	particle_diameter: 1.0000000000000000
	interaction_length: 1.2000000000000000
	number_of_patches: 3
	number_of_particles_per_compound: 1
	rod_length: 1.0000000000000000
	interaction_matrix:  1.000000 1.000000 1.000000 1.000000 1.000000 1.000000 1.000000 1.000000 1.000000
	patch_type: symmetric
	patch_width: 8.0000000000000000
	patch_angle: 0.0000000000000000
	angles:  0.000000 0.000000 0.000000
	grand_canonical: 0
	chemical_potential: 0.0000000000000000
box: 8.489961 8.489961
copy: 1.000000 1.000000
epsilon: 0.3333670000000000
end_epsilon: 0.0000000000000000
pressure: 1.3333670000000000
lambda: 0.0000000000000000
lambda_coupling: 1.0000000000000000
uy: 0.0000000000000000
maximum_displacement: 1.0000000000000000
maximum_rotation: 1.0000000000000000
maximum_volume: 0.7647421979035238
maximum_shape: 0.0000001000000000
maximum_dsigma: 0.0100000000000000
mod: 10
pmod: 10
optimize: 1
verbose: 1
snapshot: 0
display: 1
explore: 1
npt: 1
nptxy: 0
nptdxdy: 0
shape: 0
seed: 80186
50.825896076505 11.616115255206 0.866025403784 0.500000000000
-80.619976085086 57.391680295624 0.866025403784 0.500000000000
2.026856737396 207.566911569309 0.866025403784 0.500000000000
-35.695830469403 -117.729959200658 0.866025403784 -0.500000000000
-5.094601231126 -89.514145975997 0.866025403784 0.500000000000
-53.730697319690 -21.787362259416 0.866025403784 -0.500000000000
-28.136424843806 -67.568170164382 0.866025403784 -0.500000000000
39.926763258380 13.796706009419 0.000000000000 1.000000000000
-15.120861112954 91.612889612939 0.000000000000 1.000000000000
-13.875727312964 81.904290842864 0.000000000000 1.000000000000
99.287348070905 136.044501146106 0.000000000000 1.000000000000
92.467712882233 9.220265911534 0.000000000000 1.000000000000
36.273511072475 -58.831958921540 0.000000000000 1.000000000000
15.500246935022 163.784684840032 0.866025403784 -0.500000000000
-56.163867277906 -49.698742623903 0.000000000000 1.000000000000
0.616033230410 -26.807193919115 0.000000000000 1.000000000000
-16.392950221369 -101.483857085061 0.866025403784 0.500000000000
68.572134748968 -15.575268872678 0.866025403784 0.500000000000
11.770217902433 -22.712887644723 0.866025403784 0.500000000000
-11.731358880798 -34.689138854537 0.000000000000 1.000000000000
