#Configurational_file created 2018-09-11 17:04:28  started 2018-09-11 17:04:27 run for 1.0s steps 0
name: p_72
step: 10000
specie: 20
	particle_diameter: 1.0000000000000000
	interaction_length: 1.2000000000000000
	number_of_patches: 3
	number_of_particles_per_compound: 1
	rod_length: 1.0000000000000000
	interaction_matrix:  1.000000 1.000000 1.000000 1.000000 1.000000 1.000000 1.000000 1.000000 1.000000
	patch_type: symmetric
	patch_width: 8.0000000000000000
	patch_angle: 0.0000000000000000
	angles:  0.000000 0.000000 0.000000
	grand_canonical: 0
	chemical_potential: 0.0000000000000000
box: 14.448164 14.448164
copy: 1.000000 1.000000
epsilon: 0.4166830000000000
end_epsilon: 0.0000000000000000
pressure: 0.3334170000000000
lambda: 0.0000000000000000
lambda_coupling: 1.0000000000000000
uy: 0.0000000000000000
maximum_displacement: 1.0000000000000000
maximum_rotation: 1.0000000000000000
maximum_volume: 1.0000000000000000
maximum_shape: 0.0000001000000000
maximum_dsigma: 0.0100000000000000
mod: 10
pmod: 10
optimize: 1
verbose: 1
snapshot: 0
display: 1
explore: 1
npt: 1
nptxy: 0
nptdxdy: 0
shape: 0
seed: 84734
-13.766358638553 -27.081528190316 0.000000000000 1.000000000000
-19.698006940659 -71.543798431137 0.866025403784 -0.500000000000
-137.895803795120 50.674687913341 0.000000000000 1.000000000000
7.324048998669 92.524580657624 0.000000000000 1.000000000000
160.040228647094 -92.198450681516 0.000000000000 1.000000000000
55.902145483796 90.018156134442 0.866025403784 -0.500000000000
-90.780454653847 -37.915619460752 0.000000000000 1.000000000000
82.326248796579 150.696987614803 0.866025403784 0.500000000000
110.758770404149 -96.415274662363 0.000000000000 1.000000000000
68.818797560221 -111.850589687909 0.866025403784 0.500000000000
-12.905817844927 -54.016797374457 0.000000000000 1.000000000000
31.719695114105 -173.632156080971 0.000000000000 1.000000000000
76.200796184620 -49.876334922903 0.866025403784 -0.500000000000
71.497833087872 1.517759748132 0.000000000000 1.000000000000
93.254379502773 170.921729016725 0.000000000000 1.000000000000
-8.528368662624 -130.318722090727 0.866025403784 -0.500000000000
25.497813439496 58.689238106887 0.866025403784 -0.500000000000
24.326118485198 -93.370353927500 0.866025403784 -0.500000000000
146.321562864966 15.177223746024 0.000000000000 1.000000000000
-31.806287547967 -20.219881061657 0.866025403784 -0.500000000000
