#Configurational_file created 2018-09-11 17:04:31  started 2018-09-11 17:04:30 run for 1.0s steps 0
name: p_75
step: 10000
specie: 20
	particle_diameter: 1.0000000000000000
	interaction_length: 1.2000000000000000
	number_of_patches: 3
	number_of_particles_per_compound: 1
	rod_length: 1.0000000000000000
	interaction_matrix:  1.000000 1.000000 1.000000 1.000000 1.000000 1.000000 1.000000 1.000000 1.000000
	patch_type: symmetric
	patch_width: 8.0000000000000000
	patch_angle: 0.0000000000000000
	angles:  0.000000 0.000000 0.000000
	grand_canonical: 0
	chemical_potential: 0.0000000000000000
box: 7.794272 7.794272
copy: 1.000000 1.000000
epsilon: 0.4166830000000000
end_epsilon: 0.0000000000000000
pressure: 1.3333670000000000
lambda: 0.0000000000000000
lambda_coupling: 1.0000000000000000
uy: 0.0000000000000000
maximum_displacement: 1.0000000000000000
maximum_rotation: 1.0000000000000000
maximum_volume: 0.6673194049224848
maximum_shape: 0.0000001000000000
maximum_dsigma: 0.0100000000000000
mod: 10
pmod: 10
optimize: 1
verbose: 1
snapshot: 0
display: 1
explore: 1
npt: 1
nptxy: 0
nptdxdy: 0
shape: 0
seed: 88145
79.626749101884 38.969017214677 0.866025403784 -0.500000000000
143.146510968876 -99.226364790438 0.866025403784 0.500000000000
133.540580574620 -49.592276509987 0.866025403784 0.500000000000
-138.449216357128 21.949970193982 0.866025403784 0.500000000000
66.002472028608 -78.247174414946 0.866025403784 -0.500000000000
-31.994033002623 90.131041502470 0.000000000000 1.000000000000
-17.571081437087 71.305791534327 0.866025403784 0.500000000000
60.585370974420 -8.607598620501 0.866025403784 0.500000000000
-54.127110960122 118.864556385830 0.000000000000 1.000000000000
-28.213345646328 28.869549364017 0.000000000000 1.000000000000
113.788801642222 22.905702259106 0.866025403784 -0.500000000000
-32.288444833367 -13.031275687491 0.000000000000 1.000000000000
28.306023914917 66.473871307183 0.000000000000 1.000000000000
-28.411413671394 6.843949573044 0.000000000000 1.000000000000
113.035551942960 105.922147168561 0.000000000000 1.000000000000
-33.669399639343 129.165425621368 0.866025403784 -0.500000000000
13.389704993637 -130.373600987288 0.866025403784 -0.500000000000
80.800290771843 187.992931881368 0.866025403784 0.500000000000
15.691778232337 -46.711515778966 0.866025403784 0.500000000000
-76.716993756346 128.982605193862 0.000000000000 1.000000000000
