#Configurational_file created 2018-09-11 17:04:33  started 2018-09-11 17:04:32 run for 1.0s steps 0
name: p_77
step: 10000
specie: 20
	particle_diameter: 1.0000000000000000
	interaction_length: 1.2000000000000000
	number_of_patches: 3
	number_of_particles_per_compound: 1
	rod_length: 1.0000000000000000
	interaction_matrix:  1.000000 1.000000 1.000000 1.000000 1.000000 1.000000 1.000000 1.000000 1.000000
	patch_type: symmetric
	patch_width: 8.0000000000000000
	patch_angle: 0.0000000000000000
	angles:  0.000000 0.000000 0.000000
	grand_canonical: 0
	chemical_potential: 0.0000000000000000
box: 7.130285 7.130285
copy: 1.000000 1.000000
epsilon: 0.4166830000000000
end_epsilon: 0.0000000000000000
pressure: 2.0000000000000000
lambda: 0.0000000000000000
lambda_coupling: 1.0000000000000000
uy: 0.0000000000000000
maximum_displacement: 1.0000000000000000
maximum_rotation: 1.0000000000000000
maximum_volume: 0.3846590589739335
maximum_shape: 0.0000001000000000
maximum_dsigma: 0.0100000000000000
mod: 10
pmod: 10
optimize: 1
verbose: 1
snapshot: 0
display: 1
explore: 1
npt: 1
nptxy: 0
nptdxdy: 0
shape: 0
seed: 90419
-23.671089485432 33.843349222273 0.866025403784 -0.500000000000
37.441461722906 42.897679485212 0.866025403784 0.500000000000
-44.072707473790 -25.290825546976 0.000000000000 1.000000000000
25.494339416362 30.677594494182 0.866025403784 0.500000000000
-45.227256088611 60.497651503942 0.866025403784 0.500000000000
155.096132807647 -17.002034952366 0.866025403784 0.500000000000
-7.810963004654 48.506282797575 0.000000000000 1.000000000000
-23.092000715444 50.206344927089 0.000000000000 1.000000000000
65.822391416329 -5.109870487148 0.000000000000 1.000000000000
-72.215734722250 79.580280617664 0.000000000000 1.000000000000
-36.259522693285 40.138627853383 0.866025403784 0.500000000000
26.528174209395 -5.608911644113 0.866025403784 -0.500000000000
25.053687267674 3.158481048307 0.866025403784 -0.500000000000
-33.537660173232 -8.883935749229 0.000000000000 1.000000000000
-13.684856197971 -6.357228509330 0.866025403784 0.500000000000
-14.031039324223 116.146003157923 0.866025403784 -0.500000000000
68.012494574877 19.872252719652 0.866025403784 -0.500000000000
-24.731775407868 -6.215457910370 0.866025403784 0.500000000000
38.684412025818 45.360781067678 0.866025403784 0.500000000000
-70.259505805625 46.789601285531 0.000000000000 1.000000000000
