#Configurational_file created 2018-09-11 17:04:34  started 2018-09-11 17:04:33 run for 1.0s steps 0
name: p_78
step: 10000
specie: 20
	particle_diameter: 1.0000000000000000
	interaction_length: 1.2000000000000000
	number_of_patches: 3
	number_of_particles_per_compound: 1
	rod_length: 1.0000000000000000
	interaction_matrix:  1.000000 1.000000 1.000000 1.000000 1.000000 1.000000 1.000000 1.000000 1.000000
	patch_type: symmetric
	patch_width: 8.0000000000000000
	patch_angle: 0.0000000000000000
	angles:  0.000000 0.000000 0.000000
	grand_canonical: 0
	chemical_potential: 0.0000000000000000
box: 54.225080 54.225080
copy: 1.000000 1.000000
epsilon: 0.5000000000000000
end_epsilon: 0.0000000000000000
pressure: 0.0001000000000000
lambda: 0.0000000000000000
lambda_coupling: 1.0000000000000000
uy: 0.0000000000000000
maximum_displacement: 1.0000000000000000
maximum_rotation: 1.0000000000000000
maximum_volume: 1.0000000000000000
maximum_shape: 0.0000001000000000
maximum_dsigma: 0.0100000000000000
mod: 10
pmod: 10
optimize: 1
verbose: 1
snapshot: 0
display: 1
explore: 1
npt: 1
nptxy: 0
nptdxdy: 0
shape: 0
seed: 91556
-99.180759012010 -7.423382317740 0.866025403784 -0.500000000000
276.302567321877 -52.839915692993 0.000000000000 1.000000000000
74.645794658294 -27.422017795959 0.000000000000 1.000000000000
-190.248619990637 335.743972927436 0.866025403784 -0.500000000000
67.716905629711 137.052734533104 0.000000000000 1.000000000000
-176.848282250773 56.179367815958 0.866025403784 0.500000000000
-298.760597734959 140.666820986341 0.866025403784 0.500000000000
57.417697919750 108.951001952368 0.866025403784 0.500000000000
139.432458855713 15.017127001186 0.866025403784 0.500000000000
99.326165401399 -31.806299102062 0.866025403784 0.500000000000
-43.974718974365 28.425444153011 0.866025403784 -0.500000000000
362.230147592506 -72.927292601151 0.866025403784 0.500000000000
-110.146355880245 235.488457055413 0.866025403784 -0.500000000000
161.986170271404 -227.780888470424 0.866025403784 -0.500000000000
58.135038989479 67.771729659469 0.866025403784 0.500000000000
25.087121549641 -29.546894757456 0.866025403784 -0.500000000000
-136.008752881077 144.836414827222 0.000000000000 1.000000000000
-395.788345774245 -4.696835761895 0.866025403784 0.500000000000
158.308109706750 47.142217976780 0.000000000000 1.000000000000
379.286731989181 204.582872605397 0.000000000000 1.000000000000
