#Configurational_file created 2018-09-11 17:04:34  started 2018-09-11 17:04:34 run for 0.0s steps 0
name: p_79
step: 10000
specie: 20
	particle_diameter: 1.0000000000000000
	interaction_length: 1.2000000000000000
	number_of_patches: 3
	number_of_particles_per_compound: 1
	rod_length: 1.0000000000000000
	interaction_matrix:  1.000000 1.000000 1.000000 1.000000 1.000000 1.000000 1.000000 1.000000 1.000000
	patch_type: symmetric
	patch_width: 8.0000000000000000
	patch_angle: 0.0000000000000000
	angles:  0.000000 0.000000 0.000000
	grand_canonical: 0
	chemical_potential: 0.0000000000000000
box: 11.230872 11.230872
copy: 1.000000 1.000000
epsilon: 0.5000000000000000
end_epsilon: 0.0000000000000000
pressure: 0.3334170000000000
lambda: 0.0000000000000000
lambda_coupling: 1.0000000000000000
uy: 0.0000000000000000
maximum_displacement: 1.0000000000000000
maximum_rotation: 1.0000000000000000
maximum_volume: 1.0000000000000000
maximum_shape: 0.0000001000000000
maximum_dsigma: 0.0100000000000000
mod: 10
pmod: 10
optimize: 1
verbose: 1
snapshot: 0
display: 1
explore: 1
npt: 1
nptxy: 0
nptdxdy: 0
shape: 0
seed: 92693
-134.095526662069 25.334850969353 0.866025403784 0.500000000000
45.363188229680 -25.667622465326 0.000000000000 1.000000000000
-41.502290003927 101.302425165074 0.866025403784 -0.500000000000
201.122637708095 -161.892947806400 0.866025403784 0.500000000000
-91.629125222718 55.093258586482 0.866025403784 0.500000000000
47.963481714414 58.095686182453 0.866025403784 0.500000000000
33.357837776699 115.901976923950 0.866025403784 -0.500000000000
-33.454054423114 -50.557792658654 0.866025403784 -0.500000000000
-151.805886558660 17.282542967285 0.866025403784 0.500000000000
-15.187437246535 62.433860077910 0.866025403784 -0.500000000000
-127.388925302130 -86.885436541971 0.866025403784 0.500000000000
52.706571898183 31.550280767677 0.000000000000 1.000000000000
44.494527610887 111.314918348875 0.866025403784 0.500000000000
58.012032768297 58.637098276752 0.866025403784 -0.500000000000
87.383784043875 -168.453955698287 0.866025403784 -0.500000000000
6.648411928551 -95.662385157311 0.000000000000 1.000000000000
-189.236680467960 -56.269129110757 0.866025403784 0.500000000000
27.130780028623 -37.156611086996 0.866025403784 0.500000000000
-39.031612723146 77.843945563223 0.866025403784 -0.500000000000
94.265220061663 70.529440781926 0.866025403784 -0.500000000000
