#Configurational_file created 2018-09-11 17:04:35  started 2018-09-11 17:04:34 run for 1.0s steps 0
name: p_80
step: 10000
specie: 20
	particle_diameter: 1.0000000000000000
	interaction_length: 1.2000000000000000
	number_of_patches: 3
	number_of_particles_per_compound: 1
	rod_length: 1.0000000000000000
	interaction_matrix:  1.000000 1.000000 1.000000 1.000000 1.000000 1.000000 1.000000 1.000000 1.000000
	patch_type: symmetric
	patch_width: 8.0000000000000000
	patch_angle: 0.0000000000000000
	angles:  0.000000 0.000000 0.000000
	grand_canonical: 0
	chemical_potential: 0.0000000000000000
box: 7.854254 7.854254
copy: 1.000000 1.000000
epsilon: 0.5000000000000000
end_epsilon: 0.0000000000000000
pressure: 0.6667330000000000
lambda: 0.0000000000000000
lambda_coupling: 1.0000000000000000
uy: 0.0000000000000000
maximum_displacement: 1.0000000000000000
maximum_rotation: 1.0000000000000000
maximum_volume: 1.0000000000000000
maximum_shape: 0.0000001000000000
maximum_dsigma: 0.0100000000000000
mod: 10
pmod: 10
optimize: 1
verbose: 1
snapshot: 0
display: 1
explore: 1
npt: 1
nptxy: 0
nptdxdy: 0
shape: 0
seed: 93830
-2.435299301258 35.877817727123 0.000000000000 1.000000000000
-23.895135805592 -66.656991920529 0.000000000000 1.000000000000
42.056669135114 -11.615590520617 0.866025403784 0.500000000000
-47.288880560119 14.403557951840 0.000000000000 1.000000000000
-1.066236005034 -16.524236406914 0.000000000000 1.000000000000
-30.392125569101 -11.572313235218 0.000000000000 1.000000000000
3.284748460355 31.392080246197 0.866025403784 0.500000000000
4.628496005005 15.632741742499 0.000000000000 1.000000000000
-18.412079900809 84.170611231024 0.000000000000 1.000000000000
-24.315254114249 -73.466533273933 0.866025403784 0.500000000000
9.167096706724 55.786236353762 0.866025403784 0.500000000000
13.906432641722 -17.105827684478 0.866025403784 0.500000000000
-16.750035495124 119.806820049102 0.866025403784 -0.500000000000
16.128534058896 -109.798607726984 0.000000000000 1.000000000000
-51.298299755733 17.432519390775 0.000000000000 1.000000000000
87.315270053927 52.205537219583 0.866025403784 0.500000000000
17.808740228382 -10.859479190959 0.866025403784 0.500000000000
-26.331810288981 103.029964795636 0.000000000000 1.000000000000
-93.666315702244 33.736997027348 0.866025403784 -0.500000000000
-12.872829529173 -14.402171552550 0.866025403784 0.500000000000
