#Configurational_file created 2018-09-11 17:04:38  started 2018-09-11 17:04:37 run for 1.0s steps 0
name: p_83
step: 10000
specie: 20
	particle_diameter: 1.0000000000000000
	interaction_length: 1.2000000000000000
	number_of_patches: 3
	number_of_particles_per_compound: 1
	rod_length: 1.0000000000000000
	interaction_matrix:  1.000000 1.000000 1.000000 1.000000 1.000000 1.000000 1.000000 1.000000 1.000000
	patch_type: symmetric
	patch_width: 8.0000000000000000
	patch_angle: 0.0000000000000000
	angles:  0.000000 0.000000 0.000000
	grand_canonical: 0
	chemical_potential: 0.0000000000000000
box: 6.974922 6.974922
copy: 1.000000 1.000000
epsilon: 0.5000000000000000
end_epsilon: 0.0000000000000000
pressure: 1.6666829999999999
lambda: 0.0000000000000000
lambda_coupling: 1.0000000000000000
uy: 0.0000000000000000
maximum_displacement: 1.0000000000000000
maximum_rotation: 1.0000000000000000
maximum_volume: 0.4002070585001365
maximum_shape: 0.0000001000000000
maximum_dsigma: 0.0100000000000000
mod: 10
pmod: 10
optimize: 1
verbose: 1
snapshot: 0
display: 1
explore: 1
npt: 1
nptxy: 0
nptdxdy: 0
shape: 0
seed: 97241
27.756009890609 -24.801251383661 0.000000000000 1.000000000000
-12.358139148407 -44.939953366214 0.866025403784 -0.500000000000
-7.667218353151 22.962153691863 0.866025403784 -0.500000000000
42.634244871885 -62.674163712599 0.866025403784 0.500000000000
-31.824183139757 -38.235067302619 0.000000000000 1.000000000000
64.351286561617 57.233580450147 0.000000000000 1.000000000000
21.744768385934 -70.889665963768 0.866025403784 0.500000000000
-29.988466093095 44.933166927072 0.866025403784 0.500000000000
-78.588187101737 -33.282933845856 0.000000000000 1.000000000000
94.614116991810 -53.688298449230 0.866025403784 0.500000000000
50.326991692523 17.489562675120 0.000000000000 1.000000000000
16.534278006221 73.953386593886 0.866025403784 -0.500000000000
-44.371154930238 14.421868046470 0.000000000000 1.000000000000
50.851661675208 19.723593704932 0.866025403784 0.500000000000
-31.184274220090 0.307723523637 0.866025403784 0.500000000000
-21.722755466554 47.736394042179 0.866025403784 -0.500000000000
-58.587042633329 -56.887572610697 0.866025403784 0.500000000000
-22.727406432672 -86.320368125864 0.000000000000 1.000000000000
-16.285728314557 150.846705891411 0.866025403784 -0.500000000000
-34.178193320898 36.471259555048 0.866025403784 0.500000000000
