#Configurational_file created 2018-09-11 17:04:39  started 2018-09-11 17:04:38 run for 1.0s steps 0
name: p_84
step: 10000
specie: 20
	particle_diameter: 1.0000000000000000
	interaction_length: 1.2000000000000000
	number_of_patches: 3
	number_of_particles_per_compound: 1
	rod_length: 1.0000000000000000
	interaction_matrix:  1.000000 1.000000 1.000000 1.000000 1.000000 1.000000 1.000000 1.000000 1.000000
	patch_type: symmetric
	patch_width: 8.0000000000000000
	patch_angle: 0.0000000000000000
	angles:  0.000000 0.000000 0.000000
	grand_canonical: 0
	chemical_potential: 0.0000000000000000
box: 7.250278 7.250278
copy: 1.000000 1.000000
epsilon: 0.5000000000000000
end_epsilon: 0.0000000000000000
pressure: 2.0000000000000000
lambda: 0.0000000000000000
lambda_coupling: 1.0000000000000000
uy: 0.0000000000000000
maximum_displacement: 1.0000000000000000
maximum_rotation: 1.0000000000000000
maximum_volume: 0.2580859250089694
maximum_shape: 0.0000001000000000
maximum_dsigma: 0.0100000000000000
mod: 10
pmod: 10
optimize: 1
verbose: 1
snapshot: 0
display: 1
explore: 1
npt: 1
nptxy: 0
nptdxdy: 0
shape: 0
seed: 98378
57.051909246645 48.898206585283 0.000000000000 1.000000000000
29.522512376010 -32.336119313536 0.866025403784 -0.500000000000
75.570047308840 53.635176190054 0.000000000000 1.000000000000
23.789859495744 71.865404789080 0.000000000000 1.000000000000
-29.845025020289 24.123327155436 0.866025403784 0.500000000000
-5.757828528063 -37.349176382558 0.866025403784 -0.500000000000
3.866033378376 22.117469036668 0.866025403784 0.500000000000
57.401824501573 28.107568412908 0.000000000000 1.000000000000
-6.037470588004 -81.825921853250 0.866025403784 -0.500000000000
43.986431182349 -107.893189387046 0.000000000000 1.000000000000
87.305680761174 46.845557821377 0.000000000000 1.000000000000
9.400894241054 -66.886984264285 0.000000000000 1.000000000000
77.825072704875 -21.616032203385 0.866025403784 -0.500000000000
-10.559656077040 107.427271132162 0.000000000000 1.000000000000
-55.639986706140 -27.163254911100 0.866025403784 -0.500000000000
17.555664101727 -33.047802852919 0.866025403784 -0.500000000000
128.593917008564 39.737041441088 0.866025403784 0.500000000000
72.395943676096 123.267238398000 0.866025403784 -0.500000000000
-12.178253224492 15.662539999431 0.000000000000 1.000000000000
33.176097894915 25.469067155252 0.866025403784 -0.500000000000
