n0096.etna0: [0/1]
>>>Initialized default header
[0;36m>>>[0mFound 1 input configurational files
[0mfluid129.conf 
fluid129.conf [[0;32mopened[0m]
getname: fluid129
step: 100000
specie: 384
	particle_diameter: 1.0000000000000000
	interaction_length: 1.1000000000000001
	number_of_patches: 3
	interaction_matrix:  1.000000 1.000000 1.000000 1.000000 1.000000 1.000000 1.000000 1.000000 1.000000
	patch_type: symmetric
	patch_width: 6.0000000000000000
	patch_angle: 0.0000000000000000
	angles:  0.000000 0.000000 0.000000
	grand_canonical: 0
	chemical_potential: 0.0000000000000000
box: 30.249519 30.249519
copy: 1.000000 1.000000
epsilon: 5.7277486910994764
end_epsilon: 0.0000000000000000
pressure: 0.1000000000000000
lambda: 1.0000000000000000
lambda_coupling: 1.0000000000000000
uy: 0.0000000000000000
maximum_displacement: 0.2050882351904085
maximum_rotation: 0.9971240370938822
maximum_volume: 0.0071200297541280
maximum_shape: 0.0000001000000000
maximum_dsigma: 0.0100000000000000
mod: 50
pmod: 50
optimize: 1
verbose: 0
snapshot: 0
seed: 1313
fluid129.en [[0;32mopened[0m]
fluid129.rho [[0;32mopened[0m]
fluid129.vol [[0;32mopened[0m]
>>>[0] Running NPT simulation
[0menergy=[0;31m213[0m energy_check=[0;31m213
[0m[0mChecksum: [0;32mpass
[0mfluid129.conf [[0;32mopened[0m]
fluid129.eps [[0;32mopened[0m]
