#Configurational_file created 2018-08-17 18:13:05  started 2018-08-17 18:12:58 run for 7.0s steps 0
name: a_-0.316_0.726
step: 1000000
specie: 10
	particle_diameter: 1.0000000000000000
	interaction_length: 1.2000000000000000
	number_of_patches: 4
	number_of_particles_per_compound: 1
	rod_length: 1.0000000000000000
	interaction_matrix:  1.000000 1.000000 1.000000 1.000000 1.000000 1.000000 1.000000 1.000000 1.000000 1.000000 1.000000 1.000000 1.000000 1.000000 1.000000 1.000000
	patch_type: symmetric
	patch_width: 8.0000000000000000
	patch_angle: 0.0000000000000000
	angles:  0.000000 0.000000 0.000000 0.000000
	grand_canonical: 1
	chemical_potential: -1.9435214103887588
box: 10.000000 10.000000
copy: 1.000000 1.000000
epsilon: 1.2041298680190531
end_epsilon: 0.0000000000000000
pressure: 1.0000000000000000
lambda: 0.0000000000000000
lambda_coupling: 1.0000000000000000
uy: 0.0000000000000000
maximum_displacement: 1.0000000000000000
maximum_rotation: 1.0000000000000000
maximum_volume: 0.0000001000000000
maximum_shape: 0.0000001000000000
maximum_dsigma: 0.0100000000000000
mod: 100
pmod: 100
optimize: 1
verbose: 1
snapshot: 0
seed: 36980
3.262243602793 6.139213648259 -0.088234556682 -0.996099725433
2.124516173795 9.745719532113 -0.898751839367 -0.438457673254
8.991932003911 2.197519133877 0.327050890095 0.945006727642
9.147605786886 3.876984749429 0.195898607135 -0.980624156200
0.635744005688 8.760332852410 0.005770446857 0.999983350833
1.413801679350 5.969244640598 0.232476578117 0.972601994974
8.091537172778 5.536504087893 0.285079243687 0.958503951384
4.234771213630 1.958918518367 0.517564286690 0.855644323971
9.478102338245 5.652966199757 0.866025403784 0.500000000000
1.858569172366 8.542364586480 0.926250704458 0.376907989422
