#Configurational_file created 2018-08-17 18:17:17  started 2018-08-17 18:17:12 run for 5.0s steps 0
name: a_-0.316_1.353
step: 1000000
specie: 10
	particle_diameter: 1.0000000000000000
	interaction_length: 1.2000000000000000
	number_of_patches: 4
	number_of_particles_per_compound: 1
	rod_length: 1.0000000000000000
	interaction_matrix:  1.000000 1.000000 1.000000 1.000000 1.000000 1.000000 1.000000 1.000000 1.000000 1.000000 1.000000 1.000000 1.000000 1.000000 1.000000 1.000000
	patch_type: symmetric
	patch_width: 8.0000000000000000
	patch_angle: 0.0000000000000000
	angles:  0.000000 0.000000 0.000000 0.000000
	grand_canonical: 1
	chemical_potential: -2.1966741766649838
box: 10.000000 10.000000
copy: 1.000000 1.000000
epsilon: 2.0496204823017798
end_epsilon: 0.0000000000000000
pressure: 1.0000000000000000
lambda: 0.0000000000000000
lambda_coupling: 1.0000000000000000
uy: 0.0000000000000000
maximum_displacement: 1.0000000000000000
maximum_rotation: 1.0000000000000000
maximum_volume: 0.0000001000000000
maximum_shape: 0.0000001000000000
maximum_dsigma: 0.0100000000000000
mod: 100
pmod: 100
optimize: 1
verbose: 1
snapshot: 0
seed: 59720
2.548573579792 2.814374557448 -0.759827430395 -0.650124815723
9.740464389512 8.500042983049 0.427279886315 0.904119405140
4.343969393449 4.043742572777 0.981222208433 -0.192880734338
8.257749639830 4.286167347862 -0.948081637353 0.318027056890
8.758072320601 2.803592216052 0.946187079009 -0.323620165496
1.833948903010 9.725497385738 -0.971765234008 0.235949846309
4.400292772785 8.327180759049 -0.196620397139 0.980479688433
2.867968716019 7.836600111602 0.780147549322 -0.625595557279
4.639740883708 5.624324824470 -0.363821305510 0.931468763651
7.544455396005 6.083812596739 0.866025403784 -0.500000000000
