#Configurational_file created 2018-08-17 18:50:54  started 2018-08-17 18:50:45 run for 9.0s steps 0
name: a_-1.579_5.111
step: 1000000
specie: 5
	particle_diameter: 1.0000000000000000
	interaction_length: 1.2000000000000000
	number_of_patches: 4
	number_of_particles_per_compound: 1
	rod_length: 1.0000000000000000
	interaction_matrix:  1.000000 1.000000 1.000000 1.000000 1.000000 1.000000 1.000000 1.000000 1.000000 1.000000 1.000000 1.000000 1.000000 1.000000 1.000000 1.000000
	patch_type: symmetric
	patch_width: 8.0000000000000000
	patch_angle: 0.0000000000000000
	angles:  0.000000 0.000000 0.000000 0.000000
	grand_canonical: 1
	chemical_potential: -3.0286515225600130
box: 10.000000 10.000000
copy: 1.000000 1.000000
epsilon: 3.0053623161642973
end_epsilon: 0.0000000000000000
pressure: 1.0000000000000000
lambda: 0.0000000000000000
lambda_coupling: 1.0000000000000000
uy: 0.0000000000000000
maximum_displacement: 1.0000000000000000
maximum_rotation: 1.0000000000000000
maximum_volume: 0.0000001000000000
maximum_shape: 0.0000001000000000
maximum_dsigma: 0.0100000000000000
mod: 100
pmod: 100
optimize: 1
verbose: 1
snapshot: 0
seed: 193886
2.476804567968 5.790248784252 0.981674457378 0.190565631036
8.968431552508 6.520922381455 0.998467914421 0.055333749844
6.249279909394 2.941596943929 -0.402877358754 0.915253972296
5.852137031016 7.820587948120 0.993664174380 0.112389984227
6.436490986329 1.021108154232 0.000000000000 1.000000000000
