#Configurational_file created 2018-08-17 18:16:42  started 2018-08-17 18:16:30 run for 12.0s steps 0
name: a_-2.211_1.353
step: 1000000
specie: 9
	particle_diameter: 1.0000000000000000
	interaction_length: 1.2000000000000000
	number_of_patches: 4
	number_of_particles_per_compound: 1
	rod_length: 1.0000000000000000
	interaction_matrix:  1.000000 1.000000 1.000000 1.000000 1.000000 1.000000 1.000000 1.000000 1.000000 1.000000 1.000000 1.000000 1.000000 1.000000 1.000000 1.000000
	patch_type: symmetric
	patch_width: 8.0000000000000000
	patch_angle: 0.0000000000000000
	angles:  0.000000 0.000000 0.000000 0.000000
	grand_canonical: 1
	chemical_potential: -1.8445647393291080
box: 10.000000 10.000000
copy: 1.000000 1.000000
epsilon: 1.8670345318155062
end_epsilon: 0.0000000000000000
pressure: 1.0000000000000000
lambda: 0.0000000000000000
lambda_coupling: 1.0000000000000000
uy: 0.0000000000000000
maximum_displacement: 1.0000000000000000
maximum_rotation: 1.0000000000000000
maximum_volume: 0.0000001000000000
maximum_shape: 0.0000001000000000
maximum_dsigma: 0.0100000000000000
mod: 100
pmod: 100
optimize: 1
verbose: 1
snapshot: 0
seed: 56309
1.357162581350 1.284766485678 -0.057473048727 0.998347058227
7.947000387112 9.213701851990 0.104662503498 -0.994507798040
4.904952248226 7.980729767003 -0.487241891200 -0.873267049338
6.755890984647 1.340771479989 0.260130683716 0.965573418953
9.847855707387 8.862108003123 -0.249939913053 0.968261348946
2.855927851434 2.315689046087 -0.093937639408 0.995578083278
0.860284541228 8.582790461775 0.280851589949 0.959751209649
3.750783092378 1.095575678712 0.826348958257 -0.563158413937
7.527064003607 6.613707591416 0.787059771847 -0.616876742583
