#Configurational_file created 2018-08-17 18:21:00  started 2018-08-17 18:20:54 run for 6.0s steps 0
name: a_-2.211_1.979
step: 1000000
specie: 5
	particle_diameter: 1.0000000000000000
	interaction_length: 1.2000000000000000
	number_of_patches: 4
	number_of_particles_per_compound: 1
	rod_length: 1.0000000000000000
	interaction_matrix:  1.000000 1.000000 1.000000 1.000000 1.000000 1.000000 1.000000 1.000000 1.000000 1.000000 1.000000 1.000000 1.000000 1.000000 1.000000 1.000000
	patch_type: symmetric
	patch_width: 8.0000000000000000
	patch_angle: 0.0000000000000000
	angles:  0.000000 0.000000 0.000000 0.000000
	grand_canonical: 1
	chemical_potential: -1.8983663603281429
box: 10.000000 10.000000
copy: 1.000000 1.000000
epsilon: 0.4760590040433765
end_epsilon: 0.0000000000000000
pressure: 1.0000000000000000
lambda: 0.0000000000000000
lambda_coupling: 1.0000000000000000
uy: 0.0000000000000000
maximum_displacement: 1.0000000000000000
maximum_rotation: 1.0000000000000000
maximum_volume: 0.0000001000000000
maximum_shape: 0.0000001000000000
maximum_dsigma: 0.0100000000000000
mod: 100
pmod: 100
optimize: 1
verbose: 1
snapshot: 0
seed: 79049
3.778558003939 6.035861564557 -0.995503950008 0.094720037571
5.834199402762 4.006811013509 -0.890517639877 -0.454948714767
1.984289630831 8.288535105748 0.746272295499 0.665640789743
2.451428835894 7.068795182718 -0.899515765890 0.436888300272
9.945634216554 2.535981628590 0.095343872360 0.995444396239
