#Configurational_file created 2018-08-17 18:30:04  started 2018-08-17 18:30:00 run for 4.0s steps 0
name: a_-2.842_3.232
step: 1000000
specie: 16
	particle_diameter: 1.0000000000000000
	interaction_length: 1.2000000000000000
	number_of_patches: 4
	number_of_particles_per_compound: 1
	rod_length: 1.0000000000000000
	interaction_matrix:  1.000000 1.000000 1.000000 1.000000 1.000000 1.000000 1.000000 1.000000 1.000000 1.000000 1.000000 1.000000 1.000000 1.000000 1.000000 1.000000
	patch_type: symmetric
	patch_width: 8.0000000000000000
	patch_angle: 0.0000000000000000
	angles:  0.000000 0.000000 0.000000 0.000000
	grand_canonical: 1
	chemical_potential: -1.4944696334354215
box: 10.000000 10.000000
copy: 1.000000 1.000000
epsilon: 1.8358222075486907
end_epsilon: 0.0000000000000000
pressure: 1.0000000000000000
lambda: 0.0000000000000000
lambda_coupling: 1.0000000000000000
uy: 0.0000000000000000
maximum_displacement: 1.0000000000000000
maximum_rotation: 1.0000000000000000
maximum_volume: 0.0000001000000000
maximum_shape: 0.0000001000000000
maximum_dsigma: 0.0100000000000000
mod: 100
pmod: 100
optimize: 1
verbose: 1
snapshot: 0
seed: 123392
9.368144441884 4.269118828931 -0.459140432616 -0.888363699808
7.479185151835 9.501441346029 0.854850295523 -0.518874717291
0.505275294160 8.637805420607 -0.429232202159 -0.903194174378
1.471786122262 9.088390895597 -0.135198318078 0.990818557955
7.664478208771 7.548974604173 0.438524763495 0.898719106174
1.202959529552 1.280006375649 0.914087589198 0.405516805169
2.533828963242 6.861193570252 -0.991477675985 -0.130276697926
5.338645261016 6.470096789714 0.675290320885 0.737552020212
9.321295160591 8.494560712764 0.251460310623 0.967867610875
9.529873532309 0.404741797785 -0.903066462109 0.429500832379
2.923360660202 1.369463646368 0.594674564169 -0.803966518414
1.402933656670 0.131967040307 0.109026848794 -0.994038805199
4.140409674055 8.841443566403 0.884723814219 -0.466115621444
1.044559221233 3.105554176907 0.781126227058 -0.624373139558
3.224870391129 8.189302661501 0.826462462931 0.562991827086
9.554389061730 2.560755107099 -0.282104247003 0.959383757327
