#Configurational_file created 2018-08-17 19:04:14  started 2018-08-17 19:04:11 run for 3.0s steps 0
name: a_-4.105_6.363
step: 1000000
specie: 8
	particle_diameter: 1.0000000000000000
	interaction_length: 1.2000000000000000
	number_of_patches: 4
	number_of_particles_per_compound: 1
	rod_length: 1.0000000000000000
	interaction_matrix:  1.000000 1.000000 1.000000 1.000000 1.000000 1.000000 1.000000 1.000000 1.000000 1.000000 1.000000 1.000000 1.000000 1.000000 1.000000 1.000000
	patch_type: symmetric
	patch_width: 8.0000000000000000
	patch_angle: 0.0000000000000000
	angles:  0.000000 0.000000 0.000000 0.000000
	grand_canonical: 1
	chemical_potential: -1.8608306055348856
box: 10.000000 10.000000
copy: 1.000000 1.000000
epsilon: 1.7444662966115494
end_epsilon: 0.0000000000000000
pressure: 1.0000000000000000
lambda: 0.0000000000000000
lambda_coupling: 1.0000000000000000
uy: 0.0000000000000000
maximum_displacement: 1.0000000000000000
maximum_rotation: 1.0000000000000000
maximum_volume: 0.0000001000000000
maximum_shape: 0.0000001000000000
maximum_dsigma: 0.0100000000000000
mod: 100
pmod: 100
optimize: 1
verbose: 1
snapshot: 0
seed: 234818
1.147454688018 2.587767328850 -0.461276322054 0.887256532640
2.203521385616 9.621235920752 0.969284879358 0.245940689290
6.156066198110 9.667739858722 -0.125843686212 0.992050082728
0.825644299041 6.841572111053 -0.591826779665 0.806065172844
5.469084766775 8.585271711237 0.882463678468 -0.470380544011
9.588802966800 0.137984039105 -0.680624763442 0.732632193798
8.462185514696 9.447024584812 0.578452539633 0.815716040907
8.801532135787 2.419477447327 0.866025403784 -0.500000000000
