#Configurational_file created 2018-08-17 18:20:32  started 2018-08-17 18:20:29 run for 3.0s steps 0
name: a_-4.737_1.979
step: 1000000
specie: 7
	particle_diameter: 1.0000000000000000
	interaction_length: 1.2000000000000000
	number_of_patches: 4
	number_of_particles_per_compound: 1
	rod_length: 1.0000000000000000
	interaction_matrix:  1.000000 1.000000 1.000000 1.000000 1.000000 1.000000 1.000000 1.000000 1.000000 1.000000 1.000000 1.000000 1.000000 1.000000 1.000000 1.000000
	patch_type: symmetric
	patch_width: 8.0000000000000000
	patch_angle: 0.0000000000000000
	angles:  0.000000 0.000000 0.000000 0.000000
	grand_canonical: 1
	chemical_potential: -3.1010148007792226
box: 10.000000 10.000000
copy: 1.000000 1.000000
epsilon: 0.2396930972512437
end_epsilon: 0.0000000000000000
pressure: 1.0000000000000000
lambda: 0.0000000000000000
lambda_coupling: 1.0000000000000000
uy: 0.0000000000000000
maximum_displacement: 1.0000000000000000
maximum_rotation: 1.0000000000000000
maximum_volume: 0.0000001000000000
maximum_shape: 0.0000001000000000
maximum_dsigma: 0.0100000000000000
mod: 100
pmod: 100
optimize: 1
verbose: 1
snapshot: 0
seed: 74501
6.556060434483 3.906295792289 0.623743033665 -0.781629469733
4.039810875162 6.811477548766 0.810360249649 -0.585931963448
6.462765985847 8.663608011322 0.866025403784 -0.500000000000
3.358767856899 4.105494850261 0.576942693337 -0.816784628041
0.098939193462 9.201466350475 0.995962875387 -0.089766089645
7.508758682697 8.932321862801 0.977154234914 0.212531412240
2.019244973234 1.347348984595 0.911125725366 -0.412128514636
