#Configurational_file created 2018-08-17 18:49:03  started 2018-08-17 18:49:00 run for 3.0s steps 0
name: a_-5.368_5.111
step: 1000000
specie: 7
	particle_diameter: 1.0000000000000000
	interaction_length: 1.2000000000000000
	number_of_patches: 4
	number_of_particles_per_compound: 1
	rod_length: 1.0000000000000000
	interaction_matrix:  1.000000 1.000000 1.000000 1.000000 1.000000 1.000000 1.000000 1.000000 1.000000 1.000000 1.000000 1.000000 1.000000 1.000000 1.000000 1.000000
	patch_type: symmetric
	patch_width: 8.0000000000000000
	patch_angle: 0.0000000000000000
	angles:  0.000000 0.000000 0.000000 0.000000
	grand_canonical: 1
	chemical_potential: -2.6361738426855030
box: 10.000000 10.000000
copy: 1.000000 1.000000
epsilon: 0.8532843650771615
end_epsilon: 0.0000000000000000
pressure: 1.0000000000000000
lambda: 0.0000000000000000
lambda_coupling: 1.0000000000000000
uy: 0.0000000000000000
maximum_displacement: 1.0000000000000000
maximum_rotation: 1.0000000000000000
maximum_volume: 0.0000001000000000
maximum_shape: 0.0000001000000000
maximum_dsigma: 0.0100000000000000
mod: 100
pmod: 100
optimize: 1
verbose: 1
snapshot: 0
seed: 187064
3.158034042565 3.797725520263 0.248152318452 -0.968721026326
8.773339926796 3.123955373166 0.699991724660 0.714150954216
5.523364945357 4.852962314113 0.981250926815 -0.192734580772
9.699137824368 1.870971617050 0.988410337208 -0.151805814450
3.114881561851 6.489447001929 -0.147497942117 -0.989062362579
9.596866164178 5.224817613987 -0.587843371157 0.808974765359
8.112792446472 0.230317533325 0.395828300595 0.918324537649
