#Configurational_file created 2018-08-17 18:12:31  started 2018-08-17 18:12:28 run for 3.0s steps 0
name: a_-5.368_0.726
step: 1000000
specie: 8
	particle_diameter: 1.0000000000000000
	interaction_length: 1.2000000000000000
	number_of_patches: 4
	number_of_particles_per_compound: 1
	rod_length: 1.0000000000000000
	interaction_matrix:  1.000000 1.000000 1.000000 1.000000 1.000000 1.000000 1.000000 1.000000 1.000000 1.000000 1.000000 1.000000 1.000000 1.000000 1.000000 1.000000
	patch_type: symmetric
	patch_width: 8.0000000000000000
	patch_angle: 0.0000000000000000
	angles:  0.000000 0.000000 0.000000 0.000000
	grand_canonical: 1
	chemical_potential: -2.1856566290739270
box: 10.000000 10.000000
copy: 1.000000 1.000000
epsilon: 0.3347901515831957
end_epsilon: 0.0000000000000000
pressure: 1.0000000000000000
lambda: 0.0000000000000000
lambda_coupling: 1.0000000000000000
uy: 0.0000000000000000
maximum_displacement: 1.0000000000000000
maximum_rotation: 1.0000000000000000
maximum_volume: 0.0000001000000000
maximum_shape: 0.0000001000000000
maximum_dsigma: 0.0100000000000000
mod: 100
pmod: 100
optimize: 1
verbose: 1
snapshot: 0
seed: 27884
2.915234012230 1.029961896019 -0.868552359865 -0.495597415422
2.243093408408 8.103681145737 0.544832911524 0.838544631204
5.599140904878 5.281910615313 0.567772502251 -0.823185511102
3.160657365156 7.488467183058 -0.604000691290 -0.796983792132
6.584878246938 9.367028231345 0.589678430061 -0.807638130056
9.086888509347 2.456736257073 -0.044788768383 0.998996479587
9.654863935153 5.136578735616 0.617690219017 0.786421511234
0.053391942828 1.563284485897 0.866025403784 0.500000000000
