#Configurational_file created 2018-08-17 18:35:37  started 2018-08-17 18:35:35 run for 2.0s steps 0
name: a_-5.368_3.858
step: 1000000
specie: 8
	particle_diameter: 1.0000000000000000
	interaction_length: 1.2000000000000000
	number_of_patches: 4
	number_of_particles_per_compound: 1
	rod_length: 1.0000000000000000
	interaction_matrix:  1.000000 1.000000 1.000000 1.000000 1.000000 1.000000 1.000000 1.000000 1.000000 1.000000 1.000000 1.000000 1.000000 1.000000 1.000000 1.000000
	patch_type: symmetric
	patch_width: 8.0000000000000000
	patch_angle: 0.0000000000000000
	angles:  0.000000 0.000000 0.000000 0.000000
	grand_canonical: 1
	chemical_potential: -2.3313971348473288
box: 10.000000 10.000000
copy: 1.000000 1.000000
epsilon: 1.3271264206877336
end_epsilon: 0.0000000000000000
pressure: 1.0000000000000000
lambda: 0.0000000000000000
lambda_coupling: 1.0000000000000000
uy: 0.0000000000000000
maximum_displacement: 1.0000000000000000
maximum_rotation: 1.0000000000000000
maximum_volume: 0.0000001000000000
maximum_shape: 0.0000001000000000
maximum_dsigma: 0.0100000000000000
mod: 100
pmod: 100
optimize: 1
verbose: 1
snapshot: 0
seed: 141584
9.967840746053 5.528944930345 -0.332647824505 -0.943051125259
8.589324987151 4.109004377894 -0.998338626301 0.057619330398
7.934305074603 5.898221589433 0.627054406529 -0.778975462549
6.461299082649 1.343576468079 -0.329973352362 0.943990247159
0.513932964776 7.419678865528 0.744001444552 0.668178008097
4.370787247034 2.739491198647 0.982314643562 0.187237659254
0.726834106208 2.856604319639 0.486673233184 -0.873584091031
8.673640942984 0.023187593359 0.769969090119 0.638081186262
