#Configurational_file created 2018-08-17 18:29:42  started 2018-08-17 18:29:38 run for 4.0s steps 0
name: a_-6.000_3.232
step: 1000000
specie: 3
	particle_diameter: 1.0000000000000000
	interaction_length: 1.2000000000000000
	number_of_patches: 4
	number_of_particles_per_compound: 1
	rod_length: 1.0000000000000000
	interaction_matrix:  1.000000 1.000000 1.000000 1.000000 1.000000 1.000000 1.000000 1.000000 1.000000 1.000000 1.000000 1.000000 1.000000 1.000000 1.000000 1.000000
	patch_type: symmetric
	patch_width: 8.0000000000000000
	patch_angle: 0.0000000000000000
	angles:  0.000000 0.000000 0.000000 0.000000
	grand_canonical: 1
	chemical_potential: -2.5563041963141719
box: 10.000000 10.000000
copy: 1.000000 1.000000
epsilon: 3.2211100519824214
end_epsilon: 0.0000000000000000
pressure: 1.0000000000000000
lambda: 0.0000000000000000
lambda_coupling: 1.0000000000000000
uy: 0.0000000000000000
maximum_displacement: 1.0000000000000000
maximum_rotation: 1.0000000000000000
maximum_volume: 0.0000001000000000
maximum_shape: 0.0000001000000000
maximum_dsigma: 0.0100000000000000
mod: 100
pmod: 100
optimize: 1
verbose: 1
snapshot: 0
seed: 117707
2.985509319426 0.757725819577 0.714589885880 0.699543633377
0.097198837017 5.012419759601 -0.131248722042 0.991349470652
1.789348968951 7.418012039046 0.157950235864 0.987447073514
