#Configurational_file created 2018-08-17 18:08:55  started 2018-08-17 18:08:50 run for 5.0s steps 0
name: a_-6.000_0.100
step: 1000000
specie: 8
	particle_diameter: 1.0000000000000000
	interaction_length: 1.2000000000000000
	number_of_patches: 4
	number_of_particles_per_compound: 1
	rod_length: 1.0000000000000000
	interaction_matrix:  1.000000 1.000000 1.000000 1.000000 1.000000 1.000000 1.000000 1.000000 1.000000 1.000000 1.000000 1.000000 1.000000 1.000000 1.000000 1.000000
	patch_type: symmetric
	patch_width: 8.0000000000000000
	patch_angle: 0.0000000000000000
	angles:  0.000000 0.000000 0.000000 0.000000
	grand_canonical: 1
	chemical_potential: -1.8096331803633909
box: 10.000000 10.000000
copy: 1.000000 1.000000
epsilon: 1.2620448373868431
end_epsilon: 0.0000000000000000
pressure: 1.0000000000000000
lambda: 0.0000000000000000
lambda_coupling: 1.0000000000000000
uy: 0.0000000000000000
maximum_displacement: 1.0000000000000000
maximum_rotation: 1.0000000000000000
maximum_volume: 0.0000001000000000
maximum_shape: 0.0000001000000000
maximum_dsigma: 0.0100000000000000
mod: 100
pmod: 100
optimize: 1
verbose: 1
snapshot: 0
seed: 4007
6.737293838101 4.020559407625 0.281869469336 0.959452761868
3.208088847141 8.566374506201 0.194098754576 -0.980981994469
8.521747955146 1.738085452310 0.526886414026 0.849935707401
6.089883960553 4.876050785394 0.230333193860 0.973111822868
0.271065346265 4.833143786164 0.051180875509 -0.998689400155
4.814758457345 7.542586412598 0.629419785305 0.777065463051
1.878381331692 4.648429018237 0.996543644151 0.083070845085
7.449755430524 7.758376662090 0.934277517266 0.356546659963
