#Configurational_file created 2018-08-17 19:45:11  started 2018-08-17 19:44:43 run for 28.0s steps 0
name: a_0.947_8.868
step: 1000000
specie: 5
	particle_diameter: 1.0000000000000000
	interaction_length: 1.2000000000000000
	number_of_patches: 4
	number_of_particles_per_compound: 1
	rod_length: 1.0000000000000000
	interaction_matrix:  1.000000 1.000000 1.000000 1.000000 1.000000 1.000000 1.000000 1.000000 1.000000 1.000000 1.000000 1.000000 1.000000 1.000000 1.000000 1.000000
	patch_type: symmetric
	patch_width: 8.0000000000000000
	patch_angle: 0.0000000000000000
	angles:  0.000000 0.000000 0.000000 0.000000
	grand_canonical: 1
	chemical_potential: -3.3769743129220187
box: 10.000000 10.000000
copy: 1.000000 1.000000
epsilon: 2.1890114278623134
end_epsilon: 0.0000000000000000
pressure: 1.0000000000000000
lambda: 0.0000000000000000
lambda_coupling: 1.0000000000000000
uy: 0.0000000000000000
maximum_displacement: 1.0000000000000000
maximum_rotation: 1.0000000000000000
maximum_volume: 0.0000001000000000
maximum_shape: 0.0000001000000000
maximum_dsigma: 0.0100000000000000
mod: 100
pmod: 100
optimize: 1
verbose: 1
snapshot: 0
seed: 334874
6.691764252590 9.796295502064 0.007835152880 -0.999969304719
2.438049461997 9.236004411905 0.160161684781 0.987090793559
8.734065106710 3.132547953747 0.108734201602 0.994070859347
2.933769952401 3.148738619121 0.866025403784 0.500000000000
9.192542826847 6.502853669163 0.866025403784 -0.500000000000
