#Configurational_file created 2018-08-17 18:21:28  started 2018-08-17 18:21:23 run for 5.0s steps 0
name: a_0.316_1.979
step: 1000000
specie: 14
	particle_diameter: 1.0000000000000000
	interaction_length: 1.2000000000000000
	number_of_patches: 4
	number_of_particles_per_compound: 1
	rod_length: 1.0000000000000000
	interaction_matrix:  1.000000 1.000000 1.000000 1.000000 1.000000 1.000000 1.000000 1.000000 1.000000 1.000000 1.000000 1.000000 1.000000 1.000000 1.000000 1.000000
	patch_type: symmetric
	patch_width: 8.0000000000000000
	patch_angle: 0.0000000000000000
	angles:  0.000000 0.000000 0.000000 0.000000
	grand_canonical: 1
	chemical_potential: -1.7970212946467563
box: 10.000000 10.000000
copy: 1.000000 1.000000
epsilon: 0.2031827799163335
end_epsilon: 0.0000000000000000
pressure: 1.0000000000000000
lambda: 0.0000000000000000
lambda_coupling: 1.0000000000000000
uy: 0.0000000000000000
maximum_displacement: 1.0000000000000000
maximum_rotation: 1.0000000000000000
maximum_volume: 0.0000001000000000
maximum_shape: 0.0000001000000000
maximum_dsigma: 0.0100000000000000
mod: 100
pmod: 100
optimize: 1
verbose: 1
snapshot: 0
seed: 83597
0.558353627476 3.524528983969 -0.513271775783 0.858226126487
1.338063237680 1.578872011748 -0.965162427013 -0.261651465661
9.171083191064 4.865920504550 -0.953730010005 0.300664377698
4.729681894016 6.264407902498 0.881569442488 -0.472054359234
9.335026960076 9.168277007447 -0.902255473010 0.431201880126
8.855222592277 3.200225111340 -0.211107786011 0.977462788389
6.447277825660 7.604830595156 -0.333684542685 -0.942684796723
0.092189809358 7.419058216716 0.762142707364 0.647409062041
0.136494358582 1.468465383774 -0.658458167909 0.752617327142
5.506435344727 1.692225279947 0.999967096804 -0.008112047127
5.268768959450 9.700555827947 0.286271408839 0.958148569107
2.221956754078 4.141394560855 0.962918597077 -0.269792096629
3.921593738334 8.789931396771 0.884757778328 0.466051149219
6.748269379992 1.342418706250 -0.579689192995 -0.814837676795
