#Configurational_file created 2018-08-17 18:38:02  started 2018-08-17 18:37:49 run for 13.0s steps 0
name: a_0.947_3.858
step: 1000000
specie: 10
	particle_diameter: 1.0000000000000000
	interaction_length: 1.2000000000000000
	number_of_patches: 4
	number_of_particles_per_compound: 1
	rod_length: 1.0000000000000000
	interaction_matrix:  1.000000 1.000000 1.000000 1.000000 1.000000 1.000000 1.000000 1.000000 1.000000 1.000000 1.000000 1.000000 1.000000 1.000000 1.000000 1.000000
	patch_type: symmetric
	patch_width: 8.0000000000000000
	patch_angle: 0.0000000000000000
	angles:  0.000000 0.000000 0.000000 0.000000
	grand_canonical: 1
	chemical_potential: -2.1678216904894789
box: 10.000000 10.000000
copy: 1.000000 1.000000
epsilon: 0.8169503304665084
end_epsilon: 0.0000000000000000
pressure: 1.0000000000000000
lambda: 0.0000000000000000
lambda_coupling: 1.0000000000000000
uy: 0.0000000000000000
maximum_displacement: 1.0000000000000000
maximum_rotation: 1.0000000000000000
maximum_volume: 0.0000001000000000
maximum_shape: 0.0000001000000000
maximum_dsigma: 0.0100000000000000
mod: 100
pmod: 100
optimize: 1
verbose: 1
snapshot: 0
seed: 152954
9.200748711027 7.879311955207 -0.902425733032 -0.430845443705
9.415978594042 3.934845890268 0.910099686546 0.414389382766
0.938504292474 0.322812486863 -0.910965313491 0.412482966456
3.335338074160 1.885324664839 0.918742211610 0.394857884063
8.658360657450 2.183384695205 0.866025403784 0.500000000000
7.629478696090 0.366082964284 0.399230903041 -0.916850416402
4.765682826769 0.215943050958 -0.868555627401 0.495591688903
6.713257433068 5.497108761465 0.837368675394 0.546638547368
9.336756528518 1.358021444313 0.642969415566 -0.765891853101
8.304898703217 1.162412843481 -0.868263542213 -0.496103236497
