#Configurational_file created 2018-08-17 19:45:38  started 2018-08-17 19:45:11 run for 27.0s steps 0
name: a_1.579_8.868
step: 1000000
specie: 8
	particle_diameter: 1.0000000000000000
	interaction_length: 1.2000000000000000
	number_of_patches: 4
	number_of_particles_per_compound: 1
	rod_length: 1.0000000000000000
	interaction_matrix:  1.000000 1.000000 1.000000 1.000000 1.000000 1.000000 1.000000 1.000000 1.000000 1.000000 1.000000 1.000000 1.000000 1.000000 1.000000 1.000000
	patch_type: symmetric
	patch_width: 8.0000000000000000
	patch_angle: 0.0000000000000000
	angles:  0.000000 0.000000 0.000000 0.000000
	grand_canonical: 1
	chemical_potential: -2.8505902642683241
box: 10.000000 10.000000
copy: 1.000000 1.000000
epsilon: 4.4456689887190519
end_epsilon: 0.0000000000000000
pressure: 1.0000000000000000
lambda: 0.0000000000000000
lambda_coupling: 1.0000000000000000
uy: 0.0000000000000000
maximum_displacement: 0.6543642274273804
maximum_rotation: 1.0000000000000000
maximum_volume: 0.0000001000000000
maximum_shape: 0.0000001000000000
maximum_dsigma: 0.0100000000000000
mod: 100
pmod: 100
optimize: 1
verbose: 1
snapshot: 0
seed: 336011
9.356764667281 0.750083517827 0.946189359059 0.323613499106
3.348472183943 2.944914893931 -0.949099702517 0.314975800153
9.136094064774 6.741623887713 0.990394751911 0.138268707188
1.071719631850 3.551059725555 -0.142065222979 0.989857299018
4.812281349235 9.131847538045 0.987595628345 0.157018708677
1.458191920781 7.167024674221 0.856071026357 -0.516858198959
7.096511576199 4.715642855053 0.781616197050 -0.623759665664
2.232428429973 5.814358445737 -0.023493046086 0.999724000305
