#Configurational_file created 2018-08-17 19:09:18  started 2018-08-17 19:09:00 run for 18.0s steps 0
name: a_2.842_6.363
step: 1000000
specie: 16
	particle_diameter: 1.0000000000000000
	interaction_length: 1.2000000000000000
	number_of_patches: 4
	number_of_particles_per_compound: 1
	rod_length: 1.0000000000000000
	interaction_matrix:  1.000000 1.000000 1.000000 1.000000 1.000000 1.000000 1.000000 1.000000 1.000000 1.000000 1.000000 1.000000 1.000000 1.000000 1.000000 1.000000
	patch_type: symmetric
	patch_width: 8.0000000000000000
	patch_angle: 0.0000000000000000
	angles:  0.000000 0.000000 0.000000 0.000000
	grand_canonical: 1
	chemical_potential: -0.2542096598677031
box: 10.000000 10.000000
copy: 1.000000 1.000000
epsilon: 0.6558520813584501
end_epsilon: 0.0000000000000000
pressure: 1.0000000000000000
lambda: 0.0000000000000000
lambda_coupling: 1.0000000000000000
uy: 0.0000000000000000
maximum_displacement: 1.0000000000000000
maximum_rotation: 1.0000000000000000
maximum_volume: 0.0000001000000000
maximum_shape: 0.0000001000000000
maximum_dsigma: 0.0100000000000000
mod: 100
pmod: 100
optimize: 1
verbose: 1
snapshot: 0
seed: 247325
0.590268309757 1.792829994915 -0.694850136879 0.719154564248
6.383153870806 0.966504651603 0.709293461168 0.704913318036
6.160841631535 3.682277132858 0.896874876602 0.442284360700
7.360302769316 8.616030153950 0.736444992377 -0.676497430301
7.953581190927 1.679425057082 0.484578134880 -0.874747981533
5.256422090102 9.877241245463 0.102118279114 -0.994772263923
9.681689992677 9.602237508400 0.041132193790 -0.999153713216
7.318507754141 4.791081477135 0.720396476904 0.693562481730
2.165801923005 3.225063024257 -0.463454959432 0.886120477462
0.247699759316 5.689985814792 -0.584924526306 0.811087725543
8.063675298145 9.333509049137 -0.762092064129 -0.647468675529
0.977705755691 4.415675770847 0.812439888433 0.583044961974
5.659286249446 8.206404493626 -0.531793440266 -0.846874097425
8.236160184604 2.834885360781 -0.561817361075 -0.827261296565
1.442159443822 9.190977289868 0.011120783299 -0.999938162177
3.324138632220 8.833597986945 -0.922582091086 0.385800836194
