#Configurational_file created 2018-08-17 18:46:44  started 2018-08-17 18:46:26 run for 18.0s steps 0
name: a_3.474_4.484
step: 1000000
specie: 17
	particle_diameter: 1.0000000000000000
	interaction_length: 1.2000000000000000
	number_of_patches: 4
	number_of_particles_per_compound: 1
	rod_length: 1.0000000000000000
	interaction_matrix:  1.000000 1.000000 1.000000 1.000000 1.000000 1.000000 1.000000 1.000000 1.000000 1.000000 1.000000 1.000000 1.000000 1.000000 1.000000 1.000000
	patch_type: symmetric
	patch_width: 8.0000000000000000
	patch_angle: 0.0000000000000000
	angles:  0.000000 0.000000 0.000000 0.000000
	grand_canonical: 1
	chemical_potential: -0.5226184251381267
box: 10.000000 10.000000
copy: 1.000000 1.000000
epsilon: 2.2891319266308816
end_epsilon: 0.0000000000000000
pressure: 1.0000000000000000
lambda: 0.0000000000000000
lambda_coupling: 1.0000000000000000
uy: 0.0000000000000000
maximum_displacement: 1.0000000000000000
maximum_rotation: 1.0000000000000000
maximum_volume: 0.0000001000000000
maximum_shape: 0.0000001000000000
maximum_dsigma: 0.0100000000000000
mod: 100
pmod: 100
optimize: 1
verbose: 1
snapshot: 0
seed: 180242
9.793751489373 7.814274615203 0.982703627540 -0.185185259725
6.712927953460 7.069857547105 -0.989320179557 -0.145758644069
7.737613915473 4.468324215360 -0.999535001529 0.030492305881
8.542682542856 7.701681161747 -0.192157936249 0.981364013777
3.168559773581 5.429683836212 -0.704271902316 -0.709930339969
9.976573445885 5.176547309062 -0.887435644000 -0.460931641090
7.086832724439 2.991499628896 -0.543207831521 0.839598268087
9.062141875530 9.715339501980 -0.071376156885 -0.997449469511
2.423259422718 6.461892251614 -0.300432929467 0.953802943428
1.468715937744 6.941376355052 0.528770372771 0.848764922037
1.187638859466 8.583453196037 0.561144406057 -0.827717920279
9.367538951336 6.508673663511 0.974362222751 -0.224985019226
0.451726975404 2.107919323925 -0.227885343044 0.973687973853
4.217920530275 0.567471505696 -0.952795476119 0.303612879647
4.714646516039 8.121446249285 -0.335494614149 -0.942042124258
4.505840628122 2.954412370215 0.218659148575 -0.975801299827
7.349835007757 5.604420124562 -0.394981650581 0.918689009243
