#Configurational_file created 2018-08-17 18:23:42  started 2018-08-17 18:23:31 run for 11.0s steps 0
name: a_4.737_1.979
step: 1000000
specie: 8
	particle_diameter: 1.0000000000000000
	interaction_length: 1.2000000000000000
	number_of_patches: 4
	number_of_particles_per_compound: 1
	rod_length: 1.0000000000000000
	interaction_matrix:  1.000000 1.000000 1.000000 1.000000 1.000000 1.000000 1.000000 1.000000 1.000000 1.000000 1.000000 1.000000 1.000000 1.000000 1.000000 1.000000
	patch_type: symmetric
	patch_width: 8.0000000000000000
	patch_angle: 0.0000000000000000
	angles:  0.000000 0.000000 0.000000 0.000000
	grand_canonical: 1
	chemical_potential: -2.0677196593516758
box: 10.000000 10.000000
copy: 1.000000 1.000000
epsilon: 2.1917038494456715
end_epsilon: 0.0000000000000000
pressure: 1.0000000000000000
lambda: 0.0000000000000000
lambda_coupling: 1.0000000000000000
uy: 0.0000000000000000
maximum_displacement: 1.0000000000000000
maximum_rotation: 1.0000000000000000
maximum_volume: 0.0000001000000000
maximum_shape: 0.0000001000000000
maximum_dsigma: 0.0100000000000000
mod: 100
pmod: 100
optimize: 1
verbose: 1
snapshot: 0
seed: 91556
0.713927898226 1.400559337058 0.809301768398 -0.587393094672
7.758499243169 0.901462224975 0.016035747087 0.999871419141
9.328633750197 0.356409859915 -0.594840450617 0.803843789744
2.354706823952 3.315370187638 -0.113454745899 0.993543164957
4.479288268742 2.275297216257 0.451160883167 0.892442635411
6.774481473238 2.151129850856 0.781330794647 -0.624117127899
5.787009136214 4.194483841850 0.914590855382 -0.404380473381
9.255478241763 5.882841300057 0.044439600061 0.999012072973
