#Configurational_file created 2018-08-17 18:34:42  started 2018-08-17 18:34:20 run for 22.0s steps 0
name: a_4.737_3.232
step: 1000000
specie: 11
	particle_diameter: 1.0000000000000000
	interaction_length: 1.2000000000000000
	number_of_patches: 4
	number_of_particles_per_compound: 1
	rod_length: 1.0000000000000000
	interaction_matrix:  1.000000 1.000000 1.000000 1.000000 1.000000 1.000000 1.000000 1.000000 1.000000 1.000000 1.000000 1.000000 1.000000 1.000000 1.000000 1.000000
	patch_type: symmetric
	patch_width: 8.0000000000000000
	patch_angle: 0.0000000000000000
	angles:  0.000000 0.000000 0.000000 0.000000
	grand_canonical: 1
	chemical_potential: -1.4377880353361898
box: 10.000000 10.000000
copy: 1.000000 1.000000
epsilon: 1.5912679430636918
end_epsilon: 0.0000000000000000
pressure: 1.0000000000000000
lambda: 0.0000000000000000
lambda_coupling: 1.0000000000000000
uy: 0.0000000000000000
maximum_displacement: 1.0000000000000000
maximum_rotation: 1.0000000000000000
maximum_volume: 0.0000001000000000
maximum_shape: 0.0000001000000000
maximum_dsigma: 0.0100000000000000
mod: 100
pmod: 100
optimize: 1
verbose: 1
snapshot: 0
seed: 137036
8.043630077517 4.709262397768 0.943701938753 -0.330796993325
0.592827169588 2.370440946746 0.434863823064 0.900496227305
2.287871279860 4.355848430014 0.723354666681 0.690476665927
6.711547824087 8.448888517163 0.983691823225 0.179862160890
5.094225678723 8.380459433616 -0.981663872794 -0.190620148073
3.008151785055 7.132964370575 0.556651438344 -0.830746156290
2.013811519868 0.092785471262 -0.423997209429 0.905663495122
1.373803939338 9.023064142022 0.954074011387 -0.299570994585
1.088380800882 0.607279943136 0.491160879086 0.871068878365
3.446754298691 5.981229922710 0.809434967327 -0.587209531316
4.959229386115 1.590141754240 0.036752314908 -0.999324405460
